,date,symbol,fillingDate,acceptedDate,period,cashAndCashEquivalents,shortTermInvestments,cashAndShortTermInvestments,netReceivables,inventory,otherCurrentAssets,totalCurrentAssets,propertyPlantEquipmentNet,goodwill,intangibleAssets,goodwillAndIntangibleAssets,longTermInvestments,taxAssets,otherNonCurrentAssets,totalNonCurrentAssets,otherAssets,totalAssets,accountPayables,shortTermDebt,taxPayables,deferredRevenue,otherCurrentLiabilities,totalCurrentLiabilities,longTermDebt,deferredRevenueNonCurrent,deferredTaxLiabilitiesNonCurrent,otherNonCurrentLiabilities,totalNonCurrentLiabilities,otherLiabilities,totalLiabilities,commonStock,retainedEarnings,accumulatedOtherComprehensiveIncomeLoss,othertotalStockholdersEquity,totalStockholdersEquity,totalLiabilitiesAndStockholdersEquity,totalInvestments,totalDebt,netDebt,link,finalLink
0,2020-09-30,GSS,2020-09-30,2020-09-30,Q3,48286000,0.0,0.0,23857000,32072000,0.0,110305000,199008000,0.0,-1697000.0,0.0,0.0,0.0,13477000,322790000,13477000,322790000,14952000,69014000,,34142000,34142000,142641000,27970000,0.0,0.0,0.0,0.0,135339000,307094000,917872000,-957438000,0.0,-1697000.0,-1697000.0,0.0,0.0,96984000,96984000,,
0,2020-06-30,GSS,2020-07-06 00:00:00,2020-07-06 06:19:48,Q2,45051000,0.0,45051000,5077000.0,41901000,8106000.0,100135000,279091000,0.0,0.0,0.0,0.0,25426000,2085000.0,281176000,2085000.0,381311000,40075000,0.0,0.0,0.0,35174000,131121000,82339000,0.0,0.0,164335000,189329000,164335000,320450000,911572000,-890177000,-1267323000,0.0,60861000,381311000,0.0,102569000,57518000,https://www.sec.gov/Archives/edgar/data/903571/000127956920001013/0001279569-20-001013-index.htm,https://www.sec.gov/Archives/edgar/data/903571/000127956920001013/goldenstar6k.htm
0,2020-03-31,GSS,2020-04-14 00:00:00,2020-04-14 17:27:13,Q1,41906000,0.0,41906000,5475000.0,44063000,9688000.0,101132000,272266000,0.0,0.0,0.0,0.0,22954000,2082000.0,274348000,2082000.0,375480000,42242000,0.0,0.0,0.0,23200000,128779000,86626000,0.0,0.0,168007000,194257000,168007000,323036000,911087000,-897950000,-1260254000,0.0,52444000,375480000,0.0,107341000,65435000,https://www.sec.gov/Archives/edgar/data/903571/000127956920000522/0001279569-20-000522-index.html,https://www.sec.gov/Archives/edgar/data/903571/000127956920000522/goldenstar6k.htm
0,2019-12-31,GSS,2020-01-23 00:00:00,2020-01-23 11:46:59,Q4,53367000,0.0,53367000,6503000.0,38860000,8559000.0,107289000,264689000,0.0,0.0,0.0,0.0,20554000,2082000.0,266771000,2082000.0,374060000,44494000,0.0,0.0,0.0,17017000,123846000,90782000,0.0,0.0,171001000,199824000,171001000,323670000,910205000,-898779000,-1252851000,0.0,50390000,374060000,0.0,106769000,53402000,https://www.sec.gov/Archives/edgar/data/903571/000127956920000094/0001279569-20-000094-index.html,https://www.sec.gov/Archives/edgar/data/903571/000127956920000094/goldenstar6k.htm
0,2019-09-30,GSS,2019-10-15 00:00:00,2019-10-15 15:33:40,Q3,56812000,0.0,56812000,5681000.0,37274000,4873000.0,104640000,298008000,0.0,0.0,0.0,0.0,11255000,6545000.0,304553000,6545000.0,409193000,44110000,0.0,0.0,0.0,23926000,132750000,67447000,0.0,0.0,160905000,164019000,160905000,296769000,909846000,-836345000,-1187399000,0.0,112424000,409193000,0.0,95376000,38564000,https://www.sec.gov/Archives/edgar/data/903571/000127956919002111/0001279569-19-002111-index.html,https://www.sec.gov/Archives/edgar/data/903571/000127956919002111/goldenstar6k.htm
0,2019-06-30,GSS,2019-07-15 00:00:00,2019-07-15 10:36:02,Q2,66154000,0.0,66154000,5327000.0,36940000,4943000.0,113364000,287900000,0.0,0.0,0.0,0.0,10531000,6545000.0,294445000,6545000.0,407809000,45875000,0.0,0.0,0.0,24561000,132410000,69810000,0.0,0.0,164357000,170144000,164357000,302554000,908987000,-842305000,-1180208000,0.0,105255000,407809000,0.0,97197000,31043000,https://www.sec.gov/Archives/edgar/data/903571/000127956919001525/0001279569-19-001525-index.html,https://www.sec.gov/Archives/edgar/data/903571/000127956919001525/goldenstar6k.htm
0,2019-03-31,GSS,2019-04-17 00:00:00,2019-04-17 09:23:28,Q1,81868000,0.0,81868000,5257000.0,37808000,5404000.0,130337000,277198000,0.0,0.0,0.0,0.0,5681000.0,6545000.0,283743000,6545000.0,414080000,41584000,0.0,0.0,0.0,29801000,129378000,71347000,0.0,0.0,167360000,171680000,167360000,301058000,908065000,-833269000,-1173484000,0.0,113022000,414080000,0.0,99205000,17337000,https://www.sec.gov/Archives/edgar/data/903571/000127956919000926/0001279569-19-000926-index.html,https://www.sec.gov/Archives/edgar/data/903571/000127956919000926/goldenstar6k.htm
0,2018-12-31,GSS,2019-01-16 00:00:00,2019-01-16 09:59:51,Q4,96507000,0.0,96507000,3213000.0,35196000,5291000.0,140207000,270640000,0.0,0.0,0.0,0.0,0.0,7140000.0,277780000,7140000.0,417987000,42947000,0.0,0.0,0.0,28391000,134357000,73224000,0.0,0.0,168369000,169620000,168369000,303977000,908035000,-831283000,-1166919000,0.0,114010000,417987000,0.0,100706000,4199000.0,https://www.sec.gov/Archives/edgar/data/903571/000127956919000091/0001279569-19-000091-index.html,https://www.sec.gov/Archives/edgar/data/903571/000127956919000091/goldenstar6k.htm
0,2018-09-30,GSS,2018-10-02 00:00:00,2018-10-02 09:21:05,Q3,18400000,0.0,18400000,3400000.0,37600000,4900000.0,64300000,258400000,0.0,0.0,0.0,0.0,0.0,8600000.0,267100000,8600000.0,331400000,48400000,0.0,0.0,0.0,42900000,155300000,77900000,0.0,0.0,169500000,178000000,169500000,333300000,783200000,-822000000,-1159200000,0.0,-1900000.0,331400000,0.0,104800000,86400000,https://www.sec.gov/Archives/edgar/data/903571/000127956918001948/0001279569-18-001948-index.html,https://www.sec.gov/Archives/edgar/data/903571/000127956918001948/goldenstar6k.htm
0,2018-06-30,GSS,2018-07-12 00:00:00,2018-07-12 08:47:52,Q2,21900000,0.0,21900000,4500000.0,38100000,4000000.0,68500000,257600000,0.0,0.0,0.0,0.0,0.0,12800000,270300000,12800000,338800000,49100000,0.0,0.0,0.0,40200000,149800000,82400000,0.0,0.0,174200000,188200000,174200000,338000000,783200000,-818800000,-1155600000,0.0,800000.0,338800000,0.0,108200000,86300000,https://www.sec.gov/Archives/edgar/data/903571/000127956918001463/0001279569-18-001463-index.html,https://www.sec.gov/Archives/edgar/data/903571/000127956918001463/goldenstar6k.htm
0,2018-03-31,GSS,2018-04-11 00:00:00,2018-04-11 09:03:30,Q1,26200000,0.0,26200000,2400000.0,44200000,4300000.0,77100000,256900000,0.0,0.0,0.0,0.0,0.0,16600000,273500000,16600000,350600000,50800000,0.0,0.0,0.0,37200000,143600000,88600000,0.0,0.0,178700000,199900000,178700000,343500000,783300000,-812100000,-1147400000,0.0,7100000.0,350600000,0.0,110400000,84200000,https://www.sec.gov/Archives/edgar/data/903571/000127956918000710/0001279569-18-000710-index.html,https://www.sec.gov/Archives/edgar/data/903571/000127956918000710/goldenstar6k.htm
0,2017-12-31,GSS,2018-01-02 00:00:00,2018-01-02 08:09:27,Q4,27800000,0.0,27800000,3400000.0,50700000,5000000.0,86900000,254100000,0.0,0.0,0.0,0.0,0.0,19400000,273500000,19400000,360400000,44000000,0.0,0.0,0.0,38000000,148400000,79700000,0.0,0.0,174000000,187700000,174000000,336100000,783200000,-794200000,-1150500000,0.0,24300000,360400000,0.0,95600000,67800000,https://www.sec.gov/Archives/edgar/data/903571/000127956918000003/0001279569-18-000003-index.html,https://www.sec.gov/Archives/edgar/data/903571/000127956918000003/goldenstar6k.htm
0,2017-09-30,GSS,2017-10-03 00:00:00,2017-10-03 09:30:34,Q3,30000000,0.0,30000000,4200000.0,48900000,6800000.0,89900000,243100000,0.0,0.0,0.0,0.0,0.0,6500000.0,249600000,6500000.0,339500000,42900000,0.0,0.0,0.0,31900000,131600000,82800000,0.0,0.0,181100000,196700000,181100000,328300000,783200000,-806800000,-1143100000,0.0,11200000,339500000,0.0,95300000,65300000,https://www.sec.gov/Archives/edgar/data/903571/000127956917001921/0001279569-17-001921-index.html,https://www.sec.gov/Archives/edgar/data/903571/000127956917001921/goldenstar6k.htm
0,2017-06-30,GSS,2017-07-06 00:00:00,2017-07-06 09:15:18,Q2,25900000,0.0,25900000,6400000.0,45100000,5400000.0,82800000,233300000,0.0,0.0,0.0,0.0,0.0,6500000.0,239800000,6500000.0,322600000,45000000,0.0,0.0,0.0,33500000,127800000,86000000,0.0,0.0,181300000,198600000,181300000,326400000,780300000,-818900000,-1135400000,0.0,-3700000.0,322600000,0.0,94100000,68200000,https://www.sec.gov/Archives/edgar/data/903571/000127956917001390/0001279569-17-001390-index.html,https://www.sec.gov/Archives/edgar/data/903571/000127956917001390/goldenstar6k.htm
0,2017-03-31,GSS,2017-04-03 00:00:00,2017-04-03 10:01:24,Q1,36500000,0.0,36500000,4200000.0,45600000,5600000.0,91900000,222700000,0.0,0.0,0.0,0.0,0.0,6500000.0,229200000,6500000.0,321100000,52200000,0.0,0.0,0.0,38000000,142000000,79800000,0.0,0.0,186000000,197100000,186000000,339100000,780200000,-832800000,-1126200000,0.0,-18000000,321100000,0.0,97900000,61400000,https://www.sec.gov/Archives/edgar/data/903571/000127956917000671/0001279569-17-000671-index.html,https://www.sec.gov/Archives/edgar/data/903571/000127956917000671/goldenstar6k.htm
0,2016-12-31,GSS,2017-01-06 00:00:00,2017-01-06 09:26:16,Q4,21800000,0.0,21800000,7300000.0,44400000,3900000.0,77400000,215000000,0.0,0.0,0.0,0.0,0.0,6500000.0,221500000,6500000.0,298900000,48600000,0.0,0.0,0.0,27500000,137800000,89400000,0.0,0.0,192300000,213600000,192300000,351400000,746500000,-833000000,-1124500000,0.0,-52500000,298900000,0.0,104800000,83000000,https://www.sec.gov/Archives/edgar/data/903571/000127956917000038/0001279569-17-000038-index.html,https://www.sec.gov/Archives/edgar/data/903571/000127956917000038/goldenstar6k.htm
0,2016-09-30,GSS,2016-10-25 00:00:00,2016-10-25 08:24:24,Q3,17500000,0.0,17500000,5500000.0,43700000,5100000.0,71800000,195400000,0.0,0.0,0.0,0.0,0.0,6500000.0,201900000,6500000.0,273700000,47500000,0.0,0.0,0.0,27700000,130800000,93000000,0.0,0.0,178900000,204600000,178900000,335400000,741100000,-836400000,-1118800000,0.0,-61700000,273700000,0.0,108500000,91000000,https://www.sec.gov/Archives/edgar/data/903571/000127956916004517/0001279569-16-004517-index.html,https://www.sec.gov/Archives/edgar/data/903571/000127956916004517/goldenstar6k.htm
0,2016-06-30,GSS,2016-07-25 00:00:00,2016-07-25 10:49:09,Q2,7600000.0,0.0,7600000.0,6800000.0,42900000,4800000.0,62100000,178700000,0.0,0.0,0.0,0.0,0.0,6500000.0,185200000,6500000.0,247300000,47200000,0.0,0.0,0.0,26600000,181500000,59200000,0.0,0.0,143900000,136500000,143900000,318000000,709300000,-813300000,-1113900000,0.0,-70700000,247300000,0.0,127000000,119400000,https://www.sec.gov/Archives/edgar/data/903571/000127956916003933/0001279569-16-003933-index.html,https://www.sec.gov/Archives/edgar/data/903571/000127956916003933/goldenstar6k.htm
0,2016-03-31,GSS,2016-04-13 00:00:00,2016-04-13 10:29:41,Q1,14600000,0.0,14600000,4500000.0,39900000,6700000.0,65700000,160400000,0.0,0.0,0.0,0.0,0.0,6500000.0,166900000,6500000.0,232600000,63900000,0.0,0.0,0.0,19700000,146000000,90900000,0.0,0.0,124200000,149300000,124200000,295300000,695600000,-791300000,-1109200000,0.0,-62700000,232600000,0.0,114700000,100100000,https://www.sec.gov/Archives/edgar/data/903571/000127956916003168/0001279569-16-003168-index.html,https://www.sec.gov/Archives/edgar/data/903571/000127956916003168/goldenstar6k.htm
0,2015-12-31,GSS,2016-01-04 00:00:00,2015-12-31 18:05:29,Q4,35100000,0.0,35100000,5100000.0,36700000,5800000.0,82700000,149800000,0.0,0.0,0.0,0.0,0.0,6500000.0,156300000,6500000.0,239000000,71100000,0.0,0.0,0.0,15200000,148400000,91900000,0.0,0.0,129900000,155700000,129900000,304100000,695600000,-793300000,-1104400000,0.0,-65100000,239000000,0.0,114300000,79200000,https://www.sec.gov/Archives/edgar/data/903571/000127956915002427/0001279569-15-002427-index.html,https://www.sec.gov/Archives/edgar/data/903571/000127956915002427/goldenstar6k.htm
0,2015-09-30,GSS,2015-10-22 00:00:00,2015-10-22 12:25:41,Q3,27700000,0.0,27700000,7200000.0,30800000,4100000.0,69800000,144000000,0.0,0.0,0.0,0.0,0.0,6500000.0,150400000,6500000.0,220200000,85100000,0.0,0.0,0.0,19700000,158400000,92300000,0.0,0.0,115300000,141000000,115300000,299400000,695600000,-807100000,-1098500000,0.0,-79200000,220200000,0.0,99500000,71800000,https://www.sec.gov/Archives/edgar/data/903571/000127956915002018/0001279569-15-002018-index.html,https://www.sec.gov/Archives/edgar/data/903571/000127956915002018/goldenstar6k.htm
0,2015-06-30,GSS,2015-07-06 00:00:00,2015-07-06 08:21:07,Q2,21400000,0.0,21400000,10200000,27600000,5700000.0,64900000,132400000,0.0,0.0,0.0,0.0,0.0,2000000.0,134400000,2000000.0,199300000,77200000,0.0,0.0,0.0,7100000.0,151200000,108000000,0.0,0.0,77500000,120700000,77500000,271900000,695300000,-800300000,-1098800000,0.0,-72600000,199300000,0.0,127100000,105700000,https://www.sec.gov/Archives/edgar/data/903571/000127956915001358/0001279569-15-001358-index.html,https://www.sec.gov/Archives/edgar/data/903571/000127956915001358/goldenstar6k.htm
0,2015-03-31,GSS,2015-04-02 00:00:00,2015-04-02 15:23:39,Q1,24200000,0.0,24200000,13600000,55300000,6100000.0,99200000,143200000,0.0,0.0,0.0,0.0,0.0,2000000.0,145200000,2000000.0,244400000,68500000,0.0,0.0,0.0,5100000.0,130800000,85800000,0.0,0.0,96600000,125100000,96600000,255900000,695300000,-738800000,-1075500000,0.0,-11500000,244400000,0.0,102400000,78200000,https://www.sec.gov/Archives/edgar/data/903571/000119312515117767/0001193125-15-117767-index.html,https://www.sec.gov/Archives/edgar/data/903571/000119312515117767/d901972d6k.htm
0,2014-12-31,GSS,2015-04-02 00:00:00,2015-04-02 15:23:39,Q4,39400000,0.0,39400000,14800000,54300000,4700000.0,113200000,142800000,0.0,0.0,0.0,0.0,0.0,2000000.0,144900000,2000000.0,258100000,79500000,0.0,0.0,0.0,4600000.0,145200000,85800000,0.0,0.0,81300000,111700000,81300000,256900000,695300000,-725600000,-1063500000,0.0,1200000.0,258100000,0.0,103000000,63600000,https://www.sec.gov/Archives/edgar/data/903571/000119312515117767/0001193125-15-117767-index.html,https://www.sec.gov/Archives/edgar/data/903571/000119312515117767/d901972d6k.htm
0,2014-09-30,GSS,2014-10-07 00:00:00,2014-10-07 10:22:15,Q3,36000000,0.0,36000000,12400000,69800000,4900000.0,123100000,180400000,0.0,200000.0,200000.0,0.0,0.0,2000000.0,182600000,2000000.0,305700000,65400000,0.0,0.0,0.0,6900000.0,136600000,89500000,0.0,0.0,80600000,120200000,80600000,256800000,695300000,-677500000,-1028600000,0.0,48900000,305700000,0.0,104000000,68000000,https://www.sec.gov/Archives/edgar/data/903571/000090357114000049/0000903571-14-000049-index.html,https://www.sec.gov/Archives/edgar/data/903571/000090357114000049/a6kcovergsr_20147oct2014.htm
0,2014-06-30,GSS,2014-07-09 00:00:00,2014-07-09 16:54:07,Q2,43400000,0.0,43400000,10800000,67400000,4600000.0,126200000,181600000,0.0,500000.0,500000.0,0.0,100000.0,2000000.0,184200000,2000000.0,310400000,60100000,0.0,0.0,0.0,7400000.0,129100000,101700000,0.0,0.0,82300000,135500000,82300000,264600000,695100000,-680100000,-1023900000,0.0,45800000,310400000,0.0,115800000,72400000,https://www.sec.gov/Archives/edgar/data/903571/000119312514264281/0001193125-14-264281-index.html,https://www.sec.gov/Archives/edgar/data/903571/000119312514264281/d755335d6k.htm
0,2014-03-31,GSS,2014-04-01 00:00:00,2014-04-01 12:45:03,Q1,57800000,0.0,57800000,9400000.0,68700000,6100000.0,142000000,181900000,0.0,100000.0,100000.0,0.0,100000.0,2000000.0,184000000,2000000.0,326000000,63400000,0.0,0.0,0.0,17200000,143100000,100700000,0.0,0.0,78600000,132400000,78600000,275500000,695100000,-674900000,-1018900000,0.0,50500000,326000000,0.0,112800000,55000000,https://www.sec.gov/Archives/edgar/data/903571/000119312514125522/0001193125-14-125522-index.html,https://www.sec.gov/Archives/edgar/data/903571/000119312514125522/d705285d6k.htm
0,2013-12-31,GSS,2014-04-01 00:00:00,2014-04-01 12:45:03,Q4,65600000,0.0,65600000,8200000.0,67700000,6800000.0,148300000,174900000,0.0,400000.0,400000.0,0.0,0.0,2000000.0,177400000,2000000.0,325700000,61200000,0.0,0.0,0.0,17300000,137100000,83400000,0.0,0.0,78500000,116900000,78500000,254000000,694900000,-652500000,-1013300000,0.0,71700000,325700000,0.0,94200000,28600000,https://www.sec.gov/Archives/edgar/data/903571/000119312514125522/0001193125-14-125522-index.html,https://www.sec.gov/Archives/edgar/data/903571/000119312514125522/d705285d6k.htm
0,2013-09-30,GSS,2013-10-03 00:00:00,2013-10-03 11:54:41,Q3,66600000,0.0,66600000,6200000.0,68000000,10200000,151000000,292500000,0.0,100000.0,100000.0,0.0,0.0,2300000.0,294800000,2300000.0,445800000,0.0,0.0,0.0,0.0,30400000,135200000,69100000,0.0,0.0,50100000,90900000,50100000,226100000,694900000,-504000000,-846000000,0.0,219700000,445800000,0.0,76400000,9800000.0,https://www.sec.gov/Archives/edgar/data/903571/000119312513389849/0001193125-13-389849-index.html,https://www.sec.gov/Archives/edgar/data/903571/000119312513389849/d607530d6k.htm
0,2013-06-30,GSS,2013-08-12 00:00:00,2013-08-12 15:48:33,Q2,52700000,5800000.0,58500000,12600000,70500000,9700000.0,151300000,279900000,0.0,500000.0,500000.0,0.0,0.0,2300000.0,282700000,2300000.0,434000000,0.0,0.0,0.0,0.0,29700000,138200000,56500000,0.0,0.0,52900000,80100000,52900000,218300000,694900000,-507500000,-835100000,0.0,215700000,434000000,5800000.0,62300000,9600000.0,https://www.sec.gov/Archives/edgar/data/903571/000119312513330862/0001193125-13-330862-index.html,https://www.sec.gov/Archives/edgar/data/903571/000119312513330862/d581537d6k.htm
0,2013-03-31,GSS,2013-05-09 00:00:00,2013-05-08 19:50:26,Q1,61000000,9400000.0,70400000,12000000,92900000,12300000,187600000,512400000,0.0,2600000.0,2600000.0,0.0,25500000,2000000.0,517100000,10100000,704700000,0.0,0.0,14414000,0.0,23500000,133700000,101500000,0.0,25476000,24800000,148100000,24800000,281800000,694900000,-292200000,-6300000.0,0.0,422900000,704700000,9400000.0,108000000,47000000,https://www.sec.gov/Archives/edgar/data/903571/000090357113000010/0000903571-13-000010-index.html,https://www.sec.gov/Archives/edgar/data/903571/000090357113000010/gss-03312013xq1.htm
0,2012-12-31,GSS,2013-03-05 00:00:00,2013-03-04 19:33:01,Q4,78900000,15000000,93900000,11900000,83000000,11300000,200100000,452500000,0.0,1500000.0,1500000.0,0.0,33200000,2300000.0,456200000,2300000.0,656300000,36300000,0.0,12393000,0.0,22100000,130800000,110500000,0.0,28650000,53600000,184900000,53600000,315700000,694700000,-386700000,12600000,6300000.0,340600000,656300000,15000000,117500000,38600000,https://www.sec.gov/Archives/edgar/data/903571/000090357113000005/0000903571-13-000005-index.html,https://www.sec.gov/Archives/edgar/data/903571/000090357113000005/a201210-kmaindocument.htm
0,2012-09-30,GSS,2012-11-08 00:00:00,2012-11-07 17:42:39,Q3,106300000,17800000,124100000,8100000.0,91900000,10700000,234800000,508800000,0.0,3700000.0,3700000.0,0.0,43500000,2000000.0,514600000,10500000,749400000,28800000,0.0,0.0,0.0,7900000.0,142000000,116600000,0.0,43457000,22700000,182000000,22700000,324000000,694500000,-294700000,1700000.0,0.0,425400000,749400000,17800000,167900000,61600000,https://www.sec.gov/Archives/edgar/data/903571/000090357112000016/0000903571-12-000016-index.html,https://www.sec.gov/Archives/edgar/data/903571/000090357112000016/gss-09302012xq3.htm
0,2012-06-30,GSS,2012-08-09 00:00:00,2012-08-08 17:40:07,Q2,105700000,0.0,105700000,11000000,88100000,9800000.0,214600000,515300000,0.0,4200000.0,4200000.0,9600000.0,39500000,1300000.0,530300000,8800000.0,744900000,31500000,0.0,0.0,0.0,8300000.0,150000000,87300000,0.0,39455000,22600000,148900000,22600000,298900000,694300000,-264500000,-7000000.0,0.0,445900000,744900000,9600000.0,144800000,39100000,https://www.sec.gov/Archives/edgar/data/903571/000090357112000011/0000903571-12-000011-index.html,https://www.sec.gov/Archives/edgar/data/903571/000090357112000011/gss-06302012xq2.htm
0,2012-03-31,GSS,,,Q1,103800000,0.0,103800000,12000000,77400000,11100000,204300000,527400000,0.0,4700000.0,4700000.0,14400000,36500000,1300000.0,547800000,10400000,752100000,43400000,0.0,0.0,0.0,8600000.0,231300000,15100000,0.0,36524000,23400000,73700000,23400000,305000000,694300000,-267000000,-2200000.0,0.0,447100000,752100000,14400000,145000000,41200000,,
0,2011-12-31,GSS,2012-02-23 00:00:00,2012-02-22 21:07:28,Q4,103600000,1400000.0,105100000,10100000,74300000,8500000.0,198000000,522300000,0.0,5300000.0,5300000.0,0.0,24000000,2200000.0,529700000,8700000.0,727700000,40700000,0.0,0.0,0.0,9200000.0,229700000,10800000,0.0,23993000,24900000,58400000,24900000,288100000,693900000,-276100000,2000000.0,0.0,439600000,727700000,1400000.0,139200000,35600000,https://www.sec.gov/Archives/edgar/data/903571/000090357112000002/0000903571-12-000002-index.html,https://www.sec.gov/Archives/edgar/data/903571/000090357112000002/gss10k.htm
0,2011-09-30,GSS,2011-11-09 00:00:00,2011-11-08 18:26:12,Q3,114300000,0.0,114300000,16400000,64600000,10400000,205700000,531300000,0.0,5800000.0,5800000.0,0.0,30100000,21100000,558200000,29500000,763900000,23100000,0.0,0.0,0.0,19000000,101300000,122700000,0.0,24932000,37000000,191100000,37000000,292400000,693800000,-278900000,36200000,34500000,471500000,763900000,8368000.0,130000000,15700000,https://www.sec.gov/Archives/edgar/data/903571/000144530511003319/0001445305-11-003319-index.html,https://www.sec.gov/Archives/edgar/data/903571/000144530511003319/gss-9302011xq3.htm
0,2011-06-30,GSS,2011-08-09 00:00:00,2011-08-08 18:19:24,Q2,127900000,0.0,127900000,14500000,65700000,12600000,220700000,523700000,0.0,6300000.0,6300000.0,0.0,27900000,20600000,550500000,30400000,771200000,23000000,0.0,0.0,0.0,21400000,100400000,121000000,0.0,22024000,41100000,190700000,41100000,291100000,693700000,-269500000,36100000,34500000,480100000,771200000,9814000.0,129300000,1400000.0,https://www.sec.gov/Archives/edgar/data/903571/000119312511214600/0001193125-11-214600-index.html,https://www.sec.gov/Archives/edgar/data/903571/000119312511214600/d10q.htm
0,2011-03-31,GSS,2011-05-10 00:00:00,2011-05-10 17:19:53,Q1,151700000,0.0,151700000,12700000,65400000,10000000,239800000,520900000,0.0,6800000.0,6800000.0,0.0,25200000,19300000,547100000,26500000,786900000,30400000,0.0,0.0,0.0,28800000,110600000,117600000,0.0,18984000,40900000,184900000,40900000,295500000,693700000,-257700000,36500000,34500000,491300000,786900000,7182000.0,126500000,-25200000,https://www.sec.gov/Archives/edgar/data/903571/000119312511134434/0001193125-11-134434-index.html,https://www.sec.gov/Archives/edgar/data/903571/000119312511134434/d10q.htm
0,2010-12-31,GSS,,,Q4,178000000,0.0,178000000,11900000,65200000,7400000.0,262500000,479000000,0.0,7400000.0,7400000.0,0.0,15700000,4400000.0,490700000,10300000,753200000,34500000,0.0,0.0,0.0,24600000,123100000,155900000,0.0,0.0,21500000,192200000,21500000,315300000,693500000,-274000000,2000000.0,0.0,438000000,753200000,0.0,165900000,-12100000,,
0,2010-09-30,GSS,2010-11-09 00:00:00,2010-11-08 20:29:21,Q3,184000000,0.0,184000000,17900000,58000000,8500000.0,268400000,511200000,0.0,7900000.0,7900000.0,0.0,17900000,16000000,535100000,22600000,803500000,23900000,0.0,0.0,0.0,17900000,97200000,124900000,0.0,0.0,27400000,171100000,27400000,268300000,693400000,-210700000,70400000,35200000,535200000,803500000,0.0,135600000,-48400000,https://www.sec.gov/Archives/edgar/data/903571/000119312510252612/0001193125-10-252612-index.html,https://www.sec.gov/Archives/edgar/data/903571/000119312510252612/d10q.htm
0,2010-06-30,GSS,2010-08-09 00:00:00,2010-08-09 17:15:45,Q2,181200000,0.0,181200000,20300000,55900000,6800000.0,264200000,493600000,0.0,8400000.0,8400000.0,0.0,17300000,14700000,516700000,19100000,780900000,23600000,0.0,0.0,0.0,8600000.0,86300000,119500000,0.0,0.0,22100000,159300000,22100000,245600000,692000000,-208900000,69800000,34900000,535300000,780900000,0.0,131800000,-49400000,https://www.sec.gov/Archives/edgar/data/903571/000119312510183583/0001193125-10-183583-index.html,https://www.sec.gov/Archives/edgar/data/903571/000119312510183583/d10q.htm
0,2010-03-31,GSS,2010-05-06 00:00:00,2010-05-05 17:36:23,Q1,164900000,0.0,164900000,8600000.0,55500000,7500000.0,236500000,502500000,0.0,9000000.0,9000000.0,0.0,16000000,17100000,528500000,21100000,765000000,22400000,0.0,0.0,0.0,8500000.0,77800000,121400000,0.0,0.0,23100000,160400000,23100000,238200000,690700000,-216500000,71000000,35500000,526800000,765000000,0.0,133300000,-31600000,https://www.sec.gov/Archives/edgar/data/903571/000119312510109184/0001193125-10-109184-index.html,https://www.sec.gov/Archives/edgar/data/903571/000119312510109184/d10q.htm
0,2009-12-31,GSS,2010-02-25 00:00:00,2010-02-24 19:08:43,Q4,154100000,0.0,154100000,7000000.0,52200000,6200000.0,219500000,508000000,0.0,9500000.0,9500000.0,0.0,14000000,16900000,534400000,21700000,753900000,28200000,0.0,0.0,0.0,2600000.0,74900000,114600000,0.0,0.0,30000000,158700000,30000000,233600000,690400000,-220400000,69200000,34600000,520300000,753900000,0.0,124600000,-29500000,https://www.sec.gov/Archives/edgar/data/903571/000119312510039224/0001193125-10-039224-index.html,https://www.sec.gov/Archives/edgar/data/903571/000119312510039224/d10k.htm
0,2009-09-30,GSS,2009-11-09 00:00:00,2009-11-09 17:10:50,Q3,57600000,0.0,57600000,5600000.0,51500000,5500000.0,120200000,525900000,0.0,10000000,10000000,0.0,24500000,15200000,551000000,19900000,671200000,30500000,0.0,0.0,0.0,2700000.0,75100000,113400000,0.0,0.0,30700000,168500000,30700000,243600000,616400000,-240100000,69200000,34600000,427600000,671200000,0.0,123600000,66000000,https://www.sec.gov/Archives/edgar/data/903571/000119312509229575/0001193125-09-229575-index.html,https://www.sec.gov/Archives/edgar/data/903571/000119312509229575/d10q.htm
0,2009-06-30,GSS,2009-08-10 00:00:00,2009-08-10 17:22:34,Q2,43200000,0.0,43200000,4700000.0,47100000,6400000.0,101400000,547000000,0.0,10500000,10500000,0.0,27700000,17000000,574500000,21500000,675900000,29300000,0.0,0.0,0.0,1800000.0,74000000,114800000,0.0,0.0,30200000,172800000,30200000,246800000,616100000,-237700000,69000000,34500000,429100000,675900000,0.0,125400000,82200000,https://www.sec.gov/Archives/edgar/data/903571/000119312509170871/0001193125-09-170871-index.html,https://www.sec.gov/Archives/edgar/data/903571/000119312509170871/d10q.htm
0,2009-03-31,GSS,2009-05-07 00:00:00,2009-05-06 18:14:02,Q1,28100000,0.0,28100000,9600000.0,48100000,8400000.0,94200000,570300000,0.0,0.0,0.0,100000.0,30400000,18000000,588400000,22400000,682600000,33200000,0.0,0.0,0.0,1700000.0,81000000,113300000,0.0,0.0,30300000,173900000,30300000,254900000,615500000,-238100000,69000000,34500000,427700000,682600000,100000.0,122800000,94700000,https://www.sec.gov/Archives/edgar/data/903571/000119312509101808/0001193125-09-101808-index.html,https://www.sec.gov/Archives/edgar/data/903571/000119312509101808/d10q.htm
0,2008-12-31,GSS,2009-02-25 00:00:00,2009-02-25 17:27:10,Q4,33600000,0.0,33600000,4300000.0,49100000,5000000.0,92000000,583600000,0.0,0.0,0.0,0.0,33100000,18700000,602300000,22600000,694300000,43400000,0.0,0.0,0.0,3300000.0,90300000,112600000,0.0,0.0,30000000,175800000,30000000,266100000,615500000,-236900000,69000000,34500000,428200000,694300000,0.0,125400000,91800000,https://www.sec.gov/Archives/edgar/data/903571/000119312509037553/0001193125-09-037553-index.html,https://www.sec.gov/Archives/edgar/data/903571/000119312509037553/d10k.htm
0,2008-09-30,GSS,2008-11-04 00:00:00,2008-11-04 17:27:50,Q3,25300000,0.0,25300000,8900000.0,64300000,11800000,110300000,619500000,0.0,0.0,0.0,700000.0,42200000,41100000,661400000,51500000,771700000,27400000,0.0,0.0,0.0,3400000.0,78500000,113200000,0.0,0.0,17300000,176500000,17300000,255000000,615400000,-148300000,69600000,34800000,516700000,771700000,700000.0,123700000,98400000,https://www.sec.gov/Archives/edgar/data/903571/000119312508224445/0001193125-08-224445-index.html,https://www.sec.gov/Archives/edgar/data/903571/000119312508224445/d10q.htm
0,2008-06-30,GSS,2008-08-05 00:00:00,2008-08-05 17:13:45,Q2,37100000,0.0,37100000,8900000.0,68300000,12400000,126700000,614100000,0.0,0.0,0.0,7800000.0,42200000,37900000,659900000,47800000,786600000,26500000,0.0,0.0,0.0,2200000.0,71400000,106700000,0.0,0.0,16900000,170900000,16900000,242300000,615400000,-125800000,80600000,40300000,544200000,786600000,7800000.0,120400000,83300000,https://www.sec.gov/Archives/edgar/data/903571/000119312508166638/0001193125-08-166638-index.html,https://www.sec.gov/Archives/edgar/data/903571/000119312508166638/d10q.htm
0,2008-03-31,GSS,2008-05-06 00:00:00,2008-05-06 16:51:14,Q1,54700000,0.0,54700000,4000000.0,71200000,8600000.0,138500000,610100000,0.0,0.0,0.0,7700000.0,42200000,36000000,653900000,42900000,792400000,18900000,0.0,0.0,0.0,2400000.0,69600000,106900000,0.0,0.0,17100000,172100000,17100000,241700000,615400000,-118900000,80600000,40300000,550700000,792400000,7700000.0,122100000,67400000,https://www.sec.gov/Archives/edgar/data/903571/000119312508104196/0001193125-08-104196-index.html,https://www.sec.gov/Archives/edgar/data/903571/000119312508104196/d10q.htm
0,2007-12-31,GSS,,,Q4,75800000,0.0,75800000,8400000.0,56000000,5600000.0,145800000,610900000,0.0,0.0,0.0,5100000.0,42200000,30700000,646700000,35200000,792500000,26500000,0.0,0.0,0.0,2300000.0,74200000,107900000,0.0,0.0,16900000,173200000,16900000,247400000,609100000,-115000000,75600000,37800000,545200000,792500000,5100000.0,125100000,49300000,,
0,2007-09-30,GSS,2007-11-06 00:00:00,2007-11-06 17:29:57,Q3,20800000,0.0,20800000,5700000.0,53900000,10500000,90900000,606400000,0.0,0.0,0.0,3800000.0,42100000,44100000,654400000,53700000,745300000,25300000,0.0,0.0,0.0,2600000.0,78000000,69700000,0.0,0.0,17200000,135300000,17200000,213300000,608700000,-94000000,10000000,5000000.0,532100000,745300000,3800000.0,88200000,67400000,https://www.sec.gov/Archives/edgar/data/903571/000119312507236942/0001193125-07-236942-index.html,https://www.sec.gov/Archives/edgar/data/903571/000119312507236942/d10q.htm
0,2007-06-30,GSS,2007-08-07 00:00:00,2007-08-07 16:57:49,Q2,16100000,22400000,38500000,8500000.0,56300000,14300000,117600000,587700000,0.0,0.0,0.0,6200000.0,42100000,39600000,633500000,52900000,751100000,15700000,0.0,0.0,0.0,2900000.0,64600000,73600000,0.0,0.0,16800000,139600000,16800000,204200000,608700000,-81300000,15000000,7500000.0,546900000,751100000,28600000,89200000,73100000,https://www.sec.gov/Archives/edgar/data/903571/000119312507173828/0001193125-07-173828-index.html,https://www.sec.gov/Archives/edgar/data/903571/000119312507173828/d10q.htm
0,2007-03-31,GSS,2007-05-09 00:00:00,2007-05-09 17:16:57,Q1,19900000,47000000,66900000,9000000.0,51300000,11800000,139000000,418700000,0.0,0.0,0.0,6300000.0,42100000,177800000,602700000,188400000,741700000,15400000,0.0,0.0,0.0,3100000.0,56900000,70200000,0.0,0.0,16300000,136000000,16300000,192900000,608400000,-79000000,15000000,7500000.0,548900000,741700000,53300000,83300000,63400000,https://www.sec.gov/Archives/edgar/data/903571/000119312507108410/0001193125-07-108410-index.html,https://www.sec.gov/Archives/edgar/data/903571/000119312507108410/d10q.htm
0,2006-12-31,GSS,,,Q4,27100000,0.0,27100000,8800000.0,45500000,9100000.0,90500000,395000000,0.0,0.0,0.0,1500000.0,42200000,176800000,573300000,184500000,663800000,19000000,0.0,0.0,0.0,5200000.0,62300000,73800000,0.0,0.0,16000000,139400000,16000000,201700000,524600000,-75400000,5800000.0,2900000.0,462100000,663800000,1500000.0,86300000,59200000,,
0,2006-09-30,GSS,,,Q3,10000000,0.0,10000000,6100000.0,40100000,11300000,67500000,361300000,0.0,0.0,0.0,1500000.0,42200000,174200000,536900000,184300000,604400000,0.0,0.0,0.0,0.0,5600000.0,43300000,66900000,0.0,0.0,13900000,130100000,13900000,173400000,524500000,-106200000,5800000.0,2900000.0,431000000,604400000,1500000.0,72700000,62700000,,
0,2006-06-30,GSS,,,Q2,20900000,21100000,42000000,7300000.0,34300000,10600000,94200000,328800000,0.0,0.0,0.0,1200000.0,42300000,177900000,507900000,188100000,602100000,41600000,0.0,0.0,0.0,6300000.0,52500000,62300000,0.0,0.0,9600000.0,120700000,9600000.0,173200000,524400000,-107700000,5800000.0,2900000.0,428800000,602100000,22300000,66900000,46000000,,
0,2006-03-31,GSS,,,Q1,86900000,0.0,86900000,7900000.0,26800000,20200000,141800000,272400000,0.0,0.0,0.0,1200000.0,45400000,186600000,460200000,206000000,602000000,9200000.0,0.0,0.0,0.0,10400000,47200000,67500000,0.0,0.0,21100000,140300000,21100000,187500000,523100000,-120800000,5800000.0,2900000.0,414500000,602000000,1200000.0,75100000,-11800000,,
0,2005-12-31,GSS,2006-03-29 00:00:00,2006-03-29 17:17:53,Q4,89700000,0.0,89700000,6600000.0,23200000,13300000,132800000,239300000,0.0,0.0,0.0,8200000.0,45100000,184300000,431800000,197000000,564600000,9100000.0,0.0,0.0,0.0,7800000.0,40800000,64300000,0.0,0.0,15500000,131600000,15500000,172400000,522500000,-140100000,5800000.0,2900000.0,392200000,564600000,8200000.0,71200000,-18500000,https://www.sec.gov/Archives/edgar/data/903571/000115752306003091/0001157523-06-003091-index.html,https://www.sec.gov/Archives/edgar/data/903571/000115752306003091/a5110399.txt
0,2005-09-30,GSS,,,Q3,23900000,19800000,43600000,4700000.0,25700000,11900000,85900000,213600000,0.0,0.0,0.0,6700000.0,0.0,19400000,239800000,29900000,325700000,8500000.0,0.0,0.0,0.0,0.0,35400000,55200000,0.0,0.0,17900000,79900000,17900000,115300000,344000000,-139100000,-40300000,0.0,210300000,325700000,26500000,59700000,35800000,,
0,2005-06-30,GSS,,,Q2,18400000,42500000,60900000,6500000.0,21000000,10300000,98700000,187700000,0.0,0.0,0.0,6800000.0,0.0,16800000,211300000,26700000,310000000,5300000.0,0.0,0.0,0.0,0.0,22400000,53200000,0.0,0.0,11700000,71600000,11700000,94000000,343000000,-132500000,-36300000,0.0,216000000,310000000,49300000,57600000,39200000,,
0,2005-03-31,GSS,,,Q1,17000000,22500000,39500000,4300000.0,13600000,10000000,67400000,172800000,0.0,0.0,0.0,5500000.0,0.0,13400000,191800000,23000000,259200000,5800000.0,0.0,0.0,0.0,0.0,19100000,6600000.0,0.0,0.0,10200000,23400000,10200000,42500000,342900000,-128800000,-33100000,0.0,216600000,259200000,28000000,9700000.0,-7300000.0,,
0,2004-12-31,GSS,,,Q4,12900000,39900000,52700000,3600000.0,15400000,7100000.0,78800000,154000000,0.0,0.0,0.0,5500000.0,0.0,13800000,173400000,20400000,252200000,7000000.0,0.0,0.0,0.0,0.0,17500000,1700000.0,0.0,0.0,8700000.0,16700000,8700000.0,34200000,340900000,-126600000,-30900000,0.0,218000000,252200000,45400000,3000000.0,-9900000.0,,
0,2004-09-30,GSS,,,Q3,75500000,1000000.0,76500000,1800000.0,15000000,2500000.0,95800000,139500000,0.0,0.0,0.0,0.0,0.0,13000000,152500000,15500000,248300000,10600000,0.0,0.0,0.0,0.0,17000000,500000.0,0.0,0.0,8300000.0,14900000,8300000.0,31900000,343500000,-127200000,-29800000,0.0,216400000,248300000,1000000.0,1500000.0,-74000000,,
0,2004-06-30,GSS,,,Q2,85800000,1000000.0,86800000,2600000.0,14600000,1700000.0,105700000,123100000,0.0,0.0,0.0,0.0,0.0,13800000,136900000,15400000,242600000,4700000.0,0.0,0.0,0.0,1100000.0,13000000,600000.0,0.0,0.0,8000000.0,14700000,8000000.0,27700000,337800000,-122900000,-27900000,0.0,214900000,242600000,1000000.0,1400000.0,-84400000,,
0,2004-03-31,GSS,,,Q1,86000000,1000000.0,87000000,1700000.0,14200000,900000.0,103800000,116300000,0.0,0.0,0.0,0.0,0.0,9400000.0,125800000,10300000,229600000,2700000.0,0.0,0.0,0.0,2000000.0,8700000.0,600000.0,0.0,0.0,7900000.0,16700000,7900000.0,25400000,328200000,-124000000,0.0,0.0,204200000,229600000,1000000.0,800000.0,-85200000,,
0,2003-12-31,GSS,,,Q4,90000000,1000000.0,91000000,800000.0,12700000,400000.0,104900000,102400000,0.0,0.0,0.0,1900000.0,0.0,13200000,117500000,13200000,222400000,3800000.0,0.0,0.0,0.0,1400000.0,8200000.0,700000.0,0.0,0.0,7700000.0,15800000,7700000.0,24000000,326600000,-129200000,-23700000,0.0,198400000,222400000,2900000.0,800000.0,-89200000,,
0,2003-09-30,GSS,,,Q3,57300000,1000000.0,58300000,700000.0,11700000,700000.0,71400000,52200000,0.0,0.0,0.0,1000000.0,0.0,4000000.0,57200000,4700000.0,128600000,1900000.0,0.0,0.0,0.0,0.0,8300000.0,1400000.0,0.0,0.0,7500000.0,11300000,7500000.0,19600000,261700000,-154000000,2600000.0,1300000.0,109000000,128600000,2000000.0,2000000.0,-55300000,,
0,2003-06-30,GSS,,,Q2,41200000,1000000.0,42200000,700000.0,10100000,300000.0,53300000,50200000,0.0,0.0,0.0,1000000.0,0.0,11900000,63100000,12300000,116400000,2500000.0,0.0,0.0,0.0,0.0,9400000.0,1500000.0,0.0,0.0,7300000.0,14800000,7300000.0,24200000,235000000,-142700000,-20400000,0.0,92200000,116400000,2000000.0,2300000.0,-38900000,,
0,2003-03-31,GSS,,,Q1,49800000,1900000.0,51700000,1700000.0,8900000.0,400000.0,62700000,34600000,0.0,0.0,0.0,1000000.0,0.0,11300000,46800000,11700000,109500000,2700000.0,0.0,0.0,0.0,0.0,7400000.0,1600000.0,0.0,0.0,7200000.0,14300000,7200000.0,21700000,234700000,-146800000,-19500000,0.0,87800000,109500000,2900000.0,2600000.0,-47200000,,
0,2002-12-31,GSS,,,Q4,20000000,1900000.0,21900000,2000000.0,8400000.0,500000.0,32800000,30600000,0.0,0.0,0.0,2000000.0,0.0,8700000.0,41300000,9200000.0,74100000,4100000.0,0.0,0.0,0.0,300000.0,10900000,1700000.0,0.0,0.0,7200000.0,13900000,7200000.0,24800000,201000000,-151700000,-18700000,0.0,49400000,74100000,3900000.0,5300000.0,-14700000,,
0,2002-09-30,GSS,,,Q3,19800000,1000000.0,20800000,1500000.0,8900000.0,200000.0,31400000,24000000,0.0,0.0,0.0,2000000.0,0.0,8200000.0,34200000,8400000.0,65600000,3600000.0,0.0,0.0,0.0,0.0,9800000.0,2000000.0,0.0,0.0,7300000.0,11500000,7300000.0,21300000,196900000,-152700000,-5600000.0,0.0,44200000,65600000,3000000.0,5400000.0,-14400000,,
0,2002-06-30,GSS,,,Q2,6600000.0,1000000.0,7600000.0,1400000.0,7900000.0,300000.0,17200000,15600000,0.0,0.0,0.0,2000000.0,0.0,8100000.0,25600000,8400000.0,42800000,2800000.0,0.0,0.0,0.0,0.0,9000000.0,1700000.0,0.0,0.0,5100000.0,8900000.0,5100000.0,17900000,178300000,-153500000,400000.0,200000.0,24900000,42800000,3000000.0,5500000.0,-1100000.0,,
0,2002-03-31,GSS,,,Q1,2400000.0,0.0,2400000.0,1500000.0,7500000.0,2700000.0,14100000,11500000,0.0,0.0,0.0,0.0,0.0,16200000,27700000,19000000,41800000,2700000.0,0.0,0.0,0.0,3000000.0,11600000,2300000.0,0.0,0.0,5300000.0,9500000.0,5300000.0,21100000,175400000,-155100000,800000.0,400000.0,20700000,41800000,0.0,5800000.0,3400000.0,,
0,2001-12-31,GSS,,,Q4,500000.0,0.0,500000.0,1200000.0,7700000.0,200000.0,9600000.0,10600000,0.0,0.0,0.0,100000.0,0.0,16200000,27000000,16400000,36600000,4400000.0,0.0,0.0,0.0,0.0,14800000,2400000.0,0.0,0.0,5400000.0,9400000.0,5400000.0,24200000,168300000,-156500000,1000000.0,500000.0,12300000,36600000,100000.0,9900000.0,9400000.0,,
0,2001-09-30,GSS,2001-11-14 00:00:00,2001-11-14 00:00:00,Q3,0.0,0.0,0.0,900000.0,8900000.0,300000.0,10100000,5700000.0,0.0,0.0,0.0,400000.0,0.0,22500000,28700000,22800000,38800000,3300000.0,0.0,0.0,0.0,0.0,9800000.0,3900000.0,0.0,0.0,5500000.0,11200000,5500000.0,21000000,164900000,-148200000,2000000.0,1000000.0,17800000,38800000,400000.0,8100000.0,8100000.0,https://www.sec.gov/Archives/edgar/data/903571/000095013401508525/0000950134-01-508525-index.html,https://www.sec.gov/Archives/edgar/data/903571/000095013401508525/d92277e10-q.txt
0,2001-06-30,GSS,2001-08-06 00:00:00,2001-08-06 00:00:00,Q2,1300000.0,0.0,1300000.0,600000.0,9200000.0,200000.0,11300000,4600000.0,0.0,0.0,0.0,600000.0,0.0,30200000,37200000,30500000,48500000,4100000.0,0.0,0.0,0.0,0.0,9700000.0,4700000.0,0.0,0.0,5500000.0,13700000,5500000.0,23400000,163300000,-139200000,2000000.0,1000000.0,25100000,48500000,600000.0,8500000.0,7200000.0,https://www.sec.gov/Archives/edgar/data/903571/000103570401500278/0001035704-01-500278-index.html,https://www.sec.gov/Archives/edgar/data/903571/000103570401500278/d89530e10-q.txt
0,2001-03-31,GSS,,,Q1,400000.0,0.0,400000.0,600000.0,10800000,300000.0,12100000,4600000.0,0.0,0.0,0.0,600000.0,0.0,30400000,37600000,30500000,49700000,3500000.0,0.0,0.0,0.0,0.0,10000000,4800000.0,0.0,0.0,5600000.0,14500000,5600000.0,24500000,161900000,-137800000,2000000.0,1000000.0,25200000,49700000,600000.0,9100000.0,8700000.0,,
0,2000-12-31,GSS,,,Q4,1000000.0,0.0,1000000.0,1000000.0,10800000,200000.0,13000000,4900000.0,0.0,0.0,0.0,600000.0,0.0,29100000,36500000,29300000,49500000,2600000.0,0.0,0.0,0.0,0.0,8500000.0,4800000.0,0.0,0.0,5700000.0,14900000,5700000.0,23400000,160900000,-135900000,2000000.0,1000000.0,26000000,49500000,600000.0,8800000.0,7800000.0,,
0,2000-09-30,GSS,2000-11-20 00:00:00,2000-11-20 00:00:00,Q3,2600000.0,0.0,2600000.0,1400000.0,9700000.0,300000.0,14000000,7300000.0,0.0,0.0,0.0,700000.0,0.0,44000000,54600000,44200000,68600000,0.0,0.0,0.0,0.0,0.0,10400000,4800000.0,0.0,0.0,5800000.0,19200000,5800000.0,29600000,160900000,-123000000,2000000.0,1000000.0,39000000,68600000,700000.0,11500000,8900000.0,https://www.sec.gov/Archives/edgar/data/903571/000092735600002165/0000927356-00-002165-index.html,https://www.sec.gov/Archives/edgar/data/903571/000092735600002165/0000927356-00-002165-0001.txt
0,2000-06-30,GSS,2000-08-21 00:00:00,2000-08-21 00:00:00,Q2,3600000.0,0.0,3600000.0,1200000.0,9800000.0,200000.0,14800000,8500000.0,0.0,0.0,0.0,800000.0,0.0,45200000,58500000,45400000,73300000,0.0,0.0,0.0,0.0,0.0,7500000.0,8500000.0,0.0,0.0,6300000.0,25200000,6300000.0,32700000,160900000,-121300000,2000000.0,1000000.0,40700000,73300000,800000.0,11700000,8100000.0,https://www.sec.gov/Archives/edgar/data/903571/000092735600001733/0000927356-00-001733-index.html,https://www.sec.gov/Archives/edgar/data/903571/000092735600001733/0000927356-00-001733-0001.txt
0,2000-03-31,GSS,2000-05-10 00:00:00,2000-05-10 00:00:00,Q1,2400000.0,0.0,2400000.0,1300000.0,9700000.0,200000.0,13600000,10300000,0.0,0.0,0.0,1000000.0,0.0,45400000,60600000,45600000,74200000,0.0,0.0,0.0,0.0,0.0,7500000.0,8900000.0,0.0,0.0,6600000.0,25800000,6600000.0,33300000,160900000,-121100000,2000000.0,1000000.0,40800000,74200000,1000000.0,12100000,9700000.0,https://www.sec.gov/Archives/edgar/data/903571/000092735600000991/0000927356-00-000991-index.html,https://www.sec.gov/Archives/edgar/data/903571/0000927356-00-000991.txt
0,1999-12-31,GSS,,,Q4,2900000.0,0.0,2900000.0,2000000.0,8900000.0,200000.0,14000000,11600000,0.0,0.0,0.0,1000000.0,0.0,44000000,60400000,44200000,74400000,0.0,0.0,0.0,0.0,0.0,7900000.0,9100000.0,0.0,0.0,6700000.0,26000000,6700000.0,33900000,160500000,-121000000,2000000.0,1000000.0,40500000,74400000,1000000.0,12400000,9500000.0,,
0,1999-09-30,GSS,,,Q3,2400000.0,0.0,2400000.0,4300000.0,8500000.0,200000.0,15400000,3100000.0,0.0,0.0,0.0,1000000.0,0.0,43500000,47600000,43700000,63000000,0.0,0.0,0.0,0.0,0.0,6100000.0,5400000.0,0.0,0.0,6000000.0,18400000,6000000.0,24500000,158800000,-121300000,2000000.0,1000000.0,38500000,63000000,1000000.0,5400000.0,3000000.0,,
0,1999-06-30,GSS,,,Q2,900000.0,0.0,900000.0,400000.0,200000.0,100000.0,1600000.0,500000.0,0.0,0.0,0.0,900000.0,0.0,60800000,62200000,60900000,63800000,0.0,0.0,0.0,0.0,0.0,1600000.0,2000000.0,0.0,0.0,0.0,7200000.0,0.0,8800000.0,155900000,-100900000,-2500000.0,0.0,54900000,63800000,900000.0,2000000.0,1100000.0,,
0,1999-03-31,GSS,,,Q1,5200000.0,0.0,5200000.0,500000.0,200000.0,0.0,5900000.0,500000.0,0.0,0.0,0.0,1200000.0,0.0,59800000,61500000,59900000,67400000,0.0,0.0,0.0,0.0,0.0,1300000.0,2500000.0,0.0,0.0,0.0,7900000.0,0.0,9200000.0,159200000,-97000000,-2300000.0,0.0,58200000,67400000,1200000.0,2500000.0,-2700000.0,,
0,1998-12-31,GSS,,,Q4,7400000.0,0.0,7400000.0,500000.0,200000.0,100000.0,8200000.0,700000.0,0.0,0.0,0.0,1300000.0,0.0,58400000,60400000,58600000,68600000,0.0,0.0,0.0,0.0,0.0,1700000.0,2900000.0,0.0,0.0,100000.0,8400000.0,100000.0,10100000,159200000,-96700000,-2200000.0,0.0,58500000,68600000,1300000.0,2900000.0,-4500000.0,,
0,1998-09-30,GSS,,,Q3,7700000.0,0.0,7700000.0,1200000.0,300000.0,0.0,9200000.0,800000.0,0.0,0.0,0.0,1400000.0,0.0,72900000,75200000,73000000,84400000,0.0,0.0,0.0,0.0,0.0,1800000.0,0.0,0.0,0.0,100000.0,5900000.0,100000.0,7700000.0,159100000,-78400000,-2400000.0,0.0,76700000,84400000,1400000.0,0.0,-7700000.0,,
0,1998-06-30,GSS,,,Q2,11100000,0.0,11100000,1400000.0,300000.0,200000.0,13000000,1000000.0,0.0,0.0,0.0,1600000.0,0.0,71300000,73900000,71600000,86900000,0.0,0.0,0.0,0.0,0.0,1800000.0,0.0,0.0,0.0,200000.0,6300000.0,200000.0,8100000.0,159100000,-76300000,-2300000.0,0.0,78800000,86900000,1600000.0,0.0,-11100000,,
0,1998-03-31,GSS,,,Q1,13000000,0.0,13000000,3100000.0,400000.0,300000.0,16800000,1200000.0,0.0,0.0,0.0,1700000.0,0.0,67400000,70300000,67800000,87100000,0.0,0.0,0.0,0.0,0.0,2400000.0,0.0,0.0,0.0,100000.0,5600000.0,100000.0,8000000.0,158100000,-75100000,-2100000.0,0.0,79100000,87100000,1700000.0,0.0,-13000000,,
0,1997-12-31,GSS,,,Q4,17400000,0.0,17400000,2200000.0,400000.0,200000.0,20200000,1300000.0,0.0,0.0,0.0,2100000.0,0.0,65600000,68900000,65800000,89100000,0.0,0.0,0.0,0.0,0.0,3700000.0,0.0,0.0,0.0,100000.0,5900000.0,100000.0,9600000.0,158000000,-74400000,-2000000.0,0.0,79600000,89100000,2100000.0,0.0,-17400000,,
0,1997-09-30,GSS,,,Q3,21300000,0.0,21300000,3000000.0,600000.0,300000.0,25200000,1400000.0,0.0,0.0,0.0,2400000.0,0.0,74500000,78300000,74900000,103500000,0.0,0.0,0.0,0.0,0.0,3600000.0,0.0,0.0,0.0,100000.0,8400000.0,100000.0,12000000,157800000,-62300000,-1700000.0,0.0,91500000,103500000,2400000.0,0.0,-21300000,,
0,1997-06-30,GSS,,,Q2,27500000,0.0,27500000,3700000.0,600000.0,400000.0,32200000,3000000.0,0.0,0.0,0.0,2500000.0,0.0,74200000,79800000,74600000,112000000,0.0,0.0,0.0,0.0,0.0,5500000.0,0.0,0.0,0.0,100000.0,10000000,100000.0,15500000,157700000,-57200000,-3400000.0,0.0,96500000,112000000,2500000.0,0.0,-27500000,,
0,1997-03-31,GSS,,,Q1,11900000,0.0,11900000,5700000.0,900000.0,500000.0,19000000,3400000.0,0.0,0.0,0.0,2800000.0,0.0,73800000,80000000,74300000,99000000,0.0,0.0,0.0,0.0,0.0,6500000.0,0.0,0.0,0.0,100000.0,10700000,100000.0,17200000,135400000,-49700000,-3200000.0,0.0,81700000,99000000,2800000.0,0.0,-11900000,,
0,1996-12-31,GSS,,,Q4,15700000,0.0,15700000,5100000.0,1000000.0,400000.0,22200000,3700000.0,0.0,0.0,0.0,3300000.0,0.0,67200000,74100000,67600000,96300000,0.0,0.0,0.0,0.0,0.0,6900000.0,0.0,0.0,0.0,100000.0,11300000,100000.0,18200000,130000000,-47800000,-2800000.0,0.0,78100000,96300000,3300000.0,0.0,-15700000,,
0,1996-09-30,GSS,,,Q3,19000000,0.0,19000000,3400000.0,1200000.0,500000.0,24100000,4300000.0,0.0,0.0,0.0,3800000.0,0.0,73300000,81400000,73800000,105500000,0.0,5000000.0,0.0,0.0,0.0,8900000.0,0.0,0.0,0.0,100000.0,9400000.0,100000.0,18300000,129700000,-38700000,-2300000.0,0.0,87200000,105500000,3800000.0,5000000.0,-14000000,,
0,1996-06-30,GSS,,,Q2,22700000,0.0,22700000,5600000.0,1500000.0,500000.0,30300000,4200000.0,0.0,0.0,0.0,3800000.0,0.0,63700000,71800000,64300000,102100000,0.0,0.0,0.0,0.0,0.0,4400000.0,0.0,0.0,0.0,0.0,9600000.0,0.0,14000000,128700000,-36700000,-1700000.0,0.0,88100000,102100000,3800000.0,0.0,-22700000,,
