,date,symbol,fillingDate,acceptedDate,period,netIncome,depreciationAndAmortization,deferredIncomeTax,stockBasedCompensation,changeInWorkingCapital,accountsReceivables,inventory,accountsPayables,otherWorkingCapital,otherNonCashItems,netCashProvidedByOperatingActivities,investmentsInPropertyPlantAndEquipment,acquisitionsNet,purchasesOfInvestments,salesMaturitiesOfInvestments,otherInvestingActivites,netCashUsedForInvestingActivites,debtRepayment,commonStockIssued,commonStockRepurchased,dividendsPaid,otherFinancingActivites,netCashUsedProvidedByFinancingActivities,effectOfForexChangesOnCash,netChangeInCash,cashAtEndOfPeriod,cashAtBeginningOfPeriod,operatingCashFlow,capitalExpenditure,freeCashFlow,link,finalLink
0,2019-12-31,LMT,2020-02-07,2020-02-07 11:44:16,FY,6230000000,1189000000,222000000,189000000,1418000000,107000000,-622000000,-1098000000,3123000000,138000000,7311000000,-1484000000,0.0,-1200000000,0.0,1443000000,-1241000000,-900000000,0.0,-1200000000,-2556000000,-628000000,-5328000000,0.0,742000000,1514000000,772000000,7311000000,-1484000000,5827000000,https://www.sec.gov/Archives/edgar/data/936468/000093646820000016/0000936468-20-000016-index.htm,https://www.sec.gov/Archives/edgar/data/936468/000093646820000016/lmtq4201910k.htm
0,2018-12-31,LMT,2019-02-08,2019-02-08 11:38:57,FY,5046000000,1161000000,-244000000,173000000,-2887000000,-179000000,-119000000,914000000,1705000000,269000000,3138000000,-1278000000,0.0,-1492000000,0.0,1695000000,-1075000000,-750000000,0.0,-1492000000,-2347000000,437000000,-4152000000,0.0,-2089000000,772000000,2861000000,3138000000,-1278000000,1860000000,https://www.sec.gov/Archives/edgar/data/936468/000093646819000009/0000936468-19-000009-index.htm,https://www.sec.gov/Archives/edgar/data/936468/000093646819000009/lmtq4201810k.htm
0,2017-12-31,LMT,2018-02-06,2018-02-06 16:22:43,FY,1963000000,1195000000,3448000000,158000000,2026000000,-401000000,183000000,-189000000,4592000000,-113000000,6476000000,-1177000000,0.0,-2000000000,0.0,2030000000,-1147000000,0.0,0.0,-2001000000,-2163000000,-142000000,-4305000000,0.0,1024000000,2861000000,1837000000,6476000000,-1177000000,5299000000,https://www.sec.gov/Archives/edgar/data/936468/000093646818000009/0000936468-18-000009-index.htm,https://www.sec.gov/Archives/edgar/data/936468/000093646818000009/lmtq4201710k.htm
0,2016-12-31,LMT,2017-02-09,2017-02-09 16:32:41,FY,5173000000,1215000000,-193000000,149000000,1911000000,-811000000,-46000000,-188000000,2566000000,-1057000000,5189000000,-1063000000,0.0,-2096000000,0.0,2174000000,-985000000,-952000000,0.0,-2096000000,-2048000000,1639000000,-3457000000,0.0,747000000,1837000000,1090000000,5189000000,-1063000000,4126000000,https://www.sec.gov/Archives/edgar/data/936468/000119312517036192/0001193125-17-036192-index.htm,https://www.sec.gov/Archives/edgar/data/936468/000119312517036192/d290249d10k.htm
0,2015-12-31,LMT,2016-02-24,2016-02-24 17:21:12,FY,3605000000,1026000000,-445000000,138000000,-562000000,-256000000,-398000000,-160000000,655000000,240000000,5101000000,-939000000,0.0,-3071000000,0.0,-5724000000,-9734000000,0.0,0.0,-2897000000,-1932000000,9280000000,4277000000,0.0,-356000000,1090000000,1446000000,5101000000,-939000000,4162000000,https://www.sec.gov/Archives/edgar/data/936468/000119312516476010/0001193125-16-476010-index.htm,https://www.sec.gov/Archives/edgar/data/936468/000119312516476010/d62685d10k.htm
0,2014-12-31,LMT,2015-02-09,2015-02-09 12:39:42,FY,3614000000,994000000,-401000000,164000000,-992000000,28000000,77000000,95000000,1217000000,283000000,3866000000,-845000000,0.0,-1900000000,0.0,1022000000,-1723000000,0.0,0.0,-1592000000,-1760000000,346000000,-3314000000,0.0,-1171000000,1446000000,2617000000,3866000000,-845000000,3021000000,https://www.sec.gov/Archives/edgar/data/936468/000119312515038681/0001193125-15-038681-index.htm,https://www.sec.gov/Archives/edgar/data/936468/000119312515038681/d808572d10k.htm
0,2013-12-31,LMT,2014-02-14,2014-02-14 16:51:11,FY,2981000000,990000000,-5000000.0,189000000,509000000,767000000,-60000000,-647000000,2209000000,585000000,4546000000,-836000000,0.0,-1762000000,0.0,1477000000,-1121000000,-150000000,0.0,-935000000,-1540000000,746000000,-2706000000,0.0,719000000,2617000000,1898000000,4546000000,-836000000,3710000000,https://www.sec.gov/Archives/edgar/data/936468/000119312514055034/0001193125-14-055034-index.htm,https://www.sec.gov/Archives/edgar/data/936468/000119312514055034/d621068d10k.htm
0,2012-12-31,LMT,2013-02-28,2013-02-28 11:47:11,FY,2745000000,988000000,930000000,167000000,-264000000,-460000000,-422000000,-236000000,1700000000,215000000,1561000000,-942000000,0.0,-990000000,0.0,710000000,-1222000000,0.0,0.0,-550000000,-1352000000,319000000,-2023000000,0.0,-1684000000,1898000000,3582000000,1561000000,-942000000,619000000,https://www.sec.gov/Archives/edgar/data/936468/000119312513082873/0001193125-13-082873-index.htm,https://www.sec.gov/Archives/edgar/data/936468/000119312513082873/d428940d10k.htm
0,2011-12-31,LMT,2012-02-23,2012-02-23 14:21:16,FY,2655000000,1008000000,-2000000.0,157000000,270000000,-363000000,-74000000,609000000,1964000000,188000000,4253000000,-814000000,0.0,-2465000000,0.0,2466000000,-813000000,-632000000,0.0,-2465000000,-1095000000,2073000000,-2119000000,0.0,1321000000,3582000000,2261000000,4253000000,-987000000,3266000000,https://www.sec.gov/Archives/edgar/data/936468/000119312512074929/0001193125-12-074929-index.htm,https://www.sec.gov/Archives/edgar/data/936468/000119312512074929/d221578d10k.htm
0,2010-12-31,LMT,2011-02-25,2011-02-24 18:26:38,FY,2926000000,841000000,576000000,168000000,-80000000,-15000000,-227000000,-364000000,1694000000,131000000,3547000000,-820000000,0.0,-2420000000,0.0,2921000000,-319000000,0.0,0.0,-2420000000,-969000000,26000000,-3363000000,5000000.0,-130000000,2261000000,2391000000,3547000000,-820000000,2727000000,https://www.sec.gov/Archives/edgar/data/936468/000119312511045739/0001193125-11-045739-index.htm,https://www.sec.gov/Archives/edgar/data/936468/000119312511045739/d10k.htm
0,2009-12-31,LMT,2010-02-25,2010-02-25 15:13:34,FY,3024000000,854000000,542000000,154000000,1633000000,-719000000,-233000000,-21000000,1774000000,-1349000000,3173000000,-852000000,0.0,0.0,0.0,0.0,-1518000000,-242000000,0.0,-1811000000,-908000000,0.0,-1476000000,44000000,223000000,2391000000,2168000000,3173000000,-852000000,2321000000,https://www.sec.gov/Archives/edgar/data/936468/000119312510040520/0001193125-10-040520-index.htm,https://www.sec.gov/Archives/edgar/data/936468/000119312510040520/d10k.htm
0,2008-12-31,LMT,2009-02-26,2009-02-26 13:09:36,FY,3217000000,845000000,72000000,155000000,-928000000,-333000000,-183000000,-141000000,141000000,63000000,4421000000,-926000000,0.0,0.0,0.0,0.0,-907000000,-1103000000,0.0,-2681000000,-737000000,0.0,-3938000000,-56000000,-480000000,2168000000,2648000000,4421000000,-926000000,3495000000,https://www.sec.gov/Archives/edgar/data/936468/000119312509038670/0001193125-09-038670-index.htm,https://www.sec.gov/Archives/edgar/data/936468/000119312509038670/d10k.htm
0,2007-12-31,LMT,2008-02-28,2008-02-28 16:21:01,FY,3033000000,819000000,110000000,149000000,458000000,-324000000,-57000000,-66000000,1069000000,25000000,4241000000,-940000000,0.0,48000000,0.0,0.0,-1205000000,-32000000,0.0,-1777000000,-615000000,0.0,-2300000000,0.0,736000000,2648000000,1912000000,4241000000,-940000000,3301000000,https://www.sec.gov/Archives/edgar/data/936468/000119312508041793/0001193125-08-041793-index.htm,https://www.sec.gov/Archives/edgar/data/936468/000119312508041793/d10k.htm
0,2006-12-31,LMT,2007-02-26,2007-02-26 17:21:47,FY,2529000000,764000000,75000000,0.0,-490000000,94000000,-530000000,217000000,611000000,0.0,3783000000,-893000000,0.0,48000000,0.0,0.0,-1655000000,-210000000,0.0,-1359000000,-538000000,0.0,-2460000000,0.0,-332000000,1912000000,2244000000,3783000000,-893000000,2890000000,https://www.sec.gov/Archives/edgar/data/936468/000119312507039899/0001193125-07-039899-index.htm,https://www.sec.gov/Archives/edgar/data/936468/000119312507039899/d10k.htm
0,2005-12-31,LMT,2006-02-28,2006-02-28 13:22:07,FY,1825000000,705000000,24000000,0.0,714000000,-390000000,-39000000,239000000,1101000000,0.0,3194000000,-865000000,0.0,-33000000,0.0,0.0,-499000000,-133000000,0.0,-904000000,-462000000,0.0,-1511000000,0.0,1184000000,2244000000,1060000000,3194000000,-865000000,2329000000,https://www.sec.gov/Archives/edgar/data/936468/000119312506040986/0001193125-06-040986-index.htm,https://www.sec.gov/Archives/edgar/data/936468/000119312506040986/d10k.htm
0,2004-12-31,LMT,2005-02-28,2005-02-28 17:24:00,FY,1266000000,656000000,-58000000,0.0,-121000000,-87000000,519000000,288000000,387000000,151000000,2924000000,-769000000,0.0,-156000000,0.0,0.0,-708000000,-1089000000,0.0,-509000000,-405000000,0.0,-2166000000,0.0,50000000,1060000000,1010000000,2924000000,-769000000,2155000000,https://www.sec.gov/Archives/edgar/data/936468/000119312505038829/0001193125-05-038829-index.htm,https://www.sec.gov/Archives/edgar/data/936468/000119312505038829/d10k.htm
0,2003-12-31,LMT,2004-03-08,2004-03-05 19:57:34,FY,1053000000,609000000,467000000,0.0,-297000000,-258000000,-94000000,330000000,508000000,42000000,1809000000,-687000000,0.0,-240000000,0.0,0.0,-1461000000,-2202000000,0.0,-438000000,-261000000,0.0,-2076000000,0.0,-1728000000,1010000000,2738000000,1809000000,-687000000,1122000000,https://www.sec.gov/Archives/edgar/data/936468/000119312504035751/0001193125-04-035751-index.htm,https://www.sec.gov/Archives/edgar/data/936468/000119312504035751/d10k.htm
0,2002-12-31,LMT,,,FY,533000000,558000000,-463000000,0.0,-284000000,394000000,890000000,317000000,805000000,1094000000,2288000000,0.0,0.0,0.0,0.0,0.0,-539000000,0.0,0.0,386000000,-199000000,0.0,77000000,0.0,1826000000,2738000000,912000000,2288000000,-662000000,1626000000,,
0,2001-12-31,LMT,,,FY,79000000,823000000,-118000000,0.0,5000000.0,146000000,685000000,-235000000,1089000000,898000000,1825000000,0.0,0.0,0.0,0.0,0.0,139000000,0.0,0.0,213000000,-192000000,0.0,-2557000000,0.0,-593000000,912000000,1505000000,1825000000,-619000000,1206000000,,
0,2000-12-31,LMT,,,FY,-424000000,968000000,-84000000,0.0,-800000000,153000000,226000000,44000000,1084000000,347000000,2016000000,0.0,0.0,0.0,0.0,0.0,1762000000,0.0,0.0,14000000,-183000000,0.0,-2728000000,0.0,1050000000,1505000000,455000000,2016000000,-500000000,1516000000,,
0,1999-12-31,LMT,,,FY,737000000,969000000,293000000,0.0,1540000000,-170000000,242000000,154000000,1884000000,0.0,1077000000,0.0,0.0,0.0,0.0,0.0,-1638000000,0.0,0.0,17000000,-345000000,0.0,731000000,0.0,170000000,455000000,285000000,1077000000,-669000000,408000000,,
0,1998-12-31,LMT,1999-03-22 00:00:00,1999-03-22 00:00:00,FY,1001000000,1005000000,203000000,0.0,-572000000,831000000,-1149000000,-148000000,344000000,0.0,2031000000,0.0,0.0,0.0,0.0,0.0,-455000000,0.0,0.0,40000000,-310000000,0.0,-1291000000,0.0,285000000,285000000,0.0,2031000000,-697000000,1334000000,https://www.sec.gov/Archives/edgar/data/936468/000092838599000878/0000928385-99-000878-index.html,https://www.sec.gov/Archives/edgar/data/936468/0000928385-99-000878.txt
0,1997-12-31,LMT,,,FY,1300000000,1052000000,155000000,0.0,-320000000,-10000000,-91000000,60000000,916000000,-379000000,1208000000,0.0,0.0,0.0,0.0,0.0,185000000,0.0,0.0,-1461000000,-352000000,0.0,-1393000000,0.0,0.0,0.0,0.0,1208000000,-750000000,458000000,,
0,1996-12-31,LMT,,,FY,1347000000,1197000000,-251000000,0.0,-1650000000,-1123000000,-249000000,-507000000,1236000000,-609000000,1636000000,0.0,0.0,0.0,0.0,0.0,-8029000000,0.0,0.0,97000000,-362000000,0.0,5740000000,0.0,-653000000,0.0,653000000,1636000000,-737000000,899000000,,
0,1995-12-31,LMT,,,FY,682000000,921000000,-116000000,0.0,1937000000,-2347000000,-2201000000,-209000000,2886000000,482000000,1292000000,0.0,0.0,0.0,0.0,0.0,-699000000,0.0,0.0,-89000000,-314000000,0.0,-579000000,0.0,14000000,372000000,358000000,1292000000,-531000000,761000000,,
