,date,symbol,fillingDate,acceptedDate,period,netIncome,depreciationAndAmortization,deferredIncomeTax,stockBasedCompensation,changeInWorkingCapital,accountsReceivables,inventory,accountsPayables,otherWorkingCapital,otherNonCashItems,netCashProvidedByOperatingActivities,investmentsInPropertyPlantAndEquipment,acquisitionsNet,purchasesOfInvestments,salesMaturitiesOfInvestments,otherInvestingActivites,netCashUsedForInvestingActivites,debtRepayment,commonStockIssued,commonStockRepurchased,dividendsPaid,otherFinancingActivites,netCashUsedProvidedByFinancingActivities,effectOfForexChangesOnCash,netChangeInCash,cashAtEndOfPeriod,cashAtBeginningOfPeriod,operatingCashFlow,capitalExpenditure,freeCashFlow,link,finalLink
0,2019-12-31,EME,2020-02-27 00:00:00,2020-02-27 07:34:50,FY,325140000,92087000,1701000.0,-984000.0,69464000,-135954000,4345000.0,-33971000,721273000,15672000,355700000,-48432000,-300980000,0.0,0.0,4073000.0,-345339000,-15198000,0.0,6090000.0,-17950000,13901000,-19247000,2592000.0,-6294000.0,357613000,363907000,355700000,-48432000,307268000,https://www.sec.gov/Archives/edgar/data/105634/000010563420000043/0000105634-20-000043-index.html,https://www.sec.gov/Archives/edgar/data/105634/000010563420000043/eme-20191231x10k.htm
0,2018-12-31,EME,2019-02-21 00:00:00,2019-02-21 07:35:40,FY,283577000,80914999.99999999,4249000.0,-1646000.0,18252000,-146101000,-3915000.0,78554000,651809000,15960000,271011000,-43479000,-72080000,-216244000,0.0,214081000,-117722000,-15235000,0.0,-210479000,-18640000,-2923000.0,-253042000,-3421000.0,-103174000,364256000,467430000,271011000,-43479000,227532000,https://www.sec.gov/Archives/edgar/data/105634/000010563419000044/0000105634-19-000044-index.html,https://www.sec.gov/Archives/edgar/data/105634/000010563419000044/eme-20181231x10k.htm
0,2017-12-31,EME,2018-02-22 00:00:00,2018-02-22 07:34:51,FY,227193000,88509000,-53358000,-1616000.0,-23784000,-80514000,-4936000.0,54910000,633557000,72064000,366049000,-34684000,-107223000,-93166000,0.0,96980000,-138093000,-15202000,0.0,-88373000,-18971000,-101131000,-228470000,3242000.0,2728000.0,467345000,464617000,366049000,-34684000,331365000,https://www.sec.gov/Archives/edgar/data/105634/000010563418000045/0000105634-18-000045-index.html,https://www.sec.gov/Archives/edgar/data/105634/000010563418000045/eme-20171231x10k.htm
0,2016-12-31,EME,2017-02-23 00:00:00,2017-02-23 07:34:32,FY,182153000,79789000,-8108000.0,-2546000.0,3650000.0,-98773000,954000.0,13141000,657341000,14921000,262372000,-39648000,-232947000,-94221000,0.0,96145000,-270671000,-417990000,0.0,-88666000,-19454000,522236000,-9429000.0,-6675000.0,-24403000,462428000,486831000,262372000,-39648000,222724000,https://www.sec.gov/Archives/edgar/data/105634/000010563417000043/0000105634-17-000043-index.html,https://www.sec.gov/Archives/edgar/data/105634/000010563417000043/eme-20161231x10k.htm
0,2015-12-31,EME,2016-02-25 00:00:00,2016-02-25 07:35:10,FY,172507000,74189000,-10300000,-1663000.0,50505000,-115303000,9733000.0,25440000,653691000,10738000,266666000,-35460000,-28195000,-104330000,0.0,108177000,-59808000,-17514000,0.0,-96271000,-20095000,-7534000.0,-149473000,-2610000.0,54775000,486831000,432056000,266666000,-35460000,231206000,https://www.sec.gov/Archives/edgar/data/105634/000010563416000297/0000105634-16-000297-index.html,https://www.sec.gov/Archives/edgar/data/105634/000010563416000297/eme-20151231x10k.htm
0,2014-12-31,EME,2015-02-26,2015-02-26 07:34:23,FY,173427000,74490000.00000001,5748000.0,-8264000.0,-28214000,27409000,5269000.0,-25122000,603186000,-7476000.0,246657000,-38035000,0.0,-201994000,0.0,218361000,-21668000,-17454000,0.0,-191521000,-21293000,10791000,-229950000,-2796000.0,-7757000.0,432043000,439800000,246657000,-38035000,208622000,https://www.sec.gov/Archives/edgar/data/105634/000010563415000041/eme-20141231x10k.htm,https://www.sec.gov/Archives/edgar/data/105634/000010563415000041/eme-20141231x10k.htm
0,2013-12-31,EME,2014-02-25,2014-02-25 07:34:33,FY,127400000,67300000,11900000,-4624000.0,-118600000,-3221000.0,-865000.0,-12904000,631400000,-11300000,150100000,-35497000,-454671000,-26070000,0.0,32816000,-483400000,-3013000.0,0.0,-18000000,-12100000,208194000,167000000,800000.0,-165500000,439800000,605300000,150100000,-35500000,114600000,https://www.sec.gov/Archives/edgar/data/105634/000010563414000042/eme-20131231x10k.htm,https://www.sec.gov/Archives/edgar/data/105634/000010563414000042/eme-20131231x10k.htm
0,2012-12-31,EME,2013-02-26 00:00:00,2013-02-26 07:34:32,FY,148900000,61000000,6600000.0,100000.0,144200000,-12852000,-5597000.0,5425000.0,750000000,-4100000.0,184400000,-37875000,-20613000,-23912000,0.0,39854000,-42500000,-40000.0,0.0,-12600000,-34100000,7438000.0,-50600000,2700000.0,94000000,605300000,511300000,184400000,-37900000,146500000,https://www.sec.gov/Archives/edgar/data/105634/000010563413000042/0000105634-13-000042-index.html,https://www.sec.gov/Archives/edgar/data/105634/000010563413000042/eme-20121231x10k.htm
0,2011-12-31,EME,2012-02-27 00:00:00,2012-02-27 07:16:46,FY,133700000,53800000,8800000.0,200000.0,-141700000,-75529000,-10549000,34727000,605800000,-1700000.0,149400000,-29581000,-301306000,-27523000,0.0,37892000,-320500000,-4147000.0,0.0,-19600000,-3300000.0,5718000.0,-29300000,900000.0,-199500000,511300000,710800000,149400000,-29600000,119800000,https://www.sec.gov/Archives/edgar/data/105634/000119312512079814/0001193125-12-079814-index.html,https://www.sec.gov/Archives/edgar/data/105634/000119312512079814/d257683d10k.htm
0,2010-12-31,EME,2011-02-25,2011-02-25 06:13:13,FY,-82700000,41900000,-15400000,-1474000.0,104700000,-8342000.0,2118000.0,16992000,747500000,209800000,68700000,1032000.0,-39902000,0.0,0.0,0.0,-32700000,-200828000,0.0,5100000.0,0.0,0.0,-47200000,-4900000.0,-16100000,710900000,727000000,68700000,-19400000,49300000,https://www.sec.gov/Archives/edgar/data/105634/000095012311018213/y88228e10vk.htm,https://www.sec.gov/Archives/edgar/data/105634/000095012311018213/y88228e10vk.htm
0,2009-12-31,EME,2010-02-25 00:00:00,2010-02-25 07:35:37,FY,163100000,45800000,2900000.0,0.0,145300000,349200000,20100000,121100000,642800000,31300000,359100000,0.0,0.0,0.0,0.0,0.0,-52600000,0.0,0.0,5000000.0,0.0,0.0,1700000.0,12900000,321100000,727000000,405900000,359100000,-24100000,335000000,https://www.sec.gov/Archives/edgar/data/105634/000093041310000960/0000930413-10-000960-index.html,https://www.sec.gov/Archives/edgar/data/105634/000093041310000960/c60392_10k.htm
0,2008-12-31,EME,2009-02-26 00:00:00,2009-02-26 07:31:20,FY,182200000,48599999.99999999,-9500000.0,0.0,75900000,78600000,-2400000.0,36400000,497500000,28800000,335000000,0.0,0.0,0.0,0.0,0.0,-124100000,0.0,0.0,2800000.0,0.0,0.0,-25000000,-31700000,154200000,405800000,251600000,335000000,-37500000,297500000,https://www.sec.gov/Archives/edgar/data/105634/000093041309001016/0000930413-09-001016-index.html,https://www.sec.gov/Archives/edgar/data/105634/000093041309001016/c56715_10k.txt
0,2007-12-31,EME,,,FY,126800000,37700000,-23300000,0.0,-32500000,-242700000,-34200000,-40900000,421600000,9800000.0,259000000,0.0,0.0,0.0,0.0,0.0,-526400000,0.0,0.0,10300000,0.0,0.0,243700000,1500000.0,-22100000,251600000,273700000,259000000,-21500000,237500000,,
0,2006-12-31,EME,,,FY,86600000,21400000.000000004,-6200000.0,0.0,109600000,-100300000,-7800000.0,-43700000,454100000,10800000,209300000,0.0,0.0,0.0,0.0,0.0,-64400000,0.0,0.0,10400000,0.0,0.0,16500000,8500000.0,170000000,273800000,103800000,209300000,-19700000,189600000,,
0,2005-12-31,EME,,,FY,60000000,22599999.999999996,5000000.0,0.0,81300000,82200000,400000.0,14700000,344500000,17100000,143300000,0.0,0.0,0.0,0.0,0.0,-20100000,0.0,0.0,1700000.0,0.0,0.0,-78500000,0.0,44700000,115100000,70400000,143300000,-12400000,130900000,,
0,2004-12-31,EME,2005-03-09 00:00:00,2005-03-09 08:38:49,FY,33200000,24299999.999999996,13700000,0.0,52500000,-55600000,-700000.0,-15700000,263200000,7900000.0,54500000,0.0,0.0,0.0,0.0,0.0,-4000000.0,0.0,0.0,1600000.0,0.0,0.0,-58400000,0.0,-7900000.0,70400000,78300000,54500000,-16100000,38400000,https://www.sec.gov/Archives/edgar/data/105634/000093041305001671/0000930413-05-001671-index.html,https://www.sec.gov/Archives/edgar/data/105634/000093041305001671/c35676_10k.txt
0,2003-12-31,EME,2004-02-26 00:00:00,2004-02-26 16:48:19,FY,20600000,24500000,7500000.0,0.0,55700000,-57800000,2400000.0,-42100000,210700000,12700000,1300000.0,0.0,0.0,0.0,0.0,0.0,-23300000,0.0,0.0,2000000.0,0.0,0.0,7100000.0,0.0,-14800000,78300000,93100000,1300000.0,-17900000,-16600000,https://www.sec.gov/Archives/edgar/data/105634/000093041304000587/0000930413-04-000587-index.html,https://www.sec.gov/Archives/edgar/data/105634/000093041304000587/c30862_10k.txt
0,2002-12-31,EME,2003-02-26 00:00:00,2003-02-26 08:02:28,FY,62900000,16200000,7400000.0,0.0,-208000000,-202400000,-5100000.0,-96400000,155000000,4500000.0,154700000,0.0,0.0,0.0,0.0,0.0,-364800000,0.0,0.0,2500000.0,0.0,0.0,113400000,0.0,-96700000,93100000,189800000,154700000,-15600000,139100000,https://www.sec.gov/Archives/edgar/data/105634/000093041303000565/0000930413-03-000565-index.html,https://www.sec.gov/Archives/edgar/data/105634/000093041303000565/c27185_10k.txt
0,2001-12-31,EME,2002-02-21 00:00:00,2002-02-21 00:00:00,FY,50000000,18200000,3700000.0,0.0,76600000,-14500000,-300000.0,51900000,363000000,27500000,81100000,0.0,0.0,0.0,0.0,0.0,-31200000,0.0,0.0,2100000.0,0.0,0.0,2200000.0,0.0,52100000,189800000,137700000,81100000,-17900000,63200000,https://www.sec.gov/Archives/edgar/data/105634/000093041302000457/0000930413-02-000457-index.html,https://www.sec.gov/Archives/edgar/data/105634/000093041302000457/c23256_10-k.txt
0,2000-12-31,EME,2001-02-20 00:00:00,2001-02-20 00:00:00,FY,40100000,16100000,0.0,0.0,76000000,-133300000,2900000.0,-22200000,286400000,32100000,91400000,0.0,0.0,0.0,0.0,0.0,-11100000,0.0,0.0,400000.0,0.0,0.0,-1200000.0,0.0,79100000,137700000,58600000,91400000,-16700000,74700000,https://www.sec.gov/Archives/edgar/data/105634/000093041301000293/0000930413-01-000293-index.html,https://www.sec.gov/Archives/edgar/data/105634/000093041301000293/0000930413-01-000293-0001.txt
0,1999-12-31,EME,2000-02-23 00:00:00,2000-02-23 00:00:00,FY,27800000,14100000,0.0,0.0,-9700000.0,-220600000,-2600000.0,-96000000,210400000,22800000,35600000,0.0,0.0,0.0,0.0,0.0,-60500000,0.0,0.0,7400000.0,0.0,0.0,400000.0,0.0,-24500000,58600000,83100000,35600000,-10700000,24900000,https://www.sec.gov/Archives/edgar/data/105634/000088981200000931/0000889812-00-000931-index.html,https://www.sec.gov/Archives/edgar/data/105634/0000889812-00-000931.txt
0,1998-12-31,EME,,,FY,12300000,10500000,0.0,0.0,54000000,-75000000,200000.0,-7800000.0,220100000,15600000,35300000,0.0,0.0,0.0,0.0,0.0,-40200000,0.0,0.0,9000000.0,0.0,0.0,38600000,0.0,33700000,83100000,49400000,35300000,-10900000,24400000,,
0,1997-12-31,EME,,,FY,7600000.0,8200000.0,0.0,0.0,9100000.0,-44300000,1700000.0,-21000000,166100000,12400000,25600000,0.0,0.0,0.0,0.0,0.0,-10700000,0.0,0.0,400000.0,0.0,0.0,-16300000,0.0,-1300000.0,49400000,50700000,25600000,-9800000.0,15800000,,
0,1996-12-31,EME,1997-03-03 00:00:00,1997-03-03 00:00:00,FY,9400000.0,7900000.0,0.0,0.0,49600000,-9200000.0,-1100000.0,5900000.0,157000000,13000000,33100000,0.0,0.0,0.0,0.0,0.0,58400000,0.0,0.0,500000.0,0.0,0.0,-93800000,0.0,-2300000.0,50700000,53000000,33100000,-7400000.0,25700000,https://www.sec.gov/Archives/edgar/data/105634/000010563497000001/0000105634-97-000001-index.html,https://www.sec.gov/Archives/edgar/data/105634/0000105634-97-000001.txt
0,1995-12-31,EME,1996-03-13 00:00:00,1996-03-13 00:00:00,FY,-10900000,8900000.0,0.0,0.0,15200000,-10200000,-1100000.0,-4400000.0,107400000,9100000.0,10700000,0.0,0.0,0.0,0.0,0.0,-3900000.0,0.0,0.0,0.0,0.0,0.0,-6300000.0,0.0,500000.0,53000000,52500000,10700000,-4500000.0,6200000.0,https://www.sec.gov/Archives/edgar/data/105634/000095013096000829/0000950130-96-000829-index.html,https://www.sec.gov/Archives/edgar/data/105634/0000950130-96-000829.txt
0,1994-12-31,EME,,,FY,302400000,15700000,0.0,0.0,544500000,26600000,-1700000.0,-9700000.0,92200000,-316600000,5900000.0,0.0,0.0,0.0,0.0,0.0,-3100000.0,0.0,0.0,0.0,0.0,0.0,10200000,0.0,13000000,52500000,39500000,5900000.0,-4200000.0,1700000.0,,
