,date,symbol,fillingDate,acceptedDate,period,netIncome,depreciationAndAmortization,deferredIncomeTax,stockBasedCompensation,changeInWorkingCapital,accountsReceivables,inventory,accountsPayables,otherWorkingCapital,otherNonCashItems,netCashProvidedByOperatingActivities,investmentsInPropertyPlantAndEquipment,acquisitionsNet,purchasesOfInvestments,salesMaturitiesOfInvestments,otherInvestingActivites,netCashUsedForInvestingActivites,debtRepayment,commonStockIssued,commonStockRepurchased,dividendsPaid,otherFinancingActivites,netCashUsedProvidedByFinancingActivities,effectOfForexChangesOnCash,netChangeInCash,cashAtEndOfPeriod,cashAtBeginningOfPeriod,operatingCashFlow,capitalExpenditure,freeCashFlow,link,finalLink
0,2019-12-31,JBLU,2020-02-18 00:00:00,2020-02-18 17:09:14,FY,569000000,525000000,139000000,31000000,260000000,-3000000.0,188000000,-91000000,-877000000,31000000,1449000000,0.0,0.0,-374000000,0.0,0.0,-1129000000,-323000000,51000000,-491000000,0.0,0.0,165000000,0.0,485000000,959000000,474000000,1449000000,-1156000000,293000000,https://www.sec.gov/Archives/edgar/data/1158463/000115846320000012/0001158463-20-000012-index.html,https://www.sec.gov/Archives/edgar/data/1158463/000115846320000012/a201910-k.htm
0,2018-12-31,JBLU,2019-02-21 00:00:00,2019-02-20 19:04:10,FY,189000000,469000000,90000000,28000000,-197000000,46000000,-174000000,96000000,-1137000000,347000000,1200000000,-908000000,0.0,-429000000,0.0,-248000000,-1157000000,-222000000,48000000,-334000000,0.0,539000000,131000000,0.0,174000000,477000000,303000000,1200000000,-1114000000,86000000,https://www.sec.gov/Archives/edgar/data/1158463/000115846319000018/0001158463-19-000018-index.html,https://www.sec.gov/Archives/edgar/data/1158463/000115846319000018/a201810-k.htm
0,2017-12-31,JBLU,2018-02-16 00:00:00,2018-02-16 17:06:02,FY,1140000000,424000000,-309000000,29000000,-129000000,-50000000,15000000,53000000,-940000000,29000000,1379000000,-1074000000,0.0,-207000000,0.0,99000000,-979000000,0.0,47000000,-342000000,0.0,-297000000,-536000000,0.0,-136000000,297000000,433000000,1379000000,-1202000000,177000000,https://www.sec.gov/Archives/edgar/data/1158463/000115846318000018/0001158463-18-000018-index.html,https://www.sec.gov/Archives/edgar/data/1158463/000115846318000018/a201710-k.htm
0,2016-12-31,JBLU,2017-02-17 00:00:00,2017-02-17 16:59:17,FY,727000000,393000000,251000000,23000000,91000000,-21000000,1000000.0,157000000,-811000000,23000000,1632000000,-850000000,0.0,-276000000,0.0,-195000000,-1046000000,0.0,45000000,-89000000,0.0,-84000000,-472000000,0.0,114000000,432000000,318000000,1632000000,-1011000000,621000000,https://www.sec.gov/Archives/edgar/data/1158463/000115846317000016/0001158463-17-000016-index.html,https://www.sec.gov/Archives/edgar/data/1158463/000115846317000016/a201610-k.htm
0,2015-12-31,JBLU,2016-02-17 00:00:00,2016-02-17 17:22:10,FY,677000000,345000000,377000000,20000000,-166000000,11000000,-5000000.0,64000000,-902000000,61000000,1598000000,-837000000,0.0,-370000000,0.0,-297000000,-1134000000,0.0,84000000,-157000000,0.0,-253000000,-487000000,0.0,-23000000,318000000,341000000,1598000000,-941000000,657000000,https://www.sec.gov/Archives/edgar/data/1158463/000115846316000102/0001158463-16-000102-index.html,https://www.sec.gov/Archives/edgar/data/1158463/000115846316000102/a201510-k.htm
0,2014-12-31,JBLU,2015-02-12,2015-02-12 15:29:28,FY,401000000,325000000,212000000,20000000,82000000,1000000.0,3000000.0,68000000,-736000000,-270000000,912000000,-730000000,0.0,-361000000,0.0,351000000,-379000000,0.0,41000000,-41000000,0.0,-117000000,-417000000,0.0,116000000,341000000,225000000,912000000,-857000000,55000000,https://www.sec.gov/Archives/edgar/data/1158463/000115846315000013/a201410-k.htm,https://www.sec.gov/Archives/edgar/data/1158463/000115846315000013/a201410-k.htm
0,2013-12-31,JBLU,2014-02-19,2014-02-18 21:25:46,FY,168000000,306000000,107000000,14000000,-310000000,-22000000,-23000000,52000000,-818000000,21000000,758000000,-615000000,0.0,-234000000,0.0,139000000,-476000000,-190000000,10000000,10000000,0.0,166000000,-239000000,0.0,43000000,225000000,182000000,758000000,-637000000,121000000,https://www.sec.gov/Archives/edgar/data/1158463/000115846314000008/a201310-k.htm,https://www.sec.gov/Archives/edgar/data/1158463/000115846314000008/a201310-k.htm
0,2012-12-31,JBLU,2013-02-21 00:00:00,2013-02-20 19:46:45,FY,128000000,269000000,76000000,13000000,-724000000,1000000.0,38000000,92000000,-508000000,4000000.0,698000000,-542000000,0.0,-444000000,0.0,-325000000,-867000000,-463000000,9000000.0,9000000.0,0.0,314000000,-322000000,0.0,-491000000,182000000,673000000,698000000,-828000000,-130000000,https://www.sec.gov/Archives/edgar/data/1158463/000115846313000010/0001158463-13-000010-index.html,https://www.sec.gov/Archives/edgar/data/1158463/000115846313000010/a201210-k.htm
0,2011-12-31,JBLU,2012-02-28 00:00:00,2012-02-28 12:45:50,FY,86000000,247000000,58000000,13000000,-51000000,-10000000,4000000.0,26000000,216000000,29000000,614000000,0.0,0.0,-450000000,0.0,0.0,-502000000,-40000000,0.0,10000000,0.0,40000000,96000000,0.0,208000000,673000000,465000000,614000000,-528000000,86000000,https://www.sec.gov/Archives/edgar/data/1158463/000119312512084229/0001193125-12-084229-index.html,https://www.sec.gov/Archives/edgar/data/1158463/000119312512084229/d273260d10k.htm
0,2010-12-31,JBLU,2011-02-25,2011-02-25 06:22:46,FY,97000000,230000000,62000000,17000000,-110000000,-4000000.0,-4000000.0,27000000,267000000,9000000.0,523000000,0.0,0.0,-866000000,0.0,0.0,-696000000,0.0,0.0,9000000.0,0.0,0.0,-258000000,0.0,-431000000,465000000,896000000,523000000,-313000000,210000000,https://www.sec.gov/Archives/edgar/data/1158463/000095012311018216/y04224e10vk.htm,https://www.sec.gov/Archives/edgar/data/1158463/000095012311018216/y04224e10vk.htm
0,2009-12-31,JBLU,2010-02-05 00:00:00,2010-02-05 17:30:06,FY,61000000,234000000,42000000,16000000,492000000,3000000.0,-43000000,-66000000,377000000,210000000,486000000,0.0,0.0,-22000000,0.0,0.0,-457000000,0.0,0.0,120000000,0.0,0.0,306000000,0.0,335000000,896000000,561000000,486000000,-513000000,-27000000,https://www.sec.gov/Archives/edgar/data/1158463/000095012310009322/0000950123-10-009322-index.html,https://www.sec.gov/Archives/edgar/data/1158463/000095012310009322/y02987e10vk.htm
0,2008-12-31,JBLU,2009-02-13 00:00:00,2009-02-13 17:23:05,FY,-85000000,210000000,-6000000.0,16000000,25000000,4000000.0,-10000000,15000000,-115000000,-195000000,-17000000,0.0,0.0,-69000000,0.0,0.0,-247000000,-673000000,0.0,320000000,0.0,0.0,635000000,0.0,371000000,561000000,190000000,-17000000,-845000000,-862000000,https://www.sec.gov/Archives/edgar/data/1158463/000095012309002805/0000950123-09-002805-index.html,https://www.sec.gov/Archives/edgar/data/1158463/000095012309002805/y01094e10vk.htm
0,2007-12-31,JBLU,2008-02-21,2008-02-21 15:58:01,FY,12000000,180000000,19000000,15000000,-213000000,-14000000,3000000.0,36000000,-140000000,6000000.0,358000000,0.0,0.0,-11000000,0.0,0.0,-734000000,-265000000,0.0,26000000,0.0,0.0,556000000,0.0,180000000,190000000,10000000,358000000,-987000000,-629000000,https://www.sec.gov/Archives/edgar/data/1158463/000095013608000821/file1.htm,https://www.sec.gov/Archives/edgar/data/1158463/000095013608000821/file1.htm
0,2006-12-31,JBLU,2007-02-14,2007-02-14 15:53:24,FY,-1000000.0,154000000,10000000,21000000,114000000,-12000000,-28000000,33000000,73000000,13000000,274000000,0.0,0.0,-23000000,0.0,0.0,-1307000000,-390000000,0.0,28000000,0.0,0.0,1037000000,0.0,4000000.0,10000000,6000000.0,274000000,-1251000000,-977000000,https://www.sec.gov/Archives/edgar/data/1158463/000095013607000901/file1.htm,https://www.sec.gov/Archives/edgar/data/1158463/000095013607000901/file1.htm
0,2005-12-31,JBLU,2006-02-14,2006-02-14 17:17:29,FY,-20000000,117000000,-4000000.0,9000000.0,-67000000,-28000000,-20000000,54000000,-41000000,9000000.0,170000000,0.0,0.0,-5000000.0,0.0,0.0,-1276000000,-117000000,0.0,178000000,0.0,0.0,1093000000,0.0,-13000000,6000000.0,19000000,170000000,-1124000000,-954000000,https://www.sec.gov/Archives/edgar/data/1158463/000095013606001033/file001.htm,https://www.sec.gov/Archives/edgar/data/1158463/000095013606001033/file001.htm
0,2004-12-31,JBLU,2005-02-14,2005-02-14 16:57:35,FY,47500000,77400000,29700000,0.0,-250000000,-21267000,-6194000.0,0.0,26000000,0.0,198400000,0.0,0.0,-18729000,0.0,0.0,-719700000,-76481000,0.0,20100000,0.0,0.0,437300000,0.0,-84100000,18900000,103000000,198400000,-797300000,-598900000,https://www.sec.gov/Archives/edgar/data/1158463/000104746905003748/a2151224z10-k.htm,https://www.sec.gov/Archives/edgar/data/1158463/000104746905003748/a2151224z10-k.htm
0,2003-12-31,JBLU,2004-02-11,2004-02-11 17:17:35,FY,103900000,50800000.00000001,69800000,0.0,263000000,-4047000.0,-11491000,37335000,276000000,0.0,286300000,0.0,0.0,-25870000,0.0,0.0,-987100000,-57041000,0.0,136000000,0.0,0.0,789100000,0.0,88400000,335400000,247000000,286300000,-733000000,-446700000,https://www.sec.gov/Archives/edgar/data/1158463/000104746904004064/a2128367z10-k.htm,https://www.sec.gov/Archives/edgar/data/1158463/000104746904004064/a2128367z10-k.htm
0,2002-12-31,JBLU,2003-02-18 00:00:00,2003-02-18 16:41:10,FY,54900000,26900000,39700000,0.0,95000000,6851000.0,-3992000.0,34734000,13000000,0.0,216500000,0.0,-80448000,-11395000,0.0,0.0,-879700000,-71398000,174014000,174400000,0.0,0.0,657200000,0.0,-6000000.0,112000000,118000000,216500000,-654000000,-437500000,https://www.sec.gov/Archives/edgar/data/1158463/000104746903005952/0001047469-03-005952-index.html,https://www.sec.gov/Archives/edgar/data/1158463/000104746903005952/a2102273z10-k.htm
