,date,symbol,fillingDate,acceptedDate,period,netIncome,depreciationAndAmortization,deferredIncomeTax,stockBasedCompensation,changeInWorkingCapital,accountsReceivables,inventory,accountsPayables,otherWorkingCapital,otherNonCashItems,netCashProvidedByOperatingActivities,investmentsInPropertyPlantAndEquipment,acquisitionsNet,purchasesOfInvestments,salesMaturitiesOfInvestments,otherInvestingActivites,netCashUsedForInvestingActivites,debtRepayment,commonStockIssued,commonStockRepurchased,dividendsPaid,otherFinancingActivites,netCashUsedProvidedByFinancingActivities,effectOfForexChangesOnCash,netChangeInCash,cashAtEndOfPeriod,cashAtBeginningOfPeriod,operatingCashFlow,capitalExpenditure,freeCashFlow,link,finalLink
0,2019-12-31,TRS,2020-02-27 00:00:00,2020-02-27 11:41:01,FY,98620000,43500000,2100000.0,6450000.0,44170000,3280000.0,740000.0,-12780000,314250000,-49060000,75600000,128080000,-67090000,0.0,0.0,0.0,29080000,44020000,0.0,-36740000,0.0,0.0,-40360000,0.0,64320000,172470000,108150000,75600000,-29670000,45930000,https://www.sec.gov/Archives/edgar/data/842633/000084263320000014/0000842633-20-000014-index.html,https://www.sec.gov/Archives/edgar/data/842633/000084263320000014/trs201910-k.htm
0,2018-12-31,TRS,2019-02-28 00:00:00,2019-02-28 13:29:02,FY,83300000,44019999.99999999,7200000.0,7170000.0,80690000,-11420000,-18690000,4340000.0,270080000,8710000.0,129320000,-25050000,0.0,-12140000,0.0,12390000,-24800000,7380000.0,0.0,-12140000,0.0,-11810000,-23950000,0.0,80570000,108150000,27580000,129320000,-25050000,104270000,https://www.sec.gov/Archives/edgar/data/842633/000084263319000010/0000842633-19-000010-index.html,https://www.sec.gov/Archives/edgar/data/842633/000084263319000010/trs201810-k.htm
0,2017-12-31,TRS,2018-02-27 00:00:00,2018-02-27 12:59:10,FY,30960000,46870000.00000001,15260000,6780000.0,13860000,1220000.0,4350000.0,3640000.0,189390000,15820000,120060000,-36800000,0.0,0.0,0.0,4450000.0,-32350000,-257940000,0.0,0.0,0.0,204680000,-80840000,0.0,6870000.0,27580000,20710000,120060000,-36800000,83260000,https://www.sec.gov/Archives/edgar/data/842633/000084263318000010/0000842633-18-000010-index.html,https://www.sec.gov/Archives/edgar/data/842633/000084263318000010/trs201710-k.htm
0,2016-12-31,TRS,2017-02-28 00:00:00,2017-02-28 13:47:48,FY,-39800000,44860000,-32160000,6940000.0,1660000.0,7990000.0,5180000.0,-18120000,175530000,108440000,80470000,-31330000,0.0,0.0,0.0,220000.0,-31110000,-13850000,0.0,160000.0,0.0,-13540000,-48100000,0.0,1260000.0,20710000,19450000,80470000,-31330000,49140000,https://www.sec.gov/Archives/edgar/data/842633/000084263317000010/0000842633-17-000010-index.html,https://www.sec.gov/Archives/edgar/data/842633/000084263317000010/trs201610-k.htm
0,2015-12-31,TRS,2016-02-26 00:00:00,2016-02-26 16:38:32,FY,-33400000,43540000,-8750000.0,6340000.0,-48920000,5300000.0,3250000.0,-29530000,173870000,78150000,62540000,-28660000,-10000000,0.0,0.0,-810000.0,-39470000,-444890000,0.0,500000.0,0.0,436300000,-28040000,0.0,-4970000.0,19450000,24420000,62540000,-28660000,33880000,https://www.sec.gov/Archives/edgar/data/842633/000084263316000176/0000842633-16-000176-index.html,https://www.sec.gov/Archives/edgar/data/842633/000084263316000176/trs201510-k.htm
0,2014-12-31,TRS,2015-02-26,2015-02-25 17:32:28,FY,69280000,37440000,-6530000.0,7440000.0,-30710000,-13290000,-7510000.0,14050000,222790000,23490000,123400000,-34450000,-382880000,0.0,0.0,7240000.0,-410090000,-180810000,0.0,176290000,0.0,489340000,284110000,0.0,-2580000.0,24420000,27000000,123400000,-23000000,100400000,https://www.sec.gov/Archives/edgar/data/842633/000084263315000016/trs201410-k.htm,https://www.sec.gov/Archives/edgar/data/842633/000084263315000016/trs201410-k.htm
0,2013-12-31,TRS,2014-02-20,2014-02-20 16:57:50,FY,80100000,50600000,-8800000.0,9200000.0,62900000,-25580000,-10690000,7800000.0,253500000,-2800000.0,87600000,-39490000,-105790000,0.0,0.0,14940000,-130300000,-587500000,174670000,176300000,0.0,488980000,49200000,0.0,6400000.0,27000000,20600000,87600000,-39500000,48100000,https://www.sec.gov/Archives/edgar/data/842633/000084263314000015/trs201310-k.htm,https://www.sec.gov/Archives/edgar/data/842633/000084263314000015/trs201310-k.htm
0,2012-12-31,TRS,2013-02-26 00:00:00,2013-02-26 13:23:18,FY,36300000,44900000.00000001,-8300000.0,9280000.0,-16800000,-3800000.0,-48010000,-3700000.0,190600000,55600000,73200000,-46120000,-89880000,0.0,0.0,3000000.0,-133000000,-404770000,79040000,85200000,0.0,337750000,-8600000.0,0.0,-68300000,20600000,88900000,73200000,-46100000,27100000,https://www.sec.gov/Archives/edgar/data/842633/000084263313000015/0000842633-13-000015-index.html,https://www.sec.gov/Archives/edgar/data/842633/000084263313000015/trs201210-k.htm
0,2011-12-31,TRS,2012-02-27 00:00:00,2012-02-27 12:20:55,FY,60400000,40400000,12700000,3510000.0,36500000,-21420000,-16840000,25870000,207400000,-4000000.0,95800000,-32620000,-31390000,0.0,0.0,38780000,-25200000,-294370000,0.0,1000000.0,0.0,355260000,-28000000,0.0,42600000,89000000,46400000,95800000,-32600000,63200000,https://www.sec.gov/Archives/edgar/data/842633/000084263312000012/0000842633-12-000012-index.html,https://www.sec.gov/Archives/edgar/data/842633/000084263312000012/trs201110-k.htm
0,2010-12-31,TRS,2011-02-28,2011-02-28 08:34:42,FY,45300000,37700000,12500000,2180000.0,67000000,2050000.0,-12820000,31740000,170900000,-4000000.0,95000000,0.0,94960000,0.0,0.0,0.0,-37900000,8920000.0,0.0,100000.0,0.0,0.0,-20200000,0.0,36900000,46400000,9500000.0,95000000,-21900000,73100000,https://www.sec.gov/Archives/edgar/data/842633/000104746911001479/a2202276z10-k.htm,https://www.sec.gov/Archives/edgar/data/842633/000104746911001479/a2202276z10-k.htm
0,2009-12-31,TRS,2010-03-04 00:00:00,2010-03-04 17:05:49,FY,-200000.0,44000000,-6000000.0,580000.0,-60200000,-15550000,51780000,-11440000,103900000,-33400000,83500000,2340000.0,83510000,0.0,0.0,0.0,9100000.0,8200000.0,0.0,0.0,0.0,0.0,-87100000,0.0,5600000.0,9500000.0,3900000.0,83500000,-14100000,69400000,https://www.sec.gov/Archives/edgar/data/842633/000104746910001784/0001047469-10-001784-index.html,https://www.sec.gov/Archives/edgar/data/842633/000104746910001784/a2196991z10-k.htm
0,2008-12-31,TRS,2009-03-10 00:00:00,2009-03-10 16:48:54,FY,-136200000,44000000,-19700000,1040000.0,24300000,-18310000,-8740000.0,-13930000,164100000,166500000,31200000,500000.0,31170000,0.0,0.0,0.0,-33400000,8060000.0,0.0,0.0,0.0,0.0,1300000.0,0.0,-900000.0,3900000.0,4800000.0,31200000,-29200000,2000000.0,https://www.sec.gov/Archives/edgar/data/842633/000104746909002427/0001047469-09-002427-index.html,https://www.sec.gov/Archives/edgar/data/842633/000104746909002427/a2191457z10-k.htm
0,2007-12-31,TRS,2008-03-13,2008-03-13 17:27:56,FY,-158400000,41400000,-9500000.0,550000.0,31400000,25980000,-25080000,13690000,139800000,205700000,65000000,0.0,64970000,0.0,0.0,0.0,-68900000,8660000.0,126460000,126500000,0.0,0.0,5100000.0,0.0,1200000.0,4800000.0,3600000.0,65000000,-64700000,300000.0,https://www.sec.gov/Archives/edgar/data/842633/000104746908002695/a2183660z10-k.htm,https://www.sec.gov/Archives/edgar/data/842633/000104746908002695/a2183660z10-k.htm
0,2006-12-31,TRS,2007-03-22,2007-03-22 17:07:51,FY,-128900000,38800000,-11300000,1350000.0,25600000,-14120000,-11310000,-10920000,108400000,130900000,15900000,0.0,0.0,0.0,0.0,0.0,-22200000,14050000,0.0,0.0,0.0,0.0,6200000.0,0.0,-100000.0,3600000.0,3700000.0,15900000,-29800000,-13900000,https://www.sec.gov/Archives/edgar/data/842633/000104746907002079/a2176795z10-k.htm,https://www.sec.gov/Archives/edgar/data/842633/000104746907002079/a2176795z10-k.htm
0,2005-12-31,TRS,2006-04-04,2006-04-04 12:51:22,FY,-45900000,40800000,-37600000,310000.0,-73500000,-9580000.0,8900000.0,-3000000.0,82800000,66800000,29900000,0.0,0.0,0.0,0.0,0.0,-16600000,12630000,0.0,0.0,0.0,0.0,-12600000,0.0,600000.0,3700000.0,3100000.0,29900000,-21700000,8200000.0,https://www.sec.gov/Archives/edgar/data/842633/000095013606002701/file001.htm,https://www.sec.gov/Archives/edgar/data/842633/000095013606002701/file001.htm
0,2004-12-31,TRS,2005-03-24,2005-03-24 16:45:28,FY,-2200000.0,44500000,-19100000,560000.0,71700000,47960000,-54130000,31760000,156300000,60100000,42600000,0.0,42620000,0.0,0.0,0.0,-46800000,10220000,0.0,0.0,0.0,0.0,500000.0,0.0,-3700000.0,3100000.0,6800000.0,42600000,-43000000,-400000.0,https://www.sec.gov/Archives/edgar/data/842633/000095013605001568/file001.htm,https://www.sec.gov/Archives/edgar/data/842633/000095013605001568/file001.htm
0,2003-12-31,TRS,2004-03-26,2004-03-26 17:07:35,FY,-30900000,54900000,-15100000,0.0,-98400000,610000.0,-1470000.0,8940000.0,84600000,30300000,41400000,0.0,41360000,0.0,0.0,0.0,-161300000,0.0,35200000,15200000,0.0,0.0,26300000,0.0,-93700000,6700000.0,100400000,41400000,-31700000,9700000.0,https://www.sec.gov/Archives/edgar/data/842633/000095013604000888/file001.htm,https://www.sec.gov/Archives/edgar/data/842633/000095013604000888/file001.htm
0,2002-12-31,TRS,,,FY,-34800000,39700000,-6800000.0,0.0,163200000,-61500000,3700000.0,-20400000,183000000,-21800000,-22000000,0.0,0.0,0.0,0.0,0.0,-39100000,0.0,0.0,259700000,-338100000,0.0,157800000,0.0,96700000,100500000,3800000.0,-22000000,-34000000,-56000000,,
0,2001-12-31,TRS,,,FY,-11200000,54700000,9100000.0,0.0,19800000,0.0,0.0,0.0,19800000,6000000.0,78700000,0.0,0.0,0.0,0.0,0.0,-13000000,0.0,0.0,0.0,0.0,0.0,-69000000,0.0,-3300000.0,-3300000.0,0.0,78700000,-19100000,59600000,,
0,2000-12-31,TRS,,,FY,-4200000.0,4500000.0,2800000.0,0.0,2900000.0,0.0,0.0,0.0,0.0,12700000,18700000,0.0,0.0,0.0,0.0,0.0,-1300000.0,0.0,0.0,0.0,0.0,0.0,-16800000,0.0,600000.0,108750000,108150000,18700000,-3300000.0,15400000,,
