,date,open,high,low,close,adjClose,volume,unadjustedVolume,change,changePercent,vwap,label,changeOverTime
0,2021-02-11,3.19,3.19,3.19,3.19,3.19,0.0,0.0,0.0,0.0,0.0,"February 11, 21",0.0
0,2021-02-10,3.19,3.19,3.19,3.19,3.19,0.0,0.0,0.0,0.0,0.0,"February 10, 21",0.0
0,2021-02-09,3.19,3.19,3.19,3.19,3.19,0.0,0.0,0.0,0.0,0.0,"February 09, 21",0.0
0,2021-02-08,3.19,3.19,3.19,3.19,3.19,0.0,0.0,0.0,0.0,0.0,"February 08, 21",0.0
0,2021-02-05,3.2,3.2,3.2,3.2,3.2,0.0,0.0,0.0,0.0,0.0,"February 05, 21",0.0
0,2021-02-04,3.205,3.205,3.205,3.205,3.205,0.0,0.0,0.0,0.0,0.0,"February 04, 21",0.0
0,2021-02-03,3.205,3.205,3.205,3.205,3.205,0.0,0.0,0.0,0.0,0.0,"February 03, 21",0.0
0,2021-02-02,3.205,3.205,3.205,3.205,3.205,0.0,0.0,0.0,0.0,0.0,"February 02, 21",0.0
0,2021-02-01,3.205,3.205,3.205,3.205,3.205,0.0,0.0,0.0,0.0,0.0,"February 01, 21",0.0
0,2021-01-29,3.205,3.205,3.205,3.205,3.205,0.0,0.0,0.0,0.0,0.0,"January 29, 21",0.0
0,2021-01-28,3.205,3.205,3.205,3.205,3.205,0.0,0.0,0.0,0.0,0.0,"January 28, 21",0.0
0,2021-01-27,3.205,3.205,3.205,3.205,3.205,0.0,0.0,0.0,0.0,0.0,"January 27, 21",0.0
0,2021-01-26,3.205,3.205,3.205,3.205,3.205,0.0,0.0,0.0,0.0,0.0,"January 26, 21",0.0
0,2021-01-25,3.205,3.205,3.205,3.205,3.205,0.0,0.0,0.0,0.0,0.0,"January 25, 21",0.0
0,2021-01-22,3.205,3.205,3.205,3.205,3.205,0.0,0.0,0.0,0.0,0.0,"January 22, 21",0.0
0,2021-01-21,3.205,3.205,3.205,3.205,3.205,0.0,0.0,0.0,0.0,0.0,"January 21, 21",0.0
0,2021-01-20,3.205,3.205,3.205,3.205,3.205,0.0,0.0,0.0,0.0,0.0,"January 20, 21",0.0
0,2021-01-19,3.205,3.205,3.205,3.205,3.205,0.0,0.0,0.0,0.0,0.0,"January 19, 21",0.0
0,2021-01-18,3.205,3.205,3.205,3.205,3.205,0.0,0.0,0.0,0.0,0.0,"January 18, 21",0.0
0,2021-01-15,3.205,3.205,3.205,3.205,3.205,0.0,0.0,0.0,0.0,0.0,"January 15, 21",0.0
0,2021-01-14,3.205,3.205,3.205,3.205,3.205,0.0,0.0,0.0,0.0,0.0,"January 14, 21",0.0
0,2021-01-13,3.205,3.205,3.205,3.205,3.205,0.0,0.0,0.0,0.0,0.0,"January 13, 21",0.0
0,2021-01-12,3.205,3.205,3.205,3.205,3.205,0.0,0.0,0.0,0.0,0.0,"January 12, 21",0.0
0,2021-01-11,3.205,3.205,3.205,3.205,3.205,0.0,0.0,0.0,0.0,0.0,"January 11, 21",0.0
0,2021-01-08,3.205,3.205,3.205,3.205,3.205,0.0,0.0,0.0,0.0,0.0,"January 08, 21",0.0
0,2021-01-07,3.205,3.205,3.205,3.205,3.205,0.0,0.0,0.0,0.0,0.0,"January 07, 21",0.0
0,2021-01-06,3.205,3.205,3.205,3.205,3.205,0.0,0.0,0.0,0.0,0.0,"January 06, 21",0.0
0,2021-01-05,3.205,3.205,3.205,3.205,3.205,0.0,0.0,0.0,0.0,0.0,"January 05, 21",0.0
0,2021-01-04,3.205,3.205,3.205,3.205,3.205,0.0,0.0,0.0,0.0,0.0,"January 04, 21",0.0
0,2020-12-31,3.205,3.205,3.205,3.205,3.205,0.0,0.0,0.0,0.0,0.0,"December 31, 20",0.0
0,2020-12-30,3.205,3.205,3.205,3.205,3.205,0.0,0.0,0.0,0.0,0.0,"December 30, 20",0.0
0,2020-12-29,3.205,3.205,3.205,3.205,3.205,0.0,0.0,0.0,0.0,0.0,"December 29, 20",0.0
0,2020-12-28,3.205,3.205,3.205,3.205,3.205,0.0,0.0,0.0,0.0,0.0,"December 28, 20",0.0
0,2020-12-24,3.205,3.205,3.205,3.205,3.205,0.0,0.0,0.0,0.0,0.0,"December 24, 20",0.0
0,2020-12-23,3.205,3.205,3.205,3.205,3.205,0.0,0.0,0.0,0.0,0.0,"December 23, 20",0.0
0,2020-12-22,3.205,3.205,3.205,3.205,3.205,0.0,0.0,0.0,0.0,0.0,"December 22, 20",0.0
0,2020-12-21,3.205,3.205,3.205,3.205,3.205,0.0,0.0,0.0,0.0,0.0,"December 21, 20",0.0
0,2020-12-18,3.205,3.205,3.205,3.205,3.205,0.0,0.0,0.0,0.0,0.0,"December 18, 20",0.0
0,2020-12-17,3.205,3.205,3.205,3.205,3.205,0.0,0.0,0.0,0.0,0.0,"December 17, 20",0.0
0,2020-12-16,3.205,3.205,3.205,3.205,3.205,0.0,0.0,0.0,0.0,0.0,"December 16, 20",0.0
0,2020-12-15,3.205,3.205,3.205,3.205,3.205,0.0,0.0,0.0,0.0,0.0,"December 15, 20",0.0
0,2020-12-14,3.205,3.205,3.205,3.205,3.205,0.0,0.0,0.0,0.0,0.0,"December 14, 20",0.0
0,2020-12-11,3.205,3.205,3.205,3.205,3.205,0.0,0.0,0.0,0.0,0.0,"December 11, 20",0.0
0,2020-12-10,3.22,3.22,3.22,3.22,3.205,0.0,0.0,0.0,0.0,0.0,"December 10, 20",0.0
0,2020-12-09,3.22,3.22,3.22,3.22,3.205,0.0,0.0,0.0,0.0,0.0,"December 09, 20",0.0
0,2020-12-08,3.22,3.22,3.22,3.22,3.205,0.0,0.0,0.0,0.0,0.0,"December 08, 20",0.0
0,2020-12-07,3.22,3.22,3.22,3.22,3.205,0.0,0.0,0.0,0.0,0.0,"December 07, 20",0.0
0,2020-12-04,3.11,3.11,3.11,3.22,3.205,4000.0,4000.0,0.11,3.537,3.14667,"December 04, 20",0.03537
0,2020-12-03,3.65,3.65,3.65,3.65,3.632997,0.0,0.0,0.0,0.0,0.0,"December 03, 20",0.0
0,2020-12-02,3.65,3.65,3.65,3.65,3.632997,0.0,0.0,0.0,0.0,0.0,"December 02, 20",0.0
0,2020-12-01,3.65,3.65,3.65,3.65,3.632997,0.0,0.0,0.0,0.0,0.0,"December 01, 20",0.0
0,2020-11-30,3.65,3.65,3.65,3.65,3.632997,0.0,0.0,0.0,0.0,0.0,"November 30, 20",0.0
0,2020-11-27,3.65,3.65,3.65,3.65,3.632997,0.0,0.0,0.0,0.0,0.0,"November 27, 20",0.0
0,2020-11-26,3.65,3.65,3.65,3.65,3.632997,0.0,0.0,0.0,0.0,0.0,"November 26, 20",0.0
0,2020-11-25,3.65,3.65,3.65,3.65,3.632997,0.0,0.0,0.0,0.0,0.0,"November 25, 20",0.0
0,2020-11-24,3.65,3.65,3.65,3.65,3.632997,0.0,0.0,0.0,0.0,0.0,"November 24, 20",0.0
0,2020-11-23,3.65,3.65,3.65,3.65,3.632997,0.0,0.0,0.0,0.0,0.0,"November 23, 20",0.0
0,2020-11-20,3.65,3.65,3.65,3.65,3.632997,0.0,0.0,0.0,0.0,0.0,"November 20, 20",0.0
0,2020-11-19,3.65,3.65,3.65,3.65,3.632997,0.0,0.0,0.0,0.0,0.0,"November 19, 20",0.0
0,2020-11-18,3.65,3.65,3.65,3.65,3.632997,0.0,0.0,0.0,0.0,0.0,"November 18, 20",0.0
0,2020-11-17,3.65,3.65,3.65,3.65,3.632997,0.0,0.0,0.0,0.0,0.0,"November 17, 20",0.0
0,2020-11-16,3.65,3.65,3.65,3.65,3.632997,0.0,0.0,0.0,0.0,0.0,"November 16, 20",0.0
0,2020-11-13,3.65,3.65,3.65,3.65,3.632997,0.0,0.0,0.0,0.0,0.0,"November 13, 20",0.0
0,2020-11-12,3.65,3.65,3.65,3.65,3.632997,0.0,0.0,0.0,0.0,0.0,"November 12, 20",0.0
0,2020-11-11,3.65,3.65,3.65,3.65,3.632997,0.0,0.0,0.0,0.0,0.0,"November 11, 20",0.0
0,2020-11-10,3.65,3.65,3.65,3.65,3.632997,0.0,0.0,0.0,0.0,0.0,"November 10, 20",0.0
0,2020-11-09,3.65,3.65,3.65,3.65,3.632997,0.0,0.0,0.0,0.0,0.0,"November 09, 20",0.0
0,2020-11-06,3.65,3.65,3.65,3.65,3.632997,0.0,0.0,0.0,0.0,0.0,"November 06, 20",0.0
0,2020-11-05,3.65,3.65,3.65,3.65,3.632997,0.0,0.0,0.0,0.0,0.0,"November 05, 20",0.0
0,2020-11-04,3.65,3.65,3.65,3.65,3.632997,0.0,0.0,0.0,0.0,0.0,"November 04, 20",0.0
0,2020-11-03,3.65,3.65,3.65,3.65,3.632997,0.0,0.0,0.0,0.0,0.0,"November 03, 20",0.0
0,2020-11-02,3.65,3.65,3.65,3.65,3.632997,0.0,0.0,0.0,0.0,0.0,"November 02, 20",0.0
0,2020-10-30,3.65,3.65,3.65,3.65,3.632997,0.0,0.0,0.0,0.0,0.0,"October 30, 20",0.0
0,2020-10-29,3.65,3.65,3.65,3.65,3.632997,0.0,0.0,0.0,0.0,0.0,"October 29, 20",0.0
0,2020-10-28,3.65,3.65,3.65,3.65,3.632997,0.0,0.0,0.0,0.0,0.0,"October 28, 20",0.0
0,2020-10-27,3.65,3.65,3.65,3.65,3.632997,0.0,0.0,0.0,0.0,0.0,"October 27, 20",0.0
0,2020-10-23,3.65,3.65,3.65,3.65,3.632997,0.0,0.0,0.0,0.0,0.0,"October 23, 20",0.0
0,2020-10-22,3.65,3.65,3.65,3.65,3.632997,0.0,0.0,0.0,0.0,0.0,"October 22, 20",0.0
0,2020-10-21,3.65,3.65,3.65,3.65,3.632997,0.0,0.0,0.0,0.0,0.0,"October 21, 20",0.0
0,2020-10-20,3.65,3.65,3.65,3.65,3.632997,0.0,0.0,0.0,0.0,0.0,"October 20, 20",0.0
0,2020-10-19,3.65,3.65,3.65,3.65,3.632997,0.0,0.0,0.0,0.0,0.0,"October 19, 20",0.0
0,2020-10-16,3.65,3.65,3.65,3.65,3.632997,0.0,0.0,0.0,0.0,0.0,"October 16, 20",0.0
0,2020-10-15,3.65,3.65,3.65,3.65,3.632997,0.0,0.0,0.0,0.0,0.0,"October 15, 20",0.0
0,2020-10-14,3.65,3.65,3.65,3.65,3.632997,0.0,0.0,0.0,0.0,0.0,"October 14, 20",0.0
0,2020-10-12,3.65,3.65,3.65,3.65,3.632997,0.0,0.0,0.0,0.0,0.0,"October 12, 20",0.0
0,2020-10-09,4.7,4.7,3.48,3.65,3.632997,52000.0,52000.0,-1.05,-22.34,3.94333,"October 09, 20",-0.2234
0,2020-10-08,5.2,6.3,4.16,4.5,4.479037,276000.0,276000.0,-0.7,-13.462,4.98667,"October 08, 20",-0.13462
0,2020-10-07,4.25,4.25,4.25,4.25,4.230202,0.0,0.0,0.0,0.0,0.0,"October 07, 20",0.0
0,2020-10-06,4.25,4.25,4.25,4.25,4.230202,0.0,0.0,0.0,0.0,0.0,"October 06, 20",0.0
0,2020-10-05,4.25,4.25,4.25,4.25,4.230202,0.0,0.0,0.0,0.0,0.0,"October 05, 20",0.0
0,2020-09-30,4.25,4.25,4.25,4.25,4.230202,0.0,0.0,0.0,0.0,0.0,"September 30, 20",0.0
0,2020-09-29,4.25,4.25,4.25,4.25,4.230202,0.0,0.0,0.0,0.0,0.0,"September 29, 20",0.0
0,2020-09-28,4.25,4.25,4.25,4.25,4.230202,0.0,0.0,0.0,0.0,0.0,"September 28, 20",0.0
0,2020-09-25,4.25,4.25,4.25,4.25,4.230202,0.0,0.0,0.0,0.0,0.0,"September 25, 20",0.0
0,2020-09-24,4.25,4.25,4.25,4.25,4.230202,0.0,0.0,0.0,0.0,0.0,"September 24, 20",0.0
0,2020-09-23,4.25,4.25,4.25,4.25,4.230202,0.0,0.0,0.0,0.0,0.0,"September 23, 20",0.0
0,2020-09-22,4.25,4.25,4.25,4.25,4.230202,0.0,0.0,0.0,0.0,0.0,"September 22, 20",0.0
0,2020-09-21,4.25,4.25,4.25,4.25,4.230202,0.0,0.0,0.0,0.0,0.0,"September 21, 20",0.0
0,2020-09-18,4.25,4.25,4.25,4.25,4.230202,0.0,0.0,0.0,0.0,0.0,"September 18, 20",0.0
0,2020-09-17,4.25,4.25,4.25,4.25,4.230202,0.0,0.0,0.0,0.0,0.0,"September 17, 20",0.0
0,2020-09-16,4.25,4.25,4.25,4.25,4.230202,0.0,0.0,0.0,0.0,0.0,"September 16, 20",0.0
0,2020-09-15,4.25,4.25,4.25,4.25,4.230202,0.0,0.0,0.0,0.0,0.0,"September 15, 20",0.0
0,2020-09-14,4.25,4.25,4.25,4.25,4.230202,0.0,0.0,0.0,0.0,0.0,"September 14, 20",0.0
0,2020-09-11,4.25,4.25,4.25,4.25,4.230202,0.0,0.0,0.0,0.0,0.0,"September 11, 20",0.0
0,2020-09-10,4.25,4.25,4.25,4.25,4.230202,0.0,0.0,0.0,0.0,0.0,"September 10, 20",0.0
0,2020-09-09,4.25,4.25,4.25,4.25,4.230202,0.0,0.0,0.0,0.0,0.0,"September 09, 20",0.0
0,2020-09-08,4.25,4.25,4.25,4.25,4.230202,0.0,0.0,0.0,0.0,0.0,"September 08, 20",0.0
0,2020-09-07,4.25,4.25,4.25,4.25,4.230202,0.0,0.0,0.0,0.0,0.0,"September 07, 20",0.0
0,2020-09-04,4.25,4.25,4.25,4.25,4.230202,0.0,0.0,0.0,0.0,0.0,"September 04, 20",0.0
0,2020-09-03,4.25,4.25,4.25,4.25,4.230202,10000.0,10000.0,0.0,0.0,4.25,"September 03, 20",0.0
0,2020-09-02,4.753,4.753,4.753,4.753,4.730858,0.0,0.0,0.0,0.0,0.0,"September 02, 20",0.0
0,2020-09-01,4.753,4.753,4.753,4.753,4.730858,0.0,0.0,0.0,0.0,0.0,"September 01, 20",0.0
0,2020-08-31,4.78,4.78,4.78,4.78,4.730859,0.0,0.0,0.0,0.0,0.0,"August 31, 20",0.0
0,2020-08-28,4.78,4.78,4.78,4.78,4.730859,0.0,0.0,0.0,0.0,0.0,"August 28, 20",0.0
0,2020-08-27,4.78,4.78,4.78,4.78,4.730859,0.0,0.0,0.0,0.0,0.0,"August 27, 20",0.0
0,2020-08-26,4.78,4.78,4.78,4.78,4.730859,0.0,0.0,0.0,0.0,0.0,"August 26, 20",0.0
0,2020-08-25,4.78,4.78,4.78,4.78,4.730859,0.0,0.0,0.0,0.0,0.0,"August 25, 20",0.0
0,2020-08-24,4.78,4.78,4.78,4.78,4.730859,0.0,0.0,0.0,0.0,0.0,"August 24, 20",0.0
0,2020-08-21,4.78,4.78,4.78,4.78,4.704136,0.0,0.0,0.0,0.0,0.0,"August 21, 20",0.0
0,2020-08-20,4.78,4.78,4.78,4.78,4.704136,0.0,0.0,0.0,0.0,0.0,"August 20, 20",0.0
0,2020-08-19,4.78,4.78,4.78,4.78,4.704136,0.0,0.0,0.0,0.0,0.0,"August 19, 20",0.0
0,2020-08-18,4.78,4.78,4.78,4.78,4.704136,0.0,0.0,0.0,0.0,0.0,"August 18, 20",0.0
0,2020-08-17,4.78,4.78,4.78,4.78,4.704136,0.0,0.0,0.0,0.0,0.0,"August 17, 20",0.0
0,2020-08-14,4.78,4.78,4.78,4.78,4.704136,0.0,0.0,0.0,0.0,0.0,"August 14, 20",0.0
0,2020-08-13,4.78,4.78,4.78,4.78,4.704136,0.0,0.0,0.0,0.0,0.0,"August 13, 20",0.0
0,2020-08-12,4.78,4.78,4.78,4.78,4.704136,0.0,0.0,0.0,0.0,0.0,"August 12, 20",0.0
0,2020-08-11,4.78,4.78,4.78,4.78,4.704136,0.0,0.0,0.0,0.0,0.0,"August 11, 20",0.0
0,2020-08-10,4.78,4.78,4.78,4.78,4.704136,0.0,0.0,0.0,0.0,0.0,"August 10, 20",0.0
0,2020-08-07,4.78,4.78,4.78,4.78,4.704136,0.0,0.0,0.0,0.0,0.0,"August 07, 20",0.0
0,2020-08-06,4.78,4.78,4.78,4.78,4.704136,0.0,0.0,0.0,0.0,0.0,"August 06, 20",0.0
0,2020-08-05,4.78,4.78,4.78,4.78,4.704136,0.0,0.0,0.0,0.0,0.0,"August 05, 20",0.0
0,2020-08-04,4.78,4.78,4.78,4.78,4.704136,0.0,0.0,0.0,0.0,0.0,"August 04, 20",0.0
0,2020-08-03,4.78,4.78,4.78,4.78,4.704136,0.0,0.0,0.0,0.0,0.0,"August 03, 20",0.0
0,2020-07-31,4.78,4.78,4.78,4.78,4.704136,0.0,0.0,0.0,0.0,0.0,"July 31, 20",0.0
0,2020-07-30,4.78,4.78,4.78,4.78,4.704136,0.0,0.0,0.0,0.0,0.0,"July 30, 20",0.0
0,2020-07-29,4.78,4.78,4.78,4.78,4.704136,0.0,0.0,0.0,0.0,0.0,"July 29, 20",0.0
0,2020-07-28,4.78,4.78,4.78,4.78,4.704136,0.0,0.0,0.0,0.0,0.0,"July 28, 20",0.0
0,2020-07-27,4.78,4.78,4.78,4.78,4.704136,0.0,0.0,0.0,0.0,0.0,"July 27, 20",0.0
0,2020-07-24,4.78,4.78,4.78,4.78,4.704136,0.0,0.0,0.0,0.0,0.0,"July 24, 20",0.0
0,2020-07-23,4.78,4.78,4.78,4.78,4.704136,0.0,0.0,0.0,0.0,0.0,"July 23, 20",0.0
0,2020-07-22,4.78,4.78,4.78,4.78,4.704136,0.0,0.0,0.0,0.0,0.0,"July 22, 20",0.0
0,2020-07-21,4.78,4.78,4.78,4.78,4.704136,0.0,0.0,0.0,0.0,0.0,"July 21, 20",0.0
0,2020-07-20,4.78,4.78,4.78,4.78,4.704136,0.0,0.0,0.0,0.0,0.0,"July 20, 20",0.0
0,2020-07-17,4.78,4.78,4.78,4.78,4.704136,0.0,0.0,0.0,0.0,0.0,"July 17, 20",0.0
0,2020-07-16,4.78,4.78,4.78,4.78,4.704136,0.0,0.0,0.0,0.0,0.0,"July 16, 20",0.0
0,2020-07-15,4.78,4.78,4.78,4.78,4.704136,0.0,0.0,0.0,0.0,0.0,"July 15, 20",0.0
0,2020-07-14,4.78,4.78,4.78,4.78,4.704136,0.0,0.0,0.0,0.0,0.0,"July 14, 20",0.0
0,2020-07-13,4.78,4.78,4.78,4.78,4.704136,0.0,0.0,0.0,0.0,0.0,"July 13, 20",0.0
0,2020-07-10,4.78,4.78,4.78,4.78,4.704136,0.0,0.0,0.0,0.0,0.0,"July 10, 20",0.0
0,2020-07-09,4.78,4.78,4.78,4.78,4.704136,0.0,0.0,0.0,0.0,0.0,"July 09, 20",0.0
0,2020-07-08,4.78,4.78,4.78,4.78,4.704136,0.0,0.0,0.0,0.0,0.0,"July 08, 20",0.0
0,2020-07-07,4.78,4.78,4.78,4.78,4.704136,0.0,0.0,0.0,0.0,0.0,"July 07, 20",0.0
0,2020-07-06,4.78,4.78,4.78,4.78,4.704136,0.0,0.0,0.0,0.0,0.0,"July 06, 20",0.0
0,2020-07-03,4.78,4.78,4.78,4.78,4.704136,0.0,0.0,0.0,0.0,0.0,"July 03, 20",0.0
0,2020-07-02,4.78,4.78,4.78,4.78,4.704136,0.0,0.0,0.0,0.0,0.0,"July 02, 20",0.0
0,2020-06-30,4.78,4.78,4.78,4.78,4.704136,0.0,0.0,0.0,0.0,0.0,"June 30, 20",0.0
0,2020-06-29,4.78,4.78,4.78,4.78,4.704136,0.0,0.0,0.0,0.0,0.0,"June 29, 20",0.0
0,2020-06-26,4.78,4.78,4.78,4.78,4.704136,0.0,0.0,0.0,0.0,0.0,"June 26, 20",0.0
0,2020-06-24,4.25,4.25,4.25,4.25,4.182548,0.0,0.0,0.0,0.0,0.0,"June 24, 20",0.0
0,2020-06-23,4.25,4.25,4.25,4.25,4.182548,0.0,0.0,0.0,0.0,0.0,"June 23, 20",0.0
0,2020-06-22,4.25,4.25,4.25,4.25,4.182548,0.0,0.0,0.0,0.0,0.0,"June 22, 20",0.0
0,2020-06-19,4.25,4.25,4.25,4.25,4.182548,0.0,0.0,0.0,0.0,0.0,"June 19, 20",0.0
0,2020-06-18,4.25,4.25,4.25,4.25,4.182548,14000.0,14000.0,0.0,0.0,4.25,"June 18, 20",0.0
0,2020-06-17,4.26,4.26,4.26,4.25,4.182548,10000.0,10000.0,-0.01,-0.235,4.25667,"June 17, 20",-0.00235
0,2020-06-16,3.46,3.46,3.46,3.46,3.405086,0.0,0.0,0.0,0.0,0.0,"June 16, 20",0.0
0,2020-06-15,3.46,3.46,3.46,3.46,3.405086,0.0,0.0,0.0,0.0,0.0,"June 15, 20",0.0
0,2020-06-12,3.46,3.46,3.46,3.46,3.405086,0.0,0.0,0.0,0.0,0.0,"June 12, 20",0.0
0,2020-06-11,3.46,3.46,3.46,3.46,3.405086,0.0,0.0,0.0,0.0,0.0,"June 11, 20",0.0
0,2020-06-10,3.46,3.46,3.46,3.46,3.405086,0.0,0.0,0.0,0.0,0.0,"June 10, 20",0.0
0,2020-06-09,3.46,3.46,3.46,3.46,3.405086,0.0,0.0,0.0,0.0,0.0,"June 09, 20",0.0
0,2020-06-08,3.46,3.46,3.46,3.46,3.405086,0.0,0.0,0.0,0.0,0.0,"June 08, 20",0.0
0,2020-06-05,3.46,3.46,3.46,3.46,3.405086,0.0,0.0,0.0,0.0,0.0,"June 05, 20",0.0
0,2020-06-04,3.46,3.46,3.46,3.46,3.405086,0.0,0.0,0.0,0.0,0.0,"June 04, 20",0.0
0,2020-06-03,3.5,3.5,3.5,3.5,3.444451,0.0,0.0,0.0,0.0,0.0,"June 03, 20",0.0
0,2020-06-02,3.5,3.5,3.5,3.5,3.444451,0.0,0.0,0.0,0.0,0.0,"June 02, 20",0.0
0,2020-06-01,3.5,3.5,3.5,3.5,3.444451,0.0,0.0,0.0,0.0,0.0,"June 01, 20",0.0
0,2020-05-29,3.5,3.5,3.5,3.5,3.444451,0.0,0.0,0.0,0.0,0.0,"May 29, 20",0.0
0,2020-05-28,3.5,3.5,3.5,3.5,3.444451,0.0,0.0,0.0,0.0,0.0,"May 28, 20",0.0
0,2020-05-27,3.5,3.5,3.5,3.5,3.444451,0.0,0.0,0.0,0.0,0.0,"May 27, 20",0.0
0,2020-05-26,3.5,3.5,3.5,3.5,3.444451,0.0,0.0,0.0,0.0,0.0,"May 26, 20",0.0
0,2020-05-25,3.5,3.5,3.5,3.5,3.444451,0.0,0.0,0.0,0.0,0.0,"May 25, 20",0.0
0,2020-05-22,3.5,3.5,3.5,3.5,3.444451,0.0,0.0,0.0,0.0,0.0,"May 22, 20",0.0
0,2020-05-21,3.5,3.5,3.5,3.5,3.444451,0.0,0.0,0.0,0.0,0.0,"May 21, 20",0.0
0,2020-05-20,3.5,3.5,3.5,3.5,3.444451,0.0,0.0,0.0,0.0,0.0,"May 20, 20",0.0
0,2020-05-19,3.5,3.5,3.5,3.5,3.444451,2000.0,2000.0,0.0,0.0,3.5,"May 19, 20",0.0
0,2020-05-18,5.41,5.61,3.03,3.8,3.73969,36000.0,36000.0,-1.61,-29.76,4.14667,"May 18, 20",-0.2976
0,2020-05-15,4.4,4.4,4.4,4.4,4.330167,0.0,0.0,0.0,0.0,0.0,"May 15, 20",0.0
0,2020-05-14,4.4,4.4,4.4,4.4,4.330167,0.0,0.0,0.0,0.0,0.0,"May 14, 20",0.0
0,2020-05-13,4.4,4.4,4.4,4.4,4.330167,0.0,0.0,0.0,0.0,0.0,"May 13, 20",0.0
0,2020-05-12,4.4,4.4,4.4,4.4,4.330167,0.0,0.0,0.0,0.0,0.0,"May 12, 20",0.0
0,2020-05-11,4.4,4.4,4.4,4.4,4.330167,0.0,0.0,0.0,0.0,0.0,"May 11, 20",0.0
0,2020-05-08,4.4,4.4,4.4,4.4,4.330167,0.0,0.0,0.0,0.0,0.0,"May 08, 20",0.0
0,2020-05-07,4.4,4.4,4.4,4.4,4.330167,0.0,0.0,0.0,0.0,0.0,"May 07, 20",0.0
0,2020-05-06,4.4,4.4,4.4,4.4,4.330167,0.0,0.0,0.0,0.0,0.0,"May 06, 20",0.0
0,2020-05-05,4.4,4.4,4.4,4.4,4.330167,0.0,0.0,0.0,0.0,0.0,"May 05, 20",0.0
0,2020-05-04,4.4,4.4,4.4,4.4,4.330167,0.0,0.0,0.0,0.0,0.0,"May 04, 20",0.0
0,2020-04-29,4.4,4.4,4.4,4.4,4.330167,0.0,0.0,0.0,0.0,0.0,"April 29, 20",0.0
0,2020-04-28,4.4,4.4,4.4,4.4,4.330167,0.0,0.0,0.0,0.0,0.0,"April 28, 20",0.0
0,2020-04-27,4.4,4.4,4.4,4.4,4.330167,0.0,0.0,0.0,0.0,0.0,"April 27, 20",0.0
0,2020-04-24,4.4,4.4,4.4,4.4,4.330167,0.0,0.0,0.0,0.0,0.0,"April 24, 20",0.0
0,2020-04-23,4.4,4.4,4.4,4.4,4.330167,0.0,0.0,0.0,0.0,0.0,"April 23, 20",0.0
0,2020-04-22,4.4,4.4,4.4,4.4,4.330167,0.0,0.0,0.0,0.0,0.0,"April 22, 20",0.0
0,2020-04-21,4.4,4.4,4.4,4.4,4.330167,0.0,0.0,0.0,0.0,0.0,"April 21, 20",0.0
0,2020-04-20,4.4,4.4,4.4,4.4,4.330167,0.0,0.0,0.0,0.0,0.0,"April 20, 20",0.0
0,2020-04-17,4.4,4.4,4.4,4.4,4.330167,0.0,0.0,0.0,0.0,0.0,"April 17, 20",0.0
0,2020-04-16,4.4,4.4,4.4,4.4,4.330167,0.0,0.0,0.0,0.0,0.0,"April 16, 20",0.0
0,2020-04-15,4.4,4.4,4.4,4.4,4.330167,0.0,0.0,0.0,0.0,0.0,"April 15, 20",0.0
0,2020-04-14,4.4,4.4,4.4,4.4,4.330167,0.0,0.0,0.0,0.0,0.0,"April 14, 20",0.0
0,2020-04-09,4.4,4.4,4.4,4.4,4.330167,0.0,0.0,0.0,0.0,0.0,"April 09, 20",0.0
0,2020-04-08,4.4,4.4,4.4,4.4,4.330167,0.0,0.0,0.0,0.0,0.0,"April 08, 20",0.0
0,2020-04-07,4.4,4.4,4.4,4.4,4.330167,0.0,0.0,0.0,0.0,0.0,"April 07, 20",0.0
0,2020-04-06,4.4,4.4,4.4,4.4,4.330167,0.0,0.0,0.0,0.0,0.0,"April 06, 20",0.0
0,2020-04-03,4.4,4.4,4.4,4.4,4.330167,0.0,0.0,0.0,0.0,0.0,"April 03, 20",0.0
0,2020-04-02,4.4,4.4,4.4,4.4,4.330167,0.0,0.0,0.0,0.0,0.0,"April 02, 20",0.0
0,2020-04-01,4.4,4.4,4.4,4.4,4.330167,0.0,0.0,0.0,0.0,0.0,"April 01, 20",0.0
0,2020-03-31,4.4,4.4,4.4,4.4,4.330167,0.0,0.0,0.0,0.0,0.0,"March 31, 20",0.0
0,2020-03-30,4.4,4.4,4.4,4.4,4.330167,0.0,0.0,0.0,0.0,0.0,"March 30, 20",0.0
0,2020-03-27,4.4,4.4,4.4,4.4,4.330167,0.0,0.0,0.0,0.0,0.0,"March 27, 20",0.0
0,2020-03-26,4.4,4.4,4.4,4.4,4.330167,0.0,0.0,0.0,0.0,0.0,"March 26, 20",0.0
0,2020-03-25,4.4,4.4,4.4,4.4,4.330167,0.0,0.0,0.0,0.0,0.0,"March 25, 20",0.0
0,2020-03-24,4.4,4.4,4.4,4.4,4.330167,0.0,0.0,0.0,0.0,0.0,"March 24, 20",0.0
0,2020-03-23,4.4,4.4,4.4,4.4,4.330167,0.0,0.0,0.0,0.0,0.0,"March 23, 20",0.0
0,2020-03-20,4.4,4.4,4.4,4.4,4.330167,0.0,0.0,0.0,0.0,0.0,"March 20, 20",0.0
0,2020-03-19,4.4,4.4,4.4,4.4,4.330167,0.0,0.0,0.0,0.0,0.0,"March 19, 20",0.0
0,2020-03-18,4.4,4.4,4.4,4.4,4.330167,0.0,0.0,0.0,0.0,0.0,"March 18, 20",0.0
0,2020-03-17,4.4,4.4,4.4,4.4,4.330167,0.0,0.0,0.0,0.0,0.0,"March 17, 20",0.0
0,2020-03-16,4.4,4.4,4.4,4.4,4.330167,0.0,0.0,0.0,0.0,0.0,"March 16, 20",0.0
0,2020-03-13,4.4,4.4,4.4,4.4,4.330167,0.0,0.0,0.0,0.0,0.0,"March 13, 20",0.0
0,2020-03-12,4.4,4.4,4.4,4.4,4.330167,0.0,0.0,0.0,0.0,0.0,"March 12, 20",0.0
0,2020-03-11,4.4,4.4,4.4,4.4,4.330167,0.0,0.0,0.0,0.0,0.0,"March 11, 20",0.0
0,2020-03-10,4.4,4.4,4.4,4.4,4.330167,0.0,0.0,0.0,0.0,0.0,"March 10, 20",0.0
0,2020-03-09,4.4,4.4,4.4,4.4,4.330167,0.0,0.0,0.0,0.0,0.0,"March 09, 20",0.0
0,2020-03-06,4.4,4.4,4.4,4.4,4.330167,0.0,0.0,0.0,0.0,0.0,"March 06, 20",0.0
0,2020-03-05,4.4,4.4,4.4,4.4,4.330167,0.0,0.0,0.0,0.0,0.0,"March 05, 20",0.0
0,2020-03-04,4.4,4.4,4.4,4.4,4.330167,0.0,0.0,0.0,0.0,0.0,"March 04, 20",0.0
0,2020-03-03,4.4,4.4,4.4,4.4,4.330167,0.0,0.0,0.0,0.0,0.0,"March 03, 20",0.0
0,2020-03-02,4.4,4.4,4.4,4.4,4.330167,0.0,0.0,0.0,0.0,0.0,"March 02, 20",0.0
0,2020-02-28,4.4,4.4,4.4,4.4,4.330167,0.0,0.0,0.0,0.0,0.0,"February 28, 20",0.0
0,2020-02-27,4.4,4.4,4.4,4.4,4.330167,0.0,0.0,0.0,0.0,0.0,"February 27, 20",0.0
0,2020-02-26,4.4,4.4,4.4,4.4,4.330167,0.0,0.0,0.0,0.0,0.0,"February 26, 20",0.0
0,2020-02-25,4.4,4.4,4.4,4.4,4.330167,0.0,0.0,0.0,0.0,0.0,"February 25, 20",0.0
0,2020-02-24,4.4,4.4,4.4,4.4,4.330167,0.0,0.0,0.0,0.0,0.0,"February 24, 20",0.0
0,2020-02-21,4.4,4.4,4.4,4.4,4.330167,0.0,0.0,0.0,0.0,0.0,"February 21, 20",0.0
0,2020-02-20,4.4,4.4,4.4,4.4,4.330167,0.0,0.0,0.0,0.0,0.0,"February 20, 20",0.0
0,2020-02-19,4.4,4.4,4.4,4.4,4.330167,0.0,0.0,0.0,0.0,0.0,"February 19, 20",0.0
0,2020-02-18,4.4,4.4,4.4,4.4,4.330167,0.0,0.0,0.0,0.0,0.0,"February 18, 20",0.0
0,2020-02-17,4.4,4.4,4.4,4.4,4.330167,0.0,0.0,0.0,0.0,0.0,"February 17, 20",0.0
0,2020-02-14,4.4,4.4,4.4,4.4,4.330167,0.0,0.0,0.0,0.0,0.0,"February 14, 20",0.0
0,2020-02-13,4.4,4.4,4.4,4.4,4.330167,0.0,0.0,0.0,0.0,0.0,"February 13, 20",0.0
0,2020-02-12,4.4,4.4,4.4,4.4,4.330167,0.0,0.0,0.0,0.0,0.0,"February 12, 20",0.0
0,2020-02-11,4.4,4.4,4.4,4.4,4.330167,0.0,0.0,0.0,0.0,0.0,"February 11, 20",0.0
0,2020-02-10,4.4,4.4,4.4,4.4,4.330167,0.0,0.0,0.0,0.0,0.0,"February 10, 20",0.0
0,2020-02-07,4.4,4.4,4.4,4.4,4.330167,12000.0,12000.0,0.0,0.0,4.4,"February 07, 20",0.0
0,2020-02-06,4.4,4.4,4.4,4.4,4.330167,0.0,0.0,0.0,0.0,0.0,"February 06, 20",0.0
0,2020-02-05,4.4,4.4,4.4,4.4,4.330167,0.0,0.0,0.0,0.0,0.0,"February 05, 20",0.0
0,2020-02-04,4.4,4.4,4.4,4.4,4.330167,0.0,0.0,0.0,0.0,0.0,"February 04, 20",0.0
0,2020-02-03,4.4,4.4,4.4,4.4,4.330167,0.0,0.0,0.0,0.0,0.0,"February 03, 20",0.0
0,2020-01-31,4.4,4.4,4.4,4.4,4.330167,0.0,0.0,0.0,0.0,0.0,"January 31, 20",0.0
0,2020-01-30,4.4,4.4,4.4,4.4,4.330167,0.0,0.0,0.0,0.0,0.0,"January 30, 20",0.0
0,2020-01-29,4.4,4.4,4.4,4.4,4.330167,4000.0,4000.0,0.0,0.0,4.4,"January 29, 20",0.0
0,2020-01-24,4.41,4.41,4.41,4.41,4.340008,0.0,0.0,0.0,0.0,0.0,"January 24, 20",0.0
0,2020-01-23,4.41,4.41,4.41,4.41,4.340008,0.0,0.0,0.0,0.0,0.0,"January 23, 20",0.0
0,2020-01-22,4.41,4.41,4.41,4.41,4.340008,0.0,0.0,0.0,0.0,0.0,"January 22, 20",0.0
0,2020-01-21,4.41,4.41,4.41,4.41,4.340008,0.0,0.0,0.0,0.0,0.0,"January 21, 20",0.0
0,2020-01-20,4.41,4.41,4.41,4.41,4.340008,0.0,0.0,0.0,0.0,0.0,"January 20, 20",0.0
0,2020-01-17,4.41,4.41,4.41,4.41,4.340008,0.0,0.0,0.0,0.0,0.0,"January 17, 20",0.0
0,2020-01-16,4.41,4.41,4.41,4.41,4.340008,0.0,0.0,0.0,0.0,0.0,"January 16, 20",0.0
0,2020-01-15,4.41,4.41,4.41,4.41,4.340008,0.0,0.0,0.0,0.0,0.0,"January 15, 20",0.0
0,2020-01-14,4.53,4.53,4.41,4.41,4.340008,6000.0,6000.0,-0.12,-2.649,4.45,"January 14, 20",-0.02649
0,2020-01-13,4.4,4.4,4.4,4.4,4.330167,0.0,0.0,0.0,0.0,0.0,"January 13, 20",0.0
0,2020-01-10,4.4,4.4,4.4,4.4,4.330167,0.0,0.0,0.0,0.0,0.0,"January 10, 20",0.0
0,2020-01-09,4.4,4.4,4.4,4.4,4.330167,0.0,0.0,0.0,0.0,0.0,"January 09, 20",0.0
0,2020-01-08,4.4,4.4,4.4,4.4,4.330167,0.0,0.0,0.0,0.0,0.0,"January 08, 20",0.0
0,2020-01-07,4.4,4.4,4.4,4.4,4.330167,0.0,0.0,0.0,0.0,0.0,"January 07, 20",0.0
0,2020-01-06,4.4,4.4,4.4,4.4,4.330167,0.0,0.0,0.0,0.0,0.0,"January 06, 20",0.0
0,2020-01-03,4.4,4.4,4.4,4.4,4.330167,0.0,0.0,0.0,0.0,0.0,"January 03, 20",0.0
0,2020-01-02,4.4,4.4,4.4,4.4,4.330167,0.0,0.0,0.0,0.0,0.0,"January 02, 20",0.0
0,2019-12-31,4.4,4.4,4.4,4.4,4.330167,0.0,0.0,0.0,0.0,0.0,"December 31, 19",0.0
0,2019-12-30,4.4,4.4,4.4,4.4,4.330167,0.0,0.0,0.0,0.0,0.0,"December 30, 19",0.0
0,2019-12-27,4.4,4.4,4.4,4.4,4.330167,0.0,0.0,0.0,0.0,0.0,"December 27, 19",0.0
0,2019-12-24,4.4,4.4,4.4,4.4,4.330167,0.0,0.0,0.0,0.0,0.0,"December 24, 19",0.0
0,2019-12-23,4.4,4.4,4.4,4.4,4.330167,0.0,0.0,0.0,0.0,0.0,"December 23, 19",0.0
0,2019-12-20,4.4,4.4,4.4,4.4,4.330167,0.0,0.0,0.0,0.0,0.0,"December 20, 19",0.0
0,2019-12-19,4.4,4.4,4.4,4.4,4.330167,0.0,0.0,0.0,0.0,0.0,"December 19, 19",0.0
0,2019-12-18,4.4,4.4,4.4,4.4,4.330167,0.0,0.0,0.0,0.0,0.0,"December 18, 19",0.0
0,2019-12-17,4.4,4.4,4.4,4.4,4.330167,6000.0,6000.0,0.0,0.0,4.4,"December 17, 19",0.0
0,2019-12-16,4.482,4.482,4.482,4.482,4.410866,0.0,0.0,0.0,0.0,0.0,"December 16, 19",0.0
0,2019-12-13,4.482,4.482,4.482,4.482,4.410866,0.0,0.0,0.0,0.0,0.0,"December 13, 19",0.0
0,2019-12-12,4.482,4.482,4.482,4.482,4.410866,0.0,0.0,0.0,0.0,0.0,"December 12, 19",0.0
0,2019-12-11,4.482,4.482,4.482,4.482,4.410866,0.0,0.0,0.0,0.0,0.0,"December 11, 19",0.0
0,2019-12-10,4.482,4.482,4.482,4.482,4.410866,1200.0,1200.0,0.0,0.0,4.482,"December 10, 19",0.0
0,2019-12-09,4.482,4.482,4.482,4.482,4.410866,0.0,0.0,0.0,0.0,0.0,"December 09, 19",0.0
0,2019-12-06,4.482,4.482,4.482,4.482,4.410866,0.0,0.0,0.0,0.0,0.0,"December 06, 19",0.0
0,2019-12-05,4.482,4.482,4.482,4.482,4.410866,0.0,0.0,0.0,0.0,0.0,"December 05, 19",0.0
0,2019-12-04,4.482,4.482,4.482,4.482,4.410866,0.0,0.0,0.0,0.0,0.0,"December 04, 19",0.0
0,2019-12-03,4.482,4.482,4.482,4.482,4.410866,0.0,0.0,0.0,0.0,0.0,"December 03, 19",0.0
0,2019-12-02,4.482,4.482,4.482,4.482,4.410866,0.0,0.0,0.0,0.0,0.0,"December 02, 19",0.0
0,2019-11-29,4.482,4.482,4.482,4.482,4.410866,0.0,0.0,0.0,0.0,0.0,"November 29, 19",0.0
0,2019-11-28,4.5,4.5,4.5,4.5,4.410866,0.0,0.0,0.0,0.0,0.0,"November 28, 19",0.0
0,2019-11-27,4.5,4.5,4.5,4.5,4.410866,0.0,0.0,0.0,0.0,0.0,"November 27, 19",0.0
0,2019-11-26,4.5,4.5,4.5,4.5,4.410866,0.0,0.0,0.0,0.0,0.0,"November 26, 19",0.0
0,2019-11-25,4.5,4.5,4.5,4.5,4.410866,2000.0,2000.0,0.0,0.0,4.5,"November 25, 19",0.0
0,2019-11-22,4.5,4.5,4.4,4.5,4.410866,287200.0,287200.0,0.0,0.0,4.46667,"November 22, 19",0.0
0,2019-11-21,4.4,4.4,4.4,4.4,4.312847,0.0,0.0,0.0,0.0,0.0,"November 21, 19",0.0
0,2019-11-20,4.4,4.4,4.4,4.4,4.312847,0.0,0.0,0.0,0.0,0.0,"November 20, 19",0.0
0,2019-11-19,4.4,4.4,4.4,4.4,4.312847,0.0,0.0,0.0,0.0,0.0,"November 19, 19",0.0
0,2019-11-18,4.4,4.4,4.4,4.4,4.312847,0.0,0.0,0.0,0.0,0.0,"November 18, 19",0.0
0,2019-11-15,4.4,4.4,4.4,4.4,4.312847,0.0,0.0,0.0,0.0,0.0,"November 15, 19",0.0
0,2019-11-14,4.4,4.4,4.4,4.4,4.312847,0.0,0.0,0.0,0.0,0.0,"November 14, 19",0.0
0,2019-11-13,4.3,4.3,4.3,4.3,4.214827,0.0,0.0,0.0,0.0,0.0,"November 13, 19",0.0
0,2019-11-12,4.3,4.3,4.3,4.3,4.214827,0.0,0.0,0.0,0.0,0.0,"November 12, 19",0.0
0,2019-11-11,4.3,4.3,4.3,4.3,4.214827,0.0,0.0,0.0,0.0,0.0,"November 11, 19",0.0
0,2019-11-08,4.3,4.3,4.3,4.3,4.214827,0.0,0.0,0.0,0.0,0.0,"November 08, 19",0.0
0,2019-11-07,4.3,4.3,4.3,4.3,4.214827,0.0,0.0,0.0,0.0,0.0,"November 07, 19",0.0
0,2019-11-06,4.3,4.3,4.3,4.3,4.214827,0.0,0.0,0.0,0.0,0.0,"November 06, 19",0.0
0,2019-11-05,4.3,4.3,4.3,4.3,4.214827,0.0,0.0,0.0,0.0,0.0,"November 05, 19",0.0
0,2019-11-04,4.3,4.3,4.3,4.3,4.214827,0.0,0.0,0.0,0.0,0.0,"November 04, 19",0.0
0,2019-11-01,4.3,4.3,4.3,4.3,4.214827,0.0,0.0,0.0,0.0,0.0,"November 01, 19",0.0
0,2019-10-31,4.3,4.3,4.3,4.3,4.214827,0.0,0.0,0.0,0.0,0.0,"October 31, 19",0.0
0,2019-10-30,4.3,4.3,4.3,4.3,4.214827,0.0,0.0,0.0,0.0,0.0,"October 30, 19",0.0
0,2019-10-29,4.3,4.3,4.3,4.3,4.214827,0.0,0.0,0.0,0.0,0.0,"October 29, 19",0.0
0,2019-10-28,4.3,4.3,4.3,4.3,4.214827,0.0,0.0,0.0,0.0,0.0,"October 28, 19",0.0
0,2019-10-25,4.3,4.3,4.3,4.3,4.214827,0.0,0.0,0.0,0.0,0.0,"October 25, 19",0.0
0,2019-10-24,4.3,4.3,4.3,4.3,4.214827,0.0,0.0,0.0,0.0,0.0,"October 24, 19",0.0
0,2019-10-23,4.3,4.3,4.3,4.3,4.214827,0.0,0.0,0.0,0.0,0.0,"October 23, 19",0.0
0,2019-10-22,4.3,4.3,4.3,4.3,4.214827,0.0,0.0,0.0,0.0,0.0,"October 22, 19",0.0
0,2019-10-21,4.3,4.3,4.3,4.3,4.214827,0.0,0.0,0.0,0.0,0.0,"October 21, 19",0.0
0,2019-10-18,4.3,4.3,4.3,4.3,4.214827,0.0,0.0,0.0,0.0,0.0,"October 18, 19",0.0
0,2019-10-17,4.3,4.3,4.3,4.3,4.214827,0.0,0.0,0.0,0.0,0.0,"October 17, 19",0.0
0,2019-10-16,4.3,4.3,4.3,4.3,4.214827,0.0,0.0,0.0,0.0,0.0,"October 16, 19",0.0
0,2019-10-15,4.3,4.3,4.3,4.3,4.214827,0.0,0.0,0.0,0.0,0.0,"October 15, 19",0.0
0,2019-10-14,4.3,4.3,4.3,4.3,4.214827,0.0,0.0,0.0,0.0,0.0,"October 14, 19",0.0
0,2019-10-11,4.3,4.3,4.3,4.3,4.214827,0.0,0.0,0.0,0.0,0.0,"October 11, 19",0.0
0,2019-10-10,4.3,4.3,4.3,4.3,4.214827,0.0,0.0,0.0,0.0,0.0,"October 10, 19",0.0
0,2019-10-09,4.3,4.3,4.3,4.3,4.214827,8000.0,8000.0,0.0,0.0,4.3,"October 09, 19",0.0
0,2019-10-08,4.3,4.3,4.3,4.3,4.214827,0.0,0.0,0.0,0.0,0.0,"October 08, 19",0.0
0,2019-10-04,4.3,4.3,4.3,4.3,4.214827,0.0,0.0,0.0,0.0,0.0,"October 04, 19",0.0
0,2019-10-03,4.3,4.3,4.3,4.3,4.214827,0.0,0.0,0.0,0.0,0.0,"October 03, 19",0.0
0,2019-10-02,4.3,4.3,4.3,4.3,4.214827,0.0,0.0,0.0,0.0,0.0,"October 02, 19",0.0
0,2019-09-30,4.3,4.3,4.3,4.3,4.214827,0.0,0.0,0.0,0.0,0.0,"September 30, 19",0.0
0,2019-09-27,4.3,4.3,4.3,4.3,4.214827,0.0,0.0,0.0,0.0,0.0,"September 27, 19",0.0
0,2019-09-26,4.3,4.3,4.3,4.3,4.214827,0.0,0.0,0.0,0.0,0.0,"September 26, 19",0.0
0,2019-09-25,4.3,4.3,4.3,4.3,4.214827,0.0,0.0,0.0,0.0,0.0,"September 25, 19",0.0
0,2019-09-24,4.3,4.3,4.3,4.3,4.214827,0.0,0.0,0.0,0.0,0.0,"September 24, 19",0.0
0,2019-09-23,4.3,4.3,4.3,4.3,4.214827,0.0,0.0,0.0,0.0,0.0,"September 23, 19",0.0
0,2019-09-20,4.3,4.3,4.3,4.3,4.214827,0.0,0.0,0.0,0.0,0.0,"September 20, 19",0.0
0,2019-09-19,4.3,4.3,4.3,4.3,4.214827,0.0,0.0,0.0,0.0,0.0,"September 19, 19",0.0
0,2019-09-18,4.3,4.3,4.3,4.3,4.214827,0.0,0.0,0.0,0.0,0.0,"September 18, 19",0.0
0,2019-09-17,4.3,4.3,4.3,4.3,4.214827,6000.0,6000.0,0.0,0.0,4.3,"September 17, 19",0.0
0,2019-09-16,4.4,4.4,4.4,4.4,4.312847,0.0,0.0,0.0,0.0,0.0,"September 16, 19",0.0
0,2019-09-13,4.4,4.4,4.4,4.4,4.312847,0.0,0.0,0.0,0.0,0.0,"September 13, 19",0.0
0,2019-09-12,4.4,4.4,4.4,4.4,4.312847,0.0,0.0,0.0,0.0,0.0,"September 12, 19",0.0
0,2019-09-11,4.4,4.4,4.4,4.4,4.312847,0.0,0.0,0.0,0.0,0.0,"September 11, 19",0.0
0,2019-09-10,4.4,4.4,4.4,4.4,4.312847,0.0,0.0,0.0,0.0,0.0,"September 10, 19",0.0
0,2019-09-09,4.4,4.4,4.4,4.4,4.312847,0.0,0.0,0.0,0.0,0.0,"September 09, 19",0.0
0,2019-09-06,4.4,4.4,4.4,4.4,4.312847,0.0,0.0,0.0,0.0,0.0,"September 06, 19",0.0
0,2019-09-05,4.4,4.4,4.4,4.4,4.312847,0.0,0.0,0.0,0.0,0.0,"September 05, 19",0.0
0,2019-09-04,4.4,4.4,4.4,4.4,4.312847,0.0,0.0,0.0,0.0,0.0,"September 04, 19",0.0
0,2019-09-03,4.4,4.4,4.4,4.4,4.312847,0.0,0.0,0.0,0.0,0.0,"September 03, 19",0.0
0,2019-09-02,4.4,4.4,4.4,4.4,4.312847,2000.0,2000.0,0.0,0.0,4.4,"September 02, 19",0.0
0,2019-08-30,4.45,4.45,4.45,4.45,4.361856,0.0,0.0,0.0,0.0,0.0,"August 30, 19",0.0
0,2019-08-29,4.768,4.768,4.768,4.768,4.673558,0.0,0.0,0.0,0.0,0.0,"August 29, 19",0.0
0,2019-08-28,4.768,4.768,4.768,4.768,4.673558,0.0,0.0,0.0,0.0,0.0,"August 28, 19",0.0
0,2019-08-27,4.768,4.768,4.768,4.768,4.673558,0.0,0.0,0.0,0.0,0.0,"August 27, 19",0.0
0,2019-08-26,4.768,4.768,4.768,4.768,4.673558,0.0,0.0,0.0,0.0,0.0,"August 26, 19",0.0
0,2019-08-23,4.768,4.768,4.768,4.768,4.673558,0.0,0.0,0.0,0.0,0.0,"August 23, 19",0.0
0,2019-08-22,4.768,4.768,4.768,4.768,4.673558,0.0,0.0,0.0,0.0,0.0,"August 22, 19",0.0
0,2019-08-21,4.768,4.768,4.768,4.768,4.673558,0.0,0.0,0.0,0.0,0.0,"August 21, 19",0.0
0,2019-08-20,4.768,4.768,4.768,4.768,4.673558,0.0,0.0,0.0,0.0,0.0,"August 20, 19",0.0
0,2019-08-19,4.8,4.8,4.8,4.8,4.673558,0.0,0.0,0.0,0.0,0.0,"August 19, 19",0.0
0,2019-08-16,4.8,4.8,4.8,4.8,4.673558,0.0,0.0,0.0,0.0,0.0,"August 16, 19",0.0
0,2019-08-15,4.8,4.8,4.8,4.8,4.673558,0.0,0.0,0.0,0.0,0.0,"August 15, 19",0.0
0,2019-08-14,4.8,4.8,4.8,4.8,4.673558,0.0,0.0,0.0,0.0,0.0,"August 14, 19",0.0
0,2019-08-13,4.8,4.8,4.8,4.8,4.673558,0.0,0.0,0.0,0.0,0.0,"August 13, 19",0.0
0,2019-08-12,4.8,4.8,4.8,4.8,4.673558,0.0,0.0,0.0,0.0,0.0,"August 12, 19",0.0
0,2019-08-09,4.8,4.8,4.8,4.8,4.673558,0.0,0.0,0.0,0.0,0.0,"August 09, 19",0.0
0,2019-08-08,4.8,4.8,4.8,4.8,4.673558,0.0,0.0,0.0,0.0,0.0,"August 08, 19",0.0
0,2019-08-07,4.8,4.8,4.8,4.8,4.673558,0.0,0.0,0.0,0.0,0.0,"August 07, 19",0.0
0,2019-08-06,4.8,4.8,4.8,4.8,4.673558,0.0,0.0,0.0,0.0,0.0,"August 06, 19",0.0
0,2019-08-05,4.8,4.8,4.8,4.8,4.673558,0.0,0.0,0.0,0.0,0.0,"August 05, 19",0.0
0,2019-08-02,4.8,4.8,4.8,4.8,4.673558,0.0,0.0,0.0,0.0,0.0,"August 02, 19",0.0
0,2019-08-01,4.8,4.8,4.8,4.8,4.673558,0.0,0.0,0.0,0.0,0.0,"August 01, 19",0.0
0,2019-07-31,4.8,4.8,4.8,4.8,4.673558,0.0,0.0,0.0,0.0,0.0,"July 31, 19",0.0
0,2019-07-30,4.8,4.8,4.8,4.8,4.673558,0.0,0.0,0.0,0.0,0.0,"July 30, 19",0.0
0,2019-07-29,4.8,4.8,4.8,4.8,4.673558,0.0,0.0,0.0,0.0,0.0,"July 29, 19",0.0
0,2019-07-26,4.8,4.8,4.8,4.8,4.673558,0.0,0.0,0.0,0.0,0.0,"July 26, 19",0.0
0,2019-07-25,4.8,4.8,4.8,4.8,4.673558,0.0,0.0,0.0,0.0,0.0,"July 25, 19",0.0
0,2019-07-24,4.8,4.8,4.8,4.8,4.673558,0.0,0.0,0.0,0.0,0.0,"July 24, 19",0.0
0,2019-07-23,4.8,4.8,4.8,4.8,4.673558,0.0,0.0,0.0,0.0,0.0,"July 23, 19",0.0
0,2019-07-22,4.8,4.8,4.8,4.8,4.673558,0.0,0.0,0.0,0.0,0.0,"July 22, 19",0.0
0,2019-07-19,4.8,4.8,4.8,4.8,4.673558,0.0,0.0,0.0,0.0,0.0,"July 19, 19",0.0
0,2019-07-18,4.8,4.8,4.8,4.8,4.673558,0.0,0.0,0.0,0.0,0.0,"July 18, 19",0.0
0,2019-07-17,4.8,4.8,4.8,4.8,4.673558,0.0,0.0,0.0,0.0,0.0,"July 17, 19",0.0
0,2019-07-16,4.8,4.8,4.8,4.8,4.673558,0.0,0.0,0.0,0.0,0.0,"July 16, 19",0.0
0,2019-07-15,4.8,4.8,4.8,4.8,4.673558,0.0,0.0,0.0,0.0,0.0,"July 15, 19",0.0
0,2019-07-12,4.8,4.8,4.8,4.8,4.673558,0.0,0.0,0.0,0.0,0.0,"July 12, 19",0.0
0,2019-07-11,4.8,4.8,4.8,4.8,4.673558,0.0,0.0,0.0,0.0,0.0,"July 11, 19",0.0
0,2019-07-10,4.8,4.8,4.8,4.8,4.673558,0.0,0.0,0.0,0.0,0.0,"July 10, 19",0.0
0,2019-07-09,4.8,4.8,4.8,4.8,4.673558,0.0,0.0,0.0,0.0,0.0,"July 09, 19",0.0
0,2019-07-08,4.8,4.8,4.8,4.8,4.673558,0.0,0.0,0.0,0.0,0.0,"July 08, 19",0.0
0,2019-07-05,4.8,4.8,4.8,4.8,4.673558,0.0,0.0,0.0,0.0,0.0,"July 05, 19",0.0
0,2019-07-04,4.8,4.8,4.8,4.8,4.673558,0.0,0.0,0.0,0.0,0.0,"July 04, 19",0.0
0,2019-07-03,4.8,4.8,4.8,4.8,4.673558,0.0,0.0,0.0,0.0,0.0,"July 03, 19",0.0
0,2019-07-02,4.8,4.8,4.8,4.8,4.673558,0.0,0.0,0.0,0.0,0.0,"July 02, 19",0.0
0,2019-06-28,4.8,4.8,4.8,4.8,4.673558,0.0,0.0,0.0,0.0,0.0,"June 28, 19",0.0
0,2019-06-27,4.8,4.8,4.8,4.8,4.673558,0.0,0.0,0.0,0.0,0.0,"June 27, 19",0.0
0,2019-06-26,4.8,4.8,4.8,4.8,4.673558,0.0,0.0,0.0,0.0,0.0,"June 26, 19",0.0
0,2019-06-25,4.8,4.8,4.8,4.8,4.673558,0.0,0.0,0.0,0.0,0.0,"June 25, 19",0.0
0,2019-06-24,4.8,4.8,4.8,4.8,4.673558,0.0,0.0,0.0,0.0,0.0,"June 24, 19",0.0
0,2019-06-21,4.8,4.8,4.8,4.8,4.673558,0.0,0.0,0.0,0.0,0.0,"June 21, 19",0.0
0,2019-06-20,4.8,4.8,4.8,4.8,4.673558,0.0,0.0,0.0,0.0,0.0,"June 20, 19",0.0
0,2019-06-19,4.8,4.8,4.8,4.8,4.673558,0.0,0.0,0.0,0.0,0.0,"June 19, 19",0.0
0,2019-06-18,4.8,4.8,4.8,4.8,4.673558,0.0,0.0,0.0,0.0,0.0,"June 18, 19",0.0
0,2019-06-17,4.8,4.8,4.8,4.8,4.673558,0.0,0.0,0.0,0.0,0.0,"June 17, 19",0.0
0,2019-06-14,4.8,4.8,4.8,4.8,4.673558,0.0,0.0,0.0,0.0,0.0,"June 14, 19",0.0
0,2019-06-13,4.8,4.8,4.43,4.8,4.673558,4000.0,4000.0,0.0,0.0,4.67667,"June 13, 19",0.0
0,2019-06-12,4.8,4.8,4.8,4.8,4.673558,0.0,0.0,0.0,0.0,0.0,"June 12, 19",0.0
0,2019-06-11,4.8,4.8,4.8,4.8,4.673558,0.0,0.0,0.0,0.0,0.0,"June 11, 19",0.0
0,2019-06-10,4.8,4.8,4.8,4.8,4.673558,0.0,0.0,0.0,0.0,0.0,"June 10, 19",0.0
0,2019-06-06,4.8,4.8,4.8,4.8,4.673558,0.0,0.0,0.0,0.0,0.0,"June 06, 19",0.0
0,2019-06-05,4.8,4.8,4.8,4.8,4.673558,0.0,0.0,0.0,0.0,0.0,"June 05, 19",0.0
0,2019-06-04,4.0,4.0,4.0,4.0,3.894631,0.0,0.0,0.0,0.0,0.0,"June 04, 19",0.0
0,2019-06-03,3.97,3.97,3.97,3.97,3.865422,0.0,0.0,0.0,0.0,0.0,"June 03, 19",0.0
0,2019-05-31,3.97,3.97,3.97,3.97,3.865422,0.0,0.0,0.0,0.0,0.0,"May 31, 19",0.0
0,2019-05-30,3.97,3.97,3.97,3.97,3.865422,0.0,0.0,0.0,0.0,0.0,"May 30, 19",0.0
0,2019-05-29,3.97,3.97,3.97,3.97,3.865422,0.0,0.0,0.0,0.0,0.0,"May 29, 19",0.0
0,2019-05-28,3.97,3.97,3.97,3.97,3.865422,0.0,0.0,0.0,0.0,0.0,"May 28, 19",0.0
0,2019-05-27,3.97,3.97,3.97,3.97,3.865422,0.0,0.0,0.0,0.0,0.0,"May 27, 19",0.0
0,2019-05-24,3.97,3.97,3.97,3.97,3.865422,0.0,0.0,0.0,0.0,0.0,"May 24, 19",0.0
0,2019-05-23,3.97,3.97,3.97,3.97,3.865422,0.0,0.0,0.0,0.0,0.0,"May 23, 19",0.0
0,2019-05-22,3.97,3.97,3.97,3.97,3.865422,0.0,0.0,0.0,0.0,0.0,"May 22, 19",0.0
0,2019-05-21,3.97,3.97,3.97,3.97,3.865422,0.0,0.0,0.0,0.0,0.0,"May 21, 19",0.0
0,2019-05-20,3.97,3.97,3.97,3.97,3.865422,0.0,0.0,0.0,0.0,0.0,"May 20, 19",0.0
0,2019-05-17,3.97,3.97,3.97,3.97,3.865422,0.0,0.0,0.0,0.0,0.0,"May 17, 19",0.0
0,2019-05-16,3.97,3.97,3.97,3.97,3.865422,0.0,0.0,0.0,0.0,0.0,"May 16, 19",0.0
0,2019-05-15,3.97,3.97,3.97,3.97,3.865422,0.0,0.0,0.0,0.0,0.0,"May 15, 19",0.0
0,2019-05-14,3.97,3.97,3.97,3.97,3.865422,0.0,0.0,0.0,0.0,0.0,"May 14, 19",0.0
0,2019-05-10,3.97,3.97,3.97,3.97,3.865422,0.0,0.0,0.0,0.0,0.0,"May 10, 19",0.0
0,2019-05-09,3.97,3.97,3.97,3.97,3.865422,0.0,0.0,0.0,0.0,0.0,"May 09, 19",0.0
0,2019-05-08,3.97,3.97,3.97,3.97,3.865422,0.0,0.0,0.0,0.0,0.0,"May 08, 19",0.0
0,2019-05-07,3.97,3.97,3.97,3.97,3.865422,0.0,0.0,0.0,0.0,0.0,"May 07, 19",0.0
0,2019-05-06,3.97,3.97,3.97,3.97,3.865422,0.0,0.0,0.0,0.0,0.0,"May 06, 19",0.0
0,2019-05-03,3.97,3.97,3.97,3.97,3.865422,0.0,0.0,0.0,0.0,0.0,"May 03, 19",0.0
0,2019-05-02,3.97,3.97,3.97,3.97,3.865422,0.0,0.0,0.0,0.0,0.0,"May 02, 19",0.0
0,2019-04-30,3.97,3.97,3.97,3.97,3.865422,0.0,0.0,0.0,0.0,0.0,"April 30, 19",0.0
0,2019-04-29,3.97,3.97,3.97,3.97,3.865422,0.0,0.0,0.0,0.0,0.0,"April 29, 19",0.0
0,2019-04-26,3.97,3.97,3.97,3.97,3.865422,0.0,0.0,0.0,0.0,0.0,"April 26, 19",0.0
0,2019-04-25,3.97,3.97,3.97,3.97,3.865422,0.0,0.0,0.0,0.0,0.0,"April 25, 19",0.0
0,2019-04-24,3.97,3.97,3.97,3.97,3.865422,0.0,0.0,0.0,0.0,0.0,"April 24, 19",0.0
0,2019-04-23,3.97,3.97,3.97,3.97,3.865422,0.0,0.0,0.0,0.0,0.0,"April 23, 19",0.0
0,2019-04-18,3.96,3.96,3.96,3.96,3.855685,0.0,0.0,0.0,0.0,0.0,"April 18, 19",0.0
0,2019-04-17,3.96,3.96,3.96,3.96,3.855685,0.0,0.0,0.0,0.0,0.0,"April 17, 19",0.0
0,2019-04-16,3.96,3.96,3.96,3.96,3.855685,0.0,0.0,0.0,0.0,0.0,"April 16, 19",0.0
0,2019-04-15,3.96,3.96,3.96,3.96,3.855685,0.0,0.0,0.0,0.0,0.0,"April 15, 19",0.0
0,2019-04-12,3.96,3.96,3.96,3.96,3.855685,0.0,0.0,0.0,0.0,0.0,"April 12, 19",0.0
0,2019-04-11,3.96,3.96,3.96,3.96,3.855685,0.0,0.0,0.0,0.0,0.0,"April 11, 19",0.0
0,2019-04-10,3.96,3.96,3.96,3.96,3.855685,0.0,0.0,0.0,0.0,0.0,"April 10, 19",0.0
0,2019-04-09,3.96,3.96,3.96,3.96,3.855685,0.0,0.0,0.0,0.0,0.0,"April 09, 19",0.0
0,2019-04-08,3.95,3.95,3.95,3.95,3.845948,0.0,0.0,0.0,0.0,0.0,"April 08, 19",0.0
0,2019-04-04,3.94,3.95,3.94,3.95,3.845948,26000.0,26000.0,0.01,0.254,3.94667,"April 04, 19",0.00254
0,2019-04-03,4.15,4.15,4.15,4.15,4.040679,0.0,0.0,0.0,0.0,0.0,"April 03, 19",0.0
0,2019-04-02,4.15,4.15,4.15,4.15,4.040679,0.0,0.0,0.0,0.0,0.0,"April 02, 19",0.0
0,2019-04-01,4.15,4.15,4.15,4.15,4.040679,0.0,0.0,0.0,0.0,0.0,"April 01, 19",0.0
0,2019-03-29,4.15,4.15,4.15,4.15,4.040679,0.0,0.0,0.0,0.0,0.0,"March 29, 19",0.0
0,2019-03-28,4.15,4.15,4.15,4.15,4.040679,0.0,0.0,0.0,0.0,0.0,"March 28, 19",0.0
0,2019-03-27,4.15,4.15,4.15,4.15,4.040679,0.0,0.0,0.0,0.0,0.0,"March 27, 19",0.0
0,2019-03-26,4.15,4.15,4.15,4.15,4.040679,0.0,0.0,0.0,0.0,0.0,"March 26, 19",0.0
0,2019-03-25,4.15,4.15,4.15,4.15,4.040679,0.0,0.0,0.0,0.0,0.0,"March 25, 19",0.0
0,2019-03-22,4.15,4.15,4.15,4.15,4.040679,0.0,0.0,0.0,0.0,0.0,"March 22, 19",0.0
0,2019-03-21,4.15,4.15,4.15,4.15,4.040679,0.0,0.0,0.0,0.0,0.0,"March 21, 19",0.0
0,2019-03-20,4.3,4.3,4.3,4.3,4.186728,0.0,0.0,0.0,0.0,0.0,"March 20, 19",0.0
0,2019-03-19,4.3,4.3,4.3,4.3,4.186728,0.0,0.0,0.0,0.0,0.0,"March 19, 19",0.0
0,2019-03-18,4.3,4.3,4.3,4.3,4.186728,0.0,0.0,0.0,0.0,0.0,"March 18, 19",0.0
0,2019-03-15,4.3,4.3,4.3,4.3,4.186728,0.0,0.0,0.0,0.0,0.0,"March 15, 19",0.0
0,2019-03-14,4.3,4.3,4.3,4.3,4.186728,0.0,0.0,0.0,0.0,0.0,"March 14, 19",0.0
0,2019-03-13,4.3,4.3,4.3,4.3,4.186728,0.0,0.0,0.0,0.0,0.0,"March 13, 19",0.0
0,2019-03-12,4.3,4.3,4.3,4.3,4.186728,0.0,0.0,0.0,0.0,0.0,"March 12, 19",0.0
0,2019-03-11,4.3,4.3,4.3,4.3,4.186728,0.0,0.0,0.0,0.0,0.0,"March 11, 19",0.0
0,2019-03-08,4.3,4.3,4.3,4.3,4.186728,0.0,0.0,0.0,0.0,0.0,"March 08, 19",0.0
0,2019-03-07,4.3,4.3,4.3,4.3,4.186728,0.0,0.0,0.0,0.0,0.0,"March 07, 19",0.0
0,2019-03-06,4.3,4.3,4.3,4.3,4.186728,0.0,0.0,0.0,0.0,0.0,"March 06, 19",0.0
0,2019-03-05,4.3,4.3,4.3,4.3,4.186728,0.0,0.0,0.0,0.0,0.0,"March 05, 19",0.0
0,2019-03-04,4.3,4.3,4.3,4.3,4.186728,0.0,0.0,0.0,0.0,0.0,"March 04, 19",0.0
0,2019-03-01,4.3,4.3,4.3,4.3,4.186728,0.0,0.0,0.0,0.0,0.0,"March 01, 19",0.0
0,2019-02-28,4.3,4.3,4.3,4.3,4.186728,0.0,0.0,0.0,0.0,0.0,"February 28, 19",0.0
0,2019-02-27,4.3,4.3,4.3,4.3,4.186728,0.0,0.0,0.0,0.0,0.0,"February 27, 19",0.0
0,2019-02-26,4.3,4.3,4.3,4.3,4.186728,0.0,0.0,0.0,0.0,0.0,"February 26, 19",0.0
0,2019-02-25,4.3,4.3,4.3,4.3,4.186728,0.0,0.0,0.0,0.0,0.0,"February 25, 19",0.0
0,2019-02-22,4.3,4.3,4.3,4.3,4.186728,0.0,0.0,0.0,0.0,0.0,"February 22, 19",0.0
0,2019-02-21,4.3,4.3,4.3,4.3,4.186728,0.0,0.0,0.0,0.0,0.0,"February 21, 19",0.0
0,2019-02-20,4.3,4.3,4.3,4.3,4.186728,0.0,0.0,0.0,0.0,0.0,"February 20, 19",0.0
0,2019-02-19,4.3,4.3,4.3,4.3,4.186728,0.0,0.0,0.0,0.0,0.0,"February 19, 19",0.0
0,2019-02-18,4.3,4.3,4.3,4.3,4.186728,0.0,0.0,0.0,0.0,0.0,"February 18, 19",0.0
0,2019-02-15,4.3,4.3,4.3,4.3,4.186728,0.0,0.0,0.0,0.0,0.0,"February 15, 19",0.0
0,2019-02-14,4.3,4.3,4.3,4.3,4.186728,0.0,0.0,0.0,0.0,0.0,"February 14, 19",0.0
0,2019-02-13,4.3,4.3,4.3,4.3,4.186728,0.0,0.0,0.0,0.0,0.0,"February 13, 19",0.0
0,2019-02-12,4.3,4.3,4.3,4.3,4.186728,0.0,0.0,0.0,0.0,0.0,"February 12, 19",0.0
0,2019-02-11,4.3,4.3,4.3,4.3,4.186728,0.0,0.0,0.0,0.0,0.0,"February 11, 19",0.0
0,2019-02-08,4.3,4.3,4.3,4.3,4.186728,0.0,0.0,0.0,0.0,0.0,"February 08, 19",0.0
0,2019-02-04,4.166,4.166,4.166,4.166,4.056258,0.0,0.0,0.0,0.0,0.0,"February 04, 19",0.0
0,2019-02-01,4.166,4.166,4.166,4.166,4.056258,0.0,0.0,0.0,0.0,0.0,"February 01, 19",0.0
0,2019-01-31,4.166,4.166,4.166,4.166,4.056258,0.0,0.0,0.0,0.0,0.0,"January 31, 19",0.0
0,2019-01-30,4.166,4.166,4.166,4.166,4.056258,0.0,0.0,0.0,0.0,0.0,"January 30, 19",0.0
0,2019-01-29,4.166,4.166,4.166,4.166,4.056258,0.0,0.0,0.0,0.0,0.0,"January 29, 19",0.0
0,2019-01-28,4.166,4.166,4.166,4.166,4.056258,0.0,0.0,0.0,0.0,0.0,"January 28, 19",0.0
0,2019-01-25,4.166,4.166,4.166,4.166,4.056258,0.0,0.0,0.0,0.0,0.0,"January 25, 19",0.0
0,2019-01-24,4.166,4.166,4.166,4.166,4.056258,0.0,0.0,0.0,0.0,0.0,"January 24, 19",0.0
0,2019-01-23,4.166,4.166,4.166,4.166,4.056258,0.0,0.0,0.0,0.0,0.0,"January 23, 19",0.0
0,2019-01-22,4.166,4.166,4.166,4.166,4.056258,0.0,0.0,0.0,0.0,0.0,"January 22, 19",0.0
0,2019-01-21,4.166,4.166,4.166,4.166,4.056258,0.0,0.0,0.0,0.0,0.0,"January 21, 19",0.0
0,2019-01-18,4.166,4.166,4.166,4.166,4.056258,0.0,0.0,0.0,0.0,0.0,"January 18, 19",0.0
0,2019-01-17,4.166,4.166,4.166,4.166,4.056258,0.0,0.0,0.0,0.0,0.0,"January 17, 19",0.0
0,2019-01-16,4.166,4.166,4.166,4.166,4.056258,0.0,0.0,0.0,0.0,0.0,"January 16, 19",0.0
0,2019-01-15,4.166,4.166,4.166,4.166,4.056258,0.0,0.0,0.0,0.0,0.0,"January 15, 19",0.0
0,2019-01-14,4.166,4.166,4.166,4.166,4.056258,0.0,0.0,0.0,0.0,0.0,"January 14, 19",0.0
0,2019-01-11,4.166,4.166,4.166,4.166,4.056258,0.0,0.0,0.0,0.0,0.0,"January 11, 19",0.0
0,2019-01-10,4.166,4.166,4.166,4.166,4.056258,0.0,0.0,0.0,0.0,0.0,"January 10, 19",0.0
0,2019-01-09,4.166,4.166,4.166,4.166,4.056258,0.0,0.0,0.0,0.0,0.0,"January 09, 19",0.0
0,2019-01-08,4.166,4.166,4.166,4.166,4.056258,0.0,0.0,0.0,0.0,0.0,"January 08, 19",0.0
0,2019-01-07,4.166,4.166,4.166,4.166,4.056258,0.0,0.0,0.0,0.0,0.0,"January 07, 19",0.0
0,2019-01-04,4.166,4.166,4.166,4.166,4.056258,0.0,0.0,0.0,0.0,0.0,"January 04, 19",0.0
0,2019-01-03,4.166,4.166,4.166,4.166,4.056258,0.0,0.0,0.0,0.0,0.0,"January 03, 19",0.0
0,2019-01-02,4.166,4.166,4.166,4.166,4.056258,0.0,0.0,0.0,0.0,0.0,"January 02, 19",0.0
0,2018-12-31,4.166,4.166,4.166,4.166,4.056258,0.0,0.0,0.0,0.0,0.0,"December 31, 18",0.0
0,2018-12-28,4.166,4.166,4.166,4.166,4.056258,0.0,0.0,0.0,0.0,0.0,"December 28, 18",0.0
0,2018-12-27,4.166,4.166,4.166,4.166,4.056258,0.0,0.0,0.0,0.0,0.0,"December 27, 18",0.0
0,2018-12-24,4.166,4.166,4.166,4.166,4.056258,0.0,0.0,0.0,0.0,0.0,"December 24, 18",0.0
0,2018-12-21,4.166,4.166,4.166,4.166,4.056258,0.0,0.0,0.0,0.0,0.0,"December 21, 18",0.0
0,2018-12-20,4.166,4.166,4.166,4.166,4.056258,0.0,0.0,0.0,0.0,0.0,"December 20, 18",0.0
0,2018-12-19,4.166,4.166,4.166,4.166,4.056258,0.0,0.0,0.0,0.0,0.0,"December 19, 18",0.0
0,2018-12-18,4.166,4.166,4.166,4.166,4.056258,0.0,0.0,0.0,0.0,0.0,"December 18, 18",0.0
0,2018-12-17,4.166,4.166,4.166,4.166,4.056258,0.0,0.0,0.0,0.0,0.0,"December 17, 18",0.0
0,2018-12-14,4.166,4.166,4.166,4.166,4.056258,0.0,0.0,0.0,0.0,0.0,"December 14, 18",0.0
0,2018-12-13,4.166,4.166,4.166,4.166,4.056258,0.0,0.0,0.0,0.0,0.0,"December 13, 18",0.0
0,2018-12-12,4.166,4.166,4.166,4.166,4.056258,0.0,0.0,0.0,0.0,0.0,"December 12, 18",0.0
0,2018-12-11,4.166,4.166,4.166,4.166,4.056258,0.0,0.0,0.0,0.0,0.0,"December 11, 18",0.0
0,2018-12-10,4.166,4.166,4.166,4.166,4.056258,0.0,0.0,0.0,0.0,0.0,"December 10, 18",0.0
0,2018-12-07,4.166,4.166,4.166,4.166,4.056258,0.0,0.0,0.0,0.0,0.0,"December 07, 18",0.0
0,2018-12-06,4.166,4.166,4.166,4.166,4.056258,0.0,0.0,0.0,0.0,0.0,"December 06, 18",0.0
0,2018-12-05,4.166,4.166,4.166,4.166,4.056258,0.0,0.0,0.0,0.0,0.0,"December 05, 18",0.0
0,2018-12-04,4.166,4.166,4.166,4.166,4.056258,0.0,0.0,0.0,0.0,0.0,"December 04, 18",0.0
0,2018-12-03,4.166,4.166,4.166,4.166,4.056258,0.0,0.0,0.0,0.0,0.0,"December 03, 18",0.0
0,2018-11-30,4.166,4.166,4.166,4.166,4.056258,0.0,0.0,0.0,0.0,0.0,"November 30, 18",0.0
0,2018-11-29,4.166,4.166,4.166,4.166,4.056258,0.0,0.0,0.0,0.0,0.0,"November 29, 18",0.0
0,2018-11-28,4.188,4.188,4.188,4.188,4.056258,0.0,0.0,0.0,0.0,0.0,"November 28, 18",0.0
0,2018-11-27,4.188,4.188,4.188,4.188,4.056258,0.0,0.0,0.0,0.0,0.0,"November 27, 18",0.0
0,2018-11-26,4.188,4.188,4.188,4.188,4.056258,0.0,0.0,0.0,0.0,0.0,"November 26, 18",0.0
0,2018-11-23,4.188,4.188,4.188,4.188,4.056258,0.0,0.0,0.0,0.0,0.0,"November 23, 18",0.0
0,2018-11-22,4.188,4.188,4.188,4.188,4.056258,0.0,0.0,0.0,0.0,0.0,"November 22, 18",0.0
0,2018-11-21,4.188,4.188,4.188,4.188,4.056258,0.0,0.0,0.0,0.0,0.0,"November 21, 18",0.0
0,2018-11-20,4.188,4.188,4.188,4.188,4.056258,0.0,0.0,0.0,0.0,0.0,"November 20, 18",0.0
0,2018-11-19,4.188,4.188,4.188,4.188,4.056258,0.0,0.0,0.0,0.0,0.0,"November 19, 18",0.0
0,2018-11-16,4.188,4.188,4.188,4.188,4.056258,0.0,0.0,0.0,0.0,0.0,"November 16, 18",0.0
0,2018-11-15,4.188,4.188,4.188,4.188,4.056258,0.0,0.0,0.0,0.0,0.0,"November 15, 18",0.0
0,2018-11-14,4.188,4.188,4.188,4.188,4.056258,0.0,0.0,0.0,0.0,0.0,"November 14, 18",0.0
0,2018-11-13,4.188,4.188,4.188,4.188,4.056258,0.0,0.0,0.0,0.0,0.0,"November 13, 18",0.0
0,2018-11-12,4.188,4.188,4.188,4.188,4.056258,0.0,0.0,0.0,0.0,0.0,"November 12, 18",0.0
0,2018-11-09,4.188,4.188,4.188,4.188,4.056258,0.0,0.0,0.0,0.0,0.0,"November 09, 18",0.0
0,2018-11-08,4.188,4.188,4.188,4.188,4.056258,0.0,0.0,0.0,0.0,0.0,"November 08, 18",0.0
0,2018-11-07,4.188,4.188,4.188,4.188,4.056258,0.0,0.0,0.0,0.0,0.0,"November 07, 18",0.0
0,2018-11-06,4.188,4.188,4.188,4.188,4.056258,0.0,0.0,0.0,0.0,0.0,"November 06, 18",0.0
0,2018-11-05,4.188,4.188,4.188,4.188,4.056258,0.0,0.0,0.0,0.0,0.0,"November 05, 18",0.0
0,2018-11-02,4.188,4.188,4.188,4.188,4.056258,0.0,0.0,0.0,0.0,0.0,"November 02, 18",0.0
0,2018-11-01,4.188,4.188,4.188,4.188,4.056258,0.0,0.0,0.0,0.0,0.0,"November 01, 18",0.0
0,2018-10-31,4.188,4.188,4.188,4.188,4.056258,0.0,0.0,0.0,0.0,0.0,"October 31, 18",0.0
0,2018-10-30,4.188,4.188,4.188,4.188,4.056258,0.0,0.0,0.0,0.0,0.0,"October 30, 18",0.0
0,2018-10-29,4.188,4.188,4.188,4.188,4.056258,0.0,0.0,0.0,0.0,0.0,"October 29, 18",0.0
0,2018-10-26,4.188,4.188,4.188,4.188,4.056258,0.0,0.0,0.0,0.0,0.0,"October 26, 18",0.0
0,2018-10-25,4.188,4.188,4.188,4.188,4.056258,0.0,0.0,0.0,0.0,0.0,"October 25, 18",0.0
0,2018-10-24,4.188,4.188,4.188,4.188,4.056258,0.0,0.0,0.0,0.0,0.0,"October 24, 18",0.0
0,2018-10-23,4.188,4.188,4.188,4.188,4.056258,0.0,0.0,0.0,0.0,0.0,"October 23, 18",0.0
0,2018-10-22,4.188,4.188,4.188,4.188,4.056258,0.0,0.0,0.0,0.0,0.0,"October 22, 18",0.0
0,2018-10-19,4.188,4.188,4.188,4.188,4.056258,0.0,0.0,0.0,0.0,0.0,"October 19, 18",0.0
0,2018-10-18,4.188,4.188,4.188,4.188,4.056258,0.0,0.0,0.0,0.0,0.0,"October 18, 18",0.0
0,2018-10-16,4.188,4.188,4.188,4.188,4.056258,0.0,0.0,0.0,0.0,0.0,"October 16, 18",0.0
0,2018-10-15,4.188,4.188,4.188,4.188,4.056258,0.0,0.0,0.0,0.0,0.0,"October 15, 18",0.0
0,2018-10-12,4.188,4.188,4.188,4.188,4.056258,0.0,0.0,0.0,0.0,0.0,"October 12, 18",0.0
0,2018-10-11,4.188,4.188,4.188,4.188,4.056258,0.0,0.0,0.0,0.0,0.0,"October 11, 18",0.0
0,2018-10-10,4.188,4.188,4.188,4.188,4.056258,0.0,0.0,0.0,0.0,0.0,"October 10, 18",0.0
0,2018-10-09,4.188,4.188,4.188,4.188,4.056258,0.0,0.0,0.0,0.0,0.0,"October 09, 18",0.0
0,2018-10-08,4.188,4.188,4.188,4.188,4.056258,0.0,0.0,0.0,0.0,0.0,"October 08, 18",0.0
0,2018-10-05,4.188,4.188,4.188,4.188,4.056258,0.0,0.0,0.0,0.0,0.0,"October 05, 18",0.0
0,2018-10-04,4.188,4.188,4.188,4.188,4.056258,0.0,0.0,0.0,0.0,0.0,"October 04, 18",0.0
0,2018-10-03,4.188,4.188,4.188,4.188,4.056258,0.0,0.0,0.0,0.0,0.0,"October 03, 18",0.0
0,2018-10-02,4.188,4.188,4.188,4.188,4.056258,0.0,0.0,0.0,0.0,0.0,"October 02, 18",0.0
0,2018-09-28,4.188,4.188,4.188,4.188,4.056258,0.0,0.0,0.0,0.0,0.0,"September 28, 18",0.0
0,2018-09-27,4.188,4.188,4.188,4.188,4.056258,0.0,0.0,0.0,0.0,0.0,"September 27, 18",0.0
0,2018-09-26,4.22,4.22,4.22,4.22,4.087252,0.0,0.0,0.0,0.0,0.0,"September 26, 18",0.0
0,2018-09-24,4.22,4.22,4.22,4.22,4.087252,0.0,0.0,0.0,0.0,0.0,"September 24, 18",0.0
0,2018-09-21,4.22,4.22,4.22,4.22,4.087252,0.0,0.0,0.0,0.0,0.0,"September 21, 18",0.0
0,2018-09-20,4.22,4.22,4.22,4.22,4.087252,0.0,0.0,0.0,0.0,0.0,"September 20, 18",0.0
0,2018-09-19,4.22,4.22,4.22,4.22,4.087252,0.0,0.0,0.0,0.0,0.0,"September 19, 18",0.0
0,2018-09-18,4.22,4.22,4.22,4.22,4.087252,0.0,0.0,0.0,0.0,0.0,"September 18, 18",0.0
0,2018-09-17,4.22,4.22,4.22,4.22,4.087252,0.0,0.0,0.0,0.0,0.0,"September 17, 18",0.0
0,2018-09-14,4.22,4.22,4.22,4.22,4.087252,0.0,0.0,0.0,0.0,0.0,"September 14, 18",0.0
0,2018-09-13,4.22,4.22,4.22,4.22,4.087252,0.0,0.0,0.0,0.0,0.0,"September 13, 18",0.0
0,2018-09-12,4.22,4.22,4.22,4.22,4.087252,0.0,0.0,0.0,0.0,0.0,"September 12, 18",0.0
0,2018-09-11,4.22,4.22,4.22,4.22,4.087252,0.0,0.0,0.0,0.0,0.0,"September 11, 18",0.0
0,2018-09-10,4.22,4.22,4.22,4.22,4.087252,0.0,0.0,0.0,0.0,0.0,"September 10, 18",0.0
0,2018-09-07,4.22,4.22,4.22,4.22,4.087252,0.0,0.0,0.0,0.0,0.0,"September 07, 18",0.0
0,2018-09-06,4.22,4.22,4.22,4.22,4.087252,0.0,0.0,0.0,0.0,0.0,"September 06, 18",0.0
0,2018-09-05,4.22,4.22,4.22,4.22,4.087252,0.0,0.0,0.0,0.0,0.0,"September 05, 18",0.0
0,2018-09-04,4.22,4.22,4.22,4.22,4.087252,0.0,0.0,0.0,0.0,0.0,"September 04, 18",0.0
0,2018-09-03,4.22,4.22,4.22,4.22,4.087252,0.0,0.0,0.0,0.0,0.0,"September 03, 18",0.0
0,2018-08-31,4.22,4.22,4.22,4.22,4.087252,0.0,0.0,0.0,0.0,0.0,"August 31, 18",0.0
0,2018-08-30,4.22,4.22,4.22,4.22,4.087252,0.0,0.0,0.0,0.0,0.0,"August 30, 18",0.0
0,2018-08-29,4.22,4.22,4.22,4.22,4.087252,0.0,0.0,0.0,0.0,0.0,"August 29, 18",0.0
0,2018-08-28,4.22,4.22,4.22,4.22,4.087252,0.0,0.0,0.0,0.0,0.0,"August 28, 18",0.0
0,2018-08-27,4.22,4.22,4.22,4.22,4.087252,0.0,0.0,0.0,0.0,0.0,"August 27, 18",0.0
0,2018-08-24,4.22,4.22,4.22,4.22,4.087252,0.0,0.0,0.0,0.0,0.0,"August 24, 18",0.0
0,2018-08-23,4.22,4.22,4.22,4.22,4.087252,0.0,0.0,0.0,0.0,0.0,"August 23, 18",0.0
0,2018-08-22,4.22,4.22,4.22,4.22,4.087252,0.0,0.0,0.0,0.0,0.0,"August 22, 18",0.0
0,2018-08-21,4.22,4.22,4.22,4.22,4.087252,0.0,0.0,0.0,0.0,0.0,"August 21, 18",0.0
0,2018-08-20,4.22,4.22,4.22,4.22,4.087252,0.0,0.0,0.0,0.0,0.0,"August 20, 18",0.0
0,2018-08-17,4.22,4.22,4.22,4.22,4.056258,0.0,0.0,0.0,0.0,0.0,"August 17, 18",0.0
0,2018-08-16,4.22,4.22,4.22,4.22,4.056258,0.0,0.0,0.0,0.0,0.0,"August 16, 18",0.0
0,2018-08-15,4.22,4.22,4.22,4.22,4.056258,0.0,0.0,0.0,0.0,0.0,"August 15, 18",0.0
0,2018-08-14,4.22,4.22,4.22,4.22,4.056258,0.0,0.0,0.0,0.0,0.0,"August 14, 18",0.0
0,2018-08-13,4.22,4.22,4.22,4.22,4.056258,0.0,0.0,0.0,0.0,0.0,"August 13, 18",0.0
0,2018-08-10,4.22,4.22,4.22,4.22,4.056258,0.0,0.0,0.0,0.0,0.0,"August 10, 18",0.0
0,2018-08-09,4.22,4.22,4.22,4.22,4.056258,0.0,0.0,0.0,0.0,0.0,"August 09, 18",0.0
0,2018-08-08,4.22,4.22,4.22,4.22,4.056258,0.0,0.0,0.0,0.0,0.0,"August 08, 18",0.0
0,2018-08-07,4.22,4.22,4.22,4.22,4.056258,0.0,0.0,0.0,0.0,0.0,"August 07, 18",0.0
0,2018-08-06,4.22,4.22,4.22,4.22,4.056258,0.0,0.0,0.0,0.0,0.0,"August 06, 18",0.0
0,2018-08-03,4.22,4.22,4.22,4.22,4.056258,0.0,0.0,0.0,0.0,0.0,"August 03, 18",0.0
0,2018-08-02,4.22,4.22,4.22,4.22,4.056258,0.0,0.0,0.0,0.0,0.0,"August 02, 18",0.0
0,2018-08-01,4.22,4.22,4.22,4.22,4.056258,0.0,0.0,0.0,0.0,0.0,"August 01, 18",0.0
0,2018-07-31,4.22,4.22,4.22,4.22,4.056258,0.0,0.0,0.0,0.0,0.0,"July 31, 18",0.0
0,2018-07-30,4.22,4.22,4.22,4.22,4.056258,0.0,0.0,0.0,0.0,0.0,"July 30, 18",0.0
0,2018-07-27,4.22,4.22,4.22,4.22,4.056258,0.0,0.0,0.0,0.0,0.0,"July 27, 18",0.0
0,2018-07-26,4.22,4.22,4.22,4.22,4.056258,0.0,0.0,0.0,0.0,0.0,"July 26, 18",0.0
0,2018-07-25,4.22,4.22,4.22,4.22,4.056258,0.0,0.0,0.0,0.0,0.0,"July 25, 18",0.0
0,2018-07-24,4.22,4.22,4.22,4.22,4.056258,0.0,0.0,0.0,0.0,0.0,"July 24, 18",0.0
0,2018-07-23,4.22,4.22,4.22,4.22,4.056258,0.0,0.0,0.0,0.0,0.0,"July 23, 18",0.0
0,2018-07-20,4.22,4.22,4.22,4.22,4.056258,0.0,0.0,0.0,0.0,0.0,"July 20, 18",0.0
0,2018-07-19,4.22,4.22,4.22,4.22,4.056258,0.0,0.0,0.0,0.0,0.0,"July 19, 18",0.0
0,2018-07-18,4.22,4.22,4.22,4.22,4.056258,0.0,0.0,0.0,0.0,0.0,"July 18, 18",0.0
0,2018-07-17,4.22,4.22,4.22,4.22,4.056258,0.0,0.0,0.0,0.0,0.0,"July 17, 18",0.0
0,2018-07-16,4.22,4.22,4.22,4.22,4.056258,0.0,0.0,0.0,0.0,0.0,"July 16, 18",0.0
0,2018-07-13,4.22,4.22,4.22,4.22,4.056258,0.0,0.0,0.0,0.0,0.0,"July 13, 18",0.0
0,2018-07-12,4.22,4.22,4.22,4.22,4.056258,0.0,0.0,0.0,0.0,0.0,"July 12, 18",0.0
0,2018-07-11,4.22,4.22,4.22,4.22,4.056258,0.0,0.0,0.0,0.0,0.0,"July 11, 18",0.0
0,2018-07-10,4.42,4.42,4.42,4.42,4.248498,0.0,0.0,0.0,0.0,0.0,"July 10, 18",0.0
0,2018-07-09,4.42,4.42,4.42,4.42,4.248498,0.0,0.0,0.0,0.0,0.0,"July 09, 18",0.0
0,2018-07-06,4.42,4.42,4.42,4.42,4.248498,0.0,0.0,0.0,0.0,0.0,"July 06, 18",0.0
0,2018-07-05,4.42,4.42,4.42,4.42,4.248498,2000.0,2000.0,0.0,0.0,4.42,"July 05, 18",0.0
0,2018-07-04,4.66,4.66,4.66,4.66,4.479185,0.0,0.0,0.0,0.0,0.0,"July 04, 18",0.0
0,2018-07-03,4.66,4.66,4.66,4.66,4.479185,0.0,0.0,0.0,0.0,0.0,"July 03, 18",0.0
0,2018-06-29,4.66,4.66,4.66,4.66,4.479185,0.0,0.0,0.0,0.0,0.0,"June 29, 18",0.0
0,2018-06-28,4.66,4.66,4.66,4.66,4.479185,0.0,0.0,0.0,0.0,0.0,"June 28, 18",0.0
0,2018-06-27,4.66,4.66,4.66,4.66,4.479185,0.0,0.0,0.0,0.0,0.0,"June 27, 18",0.0
0,2018-06-26,4.66,4.66,4.66,4.66,4.479185,0.0,0.0,0.0,0.0,0.0,"June 26, 18",0.0
0,2018-06-25,4.66,4.66,4.66,4.66,4.479185,0.0,0.0,0.0,0.0,0.0,"June 25, 18",0.0
0,2018-06-22,4.66,4.66,4.66,4.66,4.479185,0.0,0.0,0.0,0.0,0.0,"June 22, 18",0.0
0,2018-06-21,4.66,4.66,4.66,4.66,4.479185,0.0,0.0,0.0,0.0,0.0,"June 21, 18",0.0
0,2018-06-20,4.66,4.66,4.66,4.66,4.479185,0.0,0.0,0.0,0.0,0.0,"June 20, 18",0.0
0,2018-06-19,4.66,4.66,4.66,4.66,4.479185,0.0,0.0,0.0,0.0,0.0,"June 19, 18",0.0
0,2018-06-15,4.66,4.66,4.66,4.66,4.479185,0.0,0.0,0.0,0.0,0.0,"June 15, 18",0.0
0,2018-06-14,4.66,4.66,4.66,4.66,4.479185,0.0,0.0,0.0,0.0,0.0,"June 14, 18",0.0
0,2018-06-13,4.66,4.66,4.66,4.66,4.479185,0.0,0.0,0.0,0.0,0.0,"June 13, 18",0.0
0,2018-06-12,4.66,4.66,4.66,4.66,4.479185,0.0,0.0,0.0,0.0,0.0,"June 12, 18",0.0
0,2018-06-11,4.66,4.66,4.66,4.66,4.479185,0.0,0.0,0.0,0.0,0.0,"June 11, 18",0.0
0,2018-06-08,4.66,4.66,4.66,4.66,4.479185,0.0,0.0,0.0,0.0,0.0,"June 08, 18",0.0
0,2018-06-07,4.66,4.66,4.66,4.66,4.479185,0.0,0.0,0.0,0.0,0.0,"June 07, 18",0.0
0,2018-06-06,4.66,4.66,4.66,4.66,4.479185,0.0,0.0,0.0,0.0,0.0,"June 06, 18",0.0
0,2018-06-05,4.66,4.66,4.66,4.66,4.479185,0.0,0.0,0.0,0.0,0.0,"June 05, 18",0.0
0,2018-06-04,4.66,4.66,4.66,4.66,4.479185,0.0,0.0,0.0,0.0,0.0,"June 04, 18",0.0
0,2018-06-01,4.66,4.66,4.66,4.66,4.479185,0.0,0.0,0.0,0.0,0.0,"June 01, 18",0.0
0,2018-05-31,4.66,4.66,4.66,4.66,4.479185,0.0,0.0,0.0,0.0,0.0,"May 31, 18",0.0
0,2018-05-30,4.66,4.66,4.66,4.66,4.479185,0.0,0.0,0.0,0.0,0.0,"May 30, 18",0.0
0,2018-05-29,4.66,4.66,4.66,4.66,4.479185,0.0,0.0,0.0,0.0,0.0,"May 29, 18",0.0
0,2018-05-28,4.66,4.66,4.66,4.66,4.479185,0.0,0.0,0.0,0.0,0.0,"May 28, 18",0.0
0,2018-05-25,4.66,4.66,4.66,4.66,4.479185,0.0,0.0,0.0,0.0,0.0,"May 25, 18",0.0
0,2018-05-24,4.66,4.66,4.66,4.66,4.479185,0.0,0.0,0.0,0.0,0.0,"May 24, 18",0.0
0,2018-05-23,4.66,4.66,4.66,4.66,4.479185,0.0,0.0,0.0,0.0,0.0,"May 23, 18",0.0
0,2018-05-21,4.66,4.66,4.66,4.66,4.479185,0.0,0.0,0.0,0.0,0.0,"May 21, 18",0.0
0,2018-05-18,4.66,4.66,4.66,4.66,4.479185,0.0,0.0,0.0,0.0,0.0,"May 18, 18",0.0
0,2018-05-17,4.66,4.66,4.66,4.66,4.479185,0.0,0.0,0.0,0.0,0.0,"May 17, 18",0.0
0,2018-05-16,4.66,4.66,4.66,4.66,4.479185,0.0,0.0,0.0,0.0,0.0,"May 16, 18",0.0
0,2018-05-15,4.66,4.66,4.66,4.66,4.479185,0.0,0.0,0.0,0.0,0.0,"May 15, 18",0.0
0,2018-05-14,4.66,4.66,4.66,4.66,4.479185,0.0,0.0,0.0,0.0,0.0,"May 14, 18",0.0
0,2018-05-11,4.66,4.66,4.66,4.66,4.479185,0.0,0.0,0.0,0.0,0.0,"May 11, 18",0.0
0,2018-05-10,4.66,4.66,4.66,4.66,4.479185,0.0,0.0,0.0,0.0,0.0,"May 10, 18",0.0
0,2018-05-09,4.66,4.66,4.66,4.66,4.479185,0.0,0.0,0.0,0.0,0.0,"May 09, 18",0.0
0,2018-05-08,4.66,4.66,4.66,4.66,4.479185,0.0,0.0,0.0,0.0,0.0,"May 08, 18",0.0
0,2018-05-07,4.66,4.66,4.66,4.66,4.479185,0.0,0.0,0.0,0.0,0.0,"May 07, 18",0.0
0,2018-05-04,4.66,4.66,4.66,4.66,4.479185,0.0,0.0,0.0,0.0,0.0,"May 04, 18",0.0
0,2018-05-03,4.66,4.66,4.66,4.66,4.479185,0.0,0.0,0.0,0.0,0.0,"May 03, 18",0.0
0,2018-05-02,4.66,4.66,4.66,4.66,4.479185,0.0,0.0,0.0,0.0,0.0,"May 02, 18",0.0
0,2018-04-30,4.66,4.66,4.66,4.66,4.479185,0.0,0.0,0.0,0.0,0.0,"April 30, 18",0.0
0,2018-04-27,4.66,4.66,4.66,4.66,4.479185,0.0,0.0,0.0,0.0,0.0,"April 27, 18",0.0
0,2018-04-26,4.66,4.66,4.66,4.66,4.479185,0.0,0.0,0.0,0.0,0.0,"April 26, 18",0.0
0,2018-04-25,4.66,4.66,4.66,4.66,4.479185,0.0,0.0,0.0,0.0,0.0,"April 25, 18",0.0
0,2018-04-24,4.66,4.66,4.66,4.66,4.479185,0.0,0.0,0.0,0.0,0.0,"April 24, 18",0.0
0,2018-04-23,4.66,4.66,4.66,4.66,4.479185,0.0,0.0,0.0,0.0,0.0,"April 23, 18",0.0
0,2018-04-20,4.66,4.66,4.66,4.66,4.479185,0.0,0.0,0.0,0.0,0.0,"April 20, 18",0.0
0,2018-04-19,4.66,4.66,4.66,4.66,4.479185,0.0,0.0,0.0,0.0,0.0,"April 19, 18",0.0
0,2018-04-18,4.66,4.66,4.66,4.66,4.479185,0.0,0.0,0.0,0.0,0.0,"April 18, 18",0.0
0,2018-04-17,4.66,4.66,4.66,4.66,4.479185,0.0,0.0,0.0,0.0,0.0,"April 17, 18",0.0
0,2018-04-16,4.66,4.66,4.66,4.66,4.479185,0.0,0.0,0.0,0.0,0.0,"April 16, 18",0.0
0,2018-04-13,4.66,4.66,4.66,4.66,4.479185,0.0,0.0,0.0,0.0,0.0,"April 13, 18",0.0
0,2018-04-12,4.66,4.66,4.66,4.66,4.479185,0.0,0.0,0.0,0.0,0.0,"April 12, 18",0.0
0,2018-04-11,4.66,4.66,4.66,4.66,4.479185,0.0,0.0,0.0,0.0,0.0,"April 11, 18",0.0
0,2018-04-10,4.66,4.66,4.66,4.66,4.479185,0.0,0.0,0.0,0.0,0.0,"April 10, 18",0.0
0,2018-04-09,4.66,4.66,4.66,4.66,4.479185,0.0,0.0,0.0,0.0,0.0,"April 09, 18",0.0
0,2018-04-06,4.66,4.66,4.66,4.66,4.479185,0.0,0.0,0.0,0.0,0.0,"April 06, 18",0.0
0,2018-04-04,4.66,4.66,4.66,4.66,4.479185,0.0,0.0,0.0,0.0,0.0,"April 04, 18",0.0
0,2018-04-03,4.66,4.66,4.66,4.66,4.479185,0.0,0.0,0.0,0.0,0.0,"April 03, 18",0.0
0,2018-03-29,4.66,4.66,4.66,4.66,4.479185,0.0,0.0,0.0,0.0,0.0,"March 29, 18",0.0
0,2018-03-28,4.66,4.66,4.66,4.66,4.479185,0.0,0.0,0.0,0.0,0.0,"March 28, 18",0.0
0,2018-03-27,4.66,4.66,4.66,4.66,4.479185,0.0,0.0,0.0,0.0,0.0,"March 27, 18",0.0
0,2018-03-26,4.66,4.66,4.66,4.66,4.479185,0.0,0.0,0.0,0.0,0.0,"March 26, 18",0.0
0,2018-03-23,4.66,4.66,4.66,4.66,4.479185,0.0,0.0,0.0,0.0,0.0,"March 23, 18",0.0
0,2018-03-22,4.66,4.66,4.66,4.66,4.479185,0.0,0.0,0.0,0.0,0.0,"March 22, 18",0.0
0,2018-03-21,4.66,4.66,4.66,4.66,4.479185,0.0,0.0,0.0,0.0,0.0,"March 21, 18",0.0
0,2018-03-20,4.66,4.66,4.66,4.66,4.479185,0.0,0.0,0.0,0.0,0.0,"March 20, 18",0.0
0,2018-03-19,4.66,4.66,4.66,4.66,4.479185,0.0,0.0,0.0,0.0,0.0,"March 19, 18",0.0
0,2018-03-16,4.66,4.66,4.66,4.66,4.479185,0.0,0.0,0.0,0.0,0.0,"March 16, 18",0.0
0,2018-03-15,4.66,4.66,4.66,4.66,4.479185,0.0,0.0,0.0,0.0,0.0,"March 15, 18",0.0
0,2018-03-14,4.66,4.66,4.66,4.66,4.479185,0.0,0.0,0.0,0.0,0.0,"March 14, 18",0.0
0,2018-03-13,4.66,4.66,4.66,4.66,4.479185,0.0,0.0,0.0,0.0,0.0,"March 13, 18",0.0
0,2018-03-12,4.66,4.66,4.66,4.66,4.479185,0.0,0.0,0.0,0.0,0.0,"March 12, 18",0.0
0,2018-03-09,4.66,4.66,4.66,4.66,4.479185,0.0,0.0,0.0,0.0,0.0,"March 09, 18",0.0
0,2018-03-08,4.66,4.66,4.66,4.66,4.479185,0.0,0.0,0.0,0.0,0.0,"March 08, 18",0.0
0,2018-03-07,4.66,4.66,4.66,4.66,4.479185,0.0,0.0,0.0,0.0,0.0,"March 07, 18",0.0
0,2018-03-06,4.66,4.66,4.66,4.66,4.479185,0.0,0.0,0.0,0.0,0.0,"March 06, 18",0.0
0,2018-03-05,4.66,4.66,4.66,4.66,4.479185,0.0,0.0,0.0,0.0,0.0,"March 05, 18",0.0
0,2018-03-02,4.66,4.66,4.66,4.66,4.479185,0.0,0.0,0.0,0.0,0.0,"March 02, 18",0.0
0,2018-03-01,4.66,4.66,4.66,4.66,4.479185,0.0,0.0,0.0,0.0,0.0,"March 01, 18",0.0
0,2018-02-28,4.66,4.66,4.66,4.66,4.479185,0.0,0.0,0.0,0.0,0.0,"February 28, 18",0.0
0,2018-02-27,4.66,4.66,4.66,4.66,4.479185,0.0,0.0,0.0,0.0,0.0,"February 27, 18",0.0
0,2018-02-26,4.66,4.66,4.66,4.66,4.479185,0.0,0.0,0.0,0.0,0.0,"February 26, 18",0.0
0,2018-02-23,4.66,4.66,4.66,4.66,4.479185,0.0,0.0,0.0,0.0,0.0,"February 23, 18",0.0
0,2018-02-22,4.66,4.66,4.66,4.66,4.479185,0.0,0.0,0.0,0.0,0.0,"February 22, 18",0.0
0,2018-02-21,4.66,4.66,4.66,4.66,4.479185,0.0,0.0,0.0,0.0,0.0,"February 21, 18",0.0
0,2018-02-20,4.66,4.66,4.66,4.66,4.479185,0.0,0.0,0.0,0.0,0.0,"February 20, 18",0.0
0,2018-02-15,4.66,4.66,4.66,4.66,4.479185,0.0,0.0,0.0,0.0,0.0,"February 15, 18",0.0
0,2018-02-14,4.66,4.66,4.66,4.66,4.479185,0.0,0.0,0.0,0.0,0.0,"February 14, 18",0.0
0,2018-02-13,4.66,4.66,4.66,4.66,4.479185,0.0,0.0,0.0,0.0,0.0,"February 13, 18",0.0
0,2018-02-12,4.66,4.66,4.66,4.66,4.479185,0.0,0.0,0.0,0.0,0.0,"February 12, 18",0.0
0,2018-02-09,4.66,4.66,4.66,4.66,4.479185,18000.0,18000.0,0.0,0.0,4.66,"February 09, 18",0.0
0,2018-02-08,5.0,5.0,5.0,5.0,4.805994,0.0,0.0,0.0,0.0,0.0,"February 08, 18",0.0
0,2018-02-07,5.0,5.0,5.0,5.0,4.805994,0.0,0.0,0.0,0.0,0.0,"February 07, 18",0.0
0,2018-02-06,5.0,5.0,5.0,5.0,4.805994,2000.0,2000.0,0.0,0.0,5.0,"February 06, 18",0.0
0,2018-02-05,5.8,5.8,5.8,5.8,5.574952,0.0,0.0,0.0,0.0,0.0,"February 05, 18",0.0
0,2018-02-02,5.8,5.8,5.8,5.8,5.574952,0.0,0.0,0.0,0.0,0.0,"February 02, 18",0.0
0,2018-02-01,5.8,5.8,5.8,5.8,5.574952,0.0,0.0,0.0,0.0,0.0,"February 01, 18",0.0
0,2018-01-31,5.8,5.8,5.8,5.8,5.574952,0.0,0.0,0.0,0.0,0.0,"January 31, 18",0.0
0,2018-01-30,5.8,5.8,5.8,5.8,5.574952,0.0,0.0,0.0,0.0,0.0,"January 30, 18",0.0
0,2018-01-29,5.8,5.8,5.8,5.8,5.574952,0.0,0.0,0.0,0.0,0.0,"January 29, 18",0.0
0,2018-01-26,5.8,5.8,5.8,5.8,5.574952,2000.0,2000.0,0.0,0.0,5.8,"January 26, 18",0.0
0,2018-01-25,4.84,4.84,4.84,4.84,4.652201,0.0,0.0,0.0,0.0,0.0,"January 25, 18",0.0
0,2018-01-24,4.84,4.84,4.84,4.84,4.652201,0.0,0.0,0.0,0.0,0.0,"January 24, 18",0.0
0,2018-01-23,4.84,4.84,4.84,4.84,4.652201,20000.0,20000.0,0.0,0.0,4.84,"January 23, 18",0.0
0,2018-01-22,4.5,4.5,4.5,4.5,4.325394,0.0,0.0,0.0,0.0,0.0,"January 22, 18",0.0
0,2018-01-19,4.5,4.5,4.5,4.5,4.325394,0.0,0.0,0.0,0.0,0.0,"January 19, 18",0.0
0,2018-01-18,4.5,4.5,4.5,4.5,4.325394,0.0,0.0,0.0,0.0,0.0,"January 18, 18",0.0
0,2018-01-17,4.5,4.5,4.5,4.5,4.325394,0.0,0.0,0.0,0.0,0.0,"January 17, 18",0.0
0,2018-01-16,4.5,4.5,4.5,4.5,4.325394,0.0,0.0,0.0,0.0,0.0,"January 16, 18",0.0
0,2018-01-15,4.5,4.5,4.5,4.5,4.325394,0.0,0.0,0.0,0.0,0.0,"January 15, 18",0.0
0,2018-01-12,4.5,4.5,4.5,4.5,4.325394,4000.0,4000.0,0.0,0.0,4.5,"January 12, 18",0.0
0,2018-01-11,4.5,4.5,4.5,4.5,4.325394,0.0,0.0,0.0,0.0,0.0,"January 11, 18",0.0
0,2018-01-10,4.5,4.5,4.5,4.5,4.325394,0.0,0.0,0.0,0.0,0.0,"January 10, 18",0.0
0,2018-01-09,4.5,4.5,4.5,4.5,4.325394,0.0,0.0,0.0,0.0,0.0,"January 09, 18",0.0
0,2018-01-08,4.5,4.5,4.5,4.5,4.325394,2000.0,2000.0,0.0,0.0,4.5,"January 08, 18",0.0
0,2018-01-05,4.55,4.55,4.55,4.55,4.373454,0.0,0.0,0.0,0.0,0.0,"January 05, 18",0.0
0,2018-01-04,4.55,4.55,4.55,4.55,4.373454,0.0,0.0,0.0,0.0,0.0,"January 04, 18",0.0
0,2018-01-03,4.55,4.55,4.55,4.55,4.373454,0.0,0.0,0.0,0.0,0.0,"January 03, 18",0.0
0,2018-01-02,4.55,4.55,4.55,4.55,4.373454,0.0,0.0,0.0,0.0,0.0,"January 02, 18",0.0
0,2017-12-29,4.55,4.55,4.55,4.55,4.373454,0.0,0.0,0.0,0.0,0.0,"December 29, 17",0.0
0,2017-12-28,4.55,4.55,4.55,4.55,4.373454,0.0,0.0,0.0,0.0,0.0,"December 28, 17",0.0
0,2017-12-27,4.55,4.55,4.55,4.55,4.373454,0.0,0.0,0.0,0.0,0.0,"December 27, 17",0.0
0,2017-12-22,4.55,4.55,4.55,4.55,4.373454,0.0,0.0,0.0,0.0,0.0,"December 22, 17",0.0
0,2017-12-21,4.55,4.55,4.55,4.55,4.373454,0.0,0.0,0.0,0.0,0.0,"December 21, 17",0.0
0,2017-12-20,4.55,4.55,4.55,4.55,4.373454,0.0,0.0,0.0,0.0,0.0,"December 20, 17",0.0
0,2017-12-19,4.55,4.55,4.55,4.55,4.373454,0.0,0.0,0.0,0.0,0.0,"December 19, 17",0.0
0,2017-12-18,4.61,4.61,4.45,4.55,4.373454,62000.0,62000.0,-0.06,-1.302,4.53667,"December 18, 17",-0.01302
0,2017-12-15,4.61,4.61,4.61,4.61,4.431126,0.0,0.0,0.0,0.0,0.0,"December 15, 17",0.0
0,2017-12-14,4.61,4.61,4.61,4.61,4.431126,0.0,0.0,0.0,0.0,0.0,"December 14, 17",0.0
0,2017-12-13,4.61,4.61,4.61,4.61,4.431126,0.0,0.0,0.0,0.0,0.0,"December 13, 17",0.0
0,2017-12-12,4.61,4.61,4.61,4.61,4.431126,0.0,0.0,0.0,0.0,0.0,"December 12, 17",0.0
0,2017-12-11,4.61,4.61,4.61,4.61,4.431126,2000.0,2000.0,0.0,0.0,4.61,"December 11, 17",0.0
0,2017-12-08,5.02,5.02,5.02,5.02,4.825216,0.0,0.0,0.0,0.0,0.0,"December 08, 17",0.0
0,2017-12-07,5.02,5.02,5.02,5.02,4.825216,0.0,0.0,0.0,0.0,0.0,"December 07, 17",0.0
0,2017-12-06,5.02,5.02,5.02,5.02,4.825216,0.0,0.0,0.0,0.0,0.0,"December 06, 17",0.0
0,2017-12-05,5.02,5.02,5.02,5.02,4.825216,0.0,0.0,0.0,0.0,0.0,"December 05, 17",0.0
0,2017-12-04,5.02,5.02,5.02,5.02,4.825216,0.0,0.0,0.0,0.0,0.0,"December 04, 17",0.0
0,2017-12-01,5.02,5.02,5.02,5.02,4.825216,0.0,0.0,0.0,0.0,0.0,"December 01, 17",0.0
0,2017-11-30,5.02,5.02,5.02,5.02,4.804071,0.0,0.0,0.0,0.0,0.0,"November 30, 17",0.0
0,2017-11-29,5.02,5.02,5.02,5.02,4.804071,0.0,0.0,0.0,0.0,0.0,"November 29, 17",0.0
0,2017-11-28,5.02,5.02,5.02,5.02,4.804071,0.0,0.0,0.0,0.0,0.0,"November 28, 17",0.0
0,2017-11-27,5.02,5.02,5.02,5.02,4.804071,0.0,0.0,0.0,0.0,0.0,"November 27, 17",0.0
0,2017-11-24,5.02,5.02,5.02,5.02,4.804071,0.0,0.0,0.0,0.0,0.0,"November 24, 17",0.0
0,2017-11-23,5.02,5.02,5.02,5.02,4.804071,0.0,0.0,0.0,0.0,0.0,"November 23, 17",0.0
0,2017-11-22,5.02,5.02,5.02,5.02,4.804071,0.0,0.0,0.0,0.0,0.0,"November 22, 17",0.0
0,2017-11-21,5.14,5.02,5.02,5.02,4.804071,40000.0,40000.0,-0.12,-2.335,5.02,"November 21, 17",-0.02335
0,2017-11-20,5.02,5.02,5.02,5.02,4.804071,0.0,0.0,0.0,0.0,0.0,"November 20, 17",0.0
0,2017-11-17,5.02,5.02,5.02,5.02,4.804071,0.0,0.0,0.0,0.0,0.0,"November 17, 17",0.0
0,2017-11-16,5.02,5.02,5.02,5.02,4.804071,0.0,0.0,0.0,0.0,0.0,"November 16, 17",0.0
0,2017-11-15,5.02,5.02,5.02,5.02,4.804071,8000.0,8000.0,0.0,0.0,5.02,"November 15, 17",0.0
0,2017-11-14,5.02,5.02,5.02,5.02,4.804071,0.0,0.0,0.0,0.0,0.0,"November 14, 17",0.0
0,2017-11-13,5.02,5.02,5.02,5.02,4.804071,0.0,0.0,0.0,0.0,0.0,"November 13, 17",0.0
0,2017-11-10,5.0,5.0,5.0,5.0,4.784931,4000.0,4000.0,0.0,0.0,5.0,"November 10, 17",0.0
0,2017-11-09,5.0,5.0,5.0,5.0,4.784931,0.0,0.0,0.0,0.0,0.0,"November 09, 17",0.0
0,2017-11-08,5.0,5.0,5.0,5.0,4.784931,0.0,0.0,0.0,0.0,0.0,"November 08, 17",0.0
0,2017-11-07,5.0,5.0,5.0,5.0,4.784931,0.0,0.0,0.0,0.0,0.0,"November 07, 17",0.0
0,2017-11-06,5.0,5.0,5.0,5.0,4.784931,0.0,0.0,0.0,0.0,0.0,"November 06, 17",0.0
0,2017-11-03,5.0,5.0,5.0,5.0,4.784931,0.0,0.0,0.0,0.0,0.0,"November 03, 17",0.0
0,2017-11-02,5.0,5.0,5.0,5.0,4.784931,0.0,0.0,0.0,0.0,0.0,"November 02, 17",0.0
0,2017-11-01,5.0,5.0,5.0,5.0,4.784931,0.0,0.0,0.0,0.0,0.0,"November 01, 17",0.0
0,2017-10-31,5.0,5.0,5.0,5.0,4.784931,0.0,0.0,0.0,0.0,0.0,"October 31, 17",0.0
0,2017-10-30,5.0,5.0,5.0,5.0,4.784931,0.0,0.0,0.0,0.0,0.0,"October 30, 17",0.0
0,2017-10-27,5.0,5.0,5.0,5.0,4.784931,0.0,0.0,0.0,0.0,0.0,"October 27, 17",0.0
0,2017-10-26,5.0,5.0,5.0,5.0,4.784931,0.0,0.0,0.0,0.0,0.0,"October 26, 17",0.0
0,2017-10-25,5.0,5.0,5.0,5.0,4.784931,2000.0,2000.0,0.0,0.0,5.0,"October 25, 17",0.0
0,2017-10-24,5.2,5.2,5.2,5.2,4.976328,0.0,0.0,0.0,0.0,0.0,"October 24, 17",0.0
0,2017-10-23,5.28,5.28,5.28,5.28,5.052887,0.0,0.0,0.0,0.0,0.0,"October 23, 17",0.0
0,2017-10-20,4.46,5.2,4.46,5.3,5.072027,5600.0,5600.0,0.84,18.834,4.98667,"October 20, 17",0.18834
0,2017-10-19,5.9,5.9,5.9,5.9,5.646218,0.0,0.0,0.0,0.0,0.0,"October 19, 17",0.0
0,2017-10-18,5.9,5.9,5.9,5.9,5.646218,0.0,0.0,0.0,0.0,0.0,"October 18, 17",0.0
0,2017-10-17,6.0,6.0,6.0,6.0,5.741917,0.0,0.0,0.0,0.0,0.0,"October 17, 17",0.0
0,2017-10-16,6.0,6.0,6.0,6.0,5.741917,0.0,0.0,0.0,0.0,0.0,"October 16, 17",0.0
0,2017-10-13,6.0,6.0,6.0,6.0,5.741917,0.0,0.0,0.0,0.0,0.0,"October 13, 17",0.0
0,2017-10-12,6.0,6.0,6.0,6.0,5.741917,0.0,0.0,0.0,0.0,0.0,"October 12, 17",0.0
0,2017-10-11,6.0,6.0,6.0,6.0,5.741917,0.0,0.0,0.0,0.0,0.0,"October 11, 17",0.0
0,2017-10-10,6.0,6.0,6.0,6.0,5.741917,0.0,0.0,0.0,0.0,0.0,"October 10, 17",0.0
0,2017-10-09,6.0,6.0,6.0,6.0,5.741917,0.0,0.0,0.0,0.0,0.0,"October 09, 17",0.0
0,2017-10-06,6.0,6.0,6.0,6.0,5.741917,0.0,0.0,0.0,0.0,0.0,"October 06, 17",0.0
0,2017-10-04,6.0,6.0,6.0,6.0,5.741917,0.0,0.0,0.0,0.0,0.0,"October 04, 17",0.0
0,2017-10-03,6.0,6.0,6.0,6.0,5.741917,0.0,0.0,0.0,0.0,0.0,"October 03, 17",0.0
0,2017-09-29,6.0,6.0,6.0,6.0,5.741917,0.0,0.0,0.0,0.0,0.0,"September 29, 17",0.0
0,2017-09-28,6.0,6.0,6.0,6.0,5.741917,0.0,0.0,0.0,0.0,0.0,"September 28, 17",0.0
0,2017-09-27,6.0,6.0,6.0,6.0,5.741917,0.0,0.0,0.0,0.0,0.0,"September 27, 17",0.0
0,2017-09-26,6.0,6.0,6.0,6.0,5.741917,0.0,0.0,0.0,0.0,0.0,"September 26, 17",0.0
0,2017-09-25,6.0,6.0,6.0,6.0,5.741917,0.0,0.0,0.0,0.0,0.0,"September 25, 17",0.0
0,2017-09-22,6.0,6.0,6.0,6.0,5.741917,0.0,0.0,0.0,0.0,0.0,"September 22, 17",0.0
0,2017-09-21,6.0,6.0,6.0,6.0,5.741917,0.0,0.0,0.0,0.0,0.0,"September 21, 17",0.0
0,2017-09-20,6.0,6.0,6.0,6.0,5.741917,0.0,0.0,0.0,0.0,0.0,"September 20, 17",0.0
0,2017-09-19,6.0,6.0,6.0,6.0,5.741917,0.0,0.0,0.0,0.0,0.0,"September 19, 17",0.0
0,2017-09-18,6.0,6.0,6.0,6.0,5.741917,0.0,0.0,0.0,0.0,0.0,"September 18, 17",0.0
0,2017-09-15,5.5,5.5,5.5,6.0,5.741917,2000.0,2000.0,0.5,9.091,5.66667,"September 15, 17",0.09091
0,2017-09-14,5.5,5.5,5.5,5.5,5.263423,0.0,0.0,0.0,0.0,0.0,"September 14, 17",0.0
0,2017-09-13,5.0,5.0,5.0,5.0,4.784931,2000.0,2000.0,0.0,0.0,5.0,"September 13, 17",0.0
0,2017-09-12,4.6,4.6,4.6,4.6,4.402137,0.0,0.0,0.0,0.0,0.0,"September 12, 17",0.0
0,2017-09-11,4.6,4.6,4.6,4.6,4.402137,0.0,0.0,0.0,0.0,0.0,"September 11, 17",0.0
0,2017-09-08,4.6,4.6,4.6,4.6,4.402137,0.0,0.0,0.0,0.0,0.0,"September 08, 17",0.0
0,2017-09-07,4.6,4.6,4.6,4.6,4.402137,0.0,0.0,0.0,0.0,0.0,"September 07, 17",0.0
0,2017-09-06,4.6,4.6,4.6,4.6,4.402137,0.0,0.0,0.0,0.0,0.0,"September 06, 17",0.0
0,2017-09-05,4.6,4.6,4.6,4.6,4.402137,0.0,0.0,0.0,0.0,0.0,"September 05, 17",0.0
0,2017-09-04,4.6,4.6,4.6,4.6,4.402137,0.0,0.0,0.0,0.0,0.0,"September 04, 17",0.0
0,2017-09-01,4.6,4.6,4.6,4.6,4.402137,0.0,0.0,0.0,0.0,0.0,"September 01, 17",0.0
0,2017-08-31,4.6,4.6,4.6,4.6,4.402137,0.0,0.0,0.0,0.0,0.0,"August 31, 17",0.0
0,2017-08-30,4.6,4.6,4.6,4.6,4.402137,0.0,0.0,0.0,0.0,0.0,"August 30, 17",0.0
0,2017-08-29,4.6,4.6,4.6,4.6,4.402137,0.0,0.0,0.0,0.0,0.0,"August 29, 17",0.0
0,2017-08-28,4.6,4.6,4.6,4.6,4.402137,0.0,0.0,0.0,0.0,0.0,"August 28, 17",0.0
0,2017-08-25,4.6,4.6,4.6,4.6,4.402137,0.0,0.0,0.0,0.0,0.0,"August 25, 17",0.0
0,2017-08-24,4.6,4.6,4.6,4.6,4.402137,0.0,0.0,0.0,0.0,0.0,"August 24, 17",0.0
0,2017-08-23,4.6,4.6,4.6,4.6,4.402137,0.0,0.0,0.0,0.0,0.0,"August 23, 17",0.0
0,2017-08-22,4.6,4.6,4.6,4.6,4.402137,0.0,0.0,0.0,0.0,0.0,"August 22, 17",0.0
0,2017-08-21,4.6,4.6,4.6,4.6,4.402137,0.0,0.0,0.0,0.0,0.0,"August 21, 17",0.0
0,2017-08-18,4.6,4.6,4.6,4.6,4.402137,0.0,0.0,0.0,0.0,0.0,"August 18, 17",0.0
0,2017-08-17,4.6,4.6,4.6,4.6,4.402137,26000.0,26000.0,0.0,0.0,4.6,"August 17, 17",0.0
0,2017-08-16,4.6,4.6,4.6,4.6,4.402137,0.0,0.0,0.0,0.0,0.0,"August 16, 17",0.0
0,2017-08-15,4.6,4.6,4.6,4.6,4.402137,0.0,0.0,0.0,0.0,0.0,"August 15, 17",0.0
0,2017-08-14,4.6,4.6,4.6,4.6,4.402137,6000.0,6000.0,0.0,0.0,4.6,"August 14, 17",0.0
0,2017-08-11,4.7,4.7,4.7,4.7,4.467211,0.0,0.0,0.0,0.0,0.0,"August 11, 17",0.0
0,2017-08-10,4.7,4.7,4.7,4.7,4.467211,0.0,0.0,0.0,0.0,0.0,"August 10, 17",0.0
0,2017-08-09,4.7,4.7,4.7,4.7,4.467211,0.0,0.0,0.0,0.0,0.0,"August 09, 17",0.0
0,2017-08-08,4.7,4.7,4.7,4.7,4.467211,0.0,0.0,0.0,0.0,0.0,"August 08, 17",0.0
0,2017-08-07,4.7,4.7,4.7,4.7,4.467211,0.0,0.0,0.0,0.0,0.0,"August 07, 17",0.0
0,2017-08-04,4.7,4.7,4.7,4.7,4.467211,0.0,0.0,0.0,0.0,0.0,"August 04, 17",0.0
0,2017-08-03,4.7,4.7,4.7,4.7,4.467211,14000.0,14000.0,0.0,0.0,4.7,"August 03, 17",0.0
0,2017-08-02,4.7,4.7,4.7,4.7,4.467211,0.0,0.0,0.0,0.0,0.0,"August 02, 17",0.0
0,2017-08-01,4.7,4.7,4.7,4.7,4.467211,0.0,0.0,0.0,0.0,0.0,"August 01, 17",0.0
0,2017-07-31,4.7,4.7,4.7,4.7,4.467211,0.0,0.0,0.0,0.0,0.0,"July 31, 17",0.0
0,2017-07-28,4.7,4.7,4.7,4.7,4.467211,0.0,0.0,0.0,0.0,0.0,"July 28, 17",0.0
0,2017-07-27,4.6,4.6,4.6,4.7,4.467211,6000.0,6000.0,0.1,2.174,4.63333,"July 27, 17",0.02174
0,2017-07-26,4.9,4.9,4.9,4.9,4.657306,2000.0,2000.0,0.0,0.0,4.9,"July 26, 17",0.0
0,2017-07-25,4.7,4.7,4.7,4.7,4.467211,0.0,0.0,0.0,0.0,0.0,"July 25, 17",0.0
0,2017-07-24,4.7,4.7,4.7,4.7,4.467211,0.0,0.0,0.0,0.0,0.0,"July 24, 17",0.0
0,2017-07-21,4.7,4.7,4.7,4.7,4.467211,0.0,0.0,0.0,0.0,0.0,"July 21, 17",0.0
0,2017-07-20,4.7,4.7,4.7,4.7,4.467211,0.0,0.0,0.0,0.0,0.0,"July 20, 17",0.0
0,2017-07-19,4.7,4.7,4.7,4.7,4.467211,0.0,0.0,0.0,0.0,0.0,"July 19, 17",0.0
0,2017-07-18,4.69,4.69,4.68,4.7,4.467211,14000.0,14000.0,0.01,0.213,4.69,"July 18, 17",0.00213
0,2017-07-17,4.7,4.7,4.7,4.7,4.467211,0.0,0.0,0.0,0.0,0.0,"July 17, 17",0.0
0,2017-07-14,4.7,4.7,4.7,4.7,4.467211,2000.0,2000.0,0.0,0.0,4.7,"July 14, 17",0.0
0,2017-07-13,4.75,4.75,4.75,4.75,4.514735,0.0,0.0,0.0,0.0,0.0,"July 13, 17",0.0
0,2017-07-12,4.84,4.84,4.84,4.84,4.600277,0.0,0.0,0.0,0.0,0.0,"July 12, 17",0.0
0,2017-07-11,4.84,4.84,4.84,4.84,4.600277,0.0,0.0,0.0,0.0,0.0,"July 11, 17",0.0
0,2017-07-10,4.84,4.84,4.84,4.84,4.600277,0.0,0.0,0.0,0.0,0.0,"July 10, 17",0.0
0,2017-07-07,4.84,4.84,4.84,4.84,4.600277,0.0,0.0,0.0,0.0,0.0,"July 07, 17",0.0
0,2017-07-06,4.84,4.84,4.84,4.84,4.600277,0.0,0.0,0.0,0.0,0.0,"July 06, 17",0.0
0,2017-07-05,4.85,4.85,4.85,4.85,4.609783,0.0,0.0,0.0,0.0,0.0,"July 05, 17",0.0
0,2017-07-04,4.85,4.85,4.85,4.85,4.609783,0.0,0.0,0.0,0.0,0.0,"July 04, 17",0.0
0,2017-07-03,4.85,4.85,4.85,4.85,4.609783,0.0,0.0,0.0,0.0,0.0,"July 03, 17",0.0
0,2017-06-30,4.85,4.85,4.85,4.85,4.609783,0.0,0.0,0.0,0.0,0.0,"June 30, 17",0.0
0,2017-06-29,4.85,4.85,4.85,4.85,4.609783,0.0,0.0,0.0,0.0,0.0,"June 29, 17",0.0
0,2017-06-28,4.85,4.85,4.85,4.85,4.609783,0.0,0.0,0.0,0.0,0.0,"June 28, 17",0.0
0,2017-06-27,4.85,4.85,4.85,4.85,4.609783,0.0,0.0,0.0,0.0,0.0,"June 27, 17",0.0
0,2017-06-26,4.85,4.85,4.85,4.85,4.609783,0.0,0.0,0.0,0.0,0.0,"June 26, 17",0.0
0,2017-06-23,4.85,4.85,4.85,4.85,4.609783,0.0,0.0,0.0,0.0,0.0,"June 23, 17",0.0
0,2017-06-22,4.85,4.85,4.85,4.85,4.609783,8000.0,8000.0,0.0,0.0,4.85,"June 22, 17",0.0
0,2017-06-21,4.83,4.83,4.83,4.83,4.590773,0.0,0.0,0.0,0.0,0.0,"June 21, 17",0.0
0,2017-06-20,4.8,4.8,4.8,4.8,4.562259,0.0,0.0,0.0,0.0,0.0,"June 20, 17",0.0
0,2017-06-19,4.77,4.77,4.77,4.77,4.533744,0.0,0.0,0.0,0.0,0.0,"June 19, 17",0.0
0,2017-06-16,4.77,4.77,4.77,4.77,4.533744,0.0,0.0,0.0,0.0,0.0,"June 16, 17",0.0
0,2017-06-15,4.77,4.77,4.77,4.77,4.533744,0.0,0.0,0.0,0.0,0.0,"June 15, 17",0.0
0,2017-06-14,4.77,4.77,4.77,4.77,4.533744,0.0,0.0,0.0,0.0,0.0,"June 14, 17",0.0
0,2017-06-13,4.77,4.77,4.77,4.77,4.533744,0.0,0.0,0.0,0.0,0.0,"June 13, 17",0.0
0,2017-06-12,4.77,4.77,4.77,4.77,4.533744,0.0,0.0,0.0,0.0,0.0,"June 12, 17",0.0
0,2017-06-09,4.77,4.77,4.77,4.77,4.533744,0.0,0.0,0.0,0.0,0.0,"June 09, 17",0.0
0,2017-06-08,4.77,4.77,4.77,4.77,4.533744,0.0,0.0,0.0,0.0,0.0,"June 08, 17",0.0
0,2017-06-07,4.77,4.77,4.77,4.77,4.533744,0.0,0.0,0.0,0.0,0.0,"June 07, 17",0.0
0,2017-06-06,4.77,4.77,4.77,4.77,4.533744,0.0,0.0,0.0,0.0,0.0,"June 06, 17",0.0
0,2017-06-05,4.77,4.77,4.77,4.77,4.533744,0.0,0.0,0.0,0.0,0.0,"June 05, 17",0.0
0,2017-06-02,4.77,4.77,4.77,4.77,4.533744,0.0,0.0,0.0,0.0,0.0,"June 02, 17",0.0
0,2017-06-01,4.77,4.77,4.77,4.77,4.533744,0.0,0.0,0.0,0.0,0.0,"June 01, 17",0.0
0,2017-05-31,4.77,4.77,4.77,4.77,4.533744,0.0,0.0,0.0,0.0,0.0,"May 31, 17",0.0
0,2017-05-29,4.77,4.77,4.77,4.77,4.533744,0.0,0.0,0.0,0.0,0.0,"May 29, 17",0.0
0,2017-05-26,4.77,4.77,4.77,4.77,4.533744,4000.0,4000.0,0.0,0.0,4.77,"May 26, 17",0.0
0,2017-05-25,4.75,4.75,4.75,4.75,4.514735,0.0,0.0,0.0,0.0,0.0,"May 25, 17",0.0
0,2017-05-24,4.75,4.75,4.75,4.75,4.514735,0.0,0.0,0.0,0.0,0.0,"May 24, 17",0.0
0,2017-05-23,4.75,4.75,4.75,4.75,4.514735,0.0,0.0,0.0,0.0,0.0,"May 23, 17",0.0
0,2017-05-22,4.75,4.75,4.75,4.75,4.514735,0.0,0.0,0.0,0.0,0.0,"May 22, 17",0.0
0,2017-05-19,4.75,4.75,4.75,4.75,4.514735,0.0,0.0,0.0,0.0,0.0,"May 19, 17",0.0
0,2017-05-18,4.7,4.7,4.7,4.7,4.467211,0.0,0.0,0.0,0.0,0.0,"May 18, 17",0.0
0,2017-05-17,4.7,4.7,4.7,4.7,4.467211,0.0,0.0,0.0,0.0,0.0,"May 17, 17",0.0
0,2017-05-16,4.7,4.7,4.7,4.7,4.467211,0.0,0.0,0.0,0.0,0.0,"May 16, 17",0.0
0,2017-05-15,4.68,4.68,4.68,4.68,4.448202,0.0,0.0,0.0,0.0,0.0,"May 15, 17",0.0
0,2017-05-12,4.63,4.63,4.63,4.63,4.400679,0.0,0.0,0.0,0.0,0.0,"May 12, 17",0.0
0,2017-05-11,4.63,4.63,4.63,4.63,4.400679,0.0,0.0,0.0,0.0,0.0,"May 11, 17",0.0
0,2017-05-10,4.63,4.63,4.63,4.63,4.400679,0.0,0.0,0.0,0.0,0.0,"May 10, 17",0.0
0,2017-05-09,4.63,4.63,4.63,4.63,4.400679,0.0,0.0,0.0,0.0,0.0,"May 09, 17",0.0
0,2017-05-08,4.63,4.63,4.63,4.63,4.400679,0.0,0.0,0.0,0.0,0.0,"May 08, 17",0.0
0,2017-05-05,4.62,4.62,4.62,4.62,4.391173,0.0,0.0,0.0,0.0,0.0,"May 05, 17",0.0
0,2017-05-04,4.62,4.62,4.62,4.62,4.391173,0.0,0.0,0.0,0.0,0.0,"May 04, 17",0.0
0,2017-05-02,4.62,4.62,4.62,4.62,4.391173,0.0,0.0,0.0,0.0,0.0,"May 02, 17",0.0
0,2017-04-28,4.61,4.61,4.61,4.61,4.381669,0.0,0.0,0.0,0.0,0.0,"April 28, 17",0.0
0,2017-04-27,4.61,4.61,4.61,4.61,4.381669,0.0,0.0,0.0,0.0,0.0,"April 27, 17",0.0
0,2017-04-26,4.61,4.61,4.61,4.61,4.381669,0.0,0.0,0.0,0.0,0.0,"April 26, 17",0.0
0,2017-04-25,4.61,4.61,4.61,4.61,4.381669,0.0,0.0,0.0,0.0,0.0,"April 25, 17",0.0
0,2017-04-24,4.61,4.61,4.61,4.61,4.381669,0.0,0.0,0.0,0.0,0.0,"April 24, 17",0.0
0,2017-04-21,4.61,4.61,4.61,4.61,4.381669,10000.0,10000.0,0.0,0.0,4.61,"April 21, 17",0.0
0,2017-04-20,4.61,4.61,4.61,4.61,4.381669,0.0,0.0,0.0,0.0,0.0,"April 20, 17",0.0
0,2017-04-19,4.61,4.61,4.61,4.61,4.381669,0.0,0.0,0.0,0.0,0.0,"April 19, 17",0.0
0,2017-04-18,4.6,4.61,4.6,4.61,4.381669,80000.0,80000.0,0.01,0.217,4.60667,"April 18, 17",0.00217
0,2017-04-13,4.6,4.6,4.6,4.6,4.372165,0.0,0.0,0.0,0.0,0.0,"April 13, 17",0.0
0,2017-04-12,4.6,4.6,4.6,4.6,4.372165,2000.0,2000.0,0.0,0.0,4.6,"April 12, 17",0.0
0,2017-04-11,4.6,4.6,4.6,4.6,4.372165,6000.0,6000.0,0.0,0.0,4.6,"April 11, 17",0.0
0,2017-04-10,4.6,4.6,4.6,4.6,4.372165,40000.0,40000.0,0.0,0.0,4.6,"April 10, 17",0.0
0,2017-04-07,4.61,4.61,4.61,4.61,4.381669,0.0,0.0,0.0,0.0,0.0,"April 07, 17",0.0
0,2017-04-06,4.61,4.61,4.61,4.61,4.381669,0.0,0.0,0.0,0.0,0.0,"April 06, 17",0.0
0,2017-04-05,4.61,4.61,4.61,4.61,4.381669,0.0,0.0,0.0,0.0,0.0,"April 05, 17",0.0
0,2017-04-03,4.61,4.61,4.61,4.61,4.381669,0.0,0.0,0.0,0.0,0.0,"April 03, 17",0.0
0,2017-03-31,4.6,4.6,4.6,4.61,4.381669,40000.0,40000.0,0.01,0.217,4.60333,"March 31, 17",0.00217
0,2017-03-30,4.61,4.61,4.61,4.61,4.381669,0.0,0.0,0.0,0.0,0.0,"March 30, 17",0.0
0,2017-03-29,4.61,4.61,4.61,4.61,4.381669,0.0,0.0,0.0,0.0,0.0,"March 29, 17",0.0
0,2017-03-28,4.61,4.61,4.61,4.61,4.381669,0.0,0.0,0.0,0.0,0.0,"March 28, 17",0.0
0,2017-03-27,4.61,4.61,4.61,4.61,4.381669,0.0,0.0,0.0,0.0,0.0,"March 27, 17",0.0
0,2017-03-24,4.61,4.61,4.61,4.61,4.381669,0.0,0.0,0.0,0.0,0.0,"March 24, 17",0.0
0,2017-03-23,4.61,4.61,4.61,4.61,4.381669,0.0,0.0,0.0,0.0,0.0,"March 23, 17",0.0
0,2017-03-22,4.61,4.61,4.61,4.61,4.381669,0.0,0.0,0.0,0.0,0.0,"March 22, 17",0.0
0,2017-03-21,4.6,4.6,4.6,4.6,4.372165,0.0,0.0,0.0,0.0,0.0,"March 21, 17",0.0
0,2017-03-20,4.6,4.6,4.6,4.6,4.372165,0.0,0.0,0.0,0.0,0.0,"March 20, 17",0.0
0,2017-03-17,4.6,4.6,4.6,4.6,4.372165,40000.0,40000.0,0.0,0.0,4.6,"March 17, 17",0.0
0,2017-03-16,4.51,4.51,4.51,4.51,4.286622,0.0,0.0,0.0,0.0,0.0,"March 16, 17",0.0
0,2017-03-15,4.51,4.51,4.51,4.51,4.286622,0.0,0.0,0.0,0.0,0.0,"March 15, 17",0.0
0,2017-03-14,4.51,4.51,4.51,4.51,4.286622,0.0,0.0,0.0,0.0,0.0,"March 14, 17",0.0
0,2017-03-13,4.51,4.51,4.51,4.51,4.286622,0.0,0.0,0.0,0.0,0.0,"March 13, 17",0.0
0,2017-03-10,4.51,4.51,4.51,4.51,4.286622,0.0,0.0,0.0,0.0,0.0,"March 10, 17",0.0
0,2017-03-09,4.51,4.51,4.51,4.51,4.286622,0.0,0.0,0.0,0.0,0.0,"March 09, 17",0.0
0,2017-03-08,4.51,4.51,4.51,4.51,4.286622,0.0,0.0,0.0,0.0,0.0,"March 08, 17",0.0
0,2017-03-07,4.51,4.51,4.51,4.51,4.286622,0.0,0.0,0.0,0.0,0.0,"March 07, 17",0.0
0,2017-03-06,4.51,4.51,4.51,4.51,4.286622,0.0,0.0,0.0,0.0,0.0,"March 06, 17",0.0
0,2017-03-03,4.51,4.51,4.51,4.51,4.286622,0.0,0.0,0.0,0.0,0.0,"March 03, 17",0.0
0,2017-03-02,4.51,4.51,4.51,4.51,4.286622,0.0,0.0,0.0,0.0,0.0,"March 02, 17",0.0
0,2017-03-01,4.51,4.51,4.51,4.51,4.286622,0.0,0.0,0.0,0.0,0.0,"March 01, 17",0.0
0,2017-02-28,4.51,4.51,4.51,4.51,4.286622,0.0,0.0,0.0,0.0,0.0,"February 28, 17",0.0
0,2017-02-27,4.51,4.51,4.51,4.51,4.286622,0.0,0.0,0.0,0.0,0.0,"February 27, 17",0.0
0,2017-02-24,4.51,4.51,4.51,4.51,4.286622,0.0,0.0,0.0,0.0,0.0,"February 24, 17",0.0
0,2017-02-23,4.51,4.51,4.51,4.51,4.286622,0.0,0.0,0.0,0.0,0.0,"February 23, 17",0.0
0,2017-02-22,4.51,4.51,4.51,4.51,4.286622,0.0,0.0,0.0,0.0,0.0,"February 22, 17",0.0
0,2017-02-21,4.51,4.51,4.51,4.51,4.286622,0.0,0.0,0.0,0.0,0.0,"February 21, 17",0.0
0,2017-02-20,4.51,4.51,4.51,4.51,4.286622,0.0,0.0,0.0,0.0,0.0,"February 20, 17",0.0
0,2017-02-17,4.51,4.51,4.51,4.51,4.286622,0.0,0.0,0.0,0.0,0.0,"February 17, 17",0.0
0,2017-02-16,4.51,4.51,4.51,4.51,4.286622,0.0,0.0,0.0,0.0,0.0,"February 16, 17",0.0
0,2017-02-15,4.51,4.51,4.51,4.51,4.286622,0.0,0.0,0.0,0.0,0.0,"February 15, 17",0.0
0,2017-02-14,4.51,4.51,4.51,4.51,4.286622,0.0,0.0,0.0,0.0,0.0,"February 14, 17",0.0
0,2017-02-13,4.51,4.51,4.51,4.51,4.286622,0.0,0.0,0.0,0.0,0.0,"February 13, 17",0.0
0,2017-02-10,4.51,4.51,4.51,4.51,4.286622,0.0,0.0,0.0,0.0,0.0,"February 10, 17",0.0
0,2017-02-09,4.51,4.51,4.51,4.51,4.286622,0.0,0.0,0.0,0.0,0.0,"February 09, 17",0.0
0,2017-02-08,4.51,4.51,4.51,4.51,4.286622,0.0,0.0,0.0,0.0,0.0,"February 08, 17",0.0
0,2017-02-07,4.51,4.51,4.51,4.51,4.286622,0.0,0.0,0.0,0.0,0.0,"February 07, 17",0.0
0,2017-02-06,4.51,4.51,4.51,4.51,4.286622,0.0,0.0,0.0,0.0,0.0,"February 06, 17",0.0
0,2017-02-03,4.51,4.51,4.51,4.51,4.286622,0.0,0.0,0.0,0.0,0.0,"February 03, 17",0.0
0,2017-02-02,4.51,4.51,4.51,4.51,4.286622,0.0,0.0,0.0,0.0,0.0,"February 02, 17",0.0
0,2017-02-01,4.51,4.51,4.51,4.51,4.286622,0.0,0.0,0.0,0.0,0.0,"February 01, 17",0.0
0,2017-01-27,4.51,4.51,4.51,4.51,4.286622,0.0,0.0,0.0,0.0,0.0,"January 27, 17",0.0
0,2017-01-26,4.51,4.51,4.51,4.51,4.286622,0.0,0.0,0.0,0.0,0.0,"January 26, 17",0.0
0,2017-01-25,4.51,4.51,4.51,4.51,4.286622,0.0,0.0,0.0,0.0,0.0,"January 25, 17",0.0
0,2017-01-24,4.51,4.51,4.51,4.51,4.286622,0.0,0.0,0.0,0.0,0.0,"January 24, 17",0.0
0,2017-01-23,4.51,4.51,4.51,4.51,4.286622,0.0,0.0,0.0,0.0,0.0,"January 23, 17",0.0
0,2017-01-20,4.51,4.51,4.51,4.51,4.286622,0.0,0.0,0.0,0.0,0.0,"January 20, 17",0.0
0,2017-01-19,4.51,4.51,4.51,4.51,4.286622,0.0,0.0,0.0,0.0,0.0,"January 19, 17",0.0
0,2017-01-18,4.51,4.51,4.51,4.51,4.286622,0.0,0.0,0.0,0.0,0.0,"January 18, 17",0.0
0,2017-01-17,4.51,4.51,4.51,4.51,4.286622,0.0,0.0,0.0,0.0,0.0,"January 17, 17",0.0
0,2017-01-16,4.51,4.51,4.51,4.51,4.286622,0.0,0.0,0.0,0.0,0.0,"January 16, 17",0.0
0,2017-01-13,4.51,4.51,4.51,4.51,4.286622,0.0,0.0,0.0,0.0,0.0,"January 13, 17",0.0
0,2017-01-12,4.51,4.51,4.51,4.51,4.286622,0.0,0.0,0.0,0.0,0.0,"January 12, 17",0.0
0,2017-01-11,4.51,4.51,4.51,4.51,4.286622,0.0,0.0,0.0,0.0,0.0,"January 11, 17",0.0
0,2017-01-10,4.51,4.51,4.51,4.51,4.286622,0.0,0.0,0.0,0.0,0.0,"January 10, 17",0.0
0,2017-01-09,4.51,4.51,4.51,4.51,4.286622,0.0,0.0,0.0,0.0,0.0,"January 09, 17",0.0
0,2017-01-06,4.51,4.51,4.51,4.51,4.286622,0.0,0.0,0.0,0.0,0.0,"January 06, 17",0.0
0,2017-01-05,4.51,4.51,4.51,4.51,4.286622,0.0,0.0,0.0,0.0,0.0,"January 05, 17",0.0
0,2017-01-04,4.51,4.51,4.51,4.51,4.286622,0.0,0.0,0.0,0.0,0.0,"January 04, 17",0.0
0,2017-01-03,4.51,4.51,4.51,4.51,4.286622,0.0,0.0,0.0,0.0,0.0,"January 03, 17",0.0
0,2016-12-30,4.51,4.51,4.51,4.51,4.286622,0.0,0.0,0.0,0.0,0.0,"December 30, 16",0.0
0,2016-12-29,4.51,4.51,4.51,4.51,4.286622,0.0,0.0,0.0,0.0,0.0,"December 29, 16",0.0
0,2016-12-28,4.51,4.51,4.51,4.51,4.286622,0.0,0.0,0.0,0.0,0.0,"December 28, 16",0.0
0,2016-12-23,4.51,4.51,4.51,4.51,4.286622,0.0,0.0,0.0,0.0,0.0,"December 23, 16",0.0
0,2016-12-22,4.51,4.51,4.51,4.51,4.286622,0.0,0.0,0.0,0.0,0.0,"December 22, 16",0.0
0,2016-12-21,4.51,4.51,4.51,4.51,4.286622,0.0,0.0,0.0,0.0,0.0,"December 21, 16",0.0
0,2016-12-20,4.51,4.51,4.51,4.51,4.286622,0.0,0.0,0.0,0.0,0.0,"December 20, 16",0.0
0,2016-12-19,4.478,4.478,4.478,4.478,4.256207,0.0,0.0,0.0,0.0,0.0,"December 19, 16",0.0
0,2016-12-16,4.478,4.478,4.478,4.478,4.256207,0.0,0.0,0.0,0.0,0.0,"December 16, 16",0.0
0,2016-12-15,4.478,4.478,4.478,4.478,4.256207,0.0,0.0,0.0,0.0,0.0,"December 15, 16",0.0
0,2016-12-14,4.478,4.478,4.478,4.478,4.256207,0.0,0.0,0.0,0.0,0.0,"December 14, 16",0.0
0,2016-12-13,4.478,4.478,4.478,4.478,4.256207,0.0,0.0,0.0,0.0,0.0,"December 13, 16",0.0
0,2016-12-12,4.478,4.478,4.478,4.478,4.256207,0.0,0.0,0.0,0.0,0.0,"December 12, 16",0.0
0,2016-12-09,4.478,4.478,4.478,4.478,4.256207,0.0,0.0,0.0,0.0,0.0,"December 09, 16",0.0
0,2016-12-08,4.478,4.478,4.478,4.478,4.256207,0.0,0.0,0.0,0.0,0.0,"December 08, 16",0.0
0,2016-12-07,4.478,4.478,4.478,4.478,4.256207,0.0,0.0,0.0,0.0,0.0,"December 07, 16",0.0
0,2016-12-06,4.478,4.478,4.478,4.478,4.256207,0.0,0.0,0.0,0.0,0.0,"December 06, 16",0.0
0,2016-12-05,4.478,4.478,4.478,4.478,4.256207,0.0,0.0,0.0,0.0,0.0,"December 05, 16",0.0
0,2016-12-02,4.478,4.478,4.478,4.478,4.256207,0.0,0.0,0.0,0.0,0.0,"December 02, 16",0.0
0,2016-12-01,4.478,4.478,4.478,4.478,4.256207,0.0,0.0,0.0,0.0,0.0,"December 01, 16",0.0
0,2016-11-30,4.5,4.5,4.5,4.5,4.256207,0.0,0.0,0.0,0.0,0.0,"November 30, 16",0.0
0,2016-11-29,4.5,4.5,4.5,4.5,4.256207,0.0,0.0,0.0,0.0,0.0,"November 29, 16",0.0
0,2016-11-28,4.5,4.5,4.5,4.5,4.256207,0.0,0.0,0.0,0.0,0.0,"November 28, 16",0.0
0,2016-11-25,4.5,4.5,4.5,4.5,4.256207,0.0,0.0,0.0,0.0,0.0,"November 25, 16",0.0
0,2016-11-24,4.5,4.5,4.5,4.5,4.256207,0.0,0.0,0.0,0.0,0.0,"November 24, 16",0.0
0,2016-11-23,4.5,4.5,4.5,4.5,4.256207,0.0,0.0,0.0,0.0,0.0,"November 23, 16",0.0
0,2016-11-22,4.5,4.5,4.5,4.5,4.256207,0.0,0.0,0.0,0.0,0.0,"November 22, 16",0.0
0,2016-11-21,4.75,4.75,4.5,4.5,4.256207,40000.0,40000.0,-0.25,-5.263,4.58333,"November 21, 16",-0.05263
0,2016-11-18,4.75,4.75,4.75,4.75,4.492663,0.0,0.0,0.0,0.0,0.0,"November 18, 16",0.0
0,2016-11-17,4.75,4.75,4.75,4.75,4.492663,0.0,0.0,0.0,0.0,0.0,"November 17, 16",0.0
0,2016-11-16,4.75,4.75,4.75,4.75,4.492663,0.0,0.0,0.0,0.0,0.0,"November 16, 16",0.0
0,2016-11-15,4.75,4.75,4.75,4.75,4.492663,0.0,0.0,0.0,0.0,0.0,"November 15, 16",0.0
0,2016-11-14,4.75,4.75,4.75,4.75,4.492663,2000.0,2000.0,0.0,0.0,4.75,"November 14, 16",0.0
0,2016-11-11,4.7,4.7,4.7,4.7,4.445372,0.0,0.0,0.0,0.0,0.0,"November 11, 16",0.0
0,2016-11-10,4.7,4.7,4.7,4.7,4.445372,0.0,0.0,0.0,0.0,0.0,"November 10, 16",0.0
0,2016-11-09,4.7,4.7,4.7,4.7,4.445372,0.0,0.0,0.0,0.0,0.0,"November 09, 16",0.0
0,2016-11-08,4.7,4.7,4.7,4.7,4.445372,0.0,0.0,0.0,0.0,0.0,"November 08, 16",0.0
0,2016-11-07,4.7,4.7,4.7,4.7,4.445372,0.0,0.0,0.0,0.0,0.0,"November 07, 16",0.0
0,2016-11-04,4.7,4.7,4.7,4.7,4.445372,0.0,0.0,0.0,0.0,0.0,"November 04, 16",0.0
0,2016-11-03,4.7,4.7,4.7,4.7,4.445372,0.0,0.0,0.0,0.0,0.0,"November 03, 16",0.0
0,2016-11-02,4.7,4.7,4.7,4.7,4.445372,0.0,0.0,0.0,0.0,0.0,"November 02, 16",0.0
0,2016-11-01,4.7,4.7,4.7,4.7,4.445372,0.0,0.0,0.0,0.0,0.0,"November 01, 16",0.0
0,2016-10-31,4.7,4.7,4.7,4.7,4.445372,0.0,0.0,0.0,0.0,0.0,"October 31, 16",0.0
0,2016-10-28,4.7,4.7,4.7,4.7,4.445372,0.0,0.0,0.0,0.0,0.0,"October 28, 16",0.0
0,2016-10-27,4.7,4.7,4.7,4.7,4.445372,0.0,0.0,0.0,0.0,0.0,"October 27, 16",0.0
0,2016-10-26,4.7,4.7,4.7,4.7,4.445372,0.0,0.0,0.0,0.0,0.0,"October 26, 16",0.0
0,2016-10-25,4.7,4.7,4.7,4.7,4.445372,0.0,0.0,0.0,0.0,0.0,"October 25, 16",0.0
0,2016-10-24,4.7,4.7,4.7,4.7,4.445372,0.0,0.0,0.0,0.0,0.0,"October 24, 16",0.0
0,2016-10-21,4.7,4.7,4.7,4.7,4.445372,0.0,0.0,0.0,0.0,0.0,"October 21, 16",0.0
0,2016-10-20,4.7,4.7,4.7,4.7,4.445372,0.0,0.0,0.0,0.0,0.0,"October 20, 16",0.0
0,2016-10-19,4.7,4.7,4.7,4.7,4.445372,0.0,0.0,0.0,0.0,0.0,"October 19, 16",0.0
0,2016-10-18,4.7,4.7,4.7,4.7,4.445372,0.0,0.0,0.0,0.0,0.0,"October 18, 16",0.0
0,2016-10-17,4.7,4.7,4.7,4.7,4.445372,0.0,0.0,0.0,0.0,0.0,"October 17, 16",0.0
0,2016-10-14,4.7,4.7,4.7,4.7,4.445372,0.0,0.0,0.0,0.0,0.0,"October 14, 16",0.0
0,2016-10-13,4.7,4.7,4.7,4.7,4.445372,0.0,0.0,0.0,0.0,0.0,"October 13, 16",0.0
0,2016-10-12,4.7,4.7,4.7,4.7,4.445372,0.0,0.0,0.0,0.0,0.0,"October 12, 16",0.0
0,2016-10-11,4.7,4.7,4.7,4.7,4.445372,0.0,0.0,0.0,0.0,0.0,"October 11, 16",0.0
0,2016-10-07,4.7,4.7,4.7,4.7,4.445372,0.0,0.0,0.0,0.0,0.0,"October 07, 16",0.0
0,2016-10-06,4.7,4.7,4.7,4.7,4.445372,0.0,0.0,0.0,0.0,0.0,"October 06, 16",0.0
0,2016-10-05,4.7,4.7,4.7,4.7,4.445372,0.0,0.0,0.0,0.0,0.0,"October 05, 16",0.0
0,2016-10-04,4.7,4.7,4.7,4.7,4.445372,0.0,0.0,0.0,0.0,0.0,"October 04, 16",0.0
0,2016-10-03,4.7,4.7,4.7,4.7,4.445372,0.0,0.0,0.0,0.0,0.0,"October 03, 16",0.0
0,2016-09-30,4.7,4.7,4.7,4.7,4.445372,10000.0,10000.0,0.0,0.0,4.7,"September 30, 16",0.0
0,2016-09-29,4.7,4.7,4.7,4.7,4.445372,32000.0,32000.0,0.0,0.0,4.7,"September 29, 16",0.0
0,2016-09-28,4.7,4.7,4.7,4.7,4.445372,0.0,0.0,0.0,0.0,0.0,"September 28, 16",0.0
0,2016-09-27,4.7,4.7,4.7,4.7,4.445372,40000.0,40000.0,0.0,0.0,4.7,"September 27, 16",0.0
0,2016-09-26,4.6,4.7,4.6,4.7,4.445372,76000.0,76000.0,0.1,2.174,4.66667,"September 26, 16",0.02174
0,2016-09-23,4.6,4.6,4.6,4.6,4.35079,0.0,0.0,0.0,0.0,0.0,"September 23, 16",0.0
0,2016-09-22,4.6,4.6,4.6,4.6,4.35079,0.0,0.0,0.0,0.0,0.0,"September 22, 16",0.0
0,2016-09-21,4.6,4.6,4.6,4.6,4.35079,0.0,0.0,0.0,0.0,0.0,"September 21, 16",0.0
0,2016-09-20,4.6,4.6,4.6,4.6,4.35079,0.0,0.0,0.0,0.0,0.0,"September 20, 16",0.0
0,2016-09-19,4.6,4.6,4.6,4.6,4.35079,0.0,0.0,0.0,0.0,0.0,"September 19, 16",0.0
0,2016-09-15,4.6,4.6,4.6,4.6,4.35079,0.0,0.0,0.0,0.0,0.0,"September 15, 16",0.0
0,2016-09-14,4.6,4.6,4.6,4.6,4.35079,0.0,0.0,0.0,0.0,0.0,"September 14, 16",0.0
0,2016-09-13,4.6,4.6,4.6,4.6,4.35079,0.0,0.0,0.0,0.0,0.0,"September 13, 16",0.0
0,2016-09-12,4.6,4.6,4.6,4.6,4.35079,0.0,0.0,0.0,0.0,0.0,"September 12, 16",0.0
0,2016-09-09,4.6,4.6,4.6,4.6,4.35079,0.0,0.0,0.0,0.0,0.0,"September 09, 16",0.0
0,2016-09-08,4.5,4.6,4.5,4.6,4.35079,44000.0,44000.0,0.1,2.222,4.56667,"September 08, 16",0.02222
0,2016-09-07,4.2,4.2,4.2,4.2,3.97246,0.0,0.0,0.0,0.0,0.0,"September 07, 16",0.0
0,2016-09-06,4.3,4.3,4.3,4.3,4.067043,0.0,0.0,0.0,0.0,0.0,"September 06, 16",0.0
0,2016-09-05,4.3,4.3,4.3,4.3,4.067043,0.0,0.0,0.0,0.0,0.0,"September 05, 16",0.0
0,2016-09-02,4.3,4.3,4.3,4.3,4.067043,0.0,0.0,0.0,0.0,0.0,"September 02, 16",0.0
0,2016-09-01,4.3,4.3,4.3,4.3,4.067043,0.0,0.0,0.0,0.0,0.0,"September 01, 16",0.0
0,2016-08-31,4.3,4.3,4.3,4.3,4.067043,0.0,0.0,0.0,0.0,0.0,"August 31, 16",0.0
0,2016-08-30,4.3,4.3,4.3,4.3,4.067043,0.0,0.0,0.0,0.0,0.0,"August 30, 16",0.0
0,2016-08-29,4.3,4.3,4.3,4.3,4.067043,0.0,0.0,0.0,0.0,0.0,"August 29, 16",0.0
0,2016-08-26,4.3,4.3,4.3,4.3,4.067043,0.0,0.0,0.0,0.0,0.0,"August 26, 16",0.0
0,2016-08-25,4.3,4.3,4.3,4.3,4.067043,0.0,0.0,0.0,0.0,0.0,"August 25, 16",0.0
0,2016-08-24,4.3,4.3,4.3,4.3,4.067043,0.0,0.0,0.0,0.0,0.0,"August 24, 16",0.0
0,2016-08-23,4.3,4.3,4.3,4.3,4.067043,0.0,0.0,0.0,0.0,0.0,"August 23, 16",0.0
0,2016-08-22,4.3,4.3,4.3,4.3,4.067043,0.0,0.0,0.0,0.0,0.0,"August 22, 16",0.0
0,2016-08-19,4.3,4.3,4.3,4.3,4.067043,0.0,0.0,0.0,0.0,0.0,"August 19, 16",0.0
0,2016-08-18,4.35,4.35,4.35,4.35,4.114333,0.0,0.0,0.0,0.0,0.0,"August 18, 16",0.0
0,2016-08-17,4.468,4.468,4.468,4.468,4.22594,0.0,0.0,0.0,0.0,0.0,"August 17, 16",0.0
0,2016-08-16,4.468,4.468,4.468,4.468,4.22594,0.0,0.0,0.0,0.0,0.0,"August 16, 16",0.0
0,2016-08-15,4.468,4.468,4.468,4.468,4.22594,0.0,0.0,0.0,0.0,0.0,"August 15, 16",0.0
0,2016-08-12,4.5,4.5,4.5,4.5,4.22594,0.0,0.0,0.0,0.0,0.0,"August 12, 16",0.0
0,2016-08-11,4.5,4.5,4.5,4.5,4.22594,0.0,0.0,0.0,0.0,0.0,"August 11, 16",0.0
0,2016-08-10,4.5,4.5,4.5,4.5,4.22594,0.0,0.0,0.0,0.0,0.0,"August 10, 16",0.0
0,2016-08-09,4.5,4.5,4.5,4.5,4.22594,0.0,0.0,0.0,0.0,0.0,"August 09, 16",0.0
0,2016-08-08,4.5,4.5,4.5,4.5,4.22594,0.0,0.0,0.0,0.0,0.0,"August 08, 16",0.0
0,2016-08-05,4.5,4.5,4.5,4.5,4.22594,0.0,0.0,0.0,0.0,0.0,"August 05, 16",0.0
0,2016-08-04,4.5,4.5,4.5,4.5,4.22594,0.0,0.0,0.0,0.0,0.0,"August 04, 16",0.0
0,2016-08-03,4.3,4.5,4.3,4.5,4.22594,40000.0,40000.0,0.2,4.651,4.43333,"August 03, 16",0.04651
0,2016-08-02,4.3,4.3,4.3,4.3,4.03812,0.0,0.0,0.0,0.0,0.0,"August 02, 16",0.0
0,2016-08-01,4.3,4.3,4.3,4.3,4.03812,0.0,0.0,0.0,0.0,0.0,"August 01, 16",0.0
0,2016-07-29,4.3,4.3,4.3,4.3,4.03812,0.0,0.0,0.0,0.0,0.0,"July 29, 16",0.0
0,2016-07-28,4.3,4.3,4.3,4.3,4.03812,0.0,0.0,0.0,0.0,0.0,"July 28, 16",0.0
0,2016-07-27,4.3,4.3,4.3,4.3,4.03812,0.0,0.0,0.0,0.0,0.0,"July 27, 16",0.0
0,2016-07-26,4.3,4.3,4.3,4.3,4.03812,0.0,0.0,0.0,0.0,0.0,"July 26, 16",0.0
0,2016-07-25,4.3,4.3,4.3,4.3,4.03812,0.0,0.0,0.0,0.0,0.0,"July 25, 16",0.0
0,2016-07-22,4.3,4.3,4.3,4.3,4.03812,0.0,0.0,0.0,0.0,0.0,"July 22, 16",0.0
0,2016-07-21,4.3,4.3,4.3,4.3,4.03812,0.0,0.0,0.0,0.0,0.0,"July 21, 16",0.0
0,2016-07-20,4.3,4.3,4.3,4.3,4.03812,0.0,0.0,0.0,0.0,0.0,"July 20, 16",0.0
0,2016-07-19,4.3,4.3,4.3,4.3,4.03812,0.0,0.0,0.0,0.0,0.0,"July 19, 16",0.0
0,2016-07-18,4.3,4.3,4.3,4.3,4.03812,0.0,0.0,0.0,0.0,0.0,"July 18, 16",0.0
0,2016-07-15,4.3,4.3,4.3,4.3,4.03812,0.0,0.0,0.0,0.0,0.0,"July 15, 16",0.0
0,2016-07-14,4.3,4.3,4.3,4.3,4.03812,0.0,0.0,0.0,0.0,0.0,"July 14, 16",0.0
0,2016-07-13,4.3,4.3,4.3,4.3,4.03812,0.0,0.0,0.0,0.0,0.0,"July 13, 16",0.0
0,2016-07-12,4.3,4.3,4.3,4.3,4.03812,0.0,0.0,0.0,0.0,0.0,"July 12, 16",0.0
0,2016-07-11,4.3,4.3,4.3,4.3,4.03812,0.0,0.0,0.0,0.0,0.0,"July 11, 16",0.0
0,2016-07-08,4.3,4.3,4.3,4.3,4.03812,0.0,0.0,0.0,0.0,0.0,"July 08, 16",0.0
0,2016-07-07,4.3,4.3,4.3,4.3,4.03812,0.0,0.0,0.0,0.0,0.0,"July 07, 16",0.0
0,2016-07-06,4.3,4.3,4.3,4.3,4.03812,0.0,0.0,0.0,0.0,0.0,"July 06, 16",0.0
0,2016-07-05,4.3,4.3,4.3,4.3,4.03812,0.0,0.0,0.0,0.0,0.0,"July 05, 16",0.0
0,2016-07-04,4.3,4.3,4.3,4.3,4.03812,0.0,0.0,0.0,0.0,0.0,"July 04, 16",0.0
0,2016-06-30,4.3,4.3,4.3,4.3,4.03812,0.0,0.0,0.0,0.0,0.0,"June 30, 16",0.0
0,2016-06-29,4.3,4.3,4.3,4.3,4.03812,0.0,0.0,0.0,0.0,0.0,"June 29, 16",0.0
0,2016-06-28,4.3,4.3,4.3,4.3,4.03812,0.0,0.0,0.0,0.0,0.0,"June 28, 16",0.0
0,2016-06-27,4.3,4.3,4.3,4.3,4.03812,0.0,0.0,0.0,0.0,0.0,"June 27, 16",0.0
0,2016-06-24,4.3,4.3,4.3,4.3,4.03812,0.0,0.0,0.0,0.0,0.0,"June 24, 16",0.0
0,2016-06-23,4.3,4.3,4.3,4.3,4.03812,0.0,0.0,0.0,0.0,0.0,"June 23, 16",0.0
0,2016-06-22,4.3,4.3,4.3,4.3,4.03812,0.0,0.0,0.0,0.0,0.0,"June 22, 16",0.0
0,2016-06-21,4.3,4.3,4.3,4.3,4.03812,0.0,0.0,0.0,0.0,0.0,"June 21, 16",0.0
0,2016-06-20,4.3,4.3,4.3,4.3,4.03812,0.0,0.0,0.0,0.0,0.0,"June 20, 16",0.0
0,2016-06-17,4.3,4.3,4.3,4.3,4.03812,0.0,0.0,0.0,0.0,0.0,"June 17, 16",0.0
0,2016-06-16,4.3,4.3,4.3,4.3,4.03812,0.0,0.0,0.0,0.0,0.0,"June 16, 16",0.0
0,2016-06-15,4.3,4.3,4.3,4.3,4.03812,0.0,0.0,0.0,0.0,0.0,"June 15, 16",0.0
0,2016-06-14,4.3,4.3,4.3,4.3,4.03812,0.0,0.0,0.0,0.0,0.0,"June 14, 16",0.0
0,2016-06-13,4.3,4.3,4.3,4.3,4.03812,10000.0,10000.0,0.0,0.0,4.3,"June 13, 16",0.0
0,2016-06-10,4.3,4.3,4.3,4.3,4.03812,0.0,0.0,0.0,0.0,0.0,"June 10, 16",0.0
0,2016-06-08,4.3,4.3,4.3,4.3,4.03812,0.0,0.0,0.0,0.0,0.0,"June 08, 16",0.0
0,2016-06-07,4.3,4.3,4.3,4.3,4.03812,0.0,0.0,0.0,0.0,0.0,"June 07, 16",0.0
0,2016-06-06,4.3,4.3,4.3,4.3,4.03812,0.0,0.0,0.0,0.0,0.0,"June 06, 16",0.0
0,2016-06-03,4.3,4.3,4.3,4.3,4.03812,0.0,0.0,0.0,0.0,0.0,"June 03, 16",0.0
0,2016-06-02,4.3,4.3,4.3,4.3,4.03812,0.0,0.0,0.0,0.0,0.0,"June 02, 16",0.0
0,2016-06-01,4.3,4.3,4.3,4.3,4.03812,0.0,0.0,0.0,0.0,0.0,"June 01, 16",0.0
0,2016-05-31,4.3,4.3,4.3,4.3,4.03812,0.0,0.0,0.0,0.0,0.0,"May 31, 16",0.0
0,2016-05-30,4.3,4.3,4.3,4.3,4.03812,0.0,0.0,0.0,0.0,0.0,"May 30, 16",0.0
0,2016-05-27,4.3,4.3,4.3,4.3,4.03812,0.0,0.0,0.0,0.0,0.0,"May 27, 16",0.0
0,2016-05-26,4.3,4.3,4.3,4.3,4.03812,0.0,0.0,0.0,0.0,0.0,"May 26, 16",0.0
0,2016-05-25,4.3,4.3,4.3,4.3,4.03812,0.0,0.0,0.0,0.0,0.0,"May 25, 16",0.0
0,2016-05-24,4.3,4.3,4.3,4.3,4.03812,0.0,0.0,0.0,0.0,0.0,"May 24, 16",0.0
0,2016-05-23,4.3,4.3,4.3,4.3,4.03812,0.0,0.0,0.0,0.0,0.0,"May 23, 16",0.0
0,2016-05-20,4.3,4.3,4.3,4.3,4.03812,0.0,0.0,0.0,0.0,0.0,"May 20, 16",0.0
0,2016-05-19,4.3,4.3,4.3,4.3,4.03812,0.0,0.0,0.0,0.0,0.0,"May 19, 16",0.0
0,2016-05-18,4.3,4.3,4.3,4.3,4.03812,0.0,0.0,0.0,0.0,0.0,"May 18, 16",0.0
0,2016-05-17,4.3,4.3,4.3,4.3,4.03812,0.0,0.0,0.0,0.0,0.0,"May 17, 16",0.0
0,2016-05-16,4.3,4.3,4.3,4.3,4.03812,0.0,0.0,0.0,0.0,0.0,"May 16, 16",0.0
0,2016-05-13,4.3,4.3,4.3,4.3,4.03812,0.0,0.0,0.0,0.0,0.0,"May 13, 16",0.0
0,2016-05-12,4.3,4.3,4.3,4.3,4.03812,0.0,0.0,0.0,0.0,0.0,"May 12, 16",0.0
0,2016-05-11,4.3,4.3,4.3,4.3,4.03812,0.0,0.0,0.0,0.0,0.0,"May 11, 16",0.0
0,2016-05-10,4.3,4.3,4.3,4.3,4.03812,0.0,0.0,0.0,0.0,0.0,"May 10, 16",0.0
0,2016-05-09,4.3,4.3,4.3,4.3,4.03812,10000.0,10000.0,0.0,0.0,4.3,"May 09, 16",0.0
0,2016-05-06,4.3,4.3,4.3,4.3,4.03812,0.0,0.0,0.0,0.0,0.0,"May 06, 16",0.0
0,2016-05-05,4.3,4.3,4.3,4.3,4.03812,0.0,0.0,0.0,0.0,0.0,"May 05, 16",0.0
0,2016-05-04,4.3,4.3,4.3,4.3,4.03812,0.0,0.0,0.0,0.0,0.0,"May 04, 16",0.0
0,2016-05-03,4.3,4.3,4.3,4.3,4.03812,0.0,0.0,0.0,0.0,0.0,"May 03, 16",0.0
0,2016-04-29,4.3,4.3,4.3,4.3,4.03812,0.0,0.0,0.0,0.0,0.0,"April 29, 16",0.0
0,2016-04-28,4.3,4.3,4.3,4.3,4.03812,0.0,0.0,0.0,0.0,0.0,"April 28, 16",0.0
0,2016-04-27,4.3,4.3,4.3,4.3,4.03812,0.0,0.0,0.0,0.0,0.0,"April 27, 16",0.0
0,2016-04-26,4.3,4.3,4.3,4.3,4.03812,0.0,0.0,0.0,0.0,0.0,"April 26, 16",0.0
0,2016-04-25,4.3,4.3,4.3,4.3,4.03812,0.0,0.0,0.0,0.0,0.0,"April 25, 16",0.0
0,2016-04-22,4.3,4.3,4.3,4.3,4.03812,6000.0,6000.0,0.0,0.0,4.3,"April 22, 16",0.0
0,2016-04-21,4.3,4.3,4.3,4.3,4.03812,0.0,0.0,0.0,0.0,0.0,"April 21, 16",0.0
0,2016-04-20,4.3,4.3,4.3,4.3,4.03812,0.0,0.0,0.0,0.0,0.0,"April 20, 16",0.0
0,2016-04-19,4.3,4.3,4.3,4.3,4.03812,0.0,0.0,0.0,0.0,0.0,"April 19, 16",0.0
0,2016-04-18,4.3,4.3,4.3,4.3,4.03812,0.0,0.0,0.0,0.0,0.0,"April 18, 16",0.0
0,2016-04-15,4.3,4.3,4.3,4.3,4.03812,0.0,0.0,0.0,0.0,0.0,"April 15, 16",0.0
0,2016-04-14,4.3,4.3,4.3,4.3,4.03812,0.0,0.0,0.0,0.0,0.0,"April 14, 16",0.0
0,2016-04-13,4.3,4.3,4.3,4.3,4.03812,0.0,0.0,0.0,0.0,0.0,"April 13, 16",0.0
0,2016-04-12,4.3,4.3,4.3,4.3,4.03812,0.0,0.0,0.0,0.0,0.0,"April 12, 16",0.0
0,2016-04-11,4.3,4.3,4.3,4.3,4.03812,0.0,0.0,0.0,0.0,0.0,"April 11, 16",0.0
0,2016-04-08,4.3,4.3,4.3,4.3,4.03812,0.0,0.0,0.0,0.0,0.0,"April 08, 16",0.0
0,2016-04-07,4.3,4.3,4.3,4.3,4.03812,0.0,0.0,0.0,0.0,0.0,"April 07, 16",0.0
0,2016-04-06,4.3,4.3,4.3,4.3,4.03812,0.0,0.0,0.0,0.0,0.0,"April 06, 16",0.0
0,2016-04-05,4.3,4.3,4.3,4.3,4.03812,0.0,0.0,0.0,0.0,0.0,"April 05, 16",0.0
0,2016-04-01,4.3,4.3,4.3,4.3,4.03812,0.0,0.0,0.0,0.0,0.0,"April 01, 16",0.0
0,2016-03-31,4.3,4.3,4.3,4.3,4.03812,0.0,0.0,0.0,0.0,0.0,"March 31, 16",0.0
0,2016-03-30,4.3,4.3,4.3,4.3,4.03812,0.0,0.0,0.0,0.0,0.0,"March 30, 16",0.0
0,2016-03-29,4.3,4.3,4.3,4.3,4.03812,2000.0,2000.0,0.0,0.0,4.3,"March 29, 16",0.0
0,2016-03-24,4.3,4.3,4.3,4.3,4.03812,0.0,0.0,0.0,0.0,0.0,"March 24, 16",0.0
0,2016-03-23,4.3,4.3,4.3,4.3,4.03812,0.0,0.0,0.0,0.0,0.0,"March 23, 16",0.0
0,2016-03-22,4.3,4.3,4.3,4.3,4.03812,0.0,0.0,0.0,0.0,0.0,"March 22, 16",0.0
0,2016-03-21,4.3,4.3,4.3,4.3,4.03812,0.0,0.0,0.0,0.0,0.0,"March 21, 16",0.0
0,2016-03-18,4.4,4.4,4.4,4.4,4.13203,0.0,0.0,0.0,0.0,0.0,"March 18, 16",0.0
0,2016-03-17,4.4,4.4,4.4,4.4,4.13203,0.0,0.0,0.0,0.0,0.0,"March 17, 16",0.0
0,2016-03-16,4.4,4.4,4.4,4.4,4.13203,0.0,0.0,0.0,0.0,0.0,"March 16, 16",0.0
0,2016-03-15,4.6,4.6,4.6,4.6,4.319851,0.0,0.0,0.0,0.0,0.0,"March 15, 16",0.0
0,2016-03-14,4.6,4.6,4.6,4.6,4.319851,0.0,0.0,0.0,0.0,0.0,"March 14, 16",0.0
0,2016-03-11,4.6,4.6,4.6,4.6,4.319851,0.0,0.0,0.0,0.0,0.0,"March 11, 16",0.0
0,2016-03-10,4.6,4.6,4.6,4.6,4.319851,0.0,0.0,0.0,0.0,0.0,"March 10, 16",0.0
0,2016-03-09,4.6,4.6,4.6,4.6,4.319851,0.0,0.0,0.0,0.0,0.0,"March 09, 16",0.0
0,2016-03-08,4.6,4.6,4.6,4.6,4.319851,0.0,0.0,0.0,0.0,0.0,"March 08, 16",0.0
0,2016-03-07,4.6,4.6,4.6,4.6,4.319851,0.0,0.0,0.0,0.0,0.0,"March 07, 16",0.0
0,2016-03-04,4.6,4.6,4.6,4.6,4.319851,0.0,0.0,0.0,0.0,0.0,"March 04, 16",0.0
0,2016-03-03,4.6,4.6,4.6,4.6,4.319851,0.0,0.0,0.0,0.0,0.0,"March 03, 16",0.0
0,2016-03-02,4.6,4.6,4.6,4.6,4.319851,0.0,0.0,0.0,0.0,0.0,"March 02, 16",0.0
0,2016-03-01,4.6,4.6,4.6,4.6,4.319851,0.0,0.0,0.0,0.0,0.0,"March 01, 16",0.0
0,2016-02-29,4.62,4.62,4.62,4.62,4.338632,0.0,0.0,0.0,0.0,0.0,"February 29, 16",0.0
0,2016-02-26,4.62,4.62,4.62,4.62,4.338632,0.0,0.0,0.0,0.0,0.0,"February 26, 16",0.0
0,2016-02-25,4.62,4.62,4.62,4.62,4.338632,0.0,0.0,0.0,0.0,0.0,"February 25, 16",0.0
0,2016-02-24,4.62,4.62,4.62,4.62,4.338632,0.0,0.0,0.0,0.0,0.0,"February 24, 16",0.0
0,2016-02-23,4.62,4.62,4.62,4.62,4.338632,0.0,0.0,0.0,0.0,0.0,"February 23, 16",0.0
0,2016-02-22,4.62,4.62,4.62,4.62,4.338632,0.0,0.0,0.0,0.0,0.0,"February 22, 16",0.0
0,2016-02-19,4.62,4.62,4.62,4.62,4.338632,0.0,0.0,0.0,0.0,0.0,"February 19, 16",0.0
0,2016-02-18,4.62,4.62,4.62,4.62,4.338632,0.0,0.0,0.0,0.0,0.0,"February 18, 16",0.0
0,2016-02-17,4.62,4.62,4.62,4.62,4.338632,0.0,0.0,0.0,0.0,0.0,"February 17, 16",0.0
0,2016-02-16,4.62,4.62,4.62,4.62,4.338632,0.0,0.0,0.0,0.0,0.0,"February 16, 16",0.0
