,date,open,high,low,close,adjClose,volume,unadjustedVolume,change,changePercent,vwap,label,changeOverTime
0,2021-02-11,6.07,6.07,5.91,6.02,6.02,5930435.0,5930435.0,-0.05,-0.824,6.0,"February 11, 21",-0.00824
0,2021-02-10,6.15,6.22,5.94,6.07,6.07,14679000.0,14679000.0,-0.08,-1.301,6.07667,"February 10, 21",-0.01301
0,2021-02-09,5.8,6.2,5.72,6.16,6.16,25998410.0,25998410.0,0.36,6.207,6.02667,"February 09, 21",0.06207
0,2021-02-08,5.59,5.96,5.44,5.81,5.81,43453510.0,43453510.0,0.22,3.936,5.73667,"February 08, 21",0.03936
0,2021-02-05,5.91,5.98,5.47,5.53,5.53,45936530.0,45936530.0,-0.38,-6.43,5.66,"February 05, 21",-0.0643
0,2021-02-04,6.1,6.1,5.79,5.9,5.9,31379580.0,31379580.0,-0.2,-3.279,5.93,"February 04, 21",-0.03279
0,2021-02-03,6.25,6.27,6.02,6.07,6.07,43287780.0,43287780.0,-0.18,-2.88,6.12,"February 03, 21",-0.0288
0,2021-02-02,6.12,6.24,5.96,6.2,6.2,33885680.0,33885680.0,0.08,1.307,6.13333,"February 02, 21",0.01307
0,2021-02-01,5.83,6.08,5.71,6.01,6.01,29392870.0,29392870.0,0.18,3.087,5.93333,"February 01, 21",0.03087
0,2021-01-29,5.9,6.07,5.65,5.81,5.81,66168530.0,66168530.0,-0.09,-1.525,5.84333,"January 29, 21",-0.01525
0,2021-01-28,6.14,6.24,5.71,5.78,5.78,71161820.0,71161820.0,-0.36,-5.863,5.91,"January 28, 21",-0.05863
0,2021-01-27,6.2,6.37,5.88,6.25,6.25,73277830.0,73277830.0,0.05,0.806,6.16667,"January 27, 21",0.00806
0,2021-01-26,7.16,7.28,6.05,6.17,6.17,133679700.0,133679700.0,-0.99,-13.827,6.5,"January 26, 21",-0.13827
0,2021-01-25,7.34,7.65,6.89,7.18,7.18,110409000.0,110409000.0,-0.16,-2.18,7.24,"January 25, 21",-0.0218
0,2021-01-22,7.47,7.63,7.24,7.34,7.34,52116530.0,52116530.0,-0.13,-1.74,7.40333,"January 22, 21",-0.0174
0,2021-01-21,7.7,7.86,7.3,7.38,7.38,55502550.0,55502550.0,-0.32,-4.156,7.51333,"January 21, 21",-0.04156
0,2021-01-20,7.66,8.13,7.4,7.82,7.82,83412160.0,83412160.0,0.16,2.089,7.78333,"January 20, 21",0.02089
0,2021-01-19,7.49,8.08,7.28,7.63,7.63,69711020.0,69711020.0,0.14,1.869,7.66333,"January 19, 21",0.01869
0,2021-01-18,7.36,7.84,7.31,7.45,7.45,58500810.0,58500810.0,0.09,1.223,7.53333,"January 18, 21",0.01223
0,2021-01-15,7.26,7.27,6.8,7.15,7.15,48870650.0,48870650.0,-0.11,-1.515,7.07333,"January 15, 21",-0.01515
0,2021-01-14,7.65,7.67,7.06,7.2,7.2,80950600.0,80950600.0,-0.45,-5.882,7.31,"January 14, 21",-0.05882
0,2021-01-13,7.08,7.82,6.9,7.54,7.54,107935200.0,107935200.0,0.46,6.497,7.42,"January 13, 21",0.06497
0,2021-01-12,6.4,7.2,6.37,7.06,7.06,84350130.0,84350130.0,0.66,10.313,6.87667,"January 12, 21",0.10313
0,2021-01-11,6.6,6.93,6.26,6.48,6.48,78581600.0,78581600.0,-0.12,-1.818,6.55667,"January 11, 21",-0.01818
0,2021-01-08,6.94,6.95,6.09,6.52,6.52,136520600.0,136520600.0,-0.42,-6.052,6.52,"January 08, 21",-0.06052
0,2021-01-07,7.1,7.1,6.74,6.88,6.88,55115880.0,55115880.0,-0.22,-3.099,6.90667,"January 07, 21",-0.03099
0,2021-01-06,6.84,7.33,6.78,6.99,6.99,80266070.0,80266070.0,0.15,2.193,7.03333,"January 06, 21",0.02193
0,2021-01-05,6.69,6.88,6.44,6.84,6.84,122833200.0,122833200.0,0.15,2.242,6.72,"January 05, 21",0.02242
0,2021-01-04,5.6,6.73,5.57,6.7,6.7,189820000.0,189820000.0,1.1,19.643,6.33333,"January 04, 21",0.19643
0,2020-12-31,5.24,5.41,5.18,5.41,5.41,32339000.0,32339000.0,0.17,3.244,5.33333,"December 31, 20",0.03244
0,2020-12-30,5.2,5.33,5.08,5.2,5.2,38116560.0,38116560.0,0.0,0.0,5.20333,"December 30, 20",0.0
0,2020-12-29,5.4,5.43,5.19,5.2,5.2,24479220.0,24479220.0,-0.2,-3.704,5.27333,"December 29, 20",-0.03704
0,2020-12-28,5.28,5.47,5.1,5.36,5.36,49358810.0,49358810.0,0.08,1.515,5.31,"December 28, 20",0.01515
0,2020-12-24,4.83,5.25,4.73,5.22,5.22,67062770.0,67062770.0,0.39,8.075,5.06667,"December 24, 20",0.08075
0,2020-12-23,4.57,4.87,4.48,4.87,4.87,30513000.0,30513000.0,0.3,6.565,4.74,"December 23, 20",0.06565
0,2020-12-22,4.56,4.59,4.46,4.48,4.48,14649680.0,14649680.0,-0.08,-1.754,4.51,"December 22, 20",-0.01754
0,2020-12-21,4.47,4.65,4.41,4.58,4.58,23409830.0,23409830.0,0.11,2.461,4.54667,"December 21, 20",0.02461
0,2020-12-18,4.36,4.67,4.36,4.5,4.5,27349000.0,27349000.0,0.14,3.211,4.51,"December 18, 20",0.03211
0,2020-12-17,4.31,4.39,4.28,4.34,4.34,9931443.0,9931443.0,0.03,0.696,4.33667,"December 17, 20",0.00696
0,2020-12-16,4.31,4.34,4.19,4.28,4.28,16319500.0,16319500.0,-0.03,-0.696,4.27,"December 16, 20",-0.00696
0,2020-12-15,4.4,4.5,4.3,4.31,4.31,21748160.0,21748160.0,-0.09,-2.045,4.37,"December 15, 20",-0.02045
0,2020-12-14,4.36,4.52,4.32,4.42,4.42,16609500.0,16609500.0,0.06,1.376,4.42,"December 14, 20",0.01376
0,2020-12-11,4.45,4.45,4.28,4.35,4.35,27083360.0,27083360.0,-0.1,-2.247,4.36,"December 11, 20",-0.02247
0,2020-12-10,4.48,4.56,4.4,4.4,4.4,16385400.0,16385400.0,-0.08,-1.786,4.45333,"December 10, 20",-0.01786
0,2020-12-09,4.64,4.72,4.48,4.48,4.48,32250580.0,32250580.0,-0.16,-3.448,4.56,"December 09, 20",-0.03448
0,2020-12-08,4.79,4.83,4.61,4.65,4.65,25033410.0,25033410.0,-0.14,-2.923,4.69667,"December 08, 20",-0.02923
0,2020-12-07,4.77,4.9,4.67,4.83,4.83,21685000.0,21685000.0,0.06,1.258,4.8,"December 07, 20",0.01258
0,2020-12-04,4.77,4.83,4.75,4.78,4.78,16499500.0,16499500.0,0.01,0.21,4.78667,"December 04, 20",0.0021
0,2020-12-03,4.87,4.89,4.79,4.79,4.79,14643920.0,14643920.0,-0.08,-1.643,4.82333,"December 03, 20",-0.01643
0,2020-12-02,4.93,4.96,4.82,4.85,4.85,17364080.0,17364080.0,-0.08,-1.623,4.87667,"December 02, 20",-0.01623
0,2020-12-01,4.75,4.94,4.75,4.91,4.91,27344410.0,27344410.0,0.16,3.368,4.86667,"December 01, 20",0.03368
0,2020-11-30,4.74,4.86,4.7,4.72,4.72,33860200.0,33860200.0,-0.02,-0.422,4.76,"November 30, 20",-0.00422
0,2020-11-27,4.74,4.81,4.66,4.73,4.73,16461960.0,16461960.0,-0.01,-0.211,4.73333,"November 27, 20",-0.00211
0,2020-11-26,4.56,4.83,4.56,4.73,4.73,26195690.0,26195690.0,0.17,3.728,4.70667,"November 26, 20",0.03728
0,2020-11-25,4.73,4.86,4.6,4.6,4.6,22987000.0,22987000.0,-0.13,-2.748,4.68667,"November 25, 20",-0.02748
0,2020-11-24,4.51,4.83,4.44,4.71,4.71,45091870.0,45091870.0,0.2,4.435,4.66,"November 24, 20",0.04435
0,2020-11-23,4.55,4.59,4.43,4.47,4.47,22157540.0,22157540.0,-0.08,-1.758,4.49667,"November 23, 20",-0.01758
0,2020-11-20,4.56,4.7,4.42,4.5,4.5,41259780.0,41259780.0,-0.06,-1.316,4.54,"November 20, 20",-0.01316
0,2020-11-19,4.38,4.58,4.38,4.47,4.47,39972000.0,39972000.0,0.09,2.055,4.47667,"November 19, 20",0.02055
0,2020-11-18,4.22,4.45,4.22,4.41,4.41,16236140.0,16236140.0,0.19,4.502,4.36,"November 18, 20",0.04502
0,2020-11-17,4.33,4.41,4.26,4.29,4.29,13664000.0,13664000.0,-0.04,-0.924,4.32,"November 17, 20",-0.00924
0,2020-11-16,4.3,4.36,4.19,4.33,4.33,13793220.0,13793220.0,0.03,0.698,4.29333,"November 16, 20",0.00698
0,2020-11-13,4.3,4.32,4.16,4.23,4.23,24241010.0,24241010.0,-0.07,-1.628,4.23667,"November 13, 20",-0.01628
0,2020-11-12,4.28,4.41,4.28,4.34,4.34,10276000.0,10276000.0,0.06,1.402,4.34333,"November 12, 20",0.01402
0,2020-11-11,4.32,4.41,4.28,4.31,4.31,22663960.0,22663960.0,-0.01,-0.231,4.33333,"November 11, 20",-0.00231
0,2020-11-10,4.22,4.35,4.17,4.32,4.32,19363710.0,19363710.0,0.1,2.37,4.28,"November 10, 20",0.0237
0,2020-11-09,4.25,4.33,4.13,4.2,4.2,27714000.0,27714000.0,-0.05,-1.176,4.22,"November 09, 20",-0.01176
0,2020-11-06,4.22,4.28,4.17,4.24,4.24,12936000.0,12936000.0,0.02,0.474,4.23,"November 06, 20",0.00474
0,2020-11-05,4.3,4.34,4.16,4.25,4.25,19860000.0,19860000.0,-0.05,-1.163,4.25,"November 05, 20",-0.01163
0,2020-11-04,4.12,4.36,4.08,4.29,4.29,29117480.0,29117480.0,0.17,4.126,4.24333,"November 04, 20",0.04126
0,2020-11-03,4.11,4.17,4.02,4.1,4.1,19523240.0,19523240.0,-0.01,-0.243,4.09667,"November 03, 20",-0.00243
0,2020-11-02,4.18,4.36,4.05,4.09,4.09,59856800.0,59856800.0,-0.09,-2.153,4.16667,"November 02, 20",-0.02153
0,2020-10-30,3.87,4.17,3.86,3.99,3.99,41642820.0,41642820.0,0.12,3.101,4.00667,"October 30, 20",0.03101
0,2020-10-29,3.75,3.84,3.73,3.8,3.8,8426252.0,8426252.0,0.05,1.333,3.79,"October 29, 20",0.01333
0,2020-10-28,3.81,3.85,3.72,3.78,3.78,17477600.0,17477600.0,-0.03,-0.787,3.78333,"October 28, 20",-0.00787
0,2020-10-27,3.91,3.95,3.73,3.82,3.82,35658160.0,35658160.0,-0.09,-2.302,3.83333,"October 27, 20",-0.02302
0,2020-10-23,4.08,4.08,3.81,3.98,3.98,15443000.0,15443000.0,-0.1,-2.451,3.95667,"October 23, 20",-0.02451
0,2020-10-22,4.03,4.08,3.99,4.03,4.03,9514000.0,9514000.0,0.0,0.0,4.03333,"October 22, 20",0.0
0,2020-10-21,4.14,4.21,4.01,4.03,4.03,20984000.0,20984000.0,-0.11,-2.657,4.08333,"October 21, 20",-0.02657
0,2020-10-20,4.13,4.17,4.02,4.11,4.11,21527770.0,21527770.0,-0.02,-0.484,4.1,"October 20, 20",-0.00484
0,2020-10-19,4.23,4.29,4.13,4.13,4.13,13684750.0,13684750.0,-0.1,-2.364,4.18333,"October 19, 20",-0.02364
0,2020-10-16,4.26,4.29,4.16,4.23,4.23,12215000.0,12215000.0,-0.03,-0.704,4.22667,"October 16, 20",-0.00704
0,2020-10-15,4.29,4.37,4.22,4.24,4.24,9782609.0,9782609.0,-0.05,-1.166,4.27667,"October 15, 20",-0.01166
0,2020-10-14,4.67,4.67,4.24,4.29,4.29,26251050.0,26251050.0,-0.38,-8.137,4.4,"October 14, 20",-0.08137
0,2020-10-13,4.67,4.67,4.67,4.67,4.67,0.0,0.0,0.0,0.0,0.0,"October 13, 20",0.0
0,2020-10-12,4.56,4.7,4.55,4.65,4.65,17178040.0,17178040.0,0.09,1.974,4.63333,"October 12, 20",0.01974
0,2020-10-09,4.54,4.58,4.45,4.52,4.52,11802860.0,11802860.0,-0.02,-0.441,4.51667,"October 09, 20",-0.00441
0,2020-10-08,4.56,4.62,4.52,4.6,4.6,7723890.0,7723890.0,0.04,0.877,4.58,"October 08, 20",0.00877
0,2020-10-07,4.53,4.62,4.5,4.56,4.56,5368018.0,5368018.0,0.03,0.662,4.56,"October 07, 20",0.00662
0,2020-10-06,4.41,4.55,4.39,4.53,4.53,8043829.0,8043829.0,0.12,2.721,4.49,"October 06, 20",0.02721
0,2020-10-05,4.44,4.5,4.35,4.42,4.42,5267000.0,5267000.0,-0.02,-0.45,4.42333,"October 05, 20",-0.0045
0,2020-09-30,4.37,4.52,4.37,4.41,4.41,5909000.0,5909000.0,0.04,0.915,4.43333,"September 30, 20",0.00915
0,2020-09-29,4.32,4.44,4.32,4.41,4.41,6449328.0,6449328.0,0.09,2.083,4.39,"September 29, 20",0.02083
0,2020-09-28,4.17,4.28,4.15,4.26,4.26,6170000.0,6170000.0,0.09,2.158,4.23,"September 28, 20",0.02158
0,2020-09-25,4.33,4.35,4.16,4.2,4.2,9110000.0,9110000.0,-0.13,-3.002,4.23667,"September 25, 20",-0.03002
0,2020-09-24,4.31,4.35,4.22,4.25,4.25,14219870.0,14219870.0,-0.06,-1.392,4.27333,"September 24, 20",-0.01392
0,2020-09-23,4.42,4.42,4.27,4.38,4.38,11741380.0,11741380.0,-0.04,-0.905,4.35667,"September 23, 20",-0.00905
0,2020-09-22,4.79,4.79,4.35,4.38,4.38,29878550.0,29878550.0,-0.41,-8.559,4.50667,"September 22, 20",-0.08559
0,2020-09-21,4.79,4.95,4.66,4.75,4.75,30928860.0,30928860.0,-0.04,-0.835,4.78667,"September 21, 20",-0.00835
0,2020-09-18,4.54,4.74,4.54,4.71,4.71,19050550.0,19050550.0,0.17,3.744,4.66333,"September 18, 20",0.03744
0,2020-09-17,4.55,4.6,4.45,4.58,4.58,10546030.0,10546030.0,0.03,0.659,4.54333,"September 17, 20",0.00659
0,2020-09-16,4.46,4.59,4.44,4.55,4.55,11263500.0,11263500.0,0.09,2.018,4.52667,"September 16, 20",0.02018
0,2020-09-15,4.5,4.65,4.45,4.45,4.45,13811000.0,13811000.0,-0.05,-1.111,4.51667,"September 15, 20",-0.01111
0,2020-09-14,4.48,4.55,4.35,4.47,4.47,11499000.0,11499000.0,-0.01,-0.223,4.45667,"September 14, 20",-0.00223
0,2020-09-11,4.55,4.59,4.44,4.5,4.5,15099640.0,15099640.0,-0.05,-1.099,4.51,"September 11, 20",-0.01099
0,2020-09-10,4.69,4.7,4.53,4.54,4.54,11636000.0,11636000.0,-0.15,-3.198,4.59,"September 10, 20",-0.03198
0,2020-09-09,4.62,4.72,4.55,4.62,4.62,19662000.0,19662000.0,0.0,0.0,4.63,"September 09, 20",0.0
0,2020-09-08,4.66,4.81,4.62,4.62,4.62,21936000.0,21936000.0,-0.04,-0.858,4.68333,"September 08, 20",-0.00858
0,2020-09-07,4.77,4.77,4.5,4.58,4.58,16556890.0,16556890.0,-0.19,-3.983,4.61667,"September 07, 20",-0.03983
0,2020-09-04,4.92,4.92,4.62,4.76,4.76,21458380.0,21458380.0,-0.16,-3.252,4.76667,"September 04, 20",-0.03252
0,2020-09-03,4.98,5.07,4.87,5.0,5.0,27672390.0,27672390.0,0.02,0.402,4.98,"September 03, 20",0.00402
0,2020-09-02,4.94,4.96,4.78,4.86,4.86,14393080.0,14393080.0,-0.08,-1.619,4.86667,"September 02, 20",-0.01619
0,2020-09-01,4.86,5.04,4.86,4.94,4.94,16915000.0,16915000.0,0.08,1.646,4.94667,"September 01, 20",0.01646
0,2020-08-31,4.85,4.98,4.82,4.84,4.84,25717100.0,25717100.0,-0.01,-0.206,4.88,"August 31, 20",-0.00206
0,2020-08-28,4.89,4.92,4.74,4.83,4.83,19243000.0,19243000.0,-0.06,-1.227,4.83,"August 28, 20",-0.01227
0,2020-08-27,4.79,4.88,4.69,4.86,4.86,22815000.0,22815000.0,0.07,1.461,4.81,"August 27, 20",0.01461
0,2020-08-26,5.19,5.19,4.71,4.75,4.75,42923770.0,42923770.0,-0.44,-8.478,4.88333,"August 26, 20",-0.08478
0,2020-08-25,5.14,5.29,5.11,5.14,5.14,25922670.0,25922670.0,0.0,0.0,5.18,"August 25, 20",0.0
0,2020-08-24,5.0,5.18,4.99,5.14,5.14,23514000.0,23514000.0,0.14,2.8,5.10333,"August 24, 20",0.028
0,2020-08-21,5.05,5.13,4.93,4.96,4.96,20131110.0,20131110.0,-0.09,-1.782,5.00667,"August 21, 20",-0.01782
0,2020-08-20,5.06,5.18,4.91,4.99,4.99,37050010.0,37050010.0,-0.07,-1.383,5.02667,"August 20, 20",-0.01383
0,2020-08-19,5.21,5.28,5.05,5.11,5.11,24337250.0,24337250.0,-0.1,-1.919,5.14667,"August 19, 20",-0.01919
0,2020-08-18,5.38,5.38,5.14,5.32,5.32,23901150.0,23901150.0,-0.06,-1.115,5.28,"August 18, 20",-0.01115
0,2020-08-17,5.25,5.4,5.25,5.3,5.3,18214560.0,18214560.0,0.05,0.952,5.31667,"August 17, 20",0.00952
0,2020-08-14,5.15,5.33,5.15,5.23,5.23,30991710.0,30991710.0,0.08,1.553,5.23667,"August 14, 20",0.01553
0,2020-08-13,5.12,5.3,5.08,5.14,5.14,30899420.0,30899420.0,0.02,0.391,5.17333,"August 13, 20",0.00391
0,2020-08-12,5.45,5.46,5.02,5.06,5.06,59494000.0,59494000.0,-0.39,-7.156,5.18,"August 12, 20",-0.07156
0,2020-08-11,5.24,5.75,5.17,5.44,5.44,83219730.0,83219730.0,0.2,3.817,5.45333,"August 11, 20",0.03817
0,2020-08-10,5.22,5.45,5.12,5.24,5.24,57315000.0,57315000.0,0.02,0.383,5.27,"August 10, 20",0.00383
0,2020-08-07,5.12,5.34,5.01,5.17,5.17,74257000.0,74257000.0,0.05,0.977,5.17333,"August 07, 20",0.00977
0,2020-08-06,5.02,5.2,4.97,5.11,5.11,41394640.0,41394640.0,0.09,1.793,5.09333,"August 06, 20",0.01793
0,2020-08-05,4.91,5.16,4.9,5.02,5.02,34672010.0,34672010.0,0.11,2.24,5.02667,"August 05, 20",0.0224
0,2020-08-04,5.12,5.18,4.92,4.96,4.96,36565000.0,36565000.0,-0.16,-3.125,5.02,"August 04, 20",-0.03125
0,2020-08-03,4.66,5.21,4.61,5.18,5.18,101143800.0,101143800.0,0.52,11.159,5.0,"August 03, 20",0.11159
0,2020-07-31,4.8,4.8,4.57,4.61,4.61,29514810.0,29514810.0,-0.19,-3.958,4.66,"July 31, 20",-0.03958
0,2020-07-30,4.78,4.99,4.75,4.79,4.79,37218630.0,37218630.0,0.01,0.209,4.84333,"July 30, 20",0.00209
0,2020-07-29,4.7,4.84,4.68,4.81,4.81,22554730.0,22554730.0,0.11,2.34,4.77667,"July 29, 20",0.0234
0,2020-07-28,4.7,4.8,4.56,4.77,4.77,28697000.0,28697000.0,0.07,1.489,4.71,"July 28, 20",0.01489
0,2020-07-27,4.49,4.76,4.34,4.67,4.67,60226780.0,60226780.0,0.18,4.009,4.59,"July 27, 20",0.04009
0,2020-07-24,4.52,5.0,4.38,4.45,4.45,163012600.0,163012600.0,-0.07,-1.549,4.61,"July 24, 20",-0.01549
0,2020-07-23,4.65,4.75,4.42,4.54,4.54,51855720.0,51855720.0,-0.11,-2.366,4.57,"July 23, 20",-0.02366
0,2020-07-22,4.53,4.7,4.45,4.61,4.61,27168640.0,27168640.0,0.08,1.766,4.58667,"July 22, 20",0.01766
0,2020-07-21,4.68,4.7,4.4,4.54,4.54,34109000.0,34109000.0,-0.14,-2.991,4.54667,"July 21, 20",-0.02991
0,2020-07-20,4.29,4.68,4.19,4.65,4.65,49354000.0,49354000.0,0.36,8.392,4.50667,"July 20, 20",0.08392
0,2020-07-17,4.12,4.36,4.12,4.2,4.2,29413000.0,29413000.0,0.08,1.942,4.22667,"July 17, 20",0.01942
0,2020-07-16,4.51,4.54,4.05,4.05,4.05,45223000.0,45223000.0,-0.46,-10.2,4.21333,"July 16, 20",-0.102
0,2020-07-15,4.67,4.7,4.44,4.49,4.49,19815000.0,19815000.0,-0.18,-3.854,4.54333,"July 15, 20",-0.03854
0,2020-07-14,4.6,4.74,4.43,4.52,4.52,31287000.0,31287000.0,-0.08,-1.739,4.56333,"July 14, 20",-0.01739
0,2020-07-13,4.5,4.87,4.48,4.58,4.58,42608000.0,42608000.0,0.08,1.778,4.64333,"July 13, 20",0.01778
0,2020-07-10,4.71,4.97,4.43,4.5,4.5,57857000.0,57857000.0,-0.21,-4.459,4.63333,"July 10, 20",-0.04459
0,2020-07-09,4.95,5.13,4.63,4.7,4.7,104648400.0,104648400.0,-0.25,-5.051,4.82,"July 09, 20",-0.05051
0,2020-07-08,3.96,4.92,3.93,4.76,4.76,103192400.0,103192400.0,0.8,20.202,4.53667,"July 08, 20",0.20202
0,2020-07-07,4.3,4.3,3.9,3.91,3.91,44663800.0,44663800.0,-0.39,-9.07,4.03667,"July 07, 20",-0.0907
0,2020-07-06,3.64,4.07,3.64,4.06,4.06,48150000.0,48150000.0,0.42,11.538,3.92333,"July 06, 20",0.11538
0,2020-07-03,3.63,3.67,3.56,3.6,3.6,14631580.0,14631580.0,-0.03,-0.826,3.61,"July 03, 20",-0.00826
0,2020-07-02,3.54,3.63,3.52,3.58,3.58,21681000.0,21681000.0,0.04,1.13,3.57667,"July 02, 20",0.0113
0,2020-06-30,3.64,3.65,3.51,3.51,3.51,15928420.0,15928420.0,-0.13,-3.571,3.55667,"June 30, 20",-0.03571
0,2020-06-29,3.57,3.73,3.52,3.61,3.61,29674300.0,29674300.0,0.04,1.12,3.62,"June 29, 20",0.0112
0,2020-06-26,3.56,3.66,3.55,3.57,3.57,12945000.0,12945000.0,0.01,0.281,3.59333,"June 26, 20",0.00281
0,2020-06-24,3.69,3.7,3.61,3.62,3.62,10725610.0,10725610.0,-0.07,-1.897,3.64333,"June 24, 20",-0.01897
0,2020-06-23,3.72,3.75,3.65,3.69,3.69,9103250.0,9103250.0,-0.03,-0.806,3.69667,"June 23, 20",-0.00806
0,2020-06-22,3.71,3.78,3.62,3.72,3.72,17872900.0,17872900.0,0.01,0.27,3.70667,"June 22, 20",0.0027
0,2020-06-19,3.81,3.84,3.71,3.73,3.73,19713661.0,19713661.0,-0.08,-2.1,3.76,"June 19, 20",-0.021
0,2020-06-18,3.88,3.88,3.75,3.81,3.81,27038300.0,27038300.0,-0.07,-1.804,3.81333,"June 18, 20",-0.01804
0,2020-06-17,4.02,4.06,3.82,3.88,3.88,39603670.0,39603670.0,-0.14,-3.483,3.92,"June 17, 20",-0.03483
0,2020-06-16,4.07,4.08,3.94,3.96,3.96,24468000.0,24468000.0,-0.11,-2.703,3.99333,"June 16, 20",-0.02703
0,2020-06-15,3.95,4.19,3.95,4.0,4.0,43116870.0,43116870.0,0.05,1.266,4.04667,"June 15, 20",0.01266
0,2020-06-12,3.9,4.01,3.88,4.01,4.01,14100820.0,14100820.0,0.11,2.821,3.96667,"June 12, 20",0.02821
0,2020-06-11,3.96,4.01,3.93,4.0,4.0,15063310.0,15063310.0,0.04,1.01,3.98,"June 11, 20",0.0101
0,2020-06-10,3.99,3.99,3.89,3.96,3.96,22571900.0,22571900.0,-0.03,-0.752,3.94667,"June 10, 20",-0.00752
0,2020-06-09,4.0,4.03,3.95,3.99,3.99,13472330.0,13472330.0,-0.01,-0.25,3.99,"June 09, 20",-0.0025
0,2020-06-08,4.04,4.06,3.9,3.99,3.99,25781000.0,25781000.0,-0.05,-1.238,3.98333,"June 08, 20",-0.01238
0,2020-06-05,4.02,4.05,3.91,4.01,4.01,21617210.0,21617210.0,-0.01,-0.249,3.99,"June 05, 20",-0.00249
0,2020-06-04,3.86,4.01,3.8,4.01,4.01,30565730.0,30565730.0,0.15,3.886,3.94,"June 04, 20",0.03886
0,2020-06-03,3.74,3.83,3.72,3.8,3.8,19716000.0,19716000.0,0.06,1.604,3.78333,"June 03, 20",0.01604
0,2020-06-02,3.68,3.74,3.65,3.7,3.7,18226000.0,18226000.0,0.02,0.543,3.69667,"June 02, 20",0.00543
0,2020-06-01,3.58,3.7,3.55,3.63,3.63,18041230.0,18041230.0,0.05,1.397,3.62667,"June 01, 20",0.01397
0,2020-05-29,3.5,3.63,3.48,3.53,3.53,20012480.0,20012480.0,0.03,0.857,3.54667,"May 29, 20",0.00857
0,2020-05-28,3.63,3.64,3.42,3.52,3.52,27594070.0,27594070.0,-0.11,-3.03,3.52667,"May 28, 20",-0.0303
0,2020-05-27,3.42,3.66,3.4,3.57,3.57,40300820.0,40300820.0,0.15,4.386,3.54333,"May 27, 20",0.04386
0,2020-05-26,3.31,3.5,3.27,3.4,3.367221,30935000.0,30935000.0,0.09,2.719,3.39,"May 26, 20",0.02719
0,2020-05-25,3.28,3.34,3.23,3.29,3.258281,17303400.0,17303400.0,0.01,0.305,3.28667,"May 25, 20",0.00305
0,2020-05-22,3.3,3.31,3.14,3.2,3.169149,16540000.0,16540000.0,-0.1,-3.03,3.21667,"May 22, 20",-0.0303
0,2020-05-21,3.37,3.37,3.25,3.27,3.238474,11215560.0,11215560.0,-0.1,-2.967,3.29667,"May 21, 20",-0.02967
0,2020-05-20,3.41,3.41,3.26,3.34,3.307799,15177000.0,15177000.0,-0.07,-2.053,3.33667,"May 20, 20",-0.02053
0,2020-05-19,3.19,3.41,3.18,3.39,3.357317,28159000.0,28159000.0,0.2,6.27,3.32667,"May 19, 20",0.0627
0,2020-05-18,3.07,3.18,3.03,3.15,3.119631,16120000.0,16120000.0,0.08,2.606,3.12,"May 18, 20",0.02606
0,2020-05-15,3.08,3.08,3.0,3.03,3.000788,7603000.0,7603000.0,-0.05,-1.623,3.03667,"May 15, 20",-0.01623
0,2020-05-14,3.07,3.09,3.03,3.06,3.030499,6004000.0,6004000.0,-0.01,-0.326,3.06,"May 14, 20",-0.00326
0,2020-05-13,3.06,3.13,3.06,3.07,3.040402,5744000.0,5744000.0,0.01,0.327,3.08667,"May 13, 20",0.00327
0,2020-05-12,3.13,3.14,3.08,3.1,3.070113,5389656.0,5389656.0,-0.03,-0.958,3.10667,"May 12, 20",-0.00958
0,2020-05-11,3.07,3.18,3.06,3.13,3.099824,9828000.0,9828000.0,0.06,1.954,3.12333,"May 11, 20",0.01954
0,2020-05-08,3.06,3.12,3.02,3.05,3.020595,11956000.0,11956000.0,-0.01,-0.327,3.06333,"May 08, 20",-0.00327
0,2020-05-07,3.0,3.05,2.99,3.01,2.980981,7205355.0,7205355.0,0.01,0.333,3.01667,"May 07, 20",0.00333
0,2020-05-06,2.97,3.05,2.97,3.0,2.971077,11782140.0,11782140.0,0.03,1.01,3.00667,"May 06, 20",0.0101
0,2020-05-05,2.95,2.97,2.89,2.92,2.891849,3958000.0,3958000.0,-0.03,-1.017,2.92667,"May 05, 20",-0.01017
0,2020-05-04,3.0,3.01,2.92,2.94,2.911656,7607116.0,7607116.0,-0.06,-2.0,2.95667,"May 04, 20",-0.02
0,2020-04-29,3.04,3.1,3.03,3.06,3.030499,4532116.0,4532116.0,0.02,0.658,3.06333,"April 29, 20",0.00658
0,2020-04-28,3.08,3.08,2.98,3.03,3.000788,3929000.0,3929000.0,-0.05,-1.623,3.03,"April 28, 20",-0.01623
0,2020-04-27,3.05,3.1,2.99,3.02,2.990885,6513160.0,6513160.0,-0.03,-0.984,3.03667,"April 27, 20",-0.00984
0,2020-04-24,3.04,3.1,3.0,3.03,3.000788,14183450.0,14183450.0,-0.01,-0.329,3.04333,"April 24, 20",-0.00329
0,2020-04-23,2.96,3.09,2.95,3.04,3.010692,19085620.0,19085620.0,0.08,2.703,3.02667,"April 23, 20",0.02703
0,2020-04-22,2.9,2.94,2.84,2.92,2.891849,6850136.0,6850136.0,0.02,0.69,2.9,"April 22, 20",0.0069
0,2020-04-21,2.97,3.0,2.88,2.91,2.881945,8816480.0,8816480.0,-0.06,-2.02,2.93,"April 21, 20",-0.0202
0,2020-04-20,2.98,3.03,2.94,2.97,2.941367,7872000.0,7872000.0,-0.01,-0.336,2.98,"April 20, 20",-0.00336
0,2020-04-17,2.97,3.02,2.93,2.96,2.931463,11367760.0,11367760.0,-0.01,-0.337,2.97,"April 17, 20",-0.00337
0,2020-04-16,2.99,3.01,2.9,2.94,2.911656,18176000.0,18176000.0,-0.05,-1.672,2.95,"April 16, 20",-0.01672
0,2020-04-15,3.02,3.1,2.98,3.01,2.980981,9683000.0,9683000.0,-0.01,-0.331,3.03,"April 15, 20",-0.00331
0,2020-04-14,2.93,3.06,2.93,3.01,2.980981,15933000.0,15933000.0,0.08,2.73,3.0,"April 14, 20",0.0273
0,2020-04-09,3.0,3.0,2.94,2.96,2.931463,6859000.0,6859000.0,-0.04,-1.333,2.96667,"April 09, 20",-0.01333
0,2020-04-08,2.93,2.99,2.88,2.96,2.931463,11529000.0,11529000.0,0.03,1.024,2.94333,"April 08, 20",0.01024
0,2020-04-07,2.88,2.97,2.88,2.92,2.891849,13789000.0,13789000.0,0.04,1.389,2.92333,"April 07, 20",0.01389
0,2020-04-06,2.85,2.87,2.77,2.83,2.802716,4100000.0,4100000.0,-0.02,-0.702,2.82333,"April 06, 20",-0.00702
0,2020-04-03,2.86,2.91,2.83,2.83,2.802716,2363190.0,2363190.0,-0.03,-1.049,2.85667,"April 03, 20",-0.01049
0,2020-04-02,2.88,2.93,2.84,2.93,2.901752,9194000.0,9194000.0,0.05,1.736,2.9,"April 02, 20",0.01736
0,2020-04-01,2.92,3.0,2.88,2.89,2.862138,12432660.0,12432660.0,-0.03,-1.027,2.92333,"April 01, 20",-0.01027
0,2020-03-31,3.0,3.03,2.93,2.99,2.961174,12936000.0,12936000.0,-0.01,-0.333,2.98333,"March 31, 20",-0.00333
0,2020-03-30,2.87,2.96,2.8,2.96,2.931463,13052800.0,13052800.0,0.09,3.136,2.90667,"March 30, 20",0.03136
0,2020-03-27,2.93,2.98,2.86,2.9,2.872041,12525000.0,12525000.0,-0.03,-1.024,2.91333,"March 27, 20",-0.01024
0,2020-03-26,2.84,2.96,2.82,2.92,2.891849,22587000.0,22587000.0,0.08,2.817,2.9,"March 26, 20",0.02817
0,2020-03-25,2.9,2.95,2.78,2.83,2.802716,24546470.0,24546470.0,-0.07,-2.414,2.85333,"March 25, 20",-0.02414
0,2020-03-24,2.75,2.81,2.71,2.8,2.773005,15800110.0,15800110.0,0.05,1.818,2.77333,"March 24, 20",0.01818
0,2020-03-23,2.77,2.77,2.63,2.71,2.683873,19967040.0,19967040.0,-0.06,-2.166,2.70333,"March 23, 20",-0.02166
0,2020-03-20,2.89,2.95,2.75,2.83,2.802716,41846550.0,41846550.0,-0.06,-2.076,2.84333,"March 20, 20",-0.02076
0,2020-03-19,2.89,2.95,2.75,2.84,2.81262,30012220.0,30012220.0,-0.05,-1.73,2.84667,"March 19, 20",-0.0173
0,2020-03-18,2.97,3.06,2.9,2.91,2.881945,17661830.0,17661830.0,-0.06,-2.02,2.95667,"March 18, 20",-0.0202
0,2020-03-17,2.91,3.04,2.87,3.01,2.980981,23233390.0,23233390.0,0.1,3.436,2.97333,"March 17, 20",0.03436
0,2020-03-16,2.99,3.05,2.91,2.96,2.931463,26928000.0,26928000.0,-0.03,-1.003,2.97333,"March 16, 20",-0.01003
0,2020-03-13,2.88,3.08,2.83,3.07,3.040402,23489680.0,23489680.0,0.19,6.597,2.99333,"March 13, 20",0.06597
0,2020-03-12,3.08,3.1,3.0,3.01,2.980981,17751880.0,17751880.0,-0.07,-2.273,3.03667,"March 12, 20",-0.02273
0,2020-03-11,3.1,3.26,3.09,3.12,3.08992,24365000.0,24365000.0,0.02,0.645,3.15667,"March 11, 20",0.00645
0,2020-03-10,3.08,3.13,3.02,3.1,3.070113,13416000.0,13416000.0,0.02,0.649,3.08333,"March 10, 20",0.00649
0,2020-03-09,3.16,3.18,3.08,3.08,3.050306,21354000.0,21354000.0,-0.08,-2.532,3.11333,"March 09, 20",-0.02532
0,2020-03-06,3.28,3.29,3.22,3.22,3.188956,12976140.0,12976140.0,-0.06,-1.829,3.24333,"March 06, 20",-0.01829
0,2020-03-05,3.33,3.35,3.28,3.3,3.268185,17799000.0,17799000.0,-0.03,-0.901,3.31,"March 05, 20",-0.00901
0,2020-03-04,3.49,3.49,3.26,3.3,3.268185,33112840.0,33112840.0,-0.19,-5.444,3.35,"March 04, 20",-0.05444
0,2020-03-03,3.52,3.56,3.44,3.45,3.416739,11219710.0,11219710.0,-0.07,-1.989,3.48333,"March 03, 20",-0.01989
0,2020-03-02,3.39,3.56,3.39,3.49,3.456353,14096910.0,14096910.0,0.1,2.95,3.48,"March 02, 20",0.0295
0,2020-02-28,3.43,3.47,3.34,3.39,3.357317,22550000.0,22550000.0,-0.04,-1.166,3.4,"February 28, 20",-0.01166
0,2020-02-27,3.47,3.53,3.44,3.5,3.466257,14442230.0,14442230.0,0.03,0.865,3.49,"February 27, 20",0.00865
0,2020-02-26,3.34,3.59,3.33,3.45,3.416739,20736470.0,20736470.0,0.11,3.293,3.45667,"February 26, 20",0.03293
0,2020-02-25,3.4,3.44,3.33,3.38,3.347414,22043000.0,22043000.0,-0.02,-0.588,3.38333,"February 25, 20",-0.00588
0,2020-02-24,3.5,3.5,3.36,3.43,3.396932,14938000.0,14938000.0,-0.07,-2.0,3.43,"February 24, 20",-0.02
0,2020-02-21,3.51,3.58,3.5,3.5,3.466257,8919000.0,8919000.0,-0.01,-0.285,3.52667,"February 21, 20",-0.00285
0,2020-02-20,3.54,3.63,3.52,3.58,3.545485,16733000.0,16733000.0,0.04,1.13,3.57667,"February 20, 20",0.0113
0,2020-02-19,3.53,3.64,3.48,3.56,3.525678,15508750.0,15508750.0,0.03,0.85,3.56,"February 19, 20",0.0085
0,2020-02-18,3.5,3.54,3.43,3.5,3.466257,14193000.0,14193000.0,0.0,0.0,3.49,"February 18, 20",0.0
0,2020-02-17,3.31,3.51,3.31,3.49,3.456353,21279000.0,21279000.0,0.18,5.438,3.43667,"February 17, 20",0.05438
0,2020-02-14,3.35,3.37,3.3,3.32,3.287992,3853000.0,3853000.0,-0.03,-0.896,3.33,"February 14, 20",-0.00896
0,2020-02-13,3.31,3.4,3.3,3.33,3.297896,8903000.0,8903000.0,0.02,0.604,3.34333,"February 13, 20",0.00604
0,2020-02-12,3.25,3.32,3.23,3.3,3.268185,7117639.0,7117639.0,0.05,1.538,3.28333,"February 12, 20",0.01538
0,2020-02-11,3.3,3.31,3.24,3.25,3.218667,5853000.0,5853000.0,-0.05,-1.515,3.26667,"February 11, 20",-0.01515
0,2020-02-10,3.26,3.32,3.25,3.29,3.258281,8124000.0,8124000.0,0.03,0.92,3.28667,"February 10, 20",0.0092
0,2020-02-07,3.3,3.32,3.24,3.29,3.258281,8446250.0,8446250.0,-0.01,-0.303,3.28333,"February 07, 20",-0.00303
0,2020-02-06,3.24,3.37,3.24,3.3,3.268185,23612500.0,23612500.0,0.06,1.852,3.30333,"February 06, 20",0.01852
0,2020-02-05,3.2,3.31,3.2,3.24,3.208764,9081048.0,9081048.0,0.04,1.25,3.25,"February 05, 20",0.0125
0,2020-02-04,3.19,3.27,3.15,3.18,3.149342,17030740.0,17030740.0,-0.01,-0.313,3.2,"February 04, 20",-0.00313
0,2020-02-03,3.22,3.22,3.13,3.18,3.149342,17966040.0,17966040.0,-0.04,-1.242,3.17667,"February 03, 20",-0.01242
0,2020-01-31,3.36,3.37,3.24,3.26,3.228571,9326009.0,9326009.0,-0.1,-2.976,3.29,"January 31, 20",-0.02976
0,2020-01-30,3.33,3.38,3.25,3.3,3.268185,11231000.0,11231000.0,-0.03,-0.901,3.31,"January 30, 20",-0.00901
0,2020-01-29,3.3,3.37,3.29,3.33,3.297896,12823000.0,12823000.0,0.03,0.909,3.33,"January 29, 20",0.00909
0,2020-01-24,3.35,3.46,3.3,3.45,3.416739,5138148.0,5138148.0,0.1,2.985,3.40333,"January 24, 20",0.02985
0,2020-01-23,3.46,3.46,3.28,3.32,3.287992,10085000.0,10085000.0,-0.14,-4.046,3.35333,"January 23, 20",-0.04046
0,2020-01-22,3.42,3.5,3.34,3.49,3.456353,9193000.0,9193000.0,0.07,2.047,3.44333,"January 22, 20",0.02047
0,2020-01-21,3.6,3.6,3.34,3.37,3.33751,30469000.0,30469000.0,-0.23,-6.389,3.43667,"January 21, 20",-0.06389
0,2020-01-20,3.59,3.62,3.56,3.59,3.555389,9794526.0,9794526.0,0.0,0.0,3.59,"January 20, 20",0.0
0,2020-01-17,3.61,3.62,3.55,3.59,3.555389,14462580.0,14462580.0,-0.02,-0.554,3.58667,"January 17, 20",-0.00554
0,2020-01-16,3.62,3.67,3.59,3.59,3.555389,11631980.0,11631980.0,-0.03,-0.829,3.61667,"January 16, 20",-0.00829
0,2020-01-15,3.72,3.72,3.61,3.62,3.5851,13012440.0,13012440.0,-0.1,-2.688,3.65,"January 15, 20",-0.02688
0,2020-01-14,3.73,3.75,3.66,3.71,3.674232,10121000.0,10121000.0,-0.02,-0.536,3.70667,"January 14, 20",-0.00536
0,2020-01-13,3.71,3.74,3.66,3.7,3.664329,11197890.0,11197890.0,-0.01,-0.27,3.7,"January 13, 20",-0.0027
0,2020-01-10,3.68,3.76,3.65,3.71,3.674232,34758000.0,34758000.0,0.03,0.815,3.70667,"January 10, 20",0.00815
0,2020-01-09,3.74,3.74,3.66,3.68,3.644522,11490000.0,11490000.0,-0.06,-1.604,3.69333,"January 09, 20",-0.01604
0,2020-01-08,3.76,3.84,3.72,3.74,3.703943,19665550.0,19665550.0,-0.02,-0.532,3.76667,"January 08, 20",-0.00532
0,2020-01-07,3.8,3.83,3.7,3.72,3.684136,8101000.0,8101000.0,-0.08,-2.105,3.75,"January 07, 20",-0.02105
0,2020-01-06,3.82,3.88,3.71,3.81,3.773268,24699530.0,24699530.0,-0.01,-0.262,3.8,"January 06, 20",-0.00262
0,2020-01-03,3.56,3.79,3.56,3.75,3.713847,26109000.0,26109000.0,0.19,5.337,3.7,"January 03, 20",0.05337
0,2020-01-02,3.51,3.58,3.5,3.56,3.525678,9180000.0,9180000.0,0.05,1.425,3.54667,"January 02, 20",0.01425
0,2019-12-31,3.5,3.52,3.48,3.51,3.476161,2370000.0,2370000.0,0.01,0.286,3.50333,"December 31, 19",0.00286
0,2019-12-30,3.5,3.56,3.5,3.52,3.486064,11536000.0,11536000.0,0.02,0.571,3.52667,"December 30, 19",0.00571
0,2019-12-27,3.48,3.53,3.46,3.51,3.476161,7578432.0,7578432.0,0.03,0.862,3.5,"December 27, 19",0.00862
0,2019-12-24,3.47,3.47,3.44,3.46,3.426643,2742000.0,2742000.0,-0.01,-0.288,3.45667,"December 24, 19",-0.00288
0,2019-12-23,3.53,3.53,3.42,3.45,3.416739,13819870.0,13819870.0,-0.08,-2.266,3.46667,"December 23, 19",-0.02266
0,2019-12-20,3.63,3.63,3.5,3.51,3.476161,19661000.0,19661000.0,-0.12,-3.306,3.54667,"December 20, 19",-0.03306
0,2019-12-19,3.68,3.68,3.58,3.61,3.575196,17239060.0,17239060.0,-0.07,-1.902,3.62333,"December 19, 19",-0.01902
0,2019-12-18,3.63,3.73,3.6,3.68,3.644522,41664000.0,41664000.0,0.05,1.377,3.67,"December 18, 19",0.01377
0,2019-12-17,3.53,3.64,3.52,3.6,3.565293,22166000.0,22166000.0,0.07,1.983,3.58667,"December 17, 19",0.01983
0,2019-12-16,3.53,3.53,3.48,3.51,3.476161,14053000.0,14053000.0,-0.02,-0.567,3.50667,"December 16, 19",-0.00567
0,2019-12-13,3.52,3.57,3.51,3.52,3.486064,8546480.0,8546480.0,0.0,0.0,3.53333,"December 13, 19",0.0
0,2019-12-12,3.53,3.57,3.5,3.51,3.476161,5155739.0,5155739.0,-0.02,-0.567,3.52667,"December 12, 19",-0.00567
0,2019-12-11,3.48,3.54,3.48,3.53,3.495968,3757000.0,3757000.0,0.05,1.437,3.51667,"December 11, 19",0.01437
0,2019-12-10,3.57,3.6,3.5,3.5,3.466257,6580000.0,6580000.0,-0.07,-1.961,3.53333,"December 10, 19",-0.01961
0,2019-12-09,3.62,3.65,3.59,3.6,3.565293,6656488.0,6656488.0,-0.02,-0.552,3.61333,"December 09, 19",-0.00552
0,2019-12-06,3.55,3.65,3.55,3.6,3.565293,10898100.0,10898100.0,0.05,1.408,3.6,"December 06, 19",0.01408
0,2019-12-05,3.5,3.58,3.5,3.54,3.505871,7368000.0,7368000.0,0.04,1.143,3.54,"December 05, 19",0.01143
0,2019-12-04,3.5,3.56,3.47,3.47,3.436546,5824000.0,5824000.0,-0.03,-0.857,3.5,"December 04, 19",-0.00857
0,2019-12-03,3.53,3.53,3.5,3.52,3.486064,5464210.0,5464210.0,-0.01,-0.283,3.51667,"December 03, 19",-0.00283
0,2019-12-02,3.6,3.61,3.53,3.56,3.525678,4858296.0,4858296.0,-0.04,-1.111,3.56667,"December 02, 19",-0.01111
0,2019-11-29,3.56,3.6,3.5,3.57,3.535582,14978000.0,14978000.0,0.01,0.281,3.55667,"November 29, 19",0.00281
0,2019-11-28,3.51,3.52,3.47,3.5,3.466257,6249000.0,6249000.0,-0.01,-0.285,3.49667,"November 28, 19",-0.00285
0,2019-11-27,3.56,3.56,3.5,3.52,3.486064,3409000.0,3409000.0,-0.04,-1.124,3.52667,"November 27, 19",-0.01124
0,2019-11-26,3.54,3.6,3.51,3.56,3.525678,13715380.0,13715380.0,0.02,0.565,3.55667,"November 26, 19",0.00565
0,2019-11-25,3.52,3.57,3.5,3.53,3.495968,4267000.0,4267000.0,0.01,0.284,3.53333,"November 25, 19",0.00284
0,2019-11-22,3.48,3.56,3.46,3.52,3.486064,9219000.0,9219000.0,0.04,1.149,3.51333,"November 22, 19",0.01149
0,2019-11-21,3.52,3.52,3.46,3.48,3.44645,6730000.0,6730000.0,-0.04,-1.136,3.48667,"November 21, 19",-0.01136
0,2019-11-20,3.52,3.56,3.5,3.55,3.515775,3840000.0,3840000.0,0.03,0.852,3.53667,"November 20, 19",0.00852
0,2019-11-19,3.51,3.55,3.47,3.53,3.495968,7782180.0,7782180.0,0.02,0.57,3.51667,"November 19, 19",0.0057
0,2019-11-18,3.5,3.54,3.45,3.49,3.456353,7781043.0,7781043.0,-0.01,-0.286,3.49333,"November 18, 19",-0.00286
0,2019-11-15,3.52,3.53,3.49,3.5,3.466257,6376376.0,6376376.0,-0.02,-0.568,3.50667,"November 15, 19",-0.00568
0,2019-11-14,3.58,3.58,3.49,3.52,3.486064,10612000.0,10612000.0,-0.06,-1.676,3.53,"November 14, 19",-0.01676
0,2019-11-13,3.62,3.64,3.54,3.58,3.545485,11693000.0,11693000.0,-0.04,-1.105,3.58667,"November 13, 19",-0.01105
0,2019-11-12,3.68,3.68,3.61,3.64,3.604907,9908354.0,9908354.0,-0.04,-1.087,3.64333,"November 12, 19",-0.01087
0,2019-11-11,3.78,3.78,3.63,3.68,3.644522,9024923.0,9024923.0,-0.1,-2.646,3.69667,"November 11, 19",-0.02646
0,2019-11-08,3.75,3.78,3.75,3.77,3.733654,8186177.0,8186177.0,0.02,0.533,3.76667,"November 08, 19",0.00533
0,2019-11-07,3.79,3.8,3.73,3.77,3.733654,13080210.0,13080210.0,-0.02,-0.528,3.76667,"November 07, 19",-0.00528
0,2019-11-06,3.73,3.83,3.73,3.78,3.743557,14333610.0,14333610.0,0.05,1.34,3.78,"November 06, 19",0.0134
0,2019-11-05,3.68,3.74,3.68,3.72,3.684136,14296000.0,14296000.0,0.04,1.087,3.71333,"November 05, 19",0.01087
0,2019-11-04,3.71,3.74,3.66,3.68,3.644522,13712170.0,13712170.0,-0.03,-0.809,3.69333,"November 04, 19",-0.00809
0,2019-11-01,3.73,3.73,3.69,3.7,3.664329,4714000.0,4714000.0,-0.03,-0.804,3.70667,"November 01, 19",-0.00804
0,2019-10-31,3.72,3.76,3.68,3.71,3.674232,4351001.0,4351001.0,-0.01,-0.269,3.71667,"October 31, 19",-0.00269
0,2019-10-30,3.71,3.73,3.66,3.71,3.674232,4383001.0,4383001.0,0.0,0.0,3.7,"October 30, 19",0.0
0,2019-10-29,3.72,3.74,3.71,3.72,3.684136,3227704.0,3227704.0,0.0,0.0,3.72333,"October 29, 19",0.0
0,2019-10-28,3.73,3.76,3.7,3.7,3.664329,2905000.0,2905000.0,-0.03,-0.804,3.72,"October 28, 19",-0.00804
0,2019-10-25,3.65,3.74,3.65,3.7,3.664329,6017000.0,6017000.0,0.05,1.37,3.69667,"October 25, 19",0.0137
0,2019-10-24,3.66,3.66,3.6,3.63,3.595004,8555062.0,8555062.0,-0.03,-0.82,3.63,"October 24, 19",-0.0082
0,2019-10-23,3.73,3.74,3.62,3.65,3.614811,11949000.0,11949000.0,-0.08,-2.145,3.67,"October 23, 19",-0.02145
0,2019-10-22,3.72,3.74,3.66,3.71,3.674232,8619025.0,8619025.0,-0.01,-0.269,3.70333,"October 22, 19",-0.00269
0,2019-10-21,3.74,3.74,3.65,3.72,3.684136,8271000.0,8271000.0,-0.02,-0.535,3.70333,"October 21, 19",-0.00535
0,2019-10-18,3.82,3.86,3.7,3.72,3.684136,7908253.0,7908253.0,-0.1,-2.618,3.76,"October 18, 19",-0.02618
0,2019-10-17,3.8,3.85,3.8,3.82,3.783172,4129000.0,4129000.0,0.02,0.526,3.82333,"October 17, 19",0.00526
0,2019-10-16,3.81,3.86,3.8,3.82,3.783172,5785000.0,5785000.0,0.01,0.262,3.82667,"October 16, 19",0.00262
0,2019-10-15,3.84,3.88,3.8,3.84,3.802979,4151000.0,4151000.0,0.0,0.0,3.84,"October 15, 19",0.0
0,2019-10-14,3.95,3.99,3.84,3.86,3.822786,6130000.0,6130000.0,-0.09,-2.278,3.89667,"October 14, 19",-0.02278
0,2019-10-11,3.8,3.9,3.8,3.85,3.812883,6860000.0,6860000.0,0.05,1.316,3.85,"October 11, 19",0.01316
0,2019-10-10,3.75,3.82,3.74,3.79,3.753461,4692228.0,4692228.0,0.04,1.067,3.78333,"October 10, 19",0.01067
0,2019-10-09,3.77,3.83,3.74,3.75,3.713847,8519030.0,8519030.0,-0.02,-0.531,3.77333,"October 09, 19",-0.00531
0,2019-10-08,3.77,3.86,3.76,3.81,3.773268,5519000.0,5519000.0,0.04,1.061,3.81,"October 08, 19",0.01061
0,2019-10-04,3.81,3.87,3.79,3.8,3.763365,3394000.0,3394000.0,-0.01,-0.262,3.82,"October 04, 19",-0.00262
0,2019-10-03,3.8,3.85,3.76,3.84,3.802979,6474005.0,6474005.0,0.04,1.053,3.81667,"October 03, 19",0.01053
0,2019-10-02,3.8,3.91,3.8,3.86,3.822786,5104000.0,5104000.0,0.06,1.579,3.85667,"October 02, 19",0.01579
0,2019-09-30,3.81,3.87,3.79,3.85,3.812883,6399000.0,6399000.0,0.04,1.05,3.83667,"September 30, 19",0.0105
0,2019-09-27,3.86,3.86,3.81,3.84,3.802979,3643654.0,3643654.0,-0.02,-0.518,3.83667,"September 27, 19",-0.00518
0,2019-09-26,3.92,3.94,3.87,3.87,3.83269,5415000.0,5415000.0,-0.05,-1.276,3.89333,"September 26, 19",-0.01276
0,2019-09-25,3.92,3.95,3.9,3.91,3.872304,7350750.0,7350750.0,-0.01,-0.255,3.92,"September 25, 19",-0.00255
0,2019-09-24,3.97,3.99,3.93,3.95,3.911919,5629737.0,5629737.0,-0.02,-0.504,3.95667,"September 24, 19",-0.00504
0,2019-09-23,4.04,4.07,3.95,4.0,3.961437,7195910.0,7195910.0,-0.04,-0.99,4.00667,"September 23, 19",-0.0099
0,2019-09-20,4.06,4.09,4.03,4.04,4.001051,10522000.0,10522000.0,-0.02,-0.493,4.05333,"September 20, 19",-0.00493
0,2019-09-19,4.11,4.11,4.04,4.07,4.030762,4648764.0,4648764.0,-0.04,-0.973,4.07333,"September 19, 19",-0.00973
0,2019-09-18,4.13,4.17,4.06,4.09,4.050569,6804272.0,6804272.0,-0.04,-0.969,4.10667,"September 18, 19",-0.00969
0,2019-09-17,4.21,4.22,4.08,4.13,4.090183,8076874.0,8076874.0,-0.08,-1.9,4.14333,"September 17, 19",-0.019
0,2019-09-16,4.26,4.29,4.17,4.26,4.21893,6986206.0,6986206.0,0.0,0.0,4.24,"September 16, 19",0.0
0,2019-09-13,4.24,4.3,4.23,4.26,4.21893,1764000.0,1764000.0,0.02,0.472,4.26333,"September 13, 19",0.00472
0,2019-09-12,4.34,4.34,4.21,4.27,4.228834,4113000.0,4113000.0,-0.07,-1.613,4.27333,"September 12, 19",-0.01613
0,2019-09-11,4.29,4.39,4.28,4.32,4.278352,5119000.0,5119000.0,0.03,0.699,4.33,"September 11, 19",0.00699
0,2019-09-10,4.29,4.3,4.23,4.27,4.228834,4770000.0,4770000.0,-0.02,-0.466,4.26667,"September 10, 19",-0.00466
0,2019-09-09,4.33,4.36,4.26,4.29,4.248641,6221000.0,6221000.0,-0.04,-0.924,4.30333,"September 09, 19",-0.00924
0,2019-09-06,4.24,4.34,4.2,4.26,4.21893,16046000.0,16046000.0,0.02,0.472,4.26667,"September 06, 19",0.00472
0,2019-09-05,4.15,4.22,4.12,4.18,4.139701,8838000.0,8838000.0,0.03,0.723,4.17333,"September 05, 19",0.00723
0,2019-09-04,4.12,4.13,4.04,4.1,4.060472,7016532.0,7016532.0,-0.02,-0.485,4.09,"September 04, 19",-0.00485
0,2019-09-03,4.17,4.18,4.06,4.09,4.050569,9653000.0,9653000.0,-0.08,-1.918,4.11,"September 03, 19",-0.01918
0,2019-09-02,4.1,4.21,4.08,4.17,4.129797,8427498.0,8427498.0,0.07,1.707,4.15333,"September 02, 19",0.01707
0,2019-08-30,4.13,4.24,4.07,4.1,4.060472,9255884.0,9255884.0,-0.03,-0.726,4.13667,"August 30, 19",-0.00726
0,2019-08-29,4.14,4.15,4.07,4.14,4.100087,6394000.0,6394000.0,0.0,0.0,4.12,"August 29, 19",0.0
0,2019-08-28,4.1,4.17,4.05,4.11,4.070376,8758705.0,8758705.0,0.01,0.244,4.11,"August 28, 19",0.00244
0,2019-08-27,3.95,4.1,3.91,4.09,4.050569,11824766.0,11824766.0,0.14,3.544,4.03333,"August 27, 19",0.03544
0,2019-08-26,3.8,3.91,3.8,3.88,3.842593,8949300.0,8949300.0,0.08,2.105,3.86333,"August 26, 19",0.02105
0,2019-08-23,3.97,4.0,3.9,3.94,3.902015,6966300.0,6966300.0,-0.03,-0.756,3.94667,"August 23, 19",-0.00756
0,2019-08-22,4.02,4.03,3.89,3.95,3.911919,7598000.0,7598000.0,-0.07,-1.741,3.95667,"August 22, 19",-0.01741
0,2019-08-21,4.0,4.03,3.98,3.98,3.941629,5540844.0,5540844.0,-0.02,-0.5,3.99667,"August 21, 19",-0.005
0,2019-08-20,3.97,4.05,3.96,4.0,3.961437,4621970.0,4621970.0,0.03,0.756,4.00333,"August 20, 19",0.00756
0,2019-08-19,3.95,4.02,3.95,3.97,3.931726,4449476.0,4449476.0,0.02,0.506,3.98,"August 19, 19",0.00506
0,2019-08-16,3.95,3.95,3.88,3.9,3.862401,4283492.0,4283492.0,-0.05,-1.266,3.91,"August 16, 19",-0.01266
0,2019-08-15,3.85,3.95,3.79,3.92,3.882208,5853000.0,5853000.0,0.07,1.818,3.88667,"August 15, 19",0.01818
0,2019-08-14,4.03,4.03,3.88,3.9,3.862401,7932551.0,7932551.0,-0.13,-3.226,3.93667,"August 14, 19",-0.03226
0,2019-08-13,4.05,4.05,3.95,3.96,3.921822,4827000.0,4827000.0,-0.09,-2.222,3.98667,"August 13, 19",-0.02222
0,2019-08-12,4.0,4.07,3.94,4.06,4.020858,4549500.0,4549500.0,0.06,1.5,4.02333,"August 12, 19",0.015
0,2019-08-09,4.04,4.05,3.93,3.97,3.931726,4752000.0,4752000.0,-0.07,-1.733,3.98333,"August 09, 19",-0.01733
0,2019-08-08,4.0,4.07,3.95,4.01,3.97134,9428717.0,9428717.0,0.01,0.25,4.01,"August 08, 19",0.0025
0,2019-08-07,3.95,4.01,3.89,3.99,3.951533,7066944.0,7066944.0,0.04,1.013,3.96333,"August 07, 19",0.01013
0,2019-08-06,4.04,4.04,3.9,3.95,3.911919,8496000.0,8496000.0,-0.09,-2.228,3.96333,"August 06, 19",-0.02228
0,2019-08-05,4.17,4.17,4.06,4.08,4.040665,8760000.0,8760000.0,-0.09,-2.158,4.10333,"August 05, 19",-0.02158
0,2019-08-02,4.18,4.2,4.14,4.2,4.159508,7418000.0,7418000.0,0.02,0.478,4.18,"August 02, 19",0.00478
0,2019-08-01,4.19,4.39,4.19,4.26,4.21893,6438010.0,6438010.0,0.07,1.671,4.28,"August 01, 19",0.01671
0,2019-07-31,4.2,4.28,4.14,4.23,4.189219,4379000.0,4379000.0,0.03,0.714,4.21667,"July 31, 19",0.00714
0,2019-07-30,4.15,4.22,4.16,4.18,4.139701,1778000.0,1778000.0,0.03,0.723,4.18667,"July 30, 19",0.00723
0,2019-07-29,4.22,4.23,4.14,4.19,4.149605,5318924.0,5318924.0,-0.03,-0.711,4.18667,"July 29, 19",-0.00711
0,2019-07-26,4.25,4.27,4.2,4.23,4.189219,2265100.0,2265100.0,-0.02,-0.471,4.23333,"July 26, 19",-0.00471
0,2019-07-25,4.29,4.3,4.2,4.25,4.209026,7761948.0,7761948.0,-0.04,-0.932,4.25,"July 25, 19",-0.00932
0,2019-07-24,4.21,4.33,4.21,4.28,4.238737,7730000.0,7730000.0,0.07,1.663,4.27333,"July 24, 19",0.01663
0,2019-07-23,4.23,4.23,4.14,4.22,4.179315,4919000.0,4919000.0,-0.01,-0.236,4.19667,"July 23, 19",-0.00236
0,2019-07-22,4.23,4.23,4.18,4.21,4.169412,4017000.0,4017000.0,-0.02,-0.473,4.20667,"July 22, 19",-0.00473
0,2019-07-19,4.21,4.26,4.2,4.24,4.199122,4072000.0,4072000.0,0.03,0.713,4.23333,"July 19, 19",0.00713
0,2019-07-18,4.27,4.27,4.2,4.2,4.159508,7564000.0,7564000.0,-0.07,-1.639,4.22333,"July 18, 19",-0.01639
0,2019-07-17,4.39,4.39,4.25,4.26,4.21893,8927000.0,8927000.0,-0.13,-2.961,4.3,"July 17, 19",-0.02961
0,2019-07-16,4.31,4.41,4.31,4.38,4.337773,5644000.0,5644000.0,0.07,1.624,4.36667,"July 16, 19",0.01624
0,2019-07-15,4.37,4.4,4.29,4.3,4.258544,9741100.0,9741100.0,-0.07,-1.602,4.33,"July 15, 19",-0.01602
0,2019-07-12,4.4,4.46,4.35,4.37,4.327869,4669429.0,4669429.0,-0.03,-0.682,4.39333,"July 12, 19",-0.00682
0,2019-07-11,4.42,4.46,4.36,4.41,4.367484,3792000.0,3792000.0,-0.01,-0.226,4.41,"July 11, 19",-0.00226
0,2019-07-10,4.37,4.44,4.33,4.4,4.35758,7393789.0,7393789.0,0.03,0.686,4.39,"July 10, 19",0.00686
0,2019-07-09,4.5,4.5,4.32,4.36,4.317966,6915000.0,6915000.0,-0.14,-3.111,4.39333,"July 09, 19",-0.03111
0,2019-07-08,4.59,4.59,4.38,4.48,4.436809,6664000.0,6664000.0,-0.11,-2.397,4.48333,"July 08, 19",-0.02397
0,2019-07-05,4.59,4.62,4.53,4.59,4.545749,6194753.0,6194753.0,0.0,0.0,4.58,"July 05, 19",0.0
0,2019-07-04,4.33,4.61,4.32,4.6,4.555652,28266875.0,28266875.0,0.27,6.236,4.51,"July 04, 19",0.06236
0,2019-07-03,4.3,4.33,4.23,4.3,4.258544,7165211.0,7165211.0,0.0,0.0,4.28667,"July 03, 19",0.0
0,2019-07-02,4.31,4.35,4.27,4.3,4.258544,9097187.0,9097187.0,-0.01,-0.232,4.30667,"July 02, 19",-0.00232
0,2019-06-28,4.27,4.29,4.24,4.27,4.228834,3684342.0,3684342.0,0.0,0.0,4.26667,"June 28, 19",0.0
0,2019-06-27,4.34,4.34,4.25,4.27,4.228834,7138647.0,7138647.0,-0.07,-1.613,4.28667,"June 27, 19",-0.01613
0,2019-06-26,4.27,4.31,4.23,4.29,4.248641,5485000.0,5485000.0,0.02,0.468,4.27667,"June 26, 19",0.00468
0,2019-06-25,4.28,4.3,4.25,4.27,4.228834,5111041.0,5111041.0,-0.01,-0.234,4.27333,"June 25, 19",-0.00234
0,2019-06-24,4.29,4.31,4.24,4.3,4.258544,6824000.0,6824000.0,0.01,0.233,4.28333,"June 24, 19",0.00233
0,2019-06-21,4.24,4.31,4.24,4.29,4.248641,12094367.0,12094367.0,0.05,1.179,4.28,"June 21, 19",0.01179
0,2019-06-20,4.2,4.28,4.07,4.24,4.199122,24191001.0,24191001.0,0.04,0.952,4.19667,"June 20, 19",0.00952
0,2019-06-19,4.37,4.37,4.22,4.25,4.209026,19888005.0,19888005.0,-0.12,-2.746,4.28,"June 19, 19",-0.02746
0,2019-06-18,4.37,4.37,4.28,4.33,4.288255,5262112.0,5262112.0,-0.04,-0.915,4.32667,"June 18, 19",-0.00915
0,2019-06-17,4.34,4.36,4.32,4.33,4.288255,5824000.0,5824000.0,-0.01,-0.23,4.33667,"June 17, 19",-0.0023
0,2019-06-14,4.41,4.41,4.34,4.38,4.337773,7868962.0,7868962.0,-0.03,-0.68,4.37667,"June 14, 19",-0.0068
0,2019-06-13,4.55,4.55,4.38,4.41,4.367484,11441000.0,11441000.0,-0.14,-3.077,4.44667,"June 13, 19",-0.03077
0,2019-06-12,4.65,4.65,4.54,4.59,4.545749,3728015.0,3728015.0,-0.06,-1.29,4.59333,"June 12, 19",-0.0129
0,2019-06-11,4.61,4.66,4.57,4.66,4.615073,6096062.0,6096062.0,0.05,1.085,4.63,"June 11, 19",0.01085
0,2019-06-10,4.57,4.63,4.54,4.58,4.535845,4048000.0,4048000.0,0.01,0.219,4.58333,"June 10, 19",0.00219
0,2019-06-06,4.46,4.55,4.45,4.53,4.486327,6605000.0,6605000.0,0.07,1.57,4.51,"June 06, 19",0.0157
0,2019-06-05,4.46,4.47,4.4,4.43,4.387291,3881001.0,3881001.0,-0.03,-0.673,4.43333,"June 05, 19",-0.00673
0,2019-06-04,4.56,4.56,4.39,4.42,4.377388,5091861.0,5091861.0,-0.14,-3.07,4.45667,"June 04, 19",-0.0307
0,2019-06-03,4.48,4.54,4.42,4.53,4.486327,9584100.0,9584100.0,0.05,1.116,4.49667,"June 03, 19",0.01116
0,2019-05-31,4.5,4.51,4.44,4.45,4.407098,5876018.0,5876018.0,-0.05,-1.111,4.46667,"May 31, 19",-0.01111
0,2019-05-30,4.49,4.52,4.44,4.49,4.446712,4277805.0,4277805.0,0.0,0.0,4.48333,"May 30, 19",0.0
0,2019-05-29,4.53,4.59,4.46,4.48,4.436809,12436250.0,12436250.0,-0.05,-1.104,4.51,"May 29, 19",-0.01104
0,2019-05-28,4.55,4.56,4.47,4.52,4.476423,26406818.0,26406818.0,-0.03,-0.659,4.51667,"May 28, 19",-0.00659
0,2019-05-27,4.55,4.59,4.48,4.55,4.506134,3727000.0,3727000.0,0.0,0.0,4.54,"May 27, 19",0.0
0,2019-05-24,4.6,4.61,4.51,4.57,4.525941,6411904.0,6411904.0,-0.03,-0.652,4.56333,"May 24, 19",-0.00652
0,2019-05-23,4.49,4.62,4.46,4.56,4.516037,10559173.0,10559173.0,0.07,1.559,4.54667,"May 23, 19",0.01559
0,2019-05-22,4.6,4.61,4.5,4.53,4.486327,4507000.0,4507000.0,-0.07,-1.522,4.54667,"May 22, 19",-0.01522
0,2019-05-21,4.51,4.64,4.45,4.61,4.53142,9297000.0,9297000.0,0.1,2.217,4.56667,"May 21, 19",0.02217
0,2019-05-20,4.45,4.55,4.45,4.46,4.383976,7622157.0,7622157.0,0.01,0.225,4.48667,"May 20, 19",0.00225
0,2019-05-17,4.64,4.64,4.43,4.46,4.383976,15669554.0,15669554.0,-0.18,-3.879,4.51,"May 17, 19",-0.03879
0,2019-05-16,4.58,4.61,4.51,4.57,4.492102,8251752.0,8251752.0,-0.01,-0.218,4.56333,"May 16, 19",-0.00218
0,2019-05-15,4.43,4.56,4.42,4.54,4.462613,12396156.0,12396156.0,0.11,2.483,4.50667,"May 15, 19",0.02483
0,2019-05-14,4.28,4.52,4.2,4.5,4.423295,29500160.0,29500160.0,0.22,5.14,4.40667,"May 14, 19",0.0514
0,2019-05-10,4.28,4.45,4.28,4.4,4.324999,17529000.0,17529000.0,0.12,2.804,4.37667,"May 10, 19",0.02804
0,2019-05-09,4.37,4.43,4.2,4.26,4.187386,25283070.0,25283070.0,-0.11,-2.517,4.29667,"May 09, 19",-0.02517
0,2019-05-08,4.45,4.48,4.38,4.4,4.324999,19373283.0,19373283.0,-0.05,-1.124,4.42,"May 08, 19",-0.01124
0,2019-05-07,4.59,4.61,4.44,4.5,4.423295,18635000.0,18635000.0,-0.09,-1.961,4.51667,"May 07, 19",-0.01961
0,2019-05-06,4.59,4.59,4.44,4.56,4.482272,18983487.0,18983487.0,-0.03,-0.654,4.53,"May 06, 19",-0.00654
0,2019-05-03,4.54,4.65,4.53,4.64,4.560908,7176299.0,7176299.0,0.1,2.203,4.60667,"May 03, 19",0.02203
0,2019-05-02,4.63,4.63,4.53,4.57,4.492102,7379086.0,7379086.0,-0.06,-1.296,4.57667,"May 02, 19",-0.01296
0,2019-04-30,4.7,4.7,4.6,4.61,4.53142,7575693.0,7575693.0,-0.09,-1.915,4.63667,"April 30, 19",-0.01915
0,2019-04-29,4.63,4.69,4.6,4.66,4.580567,5365680.0,5365680.0,0.03,0.648,4.65,"April 29, 19",0.00648
0,2019-04-26,4.68,4.68,4.57,4.65,4.570738,20258255.0,20258255.0,-0.03,-0.641,4.63333,"April 26, 19",-0.00641
0,2019-04-25,4.8,4.8,4.63,4.63,4.551079,11937136.0,11937136.0,-0.17,-3.542,4.68667,"April 25, 19",-0.03542
0,2019-04-24,4.7,4.82,4.66,4.81,4.728011,17056000.0,17056000.0,0.11,2.34,4.76333,"April 24, 19",0.0234
0,2019-04-23,4.66,4.72,4.65,4.65,4.570738,14893794.0,14893794.0,-0.01,-0.215,4.67333,"April 23, 19",-0.00215
0,2019-04-18,4.75,4.76,4.65,4.67,4.590397,13640000.0,13640000.0,-0.08,-1.684,4.69333,"April 18, 19",-0.01684
0,2019-04-17,4.67,4.81,4.62,4.74,4.659204,18977000.0,18977000.0,0.07,1.499,4.72333,"April 17, 19",0.01499
0,2019-04-16,4.7,4.71,4.63,4.64,4.560908,14293978.0,14293978.0,-0.06,-1.277,4.66,"April 16, 19",-0.01277
0,2019-04-15,4.77,4.83,4.65,4.66,4.580567,23001000.0,23001000.0,-0.11,-2.306,4.71333,"April 15, 19",-0.02306
0,2019-04-12,4.79,4.84,4.73,4.78,4.698523,12625000.0,12625000.0,-0.01,-0.209,4.78333,"April 12, 19",-0.00209
0,2019-04-11,4.85,4.88,4.79,4.79,4.708352,15326760.0,15326760.0,-0.06,-1.237,4.82,"April 11, 19",-0.01237
0,2019-04-10,5.05,5.06,4.78,4.8,4.718181,45521328.0,45521328.0,-0.25,-4.95,4.88,"April 10, 19",-0.0495
0,2019-04-09,5.2,5.2,5.0,5.04,4.95409,31184007.0,31184007.0,-0.16,-3.077,5.08,"April 09, 19",-0.03077
0,2019-04-08,5.27,5.28,5.17,5.22,5.131021,10877653.0,10877653.0,-0.05,-0.949,5.22333,"April 08, 19",-0.00949
0,2019-04-04,5.3,5.32,5.19,5.22,5.131021,14852409.0,14852409.0,-0.08,-1.509,5.24333,"April 04, 19",-0.01509
0,2019-04-03,5.19,5.31,5.17,5.28,5.19,26236652.0,26236652.0,0.09,1.734,5.25333,"April 03, 19",0.01734
0,2019-04-02,5.06,5.23,5.03,5.18,5.091704,21218186.0,21218186.0,0.12,2.372,5.14667,"April 02, 19",0.02372
0,2019-04-01,5.06,5.08,4.97,5.01,4.924602,12335749.0,12335749.0,-0.05,-0.988,5.02,"April 01, 19",-0.00988
0,2019-03-29,4.99,5.05,4.95,5.01,4.924602,16746368.0,16746368.0,0.02,0.401,5.00333,"March 29, 19",0.00401
0,2019-03-28,4.98,4.99,4.87,4.93,4.845965,9183968.0,9183968.0,-0.05,-1.004,4.93,"March 28, 19",-0.01004
0,2019-03-27,4.98,5.04,4.86,4.99,4.904943,7388326.0,7388326.0,0.01,0.201,4.96333,"March 27, 19",0.00201
0,2019-03-26,4.93,5.03,4.87,5.0,4.914772,34902696.0,34902696.0,0.07,1.42,4.96667,"March 26, 19",0.0142
0,2019-03-25,4.9,4.95,4.85,4.89,4.806647,24923680.0,24923680.0,-0.01,-0.204,4.89667,"March 25, 19",-0.00204
0,2019-03-22,5.15,5.18,4.95,5.0,4.914772,18206346.0,18206346.0,-0.15,-2.913,5.04333,"March 22, 19",-0.02913
0,2019-03-21,5.23,5.23,5.06,5.15,5.062215,9026864.0,9026864.0,-0.08,-1.53,5.14667,"March 21, 19",-0.0153
0,2019-03-20,5.17,5.24,5.13,5.18,5.091704,8410000.0,8410000.0,0.01,0.193,5.18333,"March 20, 19",0.00193
0,2019-03-19,5.12,5.2,5.06,5.17,5.081874,11885934.0,11885934.0,0.05,0.977,5.14333,"March 19, 19",0.00977
0,2019-03-18,5.2,5.2,5.06,5.12,5.032726,19306000.0,19306000.0,-0.08,-1.538,5.12667,"March 18, 19",-0.01538
0,2019-03-15,5.21,5.29,5.15,5.18,5.091704,15075735.0,15075735.0,-0.03,-0.576,5.20667,"March 15, 19",-0.00576
0,2019-03-14,5.32,5.32,5.17,5.21,5.121192,7881000.0,7881000.0,-0.11,-2.068,5.23333,"March 14, 19",-0.02068
0,2019-03-13,5.46,5.46,5.21,5.28,5.19,10231397.0,10231397.0,-0.18,-3.297,5.31667,"March 13, 19",-0.03297
0,2019-03-12,5.33,5.48,5.33,5.44,5.347272,9635102.0,9635102.0,0.11,2.064,5.41667,"March 12, 19",0.02064
0,2019-03-11,5.22,5.38,5.22,5.33,5.239147,10111430.0,10111430.0,0.11,2.107,5.31,"March 11, 19",0.02107
0,2019-03-08,5.24,5.31,5.19,5.21,5.121192,5212472.0,5212472.0,-0.03,-0.573,5.23667,"March 08, 19",-0.00573
0,2019-03-07,5.43,5.46,5.24,5.3,5.209659,19903230.0,19903230.0,-0.13,-2.394,5.33333,"March 07, 19",-0.02394
0,2019-03-06,5.51,5.51,5.41,5.46,5.366931,7097576.0,7097576.0,-0.05,-0.907,5.46,"March 06, 19",-0.00907
0,2019-03-05,5.43,5.51,5.39,5.47,5.37676,7289000.0,7289000.0,0.04,0.737,5.45667,"March 05, 19",0.00737
0,2019-03-04,5.58,5.6,5.43,5.45,5.357101,11994000.0,11994000.0,-0.13,-2.33,5.49333,"March 04, 19",-0.0233
0,2019-03-01,5.59,5.59,5.49,5.51,5.416079,9028224.0,9028224.0,-0.08,-1.431,5.53,"March 01, 19",-0.01431
0,2019-02-28,5.46,5.59,5.45,5.57,5.475056,15185931.0,15185931.0,0.11,2.015,5.53667,"February 28, 19",0.02015
0,2019-02-27,5.53,5.59,5.44,5.45,5.357101,8206000.0,8206000.0,-0.08,-1.447,5.49333,"February 27, 19",-0.01447
0,2019-02-26,5.5,5.64,5.49,5.52,5.425908,15053023.0,15053023.0,0.02,0.364,5.55,"February 26, 19",0.00364
0,2019-02-25,5.55,5.55,5.4,5.5,5.406249,11803881.0,11803881.0,-0.05,-0.901,5.48333,"February 25, 19",-0.00901
0,2019-02-22,5.5,5.53,5.4,5.51,5.416079,14935366.0,14935366.0,0.01,0.182,5.48,"February 22, 19",0.00182
0,2019-02-21,5.4,5.57,5.39,5.54,5.445568,19409000.0,19409000.0,0.14,2.593,5.5,"February 21, 19",0.02593
0,2019-02-20,5.2,5.42,5.2,5.39,5.298124,12276287.0,12276287.0,0.19,3.654,5.33667,"February 20, 19",0.03654
0,2019-02-19,5.25,5.31,5.17,5.19,5.101533,7181000.0,7181000.0,-0.06,-1.143,5.22333,"February 19, 19",-0.01143
0,2019-02-18,5.13,5.28,5.13,5.26,5.17034,8563582.0,8563582.0,0.13,2.534,5.22333,"February 18, 19",0.02534
0,2019-02-15,5.3,5.3,5.12,5.13,5.042556,8034000.0,8034000.0,-0.17,-3.208,5.18333,"February 15, 19",-0.03208
0,2019-02-14,5.35,5.44,5.31,5.31,5.219488,5764000.0,5764000.0,-0.04,-0.748,5.35333,"February 14, 19",-0.00748
0,2019-02-13,5.32,5.4,5.27,5.37,5.278465,8683000.0,8683000.0,0.05,0.94,5.34667,"February 13, 19",0.0094
0,2019-02-12,5.35,5.35,5.25,5.31,5.219488,9569423.0,9569423.0,-0.04,-0.748,5.30333,"February 12, 19",-0.00748
0,2019-02-11,5.3,5.36,5.28,5.31,5.219488,12506422.0,12506422.0,0.01,0.189,5.31667,"February 11, 19",0.00189
0,2019-02-08,5.2,5.36,5.18,5.33,5.239147,8388045.0,8388045.0,0.13,2.5,5.29,"February 08, 19",0.025
0,2019-02-04,5.21,5.23,5.13,5.17,5.081874,1700184.0,1700184.0,-0.04,-0.768,5.17667,"February 04, 19",-0.00768
0,2019-02-01,5.22,5.25,5.21,5.22,5.131021,4171257.0,4171257.0,0.0,0.0,5.22667,"February 01, 19",0.0
0,2019-01-31,5.19,5.22,5.13,5.21,5.121192,7967193.0,7967193.0,0.02,0.385,5.18667,"January 31, 19",0.00385
0,2019-01-30,5.22,5.24,5.03,5.05,4.96392,10310000.0,10310000.0,-0.17,-3.257,5.10667,"January 30, 19",-0.03257
0,2019-01-29,5.12,5.22,5.06,5.21,5.121192,8230865.0,8230865.0,0.09,1.758,5.16333,"January 29, 19",0.01758
0,2019-01-28,5.24,5.28,5.09,5.15,5.062215,5926574.0,5926574.0,-0.09,-1.718,5.17333,"January 28, 19",-0.01718
0,2019-01-25,5.2,5.22,5.12,5.2,5.111363,10807000.0,10807000.0,0.0,0.0,5.18,"January 25, 19",0.0
0,2019-01-24,5.12,5.21,5.1,5.2,5.111363,12696141.0,12696141.0,0.08,1.563,5.17,"January 24, 19",0.01563
0,2019-01-23,4.83,5.17,4.83,5.14,5.052386,34722000.0,34722000.0,0.31,6.418,5.04667,"January 23, 19",0.06418
0,2019-01-22,4.82,4.89,4.79,4.89,4.806647,6274000.0,6274000.0,0.07,1.452,4.85667,"January 22, 19",0.01452
0,2019-01-21,4.9,4.9,4.84,4.88,4.796818,2907966.0,2907966.0,-0.02,-0.408,4.87333,"January 21, 19",-0.00408
0,2019-01-18,4.82,4.91,4.78,4.86,4.777158,8637000.0,8637000.0,0.04,0.83,4.85,"January 18, 19",0.0083
0,2019-01-17,4.95,4.95,4.77,4.8,4.718181,6492944.0,6492944.0,-0.15,-3.03,4.84,"January 17, 19",-0.0303
0,2019-01-16,4.8,4.92,4.78,4.92,4.836135,8979000.0,8979000.0,0.12,2.5,4.87333,"January 16, 19",0.025
0,2019-01-15,4.79,4.85,4.75,4.81,4.728011,5844000.0,5844000.0,0.02,0.418,4.80333,"January 15, 19",0.00418
0,2019-01-14,4.8,4.81,4.73,4.77,4.688692,4917000.0,4917000.0,-0.03,-0.625,4.77,"January 14, 19",-0.00625
0,2019-01-11,4.77,4.88,4.76,4.81,4.728011,12222946.0,12222946.0,0.04,0.839,4.81667,"January 11, 19",0.00839
0,2019-01-10,4.9,4.91,4.66,4.75,4.669034,17842397.0,17842397.0,-0.15,-3.061,4.77333,"January 10, 19",-0.03061
0,2019-01-09,4.91,5.01,4.85,4.85,4.767329,9977835.0,9977835.0,-0.06,-1.222,4.90333,"January 09, 19",-0.01222
0,2019-01-08,4.91,4.95,4.85,4.88,4.796818,5439920.0,5439920.0,-0.03,-0.611,4.89333,"January 08, 19",-0.00611
0,2019-01-07,4.93,4.97,4.83,4.9,4.816477,21832113.0,21832113.0,-0.03,-0.609,4.9,"January 07, 19",-0.00609
0,2019-01-04,4.72,4.92,4.72,4.9,4.816477,11267132.0,11267132.0,0.18,3.814,4.84667,"January 04, 19",0.03814
0,2019-01-03,4.72,4.93,4.72,4.82,4.73784,18041124.0,18041124.0,0.1,2.119,4.82333,"January 03, 19",0.02119
0,2019-01-02,4.93,4.93,4.68,4.74,4.659204,9241054.0,9241054.0,-0.19,-3.854,4.78333,"January 02, 19",-0.03854
0,2018-12-31,4.76,4.95,4.76,4.92,4.836135,11090075.0,11090075.0,0.16,3.361,4.87667,"December 31, 18",0.03361
0,2018-12-28,4.6,4.8,4.5,4.76,4.678863,10473878.0,10473878.0,0.16,3.478,4.68667,"December 28, 18",0.03478
0,2018-12-27,4.75,4.85,4.54,4.58,4.501931,11117442.0,11117442.0,-0.17,-3.579,4.65667,"December 27, 18",-0.03579
0,2018-12-24,4.75,4.78,4.69,4.72,4.639544,3178321.0,3178321.0,-0.03,-0.632,4.73,"December 24, 18",-0.00632
0,2018-12-21,4.72,4.8,4.67,4.75,4.669034,39938012.0,39938012.0,0.03,0.636,4.74,"December 21, 18",0.00636
0,2018-12-20,4.85,4.9,4.63,4.71,4.629715,20073000.0,20073000.0,-0.14,-2.887,4.74667,"December 20, 18",-0.02887
0,2018-12-19,4.83,4.95,4.79,4.87,4.786988,15382155.0,15382155.0,0.04,0.828,4.87,"December 19, 18",0.00828
0,2018-12-18,4.98,5.0,4.76,4.8,4.718181,23106804.0,23106804.0,-0.18,-3.614,4.85333,"December 18, 18",-0.03614
0,2018-12-17,5.03,5.1,4.95,5.0,4.914772,23435768.0,23435768.0,-0.03,-0.596,5.01667,"December 17, 18",-0.00596
0,2018-12-14,5.18,5.19,4.83,5.05,4.96392,85717665.0,85717665.0,-0.13,-2.51,5.02333,"December 14, 18",-0.0251
0,2018-12-13,5.38,5.38,5.25,5.34,5.248977,7880000.0,7880000.0,-0.04,-0.743,5.32333,"December 13, 18",-0.00743
0,2018-12-12,5.26,5.41,5.16,5.36,5.268636,8689481.0,8689481.0,0.1,1.901,5.31,"December 12, 18",0.01901
0,2018-12-11,5.2,5.33,5.14,5.26,5.17034,5553394.0,5553394.0,0.06,1.154,5.24333,"December 11, 18",0.01154
0,2018-12-10,5.25,5.29,5.1,5.18,5.091704,7931008.0,7931008.0,-0.07,-1.333,5.19,"December 10, 18",-0.01333
0,2018-12-07,5.32,5.37,5.19,5.24,5.150681,6741044.0,6741044.0,-0.08,-1.504,5.26667,"December 07, 18",-0.01504
0,2018-12-06,5.33,5.38,5.26,5.29,5.199829,8053698.0,8053698.0,-0.04,-0.75,5.31,"December 06, 18",-0.0075
0,2018-12-05,5.42,5.45,5.34,5.37,5.278465,3676200.0,3676200.0,-0.05,-0.923,5.38667,"December 05, 18",-0.00923
0,2018-12-04,5.44,5.49,5.41,5.49,5.39642,11519135.0,11519135.0,0.05,0.919,5.46333,"December 04, 18",0.00919
0,2018-12-03,5.54,5.61,5.43,5.45,5.357101,15547469.0,15547469.0,-0.09,-1.625,5.49667,"December 03, 18",-0.01625
0,2018-11-30,5.44,5.52,5.4,5.49,5.39642,10120006.0,10120006.0,0.05,0.919,5.47,"November 30, 18",0.00919
0,2018-11-29,5.43,5.43,5.33,5.38,5.288295,5809959.0,5809959.0,-0.05,-0.921,5.38,"November 29, 18",-0.00921
0,2018-11-28,5.33,5.39,5.26,5.39,5.298124,7140736.0,7140736.0,0.06,1.126,5.34667,"November 28, 18",0.01126
0,2018-11-27,5.37,5.44,5.27,5.29,5.199829,8564043.0,8564043.0,-0.08,-1.49,5.33333,"November 27, 18",-0.0149
0,2018-11-26,5.32,5.48,5.31,5.33,5.239147,6541010.0,6541010.0,0.01,0.188,5.37333,"November 26, 18",0.00188
0,2018-11-23,5.45,5.46,5.24,5.35,5.258806,5038015.0,5038015.0,-0.1,-1.835,5.35,"November 23, 18",-0.01835
0,2018-11-22,5.43,5.54,5.37,5.41,5.317783,8997109.0,8997109.0,-0.02,-0.368,5.44,"November 22, 18",-0.00368
0,2018-11-21,5.67,5.7,5.0,5.41,5.317783,22053324.0,22053324.0,-0.26,-4.586,5.37,"November 21, 18",-0.04586
0,2018-11-20,5.89,5.92,5.71,5.75,5.651988,10535009.0,10535009.0,-0.14,-2.377,5.79333,"November 20, 18",-0.02377
0,2018-11-19,5.9,5.97,5.76,5.94,5.838749,15203567.0,15203567.0,0.04,0.678,5.89,"November 19, 18",0.00678
0,2018-11-16,5.85,5.85,5.71,5.84,5.740454,10624077.0,10624077.0,-0.01,-0.171,5.8,"November 16, 18",-0.00171
0,2018-11-15,5.83,5.84,5.71,5.82,5.720795,20329113.0,20329113.0,-0.01,-0.172,5.79,"November 15, 18",-0.00172
0,2018-11-14,5.5,5.6,5.46,5.58,5.484886,6701422.0,6701422.0,0.08,1.455,5.54667,"November 14, 18",0.01455
0,2018-11-13,5.36,5.53,5.36,5.5,5.406249,8182097.0,8182097.0,0.14,2.612,5.46333,"November 13, 18",0.02612
0,2018-11-12,5.48,5.55,5.45,5.48,5.38659,6908020.0,6908020.0,0.0,0.0,5.49333,"November 12, 18",0.0
0,2018-11-09,5.51,5.54,5.34,5.43,5.337442,9353029.0,9353029.0,-0.08,-1.452,5.43667,"November 09, 18",-0.01452
0,2018-11-08,5.58,5.59,5.5,5.54,5.445568,11763016.0,11763016.0,-0.04,-0.717,5.54333,"November 08, 18",-0.00717
0,2018-11-07,5.41,5.58,5.4,5.5,5.406249,13084014.0,13084014.0,0.09,1.664,5.49333,"November 07, 18",0.01664
0,2018-11-06,5.48,5.51,5.29,5.43,5.337442,9065374.0,9065374.0,-0.05,-0.912,5.41,"November 06, 18",-0.00912
0,2018-11-05,5.46,5.52,5.38,5.46,5.366931,9887032.0,9887032.0,0.0,0.0,5.45333,"November 05, 18",0.0
0,2018-11-02,5.4,5.54,5.32,5.48,5.38659,25899800.0,25899800.0,0.08,1.481,5.44667,"November 02, 18",0.01481
0,2018-11-01,5.23,5.35,5.2,5.3,5.209659,16771170.0,16771170.0,0.07,1.338,5.28333,"November 01, 18",0.01338
0,2018-10-31,5.21,5.36,5.14,5.22,5.131021,19580964.0,19580964.0,0.01,0.192,5.24,"October 31, 18",0.00192
0,2018-10-30,5.24,5.29,5.03,5.19,5.101533,7520476.0,7520476.0,-0.05,-0.954,5.17,"October 30, 18",-0.00954
0,2018-10-29,5.3,5.38,5.2,5.25,5.160511,9568623.0,9568623.0,-0.05,-0.943,5.27667,"October 29, 18",-0.00943
0,2018-10-26,5.45,5.45,5.3,5.34,5.248977,14844081.0,14844081.0,-0.11,-2.018,5.36333,"October 26, 18",-0.02018
0,2018-10-25,5.15,5.41,5.1,5.4,5.307954,20128602.0,20128602.0,0.25,4.854,5.30333,"October 25, 18",0.04854
0,2018-10-24,5.3,5.34,5.14,5.25,5.160511,14908942.0,14908942.0,-0.05,-0.943,5.24333,"October 24, 18",-0.00943
0,2018-10-23,5.26,5.3,5.14,5.28,5.19,14847041.0,14847041.0,0.02,0.38,5.24,"October 23, 18",0.0038
0,2018-10-22,5.08,5.35,5.08,5.26,5.17034,17259031.0,17259031.0,0.18,3.543,5.23,"October 22, 18",0.03543
0,2018-10-19,4.96,5.12,4.9,5.08,4.993409,8570000.0,8570000.0,0.12,2.419,5.03333,"October 19, 18",0.02419
0,2018-10-18,5.0,5.1,4.89,5.0,4.914772,15052000.0,15052000.0,0.0,0.0,4.99667,"October 18, 18",0.0
0,2018-10-16,5.04,5.12,4.88,5.0,4.914772,15069350.0,15069350.0,-0.04,-0.794,5.0,"October 16, 18",-0.00794
0,2018-10-15,4.8,5.18,4.8,4.95,4.865624,57180290.0,57180290.0,0.15,3.125,4.97667,"October 15, 18",0.03125
0,2018-10-12,4.59,4.64,4.46,4.6,4.52159,6212118.0,6212118.0,0.01,0.218,4.56667,"October 12, 18",0.00218
0,2018-10-11,4.59,4.61,4.44,4.57,4.492102,14174400.0,14174400.0,-0.02,-0.436,4.54,"October 11, 18",-0.00436
0,2018-10-10,4.88,4.88,4.68,4.74,4.659204,5442271.0,5442271.0,-0.14,-2.869,4.76667,"October 10, 18",-0.02869
0,2018-10-09,4.93,4.93,4.7,4.81,4.728011,9187262.0,9187262.0,-0.12,-2.434,4.81333,"October 09, 18",-0.02434
0,2018-10-08,5.13,5.16,4.85,4.86,4.777158,8263000.0,8263000.0,-0.27,-5.263,4.95667,"October 08, 18",-0.05263
0,2018-10-05,5.11,5.15,5.03,5.12,5.032726,2909011.0,2909011.0,0.01,0.196,5.1,"October 05, 18",0.00196
0,2018-10-04,5.19,5.19,5.02,5.08,4.993409,3862871.0,3862871.0,-0.11,-2.119,5.09667,"October 04, 18",-0.02119
0,2018-10-03,5.1,5.18,5.1,5.16,5.072044,2264526.0,2264526.0,0.06,1.176,5.14667,"October 03, 18",0.01176
0,2018-10-02,5.16,5.19,5.08,5.14,5.052386,3974000.0,3974000.0,-0.02,-0.388,5.13667,"October 02, 18",-0.00388
0,2018-09-28,5.24,5.24,5.1,5.16,5.072044,5663000.0,5663000.0,-0.08,-1.527,5.16667,"September 28, 18",-0.01527
0,2018-09-27,5.16,5.27,5.07,5.15,5.062215,12528942.0,12528942.0,-0.01,-0.194,5.16333,"September 27, 18",-0.00194
0,2018-09-26,4.83,5.18,4.83,5.16,5.072044,23823000.0,23823000.0,0.33,6.832,5.05667,"September 26, 18",0.06832
0,2018-09-24,4.86,4.93,4.8,4.89,4.806647,2973000.0,2973000.0,0.03,0.617,4.87333,"September 24, 18",0.00617
0,2018-09-21,4.94,4.95,4.88,4.93,4.845965,6509262.0,6509262.0,-0.01,-0.202,4.92,"September 21, 18",-0.00202
0,2018-09-20,4.91,4.95,4.83,4.92,4.836135,3802089.0,3802089.0,0.01,0.204,4.9,"September 20, 18",0.00204
0,2018-09-19,4.9,4.96,4.84,4.91,4.826306,7055000.0,7055000.0,0.01,0.204,4.90333,"September 19, 18",0.00204
0,2018-09-18,4.79,4.9,4.75,4.86,4.777158,10328000.0,10328000.0,0.07,1.461,4.83667,"September 18, 18",0.01461
0,2018-09-17,4.7,4.77,4.65,4.76,4.678863,2418000.0,2418000.0,0.06,1.277,4.72667,"September 17, 18",0.01277
0,2018-09-14,4.77,4.78,4.68,4.73,4.649374,4428696.0,4428696.0,-0.04,-0.839,4.73,"September 14, 18",-0.00839
0,2018-09-13,4.7,4.75,4.58,4.75,4.669034,9769654.0,9769654.0,0.05,1.064,4.69333,"September 13, 18",0.01064
0,2018-09-12,4.62,4.75,4.6,4.65,4.570738,12150000.0,12150000.0,0.03,0.649,4.66667,"September 12, 18",0.00649
0,2018-09-11,4.6,4.65,4.54,4.55,4.472443,7344000.0,7344000.0,-0.05,-1.087,4.58,"September 11, 18",-0.01087
0,2018-09-10,4.73,4.74,4.61,4.63,4.551079,4872543.0,4872543.0,-0.1,-2.114,4.66,"September 10, 18",-0.02114
0,2018-09-07,4.85,4.93,4.71,4.71,4.629715,10411000.0,10411000.0,-0.14,-2.887,4.78333,"September 07, 18",-0.02887
0,2018-09-06,4.79,4.92,4.75,4.85,4.767329,12668329.0,12668329.0,0.06,1.253,4.84,"September 06, 18",0.01253
0,2018-09-05,4.66,4.89,4.63,4.79,4.708352,20362000.0,20362000.0,0.13,2.79,4.77,"September 05, 18",0.0279
0,2018-09-04,4.53,4.7,4.47,4.64,4.560908,9271800.0,9271800.0,0.11,2.428,4.60333,"September 04, 18",0.02428
0,2018-09-03,4.56,4.57,4.49,4.52,4.442954,1901350.0,1901350.0,-0.04,-0.877,4.52667,"September 03, 18",-0.00877
0,2018-08-31,4.49,4.57,4.47,4.55,4.472443,6501000.0,6501000.0,0.06,1.336,4.53,"August 31, 18",0.01336
0,2018-08-30,4.6,4.6,4.48,4.51,4.433125,5662946.0,5662946.0,-0.09,-1.957,4.53,"August 30, 18",-0.01957
0,2018-08-29,4.58,4.58,4.45,4.56,4.482272,9053000.0,9053000.0,-0.02,-0.437,4.53,"August 29, 18",-0.00437
0,2018-08-28,4.67,4.7,4.56,4.59,4.511761,6896809.0,6896809.0,-0.08,-1.713,4.61667,"August 28, 18",-0.01713
0,2018-08-27,4.65,4.78,4.63,4.66,4.580567,12015000.0,12015000.0,0.01,0.215,4.69,"August 27, 18",0.00215
0,2018-08-24,4.67,4.69,4.57,4.65,4.570738,6277000.0,6277000.0,-0.02,-0.428,4.63667,"August 24, 18",-0.00428
0,2018-08-23,4.66,4.68,4.63,4.67,4.590397,3652966.0,3652966.0,0.01,0.215,4.66,"August 23, 18",0.00215
0,2018-08-22,4.64,4.7,4.57,4.67,4.590397,4252000.0,4252000.0,0.03,0.647,4.64667,"August 22, 18",0.00647
0,2018-08-21,4.63,4.7,4.6,4.63,4.551079,5050890.0,5050890.0,0.0,0.0,4.64333,"August 21, 18",0.0
0,2018-08-20,4.57,4.63,4.56,4.63,4.551079,2787374.0,2787374.0,0.06,1.313,4.60667,"August 20, 18",0.01313
0,2018-08-17,4.58,4.67,4.51,4.58,4.501931,5955925.0,5955925.0,0.0,0.0,4.58667,"August 17, 18",0.0
0,2018-08-16,4.5,4.57,4.41,4.54,4.462613,5044000.0,5044000.0,0.04,0.889,4.50667,"August 16, 18",0.00889
0,2018-08-15,4.62,4.65,4.5,4.52,4.442954,8290000.0,8290000.0,-0.1,-2.165,4.55667,"August 15, 18",-0.02165
0,2018-08-14,4.78,4.78,4.58,4.6,4.52159,11240294.0,11240294.0,-0.18,-3.766,4.65333,"August 14, 18",-0.03766
0,2018-08-13,4.76,4.84,4.7,4.78,4.698523,4073000.0,4073000.0,0.02,0.42,4.77333,"August 13, 18",0.0042
0,2018-08-10,4.77,4.82,4.69,4.82,4.73784,8698017.0,8698017.0,0.05,1.048,4.77667,"August 10, 18",0.01048
0,2018-08-09,4.63,4.76,4.55,4.73,4.649374,10143557.0,10143557.0,0.1,2.16,4.68,"August 09, 18",0.0216
0,2018-08-08,4.68,4.68,4.53,4.57,4.492102,9451477.0,9451477.0,-0.11,-2.35,4.59333,"August 08, 18",-0.0235
0,2018-08-07,4.55,4.67,4.48,4.61,4.53142,6044270.0,6044270.0,0.06,1.319,4.58667,"August 07, 18",0.01319
0,2018-08-06,4.65,4.65,4.46,4.48,4.403636,5076690.0,5076690.0,-0.17,-3.656,4.53,"August 06, 18",-0.03656
0,2018-08-03,4.6,4.6,4.51,4.6,4.52159,7209000.0,7209000.0,0.0,0.0,4.57,"August 03, 18",0.0
0,2018-08-02,4.65,4.65,4.38,4.56,4.482272,17922000.0,17922000.0,-0.09,-1.935,4.53,"August 02, 18",-0.01935
0,2018-08-01,4.85,4.96,4.55,4.6,4.52159,19933785.0,19933785.0,-0.25,-5.155,4.70333,"August 01, 18",-0.05155
0,2018-07-31,4.87,4.89,4.76,4.82,4.73784,4850514.0,4850514.0,-0.05,-1.027,4.82333,"July 31, 18",-0.01027
0,2018-07-30,4.87,4.92,4.82,4.88,4.796818,3109281.0,3109281.0,0.01,0.205,4.87333,"July 30, 18",0.00205
0,2018-07-27,4.93,4.93,4.84,4.85,4.767329,3276000.0,3276000.0,-0.08,-1.623,4.87333,"July 27, 18",-0.01623
0,2018-07-26,4.99,4.99,4.84,4.9,4.816477,7262576.0,7262576.0,-0.09,-1.804,4.91,"July 26, 18",-0.01804
0,2018-07-25,4.98,5.02,4.88,4.95,4.865624,5887345.0,5887345.0,-0.03,-0.602,4.95,"July 25, 18",-0.00602
0,2018-07-24,4.76,4.97,4.71,4.95,4.865624,15904942.0,15904942.0,0.19,3.992,4.87667,"July 24, 18",0.03992
0,2018-07-23,4.64,4.74,4.59,4.72,4.639544,7258602.0,7258602.0,0.08,1.724,4.68333,"July 23, 18",0.01724
0,2018-07-20,4.56,4.6,4.47,4.6,4.52159,7091485.0,7091485.0,0.04,0.877,4.55667,"July 20, 18",0.00877
0,2018-07-19,4.75,4.75,4.55,4.59,4.511761,7533580.0,7533580.0,-0.16,-3.368,4.63,"July 19, 18",-0.03368
0,2018-07-18,4.75,4.76,4.68,4.72,4.639544,4340842.0,4340842.0,-0.03,-0.632,4.72,"July 18, 18",-0.00632
0,2018-07-17,4.74,4.75,4.63,4.73,4.649374,4844602.0,4844602.0,-0.01,-0.211,4.70333,"July 17, 18",-0.00211
0,2018-07-16,4.72,4.72,4.64,4.7,4.619885,7377000.0,7377000.0,-0.02,-0.424,4.68667,"July 16, 18",-0.00424
0,2018-07-13,4.7,4.7,4.63,4.67,4.590397,2701225.0,2701225.0,-0.03,-0.638,4.66667,"July 13, 18",-0.00638
0,2018-07-12,4.58,4.69,4.56,4.64,4.560908,4531563.0,4531563.0,0.06,1.31,4.63,"July 12, 18",0.0131
0,2018-07-11,4.55,4.6,4.52,4.55,4.472443,6959340.0,6959340.0,0.0,0.0,4.55667,"July 11, 18",0.0
0,2018-07-10,4.76,4.8,4.61,4.63,4.551079,7150442.0,7150442.0,-0.13,-2.731,4.68,"July 10, 18",-0.02731
0,2018-07-09,4.65,4.74,4.58,4.73,4.649374,7237000.0,7237000.0,0.08,1.72,4.68333,"July 09, 18",0.0172
0,2018-07-06,4.51,4.65,4.46,4.57,4.492102,9421503.0,9421503.0,0.06,1.33,4.56,"July 06, 18",0.0133
0,2018-07-05,4.68,4.68,4.47,4.48,4.403636,5134498.0,5134498.0,-0.2,-4.274,4.54333,"July 05, 18",-0.04274
0,2018-07-04,4.59,4.72,4.53,4.6,4.52159,8302359.0,8302359.0,0.01,0.218,4.61667,"July 04, 18",0.00218
0,2018-07-03,4.7,4.7,4.49,4.58,4.466485,9838953.0,9838953.0,-0.12,-2.553,4.59,"July 03, 18",-0.02553
0,2018-06-29,4.51,4.69,4.45,4.67,4.554254,9067000.0,9067000.0,0.16,3.548,4.60333,"June 29, 18",0.03548
0,2018-06-28,4.44,4.54,4.36,4.47,4.359211,10087019.0,10087019.0,0.03,0.676,4.45667,"June 28, 18",0.00676
0,2018-06-27,4.58,4.65,4.43,4.44,4.329955,9582699.0,9582699.0,-0.14,-3.057,4.50667,"June 27, 18",-0.03057
0,2018-06-26,4.48,4.63,4.33,4.6,4.485989,16246569.0,16246569.0,0.12,2.679,4.52,"June 26, 18",0.02679
0,2018-06-25,4.61,4.63,4.45,4.45,4.339706,12194261.0,12194261.0,-0.16,-3.471,4.51,"June 25, 18",-0.03471
0,2018-06-22,4.59,4.65,4.5,4.6,4.485989,7158492.0,7158492.0,0.01,0.218,4.58333,"June 22, 18",0.00218
0,2018-06-21,4.65,4.72,4.52,4.53,4.417724,11504000.0,11504000.0,-0.12,-2.581,4.59,"June 21, 18",-0.02581
0,2018-06-20,4.57,4.65,4.44,4.55,4.437229,15347638.0,15347638.0,-0.02,-0.438,4.54667,"June 20, 18",-0.00438
0,2018-06-19,4.42,4.69,4.41,4.52,4.407971,27121920.0,27121920.0,0.1,2.262,4.54,"June 19, 18",0.02262
0,2018-06-15,4.82,4.85,4.4,4.43,4.320202,34750824.0,34750824.0,-0.39,-8.091,4.56,"June 15, 18",-0.08091
0,2018-06-14,5.06,5.06,4.78,4.78,4.661528,23294000.0,23294000.0,-0.28,-5.534,4.87333,"June 14, 18",-0.05534
0,2018-06-13,5.1,5.14,5.02,5.03,4.905332,6285499.0,6285499.0,-0.07,-1.373,5.06333,"June 13, 18",-0.01373
0,2018-06-12,5.15,5.15,5.04,5.1,4.973597,4013318.0,4013318.0,-0.05,-0.971,5.09667,"June 12, 18",-0.00971
0,2018-06-11,5.08,5.12,5.04,5.07,4.94434,4092228.0,4092228.0,-0.01,-0.197,5.07667,"June 11, 18",-0.00197
0,2018-06-08,5.16,5.23,5.02,5.08,4.954092,9415909.0,9415909.0,-0.08,-1.55,5.11,"June 08, 18",-0.0155
0,2018-06-07,5.09,5.22,5.07,5.2,5.071118,7514977.0,7514977.0,0.11,2.161,5.16333,"June 07, 18",0.02161
0,2018-06-06,5.3,5.3,5.08,5.09,4.963844,10994223.0,10994223.0,-0.21,-3.962,5.15667,"June 06, 18",-0.03962
0,2018-06-05,5.14,5.18,5.1,5.14,5.012605,5807000.0,5807000.0,0.0,0.0,5.14,"June 05, 18",0.0
0,2018-06-04,5.18,5.19,5.12,5.14,5.012605,7294000.0,7294000.0,-0.04,-0.772,5.15,"June 04, 18",-0.00772
0,2018-06-01,5.22,5.22,5.07,5.16,5.032109,8091072.0,8091072.0,-0.06,-1.149,5.15,"June 01, 18",-0.01149
0,2018-05-31,5.06,5.24,5.06,5.24,5.110126,25670258.0,25670258.0,0.18,3.557,5.18,"May 31, 18",0.03557
0,2018-05-30,5.12,5.13,4.98,5.01,4.885828,16434580.0,16434580.0,-0.11,-2.148,5.04,"May 30, 18",-0.02148
0,2018-05-29,5.28,5.3,5.15,5.17,5.041862,9500636.0,9500636.0,-0.11,-2.083,5.20667,"May 29, 18",-0.02083
0,2018-05-28,5.37,5.39,5.25,5.29,5.158887,15611000.0,15611000.0,-0.08,-1.49,5.31,"May 28, 18",-0.0149
0,2018-05-25,5.11,5.44,5.11,5.32,5.188144,27462164.0,27462164.0,0.21,4.11,5.29,"May 25, 18",0.0411
0,2018-05-24,5.12,5.17,5.1,5.12,4.993101,7845906.0,7845906.0,0.0,0.0,5.13,"May 24, 18",0.0
0,2018-05-23,5.13,5.25,5.12,5.14,5.012605,10845049.0,10845049.0,0.01,0.195,5.17,"May 23, 18",0.00195
0,2018-05-21,5.25,5.25,5.11,5.11,4.954093,12537390.0,12537390.0,-0.14,-2.667,5.15667,"May 21, 18",-0.02667
0,2018-05-18,5.24,5.26,5.17,5.2,5.041347,5142822.0,5142822.0,-0.04,-0.763,5.21,"May 18, 18",-0.00763
0,2018-05-17,5.31,5.34,5.2,5.26,5.099516,16252658.0,16252658.0,-0.05,-0.942,5.26667,"May 17, 18",-0.00942
0,2018-05-16,5.26,5.36,5.17,5.3,5.138296,11930356.0,11930356.0,0.04,0.76,5.27667,"May 16, 18",0.0076
0,2018-05-15,5.15,5.27,5.15,5.22,5.060736,7890000.0,7890000.0,0.07,1.359,5.21333,"May 15, 18",0.01359
0,2018-05-14,5.12,5.19,5.1,5.15,4.992872,13935000.0,13935000.0,0.03,0.586,5.14667,"May 14, 18",0.00586
0,2018-05-11,5.15,5.31,5.09,5.12,4.963787,21823560.0,21823560.0,-0.03,-0.583,5.17333,"May 11, 18",-0.00583
0,2018-05-10,5.06,5.2,4.92,5.07,4.915313,33947780.0,33947780.0,0.01,0.198,5.06333,"May 10, 18",0.00198
0,2018-05-09,4.96,4.98,4.84,4.87,4.721415,9127330.0,9127330.0,-0.09,-1.815,4.89667,"May 09, 18",-0.01815
0,2018-05-08,4.89,5.01,4.83,4.94,4.789279,41034000.0,41034000.0,0.05,1.022,4.92667,"May 08, 18",0.01022
0,2018-05-07,4.86,4.87,4.69,4.79,4.643856,23878868.0,23878868.0,-0.07,-1.44,4.78333,"May 07, 18",-0.0144
0,2018-05-04,4.86,4.97,4.76,4.87,4.721415,11851317.0,11851317.0,0.01,0.206,4.86667,"May 04, 18",0.00206
0,2018-05-03,4.98,4.98,4.85,4.87,4.721415,8657220.0,8657220.0,-0.11,-2.209,4.9,"May 03, 18",-0.02209
0,2018-05-02,4.99,5.0,4.91,4.98,4.828058,8815767.0,8815767.0,-0.01,-0.2,4.96333,"May 02, 18",-0.002
0,2018-04-30,5.07,5.07,4.97,4.99,4.837753,4874800.0,4874800.0,-0.08,-1.578,5.01,"April 30, 18",-0.01578
0,2018-04-27,5.06,5.13,5.04,5.06,4.905618,9366876.0,9366876.0,0.0,0.0,5.07667,"April 27, 18",0.0
0,2018-04-26,4.98,5.09,4.98,5.06,4.905618,4405000.0,4405000.0,0.08,1.606,5.04333,"April 26, 18",0.01606
0,2018-04-25,5.12,5.12,4.97,4.98,4.828058,17305382.0,17305382.0,-0.14,-2.734,5.02333,"April 25, 18",-0.02734
0,2018-04-24,5.13,5.22,5.1,5.14,4.983177,7891438.0,7891438.0,0.01,0.195,5.15333,"April 24, 18",0.00195
0,2018-04-23,5.28,5.34,5.11,5.16,5.002567,12664174.0,12664174.0,-0.12,-2.273,5.20333,"April 23, 18",-0.02273
0,2018-04-20,5.45,5.46,5.27,5.34,5.177075,13113816.0,13113816.0,-0.11,-2.018,5.35667,"April 20, 18",-0.02018
0,2018-04-19,5.14,5.49,5.07,5.45,5.283719,25306000.0,25306000.0,0.31,6.031,5.33667,"April 19, 18",0.06031
0,2018-04-18,5.2,5.2,4.98,5.11,4.954093,18216840.0,18216840.0,-0.09,-1.731,5.09667,"April 18, 18",-0.01731
0,2018-04-17,5.1,5.23,5.0,5.11,4.954093,20854780.0,20854780.0,0.01,0.196,5.11333,"April 17, 18",0.00196
0,2018-04-16,5.26,5.31,5.0,5.1,4.944397,19351000.0,19351000.0,-0.16,-3.042,5.13667,"April 16, 18",-0.03042
0,2018-04-13,5.5,5.5,5.19,5.23,5.070431,25222627.0,25222627.0,-0.27,-4.909,5.30667,"April 13, 18",-0.04909
0,2018-04-12,5.47,5.65,5.39,5.44,5.274024,14844777.0,14844777.0,-0.03,-0.548,5.49333,"April 12, 18",-0.00548
0,2018-04-11,5.4,5.52,5.35,5.47,5.303108,24034172.0,24034172.0,0.07,1.296,5.44667,"April 11, 18",0.01296
0,2018-04-10,5.78,5.78,5.41,5.42,5.254635,30859049.0,30859049.0,-0.36,-6.228,5.53667,"April 10, 18",-0.06228
0,2018-04-09,5.58,5.84,5.54,5.75,5.574566,31147793.0,31147793.0,0.17,3.047,5.71,"April 09, 18",0.03047
0,2018-04-06,5.64,5.65,5.48,5.59,5.419447,15399964.0,15399964.0,-0.05,-0.887,5.57333,"April 06, 18",-0.00887
0,2018-04-04,5.63,5.75,5.55,5.55,5.380668,13737886.0,13737886.0,-0.08,-1.421,5.61667,"April 04, 18",-0.01421
0,2018-04-03,5.39,5.69,5.39,5.63,5.458227,17584898.0,17584898.0,0.24,4.453,5.57,"April 03, 18",0.04453
0,2018-03-29,5.57,5.62,5.39,5.53,5.361278,29134055.0,29134055.0,-0.04,-0.718,5.51333,"March 29, 18",-0.00718
0,2018-03-28,5.5,5.76,5.5,5.54,5.370974,46983247.0,46983247.0,0.04,0.727,5.6,"March 28, 18",0.00727
0,2018-03-27,5.42,5.63,5.35,5.56,5.390363,41093685.0,41093685.0,0.14,2.583,5.51333,"March 27, 18",0.02583
0,2018-03-26,5.2,5.44,5.06,5.35,5.18677,21482801.0,21482801.0,0.15,2.885,5.28333,"March 26, 18",0.02885
0,2018-03-23,5.26,5.28,5.0,5.25,5.089821,42083000.0,42083000.0,-0.01,-0.19,5.17667,"March 23, 18",-0.0019
0,2018-03-22,5.35,5.53,5.21,5.42,5.254635,30191649.0,30191649.0,0.07,1.308,5.38667,"March 22, 18",0.01308
0,2018-03-21,5.2,5.5,5.17,5.25,5.089821,50365000.0,50365000.0,0.05,0.962,5.30667,"March 21, 18",0.00962
0,2018-03-20,5.05,5.2,5.05,5.17,5.012262,14406324.0,14406324.0,0.12,2.376,5.14,"March 20, 18",0.02376
0,2018-03-19,5.02,5.24,4.98,5.12,4.963787,18770903.0,18770903.0,0.1,1.992,5.11333,"March 19, 18",0.01992
0,2018-03-16,5.11,5.11,4.92,5.04,4.886228,17714000.0,17714000.0,-0.07,-1.37,5.02333,"March 16, 18",-0.0137
0,2018-03-15,5.1,5.17,5.03,5.08,4.925008,10531544.0,10531544.0,-0.02,-0.392,5.09333,"March 15, 18",-0.00392
0,2018-03-14,4.97,5.22,4.95,5.15,4.992872,21594087.0,21594087.0,0.18,3.622,5.10667,"March 14, 18",0.03622
0,2018-03-13,5.1,5.1,5.0,5.05,4.895923,12048596.0,12048596.0,-0.05,-0.98,5.05,"March 13, 18",-0.0098
0,2018-03-12,5.01,5.13,4.99,5.1,4.944397,18676000.0,18676000.0,0.09,1.796,5.07333,"March 12, 18",0.01796
0,2018-03-09,5.13,5.13,4.88,4.98,4.828058,18059601.0,18059601.0,-0.15,-2.924,4.99667,"March 09, 18",-0.02924
0,2018-03-08,5.02,5.27,4.98,5.08,4.925008,29289804.0,29289804.0,0.06,1.195,5.11,"March 08, 18",0.01195
0,2018-03-07,5.04,5.09,4.86,5.02,4.866839,43934530.0,43934530.0,-0.02,-0.397,4.99,"March 07, 18",-0.00397
0,2018-03-06,4.5,5.13,4.5,5.06,4.905618,131792987.0,131792987.0,0.56,12.444,4.89667,"March 06, 18",0.12444
0,2018-03-05,4.46,4.56,4.38,4.46,4.323924,22438000.0,22438000.0,0.0,0.0,4.46667,"March 05, 18",0.0
0,2018-03-02,4.3,4.41,4.28,4.4,4.265755,16019000.0,16019000.0,0.1,2.326,4.36333,"March 02, 18",0.02326
0,2018-03-01,4.36,4.44,4.23,4.39,4.25606,16848770.0,16848770.0,0.03,0.688,4.35333,"March 01, 18",0.00688
0,2018-02-28,4.31,4.47,4.27,4.36,4.226975,27989158.0,27989158.0,0.05,1.16,4.36667,"February 28, 18",0.0116
0,2018-02-27,4.27,4.36,4.2,4.3,4.168806,20810526.0,20810526.0,0.03,0.703,4.28667,"February 27, 18",0.00703
0,2018-02-26,4.17,4.33,4.16,4.27,4.139721,12182000.0,12182000.0,0.1,2.398,4.25333,"February 26, 18",0.02398
0,2018-02-23,4.1,4.22,4.03,4.2,4.071856,14139455.0,14139455.0,0.1,2.439,4.15,"February 23, 18",0.02439
0,2018-02-22,4.06,4.09,4.0,4.06,3.936128,7441323.0,7441323.0,0.0,0.0,4.05,"February 22, 18",0.0
0,2018-02-21,4.12,4.12,4.01,4.1,3.974908,3475674.0,3475674.0,-0.02,-0.485,4.07667,"February 21, 18",-0.00485
0,2018-02-20,4.05,4.14,3.98,4.1,3.974908,6252521.0,6252521.0,0.05,1.235,4.07333,"February 20, 18",0.01235
0,2018-02-15,3.88,4.05,3.88,4.04,3.916739,7254000.0,7254000.0,0.16,4.124,3.99,"February 15, 18",0.04124
0,2018-02-14,3.88,3.88,3.79,3.86,3.74223,9094356.0,9094356.0,-0.02,-0.515,3.84333,"February 14, 18",-0.00515
0,2018-02-13,3.72,3.85,3.72,3.79,3.674366,16674000.0,16674000.0,0.07,1.882,3.78667,"February 13, 18",0.01882
0,2018-02-12,3.72,3.73,3.64,3.66,3.548332,12188000.0,12188000.0,-0.06,-1.613,3.67667,"February 12, 18",-0.01613
0,2018-02-09,3.8,3.8,3.6,3.61,3.499857,14386593.0,14386593.0,-0.19,-5.0,3.67,"February 09, 18",-0.05
0,2018-02-08,3.89,3.91,3.84,3.87,3.751925,5736060.0,5736060.0,-0.02,-0.514,3.87333,"February 08, 18",-0.00514
0,2018-02-07,3.95,3.95,3.8,3.85,3.732535,14033606.0,14033606.0,-0.1,-2.532,3.86667,"February 07, 18",-0.02532
0,2018-02-06,3.99,4.0,3.8,3.81,3.693756,25030000.0,25030000.0,-0.18,-4.511,3.87,"February 06, 18",-0.04511
0,2018-02-05,4.08,4.14,4.01,4.06,3.936128,11931913.0,11931913.0,-0.02,-0.49,4.07,"February 05, 18",-0.0049
0,2018-02-02,4.14,4.18,4.09,4.14,4.013687,7781328.0,7781328.0,0.0,0.0,4.13667,"February 02, 18",0.0
0,2018-02-01,4.21,4.25,4.1,4.1,3.974908,8235148.0,8235148.0,-0.11,-2.613,4.15,"February 01, 18",-0.02613
0,2018-01-31,4.25,4.25,4.15,4.19,4.062162,10406022.0,10406022.0,-0.06,-1.412,4.19667,"January 31, 18",-0.01412
0,2018-01-30,4.31,4.34,4.22,4.23,4.100941,9675995.0,9675995.0,-0.08,-1.856,4.26333,"January 30, 18",-0.01856
0,2018-01-29,4.43,4.43,4.29,4.33,4.19789,6028674.0,6028674.0,-0.1,-2.257,4.35,"January 29, 18",-0.02257
0,2018-01-26,4.39,4.44,4.32,4.38,4.246365,7809297.0,7809297.0,-0.01,-0.228,4.38,"January 26, 18",-0.00228
0,2018-01-25,4.33,4.44,4.25,4.41,4.275449,15430616.0,15430616.0,0.08,1.848,4.36667,"January 25, 18",0.01848
0,2018-01-24,4.37,4.37,4.24,4.31,4.178501,10963725.0,10963725.0,-0.06,-1.373,4.30667,"January 24, 18",-0.01373
0,2018-01-23,4.46,4.47,4.3,4.36,4.226975,14305500.0,14305500.0,-0.1,-2.242,4.37667,"January 23, 18",-0.02242
0,2018-01-22,4.46,4.51,4.4,4.48,4.343314,12054000.0,12054000.0,0.02,0.448,4.46333,"January 22, 18",0.00448
0,2018-01-19,4.4,4.51,4.38,4.45,4.314229,17526739.0,17526739.0,0.05,1.136,4.44667,"January 19, 18",0.01136
0,2018-01-18,4.48,4.48,4.36,4.39,4.25606,12076615.0,12076615.0,-0.09,-2.009,4.41,"January 18, 18",-0.02009
0,2018-01-17,4.34,4.45,4.27,4.45,4.314229,20339749.0,20339749.0,0.11,2.535,4.39,"January 17, 18",0.02535
0,2018-01-16,4.24,4.37,4.22,4.33,4.19789,11333000.0,11333000.0,0.09,2.123,4.30667,"January 16, 18",0.02123
0,2018-01-15,4.32,4.32,4.17,4.18,4.052467,7961306.0,7961306.0,-0.14,-3.241,4.22333,"January 15, 18",-0.03241
0,2018-01-12,4.34,4.35,4.29,4.34,4.207585,5804445.0,5804445.0,0.0,0.0,4.32667,"January 12, 18",0.0
0,2018-01-11,4.27,4.32,4.21,4.3,4.168806,9083000.0,9083000.0,0.03,0.703,4.27667,"January 11, 18",0.00703
0,2018-01-10,4.28,4.31,4.21,4.22,4.091246,8938805.0,8938805.0,-0.06,-1.402,4.24667,"January 10, 18",-0.01402
0,2018-01-09,4.39,4.39,4.22,4.24,4.110637,9454000.0,9454000.0,-0.15,-3.417,4.28333,"January 09, 18",-0.03417
0,2018-01-08,4.31,4.38,4.23,4.36,4.226975,8714543.0,8714543.0,0.05,1.16,4.32333,"January 08, 18",0.0116
0,2018-01-05,4.34,4.37,4.25,4.27,4.139721,9078937.0,9078937.0,-0.07,-1.613,4.29667,"January 05, 18",-0.01613
0,2018-01-04,4.35,4.35,4.3,4.32,4.188195,6122634.0,6122634.0,-0.03,-0.69,4.32333,"January 04, 18",-0.0069
0,2018-01-03,4.28,4.37,4.24,4.31,4.178501,11179363.0,11179363.0,0.03,0.701,4.30667,"January 03, 18",0.00701
0,2018-01-02,4.19,4.32,4.17,4.26,4.130026,20821623.0,20821623.0,0.07,1.671,4.25,"January 02, 18",0.01671
0,2017-12-29,4.24,4.25,4.12,4.16,4.033077,8736465.0,8736465.0,-0.08,-1.887,4.17667,"December 29, 17",-0.01887
0,2017-12-28,3.97,4.27,3.97,4.24,4.110637,29180090.0,29180090.0,0.27,6.801,4.16,"December 28, 17",0.06801
0,2017-12-27,3.94,4.02,3.94,3.96,3.83918,8870220.0,8870220.0,0.02,0.508,3.97333,"December 27, 17",0.00508
0,2017-12-22,3.96,3.98,3.92,3.97,3.848874,9707218.0,9707218.0,0.01,0.253,3.95667,"December 22, 17",0.00253
0,2017-12-21,3.92,3.98,3.91,3.94,3.819789,7353040.0,7353040.0,0.02,0.51,3.94333,"December 21, 17",0.0051
0,2017-12-20,3.96,3.98,3.88,3.92,3.8004,8625468.0,8625468.0,-0.04,-1.01,3.92667,"December 20, 17",-0.0101
0,2017-12-19,3.84,3.97,3.83,3.93,3.810095,12696490.0,12696490.0,0.09,2.344,3.91,"December 19, 17",0.02344
0,2017-12-18,3.85,3.86,3.78,3.81,3.693756,10708840.0,10708840.0,-0.04,-1.039,3.81667,"December 18, 17",-0.01039
0,2017-12-15,3.87,3.89,3.81,3.86,3.74223,12629000.0,12629000.0,-0.01,-0.258,3.85333,"December 15, 17",-0.00258
0,2017-12-14,3.9,3.98,3.87,3.87,3.751925,8555042.0,8555042.0,-0.03,-0.769,3.90667,"December 14, 17",-0.00769
0,2017-12-13,3.92,3.93,3.87,3.9,3.78101,6306300.0,6306300.0,-0.02,-0.51,3.9,"December 13, 17",-0.0051
0,2017-12-12,3.98,3.98,3.87,3.92,3.8004,8123100.0,8123100.0,-0.06,-1.508,3.92333,"December 12, 17",-0.01508
0,2017-12-11,3.99,4.04,3.96,3.96,3.83918,6441000.0,6441000.0,-0.03,-0.752,3.98667,"December 11, 17",-0.00752
0,2017-12-08,3.99,4.01,3.94,3.98,3.858569,5986300.0,5986300.0,-0.01,-0.251,3.97667,"December 08, 17",-0.00251
0,2017-12-07,4.15,4.15,3.95,3.97,3.848874,11808210.0,11808210.0,-0.18,-4.337,4.02333,"December 07, 17",-0.04337
0,2017-12-06,4.08,4.19,4.05,4.06,3.936128,12713136.0,12713136.0,-0.02,-0.49,4.1,"December 06, 17",-0.0049
0,2017-12-05,4.1,4.19,4.06,4.06,3.936128,9312000.0,9312000.0,-0.04,-0.976,4.10333,"December 05, 17",-0.00976
0,2017-12-04,4.13,4.14,4.05,4.05,3.926433,4631986.0,4631986.0,-0.08,-1.937,4.08,"December 04, 17",-0.01937
0,2017-12-01,4.07,4.12,4.05,4.1,3.974908,5038842.0,5038842.0,0.03,0.737,4.09,"December 01, 17",0.00737
0,2017-11-30,4.17,4.17,4.04,4.09,3.965213,12067796.0,12067796.0,-0.08,-1.918,4.1,"November 30, 17",-0.01918
0,2017-11-29,4.1,4.18,4.09,4.14,4.013687,5757170.0,5757170.0,0.04,0.976,4.13667,"November 29, 17",0.00976
0,2017-11-28,4.11,4.16,4.06,4.09,3.965213,5076000.0,5076000.0,-0.02,-0.487,4.10333,"November 28, 17",-0.00487
0,2017-11-27,4.2,4.2,4.1,4.11,3.984603,4999500.0,4999500.0,-0.09,-2.143,4.13667,"November 27, 17",-0.02143
0,2017-11-24,4.15,4.21,4.15,4.17,4.042772,9081164.0,9081164.0,0.02,0.482,4.17667,"November 24, 17",0.00482
0,2017-11-23,4.34,4.36,4.16,4.17,4.042772,8390335.0,8390335.0,-0.17,-3.917,4.23,"November 23, 17",-0.03917
0,2017-11-22,4.15,4.34,4.08,4.31,4.178501,19655150.0,19655150.0,0.16,3.855,4.24333,"November 22, 17",0.03855
0,2017-11-21,4.1,4.13,4.04,4.1,3.974908,8763425.0,8763425.0,0.0,0.0,4.09,"November 21, 17",0.0
0,2017-11-20,4.18,4.18,4.01,4.1,3.974908,12246000.0,12246000.0,-0.08,-1.914,4.09667,"November 20, 17",-0.01914
0,2017-11-17,4.29,4.31,4.13,4.16,4.033077,20082534.0,20082534.0,-0.13,-3.03,4.2,"November 17, 17",-0.0303
0,2017-11-16,4.34,4.38,4.26,4.27,4.139721,13004000.0,13004000.0,-0.07,-1.613,4.30333,"November 16, 17",-0.01613
0,2017-11-15,4.48,4.48,4.34,4.36,4.226975,9471008.0,9471008.0,-0.12,-2.679,4.39333,"November 15, 17",-0.02679
0,2017-11-14,4.4,4.44,4.39,4.4,4.265755,6301234.0,6301234.0,0.0,0.0,4.41,"November 14, 17",0.0
0,2017-11-13,4.4,4.45,4.4,4.41,4.275449,6174174.0,6174174.0,0.01,0.227,4.42,"November 13, 17",0.00227
0,2017-11-10,4.44,4.44,4.4,4.4,4.265755,4851554.0,4851554.0,-0.04,-0.901,4.41333,"November 10, 17",-0.00901
0,2017-11-09,4.39,4.47,4.39,4.44,4.304534,8982000.0,8982000.0,0.05,1.139,4.43333,"November 09, 17",0.01139
0,2017-11-08,4.43,4.49,4.39,4.39,4.25606,7554234.0,7554234.0,-0.04,-0.903,4.42333,"November 08, 17",-0.00903
0,2017-11-07,4.39,4.44,4.39,4.43,4.294839,8264617.0,8264617.0,0.04,0.911,4.42,"November 07, 17",0.00911
0,2017-11-06,4.49,4.49,4.4,4.4,4.265755,11805582.0,11805582.0,-0.09,-2.004,4.43,"November 06, 17",-0.02004
0,2017-11-03,4.45,4.51,4.43,4.45,4.314229,7348174.0,7348174.0,0.0,0.0,4.46333,"November 03, 17",0.0
0,2017-11-02,4.53,4.53,4.45,4.48,4.343314,7748000.0,7748000.0,-0.05,-1.104,4.48667,"November 02, 17",-0.01104
0,2017-11-01,4.52,4.56,4.48,4.5,4.362704,10427000.0,10427000.0,-0.02,-0.442,4.51333,"November 01, 17",-0.00442
0,2017-10-31,4.54,4.54,4.51,4.53,4.391789,6507190.0,6507190.0,-0.01,-0.22,4.52667,"October 31, 17",-0.0022
0,2017-10-30,4.57,4.61,4.5,4.54,4.401484,6905000.0,6905000.0,-0.03,-0.656,4.55,"October 30, 17",-0.00656
0,2017-10-27,4.58,4.62,4.55,4.57,4.430568,6631924.0,6631924.0,-0.01,-0.218,4.58,"October 27, 17",-0.00218
0,2017-10-26,4.57,4.57,4.51,4.56,4.420873,13420597.0,13420597.0,-0.01,-0.219,4.54667,"October 26, 17",-0.00219
0,2017-10-25,4.62,4.63,4.53,4.55,4.411178,20101000.0,20101000.0,-0.07,-1.515,4.57,"October 25, 17",-0.01515
0,2017-10-24,4.68,4.69,4.55,4.57,4.430568,11453403.0,11453403.0,-0.11,-2.35,4.60333,"October 24, 17",-0.0235
0,2017-10-23,4.65,4.66,4.59,4.61,4.469347,8445000.0,8445000.0,-0.04,-0.86,4.62,"October 23, 17",-0.0086
0,2017-10-20,4.56,4.65,4.55,4.65,4.508127,8338466.0,8338466.0,0.09,1.974,4.61667,"October 20, 17",0.01974
0,2017-10-19,4.76,4.77,4.51,4.54,4.401484,29622999.0,29622999.0,-0.22,-4.622,4.60667,"October 19, 17",-0.04622
0,2017-10-18,4.79,4.81,4.71,4.75,4.605076,7562000.0,7562000.0,-0.04,-0.835,4.75667,"October 18, 17",-0.00835
0,2017-10-17,4.83,4.84,4.73,4.8,4.653551,10115840.0,10115840.0,-0.03,-0.621,4.79,"October 17, 17",-0.00621
0,2017-10-16,4.85,4.89,4.81,4.83,4.682635,8175000.0,8175000.0,-0.02,-0.412,4.84333,"October 16, 17",-0.00412
0,2017-10-13,4.83,4.89,4.79,4.84,4.69233,6731352.0,6731352.0,0.01,0.207,4.84,"October 13, 17",0.00207
0,2017-10-12,4.8,4.91,4.8,4.83,4.682635,9314000.0,9314000.0,0.03,0.625,4.84667,"October 12, 17",0.00625
0,2017-10-11,5.0,5.0,4.79,4.81,4.663245,16565746.0,16565746.0,-0.19,-3.8,4.86667,"October 11, 17",-0.038
0,2017-10-10,4.83,5.04,4.78,4.96,4.808669,32674000.0,32674000.0,0.13,2.692,4.92667,"October 10, 17",0.02692
0,2017-10-09,4.76,4.85,4.75,4.82,4.672941,10798221.0,10798221.0,0.06,1.261,4.80667,"October 09, 17",0.01261
0,2017-10-06,4.74,4.78,4.71,4.75,4.605076,4513601.0,4513601.0,0.01,0.211,4.74667,"October 06, 17",0.00211
0,2017-10-04,4.76,4.78,4.68,4.74,4.595381,4541000.0,4541000.0,-0.02,-0.42,4.73333,"October 04, 17",-0.0042
0,2017-10-03,4.75,4.78,4.72,4.73,4.585686,4115000.0,4115000.0,-0.02,-0.421,4.74333,"October 03, 17",-0.00421
0,2017-09-29,4.75,4.78,4.71,4.72,4.575991,3478153.0,3478153.0,-0.03,-0.632,4.73667,"September 29, 17",-0.00632
0,2017-09-28,4.89,4.89,4.73,4.74,4.595381,7654534.0,7654534.0,-0.15,-3.067,4.78667,"September 28, 17",-0.03067
0,2017-09-27,4.75,4.89,4.73,4.89,4.740805,13144000.0,13144000.0,0.14,2.947,4.83667,"September 27, 17",0.02947
0,2017-09-26,4.73,4.73,4.64,4.72,4.575991,8886093.0,8886093.0,-0.01,-0.211,4.69667,"September 26, 17",-0.00211
0,2017-09-25,4.75,4.84,4.7,4.7,4.556602,33482000.0,33482000.0,-0.05,-1.053,4.74667,"September 25, 17",-0.01053
0,2017-09-22,4.64,4.74,4.61,4.69,4.546907,14053469.0,14053469.0,0.05,1.078,4.68,"September 22, 17",0.01078
0,2017-09-21,4.73,4.75,4.64,4.66,4.517822,13167000.0,13167000.0,-0.07,-1.48,4.68333,"September 21, 17",-0.0148
0,2017-09-20,4.51,4.77,4.51,4.73,4.585686,37646018.0,37646018.0,0.22,4.878,4.67,"September 20, 17",0.04878
0,2017-09-19,4.52,4.54,4.5,4.52,4.382093,5763922.0,5763922.0,0.0,0.0,4.52,"September 19, 17",0.0
0,2017-09-18,4.54,4.56,4.52,4.54,4.401484,7815774.0,7815774.0,0.0,0.0,4.54,"September 18, 17",0.0
0,2017-09-15,4.53,4.57,4.52,4.52,4.382093,10460856.0,10460856.0,-0.01,-0.221,4.53667,"September 15, 17",-0.00221
0,2017-09-14,4.53,4.6,4.52,4.53,4.391789,6579000.0,6579000.0,0.0,0.0,4.55,"September 14, 17",0.0
0,2017-09-13,4.53,4.55,4.51,4.53,4.391789,5927104.0,5927104.0,0.0,0.0,4.53,"September 13, 17",0.0
0,2017-09-12,4.59,4.59,4.51,4.55,4.411178,7278799.0,7278799.0,-0.04,-0.871,4.55,"September 12, 17",-0.00871
0,2017-09-11,4.6,4.63,4.58,4.58,4.440262,3631000.0,3631000.0,-0.02,-0.435,4.59667,"September 11, 17",-0.00435
0,2017-09-08,4.52,4.63,4.52,4.6,4.459652,9254096.0,9254096.0,0.08,1.77,4.58333,"September 08, 17",0.0177
0,2017-09-07,4.56,4.56,4.52,4.52,4.382093,5720000.0,5720000.0,-0.04,-0.877,4.53333,"September 07, 17",-0.00877
0,2017-09-06,4.6,4.61,4.5,4.52,4.382093,7711844.0,7711844.0,-0.08,-1.739,4.54333,"September 06, 17",-0.01739
0,2017-09-05,4.63,4.63,4.54,4.55,4.411178,10270736.0,10270736.0,-0.08,-1.728,4.57333,"September 05, 17",-0.01728
0,2017-09-04,4.66,4.71,4.59,4.59,4.449958,5226511.0,5226511.0,-0.07,-1.502,4.63,"September 04, 17",-0.01502
0,2017-09-01,4.63,4.67,4.61,4.64,4.498432,5754000.0,5754000.0,0.01,0.216,4.64,"September 01, 17",0.00216
0,2017-08-31,4.6,4.65,4.59,4.63,4.488738,5487727.0,5487727.0,0.03,0.652,4.62333,"August 31, 17",0.00652
0,2017-08-30,4.65,4.67,4.58,4.6,4.459652,5818400.0,5818400.0,-0.05,-1.075,4.61667,"August 30, 17",-0.01075
0,2017-08-29,4.6,4.67,4.57,4.63,4.488738,5445966.0,5445966.0,0.03,0.652,4.62333,"August 29, 17",0.00652
0,2017-08-28,4.62,4.72,4.59,4.6,4.459652,10606966.0,10606966.0,-0.02,-0.433,4.63667,"August 28, 17",-0.00433
0,2017-08-25,4.58,4.63,4.56,4.62,4.479043,7518000.0,7518000.0,0.04,0.873,4.60333,"August 25, 17",0.00873
0,2017-08-24,4.6,4.63,4.56,4.58,4.440262,9735954.0,9735954.0,-0.02,-0.435,4.59,"August 24, 17",-0.00435
0,2017-08-23,4.56,4.56,4.56,4.56,4.420873,0.0,0.0,0.0,0.0,0.0,"August 23, 17",0.0
0,2017-08-22,4.59,4.65,4.55,4.56,4.420873,7492000.0,7492000.0,-0.03,-0.654,4.58667,"August 22, 17",-0.00654
0,2017-08-21,4.59,4.63,4.56,4.56,4.420873,8972000.0,8972000.0,-0.03,-0.654,4.58333,"August 21, 17",-0.00654
0,2017-08-18,4.63,4.67,4.58,4.58,4.440262,10926250.0,10926250.0,-0.05,-1.08,4.61,"August 18, 17",-0.0108
0,2017-08-17,4.64,4.72,4.6,4.62,4.479043,12040000.0,12040000.0,-0.02,-0.431,4.64667,"August 17, 17",-0.00431
0,2017-08-16,4.68,4.69,4.6,4.6,4.459652,11409946.0,11409946.0,-0.08,-1.709,4.63,"August 16, 17",-0.01709
0,2017-08-15,4.74,4.76,4.64,4.64,4.498432,10953000.0,10953000.0,-0.1,-2.11,4.68,"August 15, 17",-0.0211
0,2017-08-14,4.8,4.82,4.69,4.72,4.575991,8994681.0,8994681.0,-0.08,-1.667,4.74333,"August 14, 17",-0.01667
0,2017-08-11,4.8,4.92,4.74,4.74,4.595381,17942000.0,17942000.0,-0.06,-1.25,4.8,"August 11, 17",-0.0125
0,2017-08-10,4.93,5.08,4.9,4.91,4.760194,20606639.0,20606639.0,-0.02,-0.406,4.96333,"August 10, 17",-0.00406
0,2017-08-09,4.97,4.97,4.88,4.92,4.769889,9257202.0,9257202.0,-0.05,-1.006,4.92333,"August 09, 17",-0.01006
0,2017-08-08,4.96,4.99,4.87,4.92,4.769889,16935000.0,16935000.0,-0.04,-0.806,4.92667,"August 08, 17",-0.00806
0,2017-08-07,5.0,5.02,4.91,4.96,4.808669,14942000.0,14942000.0,-0.04,-0.8,4.96333,"August 07, 17",-0.008
0,2017-08-04,4.67,5.02,4.64,5.0,4.847448,52343021.0,52343021.0,0.33,7.066,4.88667,"August 04, 17",0.07066
0,2017-08-03,4.76,4.76,4.65,4.67,4.527517,12551000.0,12551000.0,-0.09,-1.891,4.69333,"August 03, 17",-0.01891
0,2017-08-02,4.73,4.8,4.71,4.76,4.614772,8352878.0,8352878.0,0.03,0.634,4.75667,"August 02, 17",0.00634
0,2017-08-01,4.79,4.82,4.76,4.77,4.624466,7934000.0,7934000.0,-0.02,-0.418,4.78333,"August 01, 17",-0.00418
0,2017-07-31,4.85,4.87,4.73,4.79,4.643856,8498449.0,8498449.0,-0.06,-1.237,4.79667,"July 31, 17",-0.01237
0,2017-07-28,4.88,4.88,4.79,4.82,4.672941,6839250.0,6839250.0,-0.06,-1.23,4.83,"July 28, 17",-0.0123
0,2017-07-27,4.91,4.93,4.84,4.88,4.73111,9733187.0,9733187.0,-0.03,-0.611,4.88333,"July 27, 17",-0.00611
0,2017-07-26,4.86,4.92,4.83,4.91,4.760194,17155250.0,17155250.0,0.05,1.029,4.88667,"July 26, 17",0.01029
0,2017-07-25,4.73,4.86,4.73,4.81,4.663245,12504159.0,12504159.0,0.08,1.691,4.8,"July 25, 17",0.01691
0,2017-07-24,4.8,4.82,4.72,4.75,4.605076,10531800.0,10531800.0,-0.05,-1.042,4.76333,"July 24, 17",-0.01042
0,2017-07-21,4.79,4.83,4.74,4.77,4.624466,6686468.0,6686468.0,-0.02,-0.418,4.78,"July 21, 17",-0.00418
0,2017-07-20,4.81,4.85,4.72,4.72,4.575991,9426131.0,9426131.0,-0.09,-1.871,4.76333,"July 20, 17",-0.01871
0,2017-07-19,4.65,4.81,4.62,4.81,4.663245,10021333.0,10021333.0,0.16,3.441,4.74667,"July 19, 17",0.03441
0,2017-07-18,4.68,4.7,4.62,4.65,4.508127,5905306.0,5905306.0,-0.03,-0.641,4.65667,"July 18, 17",-0.00641
0,2017-07-17,4.7,4.72,4.6,4.64,4.498432,9121300.0,9121300.0,-0.06,-1.277,4.65333,"July 17, 17",-0.01277
0,2017-07-14,4.7,4.79,4.65,4.68,4.537212,11856000.0,11856000.0,-0.02,-0.426,4.70667,"July 14, 17",-0.00426
0,2017-07-13,4.78,4.81,4.71,4.73,4.585686,8267000.0,8267000.0,-0.05,-1.046,4.75,"July 13, 17",-0.01046
0,2017-07-12,4.75,4.78,4.71,4.76,4.614772,5960950.0,5960950.0,0.01,0.211,4.75,"July 12, 17",0.00211
0,2017-07-11,4.82,4.83,4.7,4.73,4.585686,8352176.0,8352176.0,-0.09,-1.867,4.75333,"July 11, 17",-0.01867
0,2017-07-10,4.52,4.87,4.52,4.78,4.634161,28430088.0,28430088.0,0.26,5.752,4.72333,"July 10, 17",0.05752
0,2017-07-07,4.57,4.57,4.51,4.52,4.382093,3595000.0,3595000.0,-0.05,-1.094,4.53333,"July 07, 17",-0.01094
0,2017-07-06,4.57,4.62,4.52,4.58,4.440262,5343376.0,5343376.0,0.01,0.219,4.57333,"July 06, 17",0.00219
0,2017-07-05,4.52,4.57,4.51,4.56,4.420873,4234071.0,4234071.0,0.04,0.885,4.54667,"July 05, 17",0.00885
0,2017-07-04,4.56,4.6,4.51,4.52,4.382093,6920000.0,6920000.0,-0.04,-0.877,4.54333,"July 04, 17",-0.00877
0,2017-07-03,4.58,4.59,4.52,4.55,4.411178,9893000.0,9893000.0,-0.03,-0.655,4.55333,"July 03, 17",-0.00655
0,2017-06-30,4.65,4.65,4.57,4.58,4.440262,6454000.0,6454000.0,-0.07,-1.505,4.6,"June 30, 17",-0.01505
0,2017-06-29,4.64,4.68,4.62,4.65,4.508127,5091000.0,5091000.0,0.01,0.216,4.65,"June 29, 17",0.00216
0,2017-06-28,4.66,4.72,4.6,4.63,4.488738,5361063.0,5361063.0,-0.03,-0.644,4.65,"June 28, 17",-0.00644
0,2017-06-27,4.74,4.74,4.65,4.67,4.527517,3603000.0,3603000.0,-0.07,-1.477,4.68667,"June 27, 17",-0.01477
0,2017-06-26,4.66,4.73,4.66,4.71,4.566296,4724610.0,4724610.0,0.05,1.073,4.7,"June 26, 17",0.01073
0,2017-06-23,4.66,4.69,4.64,4.65,4.508127,2986354.0,2986354.0,-0.01,-0.215,4.66,"June 23, 17",-0.00215
0,2017-06-22,4.71,4.71,4.65,4.67,4.527517,5238800.0,5238800.0,-0.04,-0.849,4.67667,"June 22, 17",-0.00849
0,2017-06-21,4.72,4.75,4.66,4.69,4.546907,8111735.0,8111735.0,-0.03,-0.636,4.7,"June 21, 17",-0.00636
0,2017-06-20,4.73,4.74,4.69,4.73,4.585686,6019000.0,6019000.0,0.0,0.0,4.72,"June 20, 17",0.0
0,2017-06-19,4.63,4.71,4.62,4.71,4.566296,7452290.0,7452290.0,0.08,1.728,4.68,"June 19, 17",0.01728
0,2017-06-16,4.64,4.65,4.58,4.62,4.479043,7544000.0,7544000.0,-0.02,-0.431,4.61667,"June 16, 17",-0.00431
0,2017-06-15,4.6,4.63,4.58,4.63,4.488738,7741000.0,7741000.0,0.03,0.652,4.61333,"June 15, 17",0.00652
0,2017-06-14,4.64,4.65,4.58,4.6,4.459652,9524630.0,9524630.0,-0.04,-0.862,4.61,"June 14, 17",-0.00862
0,2017-06-13,4.68,4.68,4.6,4.62,4.479043,6541649.0,6541649.0,-0.06,-1.282,4.63333,"June 13, 17",-0.01282
0,2017-06-12,4.72,4.73,4.6,4.66,4.517822,9144000.0,9144000.0,-0.06,-1.271,4.66333,"June 12, 17",-0.01271
0,2017-06-09,4.78,4.8,4.68,4.71,4.566296,14529000.0,14529000.0,-0.07,-1.464,4.73,"June 09, 17",-0.01464
0,2017-06-08,4.83,4.83,4.75,4.77,4.624466,10494500.0,10494500.0,-0.06,-1.242,4.78333,"June 08, 17",-0.01242
0,2017-06-07,4.79,4.84,4.78,4.81,4.663245,12966000.0,12966000.0,0.02,0.418,4.81,"June 07, 17",0.00418
0,2017-06-06,4.82,4.84,4.77,4.78,4.634161,4876000.0,4876000.0,-0.04,-0.83,4.79667,"June 06, 17",-0.0083
0,2017-06-05,4.81,4.88,4.76,4.81,4.663245,6461550.0,6461550.0,0.0,0.0,4.81667,"June 05, 17",0.0
0,2017-06-02,4.82,4.82,4.78,4.82,4.672941,6762350.0,6762350.0,0.0,0.0,4.80667,"June 02, 17",0.0
0,2017-06-01,4.8,4.81,4.74,4.79,4.643856,8785000.0,8785000.0,-0.01,-0.208,4.78,"June 01, 17",-0.00208
0,2017-05-31,4.9,4.93,4.74,4.79,4.643856,16268941.0,16268941.0,-0.11,-2.245,4.82,"May 31, 17",-0.02245
0,2017-05-29,4.92,4.92,4.85,4.88,4.73111,3475218.0,3475218.0,-0.04,-0.813,4.88333,"May 29, 17",-0.00813
0,2017-05-26,4.9,4.95,4.88,4.92,4.769889,5192000.0,5192000.0,0.02,0.408,4.91667,"May 26, 17",0.00408
0,2017-05-25,4.85,4.9,4.83,4.9,4.7505,7002110.0,7002110.0,0.05,1.031,4.87667,"May 25, 17",0.01031
0,2017-05-24,4.9,4.92,4.77,4.87,4.721415,24129700.0,24129700.0,-0.03,-0.612,4.85333,"May 24, 17",-0.00612
0,2017-05-23,5.13,5.13,4.86,4.89,4.740805,26619947.0,26619947.0,-0.24,-4.678,4.96,"May 23, 17",-0.04678
0,2017-05-22,5.1,5.14,5.06,5.13,4.973482,8218000.0,8218000.0,0.03,0.588,5.11,"May 22, 17",0.00588
0,2017-05-19,5.11,5.11,5.05,5.07,4.893377,11110000.0,11110000.0,-0.04,-0.783,5.07667,"May 19, 17",-0.00783
0,2017-05-18,5.09,5.11,5.08,5.09,4.912681,6635422.0,6635422.0,0.0,0.0,5.09333,"May 18, 17",0.0
0,2017-05-17,5.15,5.15,5.05,5.14,4.960938,10370953.0,10370953.0,-0.01,-0.194,5.11333,"May 17, 17",-0.00194
0,2017-05-16,5.16,5.17,5.11,5.13,4.951287,8409000.0,8409000.0,-0.03,-0.581,5.13667,"May 16, 17",-0.00581
0,2017-05-15,5.12,5.18,5.1,5.16,4.980242,6911947.0,6911947.0,0.04,0.781,5.14667,"May 15, 17",0.00781
0,2017-05-12,5.14,5.14,5.06,5.08,4.903029,8581760.0,8581760.0,-0.06,-1.167,5.09333,"May 12, 17",-0.01167
0,2017-05-11,5.21,5.21,5.05,5.13,4.951287,10511000.0,10511000.0,-0.08,-1.536,5.13,"May 11, 17",-0.01536
0,2017-05-10,5.2,5.26,5.15,5.16,4.980242,12730586.0,12730586.0,-0.04,-0.769,5.19,"May 10, 17",-0.00769
0,2017-05-09,5.17,5.17,5.07,5.14,4.960938,10780696.0,10780696.0,-0.03,-0.58,5.12667,"May 09, 17",-0.0058
0,2017-05-08,5.19,5.19,5.1,5.16,4.980242,9788710.0,9788710.0,-0.03,-0.578,5.15,"May 08, 17",-0.00578
0,2017-05-05,5.21,5.23,5.14,5.17,4.989893,14602132.0,14602132.0,-0.04,-0.768,5.18,"May 05, 17",-0.00768
0,2017-05-04,5.2,5.21,5.12,5.2,5.018848,19841410.0,19841410.0,0.0,0.0,5.17667,"May 04, 17",0.0
0,2017-05-02,5.22,5.23,5.11,5.14,4.960938,17718000.0,17718000.0,-0.08,-1.533,5.16,"May 02, 17",-0.01533
0,2017-04-28,5.24,5.24,5.17,5.19,5.009197,8672794.0,8672794.0,-0.05,-0.954,5.2,"April 28, 17",-0.00954
0,2017-04-27,5.27,5.28,5.16,5.22,5.038151,13781306.0,13781306.0,-0.05,-0.949,5.22,"April 27, 17",-0.00949
0,2017-04-26,5.34,5.34,5.24,5.27,5.08641,9829001.0,9829001.0,-0.07,-1.311,5.28333,"April 26, 17",-0.01311
0,2017-04-25,5.26,5.33,5.25,5.33,5.14432,10776507.0,10776507.0,0.07,1.331,5.30333,"April 25, 17",0.01331
0,2017-04-24,5.28,5.31,5.21,5.25,5.067107,9363000.0,9363000.0,-0.03,-0.568,5.25667,"April 24, 17",-0.00568
0,2017-04-21,5.35,5.37,5.25,5.29,5.105713,8861137.0,8861137.0,-0.06,-1.121,5.30333,"April 21, 17",-0.01121
0,2017-04-20,5.31,5.35,5.25,5.32,5.134668,8999300.0,8999300.0,0.01,0.188,5.30667,"April 20, 17",0.00188
0,2017-04-19,5.34,5.34,5.24,5.3,5.115365,14169000.0,14169000.0,-0.04,-0.749,5.29333,"April 19, 17",-0.00749
0,2017-04-18,5.55,5.58,5.33,5.35,5.163623,13385000.0,13385000.0,-0.2,-3.604,5.42,"April 18, 17",-0.03604
0,2017-04-13,5.66,5.67,5.51,5.55,5.356656,11258800.0,11258800.0,-0.11,-1.943,5.57667,"April 13, 17",-0.01943
0,2017-04-12,5.66,5.73,5.61,5.66,5.462823,19299600.0,19299600.0,0.0,0.0,5.66667,"April 12, 17",0.0
0,2017-04-11,5.5,5.7,5.44,5.66,5.462823,32148522.0,32148522.0,0.16,2.909,5.6,"April 11, 17",0.02909
0,2017-04-10,5.52,5.55,5.45,5.52,5.327701,11602060.0,11602060.0,0.0,0.0,5.50667,"April 10, 17",0.0
0,2017-04-07,5.45,5.52,5.45,5.49,5.298746,15558441.0,15558441.0,0.04,0.734,5.48667,"April 07, 17",0.00734
0,2017-04-06,5.47,5.48,5.42,5.45,5.260139,7847807.0,7847807.0,-0.02,-0.366,5.45,"April 06, 17",-0.00366
0,2017-04-05,5.34,5.48,5.3,5.47,5.279442,16692000.0,16692000.0,0.13,2.434,5.41667,"April 05, 17",0.02434
0,2017-04-03,5.43,5.43,5.3,5.33,5.14432,13075190.0,13075190.0,-0.1,-1.842,5.35333,"April 03, 17",-0.01842
0,2017-03-31,5.4,5.41,5.32,5.39,5.202229,7579087.0,7579087.0,-0.01,-0.185,5.37333,"March 31, 17",-0.00185
0,2017-03-30,5.4,5.41,5.31,5.37,5.182926,6910980.0,6910980.0,-0.03,-0.556,5.36333,"March 30, 17",-0.00556
0,2017-03-29,5.45,5.45,5.35,5.4,5.211881,13797281.0,13797281.0,-0.05,-0.917,5.4,"March 29, 17",-0.00917
0,2017-03-28,5.28,5.42,5.28,5.42,5.231184,11145000.0,11145000.0,0.14,2.652,5.37333,"March 28, 17",0.02652
0,2017-03-27,5.34,5.4,5.26,5.29,5.105713,14610963.0,14610963.0,-0.05,-0.936,5.31667,"March 27, 17",-0.00936
0,2017-03-24,5.4,5.4,5.29,5.34,5.153972,18897620.0,18897620.0,-0.06,-1.111,5.34333,"March 24, 17",-0.01111
0,2017-03-23,5.27,5.46,5.27,5.36,5.173275,27202670.0,27202670.0,0.09,1.708,5.36333,"March 23, 17",0.01708
0,2017-03-22,5.34,5.35,5.23,5.27,5.08641,25342128.0,25342128.0,-0.07,-1.311,5.28333,"March 22, 17",-0.01311
0,2017-03-21,5.46,5.47,5.36,5.37,5.182926,19413088.0,19413088.0,-0.09,-1.648,5.4,"March 21, 17",-0.01648
0,2017-03-20,5.49,5.5,5.38,5.41,5.221532,20641000.0,20641000.0,-0.08,-1.457,5.43,"March 20, 17",-0.01457
0,2017-03-17,5.57,5.57,5.41,5.45,5.260139,17972242.0,17972242.0,-0.12,-2.154,5.47667,"March 17, 17",-0.02154
0,2017-03-16,5.49,5.55,5.47,5.55,5.356656,11800000.0,11800000.0,0.06,1.093,5.52333,"March 16, 17",0.01093
0,2017-03-15,5.52,5.55,5.44,5.47,5.279442,16998000.0,16998000.0,-0.05,-0.906,5.48667,"March 15, 17",-0.00906
0,2017-03-14,5.53,5.61,5.53,5.55,5.356656,8728600.0,8728600.0,0.02,0.362,5.56333,"March 14, 17",0.00362
0,2017-03-13,5.6,5.6,5.48,5.51,5.318049,17676132.0,17676132.0,-0.09,-1.607,5.53,"March 13, 17",-0.01607
0,2017-03-10,5.62,5.62,5.5,5.56,5.366307,7707520.0,7707520.0,-0.06,-1.068,5.56,"March 10, 17",-0.01068
0,2017-03-09,5.64,5.66,5.54,5.59,5.395262,7215000.0,7215000.0,-0.05,-0.887,5.59667,"March 09, 17",-0.00887
0,2017-03-08,5.68,5.74,5.63,5.64,5.44352,10653000.0,10653000.0,-0.04,-0.704,5.67,"March 08, 17",-0.00704
0,2017-03-07,5.67,5.71,5.62,5.65,5.453172,7366685.0,7366685.0,-0.02,-0.353,5.66,"March 07, 17",-0.00353
0,2017-03-06,5.73,5.74,5.64,5.67,5.472475,8004481.0,8004481.0,-0.06,-1.047,5.68333,"March 06, 17",-0.01047
0,2017-03-03,5.64,5.75,5.63,5.7,5.50143,8970871.0,8970871.0,0.06,1.064,5.69333,"March 03, 17",0.01064
0,2017-03-02,5.72,5.75,5.63,5.67,5.472475,8284800.0,8284800.0,-0.05,-0.874,5.68333,"March 02, 17",-0.00874
0,2017-03-01,5.69,5.75,5.67,5.69,5.491778,7059421.0,7059421.0,0.0,0.0,5.70333,"March 01, 17",0.0
0,2017-02-28,5.71,5.78,5.62,5.65,5.453172,12486460.0,12486460.0,-0.06,-1.051,5.68333,"February 28, 17",-0.01051
0,2017-02-27,5.62,5.71,5.61,5.65,5.453172,4781000.0,4781000.0,0.03,0.534,5.65667,"February 27, 17",0.00534
0,2017-02-24,5.7,5.71,5.61,5.63,5.433869,6228949.0,6228949.0,-0.07,-1.228,5.65,"February 24, 17",-0.01228
0,2017-02-23,5.74,5.77,5.67,5.67,5.472475,4504760.0,4504760.0,-0.07,-1.22,5.70333,"February 23, 17",-0.0122
0,2017-02-22,5.67,5.76,5.63,5.72,5.520733,12424132.0,12424132.0,0.05,0.882,5.70333,"February 22, 17",0.00882
0,2017-02-21,5.72,5.75,5.6,5.65,5.453172,10476756.0,10476756.0,-0.07,-1.224,5.66667,"February 21, 17",-0.01224
0,2017-02-20,5.67,5.75,5.67,5.72,5.520733,4495345.0,4495345.0,0.05,0.882,5.71333,"February 20, 17",0.00882
0,2017-02-17,5.75,5.79,5.67,5.67,5.472475,6609950.0,6609950.0,-0.08,-1.391,5.71,"February 17, 17",-0.01391
0,2017-02-16,5.82,5.86,5.7,5.74,5.540036,12199000.0,12199000.0,-0.08,-1.375,5.76667,"February 16, 17",-0.01375
0,2017-02-15,5.87,5.9,5.76,5.82,5.617249,10327362.0,10327362.0,-0.05,-0.852,5.82667,"February 15, 17",-0.00852
0,2017-02-14,5.98,6.0,5.84,5.85,5.646205,12448086.0,12448086.0,-0.13,-2.174,5.89667,"February 14, 17",-0.02174
0,2017-02-13,5.79,5.97,5.79,5.96,5.752372,15249085.0,15249085.0,0.17,2.936,5.90667,"February 13, 17",0.02936
0,2017-02-10,5.85,5.91,5.76,5.79,5.588295,7488000.0,7488000.0,-0.06,-1.026,5.82,"February 10, 17",-0.01026
0,2017-02-09,5.94,6.0,5.82,5.87,5.665508,13823494.0,13823494.0,-0.07,-1.178,5.89667,"February 09, 17",-0.01178
0,2017-02-08,5.74,5.93,5.7,5.92,5.713766,11995728.0,11995728.0,0.18,3.136,5.85,"February 08, 17",0.03136
0,2017-02-07,5.78,5.81,5.69,5.77,5.568992,8493000.0,8493000.0,-0.01,-0.173,5.75667,"February 07, 17",-0.00173
0,2017-02-06,5.69,5.8,5.65,5.78,5.578643,7539000.0,7539000.0,0.09,1.582,5.74333,"February 06, 17",0.01582
0,2017-02-03,5.68,5.77,5.63,5.72,5.520733,7757300.0,7757300.0,0.04,0.704,5.70667,"February 03, 17",0.00704
0,2017-02-02,5.68,5.69,5.59,5.61,5.414566,5171653.0,5171653.0,-0.07,-1.232,5.63,"February 02, 17",-0.01232
0,2017-02-01,5.69,5.71,5.64,5.7,5.50143,5157000.0,5157000.0,0.01,0.176,5.68333,"February 01, 17",0.00176
0,2017-01-27,5.78,5.78,5.72,5.72,5.520733,1870000.0,1870000.0,-0.06,-1.038,5.74,"January 27, 17",-0.01038
0,2017-01-26,5.74,5.85,5.73,5.78,5.578643,4197000.0,4197000.0,0.04,0.697,5.78667,"January 26, 17",0.00697
0,2017-01-25,5.84,5.84,5.71,5.74,5.540036,7551085.0,7551085.0,-0.1,-1.712,5.76333,"January 25, 17",-0.01712
0,2017-01-24,5.79,5.84,5.74,5.8,5.597947,6131531.0,6131531.0,0.01,0.173,5.79333,"January 24, 17",0.00173
0,2017-01-23,5.82,5.96,5.76,5.79,5.588295,15753000.0,15753000.0,-0.03,-0.515,5.83667,"January 23, 17",-0.00515
0,2017-01-20,5.71,5.86,5.71,5.76,5.55934,7361437.0,7361437.0,0.05,0.876,5.77667,"January 20, 17",0.00876
0,2017-01-19,5.8,5.85,5.71,5.76,5.55934,8716362.0,8716362.0,-0.04,-0.69,5.77333,"January 19, 17",-0.0069
0,2017-01-18,5.84,5.91,5.79,5.81,5.607598,10554000.0,10554000.0,-0.03,-0.514,5.83667,"January 18, 17",-0.00514
0,2017-01-17,5.57,5.86,5.53,5.86,5.655857,17790536.0,17790536.0,0.29,5.206,5.75,"January 17, 17",0.05206
0,2017-01-16,5.67,5.68,5.51,5.56,5.366307,8463000.0,8463000.0,-0.11,-1.94,5.58333,"January 16, 17",-0.0194
0,2017-01-13,5.78,5.78,5.63,5.68,5.482127,12123760.0,12123760.0,-0.1,-1.73,5.69667,"January 13, 17",-0.0173
0,2017-01-12,5.6,5.88,5.59,5.74,5.540036,42043202.0,42043202.0,0.14,2.5,5.73667,"January 12, 17",0.025
0,2017-01-11,5.43,5.6,5.41,5.55,5.356656,20925284.0,20925284.0,0.12,2.21,5.52,"January 11, 17",0.0221
0,2017-01-10,5.36,5.44,5.35,5.41,5.221532,12504127.0,12504127.0,0.05,0.933,5.4,"January 10, 17",0.00933
0,2017-01-09,5.32,5.43,5.29,5.35,5.163623,6407000.0,6407000.0,0.03,0.564,5.35667,"January 09, 17",0.00564
0,2017-01-06,5.31,5.36,5.27,5.31,5.125016,2410619.0,2410619.0,0.0,0.0,5.31333,"January 06, 17",0.0
0,2017-01-05,5.33,5.34,5.18,5.29,5.105713,8647162.0,8647162.0,-0.04,-0.75,5.27,"January 05, 17",-0.0075
0,2017-01-04,5.38,5.38,5.3,5.33,5.14432,4900854.0,4900854.0,-0.05,-0.929,5.33667,"January 04, 17",-0.00929
0,2017-01-03,5.34,5.39,5.27,5.34,5.153972,5359000.0,5359000.0,0.0,0.0,5.33333,"January 03, 17",0.0
0,2016-12-30,5.27,5.34,5.27,5.34,5.153972,2472000.0,2472000.0,0.07,1.328,5.31667,"December 30, 16",0.01328
0,2016-12-29,5.23,5.3,5.23,5.29,5.105713,2306438.0,2306438.0,0.06,1.147,5.27333,"December 29, 16",0.01147
0,2016-12-28,5.19,5.31,5.18,5.25,5.067107,4052870.0,4052870.0,0.06,1.156,5.24667,"December 28, 16",0.01156
0,2016-12-23,5.2,5.24,5.15,5.2,5.018848,4205100.0,4205100.0,0.0,0.0,5.19667,"December 23, 16",0.0
0,2016-12-22,5.26,5.26,5.15,5.22,5.038151,3424696.0,3424696.0,-0.04,-0.76,5.21,"December 22, 16",-0.0076
0,2016-12-21,5.22,5.26,5.22,5.25,5.067107,2809000.0,2809000.0,0.03,0.575,5.24333,"December 21, 16",0.00575
0,2016-12-20,5.19,5.26,5.18,5.22,5.038151,5282180.0,5282180.0,0.03,0.578,5.22,"December 20, 16",0.00578
0,2016-12-19,5.2,5.27,5.15,5.18,4.999545,5225001.0,5225001.0,-0.02,-0.385,5.2,"December 19, 16",-0.00385
0,2016-12-16,5.17,5.26,5.11,5.2,5.018848,4200067.0,4200067.0,0.03,0.58,5.19,"December 16, 16",0.0058
0,2016-12-15,5.17,5.27,5.13,5.16,4.980242,5527000.0,5527000.0,-0.01,-0.193,5.18667,"December 15, 16",-0.00193
0,2016-12-14,5.3,5.32,5.18,5.19,5.009197,5162320.0,5162320.0,-0.11,-2.075,5.23,"December 14, 16",-0.02075
0,2016-12-13,5.23,5.32,5.18,5.29,5.105713,3688531.0,3688531.0,0.06,1.147,5.26333,"December 13, 16",0.01147
0,2016-12-12,5.36,5.38,5.15,5.19,5.009197,7426000.0,7426000.0,-0.17,-3.172,5.24,"December 12, 16",-0.03172
0,2016-12-09,5.42,5.43,5.27,5.31,5.125016,7113184.0,7113184.0,-0.11,-2.03,5.33667,"December 09, 16",-0.0203
0,2016-12-08,5.44,5.46,5.4,5.44,5.250487,7438980.0,7438980.0,0.0,0.0,5.43333,"December 08, 16",0.0
0,2016-12-07,5.42,5.45,5.38,5.41,5.221532,3902000.0,3902000.0,-0.01,-0.185,5.41333,"December 07, 16",-0.00185
0,2016-12-06,5.39,5.43,5.31,5.4,5.211881,3079000.0,3079000.0,0.01,0.186,5.38,"December 06, 16",0.00186
0,2016-12-05,5.38,5.47,5.32,5.36,5.173275,7027847.0,7027847.0,-0.02,-0.372,5.38333,"December 05, 16",-0.00372
0,2016-12-02,5.4,5.45,5.34,5.36,5.173275,5099000.0,5099000.0,-0.04,-0.741,5.38333,"December 02, 16",-0.00741
0,2016-12-01,5.43,5.47,5.38,5.41,5.221532,4530854.0,4530854.0,-0.02,-0.368,5.42,"December 01, 16",-0.00368
0,2016-11-30,5.49,5.52,5.32,5.37,5.182926,9731717.0,9731717.0,-0.12,-2.186,5.40333,"November 30, 16",-0.02186
0,2016-11-29,5.43,5.59,5.43,5.49,5.298746,10569955.0,10569955.0,0.06,1.105,5.50333,"November 29, 16",0.01105
0,2016-11-28,5.47,5.52,5.4,5.5,5.308397,8659700.0,8659700.0,0.03,0.548,5.47333,"November 28, 16",0.00548
0,2016-11-25,5.46,5.46,5.4,5.45,5.260139,3686000.0,3686000.0,-0.01,-0.183,5.43667,"November 25, 16",-0.00183
0,2016-11-24,5.45,5.47,5.36,5.43,5.240836,4388000.0,4388000.0,-0.02,-0.367,5.42,"November 24, 16",-0.00367
0,2016-11-23,5.43,5.47,5.4,5.45,5.260139,3125413.0,3125413.0,0.02,0.368,5.44,"November 23, 16",0.00368
0,2016-11-22,5.32,5.48,5.32,5.45,5.260139,8375000.0,8375000.0,0.13,2.444,5.41667,"November 22, 16",0.02444
0,2016-11-21,5.37,5.37,5.27,5.35,5.163623,3482296.0,3482296.0,-0.02,-0.372,5.33,"November 21, 16",-0.00372
0,2016-11-18,5.34,5.37,5.25,5.35,5.163623,4884110.0,4884110.0,0.01,0.187,5.32333,"November 18, 16",0.00187
0,2016-11-17,5.26,5.31,5.24,5.31,5.125016,3279300.0,3279300.0,0.05,0.951,5.28667,"November 17, 16",0.00951
0,2016-11-16,5.27,5.3,5.22,5.26,5.076758,6041000.0,6041000.0,-0.01,-0.19,5.26,"November 16, 16",-0.0019
0,2016-11-15,5.3,5.36,5.24,5.25,5.067107,5876000.0,5876000.0,-0.05,-0.943,5.28333,"November 15, 16",-0.00943
0,2016-11-14,5.35,5.41,5.28,5.32,5.134668,4760000.0,4760000.0,-0.03,-0.561,5.33667,"November 14, 16",-0.00561
0,2016-11-11,5.47,5.47,5.31,5.38,5.192578,6607793.0,6607793.0,-0.09,-1.645,5.38667,"November 11, 16",-0.01645
0,2016-11-10,5.36,5.48,5.35,5.42,5.231184,12461000.0,12461000.0,0.06,1.119,5.41667,"November 10, 16",0.01119
0,2016-11-09,5.3,5.3,5.13,5.28,5.096062,6347113.0,6347113.0,-0.02,-0.377,5.23667,"November 09, 16",-0.00377
0,2016-11-08,5.29,5.31,5.21,5.3,5.115365,4417000.0,4417000.0,0.01,0.189,5.27333,"November 08, 16",0.00189
0,2016-11-07,5.18,5.29,5.15,5.26,5.076758,5148000.0,5148000.0,0.08,1.544,5.23333,"November 07, 16",0.01544
0,2016-11-04,5.13,5.19,5.13,5.17,4.989893,4726840.0,4726840.0,0.04,0.78,5.16333,"November 04, 16",0.0078
0,2016-11-03,5.1,5.18,5.1,5.12,4.941636,5194655.0,5194655.0,0.02,0.392,5.13333,"November 03, 16",0.00392
0,2016-11-02,5.24,5.24,5.06,5.09,4.912681,8476537.0,8476537.0,-0.15,-2.863,5.13,"November 02, 16",-0.02863
0,2016-11-01,5.29,5.29,5.22,5.24,5.057454,5499000.0,5499000.0,-0.05,-0.945,5.25,"November 01, 16",-0.00945
0,2016-10-31,5.28,5.31,5.25,5.27,5.08641,5216400.0,5216400.0,-0.01,-0.189,5.27667,"October 31, 16",-0.00189
0,2016-10-28,5.28,5.34,5.26,5.29,5.105713,3632086.0,3632086.0,0.01,0.189,5.29667,"October 28, 16",0.00189
0,2016-10-27,5.31,5.32,5.26,5.27,5.08641,3688823.0,3688823.0,-0.04,-0.753,5.28333,"October 27, 16",-0.00753
0,2016-10-26,5.33,5.34,5.27,5.32,5.134668,5238000.0,5238000.0,-0.01,-0.188,5.31,"October 26, 16",-0.00188
0,2016-10-25,5.35,5.35,5.27,5.32,5.134668,4490000.0,4490000.0,-0.03,-0.561,5.31333,"October 25, 16",-0.00561
0,2016-10-24,5.38,5.38,5.26,5.33,5.14432,5862000.0,5862000.0,-0.05,-0.929,5.32333,"October 24, 16",-0.00929
0,2016-10-21,5.35,5.35,5.35,5.35,5.163623,0.0,0.0,0.0,0.0,0.0,"October 21, 16",0.0
0,2016-10-20,5.35,5.38,5.31,5.35,5.163623,2696325.0,2696325.0,0.0,0.0,5.34667,"October 20, 16",0.0
0,2016-10-19,5.35,5.36,5.3,5.31,5.125016,4477000.0,4477000.0,-0.04,-0.748,5.32333,"October 19, 16",-0.00748
0,2016-10-18,5.27,5.35,5.25,5.34,5.153972,6393802.0,6393802.0,0.07,1.328,5.31333,"October 18, 16",0.01328
0,2016-10-17,5.32,5.32,5.24,5.24,5.057454,6713000.0,6713000.0,-0.08,-1.504,5.26667,"October 17, 16",-0.01504
0,2016-10-14,5.36,5.36,5.26,5.26,5.076758,7356000.0,7356000.0,-0.1,-1.866,5.29333,"October 14, 16",-0.01866
0,2016-10-13,5.37,5.37,5.29,5.34,5.153972,5261000.0,5261000.0,-0.03,-0.559,5.33333,"October 13, 16",-0.00559
0,2016-10-12,5.49,5.49,5.33,5.41,5.221532,6643000.0,6643000.0,-0.08,-1.457,5.41,"October 12, 16",-0.01457
0,2016-10-11,5.45,5.54,5.44,5.49,5.298746,4939000.0,4939000.0,0.04,0.734,5.49,"October 11, 16",0.00734
0,2016-10-07,5.54,5.54,5.44,5.49,5.298746,3019000.0,3019000.0,-0.05,-0.903,5.49,"October 07, 16",-0.00903
0,2016-10-06,5.43,5.52,5.38,5.52,5.327701,6108090.0,6108090.0,0.09,1.657,5.47333,"October 06, 16",0.01657
0,2016-10-05,5.31,5.42,5.26,5.4,5.211881,4587603.0,4587603.0,0.09,1.695,5.36,"October 05, 16",0.01695
0,2016-10-04,5.24,5.31,5.24,5.3,5.115365,3747000.0,3747000.0,0.06,1.145,5.28333,"October 04, 16",0.01145
0,2016-10-03,5.29,5.32,5.24,5.26,5.076758,3741000.0,3741000.0,-0.03,-0.567,5.27333,"October 03, 16",-0.00567
0,2016-09-30,5.28,5.32,5.21,5.22,5.038151,6422668.0,6422668.0,-0.06,-1.136,5.25,"September 30, 16",-0.01136
0,2016-09-29,5.35,5.35,5.28,5.33,5.14432,3363000.0,3363000.0,-0.02,-0.374,5.32,"September 29, 16",-0.00374
0,2016-09-28,5.33,5.36,5.26,5.3,5.115365,4779334.0,4779334.0,-0.03,-0.563,5.30667,"September 28, 16",-0.00563
0,2016-09-27,5.32,5.35,5.27,5.33,5.14432,5520441.0,5520441.0,0.01,0.188,5.31667,"September 27, 16",0.00188
0,2016-09-26,5.38,5.45,5.26,5.29,5.105713,8847000.0,8847000.0,-0.09,-1.673,5.33333,"September 26, 16",-0.01673
0,2016-09-23,5.49,5.52,5.4,5.41,5.221532,3242000.0,3242000.0,-0.08,-1.457,5.44333,"September 23, 16",-0.01457
0,2016-09-22,5.47,5.56,5.45,5.49,5.298746,7004335.0,7004335.0,0.02,0.366,5.5,"September 22, 16",0.00366
0,2016-09-21,5.43,5.46,5.35,5.43,5.240836,14804600.0,14804600.0,0.0,0.0,5.41333,"September 21, 16",0.0
0,2016-09-20,5.57,5.61,5.43,5.43,5.240836,11444428.0,11444428.0,-0.14,-2.513,5.49,"September 20, 16",-0.02513
0,2016-09-19,5.57,5.65,5.53,5.6,5.404914,9023000.0,9023000.0,0.03,0.539,5.59333,"September 19, 16",0.00539
0,2016-09-15,5.54,5.63,5.52,5.57,5.375959,5083000.0,5083000.0,0.03,0.542,5.57333,"September 15, 16",0.00542
0,2016-09-14,5.59,5.59,5.52,5.56,5.366307,5505000.0,5505000.0,-0.03,-0.537,5.55667,"September 14, 16",-0.00537
0,2016-09-13,5.63,5.67,5.57,5.59,5.395262,5756000.0,5756000.0,-0.04,-0.71,5.61,"September 13, 16",-0.0071
0,2016-09-12,5.76,5.76,5.57,5.59,5.395262,15038441.0,15038441.0,-0.17,-2.951,5.64,"September 12, 16",-0.02951
0,2016-09-09,5.79,5.96,5.79,5.83,5.626901,21233000.0,21233000.0,0.04,0.691,5.86,"September 09, 16",0.00691
0,2016-09-08,5.89,5.89,5.76,5.78,5.578643,8705100.0,8705100.0,-0.11,-1.868,5.81,"September 08, 16",-0.01868
0,2016-09-07,5.92,5.98,5.8,5.83,5.626901,14485290.0,14485290.0,-0.09,-1.52,5.87,"September 07, 16",-0.0152
0,2016-09-06,5.65,5.88,5.63,5.84,5.636553,21971503.0,21971503.0,0.19,3.363,5.78333,"September 06, 16",0.03363
0,2016-09-05,5.65,5.67,5.59,5.61,5.414566,6389281.0,6389281.0,-0.04,-0.708,5.62333,"September 05, 16",-0.00708
0,2016-09-02,5.67,5.67,5.58,5.59,5.395262,4644195.0,4644195.0,-0.08,-1.411,5.61333,"September 02, 16",-0.01411
0,2016-09-01,5.69,5.69,5.61,5.61,5.414566,4203159.0,4203159.0,-0.08,-1.406,5.63667,"September 01, 16",-0.01406
0,2016-08-31,5.68,5.7,5.57,5.7,5.50143,13854713.0,13854713.0,0.02,0.352,5.65667,"August 31, 16",0.00352
0,2016-08-30,5.66,5.71,5.62,5.68,5.482127,7177310.0,7177310.0,0.02,0.353,5.67,"August 30, 16",0.00353
0,2016-08-29,5.69,5.74,5.59,5.64,5.44352,11309988.0,11309988.0,-0.05,-0.879,5.65667,"August 29, 16",-0.00879
0,2016-08-26,5.6,5.65,5.51,5.56,5.366307,8188000.0,8188000.0,-0.04,-0.714,5.57333,"August 26, 16",-0.00714
0,2016-08-25,5.86,5.88,5.6,5.61,5.414566,16207000.0,16207000.0,-0.25,-4.266,5.69667,"August 25, 16",-0.04266
0,2016-08-24,5.9,5.9,5.79,5.89,5.684811,5436300.0,5436300.0,-0.01,-0.169,5.86,"August 24, 16",-0.00169
0,2016-08-23,5.87,5.95,5.83,5.85,5.646205,5806000.0,5806000.0,-0.02,-0.341,5.87667,"August 23, 16",-0.00341
0,2016-08-22,5.85,5.89,5.77,5.89,5.684811,8507932.0,8507932.0,0.04,0.684,5.85,"August 22, 16",0.00684
0,2016-08-19,5.86,5.88,5.78,5.85,5.646205,4358001.0,4358001.0,-0.01,-0.171,5.83667,"August 19, 16",-0.00171
0,2016-08-18,5.81,5.9,5.75,5.9,5.694462,9711000.0,9711000.0,0.09,1.549,5.85,"August 18, 16",0.01549
0,2016-08-17,5.9,5.92,5.75,5.8,5.597947,7995000.0,7995000.0,-0.1,-1.695,5.82333,"August 17, 16",-0.01695
0,2016-08-16,5.97,6.0,5.84,5.9,5.694462,6113000.0,6113000.0,-0.07,-1.173,5.91333,"August 16, 16",-0.01173
0,2016-08-15,6.0,6.05,5.9,5.91,5.704114,7635000.0,7635000.0,-0.09,-1.5,5.95333,"August 15, 16",-0.015
0,2016-08-12,5.99,6.0,5.9,6.0,5.790979,14092714.0,14092714.0,0.01,0.167,5.96667,"August 12, 16",0.00167
0,2016-08-11,5.99,6.01,5.91,5.94,5.733069,11280000.0,11280000.0,-0.05,-0.835,5.95333,"August 11, 16",-0.00835
0,2016-08-10,5.89,5.98,5.84,5.98,5.771676,21414000.0,21414000.0,0.09,1.528,5.93333,"August 10, 16",0.01528
0,2016-08-09,5.84,5.85,5.79,5.83,5.626901,7620000.0,7620000.0,-0.01,-0.171,5.82333,"August 09, 16",-0.00171
0,2016-08-08,5.69,5.83,5.62,5.83,5.626901,8447000.0,8447000.0,0.14,2.46,5.76,"August 08, 16",0.0246
0,2016-08-05,5.68,5.72,5.6,5.66,5.462823,4613700.0,4613700.0,-0.02,-0.352,5.66,"August 05, 16",-0.00352
0,2016-08-04,5.63,5.69,5.57,5.67,5.472475,6069650.0,6069650.0,0.04,0.71,5.64333,"August 04, 16",0.0071
0,2016-08-03,5.7,5.7,5.61,5.61,5.414566,4251000.0,4251000.0,-0.09,-1.579,5.64,"August 03, 16",-0.01579
0,2016-08-02,5.74,5.74,5.74,5.74,5.540036,0.0,0.0,0.0,0.0,0.0,"August 02, 16",0.0
0,2016-08-01,5.74,5.78,5.68,5.74,5.540036,3161000.0,3161000.0,0.0,0.0,5.73333,"August 01, 16",0.0
0,2016-07-29,5.84,5.84,5.66,5.68,5.482127,6215400.0,6215400.0,-0.16,-2.74,5.72667,"July 29, 16",-0.0274
0,2016-07-28,5.77,5.8,5.68,5.8,5.597947,6319000.0,6319000.0,0.03,0.52,5.76,"July 28, 16",0.0052
0,2016-07-27,5.83,5.83,5.65,5.71,5.511081,7942011.0,7942011.0,-0.12,-2.058,5.73,"July 27, 16",-0.02058
0,2016-07-26,5.67,5.84,5.66,5.78,5.578643,11683075.0,11683075.0,0.11,1.94,5.76,"July 26, 16",0.0194
0,2016-07-25,5.66,5.66,5.59,5.66,5.462823,4984757.0,4984757.0,0.0,0.0,5.63667,"July 25, 16",0.0
0,2016-07-22,5.61,5.65,5.55,5.62,5.424218,4983800.0,4983800.0,0.01,0.178,5.60667,"July 22, 16",0.00178
0,2016-07-21,5.59,5.65,5.59,5.62,5.424218,9064013.0,9064013.0,0.03,0.537,5.62,"July 21, 16",0.00537
0,2016-07-20,5.55,5.65,5.51,5.62,5.424218,5578000.0,5578000.0,0.07,1.261,5.59333,"July 20, 16",0.01261
0,2016-07-19,5.65,5.66,5.53,5.57,5.375959,7150753.0,7150753.0,-0.08,-1.416,5.58667,"July 19, 16",-0.01416
0,2016-07-18,5.78,5.79,5.63,5.64,5.44352,9630909.0,9630909.0,-0.14,-2.422,5.68667,"July 18, 16",-0.02422
0,2016-07-15,5.89,5.89,5.77,5.81,5.607598,10358736.0,10358736.0,-0.08,-1.358,5.82333,"July 15, 16",-0.01358
0,2016-07-14,5.85,5.86,5.78,5.85,5.646205,6251283.0,6251283.0,0.0,0.0,5.83,"July 14, 16",0.0
0,2016-07-13,5.88,5.97,5.78,5.87,5.665508,17687000.0,17687000.0,-0.01,-0.17,5.87333,"July 13, 16",-0.0017
0,2016-07-12,5.75,5.85,5.64,5.85,5.646205,13465524.0,13465524.0,0.1,1.739,5.78,"July 12, 16",0.01739
0,2016-07-11,5.6,5.73,5.55,5.72,5.520733,10954920.0,10954920.0,0.12,2.143,5.66667,"July 11, 16",0.02143
0,2016-07-08,5.43,5.57,5.43,5.56,5.366307,5511836.0,5511836.0,0.13,2.394,5.52,"July 08, 16",0.02394
0,2016-07-07,5.54,5.55,5.43,5.5,5.308397,6580700.0,6580700.0,-0.04,-0.722,5.49333,"July 07, 16",-0.00722
0,2016-07-06,5.44,5.52,5.34,5.51,5.318049,6580000.0,6580000.0,0.07,1.287,5.45667,"July 06, 16",0.01287
0,2016-07-05,5.51,5.59,5.43,5.46,5.269791,8087000.0,8087000.0,-0.05,-0.907,5.49333,"July 05, 16",-0.00907
0,2016-07-04,5.4,5.55,5.39,5.51,5.318049,12055000.0,12055000.0,0.11,2.037,5.48333,"July 04, 16",0.02037
0,2016-06-30,5.27,5.38,5.27,5.37,5.182926,6128178.0,6128178.0,0.1,1.898,5.34,"June 30, 16",0.01898
0,2016-06-29,5.24,5.35,5.14,5.27,5.08641,6427000.0,6427000.0,0.03,0.573,5.25333,"June 29, 16",0.00573
0,2016-06-28,5.06,5.23,5.06,5.21,5.0285,9611643.0,9611643.0,0.15,2.964,5.16667,"June 28, 16",0.02964
0,2016-06-27,5.05,5.18,5.05,5.11,4.931984,8851459.0,8851459.0,0.06,1.188,5.11333,"June 27, 16",0.01188
0,2016-06-24,5.23,5.28,5.04,5.14,4.960938,12078000.0,12078000.0,-0.09,-1.721,5.15333,"June 24, 16",-0.01721
0,2016-06-23,5.28,5.33,5.25,5.29,5.105713,2973002.0,2973002.0,0.01,0.189,5.29,"June 23, 16",0.00189
0,2016-06-22,5.26,5.31,5.2,5.29,5.105713,2969000.0,2969000.0,0.03,0.57,5.26667,"June 22, 16",0.0057
0,2016-06-21,5.25,5.32,5.23,5.26,5.076758,4822000.0,4822000.0,0.01,0.19,5.27,"June 21, 16",0.0019
0,2016-06-20,5.24,5.24,5.19,5.2,5.018848,5236000.0,5236000.0,-0.04,-0.763,5.21,"June 20, 16",-0.00763
0,2016-06-17,5.3,5.34,5.16,5.19,5.009197,6318940.0,6318940.0,-0.11,-2.075,5.23,"June 17, 16",-0.02075
0,2016-06-16,5.15,5.26,5.14,5.22,5.038151,8375309.0,8375309.0,0.07,1.359,5.20667,"June 16, 16",0.01359
0,2016-06-15,5.1,5.24,5.09,5.2,4.996003,8177757.0,8177757.0,0.1,1.961,5.17667,"June 15, 16",0.01961
0,2016-06-14,5.21,5.22,5.12,5.13,4.928749,7247100.0,7247100.0,-0.08,-1.536,5.15667,"June 14, 16",-0.01536
0,2016-06-13,5.29,5.29,5.19,5.22,5.015218,6054000.0,6054000.0,-0.07,-1.323,5.23333,"June 13, 16",-0.01323
0,2016-06-10,5.4,5.4,5.29,5.31,5.101687,5469000.0,5469000.0,-0.09,-1.667,5.33333,"June 10, 16",-0.01667
0,2016-06-08,5.5,5.5,5.4,5.43,5.21698,3353000.0,3353000.0,-0.07,-1.273,5.44333,"June 08, 16",-0.01273
0,2016-06-07,5.44,5.5,5.41,5.48,5.265018,7444000.0,7444000.0,0.04,0.735,5.46333,"June 07, 16",0.00735
0,2016-06-06,5.43,5.49,5.35,5.4,5.188157,4819000.0,4819000.0,-0.03,-0.552,5.41333,"June 06, 16",-0.00552
0,2016-06-03,5.51,5.51,5.41,5.46,5.245803,4973801.0,4973801.0,-0.05,-0.907,5.46,"June 03, 16",-0.00907
0,2016-06-02,5.51,5.51,5.44,5.49,5.274626,5133000.0,5133000.0,-0.02,-0.363,5.48,"June 02, 16",-0.00363
0,2016-06-01,5.5,5.5,5.44,5.47,5.25541,8508000.0,8508000.0,-0.03,-0.545,5.47,"June 01, 16",-0.00545
0,2016-05-31,5.4,5.49,5.37,5.46,5.226587,11687418.0,11687418.0,0.06,1.111,5.44,"May 31, 16",0.01111
0,2016-05-30,5.4,5.41,5.31,5.41,5.178725,6593480.0,6593480.0,0.01,0.185,5.37667,"May 30, 16",0.00185
0,2016-05-27,5.39,5.42,5.33,5.42,5.188298,3248000.0,3248000.0,0.03,0.557,5.39,"May 27, 16",0.00557
0,2016-05-26,5.44,5.44,5.36,5.37,5.140434,3509565.0,3509565.0,-0.07,-1.287,5.39,"May 26, 16",-0.01287
0,2016-05-25,5.44,5.48,5.35,5.43,5.19787,9205339.0,9205339.0,-0.01,-0.184,5.42,"May 25, 16",-0.00184
0,2016-05-24,5.31,5.39,5.26,5.38,5.150008,9579000.0,9579000.0,0.07,1.318,5.34333,"May 24, 16",0.01318
0,2016-05-23,5.3,5.34,5.22,5.25,5.025565,5105000.0,5105000.0,-0.05,-0.943,5.27,"May 23, 16",-0.00943
0,2016-05-20,5.26,5.35,5.22,5.26,5.035138,5966679.0,5966679.0,0.0,0.0,5.27667,"May 20, 16",0.0
0,2016-05-19,5.23,5.35,5.21,5.26,5.035138,10414500.0,10414500.0,0.03,0.574,5.27333,"May 19, 16",0.00574
0,2016-05-18,5.13,5.24,5.11,5.19,4.968131,8253838.0,8253838.0,0.06,1.17,5.18,"May 18, 16",0.0117
0,2016-05-17,5.16,5.21,5.12,5.18,4.958558,7424475.0,7424475.0,0.02,0.388,5.17,"May 17, 16",0.00388
0,2016-05-16,5.06,5.2,5.05,5.15,4.92984,7155570.0,7155570.0,0.09,1.779,5.13333,"May 16, 16",0.01779
0,2016-05-13,5.24,5.24,5.06,5.09,4.872405,7301000.0,7301000.0,-0.15,-2.863,5.13,"May 13, 16",-0.02863
0,2016-05-12,5.15,5.22,5.14,5.19,4.968131,3057000.0,3057000.0,0.04,0.777,5.18333,"May 12, 16",0.00777
0,2016-05-11,5.27,5.29,5.2,5.22,4.996848,4715847.0,4715847.0,-0.05,-0.949,5.23667,"May 11, 16",-0.00949
0,2016-05-10,5.11,5.28,5.11,5.23,5.00642,7081000.0,7081000.0,0.12,2.348,5.20667,"May 10, 16",0.02348
0,2016-05-09,5.3,5.31,5.16,5.18,4.958558,5233000.0,5233000.0,-0.12,-2.264,5.21667,"May 09, 16",-0.02264
0,2016-05-06,5.43,5.47,5.23,5.26,5.035138,8325000.0,8325000.0,-0.17,-3.131,5.32,"May 06, 16",-0.03131
0,2016-05-05,5.31,5.48,5.31,5.42,5.188298,13485000.0,13485000.0,0.11,2.072,5.40333,"May 05, 16",0.02072
0,2016-05-04,5.28,5.3,5.18,5.26,5.035138,10138202.0,10138202.0,-0.02,-0.379,5.24667,"May 04, 16",-0.00379
0,2016-05-03,5.47,5.48,5.26,5.28,5.054283,10313000.0,10313000.0,-0.19,-3.473,5.34,"May 03, 16",-0.03473
0,2016-04-29,5.5,5.5,5.37,5.44,5.207442,4326500.0,4326500.0,-0.06,-1.091,5.43667,"April 29, 16",-0.01091
0,2016-04-28,5.52,5.57,5.42,5.45,5.217015,6903000.0,6903000.0,-0.07,-1.268,5.48,"April 28, 16",-0.01268
0,2016-04-27,5.52,5.54,5.43,5.46,5.226587,5341300.0,5341300.0,-0.06,-1.087,5.47667,"April 27, 16",-0.01087
0,2016-04-26,5.6,5.63,5.36,5.56,5.322312,14018564.0,14018564.0,-0.04,-0.714,5.51667,"April 26, 16",-0.00714
0,2016-04-25,5.89,5.89,5.53,5.57,5.331885,14920000.0,14920000.0,-0.32,-5.433,5.66333,"April 25, 16",-0.05433
0,2016-04-22,5.85,5.91,5.78,5.87,5.61906,7272428.0,7272428.0,0.02,0.342,5.85333,"April 22, 16",0.00342
0,2016-04-21,6.0,6.04,5.88,5.92,5.666923,7749275.0,7749275.0,-0.08,-1.333,5.94667,"April 21, 16",-0.01333
0,2016-04-20,5.96,6.0,5.87,5.97,5.714785,9480650.0,9480650.0,0.01,0.168,5.94667,"April 20, 16",0.00168
0,2016-04-19,6.04,6.04,5.88,5.98,5.724358,7220184.0,7220184.0,-0.06,-0.993,5.96667,"April 19, 16",-0.00993
0,2016-04-18,6.0,6.01,5.82,5.97,5.714785,6093000.0,6093000.0,-0.03,-0.5,5.93333,"April 18, 16",-0.005
0,2016-04-15,6.0,6.1,5.99,6.04,5.781793,11410000.0,11410000.0,0.04,0.667,6.04333,"April 15, 16",0.00667
0,2016-04-14,5.99,6.08,5.91,5.93,5.676495,9470880.0,9470880.0,-0.06,-1.002,5.97333,"April 14, 16",-0.01002
0,2016-04-13,5.88,5.99,5.84,5.92,5.666923,12800000.0,12800000.0,0.04,0.68,5.91667,"April 13, 16",0.0068
0,2016-04-12,5.83,5.9,5.78,5.81,5.561625,4241472.0,4241472.0,-0.02,-0.343,5.83,"April 12, 16",-0.00343
0,2016-04-11,5.82,5.93,5.76,5.9,5.647777,7287820.0,7287820.0,0.08,1.375,5.86333,"April 11, 16",0.01375
0,2016-04-08,5.63,5.84,5.63,5.83,5.58077,6076000.0,6076000.0,0.2,3.552,5.76667,"April 08, 16",0.03552
0,2016-04-07,5.78,5.81,5.7,5.76,5.513763,3782000.0,3782000.0,-0.02,-0.346,5.75667,"April 07, 16",-0.00346
0,2016-04-06,5.68,5.74,5.65,5.74,5.494617,3946616.0,3946616.0,0.06,1.056,5.71,"April 06, 16",0.01056
0,2016-04-05,5.82,5.82,5.55,5.7,5.456327,5820471.0,5820471.0,-0.12,-2.062,5.69,"April 05, 16",-0.02062
0,2016-04-01,5.83,5.86,5.73,5.8,5.552052,7540000.0,7540000.0,-0.03,-0.515,5.79667,"April 01, 16",-0.00515
0,2016-03-31,5.71,5.84,5.69,5.82,5.571198,10568000.0,10568000.0,0.11,1.926,5.78333,"March 31, 16",0.01926
0,2016-03-30,5.61,5.75,5.61,5.7,5.456327,9910000.0,9910000.0,0.09,1.604,5.68667,"March 30, 16",0.01604
0,2016-03-29,5.56,5.7,5.56,5.59,5.35103,5485000.0,5485000.0,0.03,0.54,5.61667,"March 29, 16",0.0054
0,2016-03-24,5.63,5.69,5.55,5.6,5.360603,7117000.0,7117000.0,-0.03,-0.533,5.61333,"March 24, 16",-0.00533
0,2016-03-23,5.82,5.82,5.64,5.68,5.437182,6899400.0,6899400.0,-0.14,-2.405,5.71333,"March 23, 16",-0.02405
0,2016-03-22,5.66,5.85,5.6,5.84,5.590343,14262000.0,14262000.0,0.18,3.18,5.76333,"March 22, 16",0.0318
0,2016-03-21,5.6,5.68,5.56,5.65,5.408465,7871000.0,7871000.0,0.05,0.893,5.63,"March 21, 16",0.00893
0,2016-03-18,5.47,5.56,5.46,5.56,5.322312,9902476.0,9902476.0,0.09,1.645,5.52667,"March 18, 16",0.01645
0,2016-03-17,5.34,5.49,5.32,5.46,5.226587,10608316.0,10608316.0,0.12,2.247,5.42333,"March 17, 16",0.02247
0,2016-03-16,5.44,5.51,5.22,5.25,5.025565,13460998.0,13460998.0,-0.19,-3.493,5.32667,"March 16, 16",-0.03493
0,2016-03-15,5.57,5.57,5.43,5.45,5.217015,4777000.0,4777000.0,-0.12,-2.154,5.48333,"March 15, 16",-0.02154
0,2016-03-14,5.6,5.69,5.52,5.56,5.322312,7211066.0,7211066.0,-0.04,-0.714,5.59,"March 14, 16",-0.00714
0,2016-03-11,5.42,5.5,5.37,5.49,5.255305,6710822.0,6710822.0,0.07,1.292,5.45333,"March 11, 16",0.01292
0,2016-03-10,5.5,5.56,5.34,5.39,5.15958,9088025.0,9088025.0,-0.11,-2.0,5.43,"March 10, 16",-0.02
0,2016-03-09,5.57,5.57,5.44,5.46,5.226587,7607000.0,7607000.0,-0.11,-1.975,5.49,"March 09, 16",-0.01975
0,2016-03-08,5.74,5.79,5.51,5.6,5.360603,9345107.0,9345107.0,-0.14,-2.439,5.63333,"March 08, 16",-0.02439
0,2016-03-07,5.77,5.9,5.68,5.74,5.494617,13612510.0,13612510.0,-0.03,-0.52,5.77333,"March 07, 16",-0.0052
0,2016-03-04,5.8,5.95,5.7,5.77,5.523335,15787116.0,15787116.0,-0.03,-0.517,5.80667,"March 04, 16",-0.00517
0,2016-03-03,5.82,5.85,5.68,5.79,5.54248,10169591.0,10169591.0,-0.03,-0.515,5.77333,"March 03, 16",-0.00515
0,2016-03-02,5.69,5.79,5.65,5.78,5.532908,13179179.0,13179179.0,0.09,1.582,5.74,"March 02, 16",0.01582
0,2016-03-01,5.37,5.62,5.36,5.61,5.370175,8002000.0,8002000.0,0.24,4.469,5.53,"March 01, 16",0.04469
0,2016-02-29,5.54,5.57,5.28,5.31,5.083,8621185.0,8621185.0,-0.23,-4.152,5.38667,"February 29, 16",-0.04152
0,2016-02-26,5.53,5.57,5.42,5.54,5.303168,4807914.0,4807914.0,0.01,0.181,5.51,"February 26, 16",0.00181
0,2016-02-25,5.7,5.7,5.36,5.4,5.169153,8013846.0,8013846.0,-0.3,-5.263,5.48667,"February 25, 16",-0.05263
0,2016-02-24,5.55,5.69,5.5,5.69,5.446755,9263000.0,9263000.0,0.14,2.523,5.62667,"February 24, 16",0.02523
0,2016-02-23,5.68,5.72,5.51,5.54,5.303168,8291000.0,8291000.0,-0.14,-2.465,5.59,"February 23, 16",-0.02465
0,2016-02-22,5.55,5.67,5.55,5.66,5.418037,4867910.0,4867910.0,0.11,1.982,5.62667,"February 22, 16",0.01982
0,2016-02-19,5.6,5.65,5.53,5.58,5.341458,7870574.0,7870574.0,-0.02,-0.357,5.58667,"February 19, 16",-0.00357
0,2016-02-18,5.61,5.67,5.52,5.6,5.360603,12412400.0,12412400.0,-0.01,-0.178,5.59667,"February 18, 16",-0.00178
0,2016-02-17,5.46,5.62,5.35,5.48,5.245732,14470262.0,14470262.0,0.02,0.366,5.48333,"February 17, 16",0.00366
0,2016-02-16,5.3,5.55,5.23,5.52,5.284022,17184300.0,17184300.0,0.22,4.151,5.43333,"February 16, 16",0.04151
