,date,open,high,low,close,adjClose,volume,unadjustedVolume,change,changePercent,vwap,label,changeOverTime
0,2021-02-15,64.82,64.82,64.82,64.82,64.82,145.0,145.0,0.0,0.0,64.82,"February 15, 21",0.0
0,2021-02-12,64.879997,64.879997,64.879997,64.879997,64.879997,0.0,0.0,0.0,0.0,0.0,"February 12, 21",0.0
0,2021-02-11,65.260002,65.260002,65.260002,65.260002,65.260002,0.0,0.0,0.0,0.0,0.0,"February 11, 21",0.0
0,2021-02-10,66.010002,66.010002,66.010002,66.010002,66.010002,0.0,0.0,0.0,0.0,0.0,"February 10, 21",0.0
0,2021-02-09,65.769997,65.769997,65.769997,65.769997,65.769997,0.0,0.0,0.0,0.0,0.0,"February 09, 21",0.0
0,2021-02-08,68.5,68.5,67.989998,67.989998,67.25,145.0,145.0,-0.51,-0.745,68.16,"February 08, 21",-0.00745
0,2021-02-05,68.5,68.5,68.5,68.5,67.754448,0.0,0.0,0.0,0.0,0.0,"February 05, 21",0.0
0,2021-02-04,68.5,68.5,68.5,68.5,67.754448,0.0,0.0,0.0,0.0,0.0,"February 04, 21",0.0
0,2021-02-03,67.959999,67.959999,67.959999,67.959999,67.220329,0.0,0.0,0.0,0.0,0.0,"February 03, 21",0.0
0,2021-02-02,68.800003,68.800003,68.800003,68.800003,68.051186,0.0,0.0,0.0,0.0,0.0,"February 02, 21",0.0
0,2021-02-01,67.480003,67.529999,67.480003,67.529999,66.795006,30.0,30.0,0.05,0.074,67.51333,"February 01, 21",0.00074
0,2021-01-29,66.760002,66.760002,66.760002,66.760002,66.033394,0.0,0.0,0.0,0.0,0.0,"January 29, 21",0.0
0,2021-01-28,67.239998,67.449997,67.0,67.449997,66.715874,590.0,590.0,0.21,0.312,67.3,"January 28, 21",0.00312
0,2021-01-27,67.300003,67.300003,67.300003,67.300003,66.567513,0.0,0.0,0.0,0.0,0.0,"January 27, 21",0.0
0,2021-01-26,66.669998,66.669998,66.669998,66.669998,65.944366,0.0,0.0,0.0,0.0,0.0,"January 26, 21",0.0
0,2021-01-25,67.57,67.57,67.57,67.57,66.834572,0.0,0.0,0.0,0.0,0.0,"January 25, 21",0.0
0,2021-01-22,67.269997,67.269997,67.269997,67.269997,66.537834,0.0,0.0,0.0,0.0,0.0,"January 22, 21",0.0
0,2021-01-21,66.220001,66.790001,66.220001,66.790001,66.063065,36.0,36.0,0.57,0.861,66.6,"January 21, 21",0.00861
0,2021-01-20,68.080002,68.080002,68.080002,68.080002,67.339027,0.0,0.0,0.0,0.0,0.0,"January 20, 21",0.0
0,2021-01-19,66.879997,68.080002,66.879997,68.080002,67.339027,428.0,428.0,1.2,1.794,67.68,"January 19, 21",0.01794
0,2021-01-18,67.589996,67.589996,66.82,66.82,66.092735,131.0,131.0,-0.77,-1.139,67.07667,"January 18, 21",-0.01139
0,2021-01-15,64.089996,64.089996,64.089996,64.089996,63.392445,0.0,0.0,0.0,0.0,0.0,"January 15, 21",0.0
0,2021-01-14,64.0,64.089996,64.0,64.089996,63.392445,100.0,100.0,0.09,0.141,64.06,"January 14, 21",0.00141
0,2021-01-13,63.939999,63.939999,63.939999,63.939999,63.24408,0.0,0.0,0.0,0.0,0.0,"January 13, 21",0.0
0,2021-01-12,63.790001,63.790001,63.790001,63.790001,63.095715,0.0,0.0,0.0,0.0,0.0,"January 12, 21",0.0
0,2021-01-11,64.449997,64.449997,64.449997,64.449997,63.748528,0.0,0.0,0.0,0.0,0.0,"January 11, 21",0.0
0,2021-01-08,64.690002,64.690002,64.690002,64.690002,64.690002,0.0,0.0,0.0,0.0,0.0,"January 08, 21",0.0
0,2021-01-07,65.889999,65.889999,65.889999,65.889999,65.889999,0.0,0.0,0.0,0.0,0.0,"January 07, 21",0.0
0,2021-01-06,66.970001,66.970001,66.970001,66.970001,66.970001,0.0,0.0,0.0,0.0,0.0,"January 06, 21",0.0
0,2021-01-05,66.160004,66.160004,66.160004,66.160004,66.160004,0.0,0.0,0.0,0.0,0.0,"January 05, 21",0.0
0,2021-01-04,66.870003,66.870003,66.870003,66.870003,66.870003,0.0,0.0,0.0,0.0,0.0,"January 04, 21",0.0
0,2020-12-30,66.129997,66.129997,66.129997,66.129997,66.129997,0.0,0.0,0.0,0.0,0.0,"December 30, 20",0.0
0,2020-12-29,66.699997,66.699997,66.699997,66.699997,66.699997,1.0,1.0,0.0,0.0,66.7,"December 29, 20",0.0
0,2020-12-28,65.839996,66.400002,65.839996,66.400002,66.400002,200.0,200.0,0.56001,0.851,66.21333,"December 28, 20",0.00851
0,2020-12-23,66.790001,66.790001,66.790001,66.790001,66.790001,0.0,0.0,0.0,0.0,0.0,"December 23, 20",0.0
0,2020-12-22,67.089996,67.089996,67.089996,67.089996,67.089996,0.0,0.0,0.0,0.0,0.0,"December 22, 20",0.0
0,2020-12-21,68.470001,68.470001,68.470001,68.470001,68.470001,0.0,0.0,0.0,0.0,0.0,"December 21, 20",0.0
0,2020-12-18,68.470001,68.470001,68.470001,68.470001,68.470001,0.0,0.0,0.0,0.0,0.0,"December 18, 20",0.0
0,2020-12-17,68.860001,68.860001,68.860001,68.860001,68.860001,0.0,0.0,0.0,0.0,0.0,"December 17, 20",0.0
0,2020-12-16,70.269997,70.269997,68.919998,68.919998,68.919998,44.0,44.0,-1.35,-1.921,69.37,"December 16, 20",-0.01921
0,2020-12-15,68.589996,68.589996,68.589996,68.589996,68.589996,0.0,0.0,0.0,0.0,0.0,"December 15, 20",0.0
0,2020-12-14,68.440002,68.440002,68.440002,68.440002,68.440002,0.0,0.0,0.0,0.0,0.0,"December 14, 20",0.0
0,2020-12-11,67.75,67.75,67.75,67.75,67.75,0.0,0.0,0.0,0.0,0.0,"December 11, 20",0.0
0,2020-12-10,68.379997,68.379997,68.379997,68.379997,68.379997,0.0,0.0,0.0,0.0,0.0,"December 10, 20",0.0
0,2020-12-09,69.150002,69.190002,69.150002,69.190002,69.190002,30.0,30.0,0.04,0.058,69.17667,"December 09, 20",0.00058
0,2020-12-08,68.269997,69.07,68.269997,69.07,69.07,30.0,30.0,0.8,1.172,68.80333,"December 08, 20",0.01172
0,2020-12-07,68.739998,69.220001,68.739998,69.220001,69.220001,30.0,30.0,0.48,0.698,69.06,"December 07, 20",0.00698
0,2020-12-04,69.309998,69.309998,69.309998,69.309998,69.309998,0.0,0.0,0.0,0.0,0.0,"December 04, 20",0.0
0,2020-12-03,69.879997,69.879997,69.879997,69.879997,69.879997,0.0,0.0,0.0,0.0,0.0,"December 03, 20",0.0
0,2020-12-02,70.050003,70.050003,70.050003,70.050003,70.050003,0.0,0.0,0.0,0.0,0.0,"December 02, 20",0.0
0,2020-12-01,71.379997,71.379997,71.379997,71.379997,71.379997,0.0,0.0,0.0,0.0,0.0,"December 01, 20",0.0
0,2020-11-30,70.419998,70.419998,70.419998,70.419998,70.419998,0.0,0.0,0.0,0.0,0.0,"November 30, 20",0.0
0,2020-11-27,70.419998,70.419998,70.419998,70.419998,70.419998,0.0,0.0,0.0,0.0,0.0,"November 27, 20",0.0
0,2020-11-26,71.760002,71.760002,71.760002,71.760002,71.760002,0.0,0.0,0.0,0.0,0.0,"November 26, 20",0.0
0,2020-11-25,71.199997,71.199997,71.199997,71.199997,71.199997,0.0,0.0,0.0,0.0,0.0,"November 25, 20",0.0
0,2020-11-24,71.080002,71.080002,71.080002,71.080002,71.080002,0.0,0.0,0.0,0.0,0.0,"November 24, 20",0.0
0,2020-11-23,70.0,70.269997,70.0,70.269997,70.269997,172.0,172.0,0.27,0.386,70.18,"November 23, 20",0.00386
0,2020-11-20,72.82,72.82,72.82,72.82,72.82,0.0,0.0,0.0,0.0,0.0,"November 20, 20",0.0
0,2020-11-19,72.82,72.82,72.82,72.82,72.82,0.0,0.0,0.0,0.0,0.0,"November 19, 20",0.0
0,2020-11-18,72.82,72.82,72.82,72.82,72.82,0.0,0.0,0.0,0.0,0.0,"November 18, 20",0.0
0,2020-11-17,74.230003,74.230003,74.230003,74.230003,74.230003,0.0,0.0,0.0,0.0,0.0,"November 17, 20",0.0
0,2020-11-16,74.68,74.68,74.68,74.68,74.68,0.0,0.0,0.0,0.0,0.0,"November 16, 20",0.0
0,2020-11-13,75.879997,75.879997,75.879997,75.879997,75.879997,0.0,0.0,0.0,0.0,0.0,"November 13, 20",0.0
0,2020-11-12,76.720001,76.720001,76.720001,76.720001,76.720001,0.0,0.0,0.0,0.0,0.0,"November 12, 20",0.0
0,2020-11-11,77.980003,77.980003,77.980003,77.980003,77.980003,0.0,0.0,0.0,0.0,0.0,"November 11, 20",0.0
0,2020-11-10,76.419998,76.419998,76.419998,76.419998,76.419998,0.0,0.0,0.0,0.0,0.0,"November 10, 20",0.0
0,2020-11-09,78.220001,78.220001,78.220001,78.220001,78.220001,0.0,0.0,0.0,0.0,0.0,"November 09, 20",0.0
0,2020-11-06,78.220001,78.220001,78.220001,78.220001,77.480003,0.0,0.0,0.0,0.0,0.0,"November 06, 20",0.0
0,2020-11-05,78.220001,78.220001,78.220001,78.220001,77.480003,0.0,0.0,0.0,0.0,0.0,"November 05, 20",0.0
0,2020-11-04,78.220001,78.220001,78.220001,78.220001,77.480003,0.0,0.0,0.0,0.0,0.0,"November 04, 20",0.0
0,2020-11-03,79.300003,79.300003,77.970001,78.220001,77.480003,177.0,177.0,-1.08,-1.362,78.49667,"November 03, 20",-0.01362
0,2020-11-02,77.699997,77.699997,77.699997,77.699997,76.964912,0.0,0.0,0.0,0.0,0.0,"November 02, 20",0.0
0,2020-10-30,77.699997,77.699997,77.699997,77.699997,76.964912,0.0,0.0,0.0,0.0,0.0,"October 30, 20",0.0
0,2020-10-29,77.699997,77.699997,77.699997,77.699997,76.964912,0.0,0.0,0.0,0.0,0.0,"October 29, 20",0.0
0,2020-10-28,77.699997,77.699997,77.699997,77.699997,76.964912,0.0,0.0,0.0,0.0,0.0,"October 28, 20",0.0
0,2020-10-27,77.699997,77.699997,77.699997,77.699997,76.964912,0.0,0.0,0.0,0.0,0.0,"October 27, 20",0.0
0,2020-10-26,77.699997,77.699997,77.699997,77.699997,76.964912,0.0,0.0,0.0,0.0,0.0,"October 26, 20",0.0
0,2020-10-23,77.279999,77.699997,76.709999,77.699997,76.964912,539.0,539.0,0.42,0.543,77.37,"October 23, 20",0.00543
0,2020-10-22,76.269997,76.269997,76.269997,76.269997,75.548447,0.0,0.0,0.0,0.0,0.0,"October 22, 20",0.0
0,2020-10-21,76.269997,76.269997,76.269997,76.269997,75.548447,0.0,0.0,0.0,0.0,0.0,"October 21, 20",0.0
0,2020-10-20,76.269997,76.269997,76.269997,76.269997,75.548447,0.0,0.0,0.0,0.0,0.0,"October 20, 20",0.0
0,2020-10-19,76.269997,76.269997,76.269997,76.269997,75.548447,0.0,0.0,0.0,0.0,0.0,"October 19, 20",0.0
0,2020-10-16,76.269997,76.269997,76.269997,76.269997,75.548447,0.0,0.0,0.0,0.0,0.0,"October 16, 20",0.0
0,2020-10-15,74.849998,76.269997,74.849998,76.269997,75.548447,25.0,25.0,1.42,1.897,75.79666,"October 15, 20",0.01897
0,2020-10-14,76.690002,76.690002,75.980003,75.980003,75.261192,40.0,40.0,-0.71,-0.926,76.21667,"October 14, 20",-0.00926
0,2020-10-13,76.650002,76.650002,76.650002,76.650002,75.92485,0.0,0.0,0.0,0.0,0.0,"October 13, 20",0.0
0,2020-10-12,77.019997,77.019997,76.650002,76.650002,75.92485,30.0,30.0,-0.37,-0.48,76.77333,"October 12, 20",-0.0048
0,2020-10-09,71.709999,71.709999,71.709999,71.709999,71.031586,0.0,0.0,0.0,0.0,0.0,"October 09, 20",0.0
0,2020-10-08,71.709999,71.709999,71.709999,71.709999,71.031586,0.0,0.0,0.0,0.0,0.0,"October 08, 20",0.0
0,2020-10-07,71.709999,71.709999,71.709999,71.709999,71.031586,0.0,0.0,0.0,0.0,0.0,"October 07, 20",0.0
0,2020-10-06,71.709999,71.709999,71.709999,71.709999,71.031586,0.0,0.0,0.0,0.0,0.0,"October 06, 20",0.0
0,2020-10-05,71.709999,71.709999,71.709999,71.709999,71.031586,0.0,0.0,0.0,0.0,0.0,"October 05, 20",0.0
0,2020-10-02,71.739998,71.739998,71.709999,71.709999,71.031586,500.0,500.0,-0.03,-0.042,71.72,"October 02, 20",-0.00042
0,2020-10-01,69.599998,69.599998,69.599998,69.599998,68.941544,0.0,0.0,0.0,0.0,0.0,"October 01, 20",0.0
0,2020-09-30,69.599998,69.599998,69.599998,69.599998,68.941544,0.0,0.0,0.0,0.0,0.0,"September 30, 20",0.0
0,2020-09-29,69.599998,69.599998,69.599998,69.599998,68.941544,0.0,0.0,0.0,0.0,0.0,"September 29, 20",0.0
0,2020-09-28,69.699997,69.699997,69.599998,69.599998,68.941544,580.0,580.0,-0.1,-0.143,69.63333,"September 28, 20",-0.00143
0,2020-09-25,68.910004,68.910004,68.910004,68.910004,68.25808,0.0,0.0,0.0,0.0,0.0,"September 25, 20",0.0
0,2020-09-24,68.910004,68.910004,68.910004,68.910004,68.25808,0.0,0.0,0.0,0.0,0.0,"September 24, 20",0.0
0,2020-09-23,69.18,69.18,68.910004,68.910004,68.25808,73.0,73.0,-0.27,-0.39,69.0,"September 23, 20",-0.0039
0,2020-09-22,68.139999,68.139999,68.139999,68.139999,67.495361,0.0,0.0,0.0,0.0,0.0,"September 22, 20",0.0
0,2020-09-21,68.139999,68.139999,68.139999,68.139999,67.495361,0.0,0.0,0.0,0.0,0.0,"September 21, 20",0.0
0,2020-09-17,68.139999,68.139999,68.139999,68.139999,67.495361,0.0,0.0,0.0,0.0,0.0,"September 17, 20",0.0
0,2020-09-16,66.669998,68.139999,66.669998,68.139999,67.495361,1.0,1.0,1.47,2.205,67.65,"September 16, 20",0.02205
0,2020-09-15,66.650002,66.650002,66.650002,66.650002,66.019455,0.0,0.0,0.0,0.0,0.0,"September 15, 20",0.0
0,2020-09-14,66.650002,66.650002,66.650002,66.650002,66.019455,0.0,0.0,0.0,0.0,0.0,"September 14, 20",0.0
0,2020-09-11,66.650002,66.650002,66.650002,66.650002,66.019455,0.0,0.0,0.0,0.0,0.0,"September 11, 20",0.0
0,2020-09-10,67.620003,67.620003,66.650002,66.650002,66.019455,190.0,190.0,-0.97,-1.434,66.97334,"September 10, 20",-0.01434
0,2020-09-09,66.0,66.0,66.0,66.0,65.375603,0.0,0.0,0.0,0.0,0.0,"September 09, 20",0.0
0,2020-09-08,66.089996,66.089996,66.0,66.0,65.375603,10.0,10.0,-0.09,-0.136,66.03,"September 08, 20",-0.00136
0,2020-09-07,67.510002,67.510002,66.949997,66.949997,66.316612,30.0,30.0,-0.56001,-0.83,67.13667,"September 07, 20",-0.0083
0,2020-09-04,66.43,66.43,66.43,66.43,65.801537,0.0,0.0,0.0,0.0,0.0,"September 04, 20",0.0
0,2020-09-03,66.43,66.43,66.43,66.43,65.801537,0.0,0.0,0.0,0.0,0.0,"September 03, 20",0.0
0,2020-09-02,66.43,66.43,66.43,66.43,65.801537,0.0,0.0,0.0,0.0,0.0,"September 02, 20",0.0
0,2020-09-01,66.43,66.43,66.43,66.43,65.801537,0.0,0.0,0.0,0.0,0.0,"September 01, 20",0.0
0,2020-08-31,66.43,66.43,66.43,66.43,65.801537,0.0,0.0,0.0,0.0,0.0,"August 31, 20",0.0
0,2020-08-28,66.43,66.43,66.43,66.43,65.801537,0.0,0.0,0.0,0.0,0.0,"August 28, 20",0.0
0,2020-08-27,67.129997,67.129997,66.43,66.43,65.801537,155.0,155.0,-0.7,-1.043,66.66333,"August 27, 20",-0.01043
0,2020-08-26,67.260002,67.260002,67.260002,67.260002,66.623688,0.0,0.0,0.0,0.0,0.0,"August 26, 20",0.0
0,2020-08-25,67.260002,67.260002,67.260002,67.260002,66.623688,0.0,0.0,0.0,0.0,0.0,"August 25, 20",0.0
0,2020-08-24,67.830002,67.830002,67.260002,67.260002,66.623688,1.0,1.0,-0.57,-0.84,67.45,"August 24, 20",-0.0084
0,2020-08-21,70.080002,70.080002,70.080002,70.080002,69.417007,0.0,0.0,0.0,0.0,0.0,"August 21, 20",0.0
0,2020-08-20,70.080002,70.080002,70.080002,70.080002,69.417007,0.0,0.0,0.0,0.0,0.0,"August 20, 20",0.0
0,2020-08-19,70.080002,70.080002,70.080002,70.080002,69.417007,0.0,0.0,0.0,0.0,0.0,"August 19, 20",0.0
0,2020-08-18,70.080002,70.080002,70.080002,70.080002,69.417007,0.0,0.0,0.0,0.0,0.0,"August 18, 20",0.0
0,2020-08-17,70.080002,70.080002,70.080002,70.080002,69.417007,0.0,0.0,0.0,0.0,0.0,"August 17, 20",0.0
0,2020-08-14,70.080002,70.080002,70.080002,70.080002,69.417007,0.0,0.0,0.0,0.0,0.0,"August 14, 20",0.0
0,2020-08-13,70.080002,70.080002,70.080002,70.080002,69.417007,0.0,0.0,0.0,0.0,0.0,"August 13, 20",0.0
0,2020-08-12,70.080002,70.080002,70.080002,70.080002,69.417007,0.0,0.0,0.0,0.0,0.0,"August 12, 20",0.0
0,2020-08-11,70.080002,70.080002,70.080002,70.080002,69.417007,0.0,0.0,0.0,0.0,0.0,"August 11, 20",0.0
0,2020-08-10,70.080002,70.080002,70.080002,70.080002,69.417007,0.0,0.0,0.0,0.0,0.0,"August 10, 20",0.0
0,2020-08-07,70.080002,70.080002,70.080002,70.080002,69.417007,0.0,0.0,0.0,0.0,0.0,"August 07, 20",0.0
0,2020-08-06,70.080002,70.080002,70.080002,70.080002,68.723625,0.0,0.0,0.0,0.0,0.0,"August 06, 20",0.0
0,2020-08-05,70.080002,70.080002,70.080002,70.080002,68.723625,0.0,0.0,0.0,0.0,0.0,"August 05, 20",0.0
0,2020-08-04,70.080002,70.080002,70.080002,70.080002,68.723625,0.0,0.0,0.0,0.0,0.0,"August 04, 20",0.0
0,2020-08-03,70.080002,70.080002,70.080002,70.080002,68.723625,0.0,0.0,0.0,0.0,0.0,"August 03, 20",0.0
0,2020-07-31,70.080002,70.080002,70.080002,70.080002,68.723625,0.0,0.0,0.0,0.0,0.0,"July 31, 20",0.0
0,2020-07-30,70.080002,70.080002,70.080002,70.080002,68.723625,0.0,0.0,0.0,0.0,0.0,"July 30, 20",0.0
0,2020-07-29,70.080002,70.080002,70.080002,70.080002,68.723625,0.0,0.0,0.0,0.0,0.0,"July 29, 20",0.0
0,2020-07-28,70.080002,70.080002,70.080002,70.080002,68.723625,0.0,0.0,0.0,0.0,0.0,"July 28, 20",0.0
0,2020-07-27,69.0,70.080002,69.0,70.080002,68.723625,15.0,15.0,1.08,1.565,69.72,"July 27, 20",0.01565
0,2020-07-24,76.279999,76.279999,76.279999,76.279999,74.803627,0.0,0.0,0.0,0.0,0.0,"July 24, 20",0.0
0,2020-07-23,76.279999,76.279999,76.279999,76.279999,74.803627,0.0,0.0,0.0,0.0,0.0,"July 23, 20",0.0
0,2020-07-22,76.279999,76.279999,76.279999,76.279999,74.803627,0.0,0.0,0.0,0.0,0.0,"July 22, 20",0.0
0,2020-07-21,76.279999,76.279999,76.279999,76.279999,74.803627,0.0,0.0,0.0,0.0,0.0,"July 21, 20",0.0
0,2020-07-17,75.730003,76.279999,75.730003,76.279999,74.803627,90.0,90.0,0.55,0.726,76.09667,"July 17, 20",0.00726
0,2020-07-16,73.830002,73.830002,73.830002,73.830002,72.401047,0.0,0.0,0.0,0.0,0.0,"July 16, 20",0.0
0,2020-07-15,73.830002,73.830002,73.830002,73.830002,72.401047,0.0,0.0,0.0,0.0,0.0,"July 15, 20",0.0
0,2020-07-14,73.830002,73.830002,73.830002,73.830002,72.401047,0.0,0.0,0.0,0.0,0.0,"July 14, 20",0.0
0,2020-07-13,73.830002,73.830002,73.830002,73.830002,72.401047,0.0,0.0,0.0,0.0,0.0,"July 13, 20",0.0
0,2020-07-10,73.830002,73.830002,73.830002,73.830002,72.401047,0.0,0.0,0.0,0.0,0.0,"July 10, 20",0.0
0,2020-07-09,73.830002,73.830002,73.830002,73.830002,72.401047,0.0,0.0,0.0,0.0,0.0,"July 09, 20",0.0
0,2020-07-08,73.830002,73.830002,73.830002,73.830002,72.401047,0.0,0.0,0.0,0.0,0.0,"July 08, 20",0.0
0,2020-07-07,73.830002,73.830002,73.830002,73.830002,72.401047,0.0,0.0,0.0,0.0,0.0,"July 07, 20",0.0
0,2020-07-06,73.830002,73.830002,73.830002,73.830002,72.401047,0.0,0.0,0.0,0.0,0.0,"July 06, 20",0.0
0,2020-07-03,73.830002,73.830002,73.830002,73.830002,72.401047,0.0,0.0,0.0,0.0,0.0,"July 03, 20",0.0
0,2020-07-02,74.339996,74.339996,73.830002,73.830002,72.401047,20.0,20.0,-0.50999,-0.686,74.0,"July 02, 20",-0.00686
0,2020-07-01,75.519997,75.519997,75.519997,75.519997,74.058342,0.0,0.0,0.0,0.0,0.0,"July 01, 20",0.0
0,2020-06-30,75.519997,75.519997,75.519997,75.519997,74.058342,0.0,0.0,0.0,0.0,0.0,"June 30, 20",0.0
0,2020-06-29,75.519997,75.519997,75.519997,75.519997,74.058342,0.0,0.0,0.0,0.0,0.0,"June 29, 20",0.0
0,2020-06-26,75.519997,75.519997,75.519997,75.519997,74.058342,0.0,0.0,0.0,0.0,0.0,"June 26, 20",0.0
0,2020-06-25,75.519997,75.519997,75.519997,75.519997,74.058342,0.0,0.0,0.0,0.0,0.0,"June 25, 20",0.0
0,2020-06-24,75.519997,75.519997,75.519997,75.519997,74.058342,0.0,0.0,0.0,0.0,0.0,"June 24, 20",0.0
0,2020-06-23,75.519997,75.519997,75.519997,75.519997,74.058342,0.0,0.0,0.0,0.0,0.0,"June 23, 20",0.0
0,2020-06-22,75.519997,75.519997,75.519997,75.519997,74.058342,0.0,0.0,0.0,0.0,0.0,"June 22, 20",0.0
0,2020-06-19,75.519997,75.519997,75.519997,75.519997,74.058342,0.0,0.0,0.0,0.0,0.0,"June 19, 20",0.0
0,2020-06-18,75.519997,75.519997,75.519997,75.519997,74.058342,0.0,0.0,0.0,0.0,0.0,"June 18, 20",0.0
0,2020-06-17,75.519997,75.519997,75.519997,75.519997,74.058342,0.0,0.0,0.0,0.0,0.0,"June 17, 20",0.0
0,2020-06-16,75.519997,75.519997,75.519997,75.519997,74.058342,0.0,0.0,0.0,0.0,0.0,"June 16, 20",0.0
0,2020-06-15,75.519997,75.519997,75.519997,75.519997,74.058342,0.0,0.0,0.0,0.0,0.0,"June 15, 20",0.0
0,2020-06-12,75.519997,75.519997,75.519997,75.519997,74.058342,0.0,0.0,0.0,0.0,0.0,"June 12, 20",0.0
0,2020-06-11,75.519997,75.519997,75.519997,75.519997,74.058342,0.0,0.0,0.0,0.0,0.0,"June 11, 20",0.0
0,2020-06-10,75.519997,75.519997,75.519997,75.519997,74.058342,0.0,0.0,0.0,0.0,0.0,"June 10, 20",0.0
0,2020-06-09,75.519997,75.519997,75.519997,75.519997,74.058342,0.0,0.0,0.0,0.0,0.0,"June 09, 20",0.0
0,2020-06-08,75.519997,75.519997,75.519997,75.519997,74.058342,0.0,0.0,0.0,0.0,0.0,"June 08, 20",0.0
0,2020-06-05,75.519997,75.519997,75.519997,75.519997,74.058342,0.0,0.0,0.0,0.0,0.0,"June 05, 20",0.0
0,2020-06-04,76.400002,76.400002,75.519997,75.519997,74.058342,10.0,10.0,-0.88,-1.152,75.81333,"June 04, 20",-0.01152
0,2020-06-03,72.260002,72.260002,72.260002,72.260002,70.861435,0.0,0.0,0.0,0.0,0.0,"June 03, 20",0.0
0,2020-06-02,72.260002,72.260002,72.260002,72.260002,70.861435,0.0,0.0,0.0,0.0,0.0,"June 02, 20",0.0
0,2020-05-29,72.260002,72.260002,72.260002,72.260002,70.861435,0.0,0.0,0.0,0.0,0.0,"May 29, 20",0.0
0,2020-05-28,72.260002,72.260002,72.260002,72.260002,70.861435,0.0,0.0,0.0,0.0,0.0,"May 28, 20",0.0
0,2020-05-27,72.260002,72.260002,72.260002,72.260002,70.861435,0.0,0.0,0.0,0.0,0.0,"May 27, 20",0.0
0,2020-05-26,72.260002,72.260002,72.260002,72.260002,70.861435,0.0,0.0,0.0,0.0,0.0,"May 26, 20",0.0
0,2020-05-25,72.260002,72.260002,72.260002,72.260002,70.861435,0.0,0.0,0.0,0.0,0.0,"May 25, 20",0.0
0,2020-05-22,72.260002,72.260002,72.260002,72.260002,70.861435,0.0,0.0,0.0,0.0,0.0,"May 22, 20",0.0
0,2020-05-21,72.260002,72.260002,72.260002,72.260002,70.861435,0.0,0.0,0.0,0.0,0.0,"May 21, 20",0.0
0,2020-05-20,72.260002,72.260002,72.260002,72.260002,70.861435,0.0,0.0,0.0,0.0,0.0,"May 20, 20",0.0
0,2020-05-19,72.260002,72.260002,72.260002,72.260002,70.861435,0.0,0.0,0.0,0.0,0.0,"May 19, 20",0.0
0,2020-05-18,72.260002,72.260002,72.260002,72.260002,70.861435,0.0,0.0,0.0,0.0,0.0,"May 18, 20",0.0
0,2020-05-15,72.260002,72.260002,72.260002,72.260002,70.861435,0.0,0.0,0.0,0.0,0.0,"May 15, 20",0.0
0,2020-05-14,72.260002,72.260002,72.260002,72.260002,70.861435,0.0,0.0,0.0,0.0,0.0,"May 14, 20",0.0
0,2020-05-13,72.260002,72.260002,72.260002,72.260002,70.861435,0.0,0.0,0.0,0.0,0.0,"May 13, 20",0.0
0,2020-05-12,72.949997,72.949997,72.260002,72.260002,70.861435,25.0,25.0,-0.68999,-0.946,72.49,"May 12, 20",-0.00946
0,2020-05-11,78.800003,78.800003,78.800003,78.800003,77.274857,0.0,0.0,0.0,0.0,0.0,"May 11, 20",0.0
0,2020-05-08,78.800003,78.800003,78.800003,78.800003,77.274857,0.0,0.0,0.0,0.0,0.0,"May 08, 20",0.0
0,2020-05-07,78.800003,78.800003,78.800003,78.800003,77.274857,0.0,0.0,0.0,0.0,0.0,"May 07, 20",0.0
0,2020-05-06,78.800003,78.800003,78.800003,78.800003,76.588409,0.0,0.0,0.0,0.0,0.0,"May 06, 20",0.0
0,2020-05-05,78.800003,78.800003,78.800003,78.800003,76.588409,0.0,0.0,0.0,0.0,0.0,"May 05, 20",0.0
0,2020-05-04,78.800003,78.800003,78.800003,78.800003,76.588409,0.0,0.0,0.0,0.0,0.0,"May 04, 20",0.0
0,2020-04-30,78.800003,78.800003,78.800003,78.800003,76.588409,0.0,0.0,0.0,0.0,0.0,"April 30, 20",0.0
0,2020-04-29,78.800003,78.800003,78.800003,78.800003,76.588409,0.0,0.0,0.0,0.0,0.0,"April 29, 20",0.0
0,2020-04-28,78.800003,78.800003,78.800003,78.800003,76.588409,65.0,65.0,0.0,0.0,78.8,"April 28, 20",0.0
0,2020-04-27,73.830002,73.830002,73.830002,73.830002,71.757896,0.0,0.0,0.0,0.0,0.0,"April 27, 20",0.0
0,2020-04-24,73.830002,73.830002,73.830002,73.830002,71.757896,0.0,0.0,0.0,0.0,0.0,"April 24, 20",0.0
0,2020-04-23,73.830002,73.830002,73.830002,73.830002,71.757896,0.0,0.0,0.0,0.0,0.0,"April 23, 20",0.0
0,2020-04-22,73.830002,73.830002,73.830002,73.830002,71.757896,0.0,0.0,0.0,0.0,0.0,"April 22, 20",0.0
0,2020-04-21,73.830002,73.830002,73.830002,73.830002,71.757896,0.0,0.0,0.0,0.0,0.0,"April 21, 20",0.0
0,2020-04-20,73.830002,73.830002,73.830002,73.830002,71.757896,0.0,0.0,0.0,0.0,0.0,"April 20, 20",0.0
0,2020-04-17,73.830002,73.830002,73.830002,73.830002,71.757896,0.0,0.0,0.0,0.0,0.0,"April 17, 20",0.0
0,2020-04-16,73.830002,73.830002,73.830002,73.830002,71.757896,0.0,0.0,0.0,0.0,0.0,"April 16, 20",0.0
0,2020-04-15,73.830002,73.830002,73.830002,73.830002,71.757896,0.0,0.0,0.0,0.0,0.0,"April 15, 20",0.0
0,2020-04-14,73.830002,73.830002,73.830002,73.830002,71.757896,0.0,0.0,0.0,0.0,0.0,"April 14, 20",0.0
0,2020-04-09,73.830002,73.830002,73.830002,73.830002,71.757896,0.0,0.0,0.0,0.0,0.0,"April 09, 20",0.0
0,2020-04-08,73.830002,73.830002,73.830002,73.830002,71.757896,0.0,0.0,0.0,0.0,0.0,"April 08, 20",0.0
0,2020-04-07,73.830002,73.830002,73.830002,73.830002,71.757896,0.0,0.0,0.0,0.0,0.0,"April 07, 20",0.0
0,2020-04-06,73.830002,73.830002,73.830002,73.830002,71.757896,0.0,0.0,0.0,0.0,0.0,"April 06, 20",0.0
0,2020-04-03,73.830002,73.830002,73.830002,73.830002,71.757896,0.0,0.0,0.0,0.0,0.0,"April 03, 20",0.0
0,2020-04-02,73.830002,73.830002,73.830002,73.830002,71.757896,0.0,0.0,0.0,0.0,0.0,"April 02, 20",0.0
0,2020-04-01,73.830002,73.830002,73.830002,73.830002,71.757896,0.0,0.0,0.0,0.0,0.0,"April 01, 20",0.0
0,2020-03-31,75.43,75.43,73.830002,73.830002,71.757896,66.0,66.0,-1.6,-2.121,74.36333,"March 31, 20",-0.02121
0,2020-03-30,70.43,70.43,70.43,70.43,68.453316,0.0,0.0,0.0,0.0,0.0,"March 30, 20",0.0
0,2020-03-27,70.43,70.43,70.43,70.43,68.453316,0.0,0.0,0.0,0.0,0.0,"March 27, 20",0.0
0,2020-03-26,70.43,70.43,70.43,70.43,68.453316,0.0,0.0,0.0,0.0,0.0,"March 26, 20",0.0
0,2020-03-25,70.43,70.43,70.43,70.43,68.453316,0.0,0.0,0.0,0.0,0.0,"March 25, 20",0.0
0,2020-03-24,70.43,70.43,70.43,70.43,68.453316,0.0,0.0,0.0,0.0,0.0,"March 24, 20",0.0
0,2020-03-23,70.43,70.43,70.43,70.43,68.453316,0.0,0.0,0.0,0.0,0.0,"March 23, 20",0.0
0,2020-03-20,70.43,70.43,70.43,70.43,68.453316,0.0,0.0,0.0,0.0,0.0,"March 20, 20",0.0
0,2020-03-19,70.43,70.43,70.43,70.43,68.453316,0.0,0.0,0.0,0.0,0.0,"March 19, 20",0.0
0,2020-03-18,70.43,70.43,70.43,70.43,68.453316,0.0,0.0,0.0,0.0,0.0,"March 18, 20",0.0
0,2020-03-17,70.43,70.43,70.43,70.43,68.453316,0.0,0.0,0.0,0.0,0.0,"March 17, 20",0.0
0,2020-03-16,70.43,70.43,70.43,70.43,68.453316,100.0,100.0,0.0,0.0,70.43,"March 16, 20",0.0
0,2020-03-13,74.459999,74.709999,74.459999,74.709999,72.613197,10.0,10.0,0.25,0.336,74.62667,"March 13, 20",0.00336
0,2020-03-12,78.589996,78.589996,78.589996,78.589996,76.3843,1.0,1.0,0.0,0.0,78.59,"March 12, 20",0.0
0,2020-03-11,80.970001,80.970001,80.970001,80.970001,78.69751,0.0,0.0,0.0,0.0,0.0,"March 11, 20",0.0
0,2020-03-10,80.970001,80.970001,80.970001,80.970001,78.69751,0.0,0.0,0.0,0.0,0.0,"March 10, 20",0.0
0,2020-03-09,80.970001,80.970001,80.970001,80.970001,78.69751,100.0,100.0,0.0,0.0,80.97,"March 09, 20",0.0
0,2020-03-06,83.110001,83.110001,83.110001,83.110001,80.777443,0.0,0.0,0.0,0.0,0.0,"March 06, 20",0.0
0,2020-03-05,83.110001,83.110001,83.110001,83.110001,80.777443,0.0,0.0,0.0,0.0,0.0,"March 05, 20",0.0
0,2020-03-04,83.110001,83.110001,83.110001,83.110001,80.777443,0.0,0.0,0.0,0.0,0.0,"March 04, 20",0.0
0,2020-03-03,83.110001,83.110001,83.110001,83.110001,80.777443,0.0,0.0,0.0,0.0,0.0,"March 03, 20",0.0
0,2020-03-02,83.330002,83.330002,83.110001,83.110001,80.777443,50.0,50.0,-0.22,-0.264,83.18333,"March 02, 20",-0.00264
0,2020-02-28,80.279999,80.279999,80.010002,80.139999,77.890793,73.0,73.0,-0.14,-0.174,80.14333,"February 28, 20",-0.00174
0,2020-02-27,87.190002,87.510002,86.290001,87.510002,85.053955,320.0,320.0,0.32,0.367,87.10334,"February 27, 20",0.00367
0,2020-02-26,90.0,90.5,90.0,90.5,87.96003,114.0,114.0,0.5,0.556,90.33333,"February 26, 20",0.00556
0,2020-02-25,94.870003,94.870003,94.870003,94.870003,92.20739,0.0,0.0,0.0,0.0,0.0,"February 25, 20",0.0
0,2020-02-24,94.870003,94.870003,94.870003,94.870003,92.20739,0.0,0.0,0.0,0.0,0.0,"February 24, 20",0.0
0,2020-02-21,94.870003,94.870003,94.870003,94.870003,92.20739,0.0,0.0,0.0,0.0,0.0,"February 21, 20",0.0
0,2020-02-20,96.0,96.0,94.870003,94.870003,92.20739,200.0,200.0,-1.13,-1.177,95.24667,"February 20, 20",-0.01177
0,2020-02-19,82.559998,82.559998,82.559998,82.559998,80.242874,0.0,0.0,0.0,0.0,0.0,"February 19, 20",0.0
0,2020-02-18,82.559998,82.559998,82.559998,82.559998,80.242874,0.0,0.0,0.0,0.0,0.0,"February 18, 20",0.0
0,2020-02-17,82.559998,82.559998,82.559998,82.559998,80.242874,0.0,0.0,0.0,0.0,0.0,"February 17, 20",0.0
0,2020-02-14,82.559998,82.559998,82.559998,82.559998,80.242874,0.0,0.0,0.0,0.0,0.0,"February 14, 20",0.0
0,2020-02-13,82.559998,82.559998,82.559998,82.559998,80.242874,0.0,0.0,0.0,0.0,0.0,"February 13, 20",0.0
0,2020-02-12,82.559998,82.559998,82.559998,82.559998,80.242874,0.0,0.0,0.0,0.0,0.0,"February 12, 20",0.0
0,2020-02-11,82.559998,82.559998,82.559998,82.559998,80.242874,0.0,0.0,0.0,0.0,0.0,"February 11, 20",0.0
0,2020-02-10,82.559998,82.559998,82.559998,82.559998,80.242874,0.0,0.0,0.0,0.0,0.0,"February 10, 20",0.0
0,2020-02-07,82.559998,82.559998,82.559998,82.559998,80.242874,0.0,0.0,0.0,0.0,0.0,"February 07, 20",0.0
0,2020-02-06,82.559998,82.559998,82.559998,82.559998,79.562523,0.0,0.0,0.0,0.0,0.0,"February 06, 20",0.0
0,2020-02-05,82.559998,82.559998,82.559998,82.559998,79.562523,0.0,0.0,0.0,0.0,0.0,"February 05, 20",0.0
0,2020-02-04,82.559998,82.559998,82.559998,82.559998,79.562523,0.0,0.0,0.0,0.0,0.0,"February 04, 20",0.0
0,2020-02-03,82.559998,82.559998,82.559998,82.559998,79.562523,0.0,0.0,0.0,0.0,0.0,"February 03, 20",0.0
0,2020-01-31,82.559998,82.559998,82.559998,82.559998,79.562523,0.0,0.0,0.0,0.0,0.0,"January 31, 20",0.0
0,2020-01-30,82.559998,82.559998,82.559998,82.559998,79.562523,0.0,0.0,0.0,0.0,0.0,"January 30, 20",0.0
0,2020-01-29,82.559998,82.559998,82.559998,82.559998,79.562523,0.0,0.0,0.0,0.0,0.0,"January 29, 20",0.0
0,2020-01-28,82.559998,82.559998,82.559998,82.559998,79.562523,0.0,0.0,0.0,0.0,0.0,"January 28, 20",0.0
0,2020-01-27,82.559998,82.559998,82.559998,82.559998,79.562523,0.0,0.0,0.0,0.0,0.0,"January 27, 20",0.0
0,2020-01-24,82.559998,82.559998,82.559998,82.559998,79.562523,0.0,0.0,0.0,0.0,0.0,"January 24, 20",0.0
0,2020-01-23,82.559998,82.559998,82.559998,82.559998,79.562523,0.0,0.0,0.0,0.0,0.0,"January 23, 20",0.0
0,2020-01-22,82.559998,82.559998,82.559998,82.559998,79.562523,0.0,0.0,0.0,0.0,0.0,"January 22, 20",0.0
0,2020-01-21,82.559998,82.559998,82.559998,82.559998,79.562523,0.0,0.0,0.0,0.0,0.0,"January 21, 20",0.0
0,2020-01-20,82.559998,82.559998,82.559998,82.559998,79.562523,0.0,0.0,0.0,0.0,0.0,"January 20, 20",0.0
0,2020-01-17,82.559998,82.559998,82.559998,82.559998,79.562523,0.0,0.0,0.0,0.0,0.0,"January 17, 20",0.0
0,2020-01-16,82.559998,82.559998,82.559998,82.559998,79.562523,0.0,0.0,0.0,0.0,0.0,"January 16, 20",0.0
0,2020-01-15,82.559998,82.559998,82.559998,82.559998,79.562523,0.0,0.0,0.0,0.0,0.0,"January 15, 20",0.0
0,2020-01-14,82.559998,82.559998,82.559998,82.559998,79.562523,0.0,0.0,0.0,0.0,0.0,"January 14, 20",0.0
0,2020-01-13,82.559998,82.559998,82.559998,82.559998,79.562523,0.0,0.0,0.0,0.0,0.0,"January 13, 20",0.0
0,2020-01-10,82.559998,82.559998,82.559998,82.559998,79.562523,10.0,10.0,0.0,0.0,82.56,"January 10, 20",0.0
0,2020-01-09,81.510002,81.510002,81.510002,81.510002,78.550644,0.0,0.0,0.0,0.0,0.0,"January 09, 20",0.0
0,2020-01-08,81.510002,81.510002,81.510002,81.510002,78.550644,0.0,0.0,0.0,0.0,0.0,"January 08, 20",0.0
0,2020-01-07,81.510002,81.510002,81.510002,81.510002,78.550644,0.0,0.0,0.0,0.0,0.0,"January 07, 20",0.0
0,2020-01-06,81.510002,81.510002,81.510002,81.510002,78.550644,0.0,0.0,0.0,0.0,0.0,"January 06, 20",0.0
0,2020-01-03,81.510002,81.510002,81.510002,81.510002,78.550644,0.0,0.0,0.0,0.0,0.0,"January 03, 20",0.0
0,2020-01-02,81.510002,81.510002,81.510002,81.510002,78.550644,0.0,0.0,0.0,0.0,0.0,"January 02, 20",0.0
0,2019-12-30,81.510002,81.510002,81.510002,81.510002,78.550644,0.0,0.0,0.0,0.0,0.0,"December 30, 19",0.0
0,2019-12-27,81.510002,81.510002,81.510002,81.510002,78.550644,0.0,0.0,0.0,0.0,0.0,"December 27, 19",0.0
0,2019-12-23,81.510002,81.510002,81.510002,81.510002,78.550644,0.0,0.0,0.0,0.0,0.0,"December 23, 19",0.0
0,2019-12-20,81.510002,81.510002,81.510002,81.510002,78.550644,0.0,0.0,0.0,0.0,0.0,"December 20, 19",0.0
0,2019-12-19,81.510002,81.510002,81.510002,81.510002,78.550644,0.0,0.0,0.0,0.0,0.0,"December 19, 19",0.0
0,2019-12-18,81.510002,81.510002,81.510002,81.510002,78.550644,0.0,0.0,0.0,0.0,0.0,"December 18, 19",0.0
0,2019-12-17,81.510002,81.510002,81.510002,81.510002,78.550644,60.0,60.0,0.0,0.0,81.51,"December 17, 19",0.0
0,2019-12-16,25.860001,25.860001,25.860001,25.860001,24.921112,0.0,0.0,0.0,0.0,0.0,"December 16, 19",0.0
0,2019-12-13,25.860001,25.860001,25.860001,25.860001,24.921112,0.0,0.0,0.0,0.0,0.0,"December 13, 19",0.0
0,2019-12-12,25.860001,25.860001,25.860001,25.860001,24.921112,0.0,0.0,0.0,0.0,0.0,"December 12, 19",0.0
0,2019-12-11,25.860001,25.860001,25.860001,25.860001,24.921112,0.0,0.0,0.0,0.0,0.0,"December 11, 19",0.0
0,2019-12-10,25.860001,25.860001,25.860001,25.860001,24.921112,0.0,0.0,0.0,0.0,0.0,"December 10, 19",0.0
0,2019-12-09,25.860001,25.860001,25.860001,25.860001,24.921112,0.0,0.0,0.0,0.0,0.0,"December 09, 19",0.0
0,2019-12-06,25.860001,25.860001,25.860001,25.860001,24.921112,0.0,0.0,0.0,0.0,0.0,"December 06, 19",0.0
0,2019-12-05,25.860001,25.860001,25.860001,25.860001,24.921112,0.0,0.0,0.0,0.0,0.0,"December 05, 19",0.0
0,2019-12-04,25.860001,25.860001,25.860001,25.860001,24.921112,0.0,0.0,0.0,0.0,0.0,"December 04, 19",0.0
0,2019-12-03,25.860001,25.860001,25.860001,25.860001,24.921112,0.0,0.0,0.0,0.0,0.0,"December 03, 19",0.0
0,2019-12-02,25.860001,25.860001,25.860001,25.860001,24.921112,0.0,0.0,0.0,0.0,0.0,"December 02, 19",0.0
0,2019-11-29,25.860001,25.860001,25.860001,25.860001,24.921112,0.0,0.0,0.0,0.0,0.0,"November 29, 19",0.0
0,2019-11-28,25.860001,25.860001,25.860001,25.860001,24.921112,0.0,0.0,0.0,0.0,0.0,"November 28, 19",0.0
0,2019-11-27,25.860001,25.860001,25.860001,25.860001,24.921112,0.0,0.0,0.0,0.0,0.0,"November 27, 19",0.0
0,2019-11-26,25.860001,25.860001,25.860001,25.860001,24.921112,0.0,0.0,0.0,0.0,0.0,"November 26, 19",0.0
0,2019-11-25,25.860001,25.860001,25.860001,25.860001,24.921112,0.0,0.0,0.0,0.0,0.0,"November 25, 19",0.0
0,2019-11-22,25.860001,25.860001,25.860001,25.860001,24.921112,0.0,0.0,0.0,0.0,0.0,"November 22, 19",0.0
0,2019-11-21,25.860001,25.860001,25.860001,25.860001,24.921112,0.0,0.0,0.0,0.0,0.0,"November 21, 19",0.0
0,2019-11-20,25.860001,25.860001,25.860001,25.860001,24.921112,0.0,0.0,0.0,0.0,0.0,"November 20, 19",0.0
0,2019-11-19,25.860001,25.860001,25.860001,25.860001,24.921112,0.0,0.0,0.0,0.0,0.0,"November 19, 19",0.0
0,2019-11-18,25.860001,25.860001,25.860001,25.860001,24.921112,0.0,0.0,0.0,0.0,0.0,"November 18, 19",0.0
0,2019-11-15,25.860001,25.860001,25.860001,25.860001,24.921112,0.0,0.0,0.0,0.0,0.0,"November 15, 19",0.0
0,2019-11-14,25.860001,25.860001,25.860001,25.860001,24.921112,0.0,0.0,0.0,0.0,0.0,"November 14, 19",0.0
0,2019-11-13,25.860001,25.860001,25.860001,25.860001,24.921112,0.0,0.0,0.0,0.0,0.0,"November 13, 19",0.0
0,2019-11-12,25.860001,25.860001,25.860001,25.860001,24.921112,0.0,0.0,0.0,0.0,0.0,"November 12, 19",0.0
0,2019-11-11,25.860001,25.860001,25.860001,25.860001,24.921112,0.0,0.0,0.0,0.0,0.0,"November 11, 19",0.0
0,2019-11-08,25.860001,25.860001,25.860001,25.860001,24.921112,0.0,0.0,0.0,0.0,0.0,"November 08, 19",0.0
0,2019-11-07,25.860001,25.860001,25.860001,25.860001,24.921112,0.0,0.0,0.0,0.0,0.0,"November 07, 19",0.0
0,2019-11-06,25.860001,25.860001,25.860001,25.860001,24.921112,0.0,0.0,0.0,0.0,0.0,"November 06, 19",0.0
0,2019-11-05,25.860001,25.860001,25.860001,25.860001,24.921112,0.0,0.0,0.0,0.0,0.0,"November 05, 19",0.0
0,2019-11-04,25.860001,25.860001,25.860001,25.860001,24.921112,0.0,0.0,0.0,0.0,0.0,"November 04, 19",0.0
0,2019-11-01,25.860001,25.860001,25.860001,25.860001,24.921112,0.0,0.0,0.0,0.0,0.0,"November 01, 19",0.0
0,2019-10-31,25.860001,25.860001,25.860001,25.860001,24.921112,0.0,0.0,0.0,0.0,0.0,"October 31, 19",0.0
0,2019-10-30,25.860001,25.860001,25.860001,25.860001,24.921112,0.0,0.0,0.0,0.0,0.0,"October 30, 19",0.0
0,2019-10-29,25.860001,25.860001,25.860001,25.860001,24.921112,0.0,0.0,0.0,0.0,0.0,"October 29, 19",0.0
0,2019-10-28,25.860001,25.860001,25.860001,25.860001,24.921112,0.0,0.0,0.0,0.0,0.0,"October 28, 19",0.0
0,2019-10-25,25.860001,25.860001,25.860001,25.860001,24.921112,0.0,0.0,0.0,0.0,0.0,"October 25, 19",0.0
0,2019-10-24,25.860001,25.860001,25.860001,25.860001,24.921112,0.0,0.0,0.0,0.0,0.0,"October 24, 19",0.0
0,2019-10-23,25.860001,25.860001,25.860001,25.860001,24.921112,0.0,0.0,0.0,0.0,0.0,"October 23, 19",0.0
0,2019-10-22,25.860001,25.860001,25.860001,25.860001,24.921112,0.0,0.0,0.0,0.0,0.0,"October 22, 19",0.0
0,2019-10-21,25.860001,25.860001,25.860001,25.860001,24.921112,0.0,0.0,0.0,0.0,0.0,"October 21, 19",0.0
0,2019-10-18,25.860001,25.860001,25.860001,25.860001,24.921112,0.0,0.0,0.0,0.0,0.0,"October 18, 19",0.0
0,2019-10-17,25.860001,25.860001,25.860001,25.860001,24.921112,0.0,0.0,0.0,0.0,0.0,"October 17, 19",0.0
0,2019-10-16,25.860001,25.860001,25.860001,25.860001,24.921112,0.0,0.0,0.0,0.0,0.0,"October 16, 19",0.0
0,2019-10-15,25.860001,25.860001,25.860001,25.860001,24.921112,0.0,0.0,0.0,0.0,0.0,"October 15, 19",0.0
0,2019-10-14,25.860001,25.860001,25.860001,25.860001,24.921112,0.0,0.0,0.0,0.0,0.0,"October 14, 19",0.0
0,2019-10-11,25.860001,25.860001,25.860001,25.860001,24.921112,0.0,0.0,0.0,0.0,0.0,"October 11, 19",0.0
0,2019-10-10,25.860001,25.860001,25.860001,25.860001,24.921112,0.0,0.0,0.0,0.0,0.0,"October 10, 19",0.0
0,2019-10-09,25.860001,25.860001,25.860001,25.860001,24.921112,0.0,0.0,0.0,0.0,0.0,"October 09, 19",0.0
0,2019-10-08,25.860001,25.860001,25.860001,25.860001,24.921112,0.0,0.0,0.0,0.0,0.0,"October 08, 19",0.0
0,2019-10-07,25.860001,25.860001,25.860001,25.860001,24.921112,0.0,0.0,0.0,0.0,0.0,"October 07, 19",0.0
0,2019-10-04,25.860001,25.860001,25.860001,25.860001,24.921112,0.0,0.0,0.0,0.0,0.0,"October 04, 19",0.0
0,2019-10-02,25.860001,25.860001,25.860001,25.860001,24.921112,0.0,0.0,0.0,0.0,0.0,"October 02, 19",0.0
0,2019-10-01,25.860001,25.860001,25.860001,25.860001,24.921112,0.0,0.0,0.0,0.0,0.0,"October 01, 19",0.0
0,2019-09-30,25.860001,25.860001,25.860001,25.860001,24.921112,0.0,0.0,0.0,0.0,0.0,"September 30, 19",0.0
0,2019-09-27,25.860001,25.860001,25.860001,25.860001,24.921112,0.0,0.0,0.0,0.0,0.0,"September 27, 19",0.0
0,2019-09-26,25.860001,25.860001,25.860001,25.860001,24.921112,0.0,0.0,0.0,0.0,0.0,"September 26, 19",0.0
0,2019-09-25,25.860001,25.860001,25.860001,25.860001,24.921112,0.0,0.0,0.0,0.0,0.0,"September 25, 19",0.0
0,2019-09-24,25.860001,25.860001,25.860001,25.860001,24.921112,0.0,0.0,0.0,0.0,0.0,"September 24, 19",0.0
0,2019-09-23,25.860001,25.860001,25.860001,25.860001,24.921112,0.0,0.0,0.0,0.0,0.0,"September 23, 19",0.0
0,2019-09-20,25.860001,25.860001,25.860001,25.860001,24.921112,0.0,0.0,0.0,0.0,0.0,"September 20, 19",0.0
0,2019-09-19,25.860001,25.860001,25.860001,25.860001,24.921112,0.0,0.0,0.0,0.0,0.0,"September 19, 19",0.0
0,2019-09-18,25.860001,25.860001,25.860001,25.860001,24.921112,0.0,0.0,0.0,0.0,0.0,"September 18, 19",0.0
0,2019-09-17,25.860001,25.860001,25.860001,25.860001,24.921112,0.0,0.0,0.0,0.0,0.0,"September 17, 19",0.0
0,2019-09-16,25.860001,25.860001,25.860001,25.860001,24.921112,0.0,0.0,0.0,0.0,0.0,"September 16, 19",0.0
0,2019-09-13,25.860001,25.860001,25.860001,25.860001,24.921112,0.0,0.0,0.0,0.0,0.0,"September 13, 19",0.0
0,2019-09-12,25.860001,25.860001,25.860001,25.860001,24.921112,0.0,0.0,0.0,0.0,0.0,"September 12, 19",0.0
0,2019-09-11,25.860001,25.860001,25.860001,25.860001,24.921112,0.0,0.0,0.0,0.0,0.0,"September 11, 19",0.0
0,2019-09-10,25.860001,25.860001,25.860001,25.860001,24.921112,0.0,0.0,0.0,0.0,0.0,"September 10, 19",0.0
0,2019-09-09,25.860001,25.860001,25.860001,25.860001,24.921112,0.0,0.0,0.0,0.0,0.0,"September 09, 19",0.0
0,2019-09-06,25.860001,25.860001,25.860001,25.860001,24.921112,0.0,0.0,0.0,0.0,0.0,"September 06, 19",0.0
0,2019-09-05,25.860001,25.860001,25.860001,25.860001,24.921112,0.0,0.0,0.0,0.0,0.0,"September 05, 19",0.0
0,2019-09-04,25.860001,25.860001,25.860001,25.860001,24.921112,0.0,0.0,0.0,0.0,0.0,"September 04, 19",0.0
0,2019-09-03,25.860001,25.860001,25.860001,25.860001,24.921112,0.0,0.0,0.0,0.0,0.0,"September 03, 19",0.0
0,2019-09-02,25.860001,25.860001,25.860001,25.860001,24.921112,0.0,0.0,0.0,0.0,0.0,"September 02, 19",0.0
0,2019-08-30,25.860001,25.860001,25.860001,25.860001,24.921112,0.0,0.0,0.0,0.0,0.0,"August 30, 19",0.0
0,2019-08-29,25.860001,25.860001,25.860001,25.860001,24.921112,0.0,0.0,0.0,0.0,0.0,"August 29, 19",0.0
0,2019-08-28,25.860001,25.860001,25.860001,25.860001,24.921112,0.0,0.0,0.0,0.0,0.0,"August 28, 19",0.0
0,2019-08-27,25.860001,25.860001,25.860001,25.860001,24.921112,0.0,0.0,0.0,0.0,0.0,"August 27, 19",0.0
0,2019-08-26,25.860001,25.860001,25.860001,25.860001,24.921112,0.0,0.0,0.0,0.0,0.0,"August 26, 19",0.0
0,2019-08-23,25.860001,25.860001,25.860001,25.860001,24.921112,0.0,0.0,0.0,0.0,0.0,"August 23, 19",0.0
0,2019-08-22,25.860001,25.860001,25.860001,25.860001,24.921112,0.0,0.0,0.0,0.0,0.0,"August 22, 19",0.0
0,2019-08-21,25.860001,25.860001,25.860001,25.860001,24.921112,0.0,0.0,0.0,0.0,0.0,"August 21, 19",0.0
0,2019-08-20,25.860001,25.860001,25.860001,25.860001,24.921112,0.0,0.0,0.0,0.0,0.0,"August 20, 19",0.0
0,2019-08-19,25.860001,25.860001,25.860001,25.860001,24.921112,0.0,0.0,0.0,0.0,0.0,"August 19, 19",0.0
0,2019-08-16,25.860001,25.860001,25.860001,25.860001,24.921112,0.0,0.0,0.0,0.0,0.0,"August 16, 19",0.0
0,2019-08-15,25.860001,25.860001,25.860001,25.860001,24.921112,0.0,0.0,0.0,0.0,0.0,"August 15, 19",0.0
0,2019-08-14,25.860001,25.860001,25.860001,25.860001,24.921112,0.0,0.0,0.0,0.0,0.0,"August 14, 19",0.0
0,2019-08-13,25.860001,25.860001,25.860001,25.860001,24.921112,0.0,0.0,0.0,0.0,0.0,"August 13, 19",0.0
0,2019-08-12,25.860001,25.860001,25.860001,25.860001,24.921112,0.0,0.0,0.0,0.0,0.0,"August 12, 19",0.0
0,2019-08-09,25.860001,25.860001,25.860001,25.860001,24.921112,0.0,0.0,0.0,0.0,0.0,"August 09, 19",0.0
0,2019-08-08,25.860001,25.860001,25.860001,25.860001,24.921112,0.0,0.0,0.0,0.0,0.0,"August 08, 19",0.0
0,2019-08-07,25.860001,25.860001,25.860001,25.860001,24.921112,0.0,0.0,0.0,0.0,0.0,"August 07, 19",0.0
0,2019-08-06,25.860001,25.860001,25.860001,25.860001,24.921112,0.0,0.0,0.0,0.0,0.0,"August 06, 19",0.0
0,2019-08-05,25.860001,25.860001,25.860001,25.860001,24.921112,0.0,0.0,0.0,0.0,0.0,"August 05, 19",0.0
0,2019-08-02,25.860001,25.860001,25.860001,25.860001,24.921112,0.0,0.0,0.0,0.0,0.0,"August 02, 19",0.0
0,2019-08-01,25.860001,25.860001,25.860001,25.860001,24.921112,0.0,0.0,0.0,0.0,0.0,"August 01, 19",0.0
0,2019-07-31,25.860001,25.860001,25.860001,25.860001,24.921112,0.0,0.0,0.0,0.0,0.0,"July 31, 19",0.0
0,2019-07-30,25.860001,25.860001,25.860001,25.860001,24.921112,0.0,0.0,0.0,0.0,0.0,"July 30, 19",0.0
0,2019-07-29,25.860001,25.860001,25.860001,25.860001,24.921112,0.0,0.0,0.0,0.0,0.0,"July 29, 19",0.0
0,2019-07-26,25.860001,25.860001,25.860001,25.860001,24.921112,0.0,0.0,0.0,0.0,0.0,"July 26, 19",0.0
0,2019-07-25,25.860001,25.860001,25.860001,25.860001,24.921112,0.0,0.0,0.0,0.0,0.0,"July 25, 19",0.0
0,2019-07-24,25.860001,25.860001,25.860001,25.860001,24.921112,0.0,0.0,0.0,0.0,0.0,"July 24, 19",0.0
0,2019-07-23,25.860001,25.860001,25.860001,25.860001,24.921112,0.0,0.0,0.0,0.0,0.0,"July 23, 19",0.0
0,2019-07-22,25.860001,25.860001,25.860001,25.860001,24.921112,0.0,0.0,0.0,0.0,0.0,"July 22, 19",0.0
0,2019-07-19,25.860001,25.860001,25.860001,25.860001,24.921112,0.0,0.0,0.0,0.0,0.0,"July 19, 19",0.0
0,2019-07-18,25.860001,25.860001,25.860001,25.860001,24.921112,0.0,0.0,0.0,0.0,0.0,"July 18, 19",0.0
0,2019-07-17,25.860001,25.860001,25.860001,25.860001,24.921112,0.0,0.0,0.0,0.0,0.0,"July 17, 19",0.0
0,2019-07-16,25.860001,25.860001,25.860001,25.860001,24.921112,0.0,0.0,0.0,0.0,0.0,"July 16, 19",0.0
0,2019-07-15,25.860001,25.860001,25.860001,25.860001,24.921112,0.0,0.0,0.0,0.0,0.0,"July 15, 19",0.0
0,2019-07-12,25.860001,25.860001,25.860001,25.860001,24.921112,0.0,0.0,0.0,0.0,0.0,"July 12, 19",0.0
0,2019-07-11,25.860001,25.860001,25.860001,25.860001,24.921112,0.0,0.0,0.0,0.0,0.0,"July 11, 19",0.0
0,2019-07-10,25.860001,25.860001,25.860001,25.860001,24.921112,0.0,0.0,0.0,0.0,0.0,"July 10, 19",0.0
0,2019-07-09,25.860001,25.860001,25.860001,25.860001,24.921112,0.0,0.0,0.0,0.0,0.0,"July 09, 19",0.0
0,2019-07-08,25.860001,25.860001,25.860001,25.860001,24.921112,0.0,0.0,0.0,0.0,0.0,"July 08, 19",0.0
0,2019-07-05,25.860001,25.860001,25.860001,25.860001,24.921112,0.0,0.0,0.0,0.0,0.0,"July 05, 19",0.0
0,2019-07-04,25.860001,25.860001,25.860001,25.860001,24.921112,0.0,0.0,0.0,0.0,0.0,"July 04, 19",0.0
0,2019-07-03,25.860001,25.860001,25.860001,25.860001,24.921112,0.0,0.0,0.0,0.0,0.0,"July 03, 19",0.0
0,2019-07-02,25.860001,25.860001,25.860001,25.860001,24.921112,0.0,0.0,0.0,0.0,0.0,"July 02, 19",0.0
0,2019-07-01,25.860001,25.860001,25.860001,25.860001,24.921112,0.0,0.0,0.0,0.0,0.0,"July 01, 19",0.0
0,2019-06-28,25.860001,25.860001,25.860001,25.860001,24.921112,0.0,0.0,0.0,0.0,0.0,"June 28, 19",0.0
0,2019-06-27,25.860001,25.860001,25.860001,25.860001,24.921112,0.0,0.0,0.0,0.0,0.0,"June 27, 19",0.0
0,2019-06-26,25.860001,25.860001,25.860001,25.860001,24.921112,0.0,0.0,0.0,0.0,0.0,"June 26, 19",0.0
0,2019-06-25,25.860001,25.860001,25.860001,25.860001,24.921112,0.0,0.0,0.0,0.0,0.0,"June 25, 19",0.0
0,2019-06-24,25.860001,25.860001,25.860001,25.860001,24.921112,0.0,0.0,0.0,0.0,0.0,"June 24, 19",0.0
0,2019-06-21,25.860001,25.860001,25.860001,25.860001,24.921112,0.0,0.0,0.0,0.0,0.0,"June 21, 19",0.0
0,2019-06-20,25.860001,25.860001,25.860001,25.860001,24.921112,0.0,0.0,0.0,0.0,0.0,"June 20, 19",0.0
0,2019-06-19,25.860001,25.860001,25.860001,25.860001,24.921112,0.0,0.0,0.0,0.0,0.0,"June 19, 19",0.0
0,2019-06-18,25.860001,25.860001,25.860001,25.860001,24.921112,0.0,0.0,0.0,0.0,0.0,"June 18, 19",0.0
0,2019-06-17,25.860001,25.860001,25.860001,25.860001,24.921112,0.0,0.0,0.0,0.0,0.0,"June 17, 19",0.0
0,2019-06-14,25.860001,25.860001,25.860001,25.860001,24.921112,0.0,0.0,0.0,0.0,0.0,"June 14, 19",0.0
0,2019-06-13,25.860001,25.860001,25.860001,25.860001,24.921112,0.0,0.0,0.0,0.0,0.0,"June 13, 19",0.0
0,2019-06-12,25.860001,25.860001,25.860001,25.860001,24.921112,0.0,0.0,0.0,0.0,0.0,"June 12, 19",0.0
0,2019-06-11,25.860001,25.860001,25.860001,25.860001,24.921112,0.0,0.0,0.0,0.0,0.0,"June 11, 19",0.0
0,2019-06-07,25.860001,25.860001,25.860001,25.860001,24.921112,0.0,0.0,0.0,0.0,0.0,"June 07, 19",0.0
0,2019-06-06,25.860001,25.860001,25.860001,25.860001,24.921112,0.0,0.0,0.0,0.0,0.0,"June 06, 19",0.0
0,2019-06-05,25.860001,25.860001,25.860001,25.860001,24.921112,0.0,0.0,0.0,0.0,0.0,"June 05, 19",0.0
0,2019-06-04,25.860001,25.860001,25.860001,25.860001,24.921112,0.0,0.0,0.0,0.0,0.0,"June 04, 19",0.0
0,2019-06-03,25.860001,25.860001,25.860001,25.860001,24.921112,0.0,0.0,0.0,0.0,0.0,"June 03, 19",0.0
0,2019-05-31,25.860001,25.860001,25.860001,25.860001,24.921112,0.0,0.0,0.0,0.0,0.0,"May 31, 19",0.0
0,2019-05-30,25.860001,25.860001,25.860001,25.860001,24.921112,0.0,0.0,0.0,0.0,0.0,"May 30, 19",0.0
0,2019-05-29,25.860001,25.860001,25.860001,25.860001,24.921112,0.0,0.0,0.0,0.0,0.0,"May 29, 19",0.0
0,2019-05-28,25.860001,25.860001,25.860001,25.860001,24.921112,0.0,0.0,0.0,0.0,0.0,"May 28, 19",0.0
0,2019-05-27,25.860001,25.860001,25.860001,25.860001,24.921112,0.0,0.0,0.0,0.0,0.0,"May 27, 19",0.0
0,2019-05-24,25.860001,25.860001,25.860001,25.860001,24.921112,0.0,0.0,0.0,0.0,0.0,"May 24, 19",0.0
0,2019-05-23,25.860001,25.860001,25.860001,25.860001,24.921112,0.0,0.0,0.0,0.0,0.0,"May 23, 19",0.0
0,2019-05-22,25.860001,25.860001,25.860001,25.860001,24.921112,0.0,0.0,0.0,0.0,0.0,"May 22, 19",0.0
0,2019-05-21,25.860001,25.860001,25.860001,25.860001,24.921112,0.0,0.0,0.0,0.0,0.0,"May 21, 19",0.0
0,2019-05-20,25.860001,25.860001,25.860001,25.860001,24.921112,0.0,0.0,0.0,0.0,0.0,"May 20, 19",0.0
0,2019-05-17,25.860001,25.860001,25.860001,25.860001,24.921112,0.0,0.0,0.0,0.0,0.0,"May 17, 19",0.0
0,2019-05-16,25.860001,25.860001,25.860001,25.860001,24.921112,0.0,0.0,0.0,0.0,0.0,"May 16, 19",0.0
0,2019-05-15,25.860001,25.860001,25.860001,25.860001,24.921112,0.0,0.0,0.0,0.0,0.0,"May 15, 19",0.0
0,2019-05-14,25.860001,25.860001,25.860001,25.860001,24.921112,0.0,0.0,0.0,0.0,0.0,"May 14, 19",0.0
0,2019-05-13,25.860001,25.860001,25.860001,25.860001,24.921112,0.0,0.0,0.0,0.0,0.0,"May 13, 19",0.0
0,2019-05-10,25.860001,25.860001,25.860001,25.860001,24.921112,0.0,0.0,0.0,0.0,0.0,"May 10, 19",0.0
0,2019-05-09,25.860001,25.860001,25.860001,25.860001,24.921112,0.0,0.0,0.0,0.0,0.0,"May 09, 19",0.0
0,2019-05-08,25.860001,25.860001,25.860001,25.860001,24.921112,0.0,0.0,0.0,0.0,0.0,"May 08, 19",0.0
0,2019-05-07,25.860001,25.860001,25.860001,25.860001,24.921112,0.0,0.0,0.0,0.0,0.0,"May 07, 19",0.0
0,2019-05-06,25.860001,25.860001,25.860001,25.860001,24.921112,0.0,0.0,0.0,0.0,0.0,"May 06, 19",0.0
0,2019-05-03,25.860001,25.860001,25.860001,25.860001,24.921112,0.0,0.0,0.0,0.0,0.0,"May 03, 19",0.0
0,2019-05-02,25.860001,25.860001,25.860001,25.860001,24.921112,0.0,0.0,0.0,0.0,0.0,"May 02, 19",0.0
0,2019-04-30,25.860001,25.860001,25.860001,25.860001,24.921112,0.0,0.0,0.0,0.0,0.0,"April 30, 19",0.0
0,2019-04-29,25.860001,25.860001,25.860001,25.860001,24.921112,0.0,0.0,0.0,0.0,0.0,"April 29, 19",0.0
0,2019-04-26,25.860001,25.860001,25.860001,25.860001,24.921112,0.0,0.0,0.0,0.0,0.0,"April 26, 19",0.0
0,2019-04-25,25.860001,25.860001,25.860001,25.860001,24.921112,0.0,0.0,0.0,0.0,0.0,"April 25, 19",0.0
0,2019-04-24,25.860001,25.860001,25.860001,25.860001,24.921112,0.0,0.0,0.0,0.0,0.0,"April 24, 19",0.0
0,2019-04-23,25.860001,25.860001,25.860001,25.860001,24.921112,0.0,0.0,0.0,0.0,0.0,"April 23, 19",0.0
0,2019-04-18,25.860001,25.860001,25.860001,25.860001,24.921112,0.0,0.0,0.0,0.0,0.0,"April 18, 19",0.0
0,2019-04-17,25.860001,25.860001,25.860001,25.860001,24.921112,0.0,0.0,0.0,0.0,0.0,"April 17, 19",0.0
0,2019-04-16,25.860001,25.860001,25.860001,25.860001,24.921112,0.0,0.0,0.0,0.0,0.0,"April 16, 19",0.0
0,2019-04-15,25.860001,25.860001,25.860001,25.860001,24.921112,0.0,0.0,0.0,0.0,0.0,"April 15, 19",0.0
0,2019-04-12,25.860001,25.860001,25.860001,25.860001,24.921112,0.0,0.0,0.0,0.0,0.0,"April 12, 19",0.0
0,2019-04-11,25.860001,25.860001,25.860001,25.860001,24.921112,0.0,0.0,0.0,0.0,0.0,"April 11, 19",0.0
0,2019-04-10,25.860001,25.860001,25.860001,25.860001,24.921112,0.0,0.0,0.0,0.0,0.0,"April 10, 19",0.0
0,2019-04-09,25.860001,25.860001,25.860001,25.860001,24.921112,0.0,0.0,0.0,0.0,0.0,"April 09, 19",0.0
0,2019-04-08,25.860001,25.860001,25.860001,25.860001,24.921112,0.0,0.0,0.0,0.0,0.0,"April 08, 19",0.0
0,2019-04-05,25.860001,25.860001,25.860001,25.860001,24.921112,0.0,0.0,0.0,0.0,0.0,"April 05, 19",0.0
0,2019-04-04,25.860001,25.860001,25.860001,25.860001,24.921112,0.0,0.0,0.0,0.0,0.0,"April 04, 19",0.0
0,2019-04-03,25.860001,25.860001,25.860001,25.860001,24.921112,0.0,0.0,0.0,0.0,0.0,"April 03, 19",0.0
0,2019-04-02,25.860001,25.860001,25.860001,25.860001,24.921112,0.0,0.0,0.0,0.0,0.0,"April 02, 19",0.0
0,2019-04-01,25.860001,25.860001,25.860001,25.860001,24.921112,0.0,0.0,0.0,0.0,0.0,"April 01, 19",0.0
0,2019-03-29,25.860001,25.860001,25.860001,25.860001,24.921112,0.0,0.0,0.0,0.0,0.0,"March 29, 19",0.0
0,2019-03-28,25.860001,25.860001,25.860001,25.860001,24.921112,0.0,0.0,0.0,0.0,0.0,"March 28, 19",0.0
0,2019-03-27,25.860001,25.860001,25.860001,25.860001,24.921112,0.0,0.0,0.0,0.0,0.0,"March 27, 19",0.0
0,2019-03-26,25.860001,25.860001,25.860001,25.860001,24.921112,0.0,0.0,0.0,0.0,0.0,"March 26, 19",0.0
0,2019-03-25,25.860001,25.860001,25.860001,25.860001,24.921112,0.0,0.0,0.0,0.0,0.0,"March 25, 19",0.0
0,2019-03-22,25.860001,25.860001,25.860001,25.860001,24.921112,0.0,0.0,0.0,0.0,0.0,"March 22, 19",0.0
0,2019-03-21,25.860001,25.860001,25.860001,25.860001,24.921112,0.0,0.0,0.0,0.0,0.0,"March 21, 19",0.0
0,2019-03-20,25.860001,25.860001,25.860001,25.860001,24.921112,0.0,0.0,0.0,0.0,0.0,"March 20, 19",0.0
0,2019-03-19,25.860001,25.860001,25.860001,25.860001,24.921112,0.0,0.0,0.0,0.0,0.0,"March 19, 19",0.0
0,2019-03-18,25.860001,25.860001,25.860001,25.860001,24.921112,0.0,0.0,0.0,0.0,0.0,"March 18, 19",0.0
0,2019-03-15,25.860001,25.860001,25.860001,25.860001,24.921112,0.0,0.0,0.0,0.0,0.0,"March 15, 19",0.0
0,2019-03-14,25.860001,25.860001,25.860001,25.860001,24.921112,0.0,0.0,0.0,0.0,0.0,"March 14, 19",0.0
0,2019-03-13,25.860001,25.860001,25.860001,25.860001,24.921112,0.0,0.0,0.0,0.0,0.0,"March 13, 19",0.0
0,2019-03-12,25.860001,25.860001,25.860001,25.860001,24.921112,0.0,0.0,0.0,0.0,0.0,"March 12, 19",0.0
0,2019-03-11,25.860001,25.860001,25.860001,25.860001,24.921112,0.0,0.0,0.0,0.0,0.0,"March 11, 19",0.0
0,2019-03-08,25.860001,25.860001,25.860001,25.860001,24.921112,0.0,0.0,0.0,0.0,0.0,"March 08, 19",0.0
0,2019-03-07,25.860001,25.860001,25.860001,25.860001,24.921112,0.0,0.0,0.0,0.0,0.0,"March 07, 19",0.0
0,2019-03-06,25.860001,25.860001,25.860001,25.860001,24.921112,0.0,0.0,0.0,0.0,0.0,"March 06, 19",0.0
0,2019-03-05,25.860001,25.860001,25.860001,25.860001,24.921112,0.0,0.0,0.0,0.0,0.0,"March 05, 19",0.0
0,2019-03-04,25.860001,25.860001,25.860001,25.860001,24.921112,0.0,0.0,0.0,0.0,0.0,"March 04, 19",0.0
0,2019-03-01,25.860001,25.860001,25.860001,25.860001,24.921112,0.0,0.0,0.0,0.0,0.0,"March 01, 19",0.0
0,2019-02-28,25.860001,25.860001,25.860001,25.860001,24.921112,0.0,0.0,0.0,0.0,0.0,"February 28, 19",0.0
0,2019-02-27,25.860001,25.860001,25.860001,25.860001,24.921112,0.0,0.0,0.0,0.0,0.0,"February 27, 19",0.0
0,2019-02-26,25.860001,25.860001,25.860001,25.860001,24.921112,0.0,0.0,0.0,0.0,0.0,"February 26, 19",0.0
0,2019-02-25,25.860001,25.860001,25.860001,25.860001,24.921112,0.0,0.0,0.0,0.0,0.0,"February 25, 19",0.0
0,2019-02-22,25.860001,25.860001,25.860001,25.860001,24.921112,0.0,0.0,0.0,0.0,0.0,"February 22, 19",0.0
0,2019-02-21,25.860001,25.860001,25.860001,25.860001,24.921112,0.0,0.0,0.0,0.0,0.0,"February 21, 19",0.0
0,2019-02-20,25.860001,25.860001,25.860001,25.860001,24.921112,0.0,0.0,0.0,0.0,0.0,"February 20, 19",0.0
0,2019-02-19,25.860001,25.860001,25.860001,25.860001,24.921112,0.0,0.0,0.0,0.0,0.0,"February 19, 19",0.0
0,2019-02-18,25.860001,25.860001,25.860001,25.860001,24.921112,0.0,0.0,0.0,0.0,0.0,"February 18, 19",0.0
0,2019-02-15,25.860001,25.860001,25.860001,25.860001,24.921112,0.0,0.0,0.0,0.0,0.0,"February 15, 19",0.0
0,2019-02-14,25.860001,25.860001,25.860001,25.860001,24.921112,0.0,0.0,0.0,0.0,0.0,"February 14, 19",0.0
0,2019-02-13,25.860001,25.860001,25.860001,25.860001,24.921112,0.0,0.0,0.0,0.0,0.0,"February 13, 19",0.0
0,2019-02-12,25.860001,25.860001,25.860001,25.860001,24.921112,0.0,0.0,0.0,0.0,0.0,"February 12, 19",0.0
0,2019-02-11,25.860001,25.860001,25.860001,25.860001,24.921112,0.0,0.0,0.0,0.0,0.0,"February 11, 19",0.0
0,2019-02-08,25.860001,25.860001,25.860001,25.860001,24.921112,0.0,0.0,0.0,0.0,0.0,"February 08, 19",0.0
0,2019-02-07,25.860001,25.860001,25.860001,25.860001,24.921112,0.0,0.0,0.0,0.0,0.0,"February 07, 19",0.0
0,2019-02-06,25.860001,25.860001,25.860001,25.860001,24.921112,0.0,0.0,0.0,0.0,0.0,"February 06, 19",0.0
0,2019-02-05,25.860001,25.860001,25.860001,25.860001,24.921112,0.0,0.0,0.0,0.0,0.0,"February 05, 19",0.0
0,2019-02-04,25.860001,25.860001,25.860001,25.860001,24.921112,0.0,0.0,0.0,0.0,0.0,"February 04, 19",0.0
0,2019-02-01,25.860001,25.860001,25.860001,25.860001,24.921112,0.0,0.0,0.0,0.0,0.0,"February 01, 19",0.0
0,2019-01-31,25.860001,25.860001,25.860001,25.860001,24.921112,0.0,0.0,0.0,0.0,0.0,"January 31, 19",0.0
0,2019-01-30,25.860001,25.860001,25.860001,25.860001,24.921112,0.0,0.0,0.0,0.0,0.0,"January 30, 19",0.0
0,2019-01-29,25.860001,25.860001,25.860001,25.860001,24.921112,0.0,0.0,0.0,0.0,0.0,"January 29, 19",0.0
0,2019-01-28,25.860001,25.860001,25.860001,25.860001,24.921112,0.0,0.0,0.0,0.0,0.0,"January 28, 19",0.0
0,2019-01-25,25.860001,25.860001,25.860001,25.860001,24.921112,0.0,0.0,0.0,0.0,0.0,"January 25, 19",0.0
0,2019-01-24,25.860001,25.860001,25.860001,25.860001,24.921112,0.0,0.0,0.0,0.0,0.0,"January 24, 19",0.0
0,2019-01-23,25.860001,25.860001,25.860001,25.860001,24.921112,0.0,0.0,0.0,0.0,0.0,"January 23, 19",0.0
0,2019-01-22,25.860001,25.860001,25.860001,25.860001,24.921112,0.0,0.0,0.0,0.0,0.0,"January 22, 19",0.0
0,2019-01-21,25.860001,25.860001,25.860001,25.860001,24.921112,0.0,0.0,0.0,0.0,0.0,"January 21, 19",0.0
0,2019-01-18,25.860001,25.860001,25.860001,25.860001,24.921112,0.0,0.0,0.0,0.0,0.0,"January 18, 19",0.0
0,2019-01-17,25.860001,25.860001,25.860001,25.860001,24.921112,0.0,0.0,0.0,0.0,0.0,"January 17, 19",0.0
0,2019-01-16,25.860001,25.860001,25.860001,25.860001,24.921112,0.0,0.0,0.0,0.0,0.0,"January 16, 19",0.0
0,2019-01-15,25.860001,25.860001,25.860001,25.860001,24.921112,0.0,0.0,0.0,0.0,0.0,"January 15, 19",0.0
0,2019-01-14,25.860001,25.860001,25.860001,25.860001,24.921112,0.0,0.0,0.0,0.0,0.0,"January 14, 19",0.0
0,2019-01-11,25.860001,25.860001,25.860001,25.860001,24.921112,0.0,0.0,0.0,0.0,0.0,"January 11, 19",0.0
0,2019-01-10,25.860001,25.860001,25.860001,25.860001,24.921112,0.0,0.0,0.0,0.0,0.0,"January 10, 19",0.0
0,2019-01-09,25.860001,25.860001,25.860001,25.860001,24.921112,0.0,0.0,0.0,0.0,0.0,"January 09, 19",0.0
0,2019-01-08,25.860001,25.860001,25.860001,25.860001,24.921112,0.0,0.0,0.0,0.0,0.0,"January 08, 19",0.0
0,2019-01-07,25.860001,25.860001,25.860001,25.860001,24.921112,0.0,0.0,0.0,0.0,0.0,"January 07, 19",0.0
0,2019-01-04,25.860001,25.860001,25.860001,25.860001,24.921112,0.0,0.0,0.0,0.0,0.0,"January 04, 19",0.0
0,2019-01-03,25.860001,25.860001,25.860001,25.860001,24.921112,0.0,0.0,0.0,0.0,0.0,"January 03, 19",0.0
0,2019-01-02,25.860001,25.860001,25.860001,25.860001,24.921112,0.0,0.0,0.0,0.0,0.0,"January 02, 19",0.0
0,2018-12-28,25.860001,25.860001,25.860001,25.860001,24.921112,0.0,0.0,0.0,0.0,0.0,"December 28, 18",0.0
0,2018-12-27,25.860001,25.860001,25.860001,25.860001,24.921112,0.0,0.0,0.0,0.0,0.0,"December 27, 18",0.0
0,2018-12-21,25.860001,25.860001,25.860001,25.860001,24.921112,0.0,0.0,0.0,0.0,0.0,"December 21, 18",0.0
0,2018-12-20,25.860001,25.860001,25.860001,25.860001,24.921112,0.0,0.0,0.0,0.0,0.0,"December 20, 18",0.0
0,2018-12-19,25.860001,25.860001,25.860001,25.860001,24.921112,0.0,0.0,0.0,0.0,0.0,"December 19, 18",0.0
0,2018-12-18,25.860001,25.860001,25.860001,25.860001,24.921112,0.0,0.0,0.0,0.0,0.0,"December 18, 18",0.0
0,2018-12-17,25.860001,25.860001,25.860001,25.860001,24.921112,0.0,0.0,0.0,0.0,0.0,"December 17, 18",0.0
0,2018-12-14,25.860001,25.860001,25.860001,25.860001,24.921112,0.0,0.0,0.0,0.0,0.0,"December 14, 18",0.0
0,2018-12-13,25.860001,25.860001,25.860001,25.860001,24.921112,0.0,0.0,0.0,0.0,0.0,"December 13, 18",0.0
0,2018-12-12,25.860001,25.860001,25.860001,25.860001,24.921112,0.0,0.0,0.0,0.0,0.0,"December 12, 18",0.0
0,2018-12-11,25.860001,25.860001,25.860001,25.860001,24.921112,0.0,0.0,0.0,0.0,0.0,"December 11, 18",0.0
0,2018-12-10,25.860001,25.860001,25.860001,25.860001,24.921112,0.0,0.0,0.0,0.0,0.0,"December 10, 18",0.0
0,2018-12-07,25.860001,25.860001,25.860001,25.860001,24.921112,0.0,0.0,0.0,0.0,0.0,"December 07, 18",0.0
0,2018-12-06,25.860001,25.860001,25.860001,25.860001,24.921112,0.0,0.0,0.0,0.0,0.0,"December 06, 18",0.0
0,2018-12-05,25.860001,25.860001,25.860001,25.860001,24.921112,0.0,0.0,0.0,0.0,0.0,"December 05, 18",0.0
0,2018-12-04,25.860001,25.860001,25.860001,25.860001,24.921112,0.0,0.0,0.0,0.0,0.0,"December 04, 18",0.0
0,2018-12-03,25.860001,25.860001,25.860001,25.860001,24.921112,0.0,0.0,0.0,0.0,0.0,"December 03, 18",0.0
0,2018-11-30,25.860001,25.860001,25.860001,25.860001,24.921112,0.0,0.0,0.0,0.0,0.0,"November 30, 18",0.0
0,2018-11-29,25.860001,25.860001,25.860001,25.860001,24.921112,0.0,0.0,0.0,0.0,0.0,"November 29, 18",0.0
0,2018-11-28,25.860001,25.860001,25.860001,25.860001,24.921112,0.0,0.0,0.0,0.0,0.0,"November 28, 18",0.0
0,2018-11-27,25.860001,25.860001,25.860001,25.860001,24.921112,0.0,0.0,0.0,0.0,0.0,"November 27, 18",0.0
0,2018-11-26,25.860001,25.860001,25.860001,25.860001,24.921112,0.0,0.0,0.0,0.0,0.0,"November 26, 18",0.0
0,2018-11-23,25.860001,25.860001,25.860001,25.860001,24.921112,0.0,0.0,0.0,0.0,0.0,"November 23, 18",0.0
0,2018-11-22,25.860001,25.860001,25.860001,25.860001,24.921112,0.0,0.0,0.0,0.0,0.0,"November 22, 18",0.0
0,2018-11-21,25.860001,25.860001,25.860001,25.860001,24.921112,0.0,0.0,0.0,0.0,0.0,"November 21, 18",0.0
0,2018-11-20,25.860001,25.860001,25.860001,25.860001,24.921112,0.0,0.0,0.0,0.0,0.0,"November 20, 18",0.0
0,2018-11-19,25.860001,25.860001,25.860001,25.860001,24.921112,0.0,0.0,0.0,0.0,0.0,"November 19, 18",0.0
0,2018-11-16,25.860001,25.860001,25.860001,25.860001,24.921112,0.0,0.0,0.0,0.0,0.0,"November 16, 18",0.0
0,2018-11-15,25.860001,25.860001,25.860001,25.860001,24.921112,0.0,0.0,0.0,0.0,0.0,"November 15, 18",0.0
0,2018-11-14,25.860001,25.860001,25.860001,25.860001,24.921112,0.0,0.0,0.0,0.0,0.0,"November 14, 18",0.0
0,2018-11-13,25.860001,25.860001,25.860001,25.860001,24.921112,0.0,0.0,0.0,0.0,0.0,"November 13, 18",0.0
0,2018-11-12,25.860001,25.860001,25.860001,25.860001,24.921112,0.0,0.0,0.0,0.0,0.0,"November 12, 18",0.0
0,2018-11-09,25.860001,25.860001,25.860001,25.860001,24.921112,0.0,0.0,0.0,0.0,0.0,"November 09, 18",0.0
0,2018-11-08,25.860001,25.860001,25.860001,25.860001,24.921112,0.0,0.0,0.0,0.0,0.0,"November 08, 18",0.0
0,2018-11-07,25.860001,25.860001,25.860001,25.860001,24.921112,0.0,0.0,0.0,0.0,0.0,"November 07, 18",0.0
0,2018-11-06,25.860001,25.860001,25.860001,25.860001,24.921112,0.0,0.0,0.0,0.0,0.0,"November 06, 18",0.0
0,2018-11-05,25.860001,25.860001,25.860001,25.860001,24.921112,0.0,0.0,0.0,0.0,0.0,"November 05, 18",0.0
0,2018-11-02,25.860001,25.860001,25.860001,25.860001,24.921112,0.0,0.0,0.0,0.0,0.0,"November 02, 18",0.0
0,2018-11-01,25.860001,25.860001,25.860001,25.860001,24.921112,0.0,0.0,0.0,0.0,0.0,"November 01, 18",0.0
0,2018-10-31,25.860001,25.860001,25.860001,25.860001,24.921112,0.0,0.0,0.0,0.0,0.0,"October 31, 18",0.0
0,2018-10-30,25.860001,25.860001,25.860001,25.860001,24.921112,0.0,0.0,0.0,0.0,0.0,"October 30, 18",0.0
0,2018-10-29,25.860001,25.860001,25.860001,25.860001,24.921112,0.0,0.0,0.0,0.0,0.0,"October 29, 18",0.0
0,2018-10-26,25.860001,25.860001,25.860001,25.860001,24.921112,0.0,0.0,0.0,0.0,0.0,"October 26, 18",0.0
0,2018-10-25,25.860001,25.860001,25.860001,25.860001,24.921112,0.0,0.0,0.0,0.0,0.0,"October 25, 18",0.0
0,2018-10-24,25.860001,25.860001,25.860001,25.860001,24.921112,0.0,0.0,0.0,0.0,0.0,"October 24, 18",0.0
0,2018-10-23,25.860001,25.860001,25.860001,25.860001,24.921112,0.0,0.0,0.0,0.0,0.0,"October 23, 18",0.0
0,2018-10-22,25.860001,25.860001,25.860001,25.860001,24.921112,0.0,0.0,0.0,0.0,0.0,"October 22, 18",0.0
0,2018-10-19,25.860001,25.860001,25.860001,25.860001,24.921112,0.0,0.0,0.0,0.0,0.0,"October 19, 18",0.0
0,2018-10-18,25.860001,25.860001,25.860001,25.860001,24.921112,0.0,0.0,0.0,0.0,0.0,"October 18, 18",0.0
0,2018-10-17,25.860001,25.860001,25.860001,25.860001,24.921112,0.0,0.0,0.0,0.0,0.0,"October 17, 18",0.0
0,2018-10-16,25.860001,25.860001,25.860001,25.860001,24.921112,0.0,0.0,0.0,0.0,0.0,"October 16, 18",0.0
0,2018-10-15,25.860001,25.860001,25.860001,25.860001,24.921112,0.0,0.0,0.0,0.0,0.0,"October 15, 18",0.0
0,2018-10-12,25.860001,25.860001,25.860001,25.860001,24.921112,0.0,0.0,0.0,0.0,0.0,"October 12, 18",0.0
0,2018-10-11,25.860001,25.860001,25.860001,25.860001,24.921112,0.0,0.0,0.0,0.0,0.0,"October 11, 18",0.0
0,2018-10-10,25.860001,25.860001,25.860001,25.860001,24.921112,0.0,0.0,0.0,0.0,0.0,"October 10, 18",0.0
0,2018-10-09,25.860001,25.860001,25.860001,25.860001,24.921112,0.0,0.0,0.0,0.0,0.0,"October 09, 18",0.0
0,2018-10-08,25.860001,25.860001,25.860001,25.860001,24.921112,0.0,0.0,0.0,0.0,0.0,"October 08, 18",0.0
0,2018-10-05,25.860001,25.860001,25.860001,25.860001,24.921112,0.0,0.0,0.0,0.0,0.0,"October 05, 18",0.0
0,2018-10-04,25.860001,25.860001,25.860001,25.860001,24.921112,0.0,0.0,0.0,0.0,0.0,"October 04, 18",0.0
0,2018-10-02,25.860001,25.860001,25.860001,25.860001,24.921112,0.0,0.0,0.0,0.0,0.0,"October 02, 18",0.0
0,2018-10-01,25.860001,25.860001,25.860001,25.860001,24.921112,0.0,0.0,0.0,0.0,0.0,"October 01, 18",0.0
0,2018-09-28,25.860001,25.860001,25.860001,25.860001,24.921112,0.0,0.0,0.0,0.0,0.0,"September 28, 18",0.0
0,2018-09-27,25.860001,25.860001,25.860001,25.860001,24.921112,0.0,0.0,0.0,0.0,0.0,"September 27, 18",0.0
0,2018-09-26,25.860001,25.860001,25.860001,25.860001,24.921112,0.0,0.0,0.0,0.0,0.0,"September 26, 18",0.0
0,2018-09-25,25.860001,25.860001,25.860001,25.860001,24.921112,0.0,0.0,0.0,0.0,0.0,"September 25, 18",0.0
0,2018-09-24,25.860001,25.860001,25.860001,25.860001,24.921112,0.0,0.0,0.0,0.0,0.0,"September 24, 18",0.0
0,2018-09-21,25.860001,25.860001,25.860001,25.860001,24.921112,0.0,0.0,0.0,0.0,0.0,"September 21, 18",0.0
0,2018-09-20,25.860001,25.860001,25.860001,25.860001,24.921112,0.0,0.0,0.0,0.0,0.0,"September 20, 18",0.0
0,2018-09-19,25.860001,25.860001,25.860001,25.860001,24.921112,0.0,0.0,0.0,0.0,0.0,"September 19, 18",0.0
0,2018-09-18,25.860001,25.860001,25.860001,25.860001,24.921112,0.0,0.0,0.0,0.0,0.0,"September 18, 18",0.0
0,2018-09-17,25.860001,25.860001,25.860001,25.860001,24.921112,0.0,0.0,0.0,0.0,0.0,"September 17, 18",0.0
0,2018-09-14,25.860001,25.860001,25.860001,25.860001,24.921112,0.0,0.0,0.0,0.0,0.0,"September 14, 18",0.0
0,2018-09-13,25.860001,25.860001,25.860001,25.860001,24.921112,0.0,0.0,0.0,0.0,0.0,"September 13, 18",0.0
0,2018-09-12,25.860001,25.860001,25.860001,25.860001,24.921112,0.0,0.0,0.0,0.0,0.0,"September 12, 18",0.0
0,2018-09-11,25.860001,25.860001,25.860001,25.860001,24.921112,0.0,0.0,0.0,0.0,0.0,"September 11, 18",0.0
0,2018-09-10,25.860001,25.860001,25.860001,25.860001,24.921112,0.0,0.0,0.0,0.0,0.0,"September 10, 18",0.0
0,2018-09-07,25.860001,25.860001,25.860001,25.860001,24.921112,0.0,0.0,0.0,0.0,0.0,"September 07, 18",0.0
0,2018-09-06,25.860001,25.860001,25.860001,25.860001,24.921112,0.0,0.0,0.0,0.0,0.0,"September 06, 18",0.0
0,2018-09-05,25.860001,25.860001,25.860001,25.860001,24.921112,0.0,0.0,0.0,0.0,0.0,"September 05, 18",0.0
0,2018-09-04,25.860001,25.860001,25.860001,25.860001,24.921112,0.0,0.0,0.0,0.0,0.0,"September 04, 18",0.0
0,2018-09-03,25.860001,25.860001,25.860001,25.860001,24.921112,0.0,0.0,0.0,0.0,0.0,"September 03, 18",0.0
0,2018-08-31,25.860001,25.860001,25.860001,25.860001,24.921112,0.0,0.0,0.0,0.0,0.0,"August 31, 18",0.0
0,2018-08-30,25.860001,25.860001,25.860001,25.860001,24.921112,0.0,0.0,0.0,0.0,0.0,"August 30, 18",0.0
0,2018-08-29,25.860001,25.860001,25.860001,25.860001,24.921112,0.0,0.0,0.0,0.0,0.0,"August 29, 18",0.0
0,2018-08-28,25.860001,25.860001,25.860001,25.860001,24.921112,0.0,0.0,0.0,0.0,0.0,"August 28, 18",0.0
0,2018-08-27,25.860001,25.860001,25.860001,25.860001,24.921112,0.0,0.0,0.0,0.0,0.0,"August 27, 18",0.0
0,2018-08-24,25.860001,25.860001,25.860001,25.860001,24.921112,0.0,0.0,0.0,0.0,0.0,"August 24, 18",0.0
0,2018-08-23,25.860001,25.860001,25.860001,25.860001,24.921112,0.0,0.0,0.0,0.0,0.0,"August 23, 18",0.0
0,2018-08-22,25.860001,25.860001,25.860001,25.860001,24.921112,0.0,0.0,0.0,0.0,0.0,"August 22, 18",0.0
0,2018-08-21,25.860001,25.860001,25.860001,25.860001,24.921112,0.0,0.0,0.0,0.0,0.0,"August 21, 18",0.0
0,2018-08-20,25.860001,25.860001,25.860001,25.860001,24.921112,0.0,0.0,0.0,0.0,0.0,"August 20, 18",0.0
0,2018-08-17,25.860001,25.860001,25.860001,25.860001,24.921112,0.0,0.0,0.0,0.0,0.0,"August 17, 18",0.0
0,2018-08-16,25.860001,25.860001,25.860001,25.860001,24.921112,0.0,0.0,0.0,0.0,0.0,"August 16, 18",0.0
0,2018-08-15,25.860001,25.860001,25.860001,25.860001,24.921112,0.0,0.0,0.0,0.0,0.0,"August 15, 18",0.0
0,2018-08-14,25.860001,25.860001,25.860001,25.860001,24.921112,0.0,0.0,0.0,0.0,0.0,"August 14, 18",0.0
0,2018-08-13,25.860001,25.860001,25.860001,25.860001,24.921112,0.0,0.0,0.0,0.0,0.0,"August 13, 18",0.0
0,2018-08-10,25.860001,25.860001,25.860001,25.860001,24.921112,0.0,0.0,0.0,0.0,0.0,"August 10, 18",0.0
0,2018-08-09,25.860001,25.860001,25.860001,25.860001,24.921112,0.0,0.0,0.0,0.0,0.0,"August 09, 18",0.0
0,2018-08-08,25.860001,25.860001,25.860001,25.860001,24.921112,0.0,0.0,0.0,0.0,0.0,"August 08, 18",0.0
0,2018-08-07,25.860001,25.860001,25.860001,25.860001,24.921112,0.0,0.0,0.0,0.0,0.0,"August 07, 18",0.0
0,2018-08-06,25.860001,25.860001,25.860001,25.860001,24.921112,0.0,0.0,0.0,0.0,0.0,"August 06, 18",0.0
0,2018-08-03,25.860001,25.860001,25.860001,25.860001,24.921112,0.0,0.0,0.0,0.0,0.0,"August 03, 18",0.0
0,2018-08-02,25.860001,25.860001,25.860001,25.860001,24.921112,0.0,0.0,0.0,0.0,0.0,"August 02, 18",0.0
0,2018-08-01,25.860001,25.860001,25.860001,25.860001,24.921112,0.0,0.0,0.0,0.0,0.0,"August 01, 18",0.0
0,2018-07-31,25.860001,25.860001,25.860001,25.860001,24.921112,0.0,0.0,0.0,0.0,0.0,"July 31, 18",0.0
0,2018-07-30,25.860001,25.860001,25.860001,25.860001,24.921112,0.0,0.0,0.0,0.0,0.0,"July 30, 18",0.0
0,2018-07-27,25.860001,25.860001,25.860001,25.860001,24.921112,0.0,0.0,0.0,0.0,0.0,"July 27, 18",0.0
0,2018-07-26,25.860001,25.860001,25.860001,25.860001,24.921112,0.0,0.0,0.0,0.0,0.0,"July 26, 18",0.0
0,2018-07-25,25.860001,25.860001,25.860001,25.860001,24.921112,0.0,0.0,0.0,0.0,0.0,"July 25, 18",0.0
0,2018-07-24,25.860001,25.860001,25.860001,25.860001,24.921112,0.0,0.0,0.0,0.0,0.0,"July 24, 18",0.0
0,2018-07-23,25.860001,25.860001,25.860001,25.860001,24.921112,0.0,0.0,0.0,0.0,0.0,"July 23, 18",0.0
0,2018-07-20,25.860001,25.860001,25.860001,25.860001,24.921112,0.0,0.0,0.0,0.0,0.0,"July 20, 18",0.0
0,2018-07-19,25.860001,25.860001,25.860001,25.860001,24.921112,0.0,0.0,0.0,0.0,0.0,"July 19, 18",0.0
0,2018-07-18,25.860001,25.860001,25.860001,25.860001,24.921112,0.0,0.0,0.0,0.0,0.0,"July 18, 18",0.0
0,2018-07-17,25.860001,25.860001,25.860001,25.860001,24.921112,0.0,0.0,0.0,0.0,0.0,"July 17, 18",0.0
0,2018-07-16,25.860001,25.860001,25.860001,25.860001,24.921112,0.0,0.0,0.0,0.0,0.0,"July 16, 18",0.0
0,2018-07-13,25.860001,25.860001,25.860001,25.860001,24.921112,0.0,0.0,0.0,0.0,0.0,"July 13, 18",0.0
0,2018-07-12,25.860001,25.860001,25.860001,25.860001,24.921112,0.0,0.0,0.0,0.0,0.0,"July 12, 18",0.0
0,2018-07-11,25.860001,25.860001,25.860001,25.860001,24.921112,0.0,0.0,0.0,0.0,0.0,"July 11, 18",0.0
0,2018-07-10,25.860001,25.860001,25.860001,25.860001,24.921112,0.0,0.0,0.0,0.0,0.0,"July 10, 18",0.0
0,2018-07-09,25.860001,25.860001,25.860001,25.860001,24.921112,0.0,0.0,0.0,0.0,0.0,"July 09, 18",0.0
0,2018-07-06,25.860001,25.860001,25.860001,25.860001,24.921112,0.0,0.0,0.0,0.0,0.0,"July 06, 18",0.0
0,2018-07-05,25.860001,25.860001,25.860001,25.860001,24.921112,0.0,0.0,0.0,0.0,0.0,"July 05, 18",0.0
0,2018-07-04,25.860001,25.860001,25.860001,25.860001,24.921112,0.0,0.0,0.0,0.0,0.0,"July 04, 18",0.0
0,2018-07-03,25.860001,25.860001,25.860001,25.860001,24.921112,0.0,0.0,0.0,0.0,0.0,"July 03, 18",0.0
0,2018-07-02,25.860001,25.860001,25.860001,25.860001,24.921112,0.0,0.0,0.0,0.0,0.0,"July 02, 18",0.0
0,2018-06-29,25.860001,25.860001,25.860001,25.860001,24.921112,0.0,0.0,0.0,0.0,0.0,"June 29, 18",0.0
0,2018-06-28,25.860001,25.860001,25.860001,25.860001,24.921112,0.0,0.0,0.0,0.0,0.0,"June 28, 18",0.0
0,2018-06-27,25.860001,25.860001,25.860001,25.860001,24.921112,0.0,0.0,0.0,0.0,0.0,"June 27, 18",0.0
0,2018-06-26,25.860001,25.860001,25.860001,25.860001,24.921112,0.0,0.0,0.0,0.0,0.0,"June 26, 18",0.0
0,2018-06-25,25.860001,25.860001,25.860001,25.860001,24.921112,0.0,0.0,0.0,0.0,0.0,"June 25, 18",0.0
0,2018-06-22,25.860001,25.860001,25.860001,25.860001,24.921112,0.0,0.0,0.0,0.0,0.0,"June 22, 18",0.0
0,2018-06-21,25.860001,25.860001,25.860001,25.860001,24.921112,0.0,0.0,0.0,0.0,0.0,"June 21, 18",0.0
0,2018-06-20,25.860001,25.860001,25.860001,25.860001,24.921112,0.0,0.0,0.0,0.0,0.0,"June 20, 18",0.0
0,2018-06-19,25.860001,25.860001,25.860001,25.860001,24.921112,0.0,0.0,0.0,0.0,0.0,"June 19, 18",0.0
0,2018-06-18,25.860001,25.860001,25.860001,25.860001,24.921112,0.0,0.0,0.0,0.0,0.0,"June 18, 18",0.0
0,2018-06-15,25.860001,25.860001,25.860001,25.860001,24.921112,0.0,0.0,0.0,0.0,0.0,"June 15, 18",0.0
0,2018-06-14,25.860001,25.860001,25.860001,25.860001,24.921112,0.0,0.0,0.0,0.0,0.0,"June 14, 18",0.0
0,2018-06-13,25.860001,25.860001,25.860001,25.860001,24.921112,0.0,0.0,0.0,0.0,0.0,"June 13, 18",0.0
0,2018-06-12,25.860001,25.860001,25.860001,25.860001,24.921112,0.0,0.0,0.0,0.0,0.0,"June 12, 18",0.0
0,2018-06-11,25.860001,25.860001,25.860001,25.860001,24.921112,0.0,0.0,0.0,0.0,0.0,"June 11, 18",0.0
0,2018-06-08,25.860001,25.860001,25.860001,25.860001,24.921112,0.0,0.0,0.0,0.0,0.0,"June 08, 18",0.0
0,2018-06-07,25.860001,25.860001,25.860001,25.860001,24.921112,0.0,0.0,0.0,0.0,0.0,"June 07, 18",0.0
0,2018-06-06,25.860001,25.860001,25.860001,25.860001,24.921112,0.0,0.0,0.0,0.0,0.0,"June 06, 18",0.0
0,2018-06-05,25.860001,25.860001,25.860001,25.860001,24.921112,0.0,0.0,0.0,0.0,0.0,"June 05, 18",0.0
0,2018-06-04,25.860001,25.860001,25.860001,25.860001,24.921112,0.0,0.0,0.0,0.0,0.0,"June 04, 18",0.0
0,2018-06-01,25.860001,25.860001,25.860001,25.860001,24.921112,0.0,0.0,0.0,0.0,0.0,"June 01, 18",0.0
0,2018-05-31,25.860001,25.860001,25.860001,25.860001,24.921112,0.0,0.0,0.0,0.0,0.0,"May 31, 18",0.0
0,2018-05-30,25.860001,25.860001,25.860001,25.860001,24.921112,0.0,0.0,0.0,0.0,0.0,"May 30, 18",0.0
0,2018-05-29,25.860001,25.860001,25.860001,25.860001,24.921112,0.0,0.0,0.0,0.0,0.0,"May 29, 18",0.0
0,2018-05-28,25.860001,25.860001,25.860001,25.860001,24.921112,0.0,0.0,0.0,0.0,0.0,"May 28, 18",0.0
0,2018-05-25,25.860001,25.860001,25.860001,25.860001,24.921112,0.0,0.0,0.0,0.0,0.0,"May 25, 18",0.0
0,2018-05-24,25.860001,25.860001,25.860001,25.860001,24.921112,0.0,0.0,0.0,0.0,0.0,"May 24, 18",0.0
0,2018-05-23,25.860001,25.860001,25.860001,25.860001,24.921112,0.0,0.0,0.0,0.0,0.0,"May 23, 18",0.0
0,2018-05-22,25.860001,25.860001,25.860001,25.860001,24.921112,0.0,0.0,0.0,0.0,0.0,"May 22, 18",0.0
0,2018-05-21,25.860001,25.860001,25.860001,25.860001,24.921112,0.0,0.0,0.0,0.0,0.0,"May 21, 18",0.0
0,2018-05-18,25.860001,25.860001,25.860001,25.860001,24.921112,0.0,0.0,0.0,0.0,0.0,"May 18, 18",0.0
0,2018-05-17,25.860001,25.860001,25.860001,25.860001,24.921112,0.0,0.0,0.0,0.0,0.0,"May 17, 18",0.0
0,2018-05-16,25.860001,25.860001,25.860001,25.860001,24.921112,0.0,0.0,0.0,0.0,0.0,"May 16, 18",0.0
0,2018-05-15,25.860001,25.860001,25.860001,25.860001,24.921112,0.0,0.0,0.0,0.0,0.0,"May 15, 18",0.0
0,2018-05-14,25.860001,25.860001,25.860001,25.860001,24.921112,0.0,0.0,0.0,0.0,0.0,"May 14, 18",0.0
0,2018-05-11,25.860001,25.860001,25.860001,25.860001,24.921112,0.0,0.0,0.0,0.0,0.0,"May 11, 18",0.0
0,2018-05-10,25.860001,25.860001,25.860001,25.860001,24.921112,0.0,0.0,0.0,0.0,0.0,"May 10, 18",0.0
0,2018-05-09,25.860001,25.860001,25.860001,25.860001,24.921112,0.0,0.0,0.0,0.0,0.0,"May 09, 18",0.0
0,2018-05-08,25.860001,25.860001,25.860001,25.860001,24.921112,0.0,0.0,0.0,0.0,0.0,"May 08, 18",0.0
0,2018-05-07,25.860001,25.860001,25.860001,25.860001,24.921112,0.0,0.0,0.0,0.0,0.0,"May 07, 18",0.0
0,2018-05-04,25.860001,25.860001,25.860001,25.860001,24.921112,0.0,0.0,0.0,0.0,0.0,"May 04, 18",0.0
0,2018-05-03,25.860001,25.860001,25.860001,25.860001,24.921112,0.0,0.0,0.0,0.0,0.0,"May 03, 18",0.0
0,2018-05-02,25.860001,25.860001,25.860001,25.860001,24.921112,0.0,0.0,0.0,0.0,0.0,"May 02, 18",0.0
0,2018-04-30,25.860001,25.860001,25.860001,25.860001,24.921112,0.0,0.0,0.0,0.0,0.0,"April 30, 18",0.0
0,2018-04-27,25.860001,25.860001,25.860001,25.860001,24.921112,0.0,0.0,0.0,0.0,0.0,"April 27, 18",0.0
0,2018-04-26,25.860001,25.860001,25.860001,25.860001,24.921112,0.0,0.0,0.0,0.0,0.0,"April 26, 18",0.0
0,2018-04-25,25.860001,25.860001,25.860001,25.860001,24.921112,0.0,0.0,0.0,0.0,0.0,"April 25, 18",0.0
0,2018-04-24,25.860001,25.860001,25.860001,25.860001,24.921112,0.0,0.0,0.0,0.0,0.0,"April 24, 18",0.0
0,2018-04-23,25.860001,25.860001,25.860001,25.860001,24.921112,0.0,0.0,0.0,0.0,0.0,"April 23, 18",0.0
0,2018-04-20,25.860001,25.860001,25.860001,25.860001,24.921112,0.0,0.0,0.0,0.0,0.0,"April 20, 18",0.0
0,2018-04-19,25.860001,25.860001,25.860001,25.860001,24.921112,0.0,0.0,0.0,0.0,0.0,"April 19, 18",0.0
0,2018-04-18,25.860001,25.860001,25.860001,25.860001,24.921112,0.0,0.0,0.0,0.0,0.0,"April 18, 18",0.0
0,2018-04-17,25.860001,25.860001,25.860001,25.860001,24.921112,0.0,0.0,0.0,0.0,0.0,"April 17, 18",0.0
0,2018-04-16,25.860001,25.860001,25.860001,25.860001,24.921112,0.0,0.0,0.0,0.0,0.0,"April 16, 18",0.0
0,2018-04-13,25.860001,25.860001,25.860001,25.860001,24.921112,0.0,0.0,0.0,0.0,0.0,"April 13, 18",0.0
0,2018-04-12,25.860001,25.860001,25.860001,25.860001,24.921112,0.0,0.0,0.0,0.0,0.0,"April 12, 18",0.0
0,2018-04-11,25.860001,25.860001,25.860001,25.860001,24.921112,0.0,0.0,0.0,0.0,0.0,"April 11, 18",0.0
0,2018-04-10,25.860001,25.860001,25.860001,25.860001,24.921112,0.0,0.0,0.0,0.0,0.0,"April 10, 18",0.0
0,2018-04-09,25.860001,25.860001,25.860001,25.860001,24.921112,0.0,0.0,0.0,0.0,0.0,"April 09, 18",0.0
0,2018-04-06,25.860001,25.860001,25.860001,25.860001,24.921112,0.0,0.0,0.0,0.0,0.0,"April 06, 18",0.0
0,2018-04-05,25.860001,25.860001,25.860001,25.860001,24.921112,0.0,0.0,0.0,0.0,0.0,"April 05, 18",0.0
0,2018-04-04,25.860001,25.860001,25.860001,25.860001,24.921112,0.0,0.0,0.0,0.0,0.0,"April 04, 18",0.0
0,2018-04-03,25.860001,25.860001,25.860001,25.860001,24.921112,0.0,0.0,0.0,0.0,0.0,"April 03, 18",0.0
0,2018-03-29,25.860001,25.860001,25.860001,25.860001,24.921112,0.0,0.0,0.0,0.0,0.0,"March 29, 18",0.0
0,2018-03-28,25.860001,25.860001,25.860001,25.860001,24.921112,0.0,0.0,0.0,0.0,0.0,"March 28, 18",0.0
0,2018-03-27,25.860001,25.860001,25.860001,25.860001,24.921112,0.0,0.0,0.0,0.0,0.0,"March 27, 18",0.0
0,2018-03-26,25.860001,25.860001,25.860001,25.860001,24.921112,0.0,0.0,0.0,0.0,0.0,"March 26, 18",0.0
0,2018-03-23,25.860001,25.860001,25.860001,25.860001,24.921112,0.0,0.0,0.0,0.0,0.0,"March 23, 18",0.0
0,2018-03-22,25.860001,25.860001,25.860001,25.860001,24.921112,0.0,0.0,0.0,0.0,0.0,"March 22, 18",0.0
0,2018-03-21,25.860001,25.860001,25.860001,25.860001,24.921112,0.0,0.0,0.0,0.0,0.0,"March 21, 18",0.0
0,2018-03-20,25.860001,25.860001,25.860001,25.860001,24.921112,0.0,0.0,0.0,0.0,0.0,"March 20, 18",0.0
0,2018-03-19,25.860001,25.860001,25.860001,25.860001,24.921112,0.0,0.0,0.0,0.0,0.0,"March 19, 18",0.0
0,2018-03-16,25.860001,25.860001,25.860001,25.860001,24.921112,0.0,0.0,0.0,0.0,0.0,"March 16, 18",0.0
0,2018-03-15,25.860001,25.860001,25.860001,25.860001,24.921112,0.0,0.0,0.0,0.0,0.0,"March 15, 18",0.0
0,2018-03-14,25.860001,25.860001,25.860001,25.860001,24.921112,0.0,0.0,0.0,0.0,0.0,"March 14, 18",0.0
0,2018-03-13,25.860001,25.860001,25.860001,25.860001,24.921112,0.0,0.0,0.0,0.0,0.0,"March 13, 18",0.0
0,2018-03-12,25.860001,25.860001,25.860001,25.860001,24.921112,0.0,0.0,0.0,0.0,0.0,"March 12, 18",0.0
0,2018-03-09,25.860001,25.860001,25.860001,25.860001,24.921112,0.0,0.0,0.0,0.0,0.0,"March 09, 18",0.0
0,2018-03-08,25.860001,25.860001,25.860001,25.860001,24.921112,0.0,0.0,0.0,0.0,0.0,"March 08, 18",0.0
0,2018-03-07,25.860001,25.860001,25.860001,25.860001,24.921112,0.0,0.0,0.0,0.0,0.0,"March 07, 18",0.0
0,2018-03-06,25.860001,25.860001,25.860001,25.860001,24.921112,0.0,0.0,0.0,0.0,0.0,"March 06, 18",0.0
0,2018-03-05,25.860001,25.860001,25.860001,25.860001,24.921112,0.0,0.0,0.0,0.0,0.0,"March 05, 18",0.0
0,2018-03-02,25.860001,25.860001,25.860001,25.860001,24.921112,0.0,0.0,0.0,0.0,0.0,"March 02, 18",0.0
0,2018-03-01,25.860001,25.860001,25.860001,25.860001,24.921112,0.0,0.0,0.0,0.0,0.0,"March 01, 18",0.0
0,2018-02-28,25.860001,25.860001,25.860001,25.860001,24.921112,0.0,0.0,0.0,0.0,0.0,"February 28, 18",0.0
0,2018-02-27,25.860001,25.860001,25.860001,25.860001,24.921112,0.0,0.0,0.0,0.0,0.0,"February 27, 18",0.0
0,2018-02-26,25.860001,25.860001,25.860001,25.860001,24.921112,0.0,0.0,0.0,0.0,0.0,"February 26, 18",0.0
0,2018-02-23,25.860001,25.860001,25.860001,25.860001,24.921112,0.0,0.0,0.0,0.0,0.0,"February 23, 18",0.0
0,2018-02-22,25.860001,25.860001,25.860001,25.860001,24.921112,0.0,0.0,0.0,0.0,0.0,"February 22, 18",0.0
0,2018-02-21,25.860001,25.860001,25.860001,25.860001,24.921112,0.0,0.0,0.0,0.0,0.0,"February 21, 18",0.0
0,2018-02-20,25.860001,25.860001,25.860001,25.860001,24.921112,0.0,0.0,0.0,0.0,0.0,"February 20, 18",0.0
0,2018-02-19,25.860001,25.860001,25.860001,25.860001,24.921112,0.0,0.0,0.0,0.0,0.0,"February 19, 18",0.0
0,2018-02-16,25.860001,25.860001,25.860001,25.860001,24.921112,0.0,0.0,0.0,0.0,0.0,"February 16, 18",0.0
0,2018-02-15,25.860001,25.860001,25.860001,25.860001,24.921112,0.0,0.0,0.0,0.0,0.0,"February 15, 18",0.0
0,2018-02-14,25.860001,25.860001,25.860001,25.860001,24.921112,0.0,0.0,0.0,0.0,0.0,"February 14, 18",0.0
0,2018-02-13,25.860001,25.860001,25.860001,25.860001,24.921112,0.0,0.0,0.0,0.0,0.0,"February 13, 18",0.0
0,2018-02-12,25.860001,25.860001,25.860001,25.860001,24.921112,0.0,0.0,0.0,0.0,0.0,"February 12, 18",0.0
0,2018-02-09,25.860001,25.860001,25.860001,25.860001,24.921112,0.0,0.0,0.0,0.0,0.0,"February 09, 18",0.0
0,2018-02-08,25.860001,25.860001,25.860001,25.860001,24.921112,0.0,0.0,0.0,0.0,0.0,"February 08, 18",0.0
0,2018-02-07,25.860001,25.860001,25.860001,25.860001,24.921112,0.0,0.0,0.0,0.0,0.0,"February 07, 18",0.0
0,2018-02-06,25.860001,25.860001,25.860001,25.860001,24.921112,0.0,0.0,0.0,0.0,0.0,"February 06, 18",0.0
0,2018-02-05,25.860001,25.860001,25.860001,25.860001,24.921112,0.0,0.0,0.0,0.0,0.0,"February 05, 18",0.0
0,2018-02-02,25.860001,25.860001,25.860001,25.860001,24.921112,0.0,0.0,0.0,0.0,0.0,"February 02, 18",0.0
0,2018-02-01,25.860001,25.860001,25.860001,25.860001,24.921112,0.0,0.0,0.0,0.0,0.0,"February 01, 18",0.0
0,2018-01-31,25.860001,25.860001,25.860001,25.860001,24.921112,0.0,0.0,0.0,0.0,0.0,"January 31, 18",0.0
0,2018-01-30,25.860001,25.860001,25.860001,25.860001,24.921112,0.0,0.0,0.0,0.0,0.0,"January 30, 18",0.0
0,2018-01-29,25.860001,25.860001,25.860001,25.860001,24.921112,0.0,0.0,0.0,0.0,0.0,"January 29, 18",0.0
0,2018-01-26,25.860001,25.860001,25.860001,25.860001,24.921112,0.0,0.0,0.0,0.0,0.0,"January 26, 18",0.0
0,2018-01-25,25.860001,25.860001,25.860001,25.860001,24.921112,0.0,0.0,0.0,0.0,0.0,"January 25, 18",0.0
0,2018-01-24,25.860001,25.860001,25.860001,25.860001,24.921112,0.0,0.0,0.0,0.0,0.0,"January 24, 18",0.0
0,2018-01-23,25.860001,25.860001,25.860001,25.860001,24.921112,0.0,0.0,0.0,0.0,0.0,"January 23, 18",0.0
0,2018-01-22,25.860001,25.860001,25.860001,25.860001,24.921112,0.0,0.0,0.0,0.0,0.0,"January 22, 18",0.0
0,2018-01-19,25.860001,25.860001,25.860001,25.860001,24.921112,0.0,0.0,0.0,0.0,0.0,"January 19, 18",0.0
0,2018-01-18,25.860001,25.860001,25.860001,25.860001,24.921112,0.0,0.0,0.0,0.0,0.0,"January 18, 18",0.0
0,2018-01-17,25.860001,25.860001,25.860001,25.860001,24.921112,0.0,0.0,0.0,0.0,0.0,"January 17, 18",0.0
0,2018-01-16,25.860001,25.860001,25.860001,25.860001,24.921112,0.0,0.0,0.0,0.0,0.0,"January 16, 18",0.0
0,2018-01-15,25.860001,25.860001,25.860001,25.860001,24.921112,0.0,0.0,0.0,0.0,0.0,"January 15, 18",0.0
0,2018-01-12,25.860001,25.860001,25.860001,25.860001,24.921112,0.0,0.0,0.0,0.0,0.0,"January 12, 18",0.0
0,2018-01-11,25.860001,25.860001,25.860001,25.860001,24.921112,0.0,0.0,0.0,0.0,0.0,"January 11, 18",0.0
0,2018-01-10,25.860001,25.860001,25.860001,25.860001,24.921112,0.0,0.0,0.0,0.0,0.0,"January 10, 18",0.0
0,2018-01-09,25.860001,25.860001,25.860001,25.860001,24.921112,0.0,0.0,0.0,0.0,0.0,"January 09, 18",0.0
0,2018-01-08,25.860001,25.860001,25.860001,25.860001,24.921112,0.0,0.0,0.0,0.0,0.0,"January 08, 18",0.0
0,2018-01-05,25.860001,25.860001,25.860001,25.860001,24.921112,0.0,0.0,0.0,0.0,0.0,"January 05, 18",0.0
0,2018-01-04,25.860001,25.860001,25.860001,25.860001,24.921112,0.0,0.0,0.0,0.0,0.0,"January 04, 18",0.0
0,2018-01-03,25.860001,25.860001,25.860001,25.860001,24.921112,0.0,0.0,0.0,0.0,0.0,"January 03, 18",0.0
0,2018-01-02,25.860001,25.860001,25.860001,25.860001,24.921112,0.0,0.0,0.0,0.0,0.0,"January 02, 18",0.0
0,2017-12-29,25.860001,25.860001,25.860001,25.860001,24.921112,0.0,0.0,0.0,0.0,0.0,"December 29, 17",0.0
0,2017-12-28,25.860001,25.860001,25.860001,25.860001,24.921112,0.0,0.0,0.0,0.0,0.0,"December 28, 17",0.0
0,2017-12-27,25.860001,25.860001,25.860001,25.860001,24.921112,0.0,0.0,0.0,0.0,0.0,"December 27, 17",0.0
0,2017-12-22,25.860001,25.860001,25.860001,25.860001,24.921112,0.0,0.0,0.0,0.0,0.0,"December 22, 17",0.0
0,2017-12-21,25.860001,25.860001,25.860001,25.860001,24.921112,0.0,0.0,0.0,0.0,0.0,"December 21, 17",0.0
0,2017-12-20,25.860001,25.860001,25.860001,25.860001,24.921112,0.0,0.0,0.0,0.0,0.0,"December 20, 17",0.0
0,2017-12-19,25.860001,25.860001,25.860001,25.860001,24.921112,0.0,0.0,0.0,0.0,0.0,"December 19, 17",0.0
0,2017-12-18,25.860001,25.860001,25.860001,25.860001,24.921112,0.0,0.0,0.0,0.0,0.0,"December 18, 17",0.0
0,2017-12-15,25.860001,25.860001,25.860001,25.860001,24.921112,0.0,0.0,0.0,0.0,0.0,"December 15, 17",0.0
0,2017-12-14,25.860001,25.860001,25.860001,25.860001,24.921112,0.0,0.0,0.0,0.0,0.0,"December 14, 17",0.0
0,2017-12-13,25.860001,25.860001,25.860001,25.860001,24.921112,0.0,0.0,0.0,0.0,0.0,"December 13, 17",0.0
0,2017-12-12,25.860001,25.860001,25.860001,25.860001,24.921112,0.0,0.0,0.0,0.0,0.0,"December 12, 17",0.0
0,2017-12-11,25.860001,25.860001,25.860001,25.860001,24.921112,0.0,0.0,0.0,0.0,0.0,"December 11, 17",0.0
0,2017-12-08,25.860001,25.860001,25.860001,25.860001,24.921112,0.0,0.0,0.0,0.0,0.0,"December 08, 17",0.0
0,2017-12-07,25.860001,25.860001,25.860001,25.860001,24.921112,0.0,0.0,0.0,0.0,0.0,"December 07, 17",0.0
0,2017-12-06,25.860001,25.860001,25.860001,25.860001,24.921112,0.0,0.0,0.0,0.0,0.0,"December 06, 17",0.0
0,2017-12-05,25.860001,25.860001,25.860001,25.860001,24.921112,0.0,0.0,0.0,0.0,0.0,"December 05, 17",0.0
0,2017-12-04,25.860001,25.860001,25.860001,25.860001,24.921112,0.0,0.0,0.0,0.0,0.0,"December 04, 17",0.0
0,2017-12-01,25.860001,25.860001,25.860001,25.860001,24.921112,0.0,0.0,0.0,0.0,0.0,"December 01, 17",0.0
0,2017-11-30,25.860001,25.860001,25.860001,25.860001,24.921112,0.0,0.0,0.0,0.0,0.0,"November 30, 17",0.0
0,2017-11-29,25.860001,25.860001,25.860001,25.860001,24.921112,0.0,0.0,0.0,0.0,0.0,"November 29, 17",0.0
0,2017-11-28,25.860001,25.860001,25.860001,25.860001,24.921112,0.0,0.0,0.0,0.0,0.0,"November 28, 17",0.0
0,2017-11-27,25.860001,25.860001,25.860001,25.860001,24.921112,0.0,0.0,0.0,0.0,0.0,"November 27, 17",0.0
0,2017-11-24,25.860001,25.860001,25.860001,25.860001,24.921112,0.0,0.0,0.0,0.0,0.0,"November 24, 17",0.0
0,2017-11-23,25.860001,25.860001,25.860001,25.860001,24.921112,0.0,0.0,0.0,0.0,0.0,"November 23, 17",0.0
0,2017-11-22,25.860001,25.860001,25.860001,25.860001,24.921112,0.0,0.0,0.0,0.0,0.0,"November 22, 17",0.0
0,2017-11-21,25.860001,25.860001,25.860001,25.860001,24.921112,0.0,0.0,0.0,0.0,0.0,"November 21, 17",0.0
0,2017-11-20,25.860001,25.860001,25.860001,25.860001,24.921112,0.0,0.0,0.0,0.0,0.0,"November 20, 17",0.0
0,2017-11-17,25.860001,25.860001,25.860001,25.860001,24.921112,0.0,0.0,0.0,0.0,0.0,"November 17, 17",0.0
0,2017-11-16,25.860001,25.860001,25.860001,25.860001,24.921112,0.0,0.0,0.0,0.0,0.0,"November 16, 17",0.0
0,2017-11-15,25.860001,25.860001,25.860001,25.860001,24.921112,0.0,0.0,0.0,0.0,0.0,"November 15, 17",0.0
0,2017-11-14,25.860001,25.860001,25.860001,25.860001,24.921112,0.0,0.0,0.0,0.0,0.0,"November 14, 17",0.0
0,2017-11-13,25.860001,25.860001,25.860001,25.860001,24.921112,0.0,0.0,0.0,0.0,0.0,"November 13, 17",0.0
0,2017-11-10,25.860001,25.860001,25.860001,25.860001,24.921112,0.0,0.0,0.0,0.0,0.0,"November 10, 17",0.0
0,2017-11-09,25.860001,25.860001,25.860001,25.860001,24.921112,0.0,0.0,0.0,0.0,0.0,"November 09, 17",0.0
0,2017-11-08,25.860001,25.860001,25.860001,25.860001,24.921112,0.0,0.0,0.0,0.0,0.0,"November 08, 17",0.0
0,2017-11-07,25.860001,25.860001,25.860001,25.860001,24.921112,0.0,0.0,0.0,0.0,0.0,"November 07, 17",0.0
0,2017-11-06,25.860001,25.860001,25.860001,25.860001,24.921112,0.0,0.0,0.0,0.0,0.0,"November 06, 17",0.0
0,2017-11-03,25.860001,25.860001,25.860001,25.860001,24.921112,0.0,0.0,0.0,0.0,0.0,"November 03, 17",0.0
0,2017-11-02,25.860001,25.860001,25.860001,25.860001,24.921112,0.0,0.0,0.0,0.0,0.0,"November 02, 17",0.0
0,2017-11-01,25.860001,25.860001,25.860001,25.860001,24.921112,0.0,0.0,0.0,0.0,0.0,"November 01, 17",0.0
0,2017-10-31,25.860001,25.860001,25.860001,25.860001,24.921112,0.0,0.0,0.0,0.0,0.0,"October 31, 17",0.0
0,2017-10-30,25.860001,25.860001,25.860001,25.860001,24.921112,0.0,0.0,0.0,0.0,0.0,"October 30, 17",0.0
0,2017-10-27,25.860001,25.860001,25.860001,25.860001,24.921112,0.0,0.0,0.0,0.0,0.0,"October 27, 17",0.0
0,2017-10-26,25.860001,25.860001,25.860001,25.860001,24.921112,0.0,0.0,0.0,0.0,0.0,"October 26, 17",0.0
0,2017-10-25,25.860001,25.860001,25.860001,25.860001,24.921112,0.0,0.0,0.0,0.0,0.0,"October 25, 17",0.0
0,2017-10-24,25.860001,25.860001,25.860001,25.860001,24.921112,0.0,0.0,0.0,0.0,0.0,"October 24, 17",0.0
0,2017-10-23,25.860001,25.860001,25.860001,25.860001,24.921112,0.0,0.0,0.0,0.0,0.0,"October 23, 17",0.0
0,2017-10-20,25.860001,25.860001,25.860001,25.860001,24.921112,0.0,0.0,0.0,0.0,0.0,"October 20, 17",0.0
0,2017-10-19,25.860001,25.860001,25.860001,25.860001,24.921112,0.0,0.0,0.0,0.0,0.0,"October 19, 17",0.0
0,2017-10-18,25.860001,25.860001,25.860001,25.860001,24.921112,0.0,0.0,0.0,0.0,0.0,"October 18, 17",0.0
0,2017-10-17,25.860001,25.860001,25.860001,25.860001,24.921112,0.0,0.0,0.0,0.0,0.0,"October 17, 17",0.0
0,2017-10-16,25.860001,25.860001,25.860001,25.860001,24.921112,0.0,0.0,0.0,0.0,0.0,"October 16, 17",0.0
0,2017-10-13,25.860001,25.860001,25.860001,25.860001,24.921112,0.0,0.0,0.0,0.0,0.0,"October 13, 17",0.0
0,2017-10-12,25.860001,25.860001,25.860001,25.860001,24.921112,0.0,0.0,0.0,0.0,0.0,"October 12, 17",0.0
0,2017-10-11,25.860001,25.860001,25.860001,25.860001,24.921112,0.0,0.0,0.0,0.0,0.0,"October 11, 17",0.0
0,2017-10-10,25.860001,25.860001,25.860001,25.860001,24.921112,0.0,0.0,0.0,0.0,0.0,"October 10, 17",0.0
0,2017-10-09,25.860001,25.860001,25.860001,25.860001,24.921112,0.0,0.0,0.0,0.0,0.0,"October 09, 17",0.0
0,2017-10-06,25.860001,25.860001,25.860001,25.860001,24.921112,0.0,0.0,0.0,0.0,0.0,"October 06, 17",0.0
0,2017-10-05,25.860001,25.860001,25.860001,25.860001,24.921112,0.0,0.0,0.0,0.0,0.0,"October 05, 17",0.0
0,2017-10-04,25.860001,25.860001,25.860001,25.860001,24.921112,0.0,0.0,0.0,0.0,0.0,"October 04, 17",0.0
0,2017-10-03,25.860001,25.860001,25.860001,25.860001,24.921112,0.0,0.0,0.0,0.0,0.0,"October 03, 17",0.0
0,2017-10-02,25.860001,25.860001,25.860001,25.860001,24.921112,0.0,0.0,0.0,0.0,0.0,"October 02, 17",0.0
0,2017-09-29,25.860001,25.860001,25.860001,25.860001,24.921112,0.0,0.0,0.0,0.0,0.0,"September 29, 17",0.0
0,2017-09-28,25.860001,25.860001,25.860001,25.860001,24.921112,0.0,0.0,0.0,0.0,0.0,"September 28, 17",0.0
0,2017-09-27,25.860001,25.860001,25.860001,25.860001,24.921112,0.0,0.0,0.0,0.0,0.0,"September 27, 17",0.0
0,2017-09-26,25.860001,25.860001,25.860001,25.860001,24.921112,0.0,0.0,0.0,0.0,0.0,"September 26, 17",0.0
0,2017-09-25,25.860001,25.860001,25.860001,25.860001,24.921112,0.0,0.0,0.0,0.0,0.0,"September 25, 17",0.0
0,2017-09-22,25.860001,25.860001,25.860001,25.860001,24.921112,0.0,0.0,0.0,0.0,0.0,"September 22, 17",0.0
0,2017-09-21,25.860001,25.860001,25.860001,25.860001,24.921112,0.0,0.0,0.0,0.0,0.0,"September 21, 17",0.0
0,2017-09-20,25.860001,25.860001,25.860001,25.860001,24.921112,0.0,0.0,0.0,0.0,0.0,"September 20, 17",0.0
0,2017-09-19,25.860001,25.860001,25.860001,25.860001,24.921112,0.0,0.0,0.0,0.0,0.0,"September 19, 17",0.0
0,2017-09-18,25.860001,25.860001,25.860001,25.860001,24.921112,0.0,0.0,0.0,0.0,0.0,"September 18, 17",0.0
0,2017-09-15,25.860001,25.860001,25.860001,25.860001,24.921112,0.0,0.0,0.0,0.0,0.0,"September 15, 17",0.0
0,2017-09-14,25.860001,25.860001,25.860001,25.860001,24.921112,0.0,0.0,0.0,0.0,0.0,"September 14, 17",0.0
0,2017-09-13,25.860001,25.860001,25.860001,25.860001,24.921112,0.0,0.0,0.0,0.0,0.0,"September 13, 17",0.0
0,2017-09-12,25.860001,25.860001,25.860001,25.860001,24.921112,0.0,0.0,0.0,0.0,0.0,"September 12, 17",0.0
0,2017-09-11,25.860001,25.860001,25.860001,25.860001,24.921112,0.0,0.0,0.0,0.0,0.0,"September 11, 17",0.0
0,2017-09-08,25.860001,25.860001,25.860001,25.860001,24.921112,0.0,0.0,0.0,0.0,0.0,"September 08, 17",0.0
0,2017-09-07,25.860001,25.860001,25.860001,25.860001,24.921112,0.0,0.0,0.0,0.0,0.0,"September 07, 17",0.0
0,2017-09-06,25.860001,25.860001,25.860001,25.860001,24.921112,0.0,0.0,0.0,0.0,0.0,"September 06, 17",0.0
0,2017-09-05,25.860001,25.860001,25.860001,25.860001,24.921112,0.0,0.0,0.0,0.0,0.0,"September 05, 17",0.0
0,2017-09-04,25.860001,25.860001,25.860001,25.860001,24.921112,0.0,0.0,0.0,0.0,0.0,"September 04, 17",0.0
0,2017-09-01,25.860001,25.860001,25.860001,25.860001,24.921112,0.0,0.0,0.0,0.0,0.0,"September 01, 17",0.0
0,2017-08-31,25.860001,25.860001,25.860001,25.860001,24.921112,0.0,0.0,0.0,0.0,0.0,"August 31, 17",0.0
0,2017-08-30,25.860001,25.860001,25.860001,25.860001,24.921112,0.0,0.0,0.0,0.0,0.0,"August 30, 17",0.0
0,2017-08-29,25.860001,25.860001,25.860001,25.860001,24.921112,0.0,0.0,0.0,0.0,0.0,"August 29, 17",0.0
0,2017-08-28,25.860001,25.860001,25.860001,25.860001,24.921112,0.0,0.0,0.0,0.0,0.0,"August 28, 17",0.0
0,2017-08-25,25.860001,25.860001,25.860001,25.860001,24.921112,0.0,0.0,0.0,0.0,0.0,"August 25, 17",0.0
0,2017-08-24,25.860001,25.860001,25.860001,25.860001,24.921112,0.0,0.0,0.0,0.0,0.0,"August 24, 17",0.0
0,2017-08-23,25.860001,25.860001,25.860001,25.860001,24.921112,0.0,0.0,0.0,0.0,0.0,"August 23, 17",0.0
0,2017-08-22,25.860001,25.860001,25.860001,25.860001,24.921112,0.0,0.0,0.0,0.0,0.0,"August 22, 17",0.0
0,2017-08-21,25.860001,25.860001,25.860001,25.860001,24.921112,0.0,0.0,0.0,0.0,0.0,"August 21, 17",0.0
0,2017-08-18,25.860001,25.860001,25.860001,25.860001,24.921112,0.0,0.0,0.0,0.0,0.0,"August 18, 17",0.0
0,2017-08-17,25.860001,25.860001,25.860001,25.860001,24.921112,0.0,0.0,0.0,0.0,0.0,"August 17, 17",0.0
0,2017-08-16,25.860001,25.860001,25.860001,25.860001,24.921112,0.0,0.0,0.0,0.0,0.0,"August 16, 17",0.0
0,2017-08-15,25.860001,25.860001,25.860001,25.860001,24.921112,0.0,0.0,0.0,0.0,0.0,"August 15, 17",0.0
0,2017-08-14,25.860001,25.860001,25.860001,25.860001,24.921112,0.0,0.0,0.0,0.0,0.0,"August 14, 17",0.0
0,2017-08-11,25.860001,25.860001,25.860001,25.860001,24.921112,0.0,0.0,0.0,0.0,0.0,"August 11, 17",0.0
0,2017-08-10,25.860001,25.860001,25.860001,25.860001,24.921112,0.0,0.0,0.0,0.0,0.0,"August 10, 17",0.0
0,2017-08-09,25.860001,25.860001,25.860001,25.860001,24.921112,0.0,0.0,0.0,0.0,0.0,"August 09, 17",0.0
0,2017-08-08,25.860001,25.860001,25.860001,25.860001,24.921112,0.0,0.0,0.0,0.0,0.0,"August 08, 17",0.0
0,2017-08-07,25.860001,25.860001,25.860001,25.860001,24.921112,0.0,0.0,0.0,0.0,0.0,"August 07, 17",0.0
0,2017-08-04,25.860001,25.860001,25.860001,25.860001,24.921112,0.0,0.0,0.0,0.0,0.0,"August 04, 17",0.0
0,2017-08-03,25.860001,25.860001,25.860001,25.860001,24.921112,0.0,0.0,0.0,0.0,0.0,"August 03, 17",0.0
0,2017-08-02,25.860001,25.860001,25.860001,25.860001,24.921112,0.0,0.0,0.0,0.0,0.0,"August 02, 17",0.0
0,2017-08-01,25.860001,25.860001,25.860001,25.860001,24.921112,0.0,0.0,0.0,0.0,0.0,"August 01, 17",0.0
0,2017-07-31,25.860001,25.860001,25.860001,25.860001,24.921112,0.0,0.0,0.0,0.0,0.0,"July 31, 17",0.0
0,2017-07-28,25.860001,25.860001,25.860001,25.860001,24.921112,0.0,0.0,0.0,0.0,0.0,"July 28, 17",0.0
0,2017-07-27,25.860001,25.860001,25.860001,25.860001,24.921112,0.0,0.0,0.0,0.0,0.0,"July 27, 17",0.0
0,2017-07-26,25.860001,25.860001,25.860001,25.860001,24.921112,0.0,0.0,0.0,0.0,0.0,"July 26, 17",0.0
0,2017-07-25,25.860001,25.860001,25.860001,25.860001,24.921112,0.0,0.0,0.0,0.0,0.0,"July 25, 17",0.0
0,2017-07-24,25.860001,25.860001,25.860001,25.860001,24.921112,0.0,0.0,0.0,0.0,0.0,"July 24, 17",0.0
0,2017-07-21,25.860001,25.860001,25.860001,25.860001,24.921112,0.0,0.0,0.0,0.0,0.0,"July 21, 17",0.0
0,2017-07-20,25.860001,25.860001,25.860001,25.860001,24.921112,0.0,0.0,0.0,0.0,0.0,"July 20, 17",0.0
0,2017-07-19,25.860001,25.860001,25.860001,25.860001,24.921112,0.0,0.0,0.0,0.0,0.0,"July 19, 17",0.0
0,2017-07-18,25.860001,25.860001,25.860001,25.860001,24.921112,0.0,0.0,0.0,0.0,0.0,"July 18, 17",0.0
0,2017-07-17,25.860001,25.860001,25.860001,25.860001,24.921112,0.0,0.0,0.0,0.0,0.0,"July 17, 17",0.0
0,2017-07-14,25.860001,25.860001,25.860001,25.860001,24.921112,0.0,0.0,0.0,0.0,0.0,"July 14, 17",0.0
0,2017-07-13,25.860001,25.860001,25.860001,25.860001,24.921112,0.0,0.0,0.0,0.0,0.0,"July 13, 17",0.0
0,2017-07-12,25.860001,25.860001,25.860001,25.860001,24.921112,0.0,0.0,0.0,0.0,0.0,"July 12, 17",0.0
0,2017-07-11,25.860001,25.860001,25.860001,25.860001,24.921112,0.0,0.0,0.0,0.0,0.0,"July 11, 17",0.0
0,2017-07-10,25.860001,25.860001,25.860001,25.860001,24.921112,0.0,0.0,0.0,0.0,0.0,"July 10, 17",0.0
0,2017-07-07,25.860001,25.860001,25.860001,25.860001,24.921112,0.0,0.0,0.0,0.0,0.0,"July 07, 17",0.0
0,2017-07-06,25.860001,25.860001,25.860001,25.860001,24.921112,0.0,0.0,0.0,0.0,0.0,"July 06, 17",0.0
0,2017-07-05,25.860001,25.860001,25.860001,25.860001,24.921112,0.0,0.0,0.0,0.0,0.0,"July 05, 17",0.0
0,2017-07-04,25.860001,25.860001,25.860001,25.860001,24.921112,0.0,0.0,0.0,0.0,0.0,"July 04, 17",0.0
0,2017-07-03,25.860001,25.860001,25.860001,25.860001,24.921112,0.0,0.0,0.0,0.0,0.0,"July 03, 17",0.0
0,2017-06-30,25.860001,25.860001,25.860001,25.860001,24.921112,0.0,0.0,0.0,0.0,0.0,"June 30, 17",0.0
0,2017-06-29,25.860001,25.860001,25.860001,25.860001,24.921112,0.0,0.0,0.0,0.0,0.0,"June 29, 17",0.0
0,2017-06-28,25.860001,25.860001,25.860001,25.860001,24.921112,0.0,0.0,0.0,0.0,0.0,"June 28, 17",0.0
0,2017-06-27,25.860001,25.860001,25.860001,25.860001,24.921112,0.0,0.0,0.0,0.0,0.0,"June 27, 17",0.0
0,2017-06-26,25.860001,25.860001,25.860001,25.860001,24.921112,0.0,0.0,0.0,0.0,0.0,"June 26, 17",0.0
0,2017-06-23,25.860001,25.860001,25.860001,25.860001,24.921112,0.0,0.0,0.0,0.0,0.0,"June 23, 17",0.0
0,2017-06-22,25.860001,25.860001,25.860001,25.860001,24.921112,0.0,0.0,0.0,0.0,0.0,"June 22, 17",0.0
0,2017-06-21,25.860001,25.860001,25.860001,25.860001,24.921112,0.0,0.0,0.0,0.0,0.0,"June 21, 17",0.0
0,2017-06-20,25.860001,25.860001,25.860001,25.860001,24.921112,0.0,0.0,0.0,0.0,0.0,"June 20, 17",0.0
0,2017-06-19,25.860001,25.860001,25.860001,25.860001,24.921112,0.0,0.0,0.0,0.0,0.0,"June 19, 17",0.0
0,2017-06-16,25.860001,25.860001,25.860001,25.860001,24.921112,0.0,0.0,0.0,0.0,0.0,"June 16, 17",0.0
0,2017-06-15,25.860001,25.860001,25.860001,25.860001,24.921112,0.0,0.0,0.0,0.0,0.0,"June 15, 17",0.0
0,2017-06-14,25.860001,25.860001,25.860001,25.860001,24.921112,0.0,0.0,0.0,0.0,0.0,"June 14, 17",0.0
0,2017-06-13,25.860001,25.860001,25.860001,25.860001,24.921112,0.0,0.0,0.0,0.0,0.0,"June 13, 17",0.0
0,2017-06-12,25.860001,25.860001,25.860001,25.860001,24.921112,0.0,0.0,0.0,0.0,0.0,"June 12, 17",0.0
0,2017-06-09,25.860001,25.860001,25.860001,25.860001,24.921112,0.0,0.0,0.0,0.0,0.0,"June 09, 17",0.0
0,2017-06-08,25.860001,25.860001,25.860001,25.860001,24.921112,0.0,0.0,0.0,0.0,0.0,"June 08, 17",0.0
0,2017-06-07,25.860001,25.860001,25.860001,25.860001,24.921112,0.0,0.0,0.0,0.0,0.0,"June 07, 17",0.0
0,2017-06-06,25.860001,25.860001,25.860001,25.860001,24.921112,0.0,0.0,0.0,0.0,0.0,"June 06, 17",0.0
0,2017-06-05,25.860001,25.860001,25.860001,25.860001,24.921112,0.0,0.0,0.0,0.0,0.0,"June 05, 17",0.0
0,2017-06-02,25.860001,25.860001,25.860001,25.860001,24.921112,0.0,0.0,0.0,0.0,0.0,"June 02, 17",0.0
0,2017-06-01,25.860001,25.860001,25.860001,25.860001,24.921112,0.0,0.0,0.0,0.0,0.0,"June 01, 17",0.0
0,2017-05-31,25.860001,25.860001,25.860001,25.860001,24.921112,0.0,0.0,0.0,0.0,0.0,"May 31, 17",0.0
0,2017-05-30,25.860001,25.860001,25.860001,25.860001,24.921112,0.0,0.0,0.0,0.0,0.0,"May 30, 17",0.0
0,2017-05-29,25.860001,25.860001,25.860001,25.860001,24.921112,0.0,0.0,0.0,0.0,0.0,"May 29, 17",0.0
0,2017-05-26,25.860001,25.860001,25.860001,25.860001,24.921112,0.0,0.0,0.0,0.0,0.0,"May 26, 17",0.0
0,2017-05-25,25.860001,25.860001,25.860001,25.860001,24.921112,0.0,0.0,0.0,0.0,0.0,"May 25, 17",0.0
0,2017-05-24,25.860001,25.860001,25.860001,25.860001,24.921112,0.0,0.0,0.0,0.0,0.0,"May 24, 17",0.0
0,2017-05-23,25.860001,25.860001,25.860001,25.860001,24.921112,0.0,0.0,0.0,0.0,0.0,"May 23, 17",0.0
0,2017-05-22,25.860001,25.860001,25.860001,25.860001,24.921112,0.0,0.0,0.0,0.0,0.0,"May 22, 17",0.0
0,2017-05-19,25.860001,25.860001,25.860001,25.860001,24.921112,0.0,0.0,0.0,0.0,0.0,"May 19, 17",0.0
0,2017-05-18,25.860001,25.860001,25.860001,25.860001,24.921112,0.0,0.0,0.0,0.0,0.0,"May 18, 17",0.0
0,2017-05-17,25.860001,25.860001,25.860001,25.860001,24.921112,0.0,0.0,0.0,0.0,0.0,"May 17, 17",0.0
0,2017-05-16,25.860001,25.860001,25.860001,25.860001,24.921112,0.0,0.0,0.0,0.0,0.0,"May 16, 17",0.0
0,2017-05-15,25.860001,25.860001,25.860001,25.860001,24.921112,0.0,0.0,0.0,0.0,0.0,"May 15, 17",0.0
0,2017-05-12,25.860001,25.860001,25.860001,25.860001,24.921112,0.0,0.0,0.0,0.0,0.0,"May 12, 17",0.0
0,2017-05-11,25.860001,25.860001,25.860001,25.860001,24.921112,0.0,0.0,0.0,0.0,0.0,"May 11, 17",0.0
0,2017-05-10,25.860001,25.860001,25.860001,25.860001,24.921112,0.0,0.0,0.0,0.0,0.0,"May 10, 17",0.0
0,2017-05-09,25.860001,25.860001,25.860001,25.860001,24.921112,0.0,0.0,0.0,0.0,0.0,"May 09, 17",0.0
0,2017-05-08,25.860001,25.860001,25.860001,25.860001,24.921112,0.0,0.0,0.0,0.0,0.0,"May 08, 17",0.0
0,2017-05-05,25.860001,25.860001,25.860001,25.860001,24.921112,0.0,0.0,0.0,0.0,0.0,"May 05, 17",0.0
0,2017-05-04,25.860001,25.860001,25.860001,25.860001,24.921112,0.0,0.0,0.0,0.0,0.0,"May 04, 17",0.0
0,2017-05-03,25.860001,25.860001,25.860001,25.860001,24.921112,0.0,0.0,0.0,0.0,0.0,"May 03, 17",0.0
0,2017-05-02,25.860001,25.860001,25.860001,25.860001,24.921112,0.0,0.0,0.0,0.0,0.0,"May 02, 17",0.0
0,2017-04-28,25.860001,25.860001,25.860001,25.860001,24.921112,0.0,0.0,0.0,0.0,0.0,"April 28, 17",0.0
0,2017-04-27,25.860001,25.860001,25.860001,25.860001,24.921112,0.0,0.0,0.0,0.0,0.0,"April 27, 17",0.0
0,2017-04-26,25.860001,25.860001,25.860001,25.860001,24.921112,0.0,0.0,0.0,0.0,0.0,"April 26, 17",0.0
0,2017-04-25,25.860001,25.860001,25.860001,25.860001,24.921112,0.0,0.0,0.0,0.0,0.0,"April 25, 17",0.0
0,2017-04-24,25.860001,25.860001,25.860001,25.860001,24.921112,0.0,0.0,0.0,0.0,0.0,"April 24, 17",0.0
0,2017-04-21,25.860001,25.860001,25.860001,25.860001,24.921112,0.0,0.0,0.0,0.0,0.0,"April 21, 17",0.0
0,2017-04-20,25.860001,25.860001,25.860001,25.860001,24.921112,0.0,0.0,0.0,0.0,0.0,"April 20, 17",0.0
0,2017-04-19,25.860001,25.860001,25.860001,25.860001,24.921112,0.0,0.0,0.0,0.0,0.0,"April 19, 17",0.0
0,2017-04-18,25.860001,25.860001,25.860001,25.860001,24.921112,0.0,0.0,0.0,0.0,0.0,"April 18, 17",0.0
0,2017-04-13,25.860001,25.860001,25.860001,25.860001,24.921112,0.0,0.0,0.0,0.0,0.0,"April 13, 17",0.0
0,2017-04-12,25.860001,25.860001,25.860001,25.860001,24.921112,0.0,0.0,0.0,0.0,0.0,"April 12, 17",0.0
0,2017-04-11,25.860001,25.860001,25.860001,25.860001,24.921112,0.0,0.0,0.0,0.0,0.0,"April 11, 17",0.0
0,2017-04-10,25.860001,25.860001,25.860001,25.860001,24.921112,0.0,0.0,0.0,0.0,0.0,"April 10, 17",0.0
0,2017-04-07,25.860001,25.860001,25.860001,25.860001,24.921112,0.0,0.0,0.0,0.0,0.0,"April 07, 17",0.0
0,2017-04-06,25.860001,25.860001,25.860001,25.860001,24.921112,0.0,0.0,0.0,0.0,0.0,"April 06, 17",0.0
0,2017-04-05,25.860001,25.860001,25.860001,25.860001,24.921112,0.0,0.0,0.0,0.0,0.0,"April 05, 17",0.0
0,2017-04-04,25.860001,25.860001,25.860001,25.860001,24.921112,0.0,0.0,0.0,0.0,0.0,"April 04, 17",0.0
0,2017-04-03,25.860001,25.860001,25.860001,25.860001,24.921112,0.0,0.0,0.0,0.0,0.0,"April 03, 17",0.0
0,2017-03-31,25.860001,25.860001,25.860001,25.860001,24.921112,0.0,0.0,0.0,0.0,0.0,"March 31, 17",0.0
0,2017-03-30,25.860001,25.860001,25.860001,25.860001,24.921112,0.0,0.0,0.0,0.0,0.0,"March 30, 17",0.0
0,2017-03-29,25.860001,25.860001,25.860001,25.860001,24.921112,0.0,0.0,0.0,0.0,0.0,"March 29, 17",0.0
0,2017-03-28,25.860001,25.860001,25.860001,25.860001,24.921112,0.0,0.0,0.0,0.0,0.0,"March 28, 17",0.0
0,2017-03-27,25.860001,25.860001,25.860001,25.860001,24.921112,0.0,0.0,0.0,0.0,0.0,"March 27, 17",0.0
0,2017-03-24,25.860001,25.860001,25.860001,25.860001,24.921112,0.0,0.0,0.0,0.0,0.0,"March 24, 17",0.0
0,2017-03-23,25.860001,25.860001,25.860001,25.860001,24.921112,0.0,0.0,0.0,0.0,0.0,"March 23, 17",0.0
0,2017-03-22,25.860001,25.860001,25.860001,25.860001,24.921112,0.0,0.0,0.0,0.0,0.0,"March 22, 17",0.0
0,2017-03-21,25.860001,25.860001,25.860001,25.860001,24.921112,0.0,0.0,0.0,0.0,0.0,"March 21, 17",0.0
0,2017-03-20,25.860001,25.860001,25.860001,25.860001,24.921112,0.0,0.0,0.0,0.0,0.0,"March 20, 17",0.0
0,2017-03-17,25.860001,25.860001,25.860001,25.860001,24.921112,0.0,0.0,0.0,0.0,0.0,"March 17, 17",0.0
0,2017-03-16,25.860001,25.860001,25.860001,25.860001,24.921112,0.0,0.0,0.0,0.0,0.0,"March 16, 17",0.0
0,2017-03-15,25.860001,25.860001,25.860001,25.860001,24.921112,0.0,0.0,0.0,0.0,0.0,"March 15, 17",0.0
0,2017-03-14,25.860001,25.860001,25.860001,25.860001,24.921112,0.0,0.0,0.0,0.0,0.0,"March 14, 17",0.0
0,2017-03-13,25.860001,25.860001,25.860001,25.860001,24.921112,0.0,0.0,0.0,0.0,0.0,"March 13, 17",0.0
0,2017-03-10,25.860001,25.860001,25.860001,25.860001,24.921112,0.0,0.0,0.0,0.0,0.0,"March 10, 17",0.0
0,2017-03-09,25.860001,25.860001,25.860001,25.860001,24.921112,0.0,0.0,0.0,0.0,0.0,"March 09, 17",0.0
0,2017-03-08,25.860001,25.860001,25.860001,25.860001,24.921112,0.0,0.0,0.0,0.0,0.0,"March 08, 17",0.0
0,2017-03-07,25.860001,25.860001,25.860001,25.860001,24.921112,0.0,0.0,0.0,0.0,0.0,"March 07, 17",0.0
0,2017-03-06,25.860001,25.860001,25.860001,25.860001,24.921112,0.0,0.0,0.0,0.0,0.0,"March 06, 17",0.0
0,2017-03-03,25.860001,25.860001,25.860001,25.860001,24.921112,0.0,0.0,0.0,0.0,0.0,"March 03, 17",0.0
0,2017-03-02,25.860001,25.860001,25.860001,25.860001,24.921112,0.0,0.0,0.0,0.0,0.0,"March 02, 17",0.0
0,2017-03-01,25.860001,25.860001,25.860001,25.860001,24.921112,0.0,0.0,0.0,0.0,0.0,"March 01, 17",0.0
0,2017-02-28,25.860001,25.860001,25.860001,25.860001,24.921112,0.0,0.0,0.0,0.0,0.0,"February 28, 17",0.0
0,2017-02-27,25.860001,25.860001,25.860001,25.860001,24.921112,0.0,0.0,0.0,0.0,0.0,"February 27, 17",0.0
0,2017-02-24,25.860001,25.860001,25.860001,25.860001,24.921112,0.0,0.0,0.0,0.0,0.0,"February 24, 17",0.0
0,2017-02-23,25.860001,25.860001,25.860001,25.860001,24.921112,0.0,0.0,0.0,0.0,0.0,"February 23, 17",0.0
0,2017-02-22,25.860001,25.860001,25.860001,25.860001,24.921112,0.0,0.0,0.0,0.0,0.0,"February 22, 17",0.0
0,2017-02-21,25.860001,25.860001,25.860001,25.860001,24.921112,0.0,0.0,0.0,0.0,0.0,"February 21, 17",0.0
0,2017-02-20,25.860001,25.860001,25.860001,25.860001,24.921112,0.0,0.0,0.0,0.0,0.0,"February 20, 17",0.0
0,2017-02-17,25.860001,25.860001,25.860001,25.860001,24.921112,0.0,0.0,0.0,0.0,0.0,"February 17, 17",0.0
0,2017-02-16,25.860001,25.860001,25.860001,25.860001,24.921112,0.0,0.0,0.0,0.0,0.0,"February 16, 17",0.0
0,2017-02-15,25.860001,25.860001,25.860001,25.860001,24.921112,0.0,0.0,0.0,0.0,0.0,"February 15, 17",0.0
0,2017-02-14,25.860001,25.860001,25.860001,25.860001,24.921112,0.0,0.0,0.0,0.0,0.0,"February 14, 17",0.0
0,2017-02-13,25.860001,25.860001,25.860001,25.860001,24.921112,0.0,0.0,0.0,0.0,0.0,"February 13, 17",0.0
0,2017-02-10,25.860001,25.860001,25.860001,25.860001,24.921112,0.0,0.0,0.0,0.0,0.0,"February 10, 17",0.0
0,2017-02-09,25.860001,25.860001,25.860001,25.860001,24.921112,0.0,0.0,0.0,0.0,0.0,"February 09, 17",0.0
0,2017-02-08,25.860001,25.860001,25.860001,25.860001,24.921112,0.0,0.0,0.0,0.0,0.0,"February 08, 17",0.0
0,2017-02-07,25.860001,25.860001,25.860001,25.860001,24.921112,0.0,0.0,0.0,0.0,0.0,"February 07, 17",0.0
0,2017-02-06,25.860001,25.860001,25.860001,25.860001,24.921112,0.0,0.0,0.0,0.0,0.0,"February 06, 17",0.0
0,2017-02-03,25.860001,25.860001,25.860001,25.860001,24.921112,0.0,0.0,0.0,0.0,0.0,"February 03, 17",0.0
0,2017-02-02,25.860001,25.860001,25.860001,25.860001,24.921112,0.0,0.0,0.0,0.0,0.0,"February 02, 17",0.0
0,2017-02-01,25.860001,25.860001,25.860001,25.860001,24.921112,0.0,0.0,0.0,0.0,0.0,"February 01, 17",0.0
0,2017-01-31,25.860001,25.860001,25.860001,25.860001,24.921112,0.0,0.0,0.0,0.0,0.0,"January 31, 17",0.0
0,2017-01-30,25.860001,25.860001,25.860001,25.860001,24.921112,0.0,0.0,0.0,0.0,0.0,"January 30, 17",0.0
0,2017-01-27,25.860001,25.860001,25.860001,25.860001,24.921112,0.0,0.0,0.0,0.0,0.0,"January 27, 17",0.0
0,2017-01-26,25.860001,25.860001,25.860001,25.860001,24.921112,0.0,0.0,0.0,0.0,0.0,"January 26, 17",0.0
0,2017-01-25,25.860001,25.860001,25.860001,25.860001,24.921112,0.0,0.0,0.0,0.0,0.0,"January 25, 17",0.0
0,2017-01-24,25.860001,25.860001,25.860001,25.860001,24.921112,0.0,0.0,0.0,0.0,0.0,"January 24, 17",0.0
0,2017-01-23,25.860001,25.860001,25.860001,25.860001,24.921112,0.0,0.0,0.0,0.0,0.0,"January 23, 17",0.0
0,2017-01-20,25.860001,25.860001,25.860001,25.860001,24.921112,0.0,0.0,0.0,0.0,0.0,"January 20, 17",0.0
0,2017-01-19,25.860001,25.860001,25.860001,25.860001,24.921112,0.0,0.0,0.0,0.0,0.0,"January 19, 17",0.0
0,2017-01-18,25.860001,25.860001,25.860001,25.860001,24.921112,0.0,0.0,0.0,0.0,0.0,"January 18, 17",0.0
0,2017-01-17,25.860001,25.860001,25.860001,25.860001,24.921112,0.0,0.0,0.0,0.0,0.0,"January 17, 17",0.0
0,2017-01-16,25.860001,25.860001,25.860001,25.860001,24.921112,0.0,0.0,0.0,0.0,0.0,"January 16, 17",0.0
0,2017-01-13,25.860001,25.860001,25.860001,25.860001,24.921112,0.0,0.0,0.0,0.0,0.0,"January 13, 17",0.0
0,2017-01-12,25.860001,25.860001,25.860001,25.860001,24.921112,0.0,0.0,0.0,0.0,0.0,"January 12, 17",0.0
0,2017-01-11,25.860001,25.860001,25.860001,25.860001,24.921112,0.0,0.0,0.0,0.0,0.0,"January 11, 17",0.0
0,2017-01-10,25.860001,25.860001,25.860001,25.860001,24.921112,0.0,0.0,0.0,0.0,0.0,"January 10, 17",0.0
0,2017-01-09,25.860001,25.860001,25.860001,25.860001,24.921112,0.0,0.0,0.0,0.0,0.0,"January 09, 17",0.0
0,2017-01-06,25.860001,25.860001,25.860001,25.860001,24.921112,0.0,0.0,0.0,0.0,0.0,"January 06, 17",0.0
0,2017-01-05,25.860001,25.860001,25.860001,25.860001,24.921112,0.0,0.0,0.0,0.0,0.0,"January 05, 17",0.0
0,2017-01-04,25.860001,25.860001,25.860001,25.860001,24.921112,0.0,0.0,0.0,0.0,0.0,"January 04, 17",0.0
0,2017-01-03,25.860001,25.860001,25.860001,25.860001,24.921112,0.0,0.0,0.0,0.0,0.0,"January 03, 17",0.0
0,2017-01-02,25.860001,25.860001,25.860001,25.860001,24.921112,0.0,0.0,0.0,0.0,0.0,"January 02, 17",0.0
0,2016-12-30,25.860001,25.860001,25.860001,25.860001,24.921112,0.0,0.0,0.0,0.0,0.0,"December 30, 16",0.0
0,2016-12-29,25.860001,25.860001,25.860001,25.860001,24.921112,0.0,0.0,0.0,0.0,0.0,"December 29, 16",0.0
0,2016-12-28,25.860001,25.860001,25.860001,25.860001,24.921112,0.0,0.0,0.0,0.0,0.0,"December 28, 16",0.0
0,2016-12-27,25.860001,25.860001,25.860001,25.860001,24.921112,0.0,0.0,0.0,0.0,0.0,"December 27, 16",0.0
0,2016-12-23,25.860001,25.860001,25.860001,25.860001,24.921112,0.0,0.0,0.0,0.0,0.0,"December 23, 16",0.0
0,2016-12-22,25.860001,25.860001,25.860001,25.860001,24.921112,0.0,0.0,0.0,0.0,0.0,"December 22, 16",0.0
0,2016-12-21,25.860001,25.860001,25.860001,25.860001,24.921112,0.0,0.0,0.0,0.0,0.0,"December 21, 16",0.0
0,2016-12-20,25.860001,25.860001,25.860001,25.860001,24.921112,0.0,0.0,0.0,0.0,0.0,"December 20, 16",0.0
0,2016-12-19,25.860001,25.860001,25.860001,25.860001,24.921112,0.0,0.0,0.0,0.0,0.0,"December 19, 16",0.0
0,2016-12-16,25.860001,25.860001,25.860001,25.860001,24.921112,0.0,0.0,0.0,0.0,0.0,"December 16, 16",0.0
0,2016-12-15,25.860001,25.860001,25.860001,25.860001,24.921112,0.0,0.0,0.0,0.0,0.0,"December 15, 16",0.0
0,2016-12-14,25.860001,25.860001,25.860001,25.860001,24.921112,0.0,0.0,0.0,0.0,0.0,"December 14, 16",0.0
0,2016-12-13,25.860001,25.860001,25.860001,25.860001,24.921112,0.0,0.0,0.0,0.0,0.0,"December 13, 16",0.0
0,2016-12-12,25.860001,25.860001,25.860001,25.860001,24.921112,0.0,0.0,0.0,0.0,0.0,"December 12, 16",0.0
0,2016-12-09,25.860001,25.860001,25.860001,25.860001,24.921112,0.0,0.0,0.0,0.0,0.0,"December 09, 16",0.0
0,2016-12-08,25.860001,25.860001,25.860001,25.860001,24.921112,0.0,0.0,0.0,0.0,0.0,"December 08, 16",0.0
0,2016-12-07,25.860001,25.860001,25.860001,25.860001,24.921112,0.0,0.0,0.0,0.0,0.0,"December 07, 16",0.0
0,2016-12-06,25.860001,25.860001,25.860001,25.860001,24.921112,0.0,0.0,0.0,0.0,0.0,"December 06, 16",0.0
0,2016-12-05,25.860001,25.860001,25.860001,25.860001,24.921112,0.0,0.0,0.0,0.0,0.0,"December 05, 16",0.0
0,2016-12-02,25.860001,25.860001,25.860001,25.860001,24.921112,0.0,0.0,0.0,0.0,0.0,"December 02, 16",0.0
0,2016-12-01,25.860001,25.860001,25.860001,25.860001,24.921112,0.0,0.0,0.0,0.0,0.0,"December 01, 16",0.0
0,2016-11-30,25.860001,25.860001,25.860001,25.860001,24.921112,0.0,0.0,0.0,0.0,0.0,"November 30, 16",0.0
0,2016-11-29,25.860001,25.860001,25.860001,25.860001,24.921112,0.0,0.0,0.0,0.0,0.0,"November 29, 16",0.0
0,2016-11-28,25.860001,25.860001,25.860001,25.860001,24.921112,0.0,0.0,0.0,0.0,0.0,"November 28, 16",0.0
0,2016-11-25,25.860001,25.860001,25.860001,25.860001,24.921112,0.0,0.0,0.0,0.0,0.0,"November 25, 16",0.0
0,2016-11-24,25.860001,25.860001,25.860001,25.860001,24.921112,0.0,0.0,0.0,0.0,0.0,"November 24, 16",0.0
0,2016-11-23,25.860001,25.860001,25.860001,25.860001,24.921112,0.0,0.0,0.0,0.0,0.0,"November 23, 16",0.0
0,2016-11-22,25.860001,25.860001,25.860001,25.860001,24.921112,0.0,0.0,0.0,0.0,0.0,"November 22, 16",0.0
0,2016-11-21,25.860001,25.860001,25.860001,25.860001,24.921112,0.0,0.0,0.0,0.0,0.0,"November 21, 16",0.0
0,2016-11-18,25.860001,25.860001,25.860001,25.860001,24.921112,0.0,0.0,0.0,0.0,0.0,"November 18, 16",0.0
0,2016-11-17,25.860001,25.860001,25.860001,25.860001,24.921112,0.0,0.0,0.0,0.0,0.0,"November 17, 16",0.0
0,2016-11-16,25.860001,25.860001,25.860001,25.860001,24.921112,0.0,0.0,0.0,0.0,0.0,"November 16, 16",0.0
0,2016-11-15,25.860001,25.860001,25.860001,25.860001,24.921112,0.0,0.0,0.0,0.0,0.0,"November 15, 16",0.0
0,2016-11-14,25.860001,25.860001,25.860001,25.860001,24.921112,0.0,0.0,0.0,0.0,0.0,"November 14, 16",0.0
0,2016-11-11,25.860001,25.860001,25.860001,25.860001,24.921112,0.0,0.0,0.0,0.0,0.0,"November 11, 16",0.0
0,2016-11-10,25.860001,25.860001,25.860001,25.860001,24.921112,0.0,0.0,0.0,0.0,0.0,"November 10, 16",0.0
0,2016-11-09,25.860001,25.860001,25.860001,25.860001,24.921112,0.0,0.0,0.0,0.0,0.0,"November 09, 16",0.0
0,2016-11-08,25.860001,25.860001,25.860001,25.860001,24.921112,0.0,0.0,0.0,0.0,0.0,"November 08, 16",0.0
0,2016-11-07,25.860001,25.860001,25.860001,25.860001,24.921112,0.0,0.0,0.0,0.0,0.0,"November 07, 16",0.0
0,2016-11-04,25.860001,25.860001,25.860001,25.860001,24.921112,0.0,0.0,0.0,0.0,0.0,"November 04, 16",0.0
0,2016-11-03,25.860001,25.860001,25.860001,25.860001,24.921112,0.0,0.0,0.0,0.0,0.0,"November 03, 16",0.0
0,2016-11-02,25.860001,25.860001,25.860001,25.860001,24.921112,0.0,0.0,0.0,0.0,0.0,"November 02, 16",0.0
0,2016-11-01,25.860001,25.860001,25.860001,25.860001,24.921112,0.0,0.0,0.0,0.0,0.0,"November 01, 16",0.0
0,2016-10-31,25.860001,25.860001,25.860001,25.860001,24.921112,0.0,0.0,0.0,0.0,0.0,"October 31, 16",0.0
0,2016-10-28,25.860001,25.860001,25.860001,25.860001,24.921112,0.0,0.0,0.0,0.0,0.0,"October 28, 16",0.0
0,2016-10-27,25.860001,25.860001,25.860001,25.860001,24.921112,0.0,0.0,0.0,0.0,0.0,"October 27, 16",0.0
0,2016-10-26,25.860001,25.860001,25.860001,25.860001,24.921112,0.0,0.0,0.0,0.0,0.0,"October 26, 16",0.0
0,2016-10-25,25.860001,25.860001,25.860001,25.860001,24.921112,0.0,0.0,0.0,0.0,0.0,"October 25, 16",0.0
0,2016-10-24,25.860001,25.860001,25.860001,25.860001,24.921112,0.0,0.0,0.0,0.0,0.0,"October 24, 16",0.0
0,2016-10-21,25.860001,25.860001,25.860001,25.860001,24.921112,0.0,0.0,0.0,0.0,0.0,"October 21, 16",0.0
0,2016-10-20,25.860001,25.860001,25.860001,25.860001,24.921112,0.0,0.0,0.0,0.0,0.0,"October 20, 16",0.0
0,2016-10-19,25.860001,25.860001,25.860001,25.860001,24.921112,0.0,0.0,0.0,0.0,0.0,"October 19, 16",0.0
0,2016-10-18,25.860001,25.860001,25.860001,25.860001,24.921112,0.0,0.0,0.0,0.0,0.0,"October 18, 16",0.0
0,2016-10-17,25.860001,25.860001,25.860001,25.860001,24.921112,0.0,0.0,0.0,0.0,0.0,"October 17, 16",0.0
0,2016-10-14,25.860001,25.860001,25.860001,25.860001,24.921112,0.0,0.0,0.0,0.0,0.0,"October 14, 16",0.0
0,2016-10-13,25.860001,25.860001,25.860001,25.860001,24.921112,0.0,0.0,0.0,0.0,0.0,"October 13, 16",0.0
0,2016-10-12,25.860001,25.860001,25.860001,25.860001,24.921112,0.0,0.0,0.0,0.0,0.0,"October 12, 16",0.0
0,2016-10-11,25.860001,25.860001,25.860001,25.860001,24.921112,0.0,0.0,0.0,0.0,0.0,"October 11, 16",0.0
0,2016-10-10,25.860001,25.860001,25.860001,25.860001,24.921112,0.0,0.0,0.0,0.0,0.0,"October 10, 16",0.0
0,2016-10-07,25.860001,25.860001,25.860001,25.860001,24.921112,0.0,0.0,0.0,0.0,0.0,"October 07, 16",0.0
0,2016-10-06,25.860001,25.860001,25.860001,25.860001,24.921112,0.0,0.0,0.0,0.0,0.0,"October 06, 16",0.0
0,2016-10-05,25.860001,25.860001,25.860001,25.860001,24.921112,0.0,0.0,0.0,0.0,0.0,"October 05, 16",0.0
0,2016-10-04,25.860001,25.860001,25.860001,25.860001,24.921112,0.0,0.0,0.0,0.0,0.0,"October 04, 16",0.0
0,2016-09-30,25.860001,25.860001,25.860001,25.860001,24.921112,0.0,0.0,0.0,0.0,0.0,"September 30, 16",0.0
0,2016-09-29,25.860001,25.860001,25.860001,25.860001,24.921112,0.0,0.0,0.0,0.0,0.0,"September 29, 16",0.0
0,2016-09-28,25.860001,25.860001,25.860001,25.860001,24.921112,0.0,0.0,0.0,0.0,0.0,"September 28, 16",0.0
0,2016-09-27,25.860001,25.860001,25.860001,25.860001,24.921112,0.0,0.0,0.0,0.0,0.0,"September 27, 16",0.0
0,2016-09-26,25.860001,25.860001,25.860001,25.860001,24.921112,0.0,0.0,0.0,0.0,0.0,"September 26, 16",0.0
0,2016-09-23,25.860001,25.860001,25.860001,25.860001,24.921112,0.0,0.0,0.0,0.0,0.0,"September 23, 16",0.0
0,2016-09-22,25.860001,25.860001,25.860001,25.860001,24.921112,0.0,0.0,0.0,0.0,0.0,"September 22, 16",0.0
0,2016-09-21,25.860001,25.860001,25.860001,25.860001,24.921112,0.0,0.0,0.0,0.0,0.0,"September 21, 16",0.0
0,2016-09-20,25.860001,25.860001,25.860001,25.860001,24.921112,0.0,0.0,0.0,0.0,0.0,"September 20, 16",0.0
0,2016-09-19,25.860001,25.860001,25.860001,25.860001,24.921112,0.0,0.0,0.0,0.0,0.0,"September 19, 16",0.0
0,2016-09-16,25.860001,25.860001,25.860001,25.860001,24.921112,0.0,0.0,0.0,0.0,0.0,"September 16, 16",0.0
0,2016-09-15,25.860001,25.860001,25.860001,25.860001,24.921112,0.0,0.0,0.0,0.0,0.0,"September 15, 16",0.0
0,2016-09-14,25.860001,25.860001,25.860001,25.860001,24.921112,0.0,0.0,0.0,0.0,0.0,"September 14, 16",0.0
0,2016-09-13,25.860001,25.860001,25.860001,25.860001,24.921112,0.0,0.0,0.0,0.0,0.0,"September 13, 16",0.0
0,2016-09-12,25.860001,25.860001,25.860001,25.860001,24.921112,0.0,0.0,0.0,0.0,0.0,"September 12, 16",0.0
0,2016-09-09,25.860001,25.860001,25.860001,25.860001,24.921112,0.0,0.0,0.0,0.0,0.0,"September 09, 16",0.0
0,2016-09-08,25.860001,25.860001,25.860001,25.860001,24.921112,0.0,0.0,0.0,0.0,0.0,"September 08, 16",0.0
0,2016-09-07,25.860001,25.860001,25.860001,25.860001,24.921112,0.0,0.0,0.0,0.0,0.0,"September 07, 16",0.0
0,2016-09-06,25.860001,25.860001,25.860001,25.860001,24.921112,0.0,0.0,0.0,0.0,0.0,"September 06, 16",0.0
0,2016-09-05,25.860001,25.860001,25.860001,25.860001,24.921112,0.0,0.0,0.0,0.0,0.0,"September 05, 16",0.0
0,2016-09-02,25.860001,25.860001,25.860001,25.860001,24.921112,0.0,0.0,0.0,0.0,0.0,"September 02, 16",0.0
0,2016-09-01,25.860001,25.860001,25.860001,25.860001,24.921112,0.0,0.0,0.0,0.0,0.0,"September 01, 16",0.0
0,2016-08-31,25.860001,25.860001,25.860001,25.860001,24.921112,0.0,0.0,0.0,0.0,0.0,"August 31, 16",0.0
0,2016-08-30,25.860001,25.860001,25.860001,25.860001,24.921112,0.0,0.0,0.0,0.0,0.0,"August 30, 16",0.0
0,2016-08-29,25.860001,25.860001,25.860001,25.860001,24.921112,0.0,0.0,0.0,0.0,0.0,"August 29, 16",0.0
0,2016-08-26,25.860001,25.860001,25.860001,25.860001,24.921112,0.0,0.0,0.0,0.0,0.0,"August 26, 16",0.0
0,2016-08-25,25.860001,25.860001,25.860001,25.860001,24.921112,0.0,0.0,0.0,0.0,0.0,"August 25, 16",0.0
0,2016-08-24,25.860001,25.860001,25.860001,25.860001,24.921112,0.0,0.0,0.0,0.0,0.0,"August 24, 16",0.0
0,2016-08-23,25.860001,25.860001,25.860001,25.860001,24.921112,0.0,0.0,0.0,0.0,0.0,"August 23, 16",0.0
0,2016-08-22,25.860001,25.860001,25.860001,25.860001,24.921112,0.0,0.0,0.0,0.0,0.0,"August 22, 16",0.0
0,2016-08-19,25.860001,25.860001,25.860001,25.860001,24.921112,0.0,0.0,0.0,0.0,0.0,"August 19, 16",0.0
0,2016-08-18,25.860001,25.860001,25.860001,25.860001,24.921112,0.0,0.0,0.0,0.0,0.0,"August 18, 16",0.0
0,2016-08-17,25.860001,25.860001,25.860001,25.860001,24.921112,0.0,0.0,0.0,0.0,0.0,"August 17, 16",0.0
0,2016-08-16,25.860001,25.860001,25.860001,25.860001,24.921112,0.0,0.0,0.0,0.0,0.0,"August 16, 16",0.0
0,2016-08-15,25.860001,25.860001,25.860001,25.860001,24.921112,0.0,0.0,0.0,0.0,0.0,"August 15, 16",0.0
0,2016-08-12,25.860001,25.860001,25.860001,25.860001,24.921112,0.0,0.0,0.0,0.0,0.0,"August 12, 16",0.0
0,2016-08-11,25.860001,25.860001,25.860001,25.860001,24.921112,0.0,0.0,0.0,0.0,0.0,"August 11, 16",0.0
0,2016-08-10,25.860001,25.860001,25.860001,25.860001,24.921112,0.0,0.0,0.0,0.0,0.0,"August 10, 16",0.0
0,2016-08-09,25.860001,25.860001,25.860001,25.860001,24.921112,0.0,0.0,0.0,0.0,0.0,"August 09, 16",0.0
0,2016-08-08,25.860001,25.860001,25.860001,25.860001,24.921112,0.0,0.0,0.0,0.0,0.0,"August 08, 16",0.0
0,2016-08-05,25.860001,25.860001,25.860001,25.860001,24.921112,0.0,0.0,0.0,0.0,0.0,"August 05, 16",0.0
0,2016-08-04,25.860001,25.860001,25.860001,25.860001,24.921112,0.0,0.0,0.0,0.0,0.0,"August 04, 16",0.0
0,2016-08-03,25.860001,25.860001,25.860001,25.860001,24.921112,0.0,0.0,0.0,0.0,0.0,"August 03, 16",0.0
0,2016-08-02,25.860001,25.860001,25.860001,25.860001,24.921112,0.0,0.0,0.0,0.0,0.0,"August 02, 16",0.0
0,2016-08-01,25.860001,25.860001,25.860001,25.860001,24.921112,0.0,0.0,0.0,0.0,0.0,"August 01, 16",0.0
0,2016-07-29,25.860001,25.860001,25.860001,25.860001,24.921112,0.0,0.0,0.0,0.0,0.0,"July 29, 16",0.0
0,2016-07-28,25.860001,25.860001,25.860001,25.860001,24.921112,0.0,0.0,0.0,0.0,0.0,"July 28, 16",0.0
0,2016-07-27,25.860001,25.860001,25.860001,25.860001,24.921112,0.0,0.0,0.0,0.0,0.0,"July 27, 16",0.0
0,2016-07-26,25.860001,25.860001,25.860001,25.860001,24.921112,0.0,0.0,0.0,0.0,0.0,"July 26, 16",0.0
0,2016-07-25,25.860001,25.860001,25.860001,25.860001,24.921112,0.0,0.0,0.0,0.0,0.0,"July 25, 16",0.0
0,2016-07-22,25.860001,25.860001,25.860001,25.860001,24.921112,0.0,0.0,0.0,0.0,0.0,"July 22, 16",0.0
0,2016-07-21,25.860001,25.860001,25.860001,25.860001,24.921112,0.0,0.0,0.0,0.0,0.0,"July 21, 16",0.0
0,2016-07-20,25.860001,25.860001,25.860001,25.860001,24.921112,0.0,0.0,0.0,0.0,0.0,"July 20, 16",0.0
0,2016-07-19,25.860001,25.860001,25.860001,25.860001,24.921112,0.0,0.0,0.0,0.0,0.0,"July 19, 16",0.0
0,2016-07-18,25.860001,25.860001,25.860001,25.860001,24.921112,0.0,0.0,0.0,0.0,0.0,"July 18, 16",0.0
0,2016-07-15,25.860001,25.860001,25.860001,25.860001,24.921112,0.0,0.0,0.0,0.0,0.0,"July 15, 16",0.0
0,2016-07-14,25.860001,25.860001,25.860001,25.860001,24.921112,0.0,0.0,0.0,0.0,0.0,"July 14, 16",0.0
0,2016-07-13,25.860001,25.860001,25.860001,25.860001,24.921112,0.0,0.0,0.0,0.0,0.0,"July 13, 16",0.0
0,2016-07-12,25.860001,25.860001,25.860001,25.860001,24.921112,0.0,0.0,0.0,0.0,0.0,"July 12, 16",0.0
0,2016-07-11,25.860001,25.860001,25.860001,25.860001,24.921112,0.0,0.0,0.0,0.0,0.0,"July 11, 16",0.0
0,2016-07-08,25.860001,25.860001,25.860001,25.860001,24.921112,0.0,0.0,0.0,0.0,0.0,"July 08, 16",0.0
0,2016-07-07,25.860001,25.860001,25.860001,25.860001,24.921112,0.0,0.0,0.0,0.0,0.0,"July 07, 16",0.0
0,2016-07-06,25.860001,25.860001,25.860001,25.860001,24.921112,0.0,0.0,0.0,0.0,0.0,"July 06, 16",0.0
0,2016-07-05,25.860001,25.860001,25.860001,25.860001,24.921112,0.0,0.0,0.0,0.0,0.0,"July 05, 16",0.0
0,2016-07-04,25.860001,25.860001,25.860001,25.860001,24.921112,0.0,0.0,0.0,0.0,0.0,"July 04, 16",0.0
0,2016-07-01,25.860001,25.860001,25.860001,25.860001,24.921112,0.0,0.0,0.0,0.0,0.0,"July 01, 16",0.0
0,2016-06-30,25.860001,25.860001,25.860001,25.860001,24.921112,0.0,0.0,0.0,0.0,0.0,"June 30, 16",0.0
0,2016-06-29,25.860001,25.860001,25.860001,25.860001,24.921112,0.0,0.0,0.0,0.0,0.0,"June 29, 16",0.0
0,2016-06-28,25.860001,25.860001,25.860001,25.860001,24.921112,0.0,0.0,0.0,0.0,0.0,"June 28, 16",0.0
0,2016-06-27,25.860001,25.860001,25.860001,25.860001,24.921112,0.0,0.0,0.0,0.0,0.0,"June 27, 16",0.0
0,2016-06-24,25.860001,25.860001,25.860001,25.860001,24.921112,0.0,0.0,0.0,0.0,0.0,"June 24, 16",0.0
0,2016-06-23,25.860001,25.860001,25.860001,25.860001,24.921112,0.0,0.0,0.0,0.0,0.0,"June 23, 16",0.0
0,2016-06-22,25.860001,25.860001,25.860001,25.860001,24.921112,0.0,0.0,0.0,0.0,0.0,"June 22, 16",0.0
0,2016-06-21,25.860001,25.860001,25.860001,25.860001,24.921112,0.0,0.0,0.0,0.0,0.0,"June 21, 16",0.0
0,2016-06-20,25.860001,25.860001,25.860001,25.860001,24.921112,0.0,0.0,0.0,0.0,0.0,"June 20, 16",0.0
0,2016-06-17,25.860001,25.860001,25.860001,25.860001,24.921112,0.0,0.0,0.0,0.0,0.0,"June 17, 16",0.0
0,2016-06-16,25.860001,25.860001,25.860001,25.860001,24.921112,0.0,0.0,0.0,0.0,0.0,"June 16, 16",0.0
0,2016-06-15,25.860001,25.860001,25.860001,25.860001,24.921112,0.0,0.0,0.0,0.0,0.0,"June 15, 16",0.0
0,2016-06-14,25.860001,25.860001,25.860001,25.860001,24.921112,0.0,0.0,0.0,0.0,0.0,"June 14, 16",0.0
0,2016-06-13,25.860001,25.860001,25.860001,25.860001,24.921112,0.0,0.0,0.0,0.0,0.0,"June 13, 16",0.0
0,2016-06-10,25.860001,25.860001,25.860001,25.860001,24.921112,0.0,0.0,0.0,0.0,0.0,"June 10, 16",0.0
0,2016-06-09,25.860001,25.860001,25.860001,25.860001,24.921112,0.0,0.0,0.0,0.0,0.0,"June 09, 16",0.0
0,2016-06-08,25.860001,25.860001,25.860001,25.860001,24.921112,0.0,0.0,0.0,0.0,0.0,"June 08, 16",0.0
0,2016-06-07,25.860001,25.860001,25.860001,25.860001,24.921112,0.0,0.0,0.0,0.0,0.0,"June 07, 16",0.0
0,2016-06-06,25.860001,25.860001,25.860001,25.860001,24.921112,0.0,0.0,0.0,0.0,0.0,"June 06, 16",0.0
0,2016-06-03,25.860001,25.860001,25.860001,25.860001,24.921112,0.0,0.0,0.0,0.0,0.0,"June 03, 16",0.0
0,2016-06-02,25.860001,25.860001,25.860001,25.860001,24.921112,0.0,0.0,0.0,0.0,0.0,"June 02, 16",0.0
0,2016-06-01,25.860001,25.860001,25.860001,25.860001,24.921112,0.0,0.0,0.0,0.0,0.0,"June 01, 16",0.0
0,2016-05-31,25.860001,25.860001,25.860001,25.860001,24.921112,0.0,0.0,0.0,0.0,0.0,"May 31, 16",0.0
0,2016-05-30,25.860001,25.860001,25.860001,25.860001,24.921112,0.0,0.0,0.0,0.0,0.0,"May 30, 16",0.0
0,2016-05-27,25.860001,25.860001,25.860001,25.860001,24.921112,0.0,0.0,0.0,0.0,0.0,"May 27, 16",0.0
0,2016-05-26,25.860001,25.860001,25.860001,25.860001,24.921112,0.0,0.0,0.0,0.0,0.0,"May 26, 16",0.0
0,2016-05-25,25.860001,25.860001,25.860001,25.860001,24.921112,0.0,0.0,0.0,0.0,0.0,"May 25, 16",0.0
0,2016-05-24,25.860001,25.860001,25.860001,25.860001,24.921112,0.0,0.0,0.0,0.0,0.0,"May 24, 16",0.0
0,2016-05-23,25.860001,25.860001,25.860001,25.860001,24.921112,0.0,0.0,0.0,0.0,0.0,"May 23, 16",0.0
0,2016-05-20,25.860001,25.860001,25.860001,25.860001,24.921112,0.0,0.0,0.0,0.0,0.0,"May 20, 16",0.0
0,2016-05-19,25.860001,25.860001,25.860001,25.860001,24.921112,0.0,0.0,0.0,0.0,0.0,"May 19, 16",0.0
0,2016-05-18,25.860001,25.860001,25.860001,25.860001,24.921112,0.0,0.0,0.0,0.0,0.0,"May 18, 16",0.0
0,2016-05-17,25.860001,25.860001,25.860001,25.860001,24.921112,0.0,0.0,0.0,0.0,0.0,"May 17, 16",0.0
0,2016-05-13,25.860001,25.860001,25.860001,25.860001,24.921112,0.0,0.0,0.0,0.0,0.0,"May 13, 16",0.0
0,2016-05-12,25.860001,25.860001,25.860001,25.860001,24.921112,0.0,0.0,0.0,0.0,0.0,"May 12, 16",0.0
0,2016-05-11,25.860001,25.860001,25.860001,25.860001,24.921112,0.0,0.0,0.0,0.0,0.0,"May 11, 16",0.0
0,2016-05-10,25.860001,25.860001,25.860001,25.860001,24.921112,0.0,0.0,0.0,0.0,0.0,"May 10, 16",0.0
0,2016-05-09,25.860001,25.860001,25.860001,25.860001,24.921112,0.0,0.0,0.0,0.0,0.0,"May 09, 16",0.0
0,2016-05-06,25.860001,25.860001,25.860001,25.860001,24.921112,0.0,0.0,0.0,0.0,0.0,"May 06, 16",0.0
0,2016-05-05,25.860001,25.860001,25.860001,25.860001,24.921112,0.0,0.0,0.0,0.0,0.0,"May 05, 16",0.0
0,2016-05-04,25.860001,25.860001,25.860001,25.860001,24.921112,0.0,0.0,0.0,0.0,0.0,"May 04, 16",0.0
0,2016-05-03,25.860001,25.860001,25.860001,25.860001,24.921112,0.0,0.0,0.0,0.0,0.0,"May 03, 16",0.0
0,2016-05-02,25.860001,25.860001,25.860001,25.860001,24.921112,0.0,0.0,0.0,0.0,0.0,"May 02, 16",0.0
0,2016-04-29,25.860001,25.860001,25.860001,25.860001,24.921112,0.0,0.0,0.0,0.0,0.0,"April 29, 16",0.0
0,2016-04-28,25.860001,25.860001,25.860001,25.860001,24.921112,0.0,0.0,0.0,0.0,0.0,"April 28, 16",0.0
0,2016-04-27,25.860001,25.860001,25.860001,25.860001,24.921112,0.0,0.0,0.0,0.0,0.0,"April 27, 16",0.0
0,2016-04-26,25.860001,25.860001,25.860001,25.860001,24.921112,0.0,0.0,0.0,0.0,0.0,"April 26, 16",0.0
0,2016-04-25,25.860001,25.860001,25.860001,25.860001,24.921112,0.0,0.0,0.0,0.0,0.0,"April 25, 16",0.0
0,2016-04-22,25.860001,25.860001,25.860001,25.860001,24.921112,0.0,0.0,0.0,0.0,0.0,"April 22, 16",0.0
0,2016-04-21,25.860001,25.860001,25.860001,25.860001,24.921112,0.0,0.0,0.0,0.0,0.0,"April 21, 16",0.0
0,2016-04-20,25.860001,25.860001,25.860001,25.860001,24.921112,0.0,0.0,0.0,0.0,0.0,"April 20, 16",0.0
0,2016-04-19,25.860001,25.860001,25.860001,25.860001,24.921112,0.0,0.0,0.0,0.0,0.0,"April 19, 16",0.0
0,2016-04-18,25.860001,25.860001,25.860001,25.860001,24.921112,0.0,0.0,0.0,0.0,0.0,"April 18, 16",0.0
0,2016-04-15,25.860001,25.860001,25.860001,25.860001,24.921112,0.0,0.0,0.0,0.0,0.0,"April 15, 16",0.0
0,2016-04-14,25.860001,25.860001,25.860001,25.860001,24.921112,0.0,0.0,0.0,0.0,0.0,"April 14, 16",0.0
0,2016-04-13,25.860001,25.860001,25.860001,25.860001,24.921112,0.0,0.0,0.0,0.0,0.0,"April 13, 16",0.0
0,2016-04-12,25.860001,25.860001,25.860001,25.860001,24.921112,0.0,0.0,0.0,0.0,0.0,"April 12, 16",0.0
0,2016-04-11,25.860001,25.860001,25.860001,25.860001,24.921112,0.0,0.0,0.0,0.0,0.0,"April 11, 16",0.0
0,2016-04-08,25.860001,25.860001,25.860001,25.860001,24.921112,0.0,0.0,0.0,0.0,0.0,"April 08, 16",0.0
0,2016-04-07,25.860001,25.860001,25.860001,25.860001,24.921112,0.0,0.0,0.0,0.0,0.0,"April 07, 16",0.0
0,2016-04-06,25.860001,25.860001,25.860001,25.860001,24.921112,0.0,0.0,0.0,0.0,0.0,"April 06, 16",0.0
0,2016-04-05,25.860001,25.860001,25.860001,25.860001,24.921112,0.0,0.0,0.0,0.0,0.0,"April 05, 16",0.0
0,2016-04-04,25.860001,25.860001,25.860001,25.860001,24.921112,0.0,0.0,0.0,0.0,0.0,"April 04, 16",0.0
0,2016-04-01,25.860001,25.860001,25.860001,25.860001,24.921112,0.0,0.0,0.0,0.0,0.0,"April 01, 16",0.0
0,2016-03-31,25.860001,25.860001,25.860001,25.860001,24.921112,0.0,0.0,0.0,0.0,0.0,"March 31, 16",0.0
0,2016-03-30,25.860001,25.860001,25.860001,25.860001,24.921112,0.0,0.0,0.0,0.0,0.0,"March 30, 16",0.0
0,2016-03-29,25.860001,25.860001,25.860001,25.860001,24.921112,0.0,0.0,0.0,0.0,0.0,"March 29, 16",0.0
0,2016-03-24,25.860001,25.860001,25.860001,25.860001,24.921112,0.0,0.0,0.0,0.0,0.0,"March 24, 16",0.0
0,2016-03-23,25.860001,25.860001,25.860001,25.860001,24.921112,0.0,0.0,0.0,0.0,0.0,"March 23, 16",0.0
0,2016-03-22,25.860001,25.860001,25.860001,25.860001,24.921112,0.0,0.0,0.0,0.0,0.0,"March 22, 16",0.0
0,2016-03-21,25.860001,25.860001,25.860001,25.860001,24.921112,0.0,0.0,0.0,0.0,0.0,"March 21, 16",0.0
0,2016-03-18,25.860001,25.860001,25.860001,25.860001,24.921112,0.0,0.0,0.0,0.0,0.0,"March 18, 16",0.0
0,2016-03-17,25.860001,25.860001,25.860001,25.860001,24.921112,0.0,0.0,0.0,0.0,0.0,"March 17, 16",0.0
0,2016-03-16,25.860001,25.860001,25.860001,25.860001,24.921112,0.0,0.0,0.0,0.0,0.0,"March 16, 16",0.0
0,2016-03-15,25.860001,25.860001,25.860001,25.860001,24.921112,0.0,0.0,0.0,0.0,0.0,"March 15, 16",0.0
0,2016-03-14,25.860001,25.860001,25.860001,25.860001,24.921112,0.0,0.0,0.0,0.0,0.0,"March 14, 16",0.0
0,2016-03-11,25.860001,25.860001,25.860001,25.860001,24.921112,0.0,0.0,0.0,0.0,0.0,"March 11, 16",0.0
0,2016-03-10,25.860001,25.860001,25.860001,25.860001,24.921112,0.0,0.0,0.0,0.0,0.0,"March 10, 16",0.0
0,2016-03-09,25.860001,25.860001,25.860001,25.860001,24.921112,0.0,0.0,0.0,0.0,0.0,"March 09, 16",0.0
0,2016-03-08,25.860001,25.860001,25.860001,25.860001,24.921112,0.0,0.0,0.0,0.0,0.0,"March 08, 16",0.0
0,2016-03-07,25.860001,25.860001,25.860001,25.860001,24.921112,0.0,0.0,0.0,0.0,0.0,"March 07, 16",0.0
0,2016-03-04,25.860001,25.860001,25.860001,25.860001,24.921112,0.0,0.0,0.0,0.0,0.0,"March 04, 16",0.0
0,2016-03-03,25.860001,25.860001,25.860001,25.860001,24.921112,0.0,0.0,0.0,0.0,0.0,"March 03, 16",0.0
0,2016-03-02,25.860001,25.860001,25.860001,25.860001,24.921112,0.0,0.0,0.0,0.0,0.0,"March 02, 16",0.0
0,2016-03-01,25.860001,25.860001,25.860001,25.860001,24.921112,0.0,0.0,0.0,0.0,0.0,"March 01, 16",0.0
0,2016-02-29,25.860001,25.860001,25.860001,25.860001,24.921112,0.0,0.0,0.0,0.0,0.0,"February 29, 16",0.0
0,2016-02-26,25.860001,25.860001,25.860001,25.860001,24.921112,0.0,0.0,0.0,0.0,0.0,"February 26, 16",0.0
0,2016-02-25,25.860001,25.860001,25.860001,25.860001,24.921112,0.0,0.0,0.0,0.0,0.0,"February 25, 16",0.0
0,2016-02-24,25.860001,25.860001,25.860001,25.860001,24.921112,0.0,0.0,0.0,0.0,0.0,"February 24, 16",0.0
0,2016-02-23,25.860001,25.860001,25.860001,25.860001,24.921112,0.0,0.0,0.0,0.0,0.0,"February 23, 16",0.0
0,2016-02-22,25.860001,25.860001,25.860001,25.860001,24.921112,0.0,0.0,0.0,0.0,0.0,"February 22, 16",0.0
0,2016-02-19,25.860001,25.860001,25.860001,25.860001,24.921112,0.0,0.0,0.0,0.0,0.0,"February 19, 16",0.0
0,2016-02-18,25.860001,25.860001,25.860001,25.860001,24.921112,0.0,0.0,0.0,0.0,0.0,"February 18, 16",0.0
0,2016-02-17,25.860001,25.860001,25.860001,25.860001,24.921112,0.0,0.0,0.0,0.0,0.0,"February 17, 16",0.0
0,2016-02-16,25.860001,25.860001,25.860001,25.860001,24.921112,0.0,0.0,0.0,0.0,0.0,"February 16, 16",0.0
