,date,open,high,low,close,adjClose,volume,unadjustedVolume,change,changePercent,vwap,label,changeOverTime
0,2021-02-12,26.76,27.43,26.44,26.86,26.86,134880.0,134880.0,0.1,0.374,26.91,"February 12, 21",0.00374
0,2021-02-11,26.68,27.1,26.41,27.09,27.09,145800.0,145800.0,0.41,1.537,26.86667,"February 11, 21",0.01537
0,2021-02-10,27.030001,27.459999,26.290001,26.48,26.48,180300.0,180300.0,-0.55,-2.035,26.74333,"February 10, 21",-0.02035
0,2021-02-09,26.5,27.65,25.93,26.889999,26.889999,255700.0,255700.0,0.39,1.472,26.82333,"February 09, 21",0.01472
0,2021-02-08,26.1,26.629999,25.889999,26.540001,26.540001,116600.0,116600.0,0.44,1.686,26.35333,"February 08, 21",0.01686
0,2021-02-05,25.290001,25.879999,25.290001,25.82,25.82,120300.0,120300.0,0.53,2.096,25.66333,"February 05, 21",0.02096
0,2021-02-04,24.76,25.549999,24.23,25.26,25.26,113800.0,113800.0,0.5,2.019,25.01333,"February 04, 21",0.02019
0,2021-02-03,24.27,24.790001,23.98,24.74,24.74,100000.0,100000.0,0.47,1.937,24.50333,"February 03, 21",0.01937
0,2021-02-02,23.870001,24.34,23.280001,24.280001,24.280001,122500.0,122500.0,0.41,1.718,23.96667,"February 02, 21",0.01718
0,2021-02-01,23.450001,23.76,22.85,23.51,23.51,75800.0,75800.0,0.06,0.256,23.37333,"February 01, 21",0.00256
0,2021-01-29,24.35,24.530001,22.959999,23.0,23.0,215200.0,215200.0,-1.35,-5.544,23.49667,"January 29, 21",-0.05544
0,2021-01-28,24.73,24.73,23.709999,24.43,24.43,229100.0,229100.0,-0.3,-1.213,24.29,"January 28, 21",-0.01213
0,2021-01-27,24.969999,25.65,24.030001,24.34,24.34,223700.0,223700.0,-0.63,-2.523,24.67333,"January 27, 21",-0.02523
0,2021-01-26,25.33,25.85,25.0,25.73,25.73,103400.0,103400.0,0.4,1.579,25.52667,"January 26, 21",0.01579
0,2021-01-25,25.26,25.67,24.65,25.18,25.18,90800.0,90800.0,-0.08,-0.317,25.16667,"January 25, 21",-0.00317
0,2021-01-22,24.299999,25.309999,24.25,25.25,25.25,125900.0,125900.0,0.95,3.909,24.93667,"January 22, 21",0.03909
0,2021-01-21,25.4,25.4,24.809999,24.9,24.9,115800.0,115800.0,-0.5,-1.969,25.03667,"January 21, 21",-0.01969
0,2021-01-20,25.92,26.219999,25.15,25.389999,25.389999,142900.0,142900.0,-0.53,-2.045,25.58667,"January 20, 21",-0.02045
0,2021-01-19,25.139999,25.969999,24.9,25.709999,25.709999,193900.0,193900.0,0.57,2.267,25.52667,"January 19, 21",0.02267
0,2021-01-15,24.99,25.629999,24.049999,24.610001,24.610001,159100.0,159100.0,-0.38,-1.521,24.76333,"January 15, 21",-0.01521
0,2021-01-14,24.82,25.889999,24.73,25.360001,25.360001,163600.0,163600.0,0.54,2.176,25.32667,"January 14, 21",0.02176
0,2021-01-13,24.66,24.969999,24.34,24.549999,24.549999,114600.0,114600.0,-0.11,-0.446,24.62,"January 13, 21",-0.00446
0,2021-01-12,24.01,24.9,23.66,24.66,24.66,185400.0,185400.0,0.65,2.707,24.40667,"January 12, 21",0.02707
0,2021-01-11,24.08,24.08,22.450001,23.799999,23.799999,250500.0,250500.0,-0.28,-1.163,23.44333,"January 11, 21",-0.01163
0,2021-01-08,25.709999,25.75,24.85,25.18,25.18,147300.0,147300.0,-0.53,-2.061,25.26,"January 08, 21",-0.02061
0,2021-01-07,24.950001,25.620001,24.209999,25.549999,25.549999,199800.0,199800.0,0.6,2.405,25.12667,"January 07, 21",0.02405
0,2021-01-06,25.24,26.01,24.51,24.92,24.92,367500.0,367500.0,-0.32,-1.268,25.14667,"January 06, 21",-0.01268
0,2021-01-05,24.059999,25.200001,24.059999,24.780001,24.780001,275900.0,275900.0,0.72,2.993,24.68,"January 05, 21",0.02993
0,2021-01-04,24.73,25.32,23.690001,24.190001,24.190001,216800.0,216800.0,-0.54,-2.184,24.4,"January 04, 21",-0.02184
0,2020-12-31,24.32,24.940001,23.959999,24.51,24.51,161200.0,161200.0,0.19,0.781,24.47,"December 31, 20",0.00781
0,2020-12-30,24.08,24.75,24.07,24.440001,24.265001,119000.0,119000.0,0.36,1.495,24.42,"December 30, 20",0.01495
0,2020-12-29,23.65,24.24,23.65,24.0,23.828152,112700.0,112700.0,0.35,1.48,23.96333,"December 29, 20",0.0148
0,2020-12-28,23.99,24.360001,23.809999,24.08,23.907578,141800.0,141800.0,0.09,0.375,24.08333,"December 28, 20",0.00375
0,2020-12-24,24.219999,24.5,23.35,23.809999,23.639511,65200.0,65200.0,-0.41,-1.693,23.88667,"December 24, 20",-0.01693
0,2020-12-23,23.52,24.440001,23.379999,24.15,23.977077,122600.0,122600.0,0.63,2.679,23.99,"December 23, 20",0.02679
0,2020-12-22,22.6,23.67,22.290001,23.32,23.153021,186800.0,186800.0,0.72,3.186,23.09333,"December 22, 20",0.03186
0,2020-12-21,21.5,22.790001,21.35,22.65,22.487818,417100.0,417100.0,1.15,5.349,22.26333,"December 21, 20",0.05349
0,2020-12-18,23.16,23.620001,21.809999,21.889999,21.733259,767800.0,767800.0,-1.27,-5.484,22.44,"December 18, 20",-0.05484
0,2020-12-17,23.440001,23.85,22.870001,23.049999,22.884953,169400.0,169400.0,-0.39,-1.664,23.25667,"December 17, 20",-0.01664
0,2020-12-16,24.48,24.629999,23.139999,23.690001,23.520372,205200.0,205200.0,-0.79,-3.227,23.82,"December 16, 20",-0.03227
0,2020-12-15,22.82,24.780001,22.82,24.51,24.334499,244500.0,244500.0,1.69,7.406,24.03667,"December 15, 20",0.07406
0,2020-12-14,23.42,23.43,22.549999,22.73,22.567244,156000.0,156000.0,-0.69,-2.946,22.90333,"December 14, 20",-0.02946
0,2020-12-11,23.139999,23.290001,22.84,23.0,22.835312,116100.0,116100.0,-0.14,-0.605,23.04333,"December 11, 20",-0.00605
0,2020-12-10,23.440001,23.719999,22.030001,23.469999,23.301945,102900.0,102900.0,0.03,0.128,23.07333,"December 10, 20",0.00128
0,2020-12-09,24.469999,24.76,23.030001,23.549999,23.381372,224300.0,224300.0,-0.92,-3.76,23.78,"December 09, 20",-0.0376
0,2020-12-08,23.610001,24.290001,23.6,24.110001,23.937365,120700.0,120700.0,0.5,2.118,24.0,"December 08, 20",0.02118
0,2020-12-07,24.35,24.35,23.51,23.73,23.560083,91900.0,91900.0,-0.62,-2.546,23.86333,"December 07, 20",-0.02546
0,2020-12-04,23.23,24.16,22.32,24.02,23.848009,161800.0,161800.0,0.79,3.401,23.5,"December 04, 20",0.03401
0,2020-12-03,23.42,23.459999,22.75,23.120001,22.954453,93500.0,93500.0,-0.3,-1.281,23.11,"December 03, 20",-0.01281
0,2020-12-02,23.450001,23.809999,23.02,23.440001,23.272161,142300.0,142300.0,-0.01,-0.043,23.42333,"December 02, 20",-0.00043
0,2020-12-01,23.110001,23.790001,22.85,23.49,23.321802,252800.0,252800.0,0.38,1.644,23.37667,"December 01, 20",0.01644
0,2020-11-30,23.07,23.389999,22.57,22.73,22.567244,214100.0,214100.0,-0.34,-1.474,22.89667,"November 30, 20",-0.01474
0,2020-11-27,23.030001,23.450001,22.549999,23.299999,23.133163,83200.0,83200.0,0.27,1.172,23.1,"November 27, 20",0.01172
0,2020-11-25,23.200001,23.9,22.58,23.18,23.014023,135200.0,135200.0,-0.02,-0.086,23.22,"November 25, 20",-0.00086
0,2020-11-24,22.82,23.4,22.450001,23.190001,23.023952,176800.0,176800.0,0.37,1.621,23.01333,"November 24, 20",0.01621
0,2020-11-23,21.73,22.709999,21.48,22.34,22.180038,128500.0,128500.0,0.61,2.807,22.17667,"November 23, 20",0.02807
0,2020-11-20,21.68,21.68,21.07,21.360001,21.207056,114800.0,114800.0,-0.32,-1.476,21.37,"November 20, 20",-0.01476
0,2020-11-19,21.35,22.049999,20.629999,21.959999,21.802757,99200.0,99200.0,0.61,2.857,21.54667,"November 19, 20",0.02857
0,2020-11-18,22.059999,22.120001,21.41,21.52,21.36591,128700.0,128700.0,-0.54,-2.448,21.68333,"November 18, 20",-0.02448
0,2020-11-17,22.389999,22.469999,21.690001,21.93,21.772974,102200.0,102200.0,-0.46,-2.054,22.03,"November 17, 20",-0.02054
0,2020-11-16,22.540001,23.379999,22.110001,22.74,22.577173,231700.0,231700.0,0.2,0.887,22.74333,"November 16, 20",0.00887
0,2020-11-13,20.540001,22.16,20.48,22.08,21.9219,253700.0,253700.0,1.54,7.498,21.57333,"November 13, 20",0.07498
0,2020-11-12,21.49,21.629999,20.32,20.41,20.263857,179700.0,179700.0,-1.08,-5.026,20.78667,"November 12, 20",-0.05026
0,2020-11-11,21.629999,21.76,20.6,21.700001,21.544621,190100.0,190100.0,0.07,0.324,21.35333,"November 11, 20",0.00324
0,2020-11-10,20.24,21.690001,19.76,21.540001,21.385767,248300.0,248300.0,1.3,6.423,20.99667,"November 10, 20",0.06423
0,2020-11-09,18.82,20.889999,18.82,19.950001,19.807152,412600.0,412600.0,1.13,6.004,19.88667,"November 09, 20",0.06004
0,2020-11-06,18.870001,19.139999,18.110001,18.18,18.049826,211200.0,211200.0,-0.69,-3.657,18.47667,"November 06, 20",-0.03657
0,2020-11-05,18.51,19.01,18.24,18.879999,18.744812,313200.0,313200.0,0.37,1.999,18.71,"November 05, 20",0.01999
0,2020-11-04,21.75,22.33,18.02,18.639999,18.506531,834200.0,834200.0,-3.11,-14.299,19.66333,"November 04, 20",-0.14299
0,2020-11-03,22.98,23.0,21.92,22.43,22.269394,191900.0,191900.0,-0.55,-2.393,22.45,"November 03, 20",-0.02393
0,2020-11-02,21.98,22.43,21.67,22.379999,22.219749,178000.0,178000.0,0.4,1.82,22.16,"November 02, 20",0.0182
0,2020-10-30,22.35,22.35,21.51,21.690001,21.534693,145300.0,145300.0,-0.66,-2.953,21.85,"October 30, 20",-0.02953
0,2020-10-29,21.950001,22.280001,21.559999,21.99,21.832542,175500.0,175500.0,0.04,0.182,21.94333,"October 29, 20",0.00182
0,2020-10-28,22.610001,22.940001,22.049999,22.09,21.931828,190700.0,190700.0,-0.52,-2.3,22.36,"October 28, 20",-0.023
0,2020-10-27,23.290001,23.290001,22.91,23.1,22.934595,124100.0,124100.0,-0.19,-0.816,23.1,"October 27, 20",-0.00816
0,2020-10-26,23.540001,23.540001,22.950001,23.26,23.093451,195700.0,195700.0,-0.28,-1.189,23.25,"October 26, 20",-0.01189
0,2020-10-23,23.99,24.219999,23.4,23.85,23.679226,160000.0,160000.0,-0.14,-0.584,23.82333,"October 23, 20",-0.00584
0,2020-10-22,22.969999,24.0,22.77,23.9,23.728867,210600.0,210600.0,0.93,4.049,23.55667,"October 22, 20",0.04049
0,2020-10-21,23.09,23.43,22.709999,22.940001,22.775742,112300.0,112300.0,-0.15,-0.65,23.02667,"October 21, 20",-0.0065
0,2020-10-20,22.860001,23.309999,22.73,23.02,22.855169,217400.0,217400.0,0.16,0.7,23.02,"October 20, 20",0.007
0,2020-10-19,23.190001,23.48,22.51,22.58,22.41832,245200.0,245200.0,-0.61,-2.63,22.85667,"October 19, 20",-0.0263
0,2020-10-16,22.6,23.23,22.299999,23.15,22.984238,295500.0,295500.0,0.55,2.434,22.89333,"October 16, 20",0.02434
0,2020-10-15,21.969999,22.700001,21.41,22.629999,22.46796,351200.0,351200.0,0.66,3.004,22.24667,"October 15, 20",0.03004
0,2020-10-14,20.200001,21.959999,20.16,21.75,21.594261,840100.0,840100.0,1.55,7.673,21.29,"October 14, 20",0.07673
0,2020-10-13,19.790001,20.32,19.77,20.17,20.025576,136100.0,136100.0,0.38,1.92,20.08667,"October 13, 20",0.0192
0,2020-10-12,19.66,20.049999,19.530001,19.879999,19.737652,168400.0,168400.0,0.22,1.119,19.82,"October 12, 20",0.01119
0,2020-10-09,19.85,20.120001,19.280001,19.610001,19.469585,146800.0,146800.0,-0.24,-1.209,19.67,"October 09, 20",-0.01209
0,2020-10-08,19.950001,20.16,19.42,19.75,19.608583,141500.0,141500.0,-0.2,-1.003,19.77667,"October 08, 20",-0.01003
0,2020-10-07,19.4,20.040001,19.4,19.719999,19.578796,272000.0,272000.0,0.32,1.649,19.72,"October 07, 20",0.01649
0,2020-10-06,20.0,20.23,19.629999,19.639999,19.499371,255800.0,255800.0,-0.36,-1.8,19.83333,"October 06, 20",-0.018
0,2020-10-05,19.629999,19.93,19.549999,19.790001,19.648296,145800.0,145800.0,0.16,0.815,19.75667,"October 05, 20",0.00815
0,2020-10-02,18.65,19.52,18.549999,19.440001,19.300802,180400.0,180400.0,0.79,4.236,19.17,"October 02, 20",0.04236
0,2020-10-01,19.23,19.639999,18.9,19.09,18.953308,147500.0,147500.0,-0.14,-0.728,19.21,"October 01, 20",-0.00728
0,2020-09-30,19.469999,19.85,19.07,19.17,19.032736,204300.0,204300.0,-0.3,-1.541,19.36333,"September 30, 20",-0.01541
0,2020-09-29,20.040001,20.200001,19.48,19.639999,19.325624,131100.0,131100.0,-0.4,-1.996,19.77333,"September 29, 20",-0.01996
0,2020-09-28,19.790001,20.389999,19.66,20.01,19.689701,440300.0,440300.0,0.22,1.112,20.02,"September 28, 20",0.01112
0,2020-09-25,19.469999,19.75,19.25,19.57,19.256744,158900.0,158900.0,0.1,0.514,19.52333,"September 25, 20",0.00514
0,2020-09-24,18.84,19.91,18.719999,19.58,19.266584,373100.0,373100.0,0.74,3.928,19.40333,"September 24, 20",0.03928
0,2020-09-23,18.52,18.99,17.92,17.959999,17.672514,221900.0,221900.0,-0.56,-3.024,18.29,"September 23, 20",-0.03024
0,2020-09-22,18.870001,19.08,18.51,18.559999,18.262911,246900.0,246900.0,-0.31,-1.643,18.71667,"September 22, 20",-0.01643
0,2020-09-21,19.57,19.690001,18.450001,18.66,18.361311,400400.0,400400.0,-0.91,-4.65,18.93333,"September 21, 20",-0.0465
0,2020-09-18,19.76,20.65,19.6,20.059999,19.738901,1192000.0,1192000.0,0.3,1.518,20.10333,"September 18, 20",0.01518
0,2020-09-17,19.6,19.870001,19.299999,19.59,19.276424,205600.0,205600.0,-0.01,-0.051,19.58667,"September 17, 20",-0.00051
0,2020-09-16,19.139999,19.9,18.99,19.6,19.286264,362900.0,362900.0,0.46,2.403,19.49667,"September 16, 20",0.02403
0,2020-09-15,19.24,19.35,18.85,18.940001,18.636829,306400.0,306400.0,-0.3,-1.559,19.04667,"September 15, 20",-0.01559
0,2020-09-14,17.57,19.49,17.559999,19.200001,18.892668,647900.0,647900.0,1.63,9.277,18.75,"September 14, 20",0.09277
0,2020-09-11,16.76,16.82,16.450001,16.59,16.324446,149400.0,149400.0,-0.17,-1.014,16.62,"September 11, 20",-0.01014
0,2020-09-10,17.139999,17.17,16.52,16.76,16.491724,160600.0,160600.0,-0.38,-2.217,16.81667,"September 10, 20",-0.02217
0,2020-09-09,16.860001,17.23,16.360001,17.02,16.747562,225900.0,225900.0,0.16,0.949,16.87,"September 09, 20",0.00949
0,2020-09-08,18.01,18.01,16.719999,16.74,16.472044,243200.0,243200.0,-1.27,-7.052,17.15667,"September 08, 20",-0.07052
0,2020-09-04,18.309999,18.48,17.77,18.09,17.800436,158900.0,158900.0,-0.22,-1.202,18.11333,"September 04, 20",-0.01202
0,2020-09-03,17.870001,18.370001,17.83,17.98,17.692196,184700.0,184700.0,0.11,0.616,18.06,"September 03, 20",0.00616
0,2020-09-02,17.950001,18.18,17.610001,17.809999,17.524916,182400.0,182400.0,-0.14,-0.78,17.86667,"September 02, 20",-0.0078
0,2020-09-01,17.66,17.85,17.299999,17.809999,17.524916,133900.0,133900.0,0.15,0.849,17.65333,"September 01, 20",0.00849
0,2020-08-31,17.889999,18.02,17.41,17.73,17.446198,192900.0,192900.0,-0.16,-0.894,17.72,"August 31, 20",-0.00894
0,2020-08-28,17.75,18.049999,17.6,17.969999,17.682354,111900.0,111900.0,0.22,1.239,17.87333,"August 28, 20",0.01239
0,2020-08-27,17.530001,17.959999,17.49,17.67,17.387157,120800.0,120800.0,0.14,0.799,17.70667,"August 27, 20",0.00799
0,2020-08-26,18.190001,18.24,17.35,17.43,17.150999,146600.0,146600.0,-0.76,-4.178,17.67333,"August 26, 20",-0.04178
0,2020-08-25,17.92,18.15,17.67,17.84,17.554438,114100.0,114100.0,-0.08,-0.446,17.88667,"August 25, 20",-0.00446
0,2020-08-24,17.290001,17.860001,17.1,17.85,17.564278,117200.0,117200.0,0.56,3.239,17.60333,"August 24, 20",0.03239
0,2020-08-21,17.01,17.24,16.610001,17.08,16.806601,138000.0,138000.0,0.07,0.412,16.97667,"August 21, 20",0.00412
0,2020-08-20,17.6,17.73,16.99,17.07,16.796762,108700.0,108700.0,-0.53,-3.011,17.26333,"August 20, 20",-0.03011
0,2020-08-19,17.969999,18.16,17.75,17.84,17.554438,114900.0,114900.0,-0.13,-0.723,17.91667,"August 19, 20",-0.00723
0,2020-08-18,18.02,18.02,17.41,17.82,17.534756,137700.0,137700.0,-0.2,-1.11,17.75,"August 18, 20",-0.0111
0,2020-08-17,17.719999,18.09,17.42,18.02,17.731556,217500.0,217500.0,0.3,1.693,17.84333,"August 17, 20",0.01693
0,2020-08-14,17.190001,17.889999,17.190001,17.73,17.446198,159400.0,159400.0,0.54,3.141,17.60333,"August 14, 20",0.03141
0,2020-08-13,17.52,17.83,17.16,17.27,16.993561,100400.0,100400.0,-0.25,-1.427,17.42,"August 13, 20",-0.01427
0,2020-08-12,17.690001,17.940001,17.35,17.629999,17.347797,188000.0,188000.0,-0.06,-0.339,17.64,"August 12, 20",-0.00339
0,2020-08-11,17.700001,18.129999,17.16,17.35,17.072281,204600.0,204600.0,-0.35,-1.977,17.54667,"August 11, 20",-0.01977
0,2020-08-10,17.27,17.700001,17.030001,17.610001,17.328117,234000.0,234000.0,0.34,1.969,17.44667,"August 10, 20",0.01969
0,2020-08-07,16.85,17.379999,16.5,17.110001,16.836123,229100.0,229100.0,0.26,1.543,16.99667,"August 07, 20",0.01543
0,2020-08-06,16.73,17.59,16.58,17.0,16.727882,293000.0,293000.0,0.27,1.614,17.05667,"August 06, 20",0.01614
0,2020-08-05,15.84,16.9,15.63,16.309999,16.048925,351600.0,351600.0,0.47,2.967,16.28,"August 05, 20",0.02967
0,2020-08-04,14.56,15.43,14.56,15.29,15.045255,223700.0,223700.0,0.73,5.014,15.09333,"August 04, 20",0.05014
0,2020-08-03,14.34,14.77,14.13,14.6,14.366299,118400.0,118400.0,0.26,1.813,14.5,"August 03, 20",0.01813
0,2020-07-31,14.33,14.59,13.81,14.22,13.992382,182000.0,182000.0,-0.11,-0.768,14.20667,"July 31, 20",-0.00768
0,2020-07-30,14.5,15.03,14.42,14.46,14.22854,157600.0,157600.0,-0.04,-0.276,14.63667,"July 30, 20",-0.00276
0,2020-07-29,14.26,14.72,14.1,14.66,14.425339,141900.0,141900.0,0.4,2.805,14.49333,"July 29, 20",0.02805
0,2020-07-28,14.24,14.64,14.1,14.33,14.10062,93000.0,93000.0,0.09,0.632,14.35667,"July 28, 20",0.00632
0,2020-07-27,14.08,14.38,13.83,14.35,14.120301,99800.0,99800.0,0.27,1.918,14.18667,"July 27, 20",0.01918
0,2020-07-24,14.21,14.28,13.96,14.11,13.884142,96300.0,96300.0,-0.1,-0.704,14.11667,"July 24, 20",-0.00704
0,2020-07-23,13.74,14.27,13.74,14.22,13.992382,177400.0,177400.0,0.48,3.493,14.07667,"July 23, 20",0.03493
0,2020-07-22,13.81,13.91,13.55,13.79,13.569264,76400.0,76400.0,-0.02,-0.145,13.75,"July 22, 20",-0.00145
0,2020-07-21,13.59,14.04,13.59,13.81,13.588945,88200.0,88200.0,0.22,1.619,13.81333,"July 21, 20",0.01619
0,2020-07-20,14.02,14.04,13.23,13.5,13.283907,162100.0,162100.0,-0.52,-3.709,13.59,"July 20, 20",-0.03709
0,2020-07-17,14.04,14.31,13.97,14.11,13.884142,137800.0,137800.0,0.07,0.499,14.13,"July 17, 20",0.00499
0,2020-07-16,13.9,14.2,13.75,14.04,13.815263,100300.0,100300.0,0.14,1.007,13.99667,"July 16, 20",0.01007
0,2020-07-15,13.75,14.22,13.73,13.96,13.736544,158900.0,158900.0,0.21,1.527,13.97,"July 15, 20",0.01527
0,2020-07-14,13.28,13.57,13.12,13.39,13.175668,114100.0,114100.0,0.11,0.828,13.36,"July 14, 20",0.00828
0,2020-07-13,13.26,13.5,12.92,13.25,13.037909,148900.0,148900.0,-0.01,-0.075,13.22333,"July 13, 20",-0.00075
0,2020-07-10,12.5,13.19,12.5,13.15,12.939508,225500.0,225500.0,0.65,5.2,12.94667,"July 10, 20",0.052
0,2020-07-09,12.84,12.84,12.27,12.46,12.260554,156300.0,156300.0,-0.38,-2.96,12.52333,"July 09, 20",-0.0296
0,2020-07-08,13.19,13.24,12.62,12.82,12.614791,213800.0,213800.0,-0.37,-2.805,12.89333,"July 08, 20",-0.02805
0,2020-07-07,13.39,13.39,12.98,13.22,13.008389,151400.0,151400.0,-0.17,-1.27,13.19667,"July 07, 20",-0.0127
0,2020-07-06,13.81,14.0,13.38,13.54,13.323266,134800.0,134800.0,-0.27,-1.955,13.64,"July 06, 20",-0.01955
0,2020-07-02,13.54,13.9,13.33,13.54,13.323266,151800.0,151800.0,0.0,0.0,13.59,"July 02, 20",0.0
0,2020-07-01,13.76,14.08,13.38,13.39,13.003469,178100.0,178100.0,-0.37,-2.689,13.61667,"July 01, 20",-0.02689
0,2020-06-30,13.5,13.83,13.31,13.76,13.362788,127900.0,127900.0,0.26,1.926,13.63333,"June 30, 20",0.01926
0,2020-06-29,13.21,14.19,13.21,13.55,13.15885,184200.0,184200.0,0.34,2.574,13.65,"June 29, 20",0.02574
0,2020-06-26,13.2,13.28,12.57,13.02,12.644151,390600.0,390600.0,-0.18,-1.364,12.95667,"June 26, 20",-0.01364
0,2020-06-25,12.92,13.31,12.63,13.28,12.896643,196600.0,196600.0,0.36,2.786,13.07333,"June 25, 20",0.02786
0,2020-06-24,13.3,13.3,12.56,13.0,12.624727,233200.0,233200.0,-0.3,-2.256,12.95333,"June 24, 20",-0.02256
0,2020-06-23,13.82,13.85,13.12,13.48,13.09087,186700.0,186700.0,-0.34,-2.46,13.48333,"June 23, 20",-0.0246
0,2020-06-22,14.08,14.08,13.32,13.62,13.226829,169800.0,169800.0,-0.46,-3.267,13.67333,"June 22, 20",-0.03267
0,2020-06-19,14.48,14.68,13.92,14.27,13.858067,478800.0,478800.0,-0.21,-1.45,14.29,"June 19, 20",-0.0145
0,2020-06-18,13.85,14.67,13.85,14.26,13.848354,137000.0,137000.0,0.41,2.96,14.26,"June 18, 20",0.0296
0,2020-06-17,14.54,14.7,13.9,14.09,13.683262,177000.0,177000.0,-0.45,-3.095,14.23,"June 17, 20",-0.03095
0,2020-06-16,14.82,15.08,14.31,14.6,14.178539,214800.0,214800.0,-0.22,-1.484,14.66333,"June 16, 20",-0.01484
0,2020-06-15,13.28,14.41,13.26,14.23,13.819219,159100.0,159100.0,0.95,7.154,13.96667,"June 15, 20",0.07154
0,2020-06-12,14.21,14.55,13.4,13.77,13.372499,199500.0,199500.0,-0.44,-3.096,13.90667,"June 12, 20",-0.03096
0,2020-06-11,14.36,14.75,13.56,13.6,13.207407,375000.0,375000.0,-0.76,-5.292,13.97,"June 11, 20",-0.05292
0,2020-06-10,15.22,15.38,14.69,14.96,14.528147,269000.0,269000.0,-0.26,-1.708,15.01,"June 10, 20",-0.01708
0,2020-06-09,15.2,15.39,14.85,15.21,14.77093,229300.0,229300.0,0.01,0.066,15.15,"June 09, 20",0.00066
0,2020-06-08,15.06,15.68,14.97,15.47,15.023425,361500.0,361500.0,0.41,2.722,15.37333,"June 08, 20",0.02722
0,2020-06-05,14.8,15.32,14.6,14.73,14.304786,298500.0,298500.0,-0.07,-0.473,14.88333,"June 05, 20",-0.00473
0,2020-06-04,13.48,14.47,13.45,14.23,13.819219,222100.0,222100.0,0.75,5.564,14.05,"June 04, 20",0.05564
0,2020-06-03,13.76,14.05,13.54,13.62,13.226829,213500.0,213500.0,-0.14,-1.017,13.73667,"June 03, 20",-0.01017
0,2020-06-02,13.09,13.6,13.04,13.47,13.08116,234400.0,234400.0,0.38,2.903,13.37,"June 02, 20",0.02903
0,2020-06-01,13.04,13.35,12.82,13.01,12.634439,269800.0,269800.0,-0.03,-0.23,13.06,"June 01, 20",-0.0023
0,2020-05-29,12.89,13.21,12.61,12.96,12.585881,307600.0,307600.0,0.07,0.543,12.92667,"May 29, 20",0.00543
0,2020-05-28,14.26,14.26,12.96,13.05,12.673283,224600.0,224600.0,-1.21,-8.485,13.42333,"May 28, 20",-0.08485
0,2020-05-27,13.18,14.2,13.03,14.07,13.663837,397100.0,397100.0,0.89,6.753,13.76667,"May 27, 20",0.06753
0,2020-05-26,12.46,12.99,12.33,12.86,12.488769,415100.0,415100.0,0.4,3.21,12.72667,"May 26, 20",0.0321
0,2020-05-22,12.5,12.54,11.52,12.05,11.70215,398800.0,398800.0,-0.45,-3.6,12.03667,"May 22, 20",-0.036
0,2020-05-21,11.42,12.65,11.34,12.4,12.042047,978000.0,978000.0,0.98,8.581,12.13,"May 21, 20",0.08581
0,2020-05-20,11.58,11.79,11.33,11.42,11.090337,485100.0,485100.0,-0.16,-1.382,11.51333,"May 20, 20",-0.01382
0,2020-05-19,11.67,11.67,11.27,11.32,10.993223,247600.0,247600.0,-0.35,-2.999,11.42,"May 19, 20",-0.02999
0,2020-05-18,11.82,12.0,11.36,11.65,11.313697,501600.0,501600.0,-0.17,-1.438,11.67,"May 18, 20",-0.01438
0,2020-05-15,11.64,12.14,11.05,11.34,11.012647,515000.0,515000.0,-0.3,-2.577,11.51,"May 15, 20",-0.02577
0,2020-05-14,11.97,12.39,11.19,12.33,11.974067,462900.0,462900.0,0.36,3.008,11.97,"May 14, 20",0.03008
0,2020-05-13,12.8,13.2,12.12,12.25,11.896378,556200.0,556200.0,-0.55,-4.297,12.52333,"May 13, 20",-0.04297
0,2020-05-12,13.67,13.69,12.85,12.88,12.508191,293000.0,293000.0,-0.79,-5.779,13.14,"May 12, 20",-0.05779
0,2020-05-11,14.69,14.76,13.5,13.62,13.226829,230600.0,230600.0,-1.07,-7.284,13.96,"May 11, 20",-0.07284
0,2020-05-08,13.12,14.72,13.1,14.6,14.178539,367700.0,367700.0,1.48,11.28,14.14,"May 08, 20",0.1128
0,2020-05-07,13.38,13.5,12.8,12.96,12.585881,365500.0,365500.0,-0.42,-3.139,13.08667,"May 07, 20",-0.03139
0,2020-05-06,14.56,15.0,12.34,13.23,12.848086,570600.0,570600.0,-1.33,-9.135,13.52333,"May 06, 20",-0.09135
0,2020-05-05,15.83,16.15,15.29,15.46,15.013713,167900.0,167900.0,-0.37,-2.337,15.63333,"May 05, 20",-0.02337
0,2020-05-04,16.34,16.790001,15.48,15.69,15.237073,182300.0,182300.0,-0.65,-3.978,15.98667,"May 04, 20",-0.03978
0,2020-05-01,16.67,17.0,15.8,16.129999,15.664371,231900.0,231900.0,-0.54,-3.239,16.31,"May 01, 20",-0.03239
0,2020-04-30,18.190001,18.190001,16.940001,16.969999,16.480124,209300.0,209300.0,-1.22,-6.707,17.36667,"April 30, 20",-0.06707
0,2020-04-29,17.58,18.73,17.16,18.49,17.956245,195200.0,195200.0,0.91,5.176,18.12667,"April 29, 20",0.05176
0,2020-04-28,16.67,17.290001,16.5,17.110001,16.616083,187100.0,187100.0,0.44,2.639,16.96667,"April 28, 20",0.02639
0,2020-04-27,15.57,16.35,15.3,16.299999,15.829464,145400.0,145400.0,0.73,4.689,15.98333,"April 27, 20",0.04689
0,2020-04-24,15.0,15.42,14.66,15.28,14.838909,123200.0,123200.0,0.28,1.867,15.12,"April 24, 20",0.01867
0,2020-04-23,13.76,15.14,13.76,15.02,14.586415,231200.0,231200.0,1.26,9.157,14.64,"April 23, 20",0.09157
0,2020-04-22,14.47,14.47,13.63,13.78,13.38221,124000.0,124000.0,-0.69,-4.768,13.96,"April 22, 20",-0.04768
0,2020-04-21,14.51,15.17,13.8,14.05,13.644416,182500.0,182500.0,-0.46,-3.17,14.34,"April 21, 20",-0.0317
0,2020-04-20,15.59,15.84,14.62,14.82,14.392188,145300.0,145300.0,-0.77,-4.939,15.09333,"April 20, 20",-0.04939
0,2020-04-17,15.53,15.99,15.37,15.74,15.28563,214800.0,214800.0,0.21,1.352,15.7,"April 17, 20",0.01352
0,2020-04-16,15.34,15.46,14.5,15.2,14.76122,242000.0,242000.0,-0.14,-0.913,15.05333,"April 16, 20",-0.00913
0,2020-04-15,17.07,17.07,15.16,15.32,14.877754,179100.0,179100.0,-1.75,-10.252,15.85,"April 15, 20",-0.10252
0,2020-04-14,17.450001,17.709999,16.82,17.43,16.926846,134700.0,134700.0,-0.02,-0.115,17.32,"April 14, 20",-0.00115
0,2020-04-13,17.77,17.77,16.870001,16.889999,16.402433,130900.0,130900.0,-0.88,-4.952,17.17667,"April 13, 20",-0.04952
0,2020-04-09,17.370001,18.48,17.370001,17.780001,17.266743,237100.0,237100.0,0.41,2.36,17.87667,"April 09, 20",0.0236
0,2020-04-08,17.889999,18.1,17.059999,17.209999,16.713196,247300.0,247300.0,-0.68,-3.801,17.45667,"April 08, 20",-0.03801
0,2020-04-07,18.629999,18.84,17.610001,17.82,17.305588,294500.0,294500.0,-0.81,-4.348,18.09,"April 07, 20",-0.04348
0,2020-04-06,17.799999,18.4,17.690001,18.25,17.723173,199300.0,199300.0,0.45,2.528,18.11333,"April 06, 20",0.02528
0,2020-04-03,16.809999,17.49,16.43,17.120001,16.625793,183000.0,183000.0,0.31,1.844,17.01333,"April 03, 20",0.01844
0,2020-04-02,17.76,18.219999,16.4,16.92,16.431568,322000.0,322000.0,-0.84,-4.73,17.18,"April 02, 20",-0.0473
0,2020-04-01,18.43,18.620001,17.450001,17.83,17.315298,282100.0,282100.0,-0.6,-3.256,17.96667,"April 01, 20",-0.03256
0,2020-03-31,17.889999,18.860001,17.870001,18.75,18.208742,287000.0,287000.0,0.86,4.807,18.49333,"March 31, 20",0.04807
0,2020-03-30,17.950001,18.41,16.950001,18.129999,17.436689,213900.0,213900.0,0.18,1.003,17.83,"March 30, 20",0.01003
0,2020-03-27,17.59,17.99,17.02,17.74,17.061604,173500.0,173500.0,0.15,0.853,17.58333,"March 27, 20",0.00853
0,2020-03-26,16.700001,18.58,16.700001,17.73,17.051989,237300.0,237300.0,1.03,6.168,17.67,"March 26, 20",0.06168
0,2020-03-25,18.51,19.120001,16.41,16.620001,15.984434,242600.0,242600.0,-1.89,-10.211,17.38333,"March 25, 20",-0.10211
0,2020-03-24,18.639999,18.879999,16.700001,18.299999,17.600189,286700.0,286700.0,-0.34,-1.824,17.96,"March 24, 20",-0.01824
0,2020-03-23,17.540001,18.33,16.35,17.950001,17.263575,303600.0,303600.0,0.41,2.338,17.54333,"March 23, 20",0.02338
0,2020-03-20,16.719999,17.969999,16.540001,17.360001,16.696135,510000.0,510000.0,0.64,3.828,17.29,"March 20, 20",0.03828
0,2020-03-19,19.66,20.629999,16.58,16.75,16.109463,432200.0,432200.0,-2.91,-14.802,17.98667,"March 19, 20",-0.14802
0,2020-03-18,17.879999,19.99,16.43,19.469999,18.725447,361500.0,361500.0,1.59,8.893,18.63,"March 18, 20",0.08893
0,2020-03-17,16.09,18.4,14.97,18.360001,17.657898,328900.0,328900.0,2.27,14.108,17.24333,"March 17, 20",0.14108
0,2020-03-16,10.0,16.98,10.0,15.66,15.061147,315200.0,315200.0,5.66,56.6,14.21333,"March 16, 20",0.566
0,2020-03-13,15.44,17.24,14.07,17.08,16.426844,383200.0,383200.0,1.64,10.622,16.13,"March 13, 20",0.10622
0,2020-03-12,15.2,15.83,14.39,14.63,14.070534,317900.0,317900.0,-0.57,-3.75,14.95,"March 12, 20",-0.0375
0,2020-03-11,16.34,16.790001,15.86,16.209999,15.590111,182700.0,182700.0,-0.13,-0.796,16.28667,"March 11, 20",-0.00796
0,2020-03-10,17.77,17.77,15.92,16.799999,16.157551,203600.0,203600.0,-0.97,-5.459,16.83,"March 10, 20",-0.05459
0,2020-03-09,17.99,18.639999,17.110001,17.139999,16.484549,230700.0,230700.0,-0.85,-4.725,17.63,"March 09, 20",-0.04725
0,2020-03-06,18.09,19.290001,18.08,19.200001,18.465773,235900.0,235900.0,1.11,6.136,18.85667,"March 06, 20",0.06136
0,2020-03-05,18.17,18.91,18.15,18.73,18.013744,237100.0,237100.0,0.56,3.082,18.59667,"March 05, 20",0.03082
0,2020-03-04,18.379999,18.91,18.02,18.84,18.119539,150300.0,150300.0,0.46,2.503,18.59,"March 04, 20",0.02503
0,2020-03-03,18.879999,19.450001,17.959999,18.17,17.475161,207600.0,207600.0,-0.71,-3.761,18.52667,"March 03, 20",-0.03761
0,2020-03-02,18.48,19.18,18.209999,19.059999,18.331125,134000.0,134000.0,0.58,3.139,18.81667,"March 02, 20",0.03139
0,2020-02-28,18.25,18.74,18.07,18.370001,17.667515,268700.0,268700.0,0.12,0.658,18.39333,"February 28, 20",0.00658
0,2020-02-27,18.549999,19.15,18.17,18.35,17.648277,264700.0,264700.0,-0.2,-1.078,18.55667,"February 27, 20",-0.01078
0,2020-02-26,19.200001,19.41,18.77,18.92,18.19648,213900.0,213900.0,-0.28,-1.458,19.03333,"February 26, 20",-0.01458
0,2020-02-25,19.469999,19.540001,18.950001,19.049999,18.321507,213500.0,213500.0,-0.42,-2.157,19.18,"February 25, 20",-0.02157
0,2020-02-24,19.610001,19.610001,18.83,19.459999,18.71583,242400.0,242400.0,-0.15,-0.765,19.3,"February 24, 20",-0.00765
0,2020-02-21,20.65,20.719999,19.969999,20.26,19.485237,121300.0,121300.0,-0.39,-1.889,20.31667,"February 21, 20",-0.01889
0,2020-02-20,20.139999,21.139999,20.040001,20.780001,19.985352,148700.0,148700.0,0.64,3.178,20.65333,"February 20, 20",0.03178
0,2020-02-19,20.459999,20.620001,20.110001,20.27,19.494856,204100.0,204100.0,-0.19,-0.929,20.33333,"February 19, 20",-0.00929
0,2020-02-18,20.74,21.190001,20.26,20.51,19.725677,214200.0,214200.0,-0.23,-1.109,20.65333,"February 18, 20",-0.01109
0,2020-02-14,21.51,21.51,20.25,20.77,19.975733,266400.0,266400.0,-0.74,-3.44,20.84333,"February 14, 20",-0.0344
0,2020-02-13,24.540001,24.709999,21.139999,21.4,20.58164,375800.0,375800.0,-3.14,-12.795,22.41667,"February 13, 20",-0.12795
0,2020-02-12,24.549999,24.59,23.690001,24.059999,23.139919,148300.0,148300.0,-0.49,-1.996,24.11333,"February 12, 20",-0.01996
0,2020-02-11,23.889999,24.41,23.889999,24.27,23.34189,91500.0,91500.0,0.38,1.591,24.19,"February 11, 20",0.01591
0,2020-02-10,24.01,24.25,23.639999,23.91,22.995657,135900.0,135900.0,-0.1,-0.416,23.93333,"February 10, 20",-0.00416
0,2020-02-07,24.299999,24.299999,23.620001,24.129999,23.207243,91400.0,91400.0,-0.17,-0.7,24.01667,"February 07, 20",-0.007
0,2020-02-06,24.530001,24.690001,24.26,24.41,23.476534,117400.0,117400.0,-0.12,-0.489,24.45333,"February 06, 20",-0.00489
0,2020-02-05,23.440001,24.4,23.33,24.34,23.409212,143500.0,143500.0,0.9,3.84,24.02333,"February 05, 20",0.0384
0,2020-02-04,22.870001,23.51,22.83,23.120001,22.235867,142300.0,142300.0,0.25,1.093,23.15333,"February 04, 20",0.01093
0,2020-02-03,22.799999,22.809999,22.120001,22.49,21.629957,252800.0,252800.0,-0.31,-1.36,22.47333,"February 03, 20",-0.0136
0,2020-01-31,22.76,23.09,22.43,22.620001,21.75499,146600.0,146600.0,-0.14,-0.615,22.71333,"January 31, 20",-0.00615
0,2020-01-30,22.76,22.950001,22.440001,22.93,22.053131,71600.0,71600.0,0.17,0.747,22.77333,"January 30, 20",0.00747
0,2020-01-29,23.25,23.299999,22.84,22.950001,22.072371,91900.0,91900.0,-0.3,-1.29,23.03,"January 29, 20",-0.0129
0,2020-01-28,23.450001,23.59,23.23,23.23,22.34166,73000.0,73000.0,-0.22,-0.938,23.35,"January 28, 20",-0.00938
0,2020-01-27,23.459999,23.799999,23.299999,23.299999,22.408985,78500.0,78500.0,-0.16,-0.682,23.46667,"January 27, 20",-0.00682
0,2020-01-24,24.780001,24.93,23.719999,23.9,22.986038,120400.0,120400.0,-0.88,-3.551,24.18333,"January 24, 20",-0.03551
0,2020-01-23,24.309999,24.780001,23.559999,24.68,23.73621,205700.0,205700.0,0.37,1.522,24.34,"January 23, 20",0.01522
0,2020-01-22,24.549999,24.549999,24.16,24.35,23.418831,69900.0,69900.0,-0.2,-0.815,24.35333,"January 22, 20",-0.00815
0,2020-01-21,25.040001,25.040001,24.5,24.52,23.582331,103700.0,103700.0,-0.52,-2.077,24.68667,"January 21, 20",-0.02077
0,2020-01-17,25.360001,25.540001,25.02,25.09,24.130533,126300.0,126300.0,-0.27,-1.065,25.21667,"January 17, 20",-0.01065
0,2020-01-16,25.32,25.879999,25.219999,25.24,24.274796,115800.0,115800.0,-0.08,-0.316,25.44667,"January 16, 20",-0.00316
0,2020-01-15,24.66,25.129999,24.66,25.1,24.140152,105300.0,105300.0,0.44,1.784,24.96333,"January 15, 20",0.01784
0,2020-01-14,24.48,25.040001,24.34,24.809999,23.86124,108300.0,108300.0,0.33,1.348,24.73,"January 14, 20",0.01348
0,2020-01-13,24.299999,24.67,24.049999,24.65,23.707357,106500.0,106500.0,0.35,1.44,24.45667,"January 13, 20",0.0144
0,2020-01-10,24.799999,24.940001,24.190001,24.25,23.322655,151600.0,151600.0,-0.55,-2.218,24.46,"January 10, 20",-0.02218
0,2020-01-09,25.18,25.33,24.85,24.93,23.97665,174200.0,174200.0,-0.25,-0.993,25.03667,"January 09, 20",-0.00993
0,2020-01-08,25.08,25.290001,24.75,25.139999,24.178621,149300.0,149300.0,0.06,0.239,25.06,"January 08, 20",0.00239
0,2020-01-07,25.4,25.57,25.120001,25.280001,24.313267,184400.0,184400.0,-0.12,-0.472,25.32333,"January 07, 20",-0.00472
0,2020-01-06,24.889999,25.51,24.549999,25.360001,24.390209,174100.0,174100.0,0.47,1.888,25.14,"January 06, 20",0.01888
0,2020-01-03,24.690001,25.09,24.540001,25.01,24.053591,169800.0,169800.0,0.32,1.296,24.88,"January 03, 20",0.01296
0,2020-01-02,25.58,25.58,24.559999,25.0,24.043974,159300.0,159300.0,-0.58,-2.267,25.04667,"January 02, 20",-0.02267
0,2019-12-31,25.09,25.51,24.959999,25.280001,24.313267,145700.0,145700.0,0.19,0.757,25.25,"December 31, 19",0.00757
0,2019-12-30,24.9,25.4,24.440001,25.27,24.135342,333300.0,333300.0,0.37,1.486,25.03667,"December 30, 19",0.01486
0,2019-12-27,25.139999,25.139999,24.66,24.74,23.629139,93800.0,93800.0,-0.4,-1.591,24.84667,"December 27, 19",-0.01591
0,2019-12-26,25.209999,25.24,24.790001,25.08,23.953871,47500.0,47500.0,-0.13,-0.516,25.03667,"December 26, 19",-0.00516
0,2019-12-24,25.07,25.32,25.030001,25.16,24.030281,35300.0,35300.0,0.09,0.359,25.17,"December 24, 19",0.00359
0,2019-12-23,25.52,25.610001,24.93,25.030001,23.906118,188400.0,188400.0,-0.49,-1.92,25.19,"December 23, 19",-0.0192
0,2019-12-20,25.91,25.91,25.440001,25.66,24.50783,718500.0,718500.0,-0.25,-0.965,25.67,"December 20, 19",-0.00965
0,2019-12-19,25.68,25.93,25.559999,25.799999,24.641542,189700.0,189700.0,0.12,0.467,25.76333,"December 19, 19",0.00467
0,2019-12-18,25.49,25.780001,24.940001,25.66,24.50783,206900.0,206900.0,0.17,0.667,25.46,"December 18, 19",0.00667
0,2019-12-17,24.59,25.66,24.59,25.52,24.374115,268400.0,268400.0,0.93,3.782,25.25667,"December 17, 19",0.03782
0,2019-12-16,24.49,25.440001,24.48,24.75,23.638689,338200.0,338200.0,0.26,1.062,24.89,"December 16, 19",0.01062
0,2019-12-13,24.42,24.49,23.879999,24.190001,23.103836,156500.0,156500.0,-0.23,-0.942,24.18667,"December 13, 19",-0.00942
0,2019-12-12,23.200001,24.48,23.01,24.370001,23.275751,490100.0,490100.0,1.17,5.043,23.95333,"December 12, 19",0.05043
0,2019-12-11,23.17,23.389999,23.059999,23.15,22.110533,179000.0,179000.0,-0.02,-0.086,23.2,"December 11, 19",-0.00086
0,2019-12-10,23.51,23.620001,22.940001,23.15,22.110533,191300.0,191300.0,-0.36,-1.531,23.23667,"December 10, 19",-0.01531
0,2019-12-09,23.809999,24.02,23.530001,23.559999,22.502121,189400.0,189400.0,-0.25,-1.05,23.70333,"December 09, 19",-0.0105
0,2019-12-06,24.290001,24.4,23.77,23.879999,22.807753,276200.0,276200.0,-0.41,-1.688,24.01667,"December 06, 19",-0.01688
0,2019-12-05,24.139999,24.34,23.5,24.01,22.931919,302300.0,302300.0,-0.13,-0.539,23.95,"December 05, 19",-0.00539
0,2019-12-04,23.360001,24.280001,23.139999,23.969999,22.893713,330000.0,330000.0,0.61,2.611,23.79667,"December 04, 19",0.02611
0,2019-12-03,23.129999,23.440001,22.77,23.219999,22.177389,166600.0,166600.0,0.09,0.389,23.14333,"December 03, 19",0.00389
0,2019-12-02,23.129999,23.84,23.09,23.459999,22.40661,251700.0,251700.0,0.33,1.427,23.46333,"December 02, 19",0.01427
0,2019-11-29,23.66,23.66,23.1,23.1,22.062778,157300.0,157300.0,-0.56,-2.367,23.28667,"November 29, 19",-0.02367
0,2019-11-27,23.370001,23.860001,23.139999,23.719999,22.65494,172000.0,172000.0,0.35,1.498,23.57333,"November 27, 19",0.01498
0,2019-11-26,24.02,24.049999,23.07,23.280001,22.234695,167800.0,167800.0,-0.74,-3.081,23.46667,"November 26, 19",-0.03081
0,2019-11-25,23.5,24.120001,23.41,24.049999,22.970119,216600.0,216600.0,0.55,2.34,23.86,"November 25, 19",0.0234
0,2019-11-22,23.209999,23.59,23.110001,23.57,22.511675,211600.0,211600.0,0.36,1.551,23.42333,"November 22, 19",0.01551
0,2019-11-21,22.74,23.1,22.42,23.07,22.034124,203900.0,203900.0,0.33,1.451,22.86333,"November 21, 19",0.01451
0,2019-11-20,22.700001,23.01,22.4,22.66,21.642534,294700.0,294700.0,-0.04,-0.176,22.69,"November 20, 19",-0.00176
0,2019-11-19,23.26,23.629999,22.83,22.93,21.90041,204400.0,204400.0,-0.33,-1.419,23.13,"November 19, 19",-0.01419
0,2019-11-18,23.139999,23.469999,22.809999,23.18,22.139185,232700.0,232700.0,0.04,0.173,23.15333,"November 18, 19",0.00173
0,2019-11-15,23.48,23.940001,23.0,23.15,22.110533,209400.0,209400.0,-0.33,-1.405,23.36333,"November 15, 19",-0.01405
0,2019-11-14,22.860001,23.43,22.73,23.280001,22.234695,277700.0,277700.0,0.42,1.837,23.14667,"November 14, 19",0.01837
0,2019-11-13,23.049999,23.049999,22.59,22.860001,21.833555,230400.0,230400.0,-0.19,-0.824,22.83333,"November 13, 19",-0.00824
0,2019-11-12,22.049999,23.299999,22.049999,23.190001,22.148739,381300.0,381300.0,1.14,5.17,22.84667,"November 12, 19",0.0517
0,2019-11-11,20.98,21.98,20.889999,21.969999,20.983515,326600.0,326600.0,0.99,4.719,21.61333,"November 11, 19",0.04719
0,2019-11-08,21.110001,21.23,20.790001,21.09,20.143028,217100.0,217100.0,-0.02,-0.095,21.03667,"November 08, 19",-0.00095
0,2019-11-07,21.41,21.940001,21.110001,21.23,20.276741,275800.0,275800.0,-0.18,-0.841,21.42667,"November 07, 19",-0.00841
0,2019-11-06,20.190001,23.200001,20.139999,21.370001,20.410458,521000.0,521000.0,1.18,5.844,21.57,"November 06, 19",0.05844
0,2019-11-05,19.469999,19.940001,19.280001,19.559999,18.681726,213800.0,213800.0,0.09,0.462,19.59333,"November 05, 19",0.00462
0,2019-11-04,19.23,19.66,19.16,19.32,18.452505,196800.0,196800.0,0.09,0.468,19.38,"November 04, 19",0.00468
0,2019-11-01,18.5,19.16,18.43,19.07,18.21373,263500.0,263500.0,0.57,3.081,18.88667,"November 01, 19",0.03081
0,2019-10-31,18.549999,18.629999,18.1,18.42,17.592915,186100.0,186100.0,-0.13,-0.701,18.38333,"October 31, 19",-0.00701
0,2019-10-30,18.860001,18.9,18.42,18.58,17.745733,138700.0,138700.0,-0.28,-1.485,18.63333,"October 30, 19",-0.01485
0,2019-10-29,18.73,19.1,18.48,18.9,18.051363,242000.0,242000.0,0.17,0.908,18.82667,"October 29, 19",0.00908
0,2019-10-28,18.49,19.08,18.33,18.73,17.888996,179200.0,179200.0,0.24,1.298,18.71333,"October 28, 19",0.01298
0,2019-10-25,18.120001,18.48,17.84,18.43,17.602468,171300.0,171300.0,0.31,1.711,18.25,"October 25, 19",0.01711
0,2019-10-24,18.360001,18.549999,17.82,18.129999,17.315937,163800.0,163800.0,-0.23,-1.253,18.16667,"October 24, 19",-0.01253
0,2019-10-23,18.43,18.690001,18.26,18.370001,17.545162,167000.0,167000.0,-0.06,-0.326,18.44,"October 23, 19",-0.00326
0,2019-10-22,17.99,18.52,17.4,18.370001,17.545162,294100.0,294100.0,0.38,2.112,18.09667,"October 22, 19",0.02112
0,2019-10-21,18.0,18.25,17.870001,17.9,17.096264,163200.0,163200.0,-0.1,-0.556,18.00667,"October 21, 19",-0.00556
0,2019-10-18,18.27,18.360001,17.809999,17.84,17.038958,209400.0,209400.0,-0.43,-2.354,18.00333,"October 18, 19",-0.02354
0,2019-10-17,18.309999,18.42,18.08,18.379999,17.55471,315600.0,315600.0,0.07,0.382,18.29333,"October 17, 19",0.00382
0,2019-10-16,18.26,18.959999,18.219999,18.309999,17.487852,271500.0,271500.0,0.05,0.274,18.49667,"October 16, 19",0.00274
0,2019-10-15,18.120001,18.5,17.91,18.35,17.526058,422500.0,422500.0,0.23,1.269,18.25333,"October 15, 19",0.01269
0,2019-10-14,18.43,18.57,18.040001,18.219999,17.401897,276000.0,276000.0,-0.21,-1.139,18.27667,"October 14, 19",-0.01139
0,2019-10-11,18.4,18.959999,18.209999,18.639999,17.803038,285900.0,285900.0,0.24,1.304,18.60333,"October 11, 19",0.01304
0,2019-10-10,18.530001,18.76,18.02,18.07,17.258631,280000.0,280000.0,-0.46,-2.482,18.28333,"October 10, 19",-0.02482
0,2019-10-09,19.09,19.139999,18.17,18.52,17.688425,444100.0,444100.0,-0.57,-2.986,18.61,"October 09, 19",-0.02986
0,2019-10-08,20.219999,20.219999,18.92,19.129999,18.271032,550000.0,550000.0,-1.09,-5.391,19.42333,"October 08, 19",-0.05391
0,2019-10-07,20.610001,20.709999,20.1,20.559999,19.636827,330800.0,330800.0,-0.05,-0.243,20.45667,"October 07, 19",-0.00243
0,2019-10-04,21.42,21.43,20.450001,20.610001,19.68458,231200.0,231200.0,-0.81,-3.782,20.83,"October 04, 19",-0.03782
0,2019-10-03,21.57,21.75,20.790001,21.299999,20.343599,230600.0,230600.0,-0.27,-1.252,21.28,"October 03, 19",-0.01252
0,2019-10-02,21.33,21.83,20.799999,21.59,20.620577,318300.0,318300.0,0.26,1.219,21.40667,"October 02, 19",0.01219
0,2019-10-01,22.59,22.77,21.33,21.5,20.534618,235000.0,235000.0,-1.09,-4.825,21.86667,"October 01, 19",-0.04825
0,2019-09-30,22.709999,22.83,21.74,22.43,21.422863,280400.0,280400.0,-0.28,-1.233,22.33333,"September 30, 19",-0.01233
0,2019-09-27,23.24,23.33,22.09,22.67,21.489719,277900.0,277900.0,-0.57,-2.453,22.69667,"September 27, 19",-0.02453
0,2019-09-26,23.82,23.940001,22.940001,23.190001,21.982643,267700.0,267700.0,-0.63,-2.645,23.35667,"September 26, 19",-0.02645
0,2019-09-25,23.42,24.0,23.040001,23.809999,22.570364,313700.0,313700.0,0.39,1.665,23.61667,"September 25, 19",0.01665
0,2019-09-24,24.5,24.690001,23.07,23.379999,22.162752,620200.0,620200.0,-1.12,-4.571,23.71333,"September 24, 19",-0.04571
0,2019-09-23,25.91,26.09,25.370001,25.719999,24.380924,225500.0,225500.0,-0.19,-0.733,25.72667,"September 23, 19",-0.00733
0,2019-09-20,26.83,27.02,26.15,26.219999,24.854891,1693500.0,1693500.0,-0.61,-2.274,26.46333,"September 20, 19",-0.02274
0,2019-09-19,27.389999,27.4,26.73,26.84,25.442614,190600.0,190600.0,-0.55,-2.008,26.99,"September 19, 19",-0.02008
0,2019-09-18,27.940001,27.940001,26.68,27.33,25.907103,249100.0,249100.0,-0.61,-2.183,27.31667,"September 18, 19",-0.02183
0,2019-09-17,28.219999,28.459999,27.74,27.99,26.532738,214700.0,214700.0,-0.23,-0.815,28.06333,"September 17, 19",-0.00815
0,2019-09-16,27.59,28.82,27.530001,28.190001,26.722324,232600.0,232600.0,0.6,2.175,28.18,"September 16, 19",0.02175
0,2019-09-13,27.15,27.98,27.15,27.77,26.324196,278500.0,278500.0,0.62,2.284,27.63333,"September 13, 19",0.02284
0,2019-09-12,26.57,27.190001,26.0,27.120001,25.708036,306200.0,306200.0,0.55,2.07,26.77,"September 12, 19",0.0207
0,2019-09-11,25.82,26.59,25.290001,26.540001,25.15823,241300.0,241300.0,0.72,2.789,26.14,"September 11, 19",0.02789
0,2019-09-10,23.219999,25.629999,23.129999,25.629999,24.295609,418300.0,418300.0,2.41,10.379,24.79667,"September 10, 19",0.10379
0,2019-09-09,22.139999,23.370001,22.120001,23.16,21.954205,606800.0,606800.0,1.02,4.607,22.88333,"September 09, 19",0.04607
0,2019-09-06,22.309999,22.559999,21.860001,22.030001,20.883039,351700.0,351700.0,-0.28,-1.255,22.15,"September 06, 19",-0.01255
0,2019-09-05,22.690001,23.030001,22.1,22.35,21.18638,581900.0,581900.0,-0.34,-1.498,22.49333,"September 05, 19",-0.01498
0,2019-09-04,22.6,23.0,22.25,22.370001,21.205338,462600.0,462600.0,-0.23,-1.018,22.54,"September 04, 19",-0.01018
0,2019-09-03,22.73,22.879999,22.049999,22.360001,21.195858,276700.0,276700.0,-0.37,-1.628,22.43,"September 03, 19",-0.01628
0,2019-08-30,23.08,23.200001,22.790001,22.92,21.726704,146800.0,146800.0,-0.16,-0.693,22.97,"August 30, 19",-0.00693
0,2019-08-29,23.15,23.280001,22.959999,22.969999,21.774096,79300.0,79300.0,-0.18,-0.778,23.07,"August 29, 19",-0.00778
0,2019-08-28,22.870001,23.360001,22.74,22.860001,21.669827,146300.0,146300.0,-0.01,-0.044,22.98667,"August 28, 19",-0.00044
0,2019-08-27,23.68,23.68,22.6,22.870001,21.679304,171100.0,171100.0,-0.81,-3.421,23.05,"August 27, 19",-0.03421
0,2019-08-26,23.219999,23.559999,23.120001,23.459999,22.238585,193700.0,193700.0,0.24,1.034,23.38,"August 26, 19",0.01034
0,2019-08-23,24.16,24.16,22.92,22.969999,21.774096,159500.0,159500.0,-1.19,-4.925,23.35,"August 23, 19",-0.04925
0,2019-08-22,24.77,24.82,24.299999,24.32,23.053814,85700.0,85700.0,-0.45,-1.817,24.48,"August 22, 19",-0.01817
0,2019-08-21,24.700001,24.959999,24.200001,24.719999,23.432985,119800.0,119800.0,0.02,0.081,24.62667,"August 21, 19",0.00081
0,2019-08-20,24.49,24.780001,24.18,24.530001,23.25288,122000.0,122000.0,0.04,0.163,24.49667,"August 20, 19",0.00163
0,2019-08-19,25.33,25.33,24.5,24.59,23.309755,159000.0,159000.0,-0.74,-2.921,24.80667,"August 19, 19",-0.02921
0,2019-08-16,24.469999,25.030001,24.43,24.98,23.679451,101200.0,101200.0,0.51,2.084,24.81333,"August 16, 19",0.02084
0,2019-08-15,24.120001,24.549999,23.93,24.370001,23.10121,142300.0,142300.0,0.25,1.036,24.28333,"August 15, 19",0.01036
0,2019-08-14,24.530001,24.530001,23.879999,23.99,22.740992,199400.0,199400.0,-0.54,-2.201,24.13333,"August 14, 19",-0.02201
0,2019-08-13,25.01,25.82,24.879999,24.959999,23.66049,309600.0,309600.0,-0.05,-0.2,25.22,"August 13, 19",-0.002
0,2019-08-12,25.42,25.6,24.98,25.08,23.774244,171400.0,171400.0,-0.34,-1.338,25.22,"August 12, 19",-0.01338
0,2019-08-09,26.17,26.48,25.120001,25.52,24.191338,144200.0,144200.0,-0.65,-2.484,25.70667,"August 09, 19",-0.02484
0,2019-08-08,25.35,26.459999,25.209999,26.34,24.968643,184000.0,184000.0,0.99,3.905,26.00333,"August 08, 19",0.03905
0,2019-08-07,27.35,27.49,24.48,25.4,24.077585,208300.0,208300.0,-1.95,-7.13,25.79,"August 07, 19",-0.0713
0,2019-08-06,24.790001,25.559999,24.01,24.65,23.366631,95700.0,95700.0,-0.14,-0.565,24.74,"August 06, 19",-0.00565
0,2019-08-05,25.32,25.32,24.290001,24.639999,23.357153,94000.0,94000.0,-0.68,-2.686,24.75,"August 05, 19",-0.02686
0,2019-08-02,26.26,26.299999,25.190001,25.690001,24.352486,113200.0,113200.0,-0.57,-2.171,25.72667,"August 02, 19",-0.02171
0,2019-08-01,26.879999,27.27,26.280001,26.35,24.978127,85100.0,85100.0,-0.53,-1.972,26.63333,"August 01, 19",-0.01972
0,2019-07-31,26.83,27.34,26.68,26.85,25.452091,150700.0,150700.0,0.02,0.075,26.95667,"July 31, 19",0.00075
0,2019-07-30,26.4,26.9,26.23,26.67,25.281466,127100.0,127100.0,0.27,1.023,26.6,"July 30, 19",0.01023
0,2019-07-29,26.809999,27.02,26.299999,26.58,25.196148,66100.0,66100.0,-0.23,-0.858,26.63333,"July 29, 19",-0.00858
0,2019-07-26,26.51,26.84,26.5,26.82,25.423653,92200.0,92200.0,0.31,1.169,26.72,"July 26, 19",0.01169
0,2019-07-25,26.709999,26.85,26.35,26.43,25.053959,66300.0,66300.0,-0.28,-1.048,26.54333,"July 25, 19",-0.01048
0,2019-07-24,26.18,26.719999,26.129999,26.68,25.290943,102200.0,102200.0,0.5,1.91,26.51,"July 24, 19",0.0191
0,2019-07-23,26.219999,26.41,25.9,26.18,24.816977,79800.0,79800.0,-0.04,-0.153,26.16333,"July 23, 19",-0.00153
0,2019-07-22,26.360001,26.51,25.91,25.99,24.636866,86400.0,86400.0,-0.37,-1.404,26.13667,"July 22, 19",-0.01404
0,2019-07-19,25.66,26.610001,25.66,26.360001,24.987602,151600.0,151600.0,0.7,2.728,26.21,"July 19, 19",0.02728
0,2019-07-18,26.129999,26.219999,25.690001,25.799999,24.456758,222100.0,222100.0,-0.33,-1.263,25.90333,"July 18, 19",-0.01263
0,2019-07-17,26.860001,26.860001,25.780001,26.120001,24.760099,253000.0,253000.0,-0.74,-2.755,26.25333,"July 17, 19",-0.02755
0,2019-07-16,26.92,27.219999,26.9,26.93,25.527925,110900.0,110900.0,0.01,0.037,27.01667,"July 16, 19",0.00037
0,2019-07-15,27.41,27.49,26.719999,26.950001,25.546886,118300.0,118300.0,-0.46,-1.678,27.05333,"July 15, 19",-0.01678
0,2019-07-12,26.98,27.42,26.870001,27.26,25.840746,112000.0,112000.0,0.28,1.038,27.18333,"July 12, 19",0.01038
0,2019-07-11,26.93,27.0,26.360001,26.889999,25.490007,105400.0,105400.0,-0.04,-0.149,26.75,"July 11, 19",-0.00149
0,2019-07-10,27.07,27.139999,26.639999,26.969999,25.565844,114500.0,114500.0,-0.1,-0.369,26.91667,"July 10, 19",-0.00369
0,2019-07-09,27.040001,27.040001,26.67,26.93,25.527925,85200.0,85200.0,-0.11,-0.407,26.88,"July 09, 19",-0.00407
0,2019-07-08,27.209999,27.290001,27.059999,27.15,25.736471,84100.0,84100.0,-0.06,-0.221,27.16667,"July 08, 19",-0.00221
0,2019-07-05,27.0,27.299999,26.700001,27.27,25.850224,69700.0,69700.0,0.27,1.0,27.09,"July 05, 19",0.01
0,2019-07-03,26.809999,27.120001,26.620001,27.059999,25.651159,55400.0,55400.0,0.25,0.932,26.93333,"July 03, 19",0.00932
0,2019-07-02,27.34,27.440001,26.379999,26.74,25.34782,138200.0,138200.0,-0.6,-2.195,26.85333,"July 02, 19",-0.02195
0,2019-07-01,27.24,27.77,26.950001,27.23,25.812305,133100.0,133100.0,-0.01,-0.037,27.31667,"July 01, 19",-0.00037
0,2019-06-28,26.9,27.5,26.879999,27.24,25.821785,751500.0,751500.0,0.34,1.264,27.20667,"June 28, 19",0.01264
0,2019-06-27,27.110001,27.6,26.77,27.08,25.508968,134700.0,134700.0,-0.03,-0.111,27.15,"June 27, 19",-0.00111
0,2019-06-26,27.469999,27.74,27.280001,27.33,25.744465,112500.0,112500.0,-0.14,-0.51,27.45,"June 26, 19",-0.0051
0,2019-06-25,26.969999,27.700001,26.82,27.57,25.970541,114100.0,114100.0,0.6,2.225,27.36333,"June 25, 19",0.02225
0,2019-06-24,27.59,27.719999,26.85,27.01,25.443029,121400.0,121400.0,-0.58,-2.102,27.19333,"June 24, 19",-0.02102
0,2019-06-21,27.780001,28.049999,27.27,27.68,26.074158,245500.0,245500.0,-0.1,-0.36,27.66667,"June 21, 19",-0.0036
0,2019-06-20,28.09,28.200001,27.709999,27.879999,26.262556,118100.0,118100.0,-0.21,-0.748,27.93,"June 20, 19",-0.00748
0,2019-06-19,27.969999,27.969999,27.6,27.940001,26.319075,83400.0,83400.0,-0.03,-0.107,27.83667,"June 19, 19",-0.00107
0,2019-06-18,27.48,28.23,27.48,28.030001,26.403854,57100.0,57100.0,0.55,2.001,27.91333,"June 18, 19",0.02001
0,2019-06-17,27.41,27.690001,27.209999,27.450001,25.857502,99800.0,99800.0,0.04,0.146,27.45,"June 17, 19",0.00146
0,2019-06-14,27.4,27.549999,27.16,27.459999,25.86692,86400.0,86400.0,0.06,0.219,27.39,"June 14, 19",0.00219
0,2019-06-13,27.110001,27.620001,27.110001,27.459999,25.86692,102300.0,102300.0,0.35,1.291,27.39667,"June 13, 19",0.01291
0,2019-06-12,27.35,27.35,26.85,27.02,25.45245,71900.0,71900.0,-0.33,-1.207,27.07333,"June 12, 19",-0.01207
0,2019-06-11,27.33,27.73,27.17,27.370001,25.782143,137900.0,137900.0,0.04,0.146,27.42333,"June 11, 19",0.00146
0,2019-06-10,26.66,27.219999,26.66,27.18,25.603167,148500.0,148500.0,0.52,1.95,27.02,"June 10, 19",0.0195
0,2019-06-07,26.440001,26.73,26.09,26.690001,25.141594,196300.0,196300.0,0.25,0.946,26.50333,"June 07, 19",0.00946
0,2019-06-06,27.32,28.059999,26.450001,26.469999,24.934359,184400.0,184400.0,-0.85,-3.111,26.99333,"June 06, 19",-0.03111
0,2019-06-05,27.780001,28.01,27.309999,27.450001,25.857502,117200.0,117200.0,-0.33,-1.188,27.59,"June 05, 19",-0.01188
0,2019-06-04,27.049999,27.73,27.02,27.66,26.055319,247900.0,247900.0,0.61,2.255,27.47,"June 04, 19",0.02255
0,2019-06-03,27.120001,27.33,26.27,26.799999,25.245211,149800.0,149800.0,-0.32,-1.18,26.8,"June 03, 19",-0.0118
0,2019-05-31,26.9,27.200001,26.620001,27.17,25.593748,166300.0,166300.0,0.27,1.004,26.99667,"May 31, 19",0.01004
0,2019-05-30,27.120001,27.469999,27.09,27.280001,25.697367,104000.0,104000.0,0.16,0.59,27.28,"May 30, 19",0.0059
0,2019-05-29,26.93,27.309999,26.6,27.15,25.574905,193600.0,193600.0,0.22,0.817,27.02,"May 29, 19",0.00817
0,2019-05-28,27.67,27.74,26.860001,26.959999,25.395927,130600.0,130600.0,-0.71,-2.566,27.18667,"May 28, 19",-0.02566
0,2019-05-24,27.440001,27.67,27.299999,27.610001,26.008224,77600.0,77600.0,0.17,0.62,27.52667,"May 24, 19",0.0062
0,2019-05-23,28.139999,28.379999,27.049999,27.25,25.669106,123500.0,123500.0,-0.89,-3.163,27.56,"May 23, 19",-0.03163
0,2019-05-22,28.1,28.57,27.75,28.450001,26.799488,160700.0,160700.0,0.35,1.246,28.25667,"May 22, 19",0.01246
0,2019-05-21,29.049999,29.049999,28.24,28.26,26.620512,118000.0,118000.0,-0.79,-2.719,28.51667,"May 21, 19",-0.02719
0,2019-05-20,29.0,29.459999,28.790001,28.93,27.25164,90400.0,90400.0,-0.07,-0.241,29.06,"May 20, 19",-0.00241
0,2019-05-17,29.870001,30.15,29.129999,29.15,27.458876,77100.0,77100.0,-0.72,-2.41,29.47667,"May 17, 19",-0.0241
0,2019-05-16,29.99,30.5,29.98,30.16,28.410282,130100.0,130100.0,0.17,0.567,30.21333,"May 16, 19",0.00567
0,2019-05-15,29.379999,30.139999,29.379999,29.98,28.240726,121400.0,121400.0,0.6,2.042,29.83333,"May 15, 19",0.02042
0,2019-05-14,29.370001,29.74,29.049999,29.540001,27.826254,141400.0,141400.0,0.17,0.579,29.44333,"May 14, 19",0.00579
0,2019-05-13,29.27,29.379999,28.73,29.25,27.553076,231000.0,231000.0,-0.02,-0.068,29.12,"May 13, 19",-0.00068
0,2019-05-10,29.209999,29.639999,28.950001,29.59,27.873352,120000.0,120000.0,0.38,1.301,29.39333,"May 10, 19",0.01301
0,2019-05-09,29.459999,29.66,29.1,29.200001,27.505978,136000.0,136000.0,-0.26,-0.883,29.32,"May 09, 19",-0.00883
0,2019-05-08,28.73,29.709999,28.24,29.530001,27.816833,367700.0,367700.0,0.8,2.785,29.16,"May 08, 19",0.02785
0,2019-05-07,30.690001,32.130001,28.82,29.200001,27.505978,281300.0,281300.0,-1.49,-4.855,30.05,"May 07, 19",-0.04855
0,2019-05-06,32.240002,33.040001,32.240002,32.860001,30.953642,108700.0,108700.0,0.62,1.923,32.71333,"May 06, 19",0.01923
0,2019-05-03,31.950001,32.709999,31.85,32.68,30.78409,88900.0,88900.0,0.73,2.285,32.41333,"May 03, 19",0.02285
0,2019-05-02,32.52,32.720001,31.68,31.780001,29.9363,93000.0,93000.0,-0.74,-2.276,32.06,"May 02, 19",-0.02276
0,2019-05-01,32.709999,32.959999,32.459999,32.529999,30.642788,183100.0,183100.0,-0.18,-0.55,32.65,"May 01, 19",-0.0055
0,2019-04-30,33.200001,33.439999,32.549999,32.700001,30.802925,144200.0,144200.0,-0.5,-1.506,32.89667,"April 30, 19",-0.01506
0,2019-04-29,32.66,33.279999,32.66,33.220001,31.292763,77200.0,77200.0,0.56,1.715,33.05333,"April 29, 19",0.01715
0,2019-04-26,32.139999,32.740002,32.07,32.689999,30.793503,63800.0,63800.0,0.55,1.711,32.5,"April 26, 19",0.01711
0,2019-04-25,32.73,32.98,32.119999,32.23,30.360195,45700.0,45700.0,-0.5,-1.528,32.44333,"April 25, 19",-0.01528
0,2019-04-24,33.099998,33.200001,32.709999,32.830002,30.925386,59700.0,59700.0,-0.27,-0.816,32.91333,"April 24, 19",-0.00816
0,2019-04-23,32.619999,33.25,32.389999,33.009998,31.094944,54100.0,54100.0,0.39,1.196,32.88333,"April 23, 19",0.01196
0,2019-04-22,32.740002,33.110001,32.41,32.580002,30.689888,52500.0,52500.0,-0.16,-0.489,32.7,"April 22, 19",-0.00489
0,2019-04-18,32.709999,33.110001,32.630001,32.849998,30.944225,90400.0,90400.0,0.14,0.428,32.86333,"April 18, 19",0.00428
0,2019-04-17,32.919998,33.169998,32.68,32.810001,30.906544,65500.0,65500.0,-0.11,-0.334,32.88667,"April 17, 19",-0.00334
0,2019-04-16,32.68,32.849998,32.529999,32.849998,30.944225,72100.0,72100.0,0.17,0.52,32.74333,"April 16, 19",0.0052
0,2019-04-15,33.040001,33.09,32.57,32.59,30.699308,62800.0,62800.0,-0.45,-1.362,32.75,"April 15, 19",-0.01362
0,2019-04-12,33.200001,33.299999,32.889999,32.959999,31.04784,47100.0,47100.0,-0.24,-0.723,33.05,"April 12, 19",-0.00723
0,2019-04-11,33.080002,33.549999,33.009998,33.09,31.170301,46200.0,46200.0,0.01,0.03,33.21667,"April 11, 19",0.0003
0,2019-04-10,32.5,33.299999,32.299999,33.099998,31.179718,140900.0,140900.0,0.6,1.846,32.9,"April 10, 19",0.01846
0,2019-04-09,32.830002,33.049999,32.419998,32.529999,30.642788,99800.0,99800.0,-0.3,-0.914,32.66667,"April 09, 19",-0.00914
0,2019-04-08,32.66,32.869999,32.060001,32.84,30.934805,105500.0,105500.0,0.18,0.551,32.59,"April 08, 19",0.00551
0,2019-04-05,32.549999,32.889999,32.150002,32.669998,30.774664,198300.0,198300.0,0.12,0.369,32.57,"April 05, 19",0.00369
0,2019-04-04,32.049999,32.610001,32.049999,32.549999,30.661627,71700.0,71700.0,0.5,1.56,32.40333,"April 04, 19",0.0156
0,2019-04-03,32.25,32.529999,31.950001,32.029999,30.171795,81900.0,81900.0,-0.22,-0.682,32.17,"April 03, 19",-0.00682
0,2019-04-02,32.52,32.57,31.99,32.09,30.228317,67000.0,67000.0,-0.43,-1.322,32.21667,"April 02, 19",-0.01322
0,2019-04-01,32.419998,32.869999,32.380001,32.540001,30.65221,57100.0,57100.0,0.12,0.37,32.59667,"April 01, 19",0.0037
0,2019-03-29,32.790001,32.869999,31.969999,32.23,30.360195,126600.0,126600.0,-0.56,-1.708,32.35667,"March 29, 19",-0.01708
0,2019-03-28,32.77,32.950001,32.490002,32.860001,30.793507,69000.0,69000.0,0.09,0.275,32.76667,"March 28, 19",0.00275
0,2019-03-27,32.82,32.860001,32.310001,32.639999,30.587339,67900.0,67900.0,-0.18,-0.548,32.60333,"March 27, 19",-0.00548
0,2019-03-26,32.970001,33.209999,32.720001,32.799999,30.737278,67900.0,67900.0,-0.17,-0.516,32.91,"March 26, 19",-0.00516
0,2019-03-25,32.650002,32.950001,32.389999,32.860001,30.793507,69500.0,69500.0,0.21,0.643,32.73333,"March 25, 19",0.00643
0,2019-03-22,33.849998,33.959999,32.639999,32.639999,30.587339,93600.0,93600.0,-1.21,-3.575,33.08,"March 22, 19",-0.03575
0,2019-03-21,33.330002,34.099998,33.330002,33.950001,31.814957,154600.0,154600.0,0.62,1.86,33.79333,"March 21, 19",0.0186
0,2019-03-20,33.900002,34.09,33.400002,33.549999,31.440117,132000.0,132000.0,-0.35,-1.032,33.68,"March 20, 19",-0.01032
0,2019-03-19,34.360001,34.599998,33.91,33.970001,31.8337,139900.0,139900.0,-0.39,-1.135,34.16,"March 19, 19",-0.01135
0,2019-03-18,34.57,34.880001,34.119999,34.349998,32.1898,157200.0,157200.0,-0.22,-0.636,34.45,"March 18, 19",-0.00636
0,2019-03-15,35.18,35.599998,34.470001,34.560001,32.3866,368300.0,368300.0,-0.62,-1.762,34.87667,"March 15, 19",-0.01762
0,2019-03-14,35.330002,35.549999,35.099998,35.16,32.948864,133200.0,133200.0,-0.17,-0.481,35.27,"March 14, 19",-0.00481
0,2019-03-13,34.990002,35.720001,34.860001,35.380001,33.155029,137300.0,137300.0,0.39,1.115,35.32,"March 13, 19",0.01115
0,2019-03-12,35.5,35.540001,34.799999,34.849998,32.658363,85400.0,85400.0,-0.65,-1.831,35.06333,"March 12, 19",-0.01831
0,2019-03-11,34.650002,35.52,34.650002,35.48,33.248737,86000.0,86000.0,0.83,2.395,35.21667,"March 11, 19",0.02395
0,2019-03-08,34.34,34.68,34.32,34.639999,32.461567,103400.0,103400.0,0.3,0.874,34.54667,"March 08, 19",0.00874
0,2019-03-07,35.25,35.279999,34.48,34.509998,32.339745,119500.0,119500.0,-0.74,-2.099,34.75667,"March 07, 19",-0.02099
0,2019-03-06,36.07,36.07,35.110001,35.130001,32.920757,110400.0,110400.0,-0.94,-2.606,35.43667,"March 06, 19",-0.02606
0,2019-03-05,36.75,36.75,36.139999,36.150002,33.876602,67200.0,67200.0,-0.6,-1.633,36.34667,"March 05, 19",-0.01633
0,2019-03-04,37.049999,37.560001,36.84,36.869999,34.551331,122300.0,122300.0,-0.18,-0.486,37.09,"March 04, 19",-0.00486
0,2019-03-01,37.169998,37.389999,36.98,37.189999,34.851204,144400.0,144400.0,0.02,0.054,37.18667,"March 01, 19",0.00054
0,2019-02-28,36.939999,36.990002,36.599998,36.959999,34.635662,106600.0,106600.0,0.02,0.054,36.85,"February 28, 19",0.00054
0,2019-02-27,37.07,37.310001,36.599998,37.040001,34.710644,93600.0,93600.0,-0.03,-0.081,36.98333,"February 27, 19",-0.00081
0,2019-02-26,37.150002,37.32,36.860001,37.23,34.88868,114700.0,114700.0,0.08,0.215,37.13667,"February 26, 19",0.00215
0,2019-02-25,37.060001,38.18,36.560001,37.16,34.823093,82000.0,82000.0,0.1,0.27,37.3,"February 25, 19",0.0027
0,2019-02-22,36.889999,37.48,35.450001,36.98,34.654408,104100.0,104100.0,0.09,0.244,36.63667,"February 22, 19",0.00244
0,2019-02-21,36.959999,36.959999,36.049999,36.880001,34.560699,80600.0,80600.0,-0.08,-0.216,36.63,"February 21, 19",-0.00216
0,2019-02-20,36.650002,37.400002,36.25,37.080002,34.748123,177200.0,177200.0,0.43,1.173,36.91,"February 20, 19",0.01173
0,2019-02-19,36.029999,36.939999,35.830002,36.709999,34.40139,150400.0,150400.0,0.68,1.887,36.49333,"February 19, 19",0.01887
0,2019-02-15,37.52,37.66,36.259998,36.349998,34.064026,127800.0,127800.0,-1.17,-3.118,36.75667,"February 15, 19",-0.03118
0,2019-02-14,37.43,38.23,36.990002,37.580002,35.216675,280000.0,280000.0,0.15,0.401,37.6,"February 14, 19",0.00401
0,2019-02-13,34.759998,35.419998,34.709999,35.369999,33.14566,148100.0,148100.0,0.61,1.755,35.16667,"February 13, 19",0.01755
0,2019-02-12,34.639999,35.169998,34.529999,34.75,32.564651,97600.0,97600.0,0.11,0.318,34.81667,"February 12, 19",0.00318
0,2019-02-11,34.23,35.099998,33.889999,34.639999,32.461567,92400.0,92400.0,0.41,1.198,34.54333,"February 11, 19",0.01198
0,2019-02-08,34.540001,35.349998,34.169998,34.240002,32.086723,95900.0,95900.0,-0.3,-0.869,34.58667,"February 08, 19",-0.00869
0,2019-02-07,34.91,34.950001,34.240002,34.599998,32.424084,130800.0,130800.0,-0.31,-0.888,34.59667,"February 07, 19",-0.00888
0,2019-02-06,35.0,35.290001,34.990002,35.110001,32.902012,57700.0,57700.0,0.11,0.314,35.13,"February 06, 19",0.00314
0,2019-02-05,35.220001,35.5,34.540001,34.990002,32.789558,94900.0,94900.0,-0.23,-0.653,35.01,"February 05, 19",-0.00653
0,2019-02-04,34.889999,35.240002,34.580002,35.240002,33.023838,96500.0,96500.0,0.35,1.003,35.02,"February 04, 19",0.01003
0,2019-02-01,35.169998,35.279999,34.700001,34.849998,32.658363,59700.0,59700.0,-0.32,-0.91,34.94333,"February 01, 19",-0.0091
0,2019-01-31,34.599998,35.240002,34.540001,35.049999,32.845779,69500.0,69500.0,0.45,1.301,34.94333,"January 31, 19",0.01301
0,2019-01-30,34.689999,34.939999,34.110001,34.700001,32.517792,51200.0,51200.0,0.01,0.029,34.58333,"January 30, 19",0.00029
0,2019-01-29,34.599998,34.84,34.380001,34.549999,32.377224,43300.0,43300.0,-0.05,-0.145,34.59,"January 29, 19",-0.00145
0,2019-01-28,34.52,34.66,34.23,34.549999,32.377224,57500.0,57500.0,0.03,0.087,34.48,"January 28, 19",0.00087
0,2019-01-25,34.900002,35.200001,34.599998,34.759998,32.57402,61800.0,61800.0,-0.14,-0.401,34.85333,"January 25, 19",-0.00401
0,2019-01-24,34.119999,34.810001,34.119999,34.779999,32.592766,49500.0,49500.0,0.66,1.934,34.57,"January 24, 19",0.01934
0,2019-01-23,34.009998,34.34,33.389999,34.259998,32.105465,127100.0,127100.0,0.25,0.735,33.99667,"January 23, 19",0.00735
0,2019-01-22,33.93,33.98,33.380001,33.869999,31.739992,192200.0,192200.0,-0.06,-0.177,33.74333,"January 22, 19",-0.00177
0,2019-01-18,34.080002,34.400002,33.950001,34.080002,31.936787,58100.0,58100.0,0.0,0.0,34.14334,"January 18, 19",0.0
0,2019-01-17,34.02,34.389999,33.700001,34.080002,31.936787,73800.0,73800.0,0.06,0.176,34.05667,"January 17, 19",0.00176
0,2019-01-16,33.490002,34.16,33.490002,34.150002,32.00238,62200.0,62200.0,0.66,1.971,33.93333,"January 16, 19",0.01971
0,2019-01-15,33.57,33.580002,33.029999,33.48,31.374517,50200.0,50200.0,-0.09,-0.268,33.36333,"January 15, 19",-0.00268
0,2019-01-14,33.709999,34.220001,33.5,33.57,31.458855,82200.0,82200.0,-0.14,-0.415,33.76333,"January 14, 19",-0.00415
0,2019-01-11,34.439999,34.57,33.630001,34.009998,31.871189,79400.0,79400.0,-0.43,-1.249,34.07,"January 11, 19",-0.01249
0,2019-01-10,34.139999,34.73,33.93,34.450001,32.283512,125700.0,125700.0,0.31,0.908,34.37,"January 10, 19",0.00908
0,2019-01-09,33.580002,34.310001,33.34,34.150002,32.00238,82600.0,82600.0,0.57,1.697,33.93333,"January 09, 19",0.01697
0,2019-01-08,33.0,33.799999,32.77,33.540001,31.430746,183900.0,183900.0,0.54,1.636,33.37,"January 08, 19",0.01636
0,2019-01-07,32.049999,32.990002,31.84,32.619999,30.568602,199000.0,199000.0,0.57,1.778,32.48333,"January 07, 19",0.01778
0,2019-01-04,31.35,32.279999,31.280001,32.209999,30.184383,100100.0,100100.0,0.86,2.743,31.92333,"January 04, 19",0.02743
0,2019-01-03,30.940001,31.360001,30.5,30.9,28.956768,110100.0,110100.0,-0.04,-0.129,30.92,"January 03, 19",-0.00129
0,2019-01-02,29.51,31.049999,29.1,30.99,29.041107,137000.0,137000.0,1.48,5.015,30.38,"January 02, 19",0.05015
0,2018-12-31,29.48,29.93,28.98,29.889999,28.010284,77300.0,77300.0,0.41,1.391,29.6,"December 31, 18",0.01391
0,2018-12-28,29.459999,29.950001,29.23,29.59,27.569843,80600.0,80600.0,0.13,0.441,29.59,"December 28, 18",0.00441
0,2018-12-27,28.92,29.5,28.16,29.469999,27.458035,88800.0,88800.0,0.55,1.902,29.04333,"December 27, 18",0.01902
0,2018-12-26,27.799999,29.280001,27.620001,29.219999,27.225103,111400.0,111400.0,1.42,5.108,28.70667,"December 26, 18",0.05108
0,2018-12-24,28.059999,28.700001,27.68,27.68,25.790241,62400.0,62400.0,-0.38,-1.354,28.02,"December 24, 18",-0.01354
0,2018-12-21,28.76,28.82,27.889999,28.09,26.172249,460200.0,460200.0,-0.67,-2.33,28.26667,"December 21, 18",-0.0233
0,2018-12-20,29.299999,29.59,28.6,28.799999,26.833775,80200.0,80200.0,-0.5,-1.706,28.99667,"December 20, 18",-0.01706
0,2018-12-19,29.82,30.389999,29.27,29.389999,27.383492,73300.0,73300.0,-0.43,-1.442,29.68333,"December 19, 18",-0.01442
0,2018-12-18,30.07,30.549999,29.700001,29.83,27.793453,97500.0,97500.0,-0.24,-0.798,30.02667,"December 18, 18",-0.00798
0,2018-12-17,30.43,30.790001,29.6,30.030001,27.979803,176800.0,176800.0,-0.4,-1.314,30.14,"December 17, 18",-0.01314
0,2018-12-14,30.549999,31.209999,30.450001,30.530001,28.445665,71000.0,71000.0,-0.02,-0.065,30.73,"December 14, 18",-0.00065
0,2018-12-13,31.4,31.75,30.67,30.83,28.725185,71200.0,71200.0,-0.57,-1.815,31.08333,"December 13, 18",-0.01815
0,2018-12-12,31.34,31.9,30.799999,31.4,29.256271,76200.0,76200.0,0.06,0.191,31.36667,"December 12, 18",0.00191
0,2018-12-11,31.16,32.82,30.280001,31.01,28.892895,74300.0,74300.0,-0.15,-0.481,31.37,"December 11, 18",-0.00481
0,2018-12-10,31.059999,31.129999,30.040001,30.959999,28.846312,79900.0,79900.0,-0.1,-0.322,30.71,"December 10, 18",-0.00322
0,2018-12-07,31.469999,31.92,30.73,30.92,28.80904,75700.0,75700.0,-0.55,-1.748,31.19,"December 07, 18",-0.01748
0,2018-12-06,31.41,31.639999,30.24,31.459999,29.312172,148500.0,148500.0,0.05,0.159,31.11333,"December 06, 18",0.00159
0,2018-12-04,33.549999,34.029999,31.629999,31.809999,29.638279,112000.0,112000.0,-1.74,-5.186,32.49,"December 04, 18",-0.05186
0,2018-12-03,33.450001,34.169998,33.09,33.560001,31.268801,117100.0,117100.0,0.11,0.329,33.60667,"December 03, 18",0.00329
0,2018-11-30,33.23,33.34,32.93,33.060001,30.802944,143300.0,143300.0,-0.17,-0.512,33.11,"November 30, 18",-0.00512
0,2018-11-29,33.790001,34.029999,33.330002,33.389999,31.110411,62000.0,62000.0,-0.4,-1.184,33.58333,"November 29, 18",-0.01184
0,2018-11-28,33.09,34.110001,32.990002,33.900002,31.585592,63300.0,63300.0,0.81,2.448,33.66667,"November 28, 18",0.02448
0,2018-11-27,32.950001,33.18,32.849998,33.110001,30.849522,112400.0,112400.0,0.16,0.486,33.04667,"November 27, 18",0.00486
0,2018-11-26,33.07,33.209999,32.299999,32.98,30.728403,57200.0,57200.0,-0.09,-0.272,32.83,"November 26, 18",-0.00272
0,2018-11-23,32.57,33.310001,32.57,32.970001,30.719086,38300.0,38300.0,0.4,1.228,32.95,"November 23, 18",0.01228
0,2018-11-21,32.200001,32.82,31.780001,32.57,30.346394,64700.0,64700.0,0.37,1.149,32.39,"November 21, 18",0.01149
0,2018-11-20,32.290001,32.990002,32.080002,32.110001,29.917799,111900.0,111900.0,-0.18,-0.557,32.39334,"November 20, 18",-0.00557
0,2018-11-19,33.029999,33.169998,32.529999,32.599998,30.374342,89000.0,89000.0,-0.43,-1.302,32.76666,"November 19, 18",-0.01302
0,2018-11-16,32.91,33.330002,32.549999,32.959999,30.709761,116000.0,116000.0,0.05,0.152,32.94667,"November 16, 18",0.00152
0,2018-11-15,32.869999,33.299999,32.529999,33.119999,30.858841,101900.0,101900.0,0.25,0.761,32.98333,"November 15, 18",0.00761
0,2018-11-14,32.990002,33.650002,32.860001,32.990002,30.737719,169900.0,169900.0,0.0,0.0,33.16667,"November 14, 18",0.0
0,2018-11-13,32.66,33.669998,32.5,32.98,30.728403,116900.0,116900.0,0.32,0.98,33.05,"November 13, 18",0.0098
0,2018-11-12,32.990002,32.990002,32.299999,32.669998,30.439564,81900.0,81900.0,-0.32,-0.97,32.65333,"November 12, 18",-0.0097
0,2018-11-09,34.299999,34.299999,32.91,32.98,30.728403,132300.0,132300.0,-1.32,-3.848,33.39667,"November 09, 18",-0.03848
0,2018-11-08,32.880001,34.610001,32.369999,34.310001,31.967604,139100.0,139100.0,1.43,4.349,33.76333,"November 08, 18",0.04349
0,2018-11-07,32.220001,33.110001,32.009998,32.900002,30.653864,144400.0,144400.0,0.68,2.11,32.67333,"November 07, 18",0.0211
0,2018-11-06,35.34,35.48,32.150002,32.599998,30.374342,457000.0,457000.0,-2.74,-7.753,33.41,"November 06, 18",-0.07753
0,2018-11-05,36.650002,37.080002,36.18,37.0,34.473949,159600.0,159600.0,0.35,0.955,36.75333,"November 05, 18",0.00955
0,2018-11-02,36.09,36.66,36.040001,36.66,34.157162,84100.0,84100.0,0.57,1.579,36.45333,"November 02, 18",0.01579
0,2018-11-01,36.09,36.540001,36.049999,36.099998,33.635387,75600.0,75600.0,0.01,0.028,36.23,"November 01, 18",0.00028
0,2018-10-31,36.759998,36.759998,35.830002,36.0,33.542221,92300.0,92300.0,-0.76,-2.067,36.19667,"October 31, 18",-0.02067
0,2018-10-30,35.470001,36.599998,35.23,36.549999,34.054668,91900.0,91900.0,1.08,3.045,36.12667,"October 30, 18",0.03045
0,2018-10-29,35.709999,36.330002,35.259998,35.48,33.057724,71100.0,71100.0,-0.23,-0.644,35.69,"October 29, 18",-0.00644
0,2018-10-26,34.950001,36.119999,34.689999,35.41,32.992504,106300.0,106300.0,0.46,1.316,35.40667,"October 26, 18",0.01316
0,2018-10-25,34.790001,35.459999,34.16,35.349998,32.936596,100000.0,100000.0,0.56,1.61,34.99,"October 25, 18",0.0161
0,2018-10-24,35.75,36.110001,34.77,34.82,32.442776,64800.0,64800.0,-0.93,-2.601,35.23333,"October 24, 18",-0.02601
0,2018-10-23,35.580002,36.279999,35.110001,35.669998,33.234749,101100.0,101100.0,0.09,0.253,35.68667,"October 23, 18",0.00253
0,2018-10-22,36.09,36.09,35.509998,35.900002,33.449051,143200.0,143200.0,-0.19,-0.526,35.83333,"October 22, 18",-0.00526
0,2018-10-19,35.93,36.290001,35.509998,35.959999,33.504948,113600.0,113600.0,0.03,0.083,35.92,"October 19, 18",0.00083
0,2018-10-18,35.119999,36.240002,35.119999,35.98,33.523586,130400.0,130400.0,0.86,2.449,35.78,"October 18, 18",0.02449
0,2018-10-17,35.169998,35.369999,34.450001,35.099998,32.703663,113500.0,113500.0,-0.07,-0.199,34.97333,"October 17, 18",-0.00199
0,2018-10-16,34.09,37.389999,34.09,35.34,32.92728,159400.0,159400.0,1.25,3.667,35.60667,"October 16, 18",0.03667
0,2018-10-15,34.509998,34.82,34.029999,34.07,31.74398,105500.0,105500.0,-0.44,-1.275,34.30667,"October 15, 18",-0.01275
0,2018-10-12,35.709999,36.34,34.580002,34.68,32.312336,98400.0,98400.0,-1.03,-2.884,35.2,"October 12, 18",-0.02884
0,2018-10-11,35.650002,35.93,34.970001,35.290001,32.880695,142500.0,142500.0,-0.36,-1.01,35.39667,"October 11, 18",-0.0101
0,2018-10-10,37.360001,37.59,35.610001,35.650002,33.216114,131200.0,131200.0,-1.71,-4.577,36.28333,"October 10, 18",-0.04577
0,2018-10-09,37.369999,38.130001,36.73,37.369999,34.818687,130500.0,130500.0,0.0,0.0,37.41,"October 09, 18",0.0
0,2018-10-08,36.66,37.59,36.66,37.540001,34.977081,112900.0,112900.0,0.88,2.4,37.26333,"October 08, 18",0.024
0,2018-10-05,37.139999,37.139999,36.34,36.669998,34.166473,161400.0,161400.0,-0.47,-1.265,36.71667,"October 05, 18",-0.01265
0,2018-10-04,37.23,37.310001,36.720001,37.060001,34.529854,82600.0,82600.0,-0.17,-0.457,37.03,"October 04, 18",-0.00457
0,2018-10-03,37.119999,37.700001,36.529999,37.450001,34.893227,104600.0,104600.0,0.33,0.889,37.22667,"October 03, 18",0.00889
0,2018-10-02,37.029999,37.349998,36.66,37.07,34.539173,87500.0,87500.0,0.04,0.108,37.02667,"October 02, 18",0.00108
0,2018-10-01,37.709999,38.259998,37.040001,37.139999,34.604389,68200.0,68200.0,-0.57,-1.512,37.48,"October 01, 18",-0.01512
0,2018-09-28,37.099998,38.200001,37.099998,37.650002,35.079578,67600.0,67600.0,0.55,1.482,37.65,"September 28, 18",0.01482
0,2018-09-27,37.549999,37.950001,37.0,37.25,34.553146,166900.0,166900.0,-0.3,-0.799,37.4,"September 27, 18",-0.00799
0,2018-09-26,37.849998,37.950001,37.400002,37.650002,34.924194,84400.0,84400.0,-0.2,-0.528,37.66667,"September 26, 18",-0.00528
0,2018-09-25,38.549999,38.549999,37.849998,37.900002,35.156086,129900.0,129900.0,-0.65,-1.686,38.1,"September 25, 18",-0.01686
0,2018-09-24,38.599998,38.599998,38.099998,38.450001,35.666264,73600.0,73600.0,-0.15,-0.389,38.38333,"September 24, 18",-0.00389
0,2018-09-21,38.900002,39.0,38.400002,38.599998,35.805408,243100.0,243100.0,-0.3,-0.771,38.66667,"September 21, 18",-0.00771
0,2018-09-20,38.5,39.150002,38.0,38.950001,36.13007,89100.0,89100.0,0.45,1.169,38.7,"September 20, 18",0.01169
0,2018-09-19,38.549999,38.919998,38.299999,38.450001,35.666264,141600.0,141600.0,-0.1,-0.259,38.55667,"September 19, 18",-0.00259
0,2018-09-18,38.900002,39.099998,38.5,38.650002,35.851788,76600.0,76600.0,-0.25,-0.643,38.75,"September 18, 18",-0.00643
0,2018-09-17,39.099998,39.200001,38.799999,38.849998,36.037308,100600.0,100600.0,-0.25,-0.639,38.95,"September 17, 18",-0.00639
0,2018-09-14,38.849998,39.529999,38.799999,39.150002,36.31559,131700.0,131700.0,0.3,0.772,39.16,"September 14, 18",0.00772
0,2018-09-13,39.099998,39.200001,38.700001,38.900002,36.083694,95300.0,95300.0,-0.2,-0.512,38.93333,"September 13, 18",-0.00512
0,2018-09-12,38.900002,39.349998,38.450001,39.0,36.176449,105600.0,105600.0,0.1,0.257,38.93333,"September 12, 18",0.00257
0,2018-09-11,39.0,39.299999,38.25,38.950001,36.13007,101500.0,101500.0,-0.05,-0.128,38.83333,"September 11, 18",-0.00128
0,2018-09-10,40.299999,40.380001,38.900002,38.950001,36.13007,127500.0,127500.0,-1.35,-3.35,39.41,"September 10, 18",-0.0335
0,2018-09-07,39.950001,40.25,39.799999,40.200001,37.28957,106000.0,106000.0,0.25,0.626,40.08333,"September 07, 18",0.00626
0,2018-09-06,40.150002,40.349998,39.900002,40.099998,37.196804,85900.0,85900.0,-0.05,-0.125,40.11667,"September 06, 18",-0.00125
0,2018-09-05,40.049999,40.450001,39.799999,40.049999,37.150429,209000.0,209000.0,0.0,0.0,40.1,"September 05, 18",0.0
0,2018-09-04,40.799999,40.900002,39.950001,40.099998,37.196804,114300.0,114300.0,-0.7,-1.716,40.31667,"September 04, 18",-0.01716
0,2018-08-31,40.549999,41.0,40.400002,40.849998,37.892509,73000.0,73000.0,0.3,0.74,40.75,"August 31, 18",0.0074
0,2018-08-30,40.5,40.599998,40.049999,40.450001,37.521473,79300.0,79300.0,-0.05,-0.123,40.36667,"August 30, 18",-0.00123
0,2018-08-29,40.5,40.849998,40.349998,40.549999,37.614227,51400.0,51400.0,0.05,0.123,40.58333,"August 29, 18",0.00123
0,2018-08-28,40.599998,41.099998,40.5,40.700001,37.753376,56100.0,56100.0,0.1,0.246,40.76667,"August 28, 18",0.00246
0,2018-08-27,40.700001,40.950001,40.299999,40.5,37.567848,69700.0,69700.0,-0.2,-0.491,40.58333,"August 27, 18",-0.00491
0,2018-08-24,40.5,40.650002,40.200001,40.549999,37.614227,83100.0,83100.0,0.05,0.123,40.46667,"August 24, 18",0.00123
0,2018-08-23,41.349998,41.349998,40.299999,40.450001,37.521473,60800.0,60800.0,-0.9,-2.177,40.7,"August 23, 18",-0.02177
0,2018-08-22,41.150002,41.5,40.849998,41.450001,38.44907,96500.0,96500.0,0.3,0.729,41.26667,"August 22, 18",0.00729
0,2018-08-21,40.950001,41.599998,40.950001,41.25,38.263554,127200.0,127200.0,0.3,0.733,41.26667,"August 21, 18",0.00733
0,2018-08-20,40.75,41.029999,40.5,40.900002,37.938892,117600.0,117600.0,0.15,0.368,40.81,"August 20, 18",0.00368
0,2018-08-17,39.849998,40.799999,39.650002,40.650002,37.706993,374200.0,374200.0,0.8,2.008,40.36667,"August 17, 18",0.02008
0,2018-08-16,39.450001,40.200001,39.450001,40.0,37.104053,206900.0,206900.0,0.55,1.394,39.88333,"August 16, 18",0.01394
0,2018-08-15,39.299999,39.549999,38.950001,39.400002,36.547489,104100.0,104100.0,0.1,0.254,39.3,"August 15, 18",0.00254
0,2018-08-14,39.799999,40.700001,39.450001,39.5,36.640247,225000.0,225000.0,-0.3,-0.754,39.88333,"August 14, 18",-0.00754
0,2018-08-13,39.950001,40.549999,39.650002,39.75,36.872154,201100.0,201100.0,-0.2,-0.501,39.98333,"August 13, 18",-0.00501
0,2018-08-10,40.25,40.549999,39.25,39.849998,36.964912,185600.0,185600.0,-0.4,-0.994,39.88333,"August 10, 18",-0.00994
0,2018-08-09,40.25,41.700001,40.200001,40.349998,37.428703,264000.0,264000.0,0.1,0.248,40.75,"August 09, 18",0.00248
0,2018-08-08,37.25,40.799999,36.900002,40.099998,37.196804,504100.0,504100.0,2.85,7.651,39.26667,"August 08, 18",0.07651
0,2018-08-07,35.099998,36.299999,35.029999,35.5,32.929844,117600.0,117600.0,0.4,1.14,35.61,"August 07, 18",0.0114
0,2018-08-06,34.75,35.299999,34.75,35.0,32.466042,56700.0,56700.0,0.25,0.719,35.01667,"August 06, 18",0.00719
0,2018-08-03,34.5,35.200001,34.5,34.900002,32.373283,46200.0,46200.0,0.4,1.159,34.86667,"August 03, 18",0.01159
0,2018-08-02,34.5,35.0,34.349998,34.849998,32.326897,62700.0,62700.0,0.35,1.014,34.73333,"August 02, 18",0.01014
0,2018-08-01,35.299999,35.299999,34.650002,34.75,32.234146,66400.0,66400.0,-0.55,-1.558,34.9,"August 01, 18",-0.01558
0,2018-07-31,34.450001,35.48,34.349998,35.25,32.697945,93100.0,93100.0,0.8,2.322,35.02667,"July 31, 18",0.02322
0,2018-07-30,34.25,34.75,34.200001,34.330002,31.844555,118900.0,118900.0,0.08,0.234,34.42667,"July 30, 18",0.00234
0,2018-07-27,34.950001,35.200001,34.200001,34.400002,31.909485,118800.0,118800.0,-0.55,-1.574,34.6,"July 27, 18",-0.01574
0,2018-07-26,35.0,35.5,34.450001,34.919998,32.391834,122500.0,122500.0,-0.08,-0.229,34.95667,"July 26, 18",-0.00229
0,2018-07-25,34.849998,34.950001,34.349998,34.950001,32.419662,78000.0,78000.0,0.1,0.287,34.75,"July 25, 18",0.00287
0,2018-07-24,35.150002,35.25,34.73,34.799999,32.280521,79000.0,79000.0,-0.35,-0.996,34.92667,"July 24, 18",-0.00996
0,2018-07-23,35.349998,35.5,34.849998,35.049999,32.512421,61000.0,61000.0,-0.3,-0.849,35.13333,"July 23, 18",-0.00849
0,2018-07-20,34.900002,35.599998,34.900002,35.450001,32.883465,95300.0,95300.0,0.55,1.576,35.31667,"July 20, 18",0.01576
0,2018-07-19,34.450001,35.099998,34.299999,35.0,32.466042,60200.0,60200.0,0.55,1.597,34.8,"July 19, 18",0.01597
0,2018-07-18,34.950001,34.950001,34.299999,34.650002,32.141388,56000.0,56000.0,-0.3,-0.858,34.63333,"July 18, 18",-0.00858
0,2018-07-17,35.049999,35.25,34.950001,35.099998,32.5588,42200.0,42200.0,0.05,0.143,35.1,"July 17, 18",0.00143
0,2018-07-16,35.5,35.5,34.700001,35.0,32.466042,70200.0,70200.0,-0.5,-1.408,35.06667,"July 16, 18",-0.01408
0,2018-07-13,35.25,35.700001,35.25,35.450001,32.883465,36900.0,36900.0,0.2,0.567,35.46667,"July 13, 18",0.00567
0,2018-07-12,35.799999,35.799999,35.150002,35.400002,32.837093,53200.0,53200.0,-0.4,-1.117,35.45,"July 12, 18",-0.01117
0,2018-07-11,35.75,35.950001,35.549999,35.549999,32.976223,59700.0,59700.0,-0.2,-0.559,35.68333,"July 11, 18",-0.00559
0,2018-07-10,35.549999,35.950001,35.470001,35.799999,33.208122,70200.0,70200.0,0.25,0.703,35.74,"July 10, 18",0.00703
0,2018-07-09,35.650002,35.990002,35.349998,35.5,32.929844,50600.0,50600.0,-0.15,-0.421,35.61333,"July 09, 18",-0.00421
0,2018-07-06,35.099998,35.700001,35.049999,35.599998,33.022602,53800.0,53800.0,0.5,1.425,35.45,"July 06, 18",0.01425
0,2018-07-05,34.5,35.099998,34.25,35.049999,32.512421,79200.0,79200.0,0.55,1.594,34.8,"July 05, 18",0.01594
0,2018-07-03,34.599998,35.200001,34.299999,34.349998,31.863102,61000.0,61000.0,-0.25,-0.723,34.61667,"July 03, 18",-0.00723
0,2018-07-02,33.950001,34.549999,33.950001,34.549999,32.048622,70400.0,70400.0,0.6,1.767,34.35,"July 02, 18",0.01767
0,2018-06-29,34.049999,34.5,33.950001,34.200001,31.723959,75100.0,75100.0,0.15,0.441,34.21667,"June 29, 18",0.00441
0,2018-06-28,34.200001,34.349998,33.799999,34.099998,31.478149,51500.0,51500.0,-0.1,-0.292,34.08333,"June 28, 18",-0.00292
0,2018-06-27,34.599998,34.799999,34.25,34.25,31.616611,68500.0,68500.0,-0.35,-1.012,34.43333,"June 27, 18",-0.01012
0,2018-06-26,34.700001,35.299999,34.5,34.700001,32.032021,155100.0,155100.0,0.0,0.0,34.83333,"June 26, 18",0.0
0,2018-06-25,34.849998,35.099998,34.400002,34.650002,31.985865,89200.0,89200.0,-0.2,-0.574,34.71667,"June 25, 18",-0.00574
0,2018-06-22,35.150002,35.700001,34.450001,35.0,32.308949,234200.0,234200.0,-0.15,-0.427,35.05,"June 22, 18",-0.00427
0,2018-06-21,35.200001,35.450001,34.700001,34.849998,32.170475,70700.0,70700.0,-0.35,-0.994,35.0,"June 21, 18",-0.00994
0,2018-06-20,35.0,35.400002,34.700001,35.150002,32.447411,72600.0,72600.0,0.15,0.429,35.08334,"June 20, 18",0.00429
0,2018-06-19,35.049999,35.349998,34.75,34.75,32.078175,92500.0,92500.0,-0.3,-0.856,34.95,"June 19, 18",-0.00856
0,2018-06-18,34.900002,35.599998,34.549999,35.25,32.53973,90300.0,90300.0,0.35,1.003,35.13333,"June 18, 18",0.01003
0,2018-06-15,34.349998,35.25,34.0,35.200001,32.493576,230000.0,230000.0,0.85,2.475,34.81667,"June 15, 18",0.02475
0,2018-06-14,34.150002,34.580002,34.0,34.450001,31.801237,77600.0,77600.0,0.3,0.878,34.34333,"June 14, 18",0.00878
0,2018-06-13,33.400002,34.169998,33.330002,34.099998,31.478149,99900.0,99900.0,0.7,2.096,33.86667,"June 13, 18",0.02096
0,2018-06-12,33.599998,33.599998,32.919998,33.400002,30.83197,172100.0,172100.0,-0.2,-0.595,33.30667,"June 12, 18",-0.00595
0,2018-06-11,33.950001,34.0,33.400002,33.650002,31.062748,107200.0,107200.0,-0.3,-0.884,33.68333,"June 11, 18",-0.00884
0,2018-06-08,33.549999,34.0,33.400002,33.900002,31.293526,92100.0,92100.0,0.35,1.043,33.76667,"June 08, 18",0.01043
0,2018-06-07,33.450001,33.700001,33.299999,33.599998,31.016588,81400.0,81400.0,0.15,0.448,33.53333,"June 07, 18",0.00448
0,2018-06-06,33.150002,33.450001,32.900002,33.400002,30.83197,103600.0,103600.0,0.25,0.754,33.25,"June 06, 18",0.00754
0,2018-06-05,33.0,33.099998,32.599998,33.049999,30.508879,92900.0,92900.0,0.05,0.152,32.91667,"June 05, 18",0.00152
0,2018-06-04,33.549999,34.049999,32.599998,32.950001,30.416567,159800.0,159800.0,-0.6,-1.788,33.2,"June 04, 18",-0.01788
0,2018-06-01,32.549999,33.599998,32.5,33.549999,30.97044,175100.0,175100.0,1.0,3.072,33.21667,"June 01, 18",0.03072
0,2018-05-31,32.799999,32.799999,32.099998,32.299999,29.816544,202600.0,202600.0,-0.5,-1.524,32.4,"May 31, 18",-0.01524
0,2018-05-30,32.299999,32.900002,32.299999,32.700001,30.185789,227500.0,227500.0,0.4,1.238,32.63333,"May 30, 18",0.01238
0,2018-05-29,32.650002,32.849998,32.099998,32.200001,29.724237,109400.0,109400.0,-0.45,-1.378,32.38333,"May 29, 18",-0.01378
0,2018-05-25,32.299999,32.849998,32.049999,32.849998,30.324251,139100.0,139100.0,0.55,1.703,32.58333,"May 25, 18",0.01703
0,2018-05-24,32.200001,32.75,32.099998,32.5,30.001173,193500.0,193500.0,0.3,0.932,32.45,"May 24, 18",0.00932
0,2018-05-23,32.549999,32.549999,31.98,32.349998,29.862698,122800.0,122800.0,-0.2,-0.614,32.29333,"May 23, 18",-0.00614
0,2018-05-22,32.75,33.0,32.700001,32.75,30.231945,122800.0,122800.0,0.0,0.0,32.81667,"May 22, 18",0.0
0,2018-05-21,32.299999,32.950001,32.200001,32.799999,30.278101,102700.0,102700.0,0.5,1.548,32.65,"May 21, 18",0.01548
0,2018-05-18,32.549999,32.650002,32.049999,32.299999,29.816544,104200.0,104200.0,-0.25,-0.768,32.33333,"May 18, 18",-0.00768
0,2018-05-17,31.85,32.549999,31.85,32.450001,29.955013,131300.0,131300.0,0.6,1.884,32.28333,"May 17, 18",0.01884
0,2018-05-16,31.35,31.950001,31.35,31.799999,29.354988,138600.0,138600.0,0.45,1.435,31.7,"May 16, 18",0.01435
0,2018-05-15,31.1,31.549999,31.049999,31.299999,28.893431,62100.0,62100.0,0.2,0.643,31.3,"May 15, 18",0.00643
0,2018-05-14,31.35,31.85,31.200001,31.299999,28.893431,123700.0,123700.0,-0.05,-0.159,31.45,"May 14, 18",-0.00159
0,2018-05-11,31.15,31.450001,31.0,31.299999,28.893431,67200.0,67200.0,0.15,0.482,31.25,"May 11, 18",0.00482
0,2018-05-10,31.450001,31.450001,30.85,31.0,28.616499,179700.0,179700.0,-0.45,-1.431,31.1,"May 10, 18",-0.01431
0,2018-05-09,31.049999,31.85,31.049999,31.379999,28.967281,44200.0,44200.0,0.33,1.063,31.42667,"May 09, 18",0.01063
0,2018-05-08,31.75,32.75,29.860001,31.33,28.921125,214100.0,214100.0,-0.42,-1.323,31.31333,"May 08, 18",-0.01323
0,2018-05-07,33.200001,33.900002,32.650002,33.650002,31.062748,86200.0,86200.0,0.45,1.355,33.4,"May 07, 18",0.01355
0,2018-05-04,31.950001,33.200001,31.950001,33.099998,30.555029,67300.0,67300.0,1.15,3.599,32.75,"May 04, 18",0.03599
0,2018-05-03,32.099998,32.200001,31.700001,32.099998,29.631922,65400.0,65400.0,0.0,0.0,32.0,"May 03, 18",0.0
0,2018-05-02,32.450001,32.5,31.950001,32.299999,29.816544,51600.0,51600.0,-0.15,-0.462,32.25,"May 02, 18",-0.00462
0,2018-05-01,32.599998,32.599998,31.85,32.400002,29.908855,60700.0,60700.0,-0.2,-0.613,32.28333,"May 01, 18",-0.00613
0,2018-04-30,32.549999,32.900002,32.349998,32.650002,30.139635,71000.0,71000.0,0.1,0.307,32.63333,"April 30, 18",0.00307
0,2018-04-27,32.849998,33.150002,32.450001,32.549999,30.047323,36700.0,36700.0,-0.3,-0.913,32.71667,"April 27, 18",-0.00913
0,2018-04-26,32.75,33.0,32.450001,32.75,30.231945,95700.0,95700.0,0.0,0.0,32.73333,"April 26, 18",0.0
0,2018-04-25,32.549999,32.849998,32.049999,32.700001,30.185789,114100.0,114100.0,0.15,0.461,32.53333,"April 25, 18",0.00461
0,2018-04-24,32.849998,33.200001,32.299999,32.5,30.001173,93600.0,93600.0,-0.35,-1.065,32.66667,"April 24, 18",-0.01065
0,2018-04-23,33.200001,33.349998,32.700001,32.700001,30.185789,81600.0,81600.0,-0.5,-1.506,32.91667,"April 23, 18",-0.01506
0,2018-04-20,33.599998,33.700001,32.950001,33.049999,30.508879,46100.0,46100.0,-0.55,-1.637,33.23333,"April 20, 18",-0.01637
0,2018-04-19,33.599998,34.830002,33.259998,33.75,31.155058,130200.0,130200.0,0.15,0.446,33.94667,"April 19, 18",0.00446
0,2018-04-18,33.700001,34.150002,33.400002,33.700001,31.108908,61100.0,61100.0,0.0,0.0,33.75,"April 18, 18",0.0
0,2018-04-17,33.450001,33.950001,33.400002,33.700001,31.108908,93000.0,93000.0,0.25,0.747,33.68333,"April 17, 18",0.00747
0,2018-04-16,32.75,33.299999,32.400002,33.25,30.693504,68200.0,68200.0,0.5,1.527,32.98333,"April 16, 18",0.01527
0,2018-04-13,32.75,32.75,32.25,32.5,30.001173,36000.0,36000.0,-0.25,-0.763,32.5,"April 13, 18",-0.00763
0,2018-04-12,32.5,32.849998,32.200001,32.599998,30.093475,85200.0,85200.0,0.1,0.308,32.55,"April 12, 18",0.00308
0,2018-04-11,32.75,32.950001,31.799999,32.400002,29.908855,92800.0,92800.0,-0.35,-1.069,32.38333,"April 11, 18",-0.01069
0,2018-04-10,33.0,33.200001,32.799999,33.0,30.462725,68400.0,68400.0,0.0,0.0,33.0,"April 10, 18",0.0
0,2018-04-09,32.75,33.049999,32.400002,32.650002,30.139635,73900.0,73900.0,-0.1,-0.305,32.7,"April 09, 18",-0.00305
0,2018-04-06,32.650002,33.049999,32.389999,32.549999,30.047323,76200.0,76200.0,-0.1,-0.306,32.66333,"April 06, 18",-0.00306
0,2018-04-05,32.900002,33.150002,32.650002,32.900002,30.370413,59100.0,59100.0,0.0,0.0,32.9,"April 05, 18",0.0
0,2018-04-04,31.799999,32.849998,31.799999,32.799999,30.278101,161200.0,161200.0,1.0,3.145,32.48333,"April 04, 18",0.03145
0,2018-04-03,32.400002,32.700001,32.0,32.099998,29.631922,182800.0,182800.0,-0.3,-0.926,32.26667,"April 03, 18",-0.00926
0,2018-04-02,32.950001,33.150002,32.0,32.200001,29.724237,104300.0,104300.0,-0.75,-2.276,32.45,"April 02, 18",-0.02276
0,2018-03-29,32.75,33.200001,32.75,33.099998,30.555029,135400.0,135400.0,0.35,1.069,33.01667,"March 29, 18",0.01069
0,2018-03-28,32.75,33.150002,32.5,32.700001,30.033474,51600.0,51600.0,-0.05,-0.153,32.78333,"March 28, 18",-0.00153
0,2018-03-27,33.099998,33.299999,32.5,32.799999,30.12532,110100.0,110100.0,-0.3,-0.906,32.86667,"March 27, 18",-0.00906
0,2018-03-26,32.900002,33.049999,32.299999,33.0,30.309017,128600.0,128600.0,0.1,0.304,32.78333,"March 26, 18",0.00304
0,2018-03-23,33.900002,33.900002,32.349998,32.450001,29.803865,164700.0,164700.0,-1.45,-4.277,32.9,"March 23, 18",-0.04277
0,2018-03-22,34.549999,34.849998,33.849998,33.900002,31.13562,77700.0,77700.0,-0.65,-1.881,34.2,"March 22, 18",-0.01881
0,2018-03-21,35.049999,35.049999,34.549999,34.700001,31.870396,82600.0,82600.0,-0.35,-0.999,34.76667,"March 21, 18",-0.00999
0,2018-03-20,34.849998,35.099998,34.549999,35.099998,32.237766,105200.0,105200.0,0.25,0.717,34.91667,"March 20, 18",0.00717
0,2018-03-19,35.450001,35.450001,34.200001,34.75,31.916311,113000.0,113000.0,-0.7,-1.975,34.8,"March 19, 18",-0.01975
0,2018-03-16,35.25,35.549999,34.849998,35.450001,32.559231,359100.0,359100.0,0.2,0.567,35.28333,"March 16, 18",0.00567
0,2018-03-15,36.0,36.25,35.150002,35.25,32.375542,78800.0,78800.0,-0.75,-2.083,35.55,"March 15, 18",-0.02083
0,2018-03-14,36.5,36.5,35.900002,36.0,33.064377,105100.0,105100.0,-0.5,-1.37,36.13333,"March 14, 18",-0.0137
0,2018-03-13,37.049999,37.200001,36.200001,36.299999,33.339916,65000.0,65000.0,-0.75,-2.024,36.56667,"March 13, 18",-0.02024
0,2018-03-12,36.599998,37.049999,36.450001,37.049999,34.028755,74300.0,74300.0,0.45,1.23,36.85,"March 12, 18",0.0123
0,2018-03-09,36.299999,36.860001,35.799999,36.650002,33.661369,96700.0,96700.0,0.35,0.964,36.43667,"March 09, 18",0.00964
0,2018-03-08,36.799999,36.900002,35.650002,36.0,33.064377,63400.0,63400.0,-0.8,-2.174,36.18333,"March 08, 18",-0.02174
0,2018-03-07,36.049999,36.799999,36.049999,36.700001,33.707298,105300.0,105300.0,0.65,1.803,36.51667,"March 07, 18",0.01803
0,2018-03-06,36.0,36.5,35.599998,36.400002,33.431767,115800.0,115800.0,0.4,1.111,36.16667,"March 06, 18",0.01111
0,2018-03-05,35.450001,36.099998,35.049999,35.900002,32.97253,183700.0,183700.0,0.45,1.269,35.68333,"March 05, 18",0.01269
0,2018-03-02,35.049999,35.549999,35.049999,35.450001,32.559231,87500.0,87500.0,0.4,1.141,35.35,"March 02, 18",0.01141
0,2018-03-01,35.0,35.599998,34.5,35.349998,32.467384,128000.0,128000.0,0.35,1.0,35.15,"March 01, 18",0.01
0,2018-02-28,35.150002,35.849998,35.049999,35.049999,32.191841,138000.0,138000.0,-0.1,-0.284,35.31667,"February 28, 18",-0.00284
0,2018-02-27,35.049999,35.950001,35.049999,35.049999,32.191841,212000.0,212000.0,0.0,0.0,35.35,"February 27, 18",0.0
0,2018-02-26,35.150002,35.299999,34.849998,35.049999,32.191841,134300.0,134300.0,-0.1,-0.284,35.06667,"February 26, 18",-0.00284
0,2018-02-23,34.950001,35.25,34.650002,35.0,32.145924,160700.0,160700.0,0.05,0.143,34.96667,"February 23, 18",0.00143
0,2018-02-22,35.599998,35.799999,34.799999,34.900002,32.054073,132000.0,132000.0,-0.7,-1.966,35.16667,"February 22, 18",-0.01966
0,2018-02-21,35.5,36.200001,35.349998,35.450001,32.559231,93100.0,93100.0,-0.05,-0.141,35.66667,"February 21, 18",-0.00141
0,2018-02-20,35.950001,36.849998,34.849998,35.400002,32.513306,197100.0,197100.0,-0.55,-1.53,35.7,"February 20, 18",-0.0153
0,2018-02-16,36.0,36.349998,35.799999,36.0,33.064377,210900.0,210900.0,0.0,0.0,36.05,"February 16, 18",0.0
0,2018-02-15,34.5,36.900002,33.299999,36.0,33.064377,316800.0,316800.0,1.5,4.348,35.4,"February 15, 18",0.04348
0,2018-02-14,31.049999,31.9,30.75,31.799999,29.206865,86700.0,86700.0,0.75,2.415,31.48333,"February 14, 18",0.02415
0,2018-02-13,31.15,31.65,31.15,31.299999,28.747639,93200.0,93200.0,0.15,0.482,31.36667,"February 13, 18",0.00482
0,2018-02-12,31.700001,31.780001,31.1,31.299999,28.747639,135800.0,135800.0,-0.4,-1.262,31.39333,"February 12, 18",-0.01262
0,2018-02-09,31.950001,32.0,31.15,31.75,29.160944,123900.0,123900.0,-0.2,-0.626,31.63333,"February 09, 18",-0.00626
0,2018-02-08,31.65,32.0,31.15,31.6,29.023178,148700.0,148700.0,-0.05,-0.158,31.58333,"February 08, 18",-0.00158
0,2018-02-07,31.1,31.549999,30.5,31.450001,28.885408,144300.0,144300.0,0.35,1.125,31.16667,"February 07, 18",0.01125
0,2018-02-06,30.799999,31.549999,30.35,31.200001,28.655792,258200.0,258200.0,0.4,1.299,31.03333,"February 06, 18",0.01299
0,2018-02-05,33.150002,33.25,31.450001,31.65,29.069098,302300.0,302300.0,-1.5,-4.525,32.11667,"February 05, 18",-0.04525
0,2018-02-02,33.900002,33.900002,33.099998,33.25,30.538624,223700.0,223700.0,-0.65,-1.917,33.41667,"February 02, 18",-0.01917
0,2018-02-01,34.049999,34.099998,33.5,34.0,31.227463,151700.0,151700.0,-0.05,-0.147,33.86667,"February 01, 18",-0.00147
0,2018-01-31,34.700001,34.799999,33.900002,34.099998,31.319309,150400.0,150400.0,-0.6,-1.729,34.26667,"January 31, 18",-0.01729
0,2018-01-30,34.349998,34.549999,33.950001,34.5,31.686693,133700.0,133700.0,0.15,0.437,34.33333,"January 30, 18",0.00437
0,2018-01-29,34.599998,35.0,34.5,34.549999,31.732622,78200.0,78200.0,-0.05,-0.145,34.68333,"January 29, 18",-0.00145
0,2018-01-26,34.299999,34.650002,33.919998,34.650002,31.824474,110600.0,110600.0,0.35,1.02,34.40667,"January 26, 18",0.0102
0,2018-01-25,34.0,34.400002,33.799999,34.200001,31.41116,170100.0,170100.0,0.2,0.588,34.13333,"January 25, 18",0.00588
0,2018-01-24,34.150002,34.5,33.650002,33.700001,30.951931,197200.0,197200.0,-0.45,-1.318,33.95,"January 24, 18",-0.01318
0,2018-01-23,34.849998,35.150002,32.560001,34.099998,31.319309,145800.0,145800.0,-0.75,-2.152,33.93667,"January 23, 18",-0.02152
0,2018-01-22,33.099998,35.029999,32.799999,34.75,31.916311,131300.0,131300.0,1.65,4.985,34.19333,"January 22, 18",0.04985
0,2018-01-19,32.950001,33.599998,32.450001,33.150002,30.446779,163100.0,163100.0,0.2,0.607,33.06667,"January 19, 18",0.00607
0,2018-01-18,33.650002,33.650002,32.900002,32.950001,30.263096,87800.0,87800.0,-0.7,-2.08,33.16667,"January 18, 18",-0.0208
0,2018-01-17,33.200001,33.75,33.099998,33.599998,30.860081,142100.0,142100.0,0.4,1.205,33.48333,"January 17, 18",0.01205
0,2018-01-16,32.900002,33.5,32.700001,33.150002,30.446779,185400.0,185400.0,0.25,0.76,33.11667,"January 16, 18",0.0076
0,2018-01-12,32.900002,32.950001,32.450001,32.650002,29.987555,136400.0,136400.0,-0.25,-0.76,32.68333,"January 12, 18",-0.0076
0,2018-01-11,32.200001,33.150002,32.049999,32.75,30.079397,115900.0,115900.0,0.55,1.708,32.65,"January 11, 18",0.01708
0,2018-01-10,31.75,32.200001,31.719999,32.049999,29.436474,115400.0,115400.0,0.3,0.945,31.99,"January 10, 18",0.00945
0,2018-01-09,32.049999,32.23,31.9,31.950001,29.344637,135600.0,135600.0,-0.1,-0.312,32.02667,"January 09, 18",-0.00312
0,2018-01-08,31.450001,32.099998,31.0,32.0,29.390556,170200.0,170200.0,0.55,1.749,31.7,"January 08, 18",0.01749
0,2018-01-05,31.9,32.349998,31.25,31.5,28.93133,102300.0,102300.0,-0.4,-1.254,31.7,"January 05, 18",-0.01254
0,2018-01-04,31.700001,32.049999,31.450001,31.85,29.25279,144600.0,144600.0,0.15,0.473,31.78333,"January 04, 18",0.00473
0,2018-01-03,31.700001,32.0,31.4,31.5,28.93133,117600.0,117600.0,-0.2,-0.631,31.63333,"January 03, 18",-0.00631
0,2018-01-02,31.200001,31.75,31.0,31.65,29.069098,113400.0,113400.0,0.45,1.442,31.46667,"January 02, 18",0.01442
0,2017-12-29,31.799999,31.799999,31.15,31.15,28.609869,95300.0,95300.0,-0.65,-2.044,31.36667,"December 29, 17",-0.02044
0,2017-12-28,31.65,32.25,31.6,31.9,29.147167,70000.0,70000.0,0.25,0.79,31.91667,"December 28, 17",0.0079
0,2017-12-27,32.099998,32.400002,31.65,31.65,28.918741,54100.0,54100.0,-0.45,-1.402,31.9,"December 27, 17",-0.01402
0,2017-12-26,31.9,32.299999,31.75,31.950001,29.192854,51100.0,51100.0,0.05,0.157,32.0,"December 26, 17",0.00157
0,2017-12-22,32.099998,32.150002,31.700001,31.85,29.101482,68000.0,68000.0,-0.25,-0.779,31.9,"December 22, 17",-0.00779
0,2017-12-21,32.25,33.25,32.049999,32.049999,29.28422,125800.0,125800.0,-0.2,-0.62,32.45,"December 21, 17",-0.0062
0,2017-12-20,31.799999,32.299999,31.35,32.049999,29.28422,75200.0,75200.0,0.25,0.786,31.9,"December 20, 17",0.00786
0,2017-12-19,32.150002,32.5,31.65,31.75,29.010111,113700.0,113700.0,-0.4,-1.244,31.96667,"December 19, 17",-0.01244
0,2017-12-18,32.0,32.5,31.15,32.099998,29.329905,107400.0,107400.0,0.1,0.313,31.91667,"December 18, 17",0.00313
0,2017-12-15,31.549999,32.599998,31.5,31.85,29.101482,457000.0,457000.0,0.3,0.951,31.98333,"December 15, 17",0.00951
0,2017-12-14,32.400002,32.549999,31.4,31.4,28.690315,124200.0,124200.0,-1.0,-3.086,31.78333,"December 14, 17",-0.03086
0,2017-12-13,32.349998,32.799999,32.16,32.25,29.466963,125800.0,125800.0,-0.1,-0.309,32.40333,"December 13, 17",-0.00309
0,2017-12-12,32.599998,32.950001,32.299999,32.450001,29.649706,128700.0,128700.0,-0.15,-0.46,32.56667,"December 12, 17",-0.0046
0,2017-12-11,32.700001,33.0,31.360001,32.5,29.695389,131200.0,131200.0,-0.2,-0.612,32.28667,"December 11, 17",-0.00612
0,2017-12-08,32.400002,32.799999,32.099998,32.700001,29.878128,167600.0,167600.0,0.3,0.926,32.53333,"December 08, 17",0.00926
0,2017-12-07,31.450001,32.549999,31.450001,32.299999,29.512648,155300.0,155300.0,0.85,2.703,32.1,"December 07, 17",0.02703
0,2017-12-06,31.299999,32.0,30.9,31.549999,28.82737,171800.0,171800.0,0.25,0.799,31.48333,"December 06, 17",0.00799
0,2017-12-05,31.700001,31.83,30.799999,31.299999,28.59894,214900.0,214900.0,-0.4,-1.262,31.31,"December 05, 17",-0.01262
0,2017-12-04,31.85,32.150002,31.6,31.85,29.101482,140400.0,140400.0,0.0,0.0,31.86667,"December 04, 17",0.0
0,2017-12-01,32.349998,32.650002,31.1,31.450001,28.735998,201900.0,201900.0,-0.9,-2.782,31.73333,"December 01, 17",-0.02782
0,2017-11-30,32.299999,32.75,32.200001,32.299999,29.512648,128500.0,128500.0,0.0,0.0,32.41667,"November 30, 17",0.0
0,2017-11-29,31.4,32.400002,31.4,32.200001,29.42128,177600.0,177600.0,0.8,2.548,32.0,"November 29, 17",0.02548
0,2017-11-28,30.6,31.299999,30.5,31.25,28.553259,155200.0,155200.0,0.65,2.124,31.01667,"November 28, 17",0.02124
0,2017-11-27,30.65,30.75,30.35,30.450001,27.822296,108900.0,108900.0,-0.2,-0.653,30.51667,"November 27, 17",-0.00653
0,2017-11-24,30.200001,30.629999,30.1,30.6,27.959351,50800.0,50800.0,0.4,1.325,30.44333,"November 24, 17",0.01325
0,2017-11-22,30.1,30.9,29.950001,30.25,27.639555,150300.0,150300.0,0.15,0.498,30.36667,"November 22, 17",0.00498
0,2017-11-21,30.0,30.5,29.75,29.85,27.274073,159300.0,159300.0,-0.15,-0.5,30.03333,"November 21, 17",-0.005
0,2017-11-20,29.85,30.450001,29.85,30.049999,27.456812,132500.0,132500.0,0.2,0.67,30.11667,"November 20, 17",0.0067
0,2017-11-17,30.0,30.5,29.9,30.0,27.411129,142900.0,142900.0,0.0,0.0,30.13333,"November 17, 17",0.0
0,2017-11-16,30.25,30.85,30.049999,30.15,27.548187,121700.0,121700.0,-0.1,-0.331,30.35,"November 16, 17",-0.00331
0,2017-11-15,30.25,30.549999,29.950001,30.0,27.411129,84000.0,84000.0,-0.25,-0.826,30.16667,"November 15, 17",-0.00826
0,2017-11-14,29.85,30.65,29.85,30.450001,27.822296,107300.0,107300.0,0.6,2.01,30.31667,"November 14, 17",0.0201
0,2017-11-13,30.450001,30.549999,29.6,30.1,27.502499,162900.0,162900.0,-0.35,-1.149,30.08333,"November 13, 17",-0.01149
0,2017-11-10,31.0,31.309999,30.530001,30.549999,27.913666,120000.0,120000.0,-0.45,-1.452,30.79667,"November 10, 17",-0.01452
0,2017-11-09,30.85,31.450001,30.6,31.0,28.324833,128800.0,128800.0,0.15,0.486,31.01667,"November 09, 17",0.00486
0,2017-11-08,31.1,32.099998,30.65,31.030001,28.352242,283800.0,283800.0,-0.07,-0.225,31.26,"November 08, 17",-0.00225
0,2017-11-07,36.049999,36.650002,34.23,34.299999,31.340059,150000.0,150000.0,-1.75,-4.854,35.06,"November 07, 17",-0.04854
0,2017-11-06,36.700001,37.099998,36.200001,36.700001,33.532944,86100.0,86100.0,0.0,0.0,36.66667,"November 06, 17",0.0
0,2017-11-03,37.150002,37.299999,36.75,36.75,33.578636,115200.0,115200.0,-0.4,-1.077,36.93333,"November 03, 17",-0.01077
0,2017-11-02,37.450001,38.0,36.950001,37.169998,33.962387,86500.0,86500.0,-0.28,-0.748,37.37333,"November 02, 17",-0.00748
0,2017-11-01,37.599998,37.900002,37.0,37.349998,34.126846,83400.0,83400.0,-0.25,-0.665,37.41667,"November 01, 17",-0.00665
0,2017-10-31,36.900002,37.650002,36.700001,37.450001,34.218231,134400.0,134400.0,0.55,1.491,37.26667,"October 31, 17",0.01491
0,2017-10-30,36.849998,36.950001,36.25,36.650002,33.487267,79200.0,79200.0,-0.2,-0.543,36.61667,"October 30, 17",-0.00543
0,2017-10-27,36.849998,37.150002,36.400002,36.900002,33.715687,72100.0,72100.0,0.05,0.136,36.81667,"October 27, 17",0.00136
0,2017-10-26,36.599998,37.299999,36.549999,36.799999,33.624317,80000.0,80000.0,0.2,0.546,36.88333,"October 26, 17",0.00546
0,2017-10-25,36.700001,36.75,35.630001,36.5,33.350201,95800.0,95800.0,-0.2,-0.545,36.29333,"October 25, 17",-0.00545
0,2017-10-24,36.849998,37.299999,36.650002,36.650002,33.487267,127400.0,127400.0,-0.2,-0.543,36.86667,"October 24, 17",-0.00543
0,2017-10-23,36.849998,37.099998,36.150002,36.599998,33.441578,106400.0,106400.0,-0.25,-0.678,36.61667,"October 23, 17",-0.00678
0,2017-10-20,36.150002,37.0,36.049999,36.849998,33.670002,100300.0,100300.0,0.7,1.936,36.63333,"October 20, 17",0.01936
0,2017-10-19,35.799999,36.099998,35.400002,35.849998,32.756294,77000.0,77000.0,0.05,0.14,35.78333,"October 19, 17",0.0014
0,2017-10-18,36.400002,36.689999,35.900002,35.900002,32.801983,73400.0,73400.0,-0.5,-1.374,36.16333,"October 18, 17",-0.01374
0,2017-10-17,36.599998,37.349998,36.049999,36.25,33.12178,147600.0,147600.0,-0.35,-0.956,36.55,"October 17, 17",-0.00956
0,2017-10-16,35.799999,36.700001,35.700001,36.599998,33.441578,104900.0,104900.0,0.8,2.235,36.33333,"October 16, 17",0.02235
0,2017-10-13,35.799999,36.099998,35.57,35.900002,32.801983,55200.0,55200.0,0.1,0.279,35.85667,"October 13, 17",0.00279
0,2017-10-12,35.25,35.900002,35.25,35.599998,32.527874,65500.0,65500.0,0.35,0.993,35.58333,"October 12, 17",0.00993
0,2017-10-11,34.75,35.5,34.650002,35.299999,32.253761,94100.0,94100.0,0.55,1.583,35.15,"October 11, 17",0.01583
0,2017-10-10,34.400002,35.0,34.299999,34.599998,31.614164,72200.0,72200.0,0.2,0.581,34.63333,"October 10, 17",0.00581
0,2017-10-09,35.200001,35.610001,33.900002,34.099998,31.157316,137900.0,137900.0,-1.1,-3.125,34.53667,"October 09, 17",-0.03125
0,2017-10-06,35.25,35.549999,33.959999,35.400002,32.345131,116200.0,116200.0,0.15,0.426,34.97,"October 06, 17",0.00426
0,2017-10-05,34.950001,35.849998,34.900002,35.400002,32.345131,126300.0,126300.0,0.45,1.288,35.38333,"October 05, 17",0.01288
0,2017-10-04,35.049999,35.049999,34.650002,34.799999,31.796902,101300.0,101300.0,-0.25,-0.713,34.83333,"October 04, 17",-0.00713
0,2017-10-03,34.599998,35.0,34.419998,34.950001,31.933968,98100.0,98100.0,0.35,1.012,34.79,"October 03, 17",0.01012
0,2017-10-02,34.400002,34.700001,34.0,34.650002,31.659855,97000.0,97000.0,0.25,0.727,34.45,"October 02, 17",0.00727
0,2017-09-29,34.450001,34.450001,33.5,34.25,31.294369,106500.0,106500.0,-0.2,-0.581,34.06667,"September 29, 17",-0.00581
0,2017-09-28,34.450001,34.549999,34.0,34.549999,31.422283,136500.0,136500.0,0.1,0.29,34.36667,"September 28, 17",0.0029
0,2017-09-27,34.299999,34.900002,33.650002,34.450001,31.331345,208500.0,208500.0,0.15,0.437,34.33334,"September 27, 17",0.00437
0,2017-09-26,33.799999,34.299999,33.130001,34.150002,31.058502,123600.0,123600.0,0.35,1.036,33.86,"September 26, 17",0.01036
0,2017-09-25,33.849998,34.5,33.400002,33.849998,30.785654,122700.0,122700.0,0.0,0.0,33.91667,"September 25, 17",0.0
0,2017-09-22,33.700001,34.049999,33.5,33.950001,30.876606,111400.0,111400.0,0.25,0.742,33.83333,"September 22, 17",0.00742
0,2017-09-21,33.799999,33.950001,32.009998,33.700001,30.649239,107700.0,107700.0,-0.1,-0.296,33.22,"September 21, 17",-0.00296
0,2017-09-20,33.5,34.25,33.25,33.900002,30.831133,153800.0,153800.0,0.4,1.194,33.8,"September 20, 17",0.01194
0,2017-09-19,33.450001,33.799999,33.23,33.450001,30.421875,73900.0,73900.0,0.0,0.0,33.49333,"September 19, 17",0.0
0,2017-09-18,33.299999,33.650002,32.849998,33.5,30.467342,94100.0,94100.0,0.2,0.601,33.33333,"September 18, 17",0.00601
0,2017-09-15,32.75,33.25,32.5,33.25,30.239975,269100.0,269100.0,0.5,1.527,33.0,"September 15, 17",0.01527
0,2017-09-14,31.9,32.799999,31.799999,32.700001,29.739761,80400.0,80400.0,0.8,2.508,32.43333,"September 14, 17",0.02508
0,2017-09-13,31.450001,32.25,31.15,31.950001,29.057661,147800.0,147800.0,0.5,1.59,31.78333,"September 13, 17",0.0159
0,2017-09-12,31.4,31.6,31.200001,31.450001,28.602924,81000.0,81000.0,0.05,0.159,31.41667,"September 12, 17",0.00159
0,2017-09-11,31.25,31.6,30.9,31.4,28.557451,102300.0,102300.0,0.15,0.48,31.3,"September 11, 17",0.0048
0,2017-09-08,31.65,31.65,30.85,31.0,28.193663,84300.0,84300.0,-0.65,-2.054,31.16667,"September 08, 17",-0.02054
0,2017-09-07,31.549999,31.700001,31.4,31.65,28.784819,73500.0,73500.0,0.1,0.317,31.58333,"September 07, 17",0.00317
0,2017-09-06,31.450001,31.700001,31.200001,31.549999,28.693865,148900.0,148900.0,0.1,0.318,31.48333,"September 06, 17",0.00318
0,2017-09-05,31.9,32.0,31.0,31.299999,28.466507,91100.0,91100.0,-0.6,-1.881,31.43333,"September 05, 17",-0.01881
0,2017-09-01,31.85,31.950001,31.549999,31.85,28.966713,86500.0,86500.0,0.0,0.0,31.78333,"September 01, 17",0.0
0,2017-08-31,32.099998,32.099998,31.65,31.85,28.966713,102800.0,102800.0,-0.25,-0.779,31.86667,"August 31, 17",-0.00779
0,2017-08-30,31.700001,32.099998,31.5,32.049999,29.148607,82100.0,82100.0,0.35,1.104,31.88333,"August 30, 17",0.01104
0,2017-08-29,31.25,31.799999,31.049999,31.700001,28.83029,93700.0,93700.0,0.45,1.44,31.51667,"August 29, 17",0.0144
0,2017-08-28,31.35,31.450001,30.9,31.4,28.557451,81100.0,81100.0,0.05,0.159,31.25,"August 28, 17",0.00159
0,2017-08-25,31.25,31.35,30.799999,31.299999,28.466507,54800.0,54800.0,0.05,0.16,31.15,"August 25, 17",0.0016
0,2017-08-24,31.700001,31.700001,31.030001,31.15,28.33008,65600.0,65600.0,-0.55,-1.735,31.29333,"August 24, 17",-0.01735
0,2017-08-23,31.200001,31.85,31.15,31.700001,28.83029,66000.0,66000.0,0.5,1.603,31.56667,"August 23, 17",0.01603
0,2017-08-22,31.35,31.700001,31.049999,31.35,28.511978,78700.0,78700.0,0.0,0.0,31.36667,"August 22, 17",0.0
0,2017-08-21,31.950001,31.950001,31.15,31.25,28.42103,156600.0,156600.0,-0.7,-2.191,31.45,"August 21, 17",-0.02191
0,2017-08-18,32.0,32.360001,31.950001,32.049999,29.148607,91300.0,91300.0,0.05,0.156,32.12,"August 18, 17",0.00156
0,2017-08-17,33.099998,33.299999,32.150002,32.25,29.330502,68900.0,68900.0,-0.85,-2.568,32.56667,"August 17, 17",-0.02568
0,2017-08-16,33.650002,34.049999,33.200001,33.25,30.239975,79700.0,79700.0,-0.4,-1.189,33.5,"August 16, 17",-0.01189
0,2017-08-15,33.650002,33.799999,33.299999,33.549999,30.512814,59800.0,59800.0,-0.1,-0.297,33.55,"August 15, 17",-0.00297
0,2017-08-14,32.900002,33.75,32.75,33.599998,30.55829,66000.0,66000.0,0.7,2.128,33.36667,"August 14, 17",0.02128
0,2017-08-11,32.900002,33.0,31.950001,32.650002,29.694294,118100.0,118100.0,-0.25,-0.76,32.53333,"August 11, 17",-0.0076
0,2017-08-10,32.799999,33.150002,32.75,33.0,30.012609,81000.0,81000.0,0.2,0.61,32.96667,"August 10, 17",0.0061
0,2017-08-09,32.400002,33.25,32.150002,32.950001,29.967133,120900.0,120900.0,0.55,1.698,32.78333,"August 09, 17",0.01698
0,2017-08-08,32.5,33.150002,32.0,32.599998,29.648819,117300.0,117300.0,0.1,0.308,32.58333,"August 08, 17",0.00308
0,2017-08-07,33.049999,33.25,31.65,32.549999,29.603344,235900.0,235900.0,-0.5,-1.513,32.48333,"August 07, 17",-0.01513
0,2017-08-04,32.849998,34.950001,32.75,34.0,30.922079,106000.0,106000.0,1.15,3.501,33.9,"August 04, 17",0.03501
0,2017-08-03,34.25,34.450001,33.599998,34.0,30.922079,66800.0,66800.0,-0.25,-0.73,34.01667,"August 03, 17",-0.0073
0,2017-08-02,34.5,34.650002,34.150002,34.25,31.149445,54600.0,54600.0,-0.25,-0.725,34.35,"August 02, 17",-0.00725
0,2017-08-01,34.599998,34.75,34.099998,34.450001,31.331345,88700.0,88700.0,-0.15,-0.434,34.43333,"August 01, 17",-0.00434
0,2017-07-31,34.5,34.599998,34.049999,34.450001,31.331345,73800.0,73800.0,-0.05,-0.145,34.36667,"July 31, 17",-0.00145
0,2017-07-28,34.400002,34.450001,33.900002,34.400002,31.285868,74400.0,74400.0,0.0,0.0,34.25,"July 28, 17",0.0
0,2017-07-27,34.400002,34.84,34.049999,34.450001,31.331345,57300.0,57300.0,0.05,0.145,34.44667,"July 27, 17",0.00145
0,2017-07-26,34.599998,34.75,34.049999,34.200001,31.103975,76900.0,76900.0,-0.4,-1.156,34.33333,"July 26, 17",-0.01156
0,2017-07-25,34.150002,34.849998,34.0,34.599998,31.46776,61500.0,61500.0,0.45,1.318,34.48333,"July 25, 17",0.01318
0,2017-07-24,33.849998,34.099998,33.599998,33.849998,30.785654,67300.0,67300.0,0.0,0.0,33.85,"July 24, 17",0.0
0,2017-07-21,34.849998,34.849998,33.700001,33.849998,30.785654,66800.0,66800.0,-1.0,-2.869,34.13333,"July 21, 17",-0.02869
0,2017-07-20,34.349998,34.650002,33.799999,34.650002,31.513239,74800.0,74800.0,0.3,0.873,34.36667,"July 20, 17",0.00873
0,2017-07-19,33.450001,34.400002,33.450001,34.349998,31.240395,67200.0,67200.0,0.9,2.691,34.06667,"July 19, 17",0.02691
0,2017-07-18,33.950001,34.349998,33.099998,33.299999,30.285448,86900.0,86900.0,-0.65,-1.915,33.58333,"July 18, 17",-0.01915
0,2017-07-17,33.450001,33.799999,33.400002,33.75,30.694712,77500.0,77500.0,0.3,0.897,33.65,"July 17, 17",0.00897
0,2017-07-14,33.25,33.75,33.040001,33.650002,30.603765,94700.0,94700.0,0.4,1.203,33.48,"July 14, 17",0.01203
0,2017-07-13,33.349998,33.700001,32.849998,33.25,30.239975,81200.0,81200.0,-0.1,-0.3,33.26667,"July 13, 17",-0.003
0,2017-07-12,33.25,33.849998,33.200001,33.349998,30.330921,68600.0,68600.0,0.1,0.301,33.46667,"July 12, 17",0.00301
0,2017-07-11,34.0,34.25,32.900002,32.950001,29.967133,137200.0,137200.0,-1.05,-3.088,33.36667,"July 11, 17",-0.03088
0,2017-07-10,33.650002,34.549999,33.650002,34.049999,30.967556,117200.0,117200.0,0.4,1.189,34.08333,"July 10, 17",0.01189
0,2017-07-07,33.549999,33.849998,33.150002,33.75,30.694712,73200.0,73200.0,0.2,0.596,33.58333,"July 07, 17",0.00596
0,2017-07-06,33.700001,34.0,33.380001,33.450001,30.421875,119800.0,119800.0,-0.25,-0.742,33.61,"July 06, 17",-0.00742
0,2017-07-05,34.200001,34.400002,33.5,33.900002,30.831133,87900.0,87900.0,-0.3,-0.877,33.93333,"July 05, 17",-0.00877
0,2017-07-03,34.299999,34.700001,34.200001,34.299999,31.194927,45800.0,45800.0,0.0,0.0,34.4,"July 03, 17",0.0
0,2017-06-30,33.849998,34.349998,33.599998,34.150002,31.058502,78100.0,78100.0,0.3,0.886,34.03333,"June 30, 17",0.00886
0,2017-06-29,34.299999,34.299999,33.349998,33.650002,30.603765,95700.0,95700.0,-0.65,-1.895,33.76667,"June 29, 17",-0.01895
0,2017-06-28,34.099998,34.599998,34.0,34.400002,31.140352,110700.0,110700.0,0.3,0.88,34.33333,"June 28, 17",0.0088
0,2017-06-27,33.700001,34.400002,33.599998,33.849998,30.642464,128400.0,128400.0,0.15,0.445,33.95,"June 27, 17",0.00445
0,2017-06-26,33.549999,34.0,33.400002,33.700001,30.506685,112800.0,112800.0,0.15,0.447,33.7,"June 26, 17",0.00447
0,2017-06-23,33.450001,33.799999,33.200001,33.5,30.325634,188200.0,188200.0,0.05,0.149,33.5,"June 23, 17",0.00149
0,2017-06-22,33.400002,33.52,33.0,33.299999,30.144583,118600.0,118600.0,-0.1,-0.299,33.27333,"June 22, 17",-0.00299
0,2017-06-21,34.5,34.549999,33.349998,33.349998,30.189848,125800.0,125800.0,-1.15,-3.333,33.75,"June 21, 17",-0.03333
0,2017-06-20,35.549999,35.549999,34.450001,34.450001,31.185614,89400.0,89400.0,-1.1,-3.094,34.81667,"June 20, 17",-0.03094
0,2017-06-19,35.849998,36.0,35.5,35.700001,32.317165,98800.0,98800.0,-0.15,-0.418,35.73333,"June 19, 17",-0.00418
0,2017-06-16,36.5,36.5,35.400002,35.700001,32.317165,191700.0,191700.0,-0.8,-2.192,35.86667,"June 16, 17",-0.02192
0,2017-06-15,36.799999,37.0,36.150002,36.900002,33.403458,100900.0,100900.0,0.1,0.272,36.68333,"June 15, 17",0.00272
0,2017-06-14,37.150002,37.349998,36.799999,37.0,33.493988,81400.0,81400.0,-0.15,-0.404,37.05,"June 14, 17",-0.00404
0,2017-06-13,37.549999,37.669998,36.849998,37.099998,33.584507,97900.0,97900.0,-0.45,-1.198,37.20666,"June 13, 17",-0.01198
0,2017-06-12,37.950001,38.049999,36.98,37.5,33.946602,372600.0,372600.0,-0.45,-1.186,37.51,"June 12, 17",-0.01186
0,2017-06-09,37.0,38.0,37.0,37.900002,34.308704,256200.0,256200.0,0.9,2.432,37.63333,"June 09, 17",0.02432
0,2017-06-08,36.150002,37.099998,35.75,37.049999,33.539242,134400.0,134400.0,0.9,2.49,36.63333,"June 08, 17",0.0249
0,2017-06-07,36.0,36.48,35.900002,36.099998,32.67926,158200.0,158200.0,0.1,0.278,36.16,"June 07, 17",0.00278
0,2017-06-06,35.950001,36.25,35.200001,36.099998,32.67926,183500.0,183500.0,0.15,0.417,35.85,"June 06, 17",0.00417
0,2017-06-05,36.099998,36.299999,35.849998,36.099998,32.67926,136900.0,136900.0,0.0,0.0,36.08333,"June 05, 17",0.0
0,2017-06-02,35.549999,36.299999,35.5,36.099998,32.67926,131300.0,131300.0,0.55,1.547,35.96667,"June 02, 17",0.01547
0,2017-06-01,35.150002,35.599998,35.049999,35.549999,32.181381,88800.0,88800.0,0.4,1.138,35.4,"June 01, 17",0.01138
0,2017-05-31,35.099998,35.200001,34.849998,35.099998,31.774029,227300.0,227300.0,0.0,0.0,35.05,"May 31, 17",0.0
0,2017-05-30,34.950001,35.349998,34.700001,35.150002,31.819284,135500.0,135500.0,0.2,0.572,35.06667,"May 30, 17",0.00572
0,2017-05-26,35.200001,35.299999,34.799999,35.049999,31.728756,80100.0,80100.0,-0.15,-0.426,35.05,"May 26, 17",-0.00426
0,2017-05-25,35.150002,35.299999,34.900002,35.049999,31.728756,69600.0,69600.0,-0.1,-0.284,35.08333,"May 25, 17",-0.00284
0,2017-05-24,34.75,35.099998,34.599998,35.0,31.683491,101200.0,101200.0,0.25,0.719,34.9,"May 24, 17",0.00719
0,2017-05-23,33.75,35.400002,33.700001,34.900002,31.592974,214300.0,214300.0,1.15,3.407,34.66667,"May 23, 17",0.03407
0,2017-05-22,34.150002,34.299999,33.75,33.75,30.551945,92500.0,92500.0,-0.4,-1.171,33.93333,"May 22, 17",-0.01171
0,2017-05-19,34.299999,34.75,33.900002,34.200001,30.959305,217700.0,217700.0,-0.1,-0.292,34.28333,"May 19, 17",-0.00292
0,2017-05-18,33.650002,34.450001,33.580002,34.299999,31.049831,145200.0,145200.0,0.65,1.932,34.11,"May 18, 17",0.01932
0,2017-05-17,34.349998,34.549999,33.650002,33.849998,30.642464,355100.0,355100.0,-0.5,-1.456,34.01667,"May 17, 17",-0.01456
0,2017-05-16,34.150002,34.75,34.0,34.650002,31.366663,207800.0,207800.0,0.5,1.464,34.46667,"May 16, 17",0.01464
0,2017-05-15,33.150002,34.400002,33.150002,34.0,30.778252,174600.0,174600.0,0.85,2.564,33.85,"May 15, 17",0.02564
0,2017-05-12,32.849998,33.150002,32.700001,33.150002,30.008802,108300.0,108300.0,0.3,0.913,33.0,"May 12, 17",0.00913
0,2017-05-11,32.75,33.099998,32.25,33.0,29.873014,119200.0,119200.0,0.25,0.763,32.78333,"May 11, 17",0.00763
0,2017-05-10,32.150002,33.150002,31.93,32.75,29.646702,222800.0,222800.0,0.6,1.866,32.61,"May 10, 17",0.01866
0,2017-05-09,33.049999,33.049999,32.049999,32.200001,29.148821,148400.0,148400.0,-0.85,-2.572,32.43333,"May 09, 17",-0.02572
0,2017-05-08,32.900002,33.349998,32.75,32.900002,29.782488,200800.0,200800.0,0.0,0.0,33.0,"May 08, 17",0.0
0,2017-05-05,33.349998,33.349998,32.450001,32.919998,29.800591,118300.0,118300.0,-0.43,-1.289,32.90667,"May 05, 17",-0.01289
0,2017-05-04,34.0,34.700001,32.049999,33.400002,30.235109,474100.0,474100.0,-0.6,-1.765,33.38333,"May 04, 17",-0.01765
0,2017-05-03,36.650002,36.650002,34.560001,36.0,32.588745,271900.0,271900.0,-0.65,-1.774,35.73667,"May 03, 17",-0.01774
0,2017-05-02,36.799999,37.099998,36.549999,36.700001,33.222416,104400.0,104400.0,-0.1,-0.272,36.78333,"May 02, 17",-0.00272
0,2017-05-01,37.549999,37.549999,36.549999,36.950001,33.448723,127800.0,127800.0,-0.6,-1.598,37.01667,"May 01, 17",-0.01598
0,2017-04-28,38.099998,38.150002,37.279999,37.349998,33.810814,104800.0,104800.0,-0.75,-1.969,37.59333,"April 28, 17",-0.01969
0,2017-04-27,37.849998,38.23,37.25,37.950001,34.353966,247700.0,247700.0,0.1,0.264,37.81,"April 27, 17",0.00264
0,2017-04-26,37.400002,38.049999,37.299999,37.700001,34.127659,146400.0,146400.0,0.3,0.802,37.68333,"April 26, 17",0.00802
0,2017-04-25,37.599998,37.799999,37.299999,37.349998,33.810814,126200.0,126200.0,-0.25,-0.665,37.48333,"April 25, 17",-0.00665
0,2017-04-24,38.049999,38.049999,37.25,37.400002,33.856079,121900.0,121900.0,-0.65,-1.708,37.56667,"April 24, 17",-0.01708
0,2017-04-21,38.0,38.150002,37.5,37.549999,33.991871,91300.0,91300.0,-0.45,-1.184,37.73333,"April 21, 17",-0.01184
0,2017-04-20,37.849998,38.25,37.700001,38.200001,34.58028,90300.0,90300.0,0.35,0.925,38.05,"April 20, 17",0.00925
0,2017-04-19,38.299999,38.349998,37.5,37.650002,34.082386,70400.0,70400.0,-0.65,-1.697,37.83333,"April 19, 17",-0.01697
0,2017-04-18,37.349998,38.349998,37.25,38.150002,34.535015,72200.0,72200.0,0.8,2.142,37.91667,"April 18, 17",0.02142
0,2017-04-17,37.25,37.5,37.0,37.400002,33.856079,127800.0,127800.0,0.15,0.403,37.3,"April 17, 17",0.00403
0,2017-04-13,38.049999,38.5,37.099998,37.099998,33.584507,77800.0,77800.0,-0.95,-2.497,37.56667,"April 13, 17",-0.02497
0,2017-04-12,38.75,38.849998,37.950001,38.0,34.399223,82700.0,82700.0,-0.75,-1.935,38.26667,"April 12, 17",-0.01935
0,2017-04-11,38.150002,39.349998,38.049999,38.799999,35.123425,106600.0,106600.0,0.65,1.704,38.73333,"April 11, 17",0.01704
0,2017-04-10,37.400002,38.549999,37.299999,38.299999,34.670799,132000.0,132000.0,0.9,2.406,38.05,"April 10, 17",0.02406
0,2017-04-07,37.549999,37.75,37.299999,37.5,33.946602,191400.0,191400.0,-0.05,-0.133,37.51667,"April 07, 17",-0.00133
0,2017-04-06,37.400002,37.799999,37.299999,37.700001,34.127659,93100.0,93100.0,0.3,0.802,37.6,"April 06, 17",0.00802
0,2017-04-05,37.900002,38.400002,37.25,37.400002,33.856079,148900.0,148900.0,-0.5,-1.319,37.68333,"April 05, 17",-0.01319
0,2017-04-04,37.299999,38.099998,37.200001,37.900002,34.308704,117200.0,117200.0,0.6,1.609,37.73333,"April 04, 17",0.01609
0,2017-04-03,37.799999,38.049999,37.200001,37.299999,33.765549,149500.0,149500.0,-0.5,-1.323,37.51667,"April 03, 17",-0.01323
0,2017-03-31,37.75,38.349998,37.75,37.900002,34.308704,242900.0,242900.0,0.15,0.397,38.0,"March 31, 17",0.00397
0,2017-03-30,38.450001,39.049999,37.549999,37.799999,34.218174,145700.0,145700.0,-0.65,-1.691,38.13333,"March 30, 17",-0.01691
0,2017-03-29,38.349998,39.200001,38.349998,38.75,34.933323,102700.0,102700.0,0.4,1.043,38.76667,"March 29, 17",0.01043
0,2017-03-28,38.049999,38.700001,37.900002,38.450001,34.662868,86900.0,86900.0,0.4,1.051,38.35,"March 28, 17",0.01051
0,2017-03-27,38.049999,38.650002,37.400002,38.25,34.482559,97100.0,97100.0,0.2,0.526,38.1,"March 27, 17",0.00526
0,2017-03-24,38.299999,39.099998,37.950001,38.099998,34.347347,130600.0,130600.0,-0.2,-0.522,38.38333,"March 24, 17",-0.00522
0,2017-03-23,38.299999,38.75,37.900002,38.200001,34.437496,90900.0,90900.0,-0.1,-0.261,38.28333,"March 23, 17",-0.00261
0,2017-03-22,38.150002,38.799999,37.549999,38.400002,34.61779,108200.0,108200.0,0.25,0.655,38.25,"March 22, 17",0.00655
0,2017-03-21,38.849998,39.099998,38.0,38.150002,34.392414,112500.0,112500.0,-0.7,-1.802,38.41667,"March 21, 17",-0.01802
0,2017-03-20,39.25,39.25,38.549999,38.75,34.933323,184000.0,184000.0,-0.5,-1.274,38.85,"March 20, 17",-0.01274
0,2017-03-17,38.400002,39.25,37.700001,39.25,35.384068,346300.0,346300.0,0.85,2.214,38.73333,"March 17, 17",0.02214
0,2017-03-16,38.650002,38.950001,38.150002,38.599998,34.798084,83400.0,83400.0,-0.05,-0.129,38.56667,"March 16, 17",-0.00129
0,2017-03-15,38.900002,39.0,38.150002,38.549999,34.753021,102100.0,102100.0,-0.35,-0.9,38.56667,"March 15, 17",-0.009
0,2017-03-14,38.549999,38.75,38.25,38.650002,34.843178,95900.0,95900.0,0.1,0.259,38.55,"March 14, 17",0.00259
0,2017-03-13,37.75,38.849998,37.75,38.700001,34.888252,141700.0,141700.0,0.95,2.517,38.43333,"March 13, 17",0.02517
0,2017-03-10,37.849998,38.25,37.5,37.849998,34.121967,82800.0,82800.0,0.0,0.0,37.86667,"March 10, 17",0.0
0,2017-03-09,37.5,38.200001,37.060001,37.599998,33.896587,89000.0,89000.0,0.1,0.267,37.62,"March 09, 17",0.00267
0,2017-03-08,38.650002,38.650002,37.400002,37.450001,33.761356,95400.0,95400.0,-1.2,-3.105,37.83334,"March 08, 17",-0.03105
0,2017-03-07,38.549999,39.099998,38.450001,38.5,34.707943,85300.0,85300.0,-0.05,-0.13,38.68333,"March 07, 17",-0.0013
0,2017-03-06,38.900002,39.25,38.549999,38.700001,34.888252,102900.0,102900.0,-0.2,-0.514,38.83333,"March 06, 17",-0.00514
0,2017-03-03,38.950001,39.650002,38.599998,38.950001,35.113617,86500.0,86500.0,0.0,0.0,39.06667,"March 03, 17",0.0
0,2017-03-02,40.25,40.25,39.099998,39.200001,35.338997,71300.0,71300.0,-1.05,-2.609,39.51667,"March 02, 17",-0.02609
0,2017-03-01,39.799999,40.849998,39.75,40.400002,36.420807,94900.0,94900.0,0.6,1.508,40.33333,"March 01, 17",0.01508
0,2017-02-28,39.950001,40.650002,39.450001,39.549999,35.654526,201200.0,201200.0,-0.4,-1.001,39.88333,"February 28, 17",-0.01001
0,2017-02-27,39.849998,40.25,39.349998,40.099998,36.150356,105500.0,105500.0,0.25,0.627,39.9,"February 27, 17",0.00627
0,2017-02-24,39.849998,40.200001,39.700001,39.900002,35.970051,90300.0,90300.0,0.05,0.125,39.93333,"February 24, 17",0.00125
0,2017-02-23,39.5,40.5,39.0,40.25,36.285583,201900.0,201900.0,0.75,1.899,39.91667,"February 23, 17",0.01899
0,2017-02-22,39.900002,40.049999,39.099998,39.349998,35.474213,135400.0,135400.0,-0.55,-1.378,39.5,"February 22, 17",-0.01378
0,2017-02-21,40.200001,40.599998,40.0,40.0,36.060211,121900.0,121900.0,-0.2,-0.498,40.2,"February 21, 17",-0.00498
0,2017-02-17,40.5,40.950001,39.950001,40.049999,36.10527,153100.0,153100.0,-0.45,-1.111,40.31667,"February 17, 17",-0.01111
0,2017-02-16,39.400002,41.450001,38.470001,39.950001,36.015129,375300.0,375300.0,0.55,1.396,39.95667,"February 16, 17",0.01396
0,2017-02-15,37.5,38.75,37.419998,38.549999,34.753021,99900.0,99900.0,1.05,2.8,38.24,"February 15, 17",0.028
0,2017-02-14,37.400002,38.0,37.150002,37.75,34.031818,78800.0,78800.0,0.35,0.936,37.63333,"February 14, 17",0.00936
0,2017-02-13,37.849998,38.450001,37.400002,37.549999,33.851521,82200.0,82200.0,-0.3,-0.793,37.8,"February 13, 17",-0.00793
0,2017-02-10,38.299999,38.75,37.599998,37.950001,34.212116,91800.0,91800.0,-0.35,-0.914,38.1,"February 10, 17",-0.00914
0,2017-02-09,37.5,38.400002,37.5,38.299999,34.527641,131800.0,131800.0,0.8,2.133,38.06667,"February 09, 17",0.02133
0,2017-02-08,37.349998,37.900002,37.200001,37.5,33.806438,105700.0,105700.0,0.15,0.402,37.53333,"February 08, 17",0.00402
0,2017-02-07,37.25,37.799999,36.849998,37.299999,33.626133,152900.0,152900.0,0.05,0.134,37.31667,"February 07, 17",0.00134
0,2017-02-06,37.400002,37.549999,36.849998,37.200001,33.535984,99500.0,99500.0,-0.2,-0.535,37.2,"February 06, 17",-0.00535
0,2017-02-03,37.849998,38.0,37.049999,37.200001,33.535984,135600.0,135600.0,-0.65,-1.717,37.41667,"February 03, 17",-0.01717
0,2017-02-02,37.400002,37.900002,37.200001,37.549999,33.851521,125000.0,125000.0,0.15,0.401,37.55,"February 02, 17",0.00401
0,2017-02-01,37.900002,37.900002,37.330002,37.5,33.806438,93000.0,93000.0,-0.4,-1.055,37.57667,"February 01, 17",-0.01055
0,2017-01-31,37.049999,37.900002,37.049999,37.75,34.031818,142000.0,142000.0,0.7,1.889,37.56667,"January 31, 17",0.01889
0,2017-01-30,37.5,37.599998,37.049999,37.150002,33.490917,89400.0,89400.0,-0.35,-0.933,37.26667,"January 30, 17",-0.00933
0,2017-01-27,37.400002,37.950001,37.150002,37.75,34.031818,110200.0,110200.0,0.35,0.936,37.61667,"January 27, 17",0.00936
0,2017-01-26,37.849998,38.419998,37.25,37.349998,33.671207,107300.0,107300.0,-0.5,-1.321,37.67333,"January 26, 17",-0.01321
0,2017-01-25,38.150002,38.740002,37.549999,37.950001,34.212116,175100.0,175100.0,-0.2,-0.524,38.08,"January 25, 17",-0.00524
0,2017-01-24,36.900002,37.5,36.549999,37.400002,33.716286,268200.0,268200.0,0.5,1.355,37.15,"January 24, 17",0.01355
0,2017-01-23,37.049999,37.450001,36.700001,36.799999,33.175377,189400.0,189400.0,-0.25,-0.675,36.98333,"January 23, 17",-0.00675
0,2017-01-20,36.5,37.599998,36.450001,37.049999,33.400753,255000.0,255000.0,0.55,1.507,37.03333,"January 20, 17",0.01507
0,2017-01-19,37.799999,38.0,36.700001,36.75,33.13031,180300.0,180300.0,-1.05,-2.778,37.15,"January 19, 17",-0.02778
0,2017-01-18,38.299999,38.849998,37.400002,37.799999,34.076885,114700.0,114700.0,-0.5,-1.305,38.01667,"January 18, 17",-0.01305
0,2017-01-17,38.450001,38.669998,37.849998,38.299999,34.527641,131000.0,131000.0,-0.15,-0.39,38.27333,"January 17, 17",-0.0039
0,2017-01-13,38.950001,39.849998,38.099998,38.5,34.707943,135900.0,135900.0,-0.45,-1.155,38.81667,"January 13, 17",-0.01155
0,2017-01-12,40.049999,40.099998,39.150002,39.5,35.609447,83200.0,83200.0,-0.55,-1.373,39.58333,"January 12, 17",-0.01373
0,2017-01-11,40.549999,40.580002,40.0,40.200001,36.240505,109700.0,109700.0,-0.35,-0.863,40.26,"January 11, 17",-0.00863
0,2017-01-10,41.0,41.849998,40.599998,40.849998,36.826477,151100.0,151100.0,-0.15,-0.366,41.1,"January 10, 17",-0.00366
0,2017-01-09,39.0,41.5,39.0,41.099998,37.051861,145400.0,145400.0,2.1,5.385,40.53333,"January 09, 17",0.05385
0,2017-01-06,40.200001,40.200001,38.75,39.150002,35.293919,250700.0,250700.0,-1.05,-2.612,39.36667,"January 06, 17",-0.02612
0,2017-01-05,42.299999,43.0,39.799999,40.049999,36.10527,225500.0,225500.0,-2.25,-5.319,40.95,"January 05, 17",-0.05319
0,2017-01-04,42.900002,43.5,42.400002,42.549999,38.359032,246200.0,246200.0,-0.35,-0.816,42.81667,"January 04, 17",-0.00816
0,2017-01-03,44.400002,44.450001,43.0,43.299999,39.035164,180600.0,180600.0,-1.1,-2.477,43.58333,"January 03, 17",-0.02477
0,2016-12-30,43.849998,44.75,43.700001,44.700001,40.297279,103900.0,103900.0,0.85,1.938,44.38333,"December 30, 16",0.01938
0,2016-12-29,44.049999,44.450001,43.799999,43.900002,39.576069,114900.0,114900.0,-0.15,-0.341,44.05,"December 29, 16",-0.00341
0,2016-12-28,44.099998,44.200001,43.700001,44.150002,39.657207,103200.0,103200.0,0.05,0.113,44.01667,"December 28, 16",0.00113
0,2016-12-27,44.099998,44.450001,43.849998,44.099998,39.612286,57300.0,57300.0,0.0,0.0,44.13333,"December 27, 16",0.0
0,2016-12-23,43.450001,44.200001,42.900002,44.200001,39.702118,93400.0,93400.0,0.75,1.726,43.76667,"December 23, 16",0.01726
0,2016-12-22,44.0,44.150002,43.25,43.599998,39.163166,68200.0,68200.0,-0.4,-0.909,43.66667,"December 22, 16",-0.00909
0,2016-12-21,44.549999,44.849998,43.950001,44.0,39.522461,134200.0,134200.0,-0.55,-1.235,44.26667,"December 21, 16",-0.01235
0,2016-12-20,43.450001,44.900002,43.0,44.799999,40.241058,148000.0,148000.0,1.35,3.107,44.23333,"December 20, 16",0.03107
0,2016-12-19,42.700001,44.299999,41.75,43.450001,39.028435,185000.0,185000.0,0.75,1.756,43.16667,"December 19, 16",0.01756
0,2016-12-16,41.299999,42.93,40.900002,42.450001,38.130203,453800.0,453800.0,1.15,2.785,42.09333,"December 16, 16",0.02785
0,2016-12-15,41.200001,41.700001,40.799999,41.400002,37.187038,265200.0,265200.0,0.2,0.485,41.3,"December 15, 16",0.00485
0,2016-12-14,41.5,41.75,40.950001,41.25,37.052319,73300.0,73300.0,-0.25,-0.602,41.31667,"December 14, 16",-0.00602
0,2016-12-13,41.849998,41.900002,40.950001,41.5,37.276867,280400.0,280400.0,-0.35,-0.836,41.45,"December 13, 16",-0.00836
0,2016-12-12,41.799999,42.049999,41.549999,41.700001,37.45652,133100.0,133100.0,-0.1,-0.239,41.76667,"December 12, 16",-0.00239
0,2016-12-09,42.0,42.200001,41.5,41.799999,37.546341,192900.0,192900.0,-0.2,-0.476,41.83333,"December 09, 16",-0.00476
0,2016-12-08,41.299999,42.950001,40.759998,42.25,37.950554,230000.0,230000.0,0.95,2.3,41.98667,"December 08, 16",0.023
0,2016-12-07,41.400002,41.75,40.84,41.299999,37.097233,163200.0,163200.0,-0.1,-0.242,41.29667,"December 07, 16",-0.00242
0,2016-12-06,40.75,41.860001,39.509998,41.349998,37.142128,213300.0,213300.0,0.6,1.472,40.90667,"December 06, 16",0.01472
0,2016-12-05,39.150002,40.450001,39.150002,40.450001,36.333729,134900.0,134900.0,1.3,3.321,40.01667,"December 05, 16",0.03321
0,2016-12-02,39.700001,39.950001,38.849998,39.25,35.255836,118500.0,118500.0,-0.45,-1.134,39.35,"December 02, 16",-0.01134
0,2016-12-01,39.400002,40.150002,39.25,39.799999,35.749863,117800.0,117800.0,0.4,1.015,39.73333,"December 01, 16",0.01015
0,2016-11-30,39.049999,39.700001,38.950001,39.349998,35.345657,112400.0,112400.0,0.3,0.768,39.33333,"November 30, 16",0.00768
0,2016-11-29,38.450001,39.150002,38.200001,38.900002,34.941452,261700.0,261700.0,0.45,1.17,38.75,"November 29, 16",0.0117
0,2016-11-28,40.049999,40.450001,38.080002,38.25,34.357597,182700.0,182700.0,-1.8,-4.494,38.92667,"November 28, 16",-0.04494
0,2016-11-25,39.0,40.75,38.700001,40.299999,36.19899,179200.0,179200.0,1.3,3.333,39.91667,"November 25, 16",0.03333
0,2016-11-23,38.849998,39.0,38.349998,38.799999,34.851635,105400.0,105400.0,-0.05,-0.129,38.71667,"November 23, 16",-0.00129
0,2016-11-22,38.299999,39.0,37.959999,39.0,35.031269,148300.0,148300.0,0.7,1.828,38.65333,"November 22, 16",0.01828
0,2016-11-21,39.0,39.0,37.150002,38.200001,34.312691,127600.0,127600.0,-0.8,-2.051,38.11667,"November 21, 16",-0.02051
0,2016-11-18,38.599998,39.650002,36.560001,39.0,35.031269,294800.0,294800.0,0.4,1.036,38.40333,"November 18, 16",0.01036
0,2016-11-17,36.75,38.599998,36.75,38.5,34.582157,180700.0,180700.0,1.75,4.762,37.95,"November 17, 16",0.04762
0,2016-11-16,37.299999,37.349998,36.5,36.900002,33.144981,142700.0,142700.0,-0.4,-1.072,36.91667,"November 16, 16",-0.01072
0,2016-11-15,35.25,37.470001,35.25,37.299999,33.504272,222400.0,222400.0,2.05,5.816,36.67333,"November 15, 16",0.05816
0,2016-11-14,35.400002,35.5,34.75,35.25,31.662899,258400.0,258400.0,-0.15,-0.424,35.16667,"November 14, 16",-0.00424
0,2016-11-11,34.599998,35.25,34.099998,35.150002,31.573057,216000.0,216000.0,0.55,1.59,34.83333,"November 11, 16",0.0159
0,2016-11-10,35.849998,36.0,34.099998,34.5,30.98921,213300.0,213300.0,-1.35,-3.766,34.86667,"November 10, 16",-0.03766
0,2016-11-09,35.950001,36.599998,35.0,35.650002,32.022182,202100.0,202100.0,-0.3,-0.834,35.75,"November 09, 16",-0.00834
0,2016-11-08,38.490002,38.490002,36.0,36.650002,32.920422,262500.0,262500.0,-1.84,-4.78,37.04667,"November 08, 16",-0.0478
0,2016-11-07,38.400002,39.200001,38.200001,38.849998,34.896538,134900.0,134900.0,0.45,1.172,38.75,"November 07, 16",0.01172
0,2016-11-04,38.099998,38.450001,37.529999,38.200001,34.312691,69500.0,69500.0,0.1,0.262,38.06,"November 04, 16",0.00262
0,2016-11-03,39.0,39.200001,37.950001,38.099998,34.222862,71000.0,71000.0,-0.9,-2.308,38.41667,"November 03, 16",-0.02308
0,2016-11-02,38.900002,39.200001,38.599998,38.950001,34.986366,95500.0,95500.0,0.05,0.129,38.91667,"November 02, 16",0.00129
0,2016-11-01,38.049999,39.450001,37.950001,39.150002,35.166016,98900.0,98900.0,1.1,2.891,38.85,"November 01, 16",0.02891
0,2016-10-31,37.599998,38.150002,37.099998,38.049999,34.177952,107600.0,107600.0,0.45,1.197,37.76667,"October 31, 16",0.01197
0,2016-10-28,37.75,38.099998,37.25,37.349998,33.549179,41300.0,41300.0,-0.4,-1.06,37.56667,"October 28, 16",-0.0106
0,2016-10-27,38.0,38.049999,37.349998,37.75,33.908489,45400.0,45400.0,-0.25,-0.658,37.71667,"October 27, 16",-0.00658
0,2016-10-26,38.049999,38.349998,37.549999,37.650002,33.818661,59000.0,59000.0,-0.4,-1.051,37.85,"October 26, 16",-0.01051
0,2016-10-25,38.049999,38.700001,38.049999,38.349998,34.447433,86800.0,86800.0,0.3,0.788,38.36667,"October 25, 16",0.00788
0,2016-10-24,37.25,38.349998,37.0,38.299999,34.402508,77900.0,77900.0,1.05,2.819,37.88333,"October 24, 16",0.02819
0,2016-10-21,36.75,37.200001,36.400002,37.049999,33.279713,36200.0,36200.0,0.3,0.816,36.88333,"October 21, 16",0.00816
0,2016-10-20,36.700001,37.150002,36.599998,36.950001,33.189884,54600.0,54600.0,0.25,0.681,36.9,"October 20, 16",0.00681
0,2016-10-19,36.200001,36.950001,35.799999,36.799999,33.055153,90000.0,90000.0,0.6,1.657,36.51667,"October 19, 16",0.01657
0,2016-10-18,36.650002,36.650002,35.900002,36.049999,32.381481,68200.0,68200.0,-0.6,-1.637,36.2,"October 18, 16",-0.01637
0,2016-10-17,36.549999,36.849998,36.150002,36.200001,32.516209,63200.0,63200.0,-0.35,-0.958,36.4,"October 17, 16",-0.00958
0,2016-10-14,37.25,37.279999,36.349998,36.700001,32.965336,92500.0,92500.0,-0.55,-1.477,36.77667,"October 14, 16",-0.01477
0,2016-10-13,37.049999,37.450001,36.700001,37.150002,33.369541,86500.0,86500.0,0.1,0.27,37.1,"October 13, 16",0.0027
0,2016-10-12,37.450001,37.950001,37.0,37.400002,33.594093,61200.0,61200.0,-0.05,-0.134,37.45,"October 12, 16",-0.00134
0,2016-10-11,37.099998,37.5,36.5,37.450001,33.639011,90300.0,90300.0,0.35,0.943,37.15,"October 11, 16",0.00943
0,2016-10-10,35.900002,37.299999,35.849998,37.25,33.459362,85500.0,85500.0,1.35,3.76,36.8,"October 10, 16",0.0376
0,2016-10-07,36.18,36.23,35.389999,35.790001,32.147938,70200.0,70200.0,-0.39,-1.078,35.80333,"October 07, 16",-0.01078
0,2016-10-06,35.580002,36.32,35.580002,36.150002,32.471298,55800.0,55800.0,0.57,1.602,36.01667,"October 06, 16",0.01602
0,2016-10-05,36.029999,36.029999,35.52,35.689999,32.058117,122400.0,122400.0,-0.34,-0.944,35.74667,"October 05, 16",-0.00944
0,2016-10-04,35.75,36.23,35.59,35.759998,32.120983,56300.0,56300.0,0.01,0.028,35.86,"October 04, 16",0.00028
0,2016-10-03,36.02,36.189999,35.599998,35.779999,32.138954,121200.0,121200.0,-0.24,-0.666,35.85667,"October 03, 16",-0.00666
0,2016-09-30,35.0,36.48,34.98,36.18,32.498249,155100.0,155100.0,1.18,3.371,35.88,"September 30, 16",0.03371
0,2016-09-29,34.98,35.220001,34.509998,34.880001,31.330542,102400.0,102400.0,-0.1,-0.286,34.87,"September 29, 16",-0.00286
0,2016-09-28,34.990002,35.759998,34.650002,35.16,31.442818,119100.0,119100.0,0.17,0.486,35.19,"September 28, 16",0.00486
0,2016-09-27,34.68,35.529999,34.610001,35.009998,31.308674,199100.0,199100.0,0.33,0.952,35.05,"September 27, 16",0.00952
0,2016-09-26,35.43,36.950001,34.25,34.790001,31.11194,647100.0,647100.0,-0.64,-1.806,35.33,"September 26, 16",-0.01806
0,2016-09-23,34.849998,35.07,34.48,34.740002,31.067215,79000.0,79000.0,-0.11,-0.316,34.76333,"September 23, 16",-0.00316
0,2016-09-22,34.98,35.009998,34.310001,34.959999,31.263968,106200.0,106200.0,-0.02,-0.057,34.76,"September 22, 16",-0.00057
0,2016-09-21,34.540001,35.73,34.130001,34.720001,31.049332,146200.0,146200.0,0.18,0.521,34.86,"September 21, 16",0.00521
0,2016-09-20,35.110001,35.18,34.240002,34.400002,30.763168,90100.0,90100.0,-0.71,-2.022,34.60667,"September 20, 16",-0.02022
0,2016-09-19,35.32,35.43,34.720001,34.900002,31.21031,159900.0,159900.0,-0.42,-1.189,35.01667,"September 19, 16",-0.01189
0,2016-09-16,35.93,36.009998,35.0,35.200001,31.478592,177700.0,177700.0,-0.73,-2.032,35.40333,"September 16, 16",-0.02032
0,2016-09-15,35.25,35.810001,35.110001,35.790001,32.006218,115900.0,115900.0,0.54,1.532,35.57,"September 15, 16",0.01532
0,2016-09-14,34.849998,35.330002,34.68,35.099998,31.38917,76900.0,76900.0,0.25,0.717,35.03667,"September 14, 16",0.00717
0,2016-09-13,35.16,35.52,34.540001,34.759998,31.085112,105500.0,105500.0,-0.4,-1.138,34.94,"September 13, 16",-0.01138
0,2016-09-12,35.599998,35.91,34.77,35.43,31.684275,127900.0,127900.0,-0.17,-0.478,35.37,"September 12, 16",-0.00478
0,2016-09-09,36.66,36.66,35.709999,35.740002,31.961493,112900.0,112900.0,-0.92,-2.51,36.03667,"September 09, 16",-0.0251
0,2016-09-08,37.66,37.66,36.799999,36.880001,32.980976,93400.0,93400.0,-0.78,-2.071,37.11333,"September 08, 16",-0.02071
0,2016-09-07,37.709999,38.029999,37.009998,37.779999,33.785828,117500.0,117500.0,0.07,0.186,37.60667,"September 07, 16",0.00186
0,2016-09-06,38.330002,38.330002,37.529999,37.720001,33.73217,68100.0,68100.0,-0.61,-1.591,37.86,"September 06, 16",-0.01591
0,2016-09-02,36.860001,38.48,36.810001,38.299999,34.250847,78300.0,78300.0,1.44,3.907,37.86333,"September 02, 16",0.03907
0,2016-09-01,36.880001,36.950001,36.400002,36.779999,32.891541,81900.0,81900.0,-0.1,-0.271,36.71,"September 01, 16",-0.00271
0,2016-08-31,36.59,37.040001,36.349998,36.950001,33.043568,122900.0,122900.0,0.36,0.984,36.78,"August 31, 16",0.00984
0,2016-08-30,36.380001,37.209999,36.380001,36.630001,32.757408,82800.0,82800.0,0.25,0.687,36.74,"August 30, 16",0.00687
0,2016-08-29,36.099998,36.48,35.799999,36.389999,32.542786,61000.0,61000.0,0.29,0.803,36.22333,"August 29, 16",0.00803
0,2016-08-26,36.48,36.860001,35.869999,36.139999,32.319214,68800.0,68800.0,-0.34,-0.932,36.29,"August 26, 16",-0.00932
0,2016-08-25,36.040001,36.900002,36.0,36.380001,32.533836,49700.0,49700.0,0.34,0.943,36.42667,"August 25, 16",0.00943
0,2016-08-24,36.5,36.66,36.099998,36.220001,32.390759,61000.0,61000.0,-0.28,-0.767,36.32667,"August 24, 16",-0.00767
0,2016-08-23,36.130001,36.990002,36.130001,36.529999,32.667969,57500.0,57500.0,0.4,1.107,36.55,"August 23, 16",0.01107
0,2016-08-22,35.810001,36.369999,35.34,36.119999,32.301327,47000.0,47000.0,0.31,0.866,35.94333,"August 22, 16",0.00866
0,2016-08-19,35.610001,36.27,35.34,35.950001,32.1493,77200.0,77200.0,0.34,0.955,35.85333,"August 19, 16",0.00955
0,2016-08-18,35.669998,35.990002,35.549999,35.82,32.033043,48800.0,48800.0,0.15,0.421,35.78667,"August 18, 16",0.00421
0,2016-08-17,35.790001,36.009998,35.43,35.68,31.907846,84400.0,84400.0,-0.11,-0.307,35.70667,"August 17, 16",-0.00307
0,2016-08-16,36.310001,36.310001,35.77,35.830002,32.041985,103000.0,103000.0,-0.48,-1.322,35.97,"August 16, 16",-0.01322
0,2016-08-15,36.720001,36.77,36.07,36.360001,32.515945,154100.0,154100.0,-0.36,-0.98,36.4,"August 15, 16",-0.0098
0,2016-08-12,36.73,37.400002,36.459999,37.32,33.37447,52700.0,52700.0,0.59,1.606,37.06,"August 12, 16",0.01606
0,2016-08-11,37.060001,37.259998,36.650002,36.810001,32.918381,59600.0,59600.0,-0.25,-0.675,36.90667,"August 11, 16",-0.00675
0,2016-08-10,37.119999,37.23,36.540001,36.98,33.070412,63200.0,63200.0,-0.14,-0.377,36.91667,"August 10, 16",-0.00377
0,2016-08-09,37.470001,37.48,36.889999,36.990002,33.079353,110300.0,110300.0,-0.48,-1.281,37.12,"August 09, 16",-0.01281
0,2016-08-08,37.75,38.349998,37.450001,37.5,33.535427,109200.0,109200.0,-0.25,-0.662,37.76667,"August 08, 16",-0.00662
0,2016-08-05,36.330002,37.970001,36.209999,37.549999,33.580143,156400.0,156400.0,1.22,3.358,37.24333,"August 05, 16",0.03358
0,2016-08-04,35.02,37.34,35.009998,36.299999,32.462299,150100.0,150100.0,1.28,3.655,36.21667,"August 04, 16",0.03655
0,2016-08-03,35.98,36.459999,35.73,36.220001,32.390759,114100.0,114100.0,0.24,0.667,36.13667,"August 03, 16",0.00667
0,2016-08-02,36.48,36.700001,35.549999,35.91,32.113525,82000.0,82000.0,-0.57,-1.563,36.05333,"August 02, 16",-0.01563
0,2016-08-01,36.759998,36.779999,35.810001,36.360001,32.515945,131800.0,131800.0,-0.4,-1.088,36.31667,"August 01, 16",-0.01088
0,2016-07-29,37.119999,37.599998,36.75,36.98,33.070412,111700.0,111700.0,-0.14,-0.377,37.11,"July 29, 16",-0.00377
0,2016-07-28,37.369999,37.41,36.630001,37.240002,33.302921,47500.0,47500.0,-0.13,-0.348,37.09333,"July 28, 16",-0.00348
0,2016-07-27,37.02,37.41,36.779999,37.34,33.392345,68800.0,68800.0,0.32,0.864,37.17667,"July 27, 16",0.00864
0,2016-07-26,36.290001,37.130001,36.290001,37.0,33.088291,61200.0,61200.0,0.71,1.956,36.80667,"July 26, 16",0.01956
0,2016-07-25,36.75,37.150002,36.34,36.59,32.721634,81600.0,81600.0,-0.16,-0.435,36.69333,"July 25, 16",-0.00435
0,2016-07-22,35.919998,36.75,35.650002,36.700001,32.820011,81200.0,81200.0,0.78,2.171,36.36667,"July 22, 16",0.02171
0,2016-07-21,36.330002,36.330002,34.689999,35.779999,31.997272,93100.0,93100.0,-0.55,-1.514,35.6,"July 21, 16",-0.01514
0,2016-07-20,36.400002,36.75,36.07,36.349998,32.507,128600.0,128600.0,-0.05,-0.137,36.39,"July 20, 16",-0.00137
0,2016-07-19,36.669998,36.959999,36.040001,36.27,32.435467,139400.0,139400.0,-0.4,-1.091,36.42333,"July 19, 16",-0.01091
0,2016-07-18,37.09,37.470001,36.43,36.880001,32.980976,102200.0,102200.0,-0.21,-0.566,36.92667,"July 18, 16",-0.00566
0,2016-07-15,37.330002,37.619999,35.310001,37.029999,33.11512,107700.0,107700.0,-0.3,-0.804,36.65333,"July 15, 16",-0.00804
0,2016-07-14,36.970001,37.349998,36.709999,37.040001,33.124065,127100.0,127100.0,0.07,0.189,37.03333,"July 14, 16",0.00189
0,2016-07-13,36.68,36.900002,36.310001,36.599998,32.730576,202300.0,202300.0,-0.08,-0.218,36.60333,"July 13, 16",-0.00218
0,2016-07-12,36.790001,37.0,36.310001,36.529999,32.667969,144800.0,144800.0,-0.26,-0.707,36.61333,"July 12, 16",-0.00707
0,2016-07-11,35.849998,36.720001,35.709999,36.619999,32.748466,60500.0,60500.0,0.77,2.148,36.35,"July 11, 16",0.02148
0,2016-07-08,35.330002,35.98,35.16,35.779999,31.997272,136900.0,136900.0,0.45,1.274,35.64,"July 08, 16",0.01274
0,2016-07-07,35.110001,35.66,34.459999,34.93,31.237131,60800.0,60800.0,-0.18,-0.513,35.01667,"July 07, 16",-0.00513
0,2016-07-06,34.599998,35.349998,34.310001,35.009998,31.308674,74900.0,74900.0,0.41,1.185,34.89,"July 06, 16",0.01185
0,2016-07-05,35.720001,36.220001,34.52,34.700001,31.031452,100600.0,100600.0,-1.02,-2.856,35.14667,"July 05, 16",-0.02856
0,2016-07-01,35.560001,36.119999,35.439999,36.0,32.194016,92300.0,92300.0,0.44,1.237,35.85333,"July 01, 16",0.01237
0,2016-06-30,34.639999,35.57,32.349998,35.540001,31.782644,166800.0,166800.0,0.9,2.598,34.48667,"June 30, 16",0.02598
0,2016-06-29,34.360001,34.75,34.130001,34.650002,30.986742,87300.0,87300.0,0.29,0.844,34.51,"June 29, 16",0.00844
0,2016-06-28,33.790001,34.310001,33.66,34.09,30.347334,68400.0,68400.0,0.3,0.888,34.02,"June 28, 16",0.00888
0,2016-06-27,33.470001,33.610001,32.529999,33.349998,29.68857,174700.0,174700.0,-0.12,-0.359,33.16333,"June 27, 16",-0.00359
0,2016-06-24,34.150002,35.290001,33.689999,34.110001,30.365133,250300.0,250300.0,-0.04,-0.117,34.36333,"June 24, 16",-0.00117
0,2016-06-23,35.099998,36.139999,34.84,35.639999,31.727158,122800.0,122800.0,0.54,1.538,35.54,"June 23, 16",0.01538
0,2016-06-22,34.459999,34.990002,34.240002,34.790001,30.970476,85500.0,85500.0,0.33,0.958,34.67334,"June 22, 16",0.00958
0,2016-06-21,34.32,34.560001,33.560001,34.450001,30.667809,94500.0,94500.0,0.13,0.379,34.19,"June 21, 16",0.00379
0,2016-06-20,34.860001,34.93,34.189999,34.450001,30.667809,109800.0,109800.0,-0.41,-1.176,34.52333,"June 20, 16",-0.01176
0,2016-06-17,33.34,34.57,33.130001,34.41,30.632202,378500.0,378500.0,1.07,3.209,34.03667,"June 17, 16",0.03209
0,2016-06-16,32.650002,33.290001,32.09,33.23,29.581751,123100.0,123100.0,0.58,1.776,32.87,"June 16, 16",0.01776
0,2016-06-15,32.720001,33.099998,32.470001,32.849998,29.243465,146000.0,146000.0,0.13,0.397,32.80667,"June 15, 16",0.00397
0,2016-06-14,32.700001,32.73,31.870001,32.639999,29.056517,125300.0,125300.0,-0.06,-0.183,32.41333,"June 14, 16",-0.00183
0,2016-06-13,33.139999,33.240002,32.34,32.709999,29.118835,372300.0,372300.0,-0.43,-1.298,32.76333,"June 13, 16",-0.01298
0,2016-06-10,34.0,34.41,32.919998,33.23,29.581751,221600.0,221600.0,-0.77,-2.265,33.52,"June 10, 16",-0.02265
0,2016-06-09,34.380001,34.700001,34.130001,34.360001,30.587687,260800.0,260800.0,-0.02,-0.058,34.39667,"June 09, 16",-0.00058
0,2016-06-08,35.889999,35.889999,34.549999,34.57,30.774626,290600.0,290600.0,-1.32,-3.678,35.00333,"June 08, 16",-0.03678
0,2016-06-07,36.27,36.5,35.709999,35.82,31.887392,136900.0,136900.0,-0.45,-1.241,36.01,"June 07, 16",-0.01241
0,2016-06-06,36.439999,36.529999,36.220001,36.389999,32.394817,203800.0,203800.0,-0.05,-0.137,36.38,"June 06, 16",-0.00137
0,2016-06-03,36.5,36.5,35.700001,36.32,32.332504,152300.0,152300.0,-0.18,-0.493,36.17333,"June 03, 16",-0.00493
0,2016-06-02,36.34,36.470001,36.049999,36.360001,32.368114,112800.0,112800.0,0.02,0.055,36.29333,"June 02, 16",0.00055
0,2016-06-01,35.360001,36.790001,35.240002,36.43,32.430428,290500.0,290500.0,1.07,3.026,36.15333,"June 01, 16",0.03026
0,2016-05-31,36.5,36.5,35.16,35.779999,31.851784,160500.0,160500.0,-0.72,-1.973,35.81333,"May 31, 16",-0.01973
0,2016-05-27,36.349998,36.689999,36.169998,36.459999,32.457134,136500.0,136500.0,0.11,0.303,36.44,"May 27, 16",0.00303
0,2016-05-26,36.380001,36.75,36.0,36.290001,32.305794,140300.0,140300.0,-0.09,-0.247,36.34667,"May 26, 16",-0.00247
0,2016-05-25,36.07,36.84,35.130001,36.349998,32.359203,172900.0,172900.0,0.28,0.776,36.10667,"May 25, 16",0.00776
0,2016-05-24,35.880001,36.330002,34.98,36.060001,32.101048,349600.0,349600.0,0.18,0.502,35.79,"May 24, 16",0.00502
0,2016-05-23,34.0,35.93,34.0,35.389999,31.504599,479400.0,479400.0,1.39,4.088,35.10667,"May 23, 16",0.04088
0,2016-05-20,33.700001,34.290001,32.509998,34.220001,30.463055,428500.0,428500.0,0.52,1.543,33.67333,"May 20, 16",0.01543
0,2016-05-19,31.870001,33.689999,31.549999,33.439999,29.768694,534800.0,534800.0,1.57,4.926,32.89333,"May 19, 16",0.04926
0,2016-05-18,32.709999,35.299999,32.029999,32.07,28.549099,2322200.0,2322200.0,-0.64,-1.957,33.13333,"May 18, 16",-0.01957
0,2016-05-17,26.559999,26.799999,25.780001,25.940001,23.0921,349200.0,349200.0,-0.62,-2.334,26.17333,"May 17, 16",-0.02334
0,2016-05-16,26.52,27.16,26.290001,26.530001,23.617323,153600.0,153600.0,0.01,0.038,26.66,"May 16, 16",0.00038
0,2016-05-13,27.139999,27.440001,26.200001,26.299999,23.412577,162900.0,162900.0,-0.84,-3.095,26.64667,"May 13, 16",-0.03095
0,2016-05-12,27.299999,27.549999,26.93,27.26,24.267179,204200.0,204200.0,-0.04,-0.147,27.24667,"May 12, 16",-0.00147
0,2016-05-11,27.129999,28.0,26.99,27.08,24.106941,291300.0,291300.0,-0.05,-0.184,27.35667,"May 11, 16",-0.00184
0,2016-05-10,26.690001,27.379999,26.629999,27.18,24.195961,266600.0,266600.0,0.49,1.836,27.06333,"May 10, 16",0.01836
0,2016-05-09,29.07,29.07,26.620001,26.67,23.741957,474000.0,474000.0,-2.4,-8.256,27.45333,"May 09, 16",-0.08256
0,2016-05-06,28.219999,30.120001,28.219999,29.35,26.127726,293100.0,293100.0,1.13,4.004,29.23,"May 06, 16",0.04004
0,2016-05-05,29.799999,29.799999,27.49,28.51,25.379946,722500.0,722500.0,-1.29,-4.329,28.6,"May 05, 16",-0.04329
0,2016-05-04,31.74,32.66,31.58,31.66,28.184114,137500.0,137500.0,-0.08,-0.252,31.96667,"May 04, 16",-0.00252
0,2016-05-03,33.27,33.66,31.99,32.130001,28.60251,135000.0,135000.0,-1.14,-3.427,32.59333,"May 03, 16",-0.03427
0,2016-05-02,33.73,33.75,33.16,33.669998,29.973436,114200.0,114200.0,-0.06,-0.178,33.52667,"May 02, 16",-0.00178
0,2016-04-29,33.07,33.790001,33.07,33.509998,29.831005,133400.0,133400.0,0.44,1.331,33.45667,"April 29, 16",0.01331
0,2016-04-28,33.049999,33.790001,32.970001,33.16,29.51943,195300.0,195300.0,0.11,0.333,33.30667,"April 28, 16",0.00333
0,2016-04-27,33.279999,33.580002,32.990002,33.200001,29.555044,134400.0,134400.0,-0.08,-0.24,33.25667,"April 27, 16",-0.0024
0,2016-04-26,33.0,33.34,32.799999,33.330002,29.670767,354400.0,354400.0,0.33,1.0,33.15667,"April 26, 16",0.01
0,2016-04-25,33.689999,33.689999,32.66,32.93,29.314686,125100.0,125100.0,-0.76,-2.256,33.09333,"April 25, 16",-0.02256
0,2016-04-22,33.09,33.830002,33.09,33.830002,30.115877,138200.0,138200.0,0.74,2.236,33.58333,"April 22, 16",0.02236
0,2016-04-21,33.299999,33.490002,32.91,32.959999,29.341391,130900.0,130900.0,-0.34,-1.021,33.12,"April 21, 16",-0.01021
0,2016-04-20,33.0,33.459999,32.799999,33.150002,29.510532,149900.0,149900.0,0.15,0.455,33.13667,"April 20, 16",0.00455
0,2016-04-19,32.700001,33.240002,32.700001,33.099998,29.466017,148200.0,148200.0,0.4,1.223,33.01333,"April 19, 16",0.01223
0,2016-04-18,31.98,32.709999,31.68,32.470001,28.90519,68900.0,68900.0,0.49,1.532,32.28667,"April 18, 16",0.01532
0,2016-04-15,31.719999,33.029999,31.530001,32.27,28.727146,82000.0,82000.0,0.55,1.734,32.27667,"April 15, 16",0.01734
0,2016-04-14,33.52,33.52,31.700001,31.9,28.397764,169700.0,169700.0,-1.62,-4.833,32.37333,"April 14, 16",-0.04833
0,2016-04-13,31.469999,33.470001,31.440001,33.450001,29.777601,231400.0,231400.0,1.98,6.292,32.78667,"April 13, 16",0.06292
0,2016-04-12,31.01,31.49,30.68,31.34,27.899246,117700.0,117700.0,0.33,1.064,31.17,"April 12, 16",0.01064
0,2016-04-11,31.08,31.74,31.0,31.059999,27.649982,113800.0,113800.0,-0.02,-0.064,31.26667,"April 11, 16",-0.00064
0,2016-04-08,29.950001,30.950001,29.76,30.9,27.507553,126200.0,126200.0,0.95,3.172,30.53667,"April 08, 16",0.03172
0,2016-04-07,30.15,30.469999,29.48,29.59,26.341372,158600.0,158600.0,-0.56,-1.857,29.84667,"April 07, 16",-0.01857
0,2016-04-06,30.02,30.4,29.59,30.360001,27.026838,101400.0,101400.0,0.34,1.133,30.11667,"April 06, 16",0.01133
0,2016-04-05,29.82,30.41,29.549999,29.98,26.68856,137900.0,137900.0,0.16,0.537,29.98,"April 05, 16",0.00537
0,2016-04-04,31.719999,31.75,30.17,30.200001,26.884405,101500.0,101500.0,-1.52,-4.792,30.70667,"April 04, 16",-0.04792
0,2016-04-01,31.309999,31.74,30.84,31.67,28.193012,182800.0,182800.0,0.36,1.15,31.41667,"April 01, 16",0.0115
0,2016-03-31,31.02,31.530001,29.950001,31.41,27.961557,173600.0,173600.0,0.39,1.257,30.96333,"March 31, 16",0.01257
0,2016-03-30,31.27,31.32,30.879999,31.09,27.676693,148900.0,148900.0,-0.18,-0.576,31.09667,"March 30, 16",-0.00576
0,2016-03-29,29.92,31.09,28.77,31.08,27.52981,174900.0,174900.0,1.16,3.877,30.31333,"March 29, 16",0.03877
0,2016-03-28,29.77,30.540001,29.620001,30.129999,26.688324,122100.0,122100.0,0.36,1.209,30.09667,"March 28, 16",0.01209
0,2016-03-24,29.18,29.59,28.65,29.58,26.201147,144700.0,144700.0,0.4,1.371,29.27333,"March 24, 16",0.01371
0,2016-03-23,30.299999,30.299999,29.440001,29.469999,26.103714,209600.0,209600.0,-0.83,-2.739,29.73667,"March 23, 16",-0.02739
0,2016-03-22,31.290001,31.299999,30.27,30.5,27.01606,164400.0,164400.0,-0.79,-2.525,30.69,"March 22, 16",-0.02525
0,2016-03-21,30.67,31.610001,30.389999,31.530001,27.928404,180800.0,180800.0,0.86,2.804,31.17667,"March 21, 16",0.02804
0,2016-03-18,31.030001,31.73,30.59,30.610001,27.113497,400300.0,400300.0,-0.42,-1.354,30.97667,"March 18, 16",-0.01354
0,2016-03-17,30.0,30.98,29.799999,30.780001,27.26408,262700.0,262700.0,0.78,2.6,30.52,"March 17, 16",0.026
0,2016-03-16,29.309999,30.25,28.629999,29.92,26.502312,96000.0,96000.0,0.61,2.081,29.6,"March 16, 16",0.02081
0,2016-03-15,29.469999,30.030001,28.950001,29.309999,25.96199,99700.0,99700.0,-0.16,-0.543,29.43,"March 15, 16",-0.00543
0,2016-03-14,30.209999,30.610001,29.58,29.83,26.422596,102800.0,102800.0,-0.38,-1.258,30.00667,"March 14, 16",-0.01258
0,2016-03-11,29.74,30.469999,29.74,30.41,26.936338,134400.0,134400.0,0.67,2.253,30.20667,"March 11, 16",0.02253
0,2016-03-10,30.25,30.690001,28.860001,29.41,26.05057,105700.0,105700.0,-0.84,-2.777,29.65333,"March 10, 16",-0.02777
0,2016-03-09,30.15,31.08,29.99,30.25,26.794613,98200.0,98200.0,0.1,0.332,30.44,"March 09, 16",0.00332
0,2016-03-08,32.0,32.0,29.82,29.889999,26.475735,205100.0,205100.0,-2.11,-6.594,30.57,"March 08, 16",-0.06594
0,2016-03-07,30.17,32.240002,29.940001,32.240002,28.557304,259500.0,259500.0,2.07,6.861,31.47334,"March 07, 16",0.06861
0,2016-03-04,29.9,30.83,29.639999,30.24,26.785759,270800.0,270800.0,0.34,1.137,30.23667,"March 04, 16",0.01137
0,2016-03-03,27.889999,29.57,27.889999,29.57,26.192293,172000.0,172000.0,1.68,6.024,29.01,"March 03, 16",0.06024
0,2016-03-02,27.540001,27.93,27.379999,27.91,24.72191,150600.0,150600.0,0.37,1.344,27.74,"March 02, 16",0.01344
0,2016-03-01,27.120001,27.82,26.83,27.540001,24.394175,129600.0,129600.0,0.42,1.549,27.39667,"March 01, 16",0.01549
0,2016-02-29,26.700001,27.85,26.700001,26.85,23.782988,169700.0,169700.0,0.15,0.562,27.13333,"February 29, 16",0.00562
0,2016-02-26,26.190001,27.16,26.049999,26.629999,23.58812,142300.0,142300.0,0.44,1.68,26.61333,"February 26, 16",0.0168
0,2016-02-25,26.5,26.5,25.639999,26.280001,23.278101,173800.0,173800.0,-0.22,-0.83,26.14,"February 25, 16",-0.0083
0,2016-02-24,25.5,26.76,25.32,26.620001,23.57926,136000.0,136000.0,1.12,4.392,26.23333,"February 24, 16",0.04392
0,2016-02-23,26.34,26.73,25.35,25.83,22.879503,209100.0,209100.0,-0.51,-1.936,25.97,"February 23, 16",-0.01936
0,2016-02-22,26.58,26.93,26.26,26.379999,23.36668,210100.0,210100.0,-0.2,-0.752,26.52333,"February 22, 16",-0.00752
0,2016-02-19,26.85,27.57,26.07,26.459999,23.437538,174500.0,174500.0,-0.39,-1.453,26.7,"February 19, 16",-0.01453
0,2016-02-18,26.889999,27.610001,26.309999,26.950001,23.871571,158900.0,158900.0,0.06,0.223,26.95667,"February 18, 16",0.00223
0,2016-02-17,26.030001,27.49,26.030001,26.73,23.676695,246200.0,246200.0,0.7,2.689,26.75,"February 17, 16",0.02689
0,2016-02-16,24.950001,26.35,24.690001,26.0,23.030087,218100.0,218100.0,1.05,4.208,25.68,"February 16, 16",0.04208
