,date,open,high,low,close,adjClose,volume,unadjustedVolume,change,changePercent,vwap,label,changeOverTime
0,2021-02-15,50.0,50.549999,49.049999,49.099998,49.099998,4072.0,4072.0,-0.9,-1.8,49.56667,"February 15, 21",-0.018
0,2021-02-12,51.299999,51.299999,48.150002,48.900002,48.900002,16728.0,16728.0,-2.4,-4.678,49.45,"February 12, 21",-0.04678
0,2021-02-11,52.599998,53.900002,50.299999,51.150002,51.150002,27893.0,27893.0,-1.45,-2.757,51.78333,"February 11, 21",-0.02757
0,2021-02-10,51.950001,52.5,48.5,52.5,52.5,51252.0,51252.0,0.55,1.059,51.16667,"February 10, 21",0.01059
0,2021-02-09,48.0,49.0,46.950001,47.75,47.75,8692.0,8692.0,-0.25,-0.521,47.9,"February 09, 21",-0.00521
0,2021-02-08,45.799999,49.0,45.799999,47.650002,47.650002,8086.0,8086.0,1.85,4.039,47.48333,"February 08, 21",0.04039
0,2021-02-05,47.75,48.349998,46.0,47.349998,47.349998,9413.0,9413.0,-0.4,-0.838,47.23333,"February 05, 21",-0.00838
0,2021-02-04,48.200001,48.650002,47.25,47.950001,47.950001,2585.0,2585.0,-0.25,-0.519,47.95,"February 04, 21",-0.00519
0,2021-02-03,48.450001,49.349998,46.849998,47.900002,47.900002,6651.0,6651.0,-0.55,-1.135,48.03333,"February 03, 21",-0.01135
0,2021-02-02,49.299999,49.5,47.5,48.5,48.5,2529.0,2529.0,-0.8,-1.623,48.5,"February 02, 21",-0.01623
0,2021-02-01,49.549999,49.549999,48.0,48.549999,48.549999,1439.0,1439.0,-1.0,-2.018,48.7,"February 01, 21",-0.02018
0,2021-01-29,50.849998,50.900002,47.900002,48.25,48.25,2382.0,2382.0,-2.6,-5.113,49.01667,"January 29, 21",-0.05113
0,2021-01-28,47.200001,49.099998,47.099998,48.900002,48.900002,2146.0,2146.0,1.7,3.602,48.36667,"January 28, 21",0.03602
0,2021-01-27,50.349998,50.349998,46.25,46.799999,46.799999,6383.0,6383.0,-3.55,-7.051,47.8,"January 27, 21",-0.07051
0,2021-01-25,47.950001,51.0,47.950001,48.25,48.25,5658.0,5658.0,0.3,0.626,49.06667,"January 25, 21",0.00626
0,2021-01-22,50.049999,51.599998,49.5,50.450001,50.450001,5670.0,5670.0,0.4,0.799,50.51667,"January 22, 21",0.00799
0,2021-01-21,49.549999,51.799999,49.549999,50.200001,50.200001,3599.0,3599.0,0.65,1.312,50.51667,"January 21, 21",0.01312
0,2021-01-20,48.150002,52.25,48.150002,51.849998,51.849998,9154.0,9154.0,3.7,7.684,50.75,"January 20, 21",0.07684
0,2021-01-19,49.400002,51.099998,47.349998,50.5,50.5,4896.0,4896.0,1.1,2.227,49.65,"January 19, 21",0.02227
0,2021-01-18,52.5,52.5,48.400002,49.400002,49.400002,7281.0,7281.0,-3.1,-5.905,50.1,"January 18, 21",-0.05905
0,2021-01-15,49.0,51.299999,47.049999,50.549999,50.549999,7705.0,7705.0,1.55,3.163,49.63333,"January 15, 21",0.03163
0,2021-01-14,51.200001,51.5,48.25,48.950001,48.950001,23780.0,23780.0,-2.25,-4.395,49.56667,"January 14, 21",-0.04395
0,2021-01-13,50.950001,52.0,50.099998,50.75,50.75,6658.0,6658.0,-0.2,-0.393,50.95,"January 13, 21",-0.00393
0,2021-01-12,52.849998,52.849998,50.25,51.349998,51.349998,8019.0,8019.0,-1.5,-2.838,51.48333,"January 12, 21",-0.02838
0,2021-01-11,52.650002,52.900002,52.150002,52.849998,52.849998,1773.0,1773.0,0.2,0.38,52.63333,"January 11, 21",0.0038
0,2021-01-08,52.650002,53.450001,52.25,52.299999,52.299999,7019.0,7019.0,-0.35,-0.665,52.66667,"January 08, 21",-0.00665
0,2021-01-07,53.0,53.049999,52.150002,52.599998,52.599998,14260.0,14260.0,-0.4,-0.755,52.6,"January 07, 21",-0.00755
0,2021-01-06,51.299999,52.700001,51.0,51.349998,51.349998,6348.0,6348.0,0.05,0.097,51.68333,"January 06, 21",0.00097
0,2021-01-05,52.75,52.799999,50.900002,52.099998,52.099998,17284.0,17284.0,-0.65,-1.232,51.93333,"January 05, 21",-0.01232
0,2021-01-04,53.5,54.150002,51.049999,51.799999,51.799999,19917.0,19917.0,-1.7,-3.178,52.33333,"January 04, 21",-0.03178
0,2021-01-01,53.0,53.75,51.700001,53.549999,53.549999,7726.0,7726.0,0.55,1.038,53.0,"January 01, 21",0.01038
0,2020-12-31,51.299999,52.950001,50.599998,52.049999,52.049999,1634.0,1634.0,0.75,1.462,51.86667,"December 31, 20",0.01462
0,2020-12-30,51.900002,52.5,50.799999,51.349998,51.349998,2919.0,2919.0,-0.55,-1.06,51.55,"December 30, 20",-0.0106
0,2020-12-29,52.950001,52.950001,51.400002,51.799999,51.799999,3600.0,3600.0,-1.15,-2.172,52.05,"December 29, 20",-0.02172
0,2020-12-28,51.200001,52.75,51.099998,52.0,52.0,3801.0,3801.0,0.8,1.562,51.95,"December 28, 20",0.01562
0,2020-12-24,53.0,54.950001,50.700001,51.25,51.25,7247.0,7247.0,-1.75,-3.302,52.3,"December 24, 20",-0.03302
0,2020-12-23,51.400002,52.950001,50.25,52.349998,52.349998,1967.0,1967.0,0.95,1.848,51.85,"December 23, 20",0.01848
0,2020-12-22,50.0,52.049999,49.700001,50.650002,50.650002,5688.0,5688.0,0.65,1.3,50.8,"December 22, 20",0.013
0,2020-12-21,53.400002,54.049999,51.099998,51.900002,51.900002,16107.0,16107.0,-1.5,-2.809,52.35,"December 21, 20",-0.02809
0,2020-12-18,54.950001,54.950001,53.099998,53.650002,53.650002,10403.0,10403.0,-1.3,-2.366,53.9,"December 18, 20",-0.02366
0,2020-12-17,53.549999,55.0,53.5,54.200001,54.200001,8233.0,8233.0,0.65,1.214,54.23333,"December 17, 20",0.01214
0,2020-12-16,54.450001,54.799999,53.25,53.650002,53.650002,13636.0,13636.0,-0.8,-1.469,53.9,"December 16, 20",-0.01469
0,2020-12-15,52.849998,54.950001,52.400002,53.650002,53.650002,4555.0,4555.0,0.8,1.514,53.66667,"December 15, 20",0.01514
0,2020-12-14,53.200001,54.599998,53.0,54.0,54.0,4897.0,4897.0,0.8,1.504,53.86667,"December 14, 20",0.01504
0,2020-12-11,52.5,54.650002,52.5,53.549999,53.549999,8388.0,8388.0,1.05,2.0,53.56667,"December 11, 20",0.02
0,2020-12-10,54.700001,54.900002,53.200001,53.400002,53.400002,3868.0,3868.0,-1.3,-2.377,53.83334,"December 10, 20",-0.02377
0,2020-12-09,54.049999,55.950001,53.049999,54.700001,54.700001,2913.0,2913.0,0.65,1.203,54.56667,"December 09, 20",0.01203
0,2020-12-08,53.950001,55.0,52.549999,54.349998,54.349998,6095.0,6095.0,0.4,0.741,53.96667,"December 08, 20",0.00741
0,2020-12-07,52.900002,55.0,52.349998,53.25,53.25,8004.0,8004.0,0.35,0.662,53.53333,"December 07, 20",0.00662
0,2020-12-04,54.950001,55.0,52.5,52.900002,52.900002,6404.0,6404.0,-2.05,-3.731,53.46667,"December 04, 20",-0.03731
0,2020-12-03,56.200001,57.0,52.400002,54.25,54.25,17066.0,17066.0,-1.95,-3.47,54.55,"December 03, 20",-0.0347
0,2020-12-02,54.200001,55.549999,53.200001,55.099998,55.099998,16360.0,16360.0,0.9,1.661,54.61667,"December 02, 20",0.01661
0,2020-12-01,56.950001,56.950001,52.549999,52.950001,52.950001,18779.0,18779.0,-4.0,-7.024,54.15,"December 01, 20",-0.07024
0,2020-11-27,54.0,56.0,52.599998,55.299999,55.299999,12859.0,12859.0,1.3,2.407,54.63333,"November 27, 20",0.02407
0,2020-11-26,55.150002,55.150002,52.049999,53.349998,53.349998,6777.0,6777.0,-1.8,-3.264,53.51667,"November 26, 20",-0.03264
0,2020-11-25,52.0,55.049999,50.700001,53.700001,53.700001,14430.0,14430.0,1.7,3.269,53.15,"November 25, 20",0.03269
0,2020-11-24,54.0,55.75,52.5,52.5,52.5,16497.0,16497.0,-1.5,-2.778,53.58333,"November 24, 20",-0.02778
0,2020-11-23,58.0,58.0,55.200001,55.25,55.25,20989.0,20989.0,-2.75,-4.741,56.15,"November 23, 20",-0.04741
0,2020-11-20,62.0,62.049999,58.099998,58.099998,58.099998,20817.0,20817.0,-3.9,-6.29,59.41667,"November 20, 20",-0.0629
0,2020-11-19,59.849998,62.400002,59.0,61.150002,61.150002,28843.0,28843.0,1.3,2.172,60.85,"November 19, 20",0.02172
0,2020-11-18,55.549999,59.950001,55.549999,59.950001,59.450001,32636.0,32636.0,4.4,7.921,58.48333,"November 18, 20",0.07921
0,2020-11-17,61.049999,61.049999,55.599998,57.099998,56.623768,67229.0,67229.0,-3.95,-6.47,57.91667,"November 17, 20",-0.0647
0,2020-11-13,61.0,65.699997,57.599998,63.25,62.722477,74980.0,74980.0,2.25,3.689,62.18333,"November 13, 20",0.03689
0,2020-11-12,66.400002,69.0,63.900002,63.900002,63.367058,50137.0,50137.0,-2.5,-3.765,65.6,"November 12, 20",-0.03765
0,2020-11-11,78.900002,78.900002,70.949997,70.949997,70.358253,121812.0,121812.0,-7.95001,-10.076,73.6,"November 11, 20",-0.10076
0,2020-11-10,79.800003,83.300003,74.0,78.800003,78.142784,211679.0,211679.0,-1.0,-1.253,78.7,"November 10, 20",-0.01253
0,2020-11-09,64.449997,75.75,64.349998,75.75,75.118225,246369.0,246369.0,11.3,17.533,71.95,"November 09, 20",0.17533
0,2020-11-06,60.200001,65.900002,59.0,63.150002,62.62331,187944.0,187944.0,2.95,4.9,62.68333,"November 06, 20",0.049
0,2020-11-05,54.599998,61.5,52.450001,60.0,59.49958,227242.0,227242.0,5.4,9.89,57.98333,"November 05, 20",0.0989
0,2020-11-04,53.450001,56.25,50.299999,52.849998,52.409214,72627.0,72627.0,-0.6,-1.123,53.13333,"November 04, 20",-0.01123
0,2020-11-03,54.950001,54.950001,51.200001,52.099998,51.66547,4974.0,4974.0,-2.85,-5.187,52.75,"November 03, 20",-0.05187
0,2020-11-02,54.5,54.5,51.0,53.700001,53.252125,13651.0,13651.0,-0.8,-1.468,53.06667,"November 02, 20",-0.01468
0,2020-10-30,52.950001,56.5,49.5,53.450001,53.004211,36145.0,36145.0,0.5,0.944,53.15,"October 30, 20",0.00944
0,2020-10-29,50.25,50.25,47.450001,49.0,48.591324,2094.0,2094.0,-1.25,-2.488,48.9,"October 29, 20",-0.02488
0,2020-10-28,52.5,54.349998,48.799999,50.25,49.830898,11992.0,11992.0,-2.25,-4.286,51.13333,"October 28, 20",-0.04286
0,2020-10-27,56.5,56.5,51.25,53.049999,52.607548,11039.0,11039.0,-3.45,-6.106,53.6,"October 27, 20",-0.06106
0,2020-10-26,55.5,55.950001,53.349998,55.099998,54.64045,12709.0,12709.0,-0.4,-0.721,54.8,"October 26, 20",-0.00721
0,2020-10-23,53.549999,56.900002,51.349998,54.700001,54.243786,107405.0,107405.0,1.15,2.148,54.31667,"October 23, 20",0.02148
0,2020-10-22,48.25,57.799999,45.349998,55.150002,54.690033,167956.0,167956.0,6.9,14.301,52.76667,"October 22, 20",0.14301
0,2020-10-21,53.099998,56.0,47.299999,49.0,48.591324,123728.0,123728.0,-4.1,-7.721,50.76667,"October 21, 20",-0.07721
0,2020-10-20,44.799999,52.25,44.200001,52.25,52.25,132238.0,132238.0,7.45,16.629,49.56667,"October 20, 20",0.16629
0,2020-10-19,41.349998,44.900002,41.349998,43.549999,43.549999,7882.0,7882.0,2.2,5.32,43.26667,"October 19, 20",0.0532
0,2020-10-16,42.900002,43.049999,41.549999,41.650002,41.650002,3693.0,3693.0,-1.25,-2.914,42.08333,"October 16, 20",-0.02914
0,2020-10-15,43.75,43.799999,41.450001,42.549999,42.549999,6441.0,6441.0,-1.2,-2.743,42.6,"October 15, 20",-0.02743
0,2020-10-14,42.150002,43.849998,40.599998,42.950001,42.950001,5255.0,5255.0,0.8,1.898,42.46667,"October 14, 20",0.01898
0,2020-10-13,41.450001,44.049999,39.549999,42.150002,42.150002,20048.0,20048.0,0.7,1.689,41.91667,"October 13, 20",0.01689
0,2020-10-12,41.700001,44.5,39.349998,40.650002,40.650002,6429.0,6429.0,-1.05,-2.518,41.5,"October 12, 20",-0.02518
0,2020-10-09,42.5,44.799999,39.150002,41.650002,41.650002,9240.0,9240.0,-0.85,-2.0,41.86667,"October 09, 20",-0.02
0,2020-10-08,44.5,45.450001,42.0,42.450001,42.450001,8388.0,8388.0,-2.05,-4.607,43.3,"October 08, 20",-0.04607
0,2020-10-07,45.099998,45.349998,43.5,44.049999,44.049999,7568.0,7568.0,-1.05,-2.328,44.3,"October 07, 20",-0.02328
0,2020-10-06,45.599998,47.0,43.299999,45.700001,45.700001,13849.0,13849.0,0.1,0.219,45.33333,"October 06, 20",0.00219
0,2020-10-05,47.650002,47.950001,44.099998,45.900002,45.900002,20414.0,20414.0,-1.75,-3.673,45.98333,"October 05, 20",-0.03673
0,2020-10-01,50.849998,52.0,44.900002,47.650002,47.650002,58952.0,58952.0,-3.2,-6.293,48.18333,"October 01, 20",-0.06293
0,2020-09-30,53.549999,54.0,48.700001,51.599998,51.599998,64283.0,64283.0,-1.95,-3.641,51.43333,"September 30, 20",-0.03641
0,2020-09-29,54.0,60.849998,53.099998,54.450001,54.450001,514836.0,514836.0,0.45,0.833,56.13333,"September 29, 20",0.00833
0,2020-09-28,43.450001,51.150002,41.849998,51.150002,51.150002,92804.0,92804.0,7.7,17.722,48.05,"September 28, 20",0.17722
0,2020-09-25,42.0,43.0,41.599998,42.650002,42.650002,3149.0,3149.0,0.65,1.548,42.41667,"September 25, 20",0.01548
0,2020-09-24,43.400002,43.400002,39.650002,41.549999,41.549999,4809.0,4809.0,-1.85,-4.263,41.53333,"September 24, 20",-0.04263
0,2020-09-23,43.400002,43.400002,41.599998,42.849998,42.849998,5681.0,5681.0,-0.55,-1.267,42.61667,"September 23, 20",-0.01267
0,2020-09-22,41.549999,43.0,38.0,41.549999,41.549999,14338.0,14338.0,0.0,0.0,40.85,"September 22, 20",0.0
0,2020-09-21,44.5,44.5,41.5,41.900002,41.900002,3053.0,3053.0,-2.6,-5.843,42.63333,"September 21, 20",-0.05843
0,2020-09-18,42.950001,43.700001,42.0,42.75,42.75,9744.0,9744.0,-0.2,-0.466,42.81667,"September 18, 20",-0.00466
0,2020-09-17,41.75,43.700001,41.5,42.700001,42.700001,11269.0,11269.0,0.95,2.275,42.63333,"September 17, 20",0.02275
0,2020-09-16,42.950001,43.299999,41.549999,41.950001,41.950001,7111.0,7111.0,-1.0,-2.328,42.26667,"September 16, 20",-0.02328
0,2020-09-15,43.0,43.849998,40.299999,42.700001,42.700001,8914.0,8914.0,-0.3,-0.698,42.28333,"September 15, 20",-0.00698
0,2020-09-14,40.950001,43.0,40.950001,42.599998,42.599998,13659.0,13659.0,1.65,4.029,42.18333,"September 14, 20",0.04029
0,2020-09-11,42.049999,43.0,41.349998,42.0,42.0,7782.0,7782.0,-0.05,-0.119,42.11667,"September 11, 20",-0.00119
0,2020-09-10,44.200001,44.200001,41.049999,42.950001,42.950001,13560.0,13560.0,-1.25,-2.828,42.73333,"September 10, 20",-0.02828
0,2020-09-09,43.299999,43.299999,39.599998,42.849998,42.849998,44609.0,44609.0,-0.45,-1.039,41.91667,"September 09, 20",-0.01039
0,2020-09-08,41.900002,43.200001,39.5,41.75,41.75,60973.0,60973.0,-0.15,-0.358,41.48333,"September 08, 20",-0.00358
0,2020-09-07,43.0,43.5,40.0,41.900002,41.900002,6318.0,6318.0,-1.1,-2.558,41.8,"September 07, 20",-0.02558
0,2020-09-04,40.0,42.5,40.0,41.099998,41.099998,10878.0,10878.0,1.1,2.75,41.2,"September 04, 20",0.0275
0,2020-09-03,43.650002,46.0,42.049999,43.75,43.75,48892.0,48892.0,0.1,0.229,43.93333,"September 03, 20",0.00229
0,2020-09-02,41.650002,45.0,41.349998,43.400002,43.400002,193602.0,193602.0,1.75,4.202,43.25,"September 02, 20",0.04202
0,2020-09-01,35.150002,39.950001,35.0,37.950001,37.950001,5239.0,5239.0,2.8,7.966,37.63333,"September 01, 20",0.07966
0,2020-08-31,39.799999,39.799999,34.450001,35.549999,35.549999,2894.0,2894.0,-4.25,-10.678,36.6,"August 31, 20",-0.10678
0,2020-08-28,39.5,39.5,35.849998,37.200001,37.200001,3842.0,3842.0,-2.3,-5.823,37.51667,"August 28, 20",-0.05823
0,2020-08-27,39.5,40.349998,38.400002,39.0,39.0,2159.0,2159.0,-0.5,-1.266,39.25,"August 27, 20",-0.01266
0,2020-08-26,38.900002,40.599998,38.799999,39.450001,39.450001,4103.0,4103.0,0.55,1.414,39.61667,"August 26, 20",0.01414
0,2020-08-25,40.849998,40.849998,38.25,39.25,39.25,4473.0,4473.0,-1.6,-3.917,39.45,"August 25, 20",-0.03917
0,2020-08-24,40.25,41.900002,39.150002,39.849998,39.849998,25106.0,25106.0,-0.4,-0.994,40.3,"August 24, 20",-0.00994
0,2020-08-21,43.25,46.799999,36.799999,41.5,41.5,146030.0,146030.0,-1.75,-4.046,41.7,"August 21, 20",-0.04046
0,2020-08-20,34.900002,40.0,34.099998,40.0,40.0,88549.0,88549.0,5.1,14.613,38.03333,"August 20, 20",0.14613
0,2020-08-19,29.950001,34.650002,29.9,33.349998,33.349998,18006.0,18006.0,3.4,11.352,32.63333,"August 19, 20",0.11352
0,2020-08-18,30.450001,31.0,29.049999,30.049999,30.049999,2267.0,2267.0,-0.4,-1.314,30.03333,"August 18, 20",-0.01314
0,2020-08-17,30.0,30.35,28.700001,30.200001,30.200001,2424.0,2424.0,0.2,0.667,29.75,"August 17, 20",0.00667
0,2020-08-14,31.4,31.4,29.1,29.75,29.75,2717.0,2717.0,-1.65,-5.255,30.08333,"August 14, 20",-0.05255
0,2020-08-13,31.1,31.450001,28.299999,30.299999,30.299999,7918.0,7918.0,-0.8,-2.572,30.01667,"August 13, 20",-0.02572
0,2020-08-12,31.0,31.5,29.200001,29.65,29.65,4887.0,4887.0,-1.35,-4.355,30.11667,"August 12, 20",-0.04355
0,2020-08-11,30.299999,31.5,29.5,30.549999,30.549999,4565.0,4565.0,0.25,0.825,30.51667,"August 11, 20",0.00825
0,2020-08-10,30.049999,30.799999,28.450001,29.799999,29.799999,5203.0,5203.0,-0.25,-0.832,29.68333,"August 10, 20",-0.00832
0,2020-08-07,29.5,30.6,28.6,30.0,30.0,2289.0,2289.0,0.5,1.695,29.73333,"August 07, 20",0.01695
0,2020-08-06,29.5,29.5,27.299999,28.65,28.65,1775.0,1775.0,-0.85,-2.881,28.48333,"August 06, 20",-0.02881
0,2020-08-05,28.049999,29.700001,27.75,27.9,27.9,5297.0,5297.0,-0.15,-0.535,28.45,"August 05, 20",-0.00535
0,2020-08-04,28.299999,28.950001,27.5,28.049999,28.049999,4451.0,4451.0,-0.25,-0.883,28.16667,"August 04, 20",-0.00883
0,2020-08-03,26.65,29.0,26.65,28.299999,28.299999,7208.0,7208.0,1.65,6.191,27.98333,"August 03, 20",0.06191
0,2020-07-31,28.0,29.9,27.299999,28.0,28.0,9495.0,9495.0,0.0,0.0,28.4,"July 31, 20",0.0
0,2020-07-30,28.549999,29.25,27.25,27.75,27.75,9810.0,9810.0,-0.8,-2.802,28.08333,"July 30, 20",-0.02802
0,2020-07-29,26.65,27.35,26.549999,26.65,26.65,4620.0,4620.0,0.0,0.0,26.85,"July 29, 20",0.0
0,2020-07-28,28.0,29.5,25.65,26.6,26.6,2923.0,2923.0,-1.4,-5.0,27.25,"July 28, 20",-0.05
0,2020-07-27,27.049999,29.6,25.9,27.0,27.0,1341.0,1341.0,-0.05,-0.185,27.5,"July 27, 20",-0.00185
0,2020-07-24,27.1,28.4,26.6,27.0,27.0,2051.0,2051.0,-0.1,-0.369,27.33333,"July 24, 20",-0.00369
0,2020-07-23,28.0,28.1,27.0,27.0,27.0,2945.0,2945.0,-1.0,-3.571,27.36667,"July 23, 20",-0.03571
0,2020-07-22,27.950001,28.5,27.9,28.0,28.0,2039.0,2039.0,0.05,0.179,28.13333,"July 22, 20",0.00179
0,2020-07-21,28.6,29.4,28.1,28.549999,28.549999,2353.0,2353.0,-0.05,-0.175,28.68333,"July 21, 20",-0.00175
0,2020-07-20,30.85,30.85,27.200001,28.6,28.6,182.0,182.0,-2.25,-7.293,28.88333,"July 20, 20",-0.07293
0,2020-07-17,28.549999,30.700001,27.5,28.85,28.85,1210.0,1210.0,0.3,1.051,29.01667,"July 17, 20",0.01051
0,2020-07-16,28.950001,29.5,28.0,28.299999,28.299999,6262.0,6262.0,-0.65,-2.245,28.6,"July 16, 20",-0.02245
0,2020-07-15,31.4,31.4,28.200001,28.299999,28.299999,4089.0,4089.0,-3.1,-9.873,29.3,"July 15, 20",-0.09873
0,2020-07-14,28.549999,29.9,28.15,28.549999,28.549999,359.0,359.0,0.0,0.0,28.86667,"July 14, 20",0.0
0,2020-07-13,31.6,31.65,27.950001,29.15,29.15,6648.0,6648.0,-2.45,-7.753,29.58333,"July 13, 20",-0.07753
0,2020-07-10,30.299999,30.299999,29.75,29.85,29.85,2115.0,2115.0,-0.45,-1.485,29.96667,"July 10, 20",-0.01485
0,2020-07-09,30.35,31.5,30.25,30.299999,30.299999,9156.0,9156.0,-0.05,-0.165,30.68333,"July 09, 20",-0.00165
0,2020-07-08,30.6,31.5,30.299999,30.65,30.65,2722.0,2722.0,0.05,0.163,30.81667,"July 08, 20",0.00163
0,2020-07-07,32.0,32.0,30.0,31.1,31.1,11153.0,11153.0,-0.9,-2.813,31.03333,"July 07, 20",-0.02813
0,2020-07-06,29.549999,30.75,29.5,29.950001,29.950001,3372.0,3372.0,0.4,1.354,30.06667,"July 06, 20",0.01354
0,2020-07-03,29.9,30.950001,29.299999,29.950001,29.950001,22268.0,22268.0,0.05,0.167,30.06667,"July 03, 20",0.00167
0,2020-07-02,29.200001,32.599998,29.200001,31.450001,31.450001,10215.0,10215.0,2.25,7.705,31.08333,"July 02, 20",0.07705
0,2020-07-01,31.299999,32.0,31.15,31.15,31.15,11196.0,11196.0,-0.15,-0.479,31.43333,"July 01, 20",-0.00479
0,2020-06-30,37.0,37.0,34.049999,34.599998,34.599998,4787.0,4787.0,-2.4,-6.486,35.21667,"June 30, 20",-0.06486
0,2020-06-29,35.900002,36.799999,32.0,35.900002,35.900002,11928.0,11928.0,0.0,0.0,34.9,"June 29, 20",0.0
0,2020-06-26,38.400002,38.400002,33.099998,34.099998,34.099998,7829.0,7829.0,-4.3,-11.198,35.2,"June 26, 20",-0.11198
0,2020-06-25,36.75,37.099998,31.35,35.25,35.25,8226.0,8226.0,-1.5,-4.082,34.56667,"June 25, 20",-0.04082
0,2020-06-24,33.349998,33.849998,33.299999,33.849998,33.849998,4416.0,4416.0,0.5,1.499,33.66667,"June 24, 20",0.01499
0,2020-06-23,30.75,32.0,29.450001,30.799999,30.799999,44181.0,44181.0,0.05,0.163,30.75,"June 23, 20",0.00163
0,2020-06-22,30.799999,30.9,28.75,29.35,29.35,8944.0,8944.0,-1.45,-4.708,29.66667,"June 22, 20",-0.04708
0,2020-06-19,28.950001,29.950001,27.25,29.200001,29.200001,8572.0,8572.0,0.25,0.864,28.8,"June 19, 20",0.00864
0,2020-06-18,28.0,30.0,27.0,28.200001,28.200001,14715.0,14715.0,0.2,0.714,28.4,"June 18, 20",0.00714
0,2020-06-17,27.9,28.5,26.0,28.25,28.25,814.0,814.0,0.35,1.254,27.58333,"June 17, 20",0.01254
0,2020-06-16,26.85,28.0,26.299999,27.9,27.9,1270.0,1270.0,1.05,3.911,27.4,"June 16, 20",0.03911
0,2020-06-15,26.549999,26.549999,25.950001,26.0,26.0,1442.0,1442.0,-0.55,-2.072,26.16667,"June 15, 20",-0.02072
0,2020-06-12,25.1,27.0,25.1,26.549999,26.549999,1282.0,1282.0,1.45,5.777,26.21667,"June 12, 20",0.05777
0,2020-06-11,28.0,28.0,26.1,27.75,27.75,769.0,769.0,-0.25,-0.893,27.28333,"June 11, 20",-0.00893
0,2020-06-10,24.4,27.700001,24.35,27.0,27.0,4133.0,4133.0,2.6,10.656,26.35,"June 10, 20",0.10656
0,2020-06-09,28.5,29.9,25.6,26.299999,26.299999,3259.0,3259.0,-2.2,-7.719,27.26667,"June 09, 20",-0.07719
0,2020-06-08,28.5,28.6,26.049999,28.4,28.4,6158.0,6158.0,-0.1,-0.351,27.68333,"June 08, 20",-0.00351
0,2020-06-05,28.0,28.0,25.950001,26.0,26.0,1288.0,1288.0,-2.0,-7.143,26.65,"June 05, 20",-0.07143
0,2020-06-04,25.700001,26.15,25.65,25.65,25.65,1328.0,1328.0,-0.05,-0.195,25.81667,"June 04, 20",-0.00195
0,2020-06-03,25.799999,27.049999,25.799999,27.0,27.0,1362.0,1362.0,1.2,4.651,26.61667,"June 03, 20",0.04651
0,2020-06-02,25.85,25.85,24.0,25.799999,25.799999,1034.0,1034.0,-0.05,-0.193,25.21667,"June 02, 20",-0.00193
0,2020-06-01,24.6,24.65,24.6,24.65,24.65,106.0,106.0,0.05,0.203,24.63333,"June 01, 20",0.00203
0,2020-05-29,24.5,24.5,23.5,23.549999,23.549999,371.0,371.0,-0.95,-3.878,23.85,"May 29, 20",-0.03878
0,2020-05-28,23.5,23.700001,23.5,23.6,23.6,571.0,571.0,0.1,0.426,23.6,"May 28, 20",0.00426
0,2020-05-27,24.700001,24.700001,24.5,24.5,24.5,11.0,11.0,-0.2,-0.81,24.56667,"May 27, 20",-0.0081
0,2020-05-26,23.25,24.75,23.0,23.75,23.75,1837.0,1837.0,0.5,2.151,23.83333,"May 26, 20",0.02151
0,2020-05-22,24.15,24.15,24.15,24.15,24.15,0.0,0.0,0.0,0.0,0.0,"May 22, 20",0.0
0,2020-05-21,24.5,25.1,23.799999,24.15,24.15,1135.0,1135.0,-0.35,-1.429,24.35,"May 21, 20",-0.01429
0,2020-05-20,23.5,24.950001,23.5,24.950001,24.950001,74.0,74.0,1.45,6.17,24.46667,"May 20, 20",0.0617
0,2020-05-19,24.5,24.5,24.5,24.5,24.5,0.0,0.0,0.0,0.0,0.0,"May 19, 20",0.0
0,2020-05-18,24.450001,24.5,24.450001,24.5,24.5,104.0,104.0,0.05,0.204,24.48333,"May 18, 20",0.00204
0,2020-05-15,24.5,25.700001,24.5,24.549999,24.549999,565.0,565.0,0.05,0.204,24.91667,"May 15, 20",0.00204
0,2020-05-14,25.65,26.049999,24.450001,24.5,24.5,2452.0,2452.0,-1.15,-4.483,25.0,"May 14, 20",-0.04483
0,2020-05-13,26.5,26.5,25.6,25.65,25.65,104.0,104.0,-0.85,-3.208,25.91667,"May 13, 20",-0.03208
0,2020-05-12,25.5,26.5,25.5,26.5,26.5,73.0,73.0,1.0,3.922,26.16667,"May 12, 20",0.03922
0,2020-05-11,25.799999,26.450001,25.0,26.35,26.35,847.0,847.0,0.55,2.132,25.93333,"May 11, 20",0.02132
0,2020-05-08,26.950001,27.0,25.85,26.25,26.25,662.0,662.0,-0.7,-2.597,26.36667,"May 08, 20",-0.02597
0,2020-05-07,25.85,26.4,25.799999,26.4,26.4,741.0,741.0,0.55,2.128,26.2,"May 07, 20",0.02128
0,2020-05-06,26.9,26.9,25.75,26.799999,26.799999,329.0,329.0,-0.1,-0.372,26.48333,"May 06, 20",-0.00372
0,2020-05-05,25.6,27.700001,25.6,26.0,26.0,2460.0,2460.0,0.4,1.563,26.43333,"May 05, 20",0.01563
0,2020-05-04,27.75,27.75,26.4,26.4,26.4,434.0,434.0,-1.35,-4.865,26.85,"May 04, 20",-0.04865
0,2020-04-30,26.549999,27.75,26.549999,27.75,27.75,603.0,603.0,1.2,4.52,27.35,"April 30, 20",0.0452
0,2020-04-29,26.35,28.25,26.25,26.450001,26.450001,1505.0,1505.0,0.1,0.38,26.98333,"April 29, 20",0.0038
0,2020-04-28,26.65,28.049999,25.799999,27.049999,27.049999,1401.0,1401.0,0.4,1.501,26.96667,"April 28, 20",0.01501
0,2020-04-27,25.5,26.799999,25.35,26.75,26.75,1805.0,1805.0,1.25,4.902,26.3,"April 27, 20",0.04902
0,2020-04-24,25.5,26.5,25.5,25.549999,25.549999,1157.0,1157.0,0.05,0.196,25.85,"April 24, 20",0.00196
0,2020-04-23,26.75,28.4,26.700001,26.75,26.75,1457.0,1457.0,0.0,0.0,27.28333,"April 23, 20",0.0
0,2020-04-22,28.4,28.4,26.0,28.1,28.1,602.0,602.0,-0.3,-1.056,27.5,"April 22, 20",-0.01056
0,2020-04-21,26.700001,27.450001,26.0,27.35,27.35,1692.0,1692.0,0.65,2.434,26.93333,"April 21, 20",0.02434
0,2020-04-20,27.450001,27.549999,26.0,26.75,26.75,7581.0,7581.0,-0.7,-2.55,26.76667,"April 20, 20",-0.0255
0,2020-04-17,26.950001,28.0,26.1,26.25,26.25,3367.0,3367.0,-0.7,-2.597,26.78333,"April 17, 20",-0.02597
0,2020-04-16,28.5,28.5,25.35,26.200001,26.200001,7666.0,7666.0,-2.3,-8.07,26.68333,"April 16, 20",-0.0807
0,2020-04-15,25.6,28.950001,24.1,27.5,27.5,6781.0,6781.0,1.9,7.422,26.85,"April 15, 20",0.07422
0,2020-04-13,27.799999,27.799999,25.6,26.35,26.35,592.0,592.0,-1.45,-5.216,26.58333,"April 13, 20",-0.05216
0,2020-04-09,26.0,28.450001,23.700001,25.700001,25.700001,20128.0,20128.0,-0.3,-1.154,25.95,"April 09, 20",-0.01154
0,2020-04-08,26.1,26.1,26.1,26.1,26.1,100.0,100.0,0.0,0.0,26.1,"April 08, 20",0.0
0,2020-04-07,27.0,27.0,25.0,25.0,25.0,2111.0,2111.0,-2.0,-7.407,25.66667,"April 07, 20",-0.07407
0,2020-04-03,24.799999,26.0,24.799999,25.9,25.9,2627.0,2627.0,1.1,4.435,25.56667,"April 03, 20",0.04435
0,2020-04-01,26.0,26.049999,26.0,26.0,26.0,798.0,798.0,0.0,0.0,26.01667,"April 01, 20",0.0
0,2020-03-31,24.5,26.700001,24.25,26.35,26.35,7715.0,7715.0,1.85,7.551,25.76667,"March 31, 20",0.07551
0,2020-03-30,27.75,27.950001,25.450001,25.450001,25.450001,74.0,74.0,-2.3,-8.288,26.28333,"March 30, 20",-0.08288
0,2020-03-27,26.75,26.799999,26.75,26.75,26.75,625.0,625.0,0.0,0.0,26.76667,"March 27, 20",0.0
0,2020-03-26,25.6,25.6,23.35,25.549999,25.549999,1059.0,1059.0,-0.05,-0.195,24.83333,"March 26, 20",-0.00195
0,2020-03-25,24.450001,26.9,24.450001,24.5,24.5,2974.0,2974.0,0.05,0.204,25.28333,"March 25, 20",0.00204
0,2020-03-24,26.950001,26.950001,25.65,25.65,25.65,156.0,156.0,-1.3,-4.824,26.08333,"March 24, 20",-0.04824
0,2020-03-23,28.15,29.5,26.799999,27.0,27.0,958.0,958.0,-1.15,-4.085,27.76667,"March 23, 20",-0.04085
0,2020-03-20,27.200001,30.0,27.200001,28.15,28.15,489.0,489.0,0.95,3.493,28.45,"March 20, 20",0.03493
0,2020-03-19,27.15,28.6,27.15,28.6,28.6,708.0,708.0,1.45,5.341,28.11667,"March 19, 20",0.05341
0,2020-03-18,30.0,31.4,28.5,28.5,28.5,1705.0,1705.0,-1.5,-5.0,29.46667,"March 18, 20",-0.05
0,2020-03-17,29.549999,30.200001,28.85,30.0,30.0,1653.0,1653.0,0.45,1.523,29.68333,"March 17, 20",0.01523
0,2020-03-16,28.549999,31.5,28.5,30.0,30.0,2945.0,2945.0,1.45,5.079,30.0,"March 16, 20",0.05079
0,2020-03-13,32.0,32.0,30.0,30.0,30.0,1022.0,1022.0,-2.0,-6.25,30.66667,"March 13, 20",-0.0625
0,2020-03-12,31.700001,32.549999,31.35,31.35,31.35,730.0,730.0,-0.35,-1.104,31.75,"March 12, 20",-0.01104
0,2020-03-11,32.0,34.450001,31.65,33.0,33.0,570.0,570.0,1.0,3.125,33.03333,"March 11, 20",0.03125
0,2020-03-09,33.25,33.299999,33.200001,33.299999,33.299999,251.0,251.0,0.05,0.15,33.26667,"March 09, 20",0.0015
0,2020-03-06,33.5,34.950001,33.400002,34.900002,34.900002,656.0,656.0,1.4,4.179,34.41667,"March 06, 20",0.04179
0,2020-03-05,37.0,37.0,35.150002,35.150002,35.150002,1870.0,1870.0,-1.85,-5.0,35.76667,"March 05, 20",-0.05
0,2020-03-04,38.0,40.0,37.0,37.0,37.0,657.0,657.0,-1.0,-2.632,38.0,"March 04, 20",-0.02632
0,2020-03-03,35.150002,38.25,35.150002,38.25,38.25,419.0,419.0,3.1,8.819,37.21667,"March 03, 20",0.08819
0,2020-03-02,36.0,36.75,35.549999,36.75,36.75,432.0,432.0,0.75,2.083,36.35,"March 02, 20",0.02083
0,2020-02-28,34.049999,35.0,33.900002,35.0,35.0,405.0,405.0,0.95,2.79,34.63333,"February 28, 20",0.0279
0,2020-02-27,36.0,36.0,35.5,35.650002,35.650002,4659.0,4659.0,-0.35,-0.972,35.71667,"February 27, 20",-0.00972
0,2020-02-26,38.299999,38.299999,37.150002,37.150002,37.150002,1979.0,1979.0,-1.15,-3.003,37.53333,"February 26, 20",-0.03003
0,2020-02-25,37.900002,39.900002,37.900002,38.299999,38.299999,45.0,45.0,0.4,1.055,38.7,"February 25, 20",0.01055
0,2020-02-24,38.25,40.150002,38.25,39.849998,39.849998,13.0,13.0,1.6,4.183,39.41667,"February 24, 20",0.04183
0,2020-02-20,39.099998,39.099998,37.5,38.25,38.25,343.0,343.0,-0.85,-2.174,38.28333,"February 20, 20",-0.02174
0,2020-02-19,36.099998,39.5,36.099998,37.549999,37.549999,1441.0,1441.0,1.45,4.017,37.71667,"February 19, 20",0.04017
0,2020-02-18,38.0,38.0,38.0,38.0,38.0,772.0,772.0,0.0,0.0,38.0,"February 18, 20",0.0
0,2020-02-17,38.75,40.5,38.75,40.0,40.0,108.0,108.0,1.25,3.226,39.75,"February 17, 20",0.03226
0,2020-02-14,41.150002,42.5,40.400002,40.700001,40.700001,1189.0,1189.0,-0.45,-1.094,41.2,"February 14, 20",-0.01094
0,2020-02-13,41.099998,43.0,41.099998,42.450001,42.450001,536.0,536.0,1.35,3.285,42.18333,"February 13, 20",0.03285
0,2020-02-12,42.0,43.099998,41.5,42.299999,42.299999,672.0,672.0,0.3,0.714,42.3,"February 12, 20",0.00714
0,2020-02-11,41.200001,44.950001,41.200001,42.900002,42.900002,1459.0,1459.0,1.7,4.126,43.01667,"February 11, 20",0.04126
0,2020-02-10,45.450001,45.450001,41.150002,43.349998,43.349998,9006.0,9006.0,-2.1,-4.62,43.31667,"February 10, 20",-0.0462
0,2020-02-07,43.299999,43.299999,43.299999,43.299999,43.299999,6614.0,6614.0,0.0,0.0,43.3,"February 07, 20",0.0
0,2020-02-06,41.25,41.25,37.349998,41.25,41.25,5084.0,5084.0,0.0,0.0,39.95,"February 06, 20",0.0
0,2020-02-05,39.299999,39.299999,39.299999,39.299999,39.299999,4847.0,4847.0,0.0,0.0,39.3,"February 05, 20",0.0
0,2020-02-04,37.0,37.700001,35.549999,37.450001,37.450001,803.0,803.0,0.45,1.216,36.9,"February 04, 20",0.01216
0,2020-02-03,35.700001,36.0,35.700001,36.0,36.0,701.0,701.0,0.3,0.84,35.9,"February 03, 20",0.0084
0,2020-01-31,40.349998,40.400002,36.700001,39.450001,39.450001,774.0,774.0,-0.9,-2.23,38.85,"January 31, 20",-0.0223
0,2020-01-30,37.0,38.5,37.0,38.5,38.5,236.0,236.0,1.5,4.054,38.0,"January 30, 20",0.04054
0,2020-01-29,35.549999,39.049999,35.549999,38.650002,38.650002,1428.0,1428.0,3.1,8.72,37.75,"January 29, 20",0.0872
0,2020-01-28,39.849998,39.849998,36.450001,37.200001,37.200001,561.0,561.0,-2.65,-6.65,37.83333,"January 28, 20",-0.0665
0,2020-01-27,38.599998,38.599998,36.049999,38.099998,38.099998,500.0,500.0,-0.5,-1.295,37.58333,"January 27, 20",-0.01295
0,2020-01-24,36.900002,36.900002,36.049999,36.900002,36.900002,710.0,710.0,0.0,0.0,36.61667,"January 24, 20",0.0
0,2020-01-23,35.900002,35.900002,35.900002,35.900002,35.900002,0.0,0.0,0.0,0.0,0.0,"January 23, 20",0.0
0,2020-01-22,35.549999,38.849998,35.549999,35.900002,35.900002,78.0,78.0,0.35,0.985,36.76667,"January 22, 20",0.00985
0,2020-01-21,37.400002,37.400002,36.799999,37.049999,37.049999,126.0,126.0,-0.35,-0.936,37.08333,"January 21, 20",-0.00936
0,2020-01-20,37.450001,37.450001,35.200001,37.400002,37.400002,418.0,418.0,-0.05,-0.134,36.68333,"January 20, 20",-0.00134
0,2020-01-17,35.549999,36.0,35.549999,36.0,36.0,321.0,321.0,0.45,1.266,35.85,"January 17, 20",0.01266
0,2020-01-16,35.599998,36.5,35.599998,36.5,36.5,1011.0,1011.0,0.9,2.528,36.2,"January 16, 20",0.02528
0,2020-01-15,36.5,36.849998,35.5,36.049999,36.049999,2441.0,2441.0,-0.45,-1.233,36.13333,"January 15, 20",-0.01233
0,2020-01-14,36.900002,36.900002,36.099998,36.450001,36.450001,1377.0,1377.0,-0.45,-1.22,36.48333,"January 14, 20",-0.0122
0,2020-01-13,35.0,36.799999,35.0,36.5,36.5,753.0,753.0,1.5,4.286,36.1,"January 13, 20",0.04286
0,2020-01-10,36.799999,36.799999,36.75,36.799999,36.799999,550.0,550.0,0.0,0.0,36.78333,"January 10, 20",0.0
0,2020-01-09,36.299999,37.0,35.049999,35.049999,35.049999,2722.0,2722.0,-1.25,-3.444,35.7,"January 09, 20",-0.03444
0,2020-01-08,36.5,36.5,36.099998,36.099998,36.099998,624.0,624.0,-0.4,-1.096,36.23333,"January 08, 20",-0.01096
0,2020-01-07,36.25,36.25,35.599998,35.599998,35.599998,2360.0,2360.0,-0.65,-1.793,35.81667,"January 07, 20",-0.01793
0,2020-01-06,36.0,36.0,34.349998,35.0,35.0,800.0,800.0,-1.0,-2.778,35.11667,"January 06, 20",-0.02778
0,2020-01-03,35.099998,37.799999,35.099998,36.0,36.0,720.0,720.0,0.9,2.564,36.3,"January 03, 20",0.02564
0,2020-01-02,35.150002,36.900002,35.099998,36.799999,36.799999,230.0,230.0,1.65,4.694,36.26667,"January 02, 20",0.04694
0,2020-01-01,36.849998,36.900002,36.849998,36.900002,36.900002,4.0,4.0,0.05,0.136,36.88333,"January 01, 20",0.00136
0,2019-12-31,35.049999,36.0,35.049999,35.549999,35.549999,555.0,555.0,0.5,1.427,35.53333,"December 31, 19",0.01427
0,2019-12-30,34.650002,34.650002,34.650002,34.650002,34.650002,0.0,0.0,0.0,0.0,0.0,"December 30, 19",0.0
0,2019-12-27,34.650002,34.900002,34.5,34.650002,34.650002,1471.0,1471.0,0.0,0.0,34.68333,"December 27, 19",0.0
0,2019-12-26,34.049999,34.200001,33.5,33.5,33.5,406.0,406.0,-0.55,-1.615,33.73333,"December 26, 19",-0.01615
0,2019-12-24,34.0,34.0,33.900002,33.900002,33.900002,3944.0,3944.0,-0.1,-0.294,33.93333,"December 24, 19",-0.00294
0,2019-12-23,34.5,34.599998,34.5,34.599998,34.599998,1951.0,1951.0,0.1,0.29,34.56667,"December 23, 19",0.0029
0,2019-12-20,34.549999,35.0,34.549999,34.599998,34.599998,364.0,364.0,0.05,0.145,34.71667,"December 20, 19",0.00145
0,2019-12-19,34.0,35.599998,34.0,35.599998,35.599998,246.0,246.0,1.6,4.706,35.06667,"December 19, 19",0.04706
0,2019-12-18,33.150002,34.349998,33.150002,34.349998,34.349998,762.0,762.0,1.2,3.62,33.95,"December 18, 19",0.0362
0,2019-12-17,32.5,35.400002,32.5,32.75,32.75,547.0,547.0,0.25,0.769,33.55,"December 17, 19",0.00769
0,2019-12-16,33.5,34.0,33.5,33.75,33.75,500.0,500.0,0.25,0.746,33.75,"December 16, 19",0.00746
0,2019-12-13,33.5,35.150002,33.0,33.5,33.5,1383.0,1383.0,0.0,0.0,33.88333,"December 13, 19",0.0
0,2019-12-12,33.5,33.5,33.5,33.5,33.5,71.0,71.0,0.0,0.0,33.5,"December 12, 19",0.0
0,2019-12-11,33.5,33.549999,33.5,33.5,33.5,1703.0,1703.0,0.0,0.0,33.51667,"December 11, 19",0.0
0,2019-12-10,34.0,34.900002,33.25,34.900002,34.900002,402.0,402.0,0.9,2.647,34.35,"December 10, 19",0.02647
0,2019-12-09,35.799999,36.0,34.599998,34.950001,34.950001,5088.0,5088.0,-0.85,-2.374,35.18333,"December 09, 19",-0.02374
0,2019-12-06,35.0,35.0,34.5,34.5,34.5,638.0,638.0,-0.5,-1.429,34.66667,"December 06, 19",-0.01429
0,2019-12-05,35.25,36.849998,34.650002,35.0,35.0,1726.0,1726.0,-0.25,-0.709,35.5,"December 05, 19",-0.00709
0,2019-12-04,38.200001,38.200001,35.25,35.5,35.5,357.0,357.0,-2.7,-7.068,36.31667,"December 04, 19",-0.07068
0,2019-12-03,36.950001,37.0,34.5,36.950001,36.950001,1407.0,1407.0,0.0,0.0,36.15,"December 03, 19",0.0
0,2019-12-02,37.900002,37.900002,33.200001,35.299999,35.299999,1239.0,1239.0,-2.6,-6.86,35.46667,"December 02, 19",-0.0686
0,2019-11-29,36.099998,39.599998,35.049999,36.0,36.0,5620.0,5620.0,-0.1,-0.277,36.88333,"November 29, 19",-0.00277
0,2019-11-28,37.099998,39.75,37.099998,37.650002,37.650002,3212.0,3212.0,0.55,1.482,38.16667,"November 28, 19",0.01482
0,2019-11-27,41.700001,41.700001,38.200001,39.450001,39.450001,4771.0,4771.0,-2.25,-5.396,39.78333,"November 27, 19",-0.05396
0,2019-11-26,44.900002,44.900002,41.25,41.700001,41.700001,3334.0,3334.0,-3.2,-7.127,42.61667,"November 26, 19",-0.07127
0,2019-11-25,44.5,46.75,42.650002,43.349998,43.349998,2534.0,2534.0,-1.15,-2.584,44.25,"November 25, 19",-0.02584
0,2019-11-22,44.799999,45.5,42.150002,44.849998,44.849998,39902.0,39902.0,0.05,0.112,44.16667,"November 22, 19",0.00112
0,2019-11-21,42.0,44.950001,40.0,43.599998,43.599998,26992.0,26992.0,1.6,3.81,42.85,"November 21, 19",0.0381
0,2019-11-20,48.450001,48.450001,40.0,42.950001,42.950001,83102.0,83102.0,-5.5,-11.352,43.8,"November 20, 19",-0.11352
0,2019-11-19,44.049999,44.049999,44.049999,44.049999,44.049999,2812.0,2812.0,0.0,0.0,44.05,"November 19, 19",0.0
0,2019-11-18,39.5,40.049999,38.5,40.049999,40.049999,32238.0,32238.0,0.55,1.392,39.53333,"November 18, 19",0.01392
0,2019-11-15,33.0,33.400002,27.4,33.400002,33.400002,11466.0,11466.0,0.4,1.212,31.4,"November 15, 19",0.01212
0,2019-11-14,30.9,30.9,26.25,27.85,27.85,1254.0,1254.0,-3.05,-9.871,28.33333,"November 14, 19",-0.09871
0,2019-11-13,29.0,29.5,27.049999,28.85,28.85,2915.0,2915.0,-0.15,-0.517,28.46667,"November 13, 19",-0.00517
0,2019-11-11,29.9,29.9,27.15,27.25,27.25,1801.0,1801.0,-2.65,-8.863,28.1,"November 11, 19",-0.08863
0,2019-11-08,28.049999,28.950001,27.1,27.75,27.75,709.0,709.0,-0.3,-1.07,27.93333,"November 08, 19",-0.0107
0,2019-11-07,28.049999,29.299999,27.0,28.65,28.65,322.0,322.0,0.6,2.139,28.31667,"November 07, 19",0.02139
0,2019-11-06,28.5,29.4,27.0,29.0,29.0,1135.0,1135.0,0.5,1.754,28.46667,"November 06, 19",0.01754
0,2019-11-05,26.65,29.5,26.65,28.65,28.65,244.0,244.0,2.0,7.505,28.26667,"November 05, 19",0.07505
0,2019-11-04,29.6,29.6,26.6,27.5,27.5,779.0,779.0,-2.1,-7.095,27.9,"November 04, 19",-0.07095
0,2019-11-01,27.15,29.65,26.1,27.549999,27.549999,2687.0,2687.0,0.4,1.473,27.76667,"November 01, 19",0.01473
0,2019-10-31,27.549999,29.35,27.0,28.4,28.4,1863.0,1863.0,0.85,3.085,28.25,"October 31, 19",0.03085
0,2019-10-30,27.35,30.75,27.299999,29.450001,29.450001,1174.0,1174.0,2.1,7.678,29.16667,"October 30, 19",0.07678
0,2019-10-29,27.15,30.9,27.15,28.200001,28.200001,724.0,724.0,1.05,3.867,28.75,"October 29, 19",0.03867
0,2019-10-25,29.0,29.0,27.0,28.5,28.5,343.0,343.0,-0.5,-1.724,28.16667,"October 25, 19",-0.01724
0,2019-10-24,28.0,29.9,26.299999,28.15,28.15,186.0,186.0,0.15,0.536,28.11667,"October 24, 19",0.00536
0,2019-10-23,29.799999,29.799999,26.65,28.85,28.85,193.0,193.0,-0.95,-3.188,28.43333,"October 23, 19",-0.03188
0,2019-10-22,27.950001,28.799999,26.200001,27.35,27.35,363.0,363.0,-0.6,-2.147,27.45,"October 22, 19",-0.02147
0,2019-10-18,28.9,28.9,25.75,27.1,27.1,553.0,553.0,-1.8,-6.228,27.25,"October 18, 19",-0.06228
0,2019-10-17,29.5,29.5,25.700001,26.6,26.6,1219.0,1219.0,-2.9,-9.831,27.26667,"October 17, 19",-0.09831
0,2019-10-16,29.85,31.950001,25.25,26.75,26.75,1655.0,1655.0,-3.1,-10.385,27.98333,"October 16, 19",-0.10385
0,2019-10-15,27.0,28.0,26.4,27.049999,27.049999,356.0,356.0,0.05,0.185,27.15,"October 15, 19",0.00185
0,2019-10-14,28.5,28.5,26.549999,27.75,27.75,590.0,590.0,-0.75,-2.632,27.6,"October 14, 19",-0.02632
0,2019-10-11,28.9,29.9,27.5,28.049999,28.049999,3075.0,3075.0,-0.85,-2.941,28.48333,"October 11, 19",-0.02941
0,2019-10-10,30.799999,30.799999,27.5,27.549999,27.549999,1065.0,1065.0,-3.25,-10.552,28.61667,"October 10, 19",-0.10552
0,2019-10-09,29.0,29.0,27.700001,28.049999,28.049999,852.0,852.0,-0.95,-3.276,28.25,"October 09, 19",-0.03276
0,2019-10-07,30.799999,30.799999,27.049999,27.200001,27.200001,771.0,771.0,-3.6,-11.688,28.35,"October 07, 19",-0.11688
0,2019-10-04,28.5,30.85,28.5,29.0,29.0,600.0,600.0,0.5,1.754,29.45,"October 04, 19",0.01754
0,2019-10-03,30.75,30.85,27.6,30.200001,30.200001,282.0,282.0,-0.55,-1.789,29.55,"October 03, 19",-0.01789
0,2019-10-01,30.700001,30.700001,28.299999,30.299999,30.299999,426.0,426.0,-0.4,-1.303,29.76667,"October 01, 19",-0.01303
0,2019-09-30,28.25,30.6,28.25,29.1,29.1,969.0,969.0,0.85,3.009,29.31667,"September 30, 19",0.03009
0,2019-09-27,30.65,30.700001,29.450001,29.950001,29.950001,171.0,171.0,-0.7,-2.284,30.03333,"September 27, 19",-0.02284
0,2019-09-26,30.75,30.85,29.049999,30.85,30.85,253.0,253.0,0.1,0.325,30.25,"September 26, 19",0.00325
0,2019-09-25,30.75,30.75,28.75,29.75,29.75,492.0,492.0,-1.0,-3.252,29.75,"September 25, 19",-0.03252
0,2019-09-24,29.1,30.85,28.75,28.85,28.85,1139.0,1139.0,-0.25,-0.859,29.48333,"September 24, 19",-0.00859
0,2019-09-23,31.9,31.9,28.799999,29.549999,29.549999,868.0,868.0,-2.35,-7.367,30.08333,"September 23, 19",-0.07367
0,2019-09-20,28.6,31.950001,28.6,30.0,30.0,2791.0,2791.0,1.4,4.895,30.18333,"September 20, 19",0.04895
0,2019-09-19,31.5,31.5,28.6,29.15,29.15,1269.0,1269.0,-2.35,-7.46,29.75,"September 19, 19",-0.0746
0,2019-09-18,28.75,31.700001,28.75,29.5,29.5,2768.0,2768.0,0.75,2.609,29.98333,"September 18, 19",0.02609
0,2019-09-17,31.75,31.75,28.700001,29.25,29.25,136.0,136.0,-2.5,-7.874,29.9,"September 17, 19",-0.07874
0,2019-09-16,32.0,32.0,28.6,30.450001,30.450001,373.0,373.0,-1.55,-4.844,30.35,"September 16, 19",-0.04844
0,2019-09-13,29.049999,30.85,28.1,30.200001,30.200001,400.0,400.0,1.15,3.959,29.71667,"September 13, 19",0.03959
0,2019-09-12,30.950001,30.950001,28.6,29.4,29.4,118.0,118.0,-1.55,-5.008,29.65,"September 12, 19",-0.05008
0,2019-09-11,31.799999,32.0,27.299999,29.9,29.9,1019.0,1019.0,-1.9,-5.975,29.73333,"September 11, 19",-0.05975
0,2019-09-09,32.950001,32.950001,28.4,29.1,29.1,1504.0,1504.0,-3.85,-11.684,30.15,"September 09, 19",-0.11684
0,2019-09-06,32.0,32.0,29.1,30.85,30.85,302.0,302.0,-1.15,-3.594,30.65,"September 06, 19",-0.03594
0,2019-09-05,31.9,31.9,29.0,29.35,29.35,665.0,665.0,-2.55,-7.994,30.08333,"September 05, 19",-0.07994
0,2019-09-04,31.5,31.5,30.1,30.5,30.5,45.0,45.0,-1.0,-3.175,30.7,"September 04, 19",-0.03175
0,2019-09-03,28.049999,32.700001,28.049999,29.4,29.4,1115.0,1115.0,1.35,4.813,30.05,"September 03, 19",0.04813
0,2019-08-30,30.0,31.950001,29.549999,31.0,31.0,203.0,203.0,1.0,3.333,30.83333,"August 30, 19",0.03333
0,2019-08-29,29.549999,32.0,29.549999,29.9,29.9,1917.0,1917.0,0.35,1.184,30.48333,"August 29, 19",0.01184
0,2019-08-28,33.25,33.25,29.6,31.85,31.85,333.0,333.0,-1.4,-4.211,31.56667,"August 28, 19",-0.04211
0,2019-08-27,28.6,33.849998,28.6,31.049999,31.049999,451.0,451.0,2.45,8.566,31.16667,"August 27, 19",0.08566
0,2019-08-26,33.700001,33.700001,29.1,31.35,31.35,867.0,867.0,-2.35,-6.973,31.38333,"August 26, 19",-0.06973
0,2019-08-23,30.950001,31.0,29.049999,30.700001,30.700001,871.0,871.0,-0.25,-0.808,30.25,"August 23, 19",-0.00808
0,2019-08-22,29.299999,34.849998,29.299999,30.6,30.6,1963.0,1963.0,1.3,4.437,31.58333,"August 22, 19",0.04437
0,2019-08-21,33.849998,33.849998,29.200001,32.25,32.25,1045.0,1045.0,-1.6,-4.727,31.76667,"August 21, 19",-0.04727
0,2019-08-20,31.5,32.900002,30.5,32.25,32.25,392.0,392.0,0.75,2.381,31.88333,"August 20, 19",0.02381
0,2019-08-19,34.0,34.0,31.1,31.5,31.5,744.0,744.0,-2.5,-7.353,32.2,"August 19, 19",-0.07353
0,2019-08-16,34.599998,34.599998,30.299999,31.0,31.0,2186.0,2186.0,-3.6,-10.405,31.96667,"August 16, 19",-0.10405
0,2019-08-14,32.5,33.849998,32.0,32.200001,32.200001,982.0,982.0,-0.3,-0.923,32.68333,"August 14, 19",-0.00923
0,2019-08-13,37.299999,37.299999,32.0,33.25,33.25,1320.0,1320.0,-4.05,-10.858,34.18333,"August 13, 19",-0.10858
0,2019-08-09,34.450001,34.450001,31.25,34.049999,34.049999,1953.0,1953.0,-0.4,-1.161,33.25,"August 09, 19",-0.01161
0,2019-08-08,30.5,33.5,30.5,32.799999,32.799999,1323.0,1323.0,2.3,7.541,32.26667,"August 08, 19",0.07541
0,2019-08-07,29.200001,32.450001,29.200001,30.5,30.5,1328.0,1328.0,1.3,4.452,30.71667,"August 07, 19",0.04452
0,2019-08-06,31.9,31.9,29.200001,29.5,29.5,681.0,681.0,-2.4,-7.524,30.2,"August 06, 19",-0.07524
0,2019-08-05,32.900002,32.900002,30.35,30.5,30.5,364.0,364.0,-2.4,-7.295,31.25,"August 05, 19",-0.07295
0,2019-08-02,32.099998,32.099998,29.15,31.85,31.85,1238.0,1238.0,-0.25,-0.779,31.03333,"August 02, 19",-0.00779
0,2019-08-01,33.299999,33.299999,30.549999,30.65,30.65,10.0,10.0,-2.65,-7.958,31.5,"August 01, 19",-0.07958
0,2019-07-31,30.25,31.950001,30.25,31.75,31.75,202.0,202.0,1.5,4.959,31.31667,"July 31, 19",0.04959
0,2019-07-30,32.049999,32.5,31.549999,31.700001,31.700001,3761.0,3761.0,-0.35,-1.092,31.91667,"July 30, 19",-0.01092
0,2019-07-29,33.200001,36.450001,33.099998,33.099998,33.099998,1201.0,1201.0,-0.1,-0.301,34.21667,"July 29, 19",-0.00301
0,2019-07-26,35.0,35.0,33.150002,34.799999,34.799999,313.0,313.0,-0.2,-0.571,34.31667,"July 26, 19",-0.00571
0,2019-07-25,32.900002,34.200001,32.900002,33.450001,33.450001,180.0,180.0,0.55,1.672,33.51667,"July 25, 19",0.01672
0,2019-07-24,33.200001,34.849998,31.65,32.599998,32.599998,2431.0,2431.0,-0.6,-1.807,33.03333,"July 24, 19",-0.01807
0,2019-07-23,32.349998,35.599998,32.349998,33.200001,33.200001,84.0,84.0,0.85,2.628,33.71667,"July 23, 19",0.02628
0,2019-07-22,35.5,35.5,33.900002,33.950001,33.950001,1956.0,1956.0,-1.55,-4.366,34.45,"July 22, 19",-0.04366
0,2019-07-19,36.799999,36.799999,33.849998,33.849998,33.849998,806.0,806.0,-2.95,-8.016,34.83333,"July 19, 19",-0.08016
0,2019-07-18,35.299999,35.450001,34.799999,35.450001,35.450001,1717.0,1717.0,0.15,0.425,35.23333,"July 18, 19",0.00425
0,2019-07-17,34.900002,35.0,33.349998,33.799999,33.799999,795.0,795.0,-1.1,-3.152,34.05,"July 17, 19",-0.03152
0,2019-07-16,34.599998,37.200001,34.599998,34.900002,34.900002,615.0,615.0,0.3,0.867,35.56667,"July 16, 19",0.00867
0,2019-07-15,36.299999,36.299999,34.599998,35.75,35.75,208.0,208.0,-0.55,-1.515,35.55,"July 15, 19",-0.01515
0,2019-07-12,34.450001,35.0,34.450001,34.599998,34.599998,314.0,314.0,0.15,0.435,34.68333,"July 12, 19",0.00435
0,2019-07-11,34.0,35.900002,34.0,35.75,35.75,684.0,684.0,1.75,5.147,35.21667,"July 11, 19",0.05147
0,2019-07-10,35.0,35.0,33.099998,35.0,35.0,836.0,836.0,0.0,0.0,34.36667,"July 10, 19",0.0
0,2019-07-09,33.049999,36.200001,33.049999,34.25,34.25,1378.0,1378.0,1.2,3.631,34.5,"July 09, 19",0.03631
0,2019-07-08,34.150002,35.599998,34.150002,34.5,34.5,868.0,868.0,0.35,1.025,34.75,"July 08, 19",0.01025
0,2019-07-05,35.799999,37.299999,35.75,35.799999,35.799999,713.0,713.0,0.0,0.0,36.28333,"July 05, 19",0.0
0,2019-07-04,35.549999,38.549999,35.5,36.400002,36.400002,759.0,759.0,0.85,2.391,36.81667,"July 04, 19",0.02391
0,2019-07-03,37.450001,37.450001,35.5,36.75,36.75,425.0,425.0,-0.7,-1.869,36.56667,"July 03, 19",-0.01869
0,2019-07-02,37.349998,37.349998,34.75,35.700001,35.700001,648.0,648.0,-1.65,-4.418,35.93333,"July 02, 19",-0.04418
0,2019-07-01,36.0,36.700001,35.0,35.799999,35.799999,669.0,669.0,-0.2,-0.556,35.83333,"July 01, 19",-0.00556
0,2019-06-28,36.950001,36.950001,35.599998,35.75,35.75,569.0,569.0,-1.2,-3.248,36.1,"June 28, 19",-0.03248
0,2019-06-27,36.150002,37.700001,36.0,36.200001,36.200001,1458.0,1458.0,0.05,0.138,36.63333,"June 27, 19",0.00138
0,2019-06-26,35.099998,36.900002,35.0,36.75,36.75,6196.0,6196.0,1.65,4.701,36.21667,"June 26, 19",0.04701
0,2019-06-25,36.400002,36.700001,35.0,35.950001,35.950001,2652.0,2652.0,-0.45,-1.236,35.88333,"June 25, 19",-0.01236
0,2019-06-24,35.049999,36.650002,35.049999,36.5,36.5,1521.0,1521.0,1.45,4.137,36.06667,"June 24, 19",0.04137
0,2019-06-21,34.5,36.0,33.349998,34.950001,34.950001,2510.0,2510.0,0.45,1.304,34.76667,"June 21, 19",0.01304
0,2019-06-20,34.799999,37.25,34.0,35.0,35.0,2400.0,2400.0,0.2,0.575,35.41667,"June 20, 19",0.00575
0,2019-06-19,37.0,38.0,35.5,35.549999,35.549999,4344.0,4344.0,-1.45,-3.919,36.35,"June 19, 19",-0.03919
0,2019-06-18,39.099998,40.400002,37.099998,37.349998,37.349998,2259.0,2259.0,-1.75,-4.476,38.28333,"June 18, 19",-0.04476
0,2019-06-17,39.049999,41.400002,37.75,39.049999,39.049999,2208.0,2208.0,0.0,0.0,39.4,"June 17, 19",0.0
0,2019-06-14,41.200001,41.200001,38.950001,39.700001,39.700001,3073.0,3073.0,-1.5,-3.641,39.95,"June 14, 19",-0.03641
0,2019-06-13,41.900002,41.900002,39.549999,39.599998,39.599998,11777.0,11777.0,-2.3,-5.489,40.35,"June 13, 19",-0.05489
0,2019-06-12,51.349998,51.349998,43.900002,43.900002,43.900002,34882.0,34882.0,-7.45,-14.508,46.38333,"June 12, 19",-0.14508
0,2019-06-11,46.0,48.75,46.0,48.75,48.75,28200.0,28200.0,2.75,5.978,47.83333,"June 11, 19",0.05978
0,2019-06-10,36.299999,40.650002,36.299999,40.650002,40.650002,15840.0,15840.0,4.35,11.983,39.2,"June 10, 19",0.11983
0,2019-06-07,33.900002,33.900002,33.900002,33.900002,33.900002,435.0,435.0,0.0,0.0,33.9,"June 07, 19",0.0
0,2019-06-06,34.650002,35.400002,33.200001,34.900002,34.900002,8838.0,8838.0,0.25,0.722,34.5,"June 06, 19",0.00722
0,2019-06-04,37.75,37.75,35.450001,36.799999,36.799999,553.0,553.0,-0.95,-2.517,36.66667,"June 04, 19",-0.02517
0,2019-06-03,36.950001,37.950001,35.099998,36.849998,36.849998,449.0,449.0,-0.1,-0.271,36.63333,"June 03, 19",-0.00271
0,2019-05-31,36.0,39.0,35.599998,36.349998,36.349998,602.0,602.0,0.35,0.972,36.98333,"May 31, 19",0.00972
0,2019-05-30,38.75,38.75,36.099998,36.650002,36.650002,719.0,719.0,-2.1,-5.419,37.16667,"May 30, 19",-0.05419
0,2019-05-29,36.5,38.950001,36.5,36.599998,36.599998,429.0,429.0,0.1,0.274,37.35,"May 29, 19",0.00274
0,2019-05-28,41.950001,41.950001,36.400002,37.799999,37.799999,3112.0,3112.0,-4.15,-9.893,38.71667,"May 28, 19",-0.09893
0,2019-05-27,38.450001,38.799999,37.25,38.799999,38.799999,4533.0,4533.0,0.35,0.91,38.28333,"May 27, 19",0.0091
0,2019-05-24,37.400002,38.0,35.150002,35.299999,35.299999,1207.0,1207.0,-2.1,-5.615,36.15,"May 24, 19",-0.05615
0,2019-05-23,38.599998,38.599998,35.299999,36.25,36.25,190.0,190.0,-2.35,-6.088,36.71667,"May 23, 19",-0.06088
0,2019-05-22,35.5,38.700001,35.099998,36.900002,36.900002,1136.0,1136.0,1.4,3.944,36.9,"May 22, 19",0.03944
0,2019-05-21,35.400002,38.799999,35.400002,37.650002,37.650002,970.0,970.0,2.25,6.356,37.28333,"May 21, 19",0.06356
0,2019-05-20,36.549999,37.450001,32.549999,36.900002,36.900002,3749.0,3749.0,0.35,0.958,35.63333,"May 20, 19",0.00958
0,2019-05-17,32.0,35.0,32.0,34.150002,34.150002,848.0,848.0,2.15,6.719,33.71667,"May 17, 19",0.06719
0,2019-05-16,36.849998,36.849998,30.5,32.349998,32.349998,966.0,966.0,-4.5,-12.212,33.23333,"May 16, 19",-0.12212
0,2019-05-15,35.700001,35.700001,32.799999,33.5,33.5,577.0,577.0,-2.2,-6.162,34.0,"May 15, 19",-0.06162
0,2019-05-14,31.25,35.0,31.25,32.849998,32.849998,426.0,426.0,1.6,5.12,33.03333,"May 14, 19",0.0512
0,2019-05-13,34.5,34.5,31.9,32.950001,32.950001,512.0,512.0,-1.55,-4.493,33.11667,"May 13, 19",-0.04493
0,2019-05-10,35.950001,35.950001,33.299999,34.5,34.5,339.0,339.0,-1.45,-4.033,34.58333,"May 10, 19",-0.04033
0,2019-05-09,33.75,36.849998,33.75,35.950001,35.950001,129.0,129.0,2.2,6.519,35.51667,"May 09, 19",0.06519
0,2019-05-08,33.150002,38.5,33.150002,33.900002,33.900002,394.0,394.0,0.75,2.262,35.18333,"May 08, 19",0.02262
0,2019-05-07,33.299999,35.950001,33.299999,35.799999,35.799999,96.0,96.0,2.5,7.508,35.01667,"May 07, 19",0.07508
0,2019-05-06,34.099998,36.650002,33.049999,35.950001,35.950001,106.0,106.0,1.85,5.425,35.21667,"May 06, 19",0.05425
0,2019-05-03,35.0,36.0,34.0,35.150002,35.150002,8351.0,8351.0,0.15,0.429,35.05,"May 03, 19",0.00429
0,2019-05-02,36.450001,36.450001,33.5,35.599998,35.599998,1166.0,1166.0,-0.85,-2.332,35.18333,"May 02, 19",-0.02332
0,2019-04-30,35.5,36.0,35.5,36.0,36.0,3416.0,3416.0,0.5,1.408,35.83333,"April 30, 19",0.01408
0,2019-04-26,35.299999,37.0,35.299999,37.0,37.0,14.0,14.0,1.7,4.816,36.43333,"April 26, 19",0.04816
0,2019-04-25,36.400002,37.799999,36.049999,36.5,36.5,1132.0,1132.0,0.1,0.275,36.78333,"April 25, 19",0.00275
0,2019-04-24,37.849998,37.849998,35.400002,36.549999,36.549999,5180.0,5180.0,-1.3,-3.435,36.6,"April 24, 19",-0.03435
0,2019-04-23,38.950001,38.950001,36.0,36.25,36.25,9559.0,9559.0,-2.7,-6.932,37.06667,"April 23, 19",-0.06932
0,2019-04-22,37.0,38.849998,35.75,36.5,36.5,3794.0,3794.0,-0.5,-1.351,37.03333,"April 22, 19",-0.01351
0,2019-04-18,39.849998,39.849998,36.099998,37.700001,37.700001,3298.0,3298.0,-2.15,-5.395,37.88333,"April 18, 19",-0.05395
0,2019-04-16,39.799999,39.799999,37.0,37.25,37.25,4906.0,4906.0,-2.55,-6.407,38.01667,"April 16, 19",-0.06407
0,2019-04-15,38.400002,38.400002,35.599998,37.0,37.0,3081.0,3081.0,-1.4,-3.646,37.0,"April 15, 19",-0.03646
0,2019-04-12,38.450001,38.450001,36.75,37.25,37.25,361.0,361.0,-1.2,-3.121,37.48333,"April 12, 19",-0.03121
0,2019-04-11,38.200001,38.549999,38.200001,38.200001,38.200001,333.0,333.0,0.0,0.0,38.31667,"April 11, 19",0.0
0,2019-04-10,38.0,38.450001,37.900002,37.950001,37.950001,1336.0,1336.0,-0.05,-0.132,38.1,"April 10, 19",-0.00132
0,2019-04-09,36.0,38.5,35.849998,38.0,38.0,3639.0,3639.0,2.0,5.556,37.45,"April 09, 19",0.05556
0,2019-04-08,37.450001,37.75,35.400002,37.650002,37.650002,278.0,278.0,0.2,0.534,36.93333,"April 08, 19",0.00534
0,2019-04-05,37.0,38.0,36.299999,38.0,38.0,2314.0,2314.0,1.0,2.703,37.43333,"April 05, 19",0.02703
0,2019-04-04,38.5,38.5,36.450001,37.049999,37.049999,355.0,355.0,-1.45,-3.766,37.33333,"April 04, 19",-0.03766
0,2019-04-03,38.799999,38.799999,37.450001,37.450001,37.450001,245.0,245.0,-1.35,-3.479,37.9,"April 03, 19",-0.03479
0,2019-04-02,37.900002,38.849998,37.900002,38.849998,38.849998,692.0,692.0,0.95,2.507,38.53333,"April 02, 19",0.02507
0,2019-04-01,35.25,38.349998,35.200001,37.900002,37.900002,2892.0,2892.0,2.65,7.518,37.15,"April 01, 19",0.07518
0,2019-03-28,35.799999,37.5,34.099998,35.25,35.25,2613.0,2613.0,-0.55,-1.536,35.61667,"March 28, 19",-0.01536
0,2019-03-27,35.75,36.349998,35.75,35.849998,35.849998,1300.0,1300.0,0.1,0.28,35.98333,"March 27, 19",0.0028
0,2019-03-26,36.5,36.849998,35.049999,36.849998,36.849998,40.0,40.0,0.35,0.959,36.25,"March 26, 19",0.00959
0,2019-03-25,35.099998,37.900002,35.099998,36.299999,36.299999,791.0,791.0,1.2,3.419,36.43333,"March 25, 19",0.03419
0,2019-03-22,39.299999,39.349998,36.299999,36.549999,36.549999,607.0,607.0,-2.75,-6.997,37.4,"March 22, 19",-0.06997
0,2019-03-20,37.400002,38.5,36.950001,37.849998,37.849998,464.0,464.0,0.45,1.203,37.76667,"March 20, 19",0.01203
0,2019-03-19,38.049999,38.049999,37.0,38.0,38.0,1686.0,1686.0,-0.05,-0.131,37.68333,"March 19, 19",-0.00131
0,2019-03-18,37.549999,39.200001,36.150002,37.349998,37.349998,1726.0,1726.0,-0.2,-0.533,37.56667,"March 18, 19",-0.00533
0,2019-03-15,38.450001,38.5,36.549999,37.400002,37.400002,5529.0,5529.0,-1.05,-2.731,37.48333,"March 15, 19",-0.02731
0,2019-03-14,37.549999,38.700001,37.5,37.75,37.75,3447.0,3447.0,0.2,0.533,37.98333,"March 14, 19",0.00533
0,2019-03-13,37.5,37.950001,35.950001,37.5,37.5,3477.0,3477.0,0.0,0.0,37.13333,"March 13, 19",0.0
0,2019-03-12,36.099998,37.450001,34.75,37.0,37.0,2692.0,2692.0,0.9,2.493,36.4,"March 12, 19",0.02493
0,2019-03-11,36.099998,36.099998,36.049999,36.099998,36.099998,1007.0,1007.0,0.0,0.0,36.08333,"March 11, 19",0.0
0,2019-03-08,38.599998,38.599998,36.049999,36.099998,36.099998,1872.0,1872.0,-2.5,-6.477,36.91667,"March 08, 19",-0.06477
0,2019-03-07,37.799999,37.799999,37.0,37.049999,37.049999,5877.0,5877.0,-0.75,-1.984,37.28333,"March 07, 19",-0.01984
0,2019-03-06,34.400002,36.900002,34.400002,36.049999,36.049999,4395.0,4395.0,1.65,4.797,35.78333,"March 06, 19",0.04797
0,2019-03-05,34.0,35.5,34.0,35.150002,35.150002,1095.0,1095.0,1.15,3.382,34.88333,"March 05, 19",0.03382
0,2019-03-01,33.0,34.900002,32.150002,34.75,34.75,1907.0,1907.0,1.75,5.303,33.93333,"March 01, 19",0.05303
0,2019-02-28,34.700001,34.700001,33.0,33.25,33.25,826.0,826.0,-1.45,-4.179,33.65,"February 28, 19",-0.04179
0,2019-02-27,32.400002,34.950001,32.099998,34.700001,34.700001,685.0,685.0,2.3,7.099,33.91667,"February 27, 19",0.07099
0,2019-02-26,32.400002,33.900002,32.400002,33.400002,33.400002,4236.0,4236.0,1.0,3.086,33.23334,"February 26, 19",0.03086
0,2019-02-25,32.650002,33.150002,30.5,32.349998,32.349998,3982.0,3982.0,-0.3,-0.919,32.0,"February 25, 19",-0.00919
0,2019-02-22,30.15,31.6,30.15,31.6,31.6,2333.0,2333.0,1.45,4.809,31.11667,"February 22, 19",0.04809
0,2019-02-21,28.85,31.15,28.799999,30.1,30.1,3395.0,3395.0,1.25,4.333,30.01667,"February 21, 19",0.04333
0,2019-02-20,28.299999,29.700001,27.4,29.700001,29.700001,1181.0,1181.0,1.4,4.947,28.93333,"February 20, 19",0.04947
0,2019-02-19,28.1,28.4,26.4,28.299999,28.299999,2246.0,2246.0,0.2,0.712,27.7,"February 19, 19",0.00712
0,2019-02-18,26.700001,28.35,26.6,27.049999,27.049999,5341.0,5341.0,0.35,1.311,27.33333,"February 18, 19",0.01311
0,2019-02-15,28.65,29.25,26.950001,27.200001,27.200001,1271.0,1271.0,-1.45,-5.061,27.8,"February 15, 19",-0.05061
0,2019-02-14,27.049999,28.700001,27.049999,27.9,27.9,662.0,662.0,0.85,3.142,27.88333,"February 14, 19",0.03142
0,2019-02-12,30.0,31.35,28.9,29.35,29.35,2178.0,2178.0,-0.65,-2.167,29.86667,"February 12, 19",-0.02167
0,2019-02-11,30.299999,31.799999,30.299999,30.4,30.4,11276.0,11276.0,0.1,0.33,30.83333,"February 11, 19",0.0033
0,2019-02-08,32.200001,32.200001,31.85,31.85,31.85,748.0,748.0,-0.35,-1.087,31.96667,"February 08, 19",-0.01087
0,2019-02-07,34.900002,34.900002,32.549999,33.5,33.5,3704.0,3704.0,-1.4,-4.011,33.65,"February 07, 19",-0.04011
0,2019-02-06,36.0,36.0,34.150002,34.25,34.25,865.0,865.0,-1.75,-4.861,34.8,"February 06, 19",-0.04861
0,2019-02-05,36.25,36.25,34.450001,35.5,35.5,2549.0,2549.0,-0.75,-2.069,35.4,"February 05, 19",-0.02069
0,2019-02-04,38.049999,38.049999,35.25,36.25,36.25,2111.0,2111.0,-1.8,-4.731,36.51667,"February 04, 19",-0.04731
0,2019-02-01,39.450001,39.450001,36.5,37.0,37.0,5876.0,5876.0,-2.45,-6.21,37.65,"February 01, 19",-0.0621
0,2019-01-31,39.349998,39.900002,37.450001,37.75,37.75,4955.0,4955.0,-1.6,-4.066,38.36667,"January 31, 19",-0.04066
0,2019-01-30,38.049999,39.900002,38.0,39.049999,39.049999,4388.0,4388.0,1.0,2.628,38.98333,"January 30, 19",0.02628
0,2019-01-29,38.299999,39.400002,37.900002,38.0,38.0,722.0,722.0,-0.3,-0.783,38.43333,"January 29, 19",-0.00783
0,2019-01-28,39.849998,41.049999,37.900002,38.150002,38.150002,9011.0,9011.0,-1.7,-4.266,39.03333,"January 28, 19",-0.04266
0,2019-01-25,40.0,41.549999,39.5,39.849998,39.849998,6013.0,6013.0,-0.15,-0.375,40.3,"January 25, 19",-0.00375
0,2019-01-24,40.099998,41.900002,39.200001,40.049999,40.049999,3334.0,3334.0,-0.05,-0.125,40.38333,"January 24, 19",-0.00125
0,2019-01-23,41.0,43.0,40.450001,40.900002,40.900002,4178.0,4178.0,-0.1,-0.244,41.45,"January 23, 19",-0.00244
0,2019-01-22,41.950001,42.900002,41.0,42.549999,42.549999,1537.0,1537.0,0.6,1.43,42.15,"January 22, 19",0.0143
0,2019-01-21,39.950001,42.75,39.950001,42.200001,42.200001,5522.0,5522.0,2.25,5.632,41.63333,"January 21, 19",0.05632
0,2019-01-18,42.950001,42.950001,40.0,41.049999,41.049999,9857.0,9857.0,-1.9,-4.424,41.33333,"January 18, 19",-0.04424
0,2019-01-17,43.700001,43.700001,41.900002,42.0,42.0,7316.0,7316.0,-1.7,-3.89,42.53333,"January 17, 19",-0.0389
0,2019-01-16,44.799999,44.799999,42.0,42.349998,42.349998,11585.0,11585.0,-2.45,-5.469,43.05,"January 16, 19",-0.05469
0,2019-01-15,45.099998,45.099998,43.75,43.900002,43.900002,7928.0,7928.0,-1.2,-2.661,44.25,"January 15, 19",-0.02661
0,2019-01-14,45.099998,47.900002,45.049999,45.400002,45.400002,3481.0,3481.0,0.3,0.665,46.11667,"January 14, 19",0.00665
0,2019-01-11,46.0,47.650002,45.099998,46.599998,46.599998,3903.0,3903.0,0.6,1.304,46.45,"January 11, 19",0.01304
0,2019-01-10,46.049999,48.5,45.200001,46.0,46.0,4512.0,4512.0,-0.05,-0.109,46.56667,"January 10, 19",-0.00109
0,2019-01-09,47.900002,48.650002,45.099998,47.599998,47.599998,17177.0,17177.0,-0.3,-0.626,47.11667,"January 09, 19",-0.00626
0,2019-01-08,50.0,50.0,45.950001,46.950001,46.950001,41798.0,41798.0,-3.05,-6.1,47.63333,"January 08, 19",-0.061
0,2019-01-07,60.0,61.099998,51.049999,51.049999,51.049999,135403.0,135403.0,-8.95,-14.917,54.4,"January 07, 19",-0.14917
0,2019-01-04,50.0,56.700001,50.0,56.700001,56.700001,123435.0,123435.0,6.7,13.4,54.46667,"January 04, 19",0.134
0,2019-01-03,42.0,48.150002,41.0,47.25,47.25,25128.0,25128.0,5.25,12.5,45.46667,"January 03, 19",0.125
0,2019-01-02,41.200001,41.75,39.549999,40.150002,40.150002,3224.0,3224.0,-1.05,-2.549,40.48333,"January 02, 19",-0.02549
0,2019-01-01,42.5,42.900002,40.0,41.349998,41.349998,4986.0,4986.0,-1.15,-2.706,41.41667,"January 01, 19",-0.02706
0,2018-12-31,43.0,43.150002,41.5,41.900002,41.900002,2299.0,2299.0,-1.1,-2.558,42.18333,"December 31, 18",-0.02558
0,2018-12-28,43.049999,43.099998,41.400002,42.75,42.75,2528.0,2528.0,-0.3,-0.697,42.41667,"December 28, 18",-0.00697
0,2018-12-27,42.0,43.0,40.349998,41.849998,41.849998,1190.0,1190.0,-0.15,-0.357,41.73333,"December 27, 18",-0.00357
0,2018-12-26,41.0,41.75,39.200001,41.299999,41.299999,3758.0,3758.0,0.3,0.732,40.75,"December 26, 18",0.00732
0,2018-12-24,42.200001,42.900002,41.349998,41.650002,41.650002,2451.0,2451.0,-0.55,-1.303,41.96667,"December 24, 18",-0.01303
0,2018-12-21,44.099998,44.25,41.349998,42.200001,42.200001,4163.0,4163.0,-1.9,-4.308,42.6,"December 21, 18",-0.04308
0,2018-12-20,43.299999,44.25,43.0,43.099998,43.099998,2181.0,2181.0,-0.2,-0.462,43.45,"December 20, 18",-0.00462
0,2018-12-19,44.5,44.5,42.5,43.25,43.25,4578.0,4578.0,-1.25,-2.809,43.41667,"December 19, 18",-0.02809
0,2018-12-18,44.950001,44.950001,42.299999,42.599998,42.599998,3566.0,3566.0,-2.35,-5.228,43.28333,"December 18, 18",-0.05228
0,2018-12-17,44.200001,47.049999,42.200001,43.150002,43.150002,8885.0,8885.0,-1.05,-2.376,44.13333,"December 17, 18",-0.02376
0,2018-12-14,46.799999,46.799999,43.799999,44.349998,44.349998,1215.0,1215.0,-2.45,-5.235,44.98333,"December 14, 18",-0.05235
0,2018-12-13,46.799999,46.799999,43.200001,44.799999,44.799999,5163.0,5163.0,-2.0,-4.274,44.93333,"December 13, 18",-0.04274
0,2018-12-12,42.400002,47.950001,42.049999,44.25,44.25,2171.0,2171.0,1.85,4.363,44.75,"December 12, 18",0.04363
0,2018-12-11,46.25,46.25,42.299999,43.25,43.25,4317.0,4317.0,-3.0,-6.486,43.93333,"December 11, 18",-0.06486
0,2018-12-10,46.549999,46.549999,44.0,44.200001,44.200001,3534.0,3534.0,-2.35,-5.048,44.91667,"December 10, 18",-0.05048
0,2018-12-07,47.849998,48.0,44.900002,45.0,45.0,1553.0,1553.0,-2.85,-5.956,45.96667,"December 07, 18",-0.05956
0,2018-12-06,49.549999,49.849998,45.200001,46.349998,46.349998,4723.0,4723.0,-3.2,-6.458,47.13333,"December 06, 18",-0.06458
0,2018-12-05,50.049999,50.049999,48.25,49.549999,49.549999,759.0,759.0,-0.5,-0.999,49.28333,"December 05, 18",-0.00999
0,2018-12-04,50.25,51.799999,48.5,49.799999,49.799999,3033.0,3033.0,-0.45,-0.896,50.03333,"December 04, 18",-0.00896
0,2018-12-03,51.450001,51.700001,48.700001,49.5,49.5,2889.0,2889.0,-1.95,-3.79,49.96667,"December 03, 18",-0.0379
0,2018-11-30,51.0,52.549999,49.299999,50.599998,50.599998,1254.0,1254.0,-0.4,-0.784,50.81667,"November 30, 18",-0.00784
0,2018-11-29,51.349998,51.349998,50.0,50.150002,50.150002,1750.0,1750.0,-1.2,-2.337,50.5,"November 29, 18",-0.02337
0,2018-11-28,50.0,52.799999,48.75,50.0,50.0,451.0,451.0,0.0,0.0,50.51667,"November 28, 18",0.0
0,2018-11-27,52.0,52.700001,48.700001,50.400002,50.400002,4755.0,4755.0,-1.6,-3.077,50.6,"November 27, 18",-0.03077
0,2018-11-26,51.5,52.650002,50.299999,52.0,52.0,1172.0,1172.0,0.5,0.971,51.65,"November 26, 18",0.00971
0,2018-11-22,50.799999,54.450001,50.799999,52.599998,52.599998,4313.0,4313.0,1.8,3.543,52.61667,"November 22, 18",0.03543
0,2018-11-21,52.150002,52.400002,50.549999,51.0,51.0,2182.0,2182.0,-1.15,-2.205,51.31667,"November 21, 18",-0.02205
0,2018-11-20,53.5,53.5,50.599998,51.599998,51.599998,2275.0,2275.0,-1.9,-3.551,51.9,"November 20, 18",-0.03551
0,2018-11-19,54.599998,55.049999,51.299999,52.700001,52.700001,519.0,519.0,-1.9,-3.48,53.01667,"November 19, 18",-0.0348
0,2018-11-16,52.599998,52.599998,52.599998,52.599998,52.599998,0.0,0.0,0.0,0.0,0.0,"November 16, 18",0.0
0,2018-11-15,56.75,56.75,50.950001,52.599998,52.599998,625.0,625.0,-4.15,-7.313,53.43333,"November 15, 18",-0.07313
0,2018-11-14,51.700001,54.900002,51.150002,52.900002,52.900002,4539.0,4539.0,1.2,2.321,52.98334,"November 14, 18",0.02321
0,2018-11-13,54.599998,54.650002,49.5,52.5,52.5,1545.0,1545.0,-2.1,-3.846,52.21667,"November 13, 18",-0.03846
0,2018-11-12,53.799999,55.25,51.099998,51.950001,51.950001,3208.0,3208.0,-1.85,-3.439,52.76667,"November 12, 18",-0.03439
0,2018-11-09,52.5,53.900002,52.099998,53.849998,53.849998,3496.0,3496.0,1.35,2.571,53.28333,"November 09, 18",0.02571
0,2018-11-07,50.400002,59.099998,50.200001,53.150002,53.150002,5768.0,5768.0,2.75,5.456,54.15,"November 07, 18",0.05456
0,2018-11-06,49.950001,53.549999,49.599998,50.099998,50.099998,1119.0,1119.0,0.15,0.3,51.08333,"November 06, 18",0.003
0,2018-11-05,54.349998,54.349998,49.0,49.849998,49.849998,3897.0,3897.0,-4.5,-8.28,51.06667,"November 05, 18",-0.0828
0,2018-11-02,50.5,53.349998,49.900002,52.549999,52.549999,5809.0,5809.0,2.05,4.059,51.93333,"November 02, 18",0.04059
0,2018-11-01,49.049999,49.5,46.450001,49.400002,49.400002,2683.0,2683.0,0.35,0.714,48.45,"November 01, 18",0.00714
0,2018-10-31,48.349998,49.900002,47.900002,48.700001,48.700001,1737.0,1737.0,0.35,0.724,48.83334,"October 31, 18",0.00724
0,2018-10-30,50.549999,52.349998,48.5,49.049999,49.049999,11227.0,11227.0,-1.5,-2.967,49.96667,"October 30, 18",-0.02967
0,2018-10-29,48.400002,52.75,48.400002,51.549999,51.549999,3621.0,3621.0,3.15,6.508,50.9,"October 29, 18",0.06508
0,2018-10-26,50.400002,52.549999,48.299999,48.599998,48.599998,2252.0,2252.0,-1.8,-3.571,49.81667,"October 26, 18",-0.03571
0,2018-10-25,52.049999,53.099998,48.0,50.299999,50.299999,2633.0,2633.0,-1.75,-3.362,50.46667,"October 25, 18",-0.03362
0,2018-10-24,51.549999,52.799999,50.799999,52.349998,52.349998,4064.0,4064.0,0.8,1.552,51.98333,"October 24, 18",0.01552
0,2018-10-23,50.150002,55.450001,50.150002,51.049999,51.049999,2689.0,2689.0,0.9,1.795,52.21667,"October 23, 18",0.01795
0,2018-10-22,54.349998,54.349998,52.400002,52.549999,52.549999,1199.0,1199.0,-1.8,-3.312,53.1,"October 22, 18",-0.03312
0,2018-10-19,53.599998,55.049999,52.400002,54.049999,54.049999,872.0,872.0,0.45,0.84,53.83333,"October 19, 18",0.0084
0,2018-10-17,54.299999,56.599998,54.099998,54.799999,54.799999,2799.0,2799.0,0.5,0.921,55.16667,"October 17, 18",0.00921
0,2018-10-16,55.200001,55.200001,53.5,54.0,54.0,1073.0,1073.0,-1.2,-2.174,54.23333,"October 16, 18",-0.02174
0,2018-10-15,53.400002,55.549999,52.599998,53.700001,53.700001,4285.0,4285.0,0.3,0.562,53.95,"October 15, 18",0.00562
0,2018-10-12,53.299999,55.549999,52.950001,53.349998,53.349998,4170.0,4170.0,0.05,0.094,53.95,"October 12, 18",0.00094
0,2018-10-11,52.599998,53.700001,50.099998,52.450001,52.450001,3173.0,3173.0,-0.15,-0.285,52.08333,"October 11, 18",-0.00285
0,2018-10-10,52.549999,54.900002,52.5,54.549999,54.549999,990.0,990.0,2.0,3.806,53.98333,"October 10, 18",0.03806
0,2018-10-09,53.849998,56.900002,52.099998,52.299999,52.299999,3651.0,3651.0,-1.55,-2.878,53.76667,"October 09, 18",-0.02878
0,2018-10-08,53.5,56.5,53.0,55.0,55.0,3455.0,3455.0,1.5,2.804,54.83333,"October 08, 18",0.02804
0,2018-10-05,58.75,58.799999,53.150002,53.5,53.5,14965.0,14965.0,-5.25,-8.936,55.15,"October 05, 18",-0.08936
0,2018-10-04,55.650002,59.150002,54.200001,54.849998,54.849998,5598.0,5598.0,-0.8,-1.438,56.06667,"October 04, 18",-0.01438
0,2018-10-03,58.049999,62.900002,58.0,58.599998,58.599998,13428.0,13428.0,0.55,0.947,59.83333,"October 03, 18",0.00947
0,2018-10-01,61.450001,64.5,52.25,60.599998,60.599998,13837.0,13837.0,-0.85,-1.383,59.11667,"October 01, 18",-0.01383
0,2018-09-28,55.549999,62.200001,55.0,58.299999,58.299999,10314.0,10314.0,2.75,4.95,58.5,"September 28, 18",0.0495
0,2018-09-27,57.049999,57.349998,54.0,55.549999,55.549999,5020.0,5020.0,-1.5,-2.629,55.63333,"September 27, 18",-0.02629
0,2018-09-26,57.049999,58.599998,55.099998,55.650002,55.650002,1801.0,1801.0,-1.4,-2.454,56.45,"September 26, 18",-0.02454
0,2018-09-25,59.0,61.799999,55.549999,57.599998,57.599998,7005.0,7005.0,-1.4,-2.373,58.31667,"September 25, 18",-0.02373
0,2018-09-24,64.849998,64.849998,59.25,60.849998,60.849998,22373.0,22373.0,-4.0,-6.168,61.65,"September 24, 18",-0.06168
0,2018-09-21,67.449997,67.550003,61.700001,62.700001,62.700001,3456.0,3456.0,-4.75,-7.042,63.98333,"September 21, 18",-0.07042
0,2018-09-19,67.5,67.849998,65.050003,65.150002,65.150002,1647.0,1647.0,-2.35,-3.481,66.01667,"September 19, 18",-0.03481
0,2018-09-18,68.0,68.25,66.349998,67.650002,67.650002,5930.0,5930.0,-0.35,-0.515,67.41667,"September 18, 18",-0.00515
0,2018-09-17,68.400002,69.75,66.300003,68.050003,68.050003,13416.0,13416.0,-0.35,-0.512,68.03334,"September 17, 18",-0.00512
0,2018-09-14,69.199997,69.449997,68.199997,68.650002,68.650002,4859.0,4859.0,-0.54999,-0.795,68.76667,"September 14, 18",-0.00795
0,2018-09-12,67.650002,70.050003,65.550003,69.0,69.0,27866.0,27866.0,1.35,1.996,68.2,"September 12, 18",0.01996
0,2018-09-11,68.099998,68.599998,65.300003,67.75,67.75,15487.0,15487.0,-0.35,-0.514,67.21667,"September 11, 18",-0.00514
0,2018-09-10,64.449997,67.949997,63.400002,67.25,67.25,10097.0,10097.0,2.8,4.344,66.2,"September 10, 18",0.04344
0,2018-09-07,66.0,66.050003,62.599998,64.75,64.75,3574.0,3574.0,-1.25,-1.894,64.46667,"September 07, 18",-0.01894
0,2018-09-06,65.550003,65.900002,63.200001,63.700001,63.700001,4794.0,4794.0,-1.85,-2.822,64.26667,"September 06, 18",-0.02822
0,2018-09-05,68.150002,68.150002,64.25,64.599998,64.599998,6080.0,6080.0,-3.55,-5.209,65.66667,"September 05, 18",-0.05209
0,2018-09-04,68.5,68.5,67.0,67.349998,67.349998,9681.0,9681.0,-1.15,-1.679,67.61667,"September 04, 18",-0.01679
0,2018-09-03,69.599998,69.650002,67.0,67.349998,67.349998,19490.0,19490.0,-2.25,-3.233,68.0,"September 03, 18",-0.03233
0,2018-08-31,69.550003,71.699997,69.0,69.650002,69.650002,14984.0,14984.0,0.1,0.144,70.11667,"August 31, 18",0.00144
0,2018-08-30,68.25,72.050003,68.25,69.849998,69.849998,11899.0,11899.0,1.6,2.344,70.05,"August 30, 18",0.02344
0,2018-08-29,68.0,73.400002,68.0,70.5,70.5,19005.0,19005.0,2.5,3.676,70.63333,"August 29, 18",0.03676
0,2018-08-28,67.550003,72.550003,67.0,71.199997,71.199997,34387.0,34387.0,3.64999,5.403,70.25,"August 28, 18",0.05403
0,2018-08-27,68.550003,69.300003,63.549999,67.150002,67.150002,8876.0,8876.0,-1.4,-2.042,66.66667,"August 27, 18",-0.02042
0,2018-08-24,65.150002,68.0,64.0,65.400002,65.400002,11452.0,11452.0,0.25,0.384,65.8,"August 24, 18",0.00384
0,2018-08-23,60.599998,66.199997,60.549999,65.300003,65.300003,17422.0,17422.0,4.70001,7.756,64.01667,"August 23, 18",0.07756
0,2018-08-21,57.0,61.5,55.450001,60.599998,60.599998,41842.0,41842.0,3.6,6.316,59.18333,"August 21, 18",0.06316
0,2018-08-20,53.700001,58.650002,53.700001,56.599998,56.599998,1034.0,1034.0,2.9,5.4,56.31667,"August 20, 18",0.054
0,2018-08-17,53.549999,58.900002,53.549999,56.049999,56.049999,10095.0,10095.0,2.5,4.669,56.16667,"August 17, 18",0.04669
0,2018-08-16,58.349998,58.349998,56.400002,56.950001,56.950001,11978.0,11978.0,-1.4,-2.399,57.23333,"August 16, 18",-0.02399
0,2018-08-14,60.400002,60.799999,56.0,57.200001,57.200001,32176.0,32176.0,-3.2,-5.298,58.0,"August 14, 18",-0.05298
0,2018-08-13,67.800003,67.800003,60.0,61.400002,61.400002,9255.0,9255.0,-6.4,-9.44,63.06667,"August 13, 18",-0.0944
0,2018-08-10,68.949997,68.949997,65.650002,66.349998,66.349998,5686.0,5686.0,-2.6,-3.771,66.98333,"August 10, 18",-0.03771
0,2018-08-09,68.650002,69.650002,65.0,67.300003,67.300003,29540.0,29540.0,-1.35,-1.966,67.31667,"August 09, 18",-0.01966
0,2018-08-08,74.449997,76.0,70.300003,71.25,71.25,22412.0,22412.0,-3.2,-4.298,72.51667,"August 08, 18",-0.04298
0,2018-08-07,72.949997,75.800003,71.599998,74.099998,74.099998,20163.0,20163.0,1.15,1.576,73.83333,"August 07, 18",0.01576
0,2018-08-06,74.699997,74.699997,71.0,72.449997,72.449997,9069.0,9069.0,-2.25,-3.012,72.71666,"August 06, 18",-0.03012
0,2018-08-03,70.849998,72.050003,70.0,70.150002,70.150002,28117.0,28117.0,-0.7,-0.988,70.73334,"August 03, 18",-0.00988
0,2018-08-02,70.300003,71.800003,69.199997,70.300003,70.300003,10885.0,10885.0,0.0,0.0,70.43333,"August 02, 18",0.0
0,2018-08-01,70.449997,72.650002,69.5,70.0,70.0,3900.0,3900.0,-0.45,-0.639,70.71667,"August 01, 18",-0.00639
0,2018-07-31,74.400002,74.400002,69.650002,70.300003,70.300003,8069.0,8069.0,-4.1,-5.511,71.45,"July 31, 18",-0.05511
0,2018-07-30,74.349998,74.400002,71.150002,71.5,71.5,2697.0,2697.0,-2.85,-3.833,72.35,"July 30, 18",-0.03833
0,2018-07-27,71.800003,73.150002,67.0,72.449997,72.449997,5578.0,5578.0,0.64999,0.905,70.86667,"July 27, 18",0.00905
0,2018-07-26,69.75,72.050003,69.300003,70.5,70.5,3592.0,3592.0,0.75,1.075,70.61667,"July 26, 18",0.01075
0,2018-07-25,70.0,73.0,70.0,70.5,70.5,4836.0,4836.0,0.5,0.714,71.16667,"July 25, 18",0.00714
0,2018-07-24,70.650002,73.0,69.5,70.75,70.75,5838.0,5838.0,0.1,0.142,71.08333,"July 24, 18",0.00142
0,2018-07-23,69.900002,73.050003,69.900002,70.699997,70.699997,6546.0,6546.0,0.79999,1.144,71.21667,"July 23, 18",0.01144
0,2018-07-20,70.550003,74.349998,69.300003,70.699997,70.699997,2470.0,2470.0,0.14999,0.213,71.45,"July 20, 18",0.00213
0,2018-07-19,76.800003,76.800003,67.0,71.349998,71.349998,3423.0,3423.0,-5.45001,-7.096,71.71667,"July 19, 18",-0.07096
0,2018-07-18,75.5,75.5,71.199997,72.599998,72.599998,4830.0,4830.0,-2.9,-3.841,73.1,"July 18, 18",-0.03841
0,2018-07-17,69.949997,76.349998,69.949997,73.75,73.75,1940.0,1940.0,3.8,5.432,73.35,"July 17, 18",0.05432
0,2018-07-16,74.050003,79.800003,74.0,75.300003,75.300003,18298.0,18298.0,1.25,1.688,76.36667,"July 16, 18",0.01688
0,2018-07-13,79.949997,80.0,73.599998,76.5,76.5,8047.0,8047.0,-3.45,-4.315,76.7,"July 13, 18",-0.04315
0,2018-07-12,76.800003,77.449997,72.050003,76.199997,76.199997,7716.0,7716.0,-0.60001,-0.781,75.23333,"July 12, 18",-0.00781
0,2018-07-11,76.449997,77.900002,74.349998,76.800003,76.800003,26090.0,26090.0,0.35001,0.458,76.35,"July 11, 18",0.00458
0,2018-07-10,71.650002,75.0,71.25,74.349998,74.349998,20564.0,20564.0,2.7,3.768,73.53333,"July 10, 18",0.03768
0,2018-07-09,73.650002,73.650002,70.300003,72.449997,72.449997,18148.0,18148.0,-1.20001,-1.629,72.13333,"July 09, 18",-0.01629
0,2018-07-06,71.099998,71.199997,69.300003,70.75,70.75,7130.0,7130.0,-0.35,-0.492,70.41667,"July 06, 18",-0.00492
0,2018-07-05,68.349998,70.449997,66.949997,69.699997,69.699997,9359.0,9359.0,1.35,1.975,69.03333,"July 05, 18",0.01975
0,2018-07-04,68.0,69.25,66.300003,67.599998,67.599998,2052.0,2052.0,-0.4,-0.588,67.71667,"July 04, 18",-0.00588
0,2018-07-03,66.0,71.099998,65.150002,67.75,67.75,2423.0,2423.0,1.75,2.652,68.0,"July 03, 18",0.02652
0,2018-07-02,66.949997,69.349998,66.25,66.550003,66.550003,2666.0,2666.0,-0.39999,-0.597,67.38333,"July 02, 18",-0.00597
0,2018-06-29,64.0,70.949997,64.0,67.650002,67.650002,5320.0,5320.0,3.65,5.703,67.53333,"June 29, 18",0.05703
0,2018-06-28,66.550003,71.25,66.550003,67.550003,67.550003,10001.0,10001.0,1.0,1.503,68.45,"June 28, 18",0.01503
0,2018-06-27,69.0,71.800003,67.0,68.25,68.25,8173.0,8173.0,-0.75,-1.087,69.01667,"June 27, 18",-0.01087
0,2018-06-26,70.400002,72.0,69.150002,69.400002,69.400002,9077.0,9077.0,-1.0,-1.42,70.18333,"June 26, 18",-0.0142
0,2018-06-25,75.25,75.25,70.400002,71.599998,71.599998,12664.0,12664.0,-3.65,-4.85,72.41667,"June 25, 18",-0.0485
0,2018-06-22,71.400002,74.050003,70.599998,72.0,72.0,9052.0,9052.0,0.6,0.84,72.21667,"June 22, 18",0.0084
0,2018-06-21,74.949997,75.550003,70.800003,72.599998,72.599998,3168.0,3168.0,-2.35,-3.135,72.98333,"June 21, 18",-0.03135
0,2018-06-20,76.650002,79.800003,73.5,74.099998,74.099998,14784.0,14784.0,-2.55,-3.327,75.8,"June 20, 18",-0.03327
0,2018-06-19,74.25,75.5,72.650002,74.199997,74.199997,5801.0,5801.0,-0.05,-0.067,74.11667,"June 19, 18",-0.00067
0,2018-06-18,77.849998,77.849998,73.349998,75.300003,75.300003,6805.0,6805.0,-2.54999,-3.276,75.5,"June 18, 18",-0.03276
0,2018-06-15,77.650002,79.0,76.0,76.699997,76.699997,6766.0,6766.0,-0.95001,-1.223,77.23333,"June 15, 18",-0.01223
0,2018-06-14,79.050003,81.599998,77.050003,77.949997,77.949997,10198.0,10198.0,-1.10001,-1.392,78.86667,"June 14, 18",-0.01392
0,2018-06-13,80.050003,81.75,78.800003,80.25,80.25,5961.0,5961.0,0.2,0.25,80.26667,"June 13, 18",0.0025
0,2018-06-12,81.050003,82.849998,80.099998,81.650002,81.650002,16297.0,16297.0,0.6,0.74,81.53333,"June 12, 18",0.0074
0,2018-06-11,79.449997,81.800003,78.050003,80.550003,80.550003,15859.0,15859.0,1.10001,1.385,80.13334,"June 11, 18",0.01385
0,2018-06-08,80.800003,80.800003,75.199997,76.599998,76.599998,20893.0,20893.0,-4.20001,-5.198,77.53333,"June 08, 18",-0.05198
0,2018-06-07,72.650002,79.349998,72.599998,78.699997,78.699997,33007.0,33007.0,6.04999,8.328,76.88333,"June 07, 18",0.08328
0,2018-06-06,71.0,73.75,70.800003,72.150002,72.150002,18834.0,18834.0,1.15,1.62,72.23334,"June 06, 18",0.0162
0,2018-06-05,77.699997,78.0,73.900002,74.099998,74.099998,12572.0,12572.0,-3.6,-4.633,75.33333,"June 05, 18",-0.04633
0,2018-06-04,84.849998,84.849998,77.050003,77.75,77.75,43985.0,43985.0,-7.1,-8.368,79.88333,"June 04, 18",-0.08368
0,2018-06-01,80.75,80.849998,80.75,80.849998,80.849998,12201.0,12201.0,0.1,0.124,80.81667,"June 01, 18",0.00124
0,2018-05-31,76.900002,77.0,76.900002,77.0,77.0,7016.0,7016.0,0.1,0.13,76.96667,"May 31, 18",0.0013
0,2018-05-30,73.349998,73.349998,73.349998,73.349998,73.349998,3670.0,3670.0,0.0,0.0,73.35,"May 30, 18",0.0
0,2018-05-29,69.150002,70.949997,68.050003,69.900002,69.900002,9609.0,9609.0,0.75,1.085,69.63333,"May 29, 18",0.01085
0,2018-05-28,68.449997,70.300003,67.5,70.199997,70.199997,10201.0,10201.0,1.75,2.557,69.33333,"May 28, 18",0.02557
0,2018-05-25,68.050003,68.050003,66.75,67.0,67.0,6693.0,6693.0,-1.05,-1.543,67.26667,"May 25, 18",-0.01543
0,2018-05-24,68.5,69.5,66.150002,68.25,68.25,11684.0,11684.0,-0.25,-0.365,67.96667,"May 24, 18",-0.00365
0,2018-05-23,66.449997,68.449997,65.550003,66.75,66.75,9281.0,9281.0,0.3,0.451,66.91667,"May 23, 18",0.00451
0,2018-05-22,65.050003,67.900002,65.050003,66.349998,66.349998,7265.0,7265.0,1.29999,1.998,66.43333,"May 22, 18",0.01998
0,2018-05-21,69.650002,73.900002,68.050003,68.050003,68.050003,7874.0,7874.0,-1.6,-2.297,70.0,"May 21, 18",-0.02297
0,2018-05-18,72.300003,73.050003,69.199997,71.599998,71.599998,8329.0,8329.0,-0.70001,-0.968,71.28333,"May 18, 18",-0.00968
0,2018-05-17,69.0,72.949997,69.0,72.300003,72.300003,15919.0,15919.0,3.3,4.783,71.41667,"May 17, 18",0.04783
0,2018-05-16,68.949997,70.900002,67.0,69.5,69.5,7775.0,7775.0,0.55,0.798,69.13333,"May 16, 18",0.00798
0,2018-05-15,65.099998,68.849998,64.0,68.0,68.0,21999.0,21999.0,2.9,4.455,66.95,"May 15, 18",0.04455
0,2018-05-14,69.0,69.050003,65.050003,65.599998,65.599998,13754.0,13754.0,-3.4,-4.928,66.56667,"May 14, 18",-0.04928
0,2018-05-11,71.949997,72.0,67.650002,68.449997,68.449997,29495.0,29495.0,-3.5,-4.864,69.36667,"May 11, 18",-0.04864
0,2018-05-10,71.0,73.900002,69.150002,70.599998,70.599998,42965.0,42965.0,-0.4,-0.563,71.21667,"May 10, 18",-0.00563
0,2018-05-09,72.150002,73.900002,71.5,72.0,72.0,9803.0,9803.0,-0.15,-0.208,72.46667,"May 09, 18",-0.00208
0,2018-05-08,74.650002,76.5,72.5,73.0,73.0,12954.0,12954.0,-1.65,-2.21,74.0,"May 08, 18",-0.0221
0,2018-05-07,74.400002,78.0,74.400002,74.800003,74.800003,20451.0,20451.0,0.4,0.538,75.73334,"May 07, 18",0.00538
0,2018-05-04,77.849998,80.0,75.0,75.550003,75.550003,32911.0,32911.0,-2.29999,-2.954,76.85,"May 04, 18",-0.02954
0,2018-05-03,74.949997,76.550003,70.099998,76.400002,76.400002,37021.0,37021.0,1.45001,1.935,74.35,"May 03, 18",0.01935
0,2018-05-02,76.949997,77.400002,72.5,72.949997,72.949997,23834.0,23834.0,-4.0,-5.198,74.28333,"May 02, 18",-0.05198
0,2018-04-30,75.75,78.449997,75.150002,76.0,76.0,17757.0,17757.0,0.25,0.33,76.53333,"April 30, 18",0.0033
0,2018-04-27,77.900002,80.900002,75.599998,77.550003,77.550003,63523.0,63523.0,-0.35,-0.449,78.01667,"April 27, 18",-0.00449
0,2018-04-26,85.0,85.75,78.400002,78.400002,78.400002,80300.0,80300.0,-6.6,-7.765,80.85,"April 26, 18",-0.07765
0,2018-04-25,96.900002,96.900002,87.099998,87.099998,87.099998,92452.0,92452.0,-9.8,-10.114,90.36667,"April 25, 18",-0.10114
0,2018-04-24,108.949997,113.550003,96.75,96.75,96.75,491580.0,491580.0,-12.2,-11.198,102.35,"April 24, 18",-0.11198
0,2018-04-23,101.650002,112.900002,98.050003,107.5,107.5,787548.0,787548.0,5.85,5.755,106.15,"April 23, 18",0.05755
0,2018-04-20,92.0,101.550003,90.150002,98.25,98.25,613955.0,613955.0,6.25,6.793,96.65,"April 20, 18",0.06793
0,2018-04-19,80.550003,95.449997,80.550003,92.449997,92.449997,635366.0,635366.0,11.89999,14.773,89.48333,"April 19, 18",0.14773
0,2018-04-18,74.75,82.0,73.349998,80.349998,80.349998,124267.0,124267.0,5.6,7.492,78.56667,"April 18, 18",0.07492
0,2018-04-17,73.300003,75.75,72.5,73.300003,73.300003,15266.0,15266.0,0.0,0.0,73.85,"April 17, 18",0.0
0,2018-04-16,75.050003,77.5,74.0,74.650002,74.650002,22110.0,22110.0,-0.4,-0.533,75.38333,"April 16, 18",-0.00533
0,2018-04-13,78.75,79.0,75.300003,76.400002,76.400002,30223.0,30223.0,-2.35,-2.984,76.9,"April 13, 18",-0.02984
0,2018-04-12,79.25,82.050003,77.050003,78.650002,78.650002,41724.0,41724.0,-0.6,-0.757,79.25,"April 12, 18",-0.00757
0,2018-04-11,78.75,84.75,78.199997,80.449997,80.449997,164449.0,164449.0,1.7,2.159,81.13333,"April 11, 18",0.02159
0,2018-04-10,70.550003,83.400002,69.099998,77.599998,77.599998,334486.0,334486.0,7.04999,9.993,76.7,"April 10, 18",0.09993
0,2018-04-09,71.349998,71.400002,68.349998,70.099998,70.099998,9859.0,9859.0,-1.25,-1.752,69.95,"April 09, 18",-0.01752
0,2018-04-06,70.949997,72.0,68.800003,69.800003,69.800003,11277.0,11277.0,-1.14999,-1.621,70.2,"April 06, 18",-0.01621
0,2018-04-05,69.449997,72.5,69.25,70.150002,70.150002,10090.0,10090.0,0.70001,1.008,70.63333,"April 05, 18",0.01008
0,2018-04-04,72.949997,73.300003,68.900002,69.400002,69.400002,28595.0,28595.0,-3.54999,-4.866,70.53334,"April 04, 18",-0.04866
0,2018-04-03,74.5,74.5,69.0,71.699997,71.699997,7594.0,7594.0,-2.8,-3.758,71.73333,"April 03, 18",-0.03758
0,2018-04-02,70.5,72.849998,68.75,71.800003,71.800003,23046.0,23046.0,1.3,1.844,71.13333,"April 02, 18",0.01844
0,2018-03-28,68.0,69.349998,66.400002,68.150002,68.150002,6769.0,6769.0,0.15,0.221,67.96667,"March 28, 18",0.00221
0,2018-03-27,68.050003,72.599998,66.400002,67.900002,67.900002,17805.0,17805.0,-0.15,-0.22,68.96667,"March 27, 18",-0.0022
0,2018-03-26,65.25,75.0,65.199997,68.300003,68.300003,57060.0,57060.0,3.05,4.674,69.5,"March 26, 18",0.04674
0,2018-03-23,64.300003,66.0,62.900002,65.050003,65.050003,21118.0,21118.0,0.75,1.166,64.65,"March 23, 18",0.01166
0,2018-03-22,68.0,70.949997,65.099998,66.400002,66.400002,24353.0,24353.0,-1.6,-2.353,67.48333,"March 22, 18",-0.02353
0,2018-03-21,69.0,71.900002,67.400002,68.25,68.25,29599.0,29599.0,-0.75,-1.087,69.18333,"March 21, 18",-0.01087
0,2018-03-20,62.400002,73.900002,62.400002,70.300003,70.300003,92560.0,92560.0,7.9,12.66,68.86667,"March 20, 18",0.1266
0,2018-03-19,69.75,69.75,64.099998,64.400002,64.400002,20307.0,20307.0,-5.35,-7.67,66.08333,"March 19, 18",-0.0767
0,2018-03-16,73.900002,74.699997,68.300003,69.349998,69.349998,25701.0,25701.0,-4.55,-6.157,70.78333,"March 16, 18",-0.06157
0,2018-03-15,73.800003,76.0,70.75,73.5,73.5,22371.0,22371.0,-0.3,-0.407,73.41667,"March 15, 18",-0.00407
0,2018-03-14,74.949997,77.300003,73.099998,73.75,73.75,32886.0,32886.0,-1.2,-1.601,74.71667,"March 14, 18",-0.01601
0,2018-03-13,72.300003,77.550003,72.0,74.400002,74.400002,67639.0,67639.0,2.1,2.905,74.65,"March 13, 18",0.02905
0,2018-03-12,68.599998,76.0,68.0,73.349998,73.349998,119705.0,119705.0,4.75,6.924,72.45,"March 12, 18",0.06924
0,2018-03-09,64.900002,73.900002,63.549999,68.849998,68.849998,184373.0,184373.0,3.95,6.086,68.76667,"March 09, 18",0.06086
0,2018-03-08,67.0,67.050003,60.200001,64.25,64.25,46231.0,46231.0,-2.75,-4.104,63.83333,"March 08, 18",-0.04104
0,2018-03-07,68.650002,69.300003,63.099998,64.849998,64.849998,42999.0,42999.0,-3.8,-5.535,65.75,"March 07, 18",-0.05535
0,2018-03-06,73.0,73.050003,67.550003,69.150002,69.150002,7416.0,7416.0,-3.85,-5.274,69.91667,"March 06, 18",-0.05274
0,2018-03-05,73.199997,73.25,69.199997,72.050003,72.050003,18359.0,18359.0,-1.14999,-1.571,71.5,"March 05, 18",-0.01571
0,2018-03-01,76.5,79.800003,72.199997,74.599998,74.599998,116830.0,116830.0,-1.9,-2.484,75.53333,"March 01, 18",-0.02484
0,2018-02-28,65.349998,79.900002,64.400002,77.449997,77.449997,547094.0,547094.0,12.1,18.516,73.91667,"February 28, 18",0.18516
0,2018-02-27,66.550003,68.050003,65.099998,66.900002,66.900002,39050.0,39050.0,0.35,0.526,66.68333,"February 27, 18",0.00526
0,2018-02-26,68.949997,68.949997,66.0,67.0,67.0,25796.0,25796.0,-1.95,-2.828,67.31667,"February 26, 18",-0.02828
0,2018-02-23,69.800003,69.800003,65.0,65.849998,65.849998,18445.0,18445.0,-3.95001,-5.659,66.88333,"February 23, 18",-0.05659
0,2018-02-22,69.0,69.050003,66.550003,67.050003,67.050003,16639.0,16639.0,-1.95,-2.826,67.55,"February 22, 18",-0.02826
0,2018-02-21,68.050003,76.0,67.349998,70.099998,70.099998,23605.0,23605.0,2.04999,3.012,71.15,"February 21, 18",0.03012
0,2018-02-20,72.550003,72.550003,67.099998,68.75,68.75,27126.0,27126.0,-3.8,-5.238,69.46667,"February 20, 18",-0.05238
0,2018-02-19,75.550003,77.599998,64.75,70.25,70.25,83284.0,83284.0,-5.3,-7.015,70.86667,"February 19, 18",-0.07015
0,2018-02-16,83.849998,83.849998,71.300003,73.300003,73.300003,76586.0,76586.0,-10.54999,-12.582,76.15,"February 16, 18",-0.12582
0,2018-02-15,91.349998,92.550003,77.5,78.550003,78.550003,82758.0,82758.0,-12.79999,-14.012,82.86667,"February 15, 18",-0.14012
0,2018-02-14,95.650002,97.0,89.050003,91.150002,91.150002,52757.0,52757.0,-4.5,-4.705,92.4,"February 14, 18",-0.04705
0,2018-02-12,93.5,99.650002,93.5,95.5,95.5,80172.0,80172.0,2.0,2.139,96.21667,"February 12, 18",0.02139
0,2018-02-09,95.5,99.349998,87.400002,93.5,93.5,138974.0,138974.0,-2.0,-2.094,93.41667,"February 09, 18",-0.02094
0,2018-02-08,89.5,104.449997,85.050003,96.199997,96.199997,646121.0,646121.0,6.7,7.486,95.23333,"February 08, 18",0.07486
0,2018-02-07,81.949997,94.349998,79.949997,87.25,87.25,712783.0,712783.0,5.3,6.467,87.18333,"February 07, 18",0.06467
0,2018-02-06,78.0,81.0,74.0,78.650002,78.650002,54551.0,54551.0,0.65,0.833,77.88333,"February 06, 18",0.00833
0,2018-02-05,67.599998,82.25,67.599998,81.300003,81.300003,134015.0,134015.0,13.70001,20.266,77.05,"February 05, 18",0.20266
0,2018-02-02,75.5,79.949997,70.75,74.800003,74.800003,33691.0,33691.0,-0.7,-0.927,75.16667,"February 02, 18",-0.00927
0,2018-02-01,81.449997,81.699997,76.599998,78.599998,78.599998,11493.0,11493.0,-2.85,-3.499,78.96666,"February 01, 18",-0.03499
0,2018-01-31,82.0,83.75,78.25,79.099998,79.099998,10202.0,10202.0,-2.9,-3.537,80.36667,"January 31, 18",-0.03537
0,2018-01-30,76.300003,82.0,76.300003,80.300003,80.300003,103695.0,103695.0,4.0,5.242,79.53334,"January 30, 18",0.05242
0,2018-01-29,76.949997,79.0,74.650002,78.050003,78.050003,5964.0,5964.0,1.10001,1.43,77.23334,"January 29, 18",0.0143
0,2018-01-25,78.5,79.849998,77.0,77.550003,77.550003,9807.0,9807.0,-0.95,-1.21,78.13333,"January 25, 18",-0.0121
0,2018-01-24,78.5,79.75,75.150002,78.75,78.75,76965.0,76965.0,0.25,0.318,77.88333,"January 24, 18",0.00318
0,2018-01-23,79.0,80.0,76.0,76.550003,76.550003,11479.0,11479.0,-2.45,-3.101,77.51667,"January 23, 18",-0.03101
0,2018-01-22,75.050003,80.949997,75.0,78.550003,78.550003,26094.0,26094.0,3.5,4.664,78.16667,"January 22, 18",0.04664
0,2018-01-19,77.0,78.5,74.099998,76.449997,76.449997,27205.0,27205.0,-0.55,-0.714,76.35,"January 19, 18",-0.00714
0,2018-01-18,74.449997,77.150002,72.599998,76.099998,76.099998,79545.0,79545.0,1.65,2.216,75.28333,"January 18, 18",0.02216
0,2018-01-17,73.449997,74.199997,68.599998,72.599998,72.599998,26677.0,26677.0,-0.85,-1.157,71.8,"January 17, 18",-0.01157
0,2018-01-16,76.449997,76.449997,69.099998,70.650002,70.650002,8754.0,8754.0,-5.79999,-7.587,72.06667,"January 16, 18",-0.07587
0,2018-01-15,76.300003,76.800003,72.050003,73.699997,73.699997,16752.0,16752.0,-2.60001,-3.408,74.18333,"January 15, 18",-0.03408
0,2018-01-12,74.150002,74.150002,71.349998,73.699997,73.699997,16959.0,16959.0,-0.45001,-0.607,73.06667,"January 12, 18",-0.00607
0,2018-01-11,75.349998,75.349998,72.0,73.0,73.0,5907.0,5907.0,-2.35,-3.119,73.45,"January 11, 18",-0.03119
0,2018-01-10,76.400002,76.550003,74.099998,74.449997,74.449997,4597.0,4597.0,-1.95001,-2.552,75.03333,"January 10, 18",-0.02552
0,2018-01-09,74.25,78.800003,74.25,76.25,76.25,26956.0,26956.0,2.0,2.694,76.43333,"January 09, 18",0.02694
0,2018-01-08,75.400002,76.199997,73.25,74.300003,74.300003,8432.0,8432.0,-1.1,-1.459,74.58333,"January 08, 18",-0.01459
0,2018-01-05,76.699997,77.400002,70.599998,75.099998,75.099998,22346.0,22346.0,-1.6,-2.086,74.36667,"January 05, 18",-0.02086
0,2018-01-04,71.0,76.699997,70.0,74.400002,74.400002,22512.0,22512.0,3.4,4.789,73.7,"January 04, 18",0.04789
0,2018-01-03,73.25,73.849998,69.5,71.400002,71.400002,4734.0,4734.0,-1.85,-2.526,71.58333,"January 03, 18",-0.02526
0,2018-01-02,75.5,76.0,71.550003,73.25,73.25,6999.0,6999.0,-2.25,-2.98,73.6,"January 02, 18",-0.0298
0,2018-01-01,74.349998,77.5,72.599998,74.25,74.25,8830.0,8830.0,-0.1,-0.134,74.78333,"January 01, 18",-0.00134
0,2017-12-29,70.0,74.75,67.699997,73.25,73.25,25185.0,25185.0,3.25,4.643,71.9,"December 29, 17",0.04643
0,2017-12-28,75.050003,75.050003,68.349998,71.650002,71.650002,21249.0,21249.0,-3.4,-4.53,71.68333,"December 28, 17",-0.0453
0,2017-12-27,75.199997,77.400002,74.050003,75.0,75.0,11032.0,11032.0,-0.2,-0.266,75.48334,"December 27, 17",-0.00266
0,2017-12-26,75.099998,78.75,75.099998,76.099998,76.099998,12974.0,12974.0,1.0,1.332,76.65,"December 26, 17",0.01332
0,2017-12-22,76.0,78.5,73.5,76.099998,76.099998,14558.0,14558.0,0.1,0.132,76.03333,"December 22, 17",0.00132
0,2017-12-21,81.800003,81.800003,75.550003,77.5,77.5,28949.0,28949.0,-4.3,-5.257,78.28334,"December 21, 17",-0.05257
0,2017-12-20,78.599998,78.599998,74.0,77.400002,77.400002,23348.0,23348.0,-1.2,-1.527,76.66667,"December 20, 17",-0.01527
0,2017-12-19,76.5,78.650002,75.800003,76.900002,76.900002,19740.0,19740.0,0.4,0.523,77.11667,"December 19, 17",0.00523
0,2017-12-18,77.0,79.0,74.550003,75.800003,75.800003,15449.0,15449.0,-1.2,-1.558,76.45,"December 18, 17",-0.01558
0,2017-12-15,75.550003,79.550003,75.550003,77.699997,77.699997,34733.0,34733.0,2.14999,2.846,77.6,"December 15, 17",0.02846
0,2017-12-14,79.0,81.300003,73.5,75.349998,75.349998,37368.0,37368.0,-3.65,-4.62,76.71667,"December 14, 17",-0.0462
0,2017-12-13,78.0,84.400002,73.050003,76.599998,76.599998,103136.0,103136.0,-1.4,-1.795,78.01667,"December 13, 17",-0.01795
0,2017-12-12,86.949997,86.949997,78.75,79.300003,79.300003,226523.0,226523.0,-7.64999,-8.798,81.66667,"December 12, 17",-0.08798
0,2017-12-11,77.800003,87.650002,60.299999,87.449997,87.449997,494333.0,494333.0,9.64999,12.404,78.46667,"December 11, 17",0.12404
0,2017-12-08,63.75,73.050003,62.700001,73.050003,73.050003,199820.0,199820.0,9.3,14.588,69.6,"December 08, 17",0.14588
0,2017-12-07,59.5,63.200001,59.5,60.900002,60.900002,5794.0,5794.0,1.4,2.353,61.2,"December 07, 17",0.02353
0,2017-12-06,59.25,60.0,58.75,59.5,59.5,2325.0,2325.0,0.25,0.422,59.41667,"December 06, 17",0.00422
0,2017-12-05,59.0,60.450001,58.200001,59.25,59.25,6390.0,6390.0,0.25,0.424,59.3,"December 05, 17",0.00424
0,2017-12-04,62.299999,64.599998,59.049999,60.450001,60.450001,9245.0,9245.0,-1.85,-2.97,61.36667,"December 04, 17",-0.0297
0,2017-12-01,61.5,64.599998,61.5,62.299999,62.299999,36946.0,36946.0,0.8,1.301,62.8,"December 01, 17",0.01301
0,2017-11-30,60.0,62.450001,59.099998,61.599998,61.599998,20086.0,20086.0,1.6,2.667,61.05,"November 30, 17",0.02667
0,2017-11-29,62.900002,62.900002,59.200001,60.099998,60.099998,22246.0,22246.0,-2.8,-4.452,60.73333,"November 29, 17",-0.04452
0,2017-11-28,65.0,65.0,60.349998,61.349998,61.349998,13476.0,13476.0,-3.65,-5.615,62.23333,"November 28, 17",-0.05615
0,2017-11-27,66.849998,66.849998,61.200001,62.400002,62.400002,40633.0,40633.0,-4.45,-6.657,63.48333,"November 27, 17",-0.06657
0,2017-11-24,66.599998,66.599998,62.099998,63.0,63.0,22074.0,22074.0,-3.6,-5.405,63.9,"November 24, 17",-0.05405
0,2017-11-23,64.949997,66.75,63.0,65.0,65.0,46256.0,46256.0,0.05,0.077,64.91667,"November 23, 17",0.00077
0,2017-11-22,58.549999,64.900002,56.200001,63.099998,63.099998,65590.0,65590.0,4.55,7.771,61.4,"November 22, 17",0.07771
0,2017-11-21,57.0,59.599998,55.049999,59.0,59.0,19471.0,19471.0,2.0,3.509,57.88333,"November 21, 17",0.03509
0,2017-11-20,53.049999,57.900002,51.700001,56.299999,56.299999,14834.0,14834.0,3.25,6.126,55.3,"November 20, 17",0.06126
0,2017-11-17,57.299999,57.299999,54.099998,54.400002,54.400002,11173.0,11173.0,-2.9,-5.061,55.26667,"November 17, 17",-0.05061
0,2017-11-16,58.5,58.5,52.700001,54.450001,54.450001,12665.0,12665.0,-4.05,-6.923,55.21667,"November 16, 17",-0.06923
0,2017-11-15,58.700001,58.700001,52.5,56.099998,56.099998,20517.0,20517.0,-2.6,-4.429,55.76667,"November 15, 17",-0.04429
0,2017-11-14,62.599998,62.700001,56.5,57.25,57.25,39371.0,39371.0,-5.35,-8.546,58.81667,"November 14, 17",-0.08546
0,2017-11-13,59.650002,61.150002,56.799999,60.450001,60.450001,176992.0,176992.0,0.8,1.341,59.46667,"November 13, 17",0.01341
0,2017-11-10,55.599998,55.599998,53.599998,55.599998,55.599998,108487.0,108487.0,0.0,0.0,54.93333,"November 10, 17",0.0
0,2017-11-09,51.0,52.900002,50.0,50.549999,50.549999,8644.0,8644.0,-0.45,-0.882,51.15,"November 09, 17",-0.00882
0,2017-11-08,48.150002,51.5,48.150002,51.200001,51.200001,8943.0,8943.0,3.05,6.334,50.28333,"November 08, 17",0.06334
0,2017-11-07,51.25,51.5,49.650002,50.849998,50.849998,4154.0,4154.0,-0.4,-0.78,50.66667,"November 07, 17",-0.0078
0,2017-11-06,52.0,52.0,47.150002,51.25,51.25,16055.0,16055.0,-0.75,-1.442,50.13333,"November 06, 17",-0.01442
0,2017-11-03,49.299999,52.0,49.299999,50.400002,50.400002,14785.0,14785.0,1.1,2.231,50.56667,"November 03, 17",0.02231
0,2017-11-02,48.0,50.799999,47.5,50.200001,50.200001,25283.0,25283.0,2.2,4.583,49.5,"November 02, 17",0.04583
0,2017-11-01,43.5,47.5,43.5,46.799999,46.799999,12388.0,12388.0,3.3,7.586,45.93333,"November 01, 17",0.07586
0,2017-10-31,46.5,46.5,44.099998,45.5,45.5,7811.0,7811.0,-1.0,-2.151,45.36667,"October 31, 17",-0.02151
0,2017-10-30,49.5,49.5,46.0,46.349998,46.349998,7362.0,7362.0,-3.15,-6.364,47.28333,"October 30, 17",-0.06364
0,2017-10-27,47.400002,48.950001,46.0,46.150002,46.150002,12312.0,12312.0,-1.25,-2.637,47.03333,"October 27, 17",-0.02637
0,2017-10-26,47.599998,48.700001,46.5,47.700001,47.700001,2680.0,2680.0,0.1,0.21,47.63333,"October 26, 17",0.0021
0,2017-10-25,50.099998,54.299999,48.450001,48.700001,48.700001,11327.0,11327.0,-1.4,-2.794,50.48333,"October 25, 17",-0.02794
0,2017-10-24,54.200001,54.200001,50.099998,50.849998,50.849998,3482.0,3482.0,-3.35,-6.181,51.71667,"October 24, 17",-0.06181
0,2017-10-23,51.0,53.0,48.75,51.849998,51.849998,8864.0,8864.0,0.85,1.667,51.2,"October 23, 17",0.01667
0,2017-10-19,52.900002,52.900002,50.200001,50.5,50.5,3285.0,3285.0,-2.4,-4.537,51.2,"October 19, 17",-0.04537
0,2017-10-18,50.049999,52.5,48.700001,51.049999,51.049999,15755.0,15755.0,1.0,1.998,50.75,"October 18, 17",0.01998
0,2017-10-17,51.5,54.0,48.700001,51.099998,51.099998,28753.0,28753.0,-0.4,-0.777,51.26667,"October 17, 17",-0.00777
0,2017-10-16,48.200001,52.0,48.099998,51.400002,51.400002,33028.0,33028.0,3.2,6.639,50.5,"October 16, 17",0.06639
0,2017-10-13,47.400002,49.0,47.349998,48.0,48.0,6912.0,6912.0,0.6,1.266,48.11667,"October 13, 17",0.01266
0,2017-10-12,48.599998,50.0,47.599998,47.849998,47.849998,8478.0,8478.0,-0.75,-1.543,48.48333,"October 12, 17",-0.01543
0,2017-10-11,51.5,52.0,49.599998,49.650002,49.650002,12901.0,12901.0,-1.85,-3.592,50.41667,"October 11, 17",-0.03592
0,2017-10-10,50.150002,53.400002,49.099998,51.099998,51.099998,9855.0,9855.0,0.95,1.894,51.2,"October 10, 17",0.01894
0,2017-10-09,48.5,51.900002,48.5,51.450001,51.450001,33313.0,33313.0,2.95,6.082,50.61667,"October 09, 17",0.06082
0,2017-10-06,46.599998,49.0,45.099998,48.5,48.5,38248.0,38248.0,1.9,4.077,47.53333,"October 06, 17",0.04077
0,2017-10-05,45.900002,47.0,43.5,44.799999,44.799999,25850.0,25850.0,-1.1,-2.397,45.1,"October 05, 17",-0.02397
0,2017-10-04,50.099998,52.950001,45.25,45.950001,45.950001,75055.0,75055.0,-4.15,-8.283,48.05,"October 04, 17",-0.08283
0,2017-10-03,56.849998,57.400002,50.200001,50.25,50.25,55265.0,55265.0,-6.6,-11.609,52.61667,"October 03, 17",-0.11609
0,2017-09-29,59.25,63.0,52.5,55.75,55.75,175680.0,175680.0,-3.5,-5.907,57.08333,"September 29, 17",-0.05907
0,2017-09-28,56.75,59.450001,55.549999,58.25,58.25,162417.0,162417.0,1.5,2.643,57.75,"September 28, 17",0.02643
0,2017-09-27,54.0,61.0,51.0,55.549999,55.549999,248449.0,248449.0,1.55,2.87,55.85,"September 27, 17",0.0287
0,2017-09-26,49.25,54.900002,44.599998,50.849998,50.849998,29852.0,29852.0,1.6,3.249,50.11667,"September 26, 17",0.03249
0,2017-09-25,46.099998,48.5,46.049999,47.549999,47.549999,28039.0,28039.0,1.45,3.145,47.36667,"September 25, 17",0.03145
0,2017-09-22,49.900002,50.400002,45.25,47.900002,47.900002,32622.0,32622.0,-2.0,-4.008,47.85,"September 22, 17",-0.04008
0,2017-09-21,43.950001,50.549999,43.0,48.75,48.75,77036.0,77036.0,4.8,10.922,47.43333,"September 21, 17",0.10922
0,2017-09-20,40.299999,43.700001,40.299999,42.150002,42.150002,49206.0,49206.0,1.85,4.591,42.05,"September 20, 17",0.04591
0,2017-09-19,39.5,42.5,39.5,41.25,41.25,26185.0,26185.0,1.75,4.43,41.08333,"September 19, 17",0.0443
0,2017-09-18,40.099998,43.0,37.0,39.849998,39.849998,26065.0,26065.0,-0.25,-0.623,39.95,"September 18, 17",-0.00623
0,2017-09-15,33.599998,39.0,33.599998,38.299999,38.299999,30507.0,30507.0,4.7,13.988,36.96667,"September 15, 17",0.13988
0,2017-09-14,40.200001,41.700001,36.049999,36.849998,36.849998,27440.0,27440.0,-3.35,-8.333,38.2,"September 14, 17",-0.08333
0,2017-09-13,43.349998,46.0,40.150002,41.200001,41.200001,61590.0,61590.0,-2.15,-4.96,42.45,"September 13, 17",-0.0496
0,2017-09-12,41.400002,46.200001,40.599998,43.299999,43.299999,250140.0,250140.0,1.9,4.589,43.36667,"September 12, 17",0.04589
0,2017-09-11,35.950001,38.5,31.200001,38.5,38.5,44668.0,44668.0,2.55,7.093,36.06667,"September 11, 17",0.07093
0,2017-09-08,30.450001,33.849998,30.4,32.099998,32.099998,5509.0,5509.0,1.65,5.419,32.11667,"September 08, 17",0.05419
0,2017-09-07,31.0,32.0,30.799999,31.299999,31.299999,3298.0,3298.0,0.3,0.968,31.36667,"September 07, 17",0.00968
0,2017-09-06,33.849998,33.849998,30.0,30.9,30.9,3021.0,3021.0,-2.95,-8.715,31.58333,"September 06, 17",-0.08715
0,2017-09-05,34.0,34.0,32.5,32.799999,32.799999,1402.0,1402.0,-1.2,-3.529,33.1,"September 05, 17",-0.03529
0,2017-09-04,34.599998,34.599998,32.0,33.599998,33.599998,11362.0,11362.0,-1.0,-2.89,33.4,"September 04, 17",-0.0289
0,2017-09-01,34.599998,34.599998,30.4,32.950001,32.950001,3884.0,3884.0,-1.65,-4.769,32.65,"September 01, 17",-0.04769
0,2017-08-31,34.900002,35.0,30.4,32.75,32.75,4844.0,4844.0,-2.15,-6.16,32.71667,"August 31, 17",-0.0616
0,2017-08-30,33.0,33.900002,31.25,33.299999,33.299999,1687.0,1687.0,0.3,0.909,32.81667,"August 30, 17",0.00909
0,2017-08-29,32.599998,33.0,31.0,32.200001,32.200001,3474.0,3474.0,-0.4,-1.227,32.06667,"August 29, 17",-0.01227
0,2017-08-28,31.0,32.599998,30.65,32.400002,32.400002,14006.0,14006.0,1.4,4.516,31.88333,"August 28, 17",0.04516
0,2017-08-24,29.0,30.5,29.0,30.5,30.5,6446.0,6446.0,1.5,5.172,30.0,"August 24, 17",0.05172
0,2017-08-23,28.0,30.0,28.0,29.6,29.6,1996.0,1996.0,1.6,5.714,29.2,"August 23, 17",0.05714
0,2017-08-22,28.0,30.450001,28.0,29.5,29.5,146.0,146.0,1.5,5.357,29.31667,"August 22, 17",0.05357
0,2017-08-21,28.299999,29.85,28.299999,29.0,29.0,3138.0,3138.0,0.7,2.473,29.05,"August 21, 17",0.02473
0,2017-08-18,27.549999,30.5,26.0,30.200001,30.200001,5890.0,5890.0,2.65,9.619,28.9,"August 18, 17",0.09619
0,2017-08-17,29.0,30.1,28.5,29.0,29.0,3113.0,3113.0,0.0,0.0,29.2,"August 17, 17",0.0
0,2017-08-16,29.5,30.0,25.6,29.1,29.1,5827.0,5827.0,-0.4,-1.356,28.23333,"August 16, 17",-0.01356
0,2017-08-14,27.15,29.5,27.15,28.6,28.6,704.0,704.0,1.45,5.341,28.41667,"August 14, 17",0.05341
0,2017-08-11,25.4,30.0,25.4,29.65,29.65,2048.0,2048.0,4.25,16.732,28.35,"August 11, 17",0.16732
0,2017-08-10,29.049999,32.0,26.799999,28.049999,28.049999,2441.0,2441.0,-1.0,-3.442,28.95,"August 10, 17",-0.03442
0,2017-08-09,31.0,32.0,29.0,30.299999,30.299999,16971.0,16971.0,-0.7,-2.258,30.43333,"August 09, 17",-0.02258
0,2017-08-08,28.5,32.700001,28.5,31.0,31.0,13867.0,13867.0,2.5,8.772,30.73333,"August 08, 17",0.08772
0,2017-08-07,30.5,31.35,29.4,30.5,30.5,3797.0,3797.0,0.0,0.0,30.41667,"August 07, 17",0.0
0,2017-08-04,29.700001,32.099998,29.5,30.65,30.65,11342.0,11342.0,0.95,3.199,30.75,"August 04, 17",0.03199
0,2017-08-03,28.450001,30.35,28.0,29.25,29.25,10901.0,10901.0,0.8,2.812,29.2,"August 03, 17",0.02812
0,2017-08-02,27.200001,28.299999,27.200001,28.0,28.0,1843.0,1843.0,0.8,2.941,27.83333,"August 02, 17",0.02941
0,2017-08-01,28.35,28.35,27.25,28.0,28.0,694.0,694.0,-0.35,-1.235,27.86667,"August 01, 17",-0.01235
0,2017-07-31,26.0,28.4,25.950001,28.0,28.0,22646.0,22646.0,2.0,7.692,27.45,"July 31, 17",0.07692
0,2017-07-28,25.0,27.450001,25.0,26.700001,26.700001,1286.0,1286.0,1.7,6.8,26.38333,"July 28, 17",0.068
0,2017-07-27,26.5,27.5,26.35,26.4,26.4,2499.0,2499.0,-0.1,-0.377,26.75,"July 27, 17",-0.00377
0,2017-07-26,27.4,28.0,26.6,27.5,27.5,2029.0,2029.0,0.1,0.365,27.36667,"July 26, 17",0.00365
0,2017-07-25,26.75,27.950001,26.75,27.1,27.1,1828.0,1828.0,0.35,1.308,27.26667,"July 25, 17",0.01308
0,2017-07-24,27.25,27.85,26.5,27.25,27.25,2382.0,2382.0,0.0,0.0,27.2,"July 24, 17",0.0
0,2017-07-21,26.5,27.0,26.5,27.0,27.0,1170.0,1170.0,0.5,1.887,26.83333,"July 21, 17",0.01887
0,2017-07-20,27.0,28.0,26.5,27.049999,27.049999,2605.0,2605.0,0.05,0.185,27.18333,"July 20, 17",0.00185
0,2017-07-19,24.950001,27.0,24.950001,26.85,26.85,11969.0,11969.0,1.9,7.615,26.26667,"July 19, 17",0.07615
0,2017-07-18,24.4,26.6,24.0,24.6,24.6,4211.0,4211.0,0.2,0.82,25.06667,"July 18, 17",0.0082
0,2017-07-17,25.0,25.1,24.200001,24.200001,24.200001,815.0,815.0,-0.8,-3.2,24.5,"July 17, 17",-0.032
0,2017-07-14,23.9,24.950001,23.85,24.950001,24.950001,913.0,913.0,1.05,4.393,24.58333,"July 14, 17",0.04393
0,2017-07-13,25.1,25.700001,23.950001,24.799999,24.799999,5853.0,5853.0,-0.3,-1.195,24.81667,"July 13, 17",-0.01195
0,2017-07-12,25.5,25.700001,25.0,25.65,25.65,195.0,195.0,0.15,0.588,25.45,"July 12, 17",0.00588
0,2017-07-11,25.85,26.5,24.700001,25.549999,25.549999,1768.0,1768.0,-0.3,-1.161,25.58333,"July 11, 17",-0.01161
0,2017-07-10,26.0,26.799999,25.700001,25.85,25.85,249.0,249.0,-0.15,-0.577,26.11667,"July 10, 17",-0.00577
0,2017-07-07,25.15,27.0,25.049999,25.9,25.9,850.0,850.0,0.75,2.982,25.98333,"July 07, 17",0.02982
0,2017-07-06,27.4,27.4,25.049999,26.5,26.5,3345.0,3345.0,-0.9,-3.285,26.31667,"July 06, 17",-0.03285
0,2017-07-05,24.5,27.5,24.049999,25.15,25.15,5542.0,5542.0,0.65,2.653,25.56667,"July 05, 17",0.02653
0,2017-07-04,24.0,25.950001,24.0,25.35,25.35,214.0,214.0,1.35,5.625,25.1,"July 04, 17",0.05625
0,2017-07-03,24.549999,25.35,23.5,24.950001,24.950001,2752.0,2752.0,0.4,1.629,24.6,"July 03, 17",0.01629
0,2017-06-30,24.200001,24.299999,23.5,23.65,23.65,3466.0,3466.0,-0.55,-2.273,23.81667,"June 30, 17",-0.02273
0,2017-06-29,23.5,25.25,23.5,24.5,24.5,1371.0,1371.0,1.0,4.255,24.41667,"June 29, 17",0.04255
0,2017-06-28,23.35,24.75,23.25,23.5,23.5,3168.0,3168.0,0.15,0.642,23.83333,"June 28, 17",0.00642
0,2017-06-27,26.35,26.35,24.5,24.9,24.9,7534.0,7534.0,-1.45,-5.503,25.25,"June 27, 17",-0.05503
0,2017-06-23,27.9,28.0,26.1,26.4,26.4,7731.0,7731.0,-1.5,-5.376,26.83333,"June 23, 17",-0.05376
0,2017-06-22,30.0,30.0,27.049999,28.25,28.25,4555.0,4555.0,-1.75,-5.833,28.43333,"June 22, 17",-0.05833
0,2017-06-21,27.65,28.75,27.0,27.4,27.4,2906.0,2906.0,-0.25,-0.904,27.71667,"June 21, 17",-0.00904
0,2017-06-20,30.25,30.299999,27.049999,28.450001,28.450001,2097.0,2097.0,-1.8,-5.95,28.6,"June 20, 17",-0.0595
0,2017-06-19,28.4,29.75,26.25,28.049999,28.049999,12094.0,12094.0,-0.35,-1.232,28.01667,"June 19, 17",-0.01232
0,2017-06-16,32.349998,32.450001,27.950001,28.35,28.35,44341.0,44341.0,-4.0,-12.365,29.58333,"June 16, 17",-0.12365
0,2017-06-15,27.200001,31.049999,27.200001,31.049999,31.049999,104022.0,104022.0,3.85,14.154,29.76667,"June 15, 17",0.14154
0,2017-06-14,23.0,26.4,22.5,25.9,25.9,16101.0,16101.0,2.9,12.609,24.93333,"June 14, 17",0.12609
0,2017-06-13,22.9,22.9,20.5,22.0,22.0,2177.0,2177.0,-0.9,-3.93,21.8,"June 13, 17",-0.0393
0,2017-06-12,22.75,22.950001,22.75,22.950001,22.950001,218.0,218.0,0.2,0.879,22.88333,"June 12, 17",0.00879
0,2017-06-09,23.4,23.4,21.549999,22.65,22.65,1468.0,1468.0,-0.75,-3.205,22.53333,"June 09, 17",-0.03205
0,2017-06-08,23.0,23.0,21.35,22.15,22.15,5005.0,5005.0,-0.85,-3.696,22.16667,"June 08, 17",-0.03696
0,2017-06-07,23.4,24.200001,21.5,22.65,22.65,11194.0,11194.0,-0.75,-3.205,22.78333,"June 07, 17",-0.03205
0,2017-06-06,25.35,25.35,23.4,23.65,23.65,4017.0,4017.0,-1.7,-6.706,24.13333,"June 06, 17",-0.06706
0,2017-06-05,25.0,26.450001,24.15,25.950001,25.950001,3566.0,3566.0,0.95,3.8,25.51667,"June 05, 17",0.038
0,2017-06-02,25.0,25.299999,24.5,24.5,24.5,232.0,232.0,-0.5,-2.0,24.76667,"June 02, 17",-0.02
0,2017-06-01,26.6,26.799999,24.0,24.700001,24.700001,2111.0,2111.0,-1.9,-7.143,25.16667,"June 01, 17",-0.07143
0,2017-05-31,24.0,26.0,23.6,25.9,25.9,536.0,536.0,1.9,7.917,25.16667,"May 31, 17",0.07917
0,2017-05-30,25.0,25.450001,23.049999,23.799999,23.799999,2312.0,2312.0,-1.2,-4.8,24.1,"May 30, 17",-0.048
0,2017-05-29,22.299999,25.5,21.700001,24.6,24.6,5023.0,5023.0,2.3,10.314,23.93333,"May 29, 17",0.10314
0,2017-05-26,21.200001,24.5,21.200001,24.049999,24.049999,2091.0,2091.0,2.85,13.443,23.25,"May 26, 17",0.13443
0,2017-05-25,23.65,24.9,23.049999,23.549999,23.549999,427.0,427.0,-0.1,-0.423,23.83333,"May 25, 17",-0.00423
0,2017-05-24,25.0,25.0,22.5,24.35,24.35,1098.0,1098.0,-0.65,-2.6,23.95,"May 24, 17",-0.026
0,2017-05-23,26.4,26.4,24.0,24.9,24.9,1944.0,1944.0,-1.5,-5.682,25.1,"May 23, 17",-0.05682
0,2017-05-22,25.4,26.299999,24.0,24.0,24.0,1784.0,1784.0,-1.4,-5.512,24.76667,"May 22, 17",-0.05512
0,2017-05-19,24.200001,26.4,23.1,23.950001,23.950001,10372.0,10372.0,-0.25,-1.033,24.48333,"May 19, 17",-0.01033
0,2017-05-18,23.200001,26.85,23.200001,25.0,25.0,296.0,296.0,1.8,7.759,25.01667,"May 18, 17",0.07759
0,2017-05-17,25.5,25.5,24.700001,25.450001,25.450001,259.0,259.0,-0.05,-0.196,25.21667,"May 17, 17",-0.00196
0,2017-05-16,25.200001,26.0,24.75,25.0,25.0,1083.0,1083.0,-0.2,-0.794,25.25,"May 16, 17",-0.00794
0,2017-05-15,25.0,26.15,24.299999,25.950001,25.950001,10250.0,10250.0,0.95,3.8,25.46667,"May 15, 17",0.038
0,2017-05-12,25.4,25.4,24.700001,24.9,24.9,225.0,225.0,-0.5,-1.969,25.0,"May 12, 17",-0.01969
0,2017-05-11,24.549999,25.5,24.5,25.5,25.5,240.0,240.0,0.95,3.87,25.16667,"May 11, 17",0.0387
0,2017-05-10,27.799999,27.799999,24.25,25.5,25.5,611.0,611.0,-2.3,-8.273,25.85,"May 10, 17",-0.08273
0,2017-05-09,26.200001,26.35,24.25,25.299999,25.299999,4334.0,4334.0,-0.9,-3.435,25.3,"May 09, 17",-0.03435
0,2017-05-08,26.5,26.75,25.700001,26.75,26.75,1200.0,1200.0,0.25,0.943,26.4,"May 08, 17",0.00943
0,2017-05-05,26.35,26.5,26.35,26.5,26.5,9.0,9.0,0.15,0.569,26.45,"May 05, 17",0.00569
0,2017-05-04,26.799999,26.799999,26.200001,26.75,26.75,228.0,228.0,-0.05,-0.187,26.58333,"May 04, 17",-0.00187
0,2017-05-03,26.5,27.0,25.0,26.85,26.85,1934.0,1934.0,0.35,1.321,26.28333,"May 03, 17",0.01321
0,2017-05-02,27.299999,27.450001,26.0,26.85,26.85,3842.0,3842.0,-0.45,-1.648,26.76667,"May 02, 17",-0.01648
0,2017-04-28,25.5,27.25,25.5,26.9,26.9,1781.0,1781.0,1.4,5.49,26.55,"April 28, 17",0.0549
0,2017-04-27,27.75,27.9,26.25,27.65,27.65,1986.0,1986.0,-0.1,-0.36,27.26667,"April 27, 17",-0.0036
0,2017-04-26,29.799999,29.799999,27.0,27.5,27.5,1428.0,1428.0,-2.3,-7.718,28.1,"April 26, 17",-0.07718
0,2017-04-25,28.0,28.0,27.0,27.799999,27.799999,3283.0,3283.0,-0.2,-0.714,27.6,"April 25, 17",-0.00714
0,2017-04-24,29.0,29.0,27.0,27.5,27.5,1451.0,1451.0,-1.5,-5.172,27.83333,"April 24, 17",-0.05172
0,2017-04-21,29.0,29.0,27.5,27.9,27.9,3740.0,3740.0,-1.1,-3.793,28.13333,"April 21, 17",-0.03793
0,2017-04-20,27.0,29.799999,26.0,28.049999,28.049999,20237.0,20237.0,1.05,3.889,27.95,"April 20, 17",0.03889
0,2017-04-19,30.0,30.0,27.25,27.450001,27.450001,2862.0,2862.0,-2.55,-8.5,28.23333,"April 19, 17",-0.085
0,2017-04-18,29.950001,29.950001,27.9,28.5,28.5,3400.0,3400.0,-1.45,-4.841,28.78333,"April 18, 17",-0.04841
0,2017-04-17,29.0,29.0,26.299999,27.799999,27.799999,348.0,348.0,-1.2,-4.138,27.7,"April 17, 17",-0.04138
0,2017-04-13,29.0,29.200001,27.0,29.049999,29.049999,4003.0,4003.0,0.05,0.172,28.41667,"April 13, 17",0.00172
0,2017-04-12,30.0,30.0,27.0,28.0,28.0,1488.0,1488.0,-2.0,-6.667,28.33333,"April 12, 17",-0.06667
0,2017-04-11,26.15,28.299999,26.15,27.35,27.35,120.0,120.0,1.2,4.589,27.26667,"April 11, 17",0.04589
0,2017-04-10,28.85,28.85,26.1,28.299999,28.299999,3501.0,3501.0,-0.55,-1.906,27.75,"April 10, 17",-0.01906
0,2017-04-07,27.299999,28.450001,27.1,27.85,27.85,1008.0,1008.0,0.55,2.015,27.8,"April 07, 17",0.02015
0,2017-04-06,28.0,28.450001,27.1,28.450001,28.450001,3740.0,3740.0,0.45,1.607,28.0,"April 06, 17",0.01607
0,2017-04-05,28.1,28.950001,27.6,28.5,28.5,5089.0,5089.0,0.4,1.423,28.35,"April 05, 17",0.01423
0,2017-04-03,30.700001,30.700001,29.049999,29.049999,29.049999,4914.0,4914.0,-1.65,-5.375,29.6,"April 03, 17",-0.05375
0,2017-03-31,29.15,29.25,29.15,29.25,29.25,3920.0,3920.0,0.1,0.343,29.21667,"March 31, 17",0.00343
0,2017-03-30,26.950001,27.9,26.950001,27.9,27.9,4093.0,4093.0,0.95,3.525,27.58333,"March 30, 17",0.03525
0,2017-03-29,28.65,28.65,26.15,26.6,26.6,1646.0,1646.0,-2.05,-7.155,27.13333,"March 29, 17",-0.07155
0,2017-03-28,26.700001,27.700001,26.700001,27.5,27.5,402.0,402.0,0.8,2.996,27.3,"March 28, 17",0.02996
0,2017-03-27,27.950001,27.950001,27.950001,27.950001,27.950001,6.0,6.0,0.0,0.0,27.95,"March 27, 17",0.0
0,2017-03-24,25.65,27.950001,25.65,27.0,27.0,1399.0,1399.0,1.35,5.263,26.86667,"March 24, 17",0.05263
0,2017-03-23,27.0,27.0,27.0,27.0,27.0,0.0,0.0,0.0,0.0,0.0,"March 23, 17",0.0
0,2017-03-22,27.0,27.0,27.0,27.0,27.0,0.0,0.0,0.0,0.0,0.0,"March 22, 17",0.0
0,2017-03-21,26.950001,27.0,26.950001,27.0,27.0,6.0,6.0,0.05,0.186,26.98333,"March 21, 17",0.00186
0,2017-03-20,25.4,27.5,25.4,26.65,26.65,300.0,300.0,1.25,4.921,26.51667,"March 20, 17",0.04921
0,2017-03-17,27.700001,27.700001,25.549999,26.700001,26.700001,550.0,550.0,-1.0,-3.61,26.65,"March 17, 17",-0.0361
0,2017-03-16,26.700001,26.700001,26.450001,26.450001,26.450001,240.0,240.0,-0.25,-0.936,26.53333,"March 16, 17",-0.00936
0,2017-03-15,24.299999,26.700001,24.299999,26.450001,26.450001,700.0,700.0,2.15,8.848,25.81667,"March 15, 17",0.08848
0,2017-03-14,26.35,26.35,25.4,25.5,25.5,4874.0,4874.0,-0.85,-3.226,25.75,"March 14, 17",-0.03226
0,2017-03-10,26.85,27.6,25.1,25.1,25.1,462.0,462.0,-1.75,-6.518,25.93333,"March 10, 17",-0.06518
0,2017-03-09,26.25,28.299999,26.15,26.299999,26.299999,6480.0,6480.0,0.05,0.19,26.91667,"March 09, 17",0.0019
0,2017-03-08,28.700001,28.700001,27.5,27.5,27.5,400.0,400.0,-1.2,-4.181,27.9,"March 08, 17",-0.04181
0,2017-03-07,28.85,28.9,27.450001,28.0,28.0,1990.0,1990.0,-0.85,-2.946,28.11667,"March 07, 17",-0.02946
0,2017-03-06,26.75,29.35,26.6,28.85,28.85,5680.0,5680.0,2.1,7.85,28.26667,"March 06, 17",0.0785
0,2017-03-03,30.0,30.0,28.0,28.0,28.0,1685.0,1685.0,-2.0,-6.667,28.66667,"March 03, 17",-0.06667
0,2017-03-02,29.049999,29.950001,28.5,28.700001,28.700001,6655.0,6655.0,-0.35,-1.205,29.05,"March 02, 17",-0.01205
0,2017-03-01,29.5,30.049999,29.0,30.0,30.0,2013.0,2013.0,0.5,1.695,29.68333,"March 01, 17",0.01695
0,2017-02-28,29.5,30.200001,29.5,29.9,29.9,322.0,322.0,0.4,1.356,29.86667,"February 28, 17",0.01356
0,2017-02-27,30.0,30.0,28.25,28.799999,28.799999,3986.0,3986.0,-1.2,-4.0,29.01667,"February 27, 17",-0.04
0,2017-02-23,29.049999,30.25,29.0,29.5,29.5,4066.0,4066.0,0.45,1.549,29.58333,"February 23, 17",0.01549
0,2017-02-22,29.5,29.9,28.799999,29.799999,29.799999,9100.0,9100.0,0.3,1.017,29.5,"February 22, 17",0.01017
0,2017-02-21,29.0,29.5,28.5,28.700001,28.700001,7632.0,7632.0,-0.3,-1.034,28.9,"February 21, 17",-0.01034
0,2017-02-20,26.25,28.75,26.25,28.75,28.75,4897.0,4897.0,2.5,9.524,27.91667,"February 20, 17",0.09524
0,2017-02-17,26.0,28.0,26.0,27.5,27.5,788.0,788.0,1.5,5.769,27.16667,"February 17, 17",0.05769
0,2017-02-16,25.0,26.799999,24.6,26.75,26.75,3116.0,3116.0,1.75,7.0,26.05,"February 16, 17",0.07
0,2017-02-15,26.85,26.85,25.549999,25.700001,25.700001,2405.0,2405.0,-1.15,-4.283,26.03333,"February 15, 17",-0.04283
0,2017-02-14,27.0,27.0,25.700001,26.85,26.85,470.0,470.0,-0.15,-0.556,26.51667,"February 14, 17",-0.00556
0,2017-02-13,26.700001,27.450001,26.700001,27.049999,27.049999,2229.0,2229.0,0.35,1.311,27.06667,"February 13, 17",0.01311
0,2017-02-10,27.75,28.1,26.549999,28.1,28.1,115.0,115.0,0.35,1.261,27.58333,"February 10, 17",0.01261
0,2017-02-09,27.35,28.5,27.35,27.700001,27.700001,2502.0,2502.0,0.35,1.28,27.85,"February 09, 17",0.0128
0,2017-02-08,28.5,28.799999,27.0,28.75,28.75,2562.0,2562.0,0.25,0.877,28.18333,"February 08, 17",0.00877
0,2017-02-07,28.5,28.65,27.450001,27.450001,27.450001,1122.0,1122.0,-1.05,-3.684,27.85,"February 07, 17",-0.03684
0,2017-02-06,28.799999,29.450001,28.0,28.85,28.85,230.0,230.0,0.05,0.174,28.76667,"February 06, 17",0.00174
0,2017-02-03,28.0,29.450001,28.0,29.450001,29.450001,156.0,156.0,1.45,5.179,28.96667,"February 03, 17",0.05179
0,2017-02-02,28.1,29.9,28.1,29.35,29.35,523.0,523.0,1.25,4.448,29.11667,"February 02, 17",0.04448
0,2017-02-01,30.25,30.25,28.1,29.15,29.15,2140.0,2140.0,-1.1,-3.636,29.16667,"February 01, 17",-0.03636
0,2017-01-31,28.0,28.9,28.0,28.85,28.85,73.0,73.0,0.85,3.036,28.58333,"January 31, 17",0.03036
0,2017-01-30,30.299999,30.299999,27.75,27.950001,27.950001,1026.0,1026.0,-2.35,-7.756,28.66667,"January 30, 17",-0.07756
0,2017-01-27,28.5,29.799999,28.5,28.9,28.9,1124.0,1124.0,0.4,1.404,29.06667,"January 27, 17",0.01404
0,2017-01-25,27.6,29.5,27.549999,29.200001,29.200001,9250.0,9250.0,1.6,5.797,28.75,"January 25, 17",0.05797
0,2017-01-24,27.6,28.6,27.6,28.1,28.1,1910.0,1910.0,0.5,1.812,28.1,"January 24, 17",0.01812
0,2017-01-23,29.0,29.0,27.5,27.5,27.5,1294.0,1294.0,-1.5,-5.172,28.0,"January 23, 17",-0.05172
0,2017-01-20,27.5,28.85,27.5,28.5,28.5,2290.0,2290.0,1.0,3.636,28.28333,"January 20, 17",0.03636
0,2017-01-19,28.6,28.6,27.5,27.5,27.5,631.0,631.0,-1.1,-3.846,27.86667,"January 19, 17",-0.03846
0,2017-01-18,28.6,28.65,27.549999,28.25,28.25,3848.0,3848.0,-0.35,-1.224,28.15,"January 18, 17",-0.01224
0,2017-01-17,25.5,27.549999,25.5,27.299999,27.299999,6200.0,6200.0,1.8,7.059,26.78333,"January 17, 17",0.07059
0,2017-01-16,24.1,26.25,23.85,26.25,26.25,10376.0,10376.0,2.15,8.921,25.45,"January 16, 17",0.08921
0,2017-01-13,24.549999,25.700001,23.85,25.0,25.0,1811.0,1811.0,0.45,1.833,24.85,"January 13, 17",0.01833
0,2017-01-12,24.35,24.85,24.299999,24.549999,24.549999,621.0,621.0,0.2,0.821,24.56667,"January 12, 17",0.00821
0,2017-01-11,24.1,25.0,24.0,24.049999,24.049999,2773.0,2773.0,-0.05,-0.207,24.35,"January 11, 17",-0.00207
0,2017-01-10,25.549999,25.549999,23.85,24.6,24.6,1757.0,1757.0,-0.95,-3.718,24.66667,"January 10, 17",-0.03718
0,2017-01-09,23.85,24.85,23.85,24.450001,24.450001,496.0,496.0,0.6,2.516,24.38333,"January 09, 17",0.02516
0,2017-01-06,25.950001,25.950001,23.65,23.85,23.85,2509.0,2509.0,-2.1,-8.092,24.48333,"January 06, 17",-0.08092
0,2017-01-05,26.700001,26.75,24.6,24.85,24.85,2614.0,2614.0,-1.85,-6.929,25.4,"January 05, 17",-0.06929
0,2017-01-04,26.200001,26.200001,25.25,25.6,25.6,1053.0,1053.0,-0.6,-2.29,25.68333,"January 04, 17",-0.0229
0,2017-01-03,24.15,26.6,24.15,26.299999,26.299999,2899.0,2899.0,2.15,8.903,25.68333,"January 03, 17",0.08903
0,2017-01-02,25.5,25.549999,23.65,25.4,25.4,159.0,159.0,-0.1,-0.392,24.86667,"January 02, 17",-0.00392
0,2016-12-30,23.9,24.450001,23.450001,24.450001,24.450001,3028.0,3028.0,0.55,2.301,24.11667,"December 30, 16",0.02301
0,2016-12-29,24.6,24.6,22.549999,23.299999,23.299999,1788.0,1788.0,-1.3,-5.285,23.48333,"December 29, 16",-0.05285
0,2016-12-28,24.0,24.9,23.35,23.450001,23.450001,2107.0,2107.0,-0.55,-2.292,23.9,"December 28, 16",-0.02292
0,2016-12-27,24.0,24.6,23.6,24.549999,24.549999,382.0,382.0,0.55,2.292,24.25,"December 27, 16",0.02292
0,2016-12-26,24.0,25.9,23.6,24.0,24.0,988.0,988.0,0.0,0.0,24.5,"December 26, 16",0.0
0,2016-12-23,26.9,26.9,24.700001,24.799999,24.799999,1405.0,1405.0,-2.1,-7.807,25.46667,"December 23, 16",-0.07807
0,2016-12-22,25.4,26.0,24.65,26.0,26.0,5356.0,5356.0,0.6,2.362,25.55,"December 22, 16",0.02362
0,2016-12-21,23.85,25.1,23.85,24.799999,24.799999,679.0,679.0,0.95,3.983,24.58333,"December 21, 16",0.03983
0,2016-12-20,24.35,25.950001,24.15,24.5,24.5,3791.0,3791.0,0.15,0.616,24.86667,"December 20, 16",0.00616
0,2016-12-19,27.200001,27.200001,25.25,25.4,25.4,1497.0,1497.0,-1.8,-6.618,25.95,"December 19, 16",-0.06618
0,2016-12-16,28.450001,28.450001,26.299999,26.549999,26.549999,3302.0,3302.0,-1.9,-6.678,27.1,"December 16, 16",-0.06678
0,2016-12-15,28.9,28.9,27.450001,27.65,27.65,5864.0,5864.0,-1.25,-4.325,28.0,"December 15, 16",-0.04325
0,2016-12-14,32.5,32.5,28.6,28.9,28.9,4335.0,4335.0,-3.6,-11.077,30.0,"December 14, 16",-0.11077
0,2016-12-13,30.549999,34.5,29.6,30.1,30.1,8483.0,8483.0,-0.45,-1.473,31.4,"December 13, 16",-0.01473
0,2016-12-12,33.0,34.75,30.5,32.799999,32.799999,1484.0,1484.0,-0.2,-0.606,32.68333,"December 12, 16",-0.00606
0,2016-12-09,36.450001,37.049999,32.0,33.049999,33.049999,36206.0,36206.0,-3.4,-9.328,34.03333,"December 09, 16",-0.09328
0,2016-12-08,30.5,35.549999,30.5,35.549999,35.549999,45091.0,45091.0,5.05,16.557,33.86667,"December 08, 16",0.16557
0,2016-12-07,28.85,30.9,25.25,29.65,29.65,4658.0,4658.0,0.8,2.773,28.6,"December 07, 16",0.02773
0,2016-12-06,26.200001,31.9,26.200001,28.75,28.75,5517.0,5517.0,2.55,9.733,28.95,"December 06, 16",0.09733
0,2016-12-05,28.0,29.0,27.0,27.0,27.0,3673.0,3673.0,-1.0,-3.571,27.66667,"December 05, 16",-0.03571
0,2016-12-02,25.0,27.049999,25.0,26.25,26.25,54087.0,54087.0,1.25,5.0,26.1,"December 02, 16",0.05
0,2016-12-01,24.0,24.0,22.549999,22.549999,22.549999,40.0,40.0,-1.45,-6.042,23.03333,"December 01, 16",-0.06042
0,2016-11-30,24.1,24.1,24.1,24.1,24.1,0.0,0.0,0.0,0.0,0.0,"November 30, 16",0.0
0,2016-11-29,23.9,25.5,23.85,24.1,24.1,2646.0,2646.0,0.2,0.837,24.48333,"November 29, 16",0.00837
0,2016-11-28,22.0,24.5,22.0,23.200001,23.200001,85.0,85.0,1.2,5.455,23.23333,"November 28, 16",0.05455
0,2016-11-25,22.35,24.4,22.299999,24.4,24.4,225.0,225.0,2.05,9.172,23.7,"November 25, 16",0.09172
0,2016-11-24,24.75,24.75,24.75,24.75,24.75,0.0,0.0,0.0,0.0,0.0,"November 24, 16",0.0
0,2016-11-23,21.5,25.4,21.25,24.75,24.75,1150.0,1150.0,3.25,15.116,23.8,"November 23, 16",0.15116
0,2016-11-22,23.75,23.75,21.6,23.6,23.6,4100.0,4100.0,-0.15,-0.632,22.98333,"November 22, 16",-0.00632
0,2016-11-21,24.0,24.0,22.049999,22.049999,22.049999,259.0,259.0,-1.95,-8.125,22.7,"November 21, 16",-0.08125
0,2016-11-18,22.25,24.4,22.200001,23.799999,23.799999,517.0,517.0,1.55,6.966,23.46667,"November 18, 16",0.06966
0,2016-11-17,24.25,24.25,22.25,22.25,22.25,370.0,370.0,-2.0,-8.247,22.91667,"November 17, 16",-0.08247
0,2016-11-16,24.5,26.799999,23.5,24.25,24.25,2060.0,2060.0,-0.25,-1.02,24.85,"November 16, 16",-0.0102
0,2016-11-15,24.0,25.0,22.049999,24.4,24.4,1894.0,1894.0,0.4,1.667,23.81667,"November 15, 16",0.01667
0,2016-11-11,23.950001,24.75,23.950001,24.5,24.5,1580.0,1580.0,0.55,2.296,24.4,"November 11, 16",0.02296
0,2016-11-10,23.65,23.799999,22.450001,23.549999,23.549999,959.0,959.0,-0.1,-0.423,23.26667,"November 10, 16",-0.00423
0,2016-11-09,23.700001,23.700001,23.700001,23.700001,23.700001,0.0,0.0,0.0,0.0,0.0,"November 09, 16",0.0
0,2016-11-08,23.700001,23.700001,23.700001,23.700001,23.700001,0.0,0.0,0.0,0.0,0.0,"November 08, 16",0.0
0,2016-11-07,21.6,23.700001,21.6,23.700001,23.700001,146.0,146.0,2.1,9.722,23.0,"November 07, 16",0.09722
0,2016-11-04,23.1,24.0,22.65,24.0,24.0,1515.0,1515.0,0.9,3.896,23.55,"November 04, 16",0.03896
0,2016-11-03,22.0,25.450001,22.0,25.0,25.0,5238.0,5238.0,3.0,13.636,24.15,"November 03, 16",0.13636
0,2016-11-02,21.75,24.5,21.700001,23.15,23.15,950.0,950.0,1.4,6.437,23.11667,"November 02, 16",0.06437
0,2016-11-01,22.450001,24.6,22.450001,24.1,24.1,871.0,871.0,1.65,7.35,23.71667,"November 01, 16",0.0735
0,2016-10-28,25.0,25.0,22.6,22.6,22.6,118.0,118.0,-2.4,-9.6,23.4,"October 28, 16",-0.096
0,2016-10-27,25.0,25.0,22.700001,23.5,23.5,1931.0,1931.0,-1.5,-6.0,23.73333,"October 27, 16",-0.06
0,2016-10-26,24.85,25.4,22.549999,23.75,23.75,2780.0,2780.0,-1.1,-4.427,23.9,"October 26, 16",-0.04427
0,2016-10-25,25.0,25.5,23.5,25.0,25.0,1450.0,1450.0,0.0,0.0,24.66667,"October 25, 16",0.0
0,2016-10-24,24.0,24.799999,23.0,24.049999,24.049999,4531.0,4531.0,0.05,0.208,23.95,"October 24, 16",0.00208
0,2016-10-21,23.200001,23.700001,21.5,22.700001,22.700001,4517.0,4517.0,-0.5,-2.155,22.63333,"October 21, 16",-0.02155
0,2016-10-20,19.25,22.450001,19.25,21.9,21.9,5346.0,5346.0,2.65,13.766,21.2,"October 20, 16",0.13766
0,2016-10-19,19.049999,20.950001,19.049999,20.450001,20.450001,160.0,160.0,1.4,7.349,20.15,"October 19, 16",0.07349
0,2016-10-18,21.0,21.0,19.5,20.75,20.75,1020.0,1020.0,-0.25,-1.19,20.41667,"October 18, 16",-0.0119
0,2016-10-17,21.0,21.0,20.799999,20.799999,20.799999,150.0,150.0,-0.2,-0.952,20.86667,"October 17, 16",-0.00952
0,2016-10-14,21.450001,21.450001,19.65,20.0,20.0,1414.0,1414.0,-1.45,-6.76,20.36667,"October 14, 16",-0.0676
0,2016-10-13,18.549999,20.700001,18.549999,19.6,19.6,412.0,412.0,1.05,5.66,19.61667,"October 13, 16",0.0566
0,2016-10-10,18.6,19.4,18.6,19.0,19.0,520.0,520.0,0.4,2.151,19.0,"October 10, 16",0.02151
0,2016-10-07,19.1,19.5,18.0,19.450001,19.450001,472.0,472.0,0.35,1.832,18.98333,"October 07, 16",0.01832
0,2016-10-06,20.85,20.85,18.299999,19.0,19.0,200.0,200.0,-1.85,-8.873,19.38333,"October 06, 16",-0.08873
0,2016-10-05,19.049999,20.799999,19.049999,19.25,19.25,152.0,152.0,0.2,1.05,19.7,"October 05, 16",0.0105
0,2016-10-04,19.049999,19.049999,19.049999,19.049999,19.049999,1.0,1.0,0.0,0.0,19.05,"October 04, 16",0.0
0,2016-10-03,19.0,19.0,19.0,19.0,19.0,11.0,11.0,0.0,0.0,19.0,"October 03, 16",0.0
0,2016-09-30,19.0,19.0,19.0,19.0,19.0,0.0,0.0,0.0,0.0,0.0,"September 30, 16",0.0
0,2016-09-29,19.299999,19.950001,18.0,19.0,19.0,1062.0,1062.0,-0.3,-1.554,18.98333,"September 29, 16",-0.01554
0,2016-09-28,19.549999,20.0,19.5,20.0,20.0,1601.0,1601.0,0.45,2.302,19.83333,"September 28, 16",0.02302
0,2016-09-27,19.700001,20.0,19.5,19.5,19.5,303.0,303.0,-0.2,-1.015,19.66667,"September 27, 16",-0.01015
0,2016-09-26,21.450001,21.450001,19.799999,19.799999,19.799999,961.0,961.0,-1.65,-7.692,20.35,"September 26, 16",-0.07692
0,2016-09-23,21.85,21.85,19.549999,19.549999,19.549999,482.0,482.0,-2.3,-10.526,20.31667,"September 23, 16",-0.10526
0,2016-09-22,20.5,21.4,20.049999,20.15,20.15,2095.0,2095.0,-0.35,-1.707,20.53333,"September 22, 16",-0.01707
0,2016-09-21,21.049999,22.549999,20.0,21.299999,21.299999,227.0,227.0,0.25,1.188,21.28333,"September 21, 16",0.01188
0,2016-09-20,21.0,22.0,21.0,21.0,21.0,1001.0,1001.0,0.0,0.0,21.33333,"September 20, 16",0.0
0,2016-09-19,21.5,21.5,21.0,21.0,21.0,250.0,250.0,-0.5,-2.326,21.16667,"September 19, 16",-0.02326
0,2016-09-16,21.4,21.4,21.4,21.4,21.4,5.0,5.0,0.0,0.0,21.4,"September 16, 16",0.0
0,2016-09-15,22.0,22.0,20.65,21.4,21.4,249.0,249.0,-0.6,-2.727,21.35,"September 15, 16",-0.02727
0,2016-09-14,22.15,22.15,20.299999,20.299999,20.299999,101.0,101.0,-1.85,-8.352,20.91667,"September 14, 16",-0.08352
0,2016-09-12,20.950001,21.0,20.25,20.950001,20.950001,3307.0,3307.0,0.0,0.0,20.73333,"September 12, 16",0.0
0,2016-09-09,20.15,20.799999,19.200001,20.549999,20.549999,1429.0,1429.0,0.4,1.985,20.18333,"September 09, 16",0.01985
0,2016-09-08,21.15,21.15,19.450001,20.15,20.15,528.0,528.0,-1.0,-4.728,20.25,"September 08, 16",-0.04728
0,2016-09-07,19.85,19.85,19.200001,19.299999,19.299999,300.0,300.0,-0.55,-2.771,19.45,"September 07, 16",-0.02771
0,2016-09-06,19.85,19.85,19.15,19.85,19.85,1899.0,1899.0,0.0,0.0,19.61667,"September 06, 16",0.0
0,2016-09-02,19.0,19.9,19.0,19.15,19.15,1492.0,1492.0,0.15,0.789,19.35,"September 02, 16",0.00789
0,2016-09-01,19.950001,20.0,19.049999,19.049999,19.049999,1130.0,1130.0,-0.9,-4.511,19.36667,"September 01, 16",-0.04511
0,2016-08-31,19.9,19.9,19.9,19.9,19.9,63.0,63.0,0.0,0.0,19.9,"August 31, 16",0.0
0,2016-08-30,20.4,20.4,19.0,19.0,19.0,645.0,645.0,-1.4,-6.863,19.46667,"August 30, 16",-0.06863
0,2016-08-29,19.950001,19.950001,19.950001,19.950001,19.950001,703.0,703.0,0.0,0.0,19.95,"August 29, 16",0.0
0,2016-08-26,19.0,19.0,19.0,19.0,19.0,100.0,100.0,0.0,0.0,19.0,"August 26, 16",0.0
0,2016-08-25,19.5,19.5,19.5,19.5,19.5,0.0,0.0,0.0,0.0,0.0,"August 25, 16",0.0
0,2016-08-24,19.35,19.5,19.35,19.5,19.5,40.0,40.0,0.15,0.775,19.45,"August 24, 16",0.00775
0,2016-08-23,19.25,19.4,19.1,19.4,19.4,294.0,294.0,0.15,0.779,19.3,"August 23, 16",0.00779
0,2016-08-22,18.5,18.5,18.5,18.5,18.5,340.0,340.0,0.0,0.0,18.5,"August 22, 16",0.0
0,2016-08-19,19.299999,19.299999,18.35,18.35,18.35,265.0,265.0,-0.95,-4.922,18.66667,"August 19, 16",-0.04922
0,2016-08-18,19.299999,19.299999,19.299999,19.299999,19.299999,51.0,51.0,0.0,0.0,19.3,"August 18, 16",0.0
0,2016-08-17,19.200001,19.200001,18.549999,19.200001,19.200001,22.0,22.0,0.0,0.0,18.98333,"August 17, 16",0.0
0,2016-08-16,18.5,19.200001,18.5,19.200001,19.200001,1081.0,1081.0,0.7,3.784,18.96667,"August 16, 16",0.03784
0,2016-08-12,20.0,20.0,18.15,18.35,18.35,4075.0,4075.0,-1.65,-8.25,18.83333,"August 12, 16",-0.0825
0,2016-08-11,20.450001,20.450001,18.6,19.1,19.1,3949.0,3949.0,-1.35,-6.601,19.38333,"August 11, 16",-0.06601
0,2016-08-10,19.0,19.549999,19.0,19.549999,19.549999,2.0,2.0,0.55,2.895,19.36667,"August 10, 16",0.02895
0,2016-08-09,18.65,18.65,18.65,18.65,18.65,0.0,0.0,0.0,0.0,0.0,"August 09, 16",0.0
0,2016-08-08,19.0,20.5,18.65,18.65,18.65,36.0,36.0,-0.35,-1.842,19.26667,"August 08, 16",-0.01842
0,2016-08-05,20.450001,20.450001,19.549999,19.6,19.6,145.0,145.0,-0.85,-4.156,19.86667,"August 05, 16",-0.04156
0,2016-08-04,19.799999,20.700001,19.799999,20.549999,20.549999,1009.0,1009.0,0.75,3.788,20.35,"August 04, 16",0.03788
0,2016-08-03,20.75,20.75,20.75,20.75,20.75,196.0,196.0,0.0,0.0,20.75,"August 03, 16",0.0
0,2016-08-02,20.799999,20.799999,20.799999,20.799999,20.799999,0.0,0.0,0.0,0.0,0.0,"August 02, 16",0.0
0,2016-08-01,19.950001,20.799999,19.799999,20.799999,20.799999,860.0,860.0,0.85,4.261,20.46667,"August 01, 16",0.04261
0,2016-07-29,20.950001,20.950001,20.799999,20.799999,20.799999,8.0,8.0,-0.15,-0.716,20.85,"July 29, 16",-0.00716
0,2016-07-28,19.549999,20.5,19.549999,20.5,20.5,108.0,108.0,0.95,4.859,20.18333,"July 28, 16",0.04859
0,2016-07-27,21.450001,21.450001,19.450001,19.549999,19.549999,1025.0,1025.0,-1.9,-8.858,20.15,"July 27, 16",-0.08858
0,2016-07-26,20.0,21.0,20.0,20.450001,20.450001,625.0,625.0,0.45,2.25,20.48333,"July 26, 16",0.0225
0,2016-07-25,19.200001,21.200001,19.200001,21.0,21.0,329.0,329.0,1.8,9.375,20.46667,"July 25, 16",0.09375
0,2016-07-22,21.700001,21.799999,19.799999,20.200001,20.200001,3498.0,3498.0,-1.5,-6.912,20.6,"July 22, 16",-0.06912
0,2016-07-21,19.25,20.799999,19.0,20.799999,20.799999,2414.0,2414.0,1.55,8.052,20.2,"July 21, 16",0.08052
0,2016-07-20,20.0,20.0,19.0,19.9,19.9,233.0,233.0,-0.1,-0.5,19.63333,"July 20, 16",-0.005
0,2016-07-19,21.9,21.9,20.0,20.0,20.0,1800.0,1800.0,-1.9,-8.676,20.63333,"July 19, 16",-0.08676
0,2016-07-18,21.0,21.0,21.0,21.0,21.0,0.0,0.0,0.0,0.0,0.0,"July 18, 16",0.0
0,2016-07-15,21.0,21.0,21.0,21.0,21.0,0.0,0.0,0.0,0.0,0.0,"July 15, 16",0.0
0,2016-07-14,20.0,21.0,20.0,21.0,21.0,462.0,462.0,1.0,5.0,20.66667,"July 14, 16",0.05
0,2016-07-13,19.700001,21.0,19.700001,21.0,21.0,888.0,888.0,1.3,6.599,20.56667,"July 13, 16",0.06599
0,2016-07-12,20.700001,21.299999,19.5,20.700001,20.700001,3531.0,3531.0,0.0,0.0,20.5,"July 12, 16",0.0
0,2016-07-11,20.5,20.5,20.5,20.5,20.5,2977.0,2977.0,0.0,0.0,20.5,"July 11, 16",0.0
0,2016-07-08,21.0,22.049999,21.0,21.549999,21.549999,3881.0,3881.0,0.55,2.619,21.53333,"July 08, 16",0.02619
0,2016-07-07,21.799999,21.799999,20.799999,21.0,21.0,821.0,821.0,-0.8,-3.67,21.2,"July 07, 16",-0.0367
0,2016-07-05,22.700001,22.700001,21.799999,21.799999,21.799999,1800.0,1800.0,-0.9,-3.965,22.1,"July 05, 16",-0.03965
0,2016-07-04,22.9,22.9,22.9,22.9,22.9,0.0,0.0,0.0,0.0,0.0,"July 04, 16",0.0
0,2016-07-01,23.0,23.0,22.9,22.9,22.9,197.0,197.0,-0.1,-0.435,22.93333,"July 01, 16",-0.00435
0,2016-06-30,23.75,23.75,23.5,23.5,23.5,36.0,36.0,-0.25,-1.053,23.58333,"June 30, 16",-0.01053
0,2016-06-29,22.75,23.5,22.75,23.5,23.5,200.0,200.0,0.75,3.297,23.25,"June 29, 16",0.03297
0,2016-06-28,23.5,23.5,23.5,23.5,23.5,0.0,0.0,0.0,0.0,0.0,"June 28, 16",0.0
0,2016-06-27,23.5,23.5,23.5,23.5,23.5,0.0,0.0,0.0,0.0,0.0,"June 27, 16",0.0
0,2016-06-24,23.5,23.5,23.5,23.5,23.5,0.0,0.0,0.0,0.0,0.0,"June 24, 16",0.0
0,2016-06-23,23.5,23.5,23.5,23.5,23.5,2.0,2.0,0.0,0.0,23.5,"June 23, 16",0.0
0,2016-06-22,24.700001,24.700001,24.700001,24.700001,24.700001,0.0,0.0,0.0,0.0,0.0,"June 22, 16",0.0
0,2016-06-21,24.700001,24.700001,24.700001,24.700001,24.700001,0.0,0.0,0.0,0.0,0.0,"June 21, 16",0.0
0,2016-06-20,24.700001,24.700001,24.700001,24.700001,24.700001,0.0,0.0,0.0,0.0,0.0,"June 20, 16",0.0
0,2016-06-17,24.700001,24.700001,24.700001,24.700001,24.700001,0.0,0.0,0.0,0.0,0.0,"June 17, 16",0.0
0,2016-06-16,24.700001,24.700001,24.700001,24.700001,24.700001,1.0,1.0,0.0,0.0,24.7,"June 16, 16",0.0
0,2016-06-15,24.950001,24.950001,24.950001,24.950001,24.950001,0.0,0.0,0.0,0.0,0.0,"June 15, 16",0.0
0,2016-06-14,24.950001,24.950001,24.950001,24.950001,24.950001,0.0,0.0,0.0,0.0,0.0,"June 14, 16",0.0
0,2016-06-13,24.950001,24.950001,24.950001,24.950001,24.950001,0.0,0.0,0.0,0.0,0.0,"June 13, 16",0.0
0,2016-06-10,24.950001,24.950001,24.950001,24.950001,24.950001,0.0,0.0,0.0,0.0,0.0,"June 10, 16",0.0
0,2016-06-09,24.950001,24.950001,24.950001,24.950001,24.950001,3.0,3.0,0.0,0.0,24.95,"June 09, 16",0.0
0,2016-06-08,24.549999,24.549999,24.549999,24.549999,24.549999,0.0,0.0,0.0,0.0,0.0,"June 08, 16",0.0
0,2016-06-07,24.549999,24.549999,24.549999,24.549999,24.549999,0.0,0.0,0.0,0.0,0.0,"June 07, 16",0.0
0,2016-06-06,24.549999,24.549999,24.549999,24.549999,24.549999,0.0,0.0,0.0,0.0,0.0,"June 06, 16",0.0
0,2016-06-03,24.549999,24.549999,24.549999,24.549999,24.549999,0.0,0.0,0.0,0.0,0.0,"June 03, 16",0.0
0,2016-06-02,22.5,24.549999,22.5,24.549999,24.549999,130.0,130.0,2.05,9.111,23.86667,"June 02, 16",0.09111
0,2016-06-01,22.299999,23.4,22.299999,23.4,23.4,551.0,551.0,1.1,4.933,23.03333,"June 01, 16",0.04933
0,2016-05-31,22.299999,22.299999,22.299999,22.299999,22.299999,600.0,600.0,0.0,0.0,22.3,"May 31, 16",0.0
0,2016-05-30,22.299999,22.299999,22.299999,22.299999,22.299999,137.0,137.0,0.0,0.0,22.3,"May 30, 16",0.0
0,2016-05-27,20.75,22.85,20.75,22.299999,22.299999,2327.0,2327.0,1.55,7.47,21.96667,"May 27, 16",0.0747
0,2016-05-26,21.799999,21.799999,21.799999,21.799999,21.799999,100.0,100.0,0.0,0.0,21.8,"May 26, 16",0.0
0,2016-05-25,21.200001,22.9,21.200001,22.9,22.9,270.0,270.0,1.7,8.019,22.33333,"May 25, 16",0.08019
0,2016-05-24,21.85,21.85,21.85,21.85,21.85,200.0,200.0,0.0,0.0,21.85,"May 24, 16",0.0
0,2016-05-23,22.950001,22.950001,22.950001,22.950001,22.950001,0.0,0.0,0.0,0.0,0.0,"May 23, 16",0.0
0,2016-05-20,23.0,23.0,22.950001,22.950001,22.950001,500.0,500.0,-0.05,-0.217,22.96667,"May 20, 16",-0.00217
0,2016-05-19,22.35,22.35,22.299999,22.299999,22.299999,1021.0,1021.0,-0.05,-0.224,22.31667,"May 19, 16",-0.00224
0,2016-05-18,22.299999,22.299999,22.299999,22.299999,22.299999,0.0,0.0,0.0,0.0,0.0,"May 18, 16",0.0
0,2016-05-17,22.299999,22.299999,22.299999,22.299999,22.299999,0.0,0.0,0.0,0.0,0.0,"May 17, 16",0.0
0,2016-05-16,22.299999,22.299999,22.299999,22.299999,22.299999,485.0,485.0,0.0,0.0,22.3,"May 16, 16",0.0
0,2016-05-13,23.15,23.15,22.299999,22.299999,22.299999,1200.0,1200.0,-0.85,-3.672,22.58333,"May 13, 16",-0.03672
0,2016-05-12,22.35,22.35,22.35,22.35,22.35,0.0,0.0,0.0,0.0,0.0,"May 12, 16",0.0
0,2016-05-11,22.35,22.35,22.35,22.35,22.35,0.0,0.0,0.0,0.0,0.0,"May 11, 16",0.0
0,2016-05-10,22.35,22.35,22.35,22.35,22.35,0.0,0.0,0.0,0.0,0.0,"May 10, 16",0.0
0,2016-05-09,21.549999,22.35,21.549999,22.35,22.35,50.0,50.0,0.8,3.712,22.08333,"May 09, 16",0.03712
0,2016-05-06,20.1,21.85,19.950001,21.799999,21.799999,219.0,219.0,1.7,8.458,21.2,"May 06, 16",0.08458
0,2016-05-05,21.0,23.25,21.0,21.0,21.0,518.0,518.0,0.0,0.0,21.75,"May 05, 16",0.0
0,2016-05-04,21.5,21.5,21.0,21.450001,21.450001,216.0,216.0,-0.05,-0.233,21.31667,"May 04, 16",-0.00233
0,2016-05-03,25.0,25.0,21.5,21.5,21.5,800.0,800.0,-3.5,-14.0,22.66667,"May 03, 16",-0.14
0,2016-05-02,22.25,23.549999,21.549999,22.0,22.0,3579.0,3579.0,-0.25,-1.124,22.36667,"May 02, 16",-0.01124
0,2016-04-29,21.0,21.0,21.0,21.0,21.0,150.0,150.0,0.0,0.0,21.0,"April 29, 16",0.0
0,2016-04-28,21.0,23.4,21.0,21.6,21.6,553.0,553.0,0.6,2.857,22.0,"April 28, 16",0.02857
0,2016-04-27,23.549999,23.549999,21.0,23.549999,23.549999,302.0,302.0,0.0,0.0,22.7,"April 27, 16",0.0
0,2016-04-26,23.549999,23.549999,23.549999,23.549999,23.549999,4.0,4.0,0.0,0.0,23.55,"April 26, 16",0.0
0,2016-04-25,21.75,22.15,21.75,22.15,22.15,121.0,121.0,0.4,1.839,22.01667,"April 25, 16",0.01839
0,2016-04-22,21.1,23.6,21.1,22.5,22.5,136.0,136.0,1.4,6.635,22.4,"April 22, 16",0.06635
0,2016-04-21,23.5,23.5,23.5,23.5,23.5,1.0,1.0,0.0,0.0,23.5,"April 21, 16",0.0
0,2016-04-20,21.6,23.450001,21.549999,23.35,23.35,1783.0,1783.0,1.75,8.102,22.78333,"April 20, 16",0.08102
0,2016-04-18,23.4,23.4,23.4,23.4,23.4,0.0,0.0,0.0,0.0,0.0,"April 18, 16",0.0
0,2016-04-13,23.700001,23.700001,22.200001,23.4,23.4,1204.0,1204.0,-0.3,-1.266,23.1,"April 13, 16",-0.01266
0,2016-04-12,22.799999,22.799999,21.85,22.75,22.75,1128.0,1128.0,-0.05,-0.219,22.46667,"April 12, 16",-0.00219
0,2016-04-11,20.1,23.75,20.1,22.85,22.85,400.0,400.0,2.75,13.682,22.23333,"April 11, 16",0.13682
0,2016-04-08,20.15,20.15,19.85,19.85,19.85,550.0,550.0,-0.3,-1.489,19.95,"April 08, 16",-0.01489
0,2016-04-07,21.200001,21.200001,20.5,20.5,20.5,51.0,51.0,-0.7,-3.302,20.73333,"April 07, 16",-0.03302
0,2016-04-06,23.0,23.0,20.65,22.450001,22.450001,503.0,503.0,-0.55,-2.391,22.03333,"April 06, 16",-0.02391
0,2016-04-05,22.35,24.950001,20.5,20.549999,20.549999,1081.0,1081.0,-1.8,-8.054,22.0,"April 05, 16",-0.08054
0,2016-04-04,22.35,22.35,22.35,22.35,22.35,0.0,0.0,0.0,0.0,0.0,"April 04, 16",0.0
0,2016-04-01,22.35,22.35,22.35,22.35,22.35,0.0,0.0,0.0,0.0,0.0,"April 01, 16",0.0
0,2016-03-31,20.4,22.35,20.4,22.35,22.35,257.0,257.0,1.95,9.559,21.7,"March 31, 16",0.09559
0,2016-03-30,22.0,22.4,22.0,22.4,22.4,200.0,200.0,0.4,1.818,22.26667,"March 30, 16",0.01818
0,2016-03-29,21.0,21.0,21.0,21.0,21.0,0.0,0.0,0.0,0.0,0.0,"March 29, 16",0.0
0,2016-03-28,22.0,22.0,19.0,21.0,21.0,179.0,179.0,-1.0,-4.545,20.66667,"March 28, 16",-0.04545
0,2016-03-23,21.950001,22.0,21.950001,22.0,22.0,10.0,10.0,0.05,0.228,21.98333,"March 23, 16",0.00228
0,2016-03-22,20.0,21.950001,20.0,20.049999,20.049999,333.0,333.0,0.05,0.25,20.66667,"March 22, 16",0.0025
0,2016-03-21,23.25,23.25,21.0,22.0,22.0,226.0,226.0,-1.25,-5.376,22.08333,"March 21, 16",-0.05376
0,2016-03-18,19.200001,25.0,19.200001,21.15,21.15,1307.0,1307.0,1.95,10.156,21.78333,"March 18, 16",0.10156
0,2016-03-17,22.299999,22.299999,22.299999,22.299999,22.299999,0.0,0.0,0.0,0.0,0.0,"March 17, 16",0.0
0,2016-03-16,22.299999,22.299999,22.299999,22.299999,22.299999,0.0,0.0,0.0,0.0,0.0,"March 16, 16",0.0
0,2016-03-15,22.299999,22.299999,22.299999,22.299999,22.299999,0.0,0.0,0.0,0.0,0.0,"March 15, 16",0.0
0,2016-03-14,20.549999,22.85,20.549999,22.299999,22.299999,602.0,602.0,1.75,8.516,21.9,"March 14, 16",0.08516
0,2016-03-11,22.0,22.0,22.0,22.0,22.0,130.0,130.0,0.0,0.0,22.0,"March 11, 16",0.0
0,2016-03-10,21.0,21.0,21.0,21.0,21.0,60.0,60.0,0.0,0.0,21.0,"March 10, 16",0.0
0,2016-03-09,20.4,21.15,20.4,21.15,21.15,251.0,251.0,0.75,3.676,20.9,"March 09, 16",0.03676
0,2016-03-08,22.0,22.0,22.0,22.0,22.0,0.0,0.0,0.0,0.0,0.0,"March 08, 16",0.0
0,2016-03-04,25.0,25.0,22.0,22.0,22.0,80.0,80.0,-3.0,-12.0,23.0,"March 04, 16",-0.12
0,2016-03-03,20.0,24.15,20.0,22.25,22.25,538.0,538.0,2.25,11.25,22.13333,"March 03, 16",0.1125
0,2016-03-02,21.0,21.0,21.0,21.0,21.0,0.0,0.0,0.0,0.0,0.0,"March 02, 16",0.0
0,2016-03-01,20.549999,22.9,20.549999,21.0,21.0,1149.0,1149.0,0.45,2.19,21.48333,"March 01, 16",0.0219
0,2016-02-29,19.700001,22.75,19.700001,20.549999,20.549999,252.0,252.0,0.85,4.315,21.0,"February 29, 16",0.04315
0,2016-02-26,20.0,21.9,20.0,21.85,21.85,878.0,878.0,1.85,9.25,21.25,"February 26, 16",0.0925
0,2016-02-25,22.450001,22.450001,20.35,20.85,20.85,6.0,6.0,-1.6,-7.127,21.21667,"February 25, 16",-0.07127
0,2016-02-24,18.6,21.0,18.6,21.0,21.0,152.0,152.0,2.4,12.903,20.2,"February 24, 16",0.12903
0,2016-02-23,20.200001,24.4,20.1,21.799999,21.799999,2064.0,2064.0,1.6,7.921,22.1,"February 23, 16",0.07921
0,2016-02-22,20.200001,21.049999,19.549999,21.049999,21.049999,441.0,441.0,0.85,4.208,20.55,"February 22, 16",0.04208
0,2016-02-19,20.75,22.0,20.75,21.5,21.5,375.0,375.0,0.75,3.614,21.41667,"February 19, 16",0.03614
0,2016-02-18,22.799999,22.799999,21.0,21.200001,21.200001,211.0,211.0,-1.6,-7.018,21.66667,"February 18, 16",-0.07018
0,2016-02-17,21.0,21.5,20.35,20.6,20.6,1129.0,1129.0,-0.4,-1.905,20.81667,"February 17, 16",-0.01905
0,2016-02-16,21.299999,22.0,19.799999,21.549999,21.549999,1263.0,1263.0,0.25,1.174,21.11667,"February 16, 16",0.01174
