,date,open,high,low,close,adjClose,volume,unadjustedVolume,change,changePercent,vwap,label,changeOverTime
0,2021-02-12,764.690002,764.690002,764.690002,764.690002,764.690002,0.0,0.0,0.0,0.0,0.0,"February 12, 21",0.0
0,2021-02-11,768.9999,769.0,764.69,764.69,764.69,87.0,87.0,-4.3099,-0.56,766.12667,"February 11, 21",-0.0056
0,2021-02-10,769.98999,775.0,765.0,769.0,769.0,100.0,100.0,-0.98999,-0.129,769.66667,"February 10, 21",-0.00129
0,2021-02-09,768.0,770.0,740.0,757.0,757.0,100.0,100.0,-11.0,-1.432,755.66667,"February 09, 21",-0.01432
0,2021-02-08,770.0,770.0,770.0,770.0,770.0,100.0,100.0,0.0,0.0,770.0,"February 08, 21",0.0
0,2021-02-05,771.0,773.960022,762.0,762.0,762.0,400.0,400.0,-9.0,-1.167,765.98667,"February 05, 21",-0.01167
0,2021-02-04,768.5,775.0,768.5,772.0,772.0,300.0,300.0,3.5,0.455,771.83333,"February 04, 21",0.00455
0,2021-02-03,775.0,775.0,770.0,770.0,770.0,200.0,200.0,-5.0,-0.645,771.66667,"February 03, 21",-0.00645
0,2021-02-02,770.0,770.0,770.0,770.0,770.0,100.0,100.0,0.0,0.0,770.0,"February 02, 21",0.0
0,2021-02-01,760.0,775.0,760.0,770.0,770.0,100.0,100.0,10.0,1.316,768.33333,"February 01, 21",0.01316
0,2021-01-29,740.0,765.0,740.0,765.0,765.0,1300.0,1300.0,25.0,3.378,756.66667,"January 29, 21",0.03378
0,2021-01-28,735.210022,743.0,735.210022,740.0,740.0,100.0,100.0,4.78998,0.652,739.40334,"January 28, 21",0.00652
0,2021-01-27,743.0,743.0,743.0,743.0,743.0,100.0,100.0,0.0,0.0,743.0,"January 27, 21",0.0
0,2021-01-26,745.0,745.0,735.0,737.799988,737.799988,100.0,100.0,-7.20001,-0.966,739.26666,"January 26, 21",-0.00966
0,2021-01-25,735.01001,755.0,735.0,735.01001,735.01001,100.0,100.0,0.0,0.0,741.67,"January 25, 21",0.0
0,2021-01-22,736.0,736.0,736.0,736.0,736.0,100.0,100.0,0.0,0.0,736.0,"January 22, 21",0.0
0,2021-01-21,732.0,744.98999,731.599976,735.0,735.0,200.0,200.0,3.0,0.41,737.19666,"January 21, 21",0.0041
0,2021-01-20,750.0,755.0,730.599976,730.599976,730.599976,1000.0,1000.0,-19.40002,-2.587,738.73332,"January 20, 21",-0.02587
0,2021-01-19,772.0,772.0,742.0,750.0,750.0,100.0,100.0,-22.0,-2.85,754.66667,"January 19, 21",-0.0285
0,2021-01-15,772.5,772.5,772.5,772.5,772.5,0.0,0.0,0.0,0.0,0.0,"January 15, 21",0.0
0,2021-01-14,772.5,772.5,772.5,772.5,772.5,600.0,600.0,0.0,0.0,772.5,"January 14, 21",0.0
0,2021-01-13,772.25,772.5,772.25,772.5,772.5,400.0,400.0,0.25,0.032,772.41667,"January 13, 21",0.00032
0,2021-01-12,775.0,788.0,771.0,775.0,775.0,200.0,200.0,0.0,0.0,778.0,"January 12, 21",0.0
0,2021-01-11,767.0,775.0,767.0,770.0,770.0,300.0,300.0,3.0,0.391,770.66667,"January 11, 21",0.00391
0,2021-01-08,765.0,765.0,765.0,765.0,765.0,0.0,0.0,0.0,0.0,0.0,"January 08, 21",0.0
0,2021-01-07,772.0,775.0,763.0,765.0,765.0,100.0,100.0,-7.0,-0.907,767.66667,"January 07, 21",-0.00907
0,2021-01-06,762.01001,772.0,762.0,772.0,772.0,100.0,100.0,9.98999,1.311,768.66667,"January 06, 21",0.01311
0,2021-01-05,760.0,761.0,759.0,760.200012,760.200012,100.0,100.0,0.20001,0.026,760.06667,"January 05, 21",0.00026
0,2021-01-04,766.98999,775.0,760.0,775.0,775.0,100.0,100.0,8.01001,1.044,770.0,"January 04, 21",0.01044
0,2020-12-31,760.0,770.0,760.0,760.0,760.0,100.0,100.0,0.0,0.0,763.33333,"December 31, 20",0.0
0,2020-12-30,749.0,750.0,745.0,750.0,750.0,300.0,300.0,1.0,0.134,748.33333,"December 30, 20",0.00134
0,2020-12-29,740.25,740.25,735.0,736.0,736.0,100.0,100.0,-4.25,-0.574,737.08333,"December 29, 20",-0.00574
0,2020-12-28,740.0,740.25,735.0,740.25,740.25,100.0,100.0,0.25,0.034,738.5,"December 28, 20",0.00034
0,2020-12-24,735.0,749.0,735.0,749.0,749.0,400.0,400.0,14.0,1.905,744.33333,"December 24, 20",0.01905
0,2020-12-23,744.0,750.0,735.0,750.0,750.0,100.0,100.0,6.0,0.806,745.0,"December 23, 20",0.00806
0,2020-12-22,744.0,744.0,734.960022,734.960022,734.960022,700.0,700.0,-9.03998,-1.215,737.97335,"December 22, 20",-0.01215
0,2020-12-21,732.299988,740.200012,732.299988,740.0,740.0,100.0,100.0,7.70001,1.051,737.5,"December 21, 20",0.01051
0,2020-12-18,732.01001,744.0,732.0,732.0,732.0,100.0,100.0,-0.01001,-0.001,736.0,"December 18, 20",-1e-05
0,2020-12-17,732.0,736.0,732.0,734.0,734.0,100.0,100.0,2.0,0.273,734.0,"December 17, 20",0.00273
0,2020-12-16,730.5,730.5,730.5,730.5,730.5,100.0,100.0,0.0,0.0,730.5,"December 16, 20",0.0
0,2020-12-15,730.5,731.22998,730.5,731.22998,731.22998,200.0,200.0,0.72998,0.1,730.98665,"December 15, 20",0.001
0,2020-12-14,732.0,732.0,730.299988,730.299988,730.299988,200.0,200.0,-1.70001,-0.232,730.86666,"December 14, 20",-0.00232
0,2020-12-11,733.5,733.5,733.5,733.5,733.5,0.0,0.0,0.0,0.0,0.0,"December 11, 20",0.0
0,2020-12-10,733.5,733.5,733.5,733.5,733.5,100.0,100.0,0.0,0.0,733.5,"December 10, 20",0.0
0,2020-12-09,726.75,733.98999,726.75,728.299988,728.299988,2700.0,2700.0,1.54999,0.213,729.67999,"December 09, 20",0.00213
0,2020-12-08,735.98999,735.98999,726.599976,726.599976,726.599976,100.0,100.0,-9.39001,-1.276,729.72998,"December 08, 20",-0.01276
0,2020-12-07,730.0,733.0,729.599976,733.0,725.5,100.0,100.0,3.0,0.411,731.86666,"December 07, 20",0.00411
0,2020-12-04,740.0,749.0,729.0,729.0,721.540955,100.0,100.0,-11.0,-1.486,735.66667,"December 04, 20",-0.01486
0,2020-12-03,726.0,726.0,726.0,726.0,718.571655,0.0,0.0,0.0,0.0,0.0,"December 03, 20",0.0
0,2020-12-02,720.0,726.0,715.599976,726.0,718.571655,600.0,600.0,6.0,0.833,722.53333,"December 02, 20",0.00833
0,2020-12-01,723.0,726.0,709.599976,726.0,718.571655,200.0,200.0,3.0,0.415,720.53333,"December 01, 20",0.00415
0,2020-11-30,729.0,729.0,722.039978,726.960022,719.521851,100.0,100.0,-2.03998,-0.28,726.0,"November 30, 20",-0.0028
0,2020-11-27,723.0,723.0,721.599976,721.599976,714.216614,100.0,100.0,-1.40002,-0.194,722.06665,"November 27, 20",-0.00194
0,2020-11-25,724.0,743.0,723.0,725.0,717.581848,100.0,100.0,1.0,0.138,730.33333,"November 25, 20",0.00138
0,2020-11-24,720.609985,725.0,720.599976,725.0,717.581848,100.0,100.0,4.39001,0.609,723.53333,"November 24, 20",0.00609
0,2020-11-23,724.0,725.0,720.599976,720.599976,713.226868,1100.0,1100.0,-3.40002,-0.47,722.06665,"November 23, 20",-0.0047
0,2020-11-20,723.960022,723.960022,723.960022,723.960022,716.552551,100.0,100.0,0.0,0.0,723.96002,"November 20, 20",0.0
0,2020-11-19,723.960022,723.960022,723.960022,723.960022,716.552551,100.0,100.0,0.0,0.0,723.96002,"November 19, 20",0.0
0,2020-11-18,718.0,724.0,718.0,724.0,716.592102,100.0,100.0,6.0,0.836,722.0,"November 18, 20",0.00836
0,2020-11-17,718.0,718.0,718.0,718.0,710.653503,600.0,600.0,0.0,0.0,718.0,"November 17, 20",0.0
0,2020-11-16,724.0,724.0,711.0,718.0,710.653503,100.0,100.0,-6.0,-0.829,717.66667,"November 16, 20",-0.00829
0,2020-11-13,715.0,718.0,715.0,715.0,707.684204,100.0,100.0,0.0,0.0,716.0,"November 13, 20",0.0
0,2020-11-12,719.0,719.0,715.0,715.0,707.684204,100.0,100.0,-4.0,-0.556,716.33333,"November 12, 20",-0.00556
0,2020-11-11,721.0,721.0,716.039978,719.0,711.64325,200.0,200.0,-2.0,-0.277,718.67999,"November 11, 20",-0.00277
0,2020-11-10,722.0,722.0,721.0,721.0,713.622803,100.0,100.0,-1.0,-0.139,721.33333,"November 10, 20",-0.00139
0,2020-11-09,718.0,721.0,710.0,721.0,713.622803,100.0,100.0,3.0,0.418,717.33333,"November 09, 20",0.00418
0,2020-11-06,708.0,708.0,708.0,708.0,700.755798,0.0,0.0,0.0,0.0,0.0,"November 06, 20",0.0
0,2020-11-05,715.0,715.0,707.0,708.0,700.755798,100.0,100.0,-7.0,-0.979,710.0,"November 05, 20",-0.00979
0,2020-11-04,718.75,718.75,710.0,710.0,702.735352,100.0,100.0,-8.75,-1.217,712.91667,"November 04, 20",-0.01217
0,2020-11-03,716.0,724.0,716.0,724.0,716.592102,100.0,100.0,8.0,1.117,721.33333,"November 03, 20",0.01117
0,2020-11-02,716.0,716.0,716.0,716.0,708.67395,100.0,100.0,0.0,0.0,716.0,"November 02, 20",0.0
0,2020-10-30,720.0,724.0,705.0,705.0,697.786499,100.0,100.0,-15.0,-2.083,711.33333,"October 30, 20",-0.02083
0,2020-10-29,719.0,720.0,719.0,720.0,712.632996,100.0,100.0,1.0,0.139,719.66667,"October 29, 20",0.00139
0,2020-10-28,707.0,719.0,707.0,719.0,711.64325,100.0,100.0,12.0,1.697,715.0,"October 28, 20",0.01697
0,2020-10-27,720.0,720.0,714.960022,714.960022,707.644592,100.0,100.0,-5.03998,-0.7,716.64001,"October 27, 20",-0.007
0,2020-10-26,707.0,707.0,706.0,707.0,699.766052,100.0,100.0,0.0,0.0,706.66667,"October 26, 20",0.0
0,2020-10-23,720.0,720.0,710.0,710.0,702.735352,100.0,100.0,-10.0,-1.389,713.33333,"October 23, 20",-0.01389
0,2020-10-22,720.0,720.0,720.0,720.0,712.632996,0.0,0.0,0.0,0.0,0.0,"October 22, 20",0.0
0,2020-10-21,724.0,724.0,724.0,724.0,716.592102,100.0,100.0,0.0,0.0,724.0,"October 21, 20",0.0
0,2020-10-20,720.0,720.0,720.0,720.0,712.632996,0.0,0.0,0.0,0.0,0.0,"October 20, 20",0.0
0,2020-10-19,720.0,720.0,720.0,720.0,712.632996,0.0,0.0,0.0,0.0,0.0,"October 19, 20",0.0
0,2020-10-16,720.0,720.0,720.0,720.0,712.632996,100.0,100.0,0.0,0.0,720.0,"October 16, 20",0.0
0,2020-10-15,710.0,720.0,710.0,717.25,709.911133,100.0,100.0,7.25,1.021,715.75,"October 15, 20",0.01021
0,2020-10-14,710.0,710.0,710.0,710.0,702.735352,0.0,0.0,0.0,0.0,0.0,"October 14, 20",0.0
0,2020-10-13,710.0,710.0,710.0,710.0,702.735352,100.0,100.0,0.0,0.0,710.0,"October 13, 20",0.0
0,2020-10-12,724.0,724.0,701.599976,710.0,702.735352,100.0,100.0,-14.0,-1.934,711.86666,"October 12, 20",-0.01934
0,2020-10-09,724.0,724.0,712.0,712.0,704.714905,100.0,100.0,-12.0,-1.657,716.0,"October 09, 20",-0.01657
0,2020-10-08,723.960022,724.0,723.960022,724.0,716.592102,100.0,100.0,0.03998,0.006,723.98667,"October 08, 20",6e-05
0,2020-10-07,724.0,724.0,724.0,724.0,716.592102,300.0,300.0,0.0,0.0,724.0,"October 07, 20",0.0
0,2020-10-06,724.960022,724.960022,715.0,715.0,707.684204,100.0,100.0,-9.96002,-1.374,718.32001,"October 06, 20",-0.01374
0,2020-10-05,720.0,722.0,714.0,722.0,714.612549,100.0,100.0,2.0,0.278,719.33333,"October 05, 20",0.00278
0,2020-10-02,717.039978,725.0,717.039978,725.0,717.581848,100.0,100.0,7.96002,1.11,722.34666,"October 02, 20",0.0111
0,2020-10-01,723.0,724.960022,723.0,724.960022,717.542297,100.0,100.0,1.96002,0.271,724.30668,"October 01, 20",0.00271
0,2020-09-30,725.0,725.0,725.0,725.0,717.581848,100.0,100.0,0.0,0.0,725.0,"September 30, 20",0.0
0,2020-09-29,713.25,713.25,713.25,713.25,705.952087,100.0,100.0,0.0,0.0,713.25,"September 29, 20",0.0
0,2020-09-28,716.0,725.0,714.0,725.0,717.581848,200.0,200.0,9.0,1.257,721.33333,"September 28, 20",0.01257
0,2020-09-25,720.960022,721.0,720.960022,721.0,713.622803,100.0,100.0,0.03998,0.006,720.98667,"September 25, 20",6e-05
0,2020-09-24,720.25,725.0,720.25,720.960022,713.583252,100.0,100.0,0.71002,0.099,722.07001,"September 24, 20",0.00099
0,2020-09-23,718.0,725.0,718.0,725.0,717.581848,100.0,100.0,7.0,0.975,722.66667,"September 23, 20",0.00975
0,2020-09-22,722.0,722.0,718.0,718.0,710.653503,100.0,100.0,-4.0,-0.554,719.33333,"September 22, 20",-0.00554
0,2020-09-21,749.0,749.0,722.0,722.0,714.612549,100.0,100.0,-27.0,-3.605,731.0,"September 21, 20",-0.03605
0,2020-09-18,745.0,749.0,745.0,749.0,741.336304,100.0,100.0,4.0,0.537,747.66667,"September 18, 20",0.00537
0,2020-09-17,729.0,749.0,722.0,722.0,714.612549,100.0,100.0,-7.0,-0.96,731.0,"September 17, 20",-0.0096
0,2020-09-16,725.0,725.0,725.0,725.0,717.581848,100.0,100.0,0.0,0.0,725.0,"September 16, 20",0.0
0,2020-09-15,725.0,725.0,725.0,725.0,717.581848,0.0,0.0,0.0,0.0,0.0,"September 15, 20",0.0
0,2020-09-14,725.0,725.0,717.0,725.0,717.581848,100.0,100.0,0.0,0.0,722.33333,"September 14, 20",0.0
0,2020-09-11,717.0,724.960022,717.0,724.960022,717.542297,100.0,100.0,7.96002,1.11,722.30668,"September 11, 20",0.0111
0,2020-09-10,716.0,716.390015,716.0,716.390015,709.059998,200.0,200.0,0.39001,0.054,716.26001,"September 10, 20",0.00054
0,2020-09-09,721.039978,721.039978,715.789978,715.789978,708.466064,100.0,100.0,-5.25,-0.728,717.53998,"September 09, 20",-0.00728
0,2020-09-08,725.0,725.0,720.0,720.0,712.632996,100.0,100.0,-5.0,-0.69,721.66667,"September 08, 20",-0.0069
0,2020-09-04,728.98999,729.0,715.0,725.0,717.581848,100.0,100.0,-3.98999,-0.547,723.0,"September 04, 20",-0.00547
0,2020-09-03,721.0,729.0,721.0,725.0,717.581848,100.0,100.0,4.0,0.555,725.0,"September 03, 20",0.00555
0,2020-09-02,710.0,718.0,700.01001,710.049988,702.78479,200.0,200.0,0.04999,0.007,709.35333,"September 02, 20",7e-05
0,2020-09-01,705.0,710.0,705.0,705.0,697.786499,100.0,100.0,0.0,0.0,706.66667,"September 01, 20",0.0
0,2020-08-31,716.0,716.0,705.0,705.0,697.786499,100.0,100.0,-11.0,-1.536,708.66667,"August 31, 20",-0.01536
0,2020-08-28,716.0,724.0,702.0,720.0,712.632996,100.0,100.0,4.0,0.559,715.33333,"August 28, 20",0.00559
0,2020-08-27,717.0,717.0,716.0,716.0,708.67395,100.0,100.0,-1.0,-0.139,716.33333,"August 27, 20",-0.00139
0,2020-08-26,707.0,707.0,700.0,700.0,692.837646,300.0,300.0,-7.0,-0.99,702.33333,"August 26, 20",-0.0099
0,2020-08-25,707.0,710.0,707.0,707.0,699.766052,200.0,200.0,0.0,0.0,708.0,"August 25, 20",0.0
0,2020-08-24,705.0,705.039978,702.0,705.0,697.786499,100.0,100.0,0.0,0.0,704.01333,"August 24, 20",0.0
0,2020-08-21,715.0,715.0,701.0,702.0,694.8172,100.0,100.0,-13.0,-1.818,706.0,"August 21, 20",-0.01818
0,2020-08-20,724.960022,724.960022,715.0,715.0,707.684204,100.0,100.0,-9.96002,-1.374,718.32001,"August 20, 20",-0.01374
0,2020-08-19,715.0,715.0,715.0,715.0,707.684204,0.0,0.0,0.0,0.0,0.0,"August 19, 20",0.0
0,2020-08-18,715.0,715.0,715.0,715.0,707.684204,100.0,100.0,0.0,0.0,715.0,"August 18, 20",0.0
0,2020-08-17,715.0,715.0,715.0,715.0,707.684204,100.0,100.0,0.0,0.0,715.0,"August 17, 20",0.0
0,2020-08-14,715.0,715.0,715.0,715.0,707.684204,100.0,100.0,0.0,0.0,715.0,"August 14, 20",0.0
0,2020-08-13,714.960022,714.960022,714.960022,714.960022,707.644592,100.0,100.0,0.0,0.0,714.96002,"August 13, 20",0.0
0,2020-08-12,715.0,715.0,715.0,715.0,707.684204,100.0,100.0,0.0,0.0,715.0,"August 12, 20",0.0
0,2020-08-11,714.5,714.5,714.5,714.5,707.18927,1000.0,1000.0,0.0,0.0,714.5,"August 11, 20",0.0
0,2020-08-10,716.0,727.98999,712.5,712.5,705.209778,100.0,100.0,-3.5,-0.489,717.66333,"August 10, 20",-0.00489
0,2020-08-07,718.0,718.0,718.0,718.0,710.653503,0.0,0.0,0.0,0.0,0.0,"August 07, 20",0.0
0,2020-08-06,713.039978,718.0,713.039978,718.0,710.653503,100.0,100.0,4.96002,0.696,716.34666,"August 06, 20",0.00696
0,2020-08-05,713.0,713.0,713.0,713.0,705.704651,100.0,100.0,0.0,0.0,713.0,"August 05, 20",0.0
0,2020-08-04,729.98999,729.98999,719.75,725.0,717.581848,100.0,100.0,-4.98999,-0.684,724.91333,"August 04, 20",-0.00684
0,2020-08-03,712.0,739.799988,712.0,712.0,704.714905,100.0,100.0,0.0,0.0,721.26666,"August 03, 20",0.0
0,2020-07-31,715.0,770.0,710.0,735.0,727.479553,200.0,200.0,20.0,2.797,738.33333,"July 31, 20",0.02797
0,2020-07-30,715.0,715.0,715.0,715.0,707.684204,200.0,200.0,0.0,0.0,715.0,"July 30, 20",0.0
0,2020-07-29,718.0,718.0,718.0,718.0,710.653503,100.0,100.0,0.0,0.0,718.0,"July 29, 20",0.0
0,2020-07-28,715.0,715.0,715.0,715.0,707.684204,100.0,100.0,0.0,0.0,715.0,"July 28, 20",0.0
0,2020-07-27,715.0,715.0,715.0,715.0,707.684204,0.0,0.0,0.0,0.0,0.0,"July 27, 20",0.0
0,2020-07-24,720.0,720.0,715.0,715.0,707.684204,100.0,100.0,-5.0,-0.694,716.66667,"July 24, 20",-0.00694
0,2020-07-23,715.0,715.0,715.0,715.0,707.684204,100.0,100.0,0.0,0.0,715.0,"July 23, 20",0.0
0,2020-07-22,715.0,715.0,715.0,715.0,707.684204,200.0,200.0,0.0,0.0,715.0,"July 22, 20",0.0
0,2020-07-21,715.0,715.0,715.0,715.0,707.684204,0.0,0.0,0.0,0.0,0.0,"July 21, 20",0.0
0,2020-07-20,715.0,715.0,715.0,715.0,707.684204,100.0,100.0,0.0,0.0,715.0,"July 20, 20",0.0
0,2020-07-17,718.0,720.0,705.0,720.0,712.632996,200.0,200.0,2.0,0.279,715.0,"July 17, 20",0.00279
0,2020-07-16,720.01001,720.01001,718.0,718.0,710.653503,200.0,200.0,-2.01001,-0.279,718.67,"July 16, 20",-0.00279
0,2020-07-15,715.0,725.0,704.0,720.0,712.632996,100.0,100.0,5.0,0.699,716.33333,"July 15, 20",0.00699
0,2020-07-14,715.0,715.0,715.0,715.0,707.684204,0.0,0.0,0.0,0.0,0.0,"July 14, 20",0.0
0,2020-07-13,706.0,715.0,706.0,715.0,707.684204,100.0,100.0,9.0,1.275,712.0,"July 13, 20",0.01275
0,2020-07-10,702.0,702.0,702.0,702.0,694.8172,100.0,100.0,0.0,0.0,702.0,"July 10, 20",0.0
0,2020-07-09,703.0,703.0,703.0,703.0,695.806946,0.0,0.0,0.0,0.0,0.0,"July 09, 20",0.0
0,2020-07-08,703.0,703.200012,703.0,703.0,695.806946,100.0,100.0,0.0,0.0,703.06667,"July 08, 20",0.0
0,2020-07-07,703.0,703.0,703.0,703.0,695.806946,100.0,100.0,0.0,0.0,703.0,"July 07, 20",0.0
0,2020-07-06,695.0,705.0,695.0,704.950012,697.737,200.0,200.0,9.95001,1.432,701.65,"July 06, 20",0.01432
0,2020-07-02,705.0,705.0,705.0,705.0,697.786499,0.0,0.0,0.0,0.0,0.0,"July 02, 20",0.0
0,2020-07-01,709.98999,710.0,695.0,705.0,697.786499,100.0,100.0,-4.98999,-0.703,703.33333,"July 01, 20",-0.00703
0,2020-06-30,711.0,711.0,706.0,706.0,698.776245,200.0,200.0,-5.0,-0.703,707.66667,"June 30, 20",-0.00703
0,2020-06-29,711.0,711.0,704.0,704.0,696.796753,100.0,100.0,-7.0,-0.985,706.33333,"June 29, 20",-0.00985
0,2020-06-26,705.0,705.0,704.0,705.0,697.786499,200.0,200.0,0.0,0.0,704.66667,"June 26, 20",0.0
0,2020-06-25,705.0,711.0,705.0,705.190002,697.974548,100.0,100.0,0.19,0.027,707.06333,"June 25, 20",0.00027
0,2020-06-24,706.0,706.0,706.0,706.0,698.776245,100.0,100.0,0.0,0.0,706.0,"June 24, 20",0.0
0,2020-06-23,706.25,706.25,706.25,706.25,699.023682,600.0,600.0,0.0,0.0,706.25,"June 23, 20",0.0
0,2020-06-22,705.0,705.0,705.0,705.0,697.786499,100.0,100.0,0.0,0.0,705.0,"June 22, 20",0.0
0,2020-06-19,705.0,711.0,705.0,711.0,703.725098,100.0,100.0,6.0,0.851,709.0,"June 19, 20",0.00851
0,2020-06-18,710.0,711.0,709.48999,709.48999,702.23053,200.0,200.0,-0.51001,-0.072,709.99333,"June 18, 20",-0.00072
0,2020-06-17,703.0,710.0,703.0,703.0,695.806946,100.0,100.0,0.0,0.0,705.33333,"June 17, 20",0.0
0,2020-06-16,711.0,711.0,703.0,703.0,695.806946,100.0,100.0,-8.0,-1.125,705.66667,"June 16, 20",-0.01125
0,2020-06-15,710.0,711.0,710.0,711.0,703.725098,200.0,200.0,1.0,0.141,710.66667,"June 15, 20",0.00141
0,2020-06-12,710.0,715.0,710.0,713.0,705.704651,100.0,100.0,3.0,0.423,712.66667,"June 12, 20",0.00423
0,2020-06-11,713.580017,715.0,713.580017,715.0,707.684204,100.0,100.0,1.41998,0.199,714.52667,"June 11, 20",0.00199
0,2020-06-10,711.0,711.0,710.0,710.0,695.559509,100.0,100.0,-1.0,-0.141,710.33333,"June 10, 20",-0.00141
0,2020-06-09,710.0,711.0,710.0,710.0,695.559509,100.0,100.0,0.0,0.0,710.33333,"June 09, 20",0.0
0,2020-06-08,711.0,711.0,706.039978,710.950012,696.490234,200.0,200.0,-0.04999,-0.007,709.33,"June 08, 20",-7e-05
0,2020-06-05,711.0,711.0,708.0,710.0,695.559509,100.0,100.0,-1.0,-0.141,709.66667,"June 05, 20",-0.00141
0,2020-06-04,711.0,712.0,710.0,710.0,695.559509,100.0,100.0,-1.0,-0.141,710.66667,"June 04, 20",-0.00141
0,2020-06-03,711.0,712.0,710.0,710.0,695.559509,200.0,200.0,-1.0,-0.141,710.66667,"June 03, 20",-0.00141
0,2020-06-02,712.0,712.0,710.0,710.0,695.559509,200.0,200.0,-2.0,-0.281,710.66667,"June 02, 20",-0.00281
0,2020-06-01,710.0,710.0,710.0,710.0,695.559509,100.0,100.0,0.0,0.0,710.0,"June 01, 20",0.0
0,2020-05-29,710.0,710.0,710.0,710.0,695.559509,0.0,0.0,0.0,0.0,0.0,"May 29, 20",0.0
0,2020-05-28,705.0,712.0,705.0,710.0,695.559509,200.0,200.0,5.0,0.709,709.0,"May 28, 20",0.00709
0,2020-05-27,711.0,711.080017,710.0,710.0,695.559509,200.0,200.0,-1.0,-0.141,710.36001,"May 27, 20",-0.00141
0,2020-05-26,710.0,710.0,710.0,710.0,695.559509,200.0,200.0,0.0,0.0,710.0,"May 26, 20",0.0
0,2020-05-22,710.0,710.0,710.0,710.0,695.559509,100.0,100.0,0.0,0.0,710.0,"May 22, 20",0.0
0,2020-05-21,715.0,715.0,714.25,714.25,699.723083,200.0,200.0,-0.75,-0.105,714.5,"May 21, 20",-0.00105
0,2020-05-20,715.0,715.0,715.0,715.0,700.457825,100.0,100.0,0.0,0.0,715.0,"May 20, 20",0.0
0,2020-05-19,710.0,710.0,710.0,710.0,695.559509,0.0,0.0,0.0,0.0,0.0,"May 19, 20",0.0
0,2020-05-18,710.0,710.0,710.0,710.0,695.559509,0.0,0.0,0.0,0.0,0.0,"May 18, 20",0.0
0,2020-05-15,710.0,710.0,710.0,710.0,695.559509,0.0,0.0,0.0,0.0,0.0,"May 15, 20",0.0
0,2020-05-14,710.0,710.0,710.0,710.0,695.559509,100.0,100.0,0.0,0.0,710.0,"May 14, 20",0.0
0,2020-05-13,710.0,710.0,710.0,710.0,695.559509,0.0,0.0,0.0,0.0,0.0,"May 13, 20",0.0
0,2020-05-12,710.0,710.0,710.0,710.0,695.559509,0.0,0.0,0.0,0.0,0.0,"May 12, 20",0.0
0,2020-05-11,710.0,725.0,710.0,710.0,695.559509,100.0,100.0,0.0,0.0,715.0,"May 11, 20",0.0
0,2020-05-08,700.0,700.0,700.0,700.0,685.762939,100.0,100.0,0.0,0.0,700.0,"May 08, 20",0.0
0,2020-05-07,699.98999,745.0,699.97998,700.0,685.762939,100.0,100.0,0.01001,0.001,714.99333,"May 07, 20",1e-05
0,2020-05-06,670.0,699.97998,670.0,670.0,656.373047,100.0,100.0,0.0,0.0,679.99333,"May 06, 20",0.0
0,2020-05-05,760.0,800.0,665.0,665.0,651.474731,300.0,300.0,-95.0,-12.5,710.0,"May 05, 20",-0.125
0,2020-05-04,750.0,755.0,722.0,722.0,707.31543,100.0,100.0,-28.0,-3.733,733.0,"May 04, 20",-0.03733
0,2020-05-01,750.0,750.0,750.0,750.0,734.745972,0.0,0.0,0.0,0.0,0.0,"May 01, 20",0.0
0,2020-04-30,750.0,750.0,750.0,750.0,734.745972,0.0,0.0,0.0,0.0,0.0,"April 30, 20",0.0
0,2020-04-29,719.950012,795.0,715.0,750.0,734.745972,100.0,100.0,30.04999,4.174,753.33333,"April 29, 20",0.04174
0,2020-04-28,710.039978,715.0,710.039978,715.0,700.457825,100.0,100.0,4.96002,0.699,713.34666,"April 28, 20",0.00699
0,2020-04-27,700.0,702.0,700.0,702.0,687.722229,100.0,100.0,2.0,0.286,701.33333,"April 27, 20",0.00286
0,2020-04-24,719.0,719.0,710.0,710.0,695.559509,100.0,100.0,-9.0,-1.252,713.0,"April 24, 20",-0.01252
0,2020-04-23,719.0,719.0,700.0,700.0,685.762939,100.0,100.0,-19.0,-2.643,706.33333,"April 23, 20",-0.02643
0,2020-04-22,655.0,655.0,655.0,655.0,641.678101,0.0,0.0,0.0,0.0,0.0,"April 22, 20",0.0
0,2020-04-21,655.0,655.0,655.0,655.0,641.678101,0.0,0.0,0.0,0.0,0.0,"April 21, 20",0.0
0,2020-04-20,655.0,655.0,655.0,655.0,641.678101,0.0,0.0,0.0,0.0,0.0,"April 20, 20",0.0
0,2020-04-17,655.0,655.0,655.0,655.0,641.678101,0.0,0.0,0.0,0.0,0.0,"April 17, 20",0.0
0,2020-04-16,685.0,692.5,650.0,655.0,641.678101,300.0,300.0,-30.0,-4.38,665.83333,"April 16, 20",-0.0438
0,2020-04-15,700.0,700.0,675.0,675.0,661.271362,100.0,100.0,-25.0,-3.571,683.33333,"April 15, 20",-0.03571
0,2020-04-14,685.0,725.0,685.0,700.0,685.762939,100.0,100.0,15.0,2.19,703.33333,"April 14, 20",0.0219
0,2020-04-13,665.0,670.0,665.0,670.0,656.373047,100.0,100.0,5.0,0.752,668.33333,"April 13, 20",0.00752
0,2020-04-09,665.0,665.0,665.0,665.0,651.474731,100.0,100.0,0.0,0.0,665.0,"April 09, 20",0.0
0,2020-04-08,664.960022,665.0,664.960022,665.0,651.474731,100.0,100.0,0.03998,0.006,664.98667,"April 08, 20",6e-05
0,2020-04-07,660.0,665.0,660.0,665.0,651.474731,100.0,100.0,5.0,0.758,663.33333,"April 07, 20",0.00758
0,2020-04-06,630.0,680.0,630.0,680.0,666.169678,100.0,100.0,50.0,7.937,663.33333,"April 06, 20",0.07937
0,2020-04-03,630.0,630.0,629.98999,630.0,617.186584,100.0,100.0,0.0,0.0,629.99666,"April 03, 20",0.0
0,2020-04-02,650.0,650.0,626.200012,630.0,617.186584,100.0,100.0,-20.0,-3.077,635.4,"April 02, 20",-0.03077
0,2020-04-01,685.0,685.0,640.0,650.0,636.779846,200.0,200.0,-35.0,-5.109,658.33333,"April 01, 20",-0.05109
0,2020-03-31,685.0,691.5,685.0,685.0,671.067932,300.0,300.0,0.0,0.0,687.16667,"March 31, 20",0.0
0,2020-03-30,698.0,698.0,685.0,698.0,683.803528,100.0,100.0,0.0,0.0,693.66667,"March 30, 20",0.0
0,2020-03-27,698.0,698.0,698.0,698.0,683.803528,100.0,100.0,0.0,0.0,698.0,"March 27, 20",0.0
0,2020-03-26,690.0,698.0,690.0,698.0,683.803528,100.0,100.0,8.0,1.159,695.33333,"March 26, 20",0.01159
0,2020-03-25,690.0,698.98999,650.0,698.98999,684.773438,100.0,100.0,8.98999,1.303,682.65999,"March 25, 20",0.01303
0,2020-03-24,670.0,698.98999,670.0,698.98999,684.773438,100.0,100.0,28.98999,4.327,689.32666,"March 24, 20",0.04327
0,2020-03-23,700.0,700.0,660.0,699.0,684.783203,200.0,200.0,-1.0,-0.143,686.33333,"March 23, 20",-0.00143
0,2020-03-20,769.98999,769.98999,698.0,725.0,710.254395,100.0,100.0,-44.98999,-5.843,730.99666,"March 20, 20",-0.05843
0,2020-03-19,720.0,725.0,720.0,725.0,710.254395,100.0,100.0,5.0,0.694,723.33333,"March 19, 20",0.00694
0,2020-03-18,725.0,725.0,725.0,725.0,710.254395,0.0,0.0,0.0,0.0,0.0,"March 18, 20",0.0
0,2020-03-17,675.0,725.0,675.0,725.0,710.254395,100.0,100.0,50.0,7.407,708.33333,"March 17, 20",0.07407
0,2020-03-16,725.0,725.0,725.0,725.0,710.254395,100.0,100.0,0.0,0.0,725.0,"March 16, 20",0.0
0,2020-03-13,725.0,730.0,725.0,725.0,710.254395,100.0,100.0,0.0,0.0,726.66667,"March 13, 20",0.0
0,2020-03-12,730.0,730.0,681.5,725.0,710.254395,100.0,100.0,-5.0,-0.685,712.16667,"March 12, 20",-0.00685
0,2020-03-11,765.0,765.0,765.0,765.0,749.440857,100.0,100.0,0.0,0.0,765.0,"March 11, 20",0.0
0,2020-03-10,760.0,765.0,745.0,765.0,749.440857,100.0,100.0,5.0,0.658,758.33333,"March 10, 20",0.00658
0,2020-03-09,767.0,775.0,740.0,775.0,759.237488,200.0,200.0,8.0,1.043,763.33333,"March 09, 20",0.01043
0,2020-03-06,769.25,770.0,769.0,770.0,754.339233,100.0,100.0,0.75,0.097,769.66667,"March 06, 20",0.00097
0,2020-03-05,770.0,770.0,770.0,770.0,754.339233,400.0,400.0,0.0,0.0,770.0,"March 05, 20",0.0
0,2020-03-04,765.0,775.0,765.0,769.090027,753.447754,200.0,200.0,4.09003,0.535,769.69668,"March 04, 20",0.00535
0,2020-03-03,770.0,770.0,768.0,770.0,754.339233,600.0,600.0,0.0,0.0,769.33333,"March 03, 20",0.0
0,2020-03-02,767.0,770.0,765.330017,765.330017,749.76416,100.0,100.0,-1.66998,-0.218,766.88668,"March 02, 20",-0.00218
0,2020-02-28,789.030029,789.030029,773.0,774.0,758.257813,300.0,300.0,-15.03003,-1.905,778.67668,"February 28, 20",-0.01905
0,2020-02-27,793.0,800.25,789.0,789.030029,772.982178,200.0,200.0,-3.96997,-0.501,792.76001,"February 27, 20",-0.00501
0,2020-02-26,793.0,793.099976,782.0,789.0,772.952759,300.0,300.0,-4.0,-0.504,788.03333,"February 26, 20",-0.00504
0,2020-02-25,785.0,799.98999,779.849976,789.0,772.952759,500.0,500.0,4.0,0.51,789.61332,"February 25, 20",0.0051
0,2020-02-24,775.0,779.799988,772.0,779.799988,763.939819,800.0,800.0,4.79999,0.619,777.19999,"February 24, 20",0.00619
0,2020-02-21,775.0,775.0,774.960022,775.0,759.237488,100.0,100.0,0.0,0.0,774.98667,"February 21, 20",0.0
0,2020-02-20,770.0,772.5,770.0,772.5,756.78833,100.0,100.0,2.5,0.325,771.66667,"February 20, 20",0.00325
0,2020-02-19,775.0,775.0,770.0,770.0,754.339233,100.0,100.0,-5.0,-0.645,771.66667,"February 19, 20",-0.00645
0,2020-02-18,772.0,775.0,772.0,775.0,759.237488,100.0,100.0,3.0,0.389,774.0,"February 18, 20",0.00389
0,2020-02-14,770.0,770.0,770.0,770.0,754.339233,0.0,0.0,0.0,0.0,0.0,"February 14, 20",0.0
0,2020-02-13,770.51001,770.51001,770.0,770.0,754.339233,100.0,100.0,-0.51001,-0.066,770.17,"February 13, 20",-0.00066
0,2020-02-12,774.0,775.0,770.0,770.0,754.339233,100.0,100.0,-4.0,-0.517,771.66667,"February 12, 20",-0.00517
0,2020-02-11,772.0,772.0,772.0,772.0,756.298523,100.0,100.0,0.0,0.0,772.0,"February 11, 20",0.0
0,2020-02-10,772.0,772.0,772.0,772.0,756.298523,100.0,100.0,0.0,0.0,772.0,"February 10, 20",0.0
0,2020-02-07,770.0,774.0,765.0,770.0,754.339233,100.0,100.0,0.0,0.0,769.66667,"February 07, 20",0.0
0,2020-02-06,766.0,766.02002,765.599976,766.02002,750.440186,100.0,100.0,0.02002,0.003,765.88001,"February 06, 20",3e-05
0,2020-02-05,765.599976,765.599976,765.599976,765.599976,750.028687,100.0,100.0,0.0,0.0,765.59998,"February 05, 20",0.0
0,2020-02-04,770.0,770.0,765.0,765.0,749.440857,100.0,100.0,-5.0,-0.649,766.66667,"February 04, 20",-0.00649
0,2020-02-03,767.0,767.0,766.0,766.0,750.420532,100.0,100.0,-1.0,-0.13,766.33333,"February 03, 20",-0.0013
0,2020-01-31,770.0,775.0,768.0,768.0,752.379822,100.0,100.0,-2.0,-0.26,770.33333,"January 31, 20",-0.0026
0,2020-01-30,774.0,774.0,766.599976,766.599976,751.008301,100.0,100.0,-7.40002,-0.956,769.06665,"January 30, 20",-0.00956
0,2020-01-29,774.960022,774.960022,774.960022,774.960022,759.198364,100.0,100.0,0.0,0.0,774.96002,"January 29, 20",0.0
0,2020-01-28,770.539978,770.539978,770.539978,770.539978,754.868164,0.0,0.0,0.0,0.0,0.0,"January 28, 20",0.0
0,2020-01-27,770.539978,770.539978,770.539978,770.539978,754.868164,0.0,0.0,0.0,0.0,0.0,"January 27, 20",0.0
0,2020-01-24,775.0,775.0,770.539978,770.539978,754.868164,100.0,100.0,-4.46002,-0.575,772.02665,"January 24, 20",-0.00575
0,2020-01-23,774.98999,774.98999,774.960022,774.960022,759.198364,100.0,100.0,-0.02997,-0.004,774.97001,"January 23, 20",-4e-05
0,2020-01-22,772.0,772.0,770.5,772.0,756.298523,100.0,100.0,0.0,0.0,771.5,"January 22, 20",0.0
0,2020-01-21,774.98999,774.98999,770.0,770.0,754.339233,400.0,400.0,-4.98999,-0.644,771.66333,"January 21, 20",-0.00644
0,2020-01-17,770.0,774.98999,770.0,774.98999,759.227722,400.0,400.0,4.98999,0.648,773.32666,"January 17, 20",0.00648
0,2020-01-16,773.0,773.0,769.5,769.5,753.849365,100.0,100.0,-3.5,-0.453,770.66667,"January 16, 20",-0.00453
0,2020-01-15,775.0,775.0,775.0,775.0,759.237488,100.0,100.0,0.0,0.0,775.0,"January 15, 20",0.0
0,2020-01-14,778.0,778.0,769.5,769.5,753.849365,400.0,400.0,-8.5,-1.093,772.33333,"January 14, 20",-0.01093
0,2020-01-13,775.0,775.0,774.960022,774.960022,759.198364,100.0,100.0,-0.03998,-0.005,774.97335,"January 13, 20",-5e-05
0,2020-01-10,774.0,774.0,774.0,774.0,758.257813,100.0,100.0,0.0,0.0,774.0,"January 10, 20",0.0
0,2020-01-09,770.0,771.0,770.0,771.0,755.318848,100.0,100.0,1.0,0.13,770.66667,"January 09, 20",0.0013
0,2020-01-08,768.0,768.0,767.0,767.0,751.400208,100.0,100.0,-1.0,-0.13,767.33333,"January 08, 20",-0.0013
0,2020-01-07,766.619995,767.099976,766.619995,767.099976,751.498169,100.0,100.0,0.47998,0.063,766.93998,"January 07, 20",0.00063
0,2020-01-06,768.01001,768.01001,766.609985,766.609985,751.018127,100.0,100.0,-1.40002,-0.182,767.07666,"January 06, 20",-0.00182
0,2020-01-03,771.0,771.0,771.0,771.0,755.318848,100.0,100.0,0.0,0.0,771.0,"January 03, 20",0.0
0,2020-01-02,773.98999,775.0,770.0,771.0,755.318848,2200.0,2200.0,-2.98999,-0.386,772.0,"January 02, 20",-0.00386
0,2019-12-31,774.0,774.0,768.099976,768.099976,752.477844,200.0,200.0,-5.90002,-0.762,770.06665,"December 31, 19",-0.00762
0,2019-12-30,774.0,774.0,771.049988,774.0,758.257813,100.0,100.0,0.0,0.0,773.01666,"December 30, 19",0.0
0,2019-12-27,773.960022,773.960022,773.960022,773.960022,758.218628,0.0,0.0,0.0,0.0,0.0,"December 27, 19",0.0
0,2019-12-26,773.799988,774.0,773.799988,773.960022,758.218628,100.0,100.0,0.16003,0.021,773.92,"December 26, 19",0.00021
0,2019-12-24,769.299988,769.299988,767.849976,767.849976,752.232849,100.0,100.0,-1.45001,-0.188,768.33331,"December 24, 19",-0.00188
0,2019-12-23,772.599976,773.960022,769.340027,769.340027,753.692627,200.0,200.0,-3.25995,-0.422,770.88003,"December 23, 19",-0.00422
0,2019-12-20,776.599976,776.599976,774.0,774.0,758.257813,100.0,100.0,-2.59998,-0.335,774.86666,"December 20, 19",-0.00335
0,2019-12-19,777.0,777.0,777.0,777.0,761.196838,0.0,0.0,0.0,0.0,0.0,"December 19, 19",0.0
0,2019-12-18,777.039978,777.039978,776.599976,777.0,761.196838,300.0,300.0,-0.03998,-0.005,776.87998,"December 18, 19",-5e-05
0,2019-12-17,780.0,780.0,777.099976,779.799988,763.939819,100.0,100.0,-0.20001,-0.026,778.96665,"December 17, 19",-0.00026
0,2019-12-16,782.0,782.0,777.599976,777.599976,761.784607,100.0,100.0,-4.40002,-0.563,779.06665,"December 16, 19",-0.00563
0,2019-12-13,780.599976,780.599976,780.599976,780.599976,764.723572,200.0,200.0,0.0,0.0,780.59998,"December 13, 19",0.0
0,2019-12-12,780.0,784.960022,780.0,784.960022,768.994934,100.0,100.0,4.96002,0.636,783.30668,"December 12, 19",0.00636
0,2019-12-11,780.099976,780.099976,780.099976,780.099976,764.233765,0.0,0.0,0.0,0.0,0.0,"December 11, 19",0.0
0,2019-12-10,783.0,783.0,780.099976,780.099976,764.233765,200.0,200.0,-2.90002,-0.37,781.06665,"December 10, 19",-0.0037
0,2019-12-09,785.0,785.0,780.0,780.0,764.135803,100.0,100.0,-5.0,-0.637,781.66667,"December 09, 19",-0.00637
0,2019-12-06,780.0,785.0,780.0,785.0,769.034119,100.0,100.0,5.0,0.641,783.33333,"December 06, 19",0.00641
0,2019-12-05,793.0,793.0,779.849976,780.0,764.135803,100.0,100.0,-13.0,-1.639,784.28333,"December 05, 19",-0.01639
0,2019-12-04,799.960022,799.960022,799.960022,799.960022,776.685303,0.0,0.0,0.0,0.0,0.0,"December 04, 19",0.0
0,2019-12-03,799.960022,799.960022,799.960022,799.960022,776.685303,100.0,100.0,0.0,0.0,799.96002,"December 03, 19",0.0
0,2019-12-02,800.0,800.0,795.0,795.0,771.869507,100.0,100.0,-5.0,-0.625,796.66667,"December 02, 19",-0.00625
0,2019-11-29,799.0,799.0,799.0,799.0,775.753235,100.0,100.0,0.0,0.0,799.0,"November 29, 19",0.0
0,2019-11-27,793.0,795.01001,793.0,795.01001,771.879272,100.0,100.0,2.01001,0.253,794.34001,"November 27, 19",0.00253
0,2019-11-26,787.0,787.0,787.0,787.0,764.102356,100.0,100.0,0.0,0.0,787.0,"November 26, 19",0.0
0,2019-11-25,787.0,787.0,787.0,787.0,764.102356,100.0,100.0,0.0,0.0,787.0,"November 25, 19",0.0
0,2019-11-22,785.0,785.0,785.0,785.0,762.160522,100.0,100.0,0.0,0.0,785.0,"November 22, 19",0.0
0,2019-11-21,773.25,777.5,773.25,777.5,754.878723,100.0,100.0,4.25,0.55,776.08333,"November 21, 19",0.0055
0,2019-11-20,775.0,775.0,773.099976,773.099976,750.60675,100.0,100.0,-1.90002,-0.245,773.73332,"November 20, 19",-0.00245
0,2019-11-19,772.599976,775.5,772.599976,775.5,752.93689,100.0,100.0,2.90002,0.375,774.53333,"November 19, 19",0.00375
0,2019-11-18,775.0,775.0,772.5,772.5,750.02417,100.0,100.0,-2.5,-0.323,773.33333,"November 18, 19",-0.00323
0,2019-11-15,774.5,774.5,774.5,774.5,751.966064,0.0,0.0,0.0,0.0,0.0,"November 15, 19",0.0
0,2019-11-14,774.5,774.5,774.5,774.5,751.966064,0.0,0.0,0.0,0.0,0.0,"November 14, 19",0.0
0,2019-11-13,774.5,774.5,774.5,774.5,751.966064,0.0,0.0,0.0,0.0,0.0,"November 13, 19",0.0
0,2019-11-12,774.5,774.5,774.5,774.5,751.966064,100.0,100.0,0.0,0.0,774.5,"November 12, 19",0.0
0,2019-11-11,772.299988,774.5,772.299988,772.5,750.02417,100.0,100.0,0.20001,0.026,773.1,"November 11, 19",0.00026
0,2019-11-08,785.0,785.0,772.299988,772.299988,749.830017,500.0,500.0,-12.70001,-1.618,776.53333,"November 08, 19",-0.01618
0,2019-11-07,775.0,775.0,772.0,772.0,749.538757,100.0,100.0,-3.0,-0.387,773.0,"November 07, 19",-0.00387
0,2019-11-06,775.0,785.0,775.0,785.0,762.160522,100.0,100.0,10.0,1.29,781.66667,"November 06, 19",0.0129
0,2019-11-05,785.0,785.0,771.109985,771.109985,748.674622,100.0,100.0,-13.89001,-1.769,775.73999,"November 05, 19",-0.01769
0,2019-11-04,780.0,780.0,775.0,775.0,752.451416,100.0,100.0,-5.0,-0.641,776.66667,"November 04, 19",-0.00641
0,2019-11-01,780.0,780.0,780.0,780.0,757.30603,100.0,100.0,0.0,0.0,780.0,"November 01, 19",0.0
0,2019-10-31,772.5,772.5,772.5,772.5,750.02417,0.0,0.0,0.0,0.0,0.0,"October 31, 19",0.0
0,2019-10-30,780.0,780.0,772.5,772.5,750.02417,100.0,100.0,-7.5,-0.962,775.0,"October 30, 19",-0.00962
0,2019-10-29,779.0,780.0,779.0,780.0,757.30603,100.0,100.0,1.0,0.128,779.66667,"October 29, 19",0.00128
0,2019-10-28,779.0,779.0,772.5,772.5,750.02417,100.0,100.0,-6.5,-0.834,774.66667,"October 28, 19",-0.00834
0,2019-10-25,778.0,779.0,778.0,778.0,755.364136,100.0,100.0,0.0,0.0,778.33333,"October 25, 19",0.0
0,2019-10-24,778.0,778.0,778.0,778.0,755.364136,100.0,100.0,0.0,0.0,778.0,"October 24, 19",0.0
0,2019-10-23,778.0,778.0,772.5,778.0,755.364136,100.0,100.0,0.0,0.0,776.16667,"October 23, 19",0.0
0,2019-10-22,770.0,778.0,770.0,778.0,755.364136,100.0,100.0,8.0,1.039,775.33333,"October 22, 19",0.01039
0,2019-10-21,774.960022,774.960022,774.960022,774.960022,752.412659,0.0,0.0,0.0,0.0,0.0,"October 21, 19",0.0
0,2019-10-18,774.960022,774.960022,774.960022,774.960022,752.412659,100.0,100.0,0.0,0.0,774.96002,"October 18, 19",0.0
0,2019-10-17,761.599976,770.0,761.599976,770.0,747.596985,100.0,100.0,8.40002,1.103,767.19999,"October 17, 19",0.01103
0,2019-10-16,761.0,780.0,761.0,761.599976,739.441345,100.0,100.0,0.59998,0.079,767.53333,"October 16, 19",0.00079
0,2019-10-15,790.0,790.0,780.0,780.0,757.30603,100.0,100.0,-10.0,-1.266,783.33333,"October 15, 19",-0.01266
0,2019-10-14,804.0,804.0,755.75,775.0,752.451416,100.0,100.0,-29.0,-3.607,778.25,"October 14, 19",-0.03607
0,2019-10-11,780.0,800.0,772.5,772.5,750.02417,100.0,100.0,-7.5,-0.962,781.66667,"October 11, 19",-0.00962
0,2019-10-10,777.0,777.0,772.5,772.5,750.02417,100.0,100.0,-4.5,-0.579,774.0,"October 10, 19",-0.00579
0,2019-10-09,775.0,775.0,770.0,770.0,747.596985,100.0,100.0,-5.0,-0.645,771.66667,"October 09, 19",-0.00645
0,2019-10-08,772.5,778.0,755.0,775.0,752.451416,800.0,800.0,2.5,0.324,769.33333,"October 08, 19",0.00324
0,2019-10-07,780.0,780.0,780.0,780.0,757.30603,0.0,0.0,0.0,0.0,0.0,"October 07, 19",0.0
0,2019-10-04,780.0,780.0,780.0,780.0,757.30603,0.0,0.0,0.0,0.0,0.0,"October 04, 19",0.0
0,2019-10-03,780.0,780.0,780.0,780.0,757.30603,100.0,100.0,0.0,0.0,780.0,"October 03, 19",0.0
0,2019-10-02,780.0,780.0,780.0,780.0,757.30603,100.0,100.0,0.0,0.0,780.0,"October 02, 19",0.0
0,2019-10-01,780.0,780.0,771.299988,771.299988,748.859131,100.0,100.0,-8.70001,-1.115,774.19999,"October 01, 19",-0.01115
0,2019-09-30,780.0,780.0,780.0,780.0,757.30603,100.0,100.0,0.0,0.0,780.0,"September 30, 19",0.0
0,2019-09-27,775.0,780.0,775.0,780.0,757.30603,100.0,100.0,5.0,0.645,778.33333,"September 27, 19",0.00645
0,2019-09-26,780.0,780.0,780.0,780.0,757.30603,100.0,100.0,0.0,0.0,780.0,"September 26, 19",0.0
0,2019-09-25,780.0,780.0,775.0,780.0,757.30603,100.0,100.0,0.0,0.0,778.33333,"September 25, 19",0.0
0,2019-09-24,780.0,780.0,780.0,780.0,757.30603,100.0,100.0,0.0,0.0,780.0,"September 24, 19",0.0
0,2019-09-23,785.0,785.0,775.0,775.0,752.451416,100.0,100.0,-10.0,-1.274,778.33333,"September 23, 19",-0.01274
0,2019-09-20,800.0,800.0,795.0,795.0,771.869507,100.0,100.0,-5.0,-0.625,796.66667,"September 20, 19",-0.00625
0,2019-09-19,800.0,800.0,800.0,800.0,776.724121,0.0,0.0,0.0,0.0,0.0,"September 19, 19",0.0
0,2019-09-18,800.0,800.0,800.0,800.0,776.724121,100.0,100.0,0.0,0.0,800.0,"September 18, 19",0.0
0,2019-09-17,820.0,820.0,767.049988,767.049988,744.732788,100.0,100.0,-52.95001,-6.457,784.69999,"September 17, 19",-0.06457
0,2019-09-16,820.0,820.0,820.0,820.0,796.142212,100.0,100.0,0.0,0.0,820.0,"September 16, 19",0.0
0,2019-09-13,800.01001,800.01001,800.01001,800.01001,776.733826,100.0,100.0,0.0,0.0,800.01001,"September 13, 19",0.0
0,2019-09-12,799.0,850.25,775.0,850.25,825.512085,100.0,100.0,51.25,6.414,825.16667,"September 12, 19",0.06414
0,2019-09-11,798.0,799.0,780.0,799.0,775.753235,100.0,100.0,1.0,0.125,792.66667,"September 11, 19",0.00125
0,2019-09-10,765.0,780.0,765.0,780.0,757.30603,100.0,100.0,15.0,1.961,775.0,"September 10, 19",0.01961
0,2019-09-09,767.0,777.0,767.0,777.0,754.39325,100.0,100.0,10.0,1.304,773.66667,"September 09, 19",0.01304
0,2019-09-06,770.0,770.0,762.599976,765.0,742.742432,200.0,200.0,-5.0,-0.649,765.86666,"September 06, 19",-0.00649
0,2019-09-05,767.0,767.0,767.0,767.0,744.684265,100.0,100.0,0.0,0.0,767.0,"September 05, 19",0.0
0,2019-09-04,767.0,767.0,762.599976,762.599976,740.412231,100.0,100.0,-4.40002,-0.574,764.06665,"September 04, 19",-0.00574
0,2019-09-03,762.309998,762.309998,762.309998,762.309998,740.130676,100.0,100.0,0.0,0.0,762.31,"September 03, 19",0.0
0,2019-08-30,780.0,780.0,780.0,780.0,757.30603,0.0,0.0,0.0,0.0,0.0,"August 30, 19",0.0
0,2019-08-29,780.0,780.0,780.0,780.0,757.30603,100.0,100.0,0.0,0.0,780.0,"August 29, 19",0.0
0,2019-08-28,762.01001,762.01001,762.01001,762.01001,739.839355,100.0,100.0,0.0,0.0,762.01001,"August 28, 19",0.0
0,2019-08-27,770.0,800.0,760.0,762.01001,739.839355,100.0,100.0,-7.98999,-1.038,774.00334,"August 27, 19",-0.01038
0,2019-08-26,762.0,770.0,757.0,760.0,737.887878,100.0,100.0,-2.0,-0.262,762.33333,"August 26, 19",-0.00262
0,2019-08-23,767.0,780.0,761.0,762.099976,739.926758,100.0,100.0,-4.90002,-0.639,767.69999,"August 23, 19",-0.00639
0,2019-08-22,779.950012,780.950012,779.950012,780.950012,758.228394,100.0,100.0,1.0,0.128,780.61668,"August 22, 19",0.00128
0,2019-08-21,767.0,781.0,767.0,781.0,758.276917,100.0,100.0,14.0,1.825,776.33333,"August 21, 19",0.01825
0,2019-08-20,770.0,774.5,770.0,774.5,751.966064,100.0,100.0,4.5,0.584,773.0,"August 20, 19",0.00584
0,2019-08-19,766.099976,766.099976,766.099976,766.099976,743.810364,0.0,0.0,0.0,0.0,0.0,"August 19, 19",0.0
0,2019-08-16,766.099976,766.099976,766.099976,766.099976,743.810364,0.0,0.0,0.0,0.0,0.0,"August 16, 19",0.0
0,2019-08-15,767.0,767.0,766.099976,766.099976,743.810364,100.0,100.0,-0.90002,-0.117,766.39998,"August 15, 19",-0.00117
0,2019-08-14,776.0,780.25,770.0,770.0,747.596985,100.0,100.0,-6.0,-0.773,773.41667,"August 14, 19",-0.00773
0,2019-08-13,776.0,776.0,776.0,776.0,753.422363,100.0,100.0,0.0,0.0,776.0,"August 13, 19",0.0
0,2019-08-12,778.0,778.0,778.0,778.0,755.364136,0.0,0.0,0.0,0.0,0.0,"August 12, 19",0.0
0,2019-08-09,778.0,778.0,778.0,778.0,755.364136,100.0,100.0,0.0,0.0,778.0,"August 09, 19",0.0
0,2019-08-08,775.0,780.0,775.0,780.0,757.30603,100.0,100.0,5.0,0.645,778.33333,"August 08, 19",0.00645
0,2019-08-07,775.0,775.0,775.0,775.0,752.451416,100.0,100.0,0.0,0.0,775.0,"August 07, 19",0.0
0,2019-08-06,782.0,782.0,775.0,780.960022,758.238037,100.0,100.0,-1.03998,-0.133,779.32001,"August 06, 19",-0.00133
0,2019-08-05,782.0,782.0,782.0,782.0,759.247803,100.0,100.0,0.0,0.0,782.0,"August 05, 19",0.0
0,2019-08-02,825.0,825.0,800.0,800.0,776.724121,100.0,100.0,-25.0,-3.03,808.33333,"August 02, 19",-0.0303
0,2019-08-01,800.0,800.0,781.099976,795.0,771.869507,100.0,100.0,-5.0,-0.625,792.03333,"August 01, 19",-0.00625
0,2019-07-31,790.0,795.0,790.0,795.0,771.869507,100.0,100.0,5.0,0.633,793.33333,"July 31, 19",0.00633
0,2019-07-30,800.0,800.0,781.099976,781.099976,758.373962,100.0,100.0,-18.90002,-2.363,787.39998,"July 30, 19",-0.02363
0,2019-07-29,805.0,805.0,781.099976,781.099976,758.373962,100.0,100.0,-23.90002,-2.969,789.06665,"July 29, 19",-0.02969
0,2019-07-26,805.0,805.0,805.0,805.0,781.578613,0.0,0.0,0.0,0.0,0.0,"July 26, 19",0.0
0,2019-07-25,805.0,805.0,805.0,805.0,781.578613,200.0,200.0,0.0,0.0,805.0,"July 25, 19",0.0
0,2019-07-24,802.0,802.0,802.0,802.0,778.665894,0.0,0.0,0.0,0.0,0.0,"July 24, 19",0.0
0,2019-07-23,802.0,802.0,802.0,802.0,778.665894,0.0,0.0,0.0,0.0,0.0,"July 23, 19",0.0
0,2019-07-22,800.0,802.0,800.0,802.0,778.665894,100.0,100.0,2.0,0.25,801.33333,"July 22, 19",0.0025
0,2019-07-19,787.25,788.0,787.25,788.0,765.073242,100.0,100.0,0.75,0.095,787.75,"July 19, 19",0.00095
0,2019-07-18,800.0,800.0,800.0,800.0,776.724121,100.0,100.0,0.0,0.0,800.0,"July 18, 19",0.0
0,2019-07-17,796.0,800.0,787.0,800.0,776.724121,100.0,100.0,4.0,0.503,795.66667,"July 17, 19",0.00503
0,2019-07-16,795.0,795.0,795.0,795.0,771.869507,100.0,100.0,0.0,0.0,795.0,"July 16, 19",0.0
0,2019-07-15,795.0,795.0,795.0,795.0,771.869507,100.0,100.0,0.0,0.0,795.0,"July 15, 19",0.0
0,2019-07-12,787.0,787.0,787.0,787.0,764.102356,0.0,0.0,0.0,0.0,0.0,"July 12, 19",0.0
0,2019-07-11,787.0,787.0,787.0,787.0,764.102356,0.0,0.0,0.0,0.0,0.0,"July 11, 19",0.0
0,2019-07-10,790.0,790.0,787.0,787.0,764.102356,100.0,100.0,-3.0,-0.38,788.0,"July 10, 19",-0.0038
0,2019-07-09,790.0,790.0,790.0,790.0,767.015076,0.0,0.0,0.0,0.0,0.0,"July 09, 19",0.0
0,2019-07-08,790.0,790.0,790.0,790.0,767.015076,100.0,100.0,0.0,0.0,790.0,"July 08, 19",0.0
0,2019-07-05,787.0,787.0,787.0,787.0,764.102356,0.0,0.0,0.0,0.0,0.0,"July 05, 19",0.0
0,2019-07-03,788.0,788.0,787.0,787.0,764.102356,100.0,100.0,-1.0,-0.127,787.33333,"July 03, 19",-0.00127
0,2019-07-02,788.01001,788.01001,788.0,788.0,765.073242,100.0,100.0,-0.01001,-0.001,788.00334,"July 02, 19",-1e-05
0,2019-07-01,792.5,794.98999,790.0,790.0,767.015076,100.0,100.0,-2.5,-0.315,791.66333,"July 01, 19",-0.00315
0,2019-06-28,795.0,795.0,795.0,795.0,771.869507,100.0,100.0,0.0,0.0,795.0,"June 28, 19",0.0
0,2019-06-27,795.0,795.0,790.0,790.0,767.015076,100.0,100.0,-5.0,-0.629,791.66667,"June 27, 19",-0.00629
0,2019-06-26,795.0,795.0,795.0,795.0,771.869507,100.0,100.0,0.0,0.0,795.0,"June 26, 19",0.0
0,2019-06-25,795.0,795.0,795.0,795.0,771.869507,100.0,100.0,0.0,0.0,795.0,"June 25, 19",0.0
0,2019-06-24,795.0,795.0,795.0,795.0,771.869507,100.0,100.0,0.0,0.0,795.0,"June 24, 19",0.0
0,2019-06-21,800.0,800.0,795.98999,795.98999,772.83075,100.0,100.0,-4.01001,-0.501,797.32666,"June 21, 19",-0.00501
0,2019-06-20,796.0,796.0,796.0,796.0,772.840454,0.0,0.0,0.0,0.0,0.0,"June 20, 19",0.0
0,2019-06-19,796.0,796.0,796.0,796.0,772.840454,100.0,100.0,0.0,0.0,796.0,"June 19, 19",0.0
0,2019-06-18,800.0,800.0,785.0,785.0,762.160522,100.0,100.0,-15.0,-1.875,790.0,"June 18, 19",-0.01875
0,2019-06-17,845.0,845.0,786.0,799.0,775.753235,600.0,600.0,-46.0,-5.444,810.0,"June 17, 19",-0.05444
0,2019-06-14,845.0,845.0,845.0,845.0,820.414795,0.0,0.0,0.0,0.0,0.0,"June 14, 19",0.0
0,2019-06-13,845.0,845.0,845.0,845.0,820.414795,0.0,0.0,0.0,0.0,0.0,"June 13, 19",0.0
0,2019-06-12,850.0,850.0,845.0,845.0,813.569885,100.0,100.0,-5.0,-0.588,846.66667,"June 12, 19",-0.00588
0,2019-06-11,866.0,950.0,866.0,950.0,914.664368,100.0,100.0,84.0,9.7,922.0,"June 11, 19",0.097
0,2019-06-10,845.0,845.0,845.0,845.0,813.569885,0.0,0.0,0.0,0.0,0.0,"June 10, 19",0.0
0,2019-06-07,845.0,845.0,845.0,845.0,813.569885,100.0,100.0,0.0,0.0,845.0,"June 07, 19",0.0
0,2019-06-06,820.0,820.0,820.0,820.0,789.499817,0.0,0.0,0.0,0.0,0.0,"June 06, 19",0.0
0,2019-06-05,810.0,820.0,810.0,820.0,789.499817,100.0,100.0,10.0,1.235,816.66667,"June 05, 19",0.01235
0,2019-06-04,795.0,795.0,795.0,795.0,765.429626,400.0,400.0,0.0,0.0,795.0,"June 04, 19",0.0
0,2019-06-03,795.0,795.0,795.0,795.0,765.429626,0.0,0.0,0.0,0.0,0.0,"June 03, 19",0.0
0,2019-05-31,795.0,795.0,795.0,795.0,765.429626,0.0,0.0,0.0,0.0,0.0,"May 31, 19",0.0
0,2019-05-30,795.0,795.0,795.0,795.0,765.429626,100.0,100.0,0.0,0.0,795.0,"May 30, 19",0.0
0,2019-05-29,795.0,795.0,795.0,795.0,765.429626,100.0,100.0,0.0,0.0,795.0,"May 29, 19",0.0
0,2019-05-28,795.0,795.0,795.0,795.0,765.429626,100.0,100.0,0.0,0.0,795.0,"May 28, 19",0.0
0,2019-05-24,795.0,795.0,795.0,795.0,765.429626,100.0,100.0,0.0,0.0,795.0,"May 24, 19",0.0
0,2019-05-23,795.0,795.0,782.0,782.0,752.913208,100.0,100.0,-13.0,-1.635,786.33333,"May 23, 19",-0.01635
0,2019-05-22,795.0,795.0,795.0,795.0,765.429626,100.0,100.0,0.0,0.0,795.0,"May 22, 19",0.0
0,2019-05-21,782.0,795.0,782.0,795.0,765.429626,100.0,100.0,13.0,1.662,790.66667,"May 21, 19",0.01662
0,2019-05-20,795.0,795.0,795.0,795.0,765.429626,0.0,0.0,0.0,0.0,0.0,"May 20, 19",0.0
0,2019-05-17,795.0,795.0,795.0,795.0,765.429626,100.0,100.0,0.0,0.0,795.0,"May 17, 19",0.0
0,2019-05-16,850.0,850.0,800.0,800.0,770.243713,500.0,500.0,-50.0,-5.882,816.66667,"May 16, 19",-0.05882
0,2019-05-15,780.0,780.0,780.0,780.0,750.987671,100.0,100.0,0.0,0.0,780.0,"May 15, 19",0.0
0,2019-05-14,805.0,805.0,805.0,805.0,775.057739,100.0,100.0,0.0,0.0,805.0,"May 14, 19",0.0
0,2019-05-13,800.0,800.0,800.0,800.0,770.243713,100.0,100.0,0.0,0.0,800.0,"May 13, 19",0.0
0,2019-05-10,785.0,785.0,785.0,785.0,755.801636,0.0,0.0,0.0,0.0,0.0,"May 10, 19",0.0
0,2019-05-09,805.0,805.0,785.0,785.0,755.801636,100.0,100.0,-20.0,-2.484,791.66667,"May 09, 19",-0.02484
0,2019-05-08,850.0,850.0,805.0,805.0,775.057739,100.0,100.0,-45.0,-5.294,820.0,"May 08, 19",-0.05294
0,2019-05-07,850.0,850.0,800.0,800.0,770.243713,100.0,100.0,-50.0,-5.882,816.66667,"May 07, 19",-0.05882
0,2019-05-06,787.0,802.0,787.0,802.0,772.169312,100.0,100.0,15.0,1.906,797.0,"May 06, 19",0.01906
0,2019-05-03,788.0,788.0,788.0,788.0,758.690063,100.0,100.0,0.0,0.0,788.0,"May 03, 19",0.0
0,2019-05-02,770.0,770.0,770.0,770.0,741.359619,100.0,100.0,0.0,0.0,770.0,"May 02, 19",0.0
0,2019-05-01,750.0,760.25,745.0,760.25,731.972229,600.0,600.0,10.25,1.367,755.16667,"May 01, 19",0.01367
0,2019-04-30,745.0,745.0,745.0,745.0,717.28949,100.0,100.0,0.0,0.0,745.0,"April 30, 19",0.0
0,2019-04-29,759.950012,760.0,745.0,745.0,717.28949,100.0,100.0,-14.95001,-1.967,750.0,"April 29, 19",-0.01967
0,2019-04-26,745.0,746.0,744.0,744.0,716.32666,500.0,500.0,-1.0,-0.134,744.66667,"April 26, 19",-0.00134
0,2019-04-25,745.0,760.0,743.0,760.0,731.731506,100.0,100.0,15.0,2.013,754.33333,"April 25, 19",0.02013
0,2019-04-24,752.0,752.0,745.0,745.0,717.28949,400.0,400.0,-7.0,-0.931,747.33333,"April 24, 19",-0.00931
0,2019-04-23,760.0,760.0,760.0,760.0,731.731506,100.0,100.0,0.0,0.0,760.0,"April 23, 19",0.0
0,2019-04-22,742.0,742.0,742.0,742.0,714.401001,100.0,100.0,0.0,0.0,742.0,"April 22, 19",0.0
0,2019-04-18,740.530029,740.530029,740.530029,740.530029,712.985779,100.0,100.0,0.0,0.0,740.53003,"April 18, 19",0.0
0,2019-04-17,760.0,760.0,760.0,760.0,731.731506,0.0,0.0,0.0,0.0,0.0,"April 17, 19",0.0
0,2019-04-16,760.0,762.0,760.0,760.0,731.731506,200.0,200.0,0.0,0.0,760.66667,"April 16, 19",0.0
0,2019-04-15,750.0,760.0,750.0,760.0,731.731506,100.0,100.0,10.0,1.333,756.66667,"April 15, 19",0.01333
0,2019-04-12,737.75,740.000977,737.75,740.0,712.475464,100.0,100.0,2.25,0.305,739.25033,"April 12, 19",0.00305
0,2019-04-11,737.75,737.75,737.75,737.75,710.309082,0.0,0.0,0.0,0.0,0.0,"April 11, 19",0.0
0,2019-04-10,737.75,737.75,737.75,737.75,710.309082,100.0,100.0,0.0,0.0,737.75,"April 10, 19",0.0
0,2019-04-09,745.0,760.0,745.0,760.0,731.731506,100.0,100.0,15.0,2.013,755.0,"April 09, 19",0.02013
0,2019-04-08,740.0,760.0,738.0,760.0,731.731506,100.0,100.0,20.0,2.703,752.66667,"April 08, 19",0.02703
0,2019-04-05,740.0,740.0,740.0,740.0,712.475464,0.0,0.0,0.0,0.0,0.0,"April 05, 19",0.0
0,2019-04-04,740.0,740.0,740.0,740.0,712.475464,0.0,0.0,0.0,0.0,0.0,"April 04, 19",0.0
0,2019-04-03,739.98999,740.0,739.98999,740.0,712.475464,100.0,100.0,0.01001,0.001,739.99666,"April 03, 19",1e-05
0,2019-04-02,750.0,750.0,727.599976,727.599976,700.536621,100.0,100.0,-22.40002,-2.987,735.06665,"April 02, 19",-0.02987
0,2019-04-01,760.0,760.0,760.0,760.0,731.731506,100.0,100.0,0.0,0.0,760.0,"April 01, 19",0.0
0,2019-03-29,725.01001,725.01001,725.01001,725.01001,698.04303,0.0,0.0,0.0,0.0,0.0,"March 29, 19",0.0
0,2019-03-28,735.0,735.0,725.01001,725.01001,698.04303,100.0,100.0,-9.98999,-1.359,728.34001,"March 28, 19",-0.01359
0,2019-03-27,733.599976,735.0,725.0,735.0,707.661377,100.0,100.0,1.40002,0.191,731.66667,"March 27, 19",0.00191
0,2019-03-26,737.0,737.0,733.599976,733.599976,706.313416,100.0,100.0,-3.40002,-0.461,734.73332,"March 26, 19",-0.00461
0,2019-03-25,742.01001,742.01001,735.0,735.0,707.661377,100.0,100.0,-7.01001,-0.945,737.33667,"March 25, 19",-0.00945
0,2019-03-22,755.0,755.0,755.0,755.0,726.91748,100.0,100.0,0.0,0.0,755.0,"March 22, 19",0.0
0,2019-03-21,755.0,755.0,755.0,755.0,726.91748,100.0,100.0,0.0,0.0,755.0,"March 21, 19",0.0
0,2019-03-20,755.0,755.0,755.0,755.0,726.91748,100.0,100.0,0.0,0.0,755.0,"March 20, 19",0.0
0,2019-03-19,740.0,770.0,740.0,770.0,741.359619,100.0,100.0,30.0,4.054,760.0,"March 19, 19",0.04054
0,2019-03-18,770.0,770.0,770.0,770.0,741.359619,0.0,0.0,0.0,0.0,0.0,"March 18, 19",0.0
0,2019-03-15,770.0,770.0,770.0,770.0,741.359619,100.0,100.0,0.0,0.0,770.0,"March 15, 19",0.0
0,2019-03-14,780.0,780.0,780.0,780.0,750.987671,100.0,100.0,0.0,0.0,780.0,"March 14, 19",0.0
0,2019-03-13,780.0,780.0,780.0,780.0,750.987671,100.0,100.0,0.0,0.0,780.0,"March 13, 19",0.0
0,2019-03-12,788.0,788.0,780.0,780.0,750.987671,100.0,100.0,-8.0,-1.015,782.66667,"March 12, 19",-0.01015
0,2019-03-11,788.0,788.0,785.0,788.0,758.690063,100.0,100.0,0.0,0.0,787.0,"March 11, 19",0.0
0,2019-03-08,788.0,788.0,788.0,788.0,758.690063,0.0,0.0,0.0,0.0,0.0,"March 08, 19",0.0
0,2019-03-07,768.25,788.0,768.25,788.0,758.690063,100.0,100.0,19.75,2.571,781.41667,"March 07, 19",0.02571
0,2019-03-06,770.0,770.0,770.0,770.0,741.359619,100.0,100.0,0.0,0.0,770.0,"March 06, 19",0.0
0,2019-03-05,740.0,766.5,740.0,766.5,737.989746,100.0,100.0,26.5,3.581,757.66667,"March 05, 19",0.03581
0,2019-03-04,739.0,740.0,739.0,740.0,712.475464,100.0,100.0,1.0,0.135,739.66667,"March 04, 19",0.00135
0,2019-03-01,740.0,740.0,740.0,740.0,712.475464,0.0,0.0,0.0,0.0,0.0,"March 01, 19",0.0
0,2019-02-28,740.0,740.0,740.0,740.0,712.475464,100.0,100.0,0.0,0.0,740.0,"February 28, 19",0.0
0,2019-02-27,729.0,729.0,729.0,729.0,701.884583,0.0,0.0,0.0,0.0,0.0,"February 27, 19",0.0
0,2019-02-26,729.0,729.0,729.0,729.0,701.884583,100.0,100.0,0.0,0.0,729.0,"February 26, 19",0.0
0,2019-02-25,740.0,740.0,729.0,729.0,701.884583,100.0,100.0,-11.0,-1.486,732.66667,"February 25, 19",-0.01486
0,2019-02-22,729.969971,730.0,729.969971,730.0,702.847412,100.0,100.0,0.03003,0.004,729.98999,"February 22, 19",4e-05
0,2019-02-21,715.0,715.0,715.0,715.0,688.405334,0.0,0.0,0.0,0.0,0.0,"February 21, 19",0.0
0,2019-02-20,715.0,715.0,715.0,715.0,688.405334,0.0,0.0,0.0,0.0,0.0,"February 20, 19",0.0
0,2019-02-19,715.0,715.0,715.0,715.0,688.405334,0.0,0.0,0.0,0.0,0.0,"February 19, 19",0.0
0,2019-02-15,715.0,715.0,715.0,715.0,688.405334,0.0,0.0,0.0,0.0,0.0,"February 15, 19",0.0
0,2019-02-14,715.0,715.0,715.0,715.0,688.405334,200.0,200.0,0.0,0.0,715.0,"February 14, 19",0.0
0,2019-02-13,729.97998,729.97998,716.0,716.0,689.368164,100.0,100.0,-13.97998,-1.915,720.65999,"February 13, 19",-0.01915
0,2019-02-12,715.0,716.0,715.0,716.0,689.368164,100.0,100.0,1.0,0.14,715.66667,"February 12, 19",0.0014
0,2019-02-11,730.0,730.0,715.0,715.01001,688.414978,300.0,300.0,-14.98999,-2.053,720.00334,"February 11, 19",-0.02053
0,2019-02-08,730.0,730.0,730.0,730.0,702.847412,0.0,0.0,0.0,0.0,0.0,"February 08, 19",0.0
0,2019-02-07,730.0,730.0,730.0,730.0,702.847412,100.0,100.0,0.0,0.0,730.0,"February 07, 19",0.0
0,2019-02-06,712.299988,730.0,712.299988,730.0,702.847412,100.0,100.0,17.70001,2.485,724.1,"February 06, 19",0.02485
0,2019-02-05,720.0,720.0,720.0,720.0,693.21936,100.0,100.0,0.0,0.0,720.0,"February 05, 19",0.0
0,2019-02-04,712.299988,712.299988,712.299988,712.299988,685.805725,0.0,0.0,0.0,0.0,0.0,"February 04, 19",0.0
0,2019-02-01,714.219971,714.219971,712.299988,712.299988,685.805725,100.0,100.0,-1.91998,-0.269,712.93998,"February 01, 19",-0.00269
0,2019-01-31,715.0,730.0,712.130005,730.0,702.847412,100.0,100.0,15.0,2.098,724.04334,"January 31, 19",0.02098
0,2019-01-30,712.130005,712.130005,712.130005,712.130005,685.642029,100.0,100.0,0.0,0.0,712.13001,"January 30, 19",0.0
0,2019-01-29,720.0,720.0,720.0,720.0,693.21936,0.0,0.0,0.0,0.0,0.0,"January 29, 19",0.0
0,2019-01-28,720.0,720.0,720.0,720.0,693.21936,0.0,0.0,0.0,0.0,0.0,"January 28, 19",0.0
0,2019-01-25,720.0,720.0,720.0,720.0,693.21936,100.0,100.0,0.0,0.0,720.0,"January 25, 19",0.0
0,2019-01-24,700.0,700.25,700.0,700.25,674.203979,100.0,100.0,0.25,0.036,700.16667,"January 24, 19",0.00036
0,2019-01-23,700.0,700.0,700.0,700.0,673.963257,100.0,100.0,0.0,0.0,700.0,"January 23, 19",0.0
0,2019-01-22,698.0,698.0,698.0,698.0,672.037659,200.0,200.0,0.0,0.0,698.0,"January 22, 19",0.0
0,2019-01-18,698.0,698.0,698.0,698.0,672.037659,100.0,100.0,0.0,0.0,698.0,"January 18, 19",0.0
0,2019-01-17,698.0,700.0,698.0,700.0,673.963257,100.0,100.0,2.0,0.287,699.33333,"January 17, 19",0.00287
0,2019-01-16,698.0,698.0,698.0,698.0,672.037659,100.0,100.0,0.0,0.0,698.0,"January 16, 19",0.0
0,2019-01-15,700.0,700.0,700.0,700.0,673.963257,100.0,100.0,0.0,0.0,700.0,"January 15, 19",0.0
0,2019-01-14,697.0,700.0,697.0,700.0,673.963257,100.0,100.0,3.0,0.43,699.0,"January 14, 19",0.0043
0,2019-01-11,697.0,697.0,697.0,697.0,671.074829,0.0,0.0,0.0,0.0,0.0,"January 11, 19",0.0
0,2019-01-10,697.0,697.0,697.0,697.0,671.074829,0.0,0.0,0.0,0.0,0.0,"January 10, 19",0.0
0,2019-01-09,697.0,697.0,697.0,697.0,671.074829,100.0,100.0,0.0,0.0,697.0,"January 09, 19",0.0
0,2019-01-08,697.0,697.0,697.0,697.0,671.074829,0.0,0.0,0.0,0.0,0.0,"January 08, 19",0.0
0,2019-01-07,697.0,697.0,697.0,697.0,671.074829,100.0,100.0,0.0,0.0,697.0,"January 07, 19",0.0
0,2019-01-04,695.0,695.0,695.0,695.0,669.149231,100.0,100.0,0.0,0.0,695.0,"January 04, 19",0.0
0,2019-01-03,697.01001,697.01001,697.0,697.0,671.074829,100.0,100.0,-0.01001,-0.001,697.00334,"January 03, 19",-1e-05
0,2019-01-02,699.98999,700.0,697.0,698.0,672.037659,100.0,100.0,-1.98999,-0.284,698.33333,"January 02, 19",-0.00284
0,2018-12-31,700.0,700.0,700.0,700.0,673.963257,100.0,100.0,0.0,0.0,700.0,"December 31, 18",0.0
0,2018-12-28,700.0,700.0,700.0,700.0,673.963257,100.0,100.0,0.0,0.0,700.0,"December 28, 18",0.0
0,2018-12-27,665.0,696.0,665.0,696.0,670.112,100.0,100.0,31.0,4.662,685.66667,"December 27, 18",0.04662
0,2018-12-26,690.0,690.0,672.0,672.0,647.0047,100.0,100.0,-18.0,-2.609,678.0,"December 26, 18",-0.02609
0,2018-12-24,696.0,696.0,696.0,696.0,670.112,0.0,0.0,0.0,0.0,0.0,"December 24, 18",0.0
0,2018-12-21,696.0,696.0,696.0,696.0,670.112,100.0,100.0,0.0,0.0,696.0,"December 21, 18",0.0
0,2018-12-20,700.0,700.0,700.0,700.0,673.963257,0.0,0.0,0.0,0.0,0.0,"December 20, 18",0.0
0,2018-12-19,700.0,700.0,700.0,700.0,673.963257,0.0,0.0,0.0,0.0,0.0,"December 19, 18",0.0
0,2018-12-18,699.98999,700.0,699.98999,700.0,673.963257,100.0,100.0,0.01001,0.001,699.99666,"December 18, 18",1e-05
0,2018-12-17,696.0,696.0,696.0,696.0,670.112,100.0,100.0,0.0,0.0,696.0,"December 17, 18",0.0
0,2018-12-14,702.0,702.0,702.0,702.0,675.888855,0.0,0.0,0.0,0.0,0.0,"December 14, 18",0.0
0,2018-12-13,712.0,712.0,702.0,702.0,675.888855,100.0,100.0,-10.0,-1.404,705.33333,"December 13, 18",-0.01404
0,2018-12-12,703.0,703.0,703.0,703.0,676.851624,100.0,100.0,0.0,0.0,703.0,"December 12, 18",0.0
0,2018-12-11,703.0,703.0,703.0,703.0,676.851624,100.0,100.0,0.0,0.0,703.0,"December 11, 18",0.0
0,2018-12-10,703.0,703.0,703.0,703.0,676.851624,100.0,100.0,0.0,0.0,703.0,"December 10, 18",0.0
0,2018-12-07,710.0,710.0,701.0,701.0,674.926025,100.0,100.0,-9.0,-1.268,704.0,"December 07, 18",-0.01268
0,2018-12-06,710.0,710.0,710.0,710.0,683.591309,0.0,0.0,0.0,0.0,0.0,"December 06, 18",0.0
0,2018-12-04,710.0,710.0,710.0,710.0,683.591309,100.0,100.0,0.0,0.0,710.0,"December 04, 18",0.0
0,2018-12-03,710.0,710.0,704.0,710.0,683.591309,100.0,100.0,0.0,0.0,708.0,"December 03, 18",0.0
0,2018-11-30,712.0,712.0,712.0,712.0,685.516907,100.0,100.0,0.0,0.0,712.0,"November 30, 18",0.0
0,2018-11-29,701.0,710.0,701.0,710.0,676.851685,100.0,100.0,9.0,1.284,707.0,"November 29, 18",0.01284
0,2018-11-28,701.0,701.0,701.0,701.0,668.27179,100.0,100.0,0.0,0.0,701.0,"November 28, 18",0.0
0,2018-11-27,703.0,703.0,703.0,703.0,670.178467,0.0,0.0,0.0,0.0,0.0,"November 27, 18",0.0
0,2018-11-26,703.0,703.0,703.0,703.0,670.178467,0.0,0.0,0.0,0.0,0.0,"November 26, 18",0.0
0,2018-11-23,703.0,703.0,703.0,703.0,670.178467,0.0,0.0,0.0,0.0,0.0,"November 23, 18",0.0
0,2018-11-21,703.0,703.0,703.0,703.0,670.178467,0.0,0.0,0.0,0.0,0.0,"November 21, 18",0.0
0,2018-11-20,703.0,703.0,703.0,703.0,670.178467,0.0,0.0,0.0,0.0,0.0,"November 20, 18",0.0
0,2018-11-19,703.099976,703.099976,703.0,703.0,670.178467,100.0,100.0,-0.09998,-0.014,703.03333,"November 19, 18",-0.00014
0,2018-11-16,710.0,710.0,710.0,710.0,676.851685,100.0,100.0,0.0,0.0,710.0,"November 16, 18",0.0
0,2018-11-15,705.0,710.0,703.0,703.0,670.178467,100.0,100.0,-2.0,-0.284,705.33333,"November 15, 18",-0.00284
0,2018-11-14,716.0,716.0,716.0,716.0,682.571594,100.0,100.0,0.0,0.0,716.0,"November 14, 18",0.0
0,2018-11-13,709.0,709.0,707.0,707.0,673.99176,100.0,100.0,-2.0,-0.282,707.66667,"November 13, 18",-0.00282
0,2018-11-12,709.0,709.0,709.0,709.0,675.898438,0.0,0.0,0.0,0.0,0.0,"November 12, 18",0.0
0,2018-11-09,709.0,709.0,709.0,709.0,675.898438,100.0,100.0,0.0,0.0,709.0,"November 09, 18",0.0
0,2018-11-08,720.22998,720.22998,720.22998,720.22998,686.604065,100.0,100.0,0.0,0.0,720.22998,"November 08, 18",0.0
0,2018-11-07,702.0,702.0,702.0,702.0,669.225159,0.0,0.0,0.0,0.0,0.0,"November 07, 18",0.0
0,2018-11-06,721.0,721.0,702.0,702.0,669.225159,100.0,100.0,-19.0,-2.635,708.33333,"November 06, 18",-0.02635
0,2018-11-05,703.0,704.0,703.0,704.0,671.131836,100.0,100.0,1.0,0.142,703.66667,"November 05, 18",0.00142
0,2018-11-02,702.0,702.0,702.0,702.0,669.225159,0.0,0.0,0.0,0.0,0.0,"November 02, 18",0.0
0,2018-11-01,720.0,720.0,702.0,702.0,669.225159,100.0,100.0,-18.0,-2.5,708.0,"November 01, 18",-0.025
0,2018-10-31,697.000977,700.0,697.000977,700.0,667.318542,100.0,100.0,2.99902,0.43,699.00033,"October 31, 18",0.0043
0,2018-10-30,697.0,705.0,697.0,705.0,672.085022,100.0,100.0,8.0,1.148,702.33333,"October 30, 18",0.01148
0,2018-10-29,696.0,696.0,696.0,696.0,663.50531,100.0,100.0,0.0,0.0,696.0,"October 29, 18",0.0
0,2018-10-26,700.0,700.0,696.0,696.0,663.50531,100.0,100.0,-4.0,-0.571,697.33333,"October 26, 18",-0.00571
0,2018-10-25,700.0,700.0,696.0,696.0,663.50531,100.0,100.0,-4.0,-0.571,697.33333,"October 25, 18",-0.00571
0,2018-10-24,702.01001,702.01001,699.0,700.0,667.318542,100.0,100.0,-2.01001,-0.286,700.33667,"October 24, 18",-0.00286
0,2018-10-23,702.0,702.0,701.75,701.75,668.986816,100.0,100.0,-0.25,-0.036,701.83333,"October 23, 18",-0.00036
0,2018-10-22,710.0,710.0,705.0,705.0,672.085022,100.0,100.0,-5.0,-0.704,706.66667,"October 22, 18",-0.00704
0,2018-10-19,710.0,710.0,705.599976,705.599976,672.657043,100.0,100.0,-4.40002,-0.62,707.06665,"October 19, 18",-0.0062
0,2018-10-18,710.0,710.0,706.0,706.0,673.038391,100.0,100.0,-4.0,-0.563,707.33333,"October 18, 18",-0.00563
0,2018-10-17,710.0,710.0,710.0,710.0,676.851685,100.0,100.0,0.0,0.0,710.0,"October 17, 18",0.0
0,2018-10-16,717.0,717.0,717.0,717.0,683.524841,100.0,100.0,0.0,0.0,717.0,"October 16, 18",0.0
0,2018-10-15,710.0,710.0,710.0,710.0,676.851685,0.0,0.0,0.0,0.0,0.0,"October 15, 18",0.0
0,2018-10-12,714.0,717.0,710.0,710.0,676.851685,100.0,100.0,-4.0,-0.56,712.33333,"October 12, 18",-0.0056
0,2018-10-11,715.0,715.0,715.0,715.0,681.618225,100.0,100.0,0.0,0.0,715.0,"October 11, 18",0.0
0,2018-10-10,716.0,717.0,715.0,715.0,681.618225,100.0,100.0,-1.0,-0.14,715.66667,"October 10, 18",-0.0014
0,2018-10-09,717.0,717.0,717.0,717.0,683.524841,0.0,0.0,0.0,0.0,0.0,"October 09, 18",0.0
0,2018-10-08,717.0,717.0,717.0,717.0,683.524841,0.0,0.0,0.0,0.0,0.0,"October 08, 18",0.0
0,2018-10-05,717.0,717.0,717.0,717.0,683.524841,0.0,0.0,0.0,0.0,0.0,"October 05, 18",0.0
0,2018-10-04,717.0,717.0,717.0,717.0,683.524841,100.0,100.0,0.0,0.0,717.0,"October 04, 18",0.0
0,2018-10-03,717.0,717.0,717.0,717.0,683.524841,100.0,100.0,0.0,0.0,717.0,"October 03, 18",0.0
0,2018-10-02,718.349976,722.0,717.0,717.01001,683.534424,300.0,300.0,-1.33997,-0.187,718.67,"October 02, 18",-0.00187
0,2018-10-01,724.0,724.950012,724.0,724.950012,691.10376,100.0,100.0,0.95001,0.131,724.63334,"October 01, 18",0.00131
0,2018-09-28,718.98999,718.98999,718.98999,718.98999,685.421997,0.0,0.0,0.0,0.0,0.0,"September 28, 18",0.0
0,2018-09-27,718.98999,718.98999,718.98999,718.98999,685.421997,0.0,0.0,0.0,0.0,0.0,"September 27, 18",0.0
0,2018-09-26,718.98999,718.98999,718.98999,718.98999,685.421997,0.0,0.0,0.0,0.0,0.0,"September 26, 18",0.0
0,2018-09-25,720.0,720.0,718.349976,718.98999,685.421997,100.0,100.0,-1.01001,-0.14,719.11332,"September 25, 18",-0.0014
0,2018-09-24,721.0,721.0,721.0,721.0,687.338074,100.0,100.0,0.0,0.0,721.0,"September 24, 18",0.0
0,2018-09-21,721.599976,721.599976,721.599976,721.599976,687.910095,100.0,100.0,0.0,0.0,721.59998,"September 21, 18",0.0
0,2018-09-20,721.150024,721.150024,721.150024,721.150024,687.48114,0.0,0.0,0.0,0.0,0.0,"September 20, 18",0.0
0,2018-09-19,721.150024,721.150024,721.150024,721.150024,687.48114,100.0,100.0,0.0,0.0,721.15002,"September 19, 18",0.0
0,2018-09-18,721.599976,721.599976,721.599976,721.599976,687.910095,100.0,100.0,0.0,0.0,721.59998,"September 18, 18",0.0
0,2018-09-17,725.0,725.0,725.0,725.0,691.151367,0.0,0.0,0.0,0.0,0.0,"September 17, 18",0.0
0,2018-09-14,725.0,725.0,725.0,725.0,691.151367,100.0,100.0,0.0,0.0,725.0,"September 14, 18",0.0
0,2018-09-13,720.599976,720.599976,720.599976,720.599976,686.956726,0.0,0.0,0.0,0.0,0.0,"September 13, 18",0.0
0,2018-09-12,720.599976,725.0,720.599976,720.599976,686.956726,100.0,100.0,0.0,0.0,722.06665,"September 12, 18",0.0
0,2018-09-11,720.0,720.0,720.0,720.0,686.384827,0.0,0.0,0.0,0.0,0.0,"September 11, 18",0.0
0,2018-09-10,720.0,720.0,720.0,720.0,686.384827,100.0,100.0,0.0,0.0,720.0,"September 10, 18",0.0
0,2018-09-07,725.0,725.0,720.0,720.0,686.384827,100.0,100.0,-5.0,-0.69,721.66667,"September 07, 18",-0.0069
0,2018-09-06,725.0,725.0,725.0,725.0,691.151367,100.0,100.0,0.0,0.0,725.0,"September 06, 18",0.0
0,2018-09-05,725.0,725.0,725.0,725.0,691.151367,100.0,100.0,0.0,0.0,725.0,"September 05, 18",0.0
0,2018-09-04,725.0,725.0,725.0,725.0,691.151367,100.0,100.0,0.0,0.0,725.0,"September 04, 18",0.0
0,2018-08-31,725.0,725.0,725.0,725.0,691.151367,0.0,0.0,0.0,0.0,0.0,"August 31, 18",0.0
0,2018-08-30,725.0,725.0,725.0,725.0,691.151367,0.0,0.0,0.0,0.0,0.0,"August 30, 18",0.0
0,2018-08-29,725.0,725.0,725.0,725.0,691.151367,100.0,100.0,0.0,0.0,725.0,"August 29, 18",0.0
0,2018-08-28,718.25,725.0,718.25,725.0,691.151367,100.0,100.0,6.75,0.94,722.75,"August 28, 18",0.0094
0,2018-08-27,725.0,725.0,718.099976,718.099976,684.573547,100.0,100.0,-6.90002,-0.952,720.39998,"August 27, 18",-0.00952
0,2018-08-24,717.650024,717.650024,717.650024,717.650024,684.144531,0.0,0.0,0.0,0.0,0.0,"August 24, 18",0.0
0,2018-08-23,717.650024,717.650024,717.650024,717.650024,684.144531,100.0,100.0,0.0,0.0,717.65002,"August 23, 18",0.0
0,2018-08-22,717.0,717.5,717.0,717.5,684.001587,200.0,200.0,0.5,0.07,717.33333,"August 22, 18",0.0007
0,2018-08-21,725.0,735.0,725.0,735.0,700.684448,200.0,200.0,10.0,1.379,731.66667,"August 21, 18",0.01379
0,2018-08-20,725.0,725.0,725.0,725.0,691.151367,100.0,100.0,0.0,0.0,725.0,"August 20, 18",0.0
0,2018-08-17,730.0,730.0,730.0,730.0,695.917908,0.0,0.0,0.0,0.0,0.0,"August 17, 18",0.0
0,2018-08-16,730.0,730.0,730.0,730.0,695.917908,0.0,0.0,0.0,0.0,0.0,"August 16, 18",0.0
0,2018-08-15,730.0,730.0,730.0,730.0,695.917908,0.0,0.0,0.0,0.0,0.0,"August 15, 18",0.0
0,2018-08-14,730.0,730.0,730.0,730.0,695.917908,100.0,100.0,0.0,0.0,730.0,"August 14, 18",0.0
0,2018-08-13,725.0,725.0,725.0,725.0,691.151367,0.0,0.0,0.0,0.0,0.0,"August 13, 18",0.0
0,2018-08-10,725.0,725.0,725.0,725.0,691.151367,0.0,0.0,0.0,0.0,0.0,"August 10, 18",0.0
0,2018-08-09,725.0,725.0,725.0,725.0,691.151367,0.0,0.0,0.0,0.0,0.0,"August 09, 18",0.0
0,2018-08-08,725.0,725.0,725.0,725.0,691.151367,0.0,0.0,0.0,0.0,0.0,"August 08, 18",0.0
0,2018-08-07,725.0,725.0,725.0,725.0,691.151367,100.0,100.0,0.0,0.0,725.0,"August 07, 18",0.0
0,2018-08-06,710.500977,710.599976,710.500977,710.599976,677.423645,100.0,100.0,0.099,0.014,710.56698,"August 06, 18",0.00014
0,2018-08-03,710.599976,710.599976,710.599976,710.599976,677.423645,100.0,100.0,0.0,0.0,710.59998,"August 03, 18",0.0
0,2018-08-02,710.5,710.5,710.5,710.5,677.328308,100.0,100.0,0.0,0.0,710.5,"August 02, 18",0.0
0,2018-08-01,717.75,717.75,715.0,715.0,681.618225,100.0,100.0,-2.75,-0.383,715.91667,"August 01, 18",-0.00383
0,2018-07-31,715.799988,715.799988,715.0,715.0,681.618225,100.0,100.0,-0.79999,-0.112,715.26666,"July 31, 18",-0.00112
0,2018-07-30,715.0,715.0,715.0,715.0,681.618225,0.0,0.0,0.0,0.0,0.0,"July 30, 18",0.0
0,2018-07-27,714.0,715.0,714.0,715.0,681.618225,100.0,100.0,1.0,0.14,714.66667,"July 27, 18",0.0014
0,2018-07-26,720.0,720.0,720.0,720.0,686.384827,0.0,0.0,0.0,0.0,0.0,"July 26, 18",0.0
0,2018-07-25,720.0,720.0,720.0,720.0,686.384827,0.0,0.0,0.0,0.0,0.0,"July 25, 18",0.0
0,2018-07-24,720.0,720.0,720.0,720.0,686.384827,0.0,0.0,0.0,0.0,0.0,"July 24, 18",0.0
0,2018-07-23,720.0,720.0,720.0,720.0,686.384827,0.0,0.0,0.0,0.0,0.0,"July 23, 18",0.0
0,2018-07-20,720.0,720.0,720.0,720.0,686.384827,0.0,0.0,0.0,0.0,0.0,"July 20, 18",0.0
0,2018-07-19,720.0,720.0,720.0,720.0,686.384827,0.0,0.0,0.0,0.0,0.0,"July 19, 18",0.0
0,2018-07-18,714.0,720.0,714.0,720.0,686.384827,100.0,100.0,6.0,0.84,718.0,"July 18, 18",0.0084
0,2018-07-17,714.0,714.0,714.0,714.0,680.664917,0.0,0.0,0.0,0.0,0.0,"July 17, 18",0.0
0,2018-07-16,714.0,714.0,714.0,714.0,680.664917,0.0,0.0,0.0,0.0,0.0,"July 16, 18",0.0
0,2018-07-13,714.0,714.0,714.0,714.0,680.664917,0.0,0.0,0.0,0.0,0.0,"July 13, 18",0.0
0,2018-07-12,714.0,714.0,714.0,714.0,680.664917,0.0,0.0,0.0,0.0,0.0,"July 12, 18",0.0
0,2018-07-11,714.0,714.0,714.0,714.0,680.664917,0.0,0.0,0.0,0.0,0.0,"July 11, 18",0.0
0,2018-07-10,714.0,714.0,714.0,714.0,680.664917,0.0,0.0,0.0,0.0,0.0,"July 10, 18",0.0
0,2018-07-09,714.0,714.0,714.0,714.0,680.664917,100.0,100.0,0.0,0.0,714.0,"July 09, 18",0.0
0,2018-07-06,715.0,715.0,715.0,715.0,681.618225,100.0,100.0,0.0,0.0,715.0,"July 06, 18",0.0
0,2018-07-05,702.0,724.999023,702.0,724.999023,691.150452,100.0,100.0,22.99902,3.276,717.33268,"July 05, 18",0.03276
0,2018-07-03,701.599976,701.599976,701.599976,701.599976,668.843811,100.0,100.0,0.0,0.0,701.59998,"July 03, 18",0.0
0,2018-07-02,711.997986,712.0,711.997986,712.0,678.75824,100.0,100.0,0.00201,0.0,711.99933,"July 02, 18",0.0
0,2018-06-29,709.0,712.0,709.0,712.0,678.75824,100.0,100.0,3.0,0.423,711.0,"June 29, 18",0.00423
0,2018-06-28,709.0,709.0,709.0,709.0,675.898438,100.0,100.0,0.0,0.0,709.0,"June 28, 18",0.0
0,2018-06-27,709.0,709.0,709.0,709.0,675.898438,100.0,100.0,0.0,0.0,709.0,"June 27, 18",0.0
0,2018-06-26,708.0,708.0,701.0,701.0,668.27179,100.0,100.0,-7.0,-0.989,703.33333,"June 26, 18",-0.00989
0,2018-06-25,712.460022,712.460022,697.01001,697.01001,664.468079,200.0,200.0,-15.45001,-2.169,702.16001,"June 25, 18",-0.02169
0,2018-06-22,727.0,727.0,727.0,727.0,693.058044,100.0,100.0,0.0,0.0,727.0,"June 22, 18",0.0
0,2018-06-21,727.0,727.0,727.0,727.0,693.058044,100.0,100.0,0.0,0.0,727.0,"June 21, 18",0.0
0,2018-06-20,696.01001,696.01001,696.01001,696.01001,663.514832,0.0,0.0,0.0,0.0,0.0,"June 20, 18",0.0
0,2018-06-19,696.01001,696.01001,696.01001,696.01001,663.514832,0.0,0.0,0.0,0.0,0.0,"June 19, 18",0.0
0,2018-06-18,696.01001,696.01001,696.01001,696.01001,663.514832,100.0,100.0,0.0,0.0,696.01001,"June 18, 18",0.0
0,2018-06-15,700.0,700.0,700.0,700.0,667.318542,0.0,0.0,0.0,0.0,0.0,"June 15, 18",0.0
0,2018-06-14,719.98999,720.0,700.0,700.0,667.318542,100.0,100.0,-19.98999,-2.776,706.66667,"June 14, 18",-0.02776
0,2018-06-13,725.0,725.0,696.0,724.98999,691.141785,100.0,100.0,-0.01001,-0.001,715.33,"June 13, 18",-1e-05
0,2018-06-12,724.98999,725.0,724.98999,725.0,691.151367,100.0,100.0,0.01001,0.001,724.99666,"June 12, 18",1e-05
0,2018-06-11,695.0,695.0,695.0,695.0,662.551941,0.0,0.0,0.0,0.0,0.0,"June 11, 18",0.0
0,2018-06-08,695.0,695.0,695.0,695.0,662.551941,100.0,100.0,0.0,0.0,695.0,"June 08, 18",0.0
0,2018-06-07,695.02002,695.02002,695.01001,695.01001,662.561523,100.0,100.0,-0.01001,-0.001,695.01335,"June 07, 18",-1e-05
0,2018-06-06,725.0,725.0,700.0,700.0,660.740723,100.0,100.0,-25.0,-3.448,708.33333,"June 06, 18",-0.03448
0,2018-06-05,692.0,692.0,692.0,692.0,653.189392,100.0,100.0,0.0,0.0,692.0,"June 05, 18",0.0
0,2018-06-04,691.0,692.0,691.0,692.0,653.189392,100.0,100.0,1.0,0.145,691.66667,"June 04, 18",0.00145
0,2018-06-01,705.0,705.0,705.0,705.0,665.460205,0.0,0.0,0.0,0.0,0.0,"June 01, 18",0.0
0,2018-05-31,701.0,705.0,701.0,705.0,665.460205,100.0,100.0,4.0,0.571,703.66667,"May 31, 18",0.00571
0,2018-05-30,694.0,700.0,694.0,700.0,660.740723,100.0,100.0,6.0,0.865,698.0,"May 30, 18",0.00865
0,2018-05-29,694.0,694.0,694.0,694.0,655.077271,0.0,0.0,0.0,0.0,0.0,"May 29, 18",0.0
0,2018-05-25,693.98999,695.0,693.98999,694.0,655.077271,100.0,100.0,0.01001,0.001,694.33,"May 25, 18",1e-05
0,2018-05-24,687.0,693.98999,687.0,693.98999,655.067749,100.0,100.0,6.98999,1.017,691.65999,"May 24, 18",0.01017
0,2018-05-23,687.0,687.0,687.0,687.0,648.469727,100.0,100.0,0.0,0.0,687.0,"May 23, 18",0.0
0,2018-05-22,677.0,677.0,677.0,677.0,639.030701,0.0,0.0,0.0,0.0,0.0,"May 22, 18",0.0
0,2018-05-21,677.0,677.0,677.0,677.0,639.030701,0.0,0.0,0.0,0.0,0.0,"May 21, 18",0.0
0,2018-05-18,677.0,677.0,677.0,677.0,639.030701,0.0,0.0,0.0,0.0,0.0,"May 18, 18",0.0
0,2018-05-17,677.0,677.0,677.0,677.0,639.030701,0.0,0.0,0.0,0.0,0.0,"May 17, 18",0.0
0,2018-05-16,677.0,687.0,677.0,677.0,639.030701,100.0,100.0,0.0,0.0,680.33333,"May 16, 18",0.0
0,2018-05-15,685.0,685.0,677.0,677.0,639.030701,100.0,100.0,-8.0,-1.168,679.66667,"May 15, 18",-0.01168
0,2018-05-14,689.0,689.0,676.0,676.0,638.086731,100.0,100.0,-13.0,-1.887,680.33333,"May 14, 18",-0.01887
0,2018-05-11,697.0,697.0,697.0,697.0,657.908997,0.0,0.0,0.0,0.0,0.0,"May 11, 18",0.0
0,2018-05-10,692.98999,697.0,692.98999,697.0,657.908997,100.0,100.0,4.01001,0.579,695.66333,"May 10, 18",0.00579
0,2018-05-09,699.969971,699.969971,699.969971,699.969971,660.712402,100.0,100.0,0.0,0.0,699.96997,"May 09, 18",0.0
0,2018-05-08,675.0,699.98999,675.0,699.98999,660.731262,100.0,100.0,24.98999,3.702,691.65999,"May 08, 18",0.03702
0,2018-05-07,665.0,725.0,665.0,672.0,634.311096,100.0,100.0,7.0,1.053,687.33333,"May 07, 18",0.01053
0,2018-05-04,665.0,665.0,665.0,665.0,627.703613,0.0,0.0,0.0,0.0,0.0,"May 04, 18",0.0
0,2018-05-03,665.0,665.0,665.0,665.0,627.703613,100.0,100.0,0.0,0.0,665.0,"May 03, 18",0.0
0,2018-05-02,665.0,665.0,661.0,665.0,627.703613,300.0,300.0,0.0,0.0,663.66667,"May 02, 18",0.0
0,2018-05-01,661.0,661.0,661.0,661.0,623.92804,100.0,100.0,0.0,0.0,661.0,"May 01, 18",0.0
0,2018-04-30,665.0,665.0,660.0,661.0,623.92804,500.0,500.0,-4.0,-0.602,662.0,"April 30, 18",-0.00602
0,2018-04-27,660.0,660.0,660.0,660.0,622.984131,0.0,0.0,0.0,0.0,0.0,"April 27, 18",0.0
0,2018-04-26,660.0,660.0,660.0,660.0,622.984131,500.0,500.0,0.0,0.0,660.0,"April 26, 18",0.0
0,2018-04-25,660.0,660.0,660.0,660.0,622.984131,400.0,400.0,0.0,0.0,660.0,"April 25, 18",0.0
0,2018-04-24,654.72998,657.0,654.72998,657.0,620.152405,100.0,100.0,2.27002,0.347,656.24333,"April 24, 18",0.00347
0,2018-04-23,654.0,654.0,654.0,654.0,617.320679,100.0,100.0,0.0,0.0,654.0,"April 23, 18",0.0
0,2018-04-20,654.0,654.0,654.0,654.0,617.320679,100.0,100.0,0.0,0.0,654.0,"April 20, 18",0.0
0,2018-04-19,652.0,652.0,652.0,652.0,615.432678,0.0,0.0,0.0,0.0,0.0,"April 19, 18",0.0
0,2018-04-18,652.0,652.0,652.0,652.0,615.432678,0.0,0.0,0.0,0.0,0.0,"April 18, 18",0.0
0,2018-04-17,652.0,652.0,652.0,652.0,615.432678,0.0,0.0,0.0,0.0,0.0,"April 17, 18",0.0
0,2018-04-16,652.0,652.0,652.0,652.0,615.432678,0.0,0.0,0.0,0.0,0.0,"April 16, 18",0.0
0,2018-04-13,652.0,652.0,652.0,652.0,615.432678,0.0,0.0,0.0,0.0,0.0,"April 13, 18",0.0
0,2018-04-12,652.0,652.0,652.0,652.0,615.432678,0.0,0.0,0.0,0.0,0.0,"April 12, 18",0.0
0,2018-04-11,652.0,652.0,652.0,652.0,615.432678,0.0,0.0,0.0,0.0,0.0,"April 11, 18",0.0
0,2018-04-10,652.0,652.0,652.0,652.0,615.432678,100.0,100.0,0.0,0.0,652.0,"April 10, 18",0.0
0,2018-04-09,652.0,654.72998,652.0,654.72998,618.009644,100.0,100.0,2.72998,0.419,653.81999,"April 09, 18",0.00419
0,2018-04-06,650.299988,650.299988,650.299988,650.299988,613.828186,0.0,0.0,0.0,0.0,0.0,"April 06, 18",0.0
0,2018-04-05,650.0,650.299988,650.0,650.299988,613.828186,100.0,100.0,0.29999,0.046,650.19999,"April 05, 18",0.00046
0,2018-04-04,650.0,650.0,650.0,650.0,613.544983,0.0,0.0,0.0,0.0,0.0,"April 04, 18",0.0
0,2018-04-03,650.0,650.0,650.0,650.0,613.544983,0.0,0.0,0.0,0.0,0.0,"April 03, 18",0.0
0,2018-04-02,650.0,650.0,650.0,650.0,613.544983,100.0,100.0,0.0,0.0,650.0,"April 02, 18",0.0
0,2018-03-29,645.299988,645.299988,645.299988,645.299988,609.108521,100.0,100.0,0.0,0.0,645.29999,"March 29, 18",0.0
0,2018-03-28,644.0,644.0,644.0,644.0,607.88147,0.0,0.0,0.0,0.0,0.0,"March 28, 18",0.0
0,2018-03-27,644.0,644.0,644.0,644.0,607.88147,0.0,0.0,0.0,0.0,0.0,"March 27, 18",0.0
0,2018-03-26,646.349976,646.349976,641.0,644.0,607.88147,100.0,100.0,-2.34998,-0.364,643.78333,"March 26, 18",-0.00364
0,2018-03-23,650.0,650.0,650.0,650.0,613.544983,0.0,0.0,0.0,0.0,0.0,"March 23, 18",0.0
0,2018-03-22,650.0,650.0,650.0,650.0,613.544983,0.0,0.0,0.0,0.0,0.0,"March 22, 18",0.0
0,2018-03-21,650.0,650.0,650.0,650.0,613.544983,100.0,100.0,0.0,0.0,650.0,"March 21, 18",0.0
0,2018-03-20,650.0,650.0,650.0,650.0,613.544983,0.0,0.0,0.0,0.0,0.0,"March 20, 18",0.0
0,2018-03-19,650.0,650.0,650.0,650.0,613.544983,100.0,100.0,0.0,0.0,650.0,"March 19, 18",0.0
0,2018-03-16,650.0,650.0,650.0,650.0,613.544983,100.0,100.0,0.0,0.0,650.0,"March 16, 18",0.0
0,2018-03-15,653.0,653.0,653.0,653.0,616.376648,0.0,0.0,0.0,0.0,0.0,"March 15, 18",0.0
0,2018-03-14,653.0,653.0,653.0,653.0,616.376648,0.0,0.0,0.0,0.0,0.0,"March 14, 18",0.0
0,2018-03-13,653.0,653.0,653.0,653.0,616.376648,100.0,100.0,0.0,0.0,653.0,"March 13, 18",0.0
0,2018-03-12,646.0,653.0,645.530029,653.0,616.376648,100.0,100.0,7.0,1.084,650.51001,"March 12, 18",0.01084
0,2018-03-09,650.0,650.0,650.0,650.0,613.544983,100.0,100.0,0.0,0.0,650.0,"March 09, 18",0.0
0,2018-03-08,646.0,646.0,646.0,646.0,609.769287,0.0,0.0,0.0,0.0,0.0,"March 08, 18",0.0
0,2018-03-07,646.0,646.0,646.0,646.0,609.769287,100.0,100.0,0.0,0.0,646.0,"March 07, 18",0.0
0,2018-03-06,650.0,650.0,650.0,650.0,613.544983,100.0,100.0,0.0,0.0,650.0,"March 06, 18",0.0
0,2018-03-05,645.0,645.0,645.0,645.0,608.825317,100.0,100.0,0.0,0.0,645.0,"March 05, 18",0.0
0,2018-03-02,650.0,650.0,641.0,648.0,611.657104,400.0,400.0,-2.0,-0.308,646.33333,"March 02, 18",-0.00308
0,2018-03-01,650.0,650.0,650.0,650.0,613.544983,100.0,100.0,0.0,0.0,650.0,"March 01, 18",0.0
0,2018-02-28,649.0,650.0,649.0,650.0,613.544983,100.0,100.0,1.0,0.154,649.66667,"February 28, 18",0.00154
0,2018-02-27,645.0,645.0,645.0,645.0,608.825317,100.0,100.0,0.0,0.0,645.0,"February 27, 18",0.0
0,2018-02-26,645.0,650.0,641.0,641.0,605.049744,200.0,200.0,-4.0,-0.62,644.0,"February 26, 18",-0.0062
0,2018-02-23,650.0,650.0,650.0,650.0,613.544983,0.0,0.0,0.0,0.0,0.0,"February 23, 18",0.0
0,2018-02-22,641.0,650.0,641.0,650.0,613.544983,100.0,100.0,9.0,1.404,647.0,"February 22, 18",0.01404
0,2018-02-21,650.0,650.0,650.0,650.0,613.544983,0.0,0.0,0.0,0.0,0.0,"February 21, 18",0.0
0,2018-02-20,650.0,650.0,641.0,650.0,613.544983,100.0,100.0,0.0,0.0,647.0,"February 20, 18",0.0
0,2018-02-16,650.0,650.0,650.0,650.0,613.544983,100.0,100.0,0.0,0.0,650.0,"February 16, 18",0.0
0,2018-02-15,650.0,650.0,650.0,650.0,613.544983,0.0,0.0,0.0,0.0,0.0,"February 15, 18",0.0
0,2018-02-14,650.0,650.0,650.0,650.0,613.544983,0.0,0.0,0.0,0.0,0.0,"February 14, 18",0.0
0,2018-02-13,647.0,650.0,647.0,650.0,613.544983,100.0,100.0,3.0,0.464,649.0,"February 13, 18",0.00464
0,2018-02-12,649.0,649.0,649.0,649.0,612.601013,0.0,0.0,0.0,0.0,0.0,"February 12, 18",0.0
0,2018-02-09,649.0,649.0,649.0,649.0,612.601013,0.0,0.0,0.0,0.0,0.0,"February 09, 18",0.0
0,2018-02-08,649.0,649.0,649.0,649.0,612.601013,0.0,0.0,0.0,0.0,0.0,"February 08, 18",0.0
0,2018-02-07,649.0,649.0,649.0,649.0,612.601013,0.0,0.0,0.0,0.0,0.0,"February 07, 18",0.0
0,2018-02-06,649.0,649.0,649.0,649.0,612.601013,0.0,0.0,0.0,0.0,0.0,"February 06, 18",0.0
0,2018-02-05,649.0,649.0,649.0,649.0,612.601013,100.0,100.0,0.0,0.0,649.0,"February 05, 18",0.0
0,2018-02-02,652.0,654.0,641.0,654.0,617.320679,100.0,100.0,2.0,0.307,649.66667,"February 02, 18",0.00307
0,2018-02-01,650.0,650.0,645.0,650.0,613.544983,100.0,100.0,0.0,0.0,648.33333,"February 01, 18",0.0
0,2018-01-31,660.0,660.0,660.0,660.0,622.984131,100.0,100.0,0.0,0.0,660.0,"January 31, 18",0.0
0,2018-01-30,657.0,657.0,650.0,650.0,613.544983,100.0,100.0,-7.0,-1.065,652.33333,"January 30, 18",-0.01065
0,2018-01-29,660.0,660.0,660.0,660.0,622.984131,0.0,0.0,0.0,0.0,0.0,"January 29, 18",0.0
0,2018-01-26,660.0,660.0,660.0,660.0,622.984131,100.0,100.0,0.0,0.0,660.0,"January 26, 18",0.0
0,2018-01-25,658.0,658.0,658.0,658.0,621.096252,100.0,100.0,0.0,0.0,658.0,"January 25, 18",0.0
0,2018-01-24,660.0,665.0,660.0,665.0,627.703613,100.0,100.0,5.0,0.758,663.33333,"January 24, 18",0.00758
0,2018-01-23,665.0,665.0,665.0,665.0,627.703613,0.0,0.0,0.0,0.0,0.0,"January 23, 18",0.0
0,2018-01-22,660.0,665.0,657.0,665.0,627.703613,100.0,100.0,5.0,0.758,662.33333,"January 22, 18",0.00758
0,2018-01-19,661.0,661.0,661.0,661.0,623.92804,100.0,100.0,0.0,0.0,661.0,"January 19, 18",0.0
0,2018-01-18,663.0,663.0,663.0,663.0,625.815796,0.0,0.0,0.0,0.0,0.0,"January 18, 18",0.0
0,2018-01-17,664.0,664.0,663.0,663.0,625.815796,100.0,100.0,-1.0,-0.151,663.33333,"January 17, 18",-0.00151
0,2018-01-16,668.98999,670.0,668.0,668.0,630.5354,100.0,100.0,-0.98999,-0.148,668.66667,"January 16, 18",-0.00148
0,2018-01-12,670.0,670.0,670.0,670.0,632.423218,0.0,0.0,0.0,0.0,0.0,"January 12, 18",0.0
0,2018-01-11,670.0,670.0,670.0,670.0,632.423218,100.0,100.0,0.0,0.0,670.0,"January 11, 18",0.0
0,2018-01-10,670.0,670.0,664.0,664.0,626.759766,100.0,100.0,-6.0,-0.896,666.0,"January 10, 18",-0.00896
0,2018-01-09,666.0,666.0,666.0,666.0,628.647644,0.0,0.0,0.0,0.0,0.0,"January 09, 18",0.0
0,2018-01-08,668.0,668.0,666.0,666.0,628.647644,100.0,100.0,-2.0,-0.299,666.66667,"January 08, 18",-0.00299
0,2018-01-05,677.98999,677.98999,677.98999,677.98999,639.965088,100.0,100.0,0.0,0.0,677.98999,"January 05, 18",0.0
0,2018-01-04,679.0,679.0,677.98999,677.98999,639.965088,100.0,100.0,-1.01001,-0.149,678.32666,"January 04, 18",-0.00149
0,2018-01-03,667.002014,667.002014,667.002014,667.002014,629.593323,100.0,100.0,0.0,0.0,667.00201,"January 03, 18",0.0
0,2018-01-02,692.997986,692.997986,675.0,675.0,637.142822,100.0,100.0,-17.99799,-2.597,680.99933,"January 02, 18",-0.02597
0,2017-12-29,676.0,676.0,676.0,676.0,638.086731,0.0,0.0,0.0,0.0,0.0,"December 29, 17",0.0
0,2017-12-28,680.0,680.0,676.0,676.0,638.086731,100.0,100.0,-4.0,-0.588,677.33333,"December 28, 17",-0.00588
0,2017-12-27,675.0,675.0,675.0,675.0,637.142822,0.0,0.0,0.0,0.0,0.0,"December 27, 17",0.0
0,2017-12-26,675.0,675.0,675.0,675.0,637.142822,200.0,200.0,0.0,0.0,675.0,"December 26, 17",0.0
0,2017-12-22,675.0,675.0,675.0,675.0,637.142822,200.0,200.0,0.0,0.0,675.0,"December 22, 17",0.0
0,2017-12-21,675.0,680.0,675.0,675.0,637.142822,100.0,100.0,0.0,0.0,676.66667,"December 21, 17",0.0
0,2017-12-20,675.0,675.0,675.0,675.0,637.142822,0.0,0.0,0.0,0.0,0.0,"December 20, 17",0.0
0,2017-12-19,675.0,675.0,675.0,675.0,637.142822,100.0,100.0,0.0,0.0,675.0,"December 19, 17",0.0
0,2017-12-18,688.950012,688.950012,675.0,675.0,637.142822,400.0,400.0,-13.95001,-2.025,679.65,"December 18, 17",-0.02025
0,2017-12-15,689.119995,689.119995,689.119995,689.119995,650.470947,0.0,0.0,0.0,0.0,0.0,"December 15, 17",0.0
0,2017-12-14,675.252014,689.119995,675.252014,689.119995,650.470947,100.0,100.0,13.86798,2.054,684.49733,"December 14, 17",0.02054
0,2017-12-13,689.130005,689.130005,689.130005,689.130005,650.480347,100.0,100.0,0.0,0.0,689.13001,"December 13, 17",0.0
0,2017-12-12,689.119995,689.119995,689.119995,689.119995,650.470947,100.0,100.0,0.0,0.0,689.12,"December 12, 17",0.0
0,2017-12-11,675.570007,685.0,675.570007,685.0,646.58197,100.0,100.0,9.42999,1.396,681.85667,"December 11, 17",0.01396
0,2017-12-08,675.570007,675.570007,675.570007,675.570007,637.680908,0.0,0.0,0.0,0.0,0.0,"December 08, 17",0.0
0,2017-12-07,673.5,675.570007,673.5,675.570007,637.680908,100.0,100.0,2.07001,0.307,674.88,"December 07, 17",0.00307
0,2017-12-06,670.0,670.0,670.0,670.0,632.423218,100.0,100.0,0.0,0.0,670.0,"December 06, 17",0.0
0,2017-12-05,674.0,674.0,674.0,674.0,636.198975,0.0,0.0,0.0,0.0,0.0,"December 05, 17",0.0
0,2017-12-04,674.0,674.0,674.0,674.0,636.198975,0.0,0.0,0.0,0.0,0.0,"December 04, 17",0.0
0,2017-12-01,674.0,674.0,674.0,674.0,636.198975,100.0,100.0,0.0,0.0,674.0,"December 01, 17",0.0
0,2017-11-30,674.0,674.0,661.002014,663.0,625.815796,100.0,100.0,-11.0,-1.632,666.00067,"November 30, 17",-0.01632
0,2017-11-29,674.0,674.0,674.0,674.0,636.198975,0.0,0.0,0.0,0.0,0.0,"November 29, 17",0.0
0,2017-11-28,674.0,674.0,674.0,674.0,636.198975,0.0,0.0,0.0,0.0,0.0,"November 28, 17",0.0
0,2017-11-27,673.5,674.0,673.5,674.0,636.198975,100.0,100.0,0.5,0.074,673.83333,"November 27, 17",0.00074
0,2017-11-24,673.0,674.0,673.0,674.0,636.198975,100.0,100.0,1.0,0.149,673.66667,"November 24, 17",0.00149
0,2017-11-22,668.0,668.0,668.0,668.0,630.5354,100.0,100.0,0.0,0.0,668.0,"November 22, 17",0.0
0,2017-11-21,665.0,665.0,665.0,665.0,627.703613,100.0,100.0,0.0,0.0,665.0,"November 21, 17",0.0
0,2017-11-20,652.0,652.0,652.0,652.0,615.432678,0.0,0.0,0.0,0.0,0.0,"November 20, 17",0.0
0,2017-11-17,652.0,652.0,652.0,652.0,615.432678,0.0,0.0,0.0,0.0,0.0,"November 17, 17",0.0
0,2017-11-16,660.0,660.0,652.0,652.0,615.432678,200.0,200.0,-8.0,-1.212,654.66667,"November 16, 17",-0.01212
0,2017-11-15,650.01001,650.01001,650.01001,650.01001,613.554321,0.0,0.0,0.0,0.0,0.0,"November 15, 17",0.0
0,2017-11-14,650.01001,650.01001,650.01001,650.01001,613.554321,0.0,0.0,0.0,0.0,0.0,"November 14, 17",0.0
0,2017-11-13,650.01001,650.01001,650.01001,650.01001,613.554321,0.0,0.0,0.0,0.0,0.0,"November 13, 17",0.0
0,2017-11-10,650.01001,650.01001,650.01001,650.01001,613.554321,0.0,0.0,0.0,0.0,0.0,"November 10, 17",0.0
0,2017-11-09,650.01001,650.01001,650.01001,650.01001,613.554321,100.0,100.0,0.0,0.0,650.01001,"November 09, 17",0.0
0,2017-11-08,660.0,660.0,660.0,660.0,622.984131,0.0,0.0,0.0,0.0,0.0,"November 08, 17",0.0
0,2017-11-07,660.0,660.0,660.0,660.0,622.984131,0.0,0.0,0.0,0.0,0.0,"November 07, 17",0.0
0,2017-11-06,660.0,660.0,660.0,660.0,622.984131,0.0,0.0,0.0,0.0,0.0,"November 06, 17",0.0
0,2017-11-03,660.0,660.0,660.0,660.0,622.984131,100.0,100.0,0.0,0.0,660.0,"November 03, 17",0.0
0,2017-11-02,650.0,650.0,650.0,650.0,613.544983,0.0,0.0,0.0,0.0,0.0,"November 02, 17",0.0
0,2017-11-01,650.0,650.0,650.0,650.0,613.544983,0.0,0.0,0.0,0.0,0.0,"November 01, 17",0.0
0,2017-10-31,650.0,650.0,650.0,650.0,613.544983,0.0,0.0,0.0,0.0,0.0,"October 31, 17",0.0
0,2017-10-30,650.0,650.0,650.0,650.0,613.544983,0.0,0.0,0.0,0.0,0.0,"October 30, 17",0.0
0,2017-10-27,650.0,650.0,650.0,650.0,613.544983,0.0,0.0,0.0,0.0,0.0,"October 27, 17",0.0
0,2017-10-26,640.02002,650.0,640.02002,650.0,613.544983,100.0,100.0,9.97998,1.559,646.67334,"October 26, 17",0.01559
0,2017-10-25,650.0,650.0,650.0,650.0,613.544983,100.0,100.0,0.0,0.0,650.0,"October 25, 17",0.0
0,2017-10-24,650.0,650.0,650.0,650.0,613.544983,100.0,100.0,0.0,0.0,650.0,"October 24, 17",0.0
0,2017-10-23,650.0,650.0,650.0,650.0,613.544983,100.0,100.0,0.0,0.0,650.0,"October 23, 17",0.0
0,2017-10-20,650.0,650.0,650.0,650.0,613.544983,0.0,0.0,0.0,0.0,0.0,"October 20, 17",0.0
0,2017-10-19,650.0,650.0,650.0,650.0,613.544983,100.0,100.0,0.0,0.0,650.0,"October 19, 17",0.0
0,2017-10-18,642.0,648.0,642.0,648.0,611.657104,100.0,100.0,6.0,0.935,646.0,"October 18, 17",0.00935
0,2017-10-17,649.0,649.0,642.0,642.0,605.993652,100.0,100.0,-7.0,-1.079,644.33333,"October 17, 17",-0.01079
0,2017-10-16,649.0,649.0,649.0,649.0,612.601013,100.0,100.0,0.0,0.0,649.0,"October 16, 17",0.0
0,2017-10-13,659.0,659.0,659.0,659.0,622.040161,100.0,100.0,0.0,0.0,659.0,"October 13, 17",0.0
0,2017-10-12,649.0,659.0,649.0,659.0,622.040161,100.0,100.0,10.0,1.541,655.66667,"October 12, 17",0.01541
0,2017-10-11,649.0,649.0,649.0,649.0,612.601013,100.0,100.0,0.0,0.0,649.0,"October 11, 17",0.0
0,2017-10-10,649.0,649.0,649.0,649.0,612.601013,100.0,100.0,0.0,0.0,649.0,"October 10, 17",0.0
0,2017-10-09,649.0,649.0,649.0,649.0,612.601013,100.0,100.0,0.0,0.0,649.0,"October 09, 17",0.0
0,2017-10-06,649.0,649.0,649.0,649.0,612.601013,100.0,100.0,0.0,0.0,649.0,"October 06, 17",0.0
0,2017-10-05,636.0,649.0,636.0,649.0,612.601013,100.0,100.0,13.0,2.044,644.66667,"October 05, 17",0.02044
0,2017-10-04,635.0,645.0,635.0,640.0,604.105774,200.0,200.0,5.0,0.787,640.0,"October 04, 17",0.00787
0,2017-10-03,635.0,635.0,635.0,635.0,599.386169,0.0,0.0,0.0,0.0,0.0,"October 03, 17",0.0
0,2017-10-02,635.0,635.0,635.0,635.0,599.386169,100.0,100.0,0.0,0.0,635.0,"October 02, 17",0.0
0,2017-09-29,639.0,639.0,639.0,639.0,603.161865,0.0,0.0,0.0,0.0,0.0,"September 29, 17",0.0
0,2017-09-28,639.0,639.0,639.0,639.0,603.161865,100.0,100.0,0.0,0.0,639.0,"September 28, 17",0.0
0,2017-09-27,635.0,635.0,635.0,635.0,599.386169,100.0,100.0,0.0,0.0,635.0,"September 27, 17",0.0
0,2017-09-26,635.0,635.0,635.0,635.0,599.386169,0.0,0.0,0.0,0.0,0.0,"September 26, 17",0.0
0,2017-09-25,640.0,640.0,630.312012,635.0,599.386169,100.0,100.0,-5.0,-0.781,635.104,"September 25, 17",-0.00781
0,2017-09-22,640.0,640.0,635.0,640.0,604.105774,100.0,100.0,0.0,0.0,638.33333,"September 22, 17",0.0
0,2017-09-21,635.0,635.0,635.0,635.0,599.386169,100.0,100.0,0.0,0.0,635.0,"September 21, 17",0.0
0,2017-09-20,635.0,635.0,635.0,635.0,599.386169,0.0,0.0,0.0,0.0,0.0,"September 20, 17",0.0
0,2017-09-19,635.0,635.0,635.0,635.0,599.386169,0.0,0.0,0.0,0.0,0.0,"September 19, 17",0.0
0,2017-09-18,633.0,635.0,630.0,635.0,599.386169,100.0,100.0,2.0,0.316,633.33333,"September 18, 17",0.00316
0,2017-09-15,635.0,635.0,635.0,635.0,599.386169,0.0,0.0,0.0,0.0,0.0,"September 15, 17",0.0
0,2017-09-14,635.0,635.0,635.0,635.0,599.386169,0.0,0.0,0.0,0.0,0.0,"September 14, 17",0.0
0,2017-09-13,635.0,635.0,635.0,635.0,599.386169,0.0,0.0,0.0,0.0,0.0,"September 13, 17",0.0
0,2017-09-12,635.0,635.0,635.0,635.0,599.386169,0.0,0.0,0.0,0.0,0.0,"September 12, 17",0.0
0,2017-09-11,635.0,635.0,635.0,635.0,599.386169,0.0,0.0,0.0,0.0,0.0,"September 11, 17",0.0
0,2017-09-08,633.0,635.0,633.0,635.0,599.386169,100.0,100.0,2.0,0.316,634.33333,"September 08, 17",0.00316
0,2017-09-07,630.0,630.0,630.0,630.0,594.666687,0.0,0.0,0.0,0.0,0.0,"September 07, 17",0.0
0,2017-09-06,630.0,630.0,630.0,630.0,594.666687,100.0,100.0,0.0,0.0,630.0,"September 06, 17",0.0
0,2017-09-05,633.0,633.0,633.0,633.0,597.498352,100.0,100.0,0.0,0.0,633.0,"September 05, 17",0.0
0,2017-09-01,625.0,625.0,625.0,625.0,589.947083,0.0,0.0,0.0,0.0,0.0,"September 01, 17",0.0
0,2017-08-31,625.0,625.0,625.0,625.0,589.947083,0.0,0.0,0.0,0.0,0.0,"August 31, 17",0.0
0,2017-08-30,625.0,625.0,625.0,625.0,589.947083,100.0,100.0,0.0,0.0,625.0,"August 30, 17",0.0
0,2017-08-29,626.0,626.0,625.0,625.0,589.947083,200.0,200.0,-1.0,-0.16,625.33333,"August 29, 17",-0.0016
0,2017-08-28,635.0,635.0,635.0,635.0,599.386169,0.0,0.0,0.0,0.0,0.0,"August 28, 17",0.0
0,2017-08-25,635.0,635.0,635.0,635.0,599.386169,0.0,0.0,0.0,0.0,0.0,"August 25, 17",0.0
0,2017-08-24,635.0,635.0,630.0,635.0,599.386169,100.0,100.0,0.0,0.0,633.33333,"August 24, 17",0.0
0,2017-08-23,645.0,645.0,645.0,645.0,608.825317,0.0,0.0,0.0,0.0,0.0,"August 23, 17",0.0
0,2017-08-22,645.0,645.0,645.0,645.0,608.825317,0.0,0.0,0.0,0.0,0.0,"August 22, 17",0.0
0,2017-08-21,645.0,645.0,645.0,645.0,608.825317,0.0,0.0,0.0,0.0,0.0,"August 21, 17",0.0
0,2017-08-18,645.0,645.0,645.0,645.0,608.825317,0.0,0.0,0.0,0.0,0.0,"August 18, 17",0.0
0,2017-08-17,645.0,645.0,645.0,645.0,608.825317,0.0,0.0,0.0,0.0,0.0,"August 17, 17",0.0
0,2017-08-16,640.0,645.0,640.0,645.0,608.825317,100.0,100.0,5.0,0.781,643.33333,"August 16, 17",0.00781
0,2017-08-15,640.0,640.0,640.0,640.0,604.105774,100.0,100.0,0.0,0.0,640.0,"August 15, 17",0.0
0,2017-08-14,635.0,635.0,630.0,635.0,599.386169,100.0,100.0,0.0,0.0,633.33333,"August 14, 17",0.0
0,2017-08-11,625.0,630.0,625.0,630.0,594.666687,100.0,100.0,5.0,0.8,628.33333,"August 11, 17",0.008
0,2017-08-10,625.0,625.0,625.0,625.0,589.947083,100.0,100.0,0.0,0.0,625.0,"August 10, 17",0.0
0,2017-08-09,630.0,630.0,630.0,630.0,594.666687,100.0,100.0,0.0,0.0,630.0,"August 09, 17",0.0
0,2017-08-08,625.002014,625.002014,625.0,625.0,589.947083,100.0,100.0,-0.00201,0.0,625.00067,"August 08, 17",0.0
0,2017-08-07,625.0,625.0,625.0,625.0,589.947083,100.0,100.0,0.0,0.0,625.0,"August 07, 17",0.0
0,2017-08-04,625.0,630.0,625.0,630.0,594.666687,100.0,100.0,5.0,0.8,628.33333,"August 04, 17",0.008
0,2017-08-03,625.002014,625.002014,625.0,625.0,589.947083,100.0,100.0,-0.00201,0.0,625.00067,"August 03, 17",0.0
0,2017-08-02,625.0,625.0,625.0,625.0,589.947083,0.0,0.0,0.0,0.0,0.0,"August 02, 17",0.0
0,2017-08-01,630.0,630.0,625.0,625.0,589.947083,100.0,100.0,-5.0,-0.794,626.66667,"August 01, 17",-0.00794
0,2017-07-31,630.0,630.0,630.0,630.0,594.666687,100.0,100.0,0.0,0.0,630.0,"July 31, 17",0.0
0,2017-07-28,625.0,625.0,625.0,625.0,589.947083,0.0,0.0,0.0,0.0,0.0,"July 28, 17",0.0
0,2017-07-27,625.0,625.0,625.0,625.0,589.947083,0.0,0.0,0.0,0.0,0.0,"July 27, 17",0.0
0,2017-07-26,625.0,625.0,625.0,625.0,589.947083,100.0,100.0,0.0,0.0,625.0,"July 26, 17",0.0
0,2017-07-25,625.0,625.0,625.0,625.0,589.947083,100.0,100.0,0.0,0.0,625.0,"July 25, 17",0.0
0,2017-07-24,625.0,625.0,625.0,625.0,589.947083,100.0,100.0,0.0,0.0,625.0,"July 24, 17",0.0
0,2017-07-21,629.0,629.0,629.0,629.0,593.722656,100.0,100.0,0.0,0.0,629.0,"July 21, 17",0.0
0,2017-07-20,615.0,625.0,605.0,625.0,589.947083,300.0,300.0,10.0,1.626,618.33333,"July 20, 17",0.01626
0,2017-07-19,625.0,625.0,625.0,625.0,589.947083,0.0,0.0,0.0,0.0,0.0,"July 19, 17",0.0
0,2017-07-18,610.0,625.0,610.0,625.0,589.947083,100.0,100.0,15.0,2.459,620.0,"July 18, 17",0.02459
0,2017-07-17,620.0,620.0,620.0,620.0,585.227478,0.0,0.0,0.0,0.0,0.0,"July 17, 17",0.0
0,2017-07-14,620.0,620.0,620.0,620.0,585.227478,0.0,0.0,0.0,0.0,0.0,"July 14, 17",0.0
0,2017-07-13,620.0,620.0,620.0,620.0,585.227478,0.0,0.0,0.0,0.0,0.0,"July 13, 17",0.0
0,2017-07-12,625.0,625.0,620.0,620.0,585.227478,100.0,100.0,-5.0,-0.8,621.66667,"July 12, 17",-0.008
0,2017-07-11,624.0,624.0,624.0,624.0,589.003174,0.0,0.0,0.0,0.0,0.0,"July 11, 17",0.0
0,2017-07-10,624.0,624.0,624.0,624.0,589.003174,100.0,100.0,0.0,0.0,624.0,"July 10, 17",0.0
0,2017-07-07,624.0,624.0,624.0,624.0,589.003174,100.0,100.0,0.0,0.0,624.0,"July 07, 17",0.0
0,2017-07-06,624.0,624.0,624.0,624.0,589.003174,0.0,0.0,0.0,0.0,0.0,"July 06, 17",0.0
0,2017-07-05,624.0,624.0,624.0,624.0,589.003174,0.0,0.0,0.0,0.0,0.0,"July 05, 17",0.0
0,2017-07-03,624.0,624.0,624.0,624.0,589.003174,100.0,100.0,0.0,0.0,624.0,"July 03, 17",0.0
0,2017-06-30,610.0,620.0,610.0,620.0,585.227478,100.0,100.0,10.0,1.639,616.66667,"June 30, 17",0.01639
0,2017-06-29,625.0,625.0,625.0,625.0,589.947083,100.0,100.0,0.0,0.0,625.0,"June 29, 17",0.0
0,2017-06-28,615.0,615.0,615.0,615.0,580.507874,0.0,0.0,0.0,0.0,0.0,"June 28, 17",0.0
0,2017-06-27,615.0,615.0,615.0,615.0,580.507874,100.0,100.0,0.0,0.0,615.0,"June 27, 17",0.0
0,2017-06-26,625.0,625.0,625.0,625.0,589.947083,0.0,0.0,0.0,0.0,0.0,"June 26, 17",0.0
0,2017-06-23,610.0,625.0,610.0,625.0,589.947083,100.0,100.0,15.0,2.459,620.0,"June 23, 17",0.02459
0,2017-06-22,615.0,615.0,615.0,615.0,580.507874,0.0,0.0,0.0,0.0,0.0,"June 22, 17",0.0
0,2017-06-21,615.0,615.0,615.0,615.0,580.507874,0.0,0.0,0.0,0.0,0.0,"June 21, 17",0.0
0,2017-06-20,618.0,618.0,615.0,615.0,580.507874,100.0,100.0,-3.0,-0.485,616.0,"June 20, 17",-0.00485
0,2017-06-19,618.0,618.0,618.0,618.0,583.339722,100.0,100.0,0.0,0.0,618.0,"June 19, 17",0.0
0,2017-06-16,620.0,620.0,620.0,620.0,585.227478,100.0,100.0,0.0,0.0,620.0,"June 16, 17",0.0
0,2017-06-15,610.0,610.0,610.0,610.0,575.78833,100.0,100.0,0.0,0.0,610.0,"June 15, 17",0.0
0,2017-06-14,605.0,620.0,605.0,620.0,585.227478,100.0,100.0,15.0,2.479,615.0,"June 14, 17",0.02479
0,2017-06-13,605.0,620.0,605.0,620.0,585.227478,300.0,300.0,15.0,2.479,615.0,"June 13, 17",0.02479
0,2017-06-12,601.200012,601.200012,601.200012,601.200012,567.481873,100.0,100.0,0.0,0.0,601.20001,"June 12, 17",0.0
0,2017-06-09,610.0,610.0,610.0,610.0,575.78833,100.0,100.0,0.0,0.0,610.0,"June 09, 17",0.0
0,2017-06-08,601.200012,610.0,601.200012,610.0,575.78833,100.0,100.0,8.79999,1.464,607.06667,"June 08, 17",0.01464
0,2017-06-07,610.0,610.0,610.0,610.0,575.78833,100.0,100.0,0.0,0.0,610.0,"June 07, 17",0.0
0,2017-06-06,610.0,610.0,610.0,610.0,575.78833,100.0,100.0,0.0,0.0,610.0,"June 06, 17",0.0
0,2017-06-05,610.0,610.0,610.0,610.0,575.78833,100.0,100.0,0.0,0.0,610.0,"June 05, 17",0.0
0,2017-06-02,614.0,614.0,610.0,610.0,575.78833,100.0,100.0,-4.0,-0.651,611.33333,"June 02, 17",-0.00651
0,2017-06-01,613.0,613.0,613.0,613.0,578.620056,0.0,0.0,0.0,0.0,0.0,"June 01, 17",0.0
0,2017-05-31,613.0,613.0,613.0,613.0,578.620056,100.0,100.0,0.0,0.0,613.0,"May 31, 17",0.0
0,2017-05-30,600.0,600.0,600.0,600.0,566.349182,0.0,0.0,0.0,0.0,0.0,"May 30, 17",0.0
0,2017-05-26,615.0,615.0,600.0,600.0,566.349182,100.0,100.0,-15.0,-2.439,605.0,"May 26, 17",-0.02439
0,2017-05-25,600.0,605.0,600.0,605.0,571.068726,100.0,100.0,5.0,0.833,603.33333,"May 25, 17",0.00833
0,2017-05-24,612.0,615.0,612.0,615.0,580.507874,100.0,100.0,3.0,0.49,614.0,"May 24, 17",0.0049
0,2017-05-23,605.0,605.0,600.0,600.0,566.349182,400.0,400.0,-5.0,-0.826,601.66667,"May 23, 17",-0.00826
0,2017-05-22,618.0,618.0,618.0,618.0,583.339722,0.0,0.0,0.0,0.0,0.0,"May 22, 17",0.0
0,2017-05-19,618.0,618.0,618.0,618.0,583.339722,0.0,0.0,0.0,0.0,0.0,"May 19, 17",0.0
0,2017-05-18,618.0,618.0,618.0,618.0,583.339722,100.0,100.0,0.0,0.0,618.0,"May 18, 17",0.0
0,2017-05-17,618.900024,618.900024,618.0,618.0,583.339722,100.0,100.0,-0.90002,-0.145,618.30001,"May 17, 17",-0.00145
0,2017-05-16,618.0,618.0,618.0,618.0,583.339722,0.0,0.0,0.0,0.0,0.0,"May 16, 17",0.0
0,2017-05-15,612.0,618.0,612.0,618.0,583.339722,100.0,100.0,6.0,0.98,616.0,"May 15, 17",0.0098
0,2017-05-12,618.0,618.0,618.0,618.0,583.339722,100.0,100.0,0.0,0.0,618.0,"May 12, 17",0.0
0,2017-05-11,620.0,620.0,620.0,620.0,585.227478,0.0,0.0,0.0,0.0,0.0,"May 11, 17",0.0
0,2017-05-10,620.0,620.0,620.0,620.0,585.227478,100.0,100.0,0.0,0.0,620.0,"May 10, 17",0.0
0,2017-05-09,605.0,605.0,605.0,605.0,571.068726,100.0,100.0,0.0,0.0,605.0,"May 09, 17",0.0
0,2017-05-08,620.0,620.0,620.0,620.0,585.227478,100.0,100.0,0.0,0.0,620.0,"May 08, 17",0.0
0,2017-05-05,620.0,620.0,615.0,615.0,580.507874,100.0,100.0,-5.0,-0.806,616.66667,"May 05, 17",-0.00806
0,2017-05-04,630.0,630.0,630.0,630.0,594.666687,0.0,0.0,0.0,0.0,0.0,"May 04, 17",0.0
0,2017-05-03,630.0,630.0,630.0,630.0,594.666687,0.0,0.0,0.0,0.0,0.0,"May 03, 17",0.0
0,2017-05-02,613.0,630.0,613.0,630.0,594.666687,100.0,100.0,17.0,2.773,624.33333,"May 02, 17",0.02773
0,2017-05-01,614.0,614.0,614.0,614.0,579.564026,0.0,0.0,0.0,0.0,0.0,"May 01, 17",0.0
0,2017-04-28,610.0,614.0,610.0,614.0,579.564026,100.0,100.0,4.0,0.656,612.66667,"April 28, 17",0.00656
0,2017-04-27,605.0,605.25,605.0,605.25,571.304749,100.0,100.0,0.25,0.041,605.16667,"April 27, 17",0.00041
0,2017-04-26,604.900024,605.0,604.900024,605.0,571.068726,100.0,100.0,0.09998,0.017,604.96667,"April 26, 17",0.00017
0,2017-04-25,605.0,605.0,600.25,600.25,566.585144,100.0,100.0,-4.75,-0.785,601.83333,"April 25, 17",-0.00785
0,2017-04-24,600.099976,600.099976,600.0,600.0,566.349182,100.0,100.0,-0.09998,-0.017,600.03333,"April 24, 17",-0.00017
0,2017-04-21,600.0,600.0,600.0,600.0,566.349182,100.0,100.0,0.0,0.0,600.0,"April 21, 17",0.0
0,2017-04-20,605.0,605.0,605.0,605.0,571.068726,0.0,0.0,0.0,0.0,0.0,"April 20, 17",0.0
0,2017-04-19,605.0,605.0,605.0,605.0,571.068726,100.0,100.0,0.0,0.0,605.0,"April 19, 17",0.0
0,2017-04-18,600.0,600.0,600.0,600.0,566.349182,100.0,100.0,0.0,0.0,600.0,"April 18, 17",0.0
0,2017-04-17,600.0,600.0,600.0,600.0,566.349182,0.0,0.0,0.0,0.0,0.0,"April 17, 17",0.0
0,2017-04-13,600.0,600.0,600.0,600.0,566.349182,0.0,0.0,0.0,0.0,0.0,"April 13, 17",0.0
0,2017-04-12,600.0,600.0,600.0,600.0,566.349182,100.0,100.0,0.0,0.0,600.0,"April 12, 17",0.0
0,2017-04-11,600.0,600.0,600.0,600.0,566.349182,0.0,0.0,0.0,0.0,0.0,"April 11, 17",0.0
0,2017-04-10,600.0,600.0,600.0,600.0,566.349182,0.0,0.0,0.0,0.0,0.0,"April 10, 17",0.0
0,2017-04-07,600.0,600.0,600.0,600.0,566.349182,100.0,100.0,0.0,0.0,600.0,"April 07, 17",0.0
0,2017-04-06,595.0,595.0,595.0,595.0,561.629578,0.0,0.0,0.0,0.0,0.0,"April 06, 17",0.0
0,2017-04-05,595.0,595.0,595.0,595.0,561.629578,100.0,100.0,0.0,0.0,595.0,"April 05, 17",0.0
0,2017-04-04,595.0,595.0,595.0,595.0,561.629578,100.0,100.0,0.0,0.0,595.0,"April 04, 17",0.0
0,2017-04-03,605.0,605.0,605.0,605.0,571.068726,100.0,100.0,0.0,0.0,605.0,"April 03, 17",0.0
0,2017-03-31,605.0,605.0,605.0,605.0,571.068726,100.0,100.0,0.0,0.0,605.0,"March 31, 17",0.0
0,2017-03-30,605.0,605.0,601.25,604.0,570.124817,100.0,100.0,-1.0,-0.165,603.41667,"March 30, 17",-0.00165
0,2017-03-29,602.0,602.0,602.0,602.0,568.237,100.0,100.0,0.0,0.0,602.0,"March 29, 17",0.0
0,2017-03-28,602.0,602.0,602.0,602.0,568.237,100.0,100.0,0.0,0.0,602.0,"March 28, 17",0.0
0,2017-03-27,604.75,605.0,604.75,605.0,571.068726,100.0,100.0,0.25,0.041,604.91667,"March 27, 17",0.00041
0,2017-03-24,604.900024,604.900024,604.900024,604.900024,570.974365,100.0,100.0,0.0,0.0,604.90002,"March 24, 17",0.0
0,2017-03-23,600.0,601.320007,600.0,601.320007,567.595154,100.0,100.0,1.32001,0.22,600.88,"March 23, 17",0.0022
0,2017-03-22,600.0,600.0,600.0,600.0,566.349182,100.0,100.0,0.0,0.0,600.0,"March 22, 17",0.0
0,2017-03-21,601.0,608.0,595.0,595.0,561.629578,200.0,200.0,-6.0,-0.998,599.33333,"March 21, 17",-0.00998
0,2017-03-20,606.0,606.0,600.0,600.0,566.349182,100.0,100.0,-6.0,-0.99,602.0,"March 20, 17",-0.0099
0,2017-03-17,605.0,605.0,605.0,605.0,571.068726,0.0,0.0,0.0,0.0,0.0,"March 17, 17",0.0
0,2017-03-16,605.0,605.0,605.0,605.0,571.068726,100.0,100.0,0.0,0.0,605.0,"March 16, 17",0.0
0,2017-03-15,607.0,607.0,605.0,605.0,571.068726,100.0,100.0,-2.0,-0.329,605.66667,"March 15, 17",-0.00329
0,2017-03-14,605.0,605.0,605.0,605.0,571.068726,100.0,100.0,0.0,0.0,605.0,"March 14, 17",0.0
0,2017-03-13,605.0,605.0,605.0,605.0,571.068726,100.0,100.0,0.0,0.0,605.0,"March 13, 17",0.0
0,2017-03-10,605.0,605.0,599.0,601.0,567.293152,100.0,100.0,-4.0,-0.661,601.66667,"March 10, 17",-0.00661
0,2017-03-09,604.0,605.0,600.0,600.0,566.349182,100.0,100.0,-4.0,-0.662,601.66667,"March 09, 17",-0.00662
0,2017-03-08,600.0,605.0,600.0,603.039978,569.218628,100.0,100.0,3.03998,0.507,602.67999,"March 08, 17",0.00507
0,2017-03-07,605.0,605.0,596.5,596.5,563.045532,100.0,100.0,-8.5,-1.405,599.33333,"March 07, 17",-0.01405
0,2017-03-06,605.0,605.0,596.0,603.98999,570.115356,100.0,100.0,-1.01001,-0.167,601.66333,"March 06, 17",-0.00167
0,2017-03-03,610.0,610.0,610.0,610.0,575.78833,100.0,100.0,0.0,0.0,610.0,"March 03, 17",0.0
0,2017-03-02,600.0,623.5,597.0,610.0,575.78833,500.0,500.0,10.0,1.667,610.16667,"March 02, 17",0.01667
0,2017-03-01,604.0,604.0,596.0,596.0,562.573486,300.0,300.0,-8.0,-1.325,598.66667,"March 01, 17",-0.01325
0,2017-02-28,605.0,605.0,605.0,605.0,571.068726,100.0,100.0,0.0,0.0,605.0,"February 28, 17",0.0
0,2017-02-27,604.0,604.0,604.0,604.0,570.124817,100.0,100.0,0.0,0.0,604.0,"February 27, 17",0.0
0,2017-02-24,604.0,604.0,604.0,604.0,570.124817,100.0,100.0,0.0,0.0,604.0,"February 24, 17",0.0
0,2017-02-23,605.0,605.0,600.0,603.900024,570.030457,100.0,100.0,-1.09998,-0.182,602.96667,"February 23, 17",-0.00182
0,2017-02-22,602.0,605.0,600.0,605.0,571.068726,100.0,100.0,3.0,0.498,603.33333,"February 22, 17",0.00498
0,2017-02-21,603.650024,604.0,602.0,604.0,570.124817,200.0,200.0,0.34998,0.058,603.33333,"February 21, 17",0.00058
0,2017-02-17,605.0,605.0,603.650024,603.650024,569.794434,100.0,100.0,-1.34998,-0.223,604.10002,"February 17, 17",-0.00223
0,2017-02-16,613.0,613.0,604.0,604.98999,571.059326,100.0,100.0,-8.01001,-1.307,607.33,"February 16, 17",-0.01307
0,2017-02-15,616.0,617.0,606.01001,614.950012,580.460754,100.0,100.0,-1.04999,-0.17,612.65334,"February 15, 17",-0.0017
0,2017-02-14,604.0,604.0,604.0,604.0,570.124817,0.0,0.0,0.0,0.0,0.0,"February 14, 17",0.0
0,2017-02-13,625.099976,625.099976,604.0,604.0,570.124817,100.0,100.0,-21.09998,-3.375,611.03333,"February 13, 17",-0.03375
0,2017-02-10,620.0,625.0,620.0,625.0,589.947083,100.0,100.0,5.0,0.806,623.33333,"February 10, 17",0.00806
0,2017-02-09,610.0,626.0,605.0,626.0,590.890991,100.0,100.0,16.0,2.623,619.0,"February 09, 17",0.02623
0,2017-02-08,615.0,615.0,611.0,611.0,576.732239,100.0,100.0,-4.0,-0.65,612.33333,"February 08, 17",-0.0065
0,2017-02-07,615.0,615.0,615.0,615.0,580.507874,0.0,0.0,0.0,0.0,0.0,"February 07, 17",0.0
0,2017-02-06,625.0,625.0,615.0,615.0,580.507874,100.0,100.0,-10.0,-1.6,618.33333,"February 06, 17",-0.016
0,2017-02-03,619.0,625.0,619.0,625.0,589.947083,100.0,100.0,6.0,0.969,623.0,"February 03, 17",0.00969
0,2017-02-02,616.0,620.0,615.0,619.0,584.28363,100.0,100.0,3.0,0.487,618.0,"February 02, 17",0.00487
0,2017-02-01,616.0,616.0,616.0,616.0,581.451782,100.0,100.0,0.0,0.0,616.0,"February 01, 17",0.0
0,2017-01-31,625.0,625.0,625.0,625.0,589.947083,0.0,0.0,0.0,0.0,0.0,"January 31, 17",0.0
0,2017-01-30,625.0,625.0,625.0,625.0,589.947083,100.0,100.0,0.0,0.0,625.0,"January 30, 17",0.0
0,2017-01-27,615.0,629.98999,605.0,625.0,589.947083,100.0,100.0,10.0,1.626,619.99666,"January 27, 17",0.01626
0,2017-01-26,616.0,625.0,616.0,625.0,589.947083,100.0,100.0,9.0,1.461,622.0,"January 26, 17",0.01461
0,2017-01-25,610.0,615.0,610.0,614.900024,580.413574,100.0,100.0,4.90002,0.803,613.30001,"January 25, 17",0.00803
0,2017-01-24,620.0,620.0,609.75,609.75,575.552368,100.0,100.0,-10.25,-1.653,613.16667,"January 24, 17",-0.01653
0,2017-01-23,625.0,625.0,625.0,625.0,589.947083,100.0,100.0,0.0,0.0,625.0,"January 23, 17",0.0
0,2017-01-20,625.0,625.0,625.0,625.0,589.947083,100.0,100.0,0.0,0.0,625.0,"January 20, 17",0.0
0,2017-01-19,631.950012,631.950012,631.950012,631.950012,596.507324,100.0,100.0,0.0,0.0,631.95001,"January 19, 17",0.0
0,2017-01-18,630.0,630.0,630.0,630.0,594.666687,100.0,100.0,0.0,0.0,630.0,"January 18, 17",0.0
0,2017-01-17,630.0,630.0,630.0,630.0,594.666687,100.0,100.0,0.0,0.0,630.0,"January 17, 17",0.0
0,2017-01-13,620.0,620.0,620.0,620.0,585.227478,0.0,0.0,0.0,0.0,0.0,"January 13, 17",0.0
0,2017-01-12,620.0,620.0,620.0,620.0,585.227478,0.0,0.0,0.0,0.0,0.0,"January 12, 17",0.0
0,2017-01-11,625.0,625.0,620.0,620.0,585.227478,100.0,100.0,-5.0,-0.8,621.66667,"January 11, 17",-0.008
0,2017-01-10,620.0,630.0,620.0,630.0,594.666687,100.0,100.0,10.0,1.613,626.66667,"January 10, 17",0.01613
0,2017-01-09,630.0,630.0,620.0,630.0,594.666687,100.0,100.0,0.0,0.0,626.66667,"January 09, 17",0.0
0,2017-01-06,625.0,625.0,625.0,625.0,589.947083,100.0,100.0,0.0,0.0,625.0,"January 06, 17",0.0
0,2017-01-05,630.01001,640.0,625.0,625.0,589.947083,100.0,100.0,-5.01001,-0.795,630.0,"January 05, 17",-0.00795
0,2017-01-04,638.0,638.0,630.01001,630.01001,594.676086,100.0,100.0,-7.98999,-1.252,632.67334,"January 04, 17",-0.01252
0,2017-01-03,640.0,640.0,640.0,640.0,604.105774,100.0,100.0,0.0,0.0,640.0,"January 03, 17",0.0
0,2016-12-30,640.0,640.0,640.0,640.0,604.105774,0.0,0.0,0.0,0.0,0.0,"December 30, 16",0.0
0,2016-12-29,640.0,640.0,640.0,640.0,604.105774,100.0,100.0,0.0,0.0,640.0,"December 29, 16",0.0
0,2016-12-28,640.0,640.0,640.0,640.0,604.105774,0.0,0.0,0.0,0.0,0.0,"December 28, 16",0.0
0,2016-12-27,630.0,640.0,629.75,640.0,604.105774,100.0,100.0,10.0,1.587,636.58333,"December 27, 16",0.01587
0,2016-12-23,637.0,637.0,637.0,637.0,601.274109,100.0,100.0,0.0,0.0,637.0,"December 23, 16",0.0
0,2016-12-22,630.0,630.0,630.0,630.0,594.666687,0.0,0.0,0.0,0.0,0.0,"December 22, 16",0.0
0,2016-12-21,630.0,630.0,630.0,630.0,594.666687,0.0,0.0,0.0,0.0,0.0,"December 21, 16",0.0
0,2016-12-20,630.0,640.0,629.799988,630.0,594.666687,100.0,100.0,0.0,0.0,633.26666,"December 20, 16",0.0
0,2016-12-19,640.0,640.0,640.0,640.0,604.105774,0.0,0.0,0.0,0.0,0.0,"December 19, 16",0.0
0,2016-12-16,640.0,640.0,640.0,640.0,604.105774,100.0,100.0,0.0,0.0,640.0,"December 16, 16",0.0
0,2016-12-15,629.0,640.0,629.0,640.0,604.105774,100.0,100.0,11.0,1.749,636.33333,"December 15, 16",0.01749
0,2016-12-14,628.799988,628.799988,628.799988,628.799988,593.533936,0.0,0.0,0.0,0.0,0.0,"December 14, 16",0.0
0,2016-12-13,629.950012,629.950012,628.799988,628.799988,593.533936,100.0,100.0,-1.15002,-0.183,629.18333,"December 13, 16",-0.00183
0,2016-12-12,628.900024,628.900024,628.900024,628.900024,593.628418,100.0,100.0,0.0,0.0,628.90002,"December 12, 16",0.0
0,2016-12-09,635.0,635.0,635.0,635.0,599.386169,100.0,100.0,0.0,0.0,635.0,"December 09, 16",0.0
0,2016-12-08,628.799988,628.799988,628.799988,628.799988,593.533936,100.0,100.0,0.0,0.0,628.79999,"December 08, 16",0.0
0,2016-12-07,628.799988,628.799988,628.799988,628.799988,593.533936,100.0,100.0,0.0,0.0,628.79999,"December 07, 16",0.0
0,2016-12-06,625.0,625.0,625.0,625.0,589.947083,100.0,100.0,0.0,0.0,625.0,"December 06, 16",0.0
0,2016-12-05,625.0,625.0,625.0,625.0,589.947083,100.0,100.0,0.0,0.0,625.0,"December 05, 16",0.0
0,2016-12-02,640.0,640.0,625.0,625.099976,590.041504,100.0,100.0,-14.90002,-2.328,630.03333,"December 02, 16",-0.02328
0,2016-12-01,635.0,636.0,625.0,636.0,600.330139,100.0,100.0,1.0,0.157,632.33333,"December 01, 16",0.00157
0,2016-11-30,640.0,640.0,640.0,640.0,604.105774,0.0,0.0,0.0,0.0,0.0,"November 30, 16",0.0
0,2016-11-29,640.0,640.0,640.0,640.0,604.105774,100.0,100.0,0.0,0.0,640.0,"November 29, 16",0.0
0,2016-11-28,640.0,650.0,640.0,650.0,613.544983,100.0,100.0,10.0,1.563,646.66667,"November 28, 16",0.01563
0,2016-11-25,640.0,640.0,640.0,640.0,604.105774,0.0,0.0,0.0,0.0,0.0,"November 25, 16",0.0
0,2016-11-23,640.0,640.0,640.0,640.0,604.105774,0.0,0.0,0.0,0.0,0.0,"November 23, 16",0.0
0,2016-11-22,615.0,650.0,615.0,640.0,604.105774,100.0,100.0,25.0,4.065,635.0,"November 22, 16",0.04065
0,2016-11-21,625.0,640.0,615.0,640.0,604.105774,200.0,200.0,15.0,2.4,631.66667,"November 21, 16",0.024
0,2016-11-18,640.0,640.0,636.0,636.0,600.330139,100.0,100.0,-4.0,-0.625,637.33333,"November 18, 16",-0.00625
0,2016-11-17,650.0,650.0,639.98999,639.98999,604.096375,100.0,100.0,-10.01001,-1.54,643.32666,"November 17, 16",-0.0154
0,2016-11-16,639.98999,639.98999,639.98999,639.98999,604.096375,100.0,100.0,0.0,0.0,639.98999,"November 16, 16",0.0
0,2016-11-15,639.98999,639.98999,639.98999,639.98999,604.096375,0.0,0.0,0.0,0.0,0.0,"November 15, 16",0.0
0,2016-11-14,632.0,639.98999,625.0,639.98999,604.096375,100.0,100.0,7.98999,1.264,634.99333,"November 14, 16",0.01264
0,2016-11-11,635.0,650.0,635.0,650.0,613.544983,100.0,100.0,15.0,2.362,645.0,"November 11, 16",0.02362
0,2016-11-10,631.0,631.0,631.0,631.0,595.610596,0.0,0.0,0.0,0.0,0.0,"November 10, 16",0.0
0,2016-11-09,631.0,631.0,631.0,631.0,595.610596,0.0,0.0,0.0,0.0,0.0,"November 09, 16",0.0
0,2016-11-08,631.0,631.0,631.0,631.0,595.610596,100.0,100.0,0.0,0.0,631.0,"November 08, 16",0.0
0,2016-11-07,650.0,650.0,615.0,635.0,599.386169,100.0,100.0,-15.0,-2.308,633.33333,"November 07, 16",-0.02308
0,2016-11-04,640.0,640.0,640.0,640.0,604.105774,100.0,100.0,0.0,0.0,640.0,"November 04, 16",0.0
0,2016-11-03,645.0,645.0,630.0,630.0,594.666687,100.0,100.0,-15.0,-2.326,635.0,"November 03, 16",-0.02326
0,2016-11-02,645.0,645.0,645.0,645.0,608.825317,100.0,100.0,0.0,0.0,645.0,"November 02, 16",0.0
0,2016-11-01,650.0,650.0,650.0,650.0,613.544983,0.0,0.0,0.0,0.0,0.0,"November 01, 16",0.0
0,2016-10-31,650.0,650.0,650.0,650.0,613.544983,0.0,0.0,0.0,0.0,0.0,"October 31, 16",0.0
0,2016-10-28,650.0,650.0,650.0,650.0,613.544983,0.0,0.0,0.0,0.0,0.0,"October 28, 16",0.0
0,2016-10-27,650.0,650.0,650.0,650.0,613.544983,100.0,100.0,0.0,0.0,650.0,"October 27, 16",0.0
0,2016-10-26,625.0,650.0,610.0,645.0,608.825317,100.0,100.0,20.0,3.2,635.0,"October 26, 16",0.032
0,2016-10-25,625.0,625.0,625.0,625.0,589.947083,0.0,0.0,0.0,0.0,0.0,"October 25, 16",0.0
0,2016-10-24,625.0,625.0,625.0,625.0,589.947083,100.0,100.0,0.0,0.0,625.0,"October 24, 16",0.0
0,2016-10-21,605.0,624.98999,605.0,624.98999,589.937622,100.0,100.0,19.98999,3.304,618.32666,"October 21, 16",0.03304
0,2016-10-20,625.0,625.0,625.0,625.0,589.947083,0.0,0.0,0.0,0.0,0.0,"October 20, 16",0.0
0,2016-10-19,625.0,625.0,625.0,625.0,589.947083,0.0,0.0,0.0,0.0,0.0,"October 19, 16",0.0
0,2016-10-18,625.0,625.0,625.0,625.0,589.947083,0.0,0.0,0.0,0.0,0.0,"October 18, 16",0.0
0,2016-10-17,625.0,625.0,625.0,625.0,589.947083,100.0,100.0,0.0,0.0,625.0,"October 17, 16",0.0
0,2016-10-14,630.0,650.0,630.0,650.0,613.544983,100.0,100.0,20.0,3.175,643.33333,"October 14, 16",0.03175
0,2016-10-13,600.0,630.0,600.0,630.0,594.666687,100.0,100.0,30.0,5.0,620.0,"October 13, 16",0.05
0,2016-10-12,600.0,600.0,600.0,600.0,566.349182,0.0,0.0,0.0,0.0,0.0,"October 12, 16",0.0
0,2016-10-11,600.0,600.0,600.0,600.0,566.349182,0.0,0.0,0.0,0.0,0.0,"October 11, 16",0.0
0,2016-10-10,600.0,600.0,600.0,600.0,566.349182,0.0,0.0,0.0,0.0,0.0,"October 10, 16",0.0
0,2016-10-07,600.0,600.0,600.0,600.0,566.349182,0.0,0.0,0.0,0.0,0.0,"October 07, 16",0.0
0,2016-10-06,600.0,600.0,600.0,600.0,566.349182,0.0,0.0,0.0,0.0,0.0,"October 06, 16",0.0
0,2016-10-05,595.0,600.0,595.0,600.0,566.349182,100.0,100.0,5.0,0.84,598.33333,"October 05, 16",0.0084
0,2016-10-04,600.0,600.0,600.0,600.0,566.349182,0.0,0.0,0.0,0.0,0.0,"October 04, 16",0.0
0,2016-10-03,600.0,600.0,600.0,600.0,566.349182,0.0,0.0,0.0,0.0,0.0,"October 03, 16",0.0
0,2016-09-30,600.0,600.0,600.0,600.0,566.349182,0.0,0.0,0.0,0.0,0.0,"September 30, 16",0.0
0,2016-09-29,600.0,600.0,600.0,600.0,566.349182,0.0,0.0,0.0,0.0,0.0,"September 29, 16",0.0
0,2016-09-28,600.0,600.0,600.0,600.0,566.349182,100.0,100.0,0.0,0.0,600.0,"September 28, 16",0.0
0,2016-09-27,600.0,600.0,600.0,600.0,566.349182,0.0,0.0,0.0,0.0,0.0,"September 27, 16",0.0
0,2016-09-26,591.0,600.0,591.0,600.0,566.349182,100.0,100.0,9.0,1.523,597.0,"September 26, 16",0.01523
0,2016-09-23,600.0,600.0,600.0,600.0,566.349182,100.0,100.0,0.0,0.0,600.0,"September 23, 16",0.0
0,2016-09-22,600.0,600.0,600.0,600.0,566.349182,100.0,100.0,0.0,0.0,600.0,"September 22, 16",0.0
0,2016-09-21,595.0,595.0,595.0,595.0,561.629578,100.0,100.0,0.0,0.0,595.0,"September 21, 16",0.0
0,2016-09-20,590.0,600.0,590.0,600.0,566.349182,100.0,100.0,10.0,1.695,596.66667,"September 20, 16",0.01695
0,2016-09-19,588.0,599.900024,588.0,599.900024,566.254822,200.0,200.0,11.90002,2.024,595.93335,"September 19, 16",0.02024
0,2016-09-16,587.0,587.0,585.0,585.0,552.19043,100.0,100.0,-2.0,-0.341,585.66667,"September 16, 16",-0.00341
0,2016-09-15,595.0,595.0,595.0,595.0,561.629578,100.0,100.0,0.0,0.0,595.0,"September 15, 16",0.0
0,2016-09-14,600.0,600.0,600.0,600.0,566.349182,0.0,0.0,0.0,0.0,0.0,"September 14, 16",0.0
0,2016-09-13,600.0,600.0,600.0,600.0,566.349182,100.0,100.0,0.0,0.0,600.0,"September 13, 16",0.0
0,2016-09-12,600.0,600.0,600.0,600.0,566.349182,0.0,0.0,0.0,0.0,0.0,"September 12, 16",0.0
0,2016-09-09,600.0,600.0,600.0,600.0,566.349182,0.0,0.0,0.0,0.0,0.0,"September 09, 16",0.0
0,2016-09-08,600.0,600.0,600.0,600.0,566.349182,0.0,0.0,0.0,0.0,0.0,"September 08, 16",0.0
0,2016-09-07,600.0,600.0,600.0,600.0,566.349182,0.0,0.0,0.0,0.0,0.0,"September 07, 16",0.0
0,2016-09-06,600.0,600.0,600.0,600.0,566.349182,100.0,100.0,0.0,0.0,600.0,"September 06, 16",0.0
0,2016-09-02,594.900024,600.0,594.900024,600.0,566.349182,100.0,100.0,5.09998,0.857,598.30001,"September 02, 16",0.00857
0,2016-09-01,600.0,600.0,600.0,600.0,566.349182,100.0,100.0,0.0,0.0,600.0,"September 01, 16",0.0
0,2016-08-31,600.0,600.0,600.0,600.0,566.349182,0.0,0.0,0.0,0.0,0.0,"August 31, 16",0.0
0,2016-08-30,600.0,600.0,600.0,600.0,566.349182,100.0,100.0,0.0,0.0,600.0,"August 30, 16",0.0
0,2016-08-29,600.0,600.0,600.0,600.0,566.349182,0.0,0.0,0.0,0.0,0.0,"August 29, 16",0.0
0,2016-08-26,600.0,600.0,600.0,600.0,566.349182,100.0,100.0,0.0,0.0,600.0,"August 26, 16",0.0
0,2016-08-25,580.099976,580.099976,580.099976,580.099976,547.565247,0.0,0.0,0.0,0.0,0.0,"August 25, 16",0.0
0,2016-08-24,580.099976,580.099976,580.099976,580.099976,547.565247,100.0,100.0,0.0,0.0,580.09998,"August 24, 16",0.0
0,2016-08-23,600.0,600.0,600.0,600.0,566.349182,100.0,100.0,0.0,0.0,600.0,"August 23, 16",0.0
0,2016-08-22,600.0,600.0,600.0,600.0,566.349182,0.0,0.0,0.0,0.0,0.0,"August 22, 16",0.0
0,2016-08-19,600.0,600.0,600.0,600.0,566.349182,100.0,100.0,0.0,0.0,600.0,"August 19, 16",0.0
0,2016-08-18,600.0,600.0,600.0,600.0,566.349182,100.0,100.0,0.0,0.0,600.0,"August 18, 16",0.0
0,2016-08-17,599.0,600.0,599.0,600.0,566.349182,100.0,100.0,1.0,0.167,599.66667,"August 17, 16",0.00167
0,2016-08-16,599.0,600.0,599.0,600.0,566.349182,100.0,100.0,1.0,0.167,599.66667,"August 16, 16",0.00167
0,2016-08-15,585.0,585.0,585.0,585.0,552.19043,100.0,100.0,0.0,0.0,585.0,"August 15, 16",0.0
0,2016-08-12,584.0,584.0,584.0,584.0,551.246521,0.0,0.0,0.0,0.0,0.0,"August 12, 16",0.0
0,2016-08-11,583.0,584.0,583.0,584.0,551.246521,100.0,100.0,1.0,0.172,583.66667,"August 11, 16",0.00172
0,2016-08-10,582.0,583.0,582.0,582.900024,550.208191,100.0,100.0,0.90002,0.155,582.63334,"August 10, 16",0.00155
0,2016-08-09,580.0,582.900024,580.0,582.890015,550.198853,100.0,100.0,2.89001,0.498,581.93001,"August 09, 16",0.00498
0,2016-08-08,576.0,576.0,576.0,576.0,543.695251,100.0,100.0,0.0,0.0,576.0,"August 08, 16",0.0
0,2016-08-05,582.900024,582.900024,582.900024,582.900024,550.208191,0.0,0.0,0.0,0.0,0.0,"August 05, 16",0.0
0,2016-08-04,582.900024,582.900024,582.900024,582.900024,550.208191,0.0,0.0,0.0,0.0,0.0,"August 04, 16",0.0
0,2016-08-03,575.0,582.900024,575.0,582.900024,550.208191,100.0,100.0,7.90002,1.374,580.26668,"August 03, 16",0.01374
0,2016-08-02,577.0,577.0,575.0,575.0,542.751221,200.0,200.0,-2.0,-0.347,575.66667,"August 02, 16",-0.00347
0,2016-08-01,600.0,600.0,600.0,600.0,566.349182,100.0,100.0,0.0,0.0,600.0,"August 01, 16",0.0
0,2016-07-29,600.0,600.0,600.0,600.0,566.349182,0.0,0.0,0.0,0.0,0.0,"July 29, 16",0.0
0,2016-07-28,600.0,600.0,600.0,600.0,566.349182,0.0,0.0,0.0,0.0,0.0,"July 28, 16",0.0
0,2016-07-27,600.0,600.0,600.0,600.0,566.349182,100.0,100.0,0.0,0.0,600.0,"July 27, 16",0.0
0,2016-07-26,591.0,591.0,591.0,591.0,557.853943,100.0,100.0,0.0,0.0,591.0,"July 26, 16",0.0
0,2016-07-25,600.0,600.0,600.0,600.0,566.349182,100.0,100.0,0.0,0.0,600.0,"July 25, 16",0.0
0,2016-07-22,599.0,599.0,599.0,599.0,565.405212,100.0,100.0,0.0,0.0,599.0,"July 22, 16",0.0
0,2016-07-21,591.099976,600.0,591.099976,600.0,566.349182,100.0,100.0,8.90002,1.506,597.03333,"July 21, 16",0.01506
0,2016-07-20,574.942993,575.0,574.942993,575.0,542.751221,100.0,100.0,0.05701,0.01,574.981,"July 20, 16",0.0001
0,2016-07-19,579.0,579.0,575.0,575.0,542.751221,100.0,100.0,-4.0,-0.691,576.33333,"July 19, 16",-0.00691
0,2016-07-18,589.0,589.0,580.0,580.0,547.470886,100.0,100.0,-9.0,-1.528,583.0,"July 18, 16",-0.01528
0,2016-07-15,584.0,584.0,584.0,584.0,551.246521,0.0,0.0,0.0,0.0,0.0,"July 15, 16",0.0
0,2016-07-14,584.0,584.0,584.0,584.0,551.246521,0.0,0.0,0.0,0.0,0.0,"July 14, 16",0.0
0,2016-07-13,584.0,584.0,584.0,584.0,551.246521,100.0,100.0,0.0,0.0,584.0,"July 13, 16",0.0
0,2016-07-12,584.0,584.0,584.0,584.0,551.246521,100.0,100.0,0.0,0.0,584.0,"July 12, 16",0.0
0,2016-07-11,575.0,586.0,575.0,585.0,552.19043,100.0,100.0,10.0,1.739,582.0,"July 11, 16",0.01739
0,2016-07-08,570.0,589.0,570.0,585.0,552.19043,100.0,100.0,15.0,2.632,581.33333,"July 08, 16",0.02632
0,2016-07-07,590.0,590.0,590.0,590.0,556.910095,0.0,0.0,0.0,0.0,0.0,"July 07, 16",0.0
0,2016-07-06,590.0,590.0,590.0,590.0,556.910095,100.0,100.0,0.0,0.0,590.0,"July 06, 16",0.0
0,2016-07-05,590.0,590.0,580.0,590.0,556.910095,100.0,100.0,0.0,0.0,586.66667,"July 05, 16",0.0
0,2016-07-01,585.0,585.0,585.0,585.0,552.19043,0.0,0.0,0.0,0.0,0.0,"July 01, 16",0.0
0,2016-06-30,585.0,585.0,585.0,585.0,552.19043,100.0,100.0,0.0,0.0,585.0,"June 30, 16",0.0
0,2016-06-29,572.0,572.0,563.0,566.0,534.256042,100.0,100.0,-6.0,-1.049,567.0,"June 29, 16",-0.01049
0,2016-06-28,581.900024,581.900024,570.0,570.0,538.031677,100.0,100.0,-11.90002,-2.045,573.96667,"June 28, 16",-0.02045
0,2016-06-27,590.0,590.0,575.0,581.900024,549.264343,100.0,100.0,-8.09998,-1.373,582.30001,"June 27, 16",-0.01373
0,2016-06-24,580.0,590.0,580.0,590.0,556.910095,100.0,100.0,10.0,1.724,586.66667,"June 24, 16",0.01724
0,2016-06-23,610.0,610.0,565.0,580.0,547.470886,300.0,300.0,-30.0,-4.918,585.0,"June 23, 16",-0.04918
0,2016-06-22,599.0,610.0,599.0,610.0,575.78833,100.0,100.0,11.0,1.836,606.33333,"June 22, 16",0.01836
0,2016-06-21,599.0,599.0,599.0,599.0,565.405212,100.0,100.0,0.0,0.0,599.0,"June 21, 16",0.0
0,2016-06-20,599.0,599.0,599.0,599.0,565.405212,100.0,100.0,0.0,0.0,599.0,"June 20, 16",0.0
0,2016-06-17,600.0,600.0,599.0,599.0,565.405212,100.0,100.0,-1.0,-0.167,599.33333,"June 17, 16",-0.00167
0,2016-06-16,608.0,609.0,586.0,609.0,574.84436,100.0,100.0,1.0,0.164,601.33333,"June 16, 16",0.00164
0,2016-06-15,607.0,609.0,607.0,609.0,574.84436,100.0,100.0,2.0,0.329,608.33333,"June 15, 16",0.00329
0,2016-06-14,600.0,607.0,600.0,607.0,572.956665,100.0,100.0,7.0,1.167,604.66667,"June 14, 16",0.01167
0,2016-06-13,600.0,610.0,600.0,610.0,575.78833,100.0,100.0,10.0,1.667,606.66667,"June 13, 16",0.01667
0,2016-06-10,602.5,610.0,600.0,610.0,575.78833,100.0,100.0,7.5,1.245,606.66667,"June 10, 16",0.01245
0,2016-06-09,600.0,600.0,600.0,600.0,566.349182,100.0,100.0,0.0,0.0,600.0,"June 09, 16",0.0
0,2016-06-08,550.0,580.0,550.0,580.0,547.470886,200.0,200.0,30.0,5.455,570.0,"June 08, 16",0.05455
0,2016-06-07,600.0,600.0,600.0,600.0,566.349182,100.0,100.0,0.0,0.0,600.0,"June 07, 16",0.0
0,2016-06-06,640.0,640.0,640.0,640.0,604.105774,100.0,100.0,0.0,0.0,640.0,"June 06, 16",0.0
0,2016-06-03,560.0,645.0,560.0,644.0,607.88147,100.0,100.0,84.0,15.0,616.33333,"June 03, 16",0.15
0,2016-06-02,550.0,555.0,550.0,555.0,523.873047,200.0,200.0,5.0,0.909,553.33333,"June 02, 16",0.00909
0,2016-06-01,545.0,550.0,545.0,550.0,519.153381,100.0,100.0,5.0,0.917,548.33333,"June 01, 16",0.00917
0,2016-05-31,550.0,550.0,541.0,542.0,511.602051,100.0,100.0,-8.0,-1.455,544.33333,"May 31, 16",-0.01455
0,2016-05-27,535.0,549.0,534.0,549.0,518.209473,200.0,200.0,14.0,2.617,544.0,"May 27, 16",0.02617
0,2016-05-26,532.0,533.5,532.0,533.5,503.578857,100.0,100.0,1.5,0.282,533.0,"May 26, 16",0.00282
0,2016-05-25,531.0,531.0,531.0,531.0,501.219086,100.0,100.0,0.0,0.0,531.0,"May 25, 16",0.0
0,2016-05-24,535.0,535.0,535.0,535.0,504.994751,0.0,0.0,0.0,0.0,0.0,"May 24, 16",0.0
0,2016-05-23,535.0,535.0,535.0,535.0,504.994751,100.0,100.0,0.0,0.0,535.0,"May 23, 16",0.0
0,2016-05-20,538.0,538.0,535.0,535.0,504.994751,100.0,100.0,-3.0,-0.558,536.0,"May 20, 16",-0.00558
0,2016-05-19,530.0,530.0,530.0,530.0,500.275116,100.0,100.0,0.0,0.0,530.0,"May 19, 16",0.0
0,2016-05-18,534.0,536.0,534.0,536.0,505.938599,100.0,100.0,2.0,0.375,535.33333,"May 18, 16",0.00375
0,2016-05-17,527.0,527.0,527.0,527.0,497.443329,100.0,100.0,0.0,0.0,527.0,"May 17, 16",0.0
0,2016-05-16,530.0,530.0,530.0,530.0,500.275116,0.0,0.0,0.0,0.0,0.0,"May 16, 16",0.0
0,2016-05-13,530.0,530.0,530.0,530.0,500.275116,0.0,0.0,0.0,0.0,0.0,"May 13, 16",0.0
0,2016-05-12,530.0,530.0,530.0,530.0,500.275116,100.0,100.0,0.0,0.0,530.0,"May 12, 16",0.0
0,2016-05-11,535.0,535.0,525.0,525.0,495.555542,100.0,100.0,-10.0,-1.869,528.33333,"May 11, 16",-0.01869
0,2016-05-10,533.0,533.0,533.0,533.0,503.106842,0.0,0.0,0.0,0.0,0.0,"May 10, 16",0.0
0,2016-05-09,533.0,533.0,533.0,533.0,503.106842,0.0,0.0,0.0,0.0,0.0,"May 09, 16",0.0
0,2016-05-06,533.0,533.0,533.0,533.0,503.106842,100.0,100.0,0.0,0.0,533.0,"May 06, 16",0.0
0,2016-05-05,535.0,535.0,535.0,535.0,504.994751,100.0,100.0,0.0,0.0,535.0,"May 05, 16",0.0
0,2016-05-04,540.0,540.0,540.0,540.0,509.714233,0.0,0.0,0.0,0.0,0.0,"May 04, 16",0.0
0,2016-05-03,540.0,540.0,540.0,540.0,509.714233,100.0,100.0,0.0,0.0,540.0,"May 03, 16",0.0
0,2016-05-02,545.0,545.0,545.0,545.0,514.433838,100.0,100.0,0.0,0.0,545.0,"May 02, 16",0.0
0,2016-04-29,549.98999,549.98999,549.98999,549.98999,519.143982,0.0,0.0,0.0,0.0,0.0,"April 29, 16",0.0
0,2016-04-28,549.98999,549.98999,549.98999,549.98999,519.143982,0.0,0.0,0.0,0.0,0.0,"April 28, 16",0.0
0,2016-04-27,549.0,550.0,549.0,549.98999,519.143982,100.0,100.0,0.98999,0.18,549.66333,"April 27, 16",0.0018
0,2016-04-26,545.0,545.0,545.0,545.0,514.433838,0.0,0.0,0.0,0.0,0.0,"April 26, 16",0.0
0,2016-04-25,545.0,545.0,545.0,545.0,514.433838,100.0,100.0,0.0,0.0,545.0,"April 25, 16",0.0
0,2016-04-22,545.0,545.0,545.0,545.0,514.433838,0.0,0.0,0.0,0.0,0.0,"April 22, 16",0.0
0,2016-04-21,545.0,545.0,545.0,545.0,514.433838,0.0,0.0,0.0,0.0,0.0,"April 21, 16",0.0
0,2016-04-20,545.0,545.0,545.0,545.0,514.433838,100.0,100.0,0.0,0.0,545.0,"April 20, 16",0.0
0,2016-04-19,535.0,545.0,535.0,545.0,514.433838,100.0,100.0,10.0,1.869,541.66667,"April 19, 16",0.01869
0,2016-04-18,540.0,540.0,540.0,540.0,509.714233,100.0,100.0,0.0,0.0,540.0,"April 18, 16",0.0
0,2016-04-15,533.0,533.0,533.0,533.0,503.106842,100.0,100.0,0.0,0.0,533.0,"April 15, 16",0.0
0,2016-04-14,535.0,535.0,535.0,535.0,504.994751,100.0,100.0,0.0,0.0,535.0,"April 14, 16",0.0
0,2016-04-13,535.0,535.0,535.0,535.0,504.994751,0.0,0.0,0.0,0.0,0.0,"April 13, 16",0.0
0,2016-04-12,535.0,535.0,535.0,535.0,504.994751,0.0,0.0,0.0,0.0,0.0,"April 12, 16",0.0
0,2016-04-11,540.0,540.0,535.0,535.0,504.994751,100.0,100.0,-5.0,-0.926,536.66667,"April 11, 16",-0.00926
0,2016-04-08,540.0,541.0,540.0,541.0,510.658142,100.0,100.0,1.0,0.185,540.66667,"April 08, 16",0.00185
0,2016-04-07,540.0,540.0,540.0,540.0,509.714233,100.0,100.0,0.0,0.0,540.0,"April 07, 16",0.0
0,2016-04-06,534.0,534.0,534.0,534.0,504.05072,100.0,100.0,0.0,0.0,534.0,"April 06, 16",0.0
0,2016-04-05,540.0,540.0,540.0,540.0,509.714233,100.0,100.0,0.0,0.0,540.0,"April 05, 16",0.0
0,2016-04-04,580.0,585.0,523.0,530.0,500.275116,100.0,100.0,-50.0,-8.621,546.0,"April 04, 16",-0.08621
0,2016-04-01,575.0,575.0,575.0,575.0,542.751221,0.0,0.0,0.0,0.0,0.0,"April 01, 16",0.0
0,2016-03-31,548.0,640.0,548.0,575.0,542.751221,200.0,200.0,27.0,4.927,587.66667,"March 31, 16",0.04927
0,2016-03-30,537.0,537.0,537.0,537.0,506.882507,0.0,0.0,0.0,0.0,0.0,"March 30, 16",0.0
0,2016-03-29,532.0,537.0,532.0,537.0,506.882507,100.0,100.0,5.0,0.94,535.33333,"March 29, 16",0.0094
0,2016-03-28,545.0,545.0,545.0,545.0,514.433838,0.0,0.0,0.0,0.0,0.0,"March 28, 16",0.0
0,2016-03-24,545.0,545.0,545.0,545.0,514.433838,100.0,100.0,0.0,0.0,545.0,"March 24, 16",0.0
0,2016-03-23,575.0,597.0,541.0,541.0,510.658142,100.0,100.0,-34.0,-5.913,559.66667,"March 23, 16",-0.05913
0,2016-03-22,525.0,644.0,525.0,644.0,607.88147,300.0,300.0,119.0,22.667,604.33333,"March 22, 16",0.22667
0,2016-03-21,535.0,535.0,516.0,525.0,495.555542,200.0,200.0,-10.0,-1.869,525.33333,"March 21, 16",-0.01869
0,2016-03-18,535.0,535.0,535.0,535.0,504.994751,0.0,0.0,0.0,0.0,0.0,"March 18, 16",0.0
0,2016-03-17,535.0,535.0,535.0,535.0,504.994751,100.0,100.0,0.0,0.0,535.0,"March 17, 16",0.0
0,2016-03-16,535.0,535.0,535.0,535.0,504.994751,0.0,0.0,0.0,0.0,0.0,"March 16, 16",0.0
0,2016-03-15,535.0,535.0,535.0,535.0,504.994751,0.0,0.0,0.0,0.0,0.0,"March 15, 16",0.0
0,2016-03-14,530.0,535.0,530.0,535.0,504.994751,100.0,100.0,5.0,0.943,533.33333,"March 14, 16",0.00943
0,2016-03-11,530.0,530.0,530.0,530.0,500.275116,100.0,100.0,0.0,0.0,530.0,"March 11, 16",0.0
0,2016-03-10,525.0,525.0,525.0,525.0,495.555542,0.0,0.0,0.0,0.0,0.0,"March 10, 16",0.0
0,2016-03-09,525.0,525.0,525.0,525.0,495.555542,100.0,100.0,0.0,0.0,525.0,"March 09, 16",0.0
0,2016-03-08,522.0,525.0,522.0,525.0,495.555542,100.0,100.0,3.0,0.575,524.0,"March 08, 16",0.00575
0,2016-03-07,525.0,525.0,525.0,525.0,495.555542,100.0,100.0,0.0,0.0,525.0,"March 07, 16",0.0
0,2016-03-04,518.0,522.0,518.0,522.0,492.723785,100.0,100.0,4.0,0.772,520.66667,"March 04, 16",0.00772
0,2016-03-03,502.0,502.0,502.0,502.0,473.845459,0.0,0.0,0.0,0.0,0.0,"March 03, 16",0.0
0,2016-03-02,502.0,502.0,502.0,502.0,473.845459,0.0,0.0,0.0,0.0,0.0,"March 02, 16",0.0
0,2016-03-01,502.0,502.0,502.0,502.0,473.845459,0.0,0.0,0.0,0.0,0.0,"March 01, 16",0.0
0,2016-02-29,510.0,510.0,502.0,502.0,473.845459,100.0,100.0,-8.0,-1.569,504.66667,"February 29, 16",-0.01569
0,2016-02-26,512.0,512.0,506.0,506.0,477.621185,100.0,100.0,-6.0,-1.172,508.0,"February 26, 16",-0.01172
0,2016-02-25,521.0,521.0,521.0,521.0,491.779907,0.0,0.0,0.0,0.0,0.0,"February 25, 16",0.0
0,2016-02-24,523.0,523.0,521.0,521.0,491.779907,100.0,100.0,-2.0,-0.382,521.66667,"February 24, 16",-0.00382
0,2016-02-23,525.0,525.0,525.0,525.0,495.555542,100.0,100.0,0.0,0.0,525.0,"February 23, 16",0.0
0,2016-02-22,520.0,520.0,520.0,520.0,490.835938,100.0,100.0,0.0,0.0,520.0,"February 22, 16",0.0
0,2016-02-19,518.0,525.0,518.0,525.0,495.555542,200.0,200.0,7.0,1.351,522.66667,"February 19, 16",0.01351
0,2016-02-18,518.0,518.0,518.0,518.0,488.948181,100.0,100.0,0.0,0.0,518.0,"February 18, 16",0.0
0,2016-02-17,524.0,524.0,501.0,512.0,483.284668,200.0,200.0,-12.0,-2.29,512.33333,"February 17, 16",-0.0229
0,2016-02-16,520.0,520.0,520.0,520.0,490.835938,0.0,0.0,0.0,0.0,0.0,"February 16, 16",0.0
