,date,open,high,low,close,adjClose,volume,unadjustedVolume,change,changePercent,vwap,label,changeOverTime
0,2021-02-12,9.83,10.07,9.7098,9.89,9.89,57223.0,57223.0,0.06,0.61,9.88993,"February 12, 21",0.0061
0,2021-02-11,9.9,10.09,9.74,9.84,9.84,65300.0,65300.0,-0.06,-0.606,9.89,"February 11, 21",-0.00606
0,2021-02-10,9.98,10.05,9.84,9.95,9.95,55500.0,55500.0,-0.03,-0.301,9.94667,"February 10, 21",-0.00301
0,2021-02-09,10.04,10.09,9.83,9.96,9.96,60300.0,60300.0,-0.08,-0.797,9.96,"February 09, 21",-0.00797
0,2021-02-08,9.83,10.085,9.74,9.94,9.94,85300.0,85300.0,0.11,1.119,9.92167,"February 08, 21",0.01119
0,2021-02-05,9.72,9.95,9.645,9.88,9.88,106200.0,106200.0,0.16,1.646,9.825,"February 05, 21",0.01646
0,2021-02-04,9.91,10.09,9.74,9.76,9.76,81700.0,81700.0,-0.15,-1.514,9.86333,"February 04, 21",-0.01514
0,2021-02-03,10.0,10.09,9.855,10.0,9.88,63000.0,63000.0,0.0,0.0,9.98167,"February 03, 21",0.0
0,2021-02-02,9.77,10.0,9.75,9.93,9.81084,100400.0,100400.0,0.16,1.638,9.89333,"February 02, 21",0.01638
0,2021-02-01,9.76,9.88,9.36,9.88,9.76144,71200.0,71200.0,0.12,1.23,9.70667,"February 01, 21",0.0123
0,2021-01-29,9.8,9.86,9.51,9.77,9.652761,36000.0,36000.0,-0.03,-0.306,9.71333,"January 29, 21",-0.00306
0,2021-01-28,9.47,9.88,9.31,9.8,9.6824,48000.0,48000.0,0.33,3.485,9.66333,"January 28, 21",0.03485
0,2021-01-27,9.57,9.709,9.3,9.5,9.386,43300.0,43300.0,-0.07,-0.731,9.503,"January 27, 21",-0.00731
0,2021-01-26,9.69,9.89,9.455,9.55,9.4354,57000.0,57000.0,-0.14,-1.445,9.63167,"January 26, 21",-0.01445
0,2021-01-25,9.84,9.9,9.52,9.75,9.632999,79100.0,79100.0,-0.09,-0.915,9.72333,"January 25, 21",-0.00915
0,2021-01-22,9.59,9.85,9.52,9.77,9.652761,47300.0,47300.0,0.18,1.877,9.71333,"January 22, 21",0.01877
0,2021-01-21,9.53,9.8,9.292,9.8,9.6824,41500.0,41500.0,0.27,2.833,9.63067,"January 21, 21",0.02833
0,2021-01-20,9.75,9.796,9.5,9.6,9.4848,63900.0,63900.0,-0.15,-1.538,9.632,"January 20, 21",-0.01538
0,2021-01-19,9.79,9.951,9.75,9.76,9.64288,60000.0,60000.0,-0.03,-0.306,9.82033,"January 19, 21",-0.00306
0,2021-01-15,10.07,10.15,9.61,9.77,9.77,61600.0,61600.0,-0.3,-2.979,9.84333,"January 15, 21",-0.02979
0,2021-01-14,9.8,10.26,9.76,10.06,10.06,134600.0,134600.0,0.26,2.653,10.02667,"January 14, 21",0.02653
0,2021-01-13,9.26,10.13,9.26,9.7,9.7,133300.0,133300.0,0.44,4.752,9.69667,"January 13, 21",0.04752
0,2021-01-12,8.88,9.33,8.88,9.25,9.25,60400.0,60400.0,0.37,4.167,9.15333,"January 12, 21",0.04167
0,2021-01-11,8.73,8.997,8.63,8.9,8.9,55800.0,55800.0,0.17,1.947,8.84233,"January 11, 21",0.01947
0,2021-01-08,8.88,8.9,8.62,8.75,8.75,50800.0,50800.0,-0.13,-1.464,8.75667,"January 08, 21",-0.01464
0,2021-01-07,8.57,8.9,8.44,8.79,8.79,47900.0,47900.0,0.22,2.567,8.71,"January 07, 21",0.02567
0,2021-01-06,8.41,8.6,8.385,8.47,8.47,87300.0,87300.0,0.06,0.713,8.485,"January 06, 21",0.00713
0,2021-01-05,8.32,8.53,8.32,8.5,8.5,50300.0,50300.0,0.18,2.163,8.45,"January 05, 21",0.02163
0,2021-01-04,8.03,8.59,8.03,8.44,8.44,112100.0,112100.0,0.41,5.106,8.35333,"January 04, 21",0.05106
0,2020-12-31,7.72,7.96,7.7,7.95,7.95,92700.0,92700.0,0.23,2.979,7.87,"December 31, 20",0.02979
0,2020-12-30,7.82,8.0,7.63,7.78,7.78,77300.0,77300.0,-0.04,-0.512,7.80333,"December 30, 20",-0.00512
0,2020-12-29,7.87,7.98,7.75,7.9,7.9,76500.0,76500.0,0.03,0.381,7.87667,"December 29, 20",0.00381
0,2020-12-28,8.0,8.0,7.76,7.84,7.84,45600.0,45600.0,-0.16,-2.0,7.86667,"December 28, 20",-0.02
0,2020-12-24,7.91,7.945,7.8,7.86,7.86,12500.0,12500.0,-0.05,-0.632,7.86833,"December 24, 20",-0.00632
0,2020-12-23,7.99,8.03,7.8,7.9,7.9,55100.0,55100.0,-0.09,-1.126,7.91,"December 23, 20",-0.01126
0,2020-12-22,7.98,8.078,7.9,8.02,8.02,29800.0,29800.0,0.04,0.501,7.99933,"December 22, 20",0.00501
0,2020-12-21,8.0,8.09,7.85,8.02,8.02,304100.0,304100.0,0.02,0.25,7.98667,"December 21, 20",0.0025
0,2020-12-18,8.24,8.31,8.0,8.0,8.0,55600.0,55600.0,-0.24,-2.913,8.10333,"December 18, 20",-0.02913
0,2020-12-17,8.25,8.32,8.114,8.28,8.28,25500.0,25500.0,0.03,0.364,8.238,"December 17, 20",0.00364
0,2020-12-16,8.25,8.38,8.13,8.25,8.25,30200.0,30200.0,0.0,0.0,8.25333,"December 16, 20",0.0
0,2020-12-15,8.41,8.41,8.1,8.3,8.3,67700.0,67700.0,-0.11,-1.308,8.27,"December 15, 20",-0.01308
0,2020-12-14,8.6,8.82,8.17,8.29,8.29,69200.0,69200.0,-0.31,-3.605,8.42667,"December 14, 20",-0.03605
0,2020-12-11,8.88,8.88,8.36,8.47,8.47,53700.0,53700.0,-0.41,-4.617,8.57,"December 11, 20",-0.04617
0,2020-12-10,8.903,8.903,8.71,8.89,8.89,36300.0,36300.0,-0.013,-0.146,8.83433,"December 10, 20",-0.00146
0,2020-12-09,8.73,9.1,8.67,8.85,8.85,55800.0,55800.0,0.12,1.375,8.87333,"December 09, 20",0.01375
0,2020-12-08,8.87,8.94,8.55,8.57,8.57,49900.0,49900.0,-0.3,-3.382,8.68667,"December 08, 20",-0.03382
0,2020-12-07,8.9,9.1,8.83,8.83,8.83,20600.0,20600.0,-0.07,-0.787,8.92,"December 07, 20",-0.00787
0,2020-12-04,8.66,9.08,8.51,8.95,8.95,79400.0,79400.0,0.29,3.349,8.84667,"December 04, 20",0.03349
0,2020-12-03,8.613,8.76,8.57,8.58,8.58,52000.0,52000.0,-0.033,-0.383,8.63667,"December 03, 20",-0.00383
0,2020-12-02,8.57,8.71,8.51,8.71,8.71,33200.0,33200.0,0.14,1.634,8.64333,"December 02, 20",0.01634
0,2020-12-01,8.51,8.715,8.35,8.64,8.64,26500.0,26500.0,0.13,1.528,8.56833,"December 01, 20",0.01528
0,2020-11-30,8.75,8.75,8.35,8.45,8.45,75500.0,75500.0,-0.3,-3.429,8.51667,"November 30, 20",-0.03429
0,2020-11-27,8.76,8.76,8.6,8.63,8.63,32300.0,32300.0,-0.13,-1.484,8.66333,"November 27, 20",-0.01484
0,2020-11-25,8.63,8.78,8.53,8.78,8.78,48800.0,48800.0,0.15,1.738,8.69667,"November 25, 20",0.01738
0,2020-11-24,8.53,8.78,8.53,8.6,8.6,78500.0,78500.0,0.07,0.821,8.63667,"November 24, 20",0.00821
0,2020-11-23,8.49,8.67,8.49,8.61,8.61,69500.0,69500.0,0.12,1.413,8.59,"November 23, 20",0.01413
0,2020-11-20,8.37,8.54,8.368,8.47,8.47,32400.0,32400.0,0.1,1.195,8.45933,"November 20, 20",0.01195
0,2020-11-19,8.36,8.445,8.19,8.31,8.31,21300.0,21300.0,-0.05,-0.598,8.315,"November 19, 20",-0.00598
0,2020-11-18,8.32,8.45,8.218,8.3,8.3,36300.0,36300.0,-0.02,-0.24,8.32267,"November 18, 20",-0.0024
0,2020-11-17,7.85,8.3,7.85,8.23,8.23,36900.0,36900.0,0.38,4.841,8.12667,"November 17, 20",0.04841
0,2020-11-16,8.14,8.38,7.85,7.85,7.85,57400.0,57400.0,-0.29,-3.563,8.02667,"November 16, 20",-0.03563
0,2020-11-13,7.9,8.17,7.9,8.0,8.0,25500.0,25500.0,0.1,1.266,8.02333,"November 13, 20",0.01266
0,2020-11-12,8.1,8.245,7.86,7.89,7.89,26900.0,26900.0,-0.21,-2.593,7.99833,"November 12, 20",-0.02593
0,2020-11-11,8.04,8.27,8.04,8.05,8.05,18900.0,18900.0,0.01,0.124,8.12,"November 11, 20",0.00124
0,2020-11-10,7.93,8.075,7.794,7.96,7.96,16100.0,16100.0,0.03,0.378,7.943,"November 10, 20",0.00378
0,2020-11-09,7.95,8.1,7.75,7.85,7.85,76900.0,76900.0,-0.1,-1.258,7.9,"November 09, 20",-0.01258
0,2020-11-06,7.98,8.03,7.58,7.77,7.77,37400.0,37400.0,-0.21,-2.632,7.79333,"November 06, 20",-0.02632
0,2020-11-05,7.9,8.125,7.9,8.04,8.04,30400.0,30400.0,0.14,1.772,8.02167,"November 05, 20",0.01772
0,2020-11-04,8.14,8.14,7.78,8.05,7.93,30600.0,30600.0,-0.09,-1.106,7.99,"November 04, 20",-0.01106
0,2020-11-03,7.81,8.075,7.71,7.91,7.792087,18500.0,18500.0,0.1,1.28,7.89833,"November 03, 20",0.0128
0,2020-11-02,7.69,7.91,7.69,7.81,7.693578,22600.0,22600.0,0.12,1.56,7.80333,"November 02, 20",0.0156
0,2020-10-30,7.7,7.83,7.69,7.75,7.634472,22700.0,22700.0,0.05,0.649,7.75667,"October 30, 20",0.00649
0,2020-10-29,7.73,7.94,7.64,7.77,7.654174,34200.0,34200.0,0.04,0.517,7.78333,"October 29, 20",0.00517
0,2020-10-28,8.02,8.02,7.68,7.8,7.683727,18700.0,18700.0,-0.22,-2.743,7.83333,"October 28, 20",-0.02743
0,2020-10-27,8.032,8.032,7.86,7.97,7.851192,9000.0,9000.0,-0.062,-0.772,7.954,"October 27, 20",-0.00772
0,2020-10-26,8.2,8.291,7.88,8.18,8.058063,41900.0,41900.0,-0.02,-0.244,8.117,"October 26, 20",-0.00244
0,2020-10-23,8.18,8.34,8.11,8.3,8.176273,16300.0,16300.0,0.12,1.467,8.25,"October 23, 20",0.01467
0,2020-10-22,8.023,8.338,8.023,8.14,8.018659,39300.0,39300.0,0.117,1.458,8.167,"October 22, 20",0.01458
0,2020-10-21,7.91,8.06,7.91,8.02,7.900448,20200.0,20200.0,0.11,1.391,7.99667,"October 21, 20",0.01391
0,2020-10-20,7.996,8.016,7.86,7.87,7.752683,28400.0,28400.0,-0.126,-1.576,7.91533,"October 20, 20",-0.01576
0,2020-10-19,7.86,8.07,7.77,8.07,7.949702,30900.0,30900.0,0.21,2.672,7.97,"October 19, 20",0.02672
0,2020-10-16,7.802,8.0,7.802,7.86,7.742833,27600.0,27600.0,0.058,0.743,7.88733,"October 16, 20",0.00743
0,2020-10-15,7.733,7.96,7.65,7.84,7.723131,21100.0,21100.0,0.107,1.384,7.81667,"October 15, 20",0.01384
0,2020-10-14,7.9,8.12,7.85,8.0,7.880745,25700.0,25700.0,0.1,1.266,7.99,"October 14, 20",0.01266
0,2020-10-13,7.63,8.0,7.63,7.8,7.683727,28400.0,28400.0,0.17,2.228,7.81,"October 13, 20",0.02228
0,2020-10-12,7.73,7.84,7.7,7.71,7.595068,23900.0,23900.0,-0.02,-0.259,7.75,"October 12, 20",-0.00259
0,2020-10-09,7.87,7.87,7.619,7.74,7.624621,15600.0,15600.0,-0.13,-1.652,7.743,"October 09, 20",-0.01652
0,2020-10-08,7.7,7.79,7.424,7.76,7.644323,38200.0,38200.0,0.06,0.779,7.658,"October 08, 20",0.00779
0,2020-10-07,7.25,7.74,7.19,7.66,7.545814,75500.0,75500.0,0.41,5.655,7.53,"October 07, 20",0.05655
0,2020-10-06,7.405,7.455,7.21,7.21,7.102522,24200.0,24200.0,-0.195,-2.633,7.29167,"October 06, 20",-0.02633
0,2020-10-05,7.12,7.39,7.12,7.34,7.230584,18300.0,18300.0,0.22,3.09,7.28333,"October 05, 20",0.0309
0,2020-10-02,7.08,7.23,6.96,7.22,7.112372,26400.0,26400.0,0.14,1.977,7.13667,"October 02, 20",0.01977
0,2020-10-01,7.01,7.26,6.91,7.21,7.102522,56500.0,56500.0,0.2,2.853,7.12667,"October 01, 20",0.02853
0,2020-09-30,7.19,7.39,7.0,7.0,6.895652,147500.0,147500.0,-0.19,-2.643,7.13,"September 30, 20",-0.02643
0,2020-09-29,7.19,7.19,6.84,7.0,6.895652,60200.0,60200.0,-0.19,-2.643,7.01,"September 29, 20",-0.02643
0,2020-09-28,6.805,7.31,6.76,7.148,7.041446,56200.0,56200.0,0.343,5.04,7.07267,"September 28, 20",0.0504
0,2020-09-25,6.7,6.85,6.64,6.78,6.678932,29600.0,29600.0,0.08,1.194,6.75667,"September 25, 20",0.01194
0,2020-09-24,6.62,6.89,6.51,6.71,6.609975,31600.0,31600.0,0.09,1.36,6.70333,"September 24, 20",0.0136
0,2020-09-23,7.05,7.05,6.61,6.63,6.531168,19300.0,19300.0,-0.42,-5.957,6.76333,"September 23, 20",-0.05957
0,2020-09-22,6.95,7.243,6.9,7.01,6.905503,22700.0,22700.0,0.06,0.863,7.051,"September 22, 20",0.00863
0,2020-09-21,7.0,7.195,6.76,6.8,6.698634,44700.0,44700.0,-0.2,-2.857,6.91833,"September 21, 20",-0.02857
0,2020-09-18,7.03,7.4,7.03,7.1,6.994162,69000.0,69000.0,0.07,0.996,7.17667,"September 18, 20",0.00996
0,2020-09-17,6.92,7.23,6.79,6.79,6.688783,21100.0,21100.0,-0.13,-1.879,6.93667,"September 17, 20",-0.01879
0,2020-09-16,6.83,7.05,6.82,6.99,6.885801,25800.0,25800.0,0.16,2.343,6.95333,"September 16, 20",0.02343
0,2020-09-15,6.87,7.15,6.77,6.81,6.708485,37400.0,37400.0,-0.06,-0.873,6.91,"September 15, 20",-0.00873
0,2020-09-14,6.87,6.96,6.805,6.87,6.76759,37700.0,37700.0,0.0,0.0,6.87833,"September 14, 20",0.0
0,2020-09-11,6.88,7.0,6.69,6.73,6.629677,30000.0,30000.0,-0.15,-2.18,6.80667,"September 11, 20",-0.0218
0,2020-09-10,6.99,6.99,6.88,6.88,6.777441,14600.0,14600.0,-0.11,-1.574,6.91667,"September 10, 20",-0.01574
0,2020-09-09,6.83,6.98,6.789,6.9,6.797143,33700.0,33700.0,0.07,1.025,6.88967,"September 09, 20",0.01025
0,2020-09-08,7.1,7.265,6.73,6.87,6.76759,43100.0,43100.0,-0.23,-3.239,6.955,"September 08, 20",-0.03239
0,2020-09-04,7.27,7.41,7.025,7.05,6.944907,25000.0,25000.0,-0.22,-3.026,7.16167,"September 04, 20",-0.03026
0,2020-09-03,7.14,7.42,7.05,7.2,7.092671,54800.0,54800.0,0.06,0.84,7.22333,"September 03, 20",0.0084
0,2020-09-02,7.4,7.543,7.37,7.43,7.319242,37100.0,37100.0,0.03,0.405,7.44767,"September 02, 20",0.00405
0,2020-09-01,7.49,7.61,7.375,7.4,7.28969,17100.0,17100.0,-0.09,-1.202,7.46167,"September 01, 20",-0.01202
0,2020-08-31,7.65,7.67,7.36,7.5,7.388199,44700.0,44700.0,-0.15,-1.961,7.51,"August 31, 20",-0.01961
0,2020-08-28,7.69,7.995,7.57,7.64,7.526112,22400.0,22400.0,-0.05,-0.65,7.735,"August 28, 20",-0.0065
0,2020-08-27,7.75,8.055,7.65,7.69,7.575366,44900.0,44900.0,-0.06,-0.774,7.79833,"August 27, 20",-0.00774
0,2020-08-26,8.41,8.41,7.77,7.78,7.664025,147200.0,147200.0,-0.63,-7.491,7.98667,"August 26, 20",-0.07491
0,2020-08-25,8.54,8.61,8.429,8.45,8.324038,40800.0,40800.0,-0.09,-1.054,8.49633,"August 25, 20",-0.01054
0,2020-08-24,8.62,8.7,8.49,8.61,8.481652,47300.0,47300.0,-0.01,-0.116,8.6,"August 24, 20",-0.00116
0,2020-08-21,8.65,8.65,8.48,8.6,8.471802,38700.0,38700.0,-0.05,-0.578,8.57667,"August 21, 20",-0.00578
0,2020-08-20,8.46,8.65,8.46,8.63,8.501354,49700.0,49700.0,0.17,2.009,8.58,"August 20, 20",0.02009
0,2020-08-19,8.51,8.59,8.37,8.59,8.46195,47100.0,47100.0,0.08,0.94,8.51667,"August 19, 20",0.0094
0,2020-08-18,8.63,8.63,8.26,8.58,8.4521,53800.0,53800.0,-0.05,-0.579,8.49,"August 18, 20",-0.00579
0,2020-08-17,8.59,8.685,8.53,8.67,8.540758,67600.0,67600.0,0.08,0.931,8.62833,"August 17, 20",0.00931
0,2020-08-14,8.32,8.82,8.296,8.56,8.432398,68300.0,68300.0,0.24,2.885,8.55867,"August 14, 20",0.02885
0,2020-08-13,8.24,8.51,8.24,8.36,8.235378,56300.0,56300.0,0.12,1.456,8.37,"August 13, 20",0.01456
0,2020-08-12,8.13,8.31,8.13,8.31,8.186125,60400.0,60400.0,0.18,2.214,8.25,"August 12, 20",0.02214
0,2020-08-11,8.23,8.27,8.03,8.13,8.008807,50100.0,50100.0,-0.1,-1.215,8.14333,"August 11, 20",-0.01215
0,2020-08-10,8.05,8.23,8.034,8.1,7.979255,41100.0,41100.0,0.05,0.621,8.12133,"August 10, 20",0.00621
0,2020-08-07,7.97,8.11,7.85,8.09,7.969404,56600.0,56600.0,0.12,1.506,8.01667,"August 07, 20",0.01506
0,2020-08-06,7.75,7.95,7.75,7.86,7.742833,34500.0,34500.0,0.11,1.419,7.85333,"August 06, 20",0.01419
0,2020-08-05,7.9,7.92,7.7,7.75,7.634472,23200.0,23200.0,-0.15,-1.899,7.79,"August 05, 20",-0.01899
0,2020-08-04,7.38,7.97,7.19,7.81,7.693578,53600.0,53600.0,0.43,5.827,7.65667,"August 04, 20",0.05827
0,2020-08-03,7.13,7.27,6.98,7.25,7.141925,68200.0,68200.0,0.12,1.683,7.16667,"August 03, 20",0.01683
0,2020-07-31,7.06,7.11,6.91,7.08,6.97446,25900.0,25900.0,0.02,0.283,7.03333,"July 31, 20",0.00283
0,2020-07-30,7.15,7.15,6.97,7.05,6.944907,72400.0,72400.0,-0.1,-1.399,7.05667,"July 30, 20",-0.01399
0,2020-07-29,7.17,7.291,7.12,7.25,7.023715,61600.0,61600.0,0.08,1.116,7.22033,"July 29, 20",0.01116
0,2020-07-28,7.21,7.25,7.01,7.18,6.955899,78500.0,78500.0,-0.03,-0.416,7.14667,"July 28, 20",-0.00416
0,2020-07-27,7.52,7.59,7.25,7.25,7.023715,49200.0,49200.0,-0.27,-3.59,7.36333,"July 27, 20",-0.0359
0,2020-07-24,7.48,7.52,7.4,7.4,7.169033,33500.0,33500.0,-0.08,-1.07,7.44,"July 24, 20",-0.0107
0,2020-07-23,7.31,7.54,7.22,7.54,7.304663,18800.0,18800.0,0.23,3.146,7.43333,"July 23, 20",0.03146
0,2020-07-22,7.41,7.55,7.24,7.31,7.081841,30400.0,30400.0,-0.1,-1.35,7.36667,"July 22, 20",-0.0135
0,2020-07-21,7.14,7.73,7.14,7.51,7.275599,61000.0,61000.0,0.37,5.182,7.46,"July 21, 20",0.05182
0,2020-07-20,7.19,7.235,7.084,7.14,6.917148,21000.0,21000.0,-0.05,-0.695,7.153,"July 20, 20",-0.00695
0,2020-07-17,7.5,7.5,7.21,7.3,7.072154,28500.0,28500.0,-0.2,-2.667,7.33667,"July 17, 20",-0.02667
0,2020-07-16,7.64,7.761,7.086,7.5,7.265912,29000.0,29000.0,-0.14,-1.832,7.449,"July 16, 20",-0.01832
0,2020-07-15,7.01,7.84,7.0,7.71,7.469357,85900.0,85900.0,0.7,9.986,7.51667,"July 15, 20",0.09986
0,2020-07-14,7.07,7.3,6.85,7.01,6.791205,64100.0,64100.0,-0.06,-0.849,7.05333,"July 14, 20",-0.00849
0,2020-07-13,6.75,7.44,6.75,7.25,7.023715,71400.0,71400.0,0.5,7.407,7.14667,"July 13, 20",0.07407
0,2020-07-10,6.48,6.71,6.42,6.65,6.442441,81400.0,81400.0,0.17,2.623,6.59333,"July 10, 20",0.02623
0,2020-07-09,6.54,6.564,6.41,6.54,6.335875,53300.0,53300.0,0.0,0.0,6.50467,"July 09, 20",0.0
0,2020-07-08,6.47,6.63,6.47,6.56,6.35525,53800.0,53800.0,0.09,1.391,6.55333,"July 08, 20",0.01391
0,2020-07-07,6.66,6.66,6.49,6.51,6.306811,53900.0,53900.0,-0.15,-2.252,6.55333,"July 07, 20",-0.02252
0,2020-07-06,6.6,6.69,6.4,6.67,6.461817,60900.0,60900.0,0.07,1.061,6.58667,"July 06, 20",0.01061
0,2020-07-02,6.8,6.92,6.5,6.52,6.316499,34200.0,34200.0,-0.28,-4.118,6.64667,"July 02, 20",-0.04118
0,2020-07-01,6.68,6.8,6.49,6.72,6.510256,42400.0,42400.0,0.04,0.599,6.67,"July 01, 20",0.00599
0,2020-06-30,6.63,6.695,6.42,6.68,6.471505,46500.0,46500.0,0.05,0.754,6.59833,"June 30, 20",0.00754
0,2020-06-29,6.52,6.89,6.48,6.73,6.519945,70800.0,70800.0,0.21,3.221,6.7,"June 29, 20",0.03221
0,2020-06-26,6.4,6.48,6.26,6.44,6.238996,42000.0,42000.0,0.04,0.625,6.39333,"June 26, 20",0.00625
0,2020-06-25,6.39,6.68,6.34,6.55,6.345563,26600.0,26600.0,0.16,2.504,6.52333,"June 25, 20",0.02504
0,2020-06-24,6.7,6.82,6.42,6.45,6.248683,78400.0,78400.0,-0.25,-3.731,6.56333,"June 24, 20",-0.03731
0,2020-06-23,6.89,6.962,6.75,6.82,6.607136,29100.0,29100.0,-0.07,-1.016,6.844,"June 23, 20",-0.01016
0,2020-06-22,7.02,7.169,6.85,6.86,6.645887,42700.0,42700.0,-0.16,-2.279,6.95967,"June 22, 20",-0.02279
0,2020-06-19,6.98,7.13,6.83,6.94,6.72339,59900.0,59900.0,-0.04,-0.573,6.96667,"June 19, 20",-0.00573
0,2020-06-18,6.88,7.15,6.692,6.9,6.684639,40100.0,40100.0,0.02,0.291,6.914,"June 18, 20",0.00291
0,2020-06-17,7.25,7.46,6.94,7.02,6.800893,59200.0,59200.0,-0.23,-3.172,7.14,"June 17, 20",-0.03172
0,2020-06-16,7.39,7.42,6.962,7.25,7.023715,123300.0,123300.0,-0.14,-1.894,7.21067,"June 16, 20",-0.01894
0,2020-06-15,6.12,7.27,6.11,7.08,6.85902,113100.0,113100.0,0.96,15.686,6.82,"June 15, 20",0.15686
0,2020-06-12,6.62,7.2,6.57,6.61,6.40369,112600.0,112600.0,-0.01,-0.151,6.79333,"June 12, 20",-0.00151
0,2020-06-11,6.98,7.4,6.11,6.45,6.248683,702400.0,702400.0,-0.53,-7.593,6.65333,"June 11, 20",-0.07593
0,2020-06-10,7.81,8.03,7.52,7.7,7.459669,68400.0,68400.0,-0.11,-1.408,7.75,"June 10, 20",-0.01408
0,2020-06-09,8.32,8.32,7.83,8.03,7.779369,114400.0,114400.0,-0.29,-3.486,8.06,"June 09, 20",-0.03486
0,2020-06-08,9.48,9.878,8.3,8.34,8.079694,228300.0,228300.0,-1.14,-12.025,8.83933,"June 08, 20",-0.12025
0,2020-06-05,7.39,8.99,7.39,8.8,8.525335,433100.0,433100.0,1.41,19.08,8.39333,"June 05, 20",0.1908
0,2020-06-04,7.19,7.53,7.016,7.35,7.120593,71700.0,71700.0,0.16,2.225,7.29867,"June 04, 20",0.02225
0,2020-06-03,6.65,7.21,6.598,7.185,6.960743,102500.0,102500.0,0.535,8.045,6.99767,"June 03, 20",0.08045
0,2020-06-02,6.51,6.87,6.34,6.65,6.442441,74400.0,74400.0,0.14,2.151,6.62,"June 02, 20",0.02151
0,2020-06-01,6.61,6.65,6.45,6.45,6.248683,30100.0,30100.0,-0.16,-2.421,6.51667,"June 01, 20",-0.02421
0,2020-05-29,6.2,6.8,6.2,6.61,6.40369,58600.0,58600.0,0.41,6.613,6.53667,"May 29, 20",0.06613
0,2020-05-28,7.1,7.312,6.25,6.25,6.054926,201000.0,201000.0,-0.85,-11.972,6.604,"May 28, 20",-0.11972
0,2020-05-27,6.48,7.1,6.45,7.1,6.878396,96500.0,96500.0,0.62,9.568,6.88333,"May 27, 20",0.09568
0,2020-05-26,6.16,6.8,6.16,6.35,6.151805,71200.0,71200.0,0.19,3.084,6.43667,"May 26, 20",0.03084
0,2020-05-22,6.12,6.35,6.01,6.18,5.987111,98000.0,98000.0,0.06,0.98,6.18,"May 22, 20",0.0098
0,2020-05-21,6.07,6.26,6.021,6.18,5.987111,37700.0,37700.0,0.11,1.812,6.15367,"May 21, 20",0.01812
0,2020-05-20,5.51,6.31,5.51,6.12,5.928984,122100.0,122100.0,0.61,11.071,5.98,"May 20, 20",0.11071
0,2020-05-19,5.09,5.75,5.06,5.66,5.483341,96200.0,96200.0,0.57,11.198,5.49,"May 19, 20",0.11198
0,2020-05-18,5.01,5.39,5.01,5.18,5.018322,91500.0,91500.0,0.17,3.393,5.19333,"May 18, 20",0.03393
0,2020-05-15,4.84,5.08,4.78,4.81,4.659871,56400.0,56400.0,-0.03,-0.62,4.89,"May 15, 20",-0.0062
0,2020-05-14,4.98,5.04,4.77,4.93,4.776125,73200.0,73200.0,-0.05,-1.004,4.91333,"May 14, 20",-0.01004
0,2020-05-13,5.0,5.19,4.85,5.01,4.853629,118100.0,118100.0,0.01,0.2,5.01667,"May 13, 20",0.002
0,2020-05-12,5.27,5.4,5.05,5.05,4.892381,29400.0,29400.0,-0.22,-4.175,5.16667,"May 12, 20",-0.04175
0,2020-05-11,5.4,5.48,5.265,5.29,5.124889,41600.0,41600.0,-0.11,-2.037,5.345,"May 11, 20",-0.02037
0,2020-05-08,5.49,5.59,5.45,5.51,5.338023,53700.0,53700.0,0.02,0.364,5.51667,"May 08, 20",0.00364
0,2020-05-07,5.45,5.45,5.33,5.41,5.241144,92500.0,92500.0,-0.04,-0.734,5.39667,"May 07, 20",-0.00734
0,2020-05-06,5.6,5.62,5.281,5.37,5.202392,56500.0,56500.0,-0.23,-4.107,5.42367,"May 06, 20",-0.04107
0,2020-05-05,5.25,5.65,5.25,5.48,5.308959,109500.0,109500.0,0.23,4.381,5.46,"May 05, 20",0.04381
0,2020-05-04,4.9,5.46,4.81,5.43,5.26052,181600.0,181600.0,0.53,10.816,5.23333,"May 04, 20",0.10816
0,2020-05-01,5.3,5.3,4.67,4.839,4.687966,148100.0,148100.0,-0.461,-8.698,4.93633,"May 01, 20",-0.08698
0,2020-04-30,5.76,5.76,5.1,5.33,5.163641,142300.0,142300.0,-0.43,-7.465,5.39667,"April 30, 20",-0.07465
0,2020-04-29,5.2,5.789,5.15,5.68,5.386462,192900.0,192900.0,0.48,9.231,5.53967,"April 29, 20",0.09231
0,2020-04-28,4.719,5.067,4.7,5.04,4.779537,77200.0,77200.0,0.321,6.802,4.93567,"April 28, 20",0.06802
0,2020-04-27,4.61,4.72,4.51,4.71,4.466591,96800.0,96800.0,0.1,2.169,4.64667,"April 27, 20",0.02169
0,2020-04-24,4.56,4.7,4.43,4.59,4.352792,66400.0,66400.0,0.03,0.658,4.57333,"April 24, 20",0.00658
0,2020-04-23,4.52,4.65,4.47,4.47,4.238994,107700.0,107700.0,-0.05,-1.106,4.53,"April 23, 20",-0.01106
0,2020-04-22,4.52,4.578,4.38,4.51,4.276927,108700.0,108700.0,-0.01,-0.221,4.48933,"April 22, 20",-0.00221
0,2020-04-21,4.4,4.64,4.4,4.5,4.267444,99400.0,99400.0,0.1,2.273,4.51333,"April 21, 20",0.02273
0,2020-04-20,4.87,4.87,4.26,4.55,4.31486,353000.0,353000.0,-0.32,-6.571,4.56,"April 20, 20",-0.06571
0,2020-04-17,5.57,5.57,4.77,5.0,4.741604,421400.0,421400.0,-0.57,-10.233,5.11333,"April 17, 20",-0.10233
0,2020-04-16,4.91,5.6,4.85,5.57,5.282147,75400.0,75400.0,0.66,13.442,5.34,"April 16, 20",0.13442
0,2020-04-15,5.11,5.2,4.7,4.85,4.599356,196900.0,196900.0,-0.26,-5.088,4.91667,"April 15, 20",-0.05088
0,2020-04-14,5.15,5.6,5.15,5.2,4.931268,142800.0,142800.0,0.05,0.971,5.31667,"April 14, 20",0.00971
0,2020-04-13,5.1,5.245,4.92,5.14,4.874369,94600.0,94600.0,0.04,0.784,5.10167,"April 13, 20",0.00784
0,2020-04-09,5.07,5.43,4.77,4.98,4.722638,144200.0,144200.0,-0.09,-1.775,5.06,"April 09, 20",-0.01775
0,2020-04-08,4.96,5.32,4.84,4.98,4.722638,132900.0,132900.0,0.02,0.403,5.04667,"April 08, 20",0.00403
0,2020-04-07,5.5,5.58,5.12,5.12,4.855402,130600.0,130600.0,-0.38,-6.909,5.27333,"April 07, 20",-0.06909
0,2020-04-06,5.51,5.82,5.5,5.5,5.215765,76300.0,76300.0,-0.01,-0.181,5.60667,"April 06, 20",-0.00181
0,2020-04-03,6.0,6.11,5.36,5.5,5.215765,48200.0,48200.0,-0.5,-8.333,5.65667,"April 03, 20",-0.08333
0,2020-04-02,6.0,6.24,6.0,6.02,5.708891,60300.0,60300.0,0.02,0.333,6.08667,"April 02, 20",0.00333
0,2020-04-01,6.15,6.481,5.97,6.13,5.813207,63200.0,63200.0,-0.02,-0.325,6.19367,"April 01, 20",-0.00325
0,2020-03-31,6.48,7.17,6.0,6.64,6.29685,138600.0,138600.0,0.16,2.469,6.60333,"March 31, 20",0.02469
0,2020-03-30,7.57,8.476,6.11,6.48,6.145119,96800.0,96800.0,-1.09,-14.399,7.022,"March 30, 20",-0.14399
0,2020-03-27,5.64,7.49,5.3,7.1,6.733078,229600.0,229600.0,1.46,25.887,6.63,"March 27, 20",0.25887
0,2020-03-26,5.0,5.72,4.8,5.32,5.045067,136000.0,136000.0,0.32,6.4,5.28,"March 26, 20",0.064
0,2020-03-25,5.22,5.45,4.79,4.98,4.722638,197400.0,197400.0,-0.24,-4.598,5.07333,"March 25, 20",-0.04598
0,2020-03-24,3.92,5.53,3.83,4.97,4.713154,350700.0,350700.0,1.05,26.786,4.77667,"March 24, 20",0.26786
0,2020-03-23,3.85,4.133,3.5,3.63,3.442405,112600.0,112600.0,-0.22,-5.714,3.75433,"March 23, 20",-0.05714
0,2020-03-20,4.42,4.78,3.8,3.81,3.613102,339100.0,339100.0,-0.61,-13.801,4.13,"March 20, 20",-0.13801
0,2020-03-19,3.6,4.79,3.6,4.15,3.935531,158900.0,158900.0,0.55,15.278,4.18,"March 19, 20",0.15278
0,2020-03-18,6.35,6.55,3.47,3.58,3.394988,206000.0,206000.0,-2.77,-43.622,4.53333,"March 18, 20",-0.43622
0,2020-03-17,7.48,7.871,6.44,6.55,6.211502,90200.0,90200.0,-0.93,-12.433,6.95367,"March 17, 20",-0.12433
0,2020-03-16,8.7,8.941,7.5,7.5,7.112406,69000.0,69000.0,-1.2,-13.793,7.98033,"March 16, 20",-0.13793
0,2020-03-13,9.29,9.834,8.88,9.61,9.113363,86700.0,86700.0,0.32,3.445,9.44133,"March 13, 20",0.03445
0,2020-03-12,9.47,9.88,8.5,8.98,8.515921,98700.0,98700.0,-0.49,-5.174,9.12,"March 12, 20",-0.05174
0,2020-03-11,11.18,11.25,9.77,10.1,9.578041,70700.0,70700.0,-1.08,-9.66,10.37333,"March 11, 20",-0.0966
0,2020-03-10,11.0,11.65,10.46,11.53,10.934139,83400.0,83400.0,0.53,4.818,11.21333,"March 10, 20",0.04818
0,2020-03-09,12.18,12.25,10.0,10.55,10.004785,308800.0,308800.0,-1.63,-13.383,10.93333,"March 09, 20",-0.13383
0,2020-03-06,13.5,13.545,13.35,13.48,12.783364,56500.0,56500.0,-0.02,-0.148,13.45833,"March 06, 20",-0.00148
0,2020-03-05,13.95,14.01,13.64,13.65,12.944579,63700.0,63700.0,-0.3,-2.151,13.76667,"March 05, 20",-0.02151
0,2020-03-04,14.09,14.15,13.77,13.96,13.238559,97700.0,97700.0,-0.13,-0.923,13.96,"March 04, 20",-0.00923
0,2020-03-03,13.58,14.471,13.081,14.06,13.333392,320400.0,320400.0,0.48,3.535,13.87067,"March 03, 20",0.03535
0,2020-03-02,13.59,13.77,13.445,13.54,12.840263,48400.0,48400.0,-0.05,-0.368,13.585,"March 02, 20",-0.00368
0,2020-02-28,13.32,13.66,13.14,13.66,12.954062,148100.0,148100.0,0.34,2.553,13.48667,"February 28, 20",0.02553
0,2020-02-27,13.6,13.7,13.31,13.56,12.859231,115800.0,115800.0,-0.04,-0.294,13.52333,"February 27, 20",-0.00294
0,2020-02-26,13.75,13.83,13.6,13.6,12.897164,72100.0,72100.0,-0.15,-1.091,13.67667,"February 26, 20",-0.01091
0,2020-02-25,13.87,13.917,13.74,13.75,13.039412,73100.0,73100.0,-0.12,-0.865,13.80233,"February 25, 20",-0.00865
0,2020-02-24,14.0,14.0,13.883,13.89,13.172177,53400.0,53400.0,-0.11,-0.786,13.92433,"February 24, 20",-0.00786
0,2020-02-21,14.0,14.029,13.95,14.0,13.276492,21500.0,21500.0,0.0,0.0,13.993,"February 21, 20",0.0
0,2020-02-20,14.05,14.09,13.95,14.01,13.285975,39200.0,39200.0,-0.04,-0.285,14.01667,"February 20, 20",-0.00285
0,2020-02-19,14.31,14.31,13.98,14.02,13.295459,61400.0,61400.0,-0.29,-2.027,14.10333,"February 19, 20",-0.02027
0,2020-02-18,14.0,14.12,14.0,14.08,13.352358,16500.0,16500.0,0.08,0.571,14.06667,"February 18, 20",0.00571
0,2020-02-14,14.08,14.095,13.96,14.0,13.276492,42900.0,42900.0,-0.08,-0.568,14.01833,"February 14, 20",-0.00568
0,2020-02-13,14.02,14.11,14.01,14.08,13.352358,41100.0,41100.0,0.06,0.428,14.06667,"February 13, 20",0.00428
0,2020-02-12,14.02,14.1,14.01,14.03,13.30494,43500.0,43500.0,0.01,0.071,14.04667,"February 12, 20",0.00071
0,2020-02-11,14.3,14.3,14.003,14.1,13.371325,46300.0,46300.0,-0.2,-1.399,14.13433,"February 11, 20",-0.01399
0,2020-02-10,14.06,14.26,14.01,14.2,13.466155,69800.0,69800.0,0.14,0.996,14.15667,"February 10, 20",0.00996
0,2020-02-07,14.22,14.36,14.14,14.2,13.466155,99800.0,99800.0,-0.02,-0.141,14.23333,"February 07, 20",-0.00141
0,2020-02-06,14.05,14.18,14.05,14.15,13.41874,37700.0,37700.0,0.1,0.712,14.12667,"February 06, 20",0.00712
0,2020-02-05,14.07,14.2,14.02,14.12,13.39029,24800.0,24800.0,0.05,0.355,14.11333,"February 05, 20",0.00355
0,2020-02-04,14.07,14.275,13.945,14.0,13.276492,41800.0,41800.0,-0.07,-0.498,14.07333,"February 04, 20",-0.00498
0,2020-02-03,14.12,14.3,14.06,14.07,13.342874,52300.0,52300.0,-0.05,-0.354,14.14333,"February 03, 20",-0.00354
0,2020-01-31,14.09,14.28,13.72,14.24,13.504088,104800.0,104800.0,0.15,1.065,14.08,"January 31, 20",0.01065
0,2020-01-30,14.18,14.18,14.02,14.04,13.314425,86600.0,86600.0,-0.14,-0.987,14.08,"January 30, 20",-0.00987
0,2020-01-29,14.68,14.79,14.51,14.67,13.461413,107700.0,107700.0,-0.01,-0.068,14.65667,"January 29, 20",-0.00068
0,2020-01-28,14.7,14.7,14.59,14.65,13.443062,68300.0,68300.0,-0.05,-0.34,14.64667,"January 28, 20",-0.0034
0,2020-01-27,14.65,14.77,14.65,14.74,13.525647,79600.0,79600.0,0.09,0.614,14.72,"January 27, 20",0.00614
0,2020-01-24,14.73,14.74,14.6,14.7,13.488943,49500.0,49500.0,-0.03,-0.204,14.68,"January 24, 20",-0.00204
0,2020-01-23,14.75,14.79,14.62,14.62,13.415533,55200.0,55200.0,-0.13,-0.881,14.67667,"January 23, 20",-0.00881
0,2020-01-22,14.77,14.78,14.66,14.78,13.562351,64800.0,64800.0,0.01,0.068,14.74,"January 22, 20",0.00068
0,2020-01-21,14.72,14.81,14.61,14.72,13.507295,70100.0,70100.0,0.0,0.0,14.71333,"January 21, 20",0.0
0,2020-01-17,14.65,14.79,14.55,14.7,13.488943,60300.0,60300.0,0.05,0.341,14.68,"January 17, 20",0.00341
0,2020-01-16,14.64,14.71,14.6,14.62,13.415533,40600.0,40600.0,-0.02,-0.137,14.64333,"January 16, 20",-0.00137
0,2020-01-15,14.65,14.65,14.55,14.61,13.406358,19400.0,19400.0,-0.04,-0.273,14.60333,"January 15, 20",-0.00273
0,2020-01-14,14.48,14.63,14.48,14.63,13.42471,53400.0,53400.0,0.15,1.036,14.58,"January 14, 20",0.01036
0,2020-01-13,14.54,14.6,14.45,14.57,13.369652,33000.0,33000.0,0.03,0.206,14.54,"January 13, 20",0.00206
0,2020-01-10,14.37,14.49,14.31,14.49,13.296243,28900.0,28900.0,0.12,0.835,14.43,"January 10, 20",0.00835
0,2020-01-09,14.43,14.45,14.27,14.41,13.222833,31800.0,31800.0,-0.02,-0.139,14.37667,"January 09, 20",-0.00139
0,2020-01-08,14.36,14.42,14.21,14.41,13.222833,40800.0,40800.0,0.05,0.348,14.34667,"January 08, 20",0.00348
0,2020-01-07,14.45,14.455,14.35,14.42,13.23201,21900.0,21900.0,-0.03,-0.208,14.40833,"January 07, 20",-0.00208
0,2020-01-06,14.45,14.45,14.35,14.44,13.250362,51900.0,51900.0,-0.01,-0.069,14.41333,"January 06, 20",-0.00069
0,2020-01-03,14.0,14.3,13.95,14.28,13.103543,38300.0,38300.0,0.28,2.0,14.17667,"January 03, 20",0.02
0,2020-01-02,14.02,14.17,13.78,14.0,12.846612,43300.0,43300.0,-0.02,-0.143,13.98333,"January 02, 20",-0.00143
0,2019-12-31,13.81,14.0,13.72,13.82,12.681441,546200.0,546200.0,0.01,0.072,13.84667,"December 31, 19",0.00072
0,2019-12-30,14.04,14.127,13.8,13.83,12.690617,96000.0,96000.0,-0.21,-1.496,13.919,"December 30, 19",-0.01496
0,2019-12-27,14.03,14.075,13.9,13.98,12.828259,61800.0,61800.0,-0.05,-0.356,13.985,"December 27, 19",-0.00356
0,2019-12-26,14.14,14.14,13.95,13.97,12.819085,42100.0,42100.0,-0.17,-1.202,14.02,"December 26, 19",-0.01202
0,2019-12-24,13.96,14.089,13.952,14.05,12.892492,12600.0,12600.0,0.09,0.645,14.03033,"December 24, 19",0.00645
0,2019-12-23,13.85,13.98,13.8,13.91,12.764027,45800.0,45800.0,0.06,0.433,13.89667,"December 23, 19",0.00433
0,2019-12-20,13.95,14.12,13.91,13.91,12.764027,42400.0,42400.0,-0.04,-0.287,13.98,"December 20, 19",-0.00287
0,2019-12-19,14.01,14.08,13.93,14.01,12.855787,29000.0,29000.0,0.0,0.0,14.00667,"December 19, 19",0.0
0,2019-12-18,14.38,14.38,14.01,14.01,12.855787,56500.0,56500.0,-0.37,-2.573,14.13333,"December 18, 19",-0.02573
0,2019-12-17,14.09,14.48,14.09,14.41,13.222833,87100.0,87100.0,0.32,2.271,14.32667,"December 17, 19",0.02271
0,2019-12-16,13.81,14.208,13.81,14.15,12.984254,67300.0,67300.0,0.34,2.462,14.056,"December 16, 19",0.02462
0,2019-12-13,13.87,13.973,13.68,13.76,12.626384,61700.0,61700.0,-0.11,-0.793,13.80433,"December 13, 19",-0.00793
0,2019-12-12,14.02,14.14,13.889,13.95,12.800731,55900.0,55900.0,-0.07,-0.499,13.993,"December 12, 19",-0.00499
0,2019-12-11,13.96,14.14,13.745,14.14,12.975078,62800.0,62800.0,0.18,1.289,14.00833,"December 11, 19",0.01289
0,2019-12-10,13.87,14.1,13.77,13.96,12.809907,93600.0,93600.0,0.09,0.649,13.94333,"December 10, 19",0.00649
0,2019-12-09,13.67,13.9,13.6,13.9,12.75485,67200.0,67200.0,0.23,1.683,13.8,"December 09, 19",0.01683
0,2019-12-06,13.7,13.74,13.56,13.65,12.525447,78800.0,78800.0,-0.05,-0.365,13.65,"December 06, 19",-0.00365
0,2019-12-05,13.466,13.7,13.36,13.7,12.571327,53800.0,53800.0,0.234,1.738,13.58667,"December 05, 19",0.01738
0,2019-12-04,13.52,13.6,13.36,13.46,12.3511,26800.0,26800.0,-0.06,-0.444,13.47333,"December 04, 19",-0.00444
0,2019-12-03,13.49,13.69,13.42,13.52,12.406157,36500.0,36500.0,0.03,0.222,13.54333,"December 03, 19",0.00222
0,2019-12-02,13.41,13.55,13.41,13.48,12.369452,29200.0,29200.0,0.07,0.522,13.48,"December 02, 19",0.00522
0,2019-11-29,13.39,13.463,13.364,13.45,12.341924,21900.0,21900.0,0.06,0.448,13.42567,"November 29, 19",0.00448
0,2019-11-27,13.56,13.596,13.46,13.57,12.452037,14900.0,14900.0,0.01,0.074,13.542,"November 27, 19",0.00074
0,2019-11-26,13.538,13.69,13.49,13.63,12.507094,14700.0,14700.0,0.092,0.68,13.60333,"November 26, 19",0.0068
0,2019-11-25,13.55,13.73,13.48,13.53,12.415333,22100.0,22100.0,-0.02,-0.148,13.58,"November 25, 19",-0.00148
0,2019-11-22,13.47,13.74,13.47,13.73,12.598855,14900.0,14900.0,0.26,1.93,13.64667,"November 22, 19",0.0193
0,2019-11-21,13.575,13.675,13.44,13.48,12.369452,16000.0,16000.0,-0.095,-0.7,13.53167,"November 21, 19",-0.007
0,2019-11-20,13.25,13.49,13.25,13.37,12.268514,31700.0,31700.0,0.12,0.906,13.37,"November 20, 19",0.00906
0,2019-11-19,13.15,13.33,13.15,13.27,12.176754,25800.0,25800.0,0.12,0.913,13.25,"November 19, 19",0.00913
0,2019-11-18,13.35,13.38,13.21,13.28,12.185928,51800.0,51800.0,-0.07,-0.524,13.29,"November 18, 19",-0.00524
0,2019-11-15,13.37,13.42,13.3,13.38,12.27769,21700.0,21700.0,0.01,0.075,13.36667,"November 15, 19",0.00075
0,2019-11-14,13.6,13.65,13.19,13.38,12.27769,66900.0,66900.0,-0.22,-1.618,13.40667,"November 14, 19",-0.01618
0,2019-11-13,13.56,13.66,13.53,13.56,12.442861,19000.0,19000.0,0.0,0.0,13.58333,"November 13, 19",0.0
0,2019-11-12,13.9,13.9,13.514,13.59,12.470389,22900.0,22900.0,-0.31,-2.23,13.668,"November 12, 19",-0.0223
0,2019-11-11,13.99,13.99,13.8,13.88,12.736498,23000.0,23000.0,-0.11,-0.786,13.89,"November 11, 19",-0.00786
0,2019-11-08,14.05,14.05,13.78,14.0,12.846612,31900.0,31900.0,-0.05,-0.356,13.94333,"November 08, 19",-0.00356
0,2019-11-07,14.0,14.0,13.82,14.0,12.846612,32800.0,32800.0,0.0,0.0,13.94,"November 07, 19",0.0
0,2019-11-06,13.5,13.94,13.5,13.94,12.791553,42200.0,42200.0,0.44,3.259,13.79333,"November 06, 19",0.03259
0,2019-11-05,13.9,13.9,13.58,13.75,12.617208,29500.0,29500.0,-0.15,-1.079,13.74333,"November 05, 19",-0.01079
0,2019-11-04,13.57,13.85,13.51,13.85,12.70897,30200.0,30200.0,0.28,2.063,13.73667,"November 04, 19",0.02063
0,2019-11-01,13.625,13.625,13.49,13.5,12.387803,16600.0,16600.0,-0.125,-0.917,13.53833,"November 01, 19",-0.00917
0,2019-10-31,13.7,13.78,13.458,13.56,12.442861,31600.0,31600.0,-0.14,-1.022,13.59933,"October 31, 19",-0.01022
0,2019-10-30,14.3,14.3,13.87,14.15,12.548387,76900.0,76900.0,-0.15,-1.049,14.10667,"October 30, 19",-0.01049
0,2019-10-29,14.34,14.34,14.192,14.27,12.654804,53600.0,53600.0,-0.07,-0.488,14.26733,"October 29, 19",-0.00488
0,2019-10-28,14.34,14.34,14.11,14.22,12.610463,84600.0,84600.0,-0.12,-0.837,14.22333,"October 28, 19",-0.00837
0,2019-10-25,14.0,14.11,13.97,14.08,12.486311,30700.0,30700.0,0.08,0.571,14.05333,"October 25, 19",0.00571
0,2019-10-24,13.92,14.0,13.87,13.98,12.397628,25800.0,25800.0,0.06,0.431,13.95,"October 24, 19",0.00431
0,2019-10-23,13.68,13.96,13.68,13.96,12.379891,22900.0,22900.0,0.28,2.047,13.86667,"October 23, 19",0.02047
0,2019-10-22,13.67,13.86,13.53,13.71,12.158189,56800.0,56800.0,0.04,0.293,13.7,"October 22, 19",0.00293
0,2019-10-21,13.57,13.638,13.5,13.52,11.989696,23200.0,23200.0,-0.05,-0.368,13.55267,"October 21, 19",-0.00368
0,2019-10-18,13.34,13.564,13.34,13.5,11.971958,28900.0,28900.0,0.16,1.199,13.468,"October 18, 19",0.01199
0,2019-10-17,13.41,13.429,13.19,13.28,11.776861,19500.0,19500.0,-0.13,-0.969,13.29967,"October 17, 19",-0.00969
0,2019-10-16,13.315,13.44,13.16,13.44,11.918752,18600.0,18600.0,0.125,0.939,13.34667,"October 16, 19",0.00939
0,2019-10-15,13.21,13.41,13.21,13.32,11.812332,27400.0,27400.0,0.11,0.833,13.31333,"October 15, 19",0.00833
0,2019-10-14,13.34,13.445,13.22,13.25,11.750256,21100.0,21100.0,-0.09,-0.675,13.305,"October 14, 19",-0.00675
0,2019-10-11,13.06,13.39,13.06,13.22,11.723652,29900.0,29900.0,0.16,1.225,13.22333,"October 11, 19",0.01225
0,2019-10-10,13.05,13.292,13.05,13.05,11.572893,42400.0,42400.0,0.0,0.0,13.13067,"October 10, 19",0.0
0,2019-10-09,13.2,13.339,13.01,13.1,11.617235,37700.0,37700.0,-0.1,-0.758,13.14967,"October 09, 19",-0.00758
0,2019-10-08,13.54,13.55,13.07,13.19,11.697046,34200.0,34200.0,-0.35,-2.585,13.27,"October 08, 19",-0.02585
0,2019-10-07,13.45,13.55,13.41,13.41,11.892145,30300.0,30300.0,-0.04,-0.297,13.45667,"October 07, 19",-0.00297
0,2019-10-04,13.38,13.45,13.38,13.434,11.913429,10900.0,10900.0,0.054,0.404,13.42133,"October 04, 19",0.00404
0,2019-10-03,13.4,13.45,13.313,13.43,11.909882,23800.0,23800.0,0.03,0.224,13.39767,"October 03, 19",0.00224
0,2019-10-02,13.27,13.45,13.16,13.45,11.927618,40200.0,40200.0,0.18,1.356,13.35333,"October 02, 19",0.01356
0,2019-10-01,13.28,13.383,13.188,13.34,11.83007,33100.0,33100.0,0.06,0.452,13.30367,"October 01, 19",0.00452
0,2019-09-30,13.28,13.28,13.161,13.28,11.776861,37100.0,37100.0,0.0,0.0,13.24033,"September 30, 19",0.0
0,2019-09-27,13.27,13.28,13.07,13.28,11.776861,25800.0,25800.0,0.01,0.075,13.21,"September 27, 19",0.00075
0,2019-09-26,13.1,13.26,13.1,13.2,11.705915,17500.0,17500.0,0.1,0.763,13.18667,"September 26, 19",0.00763
0,2019-09-25,13.12,13.167,13.05,13.1,11.617235,56400.0,56400.0,-0.02,-0.152,13.10567,"September 25, 19",-0.00152
0,2019-09-24,13.22,13.256,13.09,13.12,11.63497,24100.0,24100.0,-0.1,-0.756,13.15533,"September 24, 19",-0.00756
0,2019-09-23,13.15,13.26,13.08,13.21,11.714784,26200.0,26200.0,0.06,0.456,13.18333,"September 23, 19",0.00456
0,2019-09-20,13.23,13.23,13.05,13.15,11.661574,112200.0,112200.0,-0.08,-0.605,13.14333,"September 20, 19",-0.00605
0,2019-09-19,13.253,13.28,13.15,13.23,11.73252,31200.0,31200.0,-0.023,-0.174,13.22,"September 19, 19",-0.00174
0,2019-09-18,13.116,13.28,13.11,13.11,11.626101,19800.0,19800.0,-0.006,-0.046,13.16667,"September 18, 19",-0.00046
0,2019-09-17,13.05,13.25,13.05,13.22,11.723652,42000.0,42000.0,0.17,1.303,13.17333,"September 17, 19",0.01303
0,2019-09-16,13.16,13.25,13.05,13.12,11.63497,64000.0,64000.0,-0.04,-0.304,13.14,"September 16, 19",-0.00304
0,2019-09-13,13.03,13.28,13.03,13.25,11.750256,36800.0,36800.0,0.22,1.688,13.18667,"September 13, 19",0.01688
0,2019-09-12,13.07,13.181,13.0,13.0,11.528553,22300.0,22300.0,-0.07,-0.536,13.06033,"September 12, 19",-0.00536
0,2019-09-11,13.0,13.16,13.0,13.01,11.537421,43200.0,43200.0,0.01,0.077,13.05667,"September 11, 19",0.00077
0,2019-09-10,12.95,13.12,12.91,12.99,11.519686,63200.0,63200.0,0.04,0.309,13.00667,"September 10, 19",0.00309
0,2019-09-09,12.85,13.08,12.85,12.96,11.49308,28000.0,28000.0,0.11,0.856,12.96333,"September 09, 19",0.00856
0,2019-09-06,13.04,13.108,12.8,12.8,11.351191,28800.0,28800.0,-0.24,-1.84,12.90267,"September 06, 19",-0.0184
0,2019-09-05,13.21,13.21,13.03,13.03,11.555157,14400.0,14400.0,-0.18,-1.363,13.09,"September 05, 19",-0.01363
0,2019-09-04,13.45,13.45,12.975,13.32,11.812332,39200.0,39200.0,-0.13,-0.967,13.24833,"September 04, 19",-0.00967
0,2019-09-03,13.0,13.07,12.903,13.01,11.537421,18100.0,18100.0,0.01,0.077,12.99433,"September 03, 19",0.00077
0,2019-08-30,13.2,13.2,12.9,12.93,11.466476,25300.0,25300.0,-0.27,-2.045,13.01,"August 30, 19",-0.02045
0,2019-08-29,13.03,13.24,12.86,13.24,11.741387,31500.0,31500.0,0.21,1.612,13.11333,"August 29, 19",0.01612
0,2019-08-28,12.93,13.08,12.93,12.98,11.510816,23400.0,23400.0,0.05,0.387,12.99667,"August 28, 19",0.00387
0,2019-08-27,12.97,13.08,12.9,12.9,11.439872,27300.0,27300.0,-0.07,-0.54,12.96,"August 27, 19",-0.0054
0,2019-08-26,13.15,13.167,12.96,13.08,11.599498,13600.0,13600.0,-0.07,-0.532,13.069,"August 26, 19",-0.00532
0,2019-08-23,13.0,13.15,13.0,13.12,11.63497,15100.0,15100.0,0.12,0.923,13.09,"August 23, 19",0.00923
0,2019-08-22,13.12,13.27,13.01,13.06,11.581763,50600.0,50600.0,-0.06,-0.457,13.11333,"August 22, 19",-0.00457
0,2019-08-21,13.42,13.5,13.11,13.15,11.661574,28400.0,28400.0,-0.27,-2.012,13.25333,"August 21, 19",-0.02012
0,2019-08-20,13.31,13.43,13.16,13.43,11.909882,22000.0,22000.0,0.12,0.902,13.34,"August 20, 19",0.00902
0,2019-08-19,13.45,13.45,13.04,13.22,11.723652,49000.0,49000.0,-0.23,-1.71,13.23667,"August 19, 19",-0.0171
0,2019-08-16,13.11,13.39,13.11,13.39,11.87441,29100.0,29100.0,0.28,2.136,13.29667,"August 16, 19",0.02136
0,2019-08-15,13.34,13.405,13.03,13.15,11.661574,25100.0,25100.0,-0.19,-1.424,13.195,"August 15, 19",-0.01424
0,2019-08-14,13.05,13.47,12.97,13.47,11.945354,49900.0,49900.0,0.42,3.218,13.30333,"August 14, 19",0.03218
0,2019-08-13,13.13,13.155,12.76,13.12,11.63497,40300.0,40300.0,-0.01,-0.076,13.01167,"August 13, 19",-0.00076
0,2019-08-12,13.14,13.4,13.04,13.04,11.564025,37500.0,37500.0,-0.1,-0.761,13.16,"August 12, 19",-0.00761
0,2019-08-09,13.23,13.97,13.18,13.38,11.865542,44200.0,44200.0,0.15,1.134,13.51,"August 09, 19",0.01134
0,2019-08-08,13.44,13.44,12.95,13.13,11.643839,31700.0,31700.0,-0.31,-2.307,13.17333,"August 08, 19",-0.02307
0,2019-08-07,13.44,13.595,12.9,13.29,11.785728,33100.0,33100.0,-0.15,-1.116,13.26167,"August 07, 19",-0.01116
0,2019-08-06,12.7,13.75,12.7,13.75,12.193662,43100.0,43100.0,1.05,8.268,13.4,"August 06, 19",0.08268
0,2019-08-05,13.1,13.287,12.53,12.65,11.218169,64000.0,64000.0,-0.45,-3.435,12.82233,"August 05, 19",-0.03435
0,2019-08-02,13.24,13.358,13.05,13.05,11.572893,59800.0,59800.0,-0.19,-1.435,13.15267,"August 02, 19",-0.01435
0,2019-08-01,14.14,14.14,13.196,13.35,11.838937,106700.0,106700.0,-0.79,-5.587,13.562,"August 01, 19",-0.05587
0,2019-07-31,14.43,14.48,14.37,14.45,12.393194,130500.0,130500.0,0.02,0.139,14.43333,"July 31, 19",0.00139
0,2019-07-30,14.29,14.42,14.29,14.39,12.341735,21100.0,21100.0,0.1,0.7,14.36667,"July 30, 19",0.007
0,2019-07-29,14.45,14.45,14.191,14.34,12.298852,79600.0,79600.0,-0.11,-0.761,14.327,"July 29, 19",-0.00761
0,2019-07-26,14.33,14.45,14.31,14.39,12.341735,27800.0,27800.0,0.06,0.419,14.38333,"July 26, 19",0.00419
0,2019-07-25,14.24,14.25,14.13,14.25,12.221662,47700.0,47700.0,0.01,0.07,14.21,"July 25, 19",0.0007
0,2019-07-24,14.32,14.362,14.22,14.25,12.221662,46200.0,46200.0,-0.07,-0.489,14.27733,"July 24, 19",-0.00489
0,2019-07-23,14.3,14.4,14.21,14.21,12.187356,17300.0,17300.0,-0.09,-0.629,14.27333,"July 23, 19",-0.00629
0,2019-07-22,14.5,14.5,14.14,14.25,12.221662,38800.0,38800.0,-0.25,-1.724,14.29667,"July 22, 19",-0.01724
0,2019-07-19,14.05,14.38,13.95,14.38,12.333158,37400.0,37400.0,0.33,2.349,14.23667,"July 19, 19",0.02349
0,2019-07-18,14.07,14.07,13.88,14.0,12.007246,11900.0,11900.0,-0.07,-0.498,13.98333,"July 18, 19",-0.00498
0,2019-07-17,13.98,14.09,13.95,14.01,12.015824,18400.0,18400.0,0.03,0.215,14.01667,"July 17, 19",0.00215
0,2019-07-16,14.05,14.18,14.0,14.05,12.05013,19500.0,19500.0,0.0,0.0,14.07667,"July 16, 19",0.0
0,2019-07-15,14.17,14.23,14.05,14.06,12.058707,45500.0,45500.0,-0.11,-0.776,14.11333,"July 15, 19",-0.00776
0,2019-07-12,14.29,14.29,14.02,14.23,12.204509,29000.0,29000.0,-0.06,-0.42,14.18,"July 12, 19",-0.0042
0,2019-07-11,14.351,14.39,14.25,14.28,12.247393,36000.0,36000.0,-0.071,-0.495,14.30667,"July 11, 19",-0.00495
0,2019-07-10,14.17,14.32,14.05,14.32,12.281699,31500.0,31500.0,0.15,1.059,14.23,"July 10, 19",0.01059
0,2019-07-09,14.1,14.27,14.0,14.02,12.024401,14800.0,14800.0,-0.08,-0.567,14.09667,"July 09, 19",-0.00567
0,2019-07-08,14.1,14.3,14.07,14.11,12.101589,31400.0,31400.0,0.01,0.071,14.16,"July 08, 19",0.00071
0,2019-07-05,13.92,14.09,13.92,14.05,12.05013,11400.0,11400.0,0.13,0.934,14.02,"July 05, 19",0.00934
0,2019-07-03,14.0,14.09,13.9,13.94,11.955787,9100.0,9100.0,-0.06,-0.429,13.97667,"July 03, 19",-0.00429
0,2019-07-02,14.0,14.09,13.88,14.09,12.084436,28200.0,28200.0,0.09,0.643,14.02,"July 02, 19",0.00643
0,2019-07-01,14.0,14.045,13.89,13.89,11.912905,45100.0,45100.0,-0.11,-0.786,13.94167,"July 01, 19",-0.00786
0,2019-06-28,13.8,14.0,13.69,14.0,12.007246,92100.0,92100.0,0.2,1.449,13.89667,"June 28, 19",0.01449
0,2019-06-27,13.65,13.86,13.61,13.8,11.835715,25500.0,25500.0,0.15,1.099,13.75667,"June 27, 19",0.01099
0,2019-06-26,13.72,13.72,13.58,13.7,11.749949,33500.0,33500.0,-0.02,-0.146,13.66667,"June 26, 19",-0.00146
0,2019-06-25,13.68,13.72,13.57,13.72,11.767102,14900.0,14900.0,0.04,0.292,13.67,"June 25, 19",0.00292
0,2019-06-24,13.56,13.72,13.37,13.71,11.758526,38600.0,38600.0,0.15,1.106,13.6,"June 24, 19",0.01106
0,2019-06-21,13.66,13.75,13.37,13.37,11.46692,27900.0,27900.0,-0.29,-2.123,13.49667,"June 21, 19",-0.02123
0,2019-06-20,13.8,13.88,13.63,13.75,11.792832,31400.0,31400.0,-0.05,-0.362,13.75333,"June 20, 19",-0.00362
0,2019-06-19,13.52,13.82,13.52,13.81,11.844293,33700.0,33700.0,0.29,2.145,13.71667,"June 19, 19",0.02145
0,2019-06-18,13.7,13.77,13.55,13.7,11.749949,30300.0,30300.0,0.0,0.0,13.67333,"June 18, 19",0.0
0,2019-06-17,13.67,13.87,13.614,13.74,11.784256,20400.0,20400.0,0.07,0.512,13.74133,"June 17, 19",0.00512
0,2019-06-14,13.89,13.89,13.71,13.75,11.792832,8200.0,8200.0,-0.14,-1.008,13.78333,"June 14, 19",-0.01008
0,2019-06-13,13.89,13.95,13.762,13.89,11.912905,10500.0,10500.0,0.0,0.0,13.86733,"June 13, 19",0.0
0,2019-06-12,13.774,13.97,13.61,13.63,11.689914,23500.0,23500.0,-0.144,-1.045,13.73667,"June 12, 19",-0.01045
0,2019-06-11,13.99,14.015,13.796,13.81,11.844293,22400.0,22400.0,-0.18,-1.287,13.87367,"June 11, 19",-0.01287
0,2019-06-10,13.92,14.111,13.81,13.99,11.998671,22800.0,22800.0,0.07,0.503,13.97033,"June 10, 19",0.00503
0,2019-06-07,14.0,14.1,13.942,14.0,12.007246,19400.0,19400.0,0.0,0.0,14.014,"June 07, 19",0.0
0,2019-06-06,14.0,14.23,13.81,14.0,12.007246,25500.0,25500.0,0.0,0.0,14.01333,"June 06, 19",0.0
0,2019-06-05,14.0,14.125,13.8,13.903,11.924054,33500.0,33500.0,-0.097,-0.693,13.94267,"June 05, 19",-0.00693
0,2019-06-04,14.06,14.22,14.02,14.02,12.024401,33600.0,33600.0,-0.04,-0.284,14.08667,"June 04, 19",-0.00284
0,2019-06-03,14.29,14.818,14.0,14.1,12.093014,41500.0,41500.0,-0.19,-1.33,14.306,"June 03, 19",-0.0133
0,2019-05-31,14.37,14.93,14.0,14.25,12.221662,59700.0,59700.0,-0.12,-0.835,14.39333,"May 31, 19",-0.00835
0,2019-05-30,14.26,14.57,14.26,14.57,12.496113,26700.0,26700.0,0.31,2.174,14.46667,"May 30, 19",0.02174
0,2019-05-29,14.5,14.5,14.152,14.31,12.273123,56600.0,56600.0,-0.19,-1.31,14.32067,"May 29, 19",-0.0131
0,2019-05-28,14.82,14.83,14.44,14.58,12.50469,43700.0,43700.0,-0.24,-1.619,14.61667,"May 28, 19",-0.01619
0,2019-05-24,14.71,14.99,14.71,14.71,12.616187,12600.0,12600.0,0.0,0.0,14.80333,"May 24, 19",0.0
0,2019-05-23,15.15,15.15,14.75,14.75,12.650493,12200.0,12200.0,-0.4,-2.64,14.88333,"May 23, 19",-0.0264
0,2019-05-22,15.35,15.35,15.17,15.24,13.070746,4100.0,4100.0,-0.11,-0.717,15.25333,"May 22, 19",-0.00717
0,2019-05-21,15.293,15.411,15.25,15.375,13.186531,15800.0,15800.0,0.082,0.536,15.34533,"May 21, 19",0.00536
0,2019-05-20,15.25,15.295,15.11,15.19,13.027864,14200.0,14200.0,-0.06,-0.393,15.19833,"May 20, 19",-0.00393
0,2019-05-17,15.36,15.37,15.278,15.297,13.119634,7200.0,7200.0,-0.063,-0.41,15.315,"May 17, 19",-0.0041
0,2019-05-16,15.18,15.334,15.12,15.28,13.105053,13800.0,13800.0,0.1,0.659,15.24467,"May 16, 19",0.00659
0,2019-05-15,15.04,15.23,15.01,15.215,13.049305,9200.0,9200.0,0.175,1.164,15.15167,"May 15, 19",0.01164
0,2019-05-14,15.21,15.21,14.99,14.99,12.856333,17600.0,17600.0,-0.22,-1.446,15.06333,"May 14, 19",-0.01446
0,2019-05-13,14.92,15.25,14.86,15.24,13.070746,32600.0,32600.0,0.32,2.145,15.11667,"May 13, 19",0.02145
0,2019-05-10,14.96,15.02,14.75,14.93,12.804873,34000.0,34000.0,-0.03,-0.201,14.9,"May 10, 19",-0.00201
0,2019-05-09,14.89,15.13,14.75,14.91,12.787718,23900.0,23900.0,0.02,0.134,14.93,"May 09, 19",0.00134
0,2019-05-08,14.85,15.15,14.81,15.06,12.916368,37000.0,37000.0,0.21,1.414,15.00667,"May 08, 19",0.01414
0,2019-05-07,14.81,15.073,14.77,14.81,12.701953,20800.0,20800.0,0.0,0.0,14.88433,"May 07, 19",0.0
0,2019-05-06,15.44,15.44,14.756,14.945,12.817736,49400.0,49400.0,-0.495,-3.206,15.047,"May 06, 19",-0.03206
0,2019-05-03,15.3,15.475,15.148,15.31,13.130784,29500.0,29500.0,0.01,0.065,15.311,"May 03, 19",0.00065
0,2019-05-02,15.4,15.42,15.149,15.16,13.002133,38700.0,38700.0,-0.24,-1.558,15.243,"May 02, 19",-0.01558
0,2019-05-01,16.1,16.129999,15.96,16.030001,13.34091,51300.0,51300.0,-0.07,-0.435,16.04,"May 01, 19",-0.00435
0,2019-04-30,15.84,16.108,15.791,16.02,13.332588,49200.0,49200.0,0.18,1.136,15.973,"April 30, 19",0.01136
0,2019-04-29,16.0,16.072001,15.76,15.76,13.116203,62400.0,62400.0,-0.24,-1.5,15.864,"April 29, 19",-0.015
0,2019-04-26,16.0,16.049999,15.937,16.0,13.315943,40800.0,40800.0,0.0,0.0,15.99567,"April 26, 19",0.0
0,2019-04-25,15.96,16.040001,15.85,15.98,13.299297,23300.0,23300.0,0.02,0.125,15.95667,"April 25, 19",0.00125
0,2019-04-24,16.040001,16.040001,15.921,16.0,13.315943,10700.0,10700.0,-0.04,-0.249,15.987,"April 24, 19",-0.00249
0,2019-04-23,16.0,16.049999,15.95,15.984,13.302627,24700.0,24700.0,-0.016,-0.1,15.99467,"April 23, 19",-0.001
0,2019-04-22,15.86,16.0,15.749,16.0,13.315943,32100.0,32100.0,0.14,0.883,15.91633,"April 22, 19",0.00883
0,2019-04-18,15.99,15.99,15.5,15.643,13.018829,26100.0,26100.0,-0.347,-2.17,15.711,"April 18, 19",-0.0217
0,2019-04-17,15.92,15.92,15.52,15.88,13.216072,34900.0,34900.0,-0.04,-0.251,15.77333,"April 17, 19",-0.00251
0,2019-04-16,15.9,16.0,15.76,15.96,13.282653,16200.0,16200.0,0.06,0.377,15.90667,"April 16, 19",0.00377
0,2019-04-15,15.81,15.9,15.64,15.9,13.232717,43000.0,43000.0,0.09,0.569,15.81333,"April 15, 19",0.00569
0,2019-04-12,15.89,16.1,15.8,15.8,13.149494,35700.0,35700.0,-0.09,-0.566,15.9,"April 12, 19",-0.00566
0,2019-04-11,15.98,16.0,15.88,15.96,13.282653,9600.0,9600.0,-0.02,-0.125,15.94667,"April 11, 19",-0.00125
0,2019-04-10,16.040001,16.08,15.94,16.08,13.382523,21200.0,21200.0,0.04,0.249,16.03333,"April 10, 19",0.00249
0,2019-04-09,16.08,16.08,15.9,15.97,13.290976,24800.0,24800.0,-0.11,-0.684,15.98333,"April 09, 19",-0.00684
0,2019-04-08,15.87,16.120001,15.87,16.0,13.315943,26900.0,26900.0,0.13,0.819,15.99667,"April 08, 19",0.00819
0,2019-04-05,15.921,16.0,15.89,15.94,13.266007,30400.0,30400.0,0.019,0.119,15.94333,"April 05, 19",0.00119
0,2019-04-04,15.94,16.0,15.85,15.95,13.27433,20900.0,20900.0,0.01,0.063,15.93333,"April 04, 19",0.00063
0,2019-04-03,15.91,15.976,15.87,15.94,13.266007,15300.0,15300.0,0.03,0.189,15.92867,"April 03, 19",0.00189
0,2019-04-02,15.81,15.94,15.81,15.92,13.249362,29000.0,29000.0,0.11,0.696,15.89,"April 02, 19",0.00696
0,2019-04-01,15.87,16.0,15.76,15.83,13.174461,50200.0,50200.0,-0.04,-0.252,15.86333,"April 01, 19",-0.00252
0,2019-03-29,15.92,15.92,15.72,15.84,13.182783,14900.0,14900.0,-0.08,-0.503,15.82667,"March 29, 19",-0.00503
0,2019-03-28,15.78,15.92,15.75,15.79,13.141171,15000.0,15000.0,0.01,0.063,15.82,"March 28, 19",0.00063
0,2019-03-27,15.78,15.91,15.77,15.82,13.166138,12000.0,12000.0,0.04,0.253,15.83333,"March 27, 19",0.00253
0,2019-03-26,15.85,16.0,15.8,15.83,13.174461,13500.0,13500.0,-0.02,-0.126,15.87667,"March 26, 19",-0.00126
0,2019-03-25,15.88,15.88,15.75,15.82,13.166138,11000.0,11000.0,-0.06,-0.378,15.81667,"March 25, 19",-0.00378
0,2019-03-22,15.92,15.99,15.8,15.99,13.307621,28700.0,28700.0,0.07,0.44,15.92667,"March 22, 19",0.0044
0,2019-03-21,15.93,16.0,15.871,16.0,13.315943,14400.0,14400.0,0.07,0.439,15.957,"March 21, 19",0.00439
0,2019-03-20,15.96,15.98,15.82,15.98,13.299297,18400.0,18400.0,0.02,0.125,15.92667,"March 20, 19",0.00125
0,2019-03-19,16.0,16.0,15.83,15.9,13.232717,17200.0,17200.0,-0.1,-0.625,15.91,"March 19, 19",-0.00625
0,2019-03-18,15.68,15.99,15.68,15.99,13.307621,19500.0,19500.0,0.31,1.977,15.88667,"March 18, 19",0.01977
0,2019-03-15,15.935,15.97,15.72,15.72,13.082913,10900.0,10900.0,-0.215,-1.349,15.80333,"March 15, 19",-0.01349
0,2019-03-14,15.871,15.95,15.72,15.72,13.082913,21700.0,21700.0,-0.151,-0.951,15.79667,"March 14, 19",-0.00951
0,2019-03-13,15.74,15.89,15.72,15.79,13.141171,15300.0,15300.0,0.05,0.318,15.8,"March 13, 19",0.00318
0,2019-03-12,15.91,15.91,15.72,15.72,13.082913,19000.0,19000.0,-0.19,-1.194,15.78333,"March 12, 19",-0.01194
0,2019-03-11,16.030001,16.040001,15.871,15.96,13.282653,51600.0,51600.0,-0.07,-0.437,15.957,"March 11, 19",-0.00437
0,2019-03-08,15.82,15.96,15.71,15.96,13.282653,18400.0,18400.0,0.14,0.885,15.87667,"March 08, 19",0.00885
0,2019-03-07,15.67,15.91,15.67,15.91,13.241039,17800.0,17800.0,0.24,1.532,15.83,"March 07, 19",0.01532
0,2019-03-06,16.049999,16.049999,15.9,15.955,13.278491,12000.0,12000.0,-0.095,-0.592,15.96833,"March 06, 19",-0.00592
0,2019-03-05,16.049999,16.07,15.955,16.049999,13.357554,20800.0,20800.0,0.0,0.0,16.025,"March 05, 19",0.0
0,2019-03-04,16.01,16.059999,15.91,16.049999,13.357554,26200.0,26200.0,0.04,0.25,16.00667,"March 04, 19",0.0025
0,2019-03-01,16.0,16.120001,15.91,16.0,13.315943,18100.0,18100.0,0.0,0.0,16.01,"March 01, 19",0.0
0,2019-02-28,16.200001,16.309999,16.01,16.01,13.324265,63600.0,63600.0,-0.19,-1.173,16.11,"February 28, 19",-0.01173
0,2019-02-27,16.4,16.4,16.049999,16.190001,13.474071,25900.0,25900.0,-0.21,-1.28,16.21333,"February 27, 19",-0.0128
0,2019-02-26,16.0,16.469999,15.68,16.469999,13.707097,98700.0,98700.0,0.47,2.938,16.20667,"February 26, 19",0.02938
0,2019-02-25,15.7,16.0,15.53,16.0,13.315943,63600.0,63600.0,0.3,1.911,15.84333,"February 25, 19",0.01911
0,2019-02-22,15.58,15.69,15.415,15.6,12.983044,75900.0,75900.0,0.02,0.128,15.56833,"February 22, 19",0.00128
0,2019-02-21,15.51,15.51,15.236,15.48,12.883175,44200.0,44200.0,-0.03,-0.193,15.40867,"February 21, 19",-0.00193
0,2019-02-20,15.26,15.5,15.2,15.49,12.891497,65900.0,65900.0,0.23,1.507,15.39667,"February 20, 19",0.01507
0,2019-02-19,15.09,15.355,15.085,15.18,12.6335,64600.0,64600.0,0.09,0.596,15.20667,"February 19, 19",0.00596
0,2019-02-15,15.39,15.39,14.91,15.06,12.53363,37500.0,37500.0,-0.33,-2.144,15.12,"February 15, 19",-0.02144
0,2019-02-14,15.36,15.61,15.28,15.35,12.774981,31700.0,31700.0,-0.01,-0.065,15.41333,"February 14, 19",-0.00065
0,2019-02-13,15.6,15.6,15.085,15.4,12.816595,37900.0,37900.0,-0.2,-1.282,15.36167,"February 13, 19",-0.01282
0,2019-02-12,14.97,15.5,14.97,15.5,12.899818,50300.0,50300.0,0.53,3.54,15.32333,"February 12, 19",0.0354
0,2019-02-11,15.1,15.1,14.52,14.97,12.458729,57800.0,57800.0,-0.13,-0.861,14.86333,"February 11, 19",-0.00861
0,2019-02-08,14.67,14.767,14.39,14.49,12.05925,43500.0,43500.0,-0.18,-1.227,14.549,"February 08, 19",-0.01227
0,2019-02-07,14.9,14.93,14.5,14.63,12.175765,28900.0,28900.0,-0.27,-1.812,14.68667,"February 07, 19",-0.01812
0,2019-02-06,15.04,15.04,14.76,14.83,12.342215,37200.0,37200.0,-0.21,-1.396,14.87667,"February 06, 19",-0.01396
0,2019-02-05,15.11,15.2,15.0,15.07,12.541952,31300.0,31300.0,-0.04,-0.265,15.09,"February 05, 19",-0.00265
0,2019-02-04,15.25,15.25,14.684,15.16,12.616855,77200.0,77200.0,-0.09,-0.59,15.03133,"February 04, 19",-0.0059
0,2019-02-01,15.2,15.26,15.0,15.18,12.6335,72600.0,72600.0,-0.02,-0.132,15.14667,"February 01, 19",-0.00132
0,2019-01-31,14.94,15.25,14.74,15.25,12.691758,122200.0,122200.0,0.31,2.075,15.08,"January 31, 19",0.02075
0,2019-01-30,15.1,15.43,15.08,15.31,12.346376,118500.0,118500.0,0.21,1.391,15.27333,"January 30, 19",0.01391
0,2019-01-29,15.0,15.25,14.939,15.13,12.20122,88000.0,88000.0,0.13,0.867,15.10633,"January 29, 19",0.00867
0,2019-01-28,14.54,14.98,14.54,14.98,12.080255,47300.0,47300.0,0.44,3.026,14.83333,"January 28, 19",0.03026
0,2019-01-25,14.59,14.9,14.49,14.84,11.967355,85800.0,85800.0,0.25,1.714,14.74333,"January 25, 19",0.01714
0,2019-01-24,14.66,14.74,14.44,14.44,11.644786,39100.0,39100.0,-0.22,-1.501,14.54,"January 24, 19",-0.01501
0,2019-01-23,14.25,14.7,14.25,14.58,11.757684,55900.0,55900.0,0.33,2.316,14.51,"January 23, 19",0.02316
0,2019-01-22,14.25,14.635,14.185,14.25,11.491564,39300.0,39300.0,0.0,0.0,14.35667,"January 22, 19",0.0
0,2019-01-18,14.55,14.61,14.25,14.32,11.548014,85900.0,85900.0,-0.23,-1.581,14.39333,"January 18, 19",-0.01581
0,2019-01-17,14.42,14.611,14.29,14.47,11.668979,49400.0,49400.0,0.05,0.347,14.457,"January 17, 19",0.00347
0,2019-01-16,14.56,14.573,14.401,14.42,11.628657,21400.0,21400.0,-0.14,-0.962,14.46467,"January 16, 19",-0.00962
0,2019-01-15,14.75,14.75,14.45,14.67,11.830263,32400.0,32400.0,-0.08,-0.542,14.62333,"January 15, 19",-0.00542
0,2019-01-14,14.65,14.73,14.53,14.66,11.822199,32700.0,32700.0,0.01,0.068,14.64,"January 14, 19",0.00068
0,2019-01-11,14.65,14.75,14.32,14.67,11.830263,32200.0,32200.0,0.02,0.137,14.58,"January 11, 19",0.00137
0,2019-01-10,14.69,14.85,14.59,14.75,11.894776,29000.0,29000.0,0.06,0.408,14.73,"January 10, 19",0.00408
0,2019-01-09,14.6,14.79,14.37,14.67,11.830263,40300.0,40300.0,0.07,0.479,14.61,"January 09, 19",0.00479
0,2019-01-08,14.74,14.74,14.62,14.67,11.830263,23000.0,23000.0,-0.07,-0.475,14.67667,"January 08, 19",-0.00475
0,2019-01-07,14.63,14.79,14.44,14.62,11.789943,30000.0,30000.0,-0.01,-0.068,14.61667,"January 07, 19",-0.00068
0,2019-01-04,14.29,14.63,14.27,14.6,11.773813,27800.0,27800.0,0.31,2.169,14.5,"January 04, 19",0.02169
0,2019-01-03,13.792,14.17,13.67,14.17,11.427051,35300.0,35300.0,0.378,2.741,14.00333,"January 03, 19",0.02741
0,2019-01-02,13.5,13.945,13.5,13.8,11.128674,39700.0,39700.0,0.3,2.222,13.74833,"January 02, 19",0.02222
0,2018-12-31,13.62,13.77,13.5,13.57,10.943194,88500.0,88500.0,-0.05,-0.367,13.61333,"December 31, 18",-0.00367
0,2018-12-28,13.4,13.62,13.4,13.61,10.975451,72200.0,72200.0,0.21,1.567,13.54333,"December 28, 18",0.01567
0,2018-12-27,14.38,14.38,13.385,13.54,10.919002,84800.0,84800.0,-0.84,-5.841,13.76833,"December 27, 18",-0.05841
0,2018-12-26,13.88,13.921,13.55,13.76,11.096417,116500.0,116500.0,-0.12,-0.865,13.74367,"December 26, 18",-0.00865
0,2018-12-24,13.78,14.095,13.78,13.79,11.120608,50700.0,50700.0,0.01,0.073,13.88833,"December 24, 18",0.00073
0,2018-12-21,13.99,14.39,13.6,14.03,11.314151,616300.0,616300.0,0.04,0.286,14.00667,"December 21, 18",0.00286
0,2018-12-20,14.3,14.5,13.99,14.0,11.289958,103000.0,103000.0,-0.3,-2.098,14.16333,"December 20, 18",-0.02098
0,2018-12-19,14.19,14.49,14.07,14.31,11.53995,60900.0,60900.0,0.12,0.846,14.29,"December 19, 18",0.00846
0,2018-12-18,14.3,14.5,13.75,14.02,11.306087,78200.0,78200.0,-0.28,-1.958,14.09,"December 18, 18",-0.01958
0,2018-12-17,14.24,14.6,14.2,14.25,11.491564,70500.0,70500.0,0.01,0.07,14.35,"December 17, 18",0.0007
0,2018-12-14,14.26,14.6,14.22,14.23,11.475436,56700.0,56700.0,-0.03,-0.21,14.35,"December 14, 18",-0.0021
0,2018-12-13,14.49,14.59,14.22,14.37,11.588334,45600.0,45600.0,-0.12,-0.828,14.39333,"December 13, 18",-0.00828
0,2018-12-12,14.7,14.7,14.21,14.4,11.612529,41800.0,41800.0,-0.3,-2.041,14.43667,"December 12, 18",-0.02041
0,2018-12-11,14.5,14.62,14.24,14.44,11.644786,26900.0,26900.0,-0.06,-0.414,14.43333,"December 11, 18",-0.00414
0,2018-12-10,14.34,14.47,14.16,14.4,11.612529,32700.0,32700.0,0.06,0.418,14.34333,"December 10, 18",0.00418
0,2018-12-07,14.49,14.64,14.19,14.39,11.604465,80800.0,80800.0,-0.1,-0.69,14.40667,"December 07, 18",-0.0069
0,2018-12-06,14.27,14.6,14.15,14.36,11.58027,44500.0,44500.0,0.09,0.631,14.37,"December 06, 18",0.00631
0,2018-12-04,14.59,14.64,14.36,14.53,11.717364,61800.0,61800.0,-0.06,-0.411,14.51,"December 04, 18",-0.00411
0,2018-12-03,13.64,14.74,13.64,14.6,11.773813,478000.0,478000.0,0.96,7.038,14.32667,"December 03, 18",0.07038
0,2018-11-30,13.52,13.6,13.46,13.46,10.854487,18100.0,18100.0,-0.06,-0.444,13.50667,"November 30, 18",-0.00444
0,2018-11-29,13.57,13.7,13.37,13.54,10.919002,19700.0,19700.0,-0.03,-0.221,13.53667,"November 29, 18",-0.00221
0,2018-11-28,13.5,13.59,13.3,13.59,10.959324,104200.0,104200.0,0.09,0.667,13.49333,"November 28, 18",0.00667
0,2018-11-27,13.532,13.668,13.45,13.47,10.862553,36500.0,36500.0,-0.062,-0.458,13.52933,"November 27, 18",-0.00458
0,2018-11-26,13.63,13.8,13.41,13.54,10.919002,20300.0,20300.0,-0.09,-0.66,13.58333,"November 26, 18",-0.0066
0,2018-11-23,13.65,13.744,13.388,13.55,10.927066,18600.0,18600.0,-0.1,-0.733,13.56067,"November 23, 18",-0.00733
0,2018-11-21,13.52,13.83,13.52,13.82,11.144802,21200.0,21200.0,0.3,2.219,13.72333,"November 21, 18",0.02219
0,2018-11-20,13.85,13.92,13.32,13.49,10.878681,115200.0,115200.0,-0.36,-2.599,13.57667,"November 20, 18",-0.02599
0,2018-11-19,14.35,14.35,13.931,14.02,11.306087,57700.0,57700.0,-0.33,-2.3,14.10033,"November 19, 18",-0.023
0,2018-11-16,14.46,14.55,14.271,14.33,11.556078,56100.0,56100.0,-0.13,-0.899,14.38367,"November 16, 18",-0.00899
0,2018-11-15,14.75,14.75,14.4,14.66,11.822199,45300.0,45300.0,-0.09,-0.61,14.60333,"November 15, 18",-0.0061
0,2018-11-14,14.75,14.81,14.531,14.7,11.854456,31900.0,31900.0,-0.05,-0.339,14.68033,"November 14, 18",-0.00339
0,2018-11-13,14.76,14.81,14.647,14.75,11.894776,15700.0,15700.0,-0.01,-0.068,14.73567,"November 13, 18",-0.00068
0,2018-11-12,14.99,14.99,14.56,14.73,11.878647,27900.0,27900.0,-0.26,-1.734,14.76,"November 12, 18",-0.01734
0,2018-11-09,14.93,15.018,14.85,14.95,12.056063,12500.0,12500.0,0.02,0.134,14.93933,"November 09, 18",0.00134
0,2018-11-08,14.8,15.04,14.8,14.98,12.080255,24000.0,24000.0,0.18,1.216,14.94,"November 08, 18",0.01216
0,2018-11-07,15.15,15.15,14.9,15.09,12.168962,24600.0,24600.0,-0.06,-0.396,15.04667,"November 07, 18",-0.00396
0,2018-11-06,14.9,15.09,14.898,15.06,12.144769,34600.0,34600.0,0.16,1.074,15.016,"November 06, 18",0.01074
0,2018-11-05,14.8,15.155,14.7,14.97,12.07219,345000.0,345000.0,0.17,1.149,14.94167,"November 05, 18",0.01149
0,2018-11-02,15.05,15.09,14.85,14.9,12.01574,49300.0,49300.0,-0.15,-0.997,14.94667,"November 02, 18",-0.00997
0,2018-11-01,15.04,15.09,14.834,15.04,12.128641,42100.0,42100.0,0.0,0.0,14.988,"November 01, 18",0.0
0,2018-10-31,15.29,15.39,15.111,15.39,12.027837,70400.0,70400.0,0.1,0.654,15.297,"October 31, 18",0.00654
0,2018-10-30,15.1,15.24,15.01,15.16,11.848086,29000.0,29000.0,0.06,0.397,15.13667,"October 30, 18",0.00397
0,2018-10-29,15.16,15.195,14.924,15.14,11.832454,32100.0,32100.0,-0.02,-0.132,15.08633,"October 29, 18",-0.00132
0,2018-10-26,15.0,15.13,14.9,15.1,11.801192,29600.0,29600.0,0.1,0.667,15.04333,"October 26, 18",0.00667
0,2018-10-25,15.13,15.214,15.0,15.06,11.769932,17300.0,17300.0,-0.07,-0.463,15.09133,"October 25, 18",-0.00463
0,2018-10-24,15.29,15.29,15.0,15.04,11.754298,40000.0,40000.0,-0.25,-1.635,15.11,"October 24, 18",-0.01635
0,2018-10-23,15.16,15.25,15.01,15.25,11.918425,24000.0,24000.0,0.09,0.594,15.17,"October 23, 18",0.00594
0,2018-10-22,15.06,15.25,15.06,15.24,11.910608,12700.0,12700.0,0.18,1.195,15.18333,"October 22, 18",0.01195
0,2018-10-19,15.1,15.18,14.72,15.065,11.773838,64900.0,64900.0,-0.035,-0.232,14.98833,"October 19, 18",-0.00232
0,2018-10-18,15.36,15.45,15.16,15.25,11.918425,28600.0,28600.0,-0.11,-0.716,15.28667,"October 18, 18",-0.00716
0,2018-10-17,15.4,15.42,15.1,15.4,12.035654,17900.0,17900.0,0.0,0.0,15.30667,"October 17, 18",0.0
0,2018-10-16,15.3,15.44,15.2,15.4,12.035654,27600.0,27600.0,0.1,0.654,15.34667,"October 16, 18",0.00654
0,2018-10-15,14.73,15.31,14.73,15.22,11.894978,65700.0,65700.0,0.49,3.327,15.08667,"October 15, 18",0.03327
0,2018-10-12,14.86,14.9,14.707,14.75,11.527654,721600.0,721600.0,-0.11,-0.74,14.78567,"October 12, 18",-0.0074
0,2018-10-11,14.85,14.97,14.7,14.81,11.574548,110900.0,110900.0,-0.04,-0.269,14.82667,"October 11, 18",-0.00269
0,2018-10-10,14.82,14.83,14.747,14.82,11.582362,27400.0,27400.0,0.0,0.0,14.799,"October 10, 18",0.0
0,2018-10-09,14.63,14.85,14.61,14.84,11.597993,41800.0,41800.0,0.21,1.435,14.76667,"October 09, 18",0.01435
0,2018-10-08,14.5,14.65,14.5,14.65,11.449501,34500.0,34500.0,0.15,1.034,14.6,"October 08, 18",0.01034
0,2018-10-05,14.55,14.669,14.5,14.5,11.332271,31200.0,31200.0,-0.05,-0.344,14.55633,"October 05, 18",-0.00344
0,2018-10-04,14.83,14.83,14.55,14.58,11.394793,23300.0,23300.0,-0.25,-1.686,14.65333,"October 04, 18",-0.01686
0,2018-10-03,14.63,14.896,14.63,14.74,11.519838,24000.0,24000.0,0.11,0.752,14.75533,"October 03, 18",0.00752
0,2018-10-02,14.78,14.956,14.6,14.63,11.43387,28600.0,28600.0,-0.15,-1.015,14.72867,"October 02, 18",-0.01015
0,2018-10-01,14.9,15.022,14.83,14.83,11.590177,53400.0,53400.0,-0.07,-0.47,14.894,"October 01, 18",-0.0047
0,2018-09-28,14.9,14.9,14.816,14.9,11.644883,26800.0,26800.0,0.0,0.0,14.872,"September 28, 18",0.0
0,2018-09-27,14.8,14.9,14.8,14.9,11.644883,17600.0,17600.0,0.1,0.676,14.86667,"September 27, 18",0.00676
0,2018-09-26,14.45,14.855,14.45,14.8,11.566731,59600.0,59600.0,0.35,2.422,14.70167,"September 26, 18",0.02422
0,2018-09-25,14.65,14.65,14.45,14.45,11.293194,20400.0,20400.0,-0.2,-1.365,14.51667,"September 25, 18",-0.01365
0,2018-09-24,14.5,14.7,14.5,14.55,11.371346,43400.0,43400.0,0.05,0.345,14.58333,"September 24, 18",0.00345
0,2018-09-21,14.7,14.75,14.6,14.6,11.410424,44900.0,44900.0,-0.1,-0.68,14.65,"September 21, 18",-0.0068
0,2018-09-20,14.75,14.76,14.55,14.65,11.449501,75600.0,75600.0,-0.1,-0.678,14.65333,"September 20, 18",-0.00678
0,2018-09-19,15.1,15.1,14.4,14.65,11.449501,149500.0,149500.0,-0.45,-2.98,14.71667,"September 19, 18",-0.0298
0,2018-09-18,14.95,15.1,14.8,15.05,11.762115,60300.0,60300.0,0.1,0.669,14.98333,"September 18, 18",0.00669
0,2018-09-17,15.65,15.65,15.0,15.0,11.723039,95400.0,95400.0,-0.65,-4.153,15.21667,"September 17, 18",-0.04153
0,2018-09-14,15.1,15.8,15.05,15.8,12.348269,24000.0,24000.0,0.7,4.636,15.55,"September 14, 18",0.04636
0,2018-09-13,15.45,15.45,15.1,15.1,11.801192,50600.0,50600.0,-0.35,-2.265,15.21667,"September 13, 18",-0.02265
0,2018-09-12,15.4,15.4,15.3,15.35,11.996576,21600.0,21600.0,-0.05,-0.325,15.35,"September 12, 18",-0.00325
0,2018-09-11,15.4,15.4,15.25,15.35,11.996576,28800.0,28800.0,-0.05,-0.325,15.33333,"September 11, 18",-0.00325
0,2018-09-10,15.45,15.45,15.25,15.4,12.035654,19400.0,19400.0,-0.05,-0.324,15.36667,"September 10, 18",-0.00324
0,2018-09-07,15.4,15.45,15.25,15.35,11.996576,24000.0,24000.0,-0.05,-0.325,15.35,"September 07, 18",-0.00325
0,2018-09-06,15.65,15.65,15.4,15.5,12.113808,7600.0,7600.0,-0.15,-0.958,15.51667,"September 06, 18",-0.00958
0,2018-09-05,15.35,15.65,15.35,15.6,12.191959,33500.0,33500.0,0.25,1.629,15.53333,"September 05, 18",0.01629
0,2018-09-04,15.25,15.4,15.2,15.35,11.996576,27900.0,27900.0,0.1,0.656,15.31667,"September 04, 18",0.00656
0,2018-08-31,15.25,15.3,15.2,15.2,11.879346,30200.0,30200.0,-0.05,-0.328,15.23333,"August 31, 18",-0.00328
0,2018-08-30,15.15,15.25,15.15,15.25,11.918425,29200.0,29200.0,0.1,0.66,15.21667,"August 30, 18",0.0066
0,2018-08-29,15.15,15.2,15.115,15.15,11.840269,40900.0,40900.0,0.0,0.0,15.155,"August 29, 18",0.0
0,2018-08-28,15.1,15.2,15.04,15.1,11.801192,44100.0,44100.0,0.0,0.0,15.11333,"August 28, 18",0.0
0,2018-08-27,15.2,15.45,15.05,15.05,11.762115,86100.0,86100.0,-0.15,-0.987,15.18333,"August 27, 18",-0.00987
0,2018-08-24,15.4,15.45,15.2,15.2,11.879346,51500.0,51500.0,-0.2,-1.299,15.28333,"August 24, 18",-0.01299
0,2018-08-23,15.55,15.6,15.3,15.35,11.996576,33700.0,33700.0,-0.2,-1.286,15.41667,"August 23, 18",-0.01286
0,2018-08-22,15.45,15.6,15.3,15.55,12.152884,61700.0,61700.0,0.1,0.647,15.48333,"August 22, 18",0.00647
0,2018-08-21,15.8,15.85,15.35,15.45,12.074731,81400.0,81400.0,-0.35,-2.215,15.55,"August 21, 18",-0.02215
0,2018-08-20,15.5,15.95,15.5,15.8,12.348269,55700.0,55700.0,0.3,1.935,15.75,"August 20, 18",0.01935
0,2018-08-17,15.75,15.75,15.4,15.55,12.152884,54800.0,54800.0,-0.2,-1.27,15.56667,"August 17, 18",-0.0127
0,2018-08-16,15.7,15.8,15.65,15.7,12.270113,45200.0,45200.0,0.0,0.0,15.71667,"August 16, 18",0.0
0,2018-08-15,15.75,15.918,15.65,15.7,12.270113,37300.0,37300.0,-0.05,-0.317,15.756,"August 15, 18",-0.00317
0,2018-08-14,15.85,15.939,15.7,15.75,12.309191,72400.0,72400.0,-0.1,-0.631,15.79633,"August 14, 18",-0.00631
0,2018-08-13,15.85,16.040001,15.85,15.85,12.387344,38600.0,38600.0,0.0,0.0,15.91333,"August 13, 18",0.0
0,2018-08-10,15.95,15.95,15.85,15.9,12.42642,34900.0,34900.0,-0.05,-0.313,15.9,"August 10, 18",-0.00313
0,2018-08-09,15.8,15.949,15.8,15.85,12.387344,40200.0,40200.0,0.05,0.316,15.86633,"August 09, 18",0.00316
0,2018-08-08,15.9,15.95,15.8,15.9,12.42642,23400.0,23400.0,0.0,0.0,15.88333,"August 08, 18",0.0
0,2018-08-07,15.8,15.95,15.8,15.9,12.42642,46800.0,46800.0,0.1,0.633,15.88333,"August 07, 18",0.00633
0,2018-08-06,15.95,16.1,15.76,15.85,12.387344,82700.0,82700.0,-0.1,-0.627,15.90333,"August 06, 18",-0.00627
0,2018-08-03,16.15,16.450001,15.9,16.15,12.621805,73700.0,73700.0,0.0,0.0,16.16667,"August 03, 18",0.0
0,2018-08-02,16.200001,16.35,16.0,16.35,12.778112,53500.0,53500.0,0.15,0.926,16.23333,"August 02, 18",0.00926
0,2018-08-01,16.15,16.674999,16.15,16.525,12.543652,60200.0,60200.0,0.375,2.322,16.45,"August 01, 18",0.02322
0,2018-07-31,16.5,16.5,16.25,16.4,12.448768,42500.0,42500.0,-0.1,-0.606,16.38333,"July 31, 18",-0.00606
0,2018-07-30,16.549999,16.549999,16.275,16.4,12.448768,47400.0,47400.0,-0.15,-0.906,16.40833,"July 30, 18",-0.00906
0,2018-07-27,16.450001,16.700001,16.200001,16.299999,12.37286,110300.0,110300.0,-0.15,-0.912,16.4,"July 27, 18",-0.00912
0,2018-07-26,16.4,16.584999,16.299999,16.4,12.448768,64000.0,64000.0,0.0,0.0,16.42833,"July 26, 18",0.0
0,2018-07-25,16.4,16.450001,16.26,16.4,12.448768,37100.0,37100.0,0.0,0.0,16.37,"July 25, 18",0.0
0,2018-07-24,16.450001,16.799999,16.200001,16.275,12.353883,41600.0,41600.0,-0.175,-1.064,16.425,"July 24, 18",-0.01064
0,2018-07-23,16.15,16.4,16.110001,16.25,12.334908,174700.0,174700.0,0.1,0.619,16.25333,"July 23, 18",0.00619
0,2018-07-20,16.35,16.549999,16.200001,16.25,12.334908,55900.0,55900.0,-0.1,-0.612,16.33333,"July 20, 18",-0.00612
0,2018-07-19,16.15,16.450001,16.15,16.35,12.410814,37900.0,37900.0,0.2,1.238,16.31667,"July 19, 18",0.01238
0,2018-07-18,16.4,16.450001,16.15,16.15,12.258999,54500.0,54500.0,-0.25,-1.524,16.25,"July 18, 18",-0.01524
0,2018-07-17,16.35,16.5,16.299999,16.35,12.410814,35400.0,35400.0,0.0,0.0,16.38333,"July 17, 18",0.0
0,2018-07-16,16.6,16.799999,16.4,16.4,12.448768,47600.0,47600.0,-0.2,-1.205,16.53333,"July 16, 18",-0.01205
0,2018-07-13,16.549999,16.75,16.5,16.700001,12.676489,45800.0,45800.0,0.15,0.906,16.65,"July 13, 18",0.00906
0,2018-07-12,16.85,16.85,16.65,16.65,12.638535,73200.0,73200.0,-0.2,-1.187,16.71667,"July 12, 18",-0.01187
0,2018-07-11,17.0,17.1,16.9,16.9,12.828302,19200.0,19200.0,-0.1,-0.588,16.96667,"July 11, 18",-0.00588
0,2018-07-10,17.1,17.200001,17.0,17.1,12.980118,35100.0,35100.0,0.0,0.0,17.1,"July 10, 18",0.0
0,2018-07-09,17.299999,17.5,17.049999,17.1,12.980118,40400.0,40400.0,-0.2,-1.156,17.21667,"July 09, 18",-0.01156
0,2018-07-06,16.799999,17.4,16.799999,17.299999,13.131931,43000.0,43000.0,0.5,2.976,17.16667,"July 06, 18",0.02976
0,2018-07-05,16.799999,17.1,16.799999,16.950001,12.866258,23000.0,23000.0,0.15,0.893,16.95,"July 05, 18",0.00893
0,2018-07-03,16.9,16.950001,16.85,16.85,12.790349,14900.0,14900.0,-0.05,-0.296,16.88333,"July 03, 18",-0.00296
0,2018-07-02,17.049999,17.15,16.705,16.85,12.790349,52000.0,52000.0,-0.2,-1.173,16.90167,"July 02, 18",-0.01173
0,2018-06-29,17.299999,17.35,17.15,17.15,13.01807,12700.0,12700.0,-0.15,-0.867,17.21667,"June 29, 18",-0.00867
0,2018-06-28,17.4,17.4,17.15,17.25,13.09398,23300.0,23300.0,-0.15,-0.862,17.26667,"June 28, 18",-0.00862
0,2018-06-27,17.4,17.4,17.25,17.35,13.169887,28300.0,28300.0,-0.05,-0.287,17.33333,"June 27, 18",-0.00287
0,2018-06-26,17.25,17.450001,17.25,17.25,13.09398,29800.0,29800.0,0.0,0.0,17.31667,"June 26, 18",0.0
0,2018-06-25,17.450001,17.450001,17.25,17.299999,13.131931,27000.0,27000.0,-0.15,-0.86,17.33333,"June 25, 18",-0.0086
0,2018-06-22,17.35,17.4,17.27,17.4,13.207839,11700.0,11700.0,0.05,0.288,17.35667,"June 22, 18",0.00288
0,2018-06-21,17.4,17.43,17.25,17.25,13.09398,18600.0,18600.0,-0.15,-0.862,17.31,"June 21, 18",-0.00862
0,2018-06-20,17.4,17.6,17.4,17.4,13.207839,24400.0,24400.0,0.0,0.0,17.46667,"June 20, 18",0.0
0,2018-06-19,17.450001,17.6,17.4,17.4,13.207839,30000.0,30000.0,-0.05,-0.287,17.46667,"June 19, 18",-0.00287
0,2018-06-18,17.6,17.75,17.450001,17.5,13.283747,28400.0,28400.0,-0.1,-0.568,17.56667,"June 18, 18",-0.00568
0,2018-06-15,17.450001,17.6,17.41,17.549999,13.321698,67000.0,67000.0,0.1,0.573,17.52,"June 15, 18",0.00573
0,2018-06-14,17.549999,17.549999,17.358999,17.4,13.207839,41200.0,41200.0,-0.15,-0.855,17.43633,"June 14, 18",-0.00855
0,2018-06-13,17.5,17.549999,17.4,17.450001,13.245793,25900.0,25900.0,-0.05,-0.286,17.46667,"June 13, 18",-0.00286
0,2018-06-12,17.299999,17.450001,17.282,17.35,13.169887,19400.0,19400.0,0.05,0.289,17.36067,"June 12, 18",0.00289
0,2018-06-11,17.700001,17.700001,17.275,17.299999,13.131931,65300.0,65300.0,-0.4,-2.26,17.425,"June 11, 18",-0.0226
0,2018-06-08,17.65,17.65,17.459999,17.6,13.359653,49900.0,49900.0,-0.05,-0.283,17.57,"June 08, 18",-0.00283
0,2018-06-07,17.65,17.65,17.545,17.6,13.359653,51400.0,51400.0,-0.05,-0.283,17.59833,"June 07, 18",-0.00283
0,2018-06-06,17.6,17.65,17.469,17.5,13.283747,59600.0,59600.0,-0.1,-0.568,17.53967,"June 06, 18",-0.00568
0,2018-06-05,17.5,17.799999,17.450001,17.6,13.359653,84000.0,84000.0,0.1,0.571,17.61667,"June 05, 18",0.00571
0,2018-06-04,17.549999,17.65,17.35,17.450001,13.245793,41700.0,41700.0,-0.1,-0.57,17.48333,"June 04, 18",-0.0057
0,2018-06-01,17.450001,17.6,17.35,17.5,13.283747,44900.0,44900.0,0.05,0.287,17.48333,"June 01, 18",0.00287
0,2018-05-31,17.549999,17.645,17.35,17.4,13.207839,28500.0,28500.0,-0.15,-0.855,17.465,"May 31, 18",-0.00855
0,2018-05-30,17.549999,17.745001,17.35,17.5,13.283747,50400.0,50400.0,-0.05,-0.285,17.53167,"May 30, 18",-0.00285
0,2018-05-29,17.75,17.75,17.299999,17.450001,13.245793,75100.0,75100.0,-0.3,-1.69,17.5,"May 29, 18",-0.0169
0,2018-05-25,17.450001,17.65,17.205,17.6,13.359653,61900.0,61900.0,0.15,0.86,17.485,"May 25, 18",0.0086
0,2018-05-24,17.65,17.65,17.5,17.5,13.283747,44400.0,44400.0,-0.15,-0.85,17.55,"May 24, 18",-0.0085
0,2018-05-23,17.450001,17.65,17.325001,17.6,13.359653,96500.0,96500.0,0.15,0.86,17.525,"May 23, 18",0.0086
0,2018-05-22,17.1,17.549999,17.051001,17.35,13.169887,125900.0,125900.0,0.25,1.462,17.317,"May 22, 18",0.01462
0,2018-05-21,16.85,17.049999,16.799999,16.950001,12.866258,121300.0,121300.0,0.1,0.593,16.93333,"May 21, 18",0.00593
0,2018-05-18,16.799999,16.799999,16.65,16.799999,12.752397,34000.0,34000.0,0.0,0.0,16.75,"May 18, 18",0.0
0,2018-05-17,16.799999,16.9,16.65,16.75,12.714442,49600.0,49600.0,-0.05,-0.298,16.76667,"May 17, 18",-0.00298
0,2018-05-16,16.85,16.85,16.6,16.75,12.714442,26900.0,26900.0,-0.1,-0.593,16.73333,"May 16, 18",-0.00593
0,2018-05-15,16.85,16.85,16.549999,16.75,12.714442,29500.0,29500.0,-0.1,-0.593,16.71667,"May 15, 18",-0.00593
0,2018-05-14,16.299999,16.9,16.299999,16.9,12.828302,115900.0,115900.0,0.6,3.681,16.7,"May 14, 18",0.03681
0,2018-05-11,16.0,16.357,15.95,16.35,12.410814,75800.0,75800.0,0.35,2.188,16.219,"May 11, 18",0.02188
0,2018-05-10,16.049999,16.200001,15.984,16.049999,12.183092,71000.0,71000.0,0.0,0.0,16.078,"May 10, 18",0.0
0,2018-05-09,16.0,16.450001,15.69,16.049999,12.183092,84600.0,84600.0,0.05,0.313,16.06333,"May 09, 18",0.00313
0,2018-05-08,16.65,16.74,15.65,15.85,12.031279,246200.0,246200.0,-0.8,-4.805,16.08,"May 08, 18",-0.04805
0,2018-05-07,17.1,17.1,16.799999,16.85,12.790349,837000.0,837000.0,-0.25,-1.462,16.91667,"May 07, 18",-0.01462
0,2018-05-04,16.85,17.049999,16.85,17.0,12.904213,27200.0,27200.0,0.15,0.89,16.96667,"May 04, 18",0.0089
0,2018-05-03,16.65,17.15,16.65,16.950001,12.866258,63800.0,63800.0,0.3,1.802,16.91667,"May 03, 18",0.01802
0,2018-05-02,17.049999,17.25,17.049999,17.1,12.619558,271500.0,271500.0,0.05,0.293,17.13333,"May 02, 18",0.00293
0,2018-05-01,17.5,17.5,17.049999,17.1,12.619558,118500.0,118500.0,-0.4,-2.286,17.21667,"May 01, 18",-0.02286
0,2018-04-30,17.35,17.631001,17.075001,17.4,12.840955,104200.0,104200.0,0.05,0.288,17.36867,"April 30, 18",0.00288
0,2018-04-27,17.0,17.313,17.0,17.1,12.619558,49600.0,49600.0,0.1,0.588,17.13767,"April 27, 18",0.00588
0,2018-04-26,17.4,17.4,16.9,17.0,12.545761,122800.0,122800.0,-0.4,-2.299,17.1,"April 26, 18",-0.02299
0,2018-04-25,17.6,17.6,17.219999,17.299999,12.767157,228200.0,228200.0,-0.3,-1.705,17.37333,"April 25, 18",-0.01705
0,2018-04-24,17.5,17.799999,17.450001,17.549999,12.951651,68200.0,68200.0,0.05,0.286,17.6,"April 24, 18",0.00286
0,2018-04-23,17.65,17.895,17.4,17.549999,12.951651,66300.0,66300.0,-0.1,-0.567,17.615,"April 23, 18",-0.00567
0,2018-04-20,17.5,17.725,17.450001,17.6,12.988552,63500.0,63500.0,0.1,0.571,17.59167,"April 20, 18",0.00571
0,2018-04-19,17.799999,17.886,17.5,17.549999,12.951651,32900.0,32900.0,-0.25,-1.404,17.64533,"April 19, 18",-0.01404
0,2018-04-18,17.975,17.975,17.65,17.75,13.09925,51000.0,51000.0,-0.225,-1.252,17.79167,"April 18, 18",-0.01252
0,2018-04-17,18.0,18.0,17.65,17.9,13.209946,22000.0,22000.0,-0.1,-0.556,17.85,"April 17, 18",-0.00556
0,2018-04-16,17.6,18.0,17.5,18.0,13.283747,83000.0,83000.0,0.4,2.273,17.83333,"April 16, 18",0.02273
0,2018-04-13,17.450001,17.65,17.4,17.5,12.914754,14300.0,14300.0,0.05,0.287,17.51667,"April 13, 18",0.00287
0,2018-04-12,17.4,17.65,17.25,17.4,12.840955,56500.0,56500.0,0.0,0.0,17.43333,"April 12, 18",0.0
0,2018-04-11,17.85,17.85,17.4,17.5,12.914754,48100.0,48100.0,-0.35,-1.961,17.58333,"April 11, 18",-0.01961
0,2018-04-10,17.549999,17.549999,17.35,17.4,12.840955,24700.0,24700.0,-0.15,-0.855,17.43333,"April 10, 18",-0.00855
0,2018-04-09,17.65,17.65,17.35,17.4,12.840955,23900.0,23900.0,-0.25,-1.416,17.46667,"April 09, 18",-0.01416
0,2018-04-06,17.4,17.594999,17.4,17.5,12.914754,10900.0,10900.0,0.1,0.575,17.49833,"April 06, 18",0.00575
0,2018-04-05,17.799999,17.799999,17.254,17.5,12.914754,41400.0,41400.0,-0.3,-1.685,17.518,"April 05, 18",-0.01685
0,2018-04-04,17.799999,17.799999,17.655001,17.799999,13.136147,15300.0,15300.0,0.0,0.0,17.75167,"April 04, 18",0.0
0,2018-04-03,17.700001,17.825001,17.700001,17.799999,13.136147,33900.0,33900.0,0.1,0.565,17.775,"April 03, 18",0.00565
0,2018-04-02,17.35,17.9,17.25,17.549999,12.951651,46800.0,46800.0,0.2,1.153,17.56667,"April 02, 18",0.01153
0,2018-03-29,17.25,17.6,16.950001,17.4,12.840955,98700.0,98700.0,0.15,0.87,17.31667,"March 29, 18",0.0087
0,2018-03-28,17.5,17.5,17.0,17.200001,12.693358,45700.0,45700.0,-0.3,-1.714,17.23333,"March 28, 18",-0.01714
0,2018-03-27,17.549999,17.65,17.35,17.549999,12.951651,20700.0,20700.0,0.0,0.0,17.51667,"March 27, 18",0.0
0,2018-03-26,17.6,17.6,17.299999,17.549999,12.951651,18200.0,18200.0,-0.05,-0.284,17.48333,"March 26, 18",-0.00284
0,2018-03-23,17.6,17.700001,17.493,17.549999,12.951651,10700.0,10700.0,-0.05,-0.284,17.581,"March 23, 18",-0.00284
0,2018-03-22,17.5,17.65,17.5,17.549999,12.951651,11800.0,11800.0,0.05,0.286,17.56667,"March 22, 18",0.00286
0,2018-03-21,17.575001,17.674999,17.570999,17.65,13.025452,16200.0,16200.0,0.075,0.427,17.632,"March 21, 18",0.00427
0,2018-03-20,17.700001,17.700001,17.5,17.6,12.988552,29800.0,29800.0,-0.1,-0.565,17.6,"March 20, 18",-0.00565
0,2018-03-19,17.9,17.9,17.549999,17.65,13.025452,29300.0,29300.0,-0.25,-1.397,17.7,"March 19, 18",-0.01397
0,2018-03-16,17.700001,17.805,17.549999,17.549999,12.951651,26300.0,26300.0,-0.15,-0.847,17.635,"March 16, 18",-0.00847
0,2018-03-15,18.049999,18.049999,17.5,17.700001,13.062352,42200.0,42200.0,-0.35,-1.939,17.75,"March 15, 18",-0.01939
0,2018-03-14,18.049999,18.059999,17.9,18.0,13.283747,13000.0,13000.0,-0.05,-0.277,17.98667,"March 14, 18",-0.00277
0,2018-03-13,18.1,18.1,17.950001,18.1,13.357544,16900.0,16900.0,0.0,0.0,18.05,"March 13, 18",0.0
0,2018-03-12,18.0,18.049999,17.875,17.950001,13.246849,15400.0,15400.0,-0.05,-0.278,17.95833,"March 12, 18",-0.00278
0,2018-03-09,18.0,18.1,17.851,18.049999,13.320644,19400.0,19400.0,0.05,0.278,18.00033,"March 09, 18",0.00278
0,2018-03-08,18.0,18.040001,17.75,17.85,13.173046,21200.0,21200.0,-0.15,-0.833,17.88,"March 08, 18",-0.00833
0,2018-03-07,18.049999,18.058001,17.9,17.950001,13.246849,16100.0,16100.0,-0.1,-0.554,17.96933,"March 07, 18",-0.00554
0,2018-03-06,18.049999,18.049999,17.903999,18.049999,13.320644,13300.0,13300.0,0.0,0.0,18.00133,"March 06, 18",0.0
0,2018-03-05,17.950001,18.1,17.85,18.049999,13.320644,53000.0,53000.0,0.1,0.557,18.0,"March 05, 18",0.00557
0,2018-03-02,17.950001,18.051001,17.85,17.9,13.209946,16300.0,16300.0,-0.05,-0.279,17.93367,"March 02, 18",-0.00279
0,2018-03-01,17.85,18.200001,17.754999,17.85,13.173046,31000.0,31000.0,0.0,0.0,17.935,"March 01, 18",0.0
0,2018-02-28,17.857,17.9,17.780001,17.9,13.209946,36200.0,36200.0,0.043,0.241,17.86,"February 28, 18",0.00241
0,2018-02-27,17.799999,18.153999,17.799999,17.799999,13.136147,22400.0,22400.0,0.0,0.0,17.918,"February 27, 18",0.0
0,2018-02-26,17.9,18.1,17.9,17.950001,13.246849,27500.0,27500.0,0.05,0.279,17.98333,"February 26, 18",0.00279
0,2018-02-23,18.200001,18.200001,18.0,18.0,13.283747,20200.0,20200.0,-0.2,-1.099,18.06667,"February 23, 18",-0.01099
0,2018-02-22,18.200001,18.25,18.0,18.049999,13.320644,25600.0,25600.0,-0.15,-0.824,18.1,"February 22, 18",-0.00824
0,2018-02-21,18.15,18.299999,18.0,18.0,13.283747,37000.0,37000.0,-0.15,-0.826,18.1,"February 21, 18",-0.00826
0,2018-02-20,18.200001,18.25,17.9,18.1,13.357544,25200.0,25200.0,-0.1,-0.549,18.08333,"February 20, 18",-0.00549
0,2018-02-16,17.75,18.1,17.700001,18.0,13.283747,22000.0,22000.0,0.25,1.408,17.93333,"February 16, 18",0.01408
0,2018-02-15,17.950001,18.0,17.75,17.799999,13.136147,33200.0,33200.0,-0.15,-0.836,17.85,"February 15, 18",-0.00836
0,2018-02-14,17.9,17.950001,17.700001,17.950001,13.246849,27500.0,27500.0,0.05,0.279,17.86667,"February 14, 18",0.00279
0,2018-02-13,17.75,17.950001,17.75,17.9,13.209946,24300.0,24300.0,0.15,0.845,17.86667,"February 13, 18",0.00845
0,2018-02-12,17.85,17.913,17.6,17.700001,13.062352,95000.0,95000.0,-0.15,-0.84,17.73767,"February 12, 18",-0.0084
0,2018-02-09,17.450001,17.549999,17.200001,17.450001,12.877854,49000.0,49000.0,0.0,0.0,17.4,"February 09, 18",0.0
0,2018-02-08,17.0,17.200001,17.0,17.15,12.656457,49700.0,49700.0,0.15,0.882,17.11667,"February 08, 18",0.00882
0,2018-02-07,16.950001,17.0,16.843,17.0,12.545761,31200.0,31200.0,0.05,0.295,16.94767,"February 07, 18",0.00295
0,2018-02-06,16.75,17.0,16.639999,16.973,12.525835,45800.0,45800.0,0.223,1.331,16.871,"February 06, 18",0.01331
0,2018-02-05,16.6,17.0,16.6,16.85,12.435061,48600.0,48600.0,0.25,1.506,16.81667,"February 05, 18",0.01506
0,2018-02-02,17.35,17.549999,16.83,16.950001,12.508862,64000.0,64000.0,-0.4,-2.305,17.11,"February 02, 18",-0.02305
0,2018-02-01,17.25,17.549999,17.15,17.35,12.804056,45700.0,45700.0,0.1,0.58,17.35,"February 01, 18",0.0058
0,2018-01-31,17.799999,17.940001,17.74,17.799999,12.789294,66900.0,66900.0,0.0,0.0,17.82667,"January 31, 18",0.0
0,2018-01-30,18.25,18.299999,17.65,17.9,12.861144,70700.0,70700.0,-0.35,-1.918,17.95,"January 30, 18",-0.01918
0,2018-01-29,19.0,19.0,18.200001,18.200001,13.076694,56600.0,56600.0,-0.8,-4.211,18.46667,"January 29, 18",-0.04211
0,2018-01-26,18.35,18.5,18.15,18.4,13.220393,40700.0,40700.0,0.05,0.272,18.35,"January 26, 18",0.00272
0,2018-01-25,18.5,18.5,18.049999,18.049999,12.968921,43600.0,43600.0,-0.45,-2.432,18.2,"January 25, 18",-0.02432
0,2018-01-24,18.549999,18.549999,18.35,18.4,13.220393,21700.0,21700.0,-0.15,-0.809,18.43333,"January 24, 18",-0.00809
0,2018-01-23,18.5,18.545,18.299999,18.5,13.292246,34700.0,34700.0,0.0,0.0,18.44833,"January 23, 18",0.0
0,2018-01-22,18.4,18.452999,18.25,18.450001,13.256319,48800.0,48800.0,0.05,0.272,18.38433,"January 22, 18",0.00272
0,2018-01-19,18.0,18.4,17.975,18.299999,13.148544,40500.0,40500.0,0.3,1.667,18.225,"January 19, 18",0.01667
0,2018-01-18,17.700001,18.049999,17.700001,18.0,12.932994,47500.0,47500.0,0.3,1.695,17.91667,"January 18, 18",0.01695
0,2018-01-17,17.799999,18.15,17.700001,17.9,12.861144,113100.0,113100.0,0.1,0.562,17.91667,"January 17, 18",0.00562
0,2018-01-16,18.200001,18.35,17.700001,17.9,12.861144,115400.0,115400.0,-0.3,-1.648,17.98333,"January 16, 18",-0.01648
0,2018-01-12,18.1,18.304001,18.1,18.200001,13.076694,26300.0,26300.0,0.1,0.552,18.20133,"January 12, 18",0.00552
0,2018-01-11,18.35,18.35,18.0,18.0,12.932994,57000.0,57000.0,-0.35,-1.907,18.11667,"January 11, 18",-0.01907
0,2018-01-10,18.049999,18.299999,18.049999,18.1,13.004845,19700.0,19700.0,0.05,0.277,18.15,"January 10, 18",0.00277
0,2018-01-09,18.35,18.4,18.1,18.15,13.04077,25000.0,25000.0,-0.2,-1.09,18.21667,"January 09, 18",-0.0109
0,2018-01-08,18.5,18.5,18.25,18.35,13.18447,44800.0,44800.0,-0.15,-0.811,18.36667,"January 08, 18",-0.00811
0,2018-01-05,18.549999,18.551001,18.200001,18.35,13.18447,33200.0,33200.0,-0.2,-1.078,18.367,"January 05, 18",-0.01078
0,2018-01-04,18.5,18.799999,18.5,18.65,13.400019,54600.0,54600.0,0.15,0.811,18.65,"January 04, 18",0.00811
0,2018-01-03,18.700001,18.799999,18.299999,18.5,13.292246,70300.0,70300.0,-0.2,-1.07,18.53333,"January 03, 18",-0.0107
0,2018-01-02,19.0,19.0,18.6,18.65,13.400019,50100.0,50100.0,-0.35,-1.842,18.75,"January 02, 18",-0.01842
0,2017-12-29,18.450001,18.795,18.450001,18.700001,13.435946,48400.0,48400.0,0.25,1.355,18.64833,"December 29, 17",0.01355
0,2017-12-28,18.299999,18.700001,17.799999,18.6,13.364096,88400.0,88400.0,0.3,1.639,18.36667,"December 28, 17",0.01639
0,2017-12-27,18.450001,18.5,17.9,18.299999,13.148544,24600.0,24600.0,-0.15,-0.813,18.23333,"December 27, 17",-0.00813
0,2017-12-26,18.200001,18.549999,17.799999,18.299999,13.148544,31900.0,31900.0,0.1,0.549,18.21667,"December 26, 17",0.00549
0,2017-12-22,18.35,18.549999,17.952999,18.299999,13.148544,98500.0,98500.0,-0.05,-0.272,18.26767,"December 22, 17",-0.00272
0,2017-12-21,18.25,18.65,18.198999,18.65,13.400019,73300.0,73300.0,0.4,2.192,18.49967,"December 21, 17",0.02192
0,2017-12-20,17.799999,18.299999,17.75,18.1,13.004845,86800.0,86800.0,0.3,1.685,18.05,"December 20, 17",0.01685
0,2017-12-19,17.9,17.9,17.605,17.799999,12.789294,69900.0,69900.0,-0.1,-0.559,17.76833,"December 19, 17",-0.00559
0,2017-12-18,17.4,17.75,17.299999,17.75,12.753368,237800.0,237800.0,0.35,2.011,17.6,"December 18, 17",0.02011
0,2017-12-15,17.25,17.65,17.1,17.549999,12.609668,271300.0,271300.0,0.3,1.739,17.43333,"December 15, 17",0.01739
0,2017-12-14,16.6,18.0,16.5,17.35,12.465972,1632600.0,1632600.0,0.75,4.518,17.28333,"December 14, 17",0.04518
0,2017-12-13,18.549999,18.701,18.549999,18.549999,13.32817,1287600.0,1287600.0,0.0,0.0,18.60033,"December 13, 17",0.0
0,2017-12-12,18.799999,19.0,18.6,18.6,13.364096,19900.0,19900.0,-0.2,-1.064,18.73333,"December 12, 17",-0.01064
0,2017-12-11,18.700001,19.1,18.65,18.85,13.543719,24800.0,24800.0,0.15,0.802,18.86667,"December 11, 17",0.00802
0,2017-12-08,18.700001,18.995001,18.700001,18.729,13.456781,7100.0,7100.0,0.029,0.155,18.808,"December 08, 17",0.00155
0,2017-12-07,18.75,18.799999,18.700001,18.775999,13.49055,7700.0,7700.0,0.026,0.139,18.75867,"December 07, 17",0.00139
0,2017-12-06,18.85,19.0,18.65,18.75,13.47187,17400.0,17400.0,-0.1,-0.531,18.8,"December 06, 17",-0.00531
0,2017-12-05,19.0,19.15,19.0,19.0,13.651492,15000.0,15000.0,0.0,0.0,19.05,"December 05, 17",0.0
0,2017-12-04,19.1,19.25,19.0,19.0,13.651492,8100.0,8100.0,-0.1,-0.524,19.08333,"December 04, 17",-0.00524
0,2017-12-01,19.0,19.299999,19.0,19.1,13.723345,8100.0,8100.0,0.1,0.526,19.13333,"December 01, 17",0.00526
0,2017-11-30,18.85,19.0,18.747999,18.9,13.579643,27000.0,27000.0,0.05,0.265,18.88267,"November 30, 17",0.00265
0,2017-11-29,18.75,18.854,18.4,18.65,13.400019,27600.0,27600.0,-0.1,-0.533,18.63467,"November 29, 17",-0.00533
0,2017-11-28,19.004999,19.1,18.65,18.799999,13.507794,15100.0,15100.0,-0.205,-1.079,18.85,"November 28, 17",-0.01079
0,2017-11-27,18.85,19.096001,18.85,19.0,13.651492,17400.0,17400.0,0.15,0.796,18.982,"November 27, 17",0.00796
0,2017-11-24,19.0,19.200001,18.898001,18.9,13.579643,9200.0,9200.0,-0.1,-0.526,18.99933,"November 24, 17",-0.00526
0,2017-11-22,19.25,19.25,18.700001,19.0,13.651492,13100.0,13100.0,-0.25,-1.299,18.98333,"November 22, 17",-0.01299
0,2017-11-21,19.299999,19.299999,18.9,19.15,13.759268,15400.0,15400.0,-0.15,-0.777,19.11667,"November 21, 17",-0.00777
0,2017-11-20,18.65,19.299999,18.049999,19.15,13.759268,47300.0,47300.0,0.5,2.681,18.83333,"November 20, 17",0.02681
0,2017-11-17,18.816,18.816,18.6,18.75,13.47187,7700.0,7700.0,-0.066,-0.351,18.722,"November 17, 17",-0.00351
0,2017-11-16,18.75,18.9,18.674999,18.75,13.47187,11600.0,11600.0,0.0,0.0,18.775,"November 16, 17",0.0
0,2017-11-15,19.0,19.049999,18.646999,18.75,13.47187,17400.0,17400.0,-0.25,-1.316,18.81567,"November 15, 17",-0.01316
0,2017-11-14,19.1,19.200001,18.9,18.9,13.579643,37600.0,37600.0,-0.2,-1.047,19.0,"November 14, 17",-0.01047
0,2017-11-13,19.049999,19.24,18.85,19.049999,13.687419,23100.0,23100.0,0.0,0.0,19.04667,"November 13, 17",0.0
0,2017-11-10,19.25,19.25,18.861,18.9,13.579643,26900.0,26900.0,-0.35,-1.818,19.00367,"November 10, 17",-0.01818
0,2017-11-09,19.25,19.299999,19.0,19.0,13.651492,21300.0,21300.0,-0.25,-1.299,19.1,"November 09, 17",-0.01299
0,2017-11-08,19.15,19.200001,19.0,19.049999,13.687419,20900.0,20900.0,-0.1,-0.522,19.08333,"November 08, 17",-0.00522
0,2017-11-07,19.049999,19.351999,18.934999,19.049999,13.687419,12700.0,12700.0,0.0,0.0,19.11233,"November 07, 17",0.0
0,2017-11-06,19.799999,19.799999,19.0,19.1,13.723345,28400.0,28400.0,-0.7,-3.535,19.3,"November 06, 17",-0.03535
0,2017-11-03,19.200001,20.0,18.775,20.0,14.369995,59200.0,59200.0,0.8,4.167,19.59167,"November 03, 17",0.04167
0,2017-11-02,19.75,19.75,19.049999,19.4,13.938895,34400.0,34400.0,-0.35,-1.772,19.4,"November 02, 17",-0.01772
0,2017-11-01,20.200001,20.200001,20.049999,20.15,14.147259,16500.0,16500.0,-0.05,-0.248,20.13333,"November 01, 17",-0.00248
0,2017-10-31,20.042999,20.200001,19.799999,19.799999,13.901524,39500.0,39500.0,-0.243,-1.212,19.93333,"October 31, 17",-0.01212
0,2017-10-30,20.066999,20.200001,19.5,19.9,13.971734,33700.0,33700.0,-0.167,-0.832,19.86667,"October 30, 17",-0.00832
0,2017-10-27,20.049999,20.15,19.85,20.0,14.041946,25800.0,25800.0,-0.05,-0.249,20.0,"October 27, 17",-0.00249
0,2017-10-26,20.049999,20.15,19.799999,19.950001,14.006843,14900.0,14900.0,-0.1,-0.499,19.96667,"October 26, 17",-0.00499
0,2017-10-25,20.15,20.200001,19.75,20.200001,14.182364,15800.0,15800.0,0.05,0.248,20.05,"October 25, 17",0.00248
0,2017-10-24,20.049999,20.049999,19.9,20.049999,14.077051,11700.0,11700.0,0.0,0.0,20.0,"October 24, 17",0.0
0,2017-10-23,20.25,20.25,19.9,20.1,14.112155,17400.0,17400.0,-0.15,-0.741,20.08333,"October 23, 17",-0.00741
0,2017-10-20,19.532,20.174999,19.5,20.049999,14.077051,50500.0,50500.0,0.518,2.652,19.90833,"October 20, 17",0.02652
0,2017-10-19,19.5,19.549999,19.35,19.5,13.690897,20000.0,20000.0,0.0,0.0,19.46667,"October 19, 17",0.0
0,2017-10-18,19.35,19.549999,19.35,19.549999,13.726,14000.0,14000.0,0.2,1.034,19.48333,"October 18, 17",0.01034
0,2017-10-17,19.799999,19.799999,19.35,19.5,13.690897,18400.0,18400.0,-0.3,-1.515,19.55,"October 17, 17",-0.01515
0,2017-10-16,19.799999,19.9,19.700001,19.700001,13.831315,11300.0,11300.0,-0.1,-0.505,19.76667,"October 16, 17",-0.00505
0,2017-10-13,20.25,20.25,19.780001,19.799999,13.901524,20400.0,20400.0,-0.45,-2.222,19.94333,"October 13, 17",-0.02222
0,2017-10-12,19.950001,20.15,19.905001,20.1,14.112155,15500.0,15500.0,0.15,0.752,20.05167,"October 12, 17",0.00752
0,2017-10-11,20.200001,20.200001,20.1,20.15,14.147259,11400.0,11400.0,-0.05,-0.248,20.15,"October 11, 17",-0.00248
0,2017-10-10,20.1,20.225,20.0,20.049999,14.077051,16300.0,16300.0,-0.05,-0.249,20.09167,"October 10, 17",-0.00249
0,2017-10-09,20.0,20.26,19.6,19.950001,14.006843,36600.0,36600.0,-0.05,-0.25,19.93667,"October 09, 17",-0.0025
0,2017-10-06,20.0,20.15,19.9,19.9,13.971734,10700.0,10700.0,-0.1,-0.5,19.98333,"October 06, 17",-0.005
0,2017-10-05,20.15,20.25,20.1,20.1,14.112155,6400.0,6400.0,-0.05,-0.248,20.15,"October 05, 17",-0.00248
0,2017-10-04,20.200001,20.389999,20.200001,20.200001,14.182364,8400.0,8400.0,0.0,0.0,20.26333,"October 04, 17",0.0
0,2017-10-03,20.25,20.35,20.049999,20.299999,14.252575,25500.0,25500.0,0.05,0.247,20.23333,"October 03, 17",0.00247
0,2017-10-02,20.049999,20.200001,20.049999,20.15,14.147259,9600.0,9600.0,0.1,0.499,20.13333,"October 02, 17",0.00499
0,2017-09-29,20.15,20.200001,20.049999,20.1,14.112155,19100.0,19100.0,-0.05,-0.248,20.11667,"September 29, 17",-0.00248
0,2017-09-28,20.15,20.295,20.15,20.200001,14.182364,13300.0,13300.0,0.05,0.248,20.215,"September 28, 17",0.00248
0,2017-09-27,20.299999,20.351,20.15,20.25,14.217468,12800.0,12800.0,-0.05,-0.246,20.25033,"September 27, 17",-0.00246
0,2017-09-26,20.121,20.362,20.121,20.200001,14.182364,21300.0,21300.0,0.079,0.393,20.22767,"September 26, 17",0.00393
0,2017-09-25,20.049999,20.200001,20.049999,20.15,14.147259,26700.0,26700.0,0.1,0.499,20.13333,"September 25, 17",0.00499
0,2017-09-22,19.950001,20.114,19.950001,20.049999,14.077051,15600.0,15600.0,0.1,0.501,20.038,"September 22, 17",0.00501
0,2017-09-21,19.700001,20.0,19.655001,19.950001,14.006843,21600.0,21600.0,0.25,1.269,19.86833,"September 21, 17",0.01269
0,2017-09-20,19.6,19.700001,19.549999,19.700001,13.831315,12100.0,12100.0,0.1,0.51,19.65,"September 20, 17",0.0051
0,2017-09-19,19.5,19.549999,19.450001,19.549999,13.726,5700.0,5700.0,0.05,0.256,19.51667,"September 19, 17",0.00256
0,2017-09-18,19.5,19.6,19.4,19.549999,13.726,29600.0,29600.0,0.05,0.256,19.51667,"September 18, 17",0.00256
0,2017-09-15,19.299999,19.5,19.299999,19.4,13.620687,9600.0,9600.0,0.1,0.518,19.4,"September 15, 17",0.00518
0,2017-09-14,19.299999,19.4,19.23,19.299999,13.550474,17600.0,17600.0,0.0,0.0,19.31,"September 14, 17",0.0
0,2017-09-13,19.25,19.35,19.200001,19.299999,13.550474,10500.0,10500.0,0.05,0.26,19.28333,"September 13, 17",0.0026
0,2017-09-12,19.254999,19.35,19.200001,19.35,13.585585,11200.0,11200.0,0.095,0.493,19.3,"September 12, 17",0.00493
0,2017-09-11,19.200001,19.323999,19.200001,19.299999,13.550474,7900.0,7900.0,0.1,0.521,19.27467,"September 11, 17",0.00521
0,2017-09-08,19.25,19.4,19.25,19.35,13.585585,9100.0,9100.0,0.1,0.519,19.33333,"September 08, 17",0.00519
0,2017-09-07,19.155001,19.4,19.155001,19.4,13.620687,7400.0,7400.0,0.245,1.279,19.31833,"September 07, 17",0.01279
0,2017-09-06,18.9,19.299999,18.9,19.299999,13.550474,13700.0,13700.0,0.4,2.116,19.16667,"September 06, 17",0.02116
0,2017-09-05,18.9,19.15,18.9,19.0,13.339846,13200.0,13200.0,0.1,0.529,19.01667,"September 05, 17",0.00529
0,2017-09-01,19.200001,19.200001,18.9,18.9,13.269637,10400.0,10400.0,-0.3,-1.562,19.0,"September 01, 17",-0.01562
0,2017-08-31,18.9,19.25,18.9,19.15,13.445161,23800.0,23800.0,0.25,1.323,19.1,"August 31, 17",0.01323
0,2017-08-30,18.549999,19.1,18.549999,18.9,13.269637,23100.0,23100.0,0.35,1.887,18.85,"August 30, 17",0.01887
0,2017-08-29,18.700001,18.795,18.5,18.5,12.9888,10400.0,10400.0,-0.2,-1.07,18.59833,"August 29, 17",-0.0107
0,2017-08-28,18.549999,18.700001,18.549999,18.65,13.094112,9400.0,9400.0,0.1,0.539,18.63333,"August 28, 17",0.00539
0,2017-08-25,18.549999,18.65,18.549999,18.6,13.05901,7300.0,7300.0,0.05,0.27,18.6,"August 25, 17",0.0027
0,2017-08-24,18.450001,18.65,18.450001,18.549999,13.023904,19400.0,19400.0,0.1,0.542,18.55,"August 24, 17",0.00542
0,2017-08-23,18.299999,18.700001,18.200001,18.549999,13.023904,18700.0,18700.0,0.25,1.366,18.48333,"August 23, 17",0.01366
0,2017-08-22,18.35,18.700001,18.235001,18.4,12.918589,27500.0,27500.0,0.05,0.272,18.445,"August 22, 17",0.00272
0,2017-08-21,18.299999,18.299999,18.177999,18.25,12.813277,20900.0,20900.0,-0.05,-0.273,18.24267,"August 21, 17",-0.00273
0,2017-08-18,18.15,18.299999,18.15,18.200001,12.778171,27300.0,27300.0,0.05,0.275,18.21667,"August 18, 17",0.00275
0,2017-08-17,18.15,18.200001,18.15,18.15,12.743066,22900.0,22900.0,0.0,0.0,18.16667,"August 17, 17",0.0
0,2017-08-16,18.35,18.35,18.15,18.200001,12.778171,46200.0,46200.0,-0.15,-0.817,18.23333,"August 16, 17",-0.00817
0,2017-08-15,18.15,18.4,18.0,18.25,12.813277,44000.0,44000.0,0.1,0.551,18.21667,"August 15, 17",0.00551
0,2017-08-14,18.549999,18.591999,18.0,18.0,12.63775,34500.0,34500.0,-0.55,-2.965,18.19733,"August 14, 17",-0.02965
0,2017-08-11,18.15,18.25,18.077999,18.200001,12.778171,8400.0,8400.0,0.05,0.275,18.176,"August 11, 17",0.00275
0,2017-08-10,17.85,18.200001,17.85,18.15,12.743066,33600.0,33600.0,0.3,1.681,18.06667,"August 10, 17",0.01681
0,2017-08-09,18.299999,18.438,17.9,17.9,12.56754,58000.0,58000.0,-0.4,-2.186,18.07933,"August 09, 17",-0.02186
0,2017-08-08,18.549999,18.700001,18.450001,18.450001,12.953692,100600.0,100600.0,-0.1,-0.539,18.53333,"August 08, 17",-0.00539
0,2017-08-07,18.6,18.950001,18.549999,18.549999,13.023904,39700.0,39700.0,-0.05,-0.269,18.68333,"August 07, 17",-0.00269
0,2017-08-04,19.1,19.1,18.75,18.75,13.164325,86400.0,86400.0,-0.35,-1.832,18.86667,"August 04, 17",-0.01832
0,2017-08-03,19.1,19.417,19.0,19.15,13.445161,45900.0,45900.0,0.05,0.262,19.189,"August 03, 17",0.00262
0,2017-08-02,19.65,19.673,18.9,19.5,13.690897,159500.0,159500.0,-0.15,-0.763,19.35767,"August 02, 17",-0.00763
0,2017-08-01,20.549999,20.646,19.799999,20.15,13.831315,75200.0,75200.0,-0.4,-1.946,20.19867,"August 01, 17",-0.01946
0,2017-07-31,21.0,21.0,20.174999,20.700001,14.208845,46700.0,46700.0,-0.3,-1.429,20.625,"July 31, 17",-0.01429
0,2017-07-28,20.450001,20.75,20.388,20.625,14.157364,31600.0,31600.0,0.175,0.856,20.58767,"July 28, 17",0.00856
0,2017-07-27,20.549999,20.75,20.5,20.5,14.071563,43900.0,43900.0,-0.05,-0.243,20.58333,"July 27, 17",-0.00243
0,2017-07-26,20.5,20.75,20.4,20.450001,14.037243,50600.0,50600.0,-0.05,-0.244,20.53333,"July 26, 17",-0.00244
0,2017-07-25,20.5,20.6,20.07,20.4,14.00292,72700.0,72700.0,-0.1,-0.488,20.35667,"July 25, 17",-0.00488
0,2017-07-24,19.450001,20.343,19.4,19.9,13.659712,173400.0,173400.0,0.45,2.314,19.881,"July 24, 17",0.02314
0,2017-07-21,19.049999,19.299999,18.950001,19.15,13.144897,53500.0,53500.0,0.1,0.525,19.13333,"July 21, 17",0.00525
0,2017-07-20,18.995001,18.995001,18.9,18.9,12.973293,8000.0,8000.0,-0.095,-0.5,18.93167,"July 20, 17",-0.005
0,2017-07-19,19.15,19.15,19.0,19.0,13.041933,11000.0,11000.0,-0.15,-0.783,19.05,"July 19, 17",-0.00783
0,2017-07-18,18.549999,19.0,18.549999,18.85,12.938973,16100.0,16100.0,0.3,1.617,18.8,"July 18, 17",0.01617
0,2017-07-17,19.1,19.1,18.700001,18.75,12.870333,30900.0,30900.0,-0.35,-1.832,18.85,"July 17, 17",-0.01832
0,2017-07-14,19.0,19.016001,18.808001,18.9,12.973293,14100.0,14100.0,-0.1,-0.526,18.908,"July 14, 17",-0.00526
0,2017-07-13,19.1,19.1,18.721001,18.9,12.973293,26600.0,26600.0,-0.2,-1.047,18.907,"July 13, 17",-0.01047
0,2017-07-12,18.65,19.15,18.549999,18.950001,13.007616,21400.0,21400.0,0.3,1.609,18.88333,"July 12, 17",0.01609
0,2017-07-11,18.6,18.799999,18.549999,18.65,12.801688,16900.0,16900.0,0.05,0.269,18.66667,"July 11, 17",0.00269
0,2017-07-10,18.799999,18.9,18.65,18.75,12.870333,15800.0,15800.0,-0.05,-0.266,18.76667,"July 10, 17",-0.00266
0,2017-07-07,18.85,18.85,18.566,18.700001,12.836012,11500.0,11500.0,-0.15,-0.796,18.70533,"July 07, 17",-0.00796
0,2017-07-06,18.85,19.049999,18.549999,18.950001,13.007616,22800.0,22800.0,0.1,0.531,18.85,"July 06, 17",0.00531
0,2017-07-05,18.799999,19.200001,18.549999,18.549999,12.733047,26100.0,26100.0,-0.25,-1.33,18.76667,"July 05, 17",-0.0133
0,2017-07-03,18.75,18.9,18.700001,18.9,12.973293,12100.0,12100.0,0.15,0.8,18.83333,"July 03, 17",0.008
0,2017-06-30,18.549999,18.700001,18.0,18.700001,12.836012,22400.0,22400.0,0.15,0.809,18.46667,"June 30, 17",0.00809
0,2017-06-29,18.700001,18.950001,18.299999,18.4,12.630084,14400.0,14400.0,-0.3,-1.604,18.55,"June 29, 17",-0.01604
0,2017-06-28,18.75,18.75,18.461,18.65,12.801688,15200.0,15200.0,-0.1,-0.533,18.62033,"June 28, 17",-0.00533
0,2017-06-27,18.549999,18.75,18.549999,18.6,12.767369,10500.0,10500.0,0.05,0.27,18.63333,"June 27, 17",0.0027
0,2017-06-26,18.35,18.700001,18.249001,18.6,12.767369,27500.0,27500.0,0.25,1.362,18.51633,"June 26, 17",0.01362
0,2017-06-23,18.299999,18.5,18.15,18.299999,12.561443,14900.0,14900.0,0.0,0.0,18.31667,"June 23, 17",0.0
0,2017-06-22,18.15,18.4,18.15,18.299999,12.561443,10800.0,10800.0,0.15,0.826,18.28333,"June 22, 17",0.00826
0,2017-06-21,17.75,18.299999,17.75,18.15,12.45848,20100.0,20100.0,0.4,2.254,18.06667,"June 21, 17",0.02254
0,2017-06-20,18.5,18.503,17.65,17.75,12.183912,91400.0,91400.0,-0.75,-4.054,17.96767,"June 20, 17",-0.04054
0,2017-06-19,18.75,19.1,18.450001,18.549999,12.733047,41700.0,41700.0,-0.2,-1.067,18.7,"June 19, 17",-0.01067
0,2017-06-16,18.75,19.011999,18.6,18.6,12.767369,28900.0,28900.0,-0.15,-0.8,18.73733,"June 16, 17",-0.008
0,2017-06-15,19.15,19.200001,18.799999,18.799999,12.904653,21600.0,21600.0,-0.35,-1.828,18.93333,"June 15, 17",-0.01828
0,2017-06-14,19.4,19.4,19.200001,19.200001,13.17922,25600.0,25600.0,-0.2,-1.031,19.26667,"June 14, 17",-0.01031
0,2017-06-13,19.35,19.4,19.25,19.299999,13.24786,12500.0,12500.0,-0.05,-0.258,19.31667,"June 13, 17",-0.00258
0,2017-06-12,19.200001,19.299999,19.139,19.200001,13.17922,11300.0,11300.0,0.0,0.0,19.213,"June 12, 17",0.0
0,2017-06-09,19.1,19.35,18.9,19.25,13.213538,18400.0,18400.0,0.15,0.785,19.16667,"June 09, 17",0.00785
0,2017-06-08,19.25,19.312,18.85,18.85,12.938973,41400.0,41400.0,-0.4,-2.078,19.004,"June 08, 17",-0.02078
0,2017-06-07,19.1,19.25,18.950001,19.200001,13.17922,22300.0,22300.0,0.1,0.524,19.13333,"June 07, 17",0.00524
0,2017-06-06,19.35,19.35,18.85,19.049999,13.076257,22200.0,22200.0,-0.3,-1.55,19.08333,"June 06, 17",-0.0155
0,2017-06-05,19.35,19.35,19.200001,19.25,13.213538,23100.0,23100.0,-0.1,-0.517,19.26667,"June 05, 17",-0.00517
0,2017-06-02,19.200001,19.4,19.09,19.200001,13.17922,27600.0,27600.0,0.0,0.0,19.23,"June 02, 17",0.0
0,2017-06-01,18.65,19.299999,18.65,19.200001,13.17922,21400.0,21400.0,0.55,2.949,19.05,"June 01, 17",0.02949
0,2017-05-31,18.75,18.75,18.549999,18.65,12.801688,32500.0,32500.0,-0.1,-0.533,18.65,"May 31, 17",-0.00533
0,2017-05-30,18.75,19.0,18.459999,18.65,12.801688,24700.0,24700.0,-0.1,-0.533,18.70333,"May 30, 17",-0.00533
0,2017-05-26,19.049999,19.200001,18.809999,18.950001,13.007616,28900.0,28900.0,-0.1,-0.525,18.98667,"May 26, 17",-0.00525
0,2017-05-25,19.450001,19.450001,18.875,19.1,13.110579,65800.0,65800.0,-0.35,-1.799,19.14167,"May 25, 17",-0.01799
0,2017-05-24,19.6,19.6,19.299999,19.4,13.316504,21000.0,21000.0,-0.2,-1.02,19.43333,"May 24, 17",-0.0102
0,2017-05-23,19.450001,19.525,19.239,19.450001,13.350826,29300.0,29300.0,0.0,0.0,19.40467,"May 23, 17",0.0
0,2017-05-22,19.65,19.700001,19.200001,19.299999,13.24786,37200.0,37200.0,-0.35,-1.781,19.4,"May 22, 17",-0.01781
0,2017-05-19,19.65,19.75,19.549999,19.549999,13.419464,22900.0,22900.0,-0.1,-0.509,19.61667,"May 19, 17",-0.00509
0,2017-05-18,19.780001,19.780001,19.65,19.65,13.488108,19100.0,19100.0,-0.13,-0.657,19.69333,"May 18, 17",-0.00657
0,2017-05-17,19.65,19.99,19.549999,19.799999,13.591067,43100.0,43100.0,0.15,0.763,19.78,"May 17, 17",0.00763
0,2017-05-16,19.799999,20.200001,19.749001,20.0,13.728354,60000.0,60000.0,0.2,1.01,19.983,"May 16, 17",0.0101
0,2017-05-15,19.6,19.74,19.5,19.700001,13.522427,34900.0,34900.0,0.1,0.51,19.64667,"May 15, 17",0.0051
0,2017-05-12,19.4,19.75,19.35,19.5,13.385145,57400.0,57400.0,0.1,0.515,19.53333,"May 12, 17",0.00515
0,2017-05-11,19.6,19.74,19.4,19.549999,13.419464,37200.0,37200.0,-0.05,-0.255,19.56333,"May 11, 17",-0.00255
0,2017-05-10,19.5,19.950001,19.4,19.5,13.385145,37200.0,37200.0,0.0,0.0,19.61667,"May 10, 17",0.0
0,2017-05-09,19.6,19.745001,19.5,19.6,13.453788,34100.0,34100.0,0.0,0.0,19.615,"May 09, 17",0.0
0,2017-05-08,19.450001,19.795,19.35,19.549999,13.419464,18000.0,18000.0,0.1,0.514,19.565,"May 08, 17",0.00514
0,2017-05-05,19.049999,19.549999,19.049999,19.5,13.385145,27000.0,27000.0,0.45,2.362,19.36667,"May 05, 17",0.02362
0,2017-05-04,20.15,20.15,19.049999,19.049999,13.076257,74400.0,74400.0,-1.1,-5.459,19.41667,"May 04, 17",-0.05459
0,2017-05-03,20.200001,20.35,19.716999,20.299999,13.934279,56200.0,56200.0,0.1,0.495,20.12233,"May 03, 17",0.00495
0,2017-05-02,20.299999,20.75,20.200001,20.200001,13.563613,126200.0,126200.0,-0.1,-0.493,20.38333,"May 02, 17",-0.00493
0,2017-05-01,20.1,20.25,19.950001,20.15,13.53004,91400.0,91400.0,0.05,0.249,20.11667,"May 01, 17",0.00249
0,2017-04-28,20.25,20.25,20.025,20.1,13.496468,43900.0,43900.0,-0.15,-0.741,20.125,"April 28, 17",-0.00741
0,2017-04-27,20.049999,20.15,20.0,20.1,13.496468,170200.0,170200.0,0.05,0.249,20.08333,"April 27, 17",0.00249
0,2017-04-26,20.1,20.25,19.950001,20.049999,13.462893,123400.0,123400.0,-0.05,-0.249,20.08333,"April 26, 17",-0.00249
0,2017-04-25,19.85,20.200001,19.85,20.0,13.429321,102300.0,102300.0,0.15,0.756,20.01667,"April 25, 17",0.00756
0,2017-04-24,20.200001,20.200001,19.9,20.0,13.429321,49800.0,49800.0,-0.2,-0.99,20.03333,"April 24, 17",-0.0099
0,2017-04-21,19.85,20.1,19.799999,19.950001,13.395749,91400.0,91400.0,0.1,0.504,19.95,"April 21, 17",0.00504
0,2017-04-20,19.75,20.1,19.75,19.9,13.362173,66000.0,66000.0,0.15,0.759,19.91667,"April 20, 17",0.00759
0,2017-04-19,19.75,20.1,19.700001,19.799999,13.295025,41100.0,41100.0,0.05,0.253,19.86667,"April 19, 17",0.00253
0,2017-04-18,19.75,19.950001,19.65,19.700001,13.22788,37900.0,37900.0,-0.05,-0.253,19.76667,"April 18, 17",-0.00253
0,2017-04-17,20.15,20.15,19.6,19.75,13.261453,35500.0,35500.0,-0.4,-1.985,19.83333,"April 17, 17",-0.01985
0,2017-04-13,19.65,20.15,19.5,20.15,13.53004,47800.0,47800.0,0.5,2.545,19.93333,"April 13, 17",0.02545
0,2017-04-12,20.049999,20.049999,19.549999,19.65,13.194306,34900.0,34900.0,-0.4,-1.995,19.75,"April 12, 17",-0.01995
0,2017-04-11,20.1,20.34,20.0,20.049999,13.462893,42400.0,42400.0,-0.05,-0.249,20.13,"April 11, 17",-0.00249
0,2017-04-10,20.200001,20.200001,20.1,20.15,13.53004,13300.0,13300.0,-0.05,-0.248,20.15,"April 10, 17",-0.00248
0,2017-04-07,20.1,20.200001,20.1,20.15,13.53004,31300.0,31300.0,0.05,0.249,20.15,"April 07, 17",0.00249
0,2017-04-06,20.200001,20.200001,20.1,20.15,13.53004,16000.0,16000.0,-0.05,-0.248,20.15,"April 06, 17",-0.00248
0,2017-04-05,20.1,20.195,20.1,20.15,13.53004,36100.0,36100.0,0.05,0.249,20.14833,"April 05, 17",0.00249
0,2017-04-04,20.049999,20.200001,20.049999,20.15,13.53004,52500.0,52500.0,0.1,0.499,20.13333,"April 04, 17",0.00499
0,2017-04-03,20.1,20.25,20.049999,20.15,13.53004,68100.0,68100.0,0.05,0.249,20.15,"April 03, 17",0.00249
0,2017-03-31,20.1,20.1,19.950001,20.1,13.496468,78300.0,78300.0,0.0,0.0,20.05,"March 31, 17",0.0
0,2017-03-30,20.0,20.1,19.940001,20.0,13.429321,23800.0,23800.0,0.0,0.0,20.01333,"March 30, 17",0.0
0,2017-03-29,19.85,20.094999,19.85,20.0,13.429321,16500.0,16500.0,0.15,0.756,19.98167,"March 29, 17",0.00756
0,2017-03-28,20.1,20.1,19.860001,19.950001,13.395749,11700.0,11700.0,-0.15,-0.746,19.97,"March 28, 17",-0.00746
0,2017-03-27,19.799999,20.049999,19.75,20.0,13.429321,20000.0,20000.0,0.2,1.01,19.93333,"March 27, 17",0.0101
0,2017-03-24,19.65,19.950001,19.6,19.9,13.362173,52800.0,52800.0,0.25,1.272,19.81667,"March 24, 17",0.01272
0,2017-03-23,19.700001,19.700001,19.450001,19.549999,13.127159,67900.0,67900.0,-0.15,-0.761,19.56667,"March 23, 17",-0.00761
0,2017-03-22,19.35,19.700001,19.35,19.700001,13.22788,17200.0,17200.0,0.35,1.809,19.58333,"March 22, 17",0.01809
0,2017-03-21,19.82,19.9,19.35,19.4,13.026442,34600.0,34600.0,-0.42,-2.119,19.55,"March 21, 17",-0.02119
0,2017-03-20,20.0,20.1,19.75,19.9,13.362173,29300.0,29300.0,-0.1,-0.5,19.91667,"March 20, 17",-0.005
0,2017-03-17,19.950001,20.15,19.790001,19.9,13.362173,23900.0,23900.0,-0.05,-0.251,19.94667,"March 17, 17",-0.00251
0,2017-03-16,19.950001,20.030001,19.799999,19.950001,13.395749,37800.0,37800.0,0.0,0.0,19.92667,"March 16, 17",0.0
0,2017-03-15,19.450001,20.0,19.25,19.950001,13.395749,26300.0,26300.0,0.5,2.571,19.73333,"March 15, 17",0.02571
0,2017-03-14,19.450001,19.65,19.399,19.4,13.026442,24800.0,24800.0,-0.05,-0.257,19.483,"March 14, 17",-0.00257
0,2017-03-13,20.0,20.1,19.450001,19.5,13.093588,54800.0,54800.0,-0.5,-2.5,19.68333,"March 13, 17",-0.025
0,2017-03-10,19.4,20.049999,19.299999,20.0,13.429321,17800.0,17800.0,0.6,3.093,19.78333,"March 10, 17",0.03093
0,2017-03-09,19.9,20.1,19.299999,19.4,13.026442,39500.0,39500.0,-0.5,-2.513,19.6,"March 09, 17",-0.02513
0,2017-03-08,20.0,20.049999,19.85,20.0,13.429321,46400.0,46400.0,0.0,0.0,19.96667,"March 08, 17",0.0
0,2017-03-07,20.1,20.225,19.940001,20.0,13.429321,26500.0,26500.0,-0.1,-0.498,20.055,"March 07, 17",-0.00498
0,2017-03-06,19.950001,20.26,19.855,20.0,13.429321,70300.0,70300.0,0.05,0.251,20.03833,"March 06, 17",0.00251
0,2017-03-03,19.65,19.9,19.549999,19.85,13.3286,26700.0,26700.0,0.2,1.018,19.76667,"March 03, 17",0.01018
0,2017-03-02,19.65,19.950001,19.5,19.549999,13.127159,45200.0,45200.0,-0.1,-0.509,19.66667,"March 02, 17",-0.00509
0,2017-03-01,19.9,19.950001,19.555,19.75,13.261453,36400.0,36400.0,-0.15,-0.754,19.75167,"March 01, 17",-0.00754
0,2017-02-28,19.9,20.0,19.790001,19.799999,13.295025,40400.0,40400.0,-0.1,-0.503,19.86333,"February 28, 17",-0.00503
0,2017-02-27,20.0,20.0,19.700001,19.85,13.3286,28300.0,28300.0,-0.15,-0.75,19.85,"February 27, 17",-0.0075
0,2017-02-24,20.35,20.35,20.049999,20.049999,13.462893,32100.0,32100.0,-0.3,-1.474,20.15,"February 24, 17",-0.01474
0,2017-02-23,20.450001,20.559,20.35,20.450001,13.731483,32500.0,32500.0,0.0,0.0,20.453,"February 23, 17",0.0
0,2017-02-22,19.9,20.5,19.9,20.35,13.664332,45000.0,45000.0,0.45,2.261,20.25,"February 22, 17",0.02261
0,2017-02-21,19.799999,20.0,19.66,19.9,13.362173,32200.0,32200.0,0.1,0.505,19.85333,"February 21, 17",0.00505
0,2017-02-17,19.799999,19.799999,19.674999,19.700001,13.22788,13200.0,13200.0,-0.1,-0.505,19.725,"February 17, 17",-0.00505
0,2017-02-16,19.75,19.75,19.5,19.75,13.261453,31000.0,31000.0,0.0,0.0,19.66667,"February 16, 17",0.0
0,2017-02-15,19.75,19.75,19.549999,19.700001,13.22788,47200.0,47200.0,-0.05,-0.253,19.66667,"February 15, 17",-0.00253
0,2017-02-14,19.65,19.75,19.450001,19.75,13.261453,44700.0,44700.0,0.1,0.509,19.65,"February 14, 17",0.00509
0,2017-02-13,19.6,19.65,19.5,19.65,13.194306,48200.0,48200.0,0.05,0.255,19.6,"February 13, 17",0.00255
0,2017-02-10,19.25,19.5,19.211,19.35,12.992869,112100.0,112100.0,0.1,0.519,19.35367,"February 10, 17",0.00519
0,2017-02-09,19.299999,19.450001,18.99,19.049999,12.791427,97200.0,97200.0,-0.25,-1.295,19.16333,"February 09, 17",-0.01295
0,2017-02-08,18.6,19.0,18.5,18.950001,12.724281,74100.0,74100.0,0.35,1.882,18.81667,"February 08, 17",0.01882
0,2017-02-07,18.4,18.6,18.200001,18.450001,12.388546,109200.0,109200.0,0.05,0.272,18.41667,"February 07, 17",0.00272
0,2017-02-06,18.85,18.85,18.25,18.4,12.354975,110700.0,110700.0,-0.45,-2.387,18.5,"February 06, 17",-0.02387
0,2017-02-03,19.15,19.15,18.6,18.799999,12.623561,52600.0,52600.0,-0.35,-1.828,18.85,"February 03, 17",-0.01828
0,2017-02-02,19.1,19.219999,18.610001,19.1,12.825003,49100.0,49100.0,0.0,0.0,18.97667,"February 02, 17",0.0
0,2017-02-01,19.65,19.75,18.950001,19.1,12.825003,74400.0,74400.0,-0.55,-2.799,19.26667,"February 01, 17",-0.02799
0,2017-01-31,20.1,20.341,19.450001,19.799999,13.006292,118700.0,118700.0,-0.3,-1.493,19.86367,"January 31, 17",-0.01493
0,2017-01-30,20.1,20.1,19.6,20.1,13.203359,104500.0,104500.0,0.0,0.0,19.93333,"January 30, 17",0.0
0,2017-01-27,20.5,20.575001,20.1,20.15,13.236206,65500.0,65500.0,-0.35,-1.707,20.275,"January 27, 17",-0.01707
0,2017-01-26,21.049999,21.049999,20.35,20.4,13.400426,57900.0,57900.0,-0.65,-3.088,20.6,"January 26, 17",-0.03088
0,2017-01-25,21.0,21.09,20.65,20.799999,13.663179,56100.0,56100.0,-0.2,-0.952,20.84667,"January 25, 17",-0.00952
0,2017-01-24,21.1,21.1,20.85,21.0,13.794556,24800.0,24800.0,-0.1,-0.474,20.98333,"January 24, 17",-0.00474
0,2017-01-23,21.0,21.049999,20.799999,20.950001,13.761715,41100.0,41100.0,-0.05,-0.238,20.93333,"January 23, 17",-0.00238
0,2017-01-20,21.049999,21.1,20.799999,20.950001,13.761715,28900.0,28900.0,-0.1,-0.475,20.95,"January 20, 17",-0.00475
0,2017-01-19,21.049999,21.15,20.85,20.9,13.728869,54200.0,54200.0,-0.15,-0.713,20.96667,"January 19, 17",-0.00713
0,2017-01-18,21.0,21.1,20.9,20.9,13.728869,13500.0,13500.0,-0.1,-0.476,20.96667,"January 18, 17",-0.00476
0,2017-01-17,20.9,21.153999,20.799999,20.9,13.728869,38400.0,38400.0,0.0,0.0,20.95133,"January 17, 17",0.0
0,2017-01-13,20.65,20.950001,20.579,20.85,13.696026,66500.0,66500.0,0.2,0.969,20.793,"January 13, 17",0.00969
0,2017-01-12,20.75,20.75,20.450001,20.549999,13.498959,46500.0,46500.0,-0.2,-0.964,20.58333,"January 12, 17",-0.00964
0,2017-01-11,20.5,20.65,20.4,20.575001,13.51538,41200.0,41200.0,0.075,0.366,20.54167,"January 11, 17",0.00366
0,2017-01-10,20.4,20.549999,20.299999,20.450001,13.433274,62600.0,62600.0,0.05,0.245,20.43333,"January 10, 17",0.00245
0,2017-01-09,20.5,20.528999,20.049999,20.35,13.36758,76700.0,76700.0,-0.15,-0.732,20.30967,"January 09, 17",-0.00732
0,2017-01-06,20.4,20.549999,20.1,20.450001,13.433274,31700.0,31700.0,0.05,0.245,20.36667,"January 06, 17",0.00245
0,2017-01-05,20.4,20.5,20.200001,20.299999,13.334737,38900.0,38900.0,-0.1,-0.49,20.33333,"January 05, 17",-0.0049
0,2017-01-04,19.950001,20.549999,19.950001,20.450001,13.433274,76100.0,76100.0,0.5,2.506,20.31667,"January 04, 17",0.02506
0,2017-01-03,19.700001,20.549999,19.700001,19.75,12.973453,113100.0,113100.0,0.05,0.254,20.0,"January 03, 17",0.00254
0,2016-12-30,19.549999,19.799999,19.405001,19.799999,13.006292,167600.0,167600.0,0.25,1.279,19.66833,"December 30, 16",0.01279
0,2016-12-29,19.700001,19.700001,19.25,19.4,12.743542,42400.0,42400.0,-0.3,-1.523,19.45,"December 29, 16",-0.01523
0,2016-12-28,19.700001,19.700001,19.35,19.5,12.809231,48900.0,48900.0,-0.2,-1.015,19.51667,"December 28, 16",-0.01015
0,2016-12-27,18.85,19.65,18.655001,19.5,12.809231,99400.0,99400.0,0.65,3.448,19.26833,"December 27, 16",0.03448
0,2016-12-23,18.6,18.761999,18.35,18.549999,12.185191,38600.0,38600.0,-0.05,-0.269,18.554,"December 23, 16",-0.00269
0,2016-12-22,18.450001,18.722,18.4,18.549999,12.185191,21500.0,21500.0,0.1,0.542,18.55733,"December 22, 16",0.00542
0,2016-12-21,18.65,19.011999,18.4,18.450001,12.119504,30300.0,30300.0,-0.2,-1.072,18.62067,"December 21, 16",-0.01072
0,2016-12-20,18.700001,18.75,18.5,18.549999,12.185191,14800.0,14800.0,-0.15,-0.802,18.6,"December 20, 16",-0.00802
0,2016-12-19,18.85,19.049999,18.549999,18.65,12.250879,41600.0,41600.0,-0.2,-1.061,18.75,"December 19, 16",-0.01061
0,2016-12-16,18.9,19.112,18.6,18.950001,12.447945,14400.0,14400.0,0.05,0.265,18.88733,"December 16, 16",0.00265
0,2016-12-15,19.1,19.295,18.75,18.85,12.382257,17700.0,17700.0,-0.25,-1.309,18.965,"December 15, 16",-0.01309
0,2016-12-14,18.950001,19.299999,18.9,19.0,12.480788,46800.0,46800.0,0.05,0.264,19.06667,"December 14, 16",0.00264
0,2016-12-13,18.85,19.0,18.450001,18.950001,12.447945,13400.0,13400.0,0.1,0.531,18.8,"December 13, 16",0.00531
0,2016-12-12,19.25,19.295,18.5,18.75,12.31657,51000.0,51000.0,-0.5,-2.597,18.84833,"December 12, 16",-0.02597
0,2016-12-09,19.35,19.35,19.01,19.15,12.579324,28200.0,28200.0,-0.2,-1.034,19.17,"December 09, 16",-0.01034
0,2016-12-08,19.200001,19.25,19.0,19.25,12.64501,103000.0,103000.0,0.05,0.26,19.16667,"December 08, 16",0.0026
0,2016-12-07,18.950001,19.299999,18.825001,19.200001,12.612167,56500.0,56500.0,0.25,1.319,19.10833,"December 07, 16",0.01319
0,2016-12-06,18.0,19.1,17.85,18.799999,12.349411,124700.0,124700.0,0.8,4.444,18.58333,"December 06, 16",0.04444
0,2016-12-05,18.0,18.059999,17.799999,17.85,11.725374,62100.0,62100.0,-0.15,-0.833,17.90333,"December 05, 16",-0.00833
0,2016-12-02,18.0,18.15,18.0,18.0,11.823907,23300.0,23300.0,0.0,0.0,18.05,"December 02, 16",0.0
0,2016-12-01,18.25,18.271999,18.0,18.049999,11.856747,42000.0,42000.0,-0.2,-1.096,18.10733,"December 01, 16",-0.01096
0,2016-11-30,18.200001,18.35,18.110001,18.25,11.988127,30300.0,30300.0,0.05,0.275,18.23667,"November 30, 16",0.00275
0,2016-11-29,18.25,18.25,18.049999,18.200001,11.955283,67300.0,67300.0,-0.05,-0.274,18.16667,"November 29, 16",-0.00274
0,2016-11-28,18.35,18.4,18.25,18.25,11.988127,27000.0,27000.0,-0.1,-0.545,18.3,"November 28, 16",-0.00545
0,2016-11-25,18.4,18.450001,18.25,18.299999,12.02097,19200.0,19200.0,-0.1,-0.543,18.33333,"November 25, 16",-0.00543
0,2016-11-23,18.0,18.35,18.0,18.299999,12.02097,29800.0,29800.0,0.3,1.667,18.21667,"November 23, 16",0.01667
0,2016-11-22,18.299999,18.556999,18.049999,18.1,11.889595,63900.0,63900.0,-0.2,-1.093,18.23567,"November 22, 16",-0.01093
0,2016-11-21,18.299999,18.530001,18.25,18.25,11.988127,38000.0,38000.0,-0.05,-0.273,18.34333,"November 21, 16",-0.00273
0,2016-11-18,18.15,18.299999,18.049999,18.25,11.988127,38400.0,38400.0,0.1,0.551,18.2,"November 18, 16",0.00551
0,2016-11-17,18.299999,18.4,18.025,18.049999,11.856747,52900.0,52900.0,-0.25,-1.366,18.15833,"November 17, 16",-0.01366
0,2016-11-16,18.25,18.299999,18.0,18.299999,12.02097,21200.0,21200.0,0.05,0.274,18.2,"November 16, 16",0.00274
0,2016-11-15,18.049999,18.549999,17.872999,18.200001,11.955283,50500.0,50500.0,0.15,0.831,18.20767,"November 15, 16",0.00831
0,2016-11-14,18.75,18.9,17.299999,17.85,11.725374,100800.0,100800.0,-0.9,-4.8,18.01667,"November 14, 16",-0.048
0,2016-11-11,17.950001,18.700001,17.950001,18.6,12.218038,56600.0,56600.0,0.65,3.621,18.41667,"November 11, 16",0.03621
0,2016-11-10,18.049999,18.09,17.049999,17.950001,11.791063,77400.0,77400.0,-0.1,-0.554,17.69667,"November 10, 16",-0.00554
0,2016-11-09,17.799999,18.4,17.6,18.1,11.889595,162300.0,162300.0,0.3,1.685,18.03333,"November 09, 16",0.01685
0,2016-11-08,18.700001,18.927999,18.299999,18.6,12.218038,57000.0,57000.0,-0.1,-0.535,18.60933,"November 08, 16",-0.00535
0,2016-11-07,19.5,19.5,18.549999,18.6,12.218038,55800.0,55800.0,-0.9,-4.615,18.88333,"November 07, 16",-0.04615
0,2016-11-04,19.0,19.0,18.549999,18.6,12.218038,39000.0,39000.0,-0.4,-2.105,18.71667,"November 04, 16",-0.02105
0,2016-11-03,19.15,19.299999,18.9,18.950001,12.447945,53100.0,53100.0,-0.2,-1.044,19.05,"November 03, 16",-0.01044
0,2016-11-02,19.5,19.65,18.549999,19.299999,12.677855,90300.0,90300.0,-0.2,-1.026,19.16667,"November 02, 16",-0.01026
0,2016-11-01,21.5,21.5,20.700001,20.75,13.354445,61600.0,61600.0,-0.75,-3.488,20.98333,"November 01, 16",-0.03488
0,2016-10-31,21.5,21.5,20.549999,21.25,13.676239,88200.0,88200.0,-0.25,-1.163,21.1,"October 31, 16",-0.01163
0,2016-10-28,21.26,21.450001,21.08,21.448999,13.804314,73000.0,73000.0,0.189,0.889,21.32633,"October 28, 16",0.00889
0,2016-10-27,21.469999,21.469999,21.059999,21.110001,13.586135,74000.0,74000.0,-0.36,-1.677,21.21333,"October 27, 16",-0.01677
0,2016-10-26,21.200001,21.749001,20.893999,21.139999,13.605441,81400.0,81400.0,-0.06,-0.283,21.261,"October 26, 16",-0.00283
0,2016-10-25,20.879999,21.16,20.629999,21.129999,13.599008,57000.0,57000.0,0.25,1.197,20.97333,"October 25, 16",0.01197
0,2016-10-24,20.280001,20.82,20.041,20.780001,13.373753,95300.0,95300.0,0.5,2.465,20.547,"October 24, 16",0.02465
0,2016-10-21,20.15,20.190001,19.91,19.98,12.858881,86900.0,86900.0,-0.17,-0.844,20.02667,"October 21, 16",-0.00844
0,2016-10-20,19.969999,20.438999,19.719999,19.98,12.858881,74700.0,74700.0,0.01,0.05,20.04633,"October 20, 16",0.0005
0,2016-10-19,19.370001,19.77,19.209999,19.77,12.723728,69400.0,69400.0,0.4,2.065,19.58333,"October 19, 16",0.02065
0,2016-10-18,19.040001,19.379999,19.0,19.25,12.389063,27100.0,27100.0,0.21,1.103,19.21,"October 18, 16",0.01103
0,2016-10-17,18.950001,18.959999,18.6,18.879999,12.150934,28100.0,28100.0,-0.07,-0.369,18.81333,"October 17, 16",-0.00369
0,2016-10-14,18.719999,18.790001,18.4,18.790001,12.093015,30800.0,30800.0,0.07,0.374,18.66,"October 14, 16",0.00374
0,2016-10-13,18.940001,18.940001,18.299999,18.6,11.970733,64600.0,64600.0,-0.34,-1.795,18.61333,"October 13, 16",-0.01795
0,2016-10-12,19.23,19.23,18.940001,18.950001,12.195987,29700.0,29700.0,-0.28,-1.456,19.04,"October 12, 16",-0.01456
0,2016-10-11,19.389999,19.52,19.059999,19.139999,12.318268,32100.0,32100.0,-0.25,-1.289,19.24,"October 11, 16",-0.01289
0,2016-10-10,19.549999,19.65,19.395,19.5,12.54996,43400.0,43400.0,-0.05,-0.256,19.515,"October 10, 16",-0.00256
0,2016-10-07,19.549999,19.549999,19.16,19.35,12.453421,26400.0,26400.0,-0.2,-1.023,19.35333,"October 07, 16",-0.01023
0,2016-10-06,19.5,19.59,19.4,19.4,12.4856,17300.0,17300.0,-0.1,-0.513,19.46333,"October 06, 16",-0.00513
0,2016-10-05,19.57,19.690001,19.41,19.48,12.537087,52200.0,52200.0,-0.09,-0.46,19.52667,"October 05, 16",-0.0046
0,2016-10-04,19.559999,19.559999,19.268,19.549999,12.58214,43300.0,43300.0,-0.01,-0.051,19.45933,"October 04, 16",-0.00051
0,2016-10-03,19.280001,19.65,19.040001,19.559999,12.588575,89700.0,89700.0,0.28,1.452,19.41667,"October 03, 16",0.01452
0,2016-09-30,19.415001,19.415001,19.1,19.200001,12.356884,48200.0,48200.0,-0.215,-1.107,19.23833,"September 30, 16",-0.01107
0,2016-09-29,19.299999,19.405001,18.889999,19.15,12.324706,36000.0,36000.0,-0.15,-0.777,19.14833,"September 29, 16",-0.00777
0,2016-09-28,18.85,19.41,18.76,19.209999,12.363319,55900.0,55900.0,0.36,1.91,19.12667,"September 28, 16",0.0191
0,2016-09-27,19.35,19.35,18.77,18.9,12.163806,47400.0,47400.0,-0.45,-2.326,19.00667,"September 27, 16",-0.02326
0,2016-09-26,19.370001,19.540001,19.110001,19.120001,12.305396,35600.0,35600.0,-0.25,-1.291,19.25667,"September 26, 16",-0.01291
0,2016-09-23,19.620001,19.771,19.059999,19.370001,12.466293,63400.0,63400.0,-0.25,-1.274,19.40033,"September 23, 16",-0.01274
0,2016-09-22,19.5,19.889999,19.5,19.6,12.614323,81100.0,81100.0,0.1,0.513,19.66333,"September 22, 16",0.00513
0,2016-09-21,19.59,19.59,19.1,19.42,12.498472,44100.0,44100.0,-0.17,-0.868,19.37,"September 21, 16",-0.00868
0,2016-09-20,18.610001,19.440001,18.5,19.389999,12.479164,73700.0,73700.0,0.78,4.191,19.11,"September 20, 16",0.04191
0,2016-09-19,18.5,18.914,18.299999,18.620001,11.983604,56600.0,56600.0,0.12,0.649,18.61133,"September 19, 16",0.00649
0,2016-09-16,18.58,18.622999,18.27,18.52,11.919242,41400.0,41400.0,-0.06,-0.323,18.471,"September 16, 16",-0.00323
0,2016-09-15,18.790001,18.82,18.43,18.58,11.95786,58700.0,58700.0,-0.21,-1.118,18.61,"September 15, 16",-0.01118
0,2016-09-14,18.540001,18.790001,18.33,18.65,12.002909,84600.0,84600.0,0.11,0.593,18.59,"September 14, 16",0.00593
0,2016-09-13,19.4,19.639999,18.32,18.42,11.854887,63500.0,63500.0,-0.98,-5.052,18.79333,"September 13, 16",-0.05052
0,2016-09-12,19.360001,20.120001,19.24,19.440001,12.511346,81800.0,81800.0,0.08,0.413,19.6,"September 12, 16",0.00413
0,2016-09-09,20.0,20.120001,19.120001,19.18,12.344013,123800.0,123800.0,-0.82,-4.1,19.47333,"September 09, 16",-0.041
0,2016-09-08,19.620001,20.41,19.6,20.110001,12.942548,178100.0,178100.0,0.49,2.497,20.04,"September 08, 16",0.02497
0,2016-09-07,19.379999,19.700001,19.326,19.559999,12.588575,121200.0,121200.0,0.18,0.929,19.52867,"September 07, 16",0.00929
0,2016-09-06,19.059999,19.360001,18.924,19.309999,12.427679,110700.0,110700.0,0.25,1.312,19.198,"September 06, 16",0.01312
0,2016-09-02,18.870001,19.09,18.75,18.82,12.112318,134500.0,134500.0,-0.05,-0.265,18.88667,"September 02, 16",-0.00265
0,2016-09-01,18.51,19.1,18.5,18.709999,12.041526,142700.0,142700.0,0.2,1.08,18.77,"September 01, 16",0.0108
0,2016-08-31,18.280001,18.77,18.26,18.42,11.854887,164100.0,164100.0,0.14,0.766,18.48333,"August 31, 16",0.00766
0,2016-08-30,17.809999,18.43,17.749001,18.18,11.700424,85000.0,85000.0,0.37,2.077,18.11967,"August 30, 16",0.02077
0,2016-08-29,17.889999,18.059999,17.629999,17.860001,11.494478,64800.0,64800.0,-0.03,-0.168,17.85,"August 29, 16",-0.00168
0,2016-08-26,18.25,18.51,17.799999,17.889999,11.513783,80100.0,80100.0,-0.36,-1.973,18.06667,"August 26, 16",-0.01973
0,2016-08-25,18.610001,18.764,18.309999,18.309999,11.784091,61100.0,61100.0,-0.3,-1.612,18.46133,"August 25, 16",-0.01612
0,2016-08-24,18.41,18.979,18.27,18.450001,11.874194,164300.0,164300.0,0.04,0.217,18.56633,"August 24, 16",0.00217
0,2016-08-23,18.59,18.84,18.26,18.280001,11.764785,105100.0,105100.0,-0.31,-1.668,18.46,"August 23, 16",-0.01668
0,2016-08-22,18.75,18.9,18.27,18.370001,11.822708,56200.0,56200.0,-0.38,-2.027,18.51333,"August 22, 16",-0.02027
0,2016-08-19,18.280001,18.719999,18.280001,18.639999,11.996472,54300.0,54300.0,0.36,1.969,18.54667,"August 19, 16",0.01969
0,2016-08-18,18.4,18.73,18.25,18.530001,11.92568,82900.0,82900.0,0.13,0.707,18.50333,"August 18, 16",0.00707
0,2016-08-17,17.889999,18.370001,17.84,18.15,11.681117,57200.0,57200.0,0.26,1.453,18.12,"August 17, 16",0.01453
0,2016-08-16,17.889999,17.91,17.690001,17.809999,11.462297,26100.0,26100.0,-0.08,-0.447,17.80333,"August 16, 16",-0.00447
0,2016-08-15,17.799999,17.799999,17.610001,17.789,11.448781,35800.0,35800.0,-0.011,-0.062,17.733,"August 15, 16",-0.00062
0,2016-08-12,17.700001,17.719999,17.610001,17.700001,11.391504,24800.0,24800.0,0.0,0.0,17.67667,"August 12, 16",0.0
0,2016-08-11,17.790001,17.806,17.610001,17.610001,11.33358,18200.0,18200.0,-0.18,-1.012,17.67533,"August 11, 16",-0.01012
0,2016-08-10,17.610001,17.729,17.469999,17.67,11.372193,15000.0,15000.0,0.06,0.341,17.623,"August 10, 16",0.00341
0,2016-08-09,17.34,17.778999,17.280001,17.469999,11.243476,54400.0,54400.0,0.13,0.75,17.50967,"August 09, 16",0.0075
0,2016-08-08,17.790001,17.809999,17.200001,17.299999,11.134068,216500.0,216500.0,-0.49,-2.754,17.43667,"August 08, 16",-0.02754
0,2016-08-05,17.879999,17.899,17.65,17.65,11.359323,39000.0,39000.0,-0.23,-1.286,17.733,"August 05, 16",-0.01286
0,2016-08-04,17.93,18.17,17.620001,17.799999,11.455859,86800.0,86800.0,-0.13,-0.725,17.86333,"August 04, 16",-0.00725
0,2016-08-03,17.889999,18.389999,17.030001,17.540001,11.288531,121800.0,121800.0,-0.35,-1.956,17.65333,"August 03, 16",-0.01956
0,2016-08-02,18.16,18.256001,17.224001,17.709999,11.134068,44700.0,44700.0,-0.45,-2.478,17.73,"August 02, 16",-0.02478
0,2016-08-01,17.42,18.18,17.26,17.870001,11.23466,48000.0,48000.0,0.45,2.583,17.77,"August 01, 16",0.02583
0,2016-07-29,17.809999,18.5,17.700001,18.49,11.624444,65800.0,65800.0,0.68,3.818,18.23,"July 29, 16",0.03818
0,2016-07-28,17.5,17.950001,17.273001,17.950001,11.284954,38500.0,38500.0,0.45,2.571,17.72433,"July 28, 16",0.02571
0,2016-07-27,17.5,17.5,17.26,17.49,10.995754,72900.0,72900.0,-0.01,-0.057,17.41667,"July 27, 16",-0.00057
0,2016-07-26,16.995001,17.395,16.610001,17.280001,10.863731,49800.0,49800.0,0.285,1.677,17.095,"July 26, 16",0.01677
0,2016-07-25,17.379999,17.379999,16.745001,17.030001,10.706558,53900.0,53900.0,-0.35,-2.014,17.05167,"July 25, 16",-0.02014
0,2016-07-22,16.91,17.719,16.905001,17.200001,10.813436,69300.0,69300.0,0.29,1.715,17.27467,"July 22, 16",0.01715
0,2016-07-21,16.67,17.18,16.257,16.870001,10.605969,90100.0,90100.0,0.2,1.2,16.769,"July 21, 16",0.012
0,2016-07-20,16.35,16.75,16.32,16.6,10.436224,86700.0,86700.0,0.25,1.529,16.55667,"July 20, 16",0.01529
0,2016-07-19,16.200001,16.42,16.030001,16.42,10.323062,34000.0,34000.0,0.22,1.358,16.29,"July 19, 16",0.01358
0,2016-07-18,16.17,16.35,16.110001,16.25,10.216183,60500.0,60500.0,0.08,0.495,16.23667,"July 18, 16",0.00495
0,2016-07-15,16.049999,16.139999,15.96,16.09,10.115593,28100.0,28100.0,0.04,0.249,16.06333,"July 15, 16",0.00249
0,2016-07-14,16.044001,16.299999,15.97,16.15,10.153315,20600.0,20600.0,0.106,0.661,16.14,"July 14, 16",0.00661
0,2016-07-13,16.07,16.35,15.8,16.0,10.059011,45900.0,45900.0,-0.07,-0.436,16.05,"July 13, 16",-0.00436
0,2016-07-12,15.88,16.245001,15.53,16.1,10.121881,68400.0,68400.0,0.22,1.385,15.95833,"July 12, 16",0.01385
0,2016-07-11,15.67,16.0,15.67,15.91,10.002429,56000.0,56000.0,0.24,1.532,15.86,"July 11, 16",0.01532
0,2016-07-08,15.78,15.93,15.47,15.47,9.725806,38800.0,38800.0,-0.31,-1.965,15.62333,"July 08, 16",-0.01965
0,2016-07-07,15.69,15.95,15.3,15.56,9.782389,23500.0,23500.0,-0.13,-0.829,15.60333,"July 07, 16",-0.00829
0,2016-07-06,15.25,15.69,15.25,15.59,9.80125,16700.0,16700.0,0.34,2.23,15.51,"July 06, 16",0.0223
0,2016-07-05,15.79,15.84,15.22,15.22,9.568634,22300.0,22300.0,-0.57,-3.61,15.42667,"July 05, 16",-0.0361
0,2016-07-01,15.69,15.99,15.495,15.99,10.052725,58600.0,58600.0,0.3,1.912,15.825,"July 01, 16",0.01912
0,2016-06-30,15.45,15.72,15.26,15.55,9.776102,36100.0,36100.0,0.1,0.647,15.51,"June 30, 16",0.00647
0,2016-06-29,15.83,16.1,15.3,15.3,9.618929,33200.0,33200.0,-0.53,-3.348,15.56667,"June 29, 16",-0.03348
0,2016-06-28,15.5,15.694,15.13,15.35,9.650363,20300.0,20300.0,-0.15,-0.968,15.39133,"June 28, 16",-0.00968
0,2016-06-27,15.0,15.39,14.66,15.37,9.662937,54900.0,54900.0,0.37,2.467,15.14,"June 27, 16",0.02467
0,2016-06-24,15.01,15.59,15.01,15.22,9.568634,32800.0,32800.0,0.21,1.399,15.27333,"June 24, 16",0.01399
0,2016-06-23,15.14,15.33,14.9,15.27,9.60007,34700.0,34700.0,0.13,0.859,15.16667,"June 23, 16",0.00859
0,2016-06-22,14.99,15.48,14.81,15.18,9.543487,20400.0,20400.0,0.19,1.268,15.15667,"June 22, 16",0.01268
0,2016-06-21,14.67,15.0,14.55,14.85,9.336021,18900.0,18900.0,0.18,1.227,14.8,"June 21, 16",0.01227
0,2016-06-20,14.57,15.287,14.51,14.63,9.197707,30200.0,30200.0,0.06,0.412,14.809,"June 20, 16",0.00412
0,2016-06-17,15.0,15.27,14.33,14.54,9.141127,60900.0,60900.0,-0.46,-3.067,14.71333,"June 17, 16",-0.03067
0,2016-06-16,15.38,15.76,15.0,15.02,9.442896,76600.0,76600.0,-0.36,-2.341,15.26,"June 16, 16",-0.02341
0,2016-06-15,15.26,15.495,15.04,15.22,9.568634,20900.0,20900.0,-0.04,-0.262,15.25167,"June 15, 16",-0.00262
0,2016-06-14,15.62,15.65,15.001,15.3,9.618929,31800.0,31800.0,-0.32,-2.049,15.317,"June 14, 16",-0.02049
0,2016-06-13,15.56,15.58,15.3,15.58,9.79496,14300.0,14300.0,0.02,0.129,15.48667,"June 13, 16",0.00129
0,2016-06-10,15.51,15.75,15.24,15.56,9.782389,21700.0,21700.0,0.05,0.322,15.51667,"June 10, 16",0.00322
0,2016-06-09,15.48,15.68,15.14,15.5,9.744666,39600.0,39600.0,0.02,0.129,15.44,"June 09, 16",0.00129
0,2016-06-08,15.31,15.8,15.12,15.5,9.744666,49600.0,49600.0,0.19,1.241,15.47333,"June 08, 16",0.01241
0,2016-06-07,15.25,15.56,15.07,15.27,9.60007,49500.0,49500.0,0.02,0.131,15.3,"June 07, 16",0.00131
0,2016-06-06,15.24,15.5,14.945,15.35,9.650363,89200.0,89200.0,0.11,0.722,15.265,"June 06, 16",0.00722
0,2016-06-03,15.25,15.3,14.9,15.25,9.587496,18400.0,18400.0,0.0,0.0,15.15,"June 03, 16",0.0
0,2016-06-02,15.3,15.484,15.052,15.25,9.587496,50400.0,50400.0,-0.05,-0.327,15.262,"June 02, 16",-0.00327
0,2016-06-01,14.4,15.67,14.4,15.33,9.63779,175800.0,175800.0,0.93,6.458,15.13333,"June 01, 16",0.06458
0,2016-05-31,14.045,14.48,14.045,14.4,9.05311,112100.0,112100.0,0.355,2.528,14.30833,"May 31, 16",0.02528
0,2016-05-27,14.2,14.2,13.95,14.0,8.801634,47300.0,47300.0,-0.2,-1.408,14.05,"May 27, 16",-0.01408
0,2016-05-26,13.94,14.33,13.81,14.23,8.946233,31500.0,31500.0,0.29,2.08,14.12333,"May 26, 16",0.0208
0,2016-05-25,13.85,14.25,13.85,13.91,8.745053,51500.0,51500.0,0.06,0.433,14.00333,"May 25, 16",0.00433
0,2016-05-24,13.62,13.9,13.61,13.85,8.707332,33300.0,33300.0,0.23,1.689,13.78667,"May 24, 16",0.01689
0,2016-05-23,13.5,13.65,13.42,13.63,8.569018,33800.0,33800.0,0.13,0.963,13.56667,"May 23, 16",0.00963
0,2016-05-20,13.66,13.69,13.5,13.57,8.531299,73500.0,73500.0,-0.09,-0.659,13.58667,"May 20, 16",-0.00659
0,2016-05-19,13.48,13.77,13.4,13.77,8.657036,42700.0,42700.0,0.29,2.151,13.64667,"May 19, 16",0.02151
0,2016-05-18,13.65,13.868,13.45,13.58,8.537584,81900.0,81900.0,-0.07,-0.513,13.63267,"May 18, 16",-0.00513
0,2016-05-17,13.81,13.92,13.7,13.775,8.660178,31300.0,31300.0,-0.035,-0.253,13.79833,"May 17, 16",-0.00253
0,2016-05-16,13.7,13.95,13.7,13.8,8.675896,19700.0,19700.0,0.1,0.73,13.81667,"May 16, 16",0.0073
0,2016-05-13,13.73,13.92,13.65,13.78,8.663323,14100.0,14100.0,0.05,0.364,13.78333,"May 13, 16",0.00364
0,2016-05-12,13.79,14.04,13.7,13.7,8.613028,76200.0,76200.0,-0.09,-0.653,13.81333,"May 12, 16",-0.00653
0,2016-05-11,13.765,13.903,13.57,13.87,8.719903,35900.0,35900.0,0.105,0.763,13.781,"May 11, 16",0.00763
0,2016-05-10,13.82,13.82,13.71,13.81,8.682186,26400.0,26400.0,-0.01,-0.072,13.78,"May 10, 16",-0.00072
0,2016-05-09,14.0,14.0,13.75,13.785,8.666464,26000.0,26000.0,-0.215,-1.536,13.845,"May 09, 16",-0.01536
0,2016-05-06,13.86,14.0,13.83,13.98,8.78906,10000.0,10000.0,0.12,0.866,13.93667,"May 06, 16",0.00866
0,2016-05-05,14.04,14.06,13.83,13.91,8.745053,18200.0,18200.0,-0.13,-0.926,13.93333,"May 05, 16",-0.00926
0,2016-05-04,14.15,14.15,13.87,14.04,8.826782,68100.0,68100.0,-0.11,-0.777,14.02,"May 04, 16",-0.00777
0,2016-05-03,14.29,14.39,14.06,14.29,8.729337,43900.0,43900.0,0.0,0.0,14.24667,"May 03, 16",0.0
0,2016-05-02,14.35,14.38,14.217,14.33,8.753772,37400.0,37400.0,-0.02,-0.139,14.309,"May 02, 16",-0.00139
0,2016-04-29,14.33,14.43,14.2,14.35,8.765987,55900.0,55900.0,0.02,0.14,14.32667,"April 29, 16",0.0014
0,2016-04-28,14.08,14.33,13.92,14.33,8.753772,55400.0,55400.0,0.25,1.776,14.19333,"April 28, 16",0.01776
0,2016-04-27,14.08,14.34,14.0,14.0,8.552182,51100.0,51100.0,-0.08,-0.568,14.11333,"April 27, 16",-0.00568
0,2016-04-26,14.0,14.18,13.81,14.18,8.662141,24900.0,24900.0,0.18,1.286,14.05667,"April 26, 16",0.01286
0,2016-04-25,13.87,14.19,13.75,14.025,8.567455,53200.0,53200.0,0.155,1.118,13.98833,"April 25, 16",0.01118
0,2016-04-22,14.336,14.336,13.6,13.74,8.393356,56900.0,56900.0,-0.596,-4.157,13.892,"April 22, 16",-0.04157
0,2016-04-21,13.88,14.04,13.68,13.75,8.399466,33700.0,33700.0,-0.13,-0.937,13.82333,"April 21, 16",-0.00937
0,2016-04-20,14.017,14.06,13.73,13.93,8.509424,37400.0,37400.0,-0.087,-0.621,13.90667,"April 20, 16",-0.00621
0,2016-04-19,13.79,14.02,13.72,13.84,8.454441,28900.0,28900.0,0.05,0.363,13.86,"April 19, 16",0.00363
0,2016-04-18,14.07,14.2,13.67,13.81,8.436118,48000.0,48000.0,-0.26,-1.848,13.89333,"April 18, 16",-0.01848
0,2016-04-15,13.82,14.33,13.82,14.15,8.643813,31700.0,31700.0,0.33,2.388,14.1,"April 15, 16",0.02388
0,2016-04-14,13.84,14.0,13.67,13.75,8.399466,66700.0,66700.0,-0.09,-0.65,13.80667,"April 14, 16",-0.0065
0,2016-04-13,13.6,14.0,13.38,13.8,8.430009,35300.0,35300.0,0.2,1.471,13.72667,"April 13, 16",0.01471
0,2016-04-12,13.57,13.66,13.4,13.57,8.289509,50200.0,50200.0,0.0,0.0,13.54333,"April 12, 16",0.0
0,2016-04-11,13.52,13.69,13.52,13.62,8.320053,17400.0,17400.0,0.1,0.74,13.61,"April 11, 16",0.0074
0,2016-04-08,13.5,13.68,13.29,13.48,8.234532,30600.0,30600.0,-0.02,-0.148,13.48333,"April 08, 16",-0.00148
0,2016-04-07,13.05,13.48,13.05,13.36,8.161226,38800.0,38800.0,0.31,2.375,13.29667,"April 07, 16",0.02375
0,2016-04-06,13.08,13.1,13.01,13.06,7.977968,30200.0,30200.0,-0.02,-0.153,13.05667,"April 06, 16",-0.00153
0,2016-04-05,13.34,13.374,13.04,13.05,7.971855,7900.0,7900.0,-0.29,-2.174,13.15467,"April 05, 16",-0.02174
0,2016-04-04,13.41,13.5,13.312,13.33,8.1429,11600.0,11600.0,-0.08,-0.597,13.38067,"April 04, 16",-0.00597
0,2016-04-01,13.34,13.5,13.31,13.5,8.246748,19300.0,19300.0,0.16,1.199,13.43667,"April 01, 16",0.01199
0,2016-03-31,13.31,13.45,13.31,13.45,8.216206,26400.0,26400.0,0.14,1.052,13.40333,"March 31, 16",0.01052
0,2016-03-30,13.25,13.5,13.25,13.25,8.09403,13300.0,13300.0,0.0,0.0,13.33333,"March 30, 16",0.0
0,2016-03-29,13.25,13.6,13.25,13.37,8.167334,77200.0,77200.0,0.12,0.906,13.40667,"March 29, 16",0.00906
0,2016-03-28,13.21,13.29,13.07,13.29,8.118465,25900.0,25900.0,0.08,0.606,13.21667,"March 28, 16",0.00606
0,2016-03-24,13.35,13.43,13.15,13.36,8.161226,7000.0,7000.0,0.01,0.075,13.31333,"March 24, 16",0.00075
0,2016-03-23,13.215,13.39,13.215,13.35,8.155117,9700.0,9700.0,0.135,1.022,13.31833,"March 23, 16",0.01022
0,2016-03-22,13.26,13.45,13.0,13.37,8.167334,21100.0,21100.0,0.11,0.83,13.27333,"March 22, 16",0.0083
0,2016-03-21,13.43,13.49,13.2,13.2,8.063487,9200.0,9200.0,-0.23,-1.713,13.29667,"March 21, 16",-0.01713
0,2016-03-18,13.3,13.4,13.25,13.4,8.18566,91800.0,91800.0,0.1,0.752,13.35,"March 18, 16",0.00752
0,2016-03-17,12.67,13.27,12.67,13.27,8.106248,120400.0,120400.0,0.6,4.736,13.07,"March 17, 16",0.04736
0,2016-03-16,12.77,13.04,12.75,12.78,7.806923,24400.0,24400.0,0.01,0.078,12.85667,"March 16, 16",0.00078
0,2016-03-15,12.73,12.96,12.6,12.67,7.739725,23400.0,23400.0,-0.06,-0.471,12.74333,"March 15, 16",-0.00471
0,2016-03-14,12.9,12.93,12.56,12.85,7.849683,37700.0,37700.0,-0.05,-0.388,12.78,"March 14, 16",-0.00388
0,2016-03-11,13.18,13.18,12.8,12.97,7.922988,31600.0,31600.0,-0.21,-1.593,12.98333,"March 11, 16",-0.01593
0,2016-03-10,13.33,13.33,12.78,13.19,8.057379,93500.0,93500.0,-0.14,-1.05,13.1,"March 10, 16",-0.0105
0,2016-03-09,13.24,13.7,13.05,13.15,8.032942,26500.0,26500.0,-0.09,-0.68,13.3,"March 09, 16",-0.0068
0,2016-03-08,13.55,13.55,13.05,13.18,8.05127,23900.0,23900.0,-0.37,-2.731,13.26,"March 08, 16",-0.02731
0,2016-03-07,13.35,13.83,13.35,13.47,8.228422,13300.0,13300.0,0.12,0.899,13.55,"March 07, 16",0.00899
0,2016-03-04,13.25,13.85,13.07,13.29,8.118465,21400.0,21400.0,0.04,0.302,13.40333,"March 04, 16",0.00302
0,2016-03-03,13.41,13.63,12.98,12.98,7.929096,16800.0,16800.0,-0.43,-3.207,13.19667,"March 03, 16",-0.03207
0,2016-03-02,12.94,13.44,12.9,13.43,8.203986,195500.0,195500.0,0.49,3.787,13.25667,"March 02, 16",0.03787
0,2016-03-01,13.02,13.15,12.798,13.04,7.965746,8400.0,8400.0,0.02,0.154,12.996,"March 01, 16",0.00154
0,2016-02-29,12.69,13.532,12.69,12.85,7.849683,17500.0,17500.0,0.16,1.261,13.024,"February 29, 16",0.01261
0,2016-02-26,12.75,13.265,12.67,12.7,7.758053,134900.0,134900.0,-0.05,-0.392,12.87833,"February 26, 16",-0.00392
0,2016-02-25,13.01,13.196,12.57,12.78,7.806923,72700.0,72700.0,-0.23,-1.768,12.84867,"February 25, 16",-0.01768
0,2016-02-24,13.44,13.49,12.75,13.07,7.984073,67000.0,67000.0,-0.37,-2.753,13.10333,"February 24, 16",-0.02753
0,2016-02-23,13.58,13.73,13.41,13.49,8.240639,20700.0,20700.0,-0.09,-0.663,13.54333,"February 23, 16",-0.00663
0,2016-02-22,13.685,13.893,13.66,13.66,8.344487,16200.0,16200.0,-0.025,-0.183,13.73767,"February 22, 16",-0.00183
0,2016-02-19,13.6,14.78,13.56,13.88,8.478877,20400.0,20400.0,0.28,2.059,14.07333,"February 19, 16",0.02059
0,2016-02-18,13.77,13.78,13.28,13.6,8.307836,15400.0,15400.0,-0.17,-1.235,13.55333,"February 18, 16",-0.01235
0,2016-02-17,13.37,13.83,13.22,13.36,8.161226,3200.0,3200.0,-0.01,-0.075,13.47,"February 17, 16",-0.00075
0,2016-02-16,14.25,14.25,13.06,13.28,8.112355,7800.0,7800.0,-0.97,-6.807,13.53,"February 16, 16",-0.06807
