,date,open,high,low,close,adjClose,volume,unadjustedVolume,change,changePercent,vwap,label,changeOverTime
0,2021-02-12,30.28,31.54,30.28,31.41,31.41,174240.0,174240.0,1.13,3.732,31.07667,"February 12, 21",0.03732
0,2021-02-11,30.969999,30.98,29.879999,30.6,30.6,169700.0,169700.0,-0.37,-1.195,30.48667,"February 11, 21",-0.01195
0,2021-02-10,31.16,31.35,30.5,30.610001,30.610001,132100.0,132100.0,-0.55,-1.765,30.82,"February 10, 21",-0.01765
0,2021-02-09,30.43,30.98,30.09,30.860001,30.860001,94700.0,94700.0,0.43,1.413,30.64333,"February 09, 21",0.01413
0,2021-02-08,30.43,30.92,30.219999,30.92,30.92,113900.0,113900.0,0.49,1.61,30.68667,"February 08, 21",0.0161
0,2021-02-05,30.030001,30.379999,29.469999,30.01,30.01,136800.0,136800.0,-0.02,-0.067,29.95333,"February 05, 21",-0.00067
0,2021-02-04,28.959999,30.09,28.73,29.700001,29.700001,179100.0,179100.0,0.74,2.555,29.50667,"February 04, 21",0.02555
0,2021-02-03,28.41,28.9,28.040001,28.52,28.52,129800.0,129800.0,0.11,0.387,28.48667,"February 03, 21",0.00387
0,2021-02-02,28.719999,28.77,28.1,28.52,28.52,112000.0,112000.0,-0.2,-0.696,28.46333,"February 02, 21",-0.00696
0,2021-02-01,27.92,28.5,27.51,28.35,28.35,169700.0,169700.0,0.43,1.54,28.12,"February 01, 21",0.0154
0,2021-01-29,28.610001,29.0,27.07,27.48,27.48,256700.0,256700.0,-1.13,-3.95,27.85,"January 29, 21",-0.0395
0,2021-01-28,27.6,29.120001,27.52,28.67,28.67,249400.0,249400.0,1.07,3.877,28.43667,"January 28, 21",0.03877
0,2021-01-27,28.18,28.18,26.360001,27.049999,27.049999,309800.0,309800.0,-1.13,-4.01,27.19667,"January 27, 21",-0.0401
0,2021-01-26,30.690001,31.16,29.139999,29.290001,29.290001,193100.0,193100.0,-1.4,-4.562,29.86333,"January 26, 21",-0.04562
0,2021-01-25,30.77,31.389999,29.85,30.15,30.15,122000.0,122000.0,-0.62,-2.015,30.46333,"January 25, 21",-0.02015
0,2021-01-22,30.700001,31.540001,30.110001,31.4,31.4,256100.0,256100.0,0.7,2.28,31.01667,"January 22, 21",0.0228
0,2021-01-21,31.860001,31.940001,31.25,31.35,31.35,92100.0,92100.0,-0.51,-1.601,31.51333,"January 21, 21",-0.01601
0,2021-01-20,31.440001,31.870001,31.190001,31.68,31.68,125200.0,125200.0,0.24,0.763,31.58,"January 20, 21",0.00763
0,2021-01-19,31.23,31.59,30.620001,31.24,31.24,138900.0,138900.0,0.01,0.032,31.15,"January 19, 21",0.00032
0,2021-01-15,31.33,31.48,30.190001,30.610001,30.610001,141700.0,141700.0,-0.72,-2.298,30.76,"January 15, 21",-0.02298
0,2021-01-14,31.969999,32.400002,31.190001,32.119999,32.119999,151400.0,151400.0,0.15,0.469,31.90333,"January 14, 21",0.00469
0,2021-01-13,31.92,32.650002,31.35,31.440001,31.440001,134400.0,134400.0,-0.48,-1.504,31.81333,"January 13, 21",-0.01504
0,2021-01-12,31.82,32.75,31.4,32.48,32.48,93500.0,93500.0,0.66,2.074,32.21,"January 12, 21",0.02074
0,2021-01-11,30.889999,31.9,30.889999,31.709999,31.709999,113500.0,113500.0,0.82,2.655,31.5,"January 11, 21",0.02655
0,2021-01-08,32.57,32.57,30.98,31.709999,31.709999,139500.0,139500.0,-0.86,-2.64,31.75333,"January 08, 21",-0.0264
0,2021-01-07,32.48,32.619999,31.459999,32.450001,32.450001,195100.0,195100.0,-0.03,-0.092,32.17667,"January 07, 21",-0.00092
0,2021-01-06,30.25,32.66,30.25,32.060001,32.060001,631300.0,631300.0,1.81,5.983,31.65667,"January 06, 21",0.05983
0,2021-01-05,29.139999,30.17,28.629999,29.49,29.49,490000.0,490000.0,0.35,1.201,29.43,"January 05, 21",0.01201
0,2021-01-04,30.09,30.450001,28.32,28.610001,28.610001,264700.0,264700.0,-1.48,-4.919,29.12667,"January 04, 21",-0.04919
0,2020-12-31,29.610001,30.09,29.26,29.809999,29.809999,131300.0,131300.0,0.2,0.675,29.72,"December 31, 20",0.00675
0,2020-12-30,29.360001,30.040001,29.0,29.76,29.76,94500.0,94500.0,0.4,1.362,29.6,"December 30, 20",0.01362
0,2020-12-29,29.68,29.84,28.93,29.299999,29.299999,101800.0,101800.0,-0.38,-1.28,29.35667,"December 29, 20",-0.0128
0,2020-12-28,30.59,30.629999,29.709999,29.74,29.74,136800.0,136800.0,-0.85,-2.779,30.02667,"December 28, 20",-0.02779
0,2020-12-24,30.200001,30.540001,29.870001,30.25,30.25,59100.0,59100.0,0.05,0.166,30.22,"December 24, 20",0.00166
0,2020-12-23,30.1,30.5,29.76,30.35,30.35,143300.0,143300.0,0.25,0.831,30.20333,"December 23, 20",0.00831
0,2020-12-22,29.16,29.709999,28.950001,29.58,29.58,143700.0,143700.0,0.42,1.44,29.41333,"December 22, 20",0.0144
0,2020-12-21,29.02,29.34,28.33,29.110001,29.110001,293500.0,293500.0,0.09,0.31,28.92667,"December 21, 20",0.0031
0,2020-12-18,29.24,29.91,29.209999,29.76,29.76,573500.0,573500.0,0.52,1.778,29.62667,"December 18, 20",0.01778
0,2020-12-17,29.370001,29.700001,28.77,29.200001,29.200001,155200.0,155200.0,-0.17,-0.579,29.22333,"December 17, 20",-0.00579
0,2020-12-16,30.01,30.02,29.18,29.18,29.18,195900.0,195900.0,-0.83,-2.766,29.46,"December 16, 20",-0.02766
0,2020-12-15,29.24,29.959999,28.879999,29.93,29.93,185200.0,185200.0,0.69,2.36,29.59,"December 15, 20",0.0236
0,2020-12-14,29.309999,29.74,28.52,28.549999,28.549999,267900.0,267900.0,-0.76,-2.593,28.93667,"December 14, 20",-0.02593
0,2020-12-11,27.639999,29.25,27.639999,28.860001,28.860001,188200.0,188200.0,1.22,4.414,28.58333,"December 11, 20",0.04414
0,2020-12-10,28.440001,29.02,27.809999,28.09,28.09,142100.0,142100.0,-0.35,-1.231,28.30667,"December 10, 20",-0.01231
0,2020-12-09,29.219999,29.639999,28.700001,28.82,28.82,246900.0,246900.0,-0.4,-1.369,29.05333,"December 09, 20",-0.01369
0,2020-12-08,28.6,29.52,28.6,28.76,28.76,389700.0,389700.0,0.16,0.559,28.96,"December 08, 20",0.00559
0,2020-12-07,29.84,29.99,28.84,28.98,28.98,366700.0,366700.0,-0.86,-2.882,29.27,"December 07, 20",-0.02882
0,2020-12-04,28.77,30.200001,28.58,30.09,30.09,248900.0,248900.0,1.32,4.588,29.62333,"December 04, 20",0.04588
0,2020-12-03,27.92,28.559999,27.690001,28.34,28.34,155000.0,155000.0,0.42,1.504,28.19667,"December 03, 20",0.01504
0,2020-12-02,27.639999,28.209999,27.51,27.950001,27.950001,357400.0,357400.0,0.31,1.122,27.89,"December 02, 20",0.01122
0,2020-12-01,27.6,27.969999,27.059999,27.73,27.73,171200.0,171200.0,0.13,0.471,27.58667,"December 01, 20",0.00471
0,2020-11-30,27.66,27.98,26.75,26.879999,26.879999,454300.0,454300.0,-0.78,-2.82,27.20333,"November 30, 20",-0.0282
0,2020-11-27,27.879999,28.16,27.360001,27.82,27.82,98200.0,98200.0,-0.06,-0.215,27.78,"November 27, 20",-0.00215
0,2020-11-25,28.32,28.49,27.5,28.08,28.08,150000.0,150000.0,-0.24,-0.847,28.02333,"November 25, 20",-0.00847
0,2020-11-24,29.139999,29.42,28.540001,28.6,28.6,425900.0,425900.0,-0.54,-1.853,28.85333,"November 24, 20",-0.01853
0,2020-11-23,28.17,28.940001,28.15,28.860001,28.585001,240200.0,240200.0,0.69,2.449,28.65,"November 23, 20",0.02449
0,2020-11-20,28.25,28.52,27.41,27.709999,27.445957,277500.0,277500.0,-0.54,-1.912,27.88,"November 20, 20",-0.01912
0,2020-11-19,27.0,27.440001,26.440001,27.370001,27.1092,119200.0,119200.0,0.37,1.37,27.08333,"November 19, 20",0.0137
0,2020-11-18,27.34,27.940001,27.07,27.08,26.82196,166300.0,166300.0,-0.26,-0.951,27.36333,"November 18, 20",-0.00951
0,2020-11-17,26.83,27.299999,26.549999,27.09,26.831865,115400.0,115400.0,0.26,0.969,26.98,"November 17, 20",0.00969
0,2020-11-16,26.41,27.32,25.99,27.32,27.059673,336700.0,336700.0,0.91,3.446,26.87667,"November 16, 20",0.03446
0,2020-11-13,24.75,25.629999,24.67,25.379999,25.138159,393300.0,393300.0,0.63,2.545,25.22667,"November 13, 20",0.02545
0,2020-11-12,26.01,26.01,24.219999,24.49,24.256641,402200.0,402200.0,-1.52,-5.844,24.90667,"November 12, 20",-0.05844
0,2020-11-11,26.290001,26.469999,25.25,26.459999,26.207869,300800.0,300800.0,0.17,0.647,26.06,"November 11, 20",0.00647
0,2020-11-10,25.02,26.440001,25.02,26.16,25.910728,439900.0,439900.0,1.14,4.556,25.87333,"November 10, 20",0.04556
0,2020-11-09,24.110001,25.709999,23.68,24.700001,24.46464,612900.0,612900.0,0.59,2.447,24.69667,"November 09, 20",0.02447
0,2020-11-06,22.75,22.75,22.309999,22.66,22.444078,127000.0,127000.0,-0.09,-0.396,22.57333,"November 06, 20",-0.00396
0,2020-11-05,21.940001,23.049999,21.940001,22.58,22.364841,161200.0,161200.0,0.64,2.917,22.52333,"November 05, 20",0.02917
0,2020-11-04,22.66,22.66,21.42,21.65,21.443703,378900.0,378900.0,-1.01,-4.457,21.91,"November 04, 20",-0.04457
0,2020-11-03,22.84,23.450001,22.51,23.299999,23.07798,221700.0,221700.0,0.46,2.014,23.08667,"November 03, 20",0.02014
0,2020-11-02,21.450001,22.35,21.4,22.299999,22.087507,155000.0,155000.0,0.85,3.963,22.01667,"November 02, 20",0.03963
0,2020-10-30,20.459999,21.610001,20.23,21.040001,20.839516,190400.0,190400.0,0.58,2.835,20.96,"October 30, 20",0.02835
0,2020-10-29,20.290001,20.85,19.83,20.719999,20.522564,282200.0,282200.0,0.43,2.119,20.46667,"October 29, 20",0.02119
0,2020-10-28,20.700001,21.139999,19.75,20.379999,20.185802,217400.0,217400.0,-0.32,-1.546,20.42333,"October 28, 20",-0.01546
0,2020-10-27,22.049999,22.049999,21.33,21.440001,21.235704,273100.0,273100.0,-0.61,-2.766,21.60667,"October 27, 20",-0.02766
0,2020-10-26,22.690001,22.969999,21.889999,22.08,21.869604,220500.0,220500.0,-0.61,-2.688,22.31333,"October 26, 20",-0.02688
0,2020-10-23,22.280001,23.299999,22.219999,23.27,23.048265,216600.0,216600.0,0.99,4.443,22.93,"October 23, 20",0.04443
0,2020-10-22,21.98,22.469999,21.940001,22.139999,21.929033,222700.0,222700.0,0.16,0.728,22.18333,"October 22, 20",0.00728
0,2020-10-21,22.639999,22.98,21.93,21.99,21.780462,333000.0,333000.0,-0.65,-2.871,22.3,"October 21, 20",-0.02871
0,2020-10-20,22.610001,23.219999,22.4,22.790001,22.57284,163900.0,163900.0,0.18,0.796,22.80333,"October 20, 20",0.00796
0,2020-10-19,23.16,23.68,22.35,22.469999,22.255888,248600.0,248600.0,-0.69,-2.979,22.83333,"October 19, 20",-0.02979
0,2020-10-16,22.73,23.450001,22.66,23.139999,22.919504,128900.0,128900.0,0.41,1.804,23.08333,"October 16, 20",0.01804
0,2020-10-15,22.0,22.83,21.91,22.82,22.602554,212100.0,212100.0,0.82,3.727,22.52,"October 15, 20",0.03727
0,2020-10-14,22.360001,23.43,22.33,22.440001,22.226175,150200.0,150200.0,0.08,0.358,22.73333,"October 14, 20",0.00358
0,2020-10-13,22.610001,22.969999,22.25,22.309999,22.097412,149200.0,149200.0,-0.3,-1.327,22.51,"October 13, 20",-0.01327
0,2020-10-12,22.860001,23.280001,22.559999,23.059999,22.840267,190700.0,190700.0,0.2,0.875,22.96667,"October 12, 20",0.00875
0,2020-10-09,23.75,23.93,22.790001,22.870001,22.652079,290200.0,290200.0,-0.88,-3.705,23.19667,"October 09, 20",-0.03705
0,2020-10-08,23.540001,23.799999,23.01,23.57,23.345407,174800.0,174800.0,0.03,0.127,23.46,"October 08, 20",0.00127
0,2020-10-07,22.959999,23.75,22.77,23.17,22.949219,325900.0,325900.0,0.21,0.915,23.23,"October 07, 20",0.00915
0,2020-10-06,23.620001,23.75,22.52,22.57,22.354937,407400.0,407400.0,-1.05,-4.445,22.94667,"October 06, 20",-0.04445
0,2020-10-05,21.959999,23.34,21.940001,23.26,23.038361,360600.0,360600.0,1.3,5.92,22.84667,"October 05, 20",0.0592
0,2020-10-02,19.65,21.889999,19.51,21.790001,21.582369,294000.0,294000.0,2.14,10.891,21.06333,"October 02, 20",0.10891
0,2020-10-01,19.540001,20.27,19.450001,20.200001,20.007521,262000.0,262000.0,0.66,3.378,19.97333,"October 01, 20",0.03378
0,2020-09-30,19.51,20.07,19.469999,19.66,19.472664,313000.0,313000.0,0.15,0.769,19.73333,"September 30, 20",0.00769
0,2020-09-29,19.639999,20.200001,19.16,19.299999,19.116095,286200.0,286200.0,-0.34,-1.731,19.55333,"September 29, 20",-0.01731
0,2020-09-28,19.280001,20.379999,19.280001,19.77,19.581617,303200.0,303200.0,0.49,2.541,19.81,"September 28, 20",0.02541
0,2020-09-25,18.74,19.040001,18.34,18.85,18.670383,235900.0,235900.0,0.11,0.587,18.74333,"September 25, 20",0.00587
0,2020-09-24,18.040001,18.93,17.93,18.559999,18.383146,295600.0,295600.0,0.52,2.882,18.47333,"September 24, 20",0.02882
0,2020-09-23,18.700001,19.030001,18.120001,18.219999,18.046385,322600.0,322600.0,-0.48,-2.567,18.45667,"September 23, 20",-0.02567
0,2020-09-22,18.450001,18.709999,18.190001,18.67,18.492098,291700.0,291700.0,0.22,1.192,18.52333,"September 22, 20",0.01192
0,2020-09-21,20.09,20.09,18.299999,18.530001,18.353434,541900.0,541900.0,-1.56,-7.765,18.97333,"September 21, 20",-0.07765
0,2020-09-18,21.639999,21.879999,20.73,20.790001,20.591898,571700.0,571700.0,-0.85,-3.928,21.13333,"September 18, 20",-0.03928
0,2020-09-17,21.42,22.139999,21.190001,21.51,21.305037,407700.0,407700.0,0.09,0.42,21.61333,"September 17, 20",0.0042
0,2020-09-16,20.540001,21.870001,20.360001,21.77,21.562559,441800.0,441800.0,1.23,5.988,21.33333,"September 16, 20",0.05988
0,2020-09-15,20.58,20.719999,20.190001,20.49,20.294756,199400.0,199400.0,-0.09,-0.437,20.46667,"September 15, 20",-0.00437
0,2020-09-14,20.219999,20.540001,20.059999,20.49,20.294756,162100.0,162100.0,0.27,1.335,20.36333,"September 14, 20",0.01335
0,2020-09-11,20.17,20.42,19.98,20.110001,19.918377,210500.0,210500.0,-0.06,-0.297,20.17,"September 11, 20",-0.00297
0,2020-09-10,20.870001,20.98,19.92,20.0,19.809425,267900.0,267900.0,-0.87,-4.169,20.3,"September 10, 20",-0.04169
0,2020-09-09,20.879999,20.940001,20.530001,20.719999,20.522564,201900.0,201900.0,-0.16,-0.766,20.73,"September 09, 20",-0.00766
0,2020-09-08,21.120001,21.129999,20.57,20.610001,20.413612,274800.0,274800.0,-0.51,-2.415,20.77,"September 08, 20",-0.02415
0,2020-09-04,20.620001,21.629999,20.620001,21.360001,21.156466,312300.0,312300.0,0.74,3.589,21.20333,"September 04, 20",0.03589
0,2020-09-03,21.200001,21.530001,20.6,20.73,20.532469,310800.0,310800.0,-0.47,-2.217,20.95333,"September 03, 20",-0.02217
0,2020-09-02,20.99,21.370001,20.780001,21.32,21.116846,177600.0,177600.0,0.33,1.572,21.15667,"September 02, 20",0.01572
0,2020-09-01,20.059999,21.07,19.809999,20.99,20.789991,370300.0,370300.0,0.93,4.636,20.62333,"September 01, 20",0.04636
0,2020-08-31,21.129999,21.139999,20.24,20.26,20.066948,339500.0,339500.0,-0.87,-4.117,20.54667,"August 31, 20",-0.04117
0,2020-08-28,21.0,21.469999,20.83,21.309999,21.106941,221600.0,221600.0,0.31,1.476,21.20333,"August 28, 20",0.01476
0,2020-08-27,20.209999,20.870001,19.59,20.83,20.631516,287600.0,287600.0,0.62,3.068,20.43,"August 27, 20",0.03068
0,2020-08-26,20.23,20.530001,20.0,20.360001,19.893616,568100.0,568100.0,0.13,0.643,20.29667,"August 26, 20",0.00643
0,2020-08-25,20.34,20.41,19.780001,20.120001,19.659113,374400.0,374400.0,-0.22,-1.082,20.10333,"August 25, 20",-0.01082
0,2020-08-24,20.01,20.5,19.790001,20.280001,19.815449,250700.0,250700.0,0.27,1.349,20.19,"August 24, 20",0.01349
0,2020-08-21,20.129999,20.290001,19.77,19.93,19.473465,249000.0,249000.0,-0.2,-0.994,19.99667,"August 21, 20",-0.00994
0,2020-08-20,20.200001,20.4,19.940001,20.190001,19.72751,169400.0,169400.0,-0.01,-0.05,20.17667,"August 20, 20",-0.0005
0,2020-08-19,20.370001,20.780001,20.25,20.49,20.020638,293700.0,293700.0,0.12,0.589,20.50667,"August 19, 20",0.00589
0,2020-08-18,20.879999,21.139999,20.23,20.299999,19.834988,267700.0,267700.0,-0.58,-2.778,20.55667,"August 18, 20",-0.02778
0,2020-08-17,21.35,21.65,20.969999,21.030001,20.548267,209100.0,209100.0,-0.32,-1.499,21.21667,"August 17, 20",-0.01499
0,2020-08-14,21.16,21.549999,21.07,21.33,20.841394,262200.0,262200.0,0.17,0.803,21.31667,"August 14, 20",0.00803
0,2020-08-13,21.219999,21.790001,21.219999,21.34,20.851166,225700.0,225700.0,0.12,0.566,21.45,"August 13, 20",0.00566
0,2020-08-12,21.5,21.98,21.049999,21.48,20.987959,189000.0,189000.0,-0.02,-0.093,21.50333,"August 12, 20",-0.00093
0,2020-08-11,21.33,22.190001,21.059999,21.219999,20.733913,382800.0,382800.0,-0.11,-0.516,21.49,"August 11, 20",-0.00516
0,2020-08-10,20.33,21.309999,20.18,21.040001,20.558039,441800.0,441800.0,0.71,3.492,20.84333,"August 10, 20",0.03492
0,2020-08-07,19.610001,20.1,19.51,20.08,19.620028,463400.0,463400.0,0.47,2.397,19.89667,"August 07, 20",0.02397
0,2020-08-06,19.969999,20.040001,19.639999,19.709999,19.258505,210800.0,210800.0,-0.26,-1.302,19.79667,"August 06, 20",-0.01302
0,2020-08-05,19.52,20.18,19.290001,19.9,19.444151,268500.0,268500.0,0.38,1.947,19.79,"August 05, 20",0.01947
0,2020-08-04,19.42,20.33,18.559999,19.52,19.072857,512200.0,512200.0,0.1,0.515,19.47,"August 04, 20",0.00515
0,2020-08-03,17.549999,18.18,17.549999,18.049999,17.63653,175300.0,175300.0,0.5,2.849,17.92667,"August 03, 20",0.02849
0,2020-07-31,17.74,17.84,17.16,17.59,17.187067,218400.0,218400.0,-0.15,-0.846,17.53,"July 31, 20",-0.00846
0,2020-07-30,18.17,18.49,17.68,17.969999,17.558361,133200.0,133200.0,-0.2,-1.101,18.04667,"July 30, 20",-0.01101
0,2020-07-29,18.01,18.610001,17.93,18.559999,18.134848,180200.0,180200.0,0.55,3.054,18.36667,"July 29, 20",0.03054
0,2020-07-28,18.379999,18.66,17.799999,17.809999,17.402027,164200.0,164200.0,-0.57,-3.101,18.09,"July 28, 20",-0.03101
0,2020-07-27,18.209999,18.530001,18.0,18.530001,18.105536,121200.0,121200.0,0.32,1.757,18.35333,"July 27, 20",0.01757
0,2020-07-24,18.9,19.01,18.23,18.27,17.851492,172700.0,172700.0,-0.63,-3.333,18.50333,"July 24, 20",-0.03333
0,2020-07-23,18.66,19.030001,18.629999,18.940001,18.506142,181500.0,181500.0,0.28,1.501,18.86667,"July 23, 20",0.01501
0,2020-07-22,18.57,18.92,18.35,18.809999,18.37912,116300.0,116300.0,0.24,1.292,18.69333,"July 22, 20",0.01292
0,2020-07-21,18.370001,19.02,18.370001,18.75,18.320496,267100.0,267100.0,0.38,2.069,18.71333,"July 21, 20",0.02069
0,2020-07-20,18.67,18.85,18.15,18.24,17.822176,137000.0,137000.0,-0.43,-2.303,18.41333,"July 20, 20",-0.02303
0,2020-07-17,18.969999,19.4,18.51,18.82,18.388891,285200.0,285200.0,-0.15,-0.791,18.91,"July 17, 20",-0.00791
0,2020-07-16,18.629999,19.09,18.440001,19.01,18.574539,221200.0,221200.0,0.38,2.04,18.84667,"July 16, 20",0.0204
0,2020-07-15,18.5,19.049999,18.26,18.85,18.418205,292100.0,292100.0,0.35,1.892,18.72,"July 15, 20",0.01892
0,2020-07-14,17.6,18.110001,17.280001,18.059999,17.646301,211900.0,211900.0,0.46,2.614,17.81667,"July 14, 20",0.02614
0,2020-07-13,17.459999,18.09,17.0,17.639999,17.235922,245900.0,245900.0,0.18,1.031,17.57667,"July 13, 20",0.01031
0,2020-07-10,16.799999,17.370001,16.790001,17.209999,16.815771,196300.0,196300.0,0.41,2.44,17.12333,"July 10, 20",0.0244
0,2020-07-09,17.540001,17.889999,16.780001,16.790001,16.405394,169600.0,169600.0,-0.75,-4.276,17.15333,"July 09, 20",-0.04276
0,2020-07-08,17.43,17.950001,17.09,17.620001,17.216381,232300.0,232300.0,0.19,1.09,17.55333,"July 08, 20",0.0109
0,2020-07-07,18.15,18.190001,17.5,17.540001,17.138212,338100.0,338100.0,-0.61,-3.361,17.74333,"July 07, 20",-0.03361
0,2020-07-06,18.49,18.76,18.040001,18.41,17.988283,194300.0,194300.0,-0.08,-0.433,18.40333,"July 06, 20",-0.00433
0,2020-07-02,18.07,18.83,17.870001,18.0,17.587675,291200.0,291200.0,-0.07,-0.387,18.23333,"July 02, 20",-0.00387
0,2020-07-01,18.6,19.1,17.450001,17.49,17.089357,289200.0,289200.0,-1.11,-5.968,18.01333,"July 01, 20",-0.05968
0,2020-06-30,18.26,18.58,17.51,18.48,18.056679,413500.0,413500.0,0.22,1.205,18.19,"June 30, 20",0.01205
0,2020-06-29,17.709999,18.6,17.700001,18.42,17.998055,405300.0,405300.0,0.71,4.009,18.24,"June 29, 20",0.04009
0,2020-06-26,17.08,17.66,16.889999,17.459999,17.060043,1025500.0,1025500.0,0.38,2.225,17.33667,"June 26, 20",0.02225
0,2020-06-25,16.82,17.370001,16.42,17.290001,16.89394,305300.0,305300.0,0.47,2.794,17.02667,"June 25, 20",0.02794
0,2020-06-24,17.59,17.82,16.48,16.860001,16.473791,367700.0,367700.0,-0.73,-4.15,17.05333,"June 24, 20",-0.0415
0,2020-06-23,18.34,18.34,17.5,17.860001,17.450884,209400.0,209400.0,-0.48,-2.617,17.9,"June 23, 20",-0.02617
0,2020-06-22,17.799999,18.16,17.51,17.99,17.577904,213600.0,213600.0,0.19,1.067,17.88667,"June 22, 20",0.01067
0,2020-06-19,18.469999,18.84,17.66,18.040001,17.62676,420700.0,420700.0,-0.43,-2.328,18.18,"June 19, 20",-0.02328
0,2020-06-18,18.27,18.91,18.0,18.17,17.75378,259000.0,259000.0,-0.1,-0.547,18.36,"June 18, 20",-0.00547
0,2020-06-17,19.469999,19.469999,18.370001,18.5,18.076221,300800.0,300800.0,-0.97,-4.982,18.78,"June 17, 20",-0.04982
0,2020-06-16,19.02,19.950001,18.799999,19.49,19.043545,676200.0,676200.0,0.47,2.471,19.41333,"June 16, 20",0.02471
0,2020-06-15,17.059999,18.07,16.870001,17.9,17.489965,292500.0,292500.0,0.84,4.924,17.61333,"June 15, 20",0.04924
0,2020-06-12,18.76,19.190001,17.190001,17.790001,17.382486,420000.0,420000.0,-0.97,-5.171,18.05667,"June 12, 20",-0.05171
0,2020-06-11,18.620001,18.75,17.35,17.4,17.001419,408200.0,408200.0,-1.22,-6.552,17.83333,"June 11, 20",-0.06552
0,2020-06-10,20.59,20.690001,19.59,20.01,19.551632,316700.0,316700.0,-0.58,-2.817,20.09667,"June 10, 20",-0.02817
0,2020-06-09,20.469999,21.280001,20.32,20.75,20.274681,458600.0,458600.0,0.28,1.368,20.78333,"June 09, 20",0.01368
0,2020-06-08,21.33,21.959999,20.940001,21.860001,21.359255,488400.0,488400.0,0.53,2.485,21.58667,"June 08, 20",0.02485
0,2020-06-05,20.139999,21.68,19.860001,20.9,20.421246,634300.0,634300.0,0.76,3.774,20.81333,"June 05, 20",0.03774
0,2020-06-04,18.200001,19.049999,17.93,18.9,18.467058,341100.0,341100.0,0.7,3.846,18.62667,"June 04, 20",0.03846
0,2020-06-03,18.24,19.1,18.200001,18.34,17.919888,779700.0,779700.0,0.1,0.548,18.54667,"June 03, 20",0.00548
0,2020-06-02,17.09,18.209999,17.049999,17.969999,17.558361,440500.0,440500.0,0.88,5.149,17.74333,"June 02, 20",0.05149
0,2020-06-01,17.040001,17.52,16.84,16.860001,16.473791,275800.0,275800.0,-0.18,-1.056,17.07333,"June 01, 20",-0.01056
0,2020-05-29,16.91,17.51,16.41,17.139999,16.747375,342500.0,342500.0,0.23,1.36,17.02,"May 29, 20",0.0136
0,2020-05-28,18.16,18.16,17.41,17.559999,16.889055,354800.0,354800.0,-0.6,-3.304,17.71,"May 28, 20",-0.03304
0,2020-05-27,17.950001,18.27,16.9,17.9,17.216063,693700.0,693700.0,-0.05,-0.279,17.69,"May 27, 20",-0.00279
0,2020-05-26,15.83,17.540001,15.49,17.379999,16.715931,544000.0,544000.0,1.55,9.792,16.80333,"May 26, 20",0.09792
0,2020-05-22,15.32,15.32,14.68,15.09,14.51343,227500.0,227500.0,-0.23,-1.501,15.03,"May 22, 20",-0.01501
0,2020-05-21,15.38,15.62,15.01,15.21,14.628844,204100.0,204100.0,-0.17,-1.105,15.28,"May 21, 20",-0.01105
0,2020-05-20,15.13,15.57,14.92,15.31,14.725023,266800.0,266800.0,0.18,1.19,15.26667,"May 20, 20",0.0119
0,2020-05-19,15.35,15.41,14.48,14.49,13.936355,210900.0,210900.0,-0.86,-5.603,14.79333,"May 19, 20",-0.05603
0,2020-05-18,14.25,15.54,14.25,15.46,14.869292,512300.0,512300.0,1.21,8.491,15.08333,"May 18, 20",0.08491
0,2020-05-15,13.01,13.71,12.9,13.5,12.984181,295000.0,295000.0,0.49,3.766,13.37,"May 15, 20",0.03766
0,2020-05-14,12.36,13.15,11.82,13.14,12.637937,549700.0,549700.0,0.78,6.311,12.70333,"May 14, 20",0.06311
0,2020-05-13,13.25,13.3,12.36,12.58,12.099333,424400.0,424400.0,-0.67,-5.057,12.74667,"May 13, 20",-0.05057
0,2020-05-12,14.4,14.64,13.29,13.31,12.801441,527100.0,527100.0,-1.09,-7.569,13.74667,"May 12, 20",-0.07569
0,2020-05-11,14.8,14.84,13.76,14.41,13.859412,559900.0,559900.0,-0.39,-2.635,14.33667,"May 11, 20",-0.02635
0,2020-05-08,14.11,15.65,13.78,15.1,14.523047,743700.0,743700.0,0.99,7.016,14.84333,"May 08, 20",0.07016
0,2020-05-07,14.11,14.67,14.05,14.67,14.109477,326200.0,326200.0,0.56,3.969,14.46333,"May 07, 20",0.03969
0,2020-05-06,14.76,15.13,13.84,13.86,13.330425,229300.0,229300.0,-0.9,-6.098,14.27667,"May 06, 20",-0.06098
0,2020-05-05,15.07,15.52,14.73,14.75,14.186421,367700.0,367700.0,-0.32,-2.123,15.0,"May 05, 20",-0.02123
0,2020-05-04,14.83,14.97,14.05,14.73,14.167184,341800.0,341800.0,-0.1,-0.674,14.58333,"May 04, 20",-0.00674
0,2020-05-01,15.73,15.79,14.65,15.17,14.590372,358100.0,358100.0,-0.56,-3.56,15.20333,"May 01, 20",-0.0356
0,2020-04-30,16.42,16.73,15.74,16.26,15.638725,352700.0,352700.0,-0.16,-0.974,16.24333,"April 30, 20",-0.00974
0,2020-04-29,15.77,16.85,15.62,16.77,16.129238,668700.0,668700.0,1.0,6.341,16.41333,"April 29, 20",0.06341
0,2020-04-28,14.64,15.22,14.36,15.01,14.436487,362200.0,362200.0,0.37,2.527,14.86333,"April 28, 20",0.02527
0,2020-04-27,13.48,14.3,13.48,14.13,13.59011,255700.0,255700.0,0.65,4.822,13.97,"April 27, 20",0.04822
0,2020-04-24,13.41,13.74,13.1,13.48,12.964945,178300.0,178300.0,0.07,0.522,13.44,"April 24, 20",0.00522
0,2020-04-23,12.78,13.37,12.55,13.29,12.782205,410300.0,410300.0,0.51,3.991,13.07,"April 23, 20",0.03991
0,2020-04-22,12.56,12.71,11.96,12.54,12.060862,447100.0,447100.0,-0.02,-0.159,12.40333,"April 22, 20",-0.00159
0,2020-04-21,12.41,12.58,12.24,12.29,11.820414,431000.0,431000.0,-0.12,-0.967,12.37,"April 21, 20",-0.00967
0,2020-04-20,12.65,13.08,12.38,12.89,12.397489,483600.0,483600.0,0.24,1.897,12.78333,"April 20, 20",0.01897
0,2020-04-17,12.88,13.63,12.88,13.1,12.599466,552200.0,552200.0,0.22,1.708,13.20333,"April 17, 20",0.01708
0,2020-04-16,13.19,13.3,12.12,12.49,12.012773,737100.0,737100.0,-0.7,-5.307,12.63667,"April 16, 20",-0.05307
0,2020-04-15,13.42,13.71,13.05,13.32,12.811059,391400.0,391400.0,-0.1,-0.745,13.36,"April 15, 20",-0.00745
0,2020-04-14,13.82,14.55,13.31,14.02,13.484313,492500.0,492500.0,0.2,1.447,13.96,"April 14, 20",0.01447
0,2020-04-13,14.37,14.81,13.36,13.67,13.147686,460200.0,460200.0,-0.7,-4.871,13.94667,"April 13, 20",-0.04871
0,2020-04-09,15.67,16.379999,14.54,15.07,14.494193,537000.0,537000.0,-0.6,-3.829,15.33,"April 09, 20",-0.03829
0,2020-04-08,15.03,15.16,14.26,15.08,14.503811,507000.0,507000.0,0.05,0.333,14.83333,"April 08, 20",0.00333
0,2020-04-07,15.02,15.68,14.41,14.63,14.071006,670600.0,670600.0,-0.39,-2.597,14.90667,"April 07, 20",-0.02597
0,2020-04-06,14.13,15.29,13.9,14.44,13.888265,591000.0,591000.0,0.31,2.194,14.54333,"April 06, 20",0.02194
0,2020-04-03,14.77,14.91,13.11,13.47,12.955328,491500.0,491500.0,-1.3,-8.802,13.83,"April 03, 20",-0.08802
0,2020-04-02,13.81,15.12,13.69,14.68,14.119095,588400.0,588400.0,0.87,6.3,14.49667,"April 02, 20",0.063
0,2020-04-01,14.03,14.34,13.34,13.91,13.378515,370500.0,370500.0,-0.12,-0.855,13.86333,"April 01, 20",-0.00855
0,2020-03-31,13.73,15.12,13.54,14.68,14.119095,507500.0,507500.0,0.95,6.919,14.44667,"March 31, 20",0.06919
0,2020-03-30,13.59,13.97,12.56,13.69,13.166922,374100.0,374100.0,0.1,0.736,13.40667,"March 30, 20",0.00736
0,2020-03-27,14.86,15.1,13.2,13.68,13.157305,365100.0,365100.0,-1.18,-7.941,13.99333,"March 27, 20",-0.07941
0,2020-03-26,12.86,15.88,12.8,15.6,15.003944,807200.0,807200.0,2.74,21.306,14.76,"March 26, 20",0.21306
0,2020-03-25,11.53,13.37,11.33,12.83,12.339781,792500.0,792500.0,1.3,11.275,12.51,"March 25, 20",0.11275
0,2020-03-24,11.81,12.18,10.55,11.33,10.897094,1414800.0,1414800.0,-0.48,-4.064,11.35333,"March 24, 20",-0.04064
0,2020-03-23,10.9,11.34,10.05,11.04,10.618175,763300.0,763300.0,0.14,1.284,10.81,"March 23, 20",0.01284
0,2020-03-20,11.2,11.89,10.04,11.05,10.627794,742100.0,742100.0,-0.15,-1.339,10.99333,"March 20, 20",-0.01339
0,2020-03-19,9.5,11.02,9.12,10.84,10.425817,588100.0,588100.0,1.34,14.105,10.32667,"March 19, 20",0.14105
0,2020-03-18,11.53,12.02,9.2,9.55,9.185106,789400.0,789400.0,-1.98,-17.173,10.25667,"March 18, 20",-0.17173
0,2020-03-17,13.5,13.87,11.51,11.69,11.243339,649800.0,649800.0,-1.81,-13.407,12.35667,"March 17, 20",-0.13407
0,2020-03-16,12.92,14.77,12.92,13.17,12.66679,546600.0,546600.0,0.25,1.935,13.62,"March 16, 20",0.01935
0,2020-03-13,15.96,16.549999,13.83,14.64,14.080625,544600.0,544600.0,-1.32,-8.271,15.00667,"March 13, 20",-0.08271
0,2020-03-12,15.9,16.110001,14.85,14.96,14.388396,456700.0,456700.0,-0.94,-5.912,15.30667,"March 12, 20",-0.05912
0,2020-03-11,17.370001,17.99,16.59,17.059999,16.408157,290900.0,290900.0,-0.31,-1.785,17.21333,"March 11, 20",-0.01785
0,2020-03-10,18.65,19.27,17.08,18.02,17.331478,462800.0,462800.0,-0.63,-3.378,18.12333,"March 10, 20",-0.03378
0,2020-03-09,19.040001,19.309999,17.620001,17.809999,17.129503,353300.0,353300.0,-1.23,-6.46,18.24667,"March 09, 20",-0.0646
0,2020-03-06,20.93,21.370001,19.870001,20.42,19.639778,320800.0,320800.0,-0.51,-2.437,20.55333,"March 06, 20",-0.02437
0,2020-03-05,21.799999,21.92,21.27,21.469999,20.649656,333200.0,333200.0,-0.33,-1.514,21.55333,"March 05, 20",-0.01514
0,2020-03-04,22.700001,23.08,21.690001,22.4,21.544123,216300.0,216300.0,-0.3,-1.322,22.39,"March 04, 20",-0.01322
0,2020-03-03,23.15,23.879999,21.91,22.35,21.496035,381600.0,381600.0,-0.8,-3.456,22.71333,"March 03, 20",-0.03456
0,2020-03-02,23.860001,23.889999,22.6,23.15,22.265467,423500.0,423500.0,-0.71,-2.976,23.21333,"March 02, 20",-0.02976
0,2020-02-28,22.5,23.799999,22.5,23.76,22.85216,476000.0,476000.0,1.26,5.6,23.35333,"February 28, 20",0.056
0,2020-02-27,22.709999,24.26,22.23,23.469999,22.573238,322000.0,322000.0,0.76,3.347,23.32,"February 27, 20",0.03347
0,2020-02-26,24.440001,24.700001,23.5,23.51,22.347218,430700.0,430700.0,-0.93,-3.805,23.90333,"February 26, 20",-0.03805
0,2020-02-25,25.870001,25.870001,24.219999,24.26,23.060123,370000.0,370000.0,-1.61,-6.223,24.78333,"February 25, 20",-0.06223
0,2020-02-24,25.84,26.09,25.120001,25.74,24.466925,453500.0,453500.0,-0.1,-0.387,25.65,"February 24, 20",-0.00387
0,2020-02-21,26.620001,27.18,25.76,26.860001,25.53153,488200.0,488200.0,0.24,0.902,26.6,"February 21, 20",0.00902
0,2020-02-20,30.77,31.959999,26.23,26.440001,25.132305,605600.0,605600.0,-4.33,-14.072,28.21,"February 20, 20",-0.14072
0,2020-02-19,29.41,29.98,29.08,29.719999,28.250078,296400.0,296400.0,0.31,1.054,29.59333,"February 19, 20",0.01054
0,2020-02-18,29.48,29.51,28.950001,29.23,27.784313,114600.0,114600.0,-0.25,-0.848,29.23,"February 18, 20",-0.00848
0,2020-02-14,29.77,29.889999,29.209999,29.6,28.136013,169200.0,169200.0,-0.17,-0.571,29.56667,"February 14, 20",-0.00571
0,2020-02-13,29.57,29.780001,29.26,29.75,28.278595,183000.0,183000.0,0.18,0.609,29.59667,"February 13, 20",0.00609
0,2020-02-12,29.549999,30.129999,29.530001,29.780001,28.307112,195000.0,195000.0,0.23,0.778,29.81333,"February 12, 20",0.00778
0,2020-02-11,28.76,29.5,28.76,29.309999,27.860357,184500.0,184500.0,0.55,1.912,29.19,"February 11, 20",0.01912
0,2020-02-10,28.32,28.58,28.08,28.540001,27.128441,196600.0,196600.0,0.22,0.777,28.4,"February 10, 20",0.00777
0,2020-02-07,28.93,28.93,28.27,28.51,27.099922,276400.0,276400.0,-0.42,-1.452,28.57,"February 07, 20",-0.01452
0,2020-02-06,29.42,29.6,28.690001,29.07,27.632225,192300.0,192300.0,-0.35,-1.19,29.12,"February 06, 20",-0.0119
0,2020-02-05,29.08,29.690001,29.01,29.360001,27.907883,214700.0,214700.0,0.28,0.963,29.35333,"February 05, 20",0.00963
0,2020-02-04,27.92,28.879999,27.92,28.549999,27.137943,392900.0,392900.0,0.63,2.256,28.45,"February 04, 20",0.02256
0,2020-02-03,27.32,27.85,26.950001,27.459999,26.101854,189400.0,189400.0,0.14,0.512,27.42,"February 03, 20",0.00512
0,2020-01-31,27.879999,27.91,26.84,27.110001,25.769167,375300.0,375300.0,-0.77,-2.762,27.28667,"January 31, 20",-0.02762
0,2020-01-30,28.120001,28.57,27.459999,28.139999,26.748222,155300.0,155300.0,0.02,0.071,28.05667,"January 30, 20",0.00071
0,2020-01-29,28.99,29.01,28.360001,28.440001,27.033384,153000.0,153000.0,-0.55,-1.897,28.60333,"January 29, 20",-0.01897
0,2020-01-28,28.4,29.07,28.18,28.809999,27.385084,218600.0,218600.0,0.41,1.444,28.68667,"January 28, 20",0.01444
0,2020-01-27,28.01,28.459999,27.780001,28.17,26.776737,264100.0,264100.0,0.16,0.571,28.13667,"January 27, 20",0.00571
0,2020-01-24,29.129999,29.370001,28.360001,28.790001,27.366076,180500.0,180500.0,-0.34,-1.167,28.84,"January 24, 20",-0.01167
0,2020-01-23,28.9,29.32,28.059999,29.040001,27.603712,233100.0,233100.0,0.14,0.484,28.80667,"January 23, 20",0.00484
0,2020-01-22,29.93,29.99,29.01,29.08,27.641731,179900.0,179900.0,-0.85,-2.84,29.36,"January 22, 20",-0.0284
0,2020-01-21,30.959999,30.959999,29.74,29.74,28.269089,161500.0,161500.0,-1.22,-3.941,30.14667,"January 21, 20",-0.03941
0,2020-01-17,31.549999,31.799999,31.049999,31.280001,29.732922,157600.0,157600.0,-0.27,-0.856,31.37667,"January 17, 20",-0.00856
0,2020-01-16,31.02,31.469999,31.02,31.41,29.856491,132600.0,132600.0,0.39,1.257,31.3,"January 16, 20",0.01257
0,2020-01-15,30.549999,30.870001,30.32,30.709999,29.191113,127600.0,127600.0,0.16,0.524,30.63333,"January 15, 20",0.00524
0,2020-01-14,30.549999,30.85,30.32,30.77,29.248146,180800.0,180800.0,0.22,0.72,30.64667,"January 14, 20",0.0072
0,2020-01-13,31.040001,31.120001,30.190001,30.48,28.972488,297200.0,297200.0,-0.56,-1.804,30.59667,"January 13, 20",-0.01804
0,2020-01-10,31.43,31.51,30.85,30.93,29.400234,179900.0,179900.0,-0.5,-1.591,31.09667,"January 10, 20",-0.01591
0,2020-01-09,31.83,31.879999,31.09,31.41,29.856491,188300.0,188300.0,-0.42,-1.32,31.46,"January 09, 20",-0.0132
0,2020-01-08,32.369999,32.450001,31.33,31.6,30.037096,257100.0,257100.0,-0.77,-2.379,31.79333,"January 08, 20",-0.02379
0,2020-01-07,32.439999,32.580002,31.91,32.349998,30.75,177500.0,177500.0,-0.09,-0.277,32.28,"January 07, 20",-0.00277
0,2020-01-06,32.119999,32.639999,31.700001,32.549999,30.940109,137700.0,137700.0,0.43,1.339,32.29667,"January 06, 20",0.01339
0,2020-01-03,32.57,32.810001,32.040001,32.360001,30.759506,155900.0,155900.0,-0.21,-0.645,32.40333,"January 03, 20",-0.00645
0,2020-01-02,33.689999,33.790001,32.57,33.029999,31.396366,124400.0,124400.0,-0.66,-1.959,33.13,"January 02, 20",-0.01959
0,2019-12-31,32.970001,33.57,32.959999,33.43,31.776587,161100.0,161100.0,0.46,1.395,33.32,"December 31, 19",0.01395
0,2019-12-30,33.619999,33.689999,32.98,33.07,31.434389,171900.0,171900.0,-0.55,-1.636,33.24667,"December 30, 19",-0.01636
0,2019-12-27,33.369999,33.630001,33.0,33.52,31.862135,132800.0,132800.0,0.15,0.45,33.38333,"December 27, 19",0.0045
0,2019-12-26,33.400002,33.639999,32.950001,33.080002,31.443895,196800.0,196800.0,-0.32,-0.958,33.22333,"December 26, 19",-0.00958
0,2019-12-24,33.369999,33.450001,32.849998,33.439999,31.786085,85400.0,85400.0,0.07,0.21,33.24667,"December 24, 19",0.0021
0,2019-12-23,33.93,33.950001,33.110001,33.189999,31.548452,155300.0,155300.0,-0.74,-2.181,33.41667,"December 23, 19",-0.02181
0,2019-12-20,33.279999,33.869999,33.0,33.599998,31.938173,487500.0,487500.0,0.32,0.962,33.49,"December 20, 19",0.00962
0,2019-12-19,33.029999,33.330002,32.75,33.119999,31.481916,134000.0,134000.0,0.09,0.272,33.06667,"December 19, 19",0.00272
0,2019-12-18,32.610001,33.139999,32.369999,33.02,31.386864,154800.0,154800.0,0.41,1.257,32.84333,"December 18, 19",0.01257
0,2019-12-17,33.150002,33.290001,32.240002,32.439999,30.835548,187800.0,187800.0,-0.71,-2.142,32.65667,"December 17, 19",-0.02142
0,2019-12-16,33.16,33.77,33.029999,33.150002,31.510437,137300.0,137300.0,-0.01,-0.03,33.31667,"December 16, 19",-0.0003
0,2019-12-13,33.540001,34.119999,32.689999,32.779999,31.15873,248600.0,248600.0,-0.76,-2.266,33.19667,"December 13, 19",-0.02266
0,2019-12-12,32.650002,33.549999,32.169998,33.509998,31.852625,216700.0,216700.0,0.86,2.634,33.07667,"December 12, 19",0.02634
0,2019-12-11,31.84,32.630001,31.51,32.610001,30.997143,116400.0,116400.0,0.77,2.418,32.25,"December 11, 19",0.02418
0,2019-12-10,32.009998,32.169998,31.51,31.67,30.103632,145000.0,145000.0,-0.34,-1.062,31.78333,"December 10, 19",-0.01062
0,2019-12-09,32.77,33.25,32.080002,32.099998,30.512363,150800.0,150800.0,-0.67,-2.045,32.47667,"December 09, 19",-0.02045
0,2019-12-06,32.400002,33.290001,32.400002,32.93,31.301313,269900.0,269900.0,0.53,1.636,32.87333,"December 06, 19",0.01636
0,2019-12-05,31.889999,32.080002,31.65,31.93,30.350773,122600.0,122600.0,0.04,0.125,31.88667,"December 05, 19",0.00125
0,2019-12-04,32.09,32.41,31.66,31.799999,30.227201,119300.0,119300.0,-0.29,-0.904,31.95667,"December 04, 19",-0.00904
0,2019-12-03,31.440001,31.790001,30.950001,31.690001,30.122644,138100.0,138100.0,0.25,0.795,31.47667,"December 03, 19",0.00795
0,2019-12-02,33.299999,33.360001,31.809999,31.959999,30.379288,217100.0,217100.0,-1.34,-4.024,32.37667,"December 02, 19",-0.04024
0,2019-11-29,33.59,33.75,32.869999,33.0,31.367851,140300.0,140300.0,-0.59,-1.756,33.20667,"November 29, 19",-0.01756
0,2019-11-27,34.0,34.080002,33.48,33.810001,32.137794,109300.0,109300.0,-0.19,-0.559,33.79,"November 27, 19",-0.00559
0,2019-11-26,33.919998,34.119999,33.549999,33.93,32.251854,224800.0,224800.0,0.01,0.029,33.86667,"November 26, 19",0.00029
0,2019-11-25,33.560001,34.240002,33.32,33.830002,32.156803,262000.0,262000.0,0.27,0.805,33.79667,"November 25, 19",0.00805
0,2019-11-22,33.490002,33.75,33.240002,33.389999,31.738564,166600.0,166600.0,-0.1,-0.299,33.46,"November 22, 19",-0.00299
0,2019-11-21,33.77,33.939999,33.16,33.389999,31.477161,178000.0,178000.0,-0.38,-1.125,33.49667,"November 21, 19",-0.01125
0,2019-11-20,33.939999,34.25,33.279999,33.490002,31.571442,245600.0,245600.0,-0.45,-1.326,33.67333,"November 20, 19",-0.01326
0,2019-11-19,34.959999,35.18,34.27,34.290001,32.325607,141700.0,141700.0,-0.67,-1.916,34.58,"November 19, 19",-0.01916
0,2019-11-18,34.970001,35.119999,34.560001,34.790001,32.796963,185400.0,185400.0,-0.18,-0.515,34.82333,"November 18, 19",-0.00515
0,2019-11-15,35.799999,36.0,35.060001,35.07,33.060921,179500.0,179500.0,-0.73,-2.039,35.37667,"November 15, 19",-0.02039
0,2019-11-14,34.990002,35.880001,34.860001,35.419998,33.390873,341900.0,341900.0,0.43,1.229,35.38667,"November 14, 19",0.01229
0,2019-11-13,35.849998,36.450001,35.200001,36.369999,34.286449,233400.0,233400.0,0.52,1.45,36.00667,"November 13, 19",0.0145
0,2019-11-12,36.900002,37.099998,35.77,36.150002,34.079052,275900.0,275900.0,-0.75,-2.033,36.34,"November 12, 19",-0.02033
0,2019-11-11,37.040001,37.18,36.540001,36.75,34.644676,139800.0,139800.0,-0.29,-0.783,36.82333,"November 11, 19",-0.00783
0,2019-11-08,37.290001,37.580002,36.599998,36.860001,34.748379,191000.0,191000.0,-0.43,-1.153,37.01333,"November 08, 19",-0.01153
0,2019-11-07,36.91,37.59,36.59,37.290001,35.153744,379000.0,379000.0,0.38,1.03,37.15667,"November 07, 19",0.0103
0,2019-11-06,36.43,36.630001,35.959999,36.25,34.173325,187300.0,187300.0,-0.18,-0.494,36.28,"November 06, 19",-0.00494
0,2019-11-05,36.810001,37.849998,36.209999,36.299999,34.220459,286100.0,286100.0,-0.51,-1.385,36.78667,"November 05, 19",-0.01385
0,2019-11-04,35.84,36.860001,35.240002,36.759998,34.654102,312900.0,312900.0,0.92,2.567,36.28667,"November 04, 19",0.02567
0,2019-11-01,34.16,35.509998,34.099998,35.459999,33.428574,512000.0,512000.0,1.3,3.806,35.02333,"November 01, 19",0.03806
0,2019-10-31,34.23,34.599998,33.310001,33.939999,31.995653,400800.0,400800.0,-0.29,-0.847,33.95,"October 31, 19",-0.00847
0,2019-10-30,35.150002,35.150002,34.169998,34.389999,32.419876,394100.0,394100.0,-0.76,-2.162,34.57,"October 30, 19",-0.02162
0,2019-10-29,34.900002,35.549999,34.849998,35.18,33.164619,326900.0,326900.0,0.28,0.802,35.19333,"October 29, 19",0.00802
0,2019-10-28,34.91,35.279999,34.560001,34.900002,32.900658,440300.0,440300.0,-0.01,-0.029,34.91333,"October 28, 19",-0.00029
0,2019-10-25,31.940001,35.419998,31.91,34.790001,32.796963,1076000.0,1076000.0,2.85,8.923,34.04,"October 25, 19",0.08923
0,2019-10-24,32.75,33.549999,30.860001,31.719999,29.902834,360200.0,360200.0,-1.03,-3.145,32.04333,"October 24, 19",-0.03145
0,2019-10-23,30.280001,30.889999,30.17,30.35,28.61132,248000.0,248000.0,0.07,0.231,30.47,"October 23, 19",0.00231
0,2019-10-22,30.0,30.51,29.57,30.32,28.583036,161000.0,161000.0,0.32,1.067,30.13333,"October 22, 19",0.01067
0,2019-10-21,29.83,30.360001,29.66,29.870001,28.158815,178000.0,178000.0,0.04,0.134,29.96333,"October 21, 19",0.00134
0,2019-10-18,29.360001,29.780001,29.299999,29.469999,27.781733,83800.0,83800.0,0.11,0.375,29.51667,"October 18, 19",0.00375
0,2019-10-17,28.610001,29.84,28.27,29.540001,27.847721,180800.0,180800.0,0.93,3.251,29.21667,"October 17, 19",0.03251
0,2019-10-16,28.75,29.35,28.450001,28.49,26.857874,160500.0,160500.0,-0.26,-0.904,28.76333,"October 16, 19",-0.00904
0,2019-10-15,28.120001,28.93,28.040001,28.91,27.253815,150200.0,150200.0,0.79,2.809,28.62667,"October 15, 19",0.02809
0,2019-10-14,27.879999,28.4,27.83,28.15,26.537354,159000.0,159000.0,0.27,0.968,28.12667,"October 14, 19",0.00968
0,2019-10-11,27.889999,28.92,27.889999,28.190001,26.575062,200300.0,200300.0,0.3,1.076,28.33333,"October 11, 19",0.01076
0,2019-10-10,27.85,28.42,27.24,27.360001,25.792612,283200.0,283200.0,-0.49,-1.759,27.67333,"October 10, 19",-0.01759
0,2019-10-09,26.82,27.889999,26.49,27.620001,26.037714,340600.0,340600.0,0.8,2.983,27.33333,"October 09, 19",0.02983
0,2019-10-08,27.0,27.059999,26.209999,26.440001,24.925314,341500.0,341500.0,-0.56,-2.074,26.57,"October 08, 19",-0.02074
0,2019-10-07,27.690001,27.98,27.309999,27.450001,25.877453,285100.0,285100.0,-0.24,-0.867,27.58,"October 07, 19",-0.00867
0,2019-10-04,26.719999,27.83,26.639999,27.76,26.169693,221600.0,221600.0,1.04,3.892,27.41,"October 04, 19",0.03892
0,2019-10-03,26.559999,26.75,25.85,26.620001,25.095003,342100.0,342100.0,0.06,0.226,26.40667,"October 03, 19",0.00226
0,2019-10-02,26.870001,27.15,26.110001,26.799999,25.26469,183500.0,183500.0,-0.07,-0.261,26.68667,"October 02, 19",-0.00261
0,2019-10-01,29.120001,29.57,26.969999,27.0,25.453232,465200.0,465200.0,-2.12,-7.28,27.84667,"October 01, 19",-0.0728
0,2019-09-30,28.940001,29.280001,28.379999,28.860001,27.206678,268200.0,268200.0,-0.08,-0.276,28.84,"September 30, 19",-0.00276
0,2019-09-27,29.219999,29.27,28.76,28.879999,27.225533,196400.0,196400.0,-0.34,-1.164,28.97,"September 27, 19",-0.01164
0,2019-09-26,29.040001,29.299999,28.82,29.0,27.338657,255000.0,255000.0,-0.04,-0.138,29.04,"September 26, 19",-0.00138
0,2019-09-25,28.59,29.41,28.459999,29.139999,27.470636,178000.0,178000.0,0.55,1.924,29.00333,"September 25, 19",0.01924
0,2019-09-24,28.82,28.98,28.360001,28.629999,26.989851,450300.0,450300.0,-0.19,-0.659,28.65667,"September 24, 19",-0.00659
0,2019-09-23,28.360001,28.99,28.290001,28.65,27.008707,133800.0,133800.0,0.29,1.023,28.64333,"September 23, 19",0.01023
0,2019-09-20,28.18,28.799999,28.1,28.620001,26.980427,359700.0,359700.0,0.44,1.561,28.50667,"September 20, 19",0.01561
0,2019-09-19,28.290001,28.74,28.0,28.120001,26.509071,211000.0,211000.0,-0.17,-0.601,28.28667,"September 19, 19",-0.00601
0,2019-09-18,27.879999,28.370001,27.4,28.190001,26.575062,194200.0,194200.0,0.31,1.112,27.98667,"September 18, 19",0.01112
0,2019-09-17,28.02,28.219999,27.309999,28.190001,26.575062,163200.0,163200.0,0.17,0.607,27.90667,"September 17, 19",0.00607
0,2019-09-16,27.48,28.209999,27.23,28.16,26.54678,188500.0,188500.0,0.68,2.475,27.86667,"September 16, 19",0.02475
0,2019-09-13,28.16,28.559999,27.629999,27.639999,26.05657,181500.0,181500.0,-0.52,-1.847,27.94333,"September 13, 19",-0.01847
0,2019-09-12,27.860001,28.129999,27.360001,27.790001,26.197975,197200.0,197200.0,-0.07,-0.251,27.76,"September 12, 19",-0.00251
0,2019-09-11,27.299999,27.879999,27.040001,27.780001,26.188549,240200.0,240200.0,0.48,1.758,27.56667,"September 11, 19",0.01758
0,2019-09-10,26.4,27.42,26.15,27.110001,25.556932,247000.0,247000.0,0.71,2.689,26.89333,"September 10, 19",0.02689
0,2019-09-09,25.24,26.450001,25.17,26.33,24.821615,158700.0,158700.0,1.09,4.319,25.98333,"September 09, 19",0.04319
0,2019-09-06,24.91,25.34,24.860001,25.08,23.643225,132200.0,132200.0,0.17,0.682,25.09333,"September 06, 19",0.00682
0,2019-09-05,24.66,25.799999,24.66,24.98,23.548954,188500.0,188500.0,0.32,1.298,25.14667,"September 05, 19",0.01298
0,2019-09-04,24.129999,24.42,23.780001,24.18,22.794786,104700.0,104700.0,0.05,0.207,24.12667,"September 04, 19",0.00207
0,2019-09-03,24.190001,24.24,23.35,23.66,22.304575,281700.0,281700.0,-0.53,-2.191,23.75,"September 03, 19",-0.02191
0,2019-08-30,24.049999,24.59,23.59,24.290001,22.898483,300800.0,300800.0,0.24,0.998,24.15667,"August 30, 19",0.00998
0,2019-08-29,23.530001,24.16,23.370001,24.049999,22.67223,473900.0,473900.0,0.52,2.21,23.86,"August 29, 19",0.0221
0,2019-08-28,22.799999,23.370001,22.52,23.049999,21.729519,228800.0,228800.0,0.25,1.096,22.98,"August 28, 19",0.01096
0,2019-08-27,24.32,24.32,22.75,22.780001,21.474987,158700.0,158700.0,-1.54,-6.332,23.28333,"August 27, 19",-0.06332
0,2019-08-26,24.07,24.35,23.719999,24.18,22.794786,117400.0,117400.0,0.11,0.457,24.08333,"August 26, 19",0.00457
0,2019-08-23,25.75,25.99,23.93,24.030001,22.394135,272700.0,272700.0,-1.72,-6.68,24.65,"August 23, 19",-0.0668
0,2019-08-22,25.9,26.219999,25.73,25.780001,24.025,138500.0,138500.0,-0.12,-0.463,25.91,"August 22, 19",-0.00463
0,2019-08-21,25.91,26.32,25.549999,25.75,23.99704,181400.0,181400.0,-0.16,-0.618,25.87333,"August 21, 19",-0.00618
0,2019-08-20,25.459999,25.790001,25.41,25.469999,23.736101,247300.0,247300.0,0.01,0.039,25.55667,"August 20, 19",0.00039
0,2019-08-19,25.77,26.049999,25.58,25.620001,23.875893,238000.0,238000.0,-0.15,-0.582,25.75,"August 19, 19",-0.00582
0,2019-08-16,24.42,25.34,24.370001,25.18,23.465843,283500.0,283500.0,0.76,3.112,24.96333,"August 16, 19",0.03112
0,2019-08-15,24.52,24.809999,23.65,24.120001,22.478006,182300.0,182300.0,-0.4,-1.631,24.19333,"August 15, 19",-0.01631
0,2019-08-14,24.84,25.450001,24.059999,24.379999,22.720303,220600.0,220600.0,-0.46,-1.852,24.63,"August 14, 19",-0.01852
0,2019-08-13,25.450001,26.540001,25.309999,25.4,23.670868,175500.0,175500.0,-0.05,-0.196,25.75,"August 13, 19",-0.00196
0,2019-08-12,26.440001,26.790001,25.57,25.66,23.913164,119900.0,119900.0,-0.78,-2.95,26.00667,"August 12, 19",-0.0295
0,2019-08-09,26.690001,26.940001,26.15,26.66,24.845093,167600.0,167600.0,-0.03,-0.112,26.58333,"August 09, 19",-0.00112
0,2019-08-08,25.940001,26.84,25.940001,26.73,24.910326,230300.0,230300.0,0.79,3.045,26.50333,"August 08, 19",0.03045
0,2019-08-07,25.700001,26.049999,25.379999,25.690001,23.941126,293300.0,293300.0,-0.01,-0.039,25.70667,"August 07, 19",-0.00039
0,2019-08-06,26.57,27.040001,25.91,26.26,24.472321,217200.0,217200.0,-0.31,-1.167,26.40333,"August 06, 19",-0.01167
0,2019-08-05,26.639999,27.09,25.98,26.379999,24.584152,251200.0,251200.0,-0.26,-0.976,26.48333,"August 05, 19",-0.00976
0,2019-08-02,29.01,29.219999,27.530001,27.799999,25.90748,201100.0,201100.0,-1.21,-4.171,28.18333,"August 02, 19",-0.04171
0,2019-08-01,30.690001,30.690001,28.940001,29.18,27.193539,242000.0,242000.0,-1.51,-4.92,29.60333,"August 01, 19",-0.0492
0,2019-07-31,31.83,32.080002,30.58,30.610001,28.526192,239600.0,239600.0,-1.22,-3.833,31.09,"July 31, 19",-0.03833
0,2019-07-30,31.379999,31.67,31.110001,31.58,29.430159,179900.0,179900.0,0.2,0.637,31.45333,"July 30, 19",0.00637
0,2019-07-29,30.129999,31.58,29.67,31.57,29.420837,306800.0,306800.0,1.44,4.779,30.94,"July 29, 19",0.04779
0,2019-07-26,29.530001,30.85,29.299999,30.059999,28.01363,709300.0,709300.0,0.53,1.795,30.07,"July 26, 19",0.01795
0,2019-07-25,29.18,29.74,28.629999,29.58,27.566307,295900.0,295900.0,0.4,1.371,29.31667,"July 25, 19",0.01371
0,2019-07-24,28.0,29.5,28.0,29.48,27.473114,250400.0,250400.0,1.48,5.286,28.99333,"July 24, 19",0.05286
0,2019-07-23,27.309999,28.299999,27.120001,28.25,26.326851,191100.0,191100.0,0.94,3.442,27.89,"July 23, 19",0.03442
0,2019-07-22,26.6,27.18,26.540001,27.1,25.255138,150100.0,150100.0,0.5,1.88,26.94,"July 22, 19",0.0188
0,2019-07-19,26.889999,27.08,26.459999,26.65,24.83577,146100.0,146100.0,-0.24,-0.893,26.73,"July 19, 19",-0.00893
0,2019-07-18,27.190001,27.379999,26.59,26.85,25.022156,204000.0,204000.0,-0.34,-1.25,26.94,"July 18, 19",-0.0125
0,2019-07-17,28.190001,28.24,27.530001,27.530001,25.655865,223900.0,223900.0,-0.66,-2.341,27.76667,"July 17, 19",-0.02341
0,2019-07-16,27.879999,28.469999,27.469999,28.360001,26.429363,133400.0,133400.0,0.48,1.722,28.1,"July 16, 19",0.01722
0,2019-07-15,27.809999,27.860001,27.23,27.780001,25.888847,195100.0,195100.0,-0.03,-0.108,27.62333,"July 15, 19",-0.00108
0,2019-07-12,26.58,27.809999,26.58,27.68,25.795654,181900.0,181900.0,1.1,4.138,27.35667,"July 12, 19",0.04138
0,2019-07-11,26.860001,26.889999,26.040001,26.549999,24.742577,149900.0,149900.0,-0.31,-1.154,26.49333,"July 11, 19",-0.01154
0,2019-07-10,27.27,27.35,26.74,26.77,24.947603,85800.0,85800.0,-0.5,-1.834,26.95333,"July 10, 19",-0.01834
0,2019-07-09,26.83,27.059999,26.58,27.049999,25.208542,167000.0,167000.0,0.22,0.82,26.89667,"July 09, 19",0.0082
0,2019-07-08,27.58,27.700001,26.959999,26.99,25.152626,129700.0,129700.0,-0.59,-2.139,27.21667,"July 08, 19",-0.02139
0,2019-07-05,27.51,27.870001,26.84,27.799999,25.90748,148000.0,148000.0,0.29,1.054,27.50333,"July 05, 19",0.01054
0,2019-07-03,28.24,28.24,27.67,27.73,25.842247,48600.0,48600.0,-0.51,-1.806,27.88,"July 03, 19",-0.01806
0,2019-07-02,28.780001,28.780001,27.85,28.08,26.168423,110300.0,110300.0,-0.7,-2.432,28.23667,"July 02, 19",-0.02432
0,2019-07-01,29.76,29.76,28.559999,28.9,26.932602,244100.0,244100.0,-0.86,-2.89,29.07333,"July 01, 19",-0.0289
0,2019-06-28,29.299999,29.940001,29.0,29.09,27.109665,411800.0,411800.0,-0.21,-0.717,29.34333,"June 28, 19",-0.00717
0,2019-06-27,28.309999,29.290001,28.309999,29.27,27.277412,152300.0,152300.0,0.96,3.391,28.95667,"June 27, 19",0.03391
0,2019-06-26,27.620001,28.34,27.23,28.18,26.261616,193300.0,193300.0,0.56,2.028,27.91667,"June 26, 19",0.02028
0,2019-06-25,27.75,27.799999,27.219999,27.459999,25.590631,171400.0,171400.0,-0.29,-1.045,27.49333,"June 25, 19",-0.01045
0,2019-06-24,28.280001,28.49,27.52,27.629999,25.749056,335300.0,335300.0,-0.65,-2.298,27.88,"June 24, 19",-0.02298
0,2019-06-21,28.360001,28.65,27.959999,28.26,26.336172,179900.0,179900.0,-0.1,-0.353,28.29,"June 21, 19",-0.00353
0,2019-06-20,28.5,28.709999,28.17,28.4,26.466639,286800.0,286800.0,-0.1,-0.351,28.42667,"June 20, 19",-0.00351
0,2019-06-19,28.120001,28.25,27.610001,27.99,26.084549,167500.0,167500.0,-0.13,-0.462,27.95,"June 19, 19",-0.00462
0,2019-06-18,27.459999,28.379999,27.280001,27.940001,26.037956,210100.0,210100.0,0.48,1.748,27.86667,"June 18, 19",0.01748
0,2019-06-17,27.34,27.57,26.780001,27.24,25.385605,153700.0,153700.0,-0.1,-0.366,27.19667,"June 17, 19",-0.00366
0,2019-06-14,27.610001,27.639999,26.98,27.280001,25.422884,139500.0,139500.0,-0.33,-1.195,27.3,"June 14, 19",-0.01195
0,2019-06-13,26.9,27.719999,26.719999,27.690001,25.804974,287600.0,287600.0,0.79,2.937,27.37667,"June 13, 19",0.02937
0,2019-06-12,26.809999,27.219999,26.309999,26.77,24.947603,262100.0,262100.0,-0.04,-0.149,26.76667,"June 12, 19",-0.00149
0,2019-06-11,27.280001,27.52,26.620001,26.860001,25.031479,204300.0,204300.0,-0.42,-1.54,27.0,"June 11, 19",-0.0154
0,2019-06-10,26.860001,27.290001,26.5,26.889999,25.059433,157000.0,157000.0,0.03,0.112,26.89333,"June 10, 19",0.00112
0,2019-06-07,26.309999,26.82,26.1,26.5,24.695984,176000.0,176000.0,0.19,0.722,26.47333,"June 07, 19",0.00722
0,2019-06-06,25.969999,26.18,25.280001,26.110001,24.332533,181100.0,181100.0,0.14,0.539,25.85667,"June 06, 19",0.00539
0,2019-06-05,25.809999,26.139999,25.309999,26.030001,24.25798,225800.0,225800.0,0.22,0.852,25.82667,"June 05, 19",0.00852
0,2019-06-04,24.6,25.959999,24.58,25.809999,24.052954,220600.0,220600.0,1.21,4.919,25.45,"June 04, 19",0.04919
0,2019-06-03,24.1,24.719999,24.02,24.190001,22.54324,617400.0,617400.0,0.09,0.373,24.31,"June 03, 19",0.00373
0,2019-05-31,24.98,25.09,24.200001,24.309999,22.655069,224100.0,224100.0,-0.67,-2.682,24.53333,"May 31, 19",-0.02682
0,2019-05-30,25.549999,26.040001,25.24,25.42,23.689507,251600.0,251600.0,-0.13,-0.509,25.56667,"May 30, 19",-0.00509
0,2019-05-29,25.25,25.65,24.879999,25.450001,23.717464,141000.0,141000.0,0.2,0.792,25.32667,"May 29, 19",0.00792
0,2019-05-28,26.030001,26.200001,25.200001,25.35,23.624271,241900.0,241900.0,-0.68,-2.612,25.58333,"May 28, 19",-0.02612
0,2019-05-24,26.120001,26.24,25.66,26.0,24.230021,109000.0,109000.0,-0.12,-0.459,25.96667,"May 24, 19",-0.00459
0,2019-05-23,26.68,26.870001,25.860001,26.15,24.113533,259100.0,259100.0,-0.53,-1.987,26.29333,"May 23, 19",-0.01987
0,2019-05-22,28.200001,28.309999,27.049999,27.09,24.980328,171900.0,171900.0,-1.11,-3.936,27.48333,"May 22, 19",-0.03936
0,2019-05-21,28.16,28.540001,28.07,28.41,26.197531,91900.0,91900.0,0.25,0.888,28.34,"May 21, 19",0.00888
0,2019-05-20,28.02,28.42,27.700001,27.99,25.810238,135700.0,135700.0,-0.03,-0.107,28.03667,"May 20, 19",-0.00107
0,2019-05-17,28.15,28.84,28.059999,28.389999,26.179089,192000.0,192000.0,0.24,0.853,28.43,"May 17, 19",0.00853
0,2019-05-16,28.540001,29.030001,28.42,28.5,26.280523,151200.0,151200.0,-0.04,-0.14,28.65,"May 16, 19",-0.0014
0,2019-05-15,27.709999,28.57,27.5,28.41,26.197531,150800.0,150800.0,0.7,2.526,28.16,"May 15, 19",0.02526
0,2019-05-14,27.780001,28.27,27.51,28.049999,25.865564,242500.0,242500.0,0.27,0.972,27.94333,"May 14, 19",0.00972
0,2019-05-13,28.280001,28.5,27.309999,27.66,25.505939,214000.0,214000.0,-0.62,-2.192,27.82333,"May 13, 19",-0.02192
0,2019-05-10,29.309999,29.620001,28.450001,29.200001,26.926008,121600.0,121600.0,-0.11,-0.375,29.09,"May 10, 19",-0.00375
0,2019-05-09,29.07,29.700001,28.4,29.530001,27.230309,190300.0,190300.0,0.46,1.582,29.21,"May 09, 19",0.01582
0,2019-05-08,28.860001,29.42,28.34,29.25,26.972115,316900.0,316900.0,0.39,1.351,29.00333,"May 08, 19",0.01351
0,2019-05-07,29.290001,29.389999,28.68,28.91,26.65859,187400.0,187400.0,-0.38,-1.297,28.99333,"May 07, 19",-0.01297
0,2019-05-06,29.57,30.08,29.33,29.77,27.451622,261400.0,261400.0,0.2,0.676,29.72667,"May 06, 19",0.00676
0,2019-05-03,30.0,30.58,29.860001,30.290001,27.931124,338900.0,338900.0,0.29,0.967,30.24333,"May 03, 19",0.00967
0,2019-05-02,30.32,30.57,29.309999,29.969999,27.636044,237400.0,237400.0,-0.35,-1.154,29.95,"May 02, 19",-0.01154
0,2019-05-01,30.4,31.1,30.059999,30.299999,27.940344,493500.0,493500.0,-0.1,-0.329,30.48667,"May 01, 19",-0.00329
0,2019-04-30,30.75,31.0,30.049999,30.41,28.041777,418600.0,418600.0,-0.34,-1.106,30.48667,"April 30, 19",-0.01106
0,2019-04-29,30.889999,31.209999,30.719999,30.82,28.419847,456500.0,456500.0,-0.07,-0.227,30.91667,"April 29, 19",-0.00227
0,2019-04-26,30.0,31.1,30.0,30.85,28.447514,632200.0,632200.0,0.85,2.833,30.65,"April 26, 19",0.02833
0,2019-04-25,30.0,31.77,29.26,30.26,27.90346,676800.0,676800.0,0.26,0.867,30.43,"April 25, 19",0.00867
0,2019-04-24,29.66,30.07,29.610001,29.82,27.497725,221500.0,221500.0,0.16,0.539,29.83333,"April 24, 19",0.00539
0,2019-04-23,29.370001,30.15,29.16,29.75,27.433176,249000.0,249000.0,0.38,1.294,29.68667,"April 23, 19",0.01294
0,2019-04-22,29.6,29.6,28.99,29.4,27.110432,138100.0,138100.0,-0.2,-0.676,29.33,"April 22, 19",-0.00676
0,2019-04-18,29.889999,30.870001,29.18,29.469999,27.174984,321600.0,321600.0,-0.42,-1.405,29.84,"April 18, 19",-0.01405
0,2019-04-17,28.719999,29.280001,28.379999,28.690001,26.455727,153900.0,153900.0,-0.03,-0.104,28.78333,"April 17, 19",-0.00104
0,2019-04-16,28.09,28.67,27.639999,28.65,26.418839,164200.0,164200.0,0.56,1.994,28.32,"April 16, 19",0.01994
0,2019-04-15,28.040001,28.34,27.59,27.889999,25.718023,161000.0,161000.0,-0.15,-0.535,27.94,"April 15, 19",-0.00535
0,2019-04-12,28.01,28.280001,27.59,28.08,25.89323,143500.0,143500.0,0.07,0.25,27.98333,"April 12, 19",0.0025
0,2019-04-11,26.9,27.719999,26.540001,27.629999,25.478275,181600.0,181600.0,0.73,2.714,27.29667,"April 11, 19",0.02714
0,2019-04-10,25.99,26.780001,25.940001,26.74,24.657587,130000.0,130000.0,0.75,2.886,26.48667,"April 10, 19",0.02886
0,2019-04-09,26.620001,26.620001,25.9,25.99,23.965992,185900.0,185900.0,-0.63,-2.367,26.17,"April 09, 19",-0.02367
0,2019-04-08,26.58,26.83,26.280001,26.76,24.676027,143700.0,143700.0,0.18,0.677,26.62333,"April 08, 19",0.00677
0,2019-04-05,26.68,26.91,26.549999,26.709999,24.629919,243600.0,243600.0,0.03,0.112,26.72333,"April 05, 19",0.00112
0,2019-04-04,26.27,26.82,26.26,26.639999,24.565371,119300.0,119300.0,0.37,1.408,26.57333,"April 04, 19",0.01408
0,2019-04-03,25.940001,26.370001,25.74,26.209999,24.168858,151700.0,151700.0,0.27,1.041,26.10667,"April 03, 19",0.01041
0,2019-04-02,26.200001,26.41,25.440001,25.57,23.578697,113200.0,113200.0,-0.63,-2.405,25.80667,"April 02, 19",-0.02405
0,2019-04-01,25.49,26.41,25.27,26.290001,24.24263,212700.0,212700.0,0.8,3.138,25.99,"April 01, 19",0.03138
0,2019-03-29,25.41,25.969999,24.950001,25.110001,23.154524,223300.0,223300.0,-0.3,-1.181,25.34333,"March 29, 19",-0.01181
0,2019-03-28,25.01,25.280001,24.440001,24.76,22.831779,109600.0,109600.0,-0.25,-1.0,24.82667,"March 28, 19",-0.01
0,2019-03-27,24.83,25.09,24.32,24.889999,22.951654,174800.0,174800.0,0.06,0.242,24.76667,"March 27, 19",0.00242
0,2019-03-26,25.09,25.32,24.43,24.889999,22.951654,101000.0,101000.0,-0.2,-0.797,24.88,"March 26, 19",-0.00797
0,2019-03-25,24.4,25.24,24.27,24.82,22.887106,164000.0,164000.0,0.42,1.721,24.77667,"March 25, 19",0.01721
0,2019-03-22,25.799999,25.98,24.459999,24.48,22.573582,215000.0,215000.0,-1.32,-5.116,24.97333,"March 22, 19",-0.05116
0,2019-03-21,25.59,26.440001,25.34,26.07,24.039762,109100.0,109100.0,0.48,1.876,25.95,"March 21, 19",0.01876
0,2019-03-20,26.059999,26.059999,24.98,25.709999,23.707796,233000.0,233000.0,-0.35,-1.343,25.58333,"March 20, 19",-0.01343
0,2019-03-19,26.75,27.09,25.959999,26.129999,24.095087,268900.0,268900.0,-0.62,-2.318,26.39333,"March 19, 19",-0.02318
0,2019-03-18,25.68,26.6,25.530001,26.5,24.436272,245400.0,245400.0,0.82,3.193,26.21,"March 18, 19",0.03193
0,2019-03-15,25.92,26.24,25.200001,25.620001,23.624807,330900.0,330900.0,-0.3,-1.157,25.68667,"March 15, 19",-0.01157
0,2019-03-14,26.91,27.09,25.91,25.91,23.892221,210900.0,210900.0,-1.0,-3.716,26.30333,"March 14, 19",-0.03716
0,2019-03-13,27.370001,27.59,27.0,27.02,24.915779,141300.0,141300.0,-0.35,-1.279,27.20333,"March 13, 19",-0.01279
0,2019-03-12,27.440001,27.74,26.77,27.120001,25.007992,180300.0,180300.0,-0.32,-1.166,27.21,"March 12, 19",-0.01166
0,2019-03-11,27.08,27.58,26.92,27.379999,25.247742,172400.0,172400.0,0.3,1.108,27.29333,"March 11, 19",0.01108
0,2019-03-08,26.870001,27.42,26.74,27.120001,25.007992,167000.0,167000.0,0.25,0.93,27.09333,"March 08, 19",0.0093
0,2019-03-07,27.530001,27.629999,26.780001,27.27,25.146311,147700.0,147700.0,-0.26,-0.944,27.22667,"March 07, 19",-0.00944
0,2019-03-06,28.42,28.42,27.530001,27.6,25.450611,153100.0,153100.0,-0.82,-2.885,27.85,"March 06, 19",-0.02885
0,2019-03-05,28.67,28.67,27.91,28.27,26.068434,151300.0,151300.0,-0.4,-1.395,28.28333,"March 05, 19",-0.01395
0,2019-03-04,29.17,29.57,28.309999,28.73,26.492609,161900.0,161900.0,-0.44,-1.508,28.87,"March 04, 19",-0.01508
0,2019-03-01,28.99,29.35,28.5,29.02,26.760025,161200.0,161200.0,0.03,0.103,28.95667,"March 01, 19",0.00103
0,2019-02-28,29.059999,29.4,28.51,28.790001,26.547939,232600.0,232600.0,-0.27,-0.929,28.9,"February 28, 19",-0.00929
0,2019-02-27,29.219999,29.5,28.870001,29.129999,26.86146,219500.0,219500.0,-0.09,-0.308,29.16667,"February 27, 19",-0.00308
0,2019-02-26,29.75,30.15,29.299999,29.4,27.110432,256500.0,256500.0,-0.35,-1.176,29.61667,"February 26, 19",-0.01176
0,2019-02-25,30.219999,30.5,29.75,29.969999,27.636044,466700.0,466700.0,-0.25,-0.827,30.07333,"February 25, 19",-0.00827
0,2019-02-22,30.0,30.09,29.049999,30.0,27.663708,320600.0,320600.0,0.0,0.0,29.71333,"February 22, 19",0.0
0,2019-02-21,31.0,31.82,29.370001,29.629999,27.322521,734600.0,734600.0,-1.37,-4.419,30.27333,"February 21, 19",-0.04419
0,2019-02-20,28.030001,28.959999,28.01,28.73,26.492609,304100.0,304100.0,0.7,2.497,28.56667,"February 20, 19",0.02497
0,2019-02-19,28.18,28.299999,27.639999,27.91,25.736469,179800.0,179800.0,-0.27,-0.958,27.95,"February 19, 19",-0.00958
0,2019-02-15,27.93,28.77,27.879999,28.52,26.04538,192800.0,192800.0,0.59,2.112,28.39,"February 15, 19",0.02112
0,2019-02-14,27.559999,27.969999,27.440001,27.700001,25.29653,139200.0,139200.0,0.14,0.508,27.70333,"February 14, 19",0.00508
0,2019-02-13,27.85,28.24,27.51,27.860001,25.442648,138500.0,138500.0,0.01,0.036,27.87,"February 13, 19",0.00036
0,2019-02-12,27.24,27.9,27.0,27.73,25.323923,276300.0,276300.0,0.49,1.799,27.54333,"February 12, 19",0.01799
0,2019-02-11,26.209999,27.08,25.9,26.860001,24.529417,200300.0,200300.0,0.65,2.48,26.61333,"February 11, 19",0.0248
0,2019-02-08,26.4,26.65,25.879999,26.18,23.908417,159700.0,159700.0,-0.22,-0.833,26.23667,"February 08, 19",-0.00833
0,2019-02-07,26.969999,27.030001,25.959999,26.620001,24.310242,218700.0,218700.0,-0.35,-1.298,26.53667,"February 07, 19",-0.01298
0,2019-02-06,27.58,27.799999,27.049999,27.129999,24.77599,112700.0,112700.0,-0.45,-1.632,27.32667,"February 06, 19",-0.01632
0,2019-02-05,27.700001,27.85,26.9,27.59,25.196075,154700.0,154700.0,-0.11,-0.397,27.44667,"February 05, 19",-0.00397
0,2019-02-04,27.17,27.6,26.77,27.559999,25.168676,162700.0,162700.0,0.39,1.435,27.31,"February 04, 19",0.01435
0,2019-02-01,26.870001,27.59,26.440001,27.139999,24.78512,186800.0,186800.0,0.27,1.005,27.05667,"February 01, 19",0.01005
0,2019-01-31,26.559999,26.99,26.35,26.77,24.447227,186000.0,186000.0,0.21,0.791,26.70333,"January 31, 19",0.00791
0,2019-01-30,26.48,26.620001,25.530001,26.57,24.264578,173800.0,173800.0,0.09,0.34,26.24,"January 30, 19",0.0034
0,2019-01-29,26.16,26.42,25.91,26.16,23.890152,177000.0,177000.0,0.0,0.0,26.16333,"January 29, 19",0.0
0,2019-01-28,25.690001,26.309999,25.280001,26.07,23.807961,167100.0,167100.0,0.38,1.479,25.88667,"January 28, 19",0.01479
0,2019-01-25,26.299999,26.84,26.129999,26.190001,23.917551,261200.0,261200.0,-0.11,-0.418,26.38667,"January 25, 19",-0.00418
0,2019-01-24,25.16,26.15,24.9,25.889999,23.643581,164600.0,164600.0,0.73,2.901,25.64667,"January 24, 19",0.02901
0,2019-01-23,25.66,25.66,24.43,24.82,22.666422,280200.0,280200.0,-0.84,-3.274,24.97,"January 23, 19",-0.03274
0,2019-01-22,25.190001,25.799999,24.73,25.4,23.196096,340100.0,340100.0,0.21,0.834,25.31,"January 22, 19",0.00834
0,2019-01-18,24.690001,26.129999,24.610001,25.42,23.214359,319400.0,319400.0,0.73,2.957,25.38667,"January 18, 19",0.02957
0,2019-01-17,23.83,24.65,23.76,24.41,22.291996,233200.0,233200.0,0.58,2.434,24.27333,"January 17, 19",0.02434
0,2019-01-16,24.01,24.360001,23.809999,23.98,21.899307,176700.0,176700.0,-0.03,-0.125,24.05,"January 16, 19",-0.00125
0,2019-01-15,24.209999,24.4,23.57,23.98,21.899307,197800.0,197800.0,-0.23,-0.95,23.98333,"January 15, 19",-0.0095
0,2019-01-14,24.1,24.379999,23.77,24.1,22.008894,136100.0,136100.0,0.0,0.0,24.08333,"January 14, 19",0.0
0,2019-01-11,24.5,24.67,23.780001,24.43,22.310261,194900.0,194900.0,-0.07,-0.286,24.29333,"January 11, 19",-0.00286
0,2019-01-10,24.5,25.15,23.870001,24.709999,22.565964,235700.0,235700.0,0.21,0.857,24.57667,"January 10, 19",0.00857
0,2019-01-09,24.620001,25.01,24.049999,24.82,22.666422,413900.0,413900.0,0.2,0.812,24.62667,"January 09, 19",0.00812
0,2019-01-08,23.73,24.41,23.42,24.290001,22.182409,412700.0,412700.0,0.56,2.36,24.04,"January 08, 19",0.0236
0,2019-01-07,22.290001,23.59,21.82,23.24,21.223513,451000.0,451000.0,0.95,4.262,22.88333,"January 07, 19",0.04262
0,2019-01-04,21.0,22.68,20.959999,22.219999,20.292019,394400.0,394400.0,1.22,5.81,21.95333,"January 04, 19",0.0581
0,2019-01-03,21.110001,21.459999,20.110001,20.559999,18.776052,311200.0,311200.0,-0.55,-2.605,20.71,"January 03, 19",-0.02605
0,2019-01-02,19.93,21.389999,19.549999,21.389999,19.534037,378700.0,378700.0,1.46,7.326,20.77667,"January 02, 19",0.07326
0,2018-12-31,20.48,20.719999,19.719999,20.42,18.648199,341100.0,341100.0,-0.06,-0.293,20.28667,"December 31, 18",-0.00293
0,2018-12-28,20.85,21.950001,20.049999,20.459999,18.684725,301400.0,301400.0,-0.39,-1.871,20.82,"December 28, 18",-0.01871
0,2018-12-27,20.540001,21.059999,19.75,20.74,18.940435,458500.0,458500.0,0.2,0.974,20.51667,"December 27, 18",0.00974
0,2018-12-26,19.209999,20.59,18.43,20.559999,18.776052,665800.0,665800.0,1.35,7.028,19.86,"December 26, 18",0.07028
0,2018-12-24,19.5,19.690001,18.74,18.91,17.26922,191500.0,191500.0,-0.59,-3.026,19.11333,"December 24, 18",-0.03026
0,2018-12-21,19.950001,20.389999,19.41,19.690001,17.981543,785600.0,785600.0,-0.26,-1.303,19.83,"December 21, 18",-0.01303
0,2018-12-20,20.219999,20.860001,19.450001,19.860001,18.136789,559200.0,559200.0,-0.36,-1.78,20.05667,"December 20, 18",-0.0178
0,2018-12-19,19.950001,20.73,19.469999,19.639999,17.935879,529500.0,529500.0,-0.31,-1.554,19.94667,"December 19, 18",-0.01554
0,2018-12-18,20.040001,20.6,19.74,19.889999,18.164186,647300.0,647300.0,-0.15,-0.749,20.07667,"December 18, 18",-0.00749
0,2018-12-17,19.879999,20.209999,19.799999,19.9,18.173321,600400.0,600400.0,0.02,0.101,19.97,"December 17, 18",0.00101
0,2018-12-14,19.790001,20.200001,19.26,19.870001,18.145922,422900.0,422900.0,0.08,0.404,19.77667,"December 14, 18",0.00404
0,2018-12-13,19.799999,20.370001,19.4,20.01,18.273773,639700.0,639700.0,0.21,1.061,19.92667,"December 13, 18",0.01061
0,2018-12-12,18.84,20.41,18.76,19.65,17.945011,912500.0,912500.0,0.81,4.299,19.60667,"December 12, 18",0.04299
0,2018-12-11,19.030001,19.34,18.309999,18.42,16.821735,736400.0,736400.0,-0.61,-3.205,18.69,"December 11, 18",-0.03205
0,2018-12-10,19.1,19.5,18.120001,18.4,16.803471,982900.0,982900.0,-0.7,-3.665,18.67333,"December 10, 18",-0.03665
0,2018-12-07,19.709999,20.0,19.25,19.620001,17.917618,940600.0,940600.0,-0.09,-0.457,19.62333,"December 07, 18",-0.00457
0,2018-12-06,20.040001,21.5,19.17,19.540001,17.844555,484400.0,484400.0,-0.5,-2.495,20.07,"December 06, 18",-0.02495
0,2018-12-04,22.66,22.66,20.209999,20.309999,18.547745,462400.0,462400.0,-2.35,-10.371,21.06,"December 04, 18",-0.10371
0,2018-12-03,22.98,23.389999,22.290001,22.66,20.693838,297900.0,297900.0,-0.32,-1.393,22.78,"December 03, 18",-0.01393
0,2018-11-30,21.6,22.360001,21.6,22.15,20.228092,283800.0,283800.0,0.55,2.546,22.03667,"November 30, 18",0.02546
0,2018-11-29,22.120001,22.42,21.559999,21.73,19.844534,136100.0,136100.0,-0.39,-1.763,21.90333,"November 29, 18",-0.01763
0,2018-11-28,21.07,22.139999,20.35,22.110001,20.191563,297800.0,297800.0,1.04,4.936,21.53333,"November 28, 18",0.04936
0,2018-11-27,21.440001,21.809999,20.74,20.9,19.086552,261300.0,261300.0,-0.54,-2.519,21.15,"November 27, 18",-0.02519
0,2018-11-26,21.780001,22.52,21.41,21.77,19.881063,187400.0,187400.0,-0.01,-0.046,21.9,"November 26, 18",-0.00046
0,2018-11-23,21.440001,22.219999,21.389999,21.459999,19.597963,56100.0,56100.0,0.02,0.093,21.69,"November 23, 18",0.00093
0,2018-11-21,21.280001,22.5,21.280001,22.049999,20.136768,312900.0,312900.0,0.77,3.618,21.94333,"November 21, 18",0.03618
0,2018-11-20,20.41,21.25,19.950001,20.809999,19.004362,327400.0,327400.0,0.4,1.96,20.67,"November 20, 18",0.0196
0,2018-11-19,21.43,21.73,20.700001,21.040001,19.214407,214900.0,214900.0,-0.39,-1.82,21.15667,"November 19, 18",-0.0182
0,2018-11-16,22.030001,22.209999,21.280001,21.6,19.725815,238700.0,238700.0,-0.43,-1.952,21.69667,"November 16, 18",-0.01952
0,2018-11-15,22.219999,22.48,21.75,22.389999,20.196129,272400.0,272400.0,0.17,0.765,22.20667,"November 15, 18",0.00765
0,2018-11-14,23.01,23.33,22.0,22.43,20.23221,182100.0,182100.0,-0.58,-2.521,22.58667,"November 14, 18",-0.02521
0,2018-11-13,23.120001,23.610001,22.58,22.610001,20.394573,259500.0,259500.0,-0.51,-2.206,22.93333,"November 13, 18",-0.02206
0,2018-11-12,24.09,24.09,22.870001,22.98,20.728315,290500.0,290500.0,-1.11,-4.608,23.31333,"November 12, 18",-0.04608
0,2018-11-09,24.190001,24.5,23.129999,24.290001,21.90996,254500.0,254500.0,0.1,0.413,23.97333,"November 09, 18",0.00413
0,2018-11-08,25.02,25.15,24.370001,24.5,22.099382,298600.0,298600.0,-0.52,-2.078,24.67333,"November 08, 18",-0.02078
0,2018-11-07,24.690001,25.59,24.549999,25.200001,22.730793,325900.0,325900.0,0.51,2.066,25.11333,"November 07, 18",0.02066
0,2018-11-06,24.309999,24.82,23.84,24.35,21.964081,236800.0,236800.0,0.04,0.165,24.33667,"November 06, 18",0.00165
0,2018-11-05,24.309999,24.59,23.73,24.360001,21.973103,340100.0,340100.0,0.05,0.206,24.22667,"November 05, 18",0.00206
0,2018-11-02,24.07,24.379999,23.280001,24.129999,21.765635,417700.0,417700.0,0.06,0.249,23.93,"November 02, 18",0.00249
0,2018-11-01,24.24,24.51,23.58,24.059999,21.702496,434000.0,434000.0,-0.18,-0.743,24.05,"November 01, 18",-0.00743
0,2018-10-31,23.459999,24.75,23.35,24.09,21.729557,629600.0,629600.0,0.63,2.685,24.06333,"October 31, 18",0.02685
0,2018-10-30,20.07,22.15,19.91,22.120001,19.952587,707400.0,707400.0,2.05,10.214,21.39333,"October 30, 18",0.10214
0,2018-10-29,20.6,21.85,19.93,20.049999,18.085413,723800.0,723800.0,-0.55,-2.67,20.61,"October 29, 18",-0.0267
0,2018-10-26,22.0,22.4,19.57,20.139999,18.166594,1338900.0,1338900.0,-1.86,-8.455,20.70333,"October 26, 18",-0.08455
0,2018-10-25,23.17,25.26,22.07,22.9,20.656158,1187200.0,1187200.0,-0.27,-1.165,23.41,"October 25, 18",-0.01165
0,2018-10-24,23.969999,24.27,21.67,21.98,19.826303,868600.0,868600.0,-1.99,-8.302,22.64,"October 24, 18",-0.08302
0,2018-10-23,24.530001,24.629999,23.459999,23.950001,21.603275,478500.0,478500.0,-0.58,-2.364,24.01333,"October 23, 18",-0.02364
0,2018-10-22,25.42,25.950001,24.57,25.15,22.685692,779800.0,779800.0,-0.27,-1.062,25.22333,"October 22, 18",-0.01062
0,2018-10-19,27.01,27.67,25.280001,25.35,22.866093,767300.0,767300.0,-1.66,-6.146,26.1,"October 19, 18",-0.06146
0,2018-10-18,32.099998,32.099998,26.450001,26.9,24.264215,1020800.0,1020800.0,-5.2,-16.199,28.48333,"October 18, 18",-0.16199
0,2018-10-17,32.48,32.48,31.629999,32.400002,29.225307,196300.0,196300.0,-0.08,-0.246,32.17,"October 17, 18",-0.00246
0,2018-10-16,30.9,32.57,30.379999,32.5,29.315506,323200.0,323200.0,1.6,5.178,31.81667,"October 16, 18",0.05178
0,2018-10-15,30.809999,31.57,30.360001,30.92,27.890324,268400.0,268400.0,0.11,0.357,30.95,"October 15, 18",0.00357
0,2018-10-12,32.98,33.240002,30.43,30.809999,27.791101,420900.0,420900.0,-2.17,-6.58,31.49333,"October 12, 18",-0.0658
0,2018-10-11,33.16,33.849998,32.16,32.209999,29.053921,355000.0,355000.0,-0.95,-2.865,32.74,"October 11, 18",-0.02865
0,2018-10-10,35.439999,35.439999,33.049999,33.330002,30.064182,405100.0,405100.0,-2.11,-5.954,33.94,"October 10, 18",-0.05954
0,2018-10-09,36.880001,37.150002,35.439999,35.509998,32.030575,351500.0,351500.0,-1.37,-3.715,36.03333,"October 09, 18",-0.03715
0,2018-10-08,38.48,38.549999,36.830002,36.939999,33.320457,231100.0,231100.0,-1.54,-4.002,37.44,"October 08, 18",-0.04002
0,2018-10-05,38.77,38.869999,38.27,38.619999,34.835835,341800.0,341800.0,-0.15,-0.387,38.58667,"October 05, 18",-0.00387
0,2018-10-04,39.119999,39.150002,38.419998,38.68,34.889961,169600.0,169600.0,-0.44,-1.125,38.75,"October 04, 18",-0.01125
0,2018-10-03,37.889999,39.330002,37.5,39.16,35.322933,355500.0,355500.0,1.27,3.352,38.66333,"October 03, 18",0.03352
0,2018-10-02,36.689999,37.759998,36.259998,37.669998,33.978931,275300.0,275300.0,0.98,2.671,37.23,"October 02, 18",0.02671
0,2018-10-01,38.040001,38.43,36.619999,36.700001,33.103966,383200.0,383200.0,-1.34,-3.523,37.25,"October 01, 18",-0.03523
0,2018-09-28,37.540001,37.970001,37.43,37.779999,34.078148,200300.0,200300.0,0.24,0.639,37.72667,"September 28, 18",0.00639
0,2018-09-27,37.200001,37.720001,36.779999,37.650002,33.960892,155500.0,155500.0,0.45,1.21,37.38333,"September 27, 18",0.0121
0,2018-09-26,36.869999,37.689999,36.669998,37.119999,33.482815,195200.0,195200.0,0.25,0.678,37.16,"September 26, 18",0.00678
0,2018-09-25,36.990002,37.169998,36.599998,36.75,33.149067,279900.0,279900.0,-0.24,-0.649,36.84,"September 25, 18",-0.00649
0,2018-09-24,37.0,37.0,36.48,36.709999,33.112991,158200.0,158200.0,-0.29,-0.784,36.73,"September 24, 18",-0.00784
0,2018-09-21,36.799999,37.130001,36.400002,37.0,33.374577,341400.0,341400.0,0.2,0.543,36.84333,"September 21, 18",0.00543
0,2018-09-20,36.220001,36.919998,36.009998,36.709999,33.112991,227400.0,227400.0,0.49,1.353,36.54667,"September 20, 18",0.01353
0,2018-09-19,35.610001,36.48,35.360001,36.0,32.472565,164800.0,164800.0,0.39,1.095,35.94667,"September 19, 18",0.01095
0,2018-09-18,34.950001,35.639999,34.549999,35.57,32.084694,287100.0,287100.0,0.62,1.774,35.25333,"September 18, 18",0.01774
0,2018-09-17,35.09,35.209999,34.279999,34.66,31.263861,141300.0,141300.0,-0.43,-1.225,34.71667,"September 17, 18",-0.01225
0,2018-09-14,35.119999,35.490002,34.860001,35.080002,31.642704,130000.0,130000.0,-0.04,-0.114,35.14334,"September 14, 18",-0.00114
0,2018-09-13,34.880001,35.240002,34.549999,35.049999,31.615643,189800.0,189800.0,0.17,0.487,34.94667,"September 13, 18",0.00487
0,2018-09-12,34.360001,34.900002,33.919998,34.740002,31.336021,216800.0,216800.0,0.38,1.106,34.52,"September 12, 18",0.01106
0,2018-09-11,33.07,34.360001,33.029999,34.34,30.975214,255200.0,255200.0,1.27,3.84,33.91,"September 11, 18",0.0384
0,2018-09-10,33.09,33.599998,33.02,33.169998,29.919853,192100.0,192100.0,0.08,0.242,33.26333,"September 10, 18",0.00242
0,2018-09-07,33.07,33.529999,32.450001,32.740002,29.531992,249700.0,249700.0,-0.33,-0.998,32.90667,"September 07, 18",-0.00998
0,2018-09-06,34.310001,34.52,33.130001,33.169998,29.919853,271000.0,271000.0,-1.14,-3.323,33.60667,"September 06, 18",-0.03323
0,2018-09-05,34.459999,34.66,33.950001,34.27,30.912071,145300.0,145300.0,-0.19,-0.551,34.29333,"September 05, 18",-0.00551
0,2018-09-04,34.84,35.0,34.060001,34.470001,31.092476,198000.0,198000.0,-0.37,-1.062,34.51,"September 04, 18",-0.01062
0,2018-08-31,34.689999,34.93,34.290001,34.810001,31.399168,185000.0,185000.0,0.12,0.346,34.67667,"August 31, 18",0.00346
0,2018-08-30,35.07,35.43,34.720001,34.93,31.507401,157000.0,157000.0,-0.14,-0.399,35.02667,"August 30, 18",-0.00399
0,2018-08-29,34.650002,35.23,34.34,35.07,31.633688,203200.0,203200.0,0.42,1.212,34.88,"August 29, 18",0.01212
0,2018-08-28,34.810001,35.169998,34.310001,34.549999,31.164639,184300.0,184300.0,-0.26,-0.747,34.67667,"August 28, 18",-0.00747
0,2018-08-27,34.490002,35.130001,34.490002,34.779999,31.372101,129400.0,129400.0,0.29,0.841,34.8,"August 27, 18",0.00841
0,2018-08-24,34.639999,34.830002,34.34,34.360001,30.99325,143600.0,143600.0,-0.28,-0.808,34.51,"August 24, 18",-0.00808
0,2018-08-23,34.709999,34.759998,34.099998,34.490002,31.110521,207400.0,207400.0,-0.22,-0.634,34.45,"August 23, 18",-0.00634
0,2018-08-22,34.279999,34.73,33.93,34.700001,31.299948,306400.0,306400.0,0.42,1.225,34.45333,"August 22, 18",0.01225
0,2018-08-21,33.740002,34.41,33.630001,34.32,30.95717,293500.0,293500.0,0.58,1.719,34.12,"August 21, 18",0.01719
0,2018-08-20,33.5,33.990002,32.720001,33.759998,30.452042,324100.0,324100.0,0.26,0.776,33.49,"August 20, 18",0.00776
0,2018-08-17,34.16,34.299999,33.400002,33.560001,30.023592,233300.0,233300.0,-0.6,-1.756,33.75333,"August 17, 18",-0.01756
0,2018-08-16,33.57,34.43,33.57,34.279999,30.667717,128100.0,128100.0,0.71,2.115,34.09333,"August 16, 18",0.02115
0,2018-08-15,34.279999,34.290001,32.77,33.34,29.826775,159000.0,159000.0,-0.94,-2.742,33.46667,"August 15, 18",-0.02742
0,2018-08-14,34.220001,35.27,34.220001,34.57,30.92716,190500.0,190500.0,0.35,1.023,34.68667,"August 14, 18",0.01023
0,2018-08-13,34.380001,35.060001,33.779999,34.029999,30.444059,199300.0,199300.0,-0.35,-1.018,34.29,"August 13, 18",-0.01018
0,2018-08-10,35.630001,35.790001,34.259998,34.43,30.801912,325700.0,325700.0,-1.2,-3.368,34.82667,"August 10, 18",-0.03368
0,2018-08-09,35.860001,36.509998,35.860001,35.959999,32.170685,172600.0,172600.0,0.1,0.279,36.11,"August 09, 18",0.00279
0,2018-08-08,36.119999,36.490002,35.549999,35.82,32.045444,144800.0,144800.0,-0.3,-0.831,35.95333,"August 08, 18",-0.00831
0,2018-08-07,36.189999,36.650002,36.07,36.23,32.412239,129500.0,129500.0,0.04,0.111,36.31667,"August 07, 18",0.00111
0,2018-08-06,35.740002,36.150002,35.490002,36.029999,32.233318,123900.0,123900.0,0.29,0.811,35.89,"August 06, 18",0.00811
0,2018-08-03,36.09,36.580002,35.419998,35.779999,32.009647,220700.0,220700.0,-0.31,-0.859,35.92667,"August 03, 18",-0.00859
0,2018-08-02,35.779999,36.099998,35.25,35.900002,32.117012,178600.0,178600.0,0.12,0.335,35.75,"August 02, 18",0.00335
0,2018-08-01,36.779999,37.169998,35.349998,35.849998,32.072277,239700.0,239700.0,-0.93,-2.529,36.12333,"August 01, 18",-0.02529
0,2018-07-31,36.189999,37.169998,35.759998,36.790001,32.913231,301200.0,301200.0,0.6,1.658,36.57333,"July 31, 18",0.01658
0,2018-07-30,38.16,38.529999,35.869999,35.919998,32.134899,328000.0,328000.0,-2.24,-5.87,36.77333,"July 30, 18",-0.0587
0,2018-07-27,39.540001,39.759998,38.009998,38.25,34.219379,422400.0,422400.0,-1.29,-3.263,38.67333,"July 27, 18",-0.03263
0,2018-07-26,39.009998,40.200001,37.93,39.240002,35.105057,722000.0,722000.0,0.23,0.59,39.12333,"July 26, 18",0.0059
0,2018-07-25,38.52,38.970001,37.84,38.360001,34.317787,286000.0,286000.0,-0.16,-0.415,38.39,"July 25, 18",-0.00415
0,2018-07-24,39.189999,39.220001,38.349998,38.650002,34.577225,269800.0,269800.0,-0.54,-1.378,38.74,"July 24, 18",-0.01378
0,2018-07-23,39.07,39.16,38.220001,38.830002,34.738255,264400.0,264400.0,-0.24,-0.614,38.73667,"July 23, 18",-0.00614
0,2018-07-20,39.540001,39.98,38.990002,39.009998,34.899292,108700.0,108700.0,-0.53,-1.34,39.32667,"July 20, 18",-0.0134
0,2018-07-19,39.150002,39.669998,38.82,39.639999,35.462902,231000.0,231000.0,0.49,1.252,39.37667,"July 19, 18",0.01252
0,2018-07-18,38.889999,39.389999,38.650002,39.16,35.033485,228600.0,228600.0,0.27,0.694,39.06667,"July 18, 18",0.00694
0,2018-07-17,39.009998,39.439999,38.650002,38.880001,34.78299,184500.0,184500.0,-0.13,-0.333,38.99,"July 17, 18",-0.00333
0,2018-07-16,39.139999,39.369999,38.779999,39.009998,34.899292,166800.0,166800.0,-0.13,-0.332,39.05333,"July 16, 18",-0.00332
0,2018-07-13,37.779999,39.220001,37.779999,39.189999,35.060322,151100.0,151100.0,1.41,3.732,38.73,"July 13, 18",0.03732
0,2018-07-12,38.290001,38.290001,37.43,37.66,33.691544,171100.0,171100.0,-0.63,-1.645,37.79333,"July 12, 18",-0.01645
0,2018-07-11,38.68,38.950001,37.860001,37.91,33.915199,176000.0,176000.0,-0.77,-1.991,38.24,"July 11, 18",-0.01991
0,2018-07-10,39.439999,39.439999,38.66,39.09,34.97086,171900.0,171900.0,-0.35,-0.887,39.06333,"July 10, 18",-0.00887
0,2018-07-09,38.290001,39.25,38.290001,39.220001,35.087162,237700.0,237700.0,0.93,2.429,38.92,"July 09, 18",0.02429
0,2018-07-06,38.380001,39.049999,38.18,38.220001,34.192535,156200.0,156200.0,-0.16,-0.417,38.48333,"July 06, 18",-0.00417
0,2018-07-05,37.869999,38.509998,36.830002,38.5,34.443031,176900.0,176900.0,0.63,1.664,37.94667,"July 05, 18",0.01664
0,2018-07-03,37.860001,38.59,37.290001,37.610001,33.64682,117400.0,117400.0,-0.25,-0.66,37.83,"July 03, 18",-0.0066
0,2018-07-02,37.27,37.68,36.689999,37.630001,33.664711,171400.0,171400.0,0.36,0.966,37.33333,"July 02, 18",0.00966
0,2018-06-29,37.599998,38.68,37.580002,37.610001,33.64682,261700.0,261700.0,0.01,0.027,37.95667,"June 29, 18",0.00027
0,2018-06-28,37.720001,37.720001,36.73,37.369999,33.432106,261800.0,261800.0,-0.35,-0.928,37.27333,"June 28, 18",-0.00928
0,2018-06-27,37.75,39.310001,37.380001,37.619999,33.655762,530800.0,530800.0,-0.13,-0.344,38.10333,"June 27, 18",-0.00344
0,2018-06-26,36.43,36.84,35.82,36.34,32.510639,207400.0,207400.0,-0.09,-0.247,36.33333,"June 26, 18",-0.00247
0,2018-06-25,37.610001,37.610001,35.619999,36.450001,32.609055,291700.0,291700.0,-1.16,-3.084,36.56,"June 25, 18",-0.03084
0,2018-06-22,37.959999,38.349998,37.549999,37.869999,33.879417,507000.0,507000.0,-0.09,-0.237,37.92333,"June 22, 18",-0.00237
0,2018-06-21,39.389999,39.389999,37.27,37.43,33.485786,267900.0,267900.0,-1.96,-4.976,38.03,"June 21, 18",-0.04976
0,2018-06-20,38.98,39.5,38.5,39.34,35.194519,180400.0,180400.0,0.36,0.924,39.11333,"June 20, 18",0.00924
0,2018-06-19,38.150002,38.810001,37.110001,38.73,34.648796,168200.0,168200.0,0.58,1.52,38.21667,"June 19, 18",0.0152
0,2018-06-18,37.75,38.91,37.470001,38.810001,34.720364,132100.0,132100.0,1.06,2.808,38.39667,"June 18, 18",0.02808
0,2018-06-15,38.139999,38.220001,37.5,37.860001,33.870468,179900.0,179900.0,-0.28,-0.734,37.86,"June 15, 18",-0.00734
0,2018-06-14,39.040001,39.360001,38.049999,38.400002,34.353573,159900.0,159900.0,-0.64,-1.639,38.60333,"June 14, 18",-0.01639
0,2018-06-13,39.200001,39.369999,38.799999,38.880001,34.78299,249300.0,249300.0,-0.32,-0.816,39.01667,"June 13, 18",-0.00816
0,2018-06-12,38.279999,39.82,38.259998,39.099998,34.979805,217400.0,217400.0,0.82,2.142,39.06,"June 12, 18",0.02142
0,2018-06-11,37.900002,38.419998,37.900002,38.290001,34.255165,109300.0,109300.0,0.39,1.029,38.20333,"June 11, 18",0.01029
0,2018-06-08,37.73,38.150002,37.200001,38.0,33.99572,162900.0,162900.0,0.27,0.716,37.78333,"June 08, 18",0.00716
0,2018-06-07,37.799999,38.330002,37.43,37.68,33.709446,197100.0,197100.0,-0.12,-0.317,37.81333,"June 07, 18",-0.00317
0,2018-06-06,37.099998,37.779999,36.889999,37.68,33.709446,179800.0,179800.0,0.58,1.563,37.45,"June 06, 18",0.01563
0,2018-06-05,35.720001,37.099998,35.720001,37.060001,33.154774,353100.0,353100.0,1.34,3.751,36.62667,"June 05, 18",0.03751
0,2018-06-04,35.540001,35.869999,34.919998,35.650002,31.893354,203400.0,203400.0,0.11,0.31,35.48,"June 04, 18",0.0031
0,2018-06-01,35.009998,36.59,34.189999,35.369999,31.642859,246000.0,246000.0,0.36,1.028,35.38333,"June 01, 18",0.01028
0,2018-05-31,35.220001,35.389999,34.41,34.57,30.92716,227000.0,227000.0,-0.65,-1.846,34.79,"May 31, 18",-0.01846
0,2018-05-30,35.509998,35.959999,35.23,35.32,31.598129,277800.0,277800.0,-0.19,-0.535,35.50333,"May 30, 18",-0.00535
0,2018-05-29,35.48,36.25,34.59,35.25,31.535503,395700.0,395700.0,-0.23,-0.648,35.36333,"May 29, 18",-0.00648
0,2018-05-25,37.5,37.830002,35.77,36.02,32.224365,283200.0,283200.0,-1.48,-3.947,36.54,"May 25, 18",-0.03947
0,2018-05-24,37.619999,38.150002,37.139999,37.700001,33.481316,328500.0,328500.0,0.08,0.213,37.66333,"May 24, 18",0.00213
0,2018-05-23,37.580002,37.98,36.91,37.779999,33.552361,204400.0,204400.0,0.2,0.532,37.55667,"May 23, 18",0.00532
0,2018-05-22,40.0,40.209999,37.919998,37.950001,33.703335,240300.0,240300.0,-2.05,-5.125,38.69333,"May 22, 18",-0.05125
0,2018-05-21,39.580002,40.389999,39.360001,39.790001,35.337437,277700.0,277700.0,0.21,0.531,39.84667,"May 21, 18",0.00531
0,2018-05-18,38.889999,39.369999,38.740002,39.299999,34.902271,184900.0,184900.0,0.41,1.054,39.13667,"May 18, 18",0.01054
0,2018-05-17,38.580002,39.220001,38.580002,38.790001,34.449341,158900.0,158900.0,0.21,0.544,38.86333,"May 17, 18",0.00544
0,2018-05-16,37.779999,39.43,37.779999,38.720001,34.387173,239900.0,239900.0,0.94,2.488,38.64333,"May 16, 18",0.02488
0,2018-05-15,36.860001,37.779999,36.59,37.669998,33.454674,210100.0,210100.0,0.81,2.198,37.34667,"May 15, 18",0.02198
0,2018-05-14,38.110001,38.380001,36.970001,37.02,32.877396,323000.0,323000.0,-1.09,-2.86,37.45667,"May 14, 18",-0.0286
0,2018-05-11,38.68,38.860001,37.689999,38.060001,33.801025,325700.0,325700.0,-0.62,-1.603,38.20333,"May 11, 18",-0.01603
0,2018-05-10,37.34,38.619999,37.220001,38.48,34.174026,319100.0,319100.0,1.14,3.053,38.10667,"May 10, 18",0.03053
0,2018-05-09,36.709999,37.560001,36.43,37.220001,33.055027,379500.0,379500.0,0.51,1.389,37.07,"May 09, 18",0.01389
0,2018-05-08,35.75,36.790001,35.66,36.41,32.335663,398900.0,398900.0,0.66,1.846,36.28667,"May 08, 18",0.01846
0,2018-05-07,34.599998,36.209999,34.540001,35.790001,31.785038,331100.0,331100.0,1.19,3.439,35.51333,"May 07, 18",0.03439
0,2018-05-04,32.759998,34.919998,32.34,34.540001,30.674925,341600.0,341600.0,1.78,5.433,33.93333,"May 04, 18",0.05433
0,2018-05-03,32.830002,33.200001,32.049999,32.77,29.102987,427900.0,427900.0,-0.06,-0.183,32.67333,"May 03, 18",-0.00183
0,2018-05-02,32.610001,33.41,32.610001,33.029999,29.333895,295300.0,295300.0,0.42,1.288,33.01667,"May 02, 18",0.01288
0,2018-05-01,32.220001,32.66,31.309999,32.52,28.880962,679400.0,679400.0,0.3,0.931,32.16333,"May 01, 18",0.00931
0,2018-04-30,34.299999,34.299999,32.34,32.349998,28.729984,458500.0,458500.0,-1.95,-5.685,32.99667,"April 30, 18",-0.05685
0,2018-04-27,32.810001,34.990002,32.810001,34.360001,30.515059,616500.0,616500.0,1.55,4.724,34.05333,"April 27, 18",0.04724
0,2018-04-26,37.389999,37.5,32.5,32.59,28.943129,1323900.0,1323900.0,-4.8,-12.838,34.19667,"April 26, 18",-0.12838
0,2018-04-25,37.43,38.060001,36.669998,37.77,33.543484,300700.0,300700.0,0.34,0.908,37.5,"April 25, 18",0.00908
0,2018-04-24,39.09,39.25,37.16,37.389999,33.206005,329500.0,329500.0,-1.7,-4.349,37.93333,"April 24, 18",-0.04349
0,2018-04-23,37.950001,38.77,37.68,38.700001,34.369411,253200.0,253200.0,0.75,1.976,38.38333,"April 23, 18",0.01976
0,2018-04-20,38.790001,39.43,37.689999,37.779999,33.552361,252000.0,252000.0,-1.01,-2.604,38.3,"April 20, 18",-0.02604
0,2018-04-19,39.880001,40.82,38.639999,38.900002,34.547035,240400.0,240400.0,-0.98,-2.457,39.45333,"April 19, 18",-0.02457
0,2018-04-18,40.150002,40.650002,39.759998,40.279999,35.772606,196200.0,196200.0,0.13,0.324,40.23,"April 18, 18",0.00324
0,2018-04-17,40.32,40.59,39.880001,40.09,35.603867,267800.0,267800.0,-0.23,-0.57,40.18667,"April 17, 18",-0.0057
0,2018-04-16,39.110001,40.380001,38.98,39.98,35.506176,266400.0,266400.0,0.87,2.224,39.78,"April 16, 18",0.02224
0,2018-04-13,39.59,39.799999,38.75,38.93,34.573673,194800.0,194800.0,-0.66,-1.667,39.16,"April 13, 18",-0.01667
0,2018-04-12,38.16,39.509998,38.119999,39.189999,34.804577,262900.0,262900.0,1.03,2.699,38.94,"April 12, 18",0.02699
0,2018-04-11,38.41,38.810001,37.830002,38.07,33.809906,233700.0,233700.0,-0.34,-0.885,38.23667,"April 11, 18",-0.00885
0,2018-04-10,37.650002,39.5,37.23,38.82,34.475979,362200.0,362200.0,1.17,3.108,38.51667,"April 10, 18",0.03108
0,2018-04-09,36.490002,37.669998,36.07,36.900002,32.770832,316200.0,316200.0,0.41,1.124,36.88,"April 09, 18",0.01124
0,2018-04-06,38.73,39.900002,35.82,36.240002,32.184692,467100.0,467100.0,-2.49,-6.429,37.32,"April 06, 18",-0.06429
0,2018-04-05,38.189999,39.189999,37.759998,39.110001,34.733524,387400.0,387400.0,0.92,2.409,38.68667,"April 05, 18",0.02409
0,2018-04-04,37.060001,38.279999,36.77,38.07,33.809906,251900.0,251900.0,1.01,2.725,37.70667,"April 04, 18",0.02725
0,2018-04-03,37.369999,37.740002,36.849998,37.73,33.507957,229000.0,229000.0,0.36,0.963,37.44,"April 03, 18",0.00963
0,2018-04-02,38.400002,38.509998,36.73,37.110001,32.957336,309700.0,309700.0,-1.29,-3.359,37.45,"April 02, 18",-0.03359
0,2018-03-29,37.849998,38.84,37.790001,38.490002,34.182915,227600.0,227600.0,0.64,1.691,38.37333,"March 29, 18",0.01691
0,2018-03-28,38.119999,38.459999,37.549999,37.810001,33.578999,213100.0,213100.0,-0.31,-0.813,37.94,"March 28, 18",-0.00813
0,2018-03-27,39.630001,39.849998,37.860001,38.220001,33.943119,237000.0,237000.0,-1.41,-3.558,38.64333,"March 27, 18",-0.03558
0,2018-03-26,39.32,39.549999,38.650002,39.369999,34.964436,403300.0,403300.0,0.05,0.127,39.19,"March 26, 18",0.00127
0,2018-03-23,40.0,40.169998,38.580002,38.59,34.271725,218100.0,218100.0,-1.41,-3.525,39.11333,"March 23, 18",-0.03525
0,2018-03-22,41.41,41.41,39.830002,39.849998,35.390724,242700.0,242700.0,-1.56,-3.767,40.36333,"March 22, 18",-0.03767
0,2018-03-21,40.810001,42.369999,40.5,41.810001,37.131397,205500.0,205500.0,1.0,2.45,41.56,"March 21, 18",0.0245
0,2018-03-20,40.939999,41.700001,40.759998,40.82,36.252182,265100.0,265100.0,-0.12,-0.293,41.09333,"March 20, 18",-0.00293
0,2018-03-19,40.759998,41.080002,39.950001,40.849998,36.278816,212000.0,212000.0,0.09,0.221,40.62667,"March 19, 18",0.00221
0,2018-03-16,40.16,41.189999,40.060001,40.889999,36.314346,417900.0,417900.0,0.73,1.818,40.71333,"March 16, 18",0.01818
0,2018-03-15,40.93,40.990002,39.919998,40.259998,35.754837,244400.0,244400.0,-0.67,-1.637,40.39,"March 15, 18",-0.01637
0,2018-03-14,41.919998,41.919998,40.68,40.779999,36.216652,259200.0,259200.0,-1.14,-2.719,41.12667,"March 14, 18",-0.02719
0,2018-03-13,42.09,42.740002,41.75,41.900002,37.21133,482400.0,482400.0,-0.19,-0.451,42.13,"March 13, 18",-0.00451
0,2018-03-12,43.279999,43.330002,41.48,41.720001,37.051468,344500.0,344500.0,-1.56,-3.604,42.17667,"March 12, 18",-0.03604
0,2018-03-09,42.77,43.360001,42.540001,43.02,38.206001,386200.0,386200.0,0.25,0.585,42.97333,"March 09, 18",0.00585
0,2018-03-08,42.950001,43.470001,41.84,42.52,37.761951,294900.0,294900.0,-0.43,-1.001,42.61,"March 08, 18",-0.01001
0,2018-03-07,43.66,44.240002,42.119999,42.91,38.108307,393200.0,393200.0,-0.75,-1.718,43.09,"March 07, 18",-0.01718
0,2018-03-06,42.0,44.07,41.5,44.07,39.138504,747300.0,747300.0,2.07,4.929,43.21333,"March 06, 18",0.04929
0,2018-03-05,40.02,42.060001,39.330002,41.93,37.237968,733700.0,733700.0,1.91,4.773,41.10667,"March 05, 18",0.04773
0,2018-03-02,38.669998,41.040001,38.389999,40.18,35.683796,760700.0,760700.0,1.51,3.905,39.87,"March 02, 18",0.03905
0,2018-03-01,37.599998,38.810001,36.869999,38.57,34.25396,461200.0,461200.0,0.97,2.58,38.08333,"March 01, 18",0.0258
0,2018-02-28,40.009998,40.23,37.619999,37.689999,33.472431,361400.0,361400.0,-2.32,-5.799,38.51333,"February 28, 18",-0.05799
0,2018-02-27,38.240002,40.400002,37.59,39.98,35.506176,412800.0,412800.0,1.74,4.55,39.32333,"February 27, 18",0.0455
0,2018-02-26,39.02,39.02,37.73,38.259998,33.978645,226100.0,226100.0,-0.76,-1.948,38.33667,"February 26, 18",-0.01948
0,2018-02-23,38.200001,39.689999,38.200001,38.98,34.373848,324700.0,324700.0,0.78,2.042,38.95667,"February 23, 18",0.02042
0,2018-02-22,37.93,39.0,36.759998,37.889999,33.412651,237400.0,237400.0,-0.04,-0.105,37.88333,"February 22, 18",-0.00105
0,2018-02-21,36.68,37.77,36.540001,36.869999,32.51318,213400.0,213400.0,0.19,0.518,37.06,"February 21, 18",0.00518
0,2018-02-20,36.689999,37.599998,36.349998,36.849998,32.495544,159400.0,159400.0,0.16,0.436,36.93333,"February 20, 18",0.00436
0,2018-02-16,36.529999,37.919998,36.52,37.0,32.627819,205700.0,205700.0,0.47,1.287,37.14667,"February 16, 18",0.01287
0,2018-02-15,36.509998,36.509998,35.279999,36.080002,31.816536,188300.0,188300.0,-0.43,-1.178,35.95667,"February 15, 18",-0.01178
0,2018-02-14,35.529999,36.419998,35.529999,36.169998,31.895903,139700.0,139700.0,0.64,1.801,36.04,"February 14, 18",0.01801
0,2018-02-13,35.369999,36.450001,35.310001,35.959999,31.710716,232400.0,232400.0,0.59,1.668,35.90667,"February 13, 18",0.01668
0,2018-02-12,35.540001,36.0,34.66,35.630001,31.419708,218700.0,218700.0,0.09,0.253,35.43,"February 12, 18",0.00253
0,2018-02-09,36.349998,36.599998,34.110001,35.220001,31.058157,343000.0,343000.0,-1.13,-3.109,35.31,"February 09, 18",-0.03109
0,2018-02-08,37.43,38.18,35.799999,35.799999,31.569624,226800.0,226800.0,-1.63,-4.355,36.59333,"February 08, 18",-0.04355
0,2018-02-07,36.66,37.849998,36.43,37.419998,32.998184,171300.0,171300.0,0.76,2.073,37.23333,"February 07, 18",0.02073
0,2018-02-06,34.900002,37.27,34.5,36.799999,32.451454,319000.0,319000.0,1.9,5.444,36.19,"February 06, 18",0.05444
0,2018-02-05,36.650002,37.93,35.639999,35.73,31.507891,333000.0,333000.0,-0.92,-2.51,36.43333,"February 05, 18",-0.0251
0,2018-02-02,39.080002,39.380001,36.900002,37.290001,32.883549,401500.0,401500.0,-1.79,-4.58,37.85667,"February 02, 18",-0.0458
0,2018-02-01,39.189999,40.049999,38.970001,39.450001,34.788315,149400.0,149400.0,0.26,0.663,39.49,"February 01, 18",0.00663
0,2018-01-31,40.459999,41.299999,39.299999,39.380001,34.726578,121600.0,121600.0,-1.08,-2.669,39.99333,"January 31, 18",-0.02669
0,2018-01-30,39.66,40.369999,39.369999,40.27,35.511414,162000.0,162000.0,0.61,1.538,40.00333,"January 30, 18",0.01538
0,2018-01-29,41.220001,41.720001,40.18,40.209999,35.458504,151800.0,151800.0,-1.01,-2.45,40.70333,"January 29, 18",-0.0245
0,2018-01-26,40.93,41.349998,40.599998,41.200001,36.331524,118700.0,118700.0,0.27,0.66,41.05,"January 26, 18",0.0066
0,2018-01-25,40.720001,41.0,40.209999,40.700001,35.890606,196700.0,196700.0,-0.02,-0.049,40.63667,"January 25, 18",-0.00049
0,2018-01-24,41.279999,41.299999,40.299999,40.66,35.855328,239300.0,239300.0,-0.62,-1.502,40.75333,"January 24, 18",-0.01502
0,2018-01-23,41.259998,41.450001,40.130001,41.009998,36.163967,235500.0,235500.0,-0.25,-0.606,40.86333,"January 23, 18",-0.00606
0,2018-01-22,40.57,41.5,40.349998,41.5,36.596066,243800.0,243800.0,0.93,2.292,41.11667,"January 22, 18",0.02292
0,2018-01-19,39.459999,40.720001,39.459999,40.619999,35.820057,152700.0,152700.0,1.16,2.94,40.26667,"January 19, 18",0.0294
0,2018-01-18,39.57,39.990002,38.77,39.360001,34.70895,247600.0,247600.0,-0.21,-0.531,39.37333,"January 18, 18",-0.00531
0,2018-01-17,40.099998,40.220001,39.330002,39.759998,35.061684,314900.0,314900.0,-0.34,-0.848,39.77,"January 17, 18",-0.00848
0,2018-01-16,41.16,41.439999,39.790001,40.009998,35.282135,235200.0,235200.0,-1.15,-2.794,40.41333,"January 16, 18",-0.02794
0,2018-01-12,41.0,41.32,40.610001,40.82,35.996422,219600.0,219600.0,-0.18,-0.439,40.91667,"January 12, 18",-0.00439
0,2018-01-11,39.419998,40.900002,38.599998,40.889999,36.058147,252200.0,252200.0,1.47,3.729,40.13,"January 11, 18",0.03729
0,2018-01-10,39.139999,39.459999,38.650002,39.009998,34.400303,188600.0,188600.0,-0.13,-0.332,39.04,"January 10, 18",-0.00332
0,2018-01-09,39.18,39.580002,38.639999,38.990002,34.382668,364600.0,364600.0,-0.19,-0.485,39.07,"January 09, 18",-0.00485
0,2018-01-08,38.669998,39.189999,38.200001,38.849998,34.259205,212300.0,212300.0,0.18,0.465,38.74667,"January 08, 18",0.00465
0,2018-01-05,39.290001,39.91,38.299999,38.68,34.109303,217200.0,217200.0,-0.61,-1.553,38.96333,"January 05, 18",-0.01553
0,2018-01-04,38.18,39.310001,37.880001,39.220001,34.585495,352400.0,352400.0,1.04,2.724,38.80333,"January 04, 18",0.02724
0,2018-01-03,39.07,39.779999,38.189999,38.200001,33.68602,472000.0,472000.0,-0.87,-2.227,38.72333,"January 03, 18",-0.02227
0,2018-01-02,40.830002,41.060001,38.360001,39.080002,34.462036,458200.0,458200.0,-1.75,-4.286,39.5,"January 02, 18",-0.04286
0,2017-12-29,40.380001,40.830002,39.849998,40.650002,35.846512,417500.0,417500.0,0.27,0.669,40.44333,"December 29, 17",0.00669
0,2017-12-28,40.049999,40.470001,39.779999,40.139999,35.396774,191200.0,191200.0,0.09,0.225,40.13,"December 28, 17",0.00225
0,2017-12-27,39.75,40.450001,39.52,39.880001,35.167507,164700.0,164700.0,0.13,0.327,39.95,"December 27, 17",0.00327
0,2017-12-26,39.380001,39.900002,39.130001,39.700001,35.00877,157900.0,157900.0,0.32,0.813,39.57667,"December 26, 17",0.00813
0,2017-12-22,40.099998,40.099998,39.32,39.5,34.832405,181200.0,181200.0,-0.6,-1.496,39.64,"December 22, 17",-0.01496
0,2017-12-21,39.810001,40.240002,39.099998,39.939999,35.220406,311800.0,311800.0,0.13,0.327,39.76,"December 21, 17",0.00327
0,2017-12-20,39.619999,39.66,39.110001,39.630001,34.947044,209200.0,209200.0,0.01,0.025,39.46667,"December 20, 17",0.00025
0,2017-12-19,39.740002,40.119999,39.119999,39.169998,34.541401,212500.0,212500.0,-0.57,-1.434,39.47,"December 19, 17",-0.01434
0,2017-12-18,39.470001,39.91,39.0,39.740002,35.044044,269600.0,269600.0,0.27,0.684,39.55,"December 18, 17",0.00684
0,2017-12-15,38.349998,38.66,37.889999,38.349998,33.818291,517200.0,517200.0,0.0,0.0,38.3,"December 15, 17",0.0
0,2017-12-14,38.52,38.849998,38.049999,38.189999,33.677197,258300.0,258300.0,-0.33,-0.857,38.36333,"December 14, 17",-0.00857
0,2017-12-13,38.119999,38.66,38.0,38.509998,33.959385,388200.0,388200.0,0.39,1.023,38.39,"December 13, 17",0.01023
0,2017-12-12,37.779999,38.169998,37.700001,38.02,33.527294,281300.0,281300.0,0.24,0.635,37.96333,"December 12, 17",0.00635
0,2017-12-11,37.290001,38.189999,37.290001,37.700001,33.245102,552700.0,552700.0,0.41,1.099,37.72667,"December 11, 17",0.01099
0,2017-12-08,37.110001,37.380001,36.59,37.279999,32.874733,209600.0,209600.0,0.17,0.458,37.08333,"December 08, 17",0.00458
0,2017-12-07,36.009998,36.91,36.009998,36.73,32.389725,261400.0,261400.0,0.72,1.999,36.55,"December 07, 17",0.01999
0,2017-12-06,36.240002,37.0,35.59,35.869999,31.631348,158100.0,158100.0,-0.37,-1.021,36.15333,"December 06, 17",-0.01021
0,2017-12-05,36.68,37.139999,36.43,36.459999,32.151627,172100.0,172100.0,-0.22,-0.6,36.67667,"December 05, 17",-0.006
0,2017-12-04,37.459999,37.98,36.619999,36.68,32.345642,364300.0,364300.0,-0.78,-2.082,37.09333,"December 04, 17",-0.02082
0,2017-12-01,37.299999,37.299999,35.400002,36.849998,32.495544,279900.0,279900.0,-0.45,-1.206,36.51667,"December 01, 17",-0.01206
0,2017-11-30,37.169998,37.77,36.889999,37.189999,32.795368,377200.0,377200.0,0.02,0.054,37.28333,"November 30, 17",0.00054
0,2017-11-29,36.669998,37.290001,36.52,37.0,32.627819,234500.0,234500.0,0.33,0.9,36.93667,"November 29, 17",0.009
0,2017-11-28,35.950001,36.720001,35.93,36.669998,32.336819,203700.0,203700.0,0.72,2.003,36.44,"November 28, 17",0.02003
0,2017-11-27,36.080002,36.360001,35.57,35.91,31.666622,319700.0,319700.0,-0.17,-0.471,35.94667,"November 27, 17",-0.00471
0,2017-11-24,36.41,36.68,35.68,36.07,31.80772,76000.0,76000.0,-0.34,-0.934,36.14333,"November 24, 17",-0.00934
0,2017-11-22,36.84,37.23,36.02,36.209999,31.931173,386100.0,386100.0,-0.63,-1.71,36.48667,"November 22, 17",-0.0171
0,2017-11-21,35.490002,36.439999,35.470001,36.360001,32.063454,360700.0,360700.0,0.87,2.451,36.09,"November 21, 17",0.02451
0,2017-11-20,34.560001,35.0,34.0,34.759998,30.652512,364700.0,364700.0,0.2,0.579,34.58667,"November 20, 17",0.00579
0,2017-11-17,34.41,35.0,33.990002,34.599998,30.511417,356300.0,356300.0,0.19,0.552,34.53,"November 17, 17",0.00552
0,2017-11-16,33.349998,35.189999,33.169998,34.73,30.383558,531800.0,531800.0,1.38,4.138,34.36333,"November 16, 17",0.04138
0,2017-11-15,32.849998,33.240002,32.57,33.09,28.948803,362600.0,362600.0,0.24,0.731,32.96667,"November 15, 17",0.00731
0,2017-11-14,33.66,34.200001,32.900002,33.32,29.150019,166200.0,166200.0,-0.34,-1.01,33.47333,"November 14, 17",-0.0101
0,2017-11-13,33.73,34.279999,33.349998,34.040001,29.779911,220100.0,220100.0,0.31,0.919,33.89,"November 13, 17",0.00919
0,2017-11-10,33.91,34.189999,33.610001,33.860001,29.622438,124600.0,124600.0,-0.05,-0.147,33.88667,"November 10, 17",-0.00147
0,2017-11-09,33.580002,34.459999,33.580002,34.040001,29.779911,240800.0,240800.0,0.46,1.37,34.02667,"November 09, 17",0.0137
0,2017-11-08,33.66,34.23,33.119999,33.98,29.727419,211300.0,211300.0,0.32,0.951,33.77667,"November 08, 17",0.00951
0,2017-11-07,33.810001,34.400002,33.599998,33.959999,29.709915,299400.0,299400.0,0.15,0.444,33.98667,"November 07, 17",0.00444
0,2017-11-06,33.150002,34.029999,32.98,33.959999,29.709915,450500.0,450500.0,0.81,2.443,33.65667,"November 06, 17",0.02443
0,2017-11-03,33.700001,33.700001,33.040001,33.150002,29.001289,288600.0,288600.0,-0.55,-1.632,33.29667,"November 03, 17",-0.01632
0,2017-11-02,33.07,33.740002,32.77,33.59,29.386227,299300.0,299300.0,0.52,1.572,33.36667,"November 02, 17",0.01572
0,2017-11-01,33.139999,33.799999,32.560001,32.950001,28.826323,314100.0,314100.0,-0.19,-0.573,33.10333,"November 01, 17",-0.00573
0,2017-10-31,32.849998,33.139999,32.279999,32.939999,28.817574,502800.0,502800.0,0.09,0.274,32.78667,"October 31, 17",0.00274
0,2017-10-30,31.889999,32.860001,29.950001,32.650002,28.563868,529900.0,529900.0,0.76,2.383,31.82,"October 30, 17",0.02383
0,2017-10-27,30.219999,32.900002,29.959999,32.490002,28.423889,747400.0,747400.0,2.27,7.512,31.78333,"October 27, 17",0.07512
0,2017-10-26,29.83,30.059999,29.0,29.93,26.184275,624600.0,624600.0,0.1,0.335,29.66333,"October 26, 17",0.00335
0,2017-10-25,28.700001,28.83,27.77,28.120001,24.600792,225900.0,225900.0,-0.58,-2.021,28.24,"October 25, 17",-0.02021
0,2017-10-24,28.309999,28.969999,27.459999,28.690001,25.099461,584800.0,584800.0,0.38,1.342,28.37333,"October 24, 17",0.01342
0,2017-10-23,28.870001,29.09,27.93,28.0,24.495813,470500.0,470500.0,-0.87,-3.014,28.34,"October 23, 17",-0.03014
0,2017-10-20,29.43,29.440001,28.780001,28.790001,25.186945,194500.0,194500.0,-0.64,-2.175,29.00333,"October 20, 17",-0.02175
0,2017-10-19,29.4,29.57,28.620001,29.1,25.458149,206800.0,206800.0,-0.3,-1.02,29.09667,"October 19, 17",-0.0102
0,2017-10-18,29.549999,29.9,29.41,29.51,25.816835,171600.0,171600.0,-0.04,-0.135,29.60667,"October 18, 17",-0.00135
0,2017-10-17,29.709999,29.92,29.4,29.540001,25.843081,201200.0,201200.0,-0.17,-0.572,29.62,"October 17, 17",-0.00572
0,2017-10-16,29.809999,30.049999,29.42,29.700001,25.983059,215300.0,215300.0,-0.11,-0.369,29.72333,"October 16, 17",-0.00369
0,2017-10-13,30.32,30.450001,29.549999,29.809999,26.079288,211800.0,211800.0,-0.51,-1.682,29.93667,"October 13, 17",-0.01682
0,2017-10-12,29.700001,30.24,29.58,30.15,26.376741,125500.0,125500.0,0.45,1.515,29.99,"October 12, 17",0.01515
0,2017-10-11,29.690001,29.889999,29.34,29.77,26.044298,134200.0,134200.0,0.08,0.269,29.66667,"October 11, 17",0.00269
0,2017-10-10,29.85,30.0,29.620001,29.700001,25.983059,211500.0,211500.0,-0.15,-0.503,29.77333,"October 10, 17",-0.00503
0,2017-10-09,29.99,30.08,29.049999,29.549999,25.851833,146300.0,146300.0,-0.44,-1.467,29.56,"October 09, 17",-0.01467
0,2017-10-06,29.52,30.059999,29.52,29.809999,26.079288,109900.0,109900.0,0.29,0.982,29.79667,"October 06, 17",0.00982
0,2017-10-05,29.82,30.120001,29.690001,29.700001,25.983059,113400.0,113400.0,-0.12,-0.402,29.83667,"October 05, 17",-0.00402
0,2017-10-04,30.139999,30.139999,29.530001,29.799999,26.070541,149600.0,149600.0,-0.34,-1.128,29.82333,"October 04, 17",-0.01128
0,2017-10-03,29.690001,30.17,29.35,30.15,26.376741,226200.0,226200.0,0.46,1.549,29.89,"October 03, 17",0.01549
0,2017-10-02,29.040001,29.68,28.73,29.58,25.878073,223800.0,223800.0,0.54,1.86,29.33,"October 02, 17",0.0186
0,2017-09-29,29.6,29.82,28.959999,29.200001,25.545633,266100.0,266100.0,-0.4,-1.351,29.32667,"September 29, 17",-0.01351
0,2017-09-28,29.190001,30.209999,28.92,29.879999,26.140532,421700.0,421700.0,0.69,2.364,29.67,"September 28, 17",0.02364
0,2017-09-27,28.6,29.33,28.02,29.17,25.519386,439800.0,439800.0,0.57,1.993,28.84,"September 27, 17",0.01993
0,2017-09-26,27.809999,28.58,27.42,28.43,24.872002,561100.0,561100.0,0.62,2.229,28.14333,"September 26, 17",0.02229
0,2017-09-25,27.200001,27.299999,26.549999,26.969999,23.594711,217000.0,217000.0,-0.23,-0.846,26.94,"September 25, 17",-0.00846
0,2017-09-22,26.719999,27.219999,26.629999,27.17,23.769686,198200.0,198200.0,0.45,1.684,27.00667,"September 22, 17",0.01684
0,2017-09-21,26.879999,26.969999,26.540001,26.629999,23.29727,156300.0,156300.0,-0.25,-0.93,26.71333,"September 21, 17",-0.0093
0,2017-09-20,26.65,27.129999,26.58,26.9,23.533478,257800.0,257800.0,0.25,0.938,26.87,"September 20, 17",0.00938
0,2017-09-19,26.26,26.790001,26.219999,26.639999,23.306015,289700.0,289700.0,0.38,1.447,26.55,"September 19, 17",0.01447
0,2017-09-18,25.74,26.360001,25.700001,26.120001,22.851093,359100.0,359100.0,0.38,1.476,26.06,"September 18, 17",0.01476
0,2017-09-15,25.450001,25.74,25.4,25.610001,22.404919,342500.0,342500.0,0.16,0.629,25.58333,"September 15, 17",0.00629
0,2017-09-14,25.780001,25.780001,25.139999,25.360001,22.186207,272400.0,272400.0,-0.42,-1.629,25.42667,"September 14, 17",-0.01629
0,2017-09-13,26.200001,26.200001,25.620001,25.91,22.667376,261900.0,261900.0,-0.29,-1.107,25.91,"September 13, 17",-0.01107
0,2017-09-12,25.700001,26.25,25.639999,26.129999,22.859842,200200.0,200200.0,0.43,1.673,26.00667,"September 12, 17",0.01673
0,2017-09-11,25.76,26.139999,25.559999,25.59,22.387421,350700.0,350700.0,-0.17,-0.66,25.76333,"September 11, 17",-0.0066
0,2017-09-08,24.83,25.469999,24.709999,25.379999,22.203701,274300.0,274300.0,0.55,2.215,25.18667,"September 08, 17",0.02215
0,2017-09-07,24.950001,25.190001,24.610001,24.91,21.792521,451600.0,451600.0,-0.04,-0.16,24.90333,"September 07, 17",-0.0016
0,2017-09-06,25.049999,25.049999,24.51,24.799999,21.696291,397900.0,397900.0,-0.25,-0.998,24.78667,"September 06, 17",-0.00998
0,2017-09-05,24.85,25.35,24.0,24.84,21.731285,629000.0,629000.0,-0.01,-0.04,24.73,"September 05, 17",-0.0004
0,2017-09-01,23.700001,24.959999,23.620001,24.700001,21.608809,612700.0,612700.0,1.0,4.219,24.42667,"September 01, 17",0.04219
0,2017-08-31,24.27,24.4,23.23,23.540001,20.593981,530500.0,530500.0,-0.73,-3.008,23.72333,"August 31, 17",-0.03008
0,2017-08-30,22.9,24.17,22.280001,24.110001,21.092644,685600.0,685600.0,1.21,5.284,23.52,"August 30, 17",0.05284
0,2017-08-29,21.32,23.25,21.32,23.07,19.942217,661500.0,661500.0,1.75,8.208,22.54667,"August 29, 17",0.08208
0,2017-08-28,20.469999,21.67,20.32,21.459999,18.550497,974100.0,974100.0,0.99,4.836,21.15,"August 28, 17",0.04836
0,2017-08-25,20.440001,20.57,20.16,20.290001,17.539124,224200.0,224200.0,-0.15,-0.734,20.34,"August 25, 17",-0.00734
0,2017-08-24,20.620001,20.790001,20.27,20.290001,17.539124,216800.0,216800.0,-0.33,-1.6,20.45,"August 24, 17",-0.016
0,2017-08-23,20.85,21.25,20.52,20.530001,17.746584,165400.0,165400.0,-0.32,-1.535,20.76667,"August 23, 17",-0.01535
0,2017-08-22,20.93,21.27,20.93,21.1,18.239305,307200.0,307200.0,0.17,0.812,21.1,"August 22, 17",0.00812
0,2017-08-21,20.889999,21.120001,20.59,20.809999,17.988621,278400.0,278400.0,-0.08,-0.383,20.84,"August 21, 17",-0.00383
0,2017-08-18,20.969999,21.25,20.83,20.860001,18.031843,277500.0,277500.0,-0.11,-0.525,20.98,"August 18, 17",-0.00525
0,2017-08-17,21.27,21.73,21.129999,21.15,18.282526,226000.0,226000.0,-0.12,-0.564,21.33667,"August 17, 17",-0.00564
0,2017-08-16,21.290001,21.700001,21.07,21.290001,18.403545,309100.0,309100.0,0.0,0.0,21.35333,"August 16, 17",0.0
0,2017-08-15,21.049999,21.57,20.82,21.09,18.230661,274900.0,274900.0,0.04,0.19,21.16,"August 15, 17",0.0019
0,2017-08-14,21.809999,21.809999,20.75,20.93,18.092358,590700.0,590700.0,-0.88,-4.035,21.16333,"August 14, 17",-0.04035
0,2017-08-11,21.57,21.879999,21.15,21.59,18.662872,185400.0,185400.0,0.02,0.093,21.54,"August 11, 17",0.00093
0,2017-08-10,22.030001,22.15,21.43,21.469999,18.559135,307600.0,307600.0,-0.56,-2.542,21.68333,"August 10, 17",-0.02542
0,2017-08-09,22.870001,22.9,21.969999,22.18,19.17288,200400.0,200400.0,-0.69,-3.017,22.35,"August 09, 17",-0.03017
0,2017-08-08,22.98,23.5,22.83,23.040001,19.916285,400400.0,400400.0,0.06,0.261,23.12333,"August 08, 17",0.00261
0,2017-08-07,23.16,23.35,22.9,23.049999,19.924929,273800.0,273800.0,-0.11,-0.475,23.1,"August 07, 17",-0.00475
0,2017-08-04,22.57,23.34,22.57,23.17,20.02866,346400.0,346400.0,0.6,2.658,23.02667,"August 04, 17",0.02658
0,2017-08-03,22.0,22.469999,21.959999,22.459999,19.414919,306300.0,306300.0,0.46,2.091,22.29667,"August 03, 17",0.02091
0,2017-08-02,21.889999,22.15,21.709999,21.950001,18.974062,334600.0,334600.0,0.06,0.274,21.93667,"August 02, 17",0.00274
0,2017-08-01,22.610001,22.77,21.889999,21.969999,18.991354,350300.0,350300.0,-0.64,-2.831,22.21,"August 01, 17",-0.02831
0,2017-07-31,23.17,23.32,22.48,22.57,19.510004,367800.0,367800.0,-0.6,-2.59,22.79,"July 31, 17",-0.0259
0,2017-07-28,23.870001,23.889999,22.5,22.92,19.812553,444300.0,444300.0,-0.95,-3.98,23.10333,"July 28, 17",-0.0398
0,2017-07-27,24.25,24.25,22.85,23.73,20.512732,500200.0,500200.0,-0.52,-2.144,23.61,"July 27, 17",-0.02144
0,2017-07-26,23.219999,23.25,22.73,23.040001,19.916285,197900.0,197900.0,-0.18,-0.775,23.00667,"July 26, 17",-0.00775
0,2017-07-25,22.74,23.610001,22.540001,23.209999,20.063238,703300.0,703300.0,0.47,2.067,23.12,"July 25, 17",0.02067
0,2017-07-24,22.24,22.559999,22.0,22.43,19.388987,239000.0,239000.0,0.19,0.854,22.33,"July 24, 17",0.00854
0,2017-07-21,22.51,22.51,21.780001,22.209999,19.198812,420300.0,420300.0,-0.3,-1.333,22.16667,"July 21, 17",-0.01333
0,2017-07-20,21.950001,22.450001,21.940001,22.379999,19.34576,803200.0,803200.0,0.43,1.959,22.25667,"July 20, 17",0.01959
0,2017-07-19,22.0,22.01,21.559999,21.75,18.801182,290500.0,290500.0,-0.25,-1.136,21.77333,"July 19, 17",-0.01136
0,2017-07-18,21.49,22.08,20.9,21.969999,18.991354,237700.0,237700.0,0.48,2.234,21.65,"July 18, 17",0.02234
0,2017-07-17,21.91,22.43,21.49,21.59,18.662872,370900.0,370900.0,-0.32,-1.461,21.83667,"July 17, 17",-0.01461
0,2017-07-14,20.370001,22.01,20.370001,21.9,18.930841,602200.0,602200.0,1.53,7.511,21.42667,"July 14, 17",0.07511
0,2017-07-13,20.52,20.85,20.07,20.379999,17.61692,96600.0,96600.0,-0.14,-0.682,20.43333,"July 13, 17",-0.00682
0,2017-07-12,20.719999,21.219999,20.32,20.440001,17.668783,203500.0,203500.0,-0.28,-1.351,20.66,"July 12, 17",-0.01351
0,2017-07-11,19.879999,20.65,19.639999,20.42,17.651495,309900.0,309900.0,0.54,2.716,20.23667,"July 11, 17",0.02716
0,2017-07-10,19.84,20.1,19.34,19.84,17.150133,310900.0,310900.0,0.0,0.0,19.76,"July 10, 17",0.0
0,2017-07-07,19.98,19.99,19.27,19.870001,17.176065,192300.0,192300.0,-0.11,-0.551,19.71,"July 07, 17",-0.00551
0,2017-07-06,20.309999,20.6,19.9,19.98,17.271152,127600.0,127600.0,-0.33,-1.625,20.16,"July 06, 17",-0.01625
0,2017-07-05,20.530001,20.74,19.959999,20.34,17.582344,123100.0,123100.0,-0.19,-0.925,20.34667,"July 05, 17",-0.00925
0,2017-07-03,20.35,20.799999,20.139999,20.57,17.781164,92400.0,92400.0,0.22,1.081,20.50333,"July 03, 17",0.01081
0,2017-06-30,20.030001,20.67,19.92,20.41,17.642855,187700.0,187700.0,0.38,1.897,20.33333,"June 30, 17",0.01897
0,2017-06-29,19.75,20.450001,19.67,19.889999,17.193356,168100.0,168100.0,0.14,0.709,20.00333,"June 29, 17",0.00709
0,2017-06-28,19.379999,19.9,19.23,19.719999,17.046398,177300.0,177300.0,0.34,1.754,19.61667,"June 28, 17",0.01754
0,2017-06-27,19.450001,19.620001,19.18,19.200001,16.596901,130900.0,130900.0,-0.25,-1.285,19.33333,"June 27, 17",-0.01285
0,2017-06-26,19.450001,19.610001,18.93,19.41,16.778431,137600.0,137600.0,-0.04,-0.206,19.31667,"June 26, 17",-0.00206
0,2017-06-23,18.559999,19.4,18.33,19.379999,16.752501,349900.0,349900.0,0.82,4.418,19.03667,"June 23, 17",0.04418
0,2017-06-22,17.84,18.860001,17.74,18.540001,16.026388,317000.0,317000.0,0.7,3.924,18.38,"June 22, 17",0.03924
0,2017-06-21,18.870001,18.950001,17.440001,17.77,15.360781,527300.0,527300.0,-1.1,-5.829,18.05333,"June 21, 17",-0.05829
0,2017-06-20,19.49,19.49,18.620001,18.84,16.285715,128400.0,128400.0,-0.65,-3.335,18.98333,"June 20, 17",-0.03335
0,2017-06-19,19.209999,19.76,19.07,19.58,16.925386,126100.0,126100.0,0.37,1.926,19.47,"June 19, 17",0.01926
0,2017-06-16,18.639999,19.120001,18.639999,19.110001,16.519102,350300.0,350300.0,0.47,2.521,18.95667,"June 16, 17",0.02521
0,2017-06-15,19.15,19.620001,18.870001,18.99,16.415375,153100.0,153100.0,-0.16,-0.836,19.16,"June 15, 17",-0.00836
0,2017-06-14,20.030001,20.18,19.16,19.379999,16.752501,162000.0,162000.0,-0.65,-3.245,19.57333,"June 14, 17",-0.03245
0,2017-06-13,20.16,20.25,19.809999,20.040001,17.323017,138600.0,138600.0,-0.12,-0.595,20.03333,"June 13, 17",-0.00595
0,2017-06-12,19.84,20.48,19.84,20.030001,17.314373,200700.0,200700.0,0.19,0.958,20.11667,"June 12, 17",0.00958
0,2017-06-09,19.34,19.940001,18.92,19.719999,17.046398,265600.0,265600.0,0.38,1.965,19.52667,"June 09, 17",0.01965
0,2017-06-08,19.209999,19.559999,19.059999,19.360001,16.73521,466400.0,466400.0,0.15,0.781,19.32667,"June 08, 17",0.00781
0,2017-06-07,19.950001,19.98,19.059999,19.299999,16.683344,529700.0,529700.0,-0.65,-3.258,19.44667,"June 07, 17",-0.03258
0,2017-06-06,19.73,20.040001,19.33,19.870001,17.176065,282500.0,282500.0,0.14,0.71,19.74667,"June 06, 17",0.0071
0,2017-06-05,20.33,20.33,19.629999,19.889999,17.193356,310700.0,310700.0,-0.44,-2.164,19.95,"June 05, 17",-0.02164
0,2017-06-02,20.620001,21.23,20.370001,20.370001,17.608278,245500.0,245500.0,-0.25,-1.212,20.65667,"June 02, 17",-0.01212
0,2017-06-01,19.950001,20.969999,19.799999,20.709999,17.90218,293800.0,293800.0,0.76,3.81,20.49333,"June 01, 17",0.0381
0,2017-05-31,19.860001,19.969999,19.120001,19.889999,17.193356,324200.0,324200.0,0.03,0.151,19.66,"May 31, 17",0.00151
0,2017-05-30,20.030001,20.360001,19.860001,20.059999,17.102592,465600.0,465600.0,0.03,0.15,20.09333,"May 30, 17",0.0015
0,2017-05-26,19.91,20.209999,19.77,20.18,17.204895,289700.0,289700.0,0.27,1.356,20.05333,"May 26, 17",0.01356
0,2017-05-25,20.209999,20.549999,19.75,20.0,17.051434,417900.0,417900.0,-0.21,-1.039,20.1,"May 25, 17",-0.01039
0,2017-05-24,19.59,20.25,19.209999,20.110001,17.145218,295600.0,295600.0,0.52,2.654,19.85667,"May 24, 17",0.02654
0,2017-05-23,19.58,20.209999,19.129999,19.65,16.753035,411500.0,411500.0,0.07,0.358,19.66333,"May 23, 17",0.00358
0,2017-05-22,19.610001,19.610001,19.08,19.49,16.616619,237600.0,237600.0,-0.12,-0.612,19.39333,"May 22, 17",-0.00612
0,2017-05-19,18.4,19.23,18.27,19.0,16.198864,336000.0,336000.0,0.6,3.261,18.83333,"May 19, 17",0.03261
0,2017-05-18,18.540001,18.65,18.01,18.34,15.636166,445000.0,445000.0,-0.2,-1.079,18.33333,"May 18, 17",-0.01079
0,2017-05-17,20.0,20.27,18.540001,18.65,15.900461,379900.0,379900.0,-1.35,-6.75,19.15333,"May 17, 17",-0.0675
0,2017-05-16,20.549999,20.549999,20.200001,20.35,17.349838,136500.0,136500.0,-0.2,-0.973,20.36667,"May 16, 17",-0.00973
0,2017-05-15,20.440001,20.77,20.35,20.52,17.494774,138800.0,138800.0,0.08,0.391,20.54667,"May 15, 17",0.00391
0,2017-05-12,21.1,21.1,20.24,20.309999,17.315733,298100.0,298100.0,-0.79,-3.744,20.55,"May 12, 17",-0.03744
0,2017-05-11,21.719999,21.75,21.07,21.299999,18.159781,188600.0,188600.0,-0.42,-1.934,21.37333,"May 11, 17",-0.01934
0,2017-05-10,21.4,21.780001,21.26,21.719999,18.517857,339000.0,339000.0,0.32,1.495,21.58667,"May 10, 17",0.01495
0,2017-05-09,21.309999,21.549999,21.1,21.379999,18.227985,197600.0,197600.0,0.07,0.328,21.34333,"May 09, 17",0.00328
0,2017-05-08,20.92,21.209999,20.6,21.200001,18.07452,204200.0,204200.0,0.28,1.338,21.00333,"May 08, 17",0.01338
0,2017-05-05,20.879999,21.049999,20.68,20.84,17.767595,223900.0,223900.0,-0.04,-0.192,20.85667,"May 05, 17",-0.00192
0,2017-05-04,20.780001,20.9,20.360001,20.790001,17.724968,260800.0,260800.0,0.01,0.048,20.68333,"May 04, 17",0.00048
0,2017-05-03,20.780001,20.99,20.51,20.809999,17.74202,273600.0,273600.0,0.03,0.144,20.77,"May 03, 17",0.00144
0,2017-05-02,20.860001,21.049999,20.709999,20.950001,17.861378,180700.0,180700.0,0.09,0.431,20.90333,"May 02, 17",0.00431
0,2017-05-01,21.15,21.24,20.35,20.870001,17.793173,291200.0,291200.0,-0.28,-1.324,20.82,"May 01, 17",-0.01324
0,2017-04-28,20.940001,21.77,20.709999,21.120001,18.006315,487100.0,487100.0,0.18,0.86,21.2,"April 28, 17",0.0086
0,2017-04-27,22.99,23.93,20.26,20.73,17.673813,1165200.0,1165200.0,-2.26,-9.83,21.64,"April 27, 17",-0.0983
0,2017-04-26,23.16,24.040001,23.16,23.67,20.180374,310400.0,310400.0,0.51,2.202,23.62333,"April 26, 17",0.02202
0,2017-04-25,23.690001,23.92,23.129999,23.360001,19.916073,359400.0,359400.0,-0.33,-1.393,23.47,"April 25, 17",-0.01393
0,2017-04-24,23.469999,23.709999,23.02,23.450001,19.992809,226800.0,226800.0,-0.02,-0.085,23.39333,"April 24, 17",-0.00085
0,2017-04-21,23.41,23.51,22.690001,22.860001,19.489792,238500.0,238500.0,-0.55,-2.349,23.02,"April 21, 17",-0.02349
0,2017-04-20,23.469999,23.51,22.690001,23.389999,19.941652,402300.0,402300.0,-0.08,-0.341,23.19667,"April 20, 17",-0.00341
0,2017-04-19,23.25,23.75,23.219999,23.440001,19.984283,239700.0,239700.0,0.19,0.817,23.47,"April 19, 17",0.00817
0,2017-04-18,22.950001,23.27,22.66,23.1,19.694408,290400.0,290400.0,0.15,0.654,23.01,"April 18, 17",0.00654
0,2017-04-17,23.25,23.719999,22.790001,23.34,19.899029,212500.0,212500.0,0.09,0.387,23.28333,"April 17, 17",0.00387
0,2017-04-13,23.6,23.82,23.02,23.120001,19.711456,161600.0,161600.0,-0.48,-2.034,23.32,"April 13, 17",-0.02034
0,2017-04-12,24.73,24.73,23.57,23.67,20.180374,195600.0,195600.0,-1.06,-4.286,23.99,"April 12, 17",-0.04286
0,2017-04-11,24.35,24.940001,24.120001,24.91,21.237564,113500.0,113500.0,0.56,2.3,24.65667,"April 11, 17",0.023
0,2017-04-10,24.200001,24.790001,24.200001,24.49,20.87948,146000.0,146000.0,0.29,1.198,24.49333,"April 10, 17",0.01198
0,2017-04-07,24.549999,24.93,23.84,24.299999,20.717497,422800.0,422800.0,-0.25,-1.018,24.35667,"April 07, 17",-0.01018
0,2017-04-06,23.67,24.76,23.66,24.58,20.956215,252300.0,252300.0,0.91,3.845,24.33333,"April 06, 17",0.03845
0,2017-04-05,24.35,25.120001,23.35,23.6,20.120693,300000.0,300000.0,-0.75,-3.08,24.02333,"April 05, 17",-0.0308
0,2017-04-04,23.91,24.15,23.82,24.1,20.546978,155200.0,155200.0,0.19,0.795,24.02333,"April 04, 17",0.00795
0,2017-04-03,24.610001,24.75,23.719999,23.969999,20.436146,182100.0,182100.0,-0.64,-2.601,24.14667,"April 03, 17",-0.02601
0,2017-03-31,24.040001,24.700001,24.0,24.52,20.905062,206000.0,206000.0,0.48,1.997,24.40667,"March 31, 17",0.01997
0,2017-03-30,23.91,24.43,23.82,24.290001,20.708969,144200.0,144200.0,0.38,1.589,24.18,"March 30, 17",0.01589
0,2017-03-29,24.02,24.33,23.799999,23.93,20.40204,210300.0,210300.0,-0.09,-0.375,24.02,"March 29, 17",-0.00375
0,2017-03-28,23.59,24.290001,23.370001,24.16,20.598131,258400.0,258400.0,0.57,2.416,23.94,"March 28, 17",0.02416
0,2017-03-27,23.23,23.719999,22.709999,23.59,20.112167,205300.0,205300.0,0.36,1.55,23.34,"March 27, 17",0.0155
0,2017-03-24,24.42,24.52,23.57,23.75,20.248575,122400.0,122400.0,-0.67,-2.744,23.94667,"March 24, 17",-0.02744
0,2017-03-23,24.07,24.610001,23.809999,24.33,20.743071,133500.0,133500.0,0.26,1.08,24.25,"March 23, 17",0.0108
0,2017-03-22,24.23,24.77,23.83,24.07,20.521402,510500.0,510500.0,-0.16,-0.66,24.22333,"March 22, 17",-0.0066
0,2017-03-21,25.440001,25.58,24.370001,24.42,20.819801,364600.0,364600.0,-1.02,-4.009,24.79,"March 21, 17",-0.04009
0,2017-03-20,25.41,25.66,24.65,25.35,21.612692,188700.0,188700.0,-0.06,-0.236,25.22,"March 20, 17",-0.00236
0,2017-03-17,24.75,25.559999,24.75,25.42,21.672375,425100.0,425100.0,0.67,2.707,25.24333,"March 17, 17",0.02707
0,2017-03-16,25.0,25.040001,24.469999,24.629999,20.998842,171800.0,171800.0,-0.37,-1.48,24.71333,"March 16, 17",-0.0148
0,2017-03-15,24.120001,25.18,24.030001,24.969999,21.288715,320900.0,320900.0,0.85,3.524,24.72667,"March 15, 17",0.03524
0,2017-03-14,24.709999,24.93,23.83,23.940001,20.41057,282600.0,282600.0,-0.77,-3.116,24.23333,"March 14, 17",-0.03116
0,2017-03-13,24.459999,24.799999,24.450001,24.719999,21.075573,293400.0,293400.0,0.26,1.063,24.65667,"March 13, 17",0.01063
0,2017-03-10,24.540001,25.209999,24.18,24.440001,20.836853,368000.0,368000.0,-0.1,-0.407,24.61,"March 10, 17",-0.00407
0,2017-03-09,25.379999,25.629999,24.200001,24.42,20.819801,340400.0,340400.0,-0.96,-3.783,24.75,"March 09, 17",-0.03783
0,2017-03-08,25.68,26.040001,25.540001,25.58,21.808784,395600.0,395600.0,-0.1,-0.389,25.72,"March 08, 17",-0.00389
0,2017-03-07,25.75,26.389999,25.49,25.57,21.800262,211200.0,211200.0,-0.18,-0.699,25.81667,"March 07, 17",-0.00699
0,2017-03-06,25.75,26.120001,25.35,25.870001,22.056036,227500.0,227500.0,0.12,0.466,25.78,"March 06, 17",0.00466
0,2017-03-03,26.57,27.07,25.530001,26.1,22.252121,241500.0,241500.0,-0.47,-1.769,26.23333,"March 03, 17",-0.01769
0,2017-03-02,27.33,27.469999,26.719999,26.75,22.806293,314600.0,314600.0,-0.58,-2.122,26.98,"March 02, 17",-0.02122
0,2017-03-01,26.77,27.540001,26.459999,27.469999,23.420143,502200.0,502200.0,0.7,2.615,27.15667,"March 01, 17",0.02615
0,2017-02-28,26.84,26.93,25.879999,26.24,22.371479,446800.0,446800.0,-0.6,-2.235,26.35,"February 28, 17",-0.02235
0,2017-02-27,25.68,27.0,25.27,26.959999,22.985336,391800.0,391800.0,1.28,4.984,26.41,"February 27, 17",0.04984
0,2017-02-24,23.42,25.66,23.35,25.5,21.740582,548800.0,548800.0,2.08,8.881,24.83667,"February 24, 17",0.08881
0,2017-02-23,24.51,25.559999,23.370001,23.620001,20.137741,472600.0,472600.0,-0.89,-3.631,24.18333,"February 23, 17",-0.03631
0,2017-02-22,24.709999,24.860001,24.129999,24.440001,20.602398,337900.0,337900.0,-0.27,-1.093,24.47667,"February 22, 17",-0.01093
0,2017-02-21,24.309999,25.01,24.309999,24.940001,21.02389,352000.0,352000.0,0.63,2.592,24.75333,"February 21, 17",0.02592
0,2017-02-17,24.77,24.77,24.110001,24.33,20.509665,283700.0,283700.0,-0.44,-1.776,24.40333,"February 17, 17",-0.01776
0,2017-02-16,24.780001,24.969999,24.309999,24.77,20.880581,228100.0,228100.0,-0.01,-0.04,24.68333,"February 16, 17",-0.0004
0,2017-02-15,24.49,24.9,24.32,24.75,20.86372,178200.0,178200.0,0.26,1.062,24.65667,"February 15, 17",0.01062
0,2017-02-14,24.190001,24.559999,23.889999,24.52,20.669836,252600.0,252600.0,0.33,1.364,24.32333,"February 14, 17",0.01364
0,2017-02-13,24.33,24.67,24.16,24.280001,20.467522,179500.0,179500.0,-0.05,-0.206,24.37,"February 13, 17",-0.00206
0,2017-02-10,24.450001,24.49,23.98,24.209999,20.40851,169300.0,169300.0,-0.24,-0.982,24.22667,"February 10, 17",-0.00982
0,2017-02-09,23.84,24.43,23.83,24.120001,20.33264,473900.0,473900.0,0.28,1.174,24.12667,"February 09, 17",0.01174
0,2017-02-08,24.5,24.68,23.719999,23.860001,20.11347,258300.0,258300.0,-0.64,-2.612,24.08667,"February 08, 17",-0.02612
0,2017-02-07,24.860001,25.17,24.450001,24.59,20.728844,366500.0,366500.0,-0.27,-1.086,24.73667,"February 07, 17",-0.01086
0,2017-02-06,25.440001,25.459999,24.68,24.82,20.922728,176600.0,176600.0,-0.62,-2.437,24.98667,"February 06, 17",-0.02437
0,2017-02-03,25.559999,25.879999,25.190001,25.4,21.411655,317600.0,317600.0,-0.16,-0.626,25.49,"February 03, 17",-0.00626
0,2017-02-02,26.25,26.299999,25.25,25.27,21.302067,270100.0,270100.0,-0.98,-3.733,25.60667,"February 02, 17",-0.03733
0,2017-02-01,26.25,26.629999,25.92,26.41,22.263065,166000.0,166000.0,0.16,0.61,26.32,"February 01, 17",0.0061
0,2017-01-31,26.34,26.440001,25.309999,25.860001,21.799431,323800.0,323800.0,-0.48,-1.822,25.87,"January 31, 17",-0.01822
0,2017-01-30,25.959999,26.610001,25.5,26.34,22.204056,386900.0,386900.0,0.38,1.464,26.15,"January 30, 17",0.01464
0,2017-01-27,25.799999,26.280001,25.620001,26.24,22.119757,315100.0,315100.0,0.44,1.705,26.04667,"January 27, 17",0.01705
0,2017-01-26,25.82,26.43,25.459999,25.92,21.850004,580500.0,580500.0,0.1,0.387,25.93667,"January 26, 17",0.00387
0,2017-01-25,24.860001,25.540001,24.809999,24.950001,21.032316,280400.0,280400.0,0.09,0.362,25.1,"January 25, 17",0.00362
0,2017-01-24,23.68,24.99,23.559999,24.719999,20.838428,404100.0,404100.0,1.04,4.392,24.42333,"January 24, 17",0.04392
0,2017-01-23,23.52,23.82,23.15,23.49,19.801569,261900.0,261900.0,-0.03,-0.128,23.48667,"January 23, 17",-0.00128
0,2017-01-20,23.52,23.870001,23.299999,23.58,19.877436,383300.0,383300.0,0.06,0.255,23.58333,"January 20, 17",0.00255
0,2017-01-19,22.65,23.610001,22.65,23.42,19.742556,516700.0,516700.0,0.77,3.4,23.22667,"January 19, 17",0.034
0,2017-01-18,22.1,22.68,22.0,22.65,19.093464,592700.0,592700.0,0.55,2.489,22.44333,"January 18, 17",0.02489
0,2017-01-17,21.809999,22.360001,21.440001,22.0,18.54553,350500.0,350500.0,0.19,0.871,21.93333,"January 17, 17",0.00871
0,2017-01-13,22.200001,22.309999,21.889999,21.91,18.469654,193100.0,193100.0,-0.29,-1.306,22.03667,"January 13, 17",-0.01306
0,2017-01-12,22.6,22.6,21.450001,22.02,18.562393,167600.0,167600.0,-0.58,-2.566,22.02333,"January 12, 17",-0.02566
0,2017-01-11,22.309999,22.790001,22.08,22.49,18.958588,134400.0,134400.0,0.18,0.807,22.45333,"January 11, 17",0.00807
0,2017-01-10,22.32,23.110001,21.77,22.290001,18.789991,339500.0,339500.0,-0.03,-0.134,22.39,"January 10, 17",-0.00134
0,2017-01-09,23.030001,23.030001,21.299999,21.469999,18.098747,492500.0,492500.0,-1.56,-6.774,21.93333,"January 09, 17",-0.06774
0,2017-01-06,23.4,23.780001,23.01,23.110001,19.481237,261200.0,261200.0,-0.29,-1.239,23.3,"January 06, 17",-0.01239
0,2017-01-05,23.57,23.870001,23.190001,23.459999,19.776276,249700.0,249700.0,-0.11,-0.467,23.50667,"January 05, 17",-0.00467
0,2017-01-04,23.629999,23.92,23.440001,23.559999,19.860577,263700.0,263700.0,-0.07,-0.296,23.64,"January 04, 17",-0.00296
0,2017-01-03,23.790001,24.26,23.08,23.58,19.877436,571300.0,571300.0,-0.21,-0.883,23.64,"January 03, 17",-0.00883
0,2016-12-30,23.309999,23.48,23.049999,23.25,19.599255,196800.0,196800.0,-0.06,-0.257,23.26,"December 30, 16",-0.00257
0,2016-12-29,23.200001,23.43,23.030001,23.200001,19.557102,218500.0,218500.0,0.0,0.0,23.22,"December 29, 16",0.0
0,2016-12-28,23.65,23.790001,22.98,23.09,19.464376,183600.0,183600.0,-0.56,-2.368,23.28667,"December 28, 16",-0.02368
0,2016-12-27,23.59,23.950001,23.549999,23.6,19.894291,178500.0,178500.0,0.01,0.042,23.7,"December 27, 16",0.00042
0,2016-12-23,23.549999,23.700001,23.459999,23.49,19.801569,97100.0,97100.0,-0.06,-0.255,23.55,"December 23, 16",-0.00255
0,2016-12-22,23.76,23.879999,23.23,23.52,19.826855,256100.0,256100.0,-0.24,-1.01,23.54333,"December 22, 16",-0.0101
0,2016-12-21,23.719999,24.0,23.57,23.76,20.029171,242800.0,242800.0,0.04,0.169,23.77667,"December 21, 16",0.00169
0,2016-12-20,23.4,24.290001,22.99,23.860001,20.11347,543900.0,543900.0,0.46,1.966,23.71333,"December 20, 16",0.01966
0,2016-12-19,23.08,23.48,22.67,22.99,19.380079,380200.0,380200.0,-0.09,-0.39,23.04667,"December 19, 16",-0.0039
0,2016-12-16,23.540001,23.59,22.940001,23.16,19.523382,605000.0,605000.0,-0.38,-1.614,23.23,"December 16, 16",-0.01614
0,2016-12-15,22.59,23.5,22.540001,23.4,19.725697,424600.0,424600.0,0.81,3.586,23.14667,"December 15, 16",0.03586
0,2016-12-14,22.91,23.33,22.389999,22.690001,19.127182,386600.0,386600.0,-0.22,-0.96,22.80333,"December 14, 16",-0.0096
0,2016-12-13,23.889999,24.15,22.969999,23.129999,19.498096,368400.0,368400.0,-0.76,-3.181,23.41667,"December 13, 16",-0.03181
0,2016-12-12,23.85,24.0,23.219999,23.68,19.961731,471300.0,471300.0,-0.17,-0.713,23.63333,"December 12, 16",-0.00713
0,2016-12-09,23.469999,23.82,23.16,23.809999,20.07132,587600.0,587600.0,0.34,1.449,23.59667,"December 09, 16",0.01449
0,2016-12-08,23.32,23.459999,22.889999,23.389999,19.717266,499300.0,499300.0,0.07,0.3,23.24667,"December 08, 16",0.003
0,2016-12-07,22.5,23.379999,22.469999,23.190001,19.548677,658800.0,658800.0,0.69,3.067,23.01333,"December 07, 16",0.03067
0,2016-12-06,22.0,22.57,21.719999,22.5,18.967016,433100.0,433100.0,0.5,2.273,22.26333,"December 06, 16",0.02273
0,2016-12-05,21.530001,22.209999,21.32,22.09,18.621395,903300.0,903300.0,0.56,2.601,21.87333,"December 05, 16",0.02601
0,2016-12-02,20.610001,21.49,20.459999,21.48,18.107178,683600.0,683600.0,0.87,4.221,21.14333,"December 02, 16",0.04221
0,2016-12-01,18.65,20.700001,18.51,20.59,17.356928,1239800.0,1239800.0,1.94,10.402,19.93333,"December 01, 16",0.10402
0,2016-11-30,18.15,18.92,18.15,18.41,15.519236,760200.0,760200.0,0.26,1.433,18.49333,"November 30, 16",0.01433
0,2016-11-29,17.77,18.26,17.42,17.889999,15.080883,308200.0,308200.0,0.12,0.675,17.85667,"November 29, 16",0.00675
0,2016-11-28,18.549999,18.549999,17.84,17.93,15.114604,183700.0,183700.0,-0.62,-3.342,18.10667,"November 28, 16",-0.03342
0,2016-11-25,18.700001,18.700001,18.15,18.49,15.586679,142300.0,142300.0,-0.21,-1.123,18.44667,"November 25, 16",-0.01123
0,2016-11-23,17.639999,18.969999,17.440001,18.709999,15.772131,571600.0,571600.0,1.07,6.066,18.37333,"November 23, 16",0.06066
0,2016-11-22,17.700001,17.950001,17.379999,17.68,14.903861,347200.0,347200.0,-0.02,-0.113,17.67,"November 22, 16",-0.00113
0,2016-11-21,17.58,17.73,17.02,17.6,14.836422,558200.0,558200.0,0.02,0.114,17.45,"November 21, 16",0.00114
0,2016-11-18,17.629999,17.629999,17.35,17.379999,14.650966,237900.0,237900.0,-0.25,-1.418,17.45333,"November 18, 16",-0.01418
0,2016-11-17,17.5,17.879999,17.16,17.709999,14.929148,378000.0,378000.0,0.21,1.2,17.58333,"November 17, 16",0.012
0,2016-11-16,18.450001,18.530001,17.76,17.76,14.739479,528300.0,528300.0,-0.69,-3.74,18.01667,"November 16, 16",-0.0374
0,2016-11-15,18.17,18.65,17.799999,18.540001,15.386827,595900.0,595900.0,0.37,2.036,18.33,"November 15, 16",0.02036
0,2016-11-14,17.360001,18.059999,17.01,18.02,14.955261,963300.0,963300.0,0.66,3.802,17.69667,"November 14, 16",0.03802
0,2016-11-11,15.23,17.25,15.23,17.24,14.30792,897100.0,897100.0,2.01,13.198,16.57333,"November 11, 16",0.13198
0,2016-11-10,15.86,16.299999,15.13,15.18,12.598274,806400.0,806400.0,-0.68,-4.288,15.53667,"November 10, 16",-0.04288
0,2016-11-09,14.11,15.76,13.76,15.71,13.038132,1498100.0,1498100.0,1.6,11.339,15.07667,"November 09, 16",0.11339
0,2016-11-08,13.61,13.64,13.3,13.36,11.087804,427200.0,427200.0,-0.25,-1.837,13.43333,"November 08, 16",-0.01837
0,2016-11-07,13.69,13.86,13.46,13.57,11.262091,492200.0,492200.0,-0.12,-0.877,13.63,"November 07, 16",-0.00877
0,2016-11-04,13.15,13.65,13.06,13.23,10.979917,371500.0,371500.0,0.08,0.608,13.31333,"November 04, 16",0.00608
0,2016-11-03,13.52,13.66,13.18,13.22,10.971618,263200.0,263200.0,-0.3,-2.219,13.35333,"November 03, 16",-0.02219
0,2016-11-02,13.28,13.83,13.28,13.48,11.187398,666900.0,666900.0,0.2,1.506,13.53,"November 02, 16",0.01506
0,2016-11-01,14.09,14.1,12.72,12.83,10.647949,812700.0,812700.0,-1.26,-8.943,13.21667,"November 01, 16",-0.08943
0,2016-10-31,14.29,14.29,13.91,13.95,11.577463,674100.0,674100.0,-0.34,-2.379,14.05,"October 31, 16",-0.02379
0,2016-10-28,14.74,15.15,14.09,14.27,11.84304,534100.0,534100.0,-0.47,-3.189,14.50333,"October 28, 16",-0.03189
0,2016-10-27,15.37,15.76,14.77,14.9,12.365892,260400.0,260400.0,-0.47,-3.058,15.14333,"October 27, 16",-0.03058
0,2016-10-26,15.57,15.97,15.44,15.75,13.07133,591600.0,591600.0,0.18,1.156,15.72,"October 26, 16",0.01156
0,2016-10-25,15.68,15.88,15.53,15.68,13.013233,172000.0,172000.0,0.0,0.0,15.69667,"October 25, 16",0.0
0,2016-10-24,15.6,15.76,15.38,15.66,12.996635,212400.0,212400.0,0.06,0.385,15.6,"October 24, 16",0.00385
0,2016-10-21,15.27,15.6,15.11,15.44,12.814054,279600.0,279600.0,0.17,1.113,15.38333,"October 21, 16",0.01113
0,2016-10-20,15.24,15.6,14.92,15.46,12.830651,266100.0,266100.0,0.22,1.444,15.32667,"October 20, 16",0.01444
0,2016-10-19,14.9,15.2,14.41,15.12,12.548479,196100.0,196100.0,0.22,1.477,14.91,"October 19, 16",0.01477
0,2016-10-18,14.6,14.86,14.49,14.74,12.233105,219800.0,219800.0,0.14,0.959,14.69667,"October 18, 16",0.00959
0,2016-10-17,14.59,14.7,14.49,14.53,12.05882,169700.0,169700.0,-0.06,-0.411,14.57333,"October 17, 16",-0.00411
0,2016-10-14,14.83,15.0,14.42,14.73,12.224804,282400.0,282400.0,-0.1,-0.674,14.71667,"October 14, 16",-0.00674
0,2016-10-13,15.4,15.41,14.68,14.79,12.274603,251800.0,251800.0,-0.61,-3.961,14.96,"October 13, 16",-0.03961
0,2016-10-12,15.68,15.84,15.46,15.69,13.021536,364300.0,364300.0,0.01,0.064,15.66333,"October 12, 16",0.00064
0,2016-10-11,15.89,16.1,15.5,15.75,13.07133,525900.0,525900.0,-0.14,-0.881,15.78333,"October 11, 16",-0.00881
0,2016-10-10,15.88,16.42,15.75,15.94,13.229014,410600.0,410600.0,0.06,0.378,16.03667,"October 10, 16",0.00378
0,2016-10-07,16.799999,17.040001,15.37,15.73,13.054732,925300.0,925300.0,-1.07,-6.369,16.04667,"October 07, 16",-0.06369
0,2016-10-06,17.049999,17.530001,17.049999,17.42,14.457304,193000.0,193000.0,0.37,2.17,17.33333,"October 06, 16",0.0217
0,2016-10-05,16.889999,17.309999,16.370001,17.200001,14.274723,199900.0,199900.0,0.31,1.835,16.96,"October 05, 16",0.01835
0,2016-10-04,16.799999,16.99,16.469999,16.65,13.818261,200200.0,200200.0,-0.15,-0.893,16.70333,"October 04, 16",-0.00893
0,2016-10-03,16.65,16.959999,16.59,16.799999,13.942753,132800.0,132800.0,0.15,0.901,16.78333,"October 03, 16",0.00901
0,2016-09-30,16.860001,17.09,16.620001,16.76,13.909555,293400.0,293400.0,-0.1,-0.593,16.82333,"September 30, 16",-0.00593
0,2016-09-29,16.48,16.91,16.42,16.709999,13.868057,204200.0,204200.0,0.23,1.396,16.68,"September 29, 16",0.01396
0,2016-09-28,15.87,16.49,15.73,16.469999,13.668876,164100.0,164100.0,0.6,3.781,16.23,"September 28, 16",0.03781
0,2016-09-27,15.6,15.82,15.42,15.8,13.112827,119400.0,119400.0,0.2,1.282,15.68,"September 27, 16",0.01282
0,2016-09-26,15.76,15.92,15.67,15.73,13.054732,135900.0,135900.0,-0.03,-0.19,15.77333,"September 26, 16",-0.0019
0,2016-09-23,16.059999,16.15,15.8,15.95,13.237316,143900.0,143900.0,-0.11,-0.685,15.96667,"September 23, 16",-0.00685
0,2016-09-22,15.96,16.17,15.88,16.139999,13.394999,183200.0,183200.0,0.18,1.128,16.06333,"September 22, 16",0.01128
0,2016-09-21,15.53,15.8,15.36,15.75,13.07133,144600.0,144600.0,0.22,1.417,15.63667,"September 21, 16",0.01417
0,2016-09-20,15.78,15.83,15.29,15.39,12.772555,111700.0,111700.0,-0.39,-2.471,15.50333,"September 20, 16",-0.02471
0,2016-09-19,15.66,15.92,15.39,15.73,13.054732,294500.0,294500.0,0.07,0.447,15.68,"September 19, 16",0.00447
0,2016-09-16,15.45,15.53,15.1,15.47,12.838951,314400.0,314400.0,0.02,0.129,15.36667,"September 16, 16",0.00129
0,2016-09-15,15.28,15.71,15.19,15.57,12.921943,209100.0,209100.0,0.29,1.898,15.49,"September 15, 16",0.01898
0,2016-09-14,15.11,15.33,14.87,15.24,12.648067,222700.0,222700.0,0.13,0.86,15.14667,"September 14, 16",0.0086
0,2016-09-13,15.55,15.74,14.82,14.96,12.415689,252500.0,252500.0,-0.59,-3.794,15.17333,"September 13, 16",-0.03794
0,2016-09-12,15.31,15.8,15.29,15.77,13.087928,164300.0,164300.0,0.46,3.005,15.62,"September 12, 16",0.03005
0,2016-09-09,16.469999,16.469999,15.34,15.48,12.847249,229200.0,229200.0,-0.99,-6.011,15.76333,"September 09, 16",-0.06011
0,2016-09-08,16.49,16.620001,16.299999,16.440001,13.643979,237700.0,237700.0,-0.05,-0.303,16.45333,"September 08, 16",-0.00303
0,2016-09-07,15.8,16.5,15.8,16.459999,13.660578,410300.0,410300.0,0.66,4.177,16.25333,"September 07, 16",0.04177
0,2016-09-06,15.98,16.0,15.64,15.85,13.154323,216800.0,216800.0,-0.13,-0.814,15.83,"September 06, 16",-0.00814
0,2016-09-02,15.97,16.0,15.76,15.93,13.220717,135700.0,135700.0,-0.04,-0.25,15.89667,"September 02, 16",-0.0025
0,2016-09-01,15.96,16.02,15.52,15.79,13.104527,219100.0,219100.0,-0.17,-1.065,15.77667,"September 01, 16",-0.01065
0,2016-08-31,16.02,16.08,15.64,15.93,13.220717,245100.0,245100.0,-0.09,-0.562,15.88333,"August 31, 16",-0.00562
0,2016-08-30,16.190001,16.32,15.97,16.09,13.353505,121100.0,121100.0,-0.1,-0.618,16.12667,"August 30, 16",-0.00618
0,2016-08-29,16.219999,16.360001,16.1,16.129999,13.386703,76200.0,76200.0,-0.09,-0.555,16.19667,"August 29, 16",-0.00555
0,2016-08-26,16.26,16.57,16.120001,16.18,13.428198,99600.0,99600.0,-0.08,-0.492,16.29,"August 26, 16",-0.00492
0,2016-08-25,16.17,16.33,16.01,16.17,13.419899,106300.0,106300.0,0.0,0.0,16.17,"August 25, 16",0.0
0,2016-08-24,16.530001,16.68,16.200001,16.23,13.469694,122300.0,122300.0,-0.3,-1.815,16.37,"August 24, 16",-0.01815
0,2016-08-23,16.25,16.629999,16.15,16.59,13.768468,440500.0,440500.0,0.34,2.092,16.45667,"August 23, 16",0.02092
0,2016-08-22,16.17,16.360001,16.030001,16.129999,13.386703,317900.0,317900.0,-0.04,-0.247,16.17333,"August 22, 16",-0.00247
0,2016-08-19,16.25,16.65,16.15,16.440001,13.643979,178700.0,178700.0,0.19,1.169,16.41333,"August 19, 16",0.01169
0,2016-08-18,16.01,16.469999,15.91,16.35,13.569287,252700.0,252700.0,0.34,2.124,16.24333,"August 18, 16",0.02124
0,2016-08-17,16.76,16.76,16.200001,16.280001,13.28296,203600.0,203600.0,-0.48,-2.864,16.41333,"August 17, 16",-0.02864
0,2016-08-16,16.91,17.059999,16.709999,16.73,13.650119,134600.0,134600.0,-0.18,-1.064,16.83333,"August 16, 16",-0.01064
0,2016-08-15,16.780001,17.219999,16.639999,16.870001,13.764347,151400.0,151400.0,0.09,0.536,16.91,"August 15, 16",0.00536
0,2016-08-12,16.860001,16.99,16.530001,16.68,13.609324,301500.0,301500.0,-0.18,-1.068,16.73333,"August 12, 16",-0.01068
0,2016-08-11,17.040001,17.4,16.959999,16.99,13.862257,147000.0,147000.0,-0.05,-0.293,17.11667,"August 11, 16",-0.00293
0,2016-08-10,17.26,17.290001,16.77,17.02,13.886734,388300.0,388300.0,-0.24,-1.39,17.02667,"August 10, 16",-0.0139
0,2016-08-09,17.98,17.99,17.15,17.15,13.9928,324600.0,324600.0,-0.83,-4.616,17.43,"August 09, 16",-0.04616
0,2016-08-08,17.9,18.16,17.700001,18.049999,14.727115,247900.0,247900.0,0.15,0.838,17.97,"August 08, 16",0.00838
0,2016-08-05,17.719999,18.01,17.65,17.92,14.621051,164300.0,164300.0,0.2,1.129,17.86,"August 05, 16",0.01129
0,2016-08-04,17.85,18.0,17.52,17.57,14.33548,160900.0,160900.0,-0.28,-1.569,17.69667,"August 04, 16",-0.01569
0,2016-08-03,17.49,18.02,17.32,17.92,14.621051,157500.0,157500.0,0.43,2.459,17.75333,"August 03, 16",0.02459
0,2016-08-02,18.35,18.49,17.459999,17.48,14.262047,292300.0,292300.0,-0.87,-4.741,17.81,"August 02, 16",-0.04741
0,2016-08-01,18.6,18.65,18.24,18.280001,14.914776,434800.0,434800.0,-0.32,-1.72,18.39,"August 01, 16",-0.0172
0,2016-07-29,18.690001,18.799999,17.98,18.620001,15.192183,613200.0,613200.0,-0.07,-0.375,18.46667,"July 29, 16",-0.00375
0,2016-07-28,18.690001,19.530001,18.23,18.780001,15.322726,539600.0,539600.0,0.09,0.482,18.84667,"July 28, 16",0.00482
0,2016-07-27,19.9,20.049999,19.540001,19.75,16.114159,276900.0,276900.0,-0.15,-0.754,19.78,"July 27, 16",-0.00754
0,2016-07-26,19.18,19.76,19.18,19.700001,16.073362,363300.0,363300.0,0.52,2.711,19.54667,"July 26, 16",0.02711
0,2016-07-25,19.17,19.34,19.059999,19.110001,15.591978,132700.0,132700.0,-0.06,-0.313,19.17,"July 25, 16",-0.00313
0,2016-07-22,18.99,19.360001,18.91,19.299999,15.746999,229700.0,229700.0,0.31,1.632,19.19,"July 22, 16",0.01632
0,2016-07-21,18.75,19.25,18.49,19.01,15.51039,1037400.0,1037400.0,0.26,1.387,18.91667,"July 21, 16",0.01387
0,2016-07-20,17.950001,18.52,17.85,18.370001,14.988207,251600.0,251600.0,0.42,2.34,18.24667,"July 20, 16",0.0234
0,2016-07-19,18.639999,18.67,17.85,17.93,14.629208,202900.0,202900.0,-0.71,-3.809,18.15,"July 19, 16",-0.03809
0,2016-07-18,19.09,19.440001,18.66,18.76,15.306409,181800.0,181800.0,-0.33,-1.729,18.95333,"July 18, 16",-0.01729
0,2016-07-15,19.15,19.35,18.809999,19.18,15.649091,215700.0,215700.0,0.03,0.157,19.11333,"July 15, 16",0.00157
0,2016-07-14,19.35,19.450001,18.91,18.98,15.48591,280700.0,280700.0,-0.37,-1.912,19.11333,"July 14, 16",-0.01912
0,2016-07-13,19.42,19.42,18.860001,19.07,15.55934,257300.0,257300.0,-0.35,-1.802,19.11667,"July 13, 16",-0.01802
0,2016-07-12,19.42,19.639999,19.049999,19.33,15.771477,356500.0,356500.0,-0.09,-0.463,19.34,"July 12, 16",-0.00463
0,2016-07-11,19.389999,19.469999,19.110001,19.120001,15.600136,130400.0,130400.0,-0.27,-1.392,19.23333,"July 11, 16",-0.01392
0,2016-07-08,18.370001,19.33,18.129999,19.23,15.689889,379600.0,379600.0,0.86,4.682,18.89667,"July 08, 16",0.04682
0,2016-07-07,18.26,18.6,17.870001,18.059999,14.735277,189800.0,189800.0,-0.2,-1.095,18.17667,"July 07, 16",-0.01095
0,2016-07-06,17.9,18.309999,17.48,18.139999,14.800547,234100.0,234100.0,0.24,1.341,17.97667,"July 06, 16",0.01341
0,2016-07-05,18.83,18.84,17.91,18.059999,14.735277,183500.0,183500.0,-0.77,-4.089,18.27,"July 05, 16",-0.04089
0,2016-07-01,18.969999,19.41,18.82,19.120001,15.600136,208400.0,208400.0,0.15,0.791,19.11667,"July 01, 16",0.00791
0,2016-06-30,19.08,19.17,18.530001,19.030001,15.526703,178000.0,178000.0,-0.05,-0.262,18.91,"June 30, 16",-0.00262
0,2016-06-29,18.26,19.030001,17.790001,18.98,15.48591,255200.0,255200.0,0.72,3.943,18.6,"June 29, 16",0.03943
0,2016-06-28,17.84,18.24,17.629999,17.83,14.547617,270000.0,270000.0,-0.01,-0.056,17.9,"June 28, 16",-0.00056
0,2016-06-27,18.799999,19.08,17.360001,17.48,14.262047,379000.0,379000.0,-1.32,-7.021,17.97333,"June 27, 16",-0.07021
0,2016-06-24,19.209999,19.879999,18.700001,19.09,15.575659,531500.0,531500.0,-0.12,-0.625,19.22333,"June 24, 16",-0.00625
0,2016-06-23,19.860001,20.440001,19.73,20.309999,16.571064,232500.0,232500.0,0.45,2.266,20.16,"June 23, 16",0.02266
0,2016-06-22,19.690001,19.969999,19.41,19.51,15.918341,156200.0,156200.0,-0.18,-0.914,19.63,"June 22, 16",-0.00914
0,2016-06-21,19.860001,19.950001,19.16,19.530001,15.934657,135400.0,135400.0,-0.33,-1.662,19.54667,"June 21, 16",-0.01662
0,2016-06-20,19.549999,20.0,19.309999,19.889999,16.228388,162900.0,162900.0,0.34,1.739,19.73333,"June 20, 16",0.01739
0,2016-06-17,18.940001,19.66,18.940001,19.309999,15.755157,421800.0,421800.0,0.37,1.954,19.30333,"June 17, 16",0.01954
0,2016-06-16,18.629999,19.059999,18.26,18.940001,15.453272,386900.0,386900.0,0.31,1.664,18.75333,"June 16, 16",0.01664
0,2016-06-15,19.040001,19.370001,18.76,18.82,15.355362,294800.0,294800.0,-0.22,-1.155,18.98333,"June 15, 16",-0.01155
0,2016-06-14,18.860001,19.219999,18.43,18.959999,15.469587,165600.0,165600.0,0.1,0.53,18.87,"June 14, 16",0.0053
0,2016-06-13,19.049999,19.440001,18.870001,19.0,15.502227,149700.0,149700.0,-0.05,-0.262,19.10333,"June 13, 16",-0.00262
0,2016-06-10,19.540001,19.59,18.74,19.17,15.64093,201400.0,201400.0,-0.37,-1.894,19.16667,"June 10, 16",-0.01894
0,2016-06-09,20.02,20.48,19.629999,19.84,16.187588,115500.0,115500.0,-0.18,-0.899,19.98333,"June 09, 16",-0.00899
0,2016-06-08,20.219999,20.469999,20.129999,20.299999,16.562901,169000.0,169000.0,0.08,0.396,20.3,"June 08, 16",0.00396
0,2016-06-07,20.209999,20.51,19.83,20.01,16.326292,373800.0,373800.0,-0.2,-0.99,20.11667,"June 07, 16",-0.0099
0,2016-06-06,19.91,20.49,19.200001,20.25,16.522112,274900.0,274900.0,0.34,1.708,19.98,"June 06, 16",0.01708
0,2016-06-03,19.75,19.91,19.35,19.690001,16.065208,134800.0,134800.0,-0.06,-0.304,19.65,"June 03, 16",-0.00304
0,2016-06-02,19.09,19.77,19.09,19.66,16.040724,206400.0,206400.0,0.57,2.986,19.50667,"June 02, 16",0.02986
0,2016-06-01,19.08,19.35,18.32,19.290001,15.738842,285000.0,285000.0,0.21,1.101,18.98667,"June 01, 16",0.01101
0,2016-05-31,19.27,19.879999,19.09,19.219999,15.681726,278300.0,278300.0,-0.05,-0.259,19.39667,"May 31, 16",-0.00259
0,2016-05-27,19.389999,20.040001,19.040001,19.24,15.698045,169500.0,169500.0,-0.15,-0.774,19.44,"May 27, 16",-0.00774
0,2016-05-26,19.99,20.190001,19.35,19.389999,15.82043,198600.0,198600.0,-0.6,-3.002,19.64333,"May 26, 16",-0.03002
0,2016-05-25,19.4,19.950001,19.299999,19.84,16.187588,379600.0,379600.0,0.44,2.268,19.69667,"May 25, 16",0.02268
0,2016-05-24,18.559999,19.4,18.450001,19.209999,15.673563,335800.0,335800.0,0.65,3.502,19.02,"May 24, 16",0.03502
0,2016-05-23,18.57,18.959999,18.450001,18.809999,15.122831,249200.0,249200.0,0.24,1.292,18.74,"May 23, 16",0.01292
0,2016-05-20,18.620001,18.73,18.209999,18.66,15.002232,148500.0,148500.0,0.04,0.215,18.53333,"May 20, 16",0.00215
0,2016-05-19,19.01,19.26,18.299999,18.42,14.809282,217800.0,217800.0,-0.59,-3.104,18.66,"May 19, 16",-0.03104
0,2016-05-18,18.82,19.389999,18.82,19.17,15.412262,352200.0,352200.0,0.35,1.86,19.12667,"May 18, 16",0.0186
0,2016-05-17,18.469999,19.83,18.469999,19.0,15.275586,232900.0,232900.0,0.53,2.87,19.1,"May 17, 16",0.0287
0,2016-05-16,18.360001,18.870001,18.360001,18.5,14.873594,224400.0,224400.0,0.14,0.763,18.57667,"May 16, 16",0.00763
0,2016-05-13,18.700001,18.92,18.110001,18.24,14.664565,333700.0,333700.0,-0.46,-2.46,18.42333,"May 13, 16",-0.0246
0,2016-05-12,19.01,19.280001,18.51,18.790001,15.106751,297800.0,297800.0,-0.22,-1.157,18.86,"May 12, 16",-0.01157
0,2016-05-11,19.370001,19.5,18.75,18.84,15.14695,189600.0,189600.0,-0.53,-2.736,19.03,"May 11, 16",-0.02736
0,2016-05-10,18.629999,19.66,18.629999,19.360001,15.56502,325200.0,325200.0,0.73,3.918,19.21667,"May 10, 16",0.03918
0,2016-05-09,19.120001,19.120001,18.379999,18.41,14.801241,272100.0,272100.0,-0.71,-3.713,18.63667,"May 09, 16",-0.03713
0,2016-05-06,18.690001,19.33,18.559999,19.299999,15.516779,275000.0,275000.0,0.61,3.264,19.06333,"May 06, 16",0.03264
0,2016-05-05,19.299999,19.4,18.5,18.77,15.090672,381600.0,381600.0,-0.53,-2.746,18.89,"May 05, 16",-0.02746
0,2016-05-04,20.26,20.379999,18.98,19.08,15.339905,395700.0,395700.0,-1.18,-5.824,19.48,"May 04, 16",-0.05824
0,2016-05-03,19.93,20.459999,19.639999,20.290001,16.312717,515600.0,515600.0,0.36,1.806,20.13,"May 03, 16",0.01806
0,2016-05-02,20.139999,20.83,19.639999,20.26,16.288595,545500.0,545500.0,0.12,0.596,20.24333,"May 02, 16",0.00596
0,2016-04-29,19.65,20.719999,19.43,20.23,16.264479,587800.0,587800.0,0.58,2.952,20.12667,"April 29, 16",0.02952
0,2016-04-28,19.0,19.799999,18.9,19.200001,15.436381,531900.0,531900.0,0.2,1.053,19.3,"April 28, 16",0.01053
0,2016-04-27,18.48,18.870001,17.25,18.75,15.07459,330400.0,330400.0,0.27,1.461,18.29,"April 27, 16",0.01461
0,2016-04-26,17.67,18.43,17.530001,18.34,14.744962,382800.0,382800.0,0.67,3.792,18.1,"April 26, 16",0.03792
0,2016-04-25,17.99,18.139999,17.42,17.469999,14.045498,257900.0,257900.0,-0.52,-2.89,17.67667,"April 25, 16",-0.0289
0,2016-04-22,18.030001,18.32,17.91,18.110001,14.560046,290900.0,290900.0,0.08,0.444,18.11333,"April 22, 16",0.00444
0,2016-04-21,17.92,18.33,17.67,18.08,14.535924,335500.0,335500.0,0.16,0.893,18.02667,"April 21, 16",0.00893
0,2016-04-20,18.23,18.549999,17.9,18.24,14.664565,158400.0,158400.0,0.01,0.055,18.23,"April 20, 16",0.00055
0,2016-04-19,18.549999,18.799999,18.110001,18.27,14.688684,239900.0,239900.0,-0.28,-1.509,18.39333,"April 19, 16",-0.01509
0,2016-04-18,18.18,18.440001,17.74,18.24,14.664565,136700.0,136700.0,0.06,0.33,18.14,"April 18, 16",0.0033
0,2016-04-15,17.75,18.809999,17.67,18.389999,14.785159,328900.0,328900.0,0.64,3.606,18.29,"April 15, 16",0.03606
0,2016-04-14,18.27,18.27,17.76,17.879999,14.375131,173000.0,173000.0,-0.39,-2.135,17.97,"April 14, 16",-0.02135
0,2016-04-13,17.879999,18.290001,17.700001,18.26,14.680643,381000.0,381000.0,0.38,2.125,18.08333,"April 13, 16",0.02125
0,2016-04-12,17.6,17.950001,17.27,17.74,14.262573,219800.0,219800.0,0.14,0.795,17.65333,"April 12, 16",0.00795
0,2016-04-11,17.629999,18.370001,17.469999,17.49,14.061581,263600.0,263600.0,-0.14,-0.794,17.77667,"April 11, 16",-0.00794
0,2016-04-08,17.18,17.93,17.120001,17.379999,13.973143,164000.0,164000.0,0.2,1.164,17.47667,"April 08, 16",0.01164
0,2016-04-07,17.07,17.35,16.719999,16.889999,13.579193,136700.0,136700.0,-0.18,-1.054,16.98667,"April 07, 16",-0.01054
0,2016-04-06,16.98,17.360001,16.719999,17.25,13.868626,180900.0,180900.0,0.27,1.59,17.11,"April 06, 16",0.0159
0,2016-04-05,16.950001,17.33,16.780001,16.879999,13.571151,162700.0,162700.0,-0.07,-0.413,16.99667,"April 05, 16",-0.00413
0,2016-04-04,17.65,17.950001,17.15,17.17,13.804307,226500.0,226500.0,-0.48,-2.72,17.42333,"April 04, 16",-0.0272
0,2016-04-01,17.25,17.73,16.860001,17.559999,14.117859,257300.0,257300.0,0.31,1.797,17.38333,"April 01, 16",0.01797
0,2016-03-31,17.66,18.02,17.34,17.530001,14.09374,263100.0,263100.0,-0.13,-0.736,17.63,"March 31, 16",-0.00736
0,2016-03-30,17.83,18.139999,17.6,17.73,14.254534,450900.0,450900.0,-0.1,-0.561,17.82333,"March 30, 16",-0.00561
0,2016-03-29,17.129999,17.65,16.68,17.629999,14.174138,405800.0,405800.0,0.5,2.919,17.32,"March 29, 16",0.02919
0,2016-03-28,17.52,17.709999,17.07,17.280001,13.892745,243900.0,243900.0,-0.24,-1.37,17.35333,"March 28, 16",-0.0137
0,2016-03-24,16.99,17.4,16.450001,17.379999,13.973143,418400.0,418400.0,0.39,2.295,17.07667,"March 24, 16",0.02295
0,2016-03-23,17.860001,17.91,17.15,17.16,13.796266,237300.0,237300.0,-0.7,-3.919,17.40667,"March 23, 16",-0.03919
0,2016-03-22,17.74,18.1,17.709999,17.940001,14.423367,307100.0,307100.0,0.2,1.127,17.91667,"March 22, 16",0.01127
0,2016-03-21,18.01,18.15,17.440001,17.969999,14.447487,418500.0,418500.0,-0.04,-0.222,17.85333,"March 21, 16",-0.00222
0,2016-03-18,17.379999,18.09,17.379999,18.040001,14.503767,612400.0,612400.0,0.66,3.797,17.83667,"March 18, 16",0.03797
0,2016-03-17,17.0,17.700001,16.92,17.24,13.860585,414000.0,414000.0,0.24,1.412,17.28667,"March 17, 16",0.01412
0,2016-03-16,15.96,17.059999,15.96,16.93,13.611353,500300.0,500300.0,0.97,6.078,16.65,"March 16, 16",0.06078
0,2016-03-15,15.98,16.09,15.47,15.96,12.831491,298100.0,298100.0,-0.02,-0.125,15.84,"March 15, 16",-0.00125
0,2016-03-14,15.65,16.370001,15.43,16.15,12.984247,332100.0,332100.0,0.5,3.195,15.98333,"March 14, 16",0.03195
0,2016-03-11,15.88,16.719999,15.69,15.75,12.662658,286400.0,286400.0,-0.13,-0.819,16.05333,"March 11, 16",-0.00819
0,2016-03-10,15.86,15.99,15.25,15.72,12.638541,348800.0,348800.0,-0.14,-0.883,15.65333,"March 10, 16",-0.00883
0,2016-03-09,15.61,15.9,15.15,15.84,12.735015,268500.0,268500.0,0.23,1.473,15.63,"March 09, 16",0.01473
0,2016-03-08,16.059999,16.059999,15.34,15.37,12.357144,484600.0,484600.0,-0.69,-4.296,15.59,"March 08, 16",-0.04296
0,2016-03-07,15.43,16.34,15.07,16.32,13.120924,541200.0,541200.0,0.89,5.768,15.91,"March 07, 16",0.05768
0,2016-03-04,15.25,16.030001,14.91,15.39,12.373224,520500.0,520500.0,0.14,0.918,15.44333,"March 04, 16",0.00918
0,2016-03-03,14.73,15.18,14.57,15.11,12.148111,567200.0,567200.0,0.38,2.58,14.95333,"March 03, 16",0.0258
0,2016-03-02,13.87,14.82,13.59,14.73,11.842599,357500.0,357500.0,0.86,6.2,14.38,"March 02, 16",0.062
0,2016-03-01,13.36,14.0,12.98,13.96,11.223538,326900.0,326900.0,0.6,4.491,13.64667,"March 01, 16",0.04491
0,2016-02-29,12.33,13.35,12.33,13.17,10.588393,671200.0,671200.0,0.84,6.813,12.95,"February 29, 16",0.06813
0,2016-02-26,11.98,12.47,11.5,12.23,9.832655,714600.0,714600.0,0.25,2.087,12.06667,"February 26, 16",0.02087
0,2016-02-25,12.52,12.69,11.41,12.48,10.033648,549700.0,549700.0,-0.04,-0.319,12.19333,"February 25, 16",-0.00319
0,2016-02-24,12.36,12.81,11.88,12.71,10.218561,463300.0,463300.0,0.35,2.832,12.46667,"February 24, 16",0.02832
0,2016-02-23,12.58,12.8,12.14,12.48,10.033648,458700.0,458700.0,-0.1,-0.795,12.47333,"February 23, 16",-0.00795
0,2016-02-22,12.39,13.16,12.39,12.64,10.162286,347300.0,347300.0,0.25,2.018,12.73,"February 22, 16",0.02018
0,2016-02-19,12.37,12.48,11.6,12.08,9.712057,297200.0,297200.0,-0.29,-2.344,12.05333,"February 19, 16",-0.02344
0,2016-02-18,12.91,13.01,12.29,12.79,10.061787,323800.0,323800.0,-0.12,-0.93,12.69667,"February 18, 16",-0.0093
0,2016-02-17,12.5,13.28,12.5,12.75,10.030321,397800.0,397800.0,0.25,2.0,12.84333,"February 17, 16",0.02
0,2016-02-16,11.99,12.43,11.58,12.32,9.692043,348800.0,348800.0,0.33,2.752,12.11,"February 16, 16",0.02752
