,date,open,high,low,close,adjClose,volume,unadjustedVolume,change,changePercent,vwap,label,changeOverTime
0,2021-02-15,2.64,2.64,2.45,2.6,2.6,216799.0,216799.0,-0.04,-1.515,2.56333,"February 15, 21",-0.01515
0,2021-02-12,2.6,2.796,2.45,2.6,2.6,1657461.0,1657461.0,0.0,0.0,2.61533,"February 12, 21",0.0
0,2021-02-11,2.6,2.55,2.4,2.6,2.6,741115.0,741115.0,0.0,0.0,2.51667,"February 11, 21",0.0
0,2021-02-10,2.6,2.43,2.43,2.6,2.6,541312.0,541312.0,0.0,0.0,2.48667,"February 10, 21",0.0
0,2021-02-09,2.6,2.43,2.43,2.6,2.6,56417.0,56417.0,0.0,0.0,2.48667,"February 09, 21",0.0
0,2021-02-08,2.55,2.64,2.425,2.6,2.6,441058.0,441058.0,0.05,1.961,2.555,"February 08, 21",0.01961
0,2021-02-05,2.65,2.79,2.4,2.55,2.55,406751.0,406751.0,-0.1,-3.774,2.58,"February 05, 21",-0.03774
0,2021-02-04,2.65,2.78,2.5,2.65,2.65,1280034.0,1280034.0,0.0,0.0,2.64333,"February 04, 21",0.0
0,2021-02-03,2.4,2.8,2.3,2.65,2.65,2543493.0,2543493.0,0.25,10.417,2.58333,"February 03, 21",0.10417
0,2021-02-02,2.5,2.5,2.2,2.4,2.4,935550.0,935550.0,-0.1,-4.0,2.36667,"February 02, 21",-0.04
0,2021-02-01,2.5,2.5,2.2,2.5,2.5,962338.0,962338.0,0.0,0.0,2.4,"February 01, 21",0.0
0,2021-01-29,2.5,2.425,2.304,2.5,2.5,93394.0,93394.0,0.0,0.0,2.40967,"January 29, 21",0.0
0,2021-01-28,2.5,2.54,2.32,2.5,2.5,659295.0,659295.0,0.0,0.0,2.45333,"January 28, 21",0.0
0,2021-01-27,2.5,2.425,2.42,2.5,2.5,261223.0,261223.0,0.0,0.0,2.44833,"January 27, 21",0.0
0,2021-01-26,2.5,2.63,2.411,2.5,2.5,198807.0,198807.0,0.0,0.0,2.51367,"January 26, 21",0.0
0,2021-01-25,2.5,2.61,2.388,2.5,2.5,386168.0,386168.0,0.0,0.0,2.49933,"January 25, 21",0.0
0,2021-01-22,2.5,2.62,2.361,2.5,2.5,306094.0,306094.0,0.0,0.0,2.49367,"January 22, 21",0.0
0,2021-01-21,2.45,2.62,2.35,2.5,2.5,168328.0,168328.0,0.05,2.041,2.49,"January 21, 21",0.02041
0,2021-01-20,2.55,2.54,2.315,2.45,2.45,232705.0,232705.0,-0.1,-3.922,2.435,"January 20, 21",-0.03922
0,2021-01-19,2.65,2.64,2.403,2.55,2.55,396459.0,396459.0,-0.1,-3.774,2.531,"January 19, 21",-0.03774
0,2021-01-18,2.65,2.7,2.503,2.65,2.65,108577.0,108577.0,0.0,0.0,2.61767,"January 18, 21",0.0
0,2021-01-15,2.65,2.68,2.503,2.65,2.65,536689.0,536689.0,0.0,0.0,2.611,"January 15, 21",0.0
0,2021-01-14,2.5,3.1,2.33,2.65,2.65,2765112.0,2765112.0,0.15,6.0,2.69333,"January 14, 21",0.06
0,2021-01-13,2.5,2.62,2.32,2.5,2.5,373366.0,373366.0,0.0,0.0,2.48,"January 13, 21",0.0
0,2021-01-12,2.5,2.5,2.32,2.5,2.5,184947.0,184947.0,0.0,0.0,2.44,"January 12, 21",0.0
0,2021-01-11,2.6,2.5,2.3,2.5,2.5,159302.0,159302.0,-0.1,-3.846,2.43333,"January 11, 21",-0.03846
0,2021-01-08,2.65,2.52,2.502,2.6,2.6,291516.0,291516.0,-0.05,-1.887,2.54067,"January 08, 21",-0.01887
0,2021-01-07,2.65,2.79,2.411,2.79,2.79,379163.0,379163.0,0.14,5.283,2.66367,"January 07, 21",0.05283
0,2021-01-06,2.65,2.81,2.5,2.65,2.65,1141504.0,1141504.0,0.0,0.0,2.65333,"January 06, 21",0.0
0,2021-01-05,2.65,2.7,2.52,2.65,2.65,214840.0,214840.0,0.0,0.0,2.62333,"January 05, 21",0.0
0,2021-01-04,2.45,2.8,2.4,2.65,2.65,1397212.0,1397212.0,0.2,8.163,2.61667,"January 04, 21",0.08163
0,2020-12-31,2.3,2.59,2.4,2.45,2.45,367455.0,367455.0,0.15,6.522,2.48,"December 31, 20",0.06522
0,2020-12-30,2.25,2.397,2.22,2.3,2.3,155258.0,155258.0,0.05,2.222,2.30567,"December 30, 20",0.02222
0,2020-12-29,2.25,2.375,2.372,2.25,2.25,33750.0,33750.0,0.0,0.0,2.33233,"December 29, 20",0.0
0,2020-12-24,2.25,2.37,2.284,2.25,2.25,161698.0,161698.0,0.0,0.0,2.30133,"December 24, 20",0.0
0,2020-12-23,2.35,2.37,2.16,2.25,2.25,931192.0,931192.0,-0.1,-4.255,2.26,"December 23, 20",-0.04255
0,2020-12-22,2.35,2.31,2.3,2.35,2.35,176315.0,176315.0,0.0,0.0,2.32,"December 22, 20",0.0
0,2020-12-21,2.35,2.5,2.2,2.35,2.35,346620.0,346620.0,0.0,0.0,2.35,"December 21, 20",0.0
0,2020-12-18,2.35,2.5,2.29,2.35,2.35,355000.0,355000.0,0.0,0.0,2.38,"December 18, 20",0.0
0,2020-12-17,2.4,2.39,2.3,2.35,2.35,273713.0,273713.0,-0.05,-2.083,2.34667,"December 17, 20",-0.02083
0,2020-12-16,2.55,2.5,2.32,2.4,2.4,291614.0,291614.0,-0.15,-5.882,2.40667,"December 16, 20",-0.05882
0,2020-12-15,2.6,2.6,2.485,2.55,2.55,233782.0,233782.0,-0.05,-1.923,2.545,"December 15, 20",-0.01923
0,2020-12-14,2.65,2.515,2.515,2.6,2.6,37187.0,37187.0,-0.05,-1.887,2.54333,"December 14, 20",-0.01887
0,2020-12-11,2.65,2.76,2.55,2.65,2.65,1598136.0,1598136.0,0.0,0.0,2.65333,"December 11, 20",0.0
0,2020-12-10,2.65,2.56,2.515,2.65,2.65,69810.0,69810.0,0.0,0.0,2.575,"December 10, 20",0.0
0,2020-12-09,2.65,2.555,2.555,2.65,2.65,233009.0,233009.0,0.0,0.0,2.58667,"December 09, 20",0.0
0,2020-12-08,2.65,2.8,2.515,2.65,2.65,1652468.0,1652468.0,0.0,0.0,2.655,"December 08, 20",0.0
0,2020-12-07,2.45,2.5,2.41,2.45,2.45,386986.0,386986.0,0.0,0.0,2.45333,"December 07, 20",0.0
0,2020-12-04,2.325,2.45,2.27,2.45,2.45,404373.0,404373.0,0.125,5.376,2.39,"December 04, 20",0.05376
0,2020-12-03,2.325,2.375,2.21,2.325,2.325,114754.0,114754.0,0.0,0.0,2.30333,"December 03, 20",0.0
0,2020-12-02,2.325,2.375,2.2,2.325,2.325,42509.0,42509.0,0.0,0.0,2.3,"December 02, 20",0.0
0,2020-12-01,2.325,2.39,2.265,2.325,2.325,114510.0,114510.0,0.0,0.0,2.32667,"December 01, 20",0.0
0,2020-11-30,2.325,2.39,2.2,2.325,2.325,8355.0,8355.0,0.0,0.0,2.305,"November 30, 20",0.0
0,2020-11-27,2.325,2.45,2.265,2.325,2.325,275816.0,275816.0,0.0,0.0,2.34667,"November 27, 20",0.0
0,2020-11-26,2.325,2.283,2.225,2.325,2.325,133982.0,133982.0,0.0,0.0,2.27767,"November 26, 20",0.0
0,2020-11-25,2.4,2.52,2.283,2.325,2.325,273243.0,273243.0,-0.075,-3.125,2.376,"November 25, 20",-0.03125
0,2020-11-24,2.55,2.5,2.26,2.4,2.4,920566.0,920566.0,-0.15,-5.882,2.38667,"November 24, 20",-0.05882
0,2020-11-23,2.6,2.7,2.4,2.7,2.7,2895252.0,2895252.0,0.1,3.846,2.6,"November 23, 20",0.03846
0,2020-11-20,2.6,2.62,2.62,2.6,2.6,152444.0,152444.0,0.0,0.0,2.61333,"November 20, 20",0.0
0,2020-11-19,2.175,2.62,2.22,2.6,2.6,1156329.0,1156329.0,0.425,19.54,2.48,"November 19, 20",0.1954
0,2020-11-18,2.175,2.22,2.103,2.175,2.175,63882.0,63882.0,0.0,0.0,2.166,"November 18, 20",0.0
0,2020-11-17,2.175,2.19,2.075,2.175,2.175,307730.0,307730.0,0.0,0.0,2.14667,"November 17, 20",0.0
0,2020-11-16,2.175,2.195,2.063,2.175,2.175,327294.0,327294.0,0.0,0.0,2.14433,"November 16, 20",0.0
0,2020-11-13,2.2,2.289,2.08,2.175,2.175,268266.0,268266.0,-0.025,-1.136,2.18133,"November 13, 20",-0.01136
0,2020-11-12,2.175,2.29,2.063,2.2,2.2,414344.0,414344.0,0.025,1.149,2.18433,"November 12, 20",0.01149
0,2020-11-11,2.225,2.2,2.063,2.175,2.175,897644.0,897644.0,-0.05,-2.247,2.146,"November 11, 20",-0.02247
0,2020-11-10,2.225,2.325,2.163,2.225,2.225,864969.0,864969.0,0.0,0.0,2.23767,"November 10, 20",0.0
0,2020-11-09,2.225,2.27,2.17,2.225,2.225,364535.0,364535.0,0.0,0.0,2.22167,"November 09, 20",0.0
0,2020-11-06,2.225,2.17,2.163,2.225,2.225,152088.0,152088.0,0.0,0.0,2.186,"November 06, 20",0.0
0,2020-11-05,2.325,2.28,2.1,2.225,2.225,1089107.0,1089107.0,-0.1,-4.301,2.20167,"November 05, 20",-0.04301
0,2020-11-04,2.45,2.315,2.16,2.325,2.325,1150559.0,1150559.0,-0.125,-5.102,2.26667,"November 04, 20",-0.05102
0,2020-11-03,2.4,2.54,2.309,2.45,2.45,930000.0,930000.0,0.05,2.083,2.433,"November 03, 20",0.02083
0,2020-11-02,2.4,2.344,2.3,2.4,2.4,656839.0,656839.0,0.0,0.0,2.348,"November 02, 20",0.0
0,2020-10-30,2.45,2.4,2.2,2.4,2.4,2412187.0,2412187.0,-0.05,-2.041,2.33333,"October 30, 20",-0.02041
0,2020-10-29,2.85,2.82,2.715,2.8,2.8,98674.0,98674.0,-0.05,-1.754,2.77833,"October 29, 20",-0.01754
0,2020-10-28,2.9,2.92,2.715,2.85,2.85,396761.0,396761.0,-0.05,-1.724,2.82833,"October 28, 20",-0.01724
0,2020-10-27,2.9,2.94,2.81,2.9,2.9,226930.0,226930.0,0.0,0.0,2.88333,"October 27, 20",0.0
0,2020-10-26,2.9,2.94,2.82,2.9,2.9,163618.0,163618.0,0.0,0.0,2.88667,"October 26, 20",0.0
0,2020-10-23,3.05,2.94,2.88,2.9,2.9,375052.0,375052.0,-0.15,-4.918,2.90667,"October 23, 20",-0.04918
0,2020-10-22,3.05,2.975,2.9,3.05,3.05,29628.0,29628.0,0.0,0.0,2.975,"October 22, 20",0.0
0,2020-10-21,3.1,3.18,2.8,3.05,3.05,662188.0,662188.0,-0.05,-1.613,3.01,"October 21, 20",-0.01613
0,2020-10-20,3.1,3.22,3.14,3.1,3.1,92473.0,92473.0,0.0,0.0,3.15333,"October 20, 20",0.0
0,2020-10-19,3.05,3.14,2.915,3.1,3.1,421370.0,421370.0,0.05,1.639,3.05167,"October 19, 20",0.01639
0,2020-10-16,3.2,3.19,2.915,3.05,3.05,675100.0,675100.0,-0.15,-4.687,3.05167,"October 16, 20",-0.04687
0,2020-10-15,3.45,3.47,3.075,3.2,3.2,1648633.0,1648633.0,-0.25,-7.246,3.24833,"October 15, 20",-0.07246
0,2020-10-14,3.15,3.592,3.23,3.45,3.45,2313616.0,2313616.0,0.3,9.524,3.424,"October 14, 20",0.09524
0,2020-10-13,3.15,3.234,3.078,3.15,3.15,308522.0,308522.0,0.0,0.0,3.154,"October 13, 20",0.0
0,2020-10-12,3.05,3.2,2.915,3.15,3.15,451279.0,451279.0,0.1,3.279,3.08833,"October 12, 20",0.03279
0,2020-10-09,3.15,3.195,2.95,3.05,3.05,358113.0,358113.0,-0.1,-3.175,3.065,"October 09, 20",-0.03175
0,2020-10-08,2.8,3.575,2.805,3.15,3.15,2150489.0,2150489.0,0.35,12.5,3.17667,"October 08, 20",0.125
0,2020-10-07,2.725,2.85,2.725,2.725,2.725,15240679.0,15240679.0,0.0,0.0,2.76667,"October 07, 20",0.0
0,2020-10-06,2.45,2.9,2.425,2.725,2.725,568360.0,568360.0,0.275,11.224,2.68333,"October 06, 20",0.11224
0,2020-10-05,2.45,2.475,2.315,2.45,2.45,150113.0,150113.0,0.0,0.0,2.41333,"October 05, 20",0.0
0,2020-10-02,2.5,2.42,2.3,2.45,2.45,335135.0,335135.0,-0.05,-2.0,2.39,"October 02, 20",-0.02
0,2020-10-01,2.5,2.485,2.32,2.5,2.5,199801.0,199801.0,0.0,0.0,2.435,"October 01, 20",0.0
0,2020-09-30,2.2,2.7,2.25,2.5,2.5,5180303.0,5180303.0,0.3,13.636,2.48333,"September 30, 20",0.13636
0,2020-09-29,2.2,2.25,2.0,2.2,2.2,52666.0,52666.0,0.0,0.0,2.15,"September 29, 20",0.0
0,2020-09-28,2.2,2.28,2.0,2.2,2.2,692819.0,692819.0,0.0,0.0,2.16,"September 28, 20",0.0
0,2020-09-25,1.95,2.28,1.99,2.2,2.2,1863996.0,1863996.0,0.25,12.821,2.15667,"September 25, 20",0.12821
0,2020-09-24,1.95,2.0,1.825,1.95,1.95,687115.0,687115.0,0.0,0.0,1.925,"September 24, 20",0.0
0,2020-09-23,1.95,1.95,1.825,1.95,1.95,454980.0,454980.0,0.0,0.0,1.90833,"September 23, 20",0.0
0,2020-09-22,1.825,2.18,1.806,1.95,1.95,2005667.0,2005667.0,0.125,6.849,1.97867,"September 22, 20",0.06849
0,2020-09-21,1.825,1.88,1.666,1.825,1.825,176900.0,176900.0,0.0,0.0,1.79033,"September 21, 20",0.0
0,2020-09-18,1.825,1.88,1.88,1.825,1.825,7978.0,7978.0,0.0,0.0,1.86167,"September 18, 20",0.0
0,2020-09-17,1.825,1.9,1.666,1.825,1.825,1100065.0,1100065.0,0.0,0.0,1.797,"September 17, 20",0.0
0,2020-09-16,1.9,1.87,1.666,1.825,1.825,261652.0,261652.0,-0.075,-3.947,1.787,"September 16, 20",-0.03947
0,2020-09-15,1.9,1.88,1.804,1.9,1.9,110479.0,110479.0,0.0,0.0,1.86133,"September 15, 20",0.0
0,2020-09-14,1.9,1.95,1.71,1.9,1.9,340016.0,340016.0,0.0,0.0,1.85333,"September 14, 20",0.0
0,2020-09-11,2.0,1.975,1.747,1.9,1.9,349237.0,349237.0,-0.1,-5.0,1.874,"September 11, 20",-0.05
0,2020-09-10,2.0,2.0,1.808,2.0,2.0,7352.0,7352.0,0.0,0.0,1.936,"September 10, 20",0.0
0,2020-09-09,2.0,1.808,1.808,2.0,2.0,14344.0,14344.0,0.0,0.0,1.872,"September 09, 20",0.0
0,2020-09-08,2.0,2.0,1.835,2.0,2.0,143632.0,143632.0,0.0,0.0,1.945,"September 08, 20",0.0
0,2020-09-07,2.0,2.01,1.835,2.0,2.0,166079.0,166079.0,0.0,0.0,1.94833,"September 07, 20",0.0
0,2020-09-04,2.0,2.04,1.82,2.0,2.0,934881.0,934881.0,0.0,0.0,1.95333,"September 04, 20",0.0
0,2020-09-03,2.05,2.07,1.899,2.0,2.0,820642.0,820642.0,-0.05,-2.439,1.98967,"September 03, 20",-0.02439
0,2020-09-02,2.05,2.07,1.906,2.05,2.05,28544.0,28544.0,0.0,0.0,2.00867,"September 02, 20",0.0
0,2020-09-01,2.05,2.075,1.906,2.05,2.05,1283540.0,1283540.0,0.0,0.0,2.01033,"September 01, 20",0.0
0,2020-08-28,2.05,2.02,2.02,2.05,2.05,75923.0,75923.0,0.0,0.0,2.03,"August 28, 20",0.0
0,2020-08-27,2.05,2.17,2.008,2.05,2.05,79030.0,79030.0,0.0,0.0,2.076,"August 27, 20",0.0
0,2020-08-26,2.05,2.1,2.076,2.05,2.05,400000.0,400000.0,0.0,0.0,2.07533,"August 26, 20",0.0
0,2020-08-25,2.15,2.09,2.065,2.05,2.05,216245.0,216245.0,-0.1,-4.651,2.06833,"August 25, 20",-0.04651
0,2020-08-24,2.15,2.15,2.15,2.15,2.15,0.0,0.0,0.0,0.0,0.0,"August 24, 20",0.0
0,2020-08-21,2.05,2.196,2.054,2.15,2.15,499324.0,499324.0,0.1,4.878,2.13333,"August 21, 20",0.04878
0,2020-08-20,2.15,2.145,1.925,2.05,2.05,377137.0,377137.0,-0.1,-4.651,2.04,"August 20, 20",-0.04651
0,2020-08-19,2.15,2.15,2.068,2.15,2.15,132340.0,132340.0,0.0,0.0,2.12267,"August 19, 20",0.0
0,2020-08-18,1.85,2.48,1.87,2.15,2.15,7224873.0,7224873.0,0.3,16.216,2.16667,"August 18, 20",0.16216
0,2020-08-17,1.875,1.9,1.8,1.85,1.85,772030.0,772030.0,-0.025,-1.333,1.85,"August 17, 20",-0.01333
0,2020-08-14,1.875,1.911,1.819,1.875,1.875,228072.0,228072.0,0.0,0.0,1.86833,"August 14, 20",0.0
0,2020-08-13,1.9,1.861,1.861,1.875,1.875,20000.0,20000.0,-0.025,-1.316,1.86567,"August 13, 20",-0.01316
0,2020-08-12,1.9,2.0,1.856,1.925,1.925,430141.0,430141.0,0.025,1.316,1.927,"August 12, 20",0.01316
0,2020-08-11,1.9,1.975,1.815,1.9,1.9,449215.0,449215.0,0.0,0.0,1.89667,"August 11, 20",0.0
0,2020-08-10,1.9,1.996,1.804,1.9,1.9,588475.0,588475.0,0.0,0.0,1.9,"August 10, 20",0.0
0,2020-08-07,2.05,2.0,1.867,1.9,1.9,559646.0,559646.0,-0.15,-7.317,1.92233,"August 07, 20",-0.07317
0,2020-08-06,2.05,2.06,2.002,2.05,2.05,57352.0,57352.0,0.0,0.0,2.03733,"August 06, 20",0.0
0,2020-08-05,2.05,2.065,1.984,2.05,2.05,130224.0,130224.0,0.0,0.0,2.033,"August 05, 20",0.0
0,2020-08-04,2.05,2.002,2.0,2.05,2.05,147422.0,147422.0,0.0,0.0,2.01733,"August 04, 20",0.0
0,2020-08-03,2.05,2.002,2.002,2.05,2.05,146354.0,146354.0,0.0,0.0,2.018,"August 03, 20",0.0
0,2020-07-31,2.05,2.08,2.002,2.05,2.05,156471.0,156471.0,0.0,0.0,2.044,"July 31, 20",0.0
0,2020-07-30,2.05,2.002,2.002,2.05,2.05,53997.0,53997.0,0.0,0.0,2.018,"July 30, 20",0.0
0,2020-07-29,2.05,2.085,2.002,2.05,2.05,160166.0,160166.0,0.0,0.0,2.04567,"July 29, 20",0.0
0,2020-07-28,2.05,2.088,2.002,2.05,2.05,192639.0,192639.0,0.0,0.0,2.04667,"July 28, 20",0.0
0,2020-07-27,2.05,2.098,2.0,2.05,2.05,266751.0,266751.0,0.0,0.0,2.04933,"July 27, 20",0.0
0,2020-07-24,2.05,2.09,2.01,2.05,2.05,103500.0,103500.0,0.0,0.0,2.05,"July 24, 20",0.0
0,2020-07-23,2.2,2.2,2.0,2.05,2.05,764343.0,764343.0,-0.15,-6.818,2.08333,"July 23, 20",-0.06818
0,2020-07-22,2.2,2.35,2.056,2.2,2.2,384828.0,384828.0,0.0,0.0,2.202,"July 22, 20",0.0
0,2020-07-21,2.2,2.125,2.05,2.2,2.2,310190.0,310190.0,0.0,0.0,2.125,"July 21, 20",0.0
0,2020-07-20,2.35,2.28,2.056,2.15,2.15,700679.0,700679.0,-0.2,-8.511,2.162,"July 20, 20",-0.08511
0,2020-07-17,2.425,2.45,2.22,2.35,2.35,1542357.0,1542357.0,-0.075,-3.093,2.34,"July 17, 20",-0.03093
0,2020-07-16,2.45,2.4,2.4,2.425,2.425,25000.0,25000.0,-0.025,-1.02,2.40833,"July 16, 20",-0.0102
0,2020-07-15,2.45,2.5,2.4,2.45,2.45,73976.0,73976.0,0.0,0.0,2.45,"July 15, 20",0.0
0,2020-07-14,2.525,2.453,2.4,2.45,2.45,294151.0,294151.0,-0.075,-2.97,2.43433,"July 14, 20",-0.0297
0,2020-07-13,2.525,2.5,2.41,2.525,2.525,597914.0,597914.0,0.0,0.0,2.47833,"July 13, 20",0.0
0,2020-07-10,2.525,2.525,2.45,2.525,2.525,853035.0,853035.0,0.0,0.0,2.5,"July 10, 20",0.0
0,2020-07-09,3.05,3.08,2.4,2.525,2.525,7227843.0,7227843.0,-0.525,-17.213,2.66833,"July 09, 20",-0.17213
0,2020-07-08,3.05,3.08,3.02,3.05,3.05,122359.0,122359.0,0.0,0.0,3.05,"July 08, 20",0.0
0,2020-07-07,3.05,3.08,3.0,3.05,3.05,190626.0,190626.0,0.0,0.0,3.04333,"July 07, 20",0.0
0,2020-07-06,3.05,3.08,3.02,3.05,3.05,361720.0,361720.0,0.0,0.0,3.05,"July 06, 20",0.0
0,2020-07-03,3.05,3.06,3.02,3.05,3.05,28548.0,28548.0,0.0,0.0,3.04333,"July 03, 20",0.0
0,2020-07-02,2.9,3.1,2.926,3.05,3.05,567983.0,567983.0,0.15,5.172,3.02533,"July 02, 20",0.05172
0,2020-07-01,2.9,2.99,2.92,2.9,2.9,102220.0,102220.0,0.0,0.0,2.93667,"July 01, 20",0.0
0,2020-06-30,2.95,2.99,2.9,2.9,2.9,91324.0,91324.0,-0.05,-1.695,2.93,"June 30, 20",-0.01695
0,2020-06-29,2.95,3.1,3.07,2.95,2.95,61688.0,61688.0,0.0,0.0,3.04,"June 29, 20",0.0
0,2020-06-26,3.2,3.07,2.85,2.95,2.95,1082943.0,1082943.0,-0.25,-7.813,2.95667,"June 26, 20",-0.07813
0,2020-06-25,3.2,3.02,3.02,3.2,3.2,119618.0,119618.0,0.0,0.0,3.08,"June 25, 20",0.0
0,2020-06-24,3.2,3.39,3.07,3.2,3.2,312209.0,312209.0,0.0,0.0,3.22,"June 24, 20",0.0
0,2020-06-23,3.1,3.31,3.06,3.2,3.2,195411.0,195411.0,0.1,3.226,3.19,"June 23, 20",0.03226
0,2020-06-22,3.1,3.19,3.03,3.1,3.1,553069.0,553069.0,0.0,0.0,3.10667,"June 22, 20",0.0
0,2020-06-19,3.1,3.145,3.025,3.1,3.1,663714.0,663714.0,0.0,0.0,3.09,"June 19, 20",0.0
0,2020-06-18,3.1,3.19,3.05,3.1,3.1,349441.0,349441.0,0.0,0.0,3.11333,"June 18, 20",0.0
0,2020-06-17,3.1,3.2,3.004,3.1,3.1,716355.0,716355.0,0.0,0.0,3.10133,"June 17, 20",0.0
0,2020-06-16,3.1,3.14,2.8,3.1,3.1,187965.0,187965.0,0.0,0.0,3.01333,"June 16, 20",0.0
0,2020-06-15,3.169,3.18,3.0,3.1,3.1,318520.0,318520.0,-0.069,-2.177,3.09333,"June 15, 20",-0.02177
0,2020-06-12,3.15,3.18,3.102,3.15,3.15,1202602.0,1202602.0,0.0,0.0,3.144,"June 12, 20",0.0
0,2020-06-11,3.25,3.22,3.0,3.15,3.15,2377779.0,2377779.0,-0.1,-3.077,3.12333,"June 11, 20",-0.03077
0,2020-06-10,3.8,3.87,3.1,3.25,3.25,2480461.0,2480461.0,-0.55,-14.474,3.40667,"June 10, 20",-0.14474
0,2020-06-09,3.8,3.9,3.62,3.8,3.8,1011623.0,1011623.0,0.0,0.0,3.77333,"June 09, 20",0.0
0,2020-06-08,3.7,3.95,3.608,3.8,3.8,2361603.0,2361603.0,0.1,2.703,3.786,"June 08, 20",0.02703
0,2020-06-05,3.575,4.048,3.45,3.7,3.7,10642721.0,10642721.0,0.125,3.497,3.73267,"June 05, 20",0.03497
0,2020-06-04,2.85,3.69,2.8,3.4,3.4,8074652.0,8074652.0,0.55,19.298,3.29667,"June 04, 20",0.19298
0,2020-06-03,2.9,2.9,2.75,2.85,2.85,469530.0,469530.0,-0.05,-1.724,2.83333,"June 03, 20",-0.01724
0,2020-06-02,2.95,2.95,2.85,2.9,2.9,375000.0,375000.0,-0.05,-1.695,2.9,"June 02, 20",-0.01695
0,2020-06-01,2.95,2.97,2.97,2.95,2.95,67190.0,67190.0,0.0,0.0,2.96333,"June 01, 20",0.0
0,2020-05-29,2.95,3.0,2.9,3.0,3.0,81707.0,81707.0,0.05,1.695,2.96667,"May 29, 20",0.01695
0,2020-05-28,2.95,2.97,2.9,2.95,2.95,134978.0,134978.0,0.0,0.0,2.94,"May 28, 20",0.0
0,2020-05-27,3.075,3.04,2.8,2.95,2.95,1138473.0,1138473.0,-0.125,-4.065,2.93,"May 27, 20",-0.04065
0,2020-05-26,3.075,3.05,3.0,3.075,3.075,69722.0,69722.0,0.0,0.0,3.04167,"May 26, 20",0.0
0,2020-05-22,3.175,3.14,3.0,3.075,3.075,664952.0,664952.0,-0.1,-3.15,3.07167,"May 22, 20",-0.0315
0,2020-05-21,3.175,3.22,3.1,3.175,3.175,385527.0,385527.0,0.0,0.0,3.165,"May 21, 20",0.0
0,2020-05-20,3.175,3.1,2.9,3.175,3.175,132225.0,132225.0,0.0,0.0,3.05833,"May 20, 20",0.0
0,2020-05-19,3.175,3.1,3.1,3.175,3.175,29711.0,29711.0,0.0,0.0,3.125,"May 19, 20",0.0
0,2020-05-18,3.175,3.22,3.1,3.175,3.175,164890.0,164890.0,0.0,0.0,3.165,"May 18, 20",0.0
0,2020-05-15,3.175,3.23,3.12,3.175,3.175,258583.0,258583.0,0.0,0.0,3.175,"May 15, 20",0.0
0,2020-05-14,3.175,3.25,3.12,3.175,3.175,406853.0,406853.0,0.0,0.0,3.18167,"May 14, 20",0.0
0,2020-05-13,3.175,3.25,3.12,3.175,3.175,144529.0,144529.0,0.0,0.0,3.18167,"May 13, 20",0.0
0,2020-05-12,3.175,3.25,3.12,3.175,3.175,24987.0,24987.0,0.0,0.0,3.18167,"May 12, 20",0.0
0,2020-05-11,3.25,3.25,3.1,3.175,3.175,735150.0,735150.0,-0.075,-2.308,3.175,"May 11, 20",-0.02308
0,2020-05-07,3.25,3.25,3.2,3.25,3.25,108856.0,108856.0,0.0,0.0,3.23333,"May 07, 20",0.0
0,2020-05-06,3.25,3.205,3.205,3.25,3.25,10000.0,10000.0,0.0,0.0,3.22,"May 06, 20",0.0
0,2020-05-05,3.25,3.25,3.2,3.25,3.25,30516.0,30516.0,0.0,0.0,3.23333,"May 05, 20",0.0
0,2020-05-04,3.075,3.4,2.963,3.25,3.25,2243023.0,2243023.0,0.175,5.691,3.20433,"May 04, 20",0.05691
0,2020-05-01,3.0,3.07,2.86,3.025,3.025,2855861.0,2855861.0,0.025,0.833,2.985,"May 01, 20",0.00833
0,2020-04-30,3.0,3.08,2.9,3.0,3.0,48911.0,48911.0,0.0,0.0,2.99333,"April 30, 20",0.0
0,2020-04-29,3.125,3.08,3.0,3.0,3.0,190316.0,190316.0,-0.125,-4.0,3.02667,"April 29, 20",-0.04
0,2020-04-28,3.1,3.18,3.0,3.125,3.125,524682.0,524682.0,0.025,0.806,3.10167,"April 28, 20",0.00806
0,2020-04-27,3.35,3.3,3.03,3.1,3.1,1130624.0,1130624.0,-0.25,-7.463,3.14333,"April 27, 20",-0.07463
0,2020-04-24,3.45,3.405,3.2,3.3,3.3,644048.0,644048.0,-0.15,-4.348,3.30167,"April 24, 20",-0.04348
0,2020-04-23,3.45,3.66,3.35,3.45,3.45,6188998.0,6188998.0,0.0,0.0,3.48667,"April 23, 20",0.0
0,2020-04-22,3.05,3.194,3.097,3.25,3.25,449813.0,449813.0,0.2,6.557,3.18033,"April 22, 20",0.06557
0,2020-04-21,3.35,3.31,3.05,3.05,3.05,194489.0,194489.0,-0.3,-8.955,3.13667,"April 21, 20",-0.08955
0,2020-04-20,3.35,3.5,3.301,3.35,3.35,534356.0,534356.0,0.0,0.0,3.38367,"April 20, 20",0.0
0,2020-04-17,3.05,3.5,3.1,3.35,3.35,1220476.0,1220476.0,0.3,9.836,3.31667,"April 17, 20",0.09836
0,2020-04-16,3.05,3.1,2.7,3.1,3.1,2170179.0,2170179.0,0.05,1.639,2.96667,"April 16, 20",0.01639
0,2020-04-15,3.15,3.22,2.9,3.05,3.05,265759.0,265759.0,-0.1,-3.175,3.05667,"April 15, 20",-0.03175
0,2020-04-14,2.65,3.25,2.602,3.15,3.15,9820233.0,9820233.0,0.5,18.868,3.00067,"April 14, 20",0.18868
0,2020-04-09,2.65,2.62,2.6,2.65,2.65,724178.0,724178.0,0.0,0.0,2.62333,"April 09, 20",0.0
0,2020-04-08,2.65,2.65,2.6,2.65,2.65,279566.0,279566.0,0.0,0.0,2.63333,"April 08, 20",0.0
0,2020-04-07,2.65,2.7,2.6,2.7,2.7,976655.0,976655.0,0.05,1.887,2.66667,"April 07, 20",0.01887
0,2020-04-06,2.65,2.69,2.3,2.65,2.65,1581575.0,1581575.0,0.0,0.0,2.54667,"April 06, 20",0.0
0,2020-04-03,2.65,2.602,2.6,2.65,2.65,69052.0,69052.0,0.0,0.0,2.61733,"April 03, 20",0.0
0,2020-04-02,2.65,2.7,2.3,2.65,2.65,361171.0,361171.0,0.0,0.0,2.55,"April 02, 20",0.0
0,2020-04-01,2.75,2.74,2.5,2.65,2.65,755474.0,755474.0,-0.1,-3.636,2.63,"April 01, 20",-0.03636
0,2020-03-31,2.8,3.1,2.3,2.75,2.75,1913418.0,1913418.0,-0.05,-1.786,2.71667,"March 31, 20",-0.01786
0,2020-03-30,2.625,2.7,2.3,2.625,2.625,211554.0,211554.0,0.0,0.0,2.54167,"March 30, 20",0.0
0,2020-03-27,2.8,2.7,2.3,2.625,2.625,1050187.0,1050187.0,-0.175,-6.25,2.54167,"March 27, 20",-0.0625
0,2020-03-26,2.8,2.608,2.608,2.8,2.8,82689.0,82689.0,0.0,0.0,2.672,"March 26, 20",0.0
0,2020-03-25,2.65,2.7,2.69,2.8,2.8,125066.0,125066.0,0.15,5.66,2.73,"March 25, 20",0.0566
0,2020-03-24,2.65,2.7,2.506,2.65,2.65,79628.0,79628.0,0.0,0.0,2.61867,"March 24, 20",0.0
0,2020-03-23,2.7,2.508,2.375,2.65,2.65,200838.0,200838.0,-0.05,-1.852,2.511,"March 23, 20",-0.01852
0,2020-03-20,2.6,2.85,2.508,2.7,2.7,251707.0,251707.0,0.1,3.846,2.686,"March 20, 20",0.03846
0,2020-03-19,2.6,2.6,2.6,2.6,2.6,0.0,0.0,0.0,0.0,0.0,"March 19, 20",0.0
0,2020-03-18,2.6,2.7,2.5,2.6,2.6,447269.0,447269.0,0.0,0.0,2.6,"March 18, 20",0.0
0,2020-03-17,2.6,2.68,2.504,2.6,2.6,628407.0,628407.0,0.0,0.0,2.59467,"March 17, 20",0.0
0,2020-03-16,2.85,2.706,2.5,2.6,2.6,927044.0,927044.0,-0.25,-8.772,2.602,"March 16, 20",-0.08772
0,2020-03-13,2.525,2.9,2.545,2.85,2.85,1128873.0,1128873.0,0.325,12.871,2.765,"March 13, 20",0.12871
0,2020-03-12,3.05,3.002,2.505,2.525,2.525,850867.0,850867.0,-0.525,-17.213,2.67733,"March 12, 20",-0.17213
0,2020-03-11,3.1,3.09,3.025,3.05,3.05,71363.0,71363.0,-0.05,-1.613,3.055,"March 11, 20",-0.01613
0,2020-03-10,3.025,3.2,3.04,3.1,3.1,290626.0,290626.0,0.075,2.479,3.11333,"March 10, 20",0.02479
0,2020-03-09,3.375,3.35,3.01,3.025,3.025,595054.0,595054.0,-0.35,-10.37,3.12833,"March 09, 20",-0.1037
0,2020-03-06,3.375,3.36,3.351,3.375,3.375,70810.0,70810.0,0.0,0.0,3.362,"March 06, 20",0.0
0,2020-03-05,3.45,3.49,3.36,3.475,3.475,218869.0,218869.0,0.025,0.725,3.44167,"March 05, 20",0.00725
0,2020-03-04,3.65,3.718,3.415,3.45,3.45,783188.0,783188.0,-0.2,-5.479,3.52767,"March 04, 20",-0.05479
0,2020-03-03,3.65,3.74,3.725,3.65,3.65,7470.0,7470.0,0.0,0.0,3.705,"March 03, 20",0.0
0,2020-03-02,3.625,3.77,3.62,3.65,3.65,389745.0,389745.0,0.025,0.69,3.68,"March 02, 20",0.0069
0,2020-02-28,3.825,3.85,3.35,3.625,3.625,605861.0,605861.0,-0.2,-5.229,3.60833,"February 28, 20",-0.05229
0,2020-02-27,3.85,4.375,3.45,3.825,3.825,7269734.0,7269734.0,-0.025,-0.649,3.88333,"February 27, 20",-0.00649
0,2020-02-26,3.85,3.703,3.7,3.85,3.85,57662.0,57662.0,0.0,0.0,3.751,"February 26, 20",0.0
0,2020-02-25,3.9,3.75,3.7,3.85,3.85,133295.0,133295.0,-0.05,-1.282,3.76667,"February 25, 20",-0.01282
0,2020-02-24,3.9,3.75,3.75,3.9,3.9,231151.0,231151.0,0.0,0.0,3.8,"February 24, 20",0.0
0,2020-02-21,3.9,4.0,3.75,3.9,3.9,86913.0,86913.0,0.0,0.0,3.88333,"February 21, 20",0.0
0,2020-02-20,3.95,4.05,3.844,3.9,3.9,346481.0,346481.0,-0.05,-1.266,3.93133,"February 20, 20",-0.01266
0,2020-02-19,3.95,4.169,3.85,3.95,3.95,178269.0,178269.0,0.0,0.0,3.98967,"February 19, 20",0.0
0,2020-02-18,4.1,4.2,3.85,3.95,3.95,434344.0,434344.0,-0.15,-3.659,4.0,"February 18, 20",-0.03659
0,2020-02-17,3.85,4.2,3.703,4.1,4.1,1788260.0,1788260.0,0.25,6.494,4.001,"February 17, 20",0.06494
0,2020-02-14,3.85,3.805,3.8,3.85,3.85,256374.0,256374.0,0.0,0.0,3.81833,"February 14, 20",0.0
0,2020-02-13,3.85,3.82,3.805,3.85,3.85,12123.0,12123.0,0.0,0.0,3.825,"February 13, 20",0.0
0,2020-02-12,3.85,3.95,3.7,3.85,3.85,250.0,250.0,0.0,0.0,3.83333,"February 12, 20",0.0
0,2020-02-11,4.0,4.0,4.0,4.0,4.0,149224.0,149224.0,0.0,0.0,4.0,"February 11, 20",0.0
0,2020-02-10,3.85,3.85,3.85,3.85,3.85,0.0,0.0,0.0,0.0,0.0,"February 10, 20",0.0
0,2020-02-07,3.85,3.95,3.7,3.85,3.85,518942.0,518942.0,0.0,0.0,3.83333,"February 07, 20",0.0
0,2020-02-06,3.675,3.95,3.7,3.85,3.85,3490652.0,3490652.0,0.175,4.762,3.83333,"February 06, 20",0.04762
0,2020-02-05,3.7,3.9,3.675,3.675,3.675,442663.0,442663.0,-0.025,-0.676,3.75,"February 05, 20",-0.00676
0,2020-02-04,3.55,3.7,3.5,3.6,3.6,429377.0,429377.0,0.05,1.408,3.6,"February 04, 20",0.01408
0,2020-02-03,3.55,3.68,3.45,3.55,3.55,171848.0,171848.0,0.0,0.0,3.56,"February 03, 20",0.0
0,2020-01-31,3.55,3.68,3.4,3.55,3.55,279899.0,279899.0,0.0,0.0,3.54333,"January 31, 20",0.0
0,2020-01-30,3.55,3.68,3.55,3.55,3.55,1093854.0,1093854.0,0.0,0.0,3.59333,"January 30, 20",0.0
0,2020-01-29,3.6,3.698,3.4,3.55,3.55,240000.0,240000.0,-0.05,-1.389,3.54933,"January 29, 20",-0.01389
0,2020-01-28,3.65,3.7,3.502,3.6,3.6,914235.0,914235.0,-0.05,-1.37,3.60067,"January 28, 20",-0.0137
0,2020-01-27,3.7,3.78,3.61,3.7,3.7,141972.0,141972.0,0.0,0.0,3.69667,"January 27, 20",0.0
0,2020-01-24,4.075,3.91,3.7,3.75,3.75,1137371.0,1137371.0,-0.325,-7.975,3.78667,"January 24, 20",-0.07975
0,2020-01-23,4.075,4.075,4.0,4.075,4.075,540393.0,540393.0,0.0,0.0,4.05,"January 23, 20",0.0
0,2020-01-22,4.075,4.075,4.0,4.075,4.075,576938.0,576938.0,0.0,0.0,4.05,"January 22, 20",0.0
0,2020-01-21,4.075,4.05,4.002,4.075,4.075,64189.0,64189.0,0.0,0.0,4.04233,"January 21, 20",0.0
0,2020-01-20,4.075,4.07,4.0,4.075,4.075,263728.0,263728.0,0.0,0.0,4.04833,"January 20, 20",0.0
0,2020-01-17,4.075,4.07,4.0,4.075,4.075,155464.0,155464.0,0.0,0.0,4.04833,"January 17, 20",0.0
0,2020-01-16,4.1,4.1,4.0,4.075,4.075,2032622.0,2032622.0,-0.025,-0.61,4.05833,"January 16, 20",-0.0061
0,2020-01-15,3.775,4.44,3.875,4.1,4.1,5487892.0,5487892.0,0.325,8.609,4.13833,"January 15, 20",0.08609
0,2020-01-14,3.525,3.925,3.427,3.775,3.775,670963.0,670963.0,0.25,7.092,3.709,"January 14, 20",0.07092
0,2020-01-13,3.525,3.7,3.52,3.525,3.525,29338.0,29338.0,0.0,0.0,3.58167,"January 13, 20",0.0
0,2020-01-10,3.625,3.675,3.52,3.475,3.475,238995.0,238995.0,-0.15,-4.138,3.55667,"January 10, 20",-0.04138
0,2020-01-09,3.625,3.735,3.7,3.625,3.625,122277.0,122277.0,0.0,0.0,3.68667,"January 09, 20",0.0
0,2020-01-08,3.625,3.7,3.51,3.625,3.625,497000.0,497000.0,0.0,0.0,3.61167,"January 08, 20",0.0
0,2020-01-07,3.625,3.73,3.51,3.625,3.625,17628.0,17628.0,0.0,0.0,3.62167,"January 07, 20",0.0
0,2020-01-06,3.625,3.735,3.51,3.625,3.625,79046.0,79046.0,0.0,0.0,3.62333,"January 06, 20",0.0
0,2020-01-03,3.625,3.75,3.5,3.625,3.625,653804.0,653804.0,0.0,0.0,3.625,"January 03, 20",0.0
0,2020-01-02,3.9,3.9,3.56,3.625,3.625,522266.0,522266.0,-0.275,-7.051,3.695,"January 02, 20",-0.07051
0,2019-12-31,4.05,4.07,3.81,3.9,3.9,1266157.0,1266157.0,-0.15,-3.704,3.92667,"December 31, 19",-0.03704
0,2019-12-30,3.8,4.097,3.604,4.05,4.05,1370423.0,1370423.0,0.25,6.579,3.917,"December 30, 19",0.06579
0,2019-12-27,3.85,3.85,3.5,3.75,3.75,1283184.0,1283184.0,-0.1,-2.597,3.7,"December 27, 19",-0.02597
0,2019-12-24,3.85,3.85,3.85,3.85,3.85,12858.0,12858.0,0.0,0.0,3.85,"December 24, 19",0.0
0,2019-12-23,3.9,3.89,3.6,3.85,3.85,1543403.0,1543403.0,-0.05,-1.282,3.78,"December 23, 19",-0.01282
0,2019-12-20,4.1,4.1,3.8,3.9,3.9,650057.0,650057.0,-0.2,-4.878,3.93333,"December 20, 19",-0.04878
0,2019-12-19,4.15,4.14,3.8,4.1,4.1,360781.0,360781.0,-0.05,-1.205,4.01333,"December 19, 19",-0.01205
0,2019-12-18,4.15,4.24,4.24,4.15,4.15,89080.0,89080.0,0.0,0.0,4.21,"December 18, 19",0.0
0,2019-12-17,4.175,4.01,4.01,4.15,4.15,21681.0,21681.0,-0.025,-0.599,4.05667,"December 17, 19",-0.00599
0,2019-12-16,4.175,4.24,4.01,4.175,4.175,72903.0,72903.0,0.0,0.0,4.14167,"December 16, 19",0.0
0,2019-12-13,4.125,4.25,4.01,4.175,4.175,534143.0,534143.0,0.05,1.212,4.145,"December 13, 19",0.01212
0,2019-12-12,4.125,4.15,4.003,4.125,4.125,98418.0,98418.0,0.0,0.0,4.09267,"December 12, 19",0.0
0,2019-12-11,4.125,4.15,4.0,4.125,4.125,124563.0,124563.0,0.0,0.0,4.09167,"December 11, 19",0.0
0,2019-12-10,4.125,4.185,4.0,4.125,4.125,355556.0,355556.0,0.0,0.0,4.10333,"December 10, 19",0.0
0,2019-12-09,4.175,4.19,4.102,4.125,4.125,207944.0,207944.0,-0.05,-1.198,4.139,"December 09, 19",-0.01198
0,2019-12-06,4.325,4.35,4.094,4.175,4.175,510496.0,510496.0,-0.15,-3.468,4.20633,"December 06, 19",-0.03468
0,2019-12-05,4.4,4.44,4.25,4.325,4.325,1052037.0,1052037.0,-0.075,-1.705,4.33833,"December 05, 19",-0.01705
0,2019-12-04,4.5,4.45,4.3,4.4,4.4,441406.0,441406.0,-0.1,-2.222,4.38333,"December 04, 19",-0.02222
0,2019-12-03,4.2,4.75,4.111,4.5,4.5,1431489.0,1431489.0,0.3,7.143,4.45367,"December 03, 19",0.07143
0,2019-12-02,4.4,4.8,4.1,4.2,4.2,6099998.0,6099998.0,-0.2,-4.545,4.36667,"December 02, 19",-0.04545
0,2019-11-29,4.5,4.345,4.1,4.4,4.4,372981.0,372981.0,-0.1,-2.222,4.28167,"November 29, 19",-0.02222
0,2019-11-28,4.5,4.645,4.32,4.5,4.5,53971.0,53971.0,0.0,0.0,4.48833,"November 28, 19",0.0
0,2019-11-27,4.5,4.35,4.35,4.5,4.5,108108.0,108108.0,0.0,0.0,4.4,"November 27, 19",0.0
0,2019-11-26,4.5,4.645,4.35,4.5,4.5,59241.0,59241.0,0.0,0.0,4.49833,"November 26, 19",0.0
0,2019-11-25,4.5,4.35,4.35,4.5,4.5,133529.0,133529.0,0.0,0.0,4.4,"November 25, 19",0.0
0,2019-11-22,4.475,4.61,4.35,4.5,4.5,342819.0,342819.0,0.025,0.559,4.48667,"November 22, 19",0.00559
0,2019-11-21,4.475,4.595,4.595,4.475,4.475,25000.0,25000.0,0.0,0.0,4.555,"November 21, 19",0.0
0,2019-11-20,4.525,4.35,4.35,4.475,4.475,135516.0,135516.0,-0.05,-1.105,4.39167,"November 20, 19",-0.01105
0,2019-11-19,4.525,4.65,4.425,4.525,4.525,102064.0,102064.0,0.0,0.0,4.53333,"November 19, 19",0.0
0,2019-11-18,4.525,4.65,4.425,4.525,4.525,23226.0,23226.0,0.0,0.0,4.53333,"November 18, 19",0.0
0,2019-11-15,4.525,4.425,4.345,4.525,4.525,233516.0,233516.0,0.0,0.0,4.43167,"November 15, 19",0.0
0,2019-11-14,4.525,4.728,4.425,4.525,4.525,131797.0,131797.0,0.0,0.0,4.55933,"November 14, 19",0.0
0,2019-11-13,4.525,4.675,4.675,4.525,4.525,10887.0,10887.0,0.0,0.0,4.625,"November 13, 19",0.0
0,2019-11-12,4.525,4.35,4.35,4.525,4.525,2000.0,2000.0,0.0,0.0,4.40833,"November 12, 19",0.0
0,2019-11-11,4.5,4.6,4.344,4.525,4.525,255901.0,255901.0,0.025,0.556,4.48967,"November 11, 19",0.00556
0,2019-11-08,4.5,4.6,4.6,4.5,4.5,1500.0,1500.0,0.0,0.0,4.56667,"November 08, 19",0.0
0,2019-11-07,4.375,4.5,4.262,4.5,4.5,326253.0,326253.0,0.125,2.857,4.42067,"November 07, 19",0.02857
0,2019-11-06,4.625,4.513,4.3,4.375,4.375,181060.0,181060.0,-0.25,-5.405,4.396,"November 06, 19",-0.05405
0,2019-11-05,4.75,4.79,4.429,4.625,4.625,44742.0,44742.0,-0.125,-2.632,4.61467,"November 05, 19",-0.02632
0,2019-11-04,4.3,4.875,4.35,4.75,4.75,676733.0,676733.0,0.45,10.465,4.65833,"November 04, 19",0.10465
0,2019-11-01,4.45,4.585,4.2,4.3,4.3,696278.0,696278.0,-0.15,-3.371,4.36167,"November 01, 19",-0.03371
0,2019-10-31,4.45,4.57,4.32,4.45,4.45,303836.0,303836.0,0.0,0.0,4.44667,"October 31, 19",0.0
0,2019-10-30,4.45,4.49,4.309,4.45,4.45,71231.0,71231.0,0.0,0.0,4.41633,"October 30, 19",0.0
0,2019-10-29,4.45,4.5,4.303,4.45,4.45,145767.0,145767.0,0.0,0.0,4.41767,"October 29, 19",0.0
0,2019-10-28,4.45,4.6,4.309,4.45,4.45,191483.0,191483.0,0.0,0.0,4.453,"October 28, 19",0.0
0,2019-10-25,4.55,4.6,4.35,4.45,4.45,489852.0,489852.0,-0.1,-2.198,4.46667,"October 25, 19",-0.02198
0,2019-10-24,4.55,4.597,4.503,4.55,4.55,75449.0,75449.0,0.0,0.0,4.55,"October 24, 19",0.0
0,2019-10-23,4.2,4.673,4.275,4.55,4.55,978734.0,978734.0,0.35,8.333,4.49933,"October 23, 19",0.08333
0,2019-10-22,4.15,4.29,4.125,4.2,4.2,306495.0,306495.0,0.05,1.205,4.205,"October 22, 19",0.01205
0,2019-10-21,4.4,4.34,4.0,4.15,4.15,569006.0,569006.0,-0.25,-5.682,4.16333,"October 21, 19",-0.05682
0,2019-10-18,4.4,4.3,4.185,4.4,4.4,120966.0,120966.0,0.0,0.0,4.295,"October 18, 19",0.0
0,2019-10-17,4.4,4.42,4.3,4.4,4.4,142386.0,142386.0,0.0,0.0,4.37333,"October 17, 19",0.0
0,2019-10-16,4.4,4.37,4.2,4.4,4.4,402779.0,402779.0,0.0,0.0,4.32333,"October 16, 19",0.0
0,2019-10-15,4.6,4.48,4.3,4.4,4.4,844481.0,844481.0,-0.2,-4.348,4.39333,"October 15, 19",-0.04348
0,2019-10-14,4.6,4.55,4.4,4.6,4.6,55805.0,55805.0,0.0,0.0,4.51667,"October 14, 19",0.0
0,2019-10-11,4.6,4.55,4.5,4.6,4.6,185934.0,185934.0,0.0,0.0,4.55,"October 11, 19",0.0
0,2019-10-10,4.55,4.55,4.3,4.6,4.6,774332.0,774332.0,0.05,1.099,4.48333,"October 10, 19",0.01099
0,2019-10-09,5.0,4.825,4.425,4.55,4.55,1232563.0,1232563.0,-0.45,-9.0,4.6,"October 09, 19",-0.09
0,2019-10-08,4.9,5.15,4.825,5.0,5.0,364143.0,364143.0,0.1,2.041,4.99167,"October 08, 19",0.02041
0,2019-10-07,4.6,4.975,4.725,4.9,4.9,1653981.0,1653981.0,0.3,6.522,4.86667,"October 07, 19",0.06522
0,2019-10-04,4.65,4.79,4.35,4.6,4.6,1336239.0,1336239.0,-0.05,-1.075,4.58,"October 04, 19",-0.01075
0,2019-10-03,4.7,4.758,4.5,4.65,4.65,493662.0,493662.0,-0.05,-1.064,4.636,"October 03, 19",-0.01064
0,2019-10-02,4.9,4.83,4.5,4.7,4.7,430920.0,430920.0,-0.2,-4.082,4.67667,"October 02, 19",-0.04082
0,2019-10-01,4.9,4.94,4.802,4.9,4.9,330973.0,330973.0,0.0,0.0,4.88067,"October 01, 19",0.0
0,2019-09-30,4.9,4.98,4.8,4.9,4.9,292539.0,292539.0,0.0,0.0,4.89333,"September 30, 19",0.0
0,2019-09-27,4.9,4.95,4.7,4.9,4.9,944427.0,944427.0,0.0,0.0,4.85,"September 27, 19",0.0
0,2019-09-26,5.05,5.0,4.825,4.9,4.9,417527.0,417527.0,-0.15,-2.97,4.90833,"September 26, 19",-0.0297
0,2019-09-25,5.2,5.2,4.85,5.05,5.05,687865.0,687865.0,-0.15,-2.885,5.03333,"September 25, 19",-0.02885
0,2019-09-24,5.35,5.375,5.12,5.2,5.2,644680.0,644680.0,-0.15,-2.804,5.23167,"September 24, 19",-0.02804
0,2019-09-23,5.1,5.48,4.9,5.35,5.35,1395771.0,1395771.0,0.25,4.902,5.24333,"September 23, 19",0.04902
0,2019-09-20,4.8,5.09,4.9,5.0,5.0,666505.0,666505.0,0.2,4.167,4.99667,"September 20, 19",0.04167
0,2019-09-19,4.65,4.95,4.55,4.8,4.8,840720.0,840720.0,0.15,3.226,4.76667,"September 19, 19",0.03226
0,2019-09-18,4.55,4.69,4.4,4.65,4.65,668018.0,668018.0,0.1,2.198,4.58,"September 18, 19",0.02198
0,2019-09-17,4.55,4.64,4.4,4.55,4.55,231603.0,231603.0,0.0,0.0,4.53,"September 17, 19",0.0
0,2019-09-16,4.55,4.65,4.42,4.55,4.55,95086.0,95086.0,0.0,0.0,4.54,"September 16, 19",0.0
0,2019-09-13,4.65,4.8,4.35,4.55,4.55,1210924.0,1210924.0,-0.1,-2.151,4.56667,"September 13, 19",-0.02151
0,2019-09-12,4.125,4.8,4.12,4.65,4.65,1830409.0,1830409.0,0.525,12.727,4.52333,"September 12, 19",0.12727
0,2019-09-11,4.3,4.24,4.12,4.125,4.125,258875.0,258875.0,-0.175,-4.07,4.16167,"September 11, 19",-0.0407
0,2019-09-10,4.35,4.4,4.24,4.3,4.3,126504.0,126504.0,-0.05,-1.149,4.31333,"September 10, 19",-0.01149
0,2019-09-09,4.35,4.375,4.307,4.35,4.35,149329.0,149329.0,0.0,0.0,4.344,"September 09, 19",0.0
0,2019-09-06,4.35,4.375,4.307,4.35,4.35,127987.0,127987.0,0.0,0.0,4.344,"September 06, 19",0.0
0,2019-09-05,4.4,4.35,4.3,4.35,4.35,252636.0,252636.0,-0.05,-1.136,4.33333,"September 05, 19",-0.01136
0,2019-09-04,4.45,4.385,4.25,4.4,4.4,787013.0,787013.0,-0.05,-1.124,4.345,"September 04, 19",-0.01124
0,2019-09-03,4.5,4.5,4.315,4.45,4.45,208529.0,208529.0,-0.05,-1.111,4.42167,"September 03, 19",-0.01111
0,2019-09-02,4.55,4.57,4.4,4.5,4.5,136634.0,136634.0,-0.05,-1.099,4.49,"September 02, 19",-0.01099
0,2019-08-30,4.55,4.57,4.57,4.55,4.55,38647.0,38647.0,0.0,0.0,4.56333,"August 30, 19",0.0
0,2019-08-29,4.6,4.57,4.45,4.55,4.55,237810.0,237810.0,-0.05,-1.087,4.52333,"August 29, 19",-0.01087
0,2019-08-28,4.8,4.702,4.502,4.6,4.6,517636.0,517636.0,-0.2,-4.167,4.60133,"August 28, 19",-0.04167
0,2019-08-27,4.8,4.98,4.7,4.8,4.8,603012.0,603012.0,0.0,0.0,4.82667,"August 27, 19",0.0
0,2019-08-23,4.8,4.82,4.6,4.8,4.8,710269.0,710269.0,0.0,0.0,4.74,"August 23, 19",0.0
0,2019-08-22,4.75,4.812,4.5,4.8,4.8,661308.0,661308.0,0.05,1.053,4.704,"August 22, 19",0.01053
0,2019-08-21,4.75,4.75,4.75,4.75,4.75,0.0,0.0,0.0,0.0,0.0,"August 21, 19",0.0
0,2019-08-20,4.75,4.7,4.6,4.75,4.75,21598.0,21598.0,0.0,0.0,4.68333,"August 20, 19",0.0
0,2019-08-19,4.75,4.72,4.6,4.75,4.75,174402.0,174402.0,0.0,0.0,4.69,"August 19, 19",0.0
0,2019-08-16,4.75,4.74,4.6,4.75,4.75,158399.0,158399.0,0.0,0.0,4.69667,"August 16, 19",0.0
0,2019-08-15,4.75,4.79,4.615,4.75,4.75,58210.0,58210.0,0.0,0.0,4.71833,"August 15, 19",0.0
0,2019-08-14,4.75,4.8,4.615,4.75,4.75,92012.0,92012.0,0.0,0.0,4.72167,"August 14, 19",0.0
0,2019-08-13,4.7,4.87,4.625,4.75,4.75,173308.0,173308.0,0.05,1.064,4.74833,"August 13, 19",0.01064
0,2019-08-12,4.65,4.77,4.5,4.65,4.65,925922.0,925922.0,0.0,0.0,4.64,"August 12, 19",0.0
0,2019-08-09,4.65,4.65,4.5,4.65,4.65,39733.0,39733.0,0.0,0.0,4.6,"August 09, 19",0.0
0,2019-08-08,4.65,4.779,4.5,4.65,4.65,311654.0,311654.0,0.0,0.0,4.643,"August 08, 19",0.0
0,2019-08-07,4.85,4.7,4.5,4.6,4.6,769728.0,769728.0,-0.25,-5.155,4.6,"August 07, 19",-0.05155
0,2019-08-06,4.9,4.82,4.7,4.85,4.85,132033.0,132033.0,-0.05,-1.02,4.79,"August 06, 19",-0.0102
0,2019-08-05,4.9,4.825,4.65,4.9,4.9,201099.0,201099.0,0.0,0.0,4.79167,"August 05, 19",0.0
0,2019-08-02,4.9,4.825,4.7,4.9,4.9,368546.0,368546.0,0.0,0.0,4.80833,"August 02, 19",0.0
0,2019-08-01,4.95,4.94,4.9,4.9,4.9,108810.0,108810.0,-0.05,-1.01,4.91333,"August 01, 19",-0.0101
0,2019-07-31,5.15,5.15,4.9,4.95,4.95,667770.0,667770.0,-0.2,-3.883,5.0,"July 31, 19",-0.03883
0,2019-07-30,4.9,5.29,4.9,5.15,5.15,1704324.0,1704324.0,0.25,5.102,5.11333,"July 30, 19",0.05102
0,2019-07-29,4.9,4.94,4.8,4.9,4.9,2056963.0,2056963.0,0.0,0.0,4.88,"July 29, 19",0.0
0,2019-07-26,4.748,5.15,4.63,4.9,4.9,1283882.0,1283882.0,0.152,3.201,4.89333,"July 26, 19",0.03201
0,2019-07-25,4.97,5.12,4.625,4.7,4.7,1562126.0,1562126.0,-0.27,-5.433,4.815,"July 25, 19",-0.05433
0,2019-07-24,4.61,5.47,4.6,4.9,4.9,5756347.0,5756347.0,0.29,6.291,4.99,"July 24, 19",0.06291
0,2019-07-23,4.758,4.838,4.6,4.65,4.65,2266057.0,2266057.0,-0.108,-2.27,4.696,"July 23, 19",-0.0227
0,2019-07-22,4.885,4.894,4.65,4.7,4.7,994616.0,994616.0,-0.185,-3.787,4.748,"July 22, 19",-0.03787
0,2019-07-19,4.7,4.794,4.65,4.7,4.7,247809.0,247809.0,0.0,0.0,4.71467,"July 19, 19",0.0
0,2019-07-18,4.925,4.925,4.8,4.8,4.8,300214.0,300214.0,-0.125,-2.538,4.84167,"July 18, 19",-0.02538
0,2019-07-17,5.136,5.136,4.85,4.95,4.95,438439.0,438439.0,-0.186,-3.621,4.97867,"July 17, 19",-0.03621
0,2019-07-16,5.15,5.15,5.0,5.1,5.1,54154.0,54154.0,-0.05,-0.971,5.08333,"July 16, 19",-0.00971
0,2019-07-15,5.05,5.195,5.05,5.15,5.15,184406.0,184406.0,0.1,1.98,5.13167,"July 15, 19",0.0198
0,2019-07-12,5.39,5.39,5.05,5.15,5.15,458233.0,458233.0,-0.24,-4.453,5.19667,"July 12, 19",-0.04453
0,2019-07-11,5.4,5.4,5.15,5.4,5.4,223539.0,223539.0,0.0,0.0,5.31667,"July 11, 19",0.0
0,2019-07-10,5.204,5.4,5.204,5.4,5.4,195276.0,195276.0,0.196,3.766,5.33467,"July 10, 19",0.03766
0,2019-07-09,5.35,5.4,5.204,5.4,5.4,122454.0,122454.0,0.05,0.935,5.33467,"July 09, 19",0.00935
0,2019-07-08,5.503,5.65,5.15,5.4,5.4,538279.0,538279.0,-0.103,-1.872,5.4,"July 08, 19",-0.01872
0,2019-07-05,5.6,5.74,5.5,5.7,5.7,418066.0,418066.0,0.1,1.786,5.64667,"July 05, 19",0.01786
0,2019-07-04,5.45,5.6,5.3,5.55,5.55,261669.0,261669.0,0.1,1.835,5.48333,"July 04, 19",0.01835
0,2019-07-03,5.52,5.601,5.375,5.55,5.55,587045.0,587045.0,0.03,0.543,5.50867,"July 03, 19",0.00543
0,2019-07-02,5.703,5.79,5.4,5.6,5.6,538160.0,538160.0,-0.103,-1.806,5.59667,"July 02, 19",-0.01806
0,2019-07-01,5.703,5.8,5.703,5.85,5.85,181599.0,181599.0,0.147,2.578,5.78433,"July 01, 19",0.02578
0,2019-06-28,5.703,5.8,5.703,5.85,5.85,466308.0,466308.0,0.147,2.578,5.78433,"June 28, 19",0.02578
0,2019-06-27,5.703,5.8,5.703,5.85,5.85,40580.0,40580.0,0.147,2.578,5.78433,"June 27, 19",0.02578
0,2019-06-26,5.802,5.86,5.703,5.85,5.85,323856.0,323856.0,0.048,0.827,5.80433,"June 26, 19",0.00827
0,2019-06-25,5.8,6.0,5.8,5.9,5.9,161505.0,161505.0,0.1,1.724,5.9,"June 25, 19",0.01724
0,2019-06-24,6.25,6.4,5.9,6.05,6.05,1117763.0,1117763.0,-0.2,-3.2,6.11667,"June 24, 19",-0.032
0,2019-06-21,5.797,6.39,5.65,6.15,6.15,2360793.0,2360793.0,0.353,6.089,6.06333,"June 21, 19",0.06089
0,2019-06-20,5.6,5.8,5.6,5.65,5.65,2789656.0,2789656.0,0.05,0.893,5.68333,"June 20, 19",0.00893
0,2019-06-19,5.6,5.6,5.59,5.6,5.6,108870.0,108870.0,0.0,0.0,5.59667,"June 19, 19",0.0
0,2019-06-18,5.5,5.55,5.5,5.6,5.6,272874.0,272874.0,0.1,1.818,5.55,"June 18, 19",0.01818
0,2019-06-17,5.525,5.525,5.5,5.6,5.6,70974.0,70974.0,0.075,1.357,5.54167,"June 17, 19",0.01357
0,2019-06-14,5.5,5.56,5.4,5.6,5.6,635531.0,635531.0,0.1,1.818,5.52,"June 14, 19",0.01818
0,2019-06-13,5.6,5.6,5.5,5.6,5.6,132668.0,132668.0,0.0,0.0,5.56667,"June 13, 19",0.0
0,2019-06-12,5.63,5.63,5.6,5.75,5.75,58149.0,58149.0,0.12,2.131,5.66,"June 12, 19",0.02131
0,2019-06-11,5.6,5.6,5.6,5.75,5.75,25102.0,25102.0,0.15,2.679,5.65,"June 11, 19",0.02679
0,2019-06-10,5.725,5.725,5.6,5.75,5.75,215815.0,215815.0,0.025,0.437,5.69167,"June 10, 19",0.00437
0,2019-06-07,5.6,5.75,5.6,5.75,5.75,204179.0,204179.0,0.15,2.679,5.7,"June 07, 19",0.02679
0,2019-06-06,5.8,5.82,5.6,5.75,5.75,1173842.0,1173842.0,-0.05,-0.862,5.72333,"June 06, 19",-0.00862
0,2019-06-05,5.84,5.84,5.8,5.85,5.85,77019.0,77019.0,0.01,0.171,5.83,"June 05, 19",0.00171
0,2019-06-04,5.9,5.98,5.714,5.85,5.85,395906.0,395906.0,-0.05,-0.847,5.848,"June 04, 19",-0.00847
0,2019-06-03,5.9,6.072,5.9,6.1,6.1,83686.0,83686.0,0.2,3.39,6.024,"June 03, 19",0.0339
0,2019-05-31,6.045,6.15,6.0,6.1,6.1,88350.0,88350.0,0.055,0.91,6.08333,"May 31, 19",0.0091
0,2019-05-30,6.29,6.29,6.0,6.15,6.15,275592.0,275592.0,-0.14,-2.226,6.14667,"May 30, 19",-0.02226
0,2019-05-29,6.15,6.5,6.05,6.3,6.3,1095334.0,1095334.0,0.15,2.439,6.28333,"May 29, 19",0.02439
0,2019-05-28,5.74,6.25,5.74,6.1,6.1,2006855.0,2006855.0,0.36,6.272,6.03,"May 28, 19",0.06272
0,2019-05-24,5.7,5.77,5.5,5.7,5.7,688829.0,688829.0,0.0,0.0,5.65667,"May 24, 19",0.0
0,2019-05-23,5.85,5.96,5.7,5.85,5.85,750891.0,750891.0,0.0,0.0,5.83667,"May 23, 19",0.0
0,2019-05-22,6.294,6.294,6.1,6.3,6.3,92488.0,92488.0,0.006,0.095,6.23133,"May 22, 19",0.00095
0,2019-05-21,6.2,6.2,6.2,6.35,6.35,55539.0,55539.0,0.15,2.419,6.25,"May 21, 19",0.02419
0,2019-05-20,6.34,6.34,6.2,6.35,6.35,177181.0,177181.0,0.01,0.158,6.29667,"May 20, 19",0.00158
0,2019-05-17,6.3,6.35,6.3,6.4,6.4,154324.0,154324.0,0.1,1.587,6.35,"May 17, 19",0.01587
0,2019-05-16,6.35,6.35,6.347,6.4,6.4,91156.0,91156.0,0.05,0.787,6.36567,"May 16, 19",0.00787
0,2019-05-15,6.2,6.2,6.2,6.4,6.4,54815.0,54815.0,0.2,3.226,6.26667,"May 15, 19",0.03226
0,2019-05-14,6.312,6.375,6.3,6.4,6.4,151428.0,151428.0,0.088,1.394,6.35833,"May 14, 19",0.01394
0,2019-05-13,6.315,6.44,6.2,6.4,6.4,402442.0,402442.0,0.085,1.346,6.34667,"May 13, 19",0.01346
0,2019-05-10,6.0,6.47,6.0,6.4,6.4,1525228.0,1525228.0,0.4,6.667,6.29,"May 10, 19",0.06667
0,2019-05-09,6.22,6.5,6.0,6.15,6.15,549787.0,549787.0,-0.07,-1.125,6.21667,"May 09, 19",-0.01125
0,2019-05-08,6.52,6.52,6.22,6.35,6.35,340457.0,340457.0,-0.17,-2.607,6.36333,"May 08, 19",-0.02607
0,2019-05-07,6.5,6.62,6.5,6.55,6.55,190695.0,190695.0,0.05,0.769,6.55667,"May 07, 19",0.00769
0,2019-05-03,6.718,6.793,6.54,6.6,6.6,425036.0,425036.0,-0.118,-1.756,6.64433,"May 03, 19",-0.01756
0,2019-05-02,6.718,6.895,6.711,6.85,6.85,134132.0,134132.0,0.132,1.965,6.81867,"May 02, 19",0.01965
0,2019-05-01,6.9,7.05,6.75,6.85,6.85,421043.0,421043.0,-0.05,-0.725,6.88333,"May 01, 19",-0.00725
0,2019-04-30,6.777,7.2,6.763,7.1,7.1,830243.0,830243.0,0.323,4.766,7.021,"April 30, 19",0.04766
0,2019-04-29,6.755,7.0,7.0,6.85,6.85,218375.0,218375.0,0.095,1.406,6.95,"April 29, 19",0.01406
0,2019-04-26,6.763,7.0,7.0,7.0,7.0,470378.0,470378.0,0.237,3.504,7.0,"April 26, 19",0.03504
0,2019-04-25,6.793,6.982,6.793,6.85,6.85,214410.0,214410.0,0.057,0.839,6.875,"April 25, 19",0.00839
0,2019-04-24,6.78,7.19,6.55,6.85,6.85,959163.0,959163.0,0.07,1.032,6.86333,"April 24, 19",0.01032
0,2019-04-23,6.55,6.9,6.55,6.7,6.7,572490.0,572490.0,0.15,2.29,6.71667,"April 23, 19",0.0229
0,2019-04-18,7.012,7.09,6.54,6.7,6.7,1135733.0,1135733.0,-0.312,-4.45,6.77667,"April 18, 19",-0.0445
0,2019-04-17,7.012,7.118,7.012,7.1,7.1,389476.0,389476.0,0.088,1.255,7.07667,"April 17, 19",0.01255
0,2019-04-16,6.939,7.16,6.9,7.1,7.1,1159757.0,1159757.0,0.161,2.32,7.05333,"April 16, 19",0.0232
0,2019-04-15,6.8,7.15,6.8,7.0,7.0,620743.0,620743.0,0.2,2.941,6.98333,"April 15, 19",0.02941
0,2019-04-12,6.78,6.8,6.7,6.75,6.75,566871.0,566871.0,-0.03,-0.442,6.75,"April 12, 19",-0.00442
0,2019-04-11,6.87,6.873,6.653,6.75,6.75,738690.0,738690.0,-0.12,-1.747,6.75867,"April 11, 19",-0.01747
0,2019-04-10,7.145,7.145,6.75,7.0,7.0,636361.0,636361.0,-0.145,-2.029,6.965,"April 10, 19",-0.02029
0,2019-04-09,6.82,7.29,6.82,7.1,7.1,4041062.0,4041062.0,0.28,4.106,7.07,"April 09, 19",0.04106
0,2019-04-08,6.3,6.4,6.4,6.85,6.85,4445739.0,4445739.0,0.55,8.73,6.55,"April 08, 19",0.0873
0,2019-04-05,6.32,6.32,6.2,6.35,6.35,272762.0,272762.0,0.03,0.475,6.29,"April 05, 19",0.00475
0,2019-04-04,6.939,6.939,6.0,6.35,6.35,2743108.0,2743108.0,-0.589,-8.488,6.42967,"April 04, 19",-0.08488
0,2019-04-03,6.9,6.98,6.9,6.95,6.95,562013.0,562013.0,0.05,0.725,6.94333,"April 03, 19",0.00725
0,2019-04-02,7.25,7.25,6.8,6.95,6.95,1013528.0,1013528.0,-0.3,-4.138,7.0,"April 02, 19",-0.04138
0,2019-04-01,7.8,7.3,7.3,7.3,7.3,5507364.0,5507364.0,-0.5,-6.41,7.3,"April 01, 19",-0.0641
0,2019-03-29,11.76,8.6,8.6,7.75,7.75,5714989.0,5714989.0,-4.01,-34.099,8.31667,"March 29, 19",-0.34099
0,2019-03-28,11.5,11.815,11.5,11.75,11.75,143238.0,143238.0,0.25,2.174,11.68833,"March 28, 19",0.02174
0,2019-03-27,11.9,11.9,11.505,11.75,11.75,28903.0,28903.0,-0.15,-1.261,11.71833,"March 27, 19",-0.01261
0,2019-03-26,12.4,12.4,11.5,11.75,11.75,422113.0,422113.0,-0.65,-5.242,11.88333,"March 26, 19",-0.05242
0,2019-03-25,11.753,11.7,11.7,11.7,11.7,195721.0,195721.0,-0.053,-0.451,11.7,"March 25, 19",-0.00451
0,2019-03-22,11.8,11.995,11.753,11.875,11.875,407270.0,407270.0,0.075,0.636,11.87433,"March 22, 19",0.00636
0,2019-03-21,11.495,12.2,11.3,11.75,11.75,615146.0,615146.0,0.255,2.218,11.75,"March 21, 19",0.02218
0,2019-03-20,11.753,11.855,11.35,11.375,11.375,1268510.0,1268510.0,-0.378,-3.216,11.52667,"March 20, 19",-0.03216
0,2019-03-19,12.418,12.418,11.875,11.875,11.875,161644.0,161644.0,-0.543,-4.373,12.056,"March 19, 19",-0.04373
0,2019-03-18,12.05,12.25,11.8,12.0,12.0,376583.0,376583.0,-0.05,-0.415,12.01667,"March 18, 19",-0.00415
0,2019-03-15,12.08,12.08,12.08,12.0,12.0,30000.0,30000.0,-0.08,-0.662,12.05333,"March 15, 19",-0.00662
0,2019-03-14,11.755,12.0,12.0,12.0,12.0,241104.0,241104.0,0.245,2.084,12.0,"March 14, 19",0.02084
0,2019-03-13,12.4,12.4,11.7,12.0,12.0,206411.0,206411.0,-0.4,-3.226,12.03333,"March 13, 19",-0.03226
0,2019-03-12,11.84,12.418,11.65,12.25,12.25,494778.0,494778.0,0.41,3.463,12.106,"March 12, 19",0.03463
0,2019-03-11,12.5,12.5,11.563,11.75,11.75,1028329.0,1028329.0,-0.75,-6.0,11.93767,"March 11, 19",-0.06
0,2019-03-08,12.75,12.8,12.505,12.75,12.75,210405.0,210405.0,0.0,0.0,12.685,"March 08, 19",0.0
0,2019-03-07,13.01,13.25,12.503,12.625,12.625,303955.0,303955.0,-0.385,-2.959,12.79267,"March 07, 19",-0.02959
0,2019-03-06,13.65,13.65,13.01,13.5,13.5,30238.0,30238.0,-0.15,-1.099,13.38667,"March 06, 19",-0.01099
0,2019-03-05,13.57,13.945,13.083,13.5,13.5,189138.0,189138.0,-0.07,-0.516,13.50933,"March 05, 19",-0.00516
0,2019-03-04,13.51,14.15,13.51,13.875,13.875,187183.0,187183.0,0.365,2.702,13.845,"March 04, 19",0.02702
0,2019-03-01,13.66,14.1,13.5,14.0,14.0,340920.0,340920.0,0.34,2.489,13.86667,"March 01, 19",0.02489
0,2019-02-28,13.66,13.66,13.66,14.0,14.0,44103.0,44103.0,0.34,2.489,13.77333,"February 28, 19",0.02489
0,2019-02-27,14.0,14.2,13.65,14.0,14.0,393587.0,393587.0,0.0,0.0,13.95,"February 27, 19",0.0
0,2019-02-26,13.65,14.0,13.65,14.0,14.0,165758.0,165758.0,0.35,2.564,13.88333,"February 26, 19",0.02564
0,2019-02-25,13.65,13.65,13.65,14.0,14.0,9845.0,9845.0,0.35,2.564,13.76667,"February 25, 19",0.02564
0,2019-02-22,14.088,14.088,13.8,14.0,14.0,110790.0,110790.0,-0.088,-0.625,13.96267,"February 22, 19",-0.00625
0,2019-02-21,14.75,14.75,13.5,14.0,14.0,443921.0,443921.0,-0.75,-5.085,14.08333,"February 21, 19",-0.05085
0,2019-02-20,13.95,14.75,13.55,14.5,14.5,474832.0,474832.0,0.55,3.943,14.26667,"February 20, 19",0.03943
0,2019-02-19,13.513,13.513,13.0,13.25,13.25,645773.0,645773.0,-0.263,-1.946,13.25433,"February 19, 19",-0.01946
0,2019-02-18,14.35,14.35,13.371,13.625,13.625,131234.0,131234.0,-0.725,-5.052,13.782,"February 18, 19",-0.05052
0,2019-02-15,14.2,14.5,13.788,14.125,14.125,165921.0,165921.0,-0.075,-0.528,14.13767,"February 15, 19",-0.00528
0,2019-02-14,14.333,14.333,13.75,14.0,14.0,190268.0,190268.0,-0.333,-2.323,14.02767,"February 14, 19",-0.02323
0,2019-02-13,14.75,14.75,14.288,14.625,14.625,274881.0,274881.0,-0.125,-0.847,14.55433,"February 13, 19",-0.00847
0,2019-02-12,14.313,15.4,14.313,14.625,14.625,2269745.0,2269745.0,0.312,2.18,14.77933,"February 12, 19",0.0218
0,2019-02-11,13.285,14.25,14.25,14.25,14.25,745560.0,745560.0,0.965,7.264,14.25,"February 11, 19",0.07264
0,2019-02-08,13.72,14.179,13.2,13.375,13.375,648298.0,648298.0,-0.345,-2.515,13.58467,"February 08, 19",-0.02515
0,2019-02-07,12.225,13.75,12.225,13.375,13.375,768180.0,768180.0,1.15,9.407,13.11667,"February 07, 19",0.09407
0,2019-02-06,12.5,12.5,12.155,12.25,12.25,94833.0,94833.0,-0.25,-2.0,12.30167,"February 06, 19",-0.02
0,2019-02-05,11.1,12.7,11.1,12.25,12.25,944566.0,944566.0,1.15,10.36,12.01667,"February 05, 19",0.1036
0,2019-02-04,11.11,11.11,11.05,11.5,11.5,112500.0,112500.0,0.39,3.51,11.22,"February 04, 19",0.0351
0,2019-02-01,11.92,11.92,11.55,11.5,11.5,184694.0,184694.0,-0.42,-3.523,11.65667,"February 01, 19",-0.03523
0,2019-01-31,11.55,12.0,11.55,11.75,11.75,172621.0,172621.0,0.2,1.732,11.76667,"January 31, 19",0.01732
0,2019-01-30,10.665,12.25,10.5,11.75,11.75,1192691.0,1192691.0,1.085,10.173,11.5,"January 30, 19",0.10173
0,2019-01-29,10.269,10.665,10.154,10.35,10.35,558881.0,558881.0,0.081,0.789,10.38967,"January 29, 19",0.00789
0,2019-01-28,9.4,10.69,9.4,10.45,10.45,1096308.0,1096308.0,1.05,11.17,10.18,"January 28, 19",0.1117
0,2019-01-25,10.015,10.07,9.825,10.025,10.025,123646.0,123646.0,0.01,0.1,9.97333,"January 25, 19",0.001
0,2019-01-24,10.015,10.3,10.0,10.25,10.25,64879.0,64879.0,0.235,2.346,10.18333,"January 24, 19",0.02346
0,2019-01-23,10.265,10.5,10.015,10.25,10.25,100082.0,100082.0,-0.015,-0.146,10.255,"January 23, 19",-0.00146
0,2019-01-22,10.515,10.515,10.25,10.5,10.5,116808.0,116808.0,-0.015,-0.143,10.42167,"January 22, 19",-0.00143
0,2019-01-21,10.265,10.5,10.265,10.5,10.5,51466.0,51466.0,0.235,2.289,10.42167,"January 21, 19",0.02289
0,2019-01-18,10.333,10.515,10.25,10.5,10.5,71526.0,71526.0,0.167,1.616,10.42167,"January 18, 19",0.01616
0,2019-01-17,10.273,11.0,10.25,10.625,10.625,69749.0,69749.0,0.352,3.426,10.625,"January 17, 19",0.03426
0,2019-01-16,10.273,10.7,10.273,10.625,10.625,14570.0,14570.0,0.352,3.426,10.53267,"January 16, 19",0.03426
0,2019-01-15,10.273,10.273,10.273,10.625,10.625,36875.0,36875.0,0.352,3.426,10.39033,"January 15, 19",0.03426
0,2019-01-14,10.85,10.85,10.278,10.625,10.625,35406.0,35406.0,-0.225,-2.074,10.58433,"January 14, 19",-0.02074
0,2019-01-11,10.45,10.975,10.425,10.625,10.625,685009.0,685009.0,0.175,1.675,10.675,"January 11, 19",0.01675
0,2019-01-10,10.39,10.425,10.39,10.25,10.25,21090.0,21090.0,-0.14,-1.347,10.355,"January 10, 19",-0.01347
0,2019-01-09,10.138,10.475,10.138,10.25,10.25,322587.0,322587.0,0.112,1.105,10.28767,"January 09, 19",0.01105
0,2019-01-08,9.89,10.425,9.625,9.875,9.875,551145.0,551145.0,-0.015,-0.152,9.975,"January 08, 19",-0.00152
0,2019-01-07,10.2,10.2,9.341,9.8,9.8,158835.0,158835.0,-0.4,-3.922,9.78033,"January 07, 19",-0.03922
0,2019-01-04,10.773,10.773,10.2,10.25,10.25,225748.0,225748.0,-0.523,-4.855,10.40767,"January 04, 19",-0.04855
0,2019-01-03,10.663,11.65,10.663,11.125,11.125,627206.0,627206.0,0.462,4.333,11.146,"January 03, 19",0.04333
0,2019-01-02,9.725,10.812,9.725,10.5,10.5,452845.0,452845.0,0.775,7.969,10.34567,"January 02, 19",0.07969
0,2018-12-31,9.85,10.0,9.588,9.75,9.75,179436.0,179436.0,-0.1,-1.015,9.77933,"December 31, 18",-0.01015
0,2018-12-28,9.69,9.69,9.69,9.5,9.5,58932.0,58932.0,-0.19,-1.961,9.62667,"December 28, 18",-0.01961
0,2018-12-27,9.19,9.693,9.138,9.5,9.5,384880.0,384880.0,0.31,3.373,9.44367,"December 27, 18",0.03373
0,2018-12-24,9.1,9.34,8.625,9.0,9.0,333846.0,333846.0,-0.1,-1.099,8.98833,"December 24, 18",-0.01099
0,2018-12-21,9.1,9.425,9.0,9.25,9.25,113710.0,113710.0,0.15,1.648,9.225,"December 21, 18",0.01648
0,2018-12-20,9.2,9.7,9.2,9.5,9.5,112000.0,112000.0,0.3,3.261,9.46667,"December 20, 18",0.03261
0,2018-12-19,9.24,9.9,9.15,9.5,9.5,869865.0,869865.0,0.26,2.814,9.51667,"December 19, 18",0.02814
0,2018-12-18,9.69,9.69,9.0,9.15,9.15,322067.0,322067.0,-0.54,-5.573,9.28,"December 18, 18",-0.05573
0,2018-12-17,9.725,9.725,9.6,9.65,9.65,45531.0,45531.0,-0.075,-0.771,9.65833,"December 17, 18",-0.00771
0,2018-12-14,9.583,9.995,9.5,9.65,9.65,234469.0,234469.0,0.067,0.699,9.715,"December 14, 18",0.00699
0,2018-12-13,9.438,9.995,9.438,9.75,9.75,182292.0,182292.0,0.312,3.306,9.72767,"December 13, 18",0.03306
0,2018-12-12,9.608,9.625,9.25,9.4,9.4,291303.0,291303.0,-0.208,-2.165,9.425,"December 12, 18",-0.02165
0,2018-12-11,9.625,9.625,9.5,9.55,9.55,35569.0,35569.0,-0.075,-0.779,9.55833,"December 11, 18",-0.00779
0,2018-12-10,9.95,10.15,9.5,9.65,9.65,249814.0,249814.0,-0.3,-3.015,9.76667,"December 10, 18",-0.03015
0,2018-12-07,9.95,10.2,9.95,10.15,10.15,45175.0,45175.0,0.2,2.01,10.1,"December 07, 18",0.0201
0,2018-12-06,10.15,10.22,9.56,10.15,10.15,951062.0,951062.0,0.0,0.0,9.97667,"December 06, 18",0.0
0,2018-12-05,10.75,10.9,10.5,10.375,10.375,134960.0,134960.0,-0.375,-3.488,10.59167,"December 05, 18",-0.03488
0,2018-12-04,11.166,11.25,10.773,11.125,11.125,158603.0,158603.0,-0.041,-0.367,11.04933,"December 04, 18",-0.00367
0,2018-12-03,11.525,11.6,11.0,11.375,11.375,101901.0,101901.0,-0.15,-1.302,11.325,"December 03, 18",-0.01302
0,2018-11-30,11.55,11.55,11.25,11.5,11.5,20267.0,20267.0,-0.05,-0.433,11.43333,"November 30, 18",-0.00433
0,2018-11-29,11.778,11.9,11.5,11.5,11.5,301828.0,301828.0,-0.278,-2.36,11.63333,"November 29, 18",-0.0236
0,2018-11-28,11.735,12.493,11.735,12.125,12.125,447929.0,447929.0,0.39,3.323,12.11767,"November 28, 18",0.03323
0,2018-11-27,11.735,11.75,11.3,11.5,11.5,58260.0,58260.0,-0.235,-2.003,11.51667,"November 27, 18",-0.02003
0,2018-11-26,10.95,11.735,10.94,11.5,11.5,441185.0,441185.0,0.55,5.023,11.39167,"November 26, 18",0.05023
0,2018-11-23,10.89,10.993,10.825,10.875,10.875,419348.0,419348.0,-0.015,-0.138,10.89767,"November 23, 18",-0.00138
0,2018-11-22,10.88,10.89,10.75,10.875,10.875,379416.0,379416.0,-0.005,-0.046,10.83833,"November 22, 18",-0.00046
0,2018-11-21,10.9,10.938,10.55,10.875,10.875,862772.0,862772.0,-0.025,-0.229,10.78767,"November 21, 18",-0.00229
0,2018-11-20,11.375,10.75,10.75,10.75,10.75,836691.0,836691.0,-0.625,-5.495,10.75,"November 20, 18",-0.05495
0,2018-11-19,11.508,11.675,11.35,11.25,11.25,411601.0,411601.0,-0.258,-2.242,11.425,"November 19, 18",-0.02242
0,2018-11-16,12.0,12.0,11.5,11.625,11.625,926494.0,926494.0,-0.375,-3.125,11.70833,"November 16, 18",-0.03125
0,2018-11-15,12.08,12.27,12.0,12.125,12.125,93069.0,93069.0,0.045,0.373,12.13167,"November 15, 18",0.00373
0,2018-11-14,12.6,12.6,12.08,12.25,12.25,212082.0,212082.0,-0.35,-2.778,12.31,"November 14, 18",-0.02778
0,2018-11-13,12.8,12.8,12.55,13.0,13.0,310293.0,310293.0,0.2,1.563,12.78333,"November 13, 18",0.01563
0,2018-11-12,13.07,13.07,13.0,13.125,13.125,70687.0,70687.0,0.055,0.421,13.065,"November 12, 18",0.00421
0,2018-11-09,13.475,13.475,13.06,13.375,13.375,183937.0,183937.0,-0.1,-0.742,13.30333,"November 09, 18",-0.00742
0,2018-11-08,13.6,13.6,13.055,13.375,13.375,91086.0,91086.0,-0.225,-1.654,13.34333,"November 08, 18",-0.01654
0,2018-11-07,13.55,13.6,13.165,13.375,13.375,187155.0,187155.0,-0.175,-1.292,13.38,"November 07, 18",-0.01292
0,2018-11-06,13.113,13.113,13.1,13.375,13.375,40560.0,40560.0,0.262,1.998,13.196,"November 06, 18",0.01998
0,2018-11-05,12.875,13.6,12.875,13.375,13.375,203605.0,203605.0,0.5,3.883,13.28333,"November 05, 18",0.03883
0,2018-11-02,12.875,13.418,12.875,13.125,13.125,132269.0,132269.0,0.25,1.942,13.13933,"November 02, 18",0.01942
0,2018-11-01,12.575,13.268,12.575,13.125,13.125,201517.0,201517.0,0.55,4.374,12.98933,"November 01, 18",0.04374
0,2018-10-31,12.55,12.9,12.55,12.75,12.75,104825.0,104825.0,0.2,1.594,12.73333,"October 31, 18",0.01594
0,2018-10-30,13.188,13.188,12.75,12.75,12.75,121015.0,121015.0,-0.438,-3.321,12.896,"October 30, 18",-0.03321
0,2018-10-29,13.088,13.5,12.85,13.125,13.125,173417.0,173417.0,0.037,0.283,13.15833,"October 29, 18",0.00283
0,2018-10-26,13.075,13.1,12.75,13.0,13.0,349963.0,349963.0,-0.075,-0.574,12.95,"October 26, 18",-0.00574
0,2018-10-25,13.55,13.55,13.0,13.25,13.25,368601.0,368601.0,-0.3,-2.214,13.26667,"October 25, 18",-0.02214
0,2018-10-24,13.75,14.0,13.55,13.75,13.75,45000.0,45000.0,0.0,0.0,13.76667,"October 24, 18",0.0
0,2018-10-23,14.45,14.45,13.75,14.0,14.0,49397.0,49397.0,-0.45,-3.114,14.06667,"October 23, 18",-0.03114
0,2018-10-22,14.015,14.45,14.015,14.25,14.25,158768.0,158768.0,0.235,1.677,14.23833,"October 22, 18",0.01677
0,2018-10-19,14.35,14.55,14.1,14.25,14.25,87224.0,87224.0,-0.1,-0.697,14.3,"October 19, 18",-0.00697
0,2018-10-18,14.375,14.6,14.36,14.5,14.5,377603.0,377603.0,0.125,0.87,14.48667,"October 18, 18",0.0087
0,2018-10-17,14.4,14.735,14.35,14.5,14.5,47994.0,47994.0,0.1,0.694,14.52833,"October 17, 18",0.00694
0,2018-10-16,14.523,14.9,14.25,14.375,14.375,651379.0,651379.0,-0.148,-1.019,14.50833,"October 16, 18",-0.01019
0,2018-10-15,14.445,14.5,14.5,14.5,14.5,904996.0,904996.0,0.055,0.381,14.5,"October 15, 18",0.00381
0,2018-10-12,13.26,14.475,13.15,14.25,14.25,1044488.0,1044488.0,0.99,7.466,13.95833,"October 12, 18",0.07466
0,2018-10-11,13.1,13.475,12.775,13.375,13.375,2093571.0,2093571.0,0.275,2.099,13.20833,"October 11, 18",0.02099
0,2018-10-10,14.523,14.523,13.75,13.875,13.875,1164530.0,1164530.0,-0.648,-4.462,14.04933,"October 10, 18",-0.04462
0,2018-10-09,14.778,15.15,14.5,14.875,14.875,310845.0,310845.0,0.097,0.656,14.84167,"October 09, 18",0.00656
0,2018-10-08,15.508,15.508,14.555,15.0,15.0,226194.0,226194.0,-0.508,-3.276,15.021,"October 08, 18",-0.03276
0,2018-10-05,15.5,15.95,15.5,15.875,15.875,314763.0,314763.0,0.375,2.419,15.775,"October 05, 18",0.02419
0,2018-10-04,15.508,15.7,15.5,15.875,15.875,316196.0,316196.0,0.367,2.367,15.69167,"October 04, 18",0.02367
0,2018-10-03,15.75,16.0,8.04,15.875,15.875,473288.0,473288.0,0.125,0.794,13.305,"October 03, 18",0.00794
0,2018-10-02,16.35,16.620001,16.0,16.125,16.125,164992.0,164992.0,-0.225,-1.376,16.24833,"October 02, 18",-0.01376
0,2018-10-01,16.35,16.9,15.583,16.5,16.5,805578.0,805578.0,0.15,0.917,16.32767,"October 01, 18",0.00917
0,2018-09-28,16.575001,16.65,16.35,16.5,16.5,372980.0,372980.0,-0.075,-0.452,16.5,"September 28, 18",-0.00452
0,2018-09-27,16.375,16.725,16.330999,16.5,16.5,262256.0,262256.0,0.125,0.763,16.51867,"September 27, 18",0.00763
0,2018-09-26,16.638,16.75,16.299999,16.5,16.5,434954.0,434954.0,-0.138,-0.829,16.51667,"September 26, 18",-0.00829
0,2018-09-25,16.549999,16.68,16.15,16.25,16.25,202409.0,202409.0,-0.3,-1.813,16.36,"September 25, 18",-0.01813
0,2018-09-24,17.125,17.0,17.0,16.75,16.75,326671.0,326671.0,-0.375,-2.19,16.91667,"September 24, 18",-0.0219
0,2018-09-21,16.785,17.200001,16.75,17.125,17.125,416126.0,416126.0,0.34,2.026,17.025,"September 21, 18",0.02026
0,2018-09-20,16.75,17.200001,16.75,17.125,17.125,278210.0,278210.0,0.375,2.239,17.025,"September 20, 18",0.02239
0,2018-09-19,17.42,17.65,16.75,16.875,16.875,608912.0,608912.0,-0.545,-3.129,17.09167,"September 19, 18",-0.03129
0,2018-09-18,17.0,17.5,16.764999,17.25,17.25,761450.0,761450.0,0.25,1.471,17.17167,"September 18, 18",0.01471
0,2018-09-17,17.495001,16.5,16.5,16.5,16.5,883943.0,883943.0,-0.995,-5.687,16.5,"September 17, 18",-0.05687
0,2018-09-14,16.245001,16.99,16.0,16.25,16.25,896339.0,896339.0,0.005,0.031,16.41333,"September 14, 18",0.00031
0,2018-09-13,15.275,16.450001,15.275,16.0,16.0,678378.0,678378.0,0.725,4.746,15.90833,"September 13, 18",0.04746
0,2018-09-12,15.69,15.72,15.0,15.375,15.375,52167.0,52167.0,-0.315,-2.008,15.365,"September 12, 18",-0.02008
0,2018-09-11,15.563,15.69,15.203,15.375,15.375,393775.0,393775.0,-0.188,-1.208,15.42267,"September 11, 18",-0.01208
0,2018-09-10,15.725,15.725,15.0,15.375,15.375,302688.0,302688.0,-0.35,-2.226,15.36667,"September 10, 18",-0.02226
0,2018-09-07,15.325,15.5,15.28,15.625,15.625,247565.0,247565.0,0.3,1.958,15.46833,"September 07, 18",0.01958
0,2018-09-06,15.4,15.5,15.0,15.625,15.625,538830.0,538830.0,0.225,1.461,15.375,"September 06, 18",0.01461
0,2018-09-05,15.35,15.813,15.35,15.625,15.625,316688.0,316688.0,0.275,1.792,15.596,"September 05, 18",0.01792
0,2018-09-04,15.3,15.65,15.25,15.5,15.5,502342.0,502342.0,0.2,1.307,15.46667,"September 04, 18",0.01307
0,2018-09-03,15.503,15.65,15.3,15.5,15.5,272752.0,272752.0,-0.003,-0.019,15.48333,"September 03, 18",-0.00019
0,2018-08-31,15.475,15.688,15.375,15.625,15.625,140709.0,140709.0,0.15,0.969,15.56267,"August 31, 18",0.00969
0,2018-08-30,15.675,15.736,15.025,15.5,15.5,934157.0,934157.0,-0.175,-1.116,15.42033,"August 30, 18",-0.01116
0,2018-08-29,16.200001,15.55,15.55,15.55,15.55,1633654.0,1633654.0,-0.65,-4.012,15.55,"August 29, 18",-0.04012
0,2018-08-28,16.718,16.718,16.059999,16.375,16.375,379343.0,379343.0,-0.343,-2.052,16.38433,"August 28, 18",-0.02052
0,2018-08-24,16.75,17.0,16.375,16.875,16.875,386752.0,386752.0,0.125,0.746,16.75,"August 24, 18",0.00746
0,2018-08-23,17.0,17.195,16.75,17.0,17.0,746702.0,746702.0,0.0,0.0,16.98167,"August 23, 18",0.0
0,2018-08-22,17.004999,17.190001,16.75,17.125,17.125,1919057.0,1919057.0,0.12,0.706,17.02167,"August 22, 18",0.00706
0,2018-08-21,16.975,17.25,16.6,17.125,17.125,507922.0,507922.0,0.15,0.884,16.99167,"August 21, 18",0.00884
0,2018-08-20,16.25,16.975,15.825,16.875,16.875,823938.0,823938.0,0.625,3.846,16.55833,"August 20, 18",0.03846
0,2018-08-17,16.497999,16.613001,16.25,16.5,16.5,238937.0,238937.0,0.002,0.012,16.45433,"August 17, 18",0.00012
0,2018-08-16,16.700001,16.700001,16.25,16.375,16.375,394870.0,394870.0,-0.325,-1.946,16.44167,"August 16, 18",-0.01946
0,2018-08-15,17.0,17.02,16.5,16.625,16.625,333573.0,333573.0,-0.375,-2.206,16.715,"August 15, 18",-0.02206
0,2018-08-14,17.200001,17.25,16.75,17.0,17.0,385895.0,385895.0,-0.2,-1.163,17.0,"August 14, 18",-0.01163
0,2018-08-13,17.200001,17.4,16.75,17.0,17.0,229702.0,229702.0,-0.2,-1.163,17.05,"August 13, 18",-0.01163
0,2018-08-10,16.25,17.450001,16.25,17.25,17.25,630733.0,630733.0,1.0,6.154,16.98333,"August 10, 18",0.06154
0,2018-08-09,16.504999,17.0,16.25,16.375,16.375,480499.0,480499.0,-0.13,-0.788,16.54167,"August 09, 18",-0.00788
0,2018-08-08,16.549999,16.875,16.5,16.75,16.75,376470.0,376470.0,0.2,1.208,16.70833,"August 08, 18",0.01208
0,2018-08-07,17.122999,17.5,16.75,16.875,16.875,410974.0,410974.0,-0.248,-1.448,17.04167,"August 07, 18",-0.01448
0,2018-08-06,16.495001,17.25,16.200001,16.875,16.875,729909.0,729909.0,0.38,2.304,16.775,"August 06, 18",0.02304
0,2018-08-03,17.01,16.0,16.0,16.0,16.0,2119382.0,2119382.0,-1.01,-5.938,16.0,"August 03, 18",-0.05938
0,2018-08-02,17.063,17.25,17.01,17.25,17.25,202086.0,202086.0,0.187,1.096,17.17,"August 02, 18",0.01096
0,2018-08-01,17.408001,17.5,17.0,17.25,17.25,606288.0,606288.0,-0.158,-0.908,17.25,"August 01, 18",-0.00908
0,2018-07-31,17.889999,17.889999,17.306999,17.625,17.625,373517.0,373517.0,-0.265,-1.481,17.60733,"July 31, 18",-0.01481
0,2018-07-30,18.216,18.5,17.559999,17.75,17.75,745989.0,745989.0,-0.466,-2.558,17.93667,"July 30, 18",-0.02558
0,2018-07-27,18.65,18.700001,18.25,18.6,18.6,1122764.0,1122764.0,-0.05,-0.268,18.51667,"July 27, 18",-0.00268
0,2018-07-26,18.799999,19.5,18.5,18.75,18.75,1450430.0,1450430.0,-0.05,-0.266,18.91667,"July 26, 18",-0.00266
0,2018-07-25,17.875,17.875,17.5,17.75,17.75,43106.0,43106.0,-0.125,-0.699,17.70833,"July 25, 18",-0.00699
0,2018-07-24,18.084999,18.084999,17.427999,17.75,17.75,270452.0,270452.0,-0.335,-1.852,17.75433,"July 24, 18",-0.01852
0,2018-07-23,18.083,18.6,17.6,17.875,17.875,459413.0,459413.0,-0.208,-1.15,18.025,"July 23, 18",-0.0115
0,2018-07-20,18.299999,18.65,18.105,18.25,18.25,560787.0,560787.0,-0.05,-0.273,18.335,"July 20, 18",-0.00273
0,2018-07-19,18.75,18.780001,18.0,18.25,18.25,412827.0,412827.0,-0.5,-2.667,18.34333,"July 19, 18",-0.02667
0,2018-07-18,18.448,19.299999,18.200001,18.625,18.625,1653806.0,1653806.0,0.177,0.959,18.70833,"July 18, 18",0.00959
0,2018-07-17,17.950001,18.1,17.25,17.625,17.625,381690.0,381690.0,-0.325,-1.811,17.65833,"July 17, 18",-0.01811
0,2018-07-16,18.25,18.6,17.799999,17.924999,17.924999,299594.0,299594.0,-0.325,-1.781,18.10833,"July 16, 18",-0.01781
0,2018-07-13,17.718,18.65,17.528,18.375,18.375,905937.0,905937.0,0.657,3.708,18.18433,"July 13, 18",0.03708
0,2018-07-12,17.5,18.216999,17.275,17.875,17.875,461692.0,461692.0,0.375,2.143,17.789,"July 12, 18",0.02143
0,2018-07-11,18.450001,18.450001,17.024,17.375,17.375,1059491.0,1059491.0,-1.075,-5.827,17.61633,"July 11, 18",-0.05827
0,2018-07-10,18.6,19.1,17.799999,18.15,18.15,905364.0,905364.0,-0.45,-2.419,18.35,"July 10, 18",-0.02419
0,2018-07-09,19.6,19.613001,18.700001,18.924999,18.924999,398493.0,398493.0,-0.675,-3.444,19.07933,"July 09, 18",-0.03444
0,2018-07-06,19.228001,20.0,19.200001,19.6,19.6,412807.0,412807.0,0.372,1.935,19.6,"July 06, 18",0.01935
0,2018-07-05,19.700001,19.77,19.200001,19.6,19.6,200782.0,200782.0,-0.1,-0.508,19.52333,"July 05, 18",-0.00508
0,2018-07-04,19.406,19.799999,19.4,19.700001,19.700001,180898.0,180898.0,0.294,1.515,19.63333,"July 04, 18",0.01515
0,2018-07-03,19.889999,19.889999,19.200001,19.700001,19.700001,186930.0,186930.0,-0.19,-0.955,19.59667,"July 03, 18",-0.00955
0,2018-07-02,19.879999,20.0,19.465,19.700001,19.700001,344774.0,344774.0,-0.18,-0.905,19.72167,"July 02, 18",-0.00905
0,2018-06-29,20.1,20.245001,19.702999,19.85,19.85,314930.0,314930.0,-0.25,-1.244,19.93267,"June 29, 18",-0.01244
0,2018-06-28,19.73,20.1,19.73,20.049999,20.049999,181594.0,181594.0,0.32,1.622,19.96,"June 28, 18",0.01622
0,2018-06-27,19.700001,20.0,19.700001,19.85,19.85,792254.0,792254.0,0.15,0.761,19.85,"June 27, 18",0.00761
0,2018-06-26,19.879999,19.879999,19.525,19.85,19.85,3875689.0,3875689.0,-0.03,-0.151,19.75167,"June 26, 18",-0.00151
0,2018-06-25,19.9,20.1,19.5,19.75,19.75,124354.0,124354.0,-0.15,-0.754,19.78333,"June 25, 18",-0.00754
0,2018-06-22,20.0,20.200001,19.549999,19.9,19.9,468132.0,468132.0,-0.1,-0.5,19.88333,"June 22, 18",-0.005
0,2018-06-21,19.85,20.275,19.75,20.15,20.15,464887.0,464887.0,0.3,1.511,20.05833,"June 21, 18",0.01511
0,2018-06-20,19.813,20.200001,19.799999,20.0,20.0,428516.0,428516.0,0.187,0.944,20.0,"June 20, 18",0.00944
0,2018-06-19,19.813,20.200001,20.200001,20.0,20.0,207344.0,207344.0,0.187,0.944,20.13333,"June 19, 18",0.00944
0,2018-06-18,19.973,20.15,19.804001,20.0,20.0,383879.0,383879.0,0.027,0.135,19.98467,"June 18, 18",0.00135
0,2018-06-15,20.1,20.138,19.5,19.9,19.9,870249.0,870249.0,-0.2,-0.995,19.846,"June 15, 18",-0.00995
0,2018-06-14,20.049999,20.35,19.799999,20.1,20.1,5111283.0,5111283.0,0.05,0.249,20.08333,"June 14, 18",0.00249
0,2018-06-13,20.65,20.799999,19.0,20.25,20.25,4528373.0,4528373.0,-0.4,-1.937,20.01667,"June 13, 18",-0.01937
0,2018-06-12,19.747999,22.375,19.747999,20.9,20.9,2365816.0,2365816.0,1.152,5.834,21.00767,"June 12, 18",0.05834
0,2018-06-11,19.725,20.916,19.5,20.0,20.0,3455863.0,3455863.0,0.275,1.394,20.13867,"June 11, 18",0.01394
0,2018-06-08,20.790001,20.790001,20.01,20.5,20.5,339320.0,339320.0,-0.29,-1.395,20.43333,"June 08, 18",-0.01395
0,2018-06-07,20.85,21.0,20.0,20.5,20.5,737070.0,737070.0,-0.35,-1.679,20.5,"June 07, 18",-0.01679
0,2018-06-06,21.4,21.4,20.708,20.950001,20.950001,437416.0,437416.0,-0.45,-2.103,21.01933,"June 06, 18",-0.02103
0,2018-06-05,21.5,21.674999,21.035,21.25,21.25,326000.0,326000.0,-0.25,-1.163,21.32,"June 05, 18",-0.01163
0,2018-06-04,21.57,21.690001,21.02,21.25,21.25,317145.0,317145.0,-0.32,-1.484,21.32,"June 04, 18",-0.01484
0,2018-06-01,21.620001,21.700001,21.325001,21.6,21.6,297711.0,297711.0,-0.02,-0.093,21.54167,"June 01, 18",-0.00093
0,2018-05-31,21.57,21.993,21.334999,21.5,21.5,648115.0,648115.0,-0.07,-0.325,21.60933,"May 31, 18",-0.00325
0,2018-05-30,20.875,21.674999,20.188,21.35,21.35,442937.0,442937.0,0.475,2.275,21.071,"May 30, 18",0.02275
0,2018-05-29,20.375,20.99,20.0,20.5,20.5,367119.0,367119.0,0.125,0.613,20.49667,"May 29, 18",0.00613
0,2018-05-25,20.5,21.0,20.0,20.5,20.5,480083.0,480083.0,0.0,0.0,20.5,"May 25, 18",0.0
0,2018-05-24,21.306999,21.9,20.5,20.75,20.75,982181.0,982181.0,-0.557,-2.614,21.05,"May 24, 18",-0.02614
0,2018-05-23,22.528,23.0,22.299999,21.5,21.5,1327361.0,1327361.0,-1.028,-4.563,22.26667,"May 23, 18",-0.04563
0,2018-05-22,22.950001,23.0,23.0,22.6,22.6,1614499.0,1614499.0,-0.35,-1.525,22.86667,"May 22, 18",-0.01525
0,2018-05-21,21.15,23.475,20.74,22.75,22.75,2568548.0,2568548.0,1.6,7.565,22.32167,"May 21, 18",0.07565
0,2018-05-18,21.0,21.379999,20.525,21.0,21.0,1214377.0,1214377.0,0.0,0.0,20.96833,"May 18, 18",0.0
0,2018-05-17,19.950001,21.0,19.388,20.75,20.75,911226.0,911226.0,0.8,4.01,20.37933,"May 17, 18",0.0401
0,2018-05-16,21.0,21.129999,19.700001,19.85,19.85,984338.0,984338.0,-1.15,-5.476,20.22667,"May 16, 18",-0.05476
0,2018-05-15,21.18,21.200001,21.200001,21.200001,21.200001,1370695.0,1370695.0,0.02,0.094,21.2,"May 15, 18",0.00094
0,2018-05-14,19.5,21.9,20.700001,21.9,21.9,7275119.0,7275119.0,2.4,12.308,21.5,"May 14, 18",0.12308
0,2018-05-11,16.799999,17.0,16.25,16.875,16.875,839708.0,839708.0,0.075,0.446,16.70833,"May 11, 18",0.00446
0,2018-05-10,17.25,17.475,16.763,16.875,16.875,548276.0,548276.0,-0.375,-2.174,17.03767,"May 10, 18",-0.02174
0,2018-05-09,17.625,17.799999,17.25,17.375,17.375,465839.0,465839.0,-0.25,-1.418,17.475,"May 09, 18",-0.01418
0,2018-05-08,18.375,18.5,17.610001,17.75,17.75,480479.0,480479.0,-0.625,-3.401,17.95333,"May 08, 18",-0.03401
0,2018-05-04,17.700001,18.375,17.65,18.0,18.0,165799.0,165799.0,0.3,1.695,18.00833,"May 04, 18",0.01695
0,2018-05-03,18.325001,18.4,17.761,18.0,18.0,170032.0,170032.0,-0.325,-1.774,18.05367,"May 03, 18",-0.01774
0,2018-05-02,18.049999,18.450001,18.025,18.25,18.25,204189.0,204189.0,0.2,1.108,18.24167,"May 02, 18",0.01108
0,2018-05-01,18.583,18.863001,18.1,18.375,18.375,296634.0,296634.0,-0.208,-1.119,18.446,"May 01, 18",-0.01119
0,2018-04-30,19.1,19.167,18.5,18.75,18.75,198539.0,198539.0,-0.35,-1.832,18.80567,"April 30, 18",-0.01832
0,2018-04-27,18.719999,19.247,18.719999,18.875,18.875,150971.0,150971.0,0.155,0.828,18.94733,"April 27, 18",0.00828
0,2018-04-26,18.709999,19.1,18.709999,18.875,18.875,50856.0,50856.0,0.165,0.882,18.895,"April 26, 18",0.00882
0,2018-04-25,19.43,19.43,18.709999,18.875,18.875,84645.0,84645.0,-0.555,-2.856,19.005,"April 25, 18",-0.02856
0,2018-04-24,19.535,19.535,19.0,19.5,19.5,296761.0,296761.0,-0.035,-0.179,19.345,"April 24, 18",-0.00179
0,2018-04-23,19.700001,19.700001,19.158001,19.5,19.5,260912.0,260912.0,-0.2,-1.015,19.45267,"April 23, 18",-0.01015
0,2018-04-20,19.549999,19.700001,18.5,19.5,19.5,879033.0,879033.0,-0.05,-0.256,19.23333,"April 20, 18",-0.00256
0,2018-04-19,19.945,20.4,19.5,19.9,19.9,458212.0,458212.0,-0.045,-0.226,19.93333,"April 19, 18",-0.00226
0,2018-04-18,18.799999,19.9,18.799999,19.75,19.75,248015.0,248015.0,0.95,5.053,19.48333,"April 18, 18",0.05053
0,2018-04-17,18.625,18.825001,18.5,18.75,18.75,215766.0,215766.0,0.125,0.671,18.69167,"April 17, 18",0.00671
0,2018-04-16,18.475,19.0,18.25,18.75,18.75,506140.0,506140.0,0.275,1.488,18.66667,"April 16, 18",0.01488
0,2018-04-13,18.674999,19.0,18.049999,18.25,18.25,588203.0,588203.0,-0.425,-2.276,18.43333,"April 13, 18",-0.02276
0,2018-04-12,17.174999,18.950001,17.174999,18.75,18.75,1058165.0,1058165.0,1.575,9.17,18.29167,"April 12, 18",0.0917
0,2018-04-11,17.559999,17.799999,17.0,17.25,17.25,369925.0,369925.0,-0.31,-1.765,17.35,"April 11, 18",-0.01765
0,2018-04-10,18.305,18.517,17.174999,17.75,17.75,1034278.0,1034278.0,-0.555,-3.032,17.814,"April 10, 18",-0.03032
0,2018-04-09,18.712999,18.712999,18.25,18.5,18.5,280482.0,280482.0,-0.213,-1.138,18.48767,"April 09, 18",-0.01138
0,2018-04-06,19.25,19.5,18.5,18.75,18.75,709175.0,709175.0,-0.5,-2.597,18.91667,"April 06, 18",-0.02597
0,2018-04-05,18.375,19.299999,18.375,19.0,19.0,255956.0,255956.0,0.625,3.401,18.89167,"April 05, 18",0.03401
0,2018-04-04,19.049999,18.25,18.25,18.25,18.25,650400.0,650400.0,-0.8,-4.199,18.25,"April 04, 18",-0.04199
0,2018-04-03,19.450001,19.450001,18.538,19.25,19.25,374638.0,374638.0,-0.2,-1.028,19.07933,"April 03, 18",-0.01028
0,2018-03-29,18.0,18.0,18.0,19.25,19.25,386961.0,386961.0,1.25,6.944,18.41667,"March 29, 18",0.06944
0,2018-03-28,19.690001,20.5,19.049999,19.5,19.5,1518004.0,1518004.0,-0.19,-0.965,19.68333,"March 28, 18",-0.00965
0,2018-03-27,21.25,21.5,21.5,21.0,21.0,705602.0,705602.0,-0.25,-1.176,21.33333,"March 27, 18",-0.01176
0,2018-03-26,20.875,21.5,21.5,21.75,21.75,586520.0,586520.0,0.875,4.192,21.58333,"March 26, 18",0.04192
0,2018-03-23,22.209999,22.25,20.799999,21.5,21.5,1253042.0,1253042.0,-0.71,-3.197,21.51667,"March 23, 18",-0.03197
0,2018-03-22,21.25,20.6,20.6,22.200001,22.200001,1000562.0,1000562.0,0.95,4.471,21.13333,"March 22, 18",0.04471
0,2018-03-21,20.799999,21.450001,20.049999,21.0,21.0,955526.0,955526.0,0.2,0.962,20.83333,"March 21, 18",0.00962
0,2018-03-20,18.65,18.65,18.65,20.4,20.4,781438.0,781438.0,1.75,9.383,19.23333,"March 20, 18",0.09383
0,2018-03-19,19.228001,19.0,19.0,19.0,19.0,1349158.0,1349158.0,-0.228,-1.186,19.0,"March 19, 18",-0.01186
0,2018-03-16,18.99,19.549999,19.549999,19.549999,19.549999,2297128.0,2297128.0,0.56,2.949,19.55,"March 16, 18",0.02949
0,2018-03-15,19.5,19.5,18.5,18.9,18.9,1298636.0,1298636.0,-0.6,-3.077,18.96667,"March 15, 18",-0.03077
0,2018-03-14,20.200001,20.200001,19.5,19.75,19.75,319233.0,319233.0,-0.45,-2.228,19.81667,"March 14, 18",-0.02228
0,2018-03-13,21.799999,21.809999,19.6,20.15,20.15,1163357.0,1163357.0,-1.65,-7.569,20.52,"March 13, 18",-0.07569
0,2018-03-12,22.225,22.950001,21.1,21.75,21.75,1940614.0,1940614.0,-0.475,-2.137,21.93333,"March 12, 18",-0.02137
0,2018-03-09,20.125,22.34,20.125,22.25,22.25,1209683.0,1209683.0,2.125,10.559,21.57167,"March 09, 18",0.10559
0,2018-03-08,19.75,20.4,20.4,20.25,20.25,1233628.0,1233628.0,0.5,2.532,20.35,"March 08, 18",0.02532
0,2018-03-07,19.6,20.75,18.65,19.475,19.475,5037946.0,5037946.0,-0.125,-0.638,19.625,"March 07, 18",-0.00638
0,2018-03-06,16.85,18.25,16.299999,17.625,17.625,883464.0,883464.0,0.775,4.599,17.39167,"March 06, 18",0.04599
0,2018-03-05,15.85,17.25,15.685,17.125,17.125,328954.0,328954.0,1.275,8.044,16.68667,"March 05, 18",0.08044
0,2018-03-02,14.1,16.565001,14.1,15.875,15.875,1352256.0,1352256.0,1.775,12.589,15.51333,"March 02, 18",0.12589
0,2018-03-01,13.925,15.0,13.925,14.125,14.125,741549.0,741549.0,0.2,1.436,14.35,"March 01, 18",0.01436
0,2018-02-28,13.575,13.95,13.3,13.625,13.625,517791.0,517791.0,0.05,0.368,13.625,"February 28, 18",0.00368
0,2018-02-27,14.19,14.19,13.65,13.75,13.75,104412.0,104412.0,-0.44,-3.101,13.86333,"February 27, 18",-0.03101
0,2018-02-26,14.2,14.2,13.8,14.0,14.0,61803.0,61803.0,-0.2,-1.408,14.0,"February 26, 18",-0.01408
0,2018-02-23,14.55,14.55,13.7,14.0,14.0,306646.0,306646.0,-0.55,-3.78,14.08333,"February 23, 18",-0.0378
0,2018-02-22,14.475,14.65,14.15,14.375,14.375,170831.0,170831.0,-0.1,-0.691,14.39167,"February 22, 18",-0.00691
0,2018-02-21,14.44,14.44,14.2,14.25,14.25,84411.0,84411.0,-0.19,-1.316,14.29667,"February 21, 18",-0.01316
0,2018-02-20,14.5,14.75,14.175,14.25,14.25,375902.0,375902.0,-0.25,-1.724,14.39167,"February 20, 18",-0.01724
0,2018-02-19,14.75,15.0,14.625,14.875,14.875,84710.0,84710.0,0.125,0.847,14.83333,"February 19, 18",0.00847
0,2018-02-16,14.95,15.175,14.775,15.0,15.0,205596.0,205596.0,0.05,0.334,14.98333,"February 16, 18",0.00334
0,2018-02-15,14.225,15.0,14.05,14.875,14.875,168621.0,168621.0,0.65,4.569,14.64167,"February 15, 18",0.04569
0,2018-02-14,14.25,14.25,13.875,13.875,13.875,167209.0,167209.0,-0.375,-2.632,14.0,"February 14, 18",-0.02632
0,2018-02-13,14.5,14.5,13.875,13.875,13.875,811896.0,811896.0,-0.625,-4.31,14.08333,"February 13, 18",-0.0431
0,2018-02-12,14.695,15.063,14.464,14.75,14.75,519108.0,519108.0,0.055,0.374,14.759,"February 12, 18",0.00374
0,2018-02-09,14.575,15.1,14.288,14.625,14.625,440332.0,440332.0,0.05,0.343,14.671,"February 09, 18",0.00343
0,2018-02-08,14.85,14.85,14.35,14.875,14.875,185218.0,185218.0,0.025,0.168,14.69167,"February 08, 18",0.00168
0,2018-02-07,14.675,14.9,14.375,14.75,14.75,168692.0,168692.0,0.075,0.511,14.675,"February 07, 18",0.00511
0,2018-02-06,13.65,14.75,13.65,14.5,14.5,668520.0,668520.0,0.85,6.227,14.3,"February 06, 18",0.06227
0,2018-02-05,16.35,16.35,14.75,15.0,15.0,1544883.0,1544883.0,-1.35,-8.257,15.36667,"February 05, 18",-0.08257
0,2018-02-02,16.27,17.0,16.27,16.5,16.5,603818.0,603818.0,0.23,1.414,16.59,"February 02, 18",0.01414
0,2018-02-01,16.75,16.75,16.1,16.375,16.375,258613.0,258613.0,-0.375,-2.239,16.40833,"February 01, 18",-0.02239
0,2018-01-31,16.15,16.75,16.049999,16.375,16.375,562583.0,562583.0,0.225,1.393,16.39167,"January 31, 18",0.01393
0,2018-01-30,16.77,16.77,16.1,16.375,16.375,203191.0,203191.0,-0.395,-2.355,16.415,"January 30, 18",-0.02355
0,2018-01-29,16.533001,16.780001,16.504999,16.75,16.75,392275.0,392275.0,0.217,1.313,16.67833,"January 29, 18",0.01313
0,2018-01-26,16.85,17.297001,16.5,16.75,16.75,465366.0,465366.0,-0.1,-0.593,16.849,"January 26, 18",-0.00593
0,2018-01-25,17.0,17.375,16.538,17.125,17.125,568293.0,568293.0,0.125,0.735,17.01267,"January 25, 18",0.00735
0,2018-01-24,16.049999,17.700001,16.049999,16.875,16.875,488072.0,488072.0,0.825,5.14,16.875,"January 24, 18",0.0514
0,2018-01-23,16.0,15.75,15.75,15.75,15.75,453869.0,453869.0,-0.25,-1.563,15.75,"January 23, 18",-0.01563
0,2018-01-22,17.0,17.243,14.4,16.5,16.5,569863.0,569863.0,-0.5,-2.941,16.04767,"January 22, 18",-0.02941
0,2018-01-19,18.120001,18.129999,16.5,17.0,17.0,1081984.0,1081984.0,-1.12,-6.181,17.21,"January 19, 18",-0.06181
0,2018-01-18,15.525,15.65,15.65,18.0,18.0,2769242.0,2769242.0,2.475,15.942,16.43333,"January 18, 18",0.15942
0,2018-01-17,15.235,15.98,15.0,15.625,15.625,977319.0,977319.0,0.39,2.56,15.535,"January 17, 18",0.0256
0,2018-01-16,15.65,15.875,14.4,14.875,14.875,972927.0,972927.0,-0.775,-4.952,15.05,"January 16, 18",-0.04952
0,2018-01-15,14.6,16.35,14.1,15.25,15.25,3339398.0,3339398.0,0.65,4.452,15.23333,"January 15, 18",0.04452
0,2018-01-12,13.63,14.0,13.63,13.875,13.875,395032.0,395032.0,0.245,1.798,13.835,"January 12, 18",0.01798
0,2018-01-11,13.288,13.775,12.25,13.5,13.5,3170969.0,3170969.0,0.212,1.595,13.175,"January 11, 18",0.01595
0,2018-01-10,13.95,13.95,13.375,13.875,13.875,587978.0,587978.0,-0.075,-0.538,13.73333,"January 10, 18",-0.00538
0,2018-01-09,14.758,14.95,13.35,13.875,13.875,1524852.0,1524852.0,-0.883,-5.983,14.05833,"January 09, 18",-0.05983
0,2018-01-08,15.38,15.65,14.758,15.125,15.125,320401.0,320401.0,-0.255,-1.658,15.17767,"January 08, 18",-0.01658
0,2018-01-05,15.85,16.0,15.325,15.5,15.5,209022.0,209022.0,-0.35,-2.208,15.60833,"January 05, 18",-0.02208
0,2018-01-04,15.88,15.88,15.325,15.5,15.5,299844.0,299844.0,-0.38,-2.393,15.56833,"January 04, 18",-0.02393
0,2018-01-03,15.9,16.4,15.15,15.75,15.75,902444.0,902444.0,-0.15,-0.943,15.76667,"January 03, 18",-0.00943
0,2018-01-02,15.2,16.0,15.156,15.5,15.5,633231.0,633231.0,0.3,1.974,15.552,"January 02, 18",0.01974
0,2017-12-29,14.9,15.25,14.9,15.0,15.0,61991.0,61991.0,0.1,0.671,15.05,"December 29, 17",0.00671
0,2017-12-28,15.25,15.25,14.9,15.0,15.0,57900.0,57900.0,-0.25,-1.639,15.05,"December 28, 17",-0.01639
0,2017-12-27,14.7,15.25,14.7,14.875,14.875,92440.0,92440.0,0.175,1.19,14.94167,"December 27, 17",0.0119
0,2017-12-22,15.05,15.05,14.665,14.875,14.875,61149.0,61149.0,-0.175,-1.163,14.86333,"December 22, 17",-0.01163
0,2017-12-21,15.05,15.05,14.65,14.875,14.875,91662.0,91662.0,-0.175,-1.163,14.85833,"December 21, 17",-0.01163
0,2017-12-20,14.55,15.25,14.51,14.875,14.875,265598.0,265598.0,0.325,2.234,14.87833,"December 20, 17",0.02234
0,2017-12-19,14.8,15.4,14.5,14.875,14.875,536568.0,536568.0,0.075,0.507,14.925,"December 19, 17",0.00507
0,2017-12-18,15.8,15.8,14.775,15.125,15.125,163743.0,163743.0,-0.675,-4.272,15.23333,"December 18, 17",-0.04272
0,2017-12-15,15.2,15.7,14.825,15.5,15.5,539052.0,539052.0,0.3,1.974,15.34167,"December 15, 17",0.01974
0,2017-12-14,14.938,15.3,14.87,15.125,15.125,65742.0,65742.0,0.187,1.252,15.09833,"December 14, 17",0.01252
0,2017-12-13,15.733,15.733,14.75,15.125,15.125,383448.0,383448.0,-0.608,-3.864,15.20267,"December 13, 17",-0.03864
0,2017-12-12,14.775,17.0,14.37,15.875,15.875,991438.0,991438.0,1.1,7.445,15.74833,"December 12, 17",0.07445
0,2017-12-11,13.725,14.963,13.7,14.625,14.625,786590.0,786590.0,0.9,6.557,14.42933,"December 11, 17",0.06557
0,2017-12-08,13.83,13.83,13.3,13.625,13.625,209991.0,209991.0,-0.205,-1.482,13.585,"December 08, 17",-0.01482
0,2017-12-07,14.37,14.37,13.5,13.75,13.75,523580.0,523580.0,-0.62,-4.315,13.87333,"December 07, 17",-0.04315
0,2017-12-06,14.65,14.9,14.35,14.625,14.625,256849.0,256849.0,-0.025,-0.171,14.625,"December 06, 17",-0.00171
0,2017-12-05,15.15,15.15,14.65,14.75,14.75,287590.0,287590.0,-0.4,-2.64,14.85,"December 05, 17",-0.0264
0,2017-12-04,15.222,15.463,14.475,15.0,15.0,754680.0,754680.0,-0.222,-1.458,14.97933,"December 04, 17",-0.01458
0,2017-12-01,15.6,15.65,14.75,15.125,15.125,726964.0,726964.0,-0.475,-3.045,15.175,"December 01, 17",-0.03045
0,2017-11-30,17.25,17.25,15.1,15.375,15.375,1827346.0,1827346.0,-1.875,-10.87,15.90833,"November 30, 17",-0.1087
0,2017-11-29,15.9,16.700001,15.4,16.5,16.5,1351402.0,1351402.0,0.6,3.774,16.2,"November 29, 17",0.03774
0,2017-11-28,13.9,16.35,13.9,15.875,15.875,1884898.0,1884898.0,1.975,14.209,15.375,"November 28, 17",0.14209
0,2017-11-27,13.625,13.625,13.625,13.625,13.625,0.0,0.0,0.0,0.0,0.0,"November 27, 17",0.0
0,2017-11-24,13.625,13.625,13.625,13.625,13.625,0.0,0.0,0.0,0.0,0.0,"November 24, 17",0.0
0,2017-11-23,14.125,14.125,14.125,14.125,14.125,0.0,0.0,0.0,0.0,0.0,"November 23, 17",0.0
0,2017-11-22,13.125,13.125,13.125,13.125,13.125,0.0,0.0,0.0,0.0,0.0,"November 22, 17",0.0
0,2017-11-21,13.75,13.75,13.75,13.75,13.75,0.0,0.0,0.0,0.0,0.0,"November 21, 17",0.0
0,2017-11-20,13.625,13.625,13.625,13.625,13.625,0.0,0.0,0.0,0.0,0.0,"November 20, 17",0.0
0,2017-11-17,13.24,13.623,12.8,13.375,13.375,582125.0,582125.0,0.135,1.02,13.266,"November 17, 17",0.0102
0,2017-11-16,13.3,13.3,12.8,13.125,13.125,151539.0,151539.0,-0.175,-1.316,13.075,"November 16, 17",-0.01316
0,2017-11-15,13.55,13.75,12.758,13.125,13.125,153710.0,153710.0,-0.425,-3.137,13.211,"November 15, 17",-0.03137
0,2017-11-14,13.3,13.6,13.25,13.5,13.5,258340.0,258340.0,0.2,1.504,13.45,"November 14, 17",0.01504
0,2017-11-13,13.0,13.75,13.0,13.5,13.5,1004648.0,1004648.0,0.5,3.846,13.41667,"November 13, 17",0.03846
0,2017-11-10,13.913,13.913,13.15,13.25,13.25,441062.0,441062.0,-0.663,-4.765,13.43767,"November 10, 17",-0.04765
0,2017-11-09,14.0,14.225,13.25,13.75,13.75,504101.0,504101.0,-0.25,-1.786,13.74167,"November 09, 17",-0.01786
0,2017-11-08,14.5,14.75,13.45,14.25,14.25,659683.0,659683.0,-0.25,-1.724,14.15,"November 08, 17",-0.01724
0,2017-11-07,14.5,14.875,14.0,14.5,14.5,469741.0,469741.0,0.0,0.0,14.45833,"November 07, 17",0.0
0,2017-11-06,13.45,15.0,13.4,14.25,14.25,1745528.0,1745528.0,0.8,5.948,14.21667,"November 06, 17",0.05948
0,2017-11-03,13.0,14.25,13.0,13.75,13.75,964941.0,964941.0,0.75,5.769,13.66667,"November 03, 17",0.05769
0,2017-11-02,12.55,13.5,12.15,12.875,12.875,764586.0,764586.0,0.325,2.59,12.84167,"November 02, 17",0.0259
0,2017-11-01,11.9,12.5,11.9,12.375,12.375,197263.0,197263.0,0.475,3.992,12.25833,"November 01, 17",0.03992
0,2017-10-31,12.625,12.625,11.75,12.125,12.125,577654.0,577654.0,-0.5,-3.96,12.16667,"October 31, 17",-0.0396
0,2017-10-30,12.1,13.0,11.6,12.75,12.75,1190397.0,1190397.0,0.65,5.372,12.45,"October 30, 17",0.05372
0,2017-10-27,11.7,12.5,11.6,12.25,12.25,530386.0,530386.0,0.55,4.701,12.11667,"October 27, 17",0.04701
0,2017-10-26,11.87,12.15,11.55,11.75,11.75,1200102.0,1200102.0,-0.12,-1.011,11.81667,"October 26, 17",-0.01011
0,2017-10-25,11.7,13.225,11.45,12.0,12.0,3316256.0,3316256.0,0.3,2.564,12.225,"October 25, 17",0.02564
0,2017-10-24,11.0,11.75,10.7,11.375,11.375,2517971.0,2517971.0,0.375,3.409,11.275,"October 24, 17",0.03409
0,2017-10-23,10.538,10.9,10.26,10.75,10.75,447514.0,447514.0,0.212,2.012,10.63667,"October 23, 17",0.02012
0,2017-10-20,10.6,10.6,10.313,10.5,10.5,434567.0,434567.0,-0.1,-0.943,10.471,"October 20, 17",-0.00943
0,2017-10-19,10.65,10.75,10.0,10.5,10.5,658805.0,658805.0,-0.15,-1.408,10.41667,"October 19, 17",-0.01408
0,2017-10-18,10.0,10.913,10.0,10.75,10.75,2665083.0,2665083.0,0.75,7.5,10.55433,"October 18, 17",0.075
0,2017-10-17,10.9,10.9,10.0,10.5,10.5,679794.0,679794.0,-0.4,-3.67,10.46667,"October 17, 17",-0.0367
0,2017-10-16,10.95,11.05,10.5,11.0,11.0,1362853.0,1362853.0,0.05,0.457,10.85,"October 16, 17",0.00457
0,2017-10-13,11.0,11.5,10.625,10.875,10.875,2511939.0,2511939.0,-0.125,-1.136,11.0,"October 13, 17",-0.01136
0,2017-10-12,10.249,11.775,10.249,10.875,10.875,3067822.0,3067822.0,0.626,6.108,10.96633,"October 12, 17",0.06108
0,2017-10-11,11.82,12.0,10.6,11.375,11.375,868018.0,868018.0,-0.445,-3.765,11.325,"October 11, 17",-0.03765
0,2017-10-10,12.475,12.475,11.75,11.875,11.875,275940.0,275940.0,-0.6,-4.81,12.03333,"October 10, 17",-0.0481
0,2017-10-09,11.85,13.1,11.85,12.5,12.5,440027.0,440027.0,0.65,5.485,12.48333,"October 09, 17",0.05485
0,2017-10-06,11.37,12.5,11.37,12.125,12.125,937951.0,937951.0,0.755,6.64,11.99833,"October 06, 17",0.0664
0,2017-10-05,10.5,11.388,10.425,11.125,11.125,368069.0,368069.0,0.625,5.952,10.97933,"October 05, 17",0.05952
0,2017-10-04,10.475,10.55,9.7,10.0,10.0,191156.0,191156.0,-0.475,-4.535,10.08333,"October 04, 17",-0.04535
0,2017-10-03,10.35,10.6,10.25,10.625,10.625,212683.0,212683.0,0.275,2.657,10.49167,"October 03, 17",0.02657
0,2017-10-02,10.763,10.788,10.35,10.625,10.625,185108.0,185108.0,-0.138,-1.282,10.58767,"October 02, 17",-0.01282
0,2017-09-29,11.1,11.1,10.5,10.75,10.75,221203.0,221203.0,-0.35,-3.153,10.78333,"September 29, 17",-0.03153
0,2017-09-28,11.3,11.3,10.75,11.125,11.125,345613.0,345613.0,-0.175,-1.549,11.05833,"September 28, 17",-0.01549
0,2017-09-27,11.525,12.175,10.551,11.25,11.25,815515.0,815515.0,-0.275,-2.386,11.32533,"September 27, 17",-0.02386
0,2017-09-26,12.026,12.026,11.125,11.5,11.5,912721.0,912721.0,-0.526,-4.374,11.55033,"September 26, 17",-0.04374
0,2017-09-25,12.15,13.375,12.005,12.5,12.5,1366310.0,1366310.0,0.35,2.881,12.62667,"September 25, 17",0.02881
0,2017-09-22,11.45,12.67,11.25,12.25,12.25,866109.0,866109.0,0.8,6.987,12.05667,"September 22, 17",0.06987
0,2017-09-21,12.445,12.445,11.15,11.375,11.375,496166.0,496166.0,-1.07,-8.598,11.65667,"September 21, 17",-0.08598
0,2017-09-20,11.65,13.0,11.65,12.375,12.375,2090739.0,2090739.0,0.725,6.223,12.34167,"September 20, 17",0.06223
0,2017-09-19,10.739,11.695,10.7,11.375,11.375,411682.0,411682.0,0.636,5.922,11.25667,"September 19, 17",0.05922
0,2017-09-18,10.475,10.75,10.375,10.625,10.625,39123.0,39123.0,0.15,1.432,10.58333,"September 18, 17",0.01432
0,2017-09-15,10.75,10.75,10.475,10.625,10.625,18028.0,18028.0,-0.125,-1.163,10.61667,"September 15, 17",-0.01163
0,2017-09-14,10.18,11.4,9.95,10.625,10.625,954772.0,954772.0,0.445,4.371,10.65833,"September 14, 17",0.04371
0,2017-09-13,10.55,10.55,9.7,10.125,10.125,120546.0,120546.0,-0.425,-4.028,10.125,"September 13, 17",-0.04028
0,2017-09-12,10.3,10.3,10.258,10.625,10.625,74900.0,74900.0,0.325,3.155,10.39433,"September 12, 17",0.03155
0,2017-09-11,10.411,10.45,10.35,10.625,10.625,63165.0,63165.0,0.214,2.056,10.475,"September 11, 17",0.02056
0,2017-09-08,10.68,10.68,10.258,10.625,10.625,187375.0,187375.0,-0.055,-0.515,10.521,"September 08, 17",-0.00515
0,2017-09-07,10.68,10.68,10.411,10.625,10.625,18831.0,18831.0,-0.055,-0.515,10.572,"September 07, 17",-0.00515
0,2017-09-06,10.411,10.68,10.411,10.625,10.625,33934.0,33934.0,0.214,2.056,10.572,"September 06, 17",0.02056
0,2017-09-05,10.55,10.8,10.4,10.625,10.625,230949.0,230949.0,0.075,0.711,10.60833,"September 05, 17",0.00711
0,2017-09-04,10.3,10.325,10.3,10.375,10.375,37132.0,37132.0,0.075,0.728,10.33333,"September 04, 17",0.00728
0,2017-09-01,10.3,10.738,10.3,10.625,10.625,51510.0,51510.0,0.325,3.155,10.55433,"September 01, 17",0.03155
0,2017-08-31,10.2,10.775,10.1,10.625,10.625,165890.0,165890.0,0.425,4.167,10.5,"August 31, 17",0.04167
0,2017-08-30,10.82,10.9,10.125,10.125,10.125,236112.0,236112.0,-0.695,-6.423,10.38333,"August 30, 17",-0.06423
0,2017-08-29,10.998,11.3,10.6,10.75,10.75,387638.0,387638.0,-0.248,-2.255,10.88333,"August 29, 17",-0.02255
0,2017-08-25,11.0,11.0,10.758,11.125,11.125,60516.0,60516.0,0.125,1.136,10.961,"August 25, 17",0.01136
0,2017-08-24,11.1,11.1,11.013,11.125,11.125,41438.0,41438.0,0.025,0.225,11.07933,"August 24, 17",0.00225
0,2017-08-23,11.1,11.1,10.758,11.125,11.125,73450.0,73450.0,0.025,0.225,10.99433,"August 23, 17",0.00225
0,2017-08-22,10.938,11.2,10.825,11.125,11.125,102485.0,102485.0,0.187,1.71,11.05,"August 22, 17",0.0171
0,2017-08-21,11.425,11.425,10.92,11.125,11.125,68223.0,68223.0,-0.3,-2.626,11.15667,"August 21, 17",-0.02626
0,2017-08-18,10.75,11.425,10.75,11.125,11.125,200838.0,200838.0,0.375,3.488,11.1,"August 18, 17",0.03488
0,2017-08-17,10.55,10.75,10.5,10.625,10.625,676818.0,676818.0,0.075,0.711,10.625,"August 17, 17",0.00711
0,2017-08-16,12.5,13.245,11.0,11.125,11.125,1054283.0,1054283.0,-1.375,-11.0,11.79,"August 16, 17",-0.11
0,2017-08-15,11.1,11.15,10.8,11.0,11.0,300644.0,300644.0,-0.1,-0.901,10.98333,"August 15, 17",-0.00901
0,2017-08-14,11.29,11.29,10.75,11.0,11.0,203655.0,203655.0,-0.29,-2.569,11.01333,"August 14, 17",-0.02569
0,2017-08-11,10.6,11.5,10.5,11.125,11.125,1022089.0,1022089.0,0.525,4.953,11.04167,"August 11, 17",0.04953
0,2017-08-10,9.563,11.2,9.5,10.875,10.875,339323.0,339323.0,1.312,13.72,10.525,"August 10, 17",0.1372
0,2017-08-09,9.563,9.563,9.563,10.0,10.0,10826.0,10826.0,0.437,4.57,9.70867,"August 09, 17",0.0457
0,2017-08-08,9.55,10.25,9.55,10.0,10.0,104876.0,104876.0,0.45,4.712,9.93333,"August 08, 17",0.04712
0,2017-08-07,9.55,9.55,9.55,10.0,10.0,343.0,343.0,0.45,4.712,9.7,"August 07, 17",0.04712
0,2017-08-04,10.37,10.37,10.0,10.0,10.0,29756.0,29756.0,-0.37,-3.568,10.12333,"August 04, 17",-0.03568
0,2017-08-03,10.4,10.4,10.375,10.25,10.25,8240.0,8240.0,-0.15,-1.442,10.34167,"August 03, 17",-0.01442
0,2017-08-02,10.275,10.59,10.125,10.25,10.25,89837.0,89837.0,-0.025,-0.243,10.32167,"August 02, 17",-0.00243
0,2017-08-01,10.65,10.65,10.25,10.5,10.5,117001.0,117001.0,-0.15,-1.408,10.46667,"August 01, 17",-0.01408
0,2017-07-31,10.7,10.725,10.25,10.625,10.625,391869.0,391869.0,-0.075,-0.701,10.53333,"July 31, 17",-0.00701
0,2017-07-28,10.3,10.7,10.3,10.625,10.625,315253.0,315253.0,0.325,3.155,10.54167,"July 28, 17",0.03155
0,2017-07-27,10.42,10.7,10.42,10.375,10.375,501271.0,501271.0,-0.045,-0.432,10.49833,"July 27, 17",-0.00432
0,2017-07-26,10.4,10.9,10.4,10.625,10.625,45780.0,45780.0,0.225,2.163,10.64167,"July 26, 17",0.02163
0,2017-07-25,10.625,10.75,10.625,10.625,10.625,99758.0,99758.0,0.0,0.0,10.66667,"July 25, 17",0.0
0,2017-07-24,10.5,10.5,10.25,10.375,10.375,63059.0,63059.0,-0.125,-1.19,10.375,"July 24, 17",-0.0119
0,2017-07-21,10.375,10.375,10.2,10.25,10.25,49902.0,49902.0,-0.125,-1.205,10.275,"July 21, 17",-0.01205
0,2017-07-20,10.7,10.7,10.125,10.25,10.25,279334.0,279334.0,-0.45,-4.206,10.35833,"July 20, 17",-0.04206
0,2017-07-19,10.75,10.85,10.35,10.5,10.5,85681.0,85681.0,-0.25,-2.326,10.56667,"July 19, 17",-0.02326
0,2017-07-18,10.45,10.982,9.788,10.625,10.625,1307026.0,1307026.0,0.175,1.675,10.465,"July 18, 17",0.01675
0,2017-07-17,9.87,9.952,9.67,10.25,10.25,186606.0,186606.0,0.38,3.85,9.95733,"July 17, 17",0.0385
0,2017-07-14,9.725,9.9,9.67,9.75,9.75,139025.0,139025.0,0.025,0.257,9.77333,"July 14, 17",0.00257
0,2017-07-13,9.65,9.748,9.65,9.75,9.75,234674.0,234674.0,0.1,1.036,9.716,"July 13, 17",0.01036
0,2017-07-12,9.6,9.703,9.555,9.75,9.75,129855.0,129855.0,0.15,1.563,9.66933,"July 12, 17",0.01563
0,2017-07-11,10.0,10.0,10.0,10.0,10.0,0.0,0.0,0.0,0.0,0.0,"July 11, 17",0.0
0,2017-07-10,9.65,10.2,9.65,10.0,10.0,267396.0,267396.0,0.35,3.627,9.95,"July 10, 17",0.03627
0,2017-07-07,9.525,10.013,9.5,9.75,9.75,184941.0,184941.0,0.225,2.362,9.75433,"July 07, 17",0.02362
0,2017-07-06,10.0,10.25,9.525,9.75,9.75,290069.0,290069.0,-0.25,-2.5,9.84167,"July 06, 17",-0.025
0,2017-07-05,10.85,10.9,10.125,10.5,10.5,546694.0,546694.0,-0.35,-3.226,10.50833,"July 05, 17",-0.03226
0,2017-07-04,10.65,11.225,10.5,10.75,10.75,711991.0,711991.0,0.1,0.939,10.825,"July 04, 17",0.00939
0,2017-07-03,9.15,11.0,8.75,10.625,10.625,1836113.0,1836113.0,1.475,16.12,10.125,"July 03, 17",0.1612
0,2017-06-30,8.35,8.825,8.0,8.5,8.5,249153.0,249153.0,0.15,1.796,8.44167,"June 30, 17",0.01796
0,2017-06-29,8.875,8.875,8.25,8.625,8.625,184437.0,184437.0,-0.25,-2.817,8.58333,"June 29, 17",-0.02817
0,2017-06-28,7.695,8.938,7.3,8.75,8.75,575082.0,575082.0,1.055,13.71,8.32933,"June 28, 17",0.1371
0,2017-06-27,7.5,7.695,7.5,7.695,7.695,95487.0,95487.0,0.195,2.6,7.63,"June 27, 17",0.026
0,2017-06-26,8.125,8.5,7.5,7.6,7.6,521972.0,521972.0,-0.525,-6.462,7.86667,"June 26, 17",-0.06462
0,2017-06-23,7.08,7.45,6.8,7.25,7.25,353393.0,353393.0,0.17,2.401,7.16667,"June 23, 17",0.02401
0,2017-06-22,7.375,7.375,6.875,7.0,7.0,352386.0,352386.0,-0.375,-5.085,7.08333,"June 22, 17",-0.05085
0,2017-06-21,8.25,8.25,7.25,7.375,7.375,616162.0,616162.0,-0.875,-10.606,7.625,"June 21, 17",-0.10606
0,2017-06-20,8.35,8.35,8.25,8.5,8.5,32657.0,32657.0,0.15,1.796,8.36667,"June 20, 17",0.01796
0,2017-06-19,8.25,8.4,8.25,8.5,8.5,36902.0,36902.0,0.25,3.03,8.38333,"June 19, 17",0.0303
0,2017-06-16,8.25,8.4,8.25,8.5,8.5,24252.0,24252.0,0.25,3.03,8.38333,"June 16, 17",0.0303
0,2017-06-15,8.45,8.45,8.35,8.5,8.5,86943.0,86943.0,0.05,0.592,8.43333,"June 15, 17",0.00592
0,2017-06-14,8.25,8.475,8.25,8.5,8.5,90996.0,90996.0,0.25,3.03,8.40833,"June 14, 17",0.0303
0,2017-06-13,8.55,8.7,8.25,8.5,8.5,554722.0,554722.0,-0.05,-0.585,8.48333,"June 13, 17",-0.00585
0,2017-06-12,9.175,9.175,8.0,8.625,8.625,1116436.0,1116436.0,-0.55,-5.995,8.6,"June 12, 17",-0.05995
0,2017-06-09,9.25,9.25,9.0,9.25,9.25,32676.0,32676.0,0.0,0.0,9.16667,"June 09, 17",0.0
0,2017-06-08,9.0,9.2,9.0,9.125,9.125,52919.0,52919.0,0.125,1.389,9.10833,"June 08, 17",0.01389
0,2017-06-07,9.25,9.25,9.15,9.125,9.125,91814.0,91814.0,-0.125,-1.351,9.175,"June 07, 17",-0.01351
0,2017-06-06,9.38,9.4,9.05,9.375,9.375,146805.0,146805.0,-0.005,-0.053,9.275,"June 06, 17",-0.00053
0,2017-06-05,9.75,9.838,9.0,9.25,9.25,449432.0,449432.0,-0.5,-5.128,9.36267,"June 05, 17",-0.05128
0,2017-06-02,9.77,10.05,9.75,10.0,10.0,436185.0,436185.0,0.23,2.354,9.93333,"June 02, 17",0.02354
0,2017-06-01,10.2,10.2,9.55,9.875,9.875,395978.0,395978.0,-0.325,-3.186,9.875,"June 01, 17",-0.03186
0,2017-05-31,10.24,10.4,10.0,10.125,10.125,314927.0,314927.0,-0.115,-1.123,10.175,"May 31, 17",-0.01123
0,2017-05-30,10.525,10.525,10.0,10.125,10.125,749765.0,749765.0,-0.4,-3.8,10.21667,"May 30, 17",-0.038
0,2017-05-26,10.425,10.725,10.425,10.625,10.625,183084.0,183084.0,0.2,1.918,10.59167,"May 26, 17",0.01918
0,2017-05-25,10.75,10.8,10.0,10.375,10.375,116407.0,116407.0,-0.375,-3.488,10.39167,"May 25, 17",-0.03488
0,2017-05-24,10.75,10.75,10.75,11.0,11.0,22136.0,22136.0,0.25,2.326,10.83333,"May 24, 17",0.02326
0,2017-05-23,10.75,10.8,10.75,11.0,11.0,26742.0,26742.0,0.25,2.326,10.85,"May 23, 17",0.02326
0,2017-05-22,10.75,10.8,10.75,11.0,11.0,15185.0,15185.0,0.25,2.326,10.85,"May 22, 17",0.02326
0,2017-05-19,10.945,10.945,10.35,11.0,11.0,151560.0,151560.0,0.055,0.503,10.765,"May 19, 17",0.00503
0,2017-05-18,10.8,11.0,10.75,11.0,11.0,157272.0,157272.0,0.2,1.852,10.91667,"May 18, 17",0.01852
0,2017-05-17,11.0,11.0,10.825,10.75,10.75,63574.0,63574.0,-0.25,-2.273,10.85833,"May 17, 17",-0.02273
0,2017-05-16,10.75,10.85,10.5,10.75,10.75,120378.0,120378.0,0.0,0.0,10.7,"May 16, 17",0.0
0,2017-05-15,10.75,11.05,10.6,11.0,11.0,234852.0,234852.0,0.25,2.326,10.88333,"May 15, 17",0.02326
0,2017-05-12,10.92,10.938,10.55,10.625,10.625,636852.0,636852.0,-0.295,-2.701,10.70433,"May 12, 17",-0.02701
0,2017-05-11,11.25,11.25,10.6,10.875,10.875,1210607.0,1210607.0,-0.375,-3.333,10.90833,"May 11, 17",-0.03333
0,2017-05-10,11.25,11.4,11.25,11.375,11.375,23540.0,23540.0,0.125,1.111,11.34167,"May 10, 17",0.01111
0,2017-05-09,11.5,11.6,11.125,11.625,11.625,86062.0,86062.0,0.125,1.087,11.45,"May 09, 17",0.01087
0,2017-05-08,11.75,11.75,11.5,11.75,11.75,84909.0,84909.0,0.0,0.0,11.66667,"May 08, 17",0.0
0,2017-05-05,11.75,11.8,11.75,11.875,11.875,20300.0,20300.0,0.125,1.064,11.80833,"May 05, 17",0.01064
0,2017-05-04,11.75,11.85,11.75,11.875,11.875,55708.0,55708.0,0.125,1.064,11.825,"May 04, 17",0.01064
0,2017-05-03,11.77,11.938,11.77,11.875,11.875,35871.0,35871.0,0.105,0.892,11.861,"May 03, 17",0.00892
0,2017-05-02,12.25,12.5,11.75,11.875,11.875,220959.0,220959.0,-0.375,-3.061,12.04167,"May 02, 17",-0.03061
0,2017-04-28,14.25,14.25,12.25,12.375,12.375,997262.0,997262.0,-1.875,-13.158,12.95833,"April 28, 17",-0.13158
0,2017-04-27,12.57,14.25,12.2,13.875,13.875,767208.0,767208.0,1.305,10.382,13.44167,"April 27, 17",0.10382
0,2017-04-26,12.175,12.575,12.1,12.25,12.25,81737.0,81737.0,0.075,0.616,12.30833,"April 26, 17",0.00616
0,2017-04-25,11.75,12.6,11.75,12.25,12.25,444943.0,444943.0,0.5,4.255,12.2,"April 25, 17",0.04255
0,2017-04-24,12.2,12.75,11.75,12.125,12.125,224611.0,224611.0,-0.075,-0.615,12.20833,"April 24, 17",-0.00615
0,2017-04-21,11.85,12.75,11.8,12.25,12.25,112604.0,112604.0,0.4,3.376,12.26667,"April 21, 17",0.03376
0,2017-04-20,11.2,12.966,10.6,12.25,12.25,597513.0,597513.0,1.05,9.375,11.93867,"April 20, 17",0.09375
0,2017-04-19,11.02,11.2,11.0,11.0,11.0,66643.0,66643.0,-0.02,-0.181,11.06667,"April 19, 17",-0.00181
0,2017-04-18,11.625,11.625,11.05,11.375,11.375,88828.0,88828.0,-0.25,-2.151,11.35,"April 18, 17",-0.02151
0,2017-04-13,11.15,11.35,11.15,11.375,11.375,128022.0,128022.0,0.225,2.018,11.29167,"April 13, 17",0.02018
0,2017-04-12,10.7,11.4,10.7,11.125,11.125,263793.0,263793.0,0.425,3.972,11.075,"April 12, 17",0.03972
0,2017-04-11,10.75,10.9,10.4,10.5,10.5,459642.0,459642.0,-0.25,-2.326,10.6,"April 11, 17",-0.02326
0,2017-04-10,11.3,11.75,11.0,11.125,11.125,204420.0,204420.0,-0.175,-1.549,11.29167,"April 10, 17",-0.01549
0,2017-04-07,11.3,11.725,11.3,11.625,11.625,45502.0,45502.0,0.325,2.876,11.55,"April 07, 17",0.02876
0,2017-04-06,11.8,11.8,11.28,11.625,11.625,175635.0,175635.0,-0.175,-1.483,11.56833,"April 06, 17",-0.01483
0,2017-04-05,11.87,11.87,11.275,11.625,11.625,163988.0,163988.0,-0.245,-2.064,11.59,"April 05, 17",-0.02064
0,2017-04-04,11.95,11.95,11.505,11.75,11.75,167205.0,167205.0,-0.2,-1.674,11.735,"April 04, 17",-0.01674
0,2017-04-03,11.875,11.95,11.505,11.75,11.75,182016.0,182016.0,-0.125,-1.053,11.735,"April 03, 17",-0.01053
0,2017-03-31,10.99,12.65,10.45,11.75,11.75,514987.0,514987.0,0.76,6.915,11.61667,"March 31, 17",0.06915
0,2017-03-30,10.05,10.75,10.05,10.5,10.5,376559.0,376559.0,0.45,4.478,10.43333,"March 30, 17",0.04478
0,2017-03-29,10.275,10.35,10.05,10.25,10.25,170098.0,170098.0,-0.025,-0.243,10.21667,"March 29, 17",-0.00243
0,2017-03-28,10.25,10.313,9.75,10.125,10.125,493091.0,493091.0,-0.125,-1.22,10.06267,"March 28, 17",-0.0122
0,2017-03-27,10.275,10.745,9.825,10.125,10.125,195605.0,195605.0,-0.15,-1.46,10.23167,"March 27, 17",-0.0146
0,2017-03-24,9.8,10.745,9.8,10.5,10.5,494902.0,494902.0,0.7,7.143,10.34833,"March 24, 17",0.07143
0,2017-03-23,10.0,10.1,9.775,10.0,10.0,141038.0,141038.0,0.0,0.0,9.95833,"March 23, 17",0.0
0,2017-03-22,10.6,10.6,10.125,10.125,10.125,319008.0,319008.0,-0.475,-4.481,10.28333,"March 22, 17",-0.04481
0,2017-03-21,10.62,10.825,10.525,10.625,10.625,276455.0,276455.0,0.005,0.047,10.65833,"March 21, 17",0.00047
0,2017-03-20,10.8,10.9,10.55,10.75,10.75,230805.0,230805.0,-0.05,-0.463,10.73333,"March 20, 17",-0.00463
0,2017-03-17,10.85,10.85,10.5,10.75,10.75,231917.0,231917.0,-0.1,-0.922,10.7,"March 17, 17",-0.00922
0,2017-03-16,10.8,10.9,10.55,10.875,10.875,407449.0,407449.0,0.075,0.694,10.775,"March 16, 17",0.00694
0,2017-03-15,11.65,11.65,10.525,10.875,10.875,1149110.0,1149110.0,-0.775,-6.652,11.01667,"March 15, 17",-0.06652
0,2017-03-14,11.35,11.85,11.1,11.75,11.75,520727.0,520727.0,0.4,3.524,11.56667,"March 14, 17",0.03524
0,2017-03-13,12.841,12.95,11.1,11.375,11.375,404159.0,404159.0,-1.466,-11.417,11.80833,"March 13, 17",-0.11417
0,2017-03-10,13.28,13.28,12.508,12.875,12.875,287238.0,287238.0,-0.405,-3.05,12.88767,"March 10, 17",-0.0305
0,2017-03-09,13.55,13.55,13.0,13.25,13.25,277163.0,277163.0,-0.3,-2.214,13.26667,"March 09, 17",-0.02214
0,2017-03-08,13.75,13.75,13.01,13.5,13.5,256596.0,256596.0,-0.25,-1.818,13.42,"March 08, 17",-0.01818
0,2017-03-07,13.1,13.8,13.005,13.5,13.5,389148.0,389148.0,0.4,3.053,13.435,"March 07, 17",0.03053
0,2017-03-06,12.975,13.5,12.758,13.25,13.25,724828.0,724828.0,0.275,2.119,13.16933,"March 06, 17",0.02119
0,2017-03-03,11.4,13.95,11.4,13.125,13.125,2265532.0,2265532.0,1.725,15.132,12.825,"March 03, 17",0.15132
0,2017-03-02,11.31,11.45,11.15,11.25,11.25,317359.0,317359.0,-0.06,-0.531,11.28333,"March 02, 17",-0.00531
0,2017-03-01,12.334,12.334,10.95,11.5,11.5,1103166.0,1103166.0,-0.834,-6.762,11.59467,"March 01, 17",-0.06762
0,2017-02-28,13.0,13.05,11.75,12.125,12.125,440303.0,440303.0,-0.875,-6.731,12.30833,"February 28, 17",-0.06731
0,2017-02-27,15.0,15.0,12.65,13.125,13.125,720243.0,720243.0,-1.875,-12.5,13.59167,"February 27, 17",-0.125
0,2017-02-24,14.0,14.025,13.77,13.875,13.875,285092.0,285092.0,-0.125,-0.893,13.89,"February 24, 17",-0.00893
0,2017-02-23,14.15,14.35,14.0,14.25,14.25,35885.0,35885.0,0.1,0.707,14.2,"February 23, 17",0.00707
0,2017-02-22,14.5,14.5,14.0,14.25,14.25,210309.0,210309.0,-0.25,-1.724,14.25,"February 22, 17",-0.01724
0,2017-02-21,14.52,14.72,14.5,14.75,14.75,73080.0,73080.0,0.23,1.584,14.65667,"February 21, 17",0.01584
0,2017-02-20,14.525,14.9,14.436,14.75,14.75,268289.0,268289.0,0.225,1.549,14.69533,"February 20, 17",0.01549
0,2017-02-17,14.65,14.95,14.5,14.75,14.75,151485.0,151485.0,0.1,0.683,14.73333,"February 17, 17",0.00683
0,2017-02-16,14.65,15.0,14.65,14.75,14.75,257432.0,257432.0,0.1,0.683,14.8,"February 16, 17",0.00683
0,2017-02-15,14.05,15.0,13.975,14.75,14.75,406507.0,406507.0,0.7,4.982,14.575,"February 15, 17",0.04982
0,2017-02-14,14.5,14.5,14.05,14.25,14.25,169181.0,169181.0,-0.25,-1.724,14.26667,"February 14, 17",-0.01724
0,2017-02-13,14.9,14.9,14.45,14.5,14.5,36922.0,36922.0,-0.4,-2.685,14.61667,"February 13, 17",-0.02685
0,2017-02-10,14.05,15.0,14.05,14.5,14.5,296224.0,296224.0,0.45,3.203,14.51667,"February 10, 17",0.03203
0,2017-02-09,14.9,14.962,14.0,14.25,14.25,891532.0,891532.0,-0.65,-4.362,14.404,"February 09, 17",-0.04362
0,2017-02-08,14.85,15.328,14.763,14.875,14.875,948162.0,948162.0,0.025,0.168,14.98867,"February 08, 17",0.00168
0,2017-02-07,15.163,15.163,14.788,15.125,15.125,99789.0,99789.0,-0.038,-0.251,15.02533,"February 07, 17",-0.00251
0,2017-02-06,15.3,15.3,14.85,15.125,15.125,196893.0,196893.0,-0.175,-1.144,15.09167,"February 06, 17",-0.01144
0,2017-02-03,15.08,15.35,14.538,15.125,15.125,367296.0,367296.0,0.045,0.298,15.00433,"February 03, 17",0.00298
0,2017-02-02,14.2,15.9,14.195,15.25,15.25,1326946.0,1326946.0,1.05,7.394,15.115,"February 02, 17",0.07394
0,2017-02-01,13.82,14.331,13.0,14.125,14.125,1350369.0,1350369.0,0.305,2.207,13.81867,"February 01, 17",0.02207
0,2017-01-31,13.775,13.82,13.75,13.875,13.875,82623.0,82623.0,0.1,0.726,13.815,"January 31, 17",0.00726
0,2017-01-30,13.89,13.95,13.75,13.875,13.875,381600.0,381600.0,-0.015,-0.108,13.85833,"January 30, 17",-0.00108
0,2017-01-27,14.253,14.5,13.75,13.875,13.875,865009.0,865009.0,-0.378,-2.652,14.04167,"January 27, 17",-0.02652
0,2017-01-26,14.753,14.753,14.025,14.375,14.375,895766.0,895766.0,-0.378,-2.562,14.38433,"January 26, 17",-0.02562
0,2017-01-25,15.505,15.7,14.0,14.875,14.875,971365.0,971365.0,-0.63,-4.063,14.85833,"January 25, 17",-0.04063
0,2017-01-24,15.671,15.825,15.671,15.75,15.75,118385.0,118385.0,0.079,0.504,15.74867,"January 24, 17",0.00504
0,2017-01-23,15.92,15.95,15.75,16.125,16.125,266392.0,266392.0,0.205,1.288,15.94167,"January 23, 17",0.01288
0,2017-01-20,15.85,16.0,15.85,16.125,16.125,211599.0,211599.0,0.275,1.735,15.99167,"January 20, 17",0.01735
0,2017-01-19,16.35,16.35,15.85,15.875,15.875,279663.0,279663.0,-0.475,-2.905,16.025,"January 19, 17",-0.02905
0,2017-01-18,16.200001,16.5,15.929,16.25,16.25,511114.0,511114.0,0.05,0.309,16.22633,"January 18, 17",0.00309
0,2017-01-17,15.92,16.275,15.9,16.125,16.125,143995.0,143995.0,0.205,1.288,16.1,"January 17, 17",0.01288
0,2017-01-16,16.1,16.299999,15.8,16.125,16.125,410663.0,410663.0,0.025,0.155,16.075,"January 16, 17",0.00155
0,2017-01-13,15.11,16.15,15.11,16.0,16.0,660881.0,660881.0,0.89,5.89,15.75333,"January 13, 17",0.0589
0,2017-01-12,15.665,15.85,15.0,15.25,15.25,564637.0,564637.0,-0.415,-2.649,15.36667,"January 12, 17",-0.02649
0,2017-01-11,16.0,16.1,15.5,15.75,15.75,515931.0,515931.0,-0.25,-1.563,15.78333,"January 11, 17",-0.01563
0,2017-01-10,15.755,16.238001,15.5,16.25,16.25,1103400.0,1103400.0,0.495,3.142,15.996,"January 10, 17",0.03142
0,2017-01-09,17.299999,17.625,15.25,15.875,15.875,3039805.0,3039805.0,-1.425,-8.237,16.25,"January 09, 17",-0.08237
0,2017-01-06,17.5,17.639999,17.25,17.625,17.625,327480.0,327480.0,0.125,0.714,17.505,"January 06, 17",0.00714
0,2017-01-05,17.549999,17.889999,17.5,17.625,17.625,184805.0,184805.0,0.075,0.427,17.67167,"January 05, 17",0.00427
0,2017-01-04,17.5,17.85,17.5,17.75,17.75,386361.0,386361.0,0.25,1.429,17.7,"January 04, 17",0.01429
0,2017-01-03,18.049999,18.4,17.5,18.0,18.0,440997.0,440997.0,-0.05,-0.277,17.96667,"January 03, 17",-0.00277
0,2016-12-30,19.799999,20.450001,17.820999,18.25,18.25,944863.0,944863.0,-1.55,-7.828,18.84033,"December 30, 16",-0.07828
0,2016-12-29,18.9,19.450001,18.625,19.0,19.0,245076.0,245076.0,0.1,0.529,19.025,"December 29, 16",0.00529
0,2016-12-28,20.6,21.1,18.5,19.125,19.125,1359300.0,1359300.0,-1.475,-7.16,19.575,"December 28, 16",-0.0716
0,2016-12-23,21.799999,21.799999,20.549999,21.0,21.0,623430.0,623430.0,-0.8,-3.67,21.11667,"December 23, 16",-0.0367
0,2016-12-22,20.875,22.975,20.549999,21.75,21.75,2772976.0,2772976.0,0.875,4.192,21.75833,"December 22, 16",0.04192
0,2016-12-21,19.0,20.35,18.85,20.0,20.0,823912.0,823912.0,1.0,5.263,19.73333,"December 21, 16",0.05263
0,2016-12-20,19.0,19.48,18.75,19.125,19.125,394356.0,394356.0,0.125,0.658,19.11833,"December 20, 16",0.00658
0,2016-12-19,19.1,19.15,18.504999,18.75,18.75,302943.0,302943.0,-0.35,-1.832,18.80167,"December 19, 16",-0.01832
0,2016-12-16,18.138,19.65,18.1,19.25,19.25,905997.0,905997.0,1.112,6.131,19.0,"December 16, 16",0.06131
0,2016-12-15,17.950001,18.5,17.950001,18.25,18.25,277583.0,277583.0,0.3,1.671,18.23333,"December 15, 16",0.01671
0,2016-12-14,18.049999,18.450001,17.950001,18.125,18.125,79326.0,79326.0,0.075,0.416,18.175,"December 14, 16",0.00416
0,2016-12-13,18.743,18.743,17.5,18.125,18.125,765622.0,765622.0,-0.618,-3.297,18.12267,"December 13, 16",-0.03297
0,2016-12-12,18.700001,19.0,18.1,18.375,18.375,694490.0,694490.0,-0.325,-1.738,18.49167,"December 12, 16",-0.01738
0,2016-12-09,16.888,20.75,16.888,18.5,18.5,2517994.0,2517994.0,1.612,9.545,18.71267,"December 09, 16",0.09545
0,2016-12-08,16.25,17.0,16.25,16.625,16.625,502997.0,502997.0,0.375,2.308,16.625,"December 08, 16",0.02308
0,2016-12-07,16.288,16.4,16.125,16.625,16.625,322065.0,322065.0,0.337,2.069,16.38333,"December 07, 16",0.02069
0,2016-12-06,16.25,16.288,16.25,16.625,16.625,42799.0,42799.0,0.375,2.308,16.38767,"December 06, 16",0.02308
0,2016-12-05,16.288,16.5,16.125,16.625,16.625,211773.0,211773.0,0.337,2.069,16.41667,"December 05, 16",0.02069
0,2016-12-02,16.5,16.575001,16.450001,16.625,16.625,233749.0,233749.0,0.125,0.758,16.55,"December 02, 16",0.00758
0,2016-12-01,16.700001,16.950001,16.5,16.75,16.75,306486.0,306486.0,0.05,0.299,16.73333,"December 01, 16",0.00299
0,2016-11-30,16.5,16.799999,16.25,16.75,16.75,349881.0,349881.0,0.25,1.515,16.6,"November 30, 16",0.01515
0,2016-11-29,16.950001,16.950001,16.5,16.75,16.75,245884.0,245884.0,-0.2,-1.18,16.73333,"November 29, 16",-0.0118
0,2016-11-28,16.788,17.0,16.25,16.75,16.75,1002475.0,1002475.0,-0.038,-0.226,16.66667,"November 28, 16",-0.00226
0,2016-11-25,17.503,17.503,16.6,17.125,17.125,381861.0,381861.0,-0.378,-2.16,17.076,"November 25, 16",-0.0216
0,2016-11-24,17.799999,18.15,17.5,17.625,17.625,226893.0,226893.0,-0.175,-0.983,17.75833,"November 24, 16",-0.00983
0,2016-11-23,18.040001,18.238001,17.75,18.125,18.125,317937.0,317937.0,0.085,0.471,18.03767,"November 23, 16",0.00471
0,2016-11-22,17.825001,18.1,17.625,18.125,18.125,249215.0,249215.0,0.3,1.683,17.95,"November 22, 16",0.01683
0,2016-11-21,17.945,17.945,17.57,17.75,17.75,139361.0,139361.0,-0.195,-1.087,17.755,"November 21, 16",-0.01087
0,2016-11-18,17.825001,17.863001,17.549999,17.75,17.75,481568.0,481568.0,-0.075,-0.421,17.721,"November 18, 16",-0.00421
0,2016-11-17,18.049999,18.334999,17.5,17.75,17.75,311527.0,311527.0,-0.3,-1.662,17.86167,"November 17, 16",-0.01662
0,2016-11-16,18.620001,18.620001,18.1,18.5,18.5,291098.0,291098.0,-0.12,-0.644,18.40667,"November 16, 16",-0.00644
0,2016-11-15,18.85,19.0,18.200001,18.5,18.5,529297.0,529297.0,-0.35,-1.857,18.56667,"November 15, 16",-0.01857
0,2016-11-14,18.99,19.0,18.299999,18.5,18.5,1120844.0,1120844.0,-0.49,-2.58,18.6,"November 14, 16",-0.0258
0,2016-11-11,17.15,18.9,16.837999,18.5,18.5,886312.0,886312.0,1.35,7.872,18.07933,"November 11, 16",0.07872
0,2016-11-10,17.174999,17.174999,16.805,17.0,17.0,264881.0,264881.0,-0.175,-1.019,16.99333,"November 10, 16",-0.01019
0,2016-11-09,15.95,17.200001,15.45,17.0,17.0,1473236.0,1473236.0,1.05,6.583,16.55,"November 09, 16",0.06583
0,2016-11-08,17.1,17.5,16.5,16.75,16.75,375119.0,375119.0,-0.35,-2.047,16.91667,"November 08, 16",-0.02047
0,2016-11-07,18.700001,18.700001,17.1,17.5,17.5,458203.0,458203.0,-1.2,-6.417,17.76667,"November 07, 16",-0.06417
0,2016-11-04,19.15,19.15,18.0,18.375,18.375,320945.0,320945.0,-0.775,-4.047,18.50833,"November 04, 16",-0.04047
0,2016-11-03,19.15,19.200001,18.875,18.875,18.875,336839.0,336839.0,-0.275,-1.436,18.98333,"November 03, 16",-0.01436
0,2016-11-02,19.049999,19.672001,18.85,19.0,19.0,473343.0,473343.0,-0.05,-0.262,19.174,"November 02, 16",-0.00262
0,2016-11-01,18.51,19.351999,18.25,19.25,19.25,722950.0,722950.0,0.74,3.998,18.95067,"November 01, 16",0.03998
0,2016-10-31,18.575001,18.575001,18.0,18.5,18.5,308067.0,308067.0,-0.075,-0.404,18.35833,"October 31, 16",-0.00404
0,2016-10-28,18.6,18.65,18.25,18.5,18.5,167434.0,167434.0,-0.1,-0.538,18.46667,"October 28, 16",-0.00538
0,2016-10-27,17.65,18.549999,17.65,18.5,18.5,421825.0,421825.0,0.85,4.816,18.23333,"October 27, 16",0.04816
0,2016-10-26,18.18,18.18,17.65,17.75,17.75,244741.0,244741.0,-0.43,-2.365,17.86,"October 26, 16",-0.02365
0,2016-10-25,18.25,18.25,18.0,18.25,18.25,272987.0,272987.0,0.0,0.0,18.16667,"October 25, 16",0.0
0,2016-10-24,18.375,18.375,18.0,18.25,18.25,73365.0,73365.0,-0.125,-0.68,18.20833,"October 24, 16",-0.0068
0,2016-10-21,18.549999,18.799999,17.25,18.25,18.25,455141.0,455141.0,-0.3,-1.617,18.1,"October 21, 16",-0.01617
0,2016-10-20,18.85,19.25,18.549999,18.875,18.875,190726.0,190726.0,0.025,0.133,18.89167,"October 20, 16",0.00133
0,2016-10-19,19.51,19.51,18.75,19.0,19.0,319935.0,319935.0,-0.51,-2.614,19.08667,"October 19, 16",-0.02614
0,2016-10-18,19.950001,20.200001,19.275,19.75,19.75,381048.0,381048.0,-0.2,-1.003,19.74167,"October 18, 16",-0.01003
0,2016-10-17,18.745001,20.49,18.549999,20.125,20.125,496935.0,496935.0,1.38,7.362,19.72167,"October 17, 16",0.07362
0,2016-10-14,18.745001,18.745001,18.5,18.5,18.5,123334.0,123334.0,-0.245,-1.307,18.58167,"October 14, 16",-0.01307
0,2016-10-13,18.4,18.75,18.34,18.5,18.5,433652.0,433652.0,0.1,0.543,18.53,"October 13, 16",0.00543
0,2016-10-12,18.233999,18.75,18.049999,18.5,18.5,502575.0,502575.0,0.266,1.459,18.43333,"October 12, 16",0.01459
0,2016-10-11,18.125,18.700001,18.025,18.125,18.125,238754.0,238754.0,0.0,0.0,18.28333,"October 11, 16",0.0
0,2016-10-10,17.5,19.24,17.5,18.125,18.125,1605033.0,1605033.0,0.625,3.571,18.28833,"October 10, 16",0.03571
0,2016-10-07,16.75,18.0,16.75,17.75,17.75,868674.0,868674.0,1.0,5.97,17.5,"October 07, 16",0.0597
0,2016-10-06,17.538,17.75,16.75,17.25,17.25,1170505.0,1170505.0,-0.288,-1.642,17.25,"October 06, 16",-0.01642
0,2016-10-05,17.985001,17.985001,17.5,17.875,17.875,286542.0,286542.0,-0.11,-0.612,17.78667,"October 05, 16",-0.00612
0,2016-10-04,18.440001,18.440001,17.555,18.0,18.0,284700.0,284700.0,-0.44,-2.386,17.99833,"October 04, 16",-0.02386
0,2016-10-03,18.85,18.85,18.25,18.625,18.625,197476.0,197476.0,-0.225,-1.194,18.575,"October 03, 16",-0.01194
0,2016-09-30,18.950001,18.950001,18.25,18.625,18.625,422629.0,422629.0,-0.325,-1.715,18.60833,"September 30, 16",-0.01715
0,2016-09-29,18.367001,18.975,18.35,18.625,18.625,1053445.0,1053445.0,0.258,1.405,18.65,"September 29, 16",0.01405
0,2016-09-28,17.462999,18.367001,17.25,18.0,18.0,548800.0,548800.0,0.537,3.075,17.87233,"September 28, 16",0.03075
0,2016-09-27,17.596001,17.85,16.757999,17.125,17.125,374735.0,374735.0,-0.471,-2.677,17.24433,"September 27, 16",-0.02677
0,2016-09-26,16.67,18.25,16.200001,17.75,17.75,859409.0,859409.0,1.08,6.479,17.4,"September 26, 16",0.06479
0,2016-09-23,17.67,18.1,16.0,16.5,16.5,1254302.0,1254302.0,-1.17,-6.621,16.86667,"September 23, 16",-0.06621
0,2016-09-22,18.0,18.549999,17.5,17.875,17.875,468975.0,468975.0,-0.125,-0.694,17.975,"September 22, 16",-0.00694
0,2016-09-21,18.65,19.0,18.0,18.5,18.5,370735.0,370735.0,-0.15,-0.804,18.5,"September 21, 16",-0.00804
0,2016-09-20,19.6,19.6,18.6,18.75,18.75,1026224.0,1026224.0,-0.85,-4.337,18.98333,"September 20, 16",-0.04337
0,2016-09-19,19.738001,19.988001,19.375,19.875,19.875,468681.0,468681.0,0.137,0.694,19.746,"September 19, 16",0.00694
0,2016-09-16,21.299999,21.493,19.549999,19.625,19.625,1551246.0,1551246.0,-1.675,-7.864,20.22267,"September 16, 16",-0.07864
0,2016-09-15,19.549999,20.799999,19.35,20.5,20.5,1252945.0,1252945.0,0.95,4.859,20.21667,"September 15, 16",0.04859
0,2016-09-14,19.799999,20.24,19.25,19.625,19.625,1587968.0,1587968.0,-0.175,-0.884,19.705,"September 14, 16",-0.00884
0,2016-09-13,18.924999,22.0,18.924999,19.625,19.625,2674912.0,2674912.0,0.7,3.699,20.18333,"September 13, 16",0.03699
0,2016-09-12,18.754999,19.200001,18.225,19.0,19.0,1321812.0,1321812.0,0.245,1.306,18.80833,"September 12, 16",0.01306
0,2016-09-09,19.35,19.35,18.004999,19.0,19.0,1507705.0,1507705.0,-0.35,-1.809,18.785,"September 09, 16",-0.01809
0,2016-09-08,20.25,21.0,19.1,19.5,19.5,2236901.0,2236901.0,-0.75,-3.704,19.86667,"September 08, 16",-0.03704
0,2016-09-07,18.275,18.85,17.700001,18.25,18.25,1280197.0,1280197.0,-0.025,-0.137,18.26667,"September 07, 16",-0.00137
0,2016-09-06,19.75,19.9,18.51,18.75,18.75,1473658.0,1473658.0,-1.0,-5.063,19.05333,"September 06, 16",-0.05063
0,2016-09-05,20.799999,22.0,19.879999,20.125,20.125,2231220.0,2231220.0,-0.675,-3.245,20.66833,"September 05, 16",-0.03245
0,2016-09-02,20.875,22.25,20.5,20.75,20.75,1640483.0,1640483.0,-0.125,-0.599,21.16667,"September 02, 16",-0.00599
0,2016-09-01,20.950001,22.5,20.65,20.75,20.75,2560248.0,2560248.0,-0.2,-0.955,21.3,"September 01, 16",-0.00955
0,2016-08-31,20.525,22.4,19.507999,20.5,20.5,3800929.0,3800929.0,-0.025,-0.122,20.80267,"August 31, 16",-0.00122
0,2016-08-30,18.245001,21.950001,18.245001,20.625,20.625,4058121.0,4058121.0,2.38,13.045,20.27333,"August 30, 16",0.13045
0,2016-08-26,16.5,18.450001,15.75,18.0,18.0,1916409.0,1916409.0,1.5,9.091,17.4,"August 26, 16",0.09091
0,2016-08-25,17.75,18.4,16.1,16.625,16.625,2096007.0,2096007.0,-1.125,-6.338,17.04167,"August 25, 16",-0.06338
0,2016-08-24,16.4,18.700001,14.55,17.5,17.5,5543840.0,5543840.0,1.1,6.707,16.91667,"August 24, 16",0.06707
0,2016-08-23,19.9,20.5,14.888,15.5,15.5,6765181.0,6765181.0,-4.4,-22.111,16.96267,"August 23, 16",-0.22111
0,2016-08-22,23.950001,24.15,16.450001,17.75,17.75,9516612.0,9516612.0,-6.2,-25.887,19.45,"August 22, 16",-0.25887
0,2016-08-19,15.25,23.5,15.2,23.25,23.25,11296949.0,11296949.0,8.0,52.459,20.65,"August 19, 16",0.52459
0,2016-08-18,12.663,16.0,12.1,14.875,14.875,6974734.0,6974734.0,2.212,17.468,14.325,"August 18, 16",0.17468
0,2016-08-17,10.963,12.75,10.875,12.125,12.125,2459573.0,2459573.0,1.162,10.599,11.91667,"August 17, 16",0.10599
0,2016-08-16,9.65,11.65,8.763,10.375,10.375,3272143.0,3272143.0,0.725,7.513,10.26267,"August 16, 16",0.07513
0,2016-08-15,9.875,9.9,8.393,9.125,9.125,2118341.0,2118341.0,-0.75,-7.595,9.13933,"August 15, 16",-0.07595
0,2016-08-12,8.475,11.549,8.475,9.75,9.75,4089190.0,4089190.0,1.275,15.044,9.92467,"August 12, 16",0.15044
0,2016-08-11,8.8,8.9,7.765,8.375,8.375,2189924.0,2189924.0,-0.425,-4.83,8.34667,"August 11, 16",-0.0483
0,2016-08-10,7.475,9.2,7.1,8.125,8.125,6732559.0,6732559.0,0.65,8.696,8.14167,"August 10, 16",0.08696
0,2016-08-09,5.55,6.5,5.263,6.25,6.25,1691086.0,1691086.0,0.7,12.613,6.00433,"August 09, 16",0.12613
0,2016-08-08,5.2,5.75,5.15,5.75,5.75,827947.0,827947.0,0.55,10.577,5.55,"August 08, 16",0.10577
0,2016-08-05,4.775,4.975,4.77,5.125,5.125,630816.0,630816.0,0.35,7.33,4.95667,"August 05, 16",0.0733
0,2016-08-04,4.75,4.75,4.75,4.75,4.75,0.0,0.0,0.0,0.0,0.0,"August 04, 16",0.0
0,2016-08-03,4.75,4.75,4.75,4.75,4.75,0.0,0.0,0.0,0.0,0.0,"August 03, 16",0.0
0,2016-08-02,4.75,4.75,4.75,4.75,4.75,0.0,0.0,0.0,0.0,0.0,"August 02, 16",0.0
0,2016-08-01,4.75,4.75,4.75,4.75,4.75,0.0,0.0,0.0,0.0,0.0,"August 01, 16",0.0
0,2016-07-29,4.51,4.51,4.51,4.75,4.75,50000.0,50000.0,0.24,5.322,4.59,"July 29, 16",0.05322
0,2016-07-28,4.7,4.85,4.55,4.75,4.75,251922.0,251922.0,0.05,1.064,4.71667,"July 28, 16",0.01064
0,2016-07-27,4.75,4.75,4.408,4.75,4.75,293157.0,293157.0,0.0,0.0,4.636,"July 27, 16",0.0
0,2016-07-26,5.536,5.536,4.65,4.875,4.875,1587068.0,1587068.0,-0.661,-11.94,5.02033,"July 26, 16",-0.1194
0,2016-07-25,5.1,5.3,5.1,5.375,5.375,332432.0,332432.0,0.275,5.392,5.25833,"July 25, 16",0.05392
0,2016-07-22,4.625,4.76,4.5,4.875,4.875,730819.0,730819.0,0.25,5.405,4.71167,"July 22, 16",0.05405
0,2016-07-21,4.28,4.6,4.25,4.625,4.625,705368.0,705368.0,0.345,8.061,4.49167,"July 21, 16",0.08061
0,2016-07-20,4.285,4.285,4.0,4.25,4.25,65686.0,65686.0,-0.035,-0.817,4.17833,"July 20, 16",-0.00817
0,2016-07-19,4.25,4.25,4.25,4.25,4.25,8822.0,8822.0,0.0,0.0,4.25,"July 19, 16",0.0
0,2016-07-18,4.0,4.0,4.0,4.25,4.25,48001.0,48001.0,0.25,6.25,4.08333,"July 18, 16",0.0625
0,2016-07-15,4.25,4.25,4.25,4.25,4.25,0.0,0.0,0.0,0.0,0.0,"July 15, 16",0.0
0,2016-07-14,4.25,4.25,4.25,4.25,4.25,0.0,0.0,0.0,0.0,0.0,"July 14, 16",0.0
0,2016-07-13,4.25,4.4,3.8,4.25,4.25,809305.0,809305.0,0.0,0.0,4.15,"July 13, 16",0.0
0,2016-07-12,4.33,4.33,4.25,4.375,4.375,358630.0,358630.0,0.045,1.039,4.31833,"July 12, 16",0.01039
0,2016-07-11,4.01,4.01,4.01,4.25,4.25,32807.0,32807.0,0.24,5.985,4.09,"July 11, 16",0.05985
0,2016-07-08,4.125,4.4,4.0,4.25,4.25,671745.0,671745.0,0.125,3.03,4.21667,"July 08, 16",0.0303
0,2016-07-07,3.755,4.25,3.75,4.125,4.125,1269542.0,1269542.0,0.37,9.854,4.04167,"July 07, 16",0.09854
0,2016-07-06,3.875,3.875,3.875,3.875,3.875,0.0,0.0,0.0,0.0,0.0,"July 06, 16",0.0
0,2016-07-05,3.775,4.0,3.775,3.875,3.875,200500.0,200500.0,0.1,2.649,3.88333,"July 05, 16",0.02649
0,2016-07-04,3.763,3.775,3.75,3.875,3.875,803328.0,803328.0,0.112,2.976,3.8,"July 04, 16",0.02976
0,2016-07-01,3.763,3.763,3.75,3.875,3.875,74584.0,74584.0,0.112,2.976,3.796,"July 01, 16",0.02976
0,2016-06-30,3.75,3.975,3.75,3.875,3.875,153499.0,153499.0,0.125,3.333,3.86667,"June 30, 16",0.03333
0,2016-06-29,3.875,3.875,3.763,3.875,3.875,53842.0,53842.0,0.0,0.0,3.83767,"June 29, 16",0.0
0,2016-06-28,3.875,3.875,3.875,3.875,3.875,14118.0,14118.0,0.0,0.0,3.875,"June 28, 16",0.0
0,2016-06-27,3.95,3.95,3.95,3.875,3.875,51596.0,51596.0,-0.075,-1.899,3.925,"June 27, 16",-0.01899
0,2016-06-24,3.998,4.0,3.763,3.875,3.875,747629.0,747629.0,-0.123,-3.077,3.87933,"June 24, 16",-0.03077
0,2016-06-23,4.15,4.15,4.138,4.125,4.125,52905.0,52905.0,-0.025,-0.602,4.13767,"June 23, 16",-0.00602
0,2016-06-22,4.0,4.2,4.0,4.125,4.125,254333.0,254333.0,0.125,3.125,4.10833,"June 22, 16",0.03125
0,2016-06-21,4.025,4.025,4.013,4.125,4.125,41032.0,41032.0,0.1,2.484,4.05433,"June 21, 16",0.02484
0,2016-06-20,4.425,4.45,3.75,4.125,4.125,731521.0,731521.0,-0.3,-6.78,4.10833,"June 20, 16",-0.0678
0,2016-06-17,4.375,4.375,4.375,4.375,4.375,0.0,0.0,0.0,0.0,0.0,"June 17, 16",0.0
0,2016-06-16,4.488,4.75,4.25,4.375,4.375,574179.0,574179.0,-0.113,-2.518,4.45833,"June 16, 16",-0.02518
0,2016-06-15,4.5,4.5,4.35,4.375,4.375,77404.0,77404.0,-0.125,-2.778,4.40833,"June 15, 16",-0.02778
0,2016-06-14,4.65,4.65,4.275,4.375,4.375,357421.0,357421.0,-0.275,-5.914,4.43333,"June 14, 16",-0.05914
0,2016-06-13,4.5,4.525,4.5,4.625,4.625,70716.0,70716.0,0.125,2.778,4.55,"June 13, 16",0.02778
0,2016-06-10,4.525,4.525,4.525,4.625,4.625,17155.0,17155.0,0.1,2.21,4.55833,"June 10, 16",0.0221
0,2016-06-09,5.0,5.0,4.62,4.625,4.625,116576.0,116576.0,-0.375,-7.5,4.74833,"June 09, 16",-0.075
0,2016-06-08,4.445,5.35,4.445,5.25,5.25,1024982.0,1024982.0,0.805,18.11,5.015,"June 08, 16",0.1811
0,2016-06-07,4.5,4.5,4.5,4.375,4.375,56592.0,56592.0,-0.125,-2.778,4.45833,"June 07, 16",-0.02778
0,2016-06-06,4.55,4.55,4.55,4.75,4.75,1061.0,1061.0,0.2,4.396,4.61667,"June 06, 16",0.04396
0,2016-06-03,4.75,4.75,4.55,4.75,4.75,23789.0,23789.0,0.0,0.0,4.68333,"June 03, 16",0.0
0,2016-06-02,4.8,4.8,4.5,4.75,4.75,210190.0,210190.0,-0.05,-1.042,4.68333,"June 02, 16",-0.01042
0,2016-06-01,4.4,5.0,4.4,4.75,4.75,590033.0,590033.0,0.35,7.955,4.71667,"June 01, 16",0.07955
0,2016-05-31,4.45,4.45,4.0,4.25,4.25,456520.0,456520.0,-0.2,-4.494,4.23333,"May 31, 16",-0.04494
0,2016-05-27,4.45,4.65,4.25,4.375,4.375,345614.0,345614.0,-0.075,-1.685,4.425,"May 27, 16",-0.01685
0,2016-05-26,4.55,4.675,4.5,4.625,4.625,218406.0,218406.0,0.075,1.648,4.6,"May 26, 16",0.01648
0,2016-05-25,4.99,4.99,4.61,4.75,4.75,305434.0,305434.0,-0.24,-4.81,4.78333,"May 25, 16",-0.0481
0,2016-05-24,4.283,4.901,4.283,4.75,4.75,918804.0,918804.0,0.467,10.904,4.64467,"May 24, 16",0.10904
0,2016-05-23,4.8,4.8,4.25,4.5,4.5,178603.0,178603.0,-0.3,-6.25,4.51667,"May 23, 16",-0.0625
0,2016-05-20,4.75,4.99,4.5,4.75,4.75,252635.0,252635.0,0.0,0.0,4.74667,"May 20, 16",0.0
0,2016-05-19,5.1,5.169,4.775,4.875,4.875,592699.0,592699.0,-0.225,-4.412,4.93967,"May 19, 16",-0.04412
0,2016-05-18,4.825,5.8,4.775,5.25,5.25,2199828.0,2199828.0,0.425,8.808,5.275,"May 18, 16",0.08808
0,2016-05-17,4.775,4.99,4.35,4.875,4.875,1393567.0,1393567.0,0.1,2.094,4.73833,"May 17, 16",0.02094
0,2016-05-16,4.944,4.944,4.6,4.875,4.875,217933.0,217933.0,-0.069,-1.396,4.80633,"May 16, 16",-0.01396
0,2016-05-13,4.75,5.0,4.75,4.875,4.875,573552.0,573552.0,0.125,2.632,4.875,"May 13, 16",0.02632
0,2016-05-12,5.15,5.15,4.275,4.875,4.875,2304727.0,2304727.0,-0.275,-5.34,4.76667,"May 12, 16",-0.0534
0,2016-05-11,5.144,5.2,4.75,5.125,5.125,807269.0,807269.0,-0.019,-0.369,5.025,"May 11, 16",-0.00369
0,2016-05-10,6.65,6.8,4.6,5.0,5.0,2806672.0,2806672.0,-1.65,-24.812,5.46667,"May 10, 16",-0.24812
0,2016-05-09,6.7,6.768,6.1,6.625,6.625,675640.0,675640.0,-0.075,-1.119,6.49767,"May 09, 16",-0.01119
0,2016-05-06,6.15,7.1,6.1,6.625,6.625,1443490.0,1443490.0,0.475,7.724,6.60833,"May 06, 16",0.07724
0,2016-05-05,6.625,6.25,5.5,6.125,6.125,549933.0,549933.0,-0.5,-7.547,5.95833,"May 05, 16",-0.07547
0,2016-05-04,6.75,6.8,6.25,6.625,6.625,217812.0,217812.0,-0.125,-1.852,6.55833,"May 04, 16",-0.01852
0,2016-05-03,6.4,7.25,6.3,6.75,6.75,1716349.0,1716349.0,0.35,5.469,6.76667,"May 03, 16",0.05469
0,2016-04-29,7.1,7.1,6.25,6.25,6.25,594458.0,594458.0,-0.85,-11.972,6.53333,"April 29, 16",-0.11972
0,2016-04-28,5.75,7.25,5.75,6.75,6.75,1667663.0,1667663.0,1.0,17.391,6.58333,"April 28, 16",0.17391
0,2016-04-27,5.775,5.9,5.775,5.875,5.875,125856.0,125856.0,0.1,1.732,5.85,"April 27, 16",0.01732
0,2016-04-26,5.911,6.085,5.5,6.0,6.0,599640.0,599640.0,0.089,1.506,5.86167,"April 26, 16",0.01506
0,2016-04-25,6.519,6.75,6.097,6.375,6.375,356554.0,356554.0,-0.144,-2.209,6.40733,"April 25, 16",-0.02209
0,2016-04-22,6.75,6.75,6.225,6.5,6.5,1766947.0,1766947.0,-0.25,-3.704,6.49167,"April 22, 16",-0.03704
0,2016-04-21,7.1,7.5,6.725,7.125,7.125,1175259.0,1175259.0,0.025,0.352,7.11667,"April 21, 16",0.00352
0,2016-04-20,6.024,8.35,5.755,7.5,7.5,2480015.0,2480015.0,1.476,24.502,7.20167,"April 20, 16",0.24502
0,2016-04-19,3.75,6.0,3.75,5.625,5.625,1351818.0,1351818.0,1.875,50.0,5.125,"April 19, 16",0.5
0,2016-04-18,3.85,3.85,3.85,4.0,4.0,41072.0,41072.0,0.15,3.896,3.9,"April 18, 16",0.03896
0,2016-04-15,4.0,4.0,4.0,4.0,4.0,0.0,0.0,0.0,0.0,0.0,"April 15, 16",0.0
0,2016-04-14,4.0,4.0,4.0,4.0,4.0,0.0,0.0,0.0,0.0,0.0,"April 14, 16",0.0
0,2016-04-13,4.0,4.0,4.0,4.0,4.0,0.0,0.0,0.0,0.0,0.0,"April 13, 16",0.0
0,2016-04-12,3.85,3.85,3.85,4.0,4.0,39286.0,39286.0,0.15,3.896,3.9,"April 12, 16",0.03896
0,2016-04-11,4.2,4.2,4.2,4.0,4.0,33000.0,33000.0,-0.2,-4.762,4.13333,"April 11, 16",-0.04762
0,2016-04-08,4.0,4.0,4.0,4.0,4.0,0.0,0.0,0.0,0.0,0.0,"April 08, 16",0.0
0,2016-04-07,4.0,4.0,4.0,4.0,4.0,0.0,0.0,0.0,0.0,0.0,"April 07, 16",0.0
0,2016-04-06,3.8,4.125,3.8,4.0,4.0,26247.0,26247.0,0.2,5.263,3.975,"April 06, 16",0.05263
0,2016-04-05,4.0,4.0,4.0,4.0,4.0,0.0,0.0,0.0,0.0,0.0,"April 05, 16",0.0
0,2016-04-04,4.0,4.0,4.0,4.0,4.0,0.0,0.0,0.0,0.0,0.0,"April 04, 16",0.0
0,2016-04-01,4.0,4.0,4.0,4.0,4.0,0.0,0.0,0.0,0.0,0.0,"April 01, 16",0.0
0,2016-03-31,4.0,4.0,4.0,4.0,4.0,0.0,0.0,0.0,0.0,0.0,"March 31, 16",0.0
0,2016-03-30,4.0,4.0,4.0,4.0,4.0,0.0,0.0,0.0,0.0,0.0,"March 30, 16",0.0
0,2016-03-29,4.0,4.0,4.0,4.0,4.0,0.0,0.0,0.0,0.0,0.0,"March 29, 16",0.0
0,2016-03-24,4.0,4.0,4.0,4.0,4.0,0.0,0.0,0.0,0.0,0.0,"March 24, 16",0.0
0,2016-03-23,4.0,4.0,4.0,4.0,4.0,0.0,0.0,0.0,0.0,0.0,"March 23, 16",0.0
0,2016-03-22,3.8,3.8,3.8,4.0,4.0,5000.0,5000.0,0.2,5.263,3.86667,"March 22, 16",0.05263
0,2016-03-21,3.85,3.85,3.85,4.0,4.0,6500.0,6500.0,0.15,3.896,3.9,"March 21, 16",0.03896
0,2016-03-18,3.85,3.85,3.85,4.0,4.0,44311.0,44311.0,0.15,3.896,3.9,"March 18, 16",0.03896
0,2016-03-17,4.0,4.0,4.0,4.0,4.0,0.0,0.0,0.0,0.0,0.0,"March 17, 16",0.0
0,2016-03-16,4.0,4.0,4.0,4.0,4.0,0.0,0.0,0.0,0.0,0.0,"March 16, 16",0.0
0,2016-03-15,4.15,4.15,3.85,4.0,4.0,36221.0,36221.0,-0.15,-3.614,4.0,"March 15, 16",-0.03614
0,2016-03-14,4.0,4.0,4.0,4.0,4.0,0.0,0.0,0.0,0.0,0.0,"March 14, 16",0.0
0,2016-03-11,4.1,4.15,4.1,4.0,4.0,151193.0,151193.0,-0.1,-2.439,4.08333,"March 11, 16",-0.02439
0,2016-03-10,4.15,4.15,4.15,3.875,3.875,1710.0,1710.0,-0.275,-6.627,4.05833,"March 10, 16",-0.06627
0,2016-03-09,3.875,3.875,3.875,3.875,3.875,0.0,0.0,0.0,0.0,0.0,"March 09, 16",0.0
0,2016-03-08,3.875,3.875,3.875,3.875,3.875,0.0,0.0,0.0,0.0,0.0,"March 08, 16",0.0
0,2016-03-07,4.1,4.1,4.1,3.875,3.875,16781.0,16781.0,-0.225,-5.488,4.025,"March 07, 16",-0.05488
0,2016-03-04,3.875,3.875,3.875,3.875,3.875,0.0,0.0,0.0,0.0,0.0,"March 04, 16",0.0
0,2016-03-03,3.6,3.6,3.6,3.875,3.875,7.0,7.0,0.275,7.639,3.69167,"March 03, 16",0.07639
0,2016-03-02,4.013,4.013,3.574,3.875,3.875,105011.0,105011.0,-0.138,-3.439,3.82067,"March 02, 16",-0.03439
0,2016-03-01,4.013,4.013,4.013,4.125,4.125,704.0,704.0,0.112,2.791,4.05033,"March 01, 16",0.02791
0,2016-02-29,4.175,4.175,4.175,4.125,4.125,671.0,671.0,-0.05,-1.198,4.15833,"February 29, 16",-0.01198
0,2016-02-26,4.125,4.175,4.175,4.125,4.125,59580.0,59580.0,0.0,0.0,4.15833,"February 26, 16",0.0
0,2016-02-25,4.125,4.175,4.175,4.125,4.125,23652.0,23652.0,0.0,0.0,4.15833,"February 25, 16",0.0
0,2016-02-24,4.125,4.013,4.013,4.125,4.125,4.0,4.0,0.0,0.0,4.05033,"February 24, 16",0.0
0,2016-02-23,4.125,4.175,4.175,4.125,4.125,73952.0,73952.0,0.0,0.0,4.15833,"February 23, 16",0.0
0,2016-02-22,4.125,4.125,4.125,4.125,4.125,0.0,0.0,0.0,0.0,0.0,"February 22, 16",0.0
0,2016-02-19,3.56,3.56,3.56,3.75,3.75,55000.0,55000.0,0.19,5.337,3.62333,"February 19, 16",0.05337
0,2016-02-18,3.75,3.75,3.75,3.75,3.75,0.0,0.0,0.0,0.0,0.0,"February 18, 16",0.0
0,2016-02-17,3.557,3.887,3.557,3.75,3.75,182331.0,182331.0,0.193,5.426,3.73133,"February 17, 16",0.05426
0,2016-02-16,3.75,3.75,3.75,3.75,3.75,32786.0,32786.0,0.0,0.0,3.75,"February 16, 16",0.0
