,date,open,high,low,close,adjClose,volume,unadjustedVolume,change,changePercent,vwap,label,changeOverTime
0,2021-02-16,22.25,22.360001,21.08,21.360001,21.360001,194479.0,194479.0,-0.89,-4.0,21.6,"February 16, 21",-0.04
0,2021-02-12,22.700001,22.889999,21.91,22.0,22.0,134800.0,134800.0,-0.7,-3.084,22.26667,"February 12, 21",-0.03084
0,2021-02-11,23.200001,23.280001,22.4,22.790001,22.790001,151700.0,151700.0,-0.41,-1.767,22.82333,"February 11, 21",-0.01767
0,2021-02-10,23.99,24.09,23.1,23.1,23.1,139900.0,139900.0,-0.89,-3.71,23.43,"February 10, 21",-0.0371
0,2021-02-09,23.73,24.030001,23.42,23.799999,23.799999,178000.0,178000.0,0.07,0.295,23.75,"February 09, 21",0.00295
0,2021-02-08,22.959999,23.450001,22.780001,23.450001,23.450001,106700.0,106700.0,0.49,2.134,23.22667,"February 08, 21",0.02134
0,2021-02-05,22.889999,22.889999,22.309999,22.77,22.77,60200.0,60200.0,-0.12,-0.524,22.65667,"February 05, 21",-0.00524
0,2021-02-04,22.24,22.700001,21.9,22.59,22.59,78500.0,78500.0,0.35,1.574,22.39667,"February 04, 21",0.01574
0,2021-02-03,21.950001,22.4,21.82,22.299999,22.299999,111600.0,111600.0,0.35,1.595,22.17333,"February 03, 21",0.01595
0,2021-02-02,21.76,22.209999,21.389999,22.1,22.1,122000.0,122000.0,0.34,1.563,21.9,"February 02, 21",0.01563
0,2021-02-01,20.6,21.620001,20.5,21.48,21.48,150300.0,150300.0,0.88,4.272,21.2,"February 01, 21",0.04272
0,2021-01-29,21.110001,21.23,20.16,20.49,20.49,143600.0,143600.0,-0.62,-2.937,20.62667,"January 29, 21",-0.02937
0,2021-01-28,21.98,22.030001,21.01,21.059999,21.059999,156500.0,156500.0,-0.92,-4.186,21.36667,"January 28, 21",-0.04186
0,2021-01-27,22.24,22.5,21.5,21.6,21.6,147600.0,147600.0,-0.64,-2.878,21.86667,"January 27, 21",-0.02878
0,2021-01-26,23.08,23.309999,22.67,22.77,22.77,118300.0,118300.0,-0.31,-1.343,22.91667,"January 26, 21",-0.01343
0,2021-01-25,22.809999,23.049999,22.41,22.9,22.9,69200.0,69200.0,0.09,0.395,22.78667,"January 25, 21",0.00395
0,2021-01-22,22.09,22.92,22.059999,22.870001,22.870001,108100.0,108100.0,0.78,3.531,22.61667,"January 22, 21",0.03531
0,2021-01-21,22.700001,23.09,22.0,22.49,22.49,230300.0,230300.0,-0.21,-0.925,22.52667,"January 21, 21",-0.00925
0,2021-01-20,23.120001,23.200001,22.42,22.700001,22.700001,161900.0,161900.0,-0.42,-1.817,22.77333,"January 20, 21",-0.01817
0,2021-01-19,23.389999,23.57,22.9,23.120001,23.120001,133300.0,133300.0,-0.27,-1.154,23.19667,"January 19, 21",-0.01154
0,2021-01-15,22.959999,23.18,22.68,22.98,22.98,102400.0,102400.0,0.02,0.087,22.94667,"January 15, 21",0.00087
0,2021-01-14,23.360001,23.91,23.299999,23.51,23.51,79500.0,79500.0,0.15,0.642,23.57333,"January 14, 21",0.00642
0,2021-01-13,23.540001,23.65,22.860001,23.059999,23.059999,81500.0,81500.0,-0.48,-2.039,23.19,"January 13, 21",-0.02039
0,2021-01-12,23.35,23.59,23.27,23.440001,23.440001,98300.0,98300.0,0.09,0.385,23.43333,"January 12, 21",0.00385
0,2021-01-11,23.280001,23.83,22.93,23.34,23.34,99000.0,99000.0,0.06,0.258,23.36667,"January 11, 21",0.00258
0,2021-01-08,24.280001,24.4,23.1,23.59,23.59,115400.0,115400.0,-0.69,-2.842,23.69667,"January 08, 21",-0.02842
0,2021-01-07,24.620001,25.0,24.049999,24.209999,24.209999,155600.0,155600.0,-0.41,-1.665,24.42,"January 07, 21",-0.01665
0,2021-01-06,23.610001,25.0,23.43,24.49,24.49,259500.0,259500.0,0.88,3.727,24.30667,"January 06, 21",0.03727
0,2021-01-05,22.280001,23.440001,22.280001,22.860001,22.860001,139800.0,139800.0,0.58,2.603,22.86,"January 05, 21",0.02603
0,2021-01-04,22.35,22.639999,21.790001,22.190001,22.190001,152800.0,152800.0,-0.16,-0.716,22.20667,"January 04, 21",-0.00716
0,2020-12-31,21.700001,22.18,21.5,21.99,21.99,67000.0,67000.0,0.29,1.336,21.89,"December 31, 20",0.01336
0,2020-12-30,21.889999,22.209999,21.58,21.780001,21.780001,79600.0,79600.0,-0.11,-0.503,21.85667,"December 30, 20",-0.00503
0,2020-12-29,22.200001,22.200001,21.42,21.959999,21.959999,168700.0,168700.0,-0.24,-1.081,21.86,"December 29, 20",-0.01081
0,2020-12-28,22.360001,22.67,21.93,22.01,22.01,112200.0,112200.0,-0.35,-1.565,22.20333,"December 28, 20",-0.01565
0,2020-12-24,22.23,22.52,21.67,22.1,22.1,87200.0,87200.0,-0.13,-0.585,22.09667,"December 24, 20",-0.00585
0,2020-12-23,21.75,22.200001,21.719999,22.0,22.0,135300.0,135300.0,0.25,1.149,21.97333,"December 23, 20",0.01149
0,2020-12-22,22.66,23.02,21.299999,21.48,21.48,114200.0,114200.0,-1.18,-5.207,21.93333,"December 22, 20",-0.05207
0,2020-12-21,22.940001,23.48,22.32,22.57,22.57,168300.0,168300.0,-0.37,-1.613,22.79,"December 21, 20",-0.01613
0,2020-12-18,24.43,24.73,23.209999,23.41,23.41,796800.0,796800.0,-1.02,-4.175,23.78333,"December 18, 20",-0.04175
0,2020-12-17,23.58,24.309999,23.290001,24.209999,24.209999,93300.0,93300.0,0.63,2.672,23.93667,"December 17, 20",0.02672
0,2020-12-16,23.75,23.860001,23.07,23.51,23.51,132600.0,132600.0,-0.24,-1.011,23.48,"December 16, 20",-0.01011
0,2020-12-15,23.02,23.809999,22.84,23.49,23.49,125200.0,125200.0,0.47,2.042,23.38,"December 15, 20",0.02042
0,2020-12-14,23.440001,23.780001,22.530001,22.75,22.75,146900.0,146900.0,-0.69,-2.944,23.02,"December 14, 20",-0.02944
0,2020-12-11,23.83,24.469999,22.969999,23.110001,23.110001,93400.0,93400.0,-0.72,-3.021,23.51667,"December 11, 20",-0.03021
0,2020-12-10,23.58,24.450001,23.280001,24.02,24.02,393900.0,393900.0,0.44,1.866,23.91667,"December 10, 20",0.01866
0,2020-12-09,24.09,24.299999,23.42,23.690001,23.690001,111800.0,111800.0,-0.4,-1.66,23.80333,"December 09, 20",-0.0166
0,2020-12-08,23.620001,23.99,23.559999,23.809999,23.809999,143800.0,143800.0,0.19,0.804,23.78667,"December 08, 20",0.00804
0,2020-12-07,23.450001,23.959999,23.09,23.879999,23.879999,122800.0,122800.0,0.43,1.834,23.64333,"December 07, 20",0.01834
0,2020-12-04,23.1,23.709999,22.940001,23.51,23.51,91800.0,91800.0,0.41,1.775,23.38667,"December 04, 20",0.01775
0,2020-12-03,23.4,23.4,22.889999,23.059999,23.059999,65000.0,65000.0,-0.34,-1.453,23.11667,"December 03, 20",-0.01453
0,2020-12-02,22.91,23.5,22.34,23.34,23.34,123800.0,123800.0,0.43,1.877,23.06,"December 02, 20",0.01877
0,2020-12-01,23.059999,23.389999,22.799999,23.09,23.09,77900.0,77900.0,0.03,0.13,23.09333,"December 01, 20",0.0013
0,2020-11-30,23.450001,23.629999,22.120001,22.690001,22.690001,262200.0,262200.0,-0.76,-3.241,22.81333,"November 30, 20",-0.03241
0,2020-11-27,23.059999,23.889999,22.84,23.620001,23.620001,69700.0,69700.0,0.56,2.428,23.45,"November 27, 20",0.02428
0,2020-11-25,23.42,23.530001,22.1,23.15,23.15,149500.0,149500.0,-0.27,-1.153,22.92667,"November 25, 20",-0.01153
0,2020-11-24,23.26,23.870001,22.75,23.43,23.43,201500.0,201500.0,0.17,0.731,23.35,"November 24, 20",0.00731
0,2020-11-23,22.389999,23.23,22.07,22.780001,22.780001,129800.0,129800.0,0.39,1.742,22.69333,"November 23, 20",0.01742
0,2020-11-20,20.85,22.370001,20.85,22.09,22.09,167000.0,167000.0,1.24,5.947,21.77,"November 20, 20",0.05947
0,2020-11-19,21.52,21.870001,20.5,21.120001,21.120001,118800.0,118800.0,-0.4,-1.859,21.16333,"November 19, 20",-0.01859
0,2020-11-18,22.02,22.26,21.459999,21.690001,21.690001,123700.0,123700.0,-0.33,-1.499,21.80333,"November 18, 20",-0.01499
0,2020-11-17,21.07,22.1,20.860001,21.879999,21.879999,124200.0,124200.0,0.81,3.844,21.61333,"November 17, 20",0.03844
0,2020-11-16,21.469999,21.629999,21.049999,21.360001,21.360001,110800.0,110800.0,-0.11,-0.512,21.34667,"November 16, 20",-0.00512
0,2020-11-13,20.780001,21.110001,20.370001,20.860001,20.860001,90000.0,90000.0,0.08,0.385,20.78,"November 13, 20",0.00385
0,2020-11-12,20.74,21.459999,20.18,20.530001,20.530001,102700.0,102700.0,-0.21,-1.013,20.72333,"November 12, 20",-0.01013
0,2020-11-11,21.85,22.120001,20.84,21.09,21.09,73700.0,73700.0,-0.76,-3.478,21.35,"November 11, 20",-0.03478
0,2020-11-10,20.790001,22.17,20.610001,21.799999,21.799999,194100.0,194100.0,1.01,4.858,21.52667,"November 10, 20",0.04858
0,2020-11-09,19.879999,21.129999,19.870001,20.32,20.32,251500.0,251500.0,0.44,2.213,20.44,"November 09, 20",0.02213
0,2020-11-06,19.6,19.6,18.82,18.860001,18.860001,119600.0,119600.0,-0.74,-3.776,19.09333,"November 06, 20",-0.03776
0,2020-11-05,19.1,20.0,18.959999,19.32,19.32,320900.0,320900.0,0.22,1.152,19.42667,"November 05, 20",0.01152
0,2020-11-04,18.85,19.620001,18.73,19.1,19.1,231600.0,231600.0,0.25,1.326,19.15,"November 04, 20",0.01326
0,2020-11-03,18.559999,19.41,18.549999,19.309999,19.309999,233900.0,233900.0,0.75,4.041,19.09,"November 03, 20",0.04041
0,2020-11-02,17.709999,18.17,17.559999,18.129999,18.129999,100600.0,100600.0,0.42,2.372,17.95333,"November 02, 20",0.02372
0,2020-10-30,18.09,18.120001,17.1,17.469999,17.469999,144200.0,144200.0,-0.62,-3.427,17.56333,"October 30, 20",-0.03427
0,2020-10-29,17.57,18.219999,17.450001,18.08,18.08,106400.0,106400.0,0.51,2.903,17.91667,"October 29, 20",0.02903
0,2020-10-28,17.91,18.200001,17.5,17.74,17.74,126700.0,126700.0,-0.17,-0.949,17.81333,"October 28, 20",-0.00949
0,2020-10-27,18.58,18.799999,18.25,18.34,18.34,175100.0,175100.0,-0.24,-1.292,18.46333,"October 27, 20",-0.01292
0,2020-10-26,18.98,18.98,18.43,18.700001,18.700001,106900.0,106900.0,-0.28,-1.475,18.70333,"October 26, 20",-0.01475
0,2020-10-23,19.379999,19.530001,18.93,19.280001,19.280001,198100.0,198100.0,-0.1,-0.516,19.24667,"October 23, 20",-0.00516
0,2020-10-22,18.68,19.200001,18.4,19.18,19.18,276600.0,276600.0,0.5,2.677,18.92667,"October 22, 20",0.02677
0,2020-10-21,18.26,18.68,18.120001,18.51,18.51,115600.0,115600.0,0.25,1.369,18.43667,"October 21, 20",0.01369
0,2020-10-20,17.879999,18.35,17.74,18.26,18.26,213700.0,213700.0,0.38,2.125,18.11667,"October 20, 20",0.02125
0,2020-10-19,17.98,17.98,17.610001,17.700001,17.700001,183800.0,183800.0,-0.28,-1.557,17.76333,"October 19, 20",-0.01557
0,2020-10-16,17.290001,17.91,17.290001,17.91,17.91,124500.0,124500.0,0.62,3.586,17.70333,"October 16, 20",0.03586
0,2020-10-15,16.629999,17.379999,16.49,17.379999,17.379999,95700.0,95700.0,0.75,4.51,17.08333,"October 15, 20",0.0451
0,2020-10-14,17.35,17.629999,16.84,16.860001,16.860001,80800.0,80800.0,-0.49,-2.824,17.11,"October 14, 20",-0.02824
0,2020-10-13,16.879999,17.459999,16.85,17.34,17.34,150700.0,150700.0,0.46,2.725,17.21667,"October 13, 20",0.02725
0,2020-10-12,17.559999,17.690001,16.870001,17.15,17.15,125200.0,125200.0,-0.41,-2.335,17.23667,"October 12, 20",-0.02335
0,2020-10-09,17.129999,17.780001,16.67,17.6,17.6,216000.0,216000.0,0.47,2.744,17.35,"October 09, 20",0.02744
0,2020-10-08,16.200001,16.860001,16.18,16.82,16.82,123100.0,123100.0,0.62,3.827,16.62,"October 08, 20",0.03827
0,2020-10-07,16.08,16.26,15.52,15.93,15.93,260700.0,260700.0,-0.15,-0.933,15.90333,"October 07, 20",-0.00933
0,2020-10-06,16.5,17.0,15.51,15.93,15.93,294600.0,294600.0,-0.57,-3.455,16.14667,"October 06, 20",-0.03455
0,2020-10-05,16.290001,16.620001,16.25,16.4,16.4,218700.0,218700.0,0.11,0.675,16.42333,"October 05, 20",0.00675
0,2020-10-02,15.77,16.190001,15.77,16.030001,16.030001,376700.0,376700.0,0.26,1.649,15.99667,"October 02, 20",0.01649
0,2020-10-01,15.92,16.16,15.68,16.040001,16.040001,318100.0,318100.0,0.12,0.754,15.96,"October 01, 20",0.00754
0,2020-09-30,16.110001,16.68,15.79,15.82,15.82,206100.0,206100.0,-0.29,-1.8,16.09667,"September 30, 20",-0.018
0,2020-09-29,16.41,16.51,15.81,16.1,16.1,86500.0,86500.0,-0.31,-1.889,16.14,"September 29, 20",-0.01889
0,2020-09-28,16.120001,17.02,16.1,16.459999,16.459999,182900.0,182900.0,0.34,2.109,16.52667,"September 28, 20",0.02109
0,2020-09-25,16.16,16.950001,15.61,15.75,15.75,742700.0,742700.0,-0.41,-2.537,16.10333,"September 25, 20",-0.02537
0,2020-09-24,16.549999,16.799999,16.280001,16.389999,16.389999,123700.0,123700.0,-0.16,-0.967,16.49,"September 24, 20",-0.00967
0,2020-09-23,17.25,17.43,16.41,16.57,16.57,146900.0,146900.0,-0.68,-3.942,16.80333,"September 23, 20",-0.03942
0,2020-09-22,18.049999,18.360001,17.309999,17.379999,17.379999,127000.0,127000.0,-0.67,-3.712,17.68333,"September 22, 20",-0.03712
0,2020-09-21,18.559999,18.559999,17.35,18.190001,18.190001,150500.0,150500.0,-0.37,-1.994,18.03333,"September 21, 20",-0.01994
0,2020-09-18,18.48,19.48,18.33,19.280001,19.280001,513400.0,513400.0,0.8,4.329,19.03,"September 18, 20",0.04329
0,2020-09-17,17.77,18.35,17.68,18.25,18.25,121300.0,121300.0,0.48,2.701,18.09333,"September 17, 20",0.02701
0,2020-09-16,18.15,18.639999,18.049999,18.16,18.16,140300.0,140300.0,0.01,0.055,18.28333,"September 16, 20",0.00055
0,2020-09-15,18.110001,18.17,17.9,18.02,18.02,57100.0,57100.0,-0.09,-0.497,18.03,"September 15, 20",-0.00497
0,2020-09-14,17.620001,18.33,17.42,18.040001,18.040001,125200.0,125200.0,0.42,2.384,17.93,"September 14, 20",0.02384
0,2020-09-11,18.25,18.25,17.459999,17.540001,17.540001,75700.0,75700.0,-0.71,-3.89,17.75,"September 11, 20",-0.0389
0,2020-09-10,18.120001,18.690001,18.09,18.18,18.18,96000.0,96000.0,0.06,0.331,18.32,"September 10, 20",0.00331
0,2020-09-09,18.16,18.700001,17.98,18.32,18.32,130400.0,130400.0,0.16,0.881,18.33333,"September 09, 20",0.00881
0,2020-09-08,18.5,18.85,18.200001,18.27,18.27,111200.0,111200.0,-0.23,-1.243,18.44,"September 08, 20",-0.01243
0,2020-09-04,19.25,19.299999,18.51,18.73,18.73,122900.0,122900.0,-0.52,-2.701,18.84667,"September 04, 20",-0.02701
0,2020-09-03,20.1,20.110001,18.799999,19.030001,19.030001,143400.0,143400.0,-1.07,-5.323,19.31333,"September 03, 20",-0.05323
0,2020-09-02,19.17,20.200001,19.08,20.15,20.15,111600.0,111600.0,0.98,5.112,19.81,"September 02, 20",0.05112
0,2020-09-01,19.59,19.629999,18.93,19.219999,19.219999,110700.0,110700.0,-0.37,-1.889,19.26,"September 01, 20",-0.01889
0,2020-08-31,19.99,20.299999,19.709999,19.76,19.76,215100.0,215100.0,-0.23,-1.151,19.92333,"August 31, 20",-0.01151
0,2020-08-28,20.0,20.35,19.690001,20.07,20.07,294200.0,294200.0,0.07,0.35,20.03667,"August 28, 20",0.0035
0,2020-08-27,19.42,19.950001,19.24,19.91,19.91,148500.0,148500.0,0.49,2.523,19.7,"August 27, 20",0.02523
0,2020-08-26,18.940001,19.280001,18.709999,19.18,19.18,135100.0,135100.0,0.24,1.267,19.05667,"August 26, 20",0.01267
0,2020-08-25,18.34,19.139999,18.139999,19.02,19.02,229400.0,229400.0,0.68,3.708,18.76667,"August 25, 20",0.03708
0,2020-08-24,18.549999,18.549999,18.129999,18.49,18.49,124700.0,124700.0,-0.06,-0.323,18.39,"August 24, 20",-0.00323
0,2020-08-21,19.129999,19.129999,18.200001,18.299999,18.299999,231100.0,231100.0,-0.83,-4.339,18.54333,"August 21, 20",-0.04339
0,2020-08-20,19.299999,19.549999,19.26,19.290001,19.290001,69000.0,69000.0,-0.01,-0.052,19.36667,"August 20, 20",-0.00052
0,2020-08-19,19.549999,19.799999,19.41,19.59,19.59,108600.0,108600.0,0.04,0.205,19.6,"August 19, 20",0.00205
0,2020-08-18,19.91,20.120001,19.190001,19.42,19.42,192200.0,192200.0,-0.49,-2.461,19.57667,"August 18, 20",-0.02461
0,2020-08-17,19.549999,20.01,19.549999,19.91,19.91,101600.0,101600.0,0.36,1.841,19.82333,"August 17, 20",0.01841
0,2020-08-14,19.700001,19.780001,19.469999,19.709999,19.709999,108000.0,108000.0,0.01,0.051,19.65333,"August 14, 20",0.00051
0,2020-08-13,20.23,20.469999,19.82,19.860001,19.860001,107600.0,107600.0,-0.37,-1.829,20.05,"August 13, 20",-0.01829
0,2020-08-12,20.530001,20.549999,19.98,20.389999,20.389999,118700.0,118700.0,-0.14,-0.682,20.30667,"August 12, 20",-0.00682
0,2020-08-11,20.42,20.719999,20.120001,20.24,20.24,131100.0,131100.0,-0.18,-0.881,20.36,"August 11, 20",-0.00881
0,2020-08-10,20.74,20.99,20.129999,20.200001,20.200001,99900.0,99900.0,-0.54,-2.604,20.44,"August 10, 20",-0.02604
0,2020-08-07,20.06,21.01,20.06,20.6,20.6,172400.0,172400.0,0.54,2.692,20.55667,"August 07, 20",0.02692
0,2020-08-06,19.77,21.0,19.75,20.03,20.03,293000.0,293000.0,0.26,1.315,20.26,"August 06, 20",0.01315
0,2020-08-05,18.29,19.11,18.28,19.01,19.01,220400.0,220400.0,0.72,3.937,18.8,"August 05, 20",0.03937
0,2020-08-04,17.64,18.09,17.64,17.99,17.99,110300.0,110300.0,0.35,1.984,17.90667,"August 04, 20",0.01984
0,2020-08-03,17.47,17.88,17.4,17.79,17.79,306200.0,306200.0,0.32,1.832,17.69,"August 03, 20",0.01832
0,2020-07-31,17.47,18.11,16.91,17.46,17.46,187200.0,187200.0,-0.01,-0.057,17.49333,"July 31, 20",-0.00057
0,2020-07-30,17.58,17.75,17.45,17.73,17.73,80400.0,80400.0,0.15,0.853,17.64333,"July 30, 20",0.00853
0,2020-07-29,17.42,18.15,17.42,17.88,17.88,73000.0,73000.0,0.46,2.641,17.81667,"July 29, 20",0.02641
0,2020-07-28,17.48,17.69,17.37,17.4,17.4,97500.0,97500.0,-0.08,-0.458,17.48667,"July 28, 20",-0.00458
0,2020-07-27,17.5,17.68,17.21,17.65,17.65,185064.0,185064.0,0.15,0.857,17.51333,"July 27, 20",0.00857
0,2020-07-24,17.99,18.25,17.56,17.66,17.66,83100.0,83100.0,-0.33,-1.834,17.82333,"July 24, 20",-0.01834
0,2020-07-23,17.77,18.5,17.72,18.22,18.22,144600.0,144600.0,0.45,2.532,18.14667,"July 23, 20",0.02532
0,2020-07-22,17.48,18.32,17.48,17.91,17.91,92900.0,92900.0,0.43,2.46,17.90333,"July 22, 20",0.0246
0,2020-07-21,17.47,17.93,17.47,17.66,17.66,245100.0,245100.0,0.19,1.088,17.68667,"July 21, 20",0.01088
0,2020-07-20,17.64,17.72,17.0,17.15,17.15,120800.0,120800.0,-0.49,-2.778,17.29,"July 20, 20",-0.02778
0,2020-07-17,17.56,17.93,17.35,17.74,17.74,142900.0,142900.0,0.18,1.025,17.67333,"July 17, 20",0.01025
0,2020-07-16,17.4,17.55,17.15,17.51,17.51,329300.0,329300.0,0.11,0.632,17.40333,"July 16, 20",0.00632
0,2020-07-15,16.59,17.64,16.59,17.49,17.49,192300.0,192300.0,0.9,5.425,17.24,"July 15, 20",0.05425
0,2020-07-14,15.75,16.09,15.7,16.05,16.05,382600.0,382600.0,0.3,1.905,15.94667,"July 14, 20",0.01905
0,2020-07-13,15.88,16.15,15.45,15.62,15.62,108500.0,108500.0,-0.26,-1.637,15.74,"July 13, 20",-0.01637
0,2020-07-10,15.13,15.81,15.13,15.74,15.74,86100.0,86100.0,0.61,4.032,15.56,"July 10, 20",0.04032
0,2020-07-09,15.41,15.68,15.19,15.24,15.24,165300.0,165300.0,-0.17,-1.103,15.37,"July 09, 20",-0.01103
0,2020-07-08,15.41,15.57,15.28,15.49,15.49,290800.0,290800.0,0.08,0.519,15.44667,"July 08, 20",0.00519
0,2020-07-07,15.79,16.1,15.5,15.55,15.55,148200.0,148200.0,-0.24,-1.52,15.71667,"July 07, 20",-0.0152
0,2020-07-06,16.44,16.5,15.66,16.08,16.08,136800.0,136800.0,-0.36,-2.19,16.08,"July 06, 20",-0.0219
0,2020-07-02,16.56,16.63,16.06,16.11,16.11,68000.0,68000.0,-0.45,-2.717,16.26667,"July 02, 20",-0.02717
0,2020-07-01,16.54,16.91,15.89,16.14,16.14,105000.0,105000.0,-0.4,-2.418,16.31333,"July 01, 20",-0.02418
0,2020-06-30,16.52,16.73,16.11,16.56,16.56,133600.0,133600.0,0.04,0.242,16.46667,"June 30, 20",0.00242
0,2020-06-29,15.58,16.77,15.58,16.74,16.74,157100.0,157100.0,1.16,7.445,16.36333,"June 29, 20",0.07445
0,2020-06-26,16.17,16.28,15.32,15.32,15.32,463800.0,463800.0,-0.85,-5.257,15.64,"June 26, 20",-0.05257
0,2020-06-25,16.36,16.67,16.16,16.39,16.39,105900.0,105900.0,0.03,0.183,16.40667,"June 25, 20",0.00183
0,2020-06-24,16.71,16.8,16.03,16.5,16.5,122500.0,122500.0,-0.21,-1.257,16.44333,"June 24, 20",-0.01257
0,2020-06-23,17.28,17.35,16.91,17.02,17.02,109900.0,109900.0,-0.26,-1.505,17.09333,"June 23, 20",-0.01505
0,2020-06-22,16.81,17.1,16.58,17.02,17.02,175000.0,175000.0,0.21,1.249,16.9,"June 22, 20",0.01249
0,2020-06-19,17.42,17.84,16.95,16.98,16.98,329500.0,329500.0,-0.44,-2.526,17.25667,"June 19, 20",-0.02526
0,2020-06-18,17.08,17.79,17.08,17.48,17.48,99000.0,99000.0,0.4,2.342,17.45,"June 18, 20",0.02342
0,2020-06-17,17.75,17.75,16.8,17.22,17.22,238000.0,238000.0,-0.53,-2.986,17.25667,"June 17, 20",-0.02986
0,2020-06-16,18.03,18.09,17.3,17.77,17.77,211400.0,211400.0,-0.26,-1.442,17.72,"June 16, 20",-0.01442
0,2020-06-15,15.94,17.67,15.82,17.31,17.31,209800.0,209800.0,1.37,8.595,16.93333,"June 15, 20",0.08595
0,2020-06-12,16.75,17.02,16.13,16.52,16.52,142900.0,142900.0,-0.23,-1.373,16.55667,"June 12, 20",-0.01373
0,2020-06-11,16.56,16.56,16.01,16.09,16.09,310800.0,310800.0,-0.47,-2.838,16.22,"June 11, 20",-0.02838
0,2020-06-10,17.54,17.71,17.0,17.26,17.26,139400.0,139400.0,-0.28,-1.596,17.32333,"June 10, 20",-0.01596
0,2020-06-09,18.13,18.41,17.47,17.78,17.78,200900.0,200900.0,-0.35,-1.931,17.88667,"June 09, 20",-0.01931
0,2020-06-08,18.73,19.0,18.51,18.62,18.62,170500.0,170500.0,-0.11,-0.587,18.71,"June 08, 20",-0.00587
0,2020-06-05,19.0,19.65,18.75,18.96,18.96,185400.0,185400.0,-0.04,-0.211,19.12,"June 05, 20",-0.00211
0,2020-06-04,18.32,18.72,18.17,18.39,18.39,213900.0,213900.0,0.07,0.382,18.42667,"June 04, 20",0.00382
0,2020-06-03,18.63,18.91,18.08,18.47,18.47,223600.0,223600.0,-0.16,-0.859,18.48667,"June 03, 20",-0.00859
0,2020-06-02,17.98,18.57,17.5,18.19,18.19,125000.0,125000.0,0.21,1.168,18.08667,"June 02, 20",0.01168
0,2020-06-01,18.08,18.55,17.7,17.78,17.78,191400.0,191400.0,-0.3,-1.659,18.01,"June 01, 20",-0.01659
0,2020-05-29,18.45,18.8,17.54,18.36,18.36,196000.0,196000.0,-0.09,-0.488,18.23333,"May 29, 20",-0.00488
0,2020-05-28,19.5,19.73,18.61,18.79,18.79,164700.0,164700.0,-0.71,-3.641,19.04333,"May 28, 20",-0.03641
0,2020-05-27,18.83,19.51,18.19,19.47,19.47,198800.0,198800.0,0.64,3.399,19.05667,"May 27, 20",0.03399
0,2020-05-26,18.63,18.7,18.09,18.36,18.36,168700.0,168700.0,-0.27,-1.449,18.38333,"May 26, 20",-0.01449
0,2020-05-22,17.79,17.84,17.24,17.75,17.75,116200.0,116200.0,-0.04,-0.225,17.61,"May 22, 20",-0.00225
0,2020-05-21,17.7,17.88,17.33,17.61,17.61,142500.0,142500.0,-0.09,-0.508,17.60667,"May 21, 20",-0.00508
0,2020-05-20,17.7,18.19,17.21,17.7,17.7,154400.0,154400.0,0.0,0.0,17.7,"May 20, 20",0.0
0,2020-05-19,17.5,18.23,16.83,17.12,17.12,310700.0,310700.0,-0.38,-2.171,17.39333,"May 19, 20",-0.02171
0,2020-05-18,16.15,17.74,16.15,17.7,17.7,257100.0,257100.0,1.55,9.598,17.19667,"May 18, 20",0.09598
0,2020-05-15,15.15,15.37,14.59,15.25,15.25,288700.0,288700.0,0.1,0.66,15.07,"May 15, 20",0.0066
0,2020-05-14,14.8,15.16,14.13,15.06,15.06,132400.0,132400.0,0.26,1.757,14.78333,"May 14, 20",0.01757
0,2020-05-13,16.15,16.3,14.86,15.15,15.15,184600.0,184600.0,-1.0,-6.192,15.43667,"May 13, 20",-0.06192
0,2020-05-12,16.46,16.74,16.18,16.36,16.36,218500.0,218500.0,-0.1,-0.608,16.42667,"May 12, 20",-0.00608
0,2020-05-11,16.83,17.23,16.14,16.41,16.41,247700.0,247700.0,-0.42,-2.496,16.59333,"May 11, 20",-0.02496
0,2020-05-08,16.91,17.77,16.64,17.16,17.16,285500.0,285500.0,0.25,1.478,17.19,"May 08, 20",0.01478
0,2020-05-07,17.06,17.99,16.7,17.59,17.59,186900.0,186900.0,0.53,3.107,17.42667,"May 07, 20",0.03107
0,2020-05-06,16.96,17.3,16.37,16.74,16.74,225600.0,225600.0,-0.22,-1.297,16.80333,"May 06, 20",-0.01297
0,2020-05-05,17.45,17.98,16.96,17.13,17.13,246500.0,246500.0,-0.32,-1.834,17.35667,"May 05, 20",-0.01834
0,2020-05-04,16.98,17.46,16.6,17.04,17.04,128300.0,128300.0,0.06,0.353,17.03333,"May 04, 20",0.00353
0,2020-05-01,17.81,17.81,16.45,17.32,17.32,195600.0,195600.0,-0.49,-2.751,17.19333,"May 01, 20",-0.02751
0,2020-04-30,19.02,19.56,18.34,18.36,18.36,202200.0,202200.0,-0.66,-3.47,18.75333,"April 30, 20",-0.0347
0,2020-04-29,17.2,19.77,16.88,19.52,19.52,312200.0,312200.0,2.32,13.488,18.72333,"April 29, 20",0.13488
0,2020-04-28,17.76,17.86,16.57,16.95,16.95,246400.0,246400.0,-0.81,-4.561,17.12667,"April 28, 20",-0.04561
0,2020-04-27,16.62,17.47,16.5,17.28,17.28,154600.0,154600.0,0.66,3.971,17.08333,"April 27, 20",0.03971
0,2020-04-24,16.44,16.75,15.93,16.5,16.5,130200.0,130200.0,0.06,0.365,16.39333,"April 24, 20",0.00365
0,2020-04-23,15.77,16.62,15.77,16.23,16.23,164000.0,164000.0,0.46,2.917,16.20667,"April 23, 20",0.02917
0,2020-04-22,16.81,16.81,15.88,15.93,15.93,128600.0,128600.0,-0.88,-5.235,16.20667,"April 22, 20",-0.05235
0,2020-04-21,16.68,17.36,16.1,16.46,16.46,282100.0,282100.0,-0.22,-1.319,16.64,"April 21, 20",-0.01319
0,2020-04-20,16.92,17.9,16.92,17.28,17.28,165500.0,165500.0,0.36,2.128,17.36667,"April 20, 20",0.02128
0,2020-04-17,16.45,17.63,16.26,17.41,17.41,208400.0,208400.0,0.96,5.836,17.1,"April 17, 20",0.05836
0,2020-04-16,16.45,16.99,15.51,16.05,16.05,206200.0,206200.0,-0.4,-2.432,16.18333,"April 16, 20",-0.02432
0,2020-04-15,16.62,17.14,16.29,16.5,16.5,287400.0,287400.0,-0.12,-0.722,16.64333,"April 15, 20",-0.00722
0,2020-04-14,17.2,17.5,16.44,17.27,17.27,298000.0,298000.0,0.07,0.407,17.07,"April 14, 20",0.00407
0,2020-04-13,16.9,17.36,16.23,16.79,16.79,230200.0,230200.0,-0.11,-0.651,16.79333,"April 13, 20",-0.00651
0,2020-04-09,16.76,17.23,16.51,17.18,17.18,309200.0,309200.0,0.42,2.506,16.97333,"April 09, 20",0.02506
0,2020-04-08,15.1,16.56,14.68,16.44,16.44,494900.0,494900.0,1.34,8.874,15.89333,"April 08, 20",0.08874
0,2020-04-07,14.17,15.34,13.73,14.76,14.76,642100.0,642100.0,0.59,4.164,14.61,"April 07, 20",0.04164
0,2020-04-06,13.42,14.37,13.42,13.71,13.71,482500.0,482500.0,0.29,2.161,13.83333,"April 06, 20",0.02161
0,2020-04-03,13.26,13.59,12.5,12.85,12.85,452800.0,452800.0,-0.41,-3.092,12.98,"April 03, 20",-0.03092
0,2020-04-02,12.8,13.56,12.68,13.37,13.37,566900.0,566900.0,0.57,4.453,13.20333,"April 02, 20",0.04453
0,2020-04-01,14.91,14.91,12.9,12.99,12.99,511000.0,511000.0,-1.92,-12.877,13.6,"April 01, 20",-0.12877
0,2020-03-31,14.77,15.75,14.71,15.58,15.58,467000.0,467000.0,0.81,5.484,15.34667,"March 31, 20",0.05484
0,2020-03-30,14.05,14.72,13.73,14.53,14.53,257100.0,257100.0,0.48,3.416,14.32667,"March 30, 20",0.03416
0,2020-03-27,15.17,15.24,14.16,14.27,14.27,303800.0,303800.0,-0.9,-5.933,14.55667,"March 27, 20",-0.05933
0,2020-03-26,14.93,15.83,14.9,15.76,15.76,346000.0,346000.0,0.83,5.559,15.49667,"March 26, 20",0.05559
0,2020-03-25,14.19,15.45,13.93,14.94,14.94,463800.0,463800.0,0.75,5.285,14.77333,"March 25, 20",0.05285
0,2020-03-24,13.83,14.57,12.87,14.42,14.42,409600.0,409600.0,0.59,4.266,13.95333,"March 24, 20",0.04266
0,2020-03-23,13.0,13.75,12.75,13.14,13.14,423000.0,423000.0,0.14,1.077,13.21333,"March 23, 20",0.01077
0,2020-03-20,13.32,13.71,12.39,13.0,13.0,577900.0,577900.0,-0.32,-2.402,13.03333,"March 20, 20",-0.02402
0,2020-03-19,11.6,13.91,11.36,13.26,13.26,434200.0,434200.0,1.66,14.31,12.84333,"March 19, 20",0.1431
0,2020-03-18,14.27,14.27,11.31,11.58,11.58,292500.0,292500.0,-2.69,-18.851,12.38667,"March 18, 20",-0.18851
0,2020-03-17,15.61,15.93,14.36,15.14,15.14,469200.0,469200.0,-0.47,-3.011,15.14333,"March 17, 20",-0.03011
0,2020-03-16,17.9,18.25,15.25,15.44,15.44,451000.0,451000.0,-2.46,-13.743,16.31333,"March 16, 20",-0.13743
0,2020-03-13,19.52,19.52,18.11,18.7,18.7,517100.0,517100.0,-0.82,-4.201,18.77667,"March 13, 20",-0.04201
0,2020-03-12,19.43,20.47,17.51,18.6,18.6,845300.0,845300.0,-0.83,-4.272,18.86,"March 12, 20",-0.04272
0,2020-03-11,20.58,20.78,19.47,19.92,19.92,362400.0,362400.0,-0.66,-3.207,20.05667,"March 11, 20",-0.03207
0,2020-03-10,20.8,21.17,20.0,20.97,20.97,427400.0,427400.0,0.17,0.817,20.71333,"March 10, 20",0.00817
0,2020-03-09,20.6,21.41,20.13,20.55,20.55,338900.0,338900.0,-0.05,-0.243,20.69667,"March 09, 20",-0.00243
0,2020-03-06,21.76,22.18,21.41,21.95,21.95,138800.0,138800.0,0.19,0.873,21.84667,"March 06, 20",0.00873
0,2020-03-05,22.68,23.07,21.9,22.23,22.23,174400.0,174400.0,-0.45,-1.984,22.4,"March 05, 20",-0.01984
0,2020-03-04,22.58,23.46,22.58,23.15,23.15,164000.0,164000.0,0.57,2.524,23.06333,"March 04, 20",0.02524
0,2020-03-03,23.07,23.47,22.03,22.2,22.2,136100.0,136100.0,-0.87,-3.771,22.56667,"March 03, 20",-0.03771
0,2020-03-02,23.11,23.47,22.66,23.18,23.18,312400.0,312400.0,0.07,0.303,23.10333,"March 02, 20",0.00303
0,2020-02-28,22.2,23.22,22.2,23.07,23.07,276700.0,276700.0,0.87,3.919,22.83,"February 28, 20",0.03919
0,2020-02-27,23.1,23.74,22.69,22.9,22.9,254400.0,254400.0,-0.2,-0.866,23.11,"February 27, 20",-0.00866
0,2020-02-26,23.5,24.04,23.25,23.29,23.29,193500.0,193500.0,-0.21,-0.894,23.52667,"February 26, 20",-0.00894
0,2020-02-25,24.17,24.51,23.38,23.56,23.56,161900.0,161900.0,-0.61,-2.524,23.81667,"February 25, 20",-0.02524
0,2020-02-24,24.09,24.26,23.68,24.17,24.17,122800.0,122800.0,0.08,0.332,24.03667,"February 24, 20",0.00332
0,2020-02-21,24.56,24.68,24.31,24.64,24.64,115400.0,115400.0,0.08,0.326,24.54333,"February 21, 20",0.00326
0,2020-02-20,24.45,24.66,23.93,24.52,24.52,112300.0,112300.0,0.07,0.286,24.37,"February 20, 20",0.00286
0,2020-02-19,24.1,24.72,24.02,24.53,24.53,124600.0,124600.0,0.43,1.784,24.42333,"February 19, 20",0.01784
0,2020-02-18,23.84,24.18,23.67,24.01,24.01,135900.0,135900.0,0.17,0.713,23.95333,"February 18, 20",0.00713
0,2020-02-14,24.21,24.51,23.8,23.88,23.88,134700.0,134700.0,-0.33,-1.363,24.06333,"February 14, 20",-0.01363
0,2020-02-13,24.56,24.79,24.09,24.22,24.22,115800.0,115800.0,-0.34,-1.384,24.36667,"February 13, 20",-0.01384
0,2020-02-12,25.49,25.49,24.63,24.72,24.72,135500.0,135500.0,-0.77,-3.021,24.94667,"February 12, 20",-0.03021
0,2020-02-11,24.62,25.43,24.4,25.38,25.38,91700.0,91700.0,0.76,3.087,25.07,"February 11, 20",0.03087
0,2020-02-10,24.72,24.77,24.37,24.54,24.54,104500.0,104500.0,-0.18,-0.728,24.56,"February 10, 20",-0.00728
0,2020-02-07,24.92,24.92,24.19,24.74,24.74,163500.0,163500.0,-0.18,-0.722,24.61667,"February 07, 20",-0.00722
0,2020-02-06,25.22,25.23,24.8,25.04,25.04,198800.0,198800.0,-0.18,-0.714,25.02333,"February 06, 20",-0.00714
0,2020-02-05,24.98,25.47,24.96,25.11,25.11,132100.0,132100.0,0.13,0.52,25.18,"February 05, 20",0.0052
0,2020-02-04,24.56,25.01,24.56,24.78,24.78,342500.0,342500.0,0.22,0.896,24.78333,"February 04, 20",0.00896
0,2020-02-03,24.45,24.82,24.19,24.32,24.32,187100.0,187100.0,-0.13,-0.532,24.44333,"February 03, 20",-0.00532
0,2020-01-31,24.56,25.04,24.32,24.43,24.43,158100.0,158100.0,-0.13,-0.529,24.59667,"January 31, 20",-0.00529
0,2020-01-30,25.09,25.33,24.37,24.74,24.74,196300.0,196300.0,-0.35,-1.395,24.81333,"January 30, 20",-0.01395
0,2020-01-29,25.34,25.66,25.15,25.33,25.33,145100.0,145100.0,-0.01,-0.039,25.38,"January 29, 20",-0.00039
0,2020-01-28,26.0,26.21,25.25,25.4,25.4,317300.0,317300.0,-0.6,-2.308,25.62,"January 28, 20",-0.02308
0,2020-01-27,25.53,26.22,24.94,25.91,25.91,233400.0,233400.0,0.38,1.488,25.69,"January 27, 20",0.01488
0,2020-01-24,25.9,26.04,25.39,25.75,25.75,122200.0,122200.0,-0.15,-0.579,25.72667,"January 24, 20",-0.00579
0,2020-01-23,25.78,25.94,25.64,25.87,25.87,223800.0,223800.0,0.09,0.349,25.81667,"January 23, 20",0.00349
0,2020-01-22,26.79,27.07,25.88,26.0,26.0,240200.0,240200.0,-0.79,-2.949,26.31667,"January 22, 20",-0.02949
0,2020-01-21,26.07,27.0,25.92,26.7,26.7,259500.0,259500.0,0.63,2.417,26.54,"January 21, 20",0.02417
0,2020-01-17,26.9,27.01,26.21,26.25,26.25,332600.0,332600.0,-0.65,-2.416,26.49,"January 17, 20",-0.02416
0,2020-01-16,26.95,27.47,26.68,26.73,26.73,195400.0,195400.0,-0.22,-0.816,26.96,"January 16, 20",-0.00816
0,2020-01-15,27.27,27.42,26.38,26.72,26.72,263900.0,263900.0,-0.55,-2.017,26.84,"January 15, 20",-0.02017
0,2020-01-14,27.36,27.74,27.25,27.32,27.32,422800.0,422800.0,-0.04,-0.146,27.43667,"January 14, 20",-0.00146
0,2020-01-13,27.46,27.6,27.24,27.5,27.5,265600.0,265600.0,0.04,0.146,27.44667,"January 13, 20",0.00146
0,2020-01-10,27.15,27.44,26.83,27.44,27.44,407200.0,407200.0,0.29,1.068,27.23667,"January 10, 20",0.01068
0,2020-01-09,27.81,27.89,27.1,27.15,27.15,205500.0,205500.0,-0.66,-2.373,27.38,"January 09, 20",-0.02373
0,2020-01-08,27.73,28.03,27.59,27.8,27.8,122700.0,122700.0,0.07,0.252,27.80667,"January 08, 20",0.00252
0,2020-01-07,27.84,28.12,27.64,27.68,27.68,172500.0,172500.0,-0.16,-0.575,27.81333,"January 07, 20",-0.00575
0,2020-01-06,27.71,28.16,27.51,28.0,28.0,221300.0,221300.0,0.29,1.047,27.89,"January 06, 20",0.01047
0,2020-01-03,26.91,28.0,26.91,27.98,27.98,388500.0,388500.0,1.07,3.976,27.63,"January 03, 20",0.03976
0,2020-01-02,27.72,27.78,26.84,27.28,27.28,233500.0,233500.0,-0.44,-1.587,27.3,"January 02, 20",-0.01587
0,2019-12-31,27.37,27.71,27.3,27.61,27.61,373600.0,373600.0,0.24,0.877,27.54,"December 31, 19",0.00877
0,2019-12-30,27.51,27.61,27.21,27.44,27.44,142500.0,142500.0,-0.07,-0.254,27.42,"December 30, 19",-0.00254
0,2019-12-27,27.35,27.59,26.89,27.54,27.54,175100.0,175100.0,0.19,0.695,27.34,"December 27, 19",0.00695
0,2019-12-26,27.25,27.68,27.2,27.22,27.22,117500.0,117500.0,-0.03,-0.11,27.36667,"December 26, 19",-0.0011
0,2019-12-24,27.45,27.45,27.17,27.24,27.24,90500.0,90500.0,-0.21,-0.765,27.28667,"December 24, 19",-0.00765
0,2019-12-23,27.2,27.47,26.67,27.35,27.35,226900.0,226900.0,0.15,0.551,27.16333,"December 23, 19",0.00551
0,2019-12-20,27.5,27.8,26.55,27.2,27.2,881500.0,881500.0,-0.3,-1.091,27.18333,"December 20, 19",-0.01091
0,2019-12-19,26.93,27.5,26.68,27.46,27.46,231100.0,231100.0,0.53,1.968,27.21333,"December 19, 19",0.01968
0,2019-12-18,26.62,27.23,26.45,26.84,26.84,349100.0,349100.0,0.22,0.826,26.84,"December 18, 19",0.00826
0,2019-12-17,26.44,26.64,26.06,26.45,26.45,301800.0,301800.0,0.01,0.038,26.38333,"December 17, 19",0.00038
0,2019-12-16,26.7,27.1,26.26,26.36,26.36,232000.0,232000.0,-0.34,-1.273,26.57333,"December 16, 19",-0.01273
0,2019-12-13,26.64,26.87,26.33,26.63,26.63,142100.0,142100.0,-0.01,-0.038,26.61,"December 13, 19",-0.00038
0,2019-12-12,26.5,27.13,26.28,26.8,26.8,189000.0,189000.0,0.3,1.132,26.73667,"December 12, 19",0.01132
0,2019-12-11,26.94,27.03,26.34,26.48,26.48,234200.0,234200.0,-0.46,-1.707,26.61667,"December 11, 19",-0.01707
0,2019-12-10,26.69,26.92,26.5,26.9,26.9,170900.0,170900.0,0.21,0.787,26.77333,"December 10, 19",0.00787
0,2019-12-09,26.5,26.89,26.42,26.71,26.71,271700.0,271700.0,0.21,0.792,26.67333,"December 09, 19",0.00792
0,2019-12-06,26.9,27.16,26.62,26.88,26.88,312600.0,312600.0,-0.02,-0.074,26.88667,"December 06, 19",-0.00074
0,2019-12-05,26.61,26.65,26.19,26.62,26.62,131800.0,131800.0,0.01,0.038,26.48667,"December 05, 19",0.00038
0,2019-12-04,27.0,27.0,26.12,26.4,26.4,169800.0,169800.0,-0.6,-2.222,26.50667,"December 04, 19",-0.02222
0,2019-12-03,26.27,26.81,26.23,26.77,26.77,220000.0,220000.0,0.5,1.903,26.60333,"December 03, 19",0.01903
0,2019-12-02,26.18,26.54,25.85,26.52,26.52,328500.0,328500.0,0.34,1.299,26.30333,"December 02, 19",0.01299
0,2019-11-29,25.98,26.57,25.84,26.2,26.2,104600.0,104600.0,0.22,0.847,26.20333,"November 29, 19",0.00847
0,2019-11-27,26.0,26.09,25.86,26.0,26.0,175400.0,175400.0,0.0,0.0,25.98333,"November 27, 19",0.0
0,2019-11-26,25.77,26.13,25.33,25.93,25.93,218800.0,218800.0,0.16,0.621,25.79667,"November 26, 19",0.00621
0,2019-11-25,25.11,25.88,24.91,25.85,25.85,167700.0,167700.0,0.74,2.947,25.54667,"November 25, 19",0.02947
0,2019-11-22,25.0,25.29,24.76,24.93,24.93,161100.0,161100.0,-0.07,-0.28,24.99333,"November 22, 19",-0.0028
0,2019-11-21,24.99,24.99,24.42,24.85,24.85,177500.0,177500.0,-0.14,-0.56,24.75333,"November 21, 19",-0.0056
0,2019-11-20,24.25,24.9,23.53,24.87,24.87,240100.0,240100.0,0.62,2.557,24.43333,"November 20, 19",0.02557
0,2019-11-19,24.53,24.9,24.48,24.52,24.52,217300.0,217300.0,-0.01,-0.041,24.63333,"November 19, 19",-0.00041
0,2019-11-18,23.96,24.82,23.81,24.36,24.36,392300.0,392300.0,0.4,1.669,24.33,"November 18, 19",0.01669
0,2019-11-15,23.69,24.22,23.38,24.11,24.11,169500.0,169500.0,0.42,1.773,23.90333,"November 15, 19",0.01773
0,2019-11-14,23.18,23.72,22.9,23.56,23.56,265300.0,265300.0,0.38,1.639,23.39333,"November 14, 19",0.01639
0,2019-11-13,23.35,23.43,22.81,23.13,23.13,206400.0,206400.0,-0.22,-0.942,23.12333,"November 13, 19",-0.00942
0,2019-11-12,23.33,23.82,23.21,23.54,23.54,174500.0,174500.0,0.21,0.9,23.52333,"November 12, 19",0.009
0,2019-11-11,23.93,24.04,23.27,23.35,23.35,281300.0,281300.0,-0.58,-2.424,23.55333,"November 11, 19",-0.02424
0,2019-11-08,23.53,25.0,23.03,24.04,24.04,596300.0,596300.0,0.51,2.167,24.02333,"November 08, 19",0.02167
0,2019-11-07,23.05,23.58,22.97,22.97,22.97,614700.0,614700.0,-0.08,-0.347,23.17333,"November 07, 19",-0.00347
0,2019-11-06,22.88,23.04,22.74,22.86,22.86,207400.0,207400.0,-0.02,-0.087,22.88,"November 06, 19",-0.00087
0,2019-11-05,23.28,23.35,22.83,22.98,22.98,246600.0,246600.0,-0.3,-1.289,23.05333,"November 05, 19",-0.01289
0,2019-11-04,22.71,23.32,22.61,23.2,23.2,547300.0,547300.0,0.49,2.158,23.04333,"November 04, 19",0.02158
0,2019-11-01,22.81,23.05,22.43,22.48,22.48,447200.0,447200.0,-0.33,-1.447,22.65333,"November 01, 19",-0.01447
0,2019-10-31,22.66,22.83,22.35,22.61,22.61,401500.0,401500.0,-0.05,-0.221,22.59667,"October 31, 19",-0.00221
0,2019-10-30,22.64,22.95,22.55,22.84,22.84,300000.0,300000.0,0.2,0.883,22.78,"October 30, 19",0.00883
0,2019-10-29,22.23,22.88,22.22,22.76,22.76,437200.0,437200.0,0.53,2.384,22.62,"October 29, 19",0.02384
0,2019-10-28,21.72,22.77,21.7,22.28,22.28,505200.0,505200.0,0.56,2.578,22.25,"October 28, 19",0.02578
0,2019-10-25,22.24,22.68,21.53,21.76,21.76,8227900.0,8227900.0,-0.48,-2.158,21.99,"October 25, 19",-0.02158
0,2019-10-24,22.51,22.95,22.32,22.36,22.36,1631400.0,1631400.0,-0.15,-0.666,22.54333,"October 24, 19",-0.00666
0,2019-10-23,22.56,22.67,22.16,22.45,22.45,3719700.0,3719700.0,-0.11,-0.488,22.42667,"October 23, 19",-0.00488
0,2019-10-22,20.01,20.59,20.01,20.51,20.51,122400.0,122400.0,0.5,2.499,20.37,"October 22, 19",0.02499
0,2019-10-21,20.06,20.11,19.9,20.07,20.07,84900.0,84900.0,0.01,0.05,20.02667,"October 21, 19",0.0005
0,2019-10-18,19.82,20.01,19.7,19.87,19.87,85800.0,85800.0,0.05,0.252,19.86,"October 18, 19",0.00252
0,2019-10-17,19.48,20.01,19.48,19.97,19.97,69300.0,69300.0,0.49,2.515,19.82,"October 17, 19",0.02515
0,2019-10-16,19.55,19.84,19.29,19.44,19.44,88800.0,88800.0,-0.11,-0.563,19.52333,"October 16, 19",-0.00563
0,2019-10-15,19.39,19.64,19.34,19.6,19.6,108500.0,108500.0,0.21,1.083,19.52667,"October 15, 19",0.01083
0,2019-10-14,19.13,19.54,18.99,19.28,19.28,72300.0,72300.0,0.15,0.784,19.27,"October 14, 19",0.00784
0,2019-10-11,19.4,19.6,19.15,19.22,19.22,149800.0,149800.0,-0.18,-0.928,19.32333,"October 11, 19",-0.00928
0,2019-10-10,19.38,19.54,19.09,19.15,19.15,114800.0,114800.0,-0.23,-1.187,19.26,"October 10, 19",-0.01187
0,2019-10-09,19.46,19.68,19.11,19.28,19.28,91500.0,91500.0,-0.18,-0.925,19.35667,"October 09, 19",-0.00925
0,2019-10-08,19.29,19.75,18.87,19.36,19.36,122500.0,122500.0,0.07,0.363,19.32667,"October 08, 19",0.00363
0,2019-10-07,19.44,19.95,19.26,19.5,19.5,179100.0,179100.0,0.06,0.309,19.57,"October 07, 19",0.00309
0,2019-10-04,19.48,19.62,19.08,19.53,19.53,156300.0,156300.0,0.05,0.257,19.41,"October 04, 19",0.00257
0,2019-10-03,19.37,19.87,19.23,19.46,19.46,105300.0,105300.0,0.09,0.465,19.52,"October 03, 19",0.00465
0,2019-10-02,19.01,19.78,18.85,19.48,19.48,222100.0,222100.0,0.47,2.472,19.37,"October 02, 19",0.02472
0,2019-10-01,20.42,20.72,18.89,19.1,19.1,452200.0,452200.0,-1.32,-6.464,19.57,"October 01, 19",-0.06464
0,2019-09-30,20.32,20.65,20.11,20.38,20.38,335100.0,335100.0,0.06,0.295,20.38,"September 30, 19",0.00295
0,2019-09-27,21.16,21.54,20.34,20.45,20.45,181900.0,181900.0,-0.71,-3.355,20.77667,"September 27, 19",-0.03355
0,2019-09-26,21.45,21.6,21.06,21.11,21.11,195500.0,195500.0,-0.34,-1.585,21.25667,"September 26, 19",-0.01585
0,2019-09-25,21.06,21.65,20.85,21.55,21.55,190000.0,190000.0,0.49,2.327,21.35,"September 25, 19",0.02327
0,2019-09-24,21.34,21.42,20.71,20.94,20.94,120700.0,120700.0,-0.4,-1.874,21.02333,"September 24, 19",-0.01874
0,2019-09-23,21.51,21.66,21.08,21.22,21.22,314100.0,314100.0,-0.29,-1.348,21.32,"September 23, 19",-0.01348
0,2019-09-20,21.39,21.65,21.26,21.54,21.54,336400.0,336400.0,0.15,0.701,21.48333,"September 20, 19",0.00701
0,2019-09-19,20.96,21.66,20.94,21.33,21.33,190300.0,190300.0,0.37,1.765,21.31,"September 19, 19",0.01765
0,2019-09-18,21.86,21.91,21.03,21.09,21.09,269600.0,269600.0,-0.77,-3.522,21.34333,"September 18, 19",-0.03522
0,2019-09-17,21.67,21.89,21.3,21.87,21.87,142300.0,142300.0,0.2,0.923,21.68667,"September 17, 19",0.00923
0,2019-09-16,21.91,21.95,21.5,21.75,21.75,146400.0,146400.0,-0.16,-0.73,21.73333,"September 16, 19",-0.0073
0,2019-09-13,21.7,22.0,21.5,21.83,21.83,300700.0,300700.0,0.13,0.599,21.77667,"September 13, 19",0.00599
0,2019-09-12,21.32,21.67,21.1,21.52,21.52,367600.0,367600.0,0.2,0.938,21.43,"September 12, 19",0.00938
0,2019-09-11,20.8,21.3,20.8,21.19,21.19,936300.0,936300.0,0.39,1.875,21.09667,"September 11, 19",0.01875
0,2019-09-10,19.85,20.74,19.67,20.73,20.73,395900.0,395900.0,0.88,4.433,20.38,"September 10, 19",0.04433
0,2019-09-09,19.54,19.98,19.27,19.85,19.85,158900.0,158900.0,0.31,1.586,19.7,"September 09, 19",0.01586
0,2019-09-06,19.21,19.86,19.09,19.56,19.56,205300.0,205300.0,0.35,1.822,19.50333,"September 06, 19",0.01822
0,2019-09-05,18.87,19.32,18.72,19.16,19.16,168700.0,168700.0,0.29,1.537,19.06667,"September 05, 19",0.01537
0,2019-09-04,18.79,19.15,18.57,18.68,18.68,207600.0,207600.0,-0.11,-0.585,18.8,"September 04, 19",-0.00585
0,2019-09-03,18.82,19.31,18.48,18.72,18.72,372000.0,372000.0,-0.1,-0.531,18.83667,"September 03, 19",-0.00531
0,2019-08-30,19.11,19.28,18.62,18.88,18.88,271600.0,271600.0,-0.23,-1.204,18.92667,"August 30, 19",-0.01204
0,2019-08-29,19.4,19.61,18.92,19.07,19.07,180600.0,180600.0,-0.33,-1.701,19.2,"August 29, 19",-0.01701
0,2019-08-28,19.74,20.0,19.11,19.25,19.25,174200.0,174200.0,-0.49,-2.482,19.45333,"August 28, 19",-0.02482
0,2019-08-27,20.11,20.5,19.64,19.73,19.73,186300.0,186300.0,-0.38,-1.89,19.95667,"August 27, 19",-0.0189
0,2019-08-26,19.43,20.26,19.19,20.05,20.05,255800.0,255800.0,0.62,3.191,19.83333,"August 26, 19",0.03191
0,2019-08-23,19.41,19.7,19.08,19.23,19.23,153700.0,153700.0,-0.18,-0.927,19.33667,"August 23, 19",-0.00927
0,2019-08-22,19.4,19.78,19.25,19.47,19.47,123000.0,123000.0,0.07,0.361,19.5,"August 22, 19",0.00361
0,2019-08-21,19.1,19.45,19.0,19.31,19.31,250500.0,250500.0,0.21,1.099,19.25333,"August 21, 19",0.01099
0,2019-08-20,19.2,19.28,18.88,18.9,18.9,206200.0,206200.0,-0.3,-1.563,19.02,"August 20, 19",-0.01563
0,2019-08-19,19.25,19.42,19.14,19.19,19.19,165900.0,165900.0,-0.06,-0.312,19.25,"August 19, 19",-0.00312
0,2019-08-16,19.2,19.79,19.0,19.14,19.14,197400.0,197400.0,-0.06,-0.313,19.31,"August 16, 19",-0.00313
0,2019-08-15,19.79,19.79,19.0,19.1,19.1,203700.0,203700.0,-0.69,-3.487,19.29667,"August 15, 19",-0.03487
0,2019-08-14,20.03,20.43,19.44,19.66,19.66,701400.0,701400.0,-0.37,-1.847,19.84333,"August 14, 19",-0.01847
0,2019-08-13,19.75,20.31,19.74,20.18,20.18,414400.0,414400.0,0.43,2.177,20.07667,"August 13, 19",0.02177
0,2019-08-12,19.37,20.06,19.05,19.99,19.99,136800.0,136800.0,0.62,3.201,19.7,"August 12, 19",0.03201
0,2019-08-09,18.62,19.75,18.62,19.39,19.39,357000.0,357000.0,0.77,4.135,19.25333,"August 09, 19",0.04135
0,2019-08-08,17.5,19.13,17.01,18.81,18.81,779000.0,779000.0,1.31,7.486,18.31667,"August 08, 19",0.07486
0,2019-08-07,16.3,16.34,15.5,15.62,15.62,384900.0,384900.0,-0.68,-4.172,15.82,"August 07, 19",-0.04172
0,2019-08-06,16.47,16.64,16.05,16.51,16.51,209600.0,209600.0,0.04,0.243,16.4,"August 06, 19",0.00243
0,2019-08-05,16.63,16.9,16.27,16.44,16.44,141300.0,141300.0,-0.19,-1.143,16.53667,"August 05, 19",-0.01143
0,2019-08-02,16.71,17.0,16.29,16.98,16.98,272500.0,272500.0,0.27,1.616,16.75667,"August 02, 19",0.01616
0,2019-08-01,17.23,17.49,16.76,16.84,16.84,316100.0,316100.0,-0.39,-2.263,17.03,"August 01, 19",-0.02263
0,2019-07-31,17.14,17.45,17.09,17.25,17.25,220300.0,220300.0,0.11,0.642,17.26333,"July 31, 19",0.00642
0,2019-07-30,16.63,17.17,16.48,17.07,17.07,177100.0,177100.0,0.44,2.646,16.90667,"July 30, 19",0.02646
0,2019-07-29,16.72,16.9,16.47,16.61,16.61,125800.0,125800.0,-0.11,-0.658,16.66,"July 29, 19",-0.00658
0,2019-07-26,16.34,16.77,16.3,16.75,16.75,140300.0,140300.0,0.41,2.509,16.60667,"July 26, 19",0.02509
0,2019-07-25,16.68,16.81,16.19,16.41,16.41,170300.0,170300.0,-0.27,-1.619,16.47,"July 25, 19",-0.01619
0,2019-07-24,16.25,16.74,16.16,16.65,16.65,151500.0,151500.0,0.4,2.462,16.51667,"July 24, 19",0.02462
0,2019-07-23,16.43,16.45,16.07,16.31,16.31,157100.0,157100.0,-0.12,-0.73,16.27667,"July 23, 19",-0.0073
0,2019-07-22,16.71,16.71,16.16,16.39,16.39,242600.0,242600.0,-0.32,-1.915,16.42,"July 22, 19",-0.01915
0,2019-07-19,17.05,17.15,16.71,16.72,16.72,157800.0,157800.0,-0.33,-1.935,16.86,"July 19, 19",-0.01935
0,2019-07-18,17.04,17.28,16.89,17.09,17.09,108400.0,108400.0,0.05,0.293,17.08667,"July 18, 19",0.00293
0,2019-07-17,17.0,17.16,16.86,17.04,17.04,305300.0,305300.0,0.04,0.235,17.02,"July 17, 19",0.00235
0,2019-07-16,17.18,17.43,16.97,17.0,17.0,157600.0,157600.0,-0.18,-1.048,17.13333,"July 16, 19",-0.01048
0,2019-07-15,17.17,17.32,17.08,17.2,17.2,160900.0,160900.0,0.03,0.175,17.2,"July 15, 19",0.00175
0,2019-07-12,17.23,17.23,16.98,17.15,17.15,285600.0,285600.0,-0.08,-0.464,17.12,"July 12, 19",-0.00464
0,2019-07-11,17.47,17.96,17.08,17.27,17.27,191700.0,191700.0,-0.2,-1.145,17.43667,"July 11, 19",-0.01145
0,2019-07-10,17.33,17.59,17.3,17.45,17.45,118400.0,118400.0,0.12,0.692,17.44667,"July 10, 19",0.00692
0,2019-07-09,17.38,17.47,17.13,17.31,17.31,221500.0,221500.0,-0.07,-0.403,17.30333,"July 09, 19",-0.00403
0,2019-07-08,17.07,17.53,16.93,17.49,17.49,309700.0,309700.0,0.42,2.46,17.31667,"July 08, 19",0.0246
0,2019-07-05,17.11,17.25,16.8,17.13,17.13,222500.0,222500.0,0.02,0.117,17.06,"July 05, 19",0.00117
0,2019-07-03,17.14,17.45,17.08,17.15,17.15,215800.0,215800.0,0.01,0.058,17.22667,"July 03, 19",0.00058
0,2019-07-02,18.99,19.22,17.02,17.06,17.06,1126000.0,1126000.0,-1.93,-10.163,17.76667,"July 02, 19",-0.10163
0,2019-07-01,19.33,19.55,18.98,19.03,19.03,367600.0,367600.0,-0.3,-1.552,19.18667,"July 01, 19",-0.01552
0,2019-06-28,18.45,19.45,18.39,19.15,19.15,5096900.0,5096900.0,0.7,3.794,18.99667,"June 28, 19",0.03794
0,2019-06-27,18.11,18.44,18.09,18.4,18.4,245500.0,245500.0,0.29,1.601,18.31,"June 27, 19",0.01601
0,2019-06-26,18.12,18.45,17.93,18.09,18.09,355700.0,355700.0,-0.03,-0.166,18.15667,"June 26, 19",-0.00166
0,2019-06-25,18.42,18.71,17.91,18.09,18.09,252600.0,252600.0,-0.33,-1.792,18.23667,"June 25, 19",-0.01792
0,2019-06-24,18.35,18.35,17.94,18.03,18.03,183000.0,183000.0,-0.32,-1.744,18.10667,"June 24, 19",-0.01744
0,2019-06-21,18.82,18.82,18.0,18.22,18.22,349400.0,349400.0,-0.6,-3.188,18.34667,"June 21, 19",-0.03188
0,2019-06-20,18.74,19.0,18.53,18.78,18.78,195300.0,195300.0,0.04,0.213,18.77,"June 20, 19",0.00213
0,2019-06-19,18.72,18.95,18.41,18.77,18.77,178200.0,178200.0,0.05,0.267,18.71,"June 19, 19",0.00267
0,2019-06-18,18.83,19.18,18.58,18.6,18.6,196200.0,196200.0,-0.23,-1.221,18.78667,"June 18, 19",-0.01221
0,2019-06-17,18.87,19.2,18.61,18.82,18.82,156600.0,156600.0,-0.05,-0.265,18.87667,"June 17, 19",-0.00265
0,2019-06-14,18.89,19.26,18.61,18.87,18.87,206800.0,206800.0,-0.02,-0.106,18.91333,"June 14, 19",-0.00106
0,2019-06-13,19.13,19.38,18.86,19.01,19.01,209200.0,209200.0,-0.12,-0.627,19.08333,"June 13, 19",-0.00627
0,2019-06-12,18.56,19.18,18.5,19.1,19.1,298900.0,298900.0,0.54,2.909,18.92667,"June 12, 19",0.02909
0,2019-06-11,18.78,18.88,18.35,18.6,18.6,312100.0,312100.0,-0.18,-0.958,18.61,"June 11, 19",-0.00958
0,2019-06-10,19.14,19.25,18.62,18.75,18.75,271800.0,271800.0,-0.39,-2.038,18.87333,"June 10, 19",-0.02038
0,2019-06-07,18.87,19.32,18.82,18.9,18.9,294300.0,294300.0,0.03,0.159,19.01333,"June 07, 19",0.00159
0,2019-06-06,18.94,19.22,18.55,18.84,18.84,173500.0,173500.0,-0.1,-0.528,18.87,"June 06, 19",-0.00528
0,2019-06-05,18.91,19.19,18.81,18.95,18.95,170700.0,170700.0,0.04,0.212,18.98333,"June 05, 19",0.00212
0,2019-06-04,19.0,19.28,18.67,18.75,18.75,378900.0,378900.0,-0.25,-1.316,18.9,"June 04, 19",-0.01316
0,2019-06-03,18.55,19.04,18.55,18.86,18.86,244200.0,244200.0,0.31,1.671,18.81667,"June 03, 19",0.01671
0,2019-05-31,18.87,18.88,18.54,18.66,18.66,234900.0,234900.0,-0.21,-1.113,18.69333,"May 31, 19",-0.01113
0,2019-05-30,19.27,19.47,18.87,19.0,19.0,277700.0,277700.0,-0.27,-1.401,19.11333,"May 30, 19",-0.01401
0,2019-05-29,20.01,20.44,18.92,19.2,19.2,303800.0,303800.0,-0.81,-4.048,19.52,"May 29, 19",-0.04048
0,2019-05-28,20.23,20.41,19.93,20.08,20.08,549300.0,549300.0,-0.15,-0.741,20.14,"May 28, 19",-0.00741
0,2019-05-24,19.95,20.35,19.95,20.2,20.2,176500.0,176500.0,0.25,1.253,20.16667,"May 24, 19",0.01253
0,2019-05-23,20.09,20.33,19.82,19.93,19.93,174400.0,174400.0,-0.16,-0.796,20.02667,"May 23, 19",-0.00796
0,2019-05-22,20.25,20.51,20.04,20.09,20.09,203800.0,203800.0,-0.16,-0.79,20.21333,"May 22, 19",-0.0079
0,2019-05-21,20.29,20.51,20.19,20.29,20.29,248600.0,248600.0,0.0,0.0,20.33,"May 21, 19",0.0
0,2019-05-20,19.95,20.33,19.67,20.26,20.26,165900.0,165900.0,0.31,1.554,20.08667,"May 20, 19",0.01554
0,2019-05-17,20.12,20.4,19.8,20.0,20.0,307100.0,307100.0,-0.12,-0.596,20.06667,"May 17, 19",-0.00596
0,2019-05-16,19.91,20.44,19.71,20.27,20.27,327100.0,327100.0,0.36,1.808,20.14,"May 16, 19",0.01808
0,2019-05-15,19.5,20.02,19.48,19.93,19.93,211800.0,211800.0,0.43,2.205,19.81,"May 15, 19",0.02205
0,2019-05-14,19.61,20.06,19.21,19.71,19.71,430800.0,430800.0,0.1,0.51,19.66,"May 14, 19",0.0051
0,2019-05-13,18.94,19.37,18.69,19.33,19.33,231300.0,231300.0,0.39,2.059,19.13,"May 13, 19",0.02059
0,2019-05-10,18.81,19.4,18.56,19.3,19.3,319000.0,319000.0,0.49,2.605,19.08667,"May 10, 19",0.02605
0,2019-05-09,18.67,19.32,17.34,19.05,19.05,709500.0,709500.0,0.38,2.035,18.57,"May 09, 19",0.02035
0,2019-05-08,20.45,20.68,20.26,20.48,20.48,255200.0,255200.0,0.03,0.147,20.47333,"May 08, 19",0.00147
0,2019-05-07,20.53,20.88,20.42,20.49,20.49,146800.0,146800.0,-0.04,-0.195,20.59667,"May 07, 19",-0.00195
0,2019-05-06,20.19,20.58,19.93,20.55,20.55,257800.0,257800.0,0.36,1.783,20.35333,"May 06, 19",0.01783
0,2019-05-03,20.39,20.82,20.29,20.53,20.53,93600.0,93600.0,0.14,0.687,20.54667,"May 03, 19",0.00687
0,2019-05-02,20.0,20.42,19.71,20.32,20.32,117500.0,117500.0,0.32,1.6,20.15,"May 02, 19",0.016
0,2019-05-01,19.83,20.34,19.75,19.86,19.86,98600.0,98600.0,0.03,0.151,19.98333,"May 01, 19",0.00151
0,2019-04-30,20.03,20.04,19.44,19.87,19.87,213700.0,213700.0,-0.16,-0.799,19.78333,"April 30, 19",-0.00799
0,2019-04-29,19.49,20.05,19.3,20.01,20.01,232100.0,232100.0,0.52,2.668,19.78667,"April 29, 19",0.02668
0,2019-04-26,19.14,19.54,19.02,19.53,19.53,80100.0,80100.0,0.39,2.038,19.36333,"April 26, 19",0.02038
0,2019-04-25,19.19,19.24,19.0,19.04,19.04,125600.0,125600.0,-0.15,-0.782,19.09333,"April 25, 19",-0.00782
0,2019-04-24,19.24,19.31,19.12,19.17,19.17,91700.0,91700.0,-0.07,-0.364,19.2,"April 24, 19",-0.00364
0,2019-04-23,19.0,19.39,18.85,19.14,19.14,178500.0,178500.0,0.14,0.737,19.12667,"April 23, 19",0.00737
0,2019-04-22,18.56,19.06,18.56,18.95,18.95,145500.0,145500.0,0.39,2.101,18.85667,"April 22, 19",0.02101
0,2019-04-18,18.68,18.85,18.18,18.71,18.71,142500.0,142500.0,0.03,0.161,18.58,"April 18, 19",0.00161
0,2019-04-17,19.42,19.42,18.48,18.74,18.74,227300.0,227300.0,-0.68,-3.502,18.88,"April 17, 19",-0.03502
0,2019-04-16,19.8,19.99,19.23,19.38,19.38,161300.0,161300.0,-0.42,-2.121,19.53333,"April 16, 19",-0.02121
0,2019-04-15,19.71,19.84,19.54,19.8,19.8,114200.0,114200.0,0.09,0.457,19.72667,"April 15, 19",0.00457
0,2019-04-12,19.77,19.93,19.55,19.65,19.65,68000.0,68000.0,-0.12,-0.607,19.71,"April 12, 19",-0.00607
0,2019-04-11,19.83,19.97,19.61,19.69,19.69,102800.0,102800.0,-0.14,-0.706,19.75667,"April 11, 19",-0.00706
0,2019-04-10,19.71,19.88,19.59,19.85,19.85,172100.0,172100.0,0.14,0.71,19.77333,"April 10, 19",0.0071
0,2019-04-09,19.64,19.74,19.43,19.66,19.66,116800.0,116800.0,0.02,0.102,19.61,"April 09, 19",0.00102
0,2019-04-08,19.61,19.8,19.5,19.8,19.8,88400.0,88400.0,0.19,0.969,19.7,"April 08, 19",0.00969
0,2019-04-05,19.46,19.71,19.3,19.71,19.71,498400.0,498400.0,0.25,1.285,19.57333,"April 05, 19",0.01285
0,2019-04-04,19.58,19.74,19.39,19.46,19.46,146900.0,146900.0,-0.12,-0.613,19.53,"April 04, 19",-0.00613
0,2019-04-03,19.5,19.66,19.36,19.53,19.53,209300.0,209300.0,0.03,0.154,19.51667,"April 03, 19",0.00154
0,2019-04-02,19.09,19.68,18.93,19.5,19.5,239700.0,239700.0,0.41,2.148,19.37,"April 02, 19",0.02148
0,2019-04-01,19.32,19.35,18.82,19.19,19.19,125900.0,125900.0,-0.13,-0.673,19.12,"April 01, 19",-0.00673
0,2019-03-29,18.78,19.13,18.49,19.05,19.05,226300.0,226300.0,0.27,1.438,18.89,"March 29, 19",0.01438
0,2019-03-28,18.4,18.89,18.09,18.75,18.75,158900.0,158900.0,0.35,1.902,18.57667,"March 28, 19",0.01902
0,2019-03-27,18.52,18.53,18.07,18.43,18.43,118900.0,118900.0,-0.09,-0.486,18.34333,"March 27, 19",-0.00486
0,2019-03-26,18.53,18.94,18.31,18.55,18.55,130700.0,130700.0,0.02,0.108,18.6,"March 26, 19",0.00108
0,2019-03-25,18.27,18.71,17.93,18.51,18.51,201500.0,201500.0,0.24,1.314,18.38333,"March 25, 19",0.01314
0,2019-03-22,18.27,18.46,17.95,18.26,18.26,191000.0,191000.0,-0.01,-0.055,18.22333,"March 22, 19",-0.00055
0,2019-03-21,17.87,18.43,17.81,18.33,18.33,177100.0,177100.0,0.46,2.574,18.19,"March 21, 19",0.02574
0,2019-03-20,18.11,18.27,17.63,18.06,18.06,322000.0,322000.0,-0.05,-0.276,17.98667,"March 20, 19",-0.00276
0,2019-03-19,18.66,18.7,17.99,18.16,18.16,245800.0,245800.0,-0.5,-2.68,18.28333,"March 19, 19",-0.0268
0,2019-03-18,19.7,19.95,18.54,18.69,18.69,482800.0,482800.0,-1.01,-5.127,19.06,"March 18, 19",-0.05127
0,2019-03-15,19.67,20.4,19.26,19.81,19.81,1331800.0,1331800.0,0.14,0.712,19.82333,"March 15, 19",0.00712
0,2019-03-14,19.68,19.74,19.38,19.48,19.48,203900.0,203900.0,-0.2,-1.016,19.53333,"March 14, 19",-0.01016
0,2019-03-13,19.78,19.85,19.58,19.66,19.66,119000.0,119000.0,-0.12,-0.607,19.69667,"March 13, 19",-0.00607
0,2019-03-12,19.77,19.94,19.67,19.78,19.78,172500.0,172500.0,0.01,0.051,19.79667,"March 12, 19",0.00051
0,2019-03-11,19.28,19.94,19.28,19.8,19.8,600400.0,600400.0,0.52,2.697,19.67333,"March 11, 19",0.02697
0,2019-03-08,19.22,19.57,19.04,19.3,19.3,163300.0,163300.0,0.08,0.416,19.30333,"March 08, 19",0.00416
0,2019-03-07,19.32,19.48,19.05,19.16,19.16,246000.0,246000.0,-0.16,-0.828,19.23,"March 07, 19",-0.00828
0,2019-03-06,19.8,19.89,19.25,19.27,19.27,147300.0,147300.0,-0.53,-2.677,19.47,"March 06, 19",-0.02677
0,2019-03-05,20.21,20.21,19.72,19.86,19.86,121000.0,121000.0,-0.35,-1.732,19.93,"March 05, 19",-0.01732
0,2019-03-04,20.21,20.36,19.81,20.22,20.22,123800.0,123800.0,0.01,0.049,20.13,"March 04, 19",0.00049
0,2019-03-01,20.36,20.56,19.98,20.17,20.17,96000.0,96000.0,-0.19,-0.933,20.23667,"March 01, 19",-0.00933
0,2019-02-28,20.27,20.69,19.71,20.22,20.22,135600.0,135600.0,-0.05,-0.247,20.20667,"February 28, 19",-0.00247
0,2019-02-27,19.94,20.36,19.8,20.2,20.2,116100.0,116100.0,0.26,1.304,20.12,"February 27, 19",0.01304
0,2019-02-26,20.19,20.19,19.81,20.01,20.01,105600.0,105600.0,-0.18,-0.892,20.00333,"February 26, 19",-0.00892
0,2019-02-25,20.38,20.52,19.98,20.11,20.11,143400.0,143400.0,-0.27,-1.325,20.20333,"February 25, 19",-0.01325
0,2019-02-22,20.42,20.48,20.15,20.25,20.25,121800.0,121800.0,-0.17,-0.833,20.29333,"February 22, 19",-0.00833
0,2019-02-21,20.5,20.54,20.16,20.34,20.34,177500.0,177500.0,-0.16,-0.78,20.34667,"February 21, 19",-0.0078
0,2019-02-20,20.5,20.59,20.26,20.44,20.44,129400.0,129400.0,-0.06,-0.293,20.43,"February 20, 19",-0.00293
0,2019-02-19,20.57,20.77,20.29,20.6,20.6,121100.0,121100.0,0.03,0.146,20.55333,"February 19, 19",0.00146
0,2019-02-15,20.39,20.79,20.24,20.56,20.56,174900.0,174900.0,0.17,0.834,20.53,"February 15, 19",0.00834
0,2019-02-14,20.47,20.65,20.35,20.36,20.36,105700.0,105700.0,-0.11,-0.537,20.45333,"February 14, 19",-0.00537
0,2019-02-13,20.61,20.79,20.05,20.54,20.54,196000.0,196000.0,-0.07,-0.34,20.46,"February 13, 19",-0.0034
0,2019-02-12,20.3,20.5,20.3,20.42,20.42,72500.0,72500.0,0.12,0.591,20.40667,"February 12, 19",0.00591
0,2019-02-11,20.05,20.32,19.9,20.19,20.19,151700.0,151700.0,0.14,0.698,20.13667,"February 11, 19",0.00698
0,2019-02-08,20.05,20.25,19.76,20.12,20.12,190800.0,190800.0,0.07,0.349,20.04333,"February 08, 19",0.00349
0,2019-02-07,20.33,20.33,20.01,20.1,20.1,75000.0,75000.0,-0.23,-1.131,20.14667,"February 07, 19",-0.01131
0,2019-02-06,20.86,21.13,20.33,20.43,20.43,65700.0,65700.0,-0.43,-2.061,20.63,"February 06, 19",-0.02061
0,2019-02-05,20.87,21.0,20.61,20.9,20.9,213400.0,213400.0,0.03,0.144,20.83667,"February 05, 19",0.00144
0,2019-02-04,20.95,21.0,20.27,20.87,20.87,144800.0,144800.0,-0.08,-0.382,20.71333,"February 04, 19",-0.00382
0,2019-02-01,21.09,21.09,20.66,20.92,20.92,336900.0,336900.0,-0.17,-0.806,20.89,"February 01, 19",-0.00806
0,2019-01-31,20.59,21.09,20.59,20.98,20.98,400500.0,400500.0,0.39,1.894,20.88667,"January 31, 19",0.01894
0,2019-01-30,20.39,20.76,20.39,20.62,20.62,374400.0,374400.0,0.23,1.128,20.59,"January 30, 19",0.01128
0,2019-01-29,20.54,20.76,20.2,20.3,20.3,83200.0,83200.0,-0.24,-1.168,20.42,"January 29, 19",-0.01168
0,2019-01-28,20.78,20.87,20.42,20.5,20.5,251200.0,251200.0,-0.28,-1.347,20.59667,"January 28, 19",-0.01347
0,2019-01-25,20.84,21.02,20.67,20.81,20.81,129000.0,129000.0,-0.03,-0.144,20.83333,"January 25, 19",-0.00144
0,2019-01-24,20.4,20.72,20.05,20.65,20.65,355400.0,355400.0,0.25,1.225,20.47333,"January 24, 19",0.01225
0,2019-01-23,20.23,20.58,20.18,20.48,20.48,306600.0,306600.0,0.25,1.236,20.41333,"January 23, 19",0.01236
0,2019-01-22,21.45,21.46,20.17,20.26,20.26,118300.0,118300.0,-1.19,-5.548,20.63,"January 22, 19",-0.05548
0,2019-01-18,20.75,21.43,20.7,21.34,21.34,692000.0,692000.0,0.59,2.843,21.15667,"January 18, 19",0.02843
0,2019-01-17,20.16,20.8,20.16,20.69,20.69,408300.0,408300.0,0.53,2.629,20.55,"January 17, 19",0.02629
0,2019-01-16,19.74,20.62,19.65,20.35,20.35,691000.0,691000.0,0.61,3.09,20.20667,"January 16, 19",0.0309
0,2019-01-15,19.52,19.75,19.52,19.71,19.71,205000.0,205000.0,0.19,0.973,19.66,"January 15, 19",0.00973
0,2019-01-14,19.59,19.75,19.52,19.55,19.55,196300.0,196300.0,-0.04,-0.204,19.60667,"January 14, 19",-0.00204
0,2019-01-11,19.53,19.75,19.5,19.59,19.59,122700.0,122700.0,0.06,0.307,19.61333,"January 11, 19",0.00307
0,2019-01-10,19.4,19.75,19.4,19.68,19.68,166000.0,166000.0,0.28,1.443,19.61,"January 10, 19",0.01443
0,2019-01-09,19.41,19.77,19.37,19.6,19.6,379200.0,379200.0,0.19,0.979,19.58,"January 09, 19",0.00979
0,2019-01-08,19.5,19.8,19.43,19.53,19.53,221700.0,221700.0,0.03,0.154,19.58667,"January 08, 19",0.00154
0,2019-01-07,18.89,19.71,18.89,19.37,19.37,160000.0,160000.0,0.48,2.541,19.32333,"January 07, 19",0.02541
0,2019-01-04,18.68,19.2,18.63,18.97,18.97,152700.0,152700.0,0.29,1.552,18.93333,"January 04, 19",0.01552
0,2019-01-03,18.76,18.95,18.45,18.47,18.47,146500.0,146500.0,-0.29,-1.546,18.62333,"January 03, 19",-0.01546
0,2019-01-02,18.76,19.11,18.3,18.88,18.88,164100.0,164100.0,0.12,0.64,18.76333,"January 02, 19",0.0064
0,2018-12-31,19.19,19.43,18.61,18.95,18.95,198900.0,198900.0,-0.24,-1.251,18.99667,"December 31, 18",-0.01251
0,2018-12-28,19.19,19.51,19.0,19.2,19.2,151700.0,151700.0,0.01,0.052,19.23667,"December 28, 18",0.00052
0,2018-12-27,18.8,19.28,18.8,19.2,19.2,253200.0,253200.0,0.4,2.128,19.09333,"December 27, 18",0.02128
0,2018-12-26,18.1,19.15,17.69,19.01,19.01,331800.0,331800.0,0.91,5.028,18.61667,"December 26, 18",0.05028
0,2018-12-24,18.5,18.56,17.45,17.98,17.98,163800.0,163800.0,-0.52,-2.811,17.99667,"December 24, 18",-0.02811
0,2018-12-21,19.5,19.5,18.5,18.56,18.56,2275000.0,2275000.0,-0.94,-4.821,18.85333,"December 21, 18",-0.04821
0,2018-12-20,19.33,19.83,18.89,19.31,19.31,1040000.0,1040000.0,-0.02,-0.103,19.34333,"December 20, 18",-0.00103
0,2018-12-19,19.66,19.9,19.34,19.44,19.44,912900.0,912900.0,-0.22,-1.119,19.56,"December 19, 18",-0.01119
0,2018-12-18,19.65,20.33,19.62,19.62,19.62,582000.0,582000.0,-0.03,-0.153,19.85667,"December 18, 18",-0.00153
0,2018-12-17,19.65,20.14,19.5,19.68,19.68,1220600.0,1220600.0,0.03,0.153,19.77333,"December 17, 18",0.00153
0,2018-12-14,19.68,20.0,19.31,19.65,19.65,259100.0,259100.0,-0.03,-0.152,19.65333,"December 14, 18",-0.00152
0,2018-12-13,19.87,20.07,19.57,19.83,19.83,431300.0,431300.0,-0.04,-0.201,19.82333,"December 13, 18",-0.00201
0,2018-12-12,19.99,20.09,19.57,19.8,19.8,275100.0,275100.0,-0.19,-0.95,19.82,"December 12, 18",-0.0095
0,2018-12-11,19.3,20.49,19.06,19.82,19.82,465400.0,465400.0,0.52,2.694,19.79,"December 11, 18",0.02694
0,2018-12-10,19.5,19.9,18.94,19.24,19.24,258500.0,258500.0,-0.26,-1.333,19.36,"December 10, 18",-0.01333
0,2018-12-07,19.42,19.8,19.23,19.4,19.4,167700.0,167700.0,-0.02,-0.103,19.47667,"December 07, 18",-0.00103
0,2018-12-06,18.78,19.56,18.39,19.36,19.36,291500.0,291500.0,0.58,3.088,19.10333,"December 06, 18",0.03088
0,2018-12-04,19.32,19.35,18.33,18.96,18.96,86900.0,86900.0,-0.36,-1.863,18.88,"December 04, 18",-0.01863
0,2018-12-03,20.03,20.08,19.1,19.4,19.4,182600.0,182600.0,-0.63,-3.145,19.52667,"December 03, 18",-0.03145
0,2018-11-30,19.94,20.05,19.58,20.03,20.03,96500.0,96500.0,0.09,0.451,19.88667,"November 30, 18",0.00451
0,2018-11-29,19.0,20.23,18.75,19.93,19.93,348900.0,348900.0,0.93,4.895,19.63667,"November 29, 18",0.04895
0,2018-11-28,19.02,19.3,18.49,19.14,19.14,265200.0,265200.0,0.12,0.631,18.97667,"November 28, 18",0.00631
0,2018-11-27,18.94,19.2,18.5,18.99,18.99,105900.0,105900.0,0.05,0.264,18.89667,"November 27, 18",0.00264
0,2018-11-26,18.4,19.01,18.2,18.94,18.94,197800.0,197800.0,0.54,2.935,18.71667,"November 26, 18",0.02935
0,2018-11-23,18.38,18.9,18.08,18.46,18.46,53800.0,53800.0,0.08,0.435,18.48,"November 23, 18",0.00435
0,2018-11-21,18.0,18.96,17.81,18.63,18.63,200900.0,200900.0,0.63,3.5,18.46667,"November 21, 18",0.035
0,2018-11-20,18.98,19.09,18.36,18.66,18.66,86400.0,86400.0,-0.32,-1.686,18.70333,"November 20, 18",-0.01686
0,2018-11-19,19.02,19.69,18.42,18.99,18.99,140900.0,140900.0,-0.03,-0.158,19.03333,"November 19, 18",-0.00158
0,2018-11-16,18.34,19.39,18.24,19.0,19.0,109800.0,109800.0,0.66,3.599,18.87667,"November 16, 18",0.03599
0,2018-11-15,18.69,18.89,17.74,18.53,18.53,121100.0,121100.0,-0.16,-0.856,18.38667,"November 15, 18",-0.00856
0,2018-11-14,19.85,20.0,18.69,18.69,18.69,82000.0,82000.0,-1.16,-5.844,19.12667,"November 14, 18",-0.05844
0,2018-11-13,20.0,20.0,19.36,19.75,19.75,76900.0,76900.0,-0.25,-1.25,19.70333,"November 13, 18",-0.0125
0,2018-11-12,20.03,20.67,19.62,19.83,19.83,155500.0,155500.0,-0.2,-0.999,20.04,"November 12, 18",-0.00999
0,2018-11-09,19.54,20.25,19.38,20.03,20.03,1604700.0,1604700.0,0.49,2.508,19.88667,"November 09, 18",0.02508
0,2018-11-08,19.41,19.79,18.95,18.95,18.95,57600.0,57600.0,-0.46,-2.37,19.23,"November 08, 18",-0.0237
0,2018-11-07,19.96,20.09,18.96,19.58,19.58,108400.0,108400.0,-0.38,-1.904,19.54333,"November 07, 18",-0.01904
0,2018-11-06,19.97,20.29,19.6,19.87,19.87,451100.0,451100.0,-0.1,-0.501,19.92,"November 06, 18",-0.00501
0,2018-11-05,19.8,20.0,19.71,19.94,19.94,82700.0,82700.0,0.14,0.707,19.88333,"November 05, 18",0.00707
0,2018-11-02,19.88,19.99,19.61,19.75,19.75,38000.0,38000.0,-0.13,-0.654,19.78333,"November 02, 18",-0.00654
0,2018-11-01,18.65,19.95,18.42,19.88,19.88,110800.0,110800.0,1.23,6.595,19.41667,"November 01, 18",0.06595
0,2018-10-31,19.09,19.28,18.17,18.66,18.66,82600.0,82600.0,-0.43,-2.252,18.70333,"October 31, 18",-0.02252
0,2018-10-30,18.19,19.24,18.11,18.99,18.99,182600.0,182600.0,0.8,4.398,18.78,"October 30, 18",0.04398
0,2018-10-29,18.6,18.6,18.01,18.25,18.25,212800.0,212800.0,-0.35,-1.882,18.28667,"October 29, 18",-0.01882
0,2018-10-26,18.22,18.75,18.02,18.63,18.63,136600.0,136600.0,0.41,2.25,18.46667,"October 26, 18",0.0225
0,2018-10-25,18.09,18.63,18.02,18.38,18.38,134500.0,134500.0,0.29,1.603,18.34333,"October 25, 18",0.01603
0,2018-10-24,18.35,18.35,18.0,18.04,18.04,69500.0,69500.0,-0.31,-1.689,18.13,"October 24, 18",-0.01689
0,2018-10-23,18.67,18.67,18.12,18.4,18.4,54500.0,54500.0,-0.27,-1.446,18.39667,"October 23, 18",-0.01446
0,2018-10-22,18.79,18.88,18.09,18.88,18.88,57400.0,57400.0,0.09,0.479,18.61667,"October 22, 18",0.00479
0,2018-10-19,19.25,19.51,18.58,18.74,18.74,85200.0,85200.0,-0.51,-2.649,18.94333,"October 19, 18",-0.02649
0,2018-10-18,19.53,19.62,18.8,19.26,19.26,42300.0,42300.0,-0.27,-1.382,19.22667,"October 18, 18",-0.01382
0,2018-10-17,19.23,19.72,19.18,19.59,19.59,20700.0,20700.0,0.36,1.872,19.49667,"October 17, 18",0.01872
0,2018-10-16,19.42,19.48,19.05,19.3,19.3,25700.0,25700.0,-0.12,-0.618,19.27667,"October 16, 18",-0.00618
0,2018-10-15,19.56,19.56,19.03,19.42,19.42,75800.0,75800.0,-0.14,-0.716,19.33667,"October 15, 18",-0.00716
0,2018-10-12,19.44,19.98,19.28,19.57,19.57,70700.0,70700.0,0.13,0.669,19.61,"October 12, 18",0.00669
0,2018-10-11,19.71,19.99,19.2,19.4,19.4,79800.0,79800.0,-0.31,-1.573,19.53,"October 11, 18",-0.01573
0,2018-10-10,20.18,20.25,19.52,19.74,19.74,303000.0,303000.0,-0.44,-2.18,19.83667,"October 10, 18",-0.0218
0,2018-10-09,19.85,20.72,19.74,20.18,20.18,91400.0,91400.0,0.33,1.662,20.21333,"October 09, 18",0.01662
0,2018-10-08,20.0,20.0,19.54,19.89,19.89,79700.0,79700.0,-0.11,-0.55,19.81,"October 08, 18",-0.0055
0,2018-10-05,20.09,20.69,19.71,20.04,20.04,72000.0,72000.0,-0.05,-0.249,20.14667,"October 05, 18",-0.00249
0,2018-10-04,20.07,21.51,19.7,20.05,20.05,65100.0,65100.0,-0.02,-0.1,20.42,"October 04, 18",-0.001
0,2018-10-03,20.15,20.77,19.65,20.05,20.05,89200.0,89200.0,-0.1,-0.496,20.15667,"October 03, 18",-0.00496
0,2018-10-02,20.99,21.62,20.03,20.2,20.2,79100.0,79100.0,-0.79,-3.764,20.61667,"October 02, 18",-0.03764
0,2018-10-01,20.9,21.1,20.65,20.95,20.95,440900.0,440900.0,0.05,0.239,20.9,"October 01, 18",0.00239
0,2018-09-28,20.41,20.95,20.38,20.83,20.83,54000.0,54000.0,0.42,2.058,20.72,"September 28, 18",0.02058
0,2018-09-27,20.63,20.87,20.24,20.3,20.3,55900.0,55900.0,-0.33,-1.6,20.47,"September 27, 18",-0.016
0,2018-09-26,21.06,21.1,20.44,20.59,20.59,163700.0,163700.0,-0.47,-2.232,20.71,"September 26, 18",-0.02232
0,2018-09-25,21.0,22.53,20.77,20.93,20.93,1883900.0,1883900.0,-0.07,-0.333,21.41,"September 25, 18",-0.00333
0,2018-09-24,21.52,21.66,21.05,21.05,21.05,214800.0,214800.0,-0.47,-2.184,21.25333,"September 24, 18",-0.02184
0,2018-09-21,22.07,22.07,21.28,21.57,21.57,28400.0,28400.0,-0.5,-2.266,21.64,"September 21, 18",-0.02266
0,2018-09-20,21.69,21.82,21.25,21.82,21.82,131900.0,131900.0,0.13,0.599,21.63,"September 20, 18",0.00599
0,2018-09-19,21.8,22.35,21.49,21.69,21.69,76100.0,76100.0,-0.11,-0.505,21.84333,"September 19, 18",-0.00505
0,2018-09-18,21.94,21.94,21.66,21.78,21.78,164600.0,164600.0,-0.16,-0.729,21.79333,"September 18, 18",-0.00729
0,2018-09-17,22.23,22.49,21.57,21.76,21.76,389400.0,389400.0,-0.47,-2.114,21.94,"September 17, 18",-0.02114
0,2018-09-14,23.49,23.75,22.16,22.25,22.25,279700.0,279700.0,-1.24,-5.279,22.72,"September 14, 18",-0.05279
0,2018-09-13,24.06,24.2,23.25,23.38,23.38,346600.0,346600.0,-0.68,-2.826,23.61,"September 13, 18",-0.02826
0,2018-09-12,24.1,24.5,23.65,23.65,23.65,1867500.0,1867500.0,-0.45,-1.867,23.93333,"September 12, 18",-0.01867
0,2018-09-11,23.05,23.81,23.05,23.78,23.78,303400.0,303400.0,0.73,3.167,23.54667,"September 11, 18",0.03167
0,2018-09-10,23.0,23.06,22.6,23.06,23.06,66000.0,66000.0,0.06,0.261,22.90667,"September 10, 18",0.00261
0,2018-09-07,23.0,23.14,22.77,23.02,23.02,416600.0,416600.0,0.02,0.087,22.97667,"September 07, 18",0.00087
0,2018-09-06,22.35,23.8,21.95,23.0,23.0,386800.0,386800.0,0.65,2.908,22.91667,"September 06, 18",0.02908
0,2018-09-05,20.4,22.15,20.35,22.0,22.0,194300.0,194300.0,1.6,7.843,21.5,"September 05, 18",0.07843
0,2018-09-04,20.43,20.65,20.05,20.65,20.65,46600.0,46600.0,0.22,1.077,20.45,"September 04, 18",0.01077
0,2018-08-31,20.0,20.45,19.98,20.44,20.44,26600.0,26600.0,0.44,2.2,20.29,"August 31, 18",0.022
0,2018-08-30,19.5,20.5,19.5,20.5,20.5,142300.0,142300.0,1.0,5.128,20.16667,"August 30, 18",0.05128
0,2018-08-29,19.4,19.55,19.35,19.5,19.5,225100.0,225100.0,0.1,0.515,19.46667,"August 29, 18",0.00515
0,2018-08-28,19.2,19.37,19.05,19.35,19.35,57400.0,57400.0,0.15,0.781,19.25667,"August 28, 18",0.00781
0,2018-08-27,18.45,19.5,18.44,19.15,19.15,49300.0,49300.0,0.7,3.794,19.03,"August 27, 18",0.03794
0,2018-08-24,17.1,18.3,17.1,18.2,18.2,99400.0,99400.0,1.1,6.433,17.86667,"August 24, 18",0.06433
0,2018-08-23,16.8,17.2,16.71,17.2,17.2,2482400.0,2482400.0,0.4,2.381,17.03667,"August 23, 18",0.02381
0,2018-08-22,16.8,16.9,16.62,16.85,16.85,26400.0,26400.0,0.05,0.298,16.79,"August 22, 18",0.00298
0,2018-08-21,16.55,16.75,16.55,16.75,16.75,22200.0,22200.0,0.2,1.208,16.68333,"August 21, 18",0.01208
0,2018-08-20,16.4,16.75,16.4,16.6,16.6,28600.0,28600.0,0.2,1.22,16.58333,"August 20, 18",0.0122
0,2018-08-17,16.8,16.8,16.45,16.55,16.55,16700.0,16700.0,-0.25,-1.488,16.6,"August 17, 18",-0.01488
0,2018-08-16,16.55,17.0,16.55,16.87,16.87,16900.0,16900.0,0.32,1.934,16.80667,"August 16, 18",0.01934
0,2018-08-15,16.23,16.89,16.23,16.75,16.75,19400.0,19400.0,0.52,3.204,16.62333,"August 15, 18",0.03204
0,2018-08-14,16.1,16.49,16.08,16.22,16.22,5100.0,5100.0,0.12,0.745,16.26333,"August 14, 18",0.00745
0,2018-08-13,16.64,16.7,15.6,16.05,16.05,41100.0,41100.0,-0.59,-3.546,16.11667,"August 13, 18",-0.03546
0,2018-08-10,17.0,17.2,16.59,16.64,16.64,8400.0,8400.0,-0.36,-2.118,16.81,"August 10, 18",-0.02118
0,2018-08-09,16.85,17.05,16.85,17.05,17.05,6300.0,6300.0,0.2,1.187,16.98333,"August 09, 18",0.01187
0,2018-08-08,16.99,17.0,16.85,17.0,17.0,3500.0,3500.0,0.01,0.059,16.95,"August 08, 18",0.00059
0,2018-08-07,17.05,17.08,16.8,17.0,17.0,10900.0,10900.0,-0.05,-0.293,16.96,"August 07, 18",-0.00293
0,2018-08-06,17.11,17.13,17.1,17.1,17.1,10100.0,10100.0,-0.01,-0.058,17.11,"August 06, 18",-0.00058
0,2018-08-03,17.13,17.29,17.12,17.12,17.12,1200.0,1200.0,-0.01,-0.058,17.17667,"August 03, 18",-0.00058
0,2018-08-02,17.1,17.41,17.1,17.39,17.39,43200.0,43200.0,0.29,1.696,17.3,"August 02, 18",0.01696
0,2018-08-01,17.48,17.5,17.41,17.41,17.41,651900.0,651900.0,-0.07,-0.4,17.44,"August 01, 18",-0.004
0,2018-07-31,17.51,17.75,17.41,17.5,17.5,8500.0,8500.0,-0.01,-0.057,17.55333,"July 31, 18",-0.00057
0,2018-07-30,17.95,18.02,17.51,17.52,17.52,24400.0,24400.0,-0.43,-2.396,17.68333,"July 30, 18",-0.02396
0,2018-07-27,18.13,18.13,17.95,17.95,17.95,2100.0,2100.0,-0.18,-0.993,18.01,"July 27, 18",-0.00993
0,2018-07-26,18.0,18.0,17.85,17.9,17.9,182000.0,182000.0,-0.1,-0.556,17.91667,"July 26, 18",-0.00556
0,2018-07-25,17.95,18.11,17.9,17.9,17.9,11400.0,11400.0,-0.05,-0.279,17.97,"July 25, 18",-0.00279
0,2018-07-24,17.95,18.0,17.9,17.95,17.95,499600.0,499600.0,0.0,0.0,17.95,"July 24, 18",0.0
0,2018-07-23,17.95,17.95,17.8,17.95,17.95,14700.0,14700.0,0.0,0.0,17.9,"July 23, 18",0.0
0,2018-07-20,17.92,17.95,17.9,17.9,17.9,9100.0,9100.0,-0.02,-0.112,17.91667,"July 20, 18",-0.00112
0,2018-07-19,18.0,18.0,17.75,17.8,17.8,475800.0,475800.0,-0.2,-1.111,17.85,"July 19, 18",-0.01111
0,2018-07-18,17.65,17.8,17.65,17.75,17.75,54900.0,54900.0,0.1,0.567,17.73333,"July 18, 18",0.00567
0,2018-07-17,17.73,17.99,17.73,17.75,17.75,6500.0,6500.0,0.02,0.113,17.82333,"July 17, 18",0.00113
0,2018-07-16,17.94,18.02,17.63,17.95,17.95,32300.0,32300.0,0.01,0.056,17.86667,"July 16, 18",0.00056
0,2018-07-13,17.77,18.0,17.77,17.95,17.95,3500.0,3500.0,0.18,1.013,17.90667,"July 13, 18",0.01013
0,2018-07-12,17.4,17.95,17.38,17.95,17.95,12300.0,12300.0,0.55,3.161,17.76,"July 12, 18",0.03161
0,2018-07-11,17.3,17.48,17.3,17.45,17.45,5700.0,5700.0,0.15,0.867,17.41,"July 11, 18",0.00867
0,2018-07-10,17.47,17.47,17.25,17.4,17.4,4600.0,4600.0,-0.07,-0.401,17.37333,"July 10, 18",-0.00401
0,2018-07-09,17.4,17.45,17.27,17.4,17.4,14800.0,14800.0,0.0,0.0,17.37333,"July 09, 18",0.0
0,2018-07-06,17.15,17.35,17.15,17.35,17.35,1500.0,1500.0,0.2,1.166,17.28333,"July 06, 18",0.01166
0,2018-07-05,17.24,17.3,17.18,17.19,17.19,5000.0,5000.0,-0.05,-0.29,17.22333,"July 05, 18",-0.0029
0,2018-07-03,17.1,17.2,17.1,17.2,17.2,7200.0,7200.0,0.1,0.585,17.16667,"July 03, 18",0.00585
0,2018-07-02,17.0,17.1,16.88,17.1,17.1,67500.0,67500.0,0.1,0.588,17.02667,"July 02, 18",0.00588
0,2018-06-29,16.84,17.0,16.84,16.96,16.96,4700.0,4700.0,0.12,0.713,16.93333,"June 29, 18",0.00713
0,2018-06-28,17.0,17.0,16.84,16.84,16.84,8400.0,8400.0,-0.16,-0.941,16.89333,"June 28, 18",-0.00941
0,2018-06-27,16.93,16.96,16.92,16.96,16.96,6300.0,6300.0,0.03,0.177,16.94667,"June 27, 18",0.00177
0,2018-06-26,16.96,17.0,16.9,16.93,16.93,3900.0,3900.0,-0.03,-0.177,16.94333,"June 26, 18",-0.00177
0,2018-06-25,17.0,17.0,16.91,16.95,16.95,12100.0,12100.0,-0.05,-0.294,16.95333,"June 25, 18",-0.00294
0,2018-06-22,17.44,17.44,17.0,17.0,17.0,23800.0,23800.0,-0.44,-2.523,17.14667,"June 22, 18",-0.02523
0,2018-06-21,17.51,17.75,17.3,17.35,17.35,14400.0,14400.0,-0.16,-0.914,17.46667,"June 21, 18",-0.00914
0,2018-06-20,17.57,17.58,17.45,17.54,17.54,24600.0,24600.0,-0.03,-0.171,17.52333,"June 20, 18",-0.00171
0,2018-06-19,17.58,17.65,17.56,17.57,17.57,1800.0,1800.0,-0.01,-0.057,17.59333,"June 19, 18",-0.00057
0,2018-06-18,17.65,17.7,17.56,17.56,17.56,87500.0,87500.0,-0.09,-0.51,17.60667,"June 18, 18",-0.0051
0,2018-06-15,17.7,17.74,17.6,17.7,17.7,93300.0,93300.0,0.0,0.0,17.68,"June 15, 18",0.0
0,2018-06-14,17.62,17.62,17.59,17.59,17.59,18800.0,18800.0,-0.03,-0.17,17.6,"June 14, 18",-0.0017
0,2018-06-13,17.61,17.62,17.58,17.62,17.62,7900.0,7900.0,0.01,0.057,17.60667,"June 13, 18",0.00057
0,2018-06-12,17.61,17.99,17.61,17.65,17.65,2400.0,2400.0,0.04,0.227,17.75,"June 12, 18",0.00227
0,2018-06-11,17.83,17.98,17.58,17.65,17.65,5100.0,5100.0,-0.18,-1.01,17.73667,"June 11, 18",-0.0101
0,2018-06-08,17.85,17.99,17.56,17.95,17.95,3000.0,3000.0,0.1,0.56,17.83333,"June 08, 18",0.0056
0,2018-06-07,18.0,18.0,17.85,18.0,18.0,3400.0,3400.0,0.0,0.0,17.95,"June 07, 18",0.0
0,2018-06-06,17.37,18.0,17.32,17.5,17.5,14500.0,14500.0,0.13,0.748,17.60667,"June 06, 18",0.00748
0,2018-06-05,17.32,17.4,17.3,17.35,17.35,7300.0,7300.0,0.03,0.173,17.35,"June 05, 18",0.00173
0,2018-06-04,17.45,17.45,17.27,17.3,17.3,32200.0,32200.0,-0.15,-0.86,17.34,"June 04, 18",-0.0086
0,2018-06-01,17.34,17.44,17.27,17.3,17.3,4700.0,4700.0,-0.04,-0.231,17.33667,"June 01, 18",-0.00231
0,2018-05-31,17.33,17.33,17.27,17.32,17.32,6300.0,6300.0,-0.01,-0.058,17.30667,"May 31, 18",-0.00058
0,2018-05-30,17.45,17.45,17.3,17.35,17.35,91500.0,91500.0,-0.1,-0.573,17.36667,"May 30, 18",-0.00573
0,2018-05-29,17.52,17.52,17.25,17.45,17.45,212600.0,212600.0,-0.07,-0.4,17.40667,"May 29, 18",-0.004
0,2018-05-25,17.57,17.58,17.45,17.46,17.46,8900.0,8900.0,-0.11,-0.626,17.49667,"May 25, 18",-0.00626
0,2018-05-24,17.8,17.8,17.57,17.57,17.57,55800.0,55800.0,-0.23,-1.292,17.64667,"May 24, 18",-0.01292
0,2018-05-23,18.1,18.1,17.5,17.9,17.9,21800.0,21800.0,-0.2,-1.105,17.83333,"May 23, 18",-0.01105
0,2018-05-22,18.24,18.24,18.1,18.1,18.1,63400.0,63400.0,-0.14,-0.768,18.14667,"May 22, 18",-0.00768
0,2018-05-21,19.0,19.0,18.11,18.11,18.11,9700.0,9700.0,-0.89,-4.684,18.40667,"May 21, 18",-0.04684
0,2018-05-18,18.0,19.0,18.0,19.0,19.0,8700.0,8700.0,1.0,5.556,18.66667,"May 18, 18",0.05556
0,2018-05-17,18.12,18.12,17.82,18.01,18.01,11100.0,11100.0,-0.11,-0.607,17.98333,"May 17, 18",-0.00607
0,2018-05-16,18.25,18.25,18.12,18.15,18.15,120900.0,120900.0,-0.1,-0.548,18.17333,"May 16, 18",-0.00548
0,2018-05-15,18.18,18.25,18.18,18.25,18.25,7600.0,7600.0,0.07,0.385,18.22667,"May 15, 18",0.00385
0,2018-05-14,18.25,18.25,18.15,18.15,18.15,310900.0,310900.0,-0.1,-0.548,18.18333,"May 14, 18",-0.00548
0,2018-05-11,18.05,18.3,18.05,18.2,18.2,346400.0,346400.0,0.15,0.831,18.18333,"May 11, 18",0.00831
0,2018-05-10,18.15,18.15,18.0,18.0,18.0,8600.0,8600.0,-0.15,-0.826,18.05,"May 10, 18",-0.00826
0,2018-05-09,18.1,18.12,18.1,18.1,18.1,3200.0,3200.0,0.0,0.0,18.10667,"May 09, 18",0.0
0,2018-05-08,18.1,18.1,18.0,18.02,18.02,21800.0,21800.0,-0.08,-0.442,18.04,"May 08, 18",-0.00442
0,2018-05-07,18.0,18.15,18.0,18.05,18.05,36400.0,36400.0,0.05,0.278,18.06667,"May 07, 18",0.00278
0,2018-05-04,18.1,18.1,18.0,18.0,18.0,24800.0,24800.0,-0.1,-0.552,18.03333,"May 04, 18",-0.00552
0,2018-05-03,18.31,18.35,18.0,18.15,18.15,32600.0,32600.0,-0.16,-0.874,18.16667,"May 03, 18",-0.00874
0,2018-05-02,19.0,19.0,18.28,18.28,18.28,1200.0,1200.0,-0.72,-3.789,18.52,"May 02, 18",-0.03789
0,2018-05-01,18.4,18.42,18.3,18.3,18.3,8200.0,8200.0,-0.1,-0.543,18.34,"May 01, 18",-0.00543
0,2018-04-30,18.3,18.3,18.23,18.3,18.3,3400.0,3400.0,0.0,0.0,18.27667,"April 30, 18",0.0
0,2018-04-27,19.0,19.0,18.2,18.2,18.2,3600.0,3600.0,-0.8,-4.211,18.46667,"April 27, 18",-0.04211
0,2018-04-26,18.75,18.75,18.5,18.5,18.5,16500.0,16500.0,-0.25,-1.333,18.58333,"April 26, 18",-0.01333
0,2018-04-25,18.7,18.9,18.63,18.7,18.7,13900.0,13900.0,0.0,0.0,18.74333,"April 25, 18",0.0
0,2018-04-24,18.15,18.69,18.05,18.65,18.65,10600.0,10600.0,0.5,2.755,18.46333,"April 24, 18",0.02755
0,2018-04-23,18.0,19.5,18.0,18.1,18.1,3400.0,3400.0,0.1,0.556,18.53333,"April 23, 18",0.00556
0,2018-04-20,17.56,18.0,17.51,17.75,17.75,651900.0,651900.0,0.19,1.082,17.75333,"April 20, 18",0.01082
0,2018-04-19,18.05,18.05,17.51,17.7,17.7,2000.0,2000.0,-0.35,-1.939,17.75333,"April 19, 18",-0.01939
0,2018-04-18,16.95,19.4,16.95,18.3,18.3,10300.0,10300.0,1.35,7.965,18.21667,"April 18, 18",0.07965
0,2018-04-17,16.85,17.2,16.81,17.1,17.1,172600.0,172600.0,0.25,1.484,17.03667,"April 17, 18",0.01484
0,2018-04-16,16.85,16.85,16.8,16.82,16.82,14300.0,14300.0,-0.03,-0.178,16.82333,"April 16, 18",-0.00178
0,2018-04-13,16.87,16.87,16.75,16.75,16.75,8000.0,8000.0,-0.12,-0.711,16.79,"April 13, 18",-0.00711
0,2018-04-12,16.82,16.9,16.75,16.75,16.75,29200.0,29200.0,-0.07,-0.416,16.8,"April 12, 18",-0.00416
0,2018-04-11,16.49,16.85,16.49,16.75,16.75,5800.0,5800.0,0.26,1.577,16.69667,"April 11, 18",0.01577
0,2018-04-10,16.15,16.6,16.11,16.3,16.3,11500.0,11500.0,0.15,0.929,16.33667,"April 10, 18",0.00929
0,2018-04-09,16.03,16.2,16.01,16.07,16.07,19300.0,19300.0,0.04,0.25,16.09333,"April 09, 18",0.0025
0,2018-04-06,16.01,16.03,16.01,16.03,16.03,6500.0,6500.0,0.02,0.125,16.02333,"April 06, 18",0.00125
0,2018-04-05,16.02,16.02,16.0,16.02,16.02,77000.0,77000.0,0.0,0.0,16.01333,"April 05, 18",0.0
0,2018-04-04,16.01,16.01,16.01,16.01,16.01,2100.0,2100.0,0.0,0.0,16.01,"April 04, 18",0.0
0,2018-04-03,16.02,16.06,16.01,16.05,16.05,11600.0,11600.0,0.03,0.187,16.04,"April 03, 18",0.00187
0,2018-04-02,16.01,16.05,16.0,16.02,16.02,8500.0,8500.0,0.01,0.062,16.02333,"April 02, 18",0.00062
0,2018-03-29,16.0,16.01,16.0,16.0,16.0,9100.0,9100.0,0.0,0.0,16.00333,"March 29, 18",0.0
0,2018-03-28,16.0,16.01,16.0,16.0,16.0,19500.0,19500.0,0.0,0.0,16.00333,"March 28, 18",0.0
0,2018-03-27,16.0,16.03,15.98,16.0,16.0,33600.0,33600.0,0.0,0.0,16.00333,"March 27, 18",0.0
0,2018-03-26,16.0,16.02,16.0,16.0,16.0,21300.0,21300.0,0.0,0.0,16.00667,"March 26, 18",0.0
0,2018-03-23,16.0,16.05,16.0,16.0,16.0,17900.0,17900.0,0.0,0.0,16.01667,"March 23, 18",0.0
0,2018-03-22,16.02,16.05,16.0,16.0,16.0,11300.0,11300.0,-0.02,-0.125,16.01667,"March 22, 18",-0.00125
0,2018-03-21,16.1,16.15,16.0,16.05,16.05,45700.0,45700.0,-0.05,-0.311,16.06667,"March 21, 18",-0.00311
0,2018-03-20,16.08,16.08,16.0,16.0,16.0,4200.0,4200.0,-0.08,-0.498,16.02667,"March 20, 18",-0.00498
0,2018-03-19,16.1,16.2,16.0,16.0,16.0,7700.0,7700.0,-0.1,-0.621,16.06667,"March 19, 18",-0.00621
0,2018-03-16,16.0,16.1,16.0,16.1,16.1,2900.0,2900.0,0.1,0.625,16.06667,"March 16, 18",0.00625
0,2018-03-15,16.0,16.0,15.94,15.94,15.94,3100.0,3100.0,-0.06,-0.375,15.96,"March 15, 18",-0.00375
0,2018-03-14,15.9,16.0,15.9,15.91,15.91,2400.0,2400.0,0.01,0.063,15.93667,"March 14, 18",0.00063
0,2018-03-13,15.9,15.91,15.75,15.9,15.9,11500.0,11500.0,0.0,0.0,15.85333,"March 13, 18",0.0
0,2018-03-12,15.65,15.9,15.65,15.9,15.9,204000.0,204000.0,0.25,1.597,15.81667,"March 12, 18",0.01597
0,2018-03-09,15.75,15.9,15.62,15.9,15.9,5700.0,5700.0,0.15,0.952,15.80667,"March 09, 18",0.00952
0,2018-03-08,15.74,15.95,15.65,15.7,15.7,38100.0,38100.0,-0.04,-0.254,15.76667,"March 08, 18",-0.00254
0,2018-03-07,15.53,15.75,15.53,15.7,15.7,6500.0,6500.0,0.17,1.095,15.66,"March 07, 18",0.01095
0,2018-03-06,15.05,15.6,15.03,15.55,15.55,44200.0,44200.0,0.5,3.322,15.39333,"March 06, 18",0.03322
0,2018-03-05,14.99,15.1,14.9,15.05,15.05,8200.0,8200.0,0.06,0.4,15.01667,"March 05, 18",0.004
0,2018-03-02,14.9,15.05,14.9,14.9,14.9,515900.0,515900.0,0.0,0.0,14.95,"March 02, 18",0.0
0,2018-03-01,14.81,15.0,14.81,14.88,14.88,17200.0,17200.0,0.07,0.473,14.89667,"March 01, 18",0.00473
0,2018-02-28,14.9,15.0,14.85,14.9,14.9,27400.0,27400.0,0.0,0.0,14.91667,"February 28, 18",0.0
0,2018-02-27,14.85,14.85,14.85,14.85,14.85,1700.0,1700.0,0.0,0.0,14.85,"February 27, 18",0.0
0,2018-02-26,14.81,14.87,14.66,14.83,14.83,127200.0,127200.0,0.02,0.135,14.78667,"February 26, 18",0.00135
0,2018-02-23,14.8,14.88,14.75,14.85,14.85,38300.0,38300.0,0.05,0.338,14.82667,"February 23, 18",0.00338
0,2018-02-22,14.85,14.89,14.8,14.8,14.8,36900.0,36900.0,-0.05,-0.337,14.83,"February 22, 18",-0.00337
0,2018-02-21,14.8,14.89,14.75,14.89,14.89,21700.0,21700.0,0.09,0.608,14.84333,"February 21, 18",0.00608
0,2018-02-20,14.85,14.85,14.72,14.75,14.75,16700.0,16700.0,-0.1,-0.673,14.77333,"February 20, 18",-0.00673
0,2018-02-16,14.72,14.85,14.72,14.84,14.84,26500.0,26500.0,0.12,0.815,14.80333,"February 16, 18",0.00815
0,2018-02-15,14.75,14.75,14.5,14.65,14.65,61000.0,61000.0,-0.1,-0.678,14.63333,"February 15, 18",-0.00678
0,2018-02-14,15.1,15.1,14.75,14.8,14.8,7500.0,7500.0,-0.3,-1.987,14.88333,"February 14, 18",-0.01987
0,2018-02-13,15.2,15.49,14.75,15.0,15.0,33200.0,33200.0,-0.2,-1.316,15.08,"February 13, 18",-0.01316
0,2018-02-12,15.27,15.28,15.15,15.25,15.25,3200.0,3200.0,-0.02,-0.131,15.22667,"February 12, 18",-0.00131
0,2018-02-09,15.46,15.5,14.75,15.25,15.25,52500.0,52500.0,-0.21,-1.358,15.16667,"February 09, 18",-0.01358
0,2018-02-08,15.73,15.75,15.45,15.5,15.5,99700.0,99700.0,-0.23,-1.462,15.56667,"February 08, 18",-0.01462
0,2018-02-07,15.66,15.75,15.66,15.73,15.73,1000.0,1000.0,0.07,0.447,15.71333,"February 07, 18",0.00447
0,2018-02-06,15.8,15.8,15.65,15.65,15.65,287500.0,287500.0,-0.15,-0.949,15.7,"February 06, 18",-0.00949
0,2018-02-05,15.71,15.9,15.7,15.7,15.7,55000.0,55000.0,-0.01,-0.064,15.76667,"February 05, 18",-0.00064
0,2018-02-02,15.71,15.9,15.71,15.74,15.74,15300.0,15300.0,0.03,0.191,15.78333,"February 02, 18",0.00191
0,2018-02-01,15.88,15.9,15.7,15.71,15.71,13100.0,13100.0,-0.17,-1.071,15.77,"February 01, 18",-0.01071
0,2018-01-31,15.75,15.95,15.75,15.88,15.88,9100.0,9100.0,0.13,0.825,15.86,"January 31, 18",0.00825
0,2018-01-30,15.81,15.83,15.7,15.7,15.7,21800.0,21800.0,-0.11,-0.696,15.74333,"January 30, 18",-0.00696
0,2018-01-29,15.8,15.86,15.77,15.86,15.86,138600.0,138600.0,0.06,0.38,15.83,"January 29, 18",0.0038
0,2018-01-26,15.83,15.9,15.77,15.77,15.77,263000.0,263000.0,-0.06,-0.379,15.81333,"January 26, 18",-0.00379
0,2018-01-25,15.96,16.19,15.83,15.83,15.83,94700.0,94700.0,-0.13,-0.815,15.95,"January 25, 18",-0.00815
0,2018-01-24,15.95,16.0,15.91,16.0,16.0,413200.0,413200.0,0.05,0.313,15.97,"January 24, 18",0.00313
0,2018-01-23,16.05,16.05,15.91,15.93,15.93,85100.0,85100.0,-0.12,-0.748,15.96333,"January 23, 18",-0.00748
0,2018-01-22,15.75,16.39,15.6,16.0,16.0,436000.0,436000.0,0.25,1.587,15.99667,"January 22, 18",0.01587
0,2018-01-19,14.68,14.75,14.51,14.74,14.74,5400.0,5400.0,0.06,0.409,14.66667,"January 19, 18",0.00409
0,2018-01-18,14.65,14.73,14.5,14.5,14.5,7800.0,7800.0,-0.15,-1.024,14.57667,"January 18, 18",-0.01024
0,2018-01-17,14.5,14.73,14.43,14.64,14.64,42600.0,42600.0,0.14,0.966,14.6,"January 17, 18",0.00966
0,2018-01-16,14.4,14.65,14.39,14.45,14.45,15200.0,15200.0,0.05,0.347,14.49667,"January 16, 18",0.00347
0,2018-01-12,14.47,14.49,14.37,14.38,14.38,7800.0,7800.0,-0.09,-0.622,14.41333,"January 12, 18",-0.00622
0,2018-01-11,14.45,14.5,14.37,14.47,14.47,14500.0,14500.0,0.02,0.138,14.44667,"January 11, 18",0.00138
0,2018-01-10,14.55,14.55,14.37,14.45,14.45,17300.0,17300.0,-0.1,-0.687,14.45667,"January 10, 18",-0.00687
0,2018-01-09,14.8,14.8,14.52,14.54,14.54,24900.0,24900.0,-0.26,-1.757,14.62,"January 09, 18",-0.01757
0,2018-01-08,15.15,15.15,14.79,14.8,14.8,6800.0,6800.0,-0.35,-2.31,14.91333,"January 08, 18",-0.0231
0,2018-01-05,15.7,15.7,15.0,15.05,15.05,18200.0,18200.0,-0.65,-4.14,15.25,"January 05, 18",-0.0414
0,2018-01-04,15.1,15.7,15.05,15.15,15.15,27000.0,27000.0,0.05,0.331,15.3,"January 04, 18",0.00331
0,2018-01-03,15.19,15.2,15.06,15.1,15.1,10300.0,10300.0,-0.09,-0.592,15.12,"January 03, 18",-0.00592
0,2018-01-02,15.75,15.75,15.1,15.19,15.19,57700.0,57700.0,-0.56,-3.556,15.34667,"January 02, 18",-0.03556
0,2017-12-29,15.8,15.8,15.6,15.75,15.75,8500.0,8500.0,-0.05,-0.316,15.71667,"December 29, 17",-0.00316
0,2017-12-28,15.95,16.09,15.7,15.8,15.8,20000.0,20000.0,-0.15,-0.94,15.86333,"December 28, 17",-0.0094
0,2017-12-27,15.98,16.9,15.95,15.95,15.95,28100.0,28100.0,-0.03,-0.188,16.26667,"December 27, 17",-0.00188
0,2017-12-26,15.9,16.05,15.9,15.98,15.98,15800.0,15800.0,0.08,0.503,15.97667,"December 26, 17",0.00503
0,2017-12-22,16.4,16.5,15.95,15.95,15.95,20600.0,20600.0,-0.45,-2.744,16.13333,"December 22, 17",-0.02744
0,2017-12-21,17.0,17.05,16.29,16.5,16.5,30100.0,30100.0,-0.5,-2.941,16.61333,"December 21, 17",-0.02941
0,2017-12-20,15.95,18.0,15.9,16.4,16.4,54300.0,54300.0,0.45,2.821,16.76667,"December 20, 17",0.02821
0,2017-12-19,15.0,15.0,14.6,15.0,15.0,3600.0,3600.0,0.0,0.0,14.86667,"December 19, 17",0.0
0,2017-12-18,14.65,14.78,14.3,14.78,14.78,69500.0,69500.0,0.13,0.887,14.62,"December 18, 17",0.00887
0,2017-12-15,14.8,14.8,14.55,14.7,14.7,11500.0,11500.0,-0.1,-0.676,14.68333,"December 15, 17",-0.00676
0,2017-12-14,14.8,14.8,14.5,14.57,14.57,6300.0,6300.0,-0.23,-1.554,14.62333,"December 14, 17",-0.01554
0,2017-12-13,14.9,14.9,14.5,14.7,14.7,6900.0,6900.0,-0.2,-1.342,14.7,"December 13, 17",-0.01342
0,2017-12-12,14.51,15.0,13.9,14.8,14.8,193500.0,193500.0,0.29,1.999,14.56667,"December 12, 17",0.01999
0,2017-12-11,14.5,15.0,14.05,14.7,14.7,14300.0,14300.0,0.2,1.379,14.58333,"December 11, 17",0.01379
0,2017-12-08,14.5,14.5,14.45,14.45,14.45,6600.0,6600.0,-0.05,-0.345,14.46667,"December 08, 17",-0.00345
0,2017-12-07,14.5,14.5,14.45,14.45,14.45,3000.0,3000.0,-0.05,-0.345,14.46667,"December 07, 17",-0.00345
0,2017-12-06,14.44,14.5,14.33,14.5,14.5,34200.0,34200.0,0.06,0.416,14.44333,"December 06, 17",0.00416
0,2017-12-05,14.39,14.5,14.39,14.44,14.44,39700.0,39700.0,0.05,0.347,14.44333,"December 05, 17",0.00347
0,2017-12-04,14.5,14.5,14.2,14.3,14.3,31800.0,31800.0,-0.2,-1.379,14.33333,"December 04, 17",-0.01379
0,2017-12-01,13.8,14.2,13.75,14.1,14.1,79400.0,79400.0,0.3,2.174,14.01667,"December 01, 17",0.02174
0,2017-11-30,13.7,13.8,13.5,13.8,13.8,17400.0,17400.0,0.1,0.73,13.7,"November 30, 17",0.0073
0,2017-11-29,13.45,13.55,13.44,13.5,13.5,10400.0,10400.0,0.05,0.372,13.49667,"November 29, 17",0.00372
0,2017-11-28,13.55,13.55,13.35,13.4,13.4,54600.0,54600.0,-0.15,-1.107,13.43333,"November 28, 17",-0.01107
0,2017-11-27,12.35,13.79,12.29,13.45,13.45,51400.0,51400.0,1.1,8.907,13.17667,"November 27, 17",0.08907
0,2017-11-24,12.25,12.44,12.25,12.44,12.44,10300.0,10300.0,0.19,1.551,12.37667,"November 24, 17",0.01551
0,2017-11-22,11.9,11.9,11.85,11.85,11.85,3100.0,3100.0,-0.05,-0.42,11.86667,"November 22, 17",-0.0042
0,2017-11-21,11.9,11.9,11.8,11.85,11.85,11600.0,11600.0,-0.05,-0.42,11.85,"November 21, 17",-0.0042
0,2017-11-20,12.0,12.0,11.8,11.85,11.85,1600.0,1600.0,-0.15,-1.25,11.88333,"November 20, 17",-0.0125
0,2017-11-17,11.9,12.0,11.7,11.86,11.86,110900.0,110900.0,-0.04,-0.336,11.85333,"November 17, 17",-0.00336
0,2017-11-16,11.95,11.95,11.9,11.9,11.9,12900.0,12900.0,-0.05,-0.418,11.91667,"November 16, 17",-0.00418
0,2017-11-15,11.8,11.85,11.56,11.85,11.85,6100.0,6100.0,0.05,0.424,11.75333,"November 15, 17",0.00424
0,2017-11-14,11.95,11.95,11.7,11.8,11.8,91600.0,91600.0,-0.15,-1.255,11.81667,"November 14, 17",-0.01255
0,2017-11-13,11.56,11.95,11.56,11.95,11.95,32300.0,32300.0,0.39,3.374,11.82,"November 13, 17",0.03374
0,2017-11-10,12.0,12.0,11.56,11.56,11.56,3500.0,3500.0,-0.44,-3.667,11.70667,"November 10, 17",-0.03667
0,2017-11-09,11.7,11.7,11.55,11.7,11.7,54000.0,54000.0,0.0,0.0,11.65,"November 09, 17",0.0
0,2017-11-08,11.55,11.75,11.55,11.75,11.75,1600.0,1600.0,0.2,1.732,11.68333,"November 08, 17",0.01732
0,2017-11-07,11.65,11.75,11.55,11.75,11.75,9300.0,9300.0,0.1,0.858,11.68333,"November 07, 17",0.00858
0,2017-11-06,11.7,11.9,11.65,11.7,11.7,2100.0,2100.0,0.0,0.0,11.75,"November 06, 17",0.0
0,2017-11-03,11.95,11.95,11.78,11.94,11.94,1200.0,1200.0,-0.01,-0.084,11.89,"November 03, 17",-0.00084
0,2017-11-02,12.0,12.23,11.61,11.61,11.61,32700.0,32700.0,-0.39,-3.25,11.81667,"November 02, 17",-0.0325
0,2017-11-01,11.75,12.19,11.61,11.9,11.9,41800.0,41800.0,0.15,1.277,11.9,"November 01, 17",0.01277
0,2017-10-31,11.9,11.9,11.61,11.9,11.9,5600.0,5600.0,0.0,0.0,11.80333,"October 31, 17",0.0
0,2017-10-30,11.57,11.9,11.57,11.9,11.9,27700.0,27700.0,0.33,2.852,11.79,"October 30, 17",0.02852
0,2017-10-27,11.6,11.7,11.6,11.7,11.7,30400.0,30400.0,0.1,0.862,11.66667,"October 27, 17",0.00862
0,2017-10-26,11.55,11.65,11.52,11.59,11.59,308700.0,308700.0,0.04,0.346,11.58667,"October 26, 17",0.00346
0,2017-10-25,11.6,11.6,11.5,11.55,11.55,234700.0,234700.0,-0.05,-0.431,11.55,"October 25, 17",-0.00431
0,2017-10-24,11.73,11.73,11.73,11.73,11.73,200.0,200.0,0.0,0.0,11.73,"October 24, 17",0.0
0,2017-10-23,11.5,11.73,11.5,11.73,11.73,28000.0,28000.0,0.23,2.0,11.65333,"October 23, 17",0.02
0,2017-10-20,11.5,11.59,11.5,11.52,11.52,98300.0,98300.0,0.02,0.174,11.53667,"October 20, 17",0.00174
0,2017-10-19,11.45,11.5,11.35,11.4,11.4,73800.0,73800.0,-0.05,-0.437,11.41667,"October 19, 17",-0.00437
0,2017-10-18,11.3,11.45,11.3,11.3,11.3,1100.0,1100.0,0.0,0.0,11.35,"October 18, 17",0.0
0,2017-10-17,11.25,11.45,11.2,11.3,11.3,78400.0,78400.0,0.05,0.444,11.31667,"October 17, 17",0.00444
0,2017-10-16,11.17,11.2,11.15,11.17,11.17,20900.0,20900.0,0.0,0.0,11.17333,"October 16, 17",0.0
0,2017-10-13,11.16,11.2,11.15,11.15,11.15,2500.0,2500.0,-0.01,-0.09,11.16667,"October 13, 17",-0.0009
0,2017-10-12,11.1,11.2,11.1,11.15,11.15,26100.0,26100.0,0.05,0.45,11.15,"October 12, 17",0.0045
0,2017-10-11,11.25,11.25,11.0,11.01,11.01,8400.0,8400.0,-0.24,-2.133,11.08667,"October 11, 17",-0.02133
0,2017-10-10,10.99,11.6,10.99,11.2,11.2,6300.0,6300.0,0.21,1.911,11.26333,"October 10, 17",0.01911
0,2017-10-09,11.05,11.1,11.0,11.0,11.0,6300.0,6300.0,-0.05,-0.452,11.03333,"October 09, 17",-0.00452
0,2017-10-06,11.15,11.15,11.05,11.05,11.05,1300.0,1300.0,-0.1,-0.897,11.08333,"October 06, 17",-0.00897
0,2017-10-05,11.25,11.29,11.05,11.1,11.1,1600.0,1600.0,-0.15,-1.333,11.14667,"October 05, 17",-0.01333
0,2017-10-04,11.3,11.3,11.07,11.07,11.07,27200.0,27200.0,-0.23,-2.035,11.14667,"October 04, 17",-0.02035
0,2017-10-03,11.01,11.35,11.01,11.15,11.15,3800.0,3800.0,0.14,1.272,11.17,"October 03, 17",0.01272
0,2017-10-02,11.0,11.3,11.0,11.3,11.3,59000.0,59000.0,0.3,2.727,11.2,"October 02, 17",0.02727
0,2017-09-29,11.0,11.05,10.99,10.99,10.99,5400.0,5400.0,-0.01,-0.091,11.01,"September 29, 17",-0.00091
0,2017-09-28,11.08,11.2,10.95,11.0,11.0,11000.0,11000.0,-0.08,-0.722,11.05,"September 28, 17",-0.00722
0,2017-09-27,10.98,11.2,10.98,11.2,11.2,32100.0,32100.0,0.22,2.004,11.12667,"September 27, 17",0.02004
0,2017-09-26,10.97,11.1,10.97,10.99,10.99,600.0,600.0,0.02,0.182,11.02,"September 26, 17",0.00182
0,2017-09-25,11.11,11.11,10.97,11.1,11.1,1900.0,1900.0,-0.01,-0.09,11.06,"September 25, 17",-0.0009
0,2017-09-22,11.11,11.11,11.0,11.0,11.0,1200.0,1200.0,-0.11,-0.99,11.03667,"September 22, 17",-0.0099
0,2017-09-21,11.25,11.35,10.9,10.97,10.97,10500.0,10500.0,-0.28,-2.489,11.07333,"September 21, 17",-0.02489
0,2017-09-20,11.27,11.35,11.22,11.25,11.25,2200.0,2200.0,-0.02,-0.177,11.27333,"September 20, 17",-0.00177
0,2017-09-19,11.5,11.5,11.15,11.27,11.27,3100.0,3100.0,-0.23,-2.0,11.30667,"September 19, 17",-0.02
0,2017-09-18,11.05,11.5,11.05,11.5,11.5,6900.0,6900.0,0.45,4.072,11.35,"September 18, 17",0.04072
0,2017-09-15,11.3,11.3,11.04,11.25,11.25,4900.0,4900.0,-0.05,-0.442,11.19667,"September 15, 17",-0.00442
0,2017-09-14,11.45,11.45,11.26,11.26,11.26,700.0,700.0,-0.19,-1.659,11.32333,"September 14, 17",-0.01659
0,2017-09-13,11.4,11.4,11.3,11.3,11.3,1700.0,1700.0,-0.1,-0.877,11.33333,"September 13, 17",-0.00877
0,2017-09-12,10.95,11.48,10.91,11.25,11.25,23400.0,23400.0,0.3,2.74,11.21333,"September 12, 17",0.0274
0,2017-09-11,10.92,10.98,10.92,10.95,10.95,7100.0,7100.0,0.03,0.275,10.95,"September 11, 17",0.00275
0,2017-09-08,10.92,10.95,10.92,10.92,10.92,3300.0,3300.0,0.0,0.0,10.93,"September 08, 17",0.0
0,2017-09-07,10.93,10.97,10.92,10.92,10.92,3000.0,3000.0,-0.01,-0.091,10.93667,"September 07, 17",-0.00091
0,2017-09-06,10.97,10.97,10.97,10.97,10.97,200.0,200.0,0.0,0.0,10.97,"September 06, 17",0.0
0,2017-09-05,10.98,10.98,10.98,10.98,10.98,200.0,200.0,0.0,0.0,10.98,"September 05, 17",0.0
0,2017-09-01,10.9,10.98,10.9,10.98,10.98,4000.0,4000.0,0.08,0.734,10.95333,"September 01, 17",0.00734
0,2017-08-31,10.9,10.98,10.9,10.9,10.9,5700.0,5700.0,0.0,0.0,10.92667,"August 31, 17",0.0
0,2017-08-30,10.95,10.95,10.91,10.95,10.95,101300.0,101300.0,0.0,0.0,10.93667,"August 30, 17",0.0
0,2017-08-29,10.95,10.95,10.95,10.95,10.95,900.0,900.0,0.0,0.0,10.95,"August 29, 17",0.0
0,2017-08-28,10.98,10.98,10.88,10.9,10.9,15500.0,15500.0,-0.08,-0.729,10.92,"August 28, 17",-0.00729
0,2017-08-25,10.95,11.0,10.87,10.98,10.98,73100.0,73100.0,0.03,0.274,10.95,"August 25, 17",0.00274
0,2017-08-24,11.08,11.08,10.87,10.87,10.87,22600.0,22600.0,-0.21,-1.895,10.94,"August 24, 17",-0.01895
0,2017-08-23,11.05,11.11,11.03,11.03,11.03,38000.0,38000.0,-0.02,-0.181,11.05667,"August 23, 17",-0.00181
0,2017-08-22,11.25,11.25,11.18,11.18,11.18,8200.0,8200.0,-0.07,-0.622,11.20333,"August 22, 17",-0.00622
0,2017-08-21,11.35,11.35,11.2,11.2,11.2,9300.0,9300.0,-0.15,-1.322,11.25,"August 21, 17",-0.01322
0,2017-08-18,11.32,11.32,11.32,11.32,11.32,300.0,300.0,0.0,0.0,11.32,"August 18, 17",0.0
0,2017-08-17,11.32,11.35,11.32,11.32,11.32,2200.0,2200.0,0.0,0.0,11.33,"August 17, 17",0.0
0,2017-08-16,11.35,11.35,11.32,11.33,11.33,9600.0,9600.0,-0.02,-0.176,11.33333,"August 16, 17",-0.00176
0,2017-08-15,11.35,11.35,11.32,11.32,11.32,21800.0,21800.0,-0.03,-0.264,11.33,"August 15, 17",-0.00264
0,2017-08-14,11.25,11.45,11.25,11.33,11.33,10200.0,10200.0,0.08,0.711,11.34333,"August 14, 17",0.00711
0,2017-08-11,11.35,11.45,11.23,11.25,11.25,13800.0,13800.0,-0.1,-0.881,11.31,"August 11, 17",-0.00881
0,2017-08-10,11.5,11.5,11.3,11.3,11.3,48000.0,48000.0,-0.2,-1.739,11.36667,"August 10, 17",-0.01739
0,2017-08-09,11.55,11.55,11.5,11.5,11.5,7200.0,7200.0,-0.05,-0.433,11.51667,"August 09, 17",-0.00433
0,2017-08-08,11.5,11.55,11.5,11.5,11.5,3700.0,3700.0,0.0,0.0,11.51667,"August 08, 17",0.0
0,2017-08-07,11.49,11.52,11.49,11.5,11.5,202900.0,202900.0,0.01,0.087,11.50333,"August 07, 17",0.00087
0,2017-08-04,11.5,11.52,11.49,11.5,11.5,18400.0,18400.0,0.0,0.0,11.50333,"August 04, 17",0.0
0,2017-08-03,11.49,11.5,11.49,11.49,11.49,2300.0,2300.0,0.0,0.0,11.49333,"August 03, 17",0.0
0,2017-08-02,11.5,11.55,11.49,11.5,11.5,2300.0,2300.0,0.0,0.0,11.51333,"August 02, 17",0.0
0,2017-08-01,11.55,11.59,11.5,11.55,11.55,11000.0,11000.0,0.0,0.0,11.54667,"August 01, 17",0.0
0,2017-07-31,11.6,11.6,11.6,11.6,11.6,800.0,800.0,0.0,0.0,11.6,"July 31, 17",0.0
0,2017-07-28,11.6,11.6,11.5,11.6,11.6,1800.0,1800.0,0.0,0.0,11.56667,"July 28, 17",0.0
0,2017-07-27,11.69,11.69,11.5,11.5,11.5,7400.0,7400.0,-0.19,-1.625,11.56333,"July 27, 17",-0.01625
0,2017-07-26,11.5,11.7,11.5,11.69,11.69,800.0,800.0,0.19,1.652,11.63,"July 26, 17",0.01652
0,2017-07-25,11.56,11.8,11.5,11.5,11.5,40500.0,40500.0,-0.06,-0.519,11.6,"July 25, 17",-0.00519
0,2017-07-24,11.78,11.78,11.5,11.5,11.5,88200.0,88200.0,-0.28,-2.377,11.59333,"July 24, 17",-0.02377
0,2017-07-21,11.88,11.88,11.76,11.8,11.8,17700.0,17700.0,-0.08,-0.673,11.81333,"July 21, 17",-0.00673
0,2017-07-20,11.95,11.95,11.85,11.85,11.85,4800.0,4800.0,-0.1,-0.837,11.88333,"July 20, 17",-0.00837
0,2017-07-19,11.78,11.95,11.75,11.95,11.95,5100.0,5100.0,0.17,1.443,11.88333,"July 19, 17",0.01443
0,2017-07-18,11.6,11.75,11.5,11.75,11.75,47400.0,47400.0,0.15,1.293,11.66667,"July 18, 17",0.01293
0,2017-07-17,11.75,11.8,11.55,11.75,11.75,5100.0,5100.0,0.0,0.0,11.7,"July 17, 17",0.0
0,2017-07-14,11.5,12.0,11.5,11.93,11.93,1300.0,1300.0,0.43,3.739,11.81,"July 14, 17",0.03739
0,2017-07-13,11.55,11.55,11.5,11.5,11.5,2500.0,2500.0,-0.05,-0.433,11.51667,"July 13, 17",-0.00433
0,2017-07-12,11.5,11.55,11.5,11.5,11.5,3600.0,3600.0,0.0,0.0,11.51667,"July 12, 17",0.0
0,2017-07-11,11.45,11.55,11.45,11.5,11.5,14300.0,14300.0,0.05,0.437,11.5,"July 11, 17",0.00437
0,2017-07-10,11.45,11.55,11.45,11.5,11.5,11700.0,11700.0,0.05,0.437,11.5,"July 10, 17",0.00437
0,2017-07-07,11.45,11.55,11.45,11.55,11.55,16100.0,16100.0,0.1,0.873,11.51667,"July 07, 17",0.00873
0,2017-07-06,11.65,11.72,11.47,11.5,11.5,28700.0,28700.0,-0.15,-1.288,11.56333,"July 06, 17",-0.01288
0,2017-07-05,11.8,11.8,11.63,11.72,11.72,2600.0,2600.0,-0.08,-0.678,11.71667,"July 05, 17",-0.00678
0,2017-07-03,11.79,11.83,11.7,11.79,11.79,4000.0,4000.0,0.0,0.0,11.77333,"July 03, 17",0.0
0,2017-06-30,11.9,11.95,11.85,11.9,11.9,27300.0,27300.0,0.0,0.0,11.9,"June 30, 17",0.0
0,2017-06-29,11.95,11.95,11.79,11.87,11.87,4000.0,4000.0,-0.08,-0.669,11.87,"June 29, 17",-0.00669
0,2017-06-28,11.87,12.15,11.87,12.15,12.15,11000.0,11000.0,0.28,2.359,12.05667,"June 28, 17",0.02359
0,2017-06-27,11.87,12.05,11.87,11.9,11.9,2200.0,2200.0,0.03,0.253,11.94,"June 27, 17",0.00253
0,2017-06-26,12.0,12.2,11.87,11.98,11.98,40900.0,40900.0,-0.02,-0.167,12.01667,"June 26, 17",-0.00167
0,2017-06-23,12.05,12.05,12.0,12.0,12.0,69000.0,69000.0,-0.05,-0.415,12.01667,"June 23, 17",-0.00415
0,2017-06-22,12.0,12.2,11.95,11.99,11.99,1600.0,1600.0,-0.01,-0.083,12.04667,"June 22, 17",-0.00083
0,2017-06-21,12.47,12.74,11.9,11.99,11.99,2800.0,2800.0,-0.48,-3.849,12.21,"June 21, 17",-0.03849
0,2017-06-20,12.35,12.5,11.61,12.15,12.15,38500.0,38500.0,-0.2,-1.619,12.08667,"June 20, 17",-0.01619
0,2017-06-19,11.45,12.85,11.45,12.35,12.35,34600.0,34600.0,0.9,7.86,12.21667,"June 19, 17",0.0786
0,2017-06-16,11.35,11.5,11.35,11.45,11.45,16600.0,16600.0,0.1,0.881,11.43333,"June 16, 17",0.00881
0,2017-06-15,11.46,11.55,11.46,11.5,11.5,19900.0,19900.0,0.04,0.349,11.50333,"June 15, 17",0.00349
0,2017-06-14,11.54,11.54,11.5,11.5,11.5,1600.0,1600.0,-0.04,-0.347,11.51333,"June 14, 17",-0.00347
0,2017-06-13,11.53,11.54,11.45,11.46,11.46,2200.0,2200.0,-0.07,-0.607,11.48333,"June 13, 17",-0.00607
0,2017-06-12,11.45,11.55,11.45,11.5,11.5,10200.0,10200.0,0.05,0.437,11.5,"June 12, 17",0.00437
0,2017-06-09,11.49,11.52,11.38,11.5,11.5,9900.0,9900.0,0.01,0.087,11.46667,"June 09, 17",0.00087
0,2017-06-08,11.35,11.59,11.35,11.4,11.4,27200.0,27200.0,0.05,0.441,11.44667,"June 08, 17",0.00441
0,2017-06-07,11.45,11.5,11.3,11.47,11.47,22300.0,22300.0,0.02,0.175,11.42333,"June 07, 17",0.00175
0,2017-06-06,11.5,11.8,11.5,11.55,11.55,20800.0,20800.0,0.05,0.435,11.61667,"June 06, 17",0.00435
0,2017-06-05,11.9,12.12,11.82,11.98,11.98,11500.0,11500.0,0.08,0.672,11.97333,"June 05, 17",0.00672
0,2017-06-02,12.35,12.45,11.9,12.17,12.17,37200.0,37200.0,-0.18,-1.457,12.17333,"June 02, 17",-0.01457
0,2017-06-01,12.4,12.5,12.4,12.41,12.41,53000.0,53000.0,0.01,0.081,12.43667,"June 01, 17",0.00081
0,2017-05-31,12.4,12.52,12.1,12.42,12.42,12900.0,12900.0,0.02,0.161,12.34667,"May 31, 17",0.00161
0,2017-05-30,12.52,12.52,12.4,12.4,12.4,1700.0,1700.0,-0.12,-0.958,12.44,"May 30, 17",-0.00958
0,2017-05-26,12.52,12.6,12.5,12.5,12.5,6900.0,6900.0,-0.02,-0.16,12.53333,"May 26, 17",-0.0016
0,2017-05-25,12.64,12.66,12.5,12.59,12.59,2900.0,2900.0,-0.05,-0.396,12.58333,"May 25, 17",-0.00396
0,2017-05-24,12.57,12.68,12.1,12.62,12.62,69600.0,69600.0,0.05,0.398,12.46667,"May 24, 17",0.00398
0,2017-05-23,12.8,12.8,12.57,12.74,12.74,900.0,900.0,-0.06,-0.469,12.70333,"May 23, 17",-0.00469
0,2017-05-22,12.8,12.8,12.65,12.65,12.65,2700.0,2700.0,-0.15,-1.172,12.7,"May 22, 17",-0.01172
0,2017-05-19,12.85,12.85,12.75,12.75,12.75,12400.0,12400.0,-0.1,-0.778,12.78333,"May 19, 17",-0.00778
0,2017-05-18,12.85,12.85,12.77,12.77,12.77,2400.0,2400.0,-0.08,-0.623,12.79667,"May 18, 17",-0.00623
0,2017-05-17,12.87,12.95,12.8,12.8,12.8,5300.0,5300.0,-0.07,-0.544,12.85,"May 17, 17",-0.00544
0,2017-05-16,13.0,13.0,12.8,12.85,12.85,13200.0,13200.0,-0.15,-1.154,12.88333,"May 16, 17",-0.01154
0,2017-05-15,13.02,13.2,12.85,12.85,12.85,5500.0,5500.0,-0.17,-1.306,12.96667,"May 15, 17",-0.01306
0,2017-05-12,13.15,13.28,13.0,13.0,13.0,38000.0,38000.0,-0.15,-1.141,13.09333,"May 12, 17",-0.01141
0,2017-05-11,13.0,13.16,12.95,13.05,13.05,11500.0,11500.0,0.05,0.385,13.05333,"May 11, 17",0.00385
0,2017-05-10,12.95,13.0,12.95,12.95,12.95,2900.0,2900.0,0.0,0.0,12.96667,"May 10, 17",0.0
0,2017-05-09,13.0,13.0,12.95,12.95,12.95,5300.0,5300.0,-0.05,-0.385,12.96667,"May 09, 17",-0.00385
0,2017-05-08,12.95,13.02,12.95,12.95,12.95,2200.0,2200.0,0.0,0.0,12.97333,"May 08, 17",0.0
0,2017-05-05,12.98,13.0,12.95,12.95,12.95,13300.0,13300.0,-0.03,-0.231,12.96667,"May 05, 17",-0.00231
0,2017-05-04,13.02,13.04,12.95,12.95,12.95,11500.0,11500.0,-0.07,-0.538,12.98,"May 04, 17",-0.00538
0,2017-05-03,13.0,13.04,13.0,13.0,13.0,3600.0,3600.0,0.0,0.0,13.01333,"May 03, 17",0.0
0,2017-05-02,13.0,13.02,12.9,13.0,13.0,3400.0,3400.0,0.0,0.0,12.97333,"May 02, 17",0.0
0,2017-05-01,13.0,13.05,13.0,13.0,13.0,21300.0,21300.0,0.0,0.0,13.01667,"May 01, 17",0.0
0,2017-04-28,13.1,13.1,13.0,13.09,13.09,5000.0,5000.0,-0.01,-0.076,13.06333,"April 28, 17",-0.00076
0,2017-04-27,13.1,13.1,12.98,13.0,13.0,35700.0,35700.0,-0.1,-0.763,13.02667,"April 27, 17",-0.00763
0,2017-04-26,13.0,13.1,13.0,13.1,13.1,99500.0,99500.0,0.1,0.769,13.06667,"April 26, 17",0.00769
0,2017-04-25,13.0,13.02,12.95,12.95,12.95,28400.0,28400.0,-0.05,-0.385,12.97333,"April 25, 17",-0.00385
0,2017-04-24,13.0,13.1,12.75,13.0,13.0,36400.0,36400.0,0.0,0.0,12.95,"April 24, 17",0.0
0,2017-04-21,13.1,13.2,13.08,13.08,13.08,25700.0,25700.0,-0.02,-0.153,13.12,"April 21, 17",-0.00153
0,2017-04-20,13.13,13.15,13.1,13.1,13.1,5900.0,5900.0,-0.03,-0.228,13.11667,"April 20, 17",-0.00228
0,2017-04-19,13.1,13.15,13.1,13.11,13.11,1600.0,1600.0,0.01,0.076,13.12,"April 19, 17",0.00076
0,2017-04-18,13.2,13.2,13.15,13.15,13.15,400.0,400.0,-0.05,-0.379,13.16667,"April 18, 17",-0.00379
0,2017-04-17,13.2,13.2,13.2,13.2,13.2,200.0,200.0,0.0,0.0,13.2,"April 17, 17",0.0
0,2017-04-13,13.2,13.2,13.15,13.2,13.2,600.0,600.0,0.0,0.0,13.18333,"April 13, 17",0.0
0,2017-04-12,13.25,13.25,13.25,13.25,13.25,300.0,300.0,0.0,0.0,13.25,"April 12, 17",0.0
0,2017-04-11,13.1,13.25,13.1,13.1,13.1,7000.0,7000.0,0.0,0.0,13.15,"April 11, 17",0.0
0,2017-04-10,13.25,13.25,13.1,13.1,13.1,6100.0,6100.0,-0.15,-1.132,13.15,"April 10, 17",-0.01132
0,2017-04-07,13.1,13.22,13.1,13.22,13.22,36500.0,36500.0,0.12,0.916,13.18,"April 07, 17",0.00916
0,2017-04-06,13.25,13.25,13.2,13.2,13.2,29500.0,29500.0,-0.05,-0.377,13.21667,"April 06, 17",-0.00377
0,2017-04-05,13.2,13.28,13.2,13.26,13.26,33200.0,33200.0,0.06,0.455,13.24667,"April 05, 17",0.00455
0,2017-04-04,13.25,13.25,13.2,13.25,13.25,5000.0,5000.0,0.0,0.0,13.23333,"April 04, 17",0.0
0,2017-04-03,13.33,13.45,13.1,13.34,13.34,24700.0,24700.0,0.01,0.075,13.29667,"April 03, 17",0.00075
0,2017-03-31,13.14,13.65,13.14,13.34,13.34,32000.0,32000.0,0.2,1.522,13.37667,"March 31, 17",0.01522
0,2017-03-30,13.15,13.23,13.1,13.2,13.2,110200.0,110200.0,0.05,0.38,13.17667,"March 30, 17",0.0038
0,2017-03-29,13.08,13.1,13.08,13.1,13.1,3900.0,3900.0,0.02,0.153,13.09333,"March 29, 17",0.00153
0,2017-03-28,12.65,13.1,12.65,13.05,13.05,4000.0,4000.0,0.4,3.162,12.93333,"March 28, 17",0.03162
0,2017-03-27,12.6,13.03,12.6,13.03,13.03,29300.0,29300.0,0.43,3.413,12.88667,"March 27, 17",0.03413
0,2017-03-24,12.75,12.8,12.65,12.65,12.65,73500.0,73500.0,-0.1,-0.784,12.7,"March 24, 17",-0.00784
0,2017-03-23,12.95,12.95,12.75,12.75,12.75,9300.0,9300.0,-0.2,-1.544,12.81667,"March 23, 17",-0.01544
0,2017-03-22,13.0,13.0,12.87,12.87,12.87,3900.0,3900.0,-0.13,-1.0,12.91333,"March 22, 17",-0.01
0,2017-03-21,12.83,12.95,12.7,12.93,12.93,45500.0,45500.0,0.1,0.779,12.86,"March 21, 17",0.00779
0,2017-03-20,12.9,13.03,12.85,12.85,12.85,40300.0,40300.0,-0.05,-0.388,12.91,"March 20, 17",-0.00388
0,2017-03-17,13.31,13.4,12.9,12.9,12.9,21900.0,21900.0,-0.41,-3.08,13.06667,"March 17, 17",-0.0308
0,2017-03-16,12.75,13.22,12.36,13.22,13.22,149900.0,149900.0,0.47,3.686,12.93333,"March 16, 17",0.03686
0,2017-03-15,13.25,13.35,12.29,13.2,13.2,81200.0,81200.0,-0.05,-0.377,12.94667,"March 15, 17",-0.00377
0,2017-03-14,13.4,13.5,13.0,13.45,13.45,2900.0,2900.0,0.05,0.373,13.31667,"March 14, 17",0.00373
0,2017-03-13,13.7,13.75,12.9,12.9,12.9,23400.0,23400.0,-0.8,-5.839,13.18333,"March 13, 17",-0.05839
0,2017-03-10,13.7,13.75,13.61,13.75,13.75,18000.0,18000.0,0.05,0.365,13.70333,"March 10, 17",0.00365
0,2017-03-09,13.7,13.75,13.7,13.74,13.74,3700.0,3700.0,0.04,0.292,13.73,"March 09, 17",0.00292
0,2017-03-08,13.77,13.8,13.7,13.78,13.78,9600.0,9600.0,0.01,0.073,13.76,"March 08, 17",0.00073
0,2017-03-07,13.77,14.0,13.77,13.77,13.77,10200.0,10200.0,0.0,0.0,13.84667,"March 07, 17",0.0
0,2017-03-06,13.92,13.97,13.77,13.87,13.87,12100.0,12100.0,-0.05,-0.359,13.87,"March 06, 17",-0.00359
0,2017-03-03,13.85,13.97,13.76,13.76,13.76,12200.0,12200.0,-0.09,-0.65,13.83,"March 03, 17",-0.0065
0,2017-03-02,13.85,13.89,13.85,13.88,13.88,8600.0,8600.0,0.03,0.217,13.87333,"March 02, 17",0.00217
0,2017-03-01,14.0,14.0,13.85,13.85,13.85,41200.0,41200.0,-0.15,-1.071,13.9,"March 01, 17",-0.01071
0,2017-02-28,13.98,14.0,13.86,14.0,14.0,5900.0,5900.0,0.02,0.143,13.95333,"February 28, 17",0.00143
0,2017-02-27,14.0,14.0,13.86,13.98,13.98,8900.0,8900.0,-0.02,-0.143,13.94667,"February 27, 17",-0.00143
0,2017-02-24,14.0,14.0,13.96,13.99,13.99,2500.0,2500.0,-0.01,-0.071,13.98333,"February 24, 17",-0.00071
0,2017-02-23,13.86,14.0,13.86,14.0,14.0,8600.0,8600.0,0.14,1.01,13.95333,"February 23, 17",0.0101
0,2017-02-22,13.95,13.99,13.86,13.86,13.86,11300.0,11300.0,-0.09,-0.645,13.90333,"February 22, 17",-0.00645
0,2017-02-21,14.0,14.0,13.9,13.9,13.9,5100.0,5100.0,-0.1,-0.714,13.93333,"February 21, 17",-0.00714
0,2017-02-17,14.0,14.0,13.95,13.95,13.95,3800.0,3800.0,-0.05,-0.357,13.96667,"February 17, 17",-0.00357
0,2017-02-16,13.92,14.0,13.84,13.95,13.95,5000.0,5000.0,0.03,0.216,13.93,"February 16, 17",0.00216
0,2017-02-15,13.83,14.0,13.83,13.95,13.95,13500.0,13500.0,0.12,0.868,13.92667,"February 15, 17",0.00868
0,2017-02-14,13.95,14.0,13.83,13.95,13.95,11400.0,11400.0,0.0,0.0,13.92667,"February 14, 17",0.0
0,2017-02-13,14.0,14.05,13.92,13.92,13.92,9300.0,9300.0,-0.08,-0.571,13.96333,"February 13, 17",-0.00571
0,2017-02-10,14.0,14.01,13.95,14.01,14.01,6700.0,6700.0,0.01,0.071,13.99,"February 10, 17",0.00071
0,2017-02-09,14.22,14.22,13.95,13.95,13.95,232000.0,232000.0,-0.27,-1.899,14.04,"February 09, 17",-0.01899
0,2017-02-08,14.1,15.15,14.03,14.2,14.2,133800.0,133800.0,0.1,0.709,14.46,"February 08, 17",0.00709
0,2017-02-07,12.65,14.26,12.5,14.1,14.1,55800.0,55800.0,1.45,11.462,13.62,"February 07, 17",0.11462
0,2017-02-06,12.1,12.65,12.1,12.65,12.65,18600.0,18600.0,0.55,4.545,12.46667,"February 06, 17",0.04545
0,2017-02-03,11.95,12.1,11.95,12.05,12.05,2900.0,2900.0,0.1,0.837,12.03333,"February 03, 17",0.00837
0,2017-02-02,12.0,12.0,11.95,11.95,11.95,15500.0,15500.0,-0.05,-0.417,11.96667,"February 02, 17",-0.00417
0,2017-02-01,12.0,12.0,11.95,11.95,11.95,35300.0,35300.0,-0.05,-0.417,11.96667,"February 01, 17",-0.00417
0,2017-01-31,12.0,12.02,11.97,12.02,12.02,921500.0,921500.0,0.02,0.167,12.00333,"January 31, 17",0.00167
0,2017-01-30,11.91,11.95,11.9,11.9,11.9,9300.0,9300.0,-0.01,-0.084,11.91667,"January 30, 17",-0.00084
0,2017-01-27,11.94,11.99,11.86,11.95,11.95,60700.0,60700.0,0.01,0.084,11.93333,"January 27, 17",0.00084
0,2017-01-26,11.99,12.0,11.9,11.98,11.98,11400.0,11400.0,-0.01,-0.083,11.96,"January 26, 17",-0.00083
0,2017-01-25,12.0,12.02,11.9,12.0,12.0,66500.0,66500.0,0.0,0.0,11.97333,"January 25, 17",0.0
0,2017-01-24,12.0,12.02,12.0,12.02,12.02,27200.0,27200.0,0.02,0.167,12.01333,"January 24, 17",0.00167
0,2017-01-23,11.9,12.04,11.9,12.0,12.0,685700.0,685700.0,0.1,0.84,11.98,"January 23, 17",0.0084
0,2017-01-20,11.85,12.0,11.85,12.0,12.0,6400.0,6400.0,0.15,1.266,11.95,"January 20, 17",0.01266
0,2017-01-19,11.8,11.9,11.75,11.85,11.85,79800.0,79800.0,0.05,0.424,11.83333,"January 19, 17",0.00424
0,2017-01-18,11.75,11.85,11.7,11.85,11.85,87300.0,87300.0,0.1,0.851,11.8,"January 18, 17",0.00851
0,2017-01-17,11.45,11.8,11.45,11.78,11.78,71200.0,71200.0,0.33,2.882,11.67667,"January 17, 17",0.02882
0,2017-01-13,11.66,11.66,11.45,11.45,11.45,167200.0,167200.0,-0.21,-1.801,11.52,"January 13, 17",-0.01801
0,2017-01-12,11.7,11.7,11.65,11.7,11.7,35200.0,35200.0,0.0,0.0,11.68333,"January 12, 17",0.0
0,2017-01-11,11.7,11.72,11.68,11.7,11.7,18500.0,18500.0,0.0,0.0,11.7,"January 11, 17",0.0
0,2017-01-10,11.7,11.75,11.7,11.7,11.7,23600.0,23600.0,0.0,0.0,11.71667,"January 10, 17",0.0
0,2017-01-09,11.97,11.97,11.73,11.75,11.75,17000.0,17000.0,-0.22,-1.838,11.81667,"January 09, 17",-0.01838
0,2017-01-06,11.95,12.0,11.75,11.75,11.75,21100.0,21100.0,-0.2,-1.674,11.83333,"January 06, 17",-0.01674
0,2017-01-05,12.0,12.0,11.85,11.95,11.95,88800.0,88800.0,-0.05,-0.417,11.93333,"January 05, 17",-0.00417
0,2017-01-04,12.0,12.93,11.87,12.0,12.0,19200.0,19200.0,0.0,0.0,12.26667,"January 04, 17",0.0
0,2017-01-03,11.7,12.5,11.7,12.15,12.15,80700.0,80700.0,0.45,3.846,12.11667,"January 03, 17",0.03846
0,2016-12-30,11.5,11.71,11.25,11.5,11.5,29400.0,29400.0,0.0,0.0,11.48667,"December 30, 16",0.0
0,2016-12-29,11.3,11.71,11.3,11.5,11.5,8700.0,8700.0,0.2,1.77,11.50333,"December 29, 16",0.0177
0,2016-12-28,11.4,11.85,11.4,11.5,11.5,20900.0,20900.0,0.1,0.877,11.58333,"December 28, 16",0.00877
0,2016-12-27,11.05,12.25,11.05,11.5,11.5,20100.0,20100.0,0.45,4.072,11.6,"December 27, 16",0.04072
0,2016-12-23,11.0,11.2,11.0,11.0,11.0,25200.0,25200.0,0.0,0.0,11.06667,"December 23, 16",0.0
0,2016-12-22,10.9,10.9,10.5,10.83,10.83,4100.0,4100.0,-0.07,-0.642,10.74333,"December 22, 16",-0.00642
0,2016-12-21,10.26,10.9,10.21,10.9,10.9,39700.0,39700.0,0.64,6.238,10.67,"December 21, 16",0.06238
0,2016-12-20,9.98,10.35,9.98,10.2,10.2,39300.0,39300.0,0.22,2.204,10.17667,"December 20, 16",0.02204
0,2016-12-19,9.75,9.99,9.75,9.99,9.99,10100.0,10100.0,0.24,2.462,9.91,"December 19, 16",0.02462
0,2016-12-16,9.7,10.0,9.62,9.75,9.75,61000.0,61000.0,0.05,0.515,9.79,"December 16, 16",0.00515
0,2016-12-15,9.3,9.9,8.77,9.65,9.65,22200.0,22200.0,0.35,3.763,9.44,"December 15, 16",0.03763
0,2016-12-14,10.03,10.03,9.02,9.6,9.6,13400.0,13400.0,-0.43,-4.287,9.55,"December 14, 16",-0.04287
0,2016-12-13,10.0,10.04,10.0,10.0,10.0,85000.0,85000.0,0.0,0.0,10.01333,"December 13, 16",0.0
0,2016-12-12,10.0,10.05,9.55,9.92,9.92,196600.0,196600.0,-0.08,-0.8,9.84,"December 12, 16",-0.008
0,2016-12-09,9.84,10.01,9.55,9.78,9.78,11800.0,11800.0,-0.06,-0.61,9.78,"December 09, 16",-0.0061
0,2016-12-08,9.7,9.84,9.51,9.77,9.77,5700.0,5700.0,0.07,0.722,9.70667,"December 08, 16",0.00722
0,2016-12-07,9.85,10.0,9.51,9.85,9.85,23900.0,23900.0,0.0,0.0,9.78667,"December 07, 16",0.0
0,2016-12-06,10.0,10.1,9.95,10.06,10.06,56000.0,56000.0,0.06,0.6,10.03667,"December 06, 16",0.006
0,2016-12-05,9.65,9.97,9.65,9.97,9.97,38000.0,38000.0,0.32,3.316,9.86333,"December 05, 16",0.03316
0,2016-12-02,9.9,9.95,9.65,9.85,9.85,4200.0,4200.0,-0.05,-0.505,9.81667,"December 02, 16",-0.00505
0,2016-12-01,9.0,9.95,9.0,9.81,9.81,11200.0,11200.0,0.81,9.0,9.58667,"December 01, 16",0.09
0,2016-11-30,9.3,9.72,9.15,9.5,9.5,13900.0,13900.0,0.2,2.151,9.45667,"November 30, 16",0.02151
0,2016-11-29,9.0,9.67,8.9,9.3,9.3,19600.0,19600.0,0.3,3.333,9.29,"November 29, 16",0.03333
0,2016-11-28,8.6,8.85,8.48,8.85,8.85,116900.0,116900.0,0.25,2.907,8.72667,"November 28, 16",0.02907
0,2016-11-25,8.45,8.45,8.4,8.4,8.4,1100.0,1100.0,-0.05,-0.592,8.41667,"November 25, 16",-0.00592
0,2016-11-23,8.62,8.9,8.35,8.45,8.45,149200.0,149200.0,-0.17,-1.972,8.56667,"November 23, 16",-0.01972
0,2016-11-22,8.55,8.7,8.53,8.6,8.6,189600.0,189600.0,0.05,0.585,8.61,"November 22, 16",0.00585
0,2016-11-21,8.16,8.99,8.1,8.45,8.45,65400.0,65400.0,0.29,3.554,8.51333,"November 21, 16",0.03554
0,2016-11-18,8.0,8.15,7.65,8.05,8.05,364100.0,364100.0,0.05,0.625,7.95,"November 18, 16",0.00625
0,2016-11-17,8.01,8.03,7.91,8.0,8.0,9600.0,9600.0,-0.01,-0.125,7.98,"November 17, 16",-0.00125
0,2016-11-16,7.95,8.01,7.75,8.01,8.01,9300.0,9300.0,0.06,0.755,7.92333,"November 16, 16",0.00755
0,2016-11-15,8.0,8.05,7.5,7.95,7.95,91400.0,91400.0,-0.05,-0.625,7.83333,"November 15, 16",-0.00625
0,2016-11-14,7.98,8.03,7.95,8.0,8.0,81200.0,81200.0,0.02,0.251,7.99333,"November 14, 16",0.00251
0,2016-11-11,8.02,8.04,7.95,7.95,7.95,46500.0,46500.0,-0.07,-0.873,7.98,"November 11, 16",-0.00873
0,2016-11-10,7.95,8.5,7.95,8.04,8.04,27700.0,27700.0,0.09,1.132,8.16333,"November 10, 16",0.01132
0,2016-11-09,8.0,8.01,7.85,8.01,8.01,14200.0,14200.0,0.01,0.125,7.95667,"November 09, 16",0.00125
0,2016-11-08,8.01,8.05,7.95,8.0,8.0,11500.0,11500.0,-0.01,-0.125,8.0,"November 08, 16",-0.00125
0,2016-11-07,8.02,8.04,8.02,8.02,8.02,54600.0,54600.0,0.0,0.0,8.02667,"November 07, 16",0.0
0,2016-11-04,7.75,8.1,7.65,8.0,8.0,43000.0,43000.0,0.25,3.226,7.91667,"November 04, 16",0.03226
0,2016-11-03,8.0,8.0,7.75,7.75,7.75,36800.0,36800.0,-0.25,-3.125,7.83333,"November 03, 16",-0.03125
0,2016-11-02,8.0,8.03,7.75,7.85,7.85,10400.0,10400.0,-0.15,-1.875,7.87667,"November 02, 16",-0.01875
0,2016-11-01,8.0,8.03,7.97,8.0,8.0,109800.0,109800.0,0.0,0.0,8.0,"November 01, 16",0.0
0,2016-10-31,7.95,8.03,7.95,8.0,8.0,54200.0,54200.0,0.05,0.629,7.99333,"October 31, 16",0.00629
0,2016-10-28,7.95,8.1,7.95,8.0,8.0,10400.0,10400.0,0.05,0.629,8.01667,"October 28, 16",0.00629
0,2016-10-27,7.9,8.03,7.86,8.0,8.0,12500.0,12500.0,0.1,1.266,7.96333,"October 27, 16",0.01266
0,2016-10-26,7.95,8.01,7.9,7.92,7.92,33300.0,33300.0,-0.03,-0.377,7.94333,"October 26, 16",-0.00377
0,2016-10-25,8.03,8.03,7.95,8.0,8.0,5600.0,5600.0,-0.03,-0.374,7.99333,"October 25, 16",-0.00374
0,2016-10-24,8.0,8.1,8.0,8.05,8.05,3500.0,3500.0,0.05,0.625,8.05,"October 24, 16",0.00625
0,2016-10-21,7.88,8.1,7.88,7.95,7.95,16900.0,16900.0,0.07,0.888,7.97667,"October 21, 16",0.00888
0,2016-10-20,7.65,8.0,7.51,7.95,7.95,19000.0,19000.0,0.3,3.922,7.82,"October 20, 16",0.03922
0,2016-10-19,8.21,8.25,7.88,8.05,8.05,81900.0,81900.0,-0.16,-1.949,8.06,"October 19, 16",-0.01949
0,2016-10-18,8.11,8.25,8.1,8.23,8.23,12000.0,12000.0,0.12,1.48,8.19333,"October 18, 16",0.0148
0,2016-10-17,8.22,8.24,8.06,8.24,8.24,3600.0,3600.0,0.02,0.243,8.18,"October 17, 16",0.00243
0,2016-10-14,8.25,8.3,8.21,8.23,8.23,33800.0,33800.0,-0.02,-0.242,8.24667,"October 14, 16",-0.00242
0,2016-10-13,8.15,8.52,8.1,8.2,8.2,17500.0,17500.0,0.05,0.613,8.27333,"October 13, 16",0.00613
0,2016-10-12,8.09,8.15,8.05,8.15,8.15,16700.0,16700.0,0.06,0.742,8.11667,"October 12, 16",0.00742
0,2016-10-11,8.0,8.3,7.92,8.12,8.12,51600.0,51600.0,0.12,1.5,8.11333,"October 11, 16",0.015
0,2016-10-10,8.34,8.34,7.9,8.33,8.33,68400.0,68400.0,-0.01,-0.12,8.19,"October 10, 16",-0.0012
0,2016-10-07,8.35,8.35,8.19,8.31,8.31,23900.0,23900.0,-0.04,-0.479,8.28333,"October 07, 16",-0.00479
0,2016-10-06,8.48,8.48,8.4,8.4,8.4,50500.0,50500.0,-0.08,-0.943,8.42667,"October 06, 16",-0.00943
0,2016-10-05,8.19,8.7,8.19,8.48,8.48,180200.0,180200.0,0.29,3.541,8.45667,"October 05, 16",0.03541
0,2016-10-04,8.58,8.58,8.2,8.41,8.41,15800.0,15800.0,-0.17,-1.981,8.39667,"October 04, 16",-0.01981
0,2016-10-03,8.65,8.65,8.6,8.6,8.6,4600.0,4600.0,-0.05,-0.578,8.61667,"October 03, 16",-0.00578
0,2016-09-30,8.4,8.5,8.3,8.5,8.5,67500.0,67500.0,0.1,1.19,8.43333,"September 30, 16",0.0119
0,2016-09-29,8.25,8.61,8.25,8.45,8.45,31800.0,31800.0,0.2,2.424,8.43667,"September 29, 16",0.02424
0,2016-09-28,8.4,8.42,8.21,8.35,8.35,85500.0,85500.0,-0.05,-0.595,8.32667,"September 28, 16",-0.00595
0,2016-09-27,8.5,8.6,8.35,8.48,8.48,132100.0,132100.0,-0.02,-0.235,8.47667,"September 27, 16",-0.00235
0,2016-09-26,8.5,8.6,8.5,8.6,8.6,24100.0,24100.0,0.1,1.176,8.56667,"September 26, 16",0.01176
0,2016-09-23,8.7,8.7,8.25,8.56,8.56,18000.0,18000.0,-0.14,-1.609,8.50333,"September 23, 16",-0.01609
0,2016-09-22,8.5,8.73,8.5,8.7,8.7,25200.0,25200.0,0.2,2.353,8.64333,"September 22, 16",0.02353
0,2016-09-21,8.65,8.85,8.5,8.7,8.7,27900.0,27900.0,0.05,0.578,8.68333,"September 21, 16",0.00578
0,2016-09-20,8.77,9.0,8.55,8.64,8.64,117800.0,117800.0,-0.13,-1.482,8.73,"September 20, 16",-0.01482
0,2016-09-19,8.71,8.8,8.6,8.7,8.7,5700.0,5700.0,-0.01,-0.115,8.7,"September 19, 16",-0.00115
0,2016-09-16,8.7,8.8,8.55,8.71,8.71,17300.0,17300.0,0.01,0.115,8.68667,"September 16, 16",0.00115
0,2016-09-15,8.75,8.75,8.52,8.7,8.7,4000.0,4000.0,-0.05,-0.571,8.65667,"September 15, 16",-0.00571
0,2016-09-14,8.9,8.9,8.7,8.7,8.7,75700.0,75700.0,-0.2,-2.247,8.76667,"September 14, 16",-0.02247
0,2016-09-13,8.9,8.9,8.6,8.8,8.8,3000.0,3000.0,-0.1,-1.124,8.76667,"September 13, 16",-0.01124
0,2016-09-12,8.99,9.05,8.76,8.96,8.96,55500.0,55500.0,-0.03,-0.334,8.92333,"September 12, 16",-0.00334
0,2016-09-09,9.3,9.31,8.98,8.99,8.99,29100.0,29100.0,-0.31,-3.333,9.09333,"September 09, 16",-0.03333
0,2016-09-08,9.2,9.45,9.2,9.44,9.44,3200.0,3200.0,0.24,2.609,9.36333,"September 08, 16",0.02609
0,2016-09-07,9.1,9.45,9.07,9.45,9.45,16700.0,16700.0,0.35,3.846,9.32333,"September 07, 16",0.03846
0,2016-09-06,9.25,9.25,9.09,9.09,9.09,83800.0,83800.0,-0.16,-1.73,9.14333,"September 06, 16",-0.0173
0,2016-09-02,9.01,9.79,9.01,9.25,9.25,11300.0,11300.0,0.24,2.664,9.35,"September 02, 16",0.02664
0,2016-09-01,9.03,9.28,8.8,9.01,9.01,47300.0,47300.0,-0.02,-0.221,9.03,"September 01, 16",-0.00221
0,2016-08-31,9.15,9.15,9.1,9.1,9.1,7800.0,7800.0,-0.05,-0.546,9.11667,"August 31, 16",-0.00546
0,2016-08-30,9.52,9.52,9.15,9.28,9.28,9800.0,9800.0,-0.24,-2.521,9.31667,"August 30, 16",-0.02521
0,2016-08-29,9.95,10.02,9.35,9.5,9.5,20300.0,20300.0,-0.45,-4.523,9.62333,"August 29, 16",-0.04523
0,2016-08-26,9.93,10.15,9.9,9.9,9.9,59000.0,59000.0,-0.03,-0.302,9.98333,"August 26, 16",-0.00302
0,2016-08-25,9.95,10.0,9.95,9.97,9.97,5400.0,5400.0,0.02,0.201,9.97333,"August 25, 16",0.00201
0,2016-08-24,10.32,10.5,10.17,10.24,10.24,66700.0,66700.0,-0.08,-0.775,10.30333,"August 24, 16",-0.00775
0,2016-08-23,9.5,10.99,9.4,10.67,10.67,36700.0,36700.0,1.17,12.316,10.35333,"August 23, 16",0.12316
0,2016-08-22,9.0,9.65,8.7,9.5,9.5,78600.0,78600.0,0.5,5.556,9.28333,"August 22, 16",0.05556
0,2016-08-19,9.38,9.45,9.1,9.12,9.12,25500.0,25500.0,-0.26,-2.772,9.22333,"August 19, 16",-0.02772
0,2016-08-18,9.36,9.45,9.05,9.4,9.4,19700.0,19700.0,0.04,0.427,9.3,"August 18, 16",0.00427
0,2016-08-17,9.35,9.36,9.35,9.36,9.36,5800.0,5800.0,0.01,0.107,9.35667,"August 17, 16",0.00107
0,2016-08-16,9.35,9.55,9.35,9.55,9.55,26900.0,26900.0,0.2,2.139,9.48333,"August 16, 16",0.02139
0,2016-08-15,9.21,9.67,9.21,9.4,9.4,66200.0,66200.0,0.19,2.063,9.42667,"August 15, 16",0.02063
0,2016-08-12,10.2,10.2,8.86,9.69,9.69,48300.0,48300.0,-0.51,-5.0,9.58333,"August 12, 16",-0.05
0,2016-08-11,10.88,10.88,9.9,9.96,9.96,43100.0,43100.0,-0.92,-8.456,10.24667,"August 11, 16",-0.08456
0,2016-08-10,10.7,10.9,10.7,10.9,10.9,12900.0,12900.0,0.2,1.869,10.83333,"August 10, 16",0.01869
0,2016-08-09,10.8,10.87,10.5,10.7,10.7,9700.0,9700.0,-0.1,-0.926,10.69,"August 09, 16",-0.00926
0,2016-08-08,10.76,11.02,10.73,10.98,10.98,33500.0,33500.0,0.22,2.045,10.91,"August 08, 16",0.02045
0,2016-08-05,10.76,11.0,10.76,11.0,11.0,215100.0,215100.0,0.24,2.23,10.92,"August 05, 16",0.0223
0,2016-08-04,10.8,11.02,10.75,10.76,10.76,23800.0,23800.0,-0.04,-0.37,10.84333,"August 04, 16",-0.0037
0,2016-08-03,10.96,10.96,10.75,10.77,10.77,6800.0,6800.0,-0.19,-1.734,10.82667,"August 03, 16",-0.01734
0,2016-08-02,11.15,11.2,10.75,10.9,10.9,37900.0,37900.0,-0.25,-2.242,10.95,"August 02, 16",-0.02242
0,2016-08-01,11.4,11.4,10.76,10.79,10.79,17000.0,17000.0,-0.61,-5.351,10.98333,"August 01, 16",-0.05351
0,2016-07-29,11.0,11.0,10.75,10.75,10.75,13800.0,13800.0,-0.25,-2.273,10.83333,"July 29, 16",-0.02273
0,2016-07-28,11.0,11.35,11.0,11.0,11.0,26000.0,26000.0,0.0,0.0,11.11667,"July 28, 16",0.0
0,2016-07-27,10.3,11.18,10.3,10.88,10.88,49800.0,49800.0,0.58,5.631,10.78667,"July 27, 16",0.05631
0,2016-07-26,10.62,11.25,10.2,10.93,10.93,158500.0,158500.0,0.31,2.919,10.79333,"July 26, 16",0.02919
0,2016-07-25,10.2,10.7,10.2,10.61,10.61,69400.0,69400.0,0.41,4.02,10.50333,"July 25, 16",0.0402
0,2016-07-22,10.03,10.2,10.0,10.2,10.2,11200.0,11200.0,0.17,1.695,10.13333,"July 22, 16",0.01695
0,2016-07-21,10.41,10.5,9.8,10.0,10.0,155100.0,155100.0,-0.41,-3.939,10.1,"July 21, 16",-0.03939
0,2016-07-20,9.27,11.5,9.2,10.5,10.5,47500.0,47500.0,1.23,13.269,10.4,"July 20, 16",0.13269
0,2016-07-19,8.9,9.5,8.9,9.29,9.29,20300.0,20300.0,0.39,4.382,9.23,"July 19, 16",0.04382
0,2016-07-18,8.3,9.0,8.3,8.9,8.9,20600.0,20600.0,0.6,7.229,8.73333,"July 18, 16",0.07229
0,2016-07-15,8.5,8.5,8.1,8.3,8.3,18200.0,18200.0,-0.2,-2.353,8.3,"July 15, 16",-0.02353
0,2016-07-14,7.9,8.21,7.9,8.0,8.0,36000.0,36000.0,0.1,1.266,8.03667,"July 14, 16",0.01266
0,2016-07-13,7.93,8.2,7.8,7.9,7.9,1457800.0,1457800.0,-0.03,-0.378,7.96667,"July 13, 16",-0.00378
0,2016-07-12,7.63,8.6,7.63,7.89,7.89,106700.0,106700.0,0.26,3.408,8.04,"July 12, 16",0.03408
0,2016-07-11,7.72,7.72,7.6,7.63,7.63,112200.0,112200.0,-0.09,-1.166,7.65,"July 11, 16",-0.01166
0,2016-07-08,7.67,7.85,7.65,7.67,7.67,42100.0,42100.0,0.0,0.0,7.72333,"July 08, 16",0.0
0,2016-07-07,7.76,7.85,7.6,7.7,7.7,51900.0,51900.0,-0.06,-0.773,7.71667,"July 07, 16",-0.00773
0,2016-07-06,7.45,7.9,7.45,7.79,7.79,102600.0,102600.0,0.34,4.564,7.71333,"July 06, 16",0.04564
0,2016-07-05,7.43,7.45,7.2,7.43,7.43,169400.0,169400.0,0.0,0.0,7.36,"July 05, 16",0.0
0,2016-07-01,7.44,7.65,7.41,7.46,7.46,38700.0,38700.0,0.02,0.269,7.50667,"July 01, 16",0.00269
0,2016-06-30,7.43,7.43,7.35,7.43,7.43,3200.0,3200.0,0.0,0.0,7.40333,"June 30, 16",0.0
0,2016-06-29,7.5,7.65,7.16,7.35,7.35,246200.0,246200.0,-0.15,-2.0,7.38667,"June 29, 16",-0.02
0,2016-06-28,7.5,7.55,7.3,7.3,7.3,6500.0,6500.0,-0.2,-2.667,7.38333,"June 28, 16",-0.02667
0,2016-06-27,7.99,7.99,7.31,7.4,7.4,26200.0,26200.0,-0.59,-7.384,7.56667,"June 27, 16",-0.07384
0,2016-06-24,7.9,7.9,7.8,7.9,7.9,8500.0,8500.0,0.0,0.0,7.86667,"June 24, 16",0.0
0,2016-06-23,7.9,8.0,7.8,7.8,7.8,8900.0,8900.0,-0.1,-1.266,7.86667,"June 23, 16",-0.01266
0,2016-06-22,7.94,7.99,7.65,7.85,7.85,12400.0,12400.0,-0.09,-1.134,7.83,"June 22, 16",-0.01134
0,2016-06-21,7.65,7.97,7.52,7.97,7.97,13500.0,13500.0,0.32,4.183,7.82,"June 21, 16",0.04183
0,2016-06-20,6.9,7.9,6.9,7.51,7.51,36400.0,36400.0,0.61,8.841,7.43667,"June 20, 16",0.08841
0,2016-06-17,6.91,6.95,6.9,6.91,6.91,255600.0,255600.0,0.0,0.0,6.92,"June 17, 16",0.0
0,2016-06-16,6.9,6.95,6.77,6.9,6.9,10600.0,10600.0,0.0,0.0,6.87333,"June 16, 16",0.0
0,2016-06-15,6.9,7.0,6.9,6.91,6.91,9200.0,9200.0,0.01,0.145,6.93667,"June 15, 16",0.00145
0,2016-06-14,7.03,7.08,6.8,7.0,7.0,238600.0,238600.0,-0.03,-0.427,6.96,"June 14, 16",-0.00427
0,2016-06-13,7.0,7.15,7.0,7.11,7.11,139500.0,139500.0,0.11,1.571,7.08667,"June 13, 16",0.01571
0,2016-06-10,6.9,7.0,6.85,6.95,6.95,646100.0,646100.0,0.05,0.725,6.93333,"June 10, 16",0.00725
0,2016-06-09,6.9,7.0,6.75,6.9,6.9,9900.0,9900.0,0.0,0.0,6.88333,"June 09, 16",0.0
0,2016-06-08,6.72,7.0,6.66,6.9,6.9,526300.0,526300.0,0.18,2.679,6.85333,"June 08, 16",0.02679
0,2016-06-07,6.7,6.77,6.69,6.72,6.72,68200.0,68200.0,0.02,0.299,6.72667,"June 07, 16",0.00299
0,2016-06-06,6.65,6.75,6.65,6.67,6.67,2100.0,2100.0,0.02,0.301,6.69,"June 06, 16",0.00301
0,2016-06-03,6.5,6.85,6.5,6.8,6.8,14100.0,14100.0,0.3,4.615,6.71667,"June 03, 16",0.04615
0,2016-06-02,6.45,6.5,6.45,6.5,6.5,41300.0,41300.0,0.05,0.775,6.48333,"June 02, 16",0.00775
0,2016-06-01,6.41,6.59,6.41,6.45,6.45,144800.0,144800.0,0.04,0.624,6.48333,"June 01, 16",0.00624
0,2016-05-31,6.41,6.55,6.4,6.43,6.43,26500.0,26500.0,0.02,0.312,6.46,"May 31, 16",0.00312
0,2016-05-27,6.56,6.56,6.41,6.41,6.41,54200.0,54200.0,-0.15,-2.287,6.46,"May 27, 16",-0.02287
0,2016-05-26,6.53,6.6,6.53,6.54,6.54,19100.0,19100.0,0.01,0.153,6.55667,"May 26, 16",0.00153
0,2016-05-25,6.6,6.62,6.53,6.59,6.59,33300.0,33300.0,-0.01,-0.152,6.58,"May 25, 16",-0.00152
0,2016-05-24,6.41,6.6,6.41,6.53,6.53,6300.0,6300.0,0.12,1.872,6.51333,"May 24, 16",0.01872
0,2016-05-23,6.45,6.6,6.4,6.57,6.57,41100.0,41100.0,0.12,1.86,6.52333,"May 23, 16",0.0186
0,2016-05-20,6.59,6.69,6.56,6.65,6.65,16800.0,16800.0,0.06,0.91,6.63333,"May 20, 16",0.0091
0,2016-05-19,6.5,6.52,6.49,6.52,6.52,94400.0,94400.0,0.02,0.308,6.51,"May 19, 16",0.00308
0,2016-05-18,6.5,6.7,6.45,6.52,6.52,168100.0,168100.0,0.02,0.308,6.55667,"May 18, 16",0.00308
0,2016-05-17,6.45,6.5,6.43,6.47,6.47,44900.0,44900.0,0.02,0.31,6.46667,"May 17, 16",0.0031
0,2016-05-16,6.45,6.6,6.45,6.45,6.45,27100.0,27100.0,0.0,0.0,6.5,"May 16, 16",0.0
0,2016-05-13,6.48,6.5,6.44,6.5,6.5,27300.0,27300.0,0.02,0.309,6.48,"May 13, 16",0.00309
0,2016-05-12,6.75,6.75,6.42,6.43,6.43,25200.0,25200.0,-0.32,-4.741,6.53333,"May 12, 16",-0.04741
0,2016-05-11,6.9,6.95,6.6,6.66,6.66,89800.0,89800.0,-0.24,-3.478,6.73667,"May 11, 16",-0.03478
0,2016-05-10,6.95,7.0,6.95,6.95,6.95,40200.0,40200.0,0.0,0.0,6.96667,"May 10, 16",0.0
0,2016-05-09,6.95,7.0,6.9,7.0,7.0,63100.0,63100.0,0.05,0.719,6.96667,"May 09, 16",0.00719
0,2016-05-06,7.0,7.0,6.91,6.95,6.95,5900.0,5900.0,-0.05,-0.714,6.95333,"May 06, 16",-0.00714
0,2016-05-05,6.9,7.0,6.85,6.9,6.9,17300.0,17300.0,0.0,0.0,6.91667,"May 05, 16",0.0
0,2016-05-04,6.91,6.93,6.9,6.9,6.9,12100.0,12100.0,-0.01,-0.145,6.91,"May 04, 16",-0.00145
0,2016-05-03,6.9,6.95,6.9,6.9,6.9,31800.0,31800.0,0.0,0.0,6.91667,"May 03, 16",0.0
0,2016-05-02,6.9,6.95,6.8,6.9,6.9,60900.0,60900.0,0.0,0.0,6.88333,"May 02, 16",0.0
0,2016-04-29,6.95,6.95,6.88,6.89,6.89,30200.0,30200.0,-0.06,-0.863,6.90667,"April 29, 16",-0.00863
0,2016-04-28,6.9,6.95,6.89,6.9,6.9,45400.0,45400.0,0.0,0.0,6.91333,"April 28, 16",0.0
0,2016-04-27,6.5,6.9,6.4,6.86,6.86,57200.0,57200.0,0.36,5.538,6.72,"April 27, 16",0.05538
0,2016-04-26,6.45,6.5,6.43,6.5,6.5,18000.0,18000.0,0.05,0.775,6.47667,"April 26, 16",0.00775
0,2016-04-25,6.45,6.5,6.4,6.43,6.43,39600.0,39600.0,-0.02,-0.31,6.44333,"April 25, 16",-0.0031
0,2016-04-22,6.4,6.45,6.4,6.44,6.44,106100.0,106100.0,0.04,0.625,6.43,"April 22, 16",0.00625
0,2016-04-21,6.44,6.48,6.4,6.45,6.45,148500.0,148500.0,0.01,0.155,6.44333,"April 21, 16",0.00155
0,2016-04-20,6.41,6.48,6.35,6.48,6.48,14900.0,14900.0,0.07,1.092,6.43667,"April 20, 16",0.01092
0,2016-04-19,6.45,6.45,6.4,6.4,6.4,9400.0,9400.0,-0.05,-0.775,6.41667,"April 19, 16",-0.00775
0,2016-04-18,6.4,6.5,6.4,6.45,6.45,54400.0,54400.0,0.05,0.781,6.45,"April 18, 16",0.00781
0,2016-04-15,6.39,6.4,6.35,6.4,6.4,11900.0,11900.0,0.01,0.156,6.38333,"April 15, 16",0.00156
0,2016-04-14,6.25,6.4,6.25,6.32,6.32,17200.0,17200.0,0.07,1.12,6.32333,"April 14, 16",0.0112
0,2016-04-13,6.4,6.4,6.35,6.4,6.4,10700.0,10700.0,0.0,0.0,6.38333,"April 13, 16",0.0
0,2016-04-12,6.4,6.45,6.35,6.4,6.4,63900.0,63900.0,0.0,0.0,6.4,"April 12, 16",0.0
0,2016-04-11,6.38,6.5,6.37,6.5,6.5,76600.0,76600.0,0.12,1.881,6.45667,"April 11, 16",0.01881
0,2016-04-08,6.32,6.45,6.32,6.38,6.38,109900.0,109900.0,0.06,0.949,6.38333,"April 08, 16",0.00949
0,2016-04-07,6.3,6.39,6.25,6.27,6.27,184500.0,184500.0,-0.03,-0.476,6.30333,"April 07, 16",-0.00476
0,2016-04-06,6.4,6.4,6.36,6.36,6.36,77500.0,77500.0,-0.04,-0.625,6.37333,"April 06, 16",-0.00625
0,2016-04-05,6.4,6.45,6.3,6.39,6.39,182100.0,182100.0,-0.01,-0.156,6.38,"April 05, 16",-0.00156
0,2016-04-04,6.25,6.47,6.25,6.39,6.39,129300.0,129300.0,0.14,2.24,6.37,"April 04, 16",0.0224
0,2016-04-01,6.5,6.5,6.25,6.25,6.25,165400.0,165400.0,-0.25,-3.846,6.33333,"April 01, 16",-0.03846
0,2016-03-31,6.65,6.65,6.45,6.5,6.5,276300.0,276300.0,-0.15,-2.256,6.53333,"March 31, 16",-0.02256
0,2016-03-30,6.5,6.7,6.35,6.65,6.65,170700.0,170700.0,0.15,2.308,6.56667,"March 30, 16",0.02308
0,2016-03-29,6.69,6.69,6.41,6.49,6.49,135000.0,135000.0,-0.2,-2.99,6.53,"March 29, 16",-0.0299
0,2016-03-28,6.53,6.76,6.53,6.67,6.67,143300.0,143300.0,0.14,2.144,6.65333,"March 28, 16",0.02144
0,2016-03-24,6.4,6.5,6.23,6.45,6.45,102000.0,102000.0,0.05,0.781,6.39333,"March 24, 16",0.00781
0,2016-03-23,6.57,6.57,6.2,6.27,6.27,241400.0,241400.0,-0.3,-4.566,6.34667,"March 23, 16",-0.04566
0,2016-03-22,6.65,6.76,6.48,6.5,6.5,225500.0,225500.0,-0.15,-2.256,6.58,"March 22, 16",-0.02256
0,2016-03-21,6.97,6.97,6.6,6.76,6.76,99800.0,99800.0,-0.21,-3.013,6.77667,"March 21, 16",-0.03013
0,2016-03-18,6.5,6.9,6.25,6.85,6.85,267100.0,267100.0,0.35,5.385,6.66667,"March 18, 16",0.05385
0,2016-03-17,6.7,6.9,6.41,6.42,6.42,624200.0,624200.0,-0.28,-4.179,6.57667,"March 17, 16",-0.04179
0,2016-03-16,6.7,6.9,6.6,6.7,6.7,238800.0,238800.0,0.0,0.0,6.73333,"March 16, 16",0.0
0,2016-03-15,6.6,6.93,6.47,6.53,6.53,340100.0,340100.0,-0.07,-1.061,6.64333,"March 15, 16",-0.01061
0,2016-03-14,5.2,6.52,5.2,6.52,6.52,383100.0,383100.0,1.32,25.385,6.08,"March 14, 16",0.25385
0,2016-03-11,4.78,5.24,4.75,5.12,5.12,300400.0,300400.0,0.34,7.113,5.03667,"March 11, 16",0.07113
0,2016-03-10,4.94,5.1,4.69,4.75,4.75,150900.0,150900.0,-0.19,-3.846,4.84667,"March 10, 16",-0.03846
0,2016-03-09,4.55,5.18,4.47,4.8,4.8,935800.0,935800.0,0.25,5.495,4.81667,"March 09, 16",0.05495
0,2016-03-08,4.19,4.75,4.16,4.52,4.52,578600.0,578600.0,0.33,7.876,4.47667,"March 08, 16",0.07876
0,2016-03-07,4.1,4.15,3.95,4.14,4.14,267500.0,267500.0,0.04,0.976,4.08,"March 07, 16",0.00976
0,2016-03-04,3.96,4.09,3.41,4.01,4.01,998700.0,998700.0,0.05,1.263,3.83667,"March 04, 16",0.01263
0,2016-03-03,3.46,4.05,3.15,3.8,3.8,2641700.0,2641700.0,0.34,9.827,3.66667,"March 03, 16",0.09827
0,2016-03-02,4.1,4.48,3.07,3.11,3.11,6309200.0,6309200.0,-0.99,-24.146,3.55333,"March 02, 16",-0.24146
0,2016-03-01,2.61,4.19,2.39,4.04,4.04,5144700.0,5144700.0,1.43,54.789,3.54,"March 01, 16",0.54789
0,2016-02-29,8.25,9.0,1.75,2.49,2.49,8740000.0,8740000.0,-5.76,-69.818,4.41333,"February 29, 16",-0.69818
0,2016-02-26,12.9,13.1,12.75,12.88,12.88,78600.0,78600.0,-0.02,-0.155,12.91,"February 26, 16",-0.00155
0,2016-02-25,12.83,12.98,12.67,12.8,12.8,163500.0,163500.0,-0.03,-0.234,12.81667,"February 25, 16",-0.00234
0,2016-02-24,12.58,12.8,12.35,12.79,12.79,126100.0,126100.0,0.21,1.669,12.64667,"February 24, 16",0.01669
0,2016-02-23,12.71,13.08,12.55,12.77,12.77,115800.0,115800.0,0.06,0.472,12.8,"February 23, 16",0.00472
0,2016-02-22,12.77,12.9,12.49,12.66,12.66,130300.0,130300.0,-0.11,-0.861,12.68333,"February 22, 16",-0.00861
0,2016-02-19,12.19,12.76,11.97,12.63,12.63,144000.0,144000.0,0.44,3.61,12.45333,"February 19, 16",0.0361
0,2016-02-18,11.94,12.25,11.76,12.23,12.23,122700.0,122700.0,0.29,2.429,12.08,"February 18, 16",0.02429
0,2016-02-17,12.0,12.28,11.9,11.96,11.96,280100.0,280100.0,-0.04,-0.333,12.04667,"February 17, 16",-0.00333
0,2016-02-16,12.0,12.03,11.63,11.94,11.94,294900.0,294900.0,-0.06,-0.5,11.86667,"February 16, 16",-0.005
