,date,open,high,low,close,adjClose,volume,unadjustedVolume,change,changePercent,vwap,label,changeOverTime
0,2020-06-12,14.855,14.855,14.855,14.855,14.855,0.0,0.0,0.0,0.0,0.0,"June 12, 20",0.0
0,2020-06-11,14.855,14.855,14.855,14.855,14.855,0.0,0.0,0.0,0.0,0.0,"June 11, 20",0.0
0,2020-06-10,14.855,14.855,14.855,14.855,14.855,0.0,0.0,0.0,0.0,0.0,"June 10, 20",0.0
0,2020-06-09,14.855,14.855,14.855,14.855,14.855,0.0,0.0,0.0,0.0,0.0,"June 09, 20",0.0
0,2020-06-08,14.855,14.855,14.855,14.855,14.855,0.0,0.0,0.0,0.0,0.0,"June 08, 20",0.0
0,2020-06-05,14.855,14.855,14.855,14.855,14.855,0.0,0.0,0.0,0.0,0.0,"June 05, 20",0.0
0,2020-06-04,14.855,14.855,14.855,14.855,14.855,0.0,0.0,0.0,0.0,0.0,"June 04, 20",0.0
0,2020-06-03,14.855,14.855,14.855,14.855,14.855,0.0,0.0,0.0,0.0,0.0,"June 03, 20",0.0
0,2020-06-02,14.855,14.855,14.855,14.855,14.855,0.0,0.0,0.0,0.0,0.0,"June 02, 20",0.0
0,2020-06-01,14.855,14.855,14.855,14.855,14.855,0.0,0.0,0.0,0.0,0.0,"June 01, 20",0.0
0,2020-05-29,14.855,14.855,14.855,14.855,14.855,0.0,0.0,0.0,0.0,0.0,"May 29, 20",0.0
0,2020-05-28,14.855,14.855,14.855,14.855,14.855,0.0,0.0,0.0,0.0,0.0,"May 28, 20",0.0
0,2020-05-27,14.86,14.95,14.855,14.855,14.855,2400.0,2400.0,-0.005,-0.034,14.88667,"May 27, 20",-0.00034
0,2020-05-26,14.71,14.96,14.71,14.96,14.96,898.0,898.0,0.25,1.7,14.87667,"May 26, 20",0.017
0,2020-05-22,14.58,14.705,14.54,14.705,14.705,514.0,514.0,0.125,0.857,14.65,"May 22, 20",0.00857
0,2020-05-21,14.51,14.655,14.51,14.655,14.655,163.0,163.0,0.145,0.999,14.60667,"May 21, 20",0.00999
0,2020-05-20,14.65,14.65,14.65,14.65,14.65,0.0,0.0,0.0,0.0,0.0,"May 20, 20",0.0
0,2020-05-19,14.6003,14.65,14.51,14.65,14.65,356.0,356.0,0.0497,0.34,14.60333,"May 19, 20",0.0034
0,2020-05-18,14.86,14.86,14.5101,14.6,14.6,3210.0,3210.0,-0.26,-1.75,14.6567,"May 18, 20",-0.0175
0,2020-05-15,14.5,14.5,14.26,14.37,14.37,731.0,731.0,-0.13,-0.897,14.37667,"May 15, 20",-0.00897
0,2020-05-14,14.39,14.39,14.09,14.26,14.26,11475.0,11475.0,-0.13,-0.903,14.24667,"May 14, 20",-0.00903
0,2020-05-13,14.16,14.56,14.01,14.41,14.41,16035.0,16035.0,0.25,1.766,14.32667,"May 13, 20",0.01766
0,2020-05-12,14.55,14.58,14.55,14.58,14.58,500.0,500.0,0.03,0.206,14.57,"May 12, 20",0.00206
0,2020-05-11,14.53,14.53,14.11,14.455,14.455,4964.0,4964.0,-0.075,-0.516,14.365,"May 11, 20",-0.00516
0,2020-05-08,14.515,14.515,14.515,14.515,14.515,0.0,0.0,0.0,0.0,0.0,"May 08, 20",0.0
0,2020-05-07,14.68,14.68,14.49,14.515,14.515,1013.0,1013.0,-0.165,-1.124,14.56167,"May 07, 20",-0.01124
0,2020-05-06,14.49,14.5,14.49,14.49,14.49,7061.0,7061.0,0.0,0.0,14.49333,"May 06, 20",0.0
0,2020-05-05,14.34,14.39,14.24,14.24,14.24,1653.0,1653.0,-0.1,-0.697,14.29,"May 05, 20",-0.00697
0,2020-05-04,14.13,14.265,14.0302,14.11,14.11,6130.0,6130.0,-0.02,-0.142,14.13507,"May 04, 20",-0.00142
0,2020-05-01,14.09,14.16,14.05,14.13,14.13,3703.0,3703.0,0.04,0.284,14.11333,"May 01, 20",0.00284
0,2020-04-30,14.13,14.13,13.98,14.04,14.04,1516.0,1516.0,-0.09,-0.637,14.05,"April 30, 20",-0.00637
0,2020-04-29,14.13,14.13,14.13,14.13,14.13,376.0,376.0,0.0,0.0,14.13,"April 29, 20",0.0
0,2020-04-28,14.38,14.38,14.38,14.38,14.38,897.0,897.0,0.0,0.0,14.38,"April 28, 20",0.0
0,2020-04-27,14.143,14.5742,14.143,14.39,14.39,12604.0,12604.0,0.247,1.746,14.36907,"April 27, 20",0.01746
0,2020-04-24,14.18,14.3,13.96,14.3,14.3,46985.0,46985.0,0.12,0.846,14.18667,"April 24, 20",0.00846
0,2020-04-23,14.35,14.35,14.35,14.35,14.35,728.0,728.0,0.0,0.0,14.35,"April 23, 20",0.0
0,2020-04-22,14.1259,14.465,14.1259,14.465,14.465,28587.0,28587.0,0.3391,2.401,14.35197,"April 22, 20",0.02401
0,2020-04-21,14.83,14.83,14.18,14.27,14.27,167818.0,167818.0,-0.56,-3.776,14.42667,"April 21, 20",-0.03776
0,2020-04-20,14.92,15.135,14.92,14.9597,14.8947,5670.0,5670.0,0.0397,0.266,15.0049,"April 20, 20",0.00266
0,2020-04-17,15.11,15.11,14.8408,14.92,14.855173,23151.0,23151.0,-0.19,-1.257,14.95693,"April 17, 20",-0.01257
0,2020-04-16,14.96,15.43,14.945,14.9732,14.908141,5134.0,5134.0,0.0132,0.088,15.11607,"April 16, 20",0.00088
0,2020-04-15,15.04,15.1688,14.74,14.98,14.914911,19048.0,19048.0,-0.06,-0.399,14.96293,"April 15, 20",-0.00399
0,2020-04-14,15.15,15.19,15.0763,15.17,15.104087,19586.0,19586.0,0.02,0.132,15.14543,"April 14, 20",0.00132
0,2020-04-13,14.96,15.05,14.74,15.0,14.934825,23657.0,23657.0,0.04,0.267,14.93,"April 13, 20",0.00267
0,2020-04-09,14.81,15.01,14.68,14.96,14.894999,17711.0,17711.0,0.15,1.013,14.88333,"April 09, 20",0.01013
0,2020-04-08,14.5,14.6,14.3667,14.43,14.367302,3113.0,3113.0,-0.07,-0.483,14.46557,"April 08, 20",-0.00483
0,2020-04-07,14.32,14.32,14.05,14.28,14.217953,4589.0,4589.0,-0.04,-0.279,14.21667,"April 07, 20",-0.00279
0,2020-04-06,14.25,14.25,14.06,14.1945,14.132825,1603.0,1603.0,-0.0555,-0.389,14.16817,"April 06, 20",-0.00389
0,2020-04-03,14.2966,14.2966,14.05,14.05,13.988953,1538.0,1538.0,-0.2466,-1.725,14.1322,"April 03, 20",-0.01725
0,2020-04-02,14.3427,14.3427,14.14,14.325,14.262757,851.0,851.0,-0.0177,-0.123,14.26923,"April 02, 20",-0.00123
0,2020-04-01,13.35,14.1,13.35,14.1,14.038736,7223.0,7223.0,0.75,5.618,13.85,"April 01, 20",0.05618
0,2020-03-31,14.2,14.3587,13.55,14.115,14.05367,9779.0,9779.0,-0.085,-0.599,14.0079,"March 31, 20",-0.00599
0,2020-03-30,14.33,15.0955,14.14,14.27,14.207997,3983.0,3983.0,-0.06,-0.419,14.50183,"March 30, 20",-0.00419
0,2020-03-27,14.6,14.6,14.26,14.58,14.51665,10321.0,10321.0,-0.02,-0.137,14.48,"March 27, 20",-0.00137
0,2020-03-26,13.83,14.3,13.41,14.3,14.237866,28969.0,28969.0,0.47,3.398,14.00333,"March 26, 20",0.03398
0,2020-03-25,13.8,14.3,13.02,14.01,13.949127,30641.0,30641.0,0.21,1.522,13.77667,"March 25, 20",0.01522
0,2020-03-24,13.65,14.31,12.92,14.02,13.959084,1085.0,1085.0,0.37,2.711,13.75,"March 24, 20",0.02711
0,2020-03-23,13.92,14.3799,13.44,13.965,13.82467,51010.0,51010.0,0.045,0.323,13.9283,"March 23, 20",0.00323
0,2020-03-20,14.0262,14.09,14.0262,14.09,13.948414,1727.0,1727.0,0.0638,0.455,14.06873,"March 20, 20",0.00455
0,2020-03-19,14.6,14.705,13.87,14.5,14.354294,29205.0,29205.0,-0.1,-0.685,14.35833,"March 19, 20",-0.00685
0,2020-03-18,14.915,14.915,14.0802,14.58,14.43349,16394.0,16394.0,-0.335,-2.246,14.52507,"March 18, 20",-0.02246
0,2020-03-17,15.2,15.2,14.4,14.4,14.255299,49672.0,49672.0,-0.8,-5.263,14.66667,"March 17, 20",-0.05263
0,2020-03-16,15.01,15.5979,14.91,15.5979,15.441161,1325.0,1325.0,0.5879,3.917,15.3686,"March 16, 20",0.03917
0,2020-03-13,15.6,15.7,15.0,15.7,15.542235,17598.0,17598.0,0.1,0.641,15.46667,"March 13, 20",0.00641
0,2020-03-12,14.51,15.66,14.3,15.2,15.047259,13100.0,13100.0,0.69,4.755,15.05333,"March 12, 20",0.04755
0,2020-03-11,15.64,15.65,15.51,15.65,15.492738,5753.0,5753.0,0.01,0.064,15.60333,"March 11, 20",0.00064
0,2020-03-10,15.88,15.88,15.64,15.64,15.482839,7058.0,7058.0,-0.24,-1.511,15.72,"March 10, 20",-0.01511
0,2020-03-09,15.92,15.92,15.3,15.4,15.24525,2879.0,2879.0,-0.52,-3.266,15.54,"March 09, 20",-0.03266
0,2020-03-06,16.41,16.450001,16.35,16.365,16.200552,1947.0,1947.0,-0.045,-0.274,16.38833,"March 06, 20",-0.00274
0,2020-03-05,17.02,17.02,16.700001,16.700001,16.532188,1580.0,1580.0,-0.32,-1.88,16.80667,"March 05, 20",-0.0188
0,2020-03-04,16.9006,17.190001,16.85,17.190001,17.017263,5043.0,5043.0,0.2894,1.712,17.07667,"March 04, 20",0.01712
0,2020-03-03,16.93,17.1479,16.74,16.809999,16.641081,29000.0,29000.0,-0.12,-0.709,16.8993,"March 03, 20",-0.00709
0,2020-03-02,16.98,17.15,16.8228,17.15,16.977665,20912.0,20912.0,0.17,1.001,17.04093,"March 02, 20",0.01001
0,2020-02-28,17.18,17.32,17.0,17.075001,16.903419,10398.0,10398.0,-0.105,-0.611,17.13167,"February 28, 20",-0.00611
0,2020-02-27,17.59,17.59,17.4,17.465,17.289499,14249.0,14249.0,-0.125,-0.711,17.485,"February 27, 20",-0.00711
0,2020-02-26,17.704599,17.7299,17.704599,17.7299,17.551739,1757.0,1757.0,0.0253,0.143,17.72147,"February 26, 20",0.00143
0,2020-02-25,18.139999,18.139999,17.620001,17.7129,17.534908,7511.0,7511.0,-0.4271,-2.354,17.8243,"February 25, 20",-0.02354
0,2020-02-24,17.9,17.9422,17.875,17.9,17.64093,4968.0,4968.0,0.0,0.0,17.90573,"February 24, 20",0.0
0,2020-02-21,18.08,18.122,18.040001,18.106001,17.843952,7349.0,7349.0,0.026,0.144,18.08933,"February 21, 20",0.00144
0,2020-02-20,18.235001,18.249901,18.129999,18.24,17.976011,3042.0,3042.0,0.005,0.027,18.20663,"February 20, 20",0.00027
0,2020-02-19,18.209999,18.275499,18.190001,18.275499,18.010996,2114.0,2114.0,0.0655,0.36,18.247,"February 19, 20",0.0036
0,2020-02-18,17.940001,18.269899,17.940001,18.269899,18.005478,3564.0,3564.0,0.3299,1.839,18.15993,"February 18, 20",0.01839
0,2020-02-14,18.3001,18.341999,18.3001,18.334,18.068651,10555.0,10555.0,0.0339,0.185,18.32537,"February 14, 20",0.00185
0,2020-02-13,18.280001,18.469999,18.219999,18.23,17.966154,11306.0,11306.0,-0.05,-0.274,18.30667,"February 13, 20",-0.00274
0,2020-02-12,18.389999,18.440001,18.389999,18.440001,18.173117,355.0,355.0,0.05,0.272,18.42333,"February 12, 20",0.00272
0,2020-02-11,18.370001,18.403999,18.3239,18.403999,18.137636,835.0,835.0,0.034,0.185,18.3773,"February 11, 20",0.00185
0,2020-02-10,18.26,18.26,18.26,18.26,17.995722,0.0,0.0,0.0,0.0,0.0,"February 10, 20",0.0
0,2020-02-07,18.26,18.33,18.26,18.26,17.995722,1138.0,1138.0,0.0,0.0,18.28333,"February 07, 20",0.0
0,2020-02-06,18.299999,18.379999,18.299999,18.33,18.064709,6521.0,6521.0,0.03,0.164,18.33667,"February 06, 20",0.00164
0,2020-02-05,18.27,18.2799,18.27,18.275,18.010504,1902.0,1902.0,0.005,0.027,18.27497,"February 05, 20",0.00027
0,2020-02-04,18.129999,18.264999,18.129999,18.25,17.985867,1407.0,1407.0,0.12,0.662,18.215,"February 04, 20",0.00662
0,2020-02-03,18.188,18.209999,18.1068,18.1068,17.84474,502.0,502.0,-0.0812,-0.446,18.1412,"February 03, 20",-0.00446
0,2020-01-31,18.15,18.1999,18.0,18.0,17.739485,6326.0,6326.0,-0.15,-0.826,18.06663,"January 31, 20",-0.00826
0,2020-01-30,18.220699,18.259899,17.790199,18.139999,17.877459,7651.0,7651.0,-0.0807,-0.443,18.06337,"January 30, 20",-0.00443
0,2020-01-29,18.311399,18.311399,18.311399,18.311399,18.046377,414.0,414.0,0.0,0.0,18.3114,"January 29, 20",0.0
0,2020-01-28,18.3633,18.4,18.309999,18.370501,18.104624,1437.0,1437.0,0.0072,0.039,18.36017,"January 28, 20",0.00039
0,2020-01-27,18.58,18.58,18.23,18.26,17.995722,1987.0,1987.0,-0.32,-1.722,18.35667,"January 27, 20",-0.01722
0,2020-01-24,18.552999,18.5695,18.4116,18.475,18.207611,5383.0,5383.0,-0.078,-0.42,18.48537,"January 24, 20",-0.0042
0,2020-01-23,18.586201,18.586201,18.530001,18.5823,18.313356,1208.0,1208.0,-0.0039,-0.021,18.56617,"January 23, 20",-0.00021
0,2020-01-22,18.639999,18.639999,18.58,18.6194,18.34992,2288.0,2288.0,-0.0206,-0.111,18.61313,"January 22, 20",-0.00111
0,2020-01-21,18.6738,18.739901,18.6402,18.690001,18.419498,3399.0,3399.0,0.0162,0.087,18.69003,"January 21, 20",0.00087
0,2020-01-17,18.76,18.809999,18.76,18.809999,18.453991,7492.0,7492.0,0.05,0.267,18.79333,"January 17, 20",0.00267
0,2020-01-16,18.8456,18.8456,18.775,18.775,18.419653,1679.0,1679.0,-0.0706,-0.375,18.79853,"January 16, 20",-0.00375
0,2020-01-15,18.74,18.849899,18.74,18.795,18.439276,4255.0,4255.0,0.055,0.293,18.79497,"January 15, 20",0.00293
0,2020-01-14,18.756001,18.829901,18.74,18.790001,18.434372,1814.0,1814.0,0.034,0.181,18.78663,"January 14, 20",0.00181
0,2020-01-13,18.719999,18.873899,18.540001,18.77,18.414747,8696.0,8696.0,0.05,0.267,18.72797,"January 13, 20",0.00267
0,2020-01-10,18.74,18.799999,18.74,18.799999,18.44418,685.0,685.0,0.06,0.32,18.78,"January 10, 20",0.0032
0,2020-01-09,18.7904,18.806,18.7502,18.775,18.419653,53342.0,53342.0,-0.0154,-0.082,18.77707,"January 09, 20",-0.00082
0,2020-01-08,18.77,18.84,18.77,18.84,18.483425,493.0,493.0,0.07,0.373,18.81667,"January 08, 20",0.00373
0,2020-01-07,18.82,18.829901,18.65,18.745001,18.390223,5425.0,5425.0,-0.075,-0.399,18.74163,"January 07, 20",-0.00399
0,2020-01-06,18.784,18.799999,18.59,18.67,18.316641,22147.0,22147.0,-0.114,-0.607,18.68667,"January 06, 20",-0.00607
0,2020-01-03,18.82,18.82,18.709999,18.709999,18.355883,1944.0,1944.0,-0.11,-0.584,18.74667,"January 03, 20",-0.00584
0,2020-01-02,18.83,18.83,18.75,18.795,18.439276,8414.0,8414.0,-0.035,-0.186,18.79167,"January 02, 20",-0.00186
0,2019-12-31,18.622,18.799999,18.622,18.764999,18.409843,15723.0,15723.0,0.143,0.768,18.729,"December 31, 19",0.00768
0,2019-12-30,18.719999,18.8479,18.719999,18.764999,18.409843,47121.0,47121.0,0.045,0.24,18.77763,"December 30, 19",0.0024
0,2019-12-27,18.709999,18.76,18.709999,18.722,18.367657,4255.0,4255.0,0.012,0.064,18.73067,"December 27, 19",0.00064
0,2019-12-26,18.75,18.857901,18.700001,18.76,18.404938,4089.0,4089.0,0.01,0.053,18.77263,"December 26, 19",0.00053
0,2019-12-24,18.83,18.83,18.83,18.83,18.473614,0.0,0.0,0.0,0.0,0.0,"December 24, 19",0.0
0,2019-12-23,18.77,18.83,18.74,18.83,18.473614,3732.0,3732.0,0.06,0.32,18.8,"December 23, 19",0.0032
0,2019-12-20,18.85,18.919901,18.84,18.85,18.409845,10863.0,10863.0,0.0,0.0,18.86997,"December 20, 19",0.0
0,2019-12-19,18.9,18.9,18.719999,18.85,18.409845,12784.0,12784.0,-0.05,-0.265,18.82333,"December 19, 19",-0.00265
0,2019-12-18,18.82,18.940001,18.82,18.9,18.458673,3668.0,3668.0,0.08,0.425,18.88667,"December 18, 19",0.00425
0,2019-12-17,18.74,18.799999,18.74,18.780001,18.34148,9176.0,9176.0,0.04,0.213,18.77333,"December 17, 19",0.00213
0,2019-12-16,18.690001,18.752501,18.67,18.715,18.277996,27638.0,27638.0,0.025,0.134,18.7125,"December 16, 19",0.00134
0,2019-12-13,18.716,18.716,18.5,18.615,18.18033,4217.0,4217.0,-0.101,-0.54,18.61033,"December 13, 19",-0.0054
0,2019-12-12,18.645,18.74,18.642099,18.74,18.30241,5133.0,5133.0,0.095,0.51,18.70737,"December 12, 19",0.0051
0,2019-12-11,18.5881,18.5881,18.52,18.549999,18.11685,22933.0,22933.0,-0.0381,-0.205,18.5527,"December 11, 19",-0.00205
0,2019-12-10,18.504999,18.629499,18.49,18.629499,18.19449,4852.0,4852.0,0.1245,0.673,18.583,"December 10, 19",0.00673
0,2019-12-09,18.290001,18.549999,18.290001,18.549999,18.11685,3187.0,3187.0,0.26,1.422,18.46333,"December 09, 19",0.01422
0,2019-12-06,18.4806,18.545,18.4771,18.535,18.102201,4622.0,4622.0,0.0544,0.294,18.51903,"December 06, 19",0.00294
0,2019-12-05,18.5037,18.5037,18.5037,18.5037,18.07163,312.0,312.0,0.0,0.0,18.5037,"December 05, 19",0.0
0,2019-12-04,18.450001,18.469999,18.414499,18.469999,18.038715,4754.0,4754.0,0.02,0.108,18.4515,"December 04, 19",0.00108
0,2019-12-03,18.325001,18.3699,18.3181,18.326,17.898081,1383.0,1383.0,0.001,0.005,18.338,"December 03, 19",5e-05
0,2019-12-02,18.42,18.549101,18.42,18.525,18.09243,1747.0,1747.0,0.105,0.57,18.49803,"December 02, 19",0.0057
0,2019-11-29,18.299999,18.455,18.299999,18.455,18.024067,716.0,716.0,0.155,0.847,18.40333,"November 29, 19",0.00847
0,2019-11-27,18.25,18.439899,18.25,18.415001,17.985003,2529.0,2529.0,0.165,0.904,18.3683,"November 27, 19",0.00904
0,2019-11-26,18.370001,18.370001,18.25,18.360001,17.931286,1826.0,1826.0,-0.01,-0.054,18.32667,"November 26, 19",-0.00054
0,2019-11-25,18.4205,18.4205,18.290001,18.355,17.926403,5044.0,5044.0,-0.0655,-0.356,18.35517,"November 25, 19",-0.00356
0,2019-11-22,18.4342,18.439199,18.370001,18.370001,17.85804,2157.0,2157.0,-0.0642,-0.348,18.39307,"November 22, 19",-0.00348
0,2019-11-21,18.32,18.4779,18.32,18.455,17.940666,7361.0,7361.0,0.135,0.737,18.41763,"November 21, 19",0.00737
0,2019-11-20,18.4063,18.450001,18.4063,18.445,17.930946,2036.0,2036.0,0.0387,0.21,18.43377,"November 20, 19",0.0021
0,2019-11-19,18.41,18.469999,18.41,18.455,17.940666,2305.0,2305.0,0.045,0.244,18.445,"November 19, 19",0.00244
0,2019-11-18,18.563999,18.563999,18.530001,18.530001,18.013578,8011.0,8011.0,-0.034,-0.183,18.54133,"November 18, 19",-0.00183
0,2019-11-15,18.4,18.614,18.2904,18.6022,18.083767,1907.0,1907.0,0.2022,1.099,18.5022,"November 15, 19",0.01099
0,2019-11-14,18.440001,18.565001,18.440001,18.541201,18.024467,5842.0,5842.0,0.1012,0.549,18.5154,"November 14, 19",0.00549
0,2019-11-13,18.652201,18.652201,18.57,18.620001,18.101068,20387.0,20387.0,-0.0322,-0.173,18.61407,"November 13, 19",-0.00173
0,2019-11-12,18.714001,18.714001,18.67,18.7104,18.18895,1290.0,1290.0,-0.0036,-0.019,18.69813,"November 12, 19",-0.00019
0,2019-11-11,18.85,18.85,18.603201,18.700001,18.178841,2541.0,2541.0,-0.15,-0.796,18.71773,"November 11, 19",-0.00796
0,2019-11-08,18.729,18.74,18.6201,18.639999,18.12051,2652.0,2652.0,-0.089,-0.475,18.6667,"November 08, 19",-0.00475
0,2019-11-07,18.73,18.73,18.6,18.724001,18.202171,3929.0,3929.0,-0.006,-0.032,18.68467,"November 07, 19",-0.00032
0,2019-11-06,18.700001,18.709999,18.41,18.4963,17.980818,3493.0,3493.0,-0.2037,-1.089,18.53877,"November 06, 19",-0.01089
0,2019-11-05,18.5,18.549999,18.48,18.549999,18.033022,6726.0,6726.0,0.05,0.27,18.52667,"November 05, 19",0.0027
0,2019-11-04,18.34,18.5,18.34,18.495001,17.979555,12287.0,12287.0,0.155,0.845,18.445,"November 04, 19",0.00845
0,2019-11-01,18.4375,18.469999,18.389999,18.42,17.906643,33745.0,33745.0,-0.0175,-0.095,18.42667,"November 01, 19",-0.00095
0,2019-10-31,18.5,18.5,18.299999,18.3929,17.880297,14627.0,14627.0,-0.1071,-0.579,18.39763,"October 31, 19",-0.00579
0,2019-10-30,18.709999,18.709999,18.51,18.52,18.003859,1157.0,1157.0,-0.19,-1.015,18.58,"October 30, 19",-0.01015
0,2019-10-29,18.610001,18.648199,18.58,18.629999,18.110788,6441.0,6441.0,0.02,0.107,18.6194,"October 29, 19",0.00107
0,2019-10-28,18.6,18.710699,18.586399,18.670401,18.150064,2169.0,2169.0,0.0704,0.378,18.65583,"October 28, 19",0.00378
0,2019-10-25,18.389999,18.51,18.389999,18.51,17.994137,7590.0,7590.0,0.12,0.653,18.47,"October 25, 19",0.00653
0,2019-10-24,18.370001,18.530001,18.370001,18.504999,17.989275,12218.0,12218.0,0.135,0.735,18.46833,"October 24, 19",0.00735
0,2019-10-23,18.5562,18.5562,18.4844,18.5,17.984411,2245.0,2245.0,-0.0562,-0.303,18.51353,"October 23, 19",-0.00303
0,2019-10-22,18.52,18.530001,18.5,18.525,18.008715,1887.0,1887.0,0.005,0.027,18.51833,"October 22, 19",0.00027
0,2019-10-21,18.49,18.690399,18.49,18.615,18.008715,18457.0,18457.0,0.125,0.676,18.59847,"October 21, 19",0.00676
0,2019-10-18,18.583599,18.639999,18.563499,18.639999,18.032902,2628.0,2628.0,0.0564,0.303,18.6145,"October 18, 19",0.00303
0,2019-10-17,18.73,18.73,18.52,18.530001,17.926485,10616.0,10616.0,-0.2,-1.068,18.59333,"October 17, 19",-0.01068
0,2019-10-16,18.48,18.541201,18.48,18.541201,17.937321,1533.0,1533.0,0.0612,0.331,18.5208,"October 16, 19",0.00331
0,2019-10-15,18.48,18.549999,18.48,18.549999,17.945837,1354.0,1354.0,0.07,0.379,18.52667,"October 15, 19",0.00379
0,2019-10-14,18.5499,18.5499,18.4769,18.4769,17.875113,1013.0,1013.0,-0.073,-0.394,18.50123,"October 14, 19",-0.00394
0,2019-10-11,18.484301,18.51,18.440001,18.51,17.907139,3065.0,3065.0,0.0257,0.139,18.48667,"October 11, 19",0.00139
0,2019-10-10,18.299999,18.379999,18.299999,18.3321,17.735031,12714.0,12714.0,0.0321,0.175,18.33737,"October 10, 19",0.00175
0,2019-10-09,18.174999,18.247499,18.16,18.247499,17.653183,3334.0,3334.0,0.0725,0.399,18.21833,"October 09, 19",0.00399
0,2019-10-08,18.1,18.1609,18.1,18.1609,17.569407,3028.0,3028.0,0.0609,0.336,18.1406,"October 08, 19",0.00336
0,2019-10-07,18.141399,18.141399,18.141399,18.141399,17.550541,490.0,490.0,0.0,0.0,18.1414,"October 07, 19",0.0
0,2019-10-04,17.9,18.139999,17.9,18.118999,17.52887,15380.0,15380.0,0.219,1.223,18.053,"October 04, 19",0.01223
0,2019-10-03,18.15,18.189899,18.055099,18.055099,17.467052,1557.0,1557.0,-0.0949,-0.523,18.10003,"October 03, 19",-0.00523
0,2019-10-02,18.120001,18.254999,18.120001,18.208599,17.615553,13657.0,13657.0,0.0886,0.489,18.19453,"October 02, 19",0.00489
0,2019-10-01,18.26,18.4,18.26,18.325001,17.728165,7581.0,7581.0,0.065,0.356,18.32833,"October 01, 19",0.00356
0,2019-09-30,18.15,18.4,18.15,18.4,17.800718,1895.0,1895.0,0.25,1.377,18.31667,"September 30, 19",0.01377
0,2019-09-27,18.41,18.41,18.389999,18.389999,17.791044,2469.0,2469.0,-0.02,-0.109,18.39667,"September 27, 19",-0.00109
0,2019-09-26,18.43,18.459101,18.379999,18.4298,17.829548,5055.0,5055.0,-0.0002,-0.001,18.42297,"September 26, 19",-1e-05
0,2019-09-25,18.3423,18.450001,18.3423,18.440001,17.839415,39235.0,39235.0,0.0977,0.533,18.41077,"September 25, 19",0.00533
0,2019-09-24,18.450001,18.450001,18.42,18.42,17.820066,1232.0,1232.0,-0.03,-0.163,18.43,"September 24, 19",-0.00163
0,2019-09-23,18.537201,18.566999,18.459999,18.52,17.829744,3204.0,3204.0,-0.0172,-0.093,18.51567,"September 23, 19",-0.00093
0,2019-09-20,18.6446,18.6446,18.6446,18.6446,17.949697,1177.0,1177.0,0.0,0.0,18.6446,"September 20, 19",0.0
0,2019-09-19,18.620001,18.620001,18.620001,18.620001,17.926016,0.0,0.0,0.0,0.0,0.0,"September 19, 19",0.0
0,2019-09-18,18.6588,18.6689,18.6,18.620001,17.926016,6110.0,6110.0,-0.0388,-0.208,18.62963,"September 18, 19",-0.00208
0,2019-09-17,18.700001,18.780001,18.700001,18.73,18.031912,3791.0,3791.0,0.03,0.16,18.73667,"September 17, 19",0.0016
0,2019-09-16,18.7213,18.7801,18.7213,18.754999,18.055984,10976.0,10976.0,0.0337,0.18,18.75213,"September 16, 19",0.0018
0,2019-09-13,18.57,18.8071,18.57,18.794901,18.094397,3729.0,3729.0,0.2249,1.211,18.724,"September 13, 19",0.01211
0,2019-09-12,18.540001,18.68,18.540001,18.6497,17.954609,17219.0,17219.0,0.1097,0.592,18.62323,"September 12, 19",0.00592
0,2019-09-11,18.35,18.6063,18.35,18.540001,17.848993,21504.0,21504.0,0.19,1.035,18.49877,"September 11, 19",0.01035
0,2019-09-10,18.459999,18.493299,18.450001,18.49,17.800859,4828.0,4828.0,0.03,0.163,18.47777,"September 10, 19",0.00163
0,2019-09-09,18.040001,18.35,18.040001,18.35,17.666077,12023.0,12023.0,0.31,1.718,18.24667,"September 09, 19",0.01718
0,2019-09-06,18.18,18.26,18.174999,18.26,17.579432,2867.0,2867.0,0.08,0.44,18.23167,"September 06, 19",0.0044
0,2019-09-05,18.120001,18.1999,18.120001,18.190001,17.512043,5720.0,5720.0,0.07,0.386,18.16997,"September 05, 19",0.00386
0,2019-09-04,18.049999,18.1,18.01,18.1,17.425398,6055.0,6055.0,0.05,0.277,18.07,"September 04, 19",0.00277
0,2019-09-03,18.104,18.120001,18.0229,18.030001,17.358006,7737.0,7737.0,-0.074,-0.409,18.05763,"September 03, 19",-0.00409
0,2019-08-30,18.184601,18.228399,18.007299,18.1,17.425398,8820.0,8820.0,-0.0846,-0.465,18.1119,"August 30, 19",-0.00465
0,2019-08-29,18.128099,18.269899,18.128099,18.250799,17.570576,15464.0,15464.0,0.1227,0.677,18.21627,"August 29, 19",0.00677
0,2019-08-28,18.02,18.02,18.02,18.02,17.348377,1840.0,1840.0,0.0,0.0,18.02,"August 28, 19",0.0
0,2019-08-27,18.150299,18.1504,18.07,18.112,17.436949,4112.0,4112.0,-0.0383,-0.211,18.1108,"August 27, 19",-0.00211
0,2019-08-26,18.389999,18.389999,18.17,18.254801,17.492596,11206.0,11206.0,-0.1352,-0.735,18.2716,"August 26, 19",-0.00735
0,2019-08-23,18.309999,18.389999,18.1,18.1796,17.420532,21672.0,21672.0,-0.1304,-0.712,18.2232,"August 23, 19",-0.00712
0,2019-08-22,18.409901,18.409901,18.389999,18.4,17.631727,10374.0,10374.0,-0.0099,-0.054,18.39997,"August 22, 19",-0.00054
0,2019-08-21,18.280001,18.3988,18.280001,18.392099,17.624159,1770.0,1770.0,0.1121,0.613,18.35697,"August 21, 19",0.00613
0,2019-08-20,18.219999,18.283001,18.16,18.16,17.401754,3686.0,3686.0,-0.06,-0.329,18.201,"August 20, 19",-0.00329
0,2019-08-19,18.290001,18.393,18.200001,18.200001,17.440086,4447.0,4447.0,-0.09,-0.492,18.26433,"August 19, 19",-0.00492
0,2019-08-16,18.120001,18.250799,18.120001,18.235001,17.473619,3301.0,3301.0,0.115,0.635,18.20193,"August 16, 19",0.00635
0,2019-08-15,18.209999,18.301001,18.0,18.025,17.272388,22966.0,22966.0,-0.185,-1.016,18.10867,"August 15, 19",-0.01016
0,2019-08-14,18.3584,18.440001,18.09,18.1,17.344259,13864.0,13864.0,-0.2584,-1.408,18.21,"August 14, 19",-0.01408
0,2019-08-13,18.209999,18.5135,18.15,18.389999,17.622149,39595.0,39595.0,0.18,0.988,18.35117,"August 13, 19",0.00988
0,2019-08-12,18.469999,18.523199,18.290001,18.445101,17.67495,21963.0,21963.0,-0.0249,-0.135,18.41943,"August 12, 19",-0.00135
0,2019-08-09,18.376699,18.4799,18.376699,18.4321,17.662493,4205.0,4205.0,0.0554,0.301,18.42957,"August 09, 19",0.00301
0,2019-08-08,18.360001,18.648001,18.360001,18.476299,17.704844,22688.0,22688.0,0.1163,0.633,18.49477,"August 08, 19",0.00633
0,2019-08-07,18.5,18.5,18.16,18.41,17.641312,84153.0,84153.0,-0.09,-0.486,18.35667,"August 07, 19",-0.00486
0,2019-08-06,18.6469,18.689899,18.549999,18.689899,17.909527,7995.0,7995.0,0.043,0.231,18.64327,"August 06, 19",0.00231
0,2019-08-05,18.610001,18.700001,18.530001,18.5744,17.798849,4585.0,4585.0,-0.0356,-0.191,18.60147,"August 05, 19",-0.00191
0,2019-08-02,18.8694,18.898199,18.85,18.898199,18.109129,917.0,917.0,0.0288,0.153,18.88213,"August 02, 19",0.00153
0,2019-08-01,19.120001,19.184799,18.969999,18.9918,18.19882,13006.0,13006.0,-0.1282,-0.671,19.04887,"August 01, 19",-0.00671
0,2019-07-31,19.200001,19.26,19.16,19.191299,18.389992,11138.0,11138.0,-0.0087,-0.045,19.20377,"July 31, 19",-0.00045
0,2019-07-30,19.200001,19.259899,19.200001,19.23,18.427073,4639.0,4639.0,0.03,0.156,19.22997,"July 30, 19",0.00156
0,2019-07-29,19.23,19.2911,19.120001,19.235001,18.431868,3741.0,3741.0,0.005,0.026,19.21537,"July 29, 19",0.00026
0,2019-07-26,19.313999,19.33,19.139999,19.290001,18.484573,8095.0,8095.0,-0.024,-0.124,19.25333,"July 26, 19",-0.00124
0,2019-07-25,19.2813,19.32,19.24,19.24,18.436657,13872.0,13872.0,-0.0413,-0.214,19.26667,"July 25, 19",-0.00214
0,2019-07-24,19.209999,19.218,19.17,19.18,18.379164,1181.0,1181.0,-0.03,-0.156,19.18933,"July 24, 19",-0.00156
0,2019-07-23,19.200001,19.33,19.15,19.33,18.5229,2010.0,2010.0,0.13,0.677,19.27,"July 23, 19",0.00677
0,2019-07-22,19.201799,19.24,19.187799,19.24,18.345625,3718.0,3718.0,0.0382,0.199,19.2226,"July 22, 19",0.00199
0,2019-07-19,19.25,19.3417,19.190001,19.285,18.388531,11240.0,11240.0,0.035,0.182,19.27223,"July 19, 19",0.00182
0,2019-07-18,19.280001,19.280001,19.24,19.25,18.355162,6935.0,6935.0,-0.03,-0.156,19.25667,"July 18, 19",-0.00156
0,2019-07-17,19.379999,19.379999,19.23,19.280001,18.383764,37284.0,37284.0,-0.1,-0.516,19.29667,"July 17, 19",-0.00516
0,2019-07-16,19.4,19.4,19.370001,19.379999,18.479116,3892.0,3892.0,-0.02,-0.103,19.38333,"July 16, 19",-0.00103
0,2019-07-15,19.4,19.4,19.299999,19.344999,18.445738,6016.0,6016.0,-0.055,-0.284,19.34833,"July 15, 19",-0.00284
0,2019-07-12,19.440001,19.440001,19.3664,19.41,18.507719,5221.0,5221.0,-0.03,-0.154,19.40547,"July 12, 19",-0.00154
0,2019-07-11,19.370001,19.42,19.32,19.42,18.517256,2900.0,2900.0,0.05,0.258,19.38667,"July 11, 19",0.00258
0,2019-07-10,19.280001,19.360001,19.24,19.32,18.421904,22908.0,22908.0,0.04,0.207,19.30667,"July 10, 19",0.00207
0,2019-07-09,19.25,19.299999,19.110001,19.26,18.364695,13303.0,13303.0,0.01,0.052,19.22333,"July 09, 19",0.00052
0,2019-07-08,19.219999,19.319901,19.15,19.25,18.355162,5202.0,5202.0,0.03,0.156,19.23997,"July 08, 19",0.00156
0,2019-07-05,19.26,19.378099,19.26,19.264999,18.369463,1534.0,1534.0,0.005,0.026,19.30103,"July 05, 19",0.00026
0,2019-07-03,19.127199,19.1852,19.127199,19.1852,18.293369,1228.0,1228.0,0.058,0.303,19.16587,"July 03, 19",0.00303
0,2019-07-02,19.208599,19.290001,19.200001,19.290001,18.393305,6856.0,6856.0,0.0814,0.424,19.26,"July 02, 19",0.00424
0,2019-07-01,19.295,19.349899,19.23,19.23,18.336088,8109.0,8109.0,-0.065,-0.337,19.26997,"July 01, 19",-0.00337
0,2019-06-28,19.27,19.290501,19.139999,19.139999,18.250271,5359.0,5359.0,-0.13,-0.675,19.19017,"June 28, 19",-0.00675
0,2019-06-27,19.168301,19.27,19.122101,19.195,18.302715,21994.0,21994.0,0.0267,0.139,19.1957,"June 27, 19",0.00139
0,2019-06-26,19.24,19.27,19.15,19.27,18.374226,80954.0,80954.0,0.03,0.156,19.23,"June 26, 19",0.00156
0,2019-06-25,19.25,19.25,19.1765,19.2034,18.310726,1962.0,1962.0,-0.0466,-0.242,19.20997,"June 25, 19",-0.00242
0,2019-06-24,19.379999,19.379999,19.25,19.25,18.355162,2052.0,2052.0,-0.13,-0.671,19.29333,"June 24, 19",-0.00671
0,2019-06-21,19.35,19.450001,19.35,19.4499,18.455183,22396.0,22396.0,0.0999,0.516,19.41663,"June 21, 19",0.00516
0,2019-06-20,19.299999,19.329901,19.219999,19.24,18.25602,7532.0,7532.0,-0.06,-0.311,19.2633,"June 20, 19",-0.00311
0,2019-06-19,19.35,19.35,19.277599,19.309999,18.322439,11348.0,11348.0,-0.04,-0.207,19.31253,"June 19, 19",-0.00207
0,2019-06-18,19.334499,19.334499,19.261999,19.309999,18.322439,6322.0,6322.0,-0.0245,-0.127,19.30217,"June 18, 19",-0.00127
0,2019-06-17,19.309999,19.33,19.27,19.299999,18.312948,11839.0,11839.0,-0.01,-0.052,19.3,"June 17, 19",-0.00052
0,2019-06-14,19.3036,19.325001,19.27,19.325001,18.336672,5397.0,5397.0,0.0214,0.111,19.30667,"June 14, 19",0.00111
0,2019-06-13,19.399099,19.4499,19.353399,19.3941,18.402241,1445.0,1445.0,-0.005,-0.026,19.39913,"June 13, 19",-0.00026
0,2019-06-12,19.4627,19.4627,19.35,19.4478,18.453188,10003.0,10003.0,-0.0149,-0.077,19.42017,"June 12, 19",-0.00077
0,2019-06-11,19.4,19.5399,19.4,19.4,18.407835,7316.0,7316.0,0.0,0.0,19.44663,"June 11, 19",0.0
0,2019-06-10,19.4599,19.4599,19.370001,19.3962,18.40423,11125.0,11125.0,-0.0637,-0.327,19.4087,"June 10, 19",-0.00327
0,2019-06-07,19.299999,19.351999,19.23,19.27,18.284481,7177.0,7177.0,-0.03,-0.155,19.284,"June 07, 19",-0.00155
0,2019-06-06,19.319,19.344999,19.24,19.344999,18.355644,7127.0,7127.0,0.026,0.135,19.31,"June 06, 19",0.00135
0,2019-06-05,19.280001,19.32,19.280001,19.280001,18.29397,5925.0,5925.0,0.0,0.0,19.29333,"June 05, 19",0.0
0,2019-06-04,19.15,19.280001,19.15,19.280001,18.29397,5522.0,5522.0,0.13,0.679,19.23667,"June 04, 19",0.00679
0,2019-06-03,19.16,19.229601,19.1,19.1,18.123182,25586.0,25586.0,-0.06,-0.313,19.1432,"June 03, 19",-0.00313
0,2019-05-31,19.290001,19.339899,19.17,19.208599,18.226223,74801.0,74801.0,-0.0814,-0.422,19.2395,"May 31, 19",-0.00422
0,2019-05-30,19.309999,19.57,19.139999,19.445,18.450533,20830.0,20830.0,0.135,0.699,19.385,"May 30, 19",0.00699
0,2019-05-29,19.4799,19.4799,19.4,19.450001,18.45528,6031.0,6031.0,-0.0299,-0.153,19.4433,"May 29, 19",-0.00153
0,2019-05-28,19.82,19.82,19.52,19.52,18.521696,5518.0,5518.0,-0.3,-1.514,19.62,"May 28, 19",-0.01514
0,2019-05-24,19.7423,19.7612,19.700001,19.730101,18.630915,4898.0,4898.0,-0.0122,-0.062,19.73043,"May 24, 19",-0.00062
0,2019-05-23,19.639999,19.700001,19.639999,19.700001,18.602486,2088.0,2088.0,0.06,0.305,19.68,"May 23, 19",0.00305
0,2019-05-22,19.901899,19.939899,19.872,19.939899,18.829025,1404.0,1404.0,0.038,0.191,19.91727,"May 22, 19",0.00191
0,2019-05-21,19.939899,19.940001,19.924999,19.940001,18.829117,2382.0,2382.0,0.0001,0.001,19.935,"May 21, 19",1e-05
0,2019-05-20,19.790001,19.950001,19.65,19.870001,18.763016,53701.0,53701.0,0.08,0.404,19.82333,"May 20, 19",0.00404
0,2019-05-17,19.870001,19.921101,19.860001,19.860001,18.753576,6100.0,6100.0,-0.01,-0.05,19.88037,"May 17, 19",-0.0005
0,2019-05-16,19.860001,19.9499,19.860001,19.9499,18.838469,1753.0,1753.0,0.0899,0.453,19.91993,"May 16, 19",0.00453
0,2019-05-15,19.822399,19.860001,19.76,19.860001,18.753576,1027.0,1027.0,0.0376,0.19,19.82667,"May 15, 19",0.0019
0,2019-05-14,19.860001,19.9814,19.8002,19.939699,18.828831,4325.0,4325.0,0.0797,0.401,19.9071,"May 14, 19",0.00401
0,2019-05-13,20.08,20.08,19.76,19.77,18.668589,55320.0,55320.0,-0.31,-1.544,19.87,"May 13, 19",-0.01544
0,2019-05-10,19.969999,20.179899,19.9508,19.994801,18.880867,3323.0,3323.0,0.0248,0.124,20.04183,"May 10, 19",0.00124
0,2019-05-09,19.879999,19.9694,19.879999,19.9594,18.847435,2354.0,2354.0,0.0794,0.399,19.93627,"May 09, 19",0.00399
0,2019-05-08,20.07,20.105801,20.000099,20.039301,18.922888,5734.0,5734.0,-0.0307,-0.153,20.0484,"May 08, 19",-0.00153
0,2019-05-07,19.950001,20.249901,19.940001,20.249901,19.121754,6133.0,6133.0,0.2999,1.503,20.1466,"May 07, 19",0.01503
0,2019-05-06,20.1054,20.163,19.959999,20.129999,19.008532,8654.0,8654.0,0.0246,0.122,20.08433,"May 06, 19",0.00122
0,2019-05-03,20.030001,20.221001,20.030001,20.18,19.055746,6869.0,6869.0,0.15,0.749,20.14367,"May 03, 19",0.00749
0,2019-05-02,20.1479,20.25,20.02,20.1143,18.993704,7826.0,7826.0,-0.0336,-0.167,20.1281,"May 02, 19",-0.00167
0,2019-05-01,20.1,20.1999,20.0,20.1999,19.074541,7070.0,7070.0,0.0999,0.497,20.13327,"May 01, 19",0.00497
0,2019-04-30,20.24,20.24,20.115,20.1999,19.074541,6869.0,6869.0,-0.0401,-0.198,20.18497,"April 30, 19",-0.00198
0,2019-04-29,20.059999,20.2061,20.059999,20.1999,19.074541,4064.0,4064.0,0.1399,0.697,20.15533,"April 29, 19",0.00697
0,2019-04-26,20.0308,20.081301,20.0124,20.059999,18.942432,2333.0,2333.0,0.0292,0.146,20.05123,"April 26, 19",0.00146
0,2019-04-25,20.1,20.23,20.1,20.23,19.102961,828.0,828.0,0.13,0.647,20.18667,"April 25, 19",0.00647
0,2019-04-24,20.2162,20.216499,20.15,20.185301,19.060753,2905.0,2905.0,-0.0309,-0.153,20.18393,"April 24, 19",-0.00153
0,2019-04-23,20.370001,20.370001,20.200701,20.339899,19.206738,2924.0,2924.0,-0.0301,-0.148,20.30353,"April 23, 19",-0.00148
0,2019-04-22,20.32,20.32,20.24,20.309999,19.09824,25809.0,25809.0,-0.01,-0.049,20.29,"April 22, 19",-0.00049
0,2019-04-18,20.240801,20.3599,20.139999,20.2854,19.075106,9450.0,9450.0,0.0446,0.22,20.26177,"April 18, 19",0.0022
0,2019-04-17,20.379999,20.379999,20.309999,20.35,19.135855,9086.0,9086.0,-0.03,-0.147,20.34667,"April 17, 19",-0.00147
0,2019-04-16,20.34,20.35,19.970501,20.344999,19.131151,12163.0,12163.0,0.005,0.025,20.22183,"April 16, 19",0.00025
0,2019-04-15,20.255699,20.309999,20.139999,20.139999,18.938383,595093.0,595093.0,-0.1157,-0.571,20.19667,"April 15, 19",-0.00571
0,2019-04-12,20.18,20.299999,20.1717,20.299999,19.088837,4350.0,4350.0,0.12,0.595,20.25723,"April 12, 19",0.00595
0,2019-04-11,20.137501,20.18,20.1063,20.18,18.975996,7390.0,7390.0,0.0425,0.211,20.15543,"April 11, 19",0.00211
0,2019-04-10,20.17,20.17,20.09,20.09,18.891365,6369.0,6369.0,-0.08,-0.397,20.11667,"April 10, 19",-0.00397
0,2019-04-09,20.18,20.18,20.08,20.1227,18.922117,4892.0,4892.0,-0.0573,-0.284,20.12757,"April 09, 19",-0.00284
0,2019-04-08,20.129999,20.16,20.105301,20.16,18.95719,5780.0,5780.0,0.03,0.149,20.14177,"April 08, 19",0.00149
0,2019-04-05,20.27,20.27,20.02,20.1,18.900768,2952.0,2952.0,-0.17,-0.839,20.13,"April 05, 19",-0.00839
0,2019-04-04,20.1416,20.2199,20.1,20.2199,19.013515,3871.0,3871.0,0.0783,0.389,20.17993,"April 04, 19",0.00389
0,2019-04-03,20.129999,20.219999,20.040001,20.219999,19.013609,13850.0,13850.0,0.09,0.447,20.16,"April 03, 19",0.00447
0,2019-04-02,20.110001,20.110001,20.01,20.030001,18.834946,6335.0,6335.0,-0.08,-0.398,20.05,"April 02, 19",-0.00398
0,2019-04-01,19.997299,20.0341,19.9762,20.01,18.816141,17444.0,17444.0,0.0127,0.064,20.00677,"April 01, 19",0.00064
0,2019-03-29,19.92,20.02,19.809299,19.950001,18.759718,81838.0,81838.0,0.03,0.151,19.92643,"March 29, 19",0.00151
0,2019-03-28,19.83,19.8799,19.75,19.8599,18.674995,64823.0,64823.0,0.0299,0.151,19.82993,"March 28, 19",0.00151
0,2019-03-27,19.84,19.879999,19.760099,19.780001,18.599861,15120.0,15120.0,-0.06,-0.302,19.8067,"March 27, 19",-0.00302
0,2019-03-26,19.879999,20.0,19.843201,19.843201,18.65929,19767.0,19767.0,-0.0368,-0.185,19.89547,"March 26, 19",-0.00185
0,2019-03-25,19.931601,19.9799,19.860001,19.9645,18.69343,3246.0,3246.0,0.0329,0.165,19.9348,"March 25, 19",0.00165
0,2019-03-22,20.0,20.0966,19.92,19.970301,18.698853,17044.0,17044.0,-0.0297,-0.149,19.99563,"March 22, 19",-0.00149
0,2019-03-21,20.01,20.2199,20.01,20.040001,18.764116,11840.0,11840.0,0.03,0.15,20.08997,"March 21, 19",0.0015
0,2019-03-20,20.290001,20.290001,20.1593,20.1593,18.875818,3670.0,3670.0,-0.1307,-0.644,20.20287,"March 20, 19",-0.00644
0,2019-03-19,20.309999,20.309999,20.280001,20.289301,18.997547,5333.0,5333.0,-0.0207,-0.102,20.2931,"March 19, 19",-0.00102
0,2019-03-18,20.620001,20.620001,20.25,20.250299,18.961027,14732.0,14732.0,-0.3697,-1.793,20.37343,"March 18, 19",-0.01793
0,2019-03-15,20.26,20.34,20.252001,20.280001,18.988838,14619.0,14619.0,0.02,0.099,20.29067,"March 15, 19",0.00099
0,2019-03-14,20.23,20.3006,20.190001,20.246401,18.957378,4662.0,4662.0,0.0164,0.081,20.24567,"March 14, 19",0.00081
0,2019-03-13,20.1901,20.348499,20.1901,20.303699,19.011028,22388.0,22388.0,0.1136,0.563,20.28077,"March 13, 19",0.00563
0,2019-03-12,20.18,20.2894,20.17,20.250299,18.961027,8200.0,8200.0,0.0703,0.348,20.23657,"March 12, 19",0.00348
0,2019-03-11,20.459999,20.459999,20.17,20.173201,18.888838,7583.0,7583.0,-0.2868,-1.402,20.26773,"March 11, 19",-0.01402
0,2019-03-08,20.370001,20.370001,20.190001,20.190001,18.90457,63232.0,63232.0,-0.18,-0.884,20.25,"March 08, 19",-0.00884
0,2019-03-07,20.34,20.347,20.27,20.309999,19.016932,58696.0,58696.0,-0.03,-0.147,20.309,"March 07, 19",-0.00147
0,2019-03-06,20.450001,20.499901,20.356001,20.370001,19.073109,3027.0,3027.0,-0.08,-0.391,20.40863,"March 06, 19",-0.00391
0,2019-03-05,20.51,20.584,20.48,20.48,19.176102,7164.0,7164.0,-0.03,-0.146,20.51467,"March 05, 19",-0.00146
0,2019-03-04,20.450001,20.617701,20.450001,20.48,19.176102,3380.0,3380.0,0.03,0.147,20.5159,"March 04, 19",0.00147
0,2019-03-01,20.4,20.472799,20.4,20.4695,19.166273,11570.0,11570.0,0.0695,0.341,20.44743,"March 01, 19",0.00341
0,2019-02-28,20.4,20.4499,20.34,20.3708,19.073856,6272.0,6272.0,-0.0292,-0.143,20.3869,"February 28, 19",-0.00143
0,2019-02-27,20.209999,20.352301,20.209999,20.299999,19.007566,39463.0,39463.0,0.09,0.445,20.28743,"February 27, 19",0.00445
0,2019-02-26,20.2675,20.371901,20.120001,20.24,18.951385,17954.0,17954.0,-0.0275,-0.136,20.24397,"February 26, 19",-0.00136
0,2019-02-25,20.1,20.280001,20.08,20.269899,18.97938,4314.0,4314.0,0.1699,0.845,20.20997,"February 25, 19",0.00845
0,2019-02-22,20.280001,20.280001,20.094999,20.1541,18.870953,5486.0,5486.0,-0.1259,-0.621,20.17637,"February 22, 19",-0.00621
0,2019-02-21,19.889999,20.200001,19.889999,20.15,18.867113,5637.0,5637.0,0.26,1.307,20.08,"February 21, 19",0.01307
0,2019-02-20,20.040001,20.16,20.040001,20.052,18.775352,11410.0,11410.0,0.012,0.06,20.084,"February 20, 19",0.0006
0,2019-02-19,20.049999,20.1299,20.002001,20.115,18.834343,7439.0,7439.0,0.065,0.324,20.0823,"February 19, 19",0.00324
0,2019-02-15,20.200001,20.375099,20.190001,20.253401,18.884346,6583.0,6583.0,0.0534,0.264,20.27283,"February 15, 19",0.00264
0,2019-02-14,20.219999,20.231899,20.200001,20.200001,18.834551,6863.0,6863.0,-0.02,-0.099,20.21063,"February 14, 19",-0.00099
0,2019-02-13,20.350201,20.351101,20.209999,20.219999,18.853197,5397.0,5397.0,-0.1302,-0.64,20.26037,"February 13, 19",-0.0064
0,2019-02-12,20.35,20.4081,20.219999,20.315001,18.941778,5253.0,5253.0,-0.035,-0.172,20.31437,"February 12, 19",-0.00172
0,2019-02-11,20.48,20.48,20.1,20.1,18.741314,14362.0,14362.0,-0.38,-1.855,20.22667,"February 11, 19",-0.01855
0,2019-02-08,20.07,20.169901,19.93,20.129999,18.769279,22901.0,22901.0,0.06,0.299,20.07663,"February 08, 19",0.00299
0,2019-02-07,20.110001,20.249901,20.084999,20.09,18.731989,5166.0,5166.0,-0.02,-0.099,20.14163,"February 07, 19",-0.00099
0,2019-02-06,20.41,20.4375,20.225,20.33,18.955763,16070.0,16070.0,-0.08,-0.392,20.33083,"February 06, 19",-0.00392
0,2019-02-05,20.3111,20.3799,20.26,20.287001,18.915674,25774.0,25774.0,-0.0241,-0.119,20.30897,"February 05, 19",-0.00119
0,2019-02-04,20.16,20.2307,20.129999,20.15,18.787933,8314.0,8314.0,-0.01,-0.05,20.17023,"February 04, 19",-0.0005
0,2019-02-01,20.17,20.327499,20.08,20.08,18.722664,16647.0,16647.0,-0.09,-0.446,20.1625,"February 01, 19",-0.00446
0,2019-01-31,20.15,20.4923,20.110001,20.129999,18.769279,31588.0,31588.0,-0.02,-0.099,20.2441,"January 31, 19",-0.00099
0,2019-01-30,20.190001,20.27,20.15,20.24,18.871847,16095.0,16095.0,0.05,0.248,20.22,"January 30, 19",0.00248
0,2019-01-29,20.41,20.4529,20.15,20.15,18.787933,13973.0,13973.0,-0.26,-1.274,20.25097,"January 29, 19",-0.01274
0,2019-01-28,20.209999,20.369301,20.18,20.200001,18.834551,10919.0,10919.0,-0.01,-0.049,20.24977,"January 28, 19",-0.00049
0,2019-01-25,20.450001,20.450001,20.09,20.25,18.881172,5628.0,5628.0,-0.2,-0.978,20.26333,"January 25, 19",-0.00978
0,2019-01-24,20.25,20.389099,20.127399,20.145,18.783266,8157.0,8157.0,-0.105,-0.519,20.2205,"January 24, 19",-0.00519
0,2019-01-23,20.120001,20.1999,20.09,20.1999,18.834457,6068.0,6068.0,0.0799,0.397,20.16327,"January 23, 19",0.00397
0,2019-01-22,20.25,20.26,20.0842,20.139999,18.77861,17931.0,17931.0,-0.11,-0.543,20.1614,"January 22, 19",-0.00543
0,2019-01-18,20.120001,20.365,20.120001,20.365,18.909145,28684.0,28684.0,0.245,1.218,20.28333,"January 18, 19",0.01218
0,2019-01-17,20.07,20.175501,20.07,20.1292,18.690199,3345.0,3345.0,0.0592,0.295,20.1249,"January 17, 19",0.00295
0,2019-01-16,20.1201,20.146,20.02,20.110001,18.672379,13204.0,13204.0,-0.0101,-0.05,20.092,"January 16, 19",-0.0005
0,2019-01-15,20.059999,20.0765,19.92,20.0765,18.641268,27868.0,27868.0,0.0165,0.082,20.02433,"January 15, 19",0.00082
0,2019-01-14,20.24,20.24,19.99,20.1,18.663088,67341.0,67341.0,-0.14,-0.692,20.11,"January 14, 19",-0.00692
0,2019-01-11,19.99,20.249599,19.99,20.02,18.588812,9950.0,9950.0,0.03,0.15,20.08653,"January 11, 19",0.0015
0,2019-01-10,19.709999,20.3897,19.709999,20.1856,18.742571,17192.0,17192.0,0.4756,2.413,20.0951,"January 10, 19",0.02413
0,2019-01-09,20.1,20.389999,19.910101,19.910101,18.486769,15670.0,15670.0,-0.1899,-0.945,20.07007,"January 09, 19",-0.00945
0,2019-01-08,20.23,20.23,19.870001,19.870001,18.449526,13319.0,13319.0,-0.36,-1.78,19.99,"January 08, 19",-0.0178
0,2019-01-07,19.6,19.9618,19.6,19.851801,18.432632,11706.0,11706.0,0.2518,1.285,19.80453,"January 07, 19",0.01285
0,2019-01-04,19.190001,19.76,19.190001,19.549999,18.152405,230069.0,230069.0,0.36,1.876,19.5,"January 04, 19",0.01876
0,2019-01-03,19.34,19.6,19.209999,19.209999,17.836714,76368.0,76368.0,-0.13,-0.672,19.34,"January 03, 19",-0.00672
0,2019-01-02,19.51,19.6099,19.33,19.6099,18.208027,7910.0,7910.0,0.0999,0.512,19.5166,"January 02, 19",0.00512
0,2018-12-31,19.360001,19.76,19.33,19.35,17.966703,58287.0,58287.0,-0.01,-0.052,19.48,"December 31, 18",-0.00052
0,2018-12-28,19.5,19.688499,19.459999,19.459999,18.06884,30411.0,30411.0,-0.04,-0.205,19.53617,"December 28, 18",-0.00205
0,2018-12-27,19.85,19.85,19.33,19.500999,18.106913,150476.0,150476.0,-0.349,-1.758,19.56033,"December 27, 18",-0.01758
0,2018-12-26,19.209999,19.620001,19.209999,19.620001,18.217407,34917.0,34917.0,0.41,2.134,19.48333,"December 26, 18",0.02134
0,2018-12-24,19.450001,19.759899,19.360001,19.360001,17.97599,26962.0,26962.0,-0.09,-0.463,19.4933,"December 24, 18",-0.00463
0,2018-12-21,19.709999,19.85,19.639999,19.709999,18.178404,90347.0,90347.0,0.0,0.0,19.73333,"December 21, 18",0.0
0,2018-12-20,19.9,19.988899,19.52,19.76,18.224524,83465.0,83465.0,-0.14,-0.704,19.7563,"December 20, 18",-0.00704
0,2018-12-19,20.17,20.269899,19.73,19.924999,18.376698,123034.0,123034.0,-0.245,-1.215,19.97497,"December 19, 18",-0.01215
0,2018-12-18,20.25,20.3999,20.17,20.17,18.602663,13201.0,13201.0,-0.08,-0.395,20.24663,"December 18, 18",-0.00395
0,2018-12-17,20.6,20.6485,20.280001,20.280001,18.704113,22354.0,22354.0,-0.32,-1.553,20.40283,"December 17, 18",-0.01553
0,2018-12-14,20.530001,20.690001,20.450001,20.459999,18.870123,7411.0,7411.0,-0.07,-0.341,20.53333,"December 14, 18",-0.00341
0,2018-12-13,20.6,20.6,20.4433,20.459999,18.870123,11457.0,11457.0,-0.14,-0.68,20.5011,"December 13, 18",-0.0068
0,2018-12-12,20.41,20.631001,20.3162,20.450001,18.860905,7056.0,7056.0,0.04,0.196,20.46573,"December 12, 18",0.00196
0,2018-12-11,20.280001,20.6485,20.163601,20.389999,18.805565,48484.0,48484.0,0.11,0.542,20.4007,"December 11, 18",0.00542
0,2018-12-10,20.33,20.649,20.25,20.360001,18.777895,27197.0,27197.0,0.03,0.148,20.41967,"December 10, 18",0.00148
0,2018-12-07,20.74,20.74,20.280001,20.440001,18.851679,31122.0,31122.0,-0.3,-1.446,20.48667,"December 07, 18",-0.01446
0,2018-12-06,20.42,20.754999,20.296101,20.4,18.814789,91155.0,91155.0,-0.02,-0.098,20.4837,"December 06, 18",-0.00098
0,2018-12-04,20.74,20.749901,20.51,20.535999,18.940224,18125.0,18125.0,-0.204,-0.984,20.59863,"December 04, 18",-0.00984
0,2018-12-03,20.76,21.0189,20.76,20.9,19.275934,86907.0,86907.0,0.14,0.674,20.89297,"December 03, 18",0.00674
0,2018-11-30,20.870001,20.870001,20.73,20.76,19.146814,15029.0,15029.0,-0.11,-0.527,20.78667,"November 30, 18",-0.00527
0,2018-11-29,21.18,21.18,20.730301,20.794001,19.178171,27442.0,27442.0,-0.386,-1.822,20.90143,"November 29, 18",-0.01822
0,2018-11-28,20.82,20.950001,20.75,20.950001,19.322048,67764.0,67764.0,0.13,0.624,20.88333,"November 28, 18",0.00624
0,2018-11-27,21.1457,21.1457,20.85,20.948,19.320202,10451.0,10451.0,-0.1977,-0.935,20.98123,"November 27, 18",-0.00935
0,2018-11-26,20.99,21.0,20.8515,20.91,19.285156,69711.0,69711.0,-0.08,-0.381,20.9205,"November 26, 18",-0.00381
0,2018-11-23,20.790001,20.879999,20.776199,20.799999,19.183704,3774.0,3774.0,0.01,0.048,20.81873,"November 23, 18",0.00048
0,2018-11-21,20.690001,20.82,20.65,20.809,19.192009,6215.0,6215.0,0.119,0.575,20.75967,"November 21, 18",0.00575
0,2018-11-20,20.700001,20.878099,20.6,20.761801,19.148476,33922.0,33922.0,0.0618,0.299,20.74663,"November 20, 18",0.00299
0,2018-11-19,21.059999,21.059999,20.969999,21.02,19.294382,23488.0,23488.0,-0.04,-0.19,21.01667,"November 19, 18",-0.0019
0,2018-11-16,21.110001,21.200001,20.950001,20.969999,19.248487,28300.0,28300.0,-0.14,-0.663,21.04,"November 16, 18",-0.00663
0,2018-11-15,21.27,21.27,21.110001,21.15,19.41371,25045.0,25045.0,-0.12,-0.564,21.17667,"November 15, 18",-0.00564
0,2018-11-14,21.25,21.4088,21.15,21.15,19.41371,41481.0,41481.0,-0.1,-0.471,21.23627,"November 14, 18",-0.00471
0,2018-11-13,21.209999,21.440001,21.200001,21.25,19.505497,53921.0,53921.0,0.04,0.189,21.29667,"November 13, 18",0.00189
0,2018-11-12,21.41,21.540701,21.27,21.3678,19.613628,30711.0,30711.0,-0.0422,-0.197,21.39283,"November 12, 18",-0.00197
0,2018-11-09,21.77,21.77,21.4,21.4,19.643185,83579.0,83579.0,-0.37,-1.7,21.52333,"November 09, 18",-0.017
0,2018-11-08,21.459999,21.66,21.459999,21.545601,19.776834,15727.0,15727.0,0.0856,0.399,21.5552,"November 08, 18",0.00399
0,2018-11-07,21.5,21.6,21.450001,21.530001,19.762518,20131.0,20131.0,0.03,0.14,21.52667,"November 07, 18",0.0014
0,2018-11-06,21.5,21.5,21.450001,21.489901,19.72571,18441.0,18441.0,-0.0101,-0.047,21.47997,"November 06, 18",-0.00047
0,2018-11-05,21.5,21.5,21.4,21.49,19.725798,19756.0,19756.0,-0.01,-0.047,21.46333,"November 05, 18",-0.00047
0,2018-11-02,21.5,21.5,21.3584,21.459999,19.698257,22618.0,22618.0,-0.04,-0.186,21.43947,"November 02, 18",-0.00186
0,2018-11-01,21.549999,21.549999,21.27,21.27,19.523853,8866.0,8866.0,-0.28,-1.299,21.36333,"November 01, 18",-0.01299
0,2018-10-31,21.1,21.310699,21.1,21.24,19.496325,45854.0,45854.0,0.14,0.664,21.2169,"October 31, 18",0.00664
0,2018-10-30,21.27,21.27,21.120001,21.23,19.487143,6709.0,6709.0,-0.04,-0.188,21.20667,"October 30, 18",-0.00188
0,2018-10-29,21.52,21.52,21.129999,21.139999,19.404531,170227.0,170227.0,-0.38,-1.766,21.26333,"October 29, 18",-0.01766
0,2018-10-26,21.41,21.4942,21.15,21.18,19.441248,25789.0,25789.0,-0.23,-1.074,21.27473,"October 26, 18",-0.01074
0,2018-10-25,21.57,21.57,21.23,21.375,19.620237,101339.0,101339.0,-0.195,-0.904,21.39167,"October 25, 18",-0.00904
0,2018-10-24,21.49,21.6241,21.219999,21.23,19.487143,17380.0,17380.0,-0.26,-1.21,21.35803,"October 24, 18",-0.0121
0,2018-10-23,21.719999,21.719999,21.35,21.375,19.620237,39885.0,39885.0,-0.345,-1.588,21.48167,"October 23, 18",-0.01588
0,2018-10-22,21.700001,21.74,21.615,21.66,19.794643,51834.0,51834.0,-0.04,-0.184,21.67167,"October 22, 18",-0.00184
0,2018-10-19,21.74,21.74,21.6,21.635,19.771791,70617.0,70617.0,-0.105,-0.483,21.65833,"October 19, 18",-0.00483
0,2018-10-18,21.68,21.818001,21.48,21.6,19.739807,28702.0,28702.0,-0.08,-0.369,21.63267,"October 18, 18",-0.00369
0,2018-10-17,21.590099,21.6,21.540001,21.59,19.730669,17401.0,17401.0,-0.0001,0.0,21.57667,"October 17, 18",0.0
0,2018-10-16,21.52,21.600599,21.495899,21.59,19.730669,17884.0,17884.0,0.07,0.325,21.56217,"October 16, 18",0.00325
0,2018-10-15,21.889999,21.889999,21.48,21.51,19.65756,12892.0,12892.0,-0.38,-1.736,21.62667,"October 15, 18",-0.01736
0,2018-10-12,21.548599,21.599899,21.48,21.549999,19.694113,26152.0,26152.0,0.0014,0.006,21.5433,"October 12, 18",6e-05
0,2018-10-11,21.49,21.7999,21.42,21.530001,19.675837,49799.0,49799.0,0.04,0.186,21.5833,"October 11, 18",0.00186
0,2018-10-10,21.799999,21.799999,21.65,21.65,19.785503,218899.0,218899.0,-0.15,-0.688,21.7,"October 10, 18",-0.00688
0,2018-10-09,21.780001,21.805,21.67,21.75,19.876888,38863.0,38863.0,-0.03,-0.138,21.74167,"October 09, 18",-0.00138
0,2018-10-08,22.07,22.07,21.719999,21.780001,19.904308,28816.0,28816.0,-0.29,-1.314,21.85667,"October 08, 18",-0.01314
0,2018-10-05,21.82,22.09,21.6901,21.790001,19.913446,50200.0,50200.0,-0.03,-0.137,21.8567,"October 05, 18",-0.00137
0,2018-10-04,21.705999,21.790001,21.680099,21.725,19.854046,23508.0,23508.0,0.019,0.088,21.7317,"October 04, 18",0.00088
0,2018-10-03,21.674,21.790001,21.580099,21.639999,19.776361,39422.0,39422.0,-0.034,-0.157,21.67003,"October 03, 18",-0.00157
0,2018-10-02,21.719999,21.77,21.5,21.5,19.648422,9895.0,9895.0,-0.22,-1.013,21.59,"October 02, 18",-0.01013
0,2018-10-01,21.620001,21.7999,21.51,21.52,19.666697,14055.0,14055.0,-0.1,-0.463,21.60997,"October 01, 18",-0.00463
0,2018-09-28,21.42,21.83,21.42,21.540001,19.684975,11484.0,11484.0,0.12,0.56,21.59667,"September 28, 18",0.0056
0,2018-09-27,21.43,21.826099,21.41,21.57,19.712393,12090.0,12090.0,0.14,0.653,21.60203,"September 27, 18",0.00653
0,2018-09-26,21.450001,21.783899,21.450001,21.450001,19.60273,11197.0,11197.0,0.0,0.0,21.5613,"September 26, 18",0.0
0,2018-09-25,21.67,21.719999,21.5,21.5,19.648422,23822.0,23822.0,-0.17,-0.784,21.57333,"September 25, 18",-0.00784
0,2018-09-24,21.57,21.790001,21.540001,21.540001,19.598152,102993.0,102993.0,-0.03,-0.139,21.62333,"September 24, 18",-0.00139
0,2018-09-21,21.65,21.709999,21.5201,21.65,19.698236,24682.0,24682.0,0.0,0.0,21.6267,"September 21, 18",0.0
0,2018-09-20,21.83,21.84,21.58,21.58,19.634546,18485.0,18485.0,-0.25,-1.145,21.66667,"September 20, 18",-0.01145
0,2018-09-19,21.75,21.75,21.542999,21.629999,19.680042,40518.0,40518.0,-0.12,-0.552,21.641,"September 19, 18",-0.00552
0,2018-09-18,21.379999,21.629,21.379999,21.459999,19.52537,9141.0,9141.0,0.08,0.374,21.48967,"September 18, 18",0.00374
0,2018-09-17,21.4,21.4,21.35,21.379999,19.452581,25250.0,25250.0,-0.02,-0.093,21.37667,"September 17, 18",-0.00093
0,2018-09-14,21.4,21.4,21.330999,21.378401,19.45113,22009.0,22009.0,-0.0216,-0.101,21.3698,"September 14, 18",-0.00101
0,2018-09-13,21.450001,21.450001,21.377399,21.407,19.47715,13712.0,13712.0,-0.043,-0.2,21.41147,"September 13, 18",-0.002
0,2018-09-12,21.379999,21.43,21.35,21.393299,19.464684,13396.0,13396.0,0.0133,0.062,21.3911,"September 12, 18",0.00062
0,2018-09-11,21.33,21.33,21.24,21.309999,19.388893,7135.0,7135.0,-0.02,-0.094,21.29333,"September 11, 18",-0.00094
0,2018-09-10,21.23,21.34,21.23,21.309999,19.388893,14206.0,14206.0,0.08,0.377,21.29333,"September 10, 18",0.00377
0,2018-09-07,21.1572,21.23,21.1572,21.2199,19.306911,4273.0,4273.0,0.0627,0.296,21.20237,"September 07, 18",0.00296
0,2018-09-06,21.23,21.23,21.129999,21.176701,19.267605,11990.0,11990.0,-0.0533,-0.251,21.1789,"September 06, 18",-0.00251
0,2018-09-05,21.23,21.23,21.200001,21.219999,19.307005,30922.0,30922.0,-0.01,-0.047,21.21667,"September 05, 18",-0.00047
0,2018-09-04,21.129999,21.23,21.117701,21.219999,19.307005,11440.0,11440.0,0.09,0.426,21.18923,"September 04, 18",0.00426
0,2018-08-31,21.01,21.190001,21.01,21.15,19.243317,15420.0,15420.0,0.14,0.666,21.11667,"August 31, 18",0.00666
0,2018-08-30,21.190399,21.23,21.120001,21.120001,19.216015,111712.0,111712.0,-0.0704,-0.332,21.15667,"August 30, 18",-0.00332
0,2018-08-29,21.219999,21.23,21.120001,21.1474,19.240952,2497.0,2497.0,-0.0726,-0.342,21.1658,"August 29, 18",-0.00342
0,2018-08-28,21.059999,21.23,21.054399,21.209999,19.297905,76733.0,76733.0,0.15,0.712,21.1648,"August 28, 18",0.00712
0,2018-08-27,21.1689,21.1868,21.1,21.17,19.261513,7260.0,7260.0,0.0011,0.005,21.15227,"August 27, 18",5e-05
0,2018-08-24,21.030001,21.139999,21.030001,21.1,19.197824,31724.0,31724.0,0.07,0.333,21.09,"August 24, 18",0.00333
0,2018-08-23,21.094999,21.129999,21.07,21.07,19.170523,14161.0,14161.0,-0.025,-0.119,21.09,"August 23, 18",-0.00119
0,2018-08-22,21.23,21.23,21.049999,21.105,19.202368,5789.0,5789.0,-0.125,-0.589,21.12833,"August 22, 18",-0.00589
0,2018-08-21,21.18,21.18,21.030001,21.036501,19.140051,6493.0,6493.0,-0.1435,-0.678,21.08217,"August 21, 18",-0.00678
0,2018-08-20,21.110001,21.177,21.09,21.1201,19.134226,33745.0,33745.0,0.0101,0.048,21.12903,"August 20, 18",0.00048
0,2018-08-17,21.18,21.23,21.15,21.23,19.233788,108220.0,108220.0,0.05,0.236,21.20333,"August 17, 18",0.00236
0,2018-08-16,21.23,21.23,21.190001,21.23,19.233788,17249.0,17249.0,0.0,0.0,21.21667,"August 16, 18",0.0
0,2018-08-15,21.15,21.23,21.139999,21.23,19.233788,5484.0,5484.0,0.08,0.378,21.2,"August 15, 18",0.00378
0,2018-08-14,21.16,21.23,21.1,21.23,19.233788,24657.0,24657.0,0.07,0.331,21.18667,"August 14, 18",0.00331
0,2018-08-13,21.139999,21.139999,21.09,21.129999,19.14319,14271.0,14271.0,-0.01,-0.047,21.12,"August 13, 18",-0.00047
0,2018-08-10,21.26,21.360701,21.200001,21.23,19.233788,41639.0,41639.0,-0.03,-0.141,21.26357,"August 10, 18",-0.00141
0,2018-08-09,21.32,21.450001,21.32,21.42,19.405931,15822.0,15822.0,0.1,0.469,21.39667,"August 09, 18",0.00469
0,2018-08-08,21.370001,21.48,21.367599,21.450001,19.433104,23582.0,23582.0,0.08,0.374,21.43253,"August 08, 18",0.00374
0,2018-08-07,21.309999,21.469999,21.309999,21.440001,19.424046,15967.0,15967.0,0.13,0.61,21.40667,"August 07, 18",0.0061
0,2018-08-06,21.370001,21.370001,21.2901,21.370001,19.360632,7732.0,7732.0,0.0,0.0,21.34337,"August 06, 18",0.0
0,2018-08-03,21.4,21.4877,21.290001,21.34,19.333452,7593.0,7593.0,-0.06,-0.28,21.37257,"August 03, 18",-0.0028
0,2018-08-02,21.42,21.49,21.35,21.434799,19.419334,108106.0,108106.0,0.0148,0.069,21.42493,"August 02, 18",0.00069
0,2018-08-01,21.450001,21.450001,21.309999,21.43,19.414988,7826.0,7826.0,-0.02,-0.093,21.39667,"August 01, 18",-0.00093
0,2018-07-31,21.309999,21.450001,21.299999,21.32,19.315332,7782.0,7782.0,0.01,0.047,21.35667,"July 31, 18",0.00047
0,2018-07-30,21.369801,21.4,21.295601,21.4,19.387808,7916.0,7916.0,0.0302,0.141,21.3652,"July 30, 18",0.00141
0,2018-07-27,21.290001,21.450001,21.290001,21.34,19.333452,6394.0,6394.0,0.05,0.235,21.36,"July 27, 18",0.00235
0,2018-07-26,21.24,21.3976,21.2276,21.290001,19.288151,16540.0,16540.0,0.05,0.235,21.30507,"July 26, 18",0.00235
0,2018-07-25,21.299999,21.4475,21.2001,21.2976,19.295034,10785.0,10785.0,-0.0024,-0.011,21.31507,"July 25, 18",-0.00011
0,2018-07-24,21.4,21.4,21.2514,21.290001,19.288151,28214.0,28214.0,-0.11,-0.514,21.3138,"July 24, 18",-0.00514
0,2018-07-23,21.32,21.389999,21.1998,21.389999,19.301735,105373.0,105373.0,0.07,0.328,21.3266,"July 23, 18",0.00328
0,2018-07-20,21.18,21.299999,21.120001,21.18,19.112242,48950.0,48950.0,0.0,0.0,21.2,"July 20, 18",0.0
0,2018-07-19,21.5,21.5,21.07,21.07,19.01298,13527.0,13527.0,-0.43,-2.0,21.21333,"July 19, 18",-0.02
0,2018-07-18,21.115999,21.190001,21.084801,21.18,19.112242,46486.0,46486.0,0.064,0.303,21.1516,"July 18, 18",0.00303
0,2018-07-17,21.0954,21.15,21.059999,21.1,19.040047,53678.0,53678.0,0.0046,0.022,21.10333,"July 17, 18",0.00022
0,2018-07-16,21.040001,21.089899,21.040001,21.049999,18.994936,10115.0,10115.0,0.01,0.048,21.05997,"July 16, 18",0.00048
0,2018-07-13,21.190001,21.190001,21.0156,21.030001,18.976883,12654.0,12654.0,-0.16,-0.755,21.07853,"July 13, 18",-0.00755
0,2018-07-12,21.4,21.4,21.0014,21.08,19.022001,78771.0,78771.0,-0.32,-1.495,21.16047,"July 12, 18",-0.01495
0,2018-07-11,21.120001,21.205999,21.01,21.030001,18.976883,9316.0,9316.0,-0.09,-0.426,21.082,"July 11, 18",-0.00426
0,2018-07-10,21.34,21.34,21.08,21.139999,19.076139,14755.0,14755.0,-0.2,-0.937,21.18667,"July 10, 18",-0.00937
0,2018-07-09,21.0,21.1,20.986401,21.059999,19.003952,12382.0,12382.0,0.06,0.286,21.0488,"July 09, 18",0.00286
0,2018-07-06,20.940001,21.049999,20.931,20.950001,18.904697,14559.0,14559.0,0.01,0.048,20.977,"July 06, 18",0.00048
0,2018-07-05,21.030001,21.08,20.941,21.040001,18.98591,153391.0,153391.0,0.01,0.048,21.02033,"July 05, 18",0.00048
0,2018-07-03,21.5,21.5,21.0,21.07,19.01298,22264.0,22264.0,-0.43,-2.0,21.19,"July 03, 18",-0.02
0,2018-07-02,21.059999,21.25,20.92,20.93,18.88665,88586.0,88586.0,-0.13,-0.617,21.03333,"July 02, 18",-0.00617
0,2018-06-29,20.950001,20.999001,20.92,20.978001,18.929962,19210.0,19210.0,0.028,0.134,20.96567,"June 29, 18",0.00134
0,2018-06-28,21.08,21.225,20.98,20.98,18.931768,22739.0,22739.0,-0.1,-0.474,21.06167,"June 28, 18",-0.00474
0,2018-06-27,21.08,21.25,20.950001,21.0,18.949814,58265.0,58265.0,-0.08,-0.38,21.06667,"June 27, 18",-0.0038
0,2018-06-26,21.139999,21.139999,21.08,21.110001,19.049076,11282.0,11282.0,-0.03,-0.142,21.11,"June 26, 18",-0.00142
0,2018-06-25,21.2887,21.2887,21.110001,21.139999,19.076139,22953.0,22953.0,-0.1487,-0.698,21.17957,"June 25, 18",-0.00698
0,2018-06-22,21.374001,21.399401,21.26,21.309999,19.152847,30127.0,30127.0,-0.064,-0.299,21.32313,"June 22, 18",-0.00299
0,2018-06-21,21.4282,21.4282,21.2913,21.299999,19.143862,17285.0,17285.0,-0.1282,-0.598,21.33983,"June 21, 18",-0.00598
0,2018-06-20,21.48,21.52,21.190001,21.368099,19.205067,19875.0,19875.0,-0.1119,-0.521,21.35937,"June 20, 18",-0.00521
0,2018-06-19,21.6,21.6,21.219999,21.35,19.188797,15791.0,15791.0,-0.25,-1.157,21.39,"June 19, 18",-0.01157
0,2018-06-18,21.5,21.58,21.4,21.42,19.251715,34411.0,34411.0,-0.08,-0.372,21.46667,"June 18, 18",-0.00372
0,2018-06-15,21.6,21.6,21.448,21.48,19.305637,47662.0,47662.0,-0.12,-0.556,21.50933,"June 15, 18",-0.00556
0,2018-06-14,21.65,21.65,21.504999,21.504999,19.328108,15558.0,15558.0,-0.145,-0.67,21.55333,"June 14, 18",-0.0067
0,2018-06-13,21.5616,21.65,21.4849,21.51,19.3326,15486.0,15486.0,-0.0516,-0.239,21.5483,"June 13, 18",-0.00239
0,2018-06-12,21.43,21.6168,21.43,21.48,19.305637,9543.0,9543.0,0.05,0.233,21.50893,"June 12, 18",0.00233
0,2018-06-11,21.42,21.530001,21.363501,21.469999,19.29665,24327.0,24327.0,0.05,0.233,21.4545,"June 11, 18",0.00233
0,2018-06-08,21.408001,21.579,21.408001,21.434999,19.265188,4443.0,4443.0,0.027,0.126,21.474,"June 08, 18",0.00126
0,2018-06-07,21.91,21.91,21.354099,21.368999,19.205875,13896.0,13896.0,-0.541,-2.469,21.54437,"June 07, 18",-0.02469
0,2018-06-06,21.451099,21.540001,21.323799,21.469999,19.29665,110072.0,110072.0,0.0189,0.088,21.4446,"June 06, 18",0.00088
0,2018-06-05,21.4184,21.540001,21.360001,21.469999,19.29665,11025.0,11025.0,0.0516,0.241,21.45667,"June 05, 18",0.00241
0,2018-06-04,21.3253,21.389999,21.2302,21.309999,19.152847,30044.0,30044.0,-0.0153,-0.072,21.31007,"June 04, 18",-0.00072
0,2018-06-01,21.23,21.280001,21.114201,21.200001,19.053982,152868.0,152868.0,-0.03,-0.141,21.19807,"June 01, 18",-0.00141
0,2018-05-31,21.030001,21.339899,20.676701,21.110001,18.973095,12020.0,12020.0,0.08,0.38,21.0422,"May 31, 18",0.0038
0,2018-05-30,21.08,21.18,21.0392,21.0392,18.90946,41692.0,41692.0,-0.0408,-0.194,21.08613,"May 30, 18",-0.00194
0,2018-05-29,21.5,21.5446,20.950001,20.950001,18.829292,26855.0,26855.0,-0.55,-2.558,21.1482,"May 29, 18",-0.02558
0,2018-05-25,21.559999,21.559999,21.309999,21.309999,19.152847,140958.0,140958.0,-0.25,-1.16,21.39333,"May 25, 18",-0.0116
0,2018-05-24,21.52,21.65,21.440001,21.610001,19.422482,322863.0,322863.0,0.09,0.418,21.56667,"May 24, 18",0.00418
0,2018-05-23,21.530001,21.704399,21.530001,21.530001,19.350576,11866.0,11866.0,0.0,0.0,21.58813,"May 23, 18",0.0
0,2018-05-22,21.83,21.83,21.6,21.66,19.467421,22726.0,22726.0,-0.17,-0.779,21.69667,"May 22, 18",-0.00779
0,2018-05-21,21.700001,21.809999,21.690001,21.700001,19.435963,13568.0,13568.0,0.0,0.0,21.73333,"May 21, 18",0.0
0,2018-05-18,21.969999,21.969999,21.65,21.65,19.391178,25507.0,25507.0,-0.32,-1.457,21.75667,"May 18, 18",-0.01457
0,2018-05-17,21.99,21.99,21.7031,21.780001,19.507614,27012.0,27012.0,-0.21,-0.955,21.82437,"May 17, 18",-0.00955
0,2018-05-16,21.74,21.84,21.700001,21.775,19.503136,58804.0,58804.0,0.035,0.161,21.77167,"May 16, 18",0.00161
0,2018-05-15,21.68,21.68,21.6359,21.6551,19.395752,22072.0,22072.0,-0.0249,-0.115,21.657,"May 15, 18",-0.00115
0,2018-05-14,21.51,21.639999,21.51,21.559999,19.310564,5192.0,5192.0,0.05,0.232,21.57,"May 14, 18",0.00232
0,2018-05-11,21.5898,21.620001,21.51,21.51,19.265781,9042.0,9042.0,-0.0798,-0.37,21.54667,"May 11, 18",-0.0037
0,2018-05-10,22.48,22.48,21.389999,21.51,19.265781,97210.0,97210.0,-0.97,-4.315,21.79333,"May 10, 18",-0.04315
0,2018-05-09,21.57,21.6,21.495001,21.549999,19.301607,16182.0,16182.0,-0.02,-0.093,21.54833,"May 09, 18",-0.00093
0,2018-05-08,21.559999,21.57,21.4781,21.4781,19.237211,27550.0,27550.0,-0.0819,-0.38,21.50873,"May 08, 18",-0.0038
0,2018-05-07,21.5,21.549999,21.417,21.417,19.182486,7097.0,7097.0,-0.083,-0.386,21.46133,"May 07, 18",-0.00386
0,2018-05-04,21.379999,21.5,21.25,21.4701,19.230045,138799.0,138799.0,0.0901,0.421,21.4067,"May 04, 18",0.00421
0,2018-05-03,21.41,21.559601,21.401899,21.41,19.176218,4361.0,4361.0,0.0,0.0,21.45717,"May 03, 18",0.0
0,2018-05-02,21.450001,21.5,21.3603,21.495001,19.252346,13563.0,13563.0,0.045,0.21,21.45177,"May 02, 18",0.0021
0,2018-05-01,21.5,21.51,21.398701,21.51,19.265781,14042.0,14042.0,0.01,0.047,21.4729,"May 01, 18",0.00047
0,2018-04-30,21.41,21.51,21.281,21.509701,19.265516,11325.0,11325.0,0.0997,0.466,21.43357,"April 30, 18",0.00466
0,2018-04-27,21.540001,21.569901,21.320101,21.49,19.247875,9615.0,9615.0,-0.05,-0.232,21.46,"April 27, 18",-0.00232
0,2018-04-26,21.690001,21.690001,21.408701,21.5499,19.301517,11277.0,11277.0,-0.1401,-0.646,21.54953,"April 26, 18",-0.00646
0,2018-04-25,21.5,21.549999,21.459999,21.540001,19.292658,120261.0,120261.0,0.04,0.186,21.51667,"April 25, 18",0.00186
0,2018-04-24,21.6,21.6,21.450001,21.450001,19.212048,8218.0,8218.0,-0.15,-0.694,21.5,"April 24, 18",-0.00694
0,2018-04-23,21.469999,21.6199,21.469999,21.6,19.279221,5465.0,5465.0,0.13,0.605,21.5633,"April 23, 18",0.00605
0,2018-04-20,21.507099,21.559999,21.4401,21.4401,19.136497,6189.0,6189.0,-0.067,-0.312,21.48007,"April 20, 18",-0.00312
0,2018-04-19,21.4825,21.51,21.4771,21.49,19.181036,6530.0,6530.0,0.0075,0.035,21.49237,"April 19, 18",0.00035
0,2018-04-18,21.35,21.41,21.35,21.41,19.109636,2293.0,2293.0,0.06,0.281,21.39,"April 18, 18",0.00281
0,2018-04-17,21.52,21.52,21.342199,21.35,19.056078,2099.0,2099.0,-0.17,-0.79,21.40407,"April 17, 18",-0.0079
0,2018-04-16,21.4,21.41,21.35,21.370001,19.073933,6760.0,6760.0,-0.03,-0.14,21.37667,"April 16, 18",-0.0014
0,2018-04-13,21.299999,21.379999,21.25,21.379999,19.082859,3565.0,3565.0,0.08,0.376,21.33667,"April 13, 18",0.00376
0,2018-04-12,21.219999,21.2838,21.200001,21.2356,18.95397,61967.0,61967.0,0.0156,0.074,21.2398,"April 12, 18",0.00074
0,2018-04-11,21.089199,21.129999,21.014999,21.1,18.832941,8163.0,8163.0,0.0108,0.051,21.08167,"April 11, 18",0.00051
0,2018-04-10,21.218,21.257401,21.136999,21.136999,18.865963,5277.0,5277.0,-0.081,-0.382,21.17713,"April 10, 18",-0.00382
0,2018-04-09,21.110001,21.200001,21.025,21.049999,18.788313,6376.0,6376.0,-0.06,-0.284,21.09167,"April 09, 18",-0.00284
0,2018-04-06,21.290001,21.339899,21.1,21.110001,18.841866,5661.0,5661.0,-0.18,-0.845,21.1833,"April 06, 18",-0.00845
0,2018-04-05,21.200001,21.200001,21.120001,21.142,18.870428,106853.0,106853.0,-0.058,-0.274,21.154,"April 05, 18",-0.00274
0,2018-04-04,20.969999,21.139999,20.870001,21.1,18.832941,7210.0,7210.0,0.13,0.62,21.03667,"April 04, 18",0.0062
0,2018-04-03,20.9324,21.110001,20.559999,21.110001,18.841866,58842.0,58842.0,0.1776,0.848,20.92667,"April 03, 18",0.00848
0,2018-04-02,21.139999,21.139999,20.937,21.08,18.81509,6923.0,6923.0,-0.06,-0.284,21.05233,"April 02, 18",-0.00284
0,2018-03-29,21.450001,21.450001,21.049801,21.139999,18.868647,37734.0,37734.0,-0.31,-1.445,21.21327,"March 29, 18",-0.01445
0,2018-03-28,21.1462,21.219999,21.1462,21.219999,18.940048,3926.0,3926.0,0.0738,0.349,21.1954,"March 28, 18",0.00349
0,2018-03-27,21.5,21.5,21.059999,21.16,18.886499,20909.0,20909.0,-0.34,-1.581,21.24,"March 27, 18",-0.01581
0,2018-03-26,21.26,21.26,21.1112,21.26,18.975748,7876.0,7876.0,0.0,0.0,21.2104,"March 26, 18",0.0
0,2018-03-23,21.5,21.5,21.120001,21.120001,18.850792,5715.0,5715.0,-0.38,-1.767,21.24667,"March 23, 18",-0.01767
0,2018-03-22,21.25,21.3955,21.17,21.17,18.895418,9685.0,9685.0,-0.08,-0.376,21.24517,"March 22, 18",-0.00376
0,2018-03-21,21.49,21.49,21.1998,21.289801,19.002348,5245.0,5245.0,-0.2002,-0.932,21.32653,"March 21, 18",-0.00932
0,2018-03-20,21.299999,21.299999,21.219999,21.290001,19.002527,3248.0,3248.0,-0.01,-0.047,21.27,"March 20, 18",-0.00047
0,2018-03-19,21.49,21.49,21.23,21.24,18.88203,16141.0,16141.0,-0.25,-1.163,21.32,"March 19, 18",-0.01163
0,2018-03-16,21.379999,21.379999,21.23,21.23,18.87314,9229.0,9229.0,-0.15,-0.702,21.28,"March 16, 18",-0.00702
0,2018-03-15,21.299999,21.389999,21.26,21.35,18.979818,16485.0,16485.0,0.05,0.235,21.33333,"March 15, 18",0.00235
0,2018-03-14,21.5,21.5,21.27,21.309999,18.944258,14278.0,14278.0,-0.19,-0.884,21.36,"March 14, 18",-0.00884
0,2018-03-13,21.459999,21.5,21.348499,21.5,19.113167,13077.0,13077.0,0.04,0.186,21.4495,"March 13, 18",0.00186
0,2018-03-12,21.43,21.57,21.43,21.5,19.113167,16747.0,16747.0,0.07,0.327,21.5,"March 12, 18",0.00327
0,2018-03-09,21.52,21.549999,21.24,21.5,19.113167,34575.0,34575.0,-0.02,-0.093,21.43,"March 09, 18",-0.00093
0,2018-03-08,21.3743,21.4837,21.290001,21.32,18.95315,8381.0,8381.0,-0.0543,-0.254,21.36457,"March 08, 18",-0.00254
0,2018-03-07,21.475,21.6,21.305,21.343599,18.974125,7467.0,7467.0,-0.1314,-0.612,21.4162,"March 07, 18",-0.00612
0,2018-03-06,21.59,21.65,21.4,21.65,19.246515,18584.0,18584.0,0.06,0.278,21.56667,"March 06, 18",0.00278
0,2018-03-05,21.3573,21.59,21.3573,21.59,19.193174,12557.0,12557.0,0.2327,1.09,21.51243,"March 05, 18",0.0109
0,2018-03-02,21.6,21.6,21.262501,21.498699,19.112015,7646.0,7646.0,-0.1013,-0.469,21.45373,"March 02, 18",-0.00469
0,2018-03-01,21.48,21.690001,21.2302,21.639999,19.237627,97410.0,97410.0,0.16,0.745,21.52007,"March 01, 18",0.00745
0,2018-02-28,21.59,21.77,21.290001,21.66,19.255409,30751.0,30751.0,0.07,0.324,21.57333,"February 28, 18",0.00324
0,2018-02-27,21.65,21.65,21.540001,21.6,19.202068,11741.0,11741.0,-0.05,-0.231,21.59667,"February 27, 18",-0.00231
0,2018-02-26,21.950001,21.950001,21.33,21.450001,19.06872,23163.0,23163.0,-0.5,-2.278,21.57667,"February 26, 18",-0.02278
0,2018-02-23,21.42,21.67,21.379999,21.5,19.113167,24737.0,24737.0,0.08,0.373,21.51667,"February 23, 18",0.00373
0,2018-02-22,21.530001,21.709999,21.450001,21.530001,19.139835,122314.0,122314.0,0.0,0.0,21.56333,"February 22, 18",0.0
0,2018-02-21,21.567101,21.6,21.4813,21.49,19.104273,16903.0,16903.0,-0.0771,-0.357,21.52377,"February 21, 18",-0.00357
0,2018-02-20,21.48,21.889999,21.278,21.3992,19.02356,11357.0,11357.0,-0.0808,-0.376,21.5224,"February 20, 18",-0.00376
0,2018-02-16,21.549999,21.700001,21.43,21.43,18.970934,50277.0,50277.0,-0.12,-0.557,21.52,"February 16, 18",-0.00557
0,2018-02-15,21.83,21.83,21.4032,21.4168,18.959244,19796.0,19796.0,-0.4132,-1.893,21.55,"February 15, 18",-0.01893
0,2018-02-14,21.360001,21.5,21.192801,21.5,19.032898,13586.0,13586.0,0.14,0.655,21.3976,"February 14, 18",0.00655
0,2018-02-13,21.309999,21.35,21.26,21.26,18.820435,9269.0,9269.0,-0.05,-0.235,21.29,"February 13, 18",-0.00235
0,2018-02-12,21.959999,21.959999,20.8629,21.1674,18.738464,18691.0,18691.0,-0.7926,-3.609,21.3301,"February 12, 18",-0.03609
0,2018-02-09,21.74,21.74,21.07,21.379999,18.926666,26787.0,26787.0,-0.36,-1.656,21.39667,"February 09, 18",-0.01656
0,2018-02-08,21.343,21.389999,21.1523,21.16,18.731916,6471.0,6471.0,-0.183,-0.857,21.2341,"February 08, 18",-0.00857
0,2018-02-07,21.200001,21.200001,20.992901,21.025,18.612404,4078.0,4078.0,-0.175,-0.825,21.07263,"February 07, 18",-0.00825
0,2018-02-06,20.959999,21.5,20.9,21.2479,18.809723,18134.0,18134.0,0.2879,1.374,21.21597,"February 06, 18",0.01374
0,2018-02-05,21.35,21.4,21.01,21.07,18.652241,28194.0,28194.0,-0.28,-1.311,21.16,"February 05, 18",-0.01311
0,2018-02-02,21.214701,21.370001,21.1096,21.290001,18.847,29999.0,29999.0,0.0753,0.355,21.25653,"February 02, 18",0.00355
0,2018-02-01,21.038099,21.038099,21.038099,21.038099,18.624002,0.0,0.0,0.0,0.0,0.0,"February 01, 18",0.0
0,2018-01-31,21.26,21.26,21.038099,21.038099,18.624002,563.0,563.0,-0.2219,-1.044,21.11207,"January 31, 18",-0.01044
0,2018-01-30,21.040001,21.128099,21.014999,21.014999,18.603554,949.0,949.0,-0.025,-0.119,21.0527,"January 30, 18",-0.00119
0,2018-01-29,21.02,21.02,21.02,21.02,18.607977,0.0,0.0,0.0,0.0,0.0,"January 29, 18",0.0
0,2018-01-26,21.02,21.02,21.02,21.02,18.607977,487.0,487.0,0.0,0.0,21.02,"January 26, 18",0.0
0,2018-01-25,21.51,21.51,21.1,21.1,18.678801,5711.0,5711.0,-0.41,-1.906,21.23667,"January 25, 18",-0.01906
0,2018-01-24,20.9352,21.153299,20.9352,21.153299,18.725975,984.0,984.0,0.2181,1.042,21.0806,"January 24, 18",0.01042
0,2018-01-23,21.200001,21.200001,21.063499,21.09,18.669947,5075.0,5075.0,-0.11,-0.519,21.11783,"January 23, 18",-0.00519
0,2018-01-22,21.1497,21.370001,21.1497,21.299999,18.776173,2031.0,2031.0,0.1503,0.711,21.27323,"January 22, 18",0.00711
0,2018-01-19,21.1,21.299999,21.0439,21.17,18.661575,8499.0,8499.0,0.07,0.332,21.1713,"January 19, 18",0.00332
0,2018-01-18,21.5,21.5,21.1604,21.1604,18.65312,1022.0,1022.0,-0.3396,-1.58,21.2736,"January 18, 18",-0.0158
0,2018-01-17,21.02,21.089001,21.0,21.089001,18.590179,2675.0,2675.0,0.069,0.328,21.05933,"January 17, 18",0.00328
0,2018-01-16,20.879999,20.975,20.82,20.82,18.353046,1853.0,1853.0,-0.06,-0.287,20.87167,"January 16, 18",-0.00287
0,2018-01-12,21.224199,21.224199,20.799999,20.799999,18.335417,1222.0,1222.0,-0.4242,-1.999,20.9414,"January 12, 18",-0.01999
0,2018-01-11,20.709999,20.975,20.709999,20.966,18.481747,2123.0,2123.0,0.256,1.236,20.88367,"January 11, 18",0.01236
0,2018-01-10,21.219999,21.219999,20.7173,20.7173,18.262516,2010.0,2010.0,-0.5027,-2.369,20.88487,"January 10, 18",-0.02369
0,2018-01-09,21.049999,21.049999,21.049999,21.049999,18.555799,0.0,0.0,0.0,0.0,0.0,"January 09, 18",0.0
0,2018-01-08,20.75,21.049999,20.5881,21.049999,18.555799,8338.0,8338.0,0.3,1.446,20.89603,"January 08, 18",0.01446
0,2018-01-05,21.120001,21.120001,20.828699,20.828699,18.360718,807.0,807.0,-0.2913,-1.379,20.9258,"January 05, 18",-0.01379
0,2018-01-04,20.719999,20.999901,20.700001,20.9046,18.427622,1823.0,1823.0,0.1846,0.891,20.86817,"January 04, 18",0.00891
0,2018-01-03,20.690001,20.7889,20.690001,20.7889,18.32563,1196.0,1196.0,0.0989,0.478,20.75593,"January 03, 18",0.00478
0,2018-01-02,20.58,20.7103,20.49,20.689899,18.238361,4611.0,4611.0,0.1099,0.534,20.63007,"January 02, 18",0.00534
0,2017-12-29,20.610001,20.610001,20.4,20.5,18.070965,9769.0,9769.0,-0.11,-0.534,20.50333,"December 29, 17",-0.00534
0,2017-12-28,20.4613,20.9091,20.4613,20.6387,18.193233,2427.0,2427.0,0.1774,0.867,20.6697,"December 28, 17",0.00867
0,2017-12-27,20.8687,20.8687,20.43,20.5327,18.099791,3148.0,3148.0,-0.336,-1.61,20.61047,"December 27, 17",-0.0161
0,2017-12-26,20.639999,20.639999,20.639999,20.639999,18.19438,0.0,0.0,0.0,0.0,0.0,"December 26, 17",0.0
0,2017-12-22,20.7211,20.7211,20.639999,20.639999,18.11945,453.0,453.0,-0.0811,-0.391,20.66703,"December 22, 17",-0.00391
0,2017-12-21,20.77,21.01,20.77,21.01,18.444269,1118.0,1118.0,0.24,1.156,20.93,"December 21, 17",0.01156
0,2017-12-20,20.75,20.75,20.75,20.75,18.216011,1052.0,1052.0,0.0,0.0,20.75,"December 20, 17",0.0
0,2017-12-19,20.7164,20.790001,20.6133,20.709999,18.180897,2655.0,2655.0,-0.0064,-0.031,20.70443,"December 19, 17",-0.00031
0,2017-12-18,20.658899,20.909901,20.549999,20.909901,18.356388,26453.0,26453.0,0.251,1.215,20.78993,"December 18, 17",0.01215
0,2017-12-15,20.52,20.66,20.5,20.5765,18.063705,2874.0,2874.0,0.0565,0.275,20.57883,"December 15, 17",0.00275
0,2017-12-14,20.7211,20.73,20.530001,20.589199,18.074848,1834.0,1834.0,-0.1319,-0.637,20.6164,"December 14, 17",-0.00637
0,2017-12-13,20.6122,20.989,20.540001,20.702,18.173878,8021.0,8021.0,0.0898,0.436,20.74367,"December 13, 17",0.00436
0,2017-12-12,20.67,20.67,20.549999,20.570801,18.058702,2400.0,2400.0,-0.0992,-0.48,20.59693,"December 12, 17",-0.0048
0,2017-12-11,20.51,20.610001,20.51,20.610001,18.093109,13565.0,13565.0,0.1,0.488,20.57667,"December 11, 17",0.00488
0,2017-12-08,20.59,20.768999,20.450001,20.6,18.084335,1654.0,1654.0,0.01,0.049,20.60633,"December 08, 17",0.00049
0,2017-12-07,20.573799,20.573799,20.4762,20.4762,17.975647,1682.0,1682.0,-0.0976,-0.474,20.50873,"December 07, 17",-0.00474
0,2017-12-06,20.65,20.75,20.433001,20.48,17.978989,5017.0,5017.0,-0.17,-0.823,20.55433,"December 06, 17",-0.00823
0,2017-12-05,20.799999,20.799999,20.66,20.66,18.137005,306.0,306.0,-0.14,-0.673,20.70667,"December 05, 17",-0.00673
0,2017-12-04,20.8687,20.905899,20.68,20.74,18.207237,2867.0,2867.0,-0.1287,-0.617,20.7753,"December 04, 17",-0.00617
0,2017-12-01,20.665001,20.665001,20.5795,20.5795,18.066338,1330.0,1330.0,-0.0855,-0.414,20.608,"December 01, 17",-0.00414
0,2017-11-30,20.8109,20.8109,20.8109,20.8109,18.269484,334.0,334.0,0.0,0.0,20.8109,"November 30, 17",0.0
0,2017-11-29,20.5,20.98,20.5,20.799999,18.259912,9794.0,9794.0,0.3,1.463,20.76,"November 29, 17",0.01463
0,2017-11-28,20.469999,20.5464,20.450001,20.450001,17.952654,2448.0,2448.0,-0.02,-0.098,20.48213,"November 28, 17",-0.00098
0,2017-11-27,20.4925,20.4925,20.4925,20.4925,17.98996,684.0,684.0,0.0,0.0,20.4925,"November 27, 17",0.0
0,2017-11-24,20.599001,20.599001,20.41,20.423201,17.929127,1264.0,1264.0,-0.1758,-0.853,20.4774,"November 24, 17",-0.00853
0,2017-11-22,20.775,20.775,20.5331,20.5331,18.025599,338.0,338.0,-0.2419,-1.164,20.61373,"November 22, 17",-0.01164
0,2017-11-21,20.52,20.700001,20.52,20.620001,18.101891,1705.0,1705.0,0.1,0.487,20.61333,"November 21, 17",0.00487
0,2017-11-20,20.625999,20.745001,20.58,20.58,17.983377,1442.0,1442.0,-0.046,-0.223,20.635,"November 20, 17",-0.00223
0,2017-11-17,20.587999,20.745001,20.542801,20.542801,17.950872,1518.0,1518.0,-0.0452,-0.22,20.6102,"November 17, 17",-0.0022
0,2017-11-16,20.85,20.85,20.559999,20.6,18.000851,2373.0,2373.0,-0.25,-1.199,20.67,"November 16, 17",-0.01199
0,2017-11-15,20.57,20.674999,20.48,20.521299,17.932087,5455.0,5455.0,-0.0487,-0.237,20.55877,"November 15, 17",-0.00237
0,2017-11-14,20.985001,20.985001,20.58,20.938,18.296206,1550.0,1550.0,-0.047,-0.224,20.83433,"November 14, 17",-0.00224
0,2017-11-13,20.931999,21.039,20.674999,20.976101,18.3295,2297.0,2297.0,0.0441,0.211,20.8967,"November 13, 17",0.00211
0,2017-11-10,20.590099,20.590099,20.590099,20.590099,17.992201,625.0,625.0,0.0,0.0,20.5901,"November 10, 17",0.0
0,2017-11-09,20.690001,20.719999,20.549999,20.549999,17.957163,4773.0,4773.0,-0.14,-0.677,20.60667,"November 09, 17",-0.00677
0,2017-11-08,20.6,20.6,20.596201,20.596201,17.997534,2244.0,2244.0,-0.0038,-0.018,20.59747,"November 08, 17",-0.00018
0,2017-11-07,20.6,20.6,20.6,20.6,18.000851,244.0,244.0,0.0,0.0,20.6,"November 07, 17",0.0
0,2017-11-06,20.51,20.66,20.51,20.66,18.053284,495.0,495.0,0.15,0.731,20.61,"November 06, 17",0.00731
0,2017-11-03,20.459999,20.693899,20.459999,20.613001,18.012207,3299.0,3299.0,0.153,0.748,20.58897,"November 03, 17",0.00748
0,2017-11-02,20.83,20.83,20.59,20.59,17.992119,1506.0,1506.0,-0.24,-1.152,20.67,"November 02, 17",-0.01152
0,2017-11-01,20.75,20.75,20.75,20.75,18.131929,1183.0,1183.0,0.0,0.0,20.75,"November 01, 17",0.0
0,2017-10-31,20.85,20.85,20.651199,20.651199,18.045595,2719.0,2719.0,-0.1988,-0.953,20.71747,"October 31, 17",-0.00953
0,2017-10-30,20.860001,20.860001,20.620001,20.620001,18.018328,13582.0,13582.0,-0.24,-1.151,20.7,"October 30, 17",-0.01151
0,2017-10-27,20.857401,20.864401,20.857401,20.862101,18.229887,920.0,920.0,0.0047,0.023,20.8613,"October 27, 17",0.00023
0,2017-10-26,20.9,20.948999,20.8876,20.8876,18.252167,619.0,619.0,-0.0124,-0.059,20.90807,"October 26, 17",-0.00059
0,2017-10-25,20.860001,20.985001,20.857401,20.919001,18.279602,2078.0,2078.0,0.059,0.283,20.92047,"October 25, 17",0.00283
0,2017-10-24,20.771,20.839001,20.753201,20.804001,18.179121,3829.0,3829.0,0.033,0.159,20.79873,"October 24, 17",0.00159
0,2017-10-23,20.7904,20.7904,20.77,20.77,18.070765,1915.0,1915.0,-0.0204,-0.098,20.7768,"October 23, 17",-0.00098
0,2017-10-20,20.790001,20.7955,20.790001,20.7955,18.092939,745.0,745.0,0.0055,0.026,20.79367,"October 20, 17",0.00026
0,2017-10-19,20.7148,20.7148,20.7148,20.7148,18.022734,0.0,0.0,0.0,0.0,0.0,"October 19, 17",0.0
0,2017-10-18,20.7876,20.7876,20.700701,20.7148,18.022734,1257.0,1257.0,-0.0728,-0.35,20.73437,"October 18, 17",-0.0035
0,2017-10-17,20.879999,20.879999,20.642,20.642,17.959396,2219.0,2219.0,-0.238,-1.14,20.72133,"October 17, 17",-0.0114
0,2017-10-16,20.776899,20.776899,20.59,20.673201,17.986544,7110.0,7110.0,-0.1037,-0.499,20.68003,"October 16, 17",-0.00499
0,2017-10-13,20.9,20.9,20.67,20.74,18.044664,5376.0,5376.0,-0.16,-0.766,20.77,"October 13, 17",-0.00766
0,2017-10-12,20.7124,20.84,20.7124,20.780001,18.07946,2168.0,2168.0,0.0676,0.326,20.77747,"October 12, 17",0.00326
0,2017-10-11,20.92,20.92,20.82,20.82,18.114262,846.0,846.0,-0.1,-0.478,20.85333,"October 11, 17",-0.00478
0,2017-10-10,20.7314,20.8076,20.7314,20.8076,18.103476,710.0,710.0,0.0762,0.368,20.7822,"October 10, 17",0.00368
0,2017-10-09,20.84,20.84,20.84,20.84,18.131664,112.0,112.0,0.0,0.0,20.84,"October 09, 17",0.0
0,2017-10-06,20.75,20.9,20.75,20.85,18.140364,15482.0,15482.0,0.1,0.482,20.83333,"October 06, 17",0.00482
0,2017-10-05,20.74,20.74,20.74,20.74,18.044664,658.0,658.0,0.0,0.0,20.74,"October 05, 17",0.0
0,2017-10-04,20.6586,20.75,20.629999,20.75,18.053358,835.0,835.0,0.0914,0.442,20.71,"October 04, 17",0.00442
0,2017-10-03,20.73,20.73,20.6915,20.6915,18.00246,1014.0,1014.0,-0.0385,-0.186,20.70433,"October 03, 17",-0.00186
0,2017-10-02,20.629999,20.639999,20.629999,20.632,17.950695,1321.0,1321.0,0.002,0.01,20.634,"October 02, 17",0.0001
0,2017-09-29,20.57,20.65,20.57,20.625,17.944601,42075.0,42075.0,0.055,0.267,20.615,"September 29, 17",0.00267
0,2017-09-28,20.67,20.709999,20.662001,20.709999,18.018559,1815.0,1815.0,0.04,0.194,20.694,"September 28, 17",0.00194
0,2017-09-27,20.57,20.66,20.57,20.66,17.975054,13265.0,13265.0,0.09,0.438,20.63,"September 27, 17",0.00438
0,2017-09-26,20.5334,20.5499,20.502001,20.530001,17.861948,1121.0,1121.0,-0.0034,-0.017,20.5273,"September 26, 17",-0.00017
0,2017-09-25,20.57,20.643999,20.5473,20.5473,17.800442,2635.0,2635.0,-0.0227,-0.11,20.57953,"September 25, 17",-0.0011
0,2017-09-22,20.671,20.671,20.551001,20.551001,17.803646,470.0,470.0,-0.12,-0.581,20.591,"September 22, 17",-0.00581
0,2017-09-21,20.790001,20.790001,20.610001,20.6439,17.884127,2752.0,2752.0,-0.1461,-0.703,20.6813,"September 21, 17",-0.00703
0,2017-09-20,20.620001,20.76,20.6001,20.73,17.958712,8267.0,8267.0,0.11,0.533,20.6967,"September 20, 17",0.00533
0,2017-09-19,20.58,20.6322,20.58,20.6,17.846094,1439.0,1439.0,0.02,0.097,20.60407,"September 19, 17",0.00097
0,2017-09-18,20.605,20.638,20.5872,20.5872,17.835011,778.0,778.0,-0.0178,-0.086,20.60413,"September 18, 17",-0.00086
0,2017-09-15,20.530001,20.629999,20.5201,20.629999,17.872084,2270.0,2270.0,0.1,0.487,20.59337,"September 15, 17",0.00487
0,2017-09-14,20.5389,20.5389,20.5389,20.5389,17.793161,845.0,845.0,0.0,0.0,20.5389,"September 14, 17",0.0
0,2017-09-13,20.4809,20.584999,20.4809,20.584999,17.833099,606.0,606.0,0.1041,0.508,20.5503,"September 13, 17",0.00508
0,2017-09-12,20.5506,20.559999,20.5506,20.558701,17.810314,2032.0,2032.0,0.0081,0.039,20.55643,"September 12, 17",0.00039
0,2017-09-11,20.4422,20.5394,20.4,20.4,17.672829,1498.0,1498.0,-0.0422,-0.206,20.44647,"September 11, 17",-0.00206
0,2017-09-08,20.299999,20.4503,20.299999,20.376801,17.652735,3687.0,3687.0,0.0768,0.378,20.3757,"September 08, 17",0.00378
0,2017-09-07,20.518499,20.518499,20.518499,20.518499,17.775484,111.0,111.0,0.0,0.0,20.5185,"September 07, 17",0.0
0,2017-09-06,20.26,20.440001,20.26,20.408501,17.680195,1495.0,1495.0,0.1485,0.733,20.3695,"September 06, 17",0.00733
0,2017-09-05,20.5084,20.5084,20.5084,20.5084,17.766743,865.0,865.0,0.0,0.0,20.5084,"September 05, 17",0.0
0,2017-09-01,20.538799,20.538799,20.538799,20.538799,17.793074,459.0,459.0,0.0,0.0,20.5388,"September 01, 17",0.0
0,2017-08-31,20.504999,20.504999,20.4216,20.4216,17.691544,712.0,712.0,-0.0834,-0.407,20.4494,"August 31, 17",-0.00407
0,2017-08-30,20.5548,20.610001,20.389999,20.610001,17.854752,3545.0,3545.0,0.0552,0.269,20.53667,"August 30, 17",0.00269
0,2017-08-29,20.379999,20.538401,20.3515,20.379999,17.655504,3324.0,3324.0,0.0,0.0,20.4233,"August 29, 17",0.0
0,2017-08-28,20.6084,20.6084,20.545,20.545,17.798447,545.0,545.0,-0.0634,-0.308,20.56613,"August 28, 17",-0.00308
0,2017-08-25,20.42,20.42,20.42,20.42,17.690157,246.0,246.0,0.0,0.0,20.42,"August 25, 17",0.0
0,2017-08-24,20.618999,20.618999,20.4,20.4,17.672829,4086.0,4086.0,-0.219,-1.062,20.473,"August 24, 17",-0.01062
0,2017-08-23,20.6194,20.6194,20.4123,20.4123,17.683493,3511.0,3511.0,-0.2071,-1.004,20.48133,"August 23, 17",-0.01004
0,2017-08-22,20.549999,20.549999,20.4,20.403999,17.676296,1632.0,1632.0,-0.146,-0.71,20.45133,"August 22, 17",-0.0071
0,2017-08-21,20.450001,20.520201,20.35,20.360001,17.638174,3314.0,3314.0,-0.09,-0.44,20.41007,"August 21, 17",-0.0044
0,2017-08-18,20.524799,20.524799,20.450001,20.450001,17.646837,1413.0,1413.0,-0.0748,-0.364,20.47493,"August 18, 17",-0.00364
0,2017-08-17,20.59,20.59,20.49,20.510799,17.699303,3492.0,3492.0,-0.0792,-0.385,20.53027,"August 17, 17",-0.00385
0,2017-08-16,20.65,20.681,20.610001,20.610001,17.784904,1585.0,1585.0,-0.04,-0.194,20.63367,"August 16, 17",-0.00194
0,2017-08-15,20.610001,20.6157,20.580999,20.600599,17.7768,2942.0,2942.0,-0.0094,-0.046,20.5991,"August 15, 17",-0.00046
0,2017-08-14,20.540001,20.559999,20.5298,20.530001,17.715874,740.0,740.0,-0.01,-0.049,20.53993,"August 14, 17",-0.00049
0,2017-08-11,20.5408,20.6243,20.51,20.51,17.698618,1682.0,1682.0,-0.0308,-0.15,20.5481,"August 11, 17",-0.0015
0,2017-08-10,20.6446,20.778999,20.571899,20.622999,17.796127,4127.0,4127.0,-0.0216,-0.105,20.65797,"August 10, 17",-0.00105
0,2017-08-09,20.620001,20.804001,20.620001,20.690001,17.853945,4800.0,4800.0,0.07,0.339,20.70467,"August 09, 17",0.00339
0,2017-08-08,20.681999,20.790001,20.65,20.790001,17.940237,1783.0,1783.0,0.108,0.522,20.74333,"August 08, 17",0.00522
0,2017-08-07,20.732401,20.74,20.729601,20.7302,17.88863,2550.0,2550.0,-0.0022,-0.011,20.73327,"August 07, 17",-0.00011
0,2017-08-04,20.680099,20.77,20.680099,20.760799,17.915039,819.0,819.0,0.0807,0.39,20.73697,"August 04, 17",0.0039
0,2017-08-03,20.799999,20.84,20.708599,20.84,17.983385,3632.0,3632.0,0.04,0.192,20.7962,"August 03, 17",0.00192
0,2017-08-02,20.799999,20.799999,20.753799,20.768999,17.922113,1646.0,1646.0,-0.031,-0.149,20.77427,"August 02, 17",-0.00149
0,2017-08-01,20.7682,20.799999,20.758101,20.790001,17.940237,3777.0,3777.0,0.0218,0.105,20.7827,"August 01, 17",0.00105
0,2017-07-31,20.809999,20.809999,20.809999,20.809999,17.957495,0.0,0.0,0.0,0.0,0.0,"July 31, 17",0.0
0,2017-07-28,20.82,20.829901,20.809999,20.809999,17.957495,17237.0,17237.0,-0.01,-0.048,20.81663,"July 28, 17",-0.00048
0,2017-07-27,20.839001,20.839001,20.839001,20.839001,17.982519,258.0,258.0,0.0,0.0,20.839,"July 27, 17",0.0
0,2017-07-26,20.84,20.84,20.809999,20.809999,17.957495,3087.0,3087.0,-0.03,-0.144,20.82,"July 26, 17",-0.00144
0,2017-07-25,20.719999,20.719999,20.719999,20.719999,17.879831,0.0,0.0,0.0,0.0,0.0,"July 25, 17",0.0
0,2017-07-24,20.6719,20.7355,20.6719,20.719999,17.879831,1632.0,1632.0,0.0481,0.233,20.70913,"July 24, 17",0.00233
0,2017-07-21,20.7286,20.7286,20.7286,20.7286,17.822535,131.0,131.0,0.0,0.0,20.7286,"July 21, 17",0.0
0,2017-07-20,20.836,20.836,20.83,20.83,17.909719,1021.0,1021.0,-0.006,-0.029,20.832,"July 20, 17",-0.00029
0,2017-07-19,20.84,20.84,20.82,20.834999,17.914019,461.0,461.0,-0.005,-0.024,20.83167,"July 19, 17",-0.00024
0,2017-07-18,20.8022,20.839899,20.799999,20.839899,17.918226,2197.0,2197.0,0.0377,0.181,20.8266,"July 18, 17",0.00181
0,2017-07-17,20.7211,20.98,20.7211,20.98,18.038683,3696.0,3696.0,0.2589,1.249,20.8937,"July 17, 17",0.01249
0,2017-07-14,20.975,20.975,20.82,20.82,17.901117,4993.0,4993.0,-0.155,-0.739,20.87167,"July 14, 17",-0.00739
0,2017-07-13,20.858999,20.8983,20.858999,20.879999,17.952703,20513.0,20513.0,0.021,0.101,20.8791,"July 13, 17",0.00101
0,2017-07-12,20.9,20.955,20.872601,20.910101,17.97859,25211.0,25211.0,0.0101,0.048,20.91257,"July 12, 17",0.00048
0,2017-07-11,20.886,21.01,20.886,20.9,17.969906,7773.0,7773.0,0.014,0.067,20.932,"July 11, 17",0.00067
0,2017-07-10,20.9,21.019899,20.781,20.781,17.867588,8163.0,8163.0,-0.119,-0.569,20.86063,"July 10, 17",-0.00569
0,2017-07-07,20.989901,20.989901,20.989901,20.989901,18.047201,0.0,0.0,0.0,0.0,0.0,"July 07, 17",0.0
0,2017-07-06,20.989901,20.989901,20.989901,20.989901,18.047201,107.0,107.0,0.0,0.0,20.9899,"July 06, 17",0.0
0,2017-07-05,20.85,20.903099,20.763,20.780001,17.866726,2090.0,2090.0,-0.07,-0.336,20.81537,"July 05, 17",-0.00336
0,2017-07-03,20.82,20.8671,20.82,20.858801,17.934479,663.0,663.0,0.0388,0.186,20.84863,"July 03, 17",0.00186
0,2017-06-30,20.6,20.7043,20.59,20.7043,17.801632,1527.0,1527.0,0.1043,0.506,20.6662,"June 30, 17",0.00506
0,2017-06-29,20.719999,20.719999,20.624701,20.624701,17.7332,807.0,807.0,-0.0953,-0.46,20.65647,"June 29, 17",-0.0046
0,2017-06-28,20.51,20.51,20.48,20.5,17.625984,7412.0,7412.0,-0.01,-0.049,20.49667,"June 28, 17",-0.00049
0,2017-06-27,20.370001,20.4683,20.370001,20.43,17.565802,9019.0,9019.0,0.06,0.295,20.42277,"June 27, 17",0.00295
0,2017-06-26,20.469999,20.469999,20.351,20.370001,17.514204,3622.0,3622.0,-0.1,-0.489,20.397,"June 26, 17",-0.00489
0,2017-06-23,20.6395,20.6493,20.533701,20.579399,17.625469,2652.0,2652.0,-0.0601,-0.291,20.58747,"June 23, 17",-0.00291
0,2017-06-22,20.535,20.608299,20.43,20.608299,17.650213,2924.0,2924.0,0.0733,0.357,20.54887,"June 22, 17",0.00357
0,2017-06-21,20.6,20.629101,20.5651,20.5651,17.613214,4523.0,4523.0,-0.0349,-0.169,20.58643,"June 21, 17",-0.00169
0,2017-06-20,20.65,20.65,20.6,20.6,17.643112,1367.0,1367.0,-0.05,-0.242,20.61667,"June 20, 17",-0.00242
0,2017-06-19,20.66,20.74,20.6388,20.6388,17.676334,3196.0,3196.0,-0.0212,-0.103,20.67253,"June 19, 17",-0.00103
0,2017-06-16,20.698,20.698,20.660999,20.660999,17.695358,436.0,436.0,-0.037,-0.179,20.67333,"June 16, 17",-0.00179
0,2017-06-15,20.719999,20.75,20.6,20.6,17.643112,2278.0,2278.0,-0.12,-0.579,20.65,"June 15, 17",-0.00579
0,2017-06-14,20.66,20.788,20.639999,20.788,17.804129,7881.0,7881.0,0.128,0.62,20.73867,"June 14, 17",0.0062
0,2017-06-13,20.700001,20.761101,20.700001,20.73,17.754444,5147.0,5147.0,0.03,0.145,20.73037,"June 13, 17",0.00145
0,2017-06-12,20.719999,20.719999,20.630699,20.700001,17.728758,3476.0,3476.0,-0.02,-0.097,20.68357,"June 12, 17",-0.00097
0,2017-06-09,20.698,20.75,20.698,20.75,17.771584,1686.0,1686.0,0.052,0.251,20.73267,"June 09, 17",0.00251
0,2017-06-08,20.67,20.67,20.67,20.67,17.70306,800.0,800.0,0.0,0.0,20.67,"June 08, 17",0.0
0,2017-06-07,20.719999,20.75,20.629999,20.65,17.685936,4400.0,4400.0,-0.07,-0.338,20.67667,"June 07, 17",-0.00338
0,2017-06-06,20.68,20.709999,20.67,20.67,17.70306,1000.0,1000.0,-0.01,-0.048,20.68333,"June 06, 17",-0.00048
0,2017-06-05,20.76,20.76,20.76,20.76,17.780149,300.0,300.0,0.0,0.0,20.76,"June 05, 17",0.0
0,2017-06-02,20.75,20.84,20.75,20.77,17.78871,6700.0,6700.0,0.02,0.096,20.78667,"June 02, 17",0.00096
0,2017-06-01,20.860001,20.9,20.799999,20.799999,17.814398,4100.0,4100.0,-0.06,-0.288,20.83333,"June 01, 17",-0.00288
0,2017-05-31,20.75,20.82,20.75,20.82,17.831532,800.0,800.0,0.07,0.337,20.79667,"May 31, 17",0.00337
0,2017-05-30,20.91,20.91,20.799999,20.809999,17.822969,6400.0,6400.0,-0.1,-0.478,20.84,"May 30, 17",-0.00478
0,2017-05-26,20.879999,20.9,20.75,20.75,17.771584,700.0,700.0,-0.13,-0.623,20.8,"May 26, 17",-0.00623
0,2017-05-25,20.940001,21.030001,20.91,20.91,17.908619,1000.0,1000.0,-0.03,-0.143,20.95,"May 25, 17",-0.00143
0,2017-05-24,20.73,20.93,20.73,20.93,17.925745,1800.0,1800.0,0.2,0.965,20.86333,"May 24, 17",0.00965
0,2017-05-23,20.799999,20.860001,20.75,20.83,17.840103,6000.0,6000.0,0.03,0.144,20.81333,"May 23, 17",0.00144
0,2017-05-22,20.809999,20.92,20.73,20.75,17.771584,2800.0,2800.0,-0.06,-0.288,20.8,"May 22, 17",-0.00288
0,2017-05-19,20.74,21.0,20.74,21.0,17.912893,800.0,800.0,0.26,1.254,20.91333,"May 19, 17",0.01254
0,2017-05-18,20.66,20.940001,20.66,20.940001,17.861715,1500.0,1500.0,0.28,1.355,20.84667,"May 18, 17",0.01355
0,2017-05-17,20.940001,21.01,20.870001,20.9,17.827595,4100.0,4100.0,-0.04,-0.191,20.92667,"May 17, 17",-0.00191
0,2017-05-16,21.049999,21.08,21.040001,21.08,17.981138,1800.0,1800.0,0.03,0.143,21.06667,"May 16, 17",0.00143
0,2017-05-15,21.08,21.08,21.049999,21.049999,17.955549,300.0,300.0,-0.03,-0.142,21.06,"May 15, 17",-0.00142
0,2017-05-12,21.059999,21.08,21.040001,21.040001,17.947018,900.0,900.0,-0.02,-0.095,21.05333,"May 12, 17",-0.00095
0,2017-05-11,21.08,21.08,21.059999,21.07,17.972601,3600.0,3600.0,-0.01,-0.047,21.07,"May 11, 17",-0.00047
0,2017-05-10,21.049999,21.08,21.049999,21.08,17.981138,1300.0,1300.0,0.03,0.143,21.07,"May 10, 17",0.00143
0,2017-05-09,21.09,21.139999,21.049999,21.059999,17.964075,3800.0,3800.0,-0.03,-0.142,21.08333,"May 09, 17",-0.00142
0,2017-05-08,20.969999,21.01,20.969999,21.01,17.921423,2100.0,2100.0,0.04,0.191,20.99667,"May 08, 17",0.00191
0,2017-05-05,20.99,21.01,20.870001,21.01,17.921423,3200.0,3200.0,0.02,0.095,20.96333,"May 05, 17",0.00095
0,2017-05-04,20.969999,21.01,20.969999,21.01,17.921423,1400.0,1400.0,0.04,0.191,20.99667,"May 04, 17",0.00191
0,2017-05-03,20.959999,21.02,20.870001,20.889999,17.819065,2900.0,2900.0,-0.07,-0.334,20.92667,"May 03, 17",-0.00334
0,2017-05-02,20.91,20.99,20.9,20.940001,17.861715,9000.0,9000.0,0.03,0.143,20.94333,"May 02, 17",0.00143
0,2017-05-01,20.9,21.0,20.9,21.0,17.912893,800.0,800.0,0.1,0.478,20.96667,"May 01, 17",0.00478
0,2017-04-28,20.92,20.99,20.91,20.91,17.836124,2700.0,2700.0,-0.01,-0.048,20.93667,"April 28, 17",-0.00048
0,2017-04-27,20.98,21.01,20.9,20.9,17.827595,7400.0,7400.0,-0.08,-0.381,20.93667,"April 27, 17",-0.00381
0,2017-04-26,20.82,21.01,20.82,20.959999,17.878773,40400.0,40400.0,0.14,0.672,20.93,"April 26, 17",0.00672
0,2017-04-25,20.84,20.870001,20.809999,20.870001,17.802002,2800.0,2800.0,0.03,0.144,20.85,"April 25, 17",0.00144
0,2017-04-24,20.809999,20.82,20.809999,20.82,17.759356,400.0,400.0,0.01,0.048,20.81667,"April 24, 17",0.00048
0,2017-04-21,20.82,20.84,20.75,20.75,17.631407,1400.0,1400.0,-0.07,-0.336,20.78,"April 21, 17",-0.00336
0,2017-04-20,20.620001,20.85,20.610001,20.82,17.690886,5800.0,5800.0,0.2,0.97,20.76,"April 20, 17",0.0097
0,2017-04-19,20.790001,20.790001,20.65,20.65,17.546434,1000.0,1000.0,-0.14,-0.673,20.69667,"April 19, 17",-0.00673
0,2017-04-18,20.9,20.9,20.65,20.719999,17.605915,12900.0,12900.0,-0.18,-0.861,20.75667,"April 18, 17",-0.00861
0,2017-04-17,20.700001,20.83,20.700001,20.719999,17.605915,4100.0,4100.0,0.02,0.097,20.75,"April 17, 17",0.00097
0,2017-04-13,20.809999,20.9,20.77,20.77,17.648401,32900.0,32900.0,-0.04,-0.192,20.81333,"April 13, 17",-0.00192
0,2017-04-12,20.93,20.93,20.82,20.85,17.716379,3600.0,3600.0,-0.08,-0.382,20.86667,"April 12, 17",-0.00382
0,2017-04-11,20.91,20.91,20.809999,20.84,17.70788,8200.0,8200.0,-0.07,-0.335,20.85333,"April 11, 17",-0.00335
0,2017-04-10,20.91,20.91,20.91,20.91,17.767361,700.0,700.0,0.0,0.0,20.91,"April 10, 17",0.0
0,2017-04-07,20.940001,20.940001,20.940001,20.940001,17.792849,400.0,400.0,0.0,0.0,20.94,"April 07, 17",0.0
0,2017-04-06,21.02,21.02,21.02,21.02,17.86083,200.0,200.0,0.0,0.0,21.02,"April 06, 17",0.0
0,2017-04-05,20.860001,21.02,20.860001,20.879999,17.741865,6500.0,6500.0,0.02,0.096,20.92,"April 05, 17",0.00096
0,2017-04-04,20.860001,20.860001,20.860001,20.860001,17.724876,100.0,100.0,0.0,0.0,20.86,"April 04, 17",0.0
0,2017-04-03,20.889999,21.0,20.790001,20.790001,17.6654,30600.0,30600.0,-0.1,-0.479,20.86,"April 03, 17",-0.00479
0,2017-03-31,21.01,21.030001,21.01,21.030001,17.869328,1200.0,1200.0,0.02,0.095,21.02333,"March 31, 17",0.00095
0,2017-03-30,20.959999,21.040001,20.959999,21.01,17.852329,17000.0,17000.0,0.05,0.239,21.00333,"March 30, 17",0.00239
0,2017-03-29,20.99,21.02,20.940001,20.940001,17.792849,1800.0,1800.0,-0.05,-0.238,20.96667,"March 29, 17",-0.00238
0,2017-03-28,21.02,21.02,20.959999,20.98,17.826839,1900.0,1900.0,-0.04,-0.19,20.98667,"March 28, 17",-0.0019
0,2017-03-27,20.870001,20.91,20.780001,20.84,17.70788,6800.0,6800.0,-0.03,-0.144,20.84333,"March 27, 17",-0.00144
0,2017-03-24,21.049999,21.139999,20.99,21.0,17.775852,2700.0,2700.0,-0.05,-0.238,21.04333,"March 24, 17",-0.00238
0,2017-03-23,20.98,21.040001,20.98,21.0,17.775852,3400.0,3400.0,0.02,0.095,21.00667,"March 23, 17",0.00095
0,2017-03-22,21.049999,21.049999,20.969999,20.969999,17.750465,3400.0,3400.0,-0.08,-0.38,20.99667,"March 22, 17",-0.0038
0,2017-03-21,21.23,21.25,21.08,21.08,17.843578,2500.0,2500.0,-0.15,-0.707,21.13667,"March 21, 17",-0.00707
0,2017-03-20,21.26,21.26,21.209999,21.209999,17.953619,2000.0,2000.0,-0.05,-0.235,21.22667,"March 20, 17",-0.00235
0,2017-03-17,21.26,21.33,21.24,21.280001,18.012871,13400.0,13400.0,0.02,0.094,21.28333,"March 17, 17",0.00094
0,2017-03-16,21.34,21.389999,21.280001,21.280001,18.012871,40800.0,40800.0,-0.06,-0.281,21.31667,"March 16, 17",-0.00281
0,2017-03-15,21.25,21.32,21.209999,21.309999,18.038261,47600.0,47600.0,0.06,0.282,21.28,"March 15, 17",0.00282
0,2017-03-14,21.290001,21.309999,21.23,21.23,17.970545,10500.0,10500.0,-0.06,-0.282,21.25667,"March 14, 17",-0.00282
0,2017-03-13,21.299999,21.299999,21.25,21.26,17.995935,2100.0,2100.0,-0.04,-0.188,21.27,"March 13, 17",-0.00188
0,2017-03-10,21.379999,21.389999,21.25,21.25,17.987474,3800.0,3800.0,-0.13,-0.608,21.29667,"March 10, 17",-0.00608
0,2017-03-09,21.219999,21.35,21.219999,21.32,18.046728,4500.0,4500.0,0.1,0.471,21.29667,"March 09, 17",0.00471
0,2017-03-08,21.42,21.42,21.299999,21.299999,18.029795,9200.0,9200.0,-0.12,-0.56,21.34,"March 08, 17",-0.0056
0,2017-03-07,21.379999,21.379999,21.32,21.379999,18.097521,1600.0,1600.0,0.0,0.0,21.36,"March 07, 17",0.0
0,2017-03-06,21.4,21.4,21.280001,21.360001,18.080589,6800.0,6800.0,-0.04,-0.187,21.34667,"March 06, 17",-0.00187
0,2017-03-03,21.450001,21.450001,21.35,21.360001,18.080589,7500.0,7500.0,-0.09,-0.42,21.38667,"March 03, 17",-0.0042
0,2017-03-02,21.42,21.42,21.35,21.35,18.072117,3100.0,3100.0,-0.07,-0.327,21.37333,"March 02, 17",-0.00327
0,2017-03-01,21.32,21.32,21.280001,21.280001,18.012871,1800.0,1800.0,-0.04,-0.188,21.29333,"March 01, 17",-0.00188
0,2017-02-28,21.09,21.15,21.09,21.15,17.902824,6600.0,6600.0,0.06,0.284,21.13,"February 28, 17",0.00284
0,2017-02-27,21.02,21.02,21.02,21.02,17.792784,0.0,0.0,0.0,0.0,0.0,"February 27, 17",0.0
0,2017-02-24,21.09,21.110001,21.02,21.02,17.792784,3700.0,3700.0,-0.07,-0.332,21.05,"February 24, 17",-0.00332
0,2017-02-23,21.209999,21.209999,21.15,21.18,17.928223,8400.0,8400.0,-0.03,-0.141,21.18,"February 23, 17",-0.00141
0,2017-02-22,21.18,21.209999,21.18,21.209999,17.953619,3000.0,3000.0,0.03,0.142,21.2,"February 22, 17",0.00142
0,2017-02-21,21.6,21.6,21.219999,21.32,18.046728,6200.0,6200.0,-0.28,-1.296,21.38,"February 21, 17",-0.01296
0,2017-02-17,21.23,21.23,21.15,21.18,17.928223,3300.0,3300.0,-0.05,-0.236,21.18667,"February 17, 17",-0.00236
0,2017-02-16,21.43,21.5,21.42,21.42,18.055189,1400.0,1400.0,-0.01,-0.047,21.44667,"February 16, 17",-0.00047
0,2017-02-15,21.309999,21.41,21.309999,21.35,17.996191,800.0,800.0,0.04,0.188,21.35667,"February 15, 17",0.00188
0,2017-02-14,21.280001,21.379999,21.27,21.35,17.996191,6500.0,6500.0,0.07,0.329,21.33333,"February 14, 17",0.00329
0,2017-02-13,21.27,21.27,21.23,21.24,17.903467,900.0,900.0,-0.03,-0.141,21.24667,"February 13, 17",-0.00141
0,2017-02-10,21.219999,21.219999,21.18,21.18,17.852888,800.0,800.0,-0.04,-0.189,21.19333,"February 10, 17",-0.00189
0,2017-02-09,21.129999,21.17,21.129999,21.17,17.844458,6100.0,6100.0,0.04,0.189,21.15667,"February 09, 17",0.00189
0,2017-02-08,21.059999,21.209999,21.049999,21.129999,17.810749,3000.0,3000.0,0.07,0.332,21.13,"February 08, 17",0.00332
0,2017-02-07,21.25,21.25,21.23,21.24,17.903467,6000.0,6000.0,-0.01,-0.047,21.24,"February 07, 17",-0.00047
0,2017-02-06,21.26,21.309999,21.26,21.26,17.920326,3500.0,3500.0,0.0,0.0,21.27667,"February 06, 17",0.0
0,2017-02-03,21.26,21.27,21.26,21.27,17.928761,1600.0,1600.0,0.01,0.047,21.26667,"February 03, 17",0.00047
0,2017-02-02,21.370001,21.370001,21.25,21.280001,17.937185,5200.0,5200.0,-0.09,-0.421,21.3,"February 02, 17",-0.00421
0,2017-02-01,21.33,21.33,21.290001,21.290001,17.945616,700.0,700.0,-0.04,-0.188,21.30333,"February 01, 17",-0.00188
0,2017-01-31,21.25,21.34,21.25,21.309999,17.962465,3800.0,3800.0,0.06,0.282,21.3,"January 31, 17",0.00282
0,2017-01-30,21.280001,21.299999,21.280001,21.299999,17.954042,10900.0,10900.0,0.02,0.094,21.29333,"January 30, 17",0.00094
0,2017-01-27,21.389999,21.389999,21.26,21.26,17.920326,3400.0,3400.0,-0.13,-0.608,21.30333,"January 27, 17",-0.00608
0,2017-01-26,21.299999,21.43,21.299999,21.32,17.9709,3800.0,3800.0,0.02,0.094,21.35,"January 26, 17",0.00094
0,2017-01-25,21.27,21.33,21.219999,21.290001,17.945616,8600.0,8600.0,0.02,0.094,21.28,"January 25, 17",0.00094
0,2017-01-24,21.18,21.209999,21.16,21.209999,17.878181,2400.0,2400.0,0.03,0.142,21.19333,"January 24, 17",0.00142
0,2017-01-23,21.190001,21.190001,21.16,21.190001,17.861322,1600.0,1600.0,0.0,0.0,21.18,"January 23, 17",0.0
0,2017-01-20,21.26,21.26,21.23,21.25,17.836035,4700.0,4700.0,-0.01,-0.047,21.24667,"January 20, 17",-0.00047
0,2017-01-19,21.120001,21.190001,21.120001,21.18,17.777281,2100.0,2100.0,0.06,0.284,21.16333,"January 19, 17",0.00284
0,2017-01-18,21.030001,21.16,21.030001,21.059999,17.676556,6100.0,6100.0,0.03,0.143,21.08333,"January 18, 17",0.00143
0,2017-01-17,21.049999,21.200001,20.99,20.99,17.617804,7200.0,7200.0,-0.06,-0.285,21.06,"January 17, 17",-0.00285
0,2017-01-13,21.25,21.25,21.17,21.219999,17.81085,3400.0,3400.0,-0.03,-0.141,21.21333,"January 13, 17",-0.00141
0,2017-01-12,21.09,21.49,21.040001,21.290001,17.869612,18300.0,18300.0,0.2,0.948,21.27333,"January 12, 17",0.00948
0,2017-01-11,21.75,22.27,21.129999,21.139999,17.743708,8100.0,8100.0,-0.61,-2.805,21.51333,"January 11, 17",-0.02805
0,2017-01-10,21.98,22.42,21.75,22.389999,18.792881,20800.0,20800.0,0.41,1.865,22.18667,"January 10, 17",0.01865
0,2017-01-09,22.559999,22.559999,21.75,21.98,18.448759,8100.0,8100.0,-0.58,-2.571,22.09667,"January 09, 17",-0.02571
0,2017-01-06,21.9,21.99,21.75,21.969999,18.440353,2100.0,2100.0,0.07,0.32,21.90333,"January 06, 17",0.0032
0,2017-01-05,21.459999,21.549999,21.360001,21.469999,18.020683,1300.0,1300.0,0.01,0.047,21.46,"January 05, 17",0.00047
0,2017-01-04,21.58,21.700001,21.549999,21.549999,18.087841,5600.0,5600.0,-0.03,-0.139,21.6,"January 04, 17",-0.00139
0,2017-01-03,21.530001,21.6,21.459999,21.48,18.029081,4900.0,4900.0,-0.05,-0.232,21.51333,"January 03, 17",-0.00232
0,2016-12-30,21.15,21.5,21.15,21.5,18.045874,7800.0,7800.0,0.35,1.655,21.38333,"December 30, 16",0.01655
0,2016-12-29,20.809999,21.41,20.809999,21.34,17.911579,15600.0,15600.0,0.53,2.547,21.18667,"December 29, 16",0.02547
0,2016-12-28,21.690001,21.809999,21.530001,21.639999,18.163374,10300.0,10300.0,-0.05,-0.231,21.66,"December 28, 16",-0.00231
0,2016-12-27,21.389999,21.48,21.389999,21.48,18.029081,5000.0,5000.0,0.09,0.421,21.45,"December 27, 16",0.00421
0,2016-12-23,22.0,23.280001,21.0,21.48,18.029081,13800.0,13800.0,-0.52,-2.364,21.92,"December 23, 16",-0.02364
0,2016-12-22,21.1,21.51,21.1,21.51,17.959358,4600.0,4600.0,0.41,1.943,21.37333,"December 22, 16",0.01943
0,2016-12-21,21.25,21.42,21.110001,21.25,17.74227,6000.0,6000.0,0.0,0.0,21.26,"December 21, 16",0.0
0,2016-12-20,21.27,21.610001,21.27,21.27,17.758966,42800.0,42800.0,0.0,0.0,21.38333,"December 20, 16",0.0
0,2016-12-19,21.34,21.450001,21.32,21.389999,17.859154,8400.0,8400.0,0.05,0.234,21.38667,"December 19, 16",0.00234
0,2016-12-16,21.1,21.35,20.959999,21.35,17.825764,10800.0,10800.0,0.25,1.185,21.22,"December 16, 16",0.01185
0,2016-12-15,21.35,21.389999,21.309999,21.360001,17.834112,10200.0,10200.0,0.01,0.047,21.35333,"December 15, 16",0.00047
0,2016-12-14,21.209999,21.26,20.92,21.26,17.750618,9500.0,9500.0,0.05,0.236,21.14667,"December 14, 16",0.00236
0,2016-12-13,21.1,21.4,21.1,21.299999,17.784016,39300.0,39300.0,0.2,0.948,21.26667,"December 13, 16",0.00948
0,2016-12-12,21.190001,21.24,20.959999,21.15,17.658777,21800.0,21800.0,-0.04,-0.189,21.11667,"December 12, 16",-0.00189
0,2016-12-09,21.01,21.01,21.01,21.01,17.541885,400.0,400.0,0.0,0.0,21.01,"December 09, 16",0.0
0,2016-12-08,20.969999,21.030001,20.91,20.950001,17.491789,4900.0,4900.0,-0.02,-0.095,20.96333,"December 08, 16",-0.00095
0,2016-12-07,20.9,20.9,20.76,20.76,17.333153,3800.0,3800.0,-0.14,-0.67,20.80667,"December 07, 16",-0.0067
0,2016-12-06,20.799999,20.799999,20.76,20.76,17.333153,1800.0,1800.0,-0.04,-0.192,20.77333,"December 06, 16",-0.00192
0,2016-12-05,20.870001,20.870001,20.77,20.77,17.341505,2400.0,2400.0,-0.1,-0.479,20.80333,"December 05, 16",-0.00479
0,2016-12-02,20.700001,20.799999,20.639999,20.790001,17.358204,9400.0,9400.0,0.09,0.435,20.74333,"December 02, 16",0.00435
0,2016-12-01,20.77,20.77,20.620001,20.620001,17.216265,4100.0,4100.0,-0.15,-0.722,20.67,"December 01, 16",-0.00722
0,2016-11-30,20.49,20.790001,20.48,20.530001,17.141115,34000.0,34000.0,0.04,0.195,20.6,"November 30, 16",0.00195
0,2016-11-29,20.77,20.77,20.389999,20.41,17.040926,1200.0,1200.0,-0.36,-1.733,20.52333,"November 29, 16",-0.01733
0,2016-11-28,20.790001,20.790001,20.370001,20.709999,17.291401,5700.0,5700.0,-0.08,-0.385,20.62333,"November 28, 16",-0.00385
0,2016-11-25,20.76,20.76,20.76,20.76,17.333153,200.0,200.0,0.0,0.0,20.76,"November 25, 16",0.0
0,2016-11-23,20.440001,20.5,20.440001,20.5,17.11607,900.0,900.0,0.06,0.294,20.48,"November 23, 16",0.00294
0,2016-11-22,20.34,20.389999,20.32,20.389999,17.024225,1100.0,1100.0,0.05,0.246,20.36667,"November 22, 16",0.00246
0,2016-11-21,20.48,20.48,20.48,20.48,17.099371,0.0,0.0,0.0,0.0,0.0,"November 21, 16",0.0
0,2016-11-18,20.5,20.5,20.459999,20.48,17.020054,2100.0,2100.0,-0.02,-0.098,20.48,"November 18, 16",-0.00098
0,2016-11-17,20.23,20.23,20.23,20.23,16.812292,0.0,0.0,0.0,0.0,0.0,"November 17, 16",0.0
0,2016-11-16,20.16,20.23,20.16,20.23,16.812292,2000.0,2000.0,0.07,0.347,20.20667,"November 16, 16",0.00347
0,2016-11-15,20.52,20.52,20.469999,20.469999,17.011742,700.0,700.0,-0.05,-0.244,20.48667,"November 15, 16",-0.00244
0,2016-11-14,19.98,19.98,19.98,19.98,16.604525,0.0,0.0,0.0,0.0,0.0,"November 14, 16",0.0
0,2016-11-11,20.0,20.0,19.959999,19.98,16.604525,14300.0,14300.0,-0.02,-0.1,19.98,"November 11, 16",-0.001
0,2016-11-10,20.15,20.15,20.15,20.15,16.745806,300.0,300.0,0.0,0.0,20.15,"November 10, 16",0.0
0,2016-11-09,20.07,20.209999,20.07,20.209999,16.79567,3000.0,3000.0,0.14,0.698,20.16333,"November 09, 16",0.00698
0,2016-11-08,19.76,19.76,19.76,19.76,16.42169,0.0,0.0,0.0,0.0,0.0,"November 08, 16",0.0
0,2016-11-07,19.76,19.76,19.76,19.76,16.42169,100.0,100.0,0.0,0.0,19.76,"November 07, 16",0.0
0,2016-11-04,19.719999,19.719999,19.719999,19.719999,16.388447,300.0,300.0,0.0,0.0,19.72,"November 04, 16",0.0
0,2016-11-03,19.67,19.75,19.67,19.75,16.413378,400.0,400.0,0.08,0.407,19.72333,"November 03, 16",0.00407
0,2016-11-02,19.809999,19.809999,19.809999,19.809999,16.463253,0.0,0.0,0.0,0.0,0.0,"November 02, 16",0.0
0,2016-11-01,19.809999,19.809999,19.809999,19.809999,16.463253,0.0,0.0,0.0,0.0,0.0,"November 01, 16",0.0
0,2016-10-31,19.809999,19.809999,19.809999,19.809999,16.463253,0.0,0.0,0.0,0.0,0.0,"October 31, 16",0.0
0,2016-10-28,19.809999,19.809999,19.809999,19.809999,16.463253,0.0,0.0,0.0,0.0,0.0,"October 28, 16",0.0
0,2016-10-27,19.93,20.1,19.790001,19.809999,16.463253,2100.0,2100.0,-0.12,-0.602,19.9,"October 27, 16",-0.00602
0,2016-10-26,19.91,19.91,19.809999,19.879999,16.521418,2200.0,2200.0,-0.03,-0.151,19.86667,"October 26, 16",-0.00151
0,2016-10-25,19.879999,19.879999,19.879999,19.879999,16.521418,0.0,0.0,0.0,0.0,0.0,"October 25, 16",0.0
0,2016-10-24,19.860001,19.93,19.860001,19.879999,16.521418,600.0,600.0,0.02,0.101,19.89,"October 24, 16",0.00101
0,2016-10-21,19.76,19.76,19.76,19.76,16.351051,0.0,0.0,0.0,0.0,0.0,"October 21, 16",0.0
0,2016-10-20,19.76,19.76,19.76,19.76,16.351051,0.0,0.0,0.0,0.0,0.0,"October 20, 16",0.0
0,2016-10-19,19.76,19.76,19.76,19.76,16.351051,0.0,0.0,0.0,0.0,0.0,"October 19, 16",0.0
0,2016-10-18,19.76,19.85,19.76,19.76,16.351051,2700.0,2700.0,0.0,0.0,19.79,"October 18, 16",0.0
0,2016-10-17,19.74,19.74,19.68,19.690001,16.293133,1400.0,1400.0,-0.05,-0.253,19.70333,"October 17, 16",-0.00253
0,2016-10-14,19.790001,19.790001,19.790001,19.790001,16.375881,100.0,100.0,0.0,0.0,19.79,"October 14, 16",0.0
0,2016-10-13,19.629999,19.629999,19.629999,19.629999,16.243479,0.0,0.0,0.0,0.0,0.0,"October 13, 16",0.0
0,2016-10-12,19.629999,19.629999,19.629999,19.629999,16.243479,0.0,0.0,0.0,0.0,0.0,"October 12, 16",0.0
0,2016-10-11,19.629999,19.629999,19.629999,19.629999,16.243479,0.0,0.0,0.0,0.0,0.0,"October 11, 16",0.0
0,2016-10-10,19.629999,19.629999,19.629999,19.629999,16.243479,0.0,0.0,0.0,0.0,0.0,"October 10, 16",0.0
0,2016-10-07,19.799999,19.799999,19.629999,19.629999,16.243479,3700.0,3700.0,-0.17,-0.859,19.68667,"October 07, 16",-0.00859
0,2016-10-06,19.5,19.5,19.5,19.5,16.135904,0.0,0.0,0.0,0.0,0.0,"October 06, 16",0.0
0,2016-10-05,19.5,19.5,19.5,19.5,16.135904,0.0,0.0,0.0,0.0,0.0,"October 05, 16",0.0
0,2016-10-04,19.5,19.5,19.5,19.5,16.135904,0.0,0.0,0.0,0.0,0.0,"October 04, 16",0.0
0,2016-10-03,19.5,19.5,19.5,19.5,16.135904,0.0,0.0,0.0,0.0,0.0,"October 03, 16",0.0
0,2016-09-30,19.48,19.5,19.48,19.5,16.135904,1000.0,1000.0,0.02,0.103,19.49333,"September 30, 16",0.00103
0,2016-09-29,19.459999,19.459999,19.459999,19.459999,16.10281,100.0,100.0,0.0,0.0,19.46,"September 29, 16",0.0
0,2016-09-28,19.43,19.5,19.43,19.5,16.135904,800.0,800.0,0.07,0.36,19.47667,"September 28, 16",0.0036
0,2016-09-27,19.440001,19.440001,19.440001,19.440001,16.086262,200.0,200.0,0.0,0.0,19.44,"September 27, 16",0.0
0,2016-09-26,19.440001,19.440001,19.42,19.42,16.069708,2200.0,2200.0,-0.02,-0.103,19.42667,"September 26, 16",-0.00103
0,2016-09-23,19.6,19.6,19.6,19.6,16.152462,300.0,300.0,0.0,0.0,19.6,"September 23, 16",0.0
0,2016-09-22,19.629999,19.65,19.629999,19.65,16.193666,400.0,400.0,0.02,0.102,19.64333,"September 22, 16",0.00102
0,2016-09-21,19.540001,19.540001,19.540001,19.540001,16.103014,0.0,0.0,0.0,0.0,0.0,"September 21, 16",0.0
0,2016-09-20,19.459999,19.540001,19.450001,19.540001,16.103014,1400.0,1400.0,0.08,0.411,19.51,"September 20, 16",0.00411
0,2016-09-19,19.469999,19.469999,19.469999,19.469999,16.045322,1600.0,1600.0,0.0,0.0,19.47,"September 19, 16",0.0
0,2016-09-16,19.469999,19.469999,19.469999,19.469999,16.045322,0.0,0.0,0.0,0.0,0.0,"September 16, 16",0.0
0,2016-09-15,19.5,19.5,19.459999,19.469999,16.045322,2300.0,2300.0,-0.03,-0.154,19.47667,"September 15, 16",-0.00154
0,2016-09-14,19.610001,19.610001,19.610001,19.610001,16.1607,200.0,200.0,0.0,0.0,19.61,"September 14, 16",0.0
0,2016-09-13,20.01,20.01,20.01,20.01,16.490341,0.0,0.0,0.0,0.0,0.0,"September 13, 16",0.0
0,2016-09-12,19.959999,20.01,19.959999,20.01,16.490341,1000.0,1000.0,0.05,0.251,19.99333,"September 12, 16",0.00251
0,2016-09-09,19.48,19.48,19.48,19.48,16.053566,0.0,0.0,0.0,0.0,0.0,"September 09, 16",0.0
0,2016-09-08,19.48,19.48,19.48,19.48,16.053566,1200.0,1200.0,0.0,0.0,19.48,"September 08, 16",0.0
0,2016-09-07,19.25,19.25,19.25,19.25,15.864024,0.0,0.0,0.0,0.0,0.0,"September 07, 16",0.0
0,2016-09-06,19.25,19.25,19.25,19.25,15.864024,0.0,0.0,0.0,0.0,0.0,"September 06, 16",0.0
0,2016-09-02,19.25,19.25,19.23,19.25,15.864024,2600.0,2600.0,0.0,0.0,19.24333,"September 02, 16",0.0
0,2016-09-01,19.24,19.24,19.24,19.24,15.855783,100.0,100.0,0.0,0.0,19.24,"September 01, 16",0.0
0,2016-08-31,19.48,19.48,19.48,19.48,16.053566,0.0,0.0,0.0,0.0,0.0,"August 31, 16",0.0
0,2016-08-30,19.48,19.48,19.48,19.48,16.053566,0.0,0.0,0.0,0.0,0.0,"August 30, 16",0.0
0,2016-08-29,19.48,19.48,19.48,19.48,16.053566,0.0,0.0,0.0,0.0,0.0,"August 29, 16",0.0
0,2016-08-26,19.48,19.48,19.48,19.48,16.053566,0.0,0.0,0.0,0.0,0.0,"August 26, 16",0.0
0,2016-08-25,19.139999,19.48,19.139999,19.48,16.053566,2100.0,2100.0,0.34,1.776,19.36667,"August 25, 16",0.01776
0,2016-08-24,19.139999,19.139999,19.139999,19.139999,15.773375,300.0,300.0,0.0,0.0,19.14,"August 24, 16",0.0
0,2016-08-23,19.24,19.24,19.110001,19.110001,15.748644,700.0,700.0,-0.13,-0.676,19.15333,"August 23, 16",-0.00676
0,2016-08-22,19.280001,19.280001,19.280001,19.280001,15.888742,0.0,0.0,0.0,0.0,0.0,"August 22, 16",0.0
0,2016-08-19,19.280001,19.280001,19.280001,19.280001,15.822823,0.0,0.0,0.0,0.0,0.0,"August 19, 16",0.0
0,2016-08-18,19.280001,19.280001,19.280001,19.280001,15.822823,500.0,500.0,0.0,0.0,19.28,"August 18, 16",0.0
0,2016-08-17,19.190001,19.190001,19.190001,19.190001,15.748957,200.0,200.0,0.0,0.0,19.19,"August 17, 16",0.0
0,2016-08-16,19.379999,19.379999,19.379999,19.379999,15.904883,1500.0,1500.0,0.0,0.0,19.38,"August 16, 16",0.0
0,2016-08-15,19.27,19.27,19.16,19.24,15.789992,4200.0,4200.0,-0.03,-0.156,19.22333,"August 15, 16",-0.00156
0,2016-08-12,19.389999,19.389999,19.389999,19.389999,15.913092,0.0,0.0,0.0,0.0,0.0,"August 12, 16",0.0
0,2016-08-11,19.389999,19.389999,19.389999,19.389999,15.913092,0.0,0.0,0.0,0.0,0.0,"August 11, 16",0.0
0,2016-08-10,19.389999,19.389999,19.389999,19.389999,15.913092,0.0,0.0,0.0,0.0,0.0,"August 10, 16",0.0
0,2016-08-09,19.389999,19.389999,19.389999,19.389999,15.913092,0.0,0.0,0.0,0.0,0.0,"August 09, 16",0.0
0,2016-08-08,19.389999,19.389999,19.389999,19.389999,15.913092,1600.0,1600.0,0.0,0.0,19.39,"August 08, 16",0.0
0,2016-08-05,18.959999,19.389999,18.959999,19.389999,15.913092,1000.0,1000.0,0.43,2.268,19.24667,"August 05, 16",0.02268
0,2016-08-04,18.98,18.98,18.860001,18.860001,15.478129,2000.0,2000.0,-0.12,-0.632,18.9,"August 04, 16",-0.00632
0,2016-08-03,19.030001,19.030001,19.030001,19.030001,15.617648,0.0,0.0,0.0,0.0,0.0,"August 03, 16",0.0
0,2016-08-02,19.049999,19.049999,19.030001,19.030001,15.617648,13300.0,13300.0,-0.02,-0.105,19.03667,"August 02, 16",-0.00105
0,2016-08-01,19.34,19.34,19.34,19.34,15.872062,0.0,0.0,0.0,0.0,0.0,"August 01, 16",0.0
0,2016-07-29,19.34,19.34,19.34,19.34,15.872062,0.0,0.0,0.0,0.0,0.0,"July 29, 16",0.0
0,2016-07-28,19.34,19.34,19.34,19.34,15.872062,100.0,100.0,0.0,0.0,19.34,"July 28, 16",0.0
0,2016-07-27,19.1,19.1,19.1,19.1,15.675096,0.0,0.0,0.0,0.0,0.0,"July 27, 16",0.0
0,2016-07-26,19.379999,19.379999,19.07,19.1,15.675096,4200.0,4200.0,-0.28,-1.445,19.18333,"July 26, 16",-0.01445
0,2016-07-25,19.26,19.26,19.26,19.26,15.806399,500.0,500.0,0.0,0.0,19.26,"July 25, 16",0.0
0,2016-07-22,19.26,19.26,19.26,19.26,15.736651,500.0,500.0,0.0,0.0,19.26,"July 22, 16",0.0
0,2016-07-21,19.309999,19.309999,19.309999,19.309999,15.777496,0.0,0.0,0.0,0.0,0.0,"July 21, 16",0.0
0,2016-07-20,19.309999,19.309999,19.309999,19.309999,15.777496,0.0,0.0,0.0,0.0,0.0,"July 20, 16",0.0
0,2016-07-19,19.309999,19.309999,19.309999,19.309999,15.777496,500.0,500.0,0.0,0.0,19.31,"July 19, 16",0.0
0,2016-07-18,19.24,19.24,19.24,19.24,15.720303,0.0,0.0,0.0,0.0,0.0,"July 18, 16",0.0
0,2016-07-15,19.25,19.25,19.190001,19.24,15.720303,1400.0,1400.0,-0.01,-0.052,19.22667,"July 15, 16",-0.00052
0,2016-07-14,19.15,19.15,19.15,19.15,15.646764,3000.0,3000.0,0.0,0.0,19.15,"July 14, 16",0.0
0,2016-07-13,18.969999,18.969999,18.969999,18.969999,15.499697,0.0,0.0,0.0,0.0,0.0,"July 13, 16",0.0
0,2016-07-12,19.15,19.15,18.969999,18.969999,15.499697,2800.0,2800.0,-0.18,-0.94,19.03,"July 12, 16",-0.0094
0,2016-07-11,18.700001,18.700001,18.700001,18.700001,15.279093,100.0,100.0,0.0,0.0,18.7,"July 11, 16",0.0
0,2016-07-08,18.700001,18.700001,18.700001,18.700001,15.279093,300.0,300.0,0.0,0.0,18.7,"July 08, 16",0.0
0,2016-07-07,18.59,18.59,18.59,18.59,15.189212,0.0,0.0,0.0,0.0,0.0,"July 07, 16",0.0
0,2016-07-06,18.59,18.59,18.59,18.59,15.189212,100.0,100.0,0.0,0.0,18.59,"July 06, 16",0.0
0,2016-07-05,19.02,19.02,18.58,18.59,15.189212,1200.0,1200.0,-0.43,-2.261,18.73,"July 05, 16",-0.02261
0,2016-07-01,18.74,18.75,18.690001,18.690001,15.270921,1100.0,1100.0,-0.05,-0.267,18.71,"July 01, 16",-0.00267
0,2016-06-30,18.73,18.73,18.73,18.73,15.3036,0.0,0.0,0.0,0.0,0.0,"June 30, 16",0.0
0,2016-06-29,18.83,18.83,18.68,18.73,15.3036,4600.0,4600.0,-0.1,-0.531,18.74667,"June 29, 16",-0.00531
0,2016-06-28,19.389999,19.389999,19.389999,19.389999,15.842858,0.0,0.0,0.0,0.0,0.0,"June 28, 16",0.0
0,2016-06-27,19.389999,19.389999,19.389999,19.389999,15.842858,0.0,0.0,0.0,0.0,0.0,"June 27, 16",0.0
0,2016-06-24,19.389999,19.389999,19.389999,19.389999,15.842858,0.0,0.0,0.0,0.0,0.0,"June 24, 16",0.0
0,2016-06-23,19.389999,19.389999,19.389999,19.389999,15.842858,200.0,200.0,0.0,0.0,19.39,"June 23, 16",0.0
0,2016-06-22,19.299999,19.299999,19.27,19.27,15.744816,2900.0,2900.0,-0.03,-0.155,19.28,"June 22, 16",-0.00155
0,2016-06-21,19.120001,19.139999,19.120001,19.120001,15.62225,6000.0,6000.0,0.0,0.0,19.12667,"June 21, 16",0.0
0,2016-06-20,18.85,19.16,18.85,19.01,15.532379,8800.0,8800.0,0.16,0.849,19.00667,"June 20, 16",0.00849
0,2016-06-17,18.860001,18.950001,18.860001,18.950001,15.413903,700.0,700.0,0.09,0.477,18.92,"June 17, 16",0.00477
0,2016-06-16,18.889999,19.0,18.889999,19.0,15.45457,2500.0,2500.0,0.11,0.582,18.96333,"June 16, 16",0.00582
0,2016-06-15,19.18,19.18,19.18,19.18,15.600987,500.0,500.0,0.0,0.0,19.18,"June 15, 16",0.0
0,2016-06-14,19.219999,19.219999,19.219999,19.219999,15.633519,0.0,0.0,0.0,0.0,0.0,"June 14, 16",0.0
0,2016-06-13,19.219999,19.219999,19.219999,19.219999,15.633519,0.0,0.0,0.0,0.0,0.0,"June 13, 16",0.0
0,2016-06-10,19.219999,19.219999,19.219999,19.219999,15.633519,0.0,0.0,0.0,0.0,0.0,"June 10, 16",0.0
0,2016-06-09,19.219999,19.290001,19.209999,19.219999,15.633519,4500.0,4500.0,0.0,0.0,19.24,"June 09, 16",0.0
0,2016-06-08,19.280001,19.34,19.219999,19.219999,15.633519,3400.0,3400.0,-0.06,-0.311,19.26,"June 08, 16",-0.00311
0,2016-06-07,19.200001,19.200001,19.200001,19.200001,15.617254,400.0,400.0,0.0,0.0,19.2,"June 07, 16",0.0
0,2016-06-06,19.299999,19.299999,19.18,19.26,15.666062,4000.0,4000.0,-0.04,-0.207,19.24667,"June 06, 16",-0.00207
0,2016-06-03,19.280001,19.280001,19.280001,19.280001,15.682323,0.0,0.0,0.0,0.0,0.0,"June 03, 16",0.0
0,2016-06-02,19.290001,19.290001,19.280001,19.280001,15.682323,3000.0,3000.0,-0.01,-0.052,19.28333,"June 02, 16",-0.00052
0,2016-06-01,19.299999,19.299999,19.25,19.26,15.666062,7700.0,7700.0,-0.04,-0.207,19.27,"June 01, 16",-0.00207
0,2016-05-31,19.4,19.4,19.33,19.360001,15.747395,1800.0,1800.0,-0.04,-0.206,19.36333,"May 31, 16",-0.00206
0,2016-05-27,19.32,19.34,19.309999,19.34,15.731135,3800.0,3800.0,0.02,0.104,19.33,"May 27, 16",0.00104
0,2016-05-26,19.280001,19.49,19.26,19.299999,15.698594,2900.0,2900.0,0.02,0.104,19.35,"May 26, 16",0.00104
0,2016-05-25,19.41,19.43,19.299999,19.4,15.779933,2200.0,2200.0,-0.01,-0.052,19.37667,"May 25, 16",-0.00052
0,2016-05-24,19.33,19.33,19.33,19.33,15.723001,0.0,0.0,0.0,0.0,0.0,"May 24, 16",0.0
0,2016-05-23,19.299999,19.33,19.17,19.33,15.723001,1800.0,1800.0,0.03,0.155,19.27667,"May 23, 16",0.00155
0,2016-05-20,19.25,19.25,19.24,19.24,15.588788,1300.0,1300.0,-0.01,-0.052,19.24333,"May 20, 16",-0.00052
0,2016-05-19,19.25,19.25,19.25,19.25,15.596884,0.0,0.0,0.0,0.0,0.0,"May 19, 16",0.0
0,2016-05-18,19.25,19.25,19.25,19.25,15.596884,100.0,100.0,0.0,0.0,19.25,"May 18, 16",0.0
0,2016-05-17,19.25,19.25,19.25,19.25,15.596884,0.0,0.0,0.0,0.0,0.0,"May 17, 16",0.0
0,2016-05-16,19.25,19.25,19.25,19.25,15.596884,1800.0,1800.0,0.0,0.0,19.25,"May 16, 16",0.0
0,2016-05-13,19.120001,19.120001,19.120001,19.120001,15.491555,0.0,0.0,0.0,0.0,0.0,"May 13, 16",0.0
0,2016-05-12,19.120001,19.120001,19.120001,19.120001,15.491555,500.0,500.0,0.0,0.0,19.12,"May 12, 16",0.0
0,2016-05-11,19.059999,19.059999,19.059999,19.059999,15.442942,1000.0,1000.0,0.0,0.0,19.06,"May 11, 16",0.0
0,2016-05-10,18.9,18.9,18.879999,18.879999,15.297098,500.0,500.0,-0.02,-0.106,18.88667,"May 10, 16",-0.00106
0,2016-05-09,19.08,19.08,19.08,19.08,15.459145,1100.0,1100.0,0.0,0.0,19.08,"May 09, 16",0.0
0,2016-05-06,19.23,19.23,19.23,19.23,15.580678,0.0,0.0,0.0,0.0,0.0,"May 06, 16",0.0
0,2016-05-05,19.34,19.34,19.23,19.23,15.580678,1500.0,1500.0,-0.11,-0.569,19.26667,"May 05, 16",-0.00569
0,2016-05-04,19.4,19.4,19.4,19.4,15.718419,0.0,0.0,0.0,0.0,0.0,"May 04, 16",0.0
0,2016-05-03,19.4,19.4,19.4,19.4,15.718419,0.0,0.0,0.0,0.0,0.0,"May 03, 16",0.0
0,2016-05-02,19.4,19.4,19.4,19.4,15.718419,0.0,0.0,0.0,0.0,0.0,"May 02, 16",0.0
0,2016-04-29,19.4,19.4,19.4,19.4,15.718419,300.0,300.0,0.0,0.0,19.4,"April 29, 16",0.0
0,2016-04-28,19.299999,19.35,19.299999,19.35,15.677905,3700.0,3700.0,0.05,0.259,19.33333,"April 28, 16",0.00259
0,2016-04-27,19.139999,19.139999,19.139999,19.139999,15.507756,0.0,0.0,0.0,0.0,0.0,"April 27, 16",0.0
0,2016-04-26,19.139999,19.139999,19.139999,19.139999,15.507756,200.0,200.0,0.0,0.0,19.14,"April 26, 16",0.0
0,2016-04-25,19.26,19.26,19.26,19.26,15.604995,0.0,0.0,0.0,0.0,0.0,"April 25, 16",0.0
0,2016-04-22,19.24,19.26,19.24,19.26,15.544228,700.0,700.0,0.02,0.104,19.25333,"April 22, 16",0.00104
0,2016-04-21,19.200001,19.469999,19.15,19.389999,15.649143,1100.0,1100.0,0.19,0.99,19.33667,"April 21, 16",0.0099
0,2016-04-20,19.02,19.200001,18.629999,18.9,15.253673,7800.0,7800.0,-0.12,-0.631,18.91,"April 20, 16",-0.00631
0,2016-04-19,19.040001,19.049999,19.040001,19.049999,15.374734,600.0,600.0,0.01,0.053,19.04667,"April 19, 16",0.00053
0,2016-04-18,18.799999,18.959999,18.799999,18.950001,15.29403,2500.0,2500.0,0.15,0.798,18.90333,"April 18, 16",0.00798
0,2016-04-15,18.16,18.82,18.120001,18.799999,15.172969,1400.0,1400.0,0.64,3.524,18.58,"April 15, 16",0.03524
0,2016-04-14,18.85,18.85,18.85,18.85,15.213316,0.0,0.0,0.0,0.0,0.0,"April 14, 16",0.0
0,2016-04-13,18.809999,18.85,18.41,18.85,15.213316,1200.0,1200.0,0.04,0.213,18.70333,"April 13, 16",0.00213
0,2016-04-12,18.67,18.809999,18.67,18.809999,15.18104,700.0,700.0,0.14,0.75,18.76333,"April 12, 16",0.0075
0,2016-04-11,18.35,18.690001,18.35,18.690001,15.08419,200.0,200.0,0.34,1.853,18.57667,"April 11, 16",0.01853
0,2016-04-08,18.35,18.629999,18.35,18.35,14.809782,2300.0,2300.0,0.0,0.0,18.44333,"April 08, 16",0.0
0,2016-04-07,18.1,18.440001,18.1,18.4,14.850138,900.0,900.0,0.3,1.657,18.31333,"April 07, 16",0.01657
0,2016-04-06,18.360001,18.77,18.360001,18.67,15.068048,900.0,900.0,0.31,1.688,18.6,"April 06, 16",0.01688
0,2016-04-05,18.290001,18.42,18.290001,18.42,14.86628,2000.0,2000.0,0.13,0.711,18.37667,"April 05, 16",0.00711
0,2016-04-04,18.43,18.799999,18.299999,18.299999,14.769435,1100.0,1100.0,-0.13,-0.705,18.46667,"April 04, 16",-0.00705
0,2016-04-01,18.43,18.690001,18.43,18.6,15.011552,800.0,800.0,0.17,0.922,18.57333,"April 01, 16",0.00922
0,2016-03-31,18.58,18.58,18.58,18.58,14.995413,400.0,400.0,0.0,0.0,18.58,"March 31, 16",0.0
0,2016-03-30,18.549999,18.719999,18.549999,18.719999,15.108399,2500.0,2500.0,0.17,0.916,18.66333,"March 30, 16",0.00916
0,2016-03-29,19.040001,19.049999,18.469999,18.629999,15.035769,3000.0,3000.0,-0.41,-2.153,18.71667,"March 29, 16",-0.02153
0,2016-03-28,18.629999,18.76,18.6,18.6,15.011552,1200.0,1200.0,-0.03,-0.161,18.65333,"March 28, 16",-0.00161
0,2016-03-24,18.719999,18.889999,18.719999,18.889999,15.245604,4900.0,4900.0,0.17,0.908,18.83333,"March 24, 16",0.00908
0,2016-03-23,18.950001,18.969999,18.82,18.92,15.26982,17500.0,17500.0,-0.03,-0.158,18.90333,"March 23, 16",-0.00158
0,2016-03-22,18.9,18.9,18.9,18.9,15.253673,100.0,100.0,0.0,0.0,18.9,"March 22, 16",0.0
0,2016-03-21,18.91,18.92,18.120001,18.379999,14.833997,5000.0,5000.0,-0.53,-2.803,18.47333,"March 21, 16",-0.02803
0,2016-03-18,18.1,18.870001,18.1,18.49,14.922776,3200.0,3200.0,0.39,2.155,18.48667,"March 18, 16",0.02155
0,2016-03-17,18.83,18.83,18.83,18.83,15.197173,0.0,0.0,0.0,0.0,0.0,"March 17, 16",0.0
0,2016-03-16,18.83,18.83,18.83,18.83,15.197173,0.0,0.0,0.0,0.0,0.0,"March 16, 16",0.0
0,2016-03-15,18.83,18.83,18.83,18.83,15.197173,0.0,0.0,0.0,0.0,0.0,"March 15, 16",0.0
0,2016-03-14,18.200001,18.940001,18.200001,18.83,15.197173,2700.0,2700.0,0.63,3.462,18.65667,"March 14, 16",0.03462
0,2016-03-11,18.9,18.9,18.9,18.9,15.253673,0.0,0.0,0.0,0.0,0.0,"March 11, 16",0.0
0,2016-03-10,18.84,18.91,18.77,18.9,15.253673,4000.0,4000.0,0.06,0.318,18.86,"March 10, 16",0.00318
0,2016-03-09,17.92,18.860001,17.92,18.41,14.858222,2700.0,2700.0,0.49,2.734,18.39667,"March 09, 16",0.02734
0,2016-03-08,18.83,18.83,18.66,18.66,15.059981,4800.0,4800.0,-0.17,-0.903,18.71667,"March 08, 16",-0.00903
0,2016-03-07,18.799999,18.799999,18.33,18.33,14.793645,700.0,700.0,-0.47,-2.5,18.48667,"March 07, 16",-0.025
0,2016-03-04,18.6,18.77,18.6,18.77,15.148757,1000.0,1000.0,0.17,0.914,18.71333,"March 04, 16",0.00914
0,2016-03-03,18.610001,18.66,17.799999,18.66,15.059981,9800.0,9800.0,0.05,0.269,18.37333,"March 03, 16",0.00269
0,2016-03-02,18.6,18.75,18.6,18.75,15.132615,500.0,500.0,0.15,0.806,18.7,"March 02, 16",0.00806
0,2016-03-01,18.4,18.559999,17.58,18.559999,14.979268,4000.0,4000.0,0.16,0.87,18.23333,"March 01, 16",0.0087
0,2016-02-29,18.23,18.360001,18.23,18.360001,14.817856,500.0,500.0,0.13,0.713,18.31667,"February 29, 16",0.00713
0,2016-02-26,18.09,18.120001,17.790001,18.120001,14.624165,13500.0,13500.0,0.03,0.166,18.01,"February 26, 16",0.00166
0,2016-02-25,17.91,18.09,17.639999,17.9,14.446605,5800.0,5800.0,-0.01,-0.056,17.87667,"February 25, 16",-0.00056
0,2016-02-24,17.799999,18.15,17.74,17.93,14.470817,3900.0,3900.0,0.13,0.73,17.94,"February 24, 16",0.0073
0,2016-02-23,18.290001,18.290001,18.290001,18.290001,14.76136,100.0,100.0,0.0,0.0,18.29,"February 23, 16",0.0
0,2016-02-22,18.01,18.01,17.83,17.83,14.390111,1000.0,1000.0,-0.18,-0.999,17.89,"February 22, 16",-0.00999
0,2016-02-19,18.559999,18.559999,18.559999,18.559999,14.918737,0.0,0.0,0.0,0.0,0.0,"February 19, 16",0.0
0,2016-02-18,18.559999,18.559999,18.559999,18.559999,14.918737,200.0,200.0,0.0,0.0,18.56,"February 18, 16",0.0
0,2016-02-17,17.73,17.91,17.73,17.83,14.331961,17800.0,17800.0,0.1,0.564,17.82333,"February 17, 16",0.00564
0,2016-02-16,17.75,17.959999,17.58,17.58,14.131004,15400.0,15400.0,-0.17,-0.958,17.70667,"February 16, 16",-0.00958
