,date,open,high,low,close,adjClose,volume,unadjustedVolume,change,changePercent,vwap,label,changeOverTime
0,2021-02-15,37.400002,38.599998,37.299999,37.900002,37.900002,39844.0,39844.0,0.5,1.337,37.93333,"February 15, 21",0.01337
0,2021-02-12,38.400002,38.400002,36.799999,37.299999,37.299999,100765.0,100765.0,-1.1,-2.865,37.5,"February 12, 21",-0.02865
0,2021-02-11,39.200001,39.700001,38.0,38.400002,38.400002,126282.0,126282.0,-0.8,-2.041,38.7,"February 11, 21",-0.02041
0,2021-02-10,39.299999,39.849998,38.049999,38.950001,38.950001,43783.0,43783.0,-0.35,-0.891,38.95,"February 10, 21",-0.00891
0,2021-02-09,40.349998,40.349998,38.150002,38.700001,38.700001,56346.0,56346.0,-1.65,-4.089,39.06667,"February 09, 21",-0.04089
0,2021-02-08,38.599998,39.549999,37.400002,39.099998,39.099998,105016.0,105016.0,0.5,1.295,38.68333,"February 08, 21",0.01295
0,2021-02-05,39.0,39.049999,37.549999,37.700001,37.700001,40629.0,40629.0,-1.3,-3.333,38.1,"February 05, 21",-0.03333
0,2021-02-04,38.75,39.5,38.0,38.299999,38.299999,70961.0,70961.0,-0.45,-1.161,38.6,"February 04, 21",-0.01161
0,2021-02-03,38.049999,39.450001,38.049999,38.75,38.75,38980.0,38980.0,0.7,1.84,38.75,"February 03, 21",0.0184
0,2021-02-02,39.400002,40.5,38.299999,38.599998,38.599998,53975.0,53975.0,-0.8,-2.03,39.13333,"February 02, 21",-0.0203
0,2021-02-01,40.0,40.0,38.099998,39.400002,39.400002,63306.0,63306.0,-0.6,-1.5,39.16667,"February 01, 21",-0.015
0,2021-01-29,38.950001,40.0,37.049999,39.150002,39.150002,70290.0,70290.0,0.2,0.513,38.73333,"January 29, 21",0.00513
0,2021-01-28,36.099998,38.650002,35.299999,38.599998,38.599998,68572.0,68572.0,2.5,6.925,37.51667,"January 28, 21",0.06925
0,2021-01-27,37.950001,38.650002,36.200001,36.849998,36.849998,84669.0,84669.0,-1.1,-2.899,37.23333,"January 27, 21",-0.02899
0,2021-01-25,39.200001,39.799999,37.299999,37.75,37.75,119290.0,119290.0,-1.45,-3.699,38.28333,"January 25, 21",-0.03699
0,2021-01-22,41.0,41.599998,39.0,39.25,39.25,142389.0,142389.0,-1.75,-4.268,39.95,"January 22, 21",-0.04268
0,2021-01-21,42.549999,43.349998,40.75,41.049999,41.049999,190660.0,190660.0,-1.5,-3.525,41.71667,"January 21, 21",-0.03525
0,2021-01-20,43.5,44.299999,42.200001,42.5,42.5,90781.0,90781.0,-1.0,-2.299,43.0,"January 20, 21",-0.02299
0,2021-01-19,42.299999,44.0,41.200001,43.5,43.5,92645.0,92645.0,1.2,2.837,42.9,"January 19, 21",0.02837
0,2021-01-18,42.0,43.5,40.400002,42.849998,42.849998,181345.0,181345.0,0.85,2.024,42.25,"January 18, 21",0.02024
0,2021-01-15,44.049999,44.049999,41.849998,42.5,42.5,256352.0,256352.0,-1.55,-3.519,42.8,"January 15, 21",-0.03519
0,2021-01-14,44.549999,46.349998,43.849998,44.049999,44.049999,232148.0,232148.0,-0.5,-1.122,44.75,"January 14, 21",-0.01122
0,2021-01-13,48.349998,48.349998,45.099998,46.150002,46.150002,743665.0,743665.0,-2.2,-4.55,46.53333,"January 13, 21",-0.0455
0,2021-01-12,50.75,50.799999,48.299999,48.700001,48.700001,1057519.0,1057519.0,-2.05,-4.039,49.26667,"January 12, 21",-0.04039
0,2021-01-11,49.0,52.5,46.0,50.299999,50.299999,6734356.0,6734356.0,1.3,2.653,49.6,"January 11, 21",0.02653
0,2021-01-08,42.299999,47.450001,42.049999,46.650002,46.650002,2393806.0,2393806.0,4.35,10.284,45.38333,"January 08, 21",0.10284
0,2021-01-07,42.25,43.450001,41.75,42.0,42.0,594274.0,594274.0,-0.25,-0.592,42.4,"January 07, 21",-0.00592
0,2021-01-06,43.5,44.400002,40.200001,41.5,41.5,1539847.0,1539847.0,-2.0,-4.598,42.03333,"January 06, 21",-0.04598
0,2021-01-05,39.950001,44.200001,39.700001,43.200001,43.200001,3023943.0,3023943.0,3.25,8.135,42.36667,"January 05, 21",0.08135
0,2021-01-04,38.5,41.150002,37.549999,39.950001,39.950001,1881533.0,1881533.0,1.45,3.766,39.55,"January 04, 21",0.03766
0,2021-01-01,35.700001,38.799999,34.799999,37.799999,37.799999,1825280.0,1825280.0,2.1,5.882,37.13333,"January 01, 21",0.05882
0,2020-12-31,36.0,36.400002,35.299999,35.450001,35.450001,282868.0,282868.0,-0.55,-1.528,35.71667,"December 31, 20",-0.01528
0,2020-12-30,34.849998,36.75,34.25,35.75,35.75,1063027.0,1063027.0,0.9,2.582,35.58333,"December 30, 20",0.02582
0,2020-12-29,34.599998,35.099998,34.150002,34.299999,34.299999,595683.0,595683.0,-0.3,-0.867,34.51667,"December 29, 20",-0.00867
0,2020-12-28,34.5,34.799999,34.099998,34.5,34.5,281368.0,281368.0,0.0,0.0,34.46667,"December 28, 20",0.0
0,2020-12-24,34.900002,35.0,34.049999,34.200001,34.200001,370827.0,370827.0,-0.7,-2.006,34.41667,"December 24, 20",-0.02006
0,2020-12-23,34.0,34.5,33.599998,34.049999,34.049999,269061.0,269061.0,0.05,0.147,34.05,"December 23, 20",0.00147
0,2020-12-22,32.5,34.5,30.1,34.25,34.25,534775.0,534775.0,1.75,5.385,32.95,"December 22, 20",0.05385
0,2020-12-21,35.5,35.5,30.950001,31.9,31.9,457452.0,457452.0,-3.6,-10.141,32.78333,"December 21, 20",-0.10141
0,2020-12-18,35.599998,36.0,34.549999,35.599998,35.599998,651219.0,651219.0,0.0,0.0,35.38333,"December 18, 20",0.0
0,2020-12-17,36.099998,36.349998,34.950001,35.25,35.25,886794.0,886794.0,-0.85,-2.355,35.51667,"December 17, 20",-0.02355
0,2020-12-16,34.5,36.349998,34.200001,35.799999,35.799999,1161130.0,1161130.0,1.3,3.768,35.45,"December 16, 20",0.03768
0,2020-12-15,34.549999,35.25,33.599998,34.5,34.5,182641.0,182641.0,-0.05,-0.145,34.45,"December 15, 20",-0.00145
0,2020-12-14,34.700001,35.25,33.650002,34.700001,34.700001,307721.0,307721.0,0.0,0.0,34.53333,"December 14, 20",0.0
0,2020-12-11,33.549999,35.0,33.549999,33.849998,33.849998,168474.0,168474.0,0.3,0.894,34.13333,"December 11, 20",0.00894
0,2020-12-10,34.75,34.799999,33.099998,33.599998,33.599998,162043.0,162043.0,-1.15,-3.309,33.83333,"December 10, 20",-0.03309
0,2020-12-09,34.5,35.799999,34.0,34.549999,34.549999,429175.0,429175.0,0.05,0.145,34.78333,"December 09, 20",0.00145
0,2020-12-08,35.5,35.5,33.049999,34.349998,34.349998,481373.0,481373.0,-1.15,-3.239,34.3,"December 08, 20",-0.03239
0,2020-12-07,35.700001,35.700001,33.5,34.0,34.0,625405.0,625405.0,-1.7,-4.762,34.4,"December 07, 20",-0.04762
0,2020-12-04,34.0,36.099998,33.400002,35.549999,35.549999,994825.0,994825.0,1.55,4.559,35.01667,"December 04, 20",0.04559
0,2020-12-03,33.599998,33.900002,33.25,33.400002,33.400002,143082.0,143082.0,-0.2,-0.595,33.51667,"December 03, 20",-0.00595
0,2020-12-02,34.0,34.650002,33.150002,33.349998,33.349998,209337.0,209337.0,-0.65,-1.912,33.71667,"December 02, 20",-0.01912
0,2020-12-01,34.049999,35.5,33.400002,33.900002,33.900002,154393.0,154393.0,-0.15,-0.441,34.26667,"December 01, 20",-0.00441
0,2020-11-27,34.950001,35.049999,33.299999,34.049999,34.049999,341312.0,341312.0,-0.9,-2.575,34.13333,"November 27, 20",-0.02575
0,2020-11-26,34.0,35.75,32.049999,34.099998,34.099998,517617.0,517617.0,0.1,0.294,33.96667,"November 26, 20",0.00294
0,2020-11-25,34.5,35.049999,33.049999,33.400002,33.400002,292451.0,292451.0,-1.1,-3.188,33.83333,"November 25, 20",-0.03188
0,2020-11-24,34.5,37.5,34.5,34.799999,34.799999,2008920.0,2008920.0,0.3,0.87,35.6,"November 24, 20",0.0087
0,2020-11-23,30.950001,33.150002,30.15,32.349998,32.349998,314782.0,314782.0,1.4,4.523,31.88333,"November 23, 20",0.04523
0,2020-11-20,31.549999,31.549999,30.1,30.35,30.35,52514.0,52514.0,-1.2,-3.803,30.66667,"November 20, 20",-0.03803
0,2020-11-19,31.15,31.549999,30.15,30.85,30.85,129834.0,129834.0,-0.3,-0.963,30.85,"November 19, 20",-0.00963
0,2020-11-18,31.25,31.9,30.75,30.950001,30.950001,155340.0,155340.0,-0.3,-0.96,31.2,"November 18, 20",-0.0096
0,2020-11-17,29.85,32.299999,29.299999,31.35,31.35,481352.0,481352.0,1.5,5.025,30.98333,"November 17, 20",0.05025
0,2020-11-13,29.700001,29.700001,28.799999,29.1,29.1,41493.0,41493.0,-0.6,-2.02,29.2,"November 13, 20",-0.0202
0,2020-11-12,28.5,29.299999,28.5,29.0,29.0,46270.0,46270.0,0.5,1.754,28.93333,"November 12, 20",0.01754
0,2020-11-11,29.950001,29.950001,28.5,28.950001,28.950001,78022.0,78022.0,-1.0,-3.339,29.13333,"November 11, 20",-0.03339
0,2020-11-10,29.35,29.950001,28.4,29.25,29.25,73252.0,73252.0,-0.1,-0.341,29.2,"November 10, 20",-0.00341
0,2020-11-09,28.15,29.15,28.15,28.4,28.4,38889.0,38889.0,0.25,0.888,28.56667,"November 09, 20",0.00888
0,2020-11-06,28.200001,28.85,27.75,28.15,28.15,50751.0,50751.0,-0.05,-0.177,28.25,"November 06, 20",-0.00177
0,2020-11-05,28.4,28.4,27.549999,28.049999,28.049999,45693.0,45693.0,-0.35,-1.232,28.0,"November 05, 20",-0.01232
0,2020-11-04,28.450001,28.450001,27.35,27.5,27.5,53247.0,53247.0,-0.95,-3.339,27.76667,"November 04, 20",-0.03339
0,2020-11-03,27.799999,28.6,27.75,27.950001,27.950001,42362.0,42362.0,0.15,0.54,28.1,"November 03, 20",0.0054
0,2020-11-02,28.700001,28.700001,27.5,27.9,27.9,47220.0,47220.0,-0.8,-2.787,28.03333,"November 02, 20",-0.02787
0,2020-10-30,28.9,29.0,27.950001,28.049999,28.049999,52807.0,52807.0,-0.85,-2.941,28.33333,"October 30, 20",-0.02941
0,2020-10-29,28.65,28.65,27.549999,28.15,28.15,46820.0,46820.0,-0.5,-1.745,28.11667,"October 29, 20",-0.01745
0,2020-10-28,29.4,29.4,28.35,28.65,28.65,41424.0,41424.0,-0.75,-2.551,28.8,"October 28, 20",-0.02551
0,2020-10-27,29.85,29.85,28.549999,28.85,28.85,37170.0,37170.0,-1.0,-3.35,29.08333,"October 27, 20",-0.0335
0,2020-10-26,31.0,31.0,28.6,29.25,29.25,52973.0,52973.0,-1.75,-5.645,29.61667,"October 26, 20",-0.05645
0,2020-10-23,30.0,30.65,29.450001,30.200001,30.200001,94434.0,94434.0,0.2,0.667,30.1,"October 23, 20",0.00667
0,2020-10-22,29.0,30.200001,28.1,29.4,29.4,104306.0,104306.0,0.4,1.379,29.23333,"October 22, 20",0.01379
0,2020-10-21,29.799999,30.200001,28.200001,29.049999,29.049999,84489.0,84489.0,-0.75,-2.517,29.15,"October 21, 20",-0.02517
0,2020-10-20,29.0,29.950001,28.4,29.200001,29.200001,32469.0,32469.0,0.2,0.69,29.18333,"October 20, 20",0.0069
0,2020-10-19,30.0,30.0,28.0,29.25,29.25,44054.0,44054.0,-0.75,-2.5,29.08333,"October 19, 20",-0.025
0,2020-10-16,29.450001,30.0,29.0,29.700001,29.700001,38261.0,38261.0,0.25,0.849,29.56667,"October 16, 20",0.00849
0,2020-10-15,30.25,30.299999,29.4,29.450001,29.450001,50108.0,50108.0,-0.8,-2.645,29.71667,"October 15, 20",-0.02645
0,2020-10-14,29.75,30.200001,29.4,29.9,29.9,32543.0,32543.0,0.15,0.504,29.83333,"October 14, 20",0.00504
0,2020-10-13,30.049999,30.450001,29.5,29.6,29.6,39984.0,39984.0,-0.45,-1.498,29.85,"October 13, 20",-0.01498
0,2020-10-12,30.85,31.25,29.799999,29.950001,29.950001,64935.0,64935.0,-0.9,-2.917,30.33333,"October 12, 20",-0.02917
0,2020-10-09,32.299999,32.299999,30.4,30.700001,30.700001,65840.0,65840.0,-1.6,-4.954,31.13333,"October 09, 20",-0.04954
0,2020-10-08,31.299999,35.0,30.6,31.450001,31.450001,112820.0,112820.0,0.15,0.479,32.35,"October 08, 20",0.00479
0,2020-10-07,31.200001,32.700001,30.700001,31.299999,31.299999,45475.0,45475.0,0.1,0.321,31.56667,"October 07, 20",0.00321
0,2020-10-06,31.65,32.049999,31.25,31.700001,31.700001,60594.0,60594.0,0.05,0.158,31.66667,"October 06, 20",0.00158
0,2020-10-05,31.9,32.150002,30.75,31.65,31.65,53136.0,53136.0,-0.25,-0.784,31.51667,"October 05, 20",-0.00784
0,2020-10-01,31.049999,32.0,30.65,31.15,31.15,73893.0,73893.0,0.1,0.322,31.26667,"October 01, 20",0.00322
0,2020-09-30,31.25,31.799999,30.5,31.450001,31.450001,64187.0,64187.0,0.2,0.64,31.25,"September 30, 20",0.0064
0,2020-09-29,30.0,31.4,30.0,30.65,30.65,73784.0,73784.0,0.65,2.167,30.68333,"September 29, 20",0.02167
0,2020-09-28,30.9,30.9,29.9,30.299999,30.299999,121026.0,121026.0,-0.6,-1.942,30.36667,"September 28, 20",-0.01942
0,2020-09-25,29.25,30.5,28.200001,29.950001,29.950001,95281.0,95281.0,0.7,2.393,29.55,"September 25, 20",0.02393
0,2020-09-24,29.5,31.9,28.799999,29.200001,29.200001,138236.0,138236.0,-0.3,-1.017,29.96667,"September 24, 20",-0.01017
0,2020-09-23,30.15,30.9,29.049999,30.1,30.1,113451.0,113451.0,-0.05,-0.166,30.01667,"September 23, 20",-0.00166
0,2020-09-22,30.200001,31.5,28.1,29.450001,29.450001,195477.0,195477.0,-0.75,-2.483,29.68333,"September 22, 20",-0.02483
0,2020-09-21,32.400002,32.799999,30.1,30.4,30.4,170769.0,170769.0,-2.0,-6.173,31.1,"September 21, 20",-0.06173
0,2020-09-18,32.25,32.849998,32.25,32.400002,32.400002,66204.0,66204.0,0.15,0.465,32.5,"September 18, 20",0.00465
0,2020-09-17,32.75,33.150002,31.65,32.549999,32.549999,117635.0,117635.0,-0.2,-0.611,32.45,"September 17, 20",-0.00611
0,2020-09-16,33.900002,35.0,32.400002,33.0,33.0,254644.0,254644.0,-0.9,-2.655,33.46667,"September 16, 20",-0.02655
0,2020-09-15,33.5,33.900002,32.0,32.950001,32.950001,199014.0,199014.0,-0.55,-1.642,32.95,"September 15, 20",-0.01642
0,2020-09-14,34.799999,34.799999,32.900002,33.200001,33.200001,280444.0,280444.0,-1.6,-4.598,33.63333,"September 14, 20",-0.04598
0,2020-09-11,34.549999,34.700001,33.5,34.200001,34.200001,120500.0,120500.0,-0.35,-1.013,34.13333,"September 11, 20",-0.01013
0,2020-09-10,33.299999,34.799999,33.299999,33.650002,33.650002,170594.0,170594.0,0.35,1.051,33.91667,"September 10, 20",0.01051
0,2020-09-09,33.099998,33.400002,31.35,32.450001,32.450001,176724.0,176724.0,-0.65,-1.964,32.4,"September 09, 20",-0.01964
0,2020-09-08,34.200001,35.200001,33.049999,33.650002,33.650002,120431.0,120431.0,-0.55,-1.608,33.96667,"September 08, 20",-0.01608
0,2020-09-07,34.849998,35.849998,34.0,34.25,34.25,137072.0,137072.0,-0.6,-1.722,34.7,"September 07, 20",-0.01722
0,2020-09-04,35.349998,36.25,34.299999,34.849998,34.849998,233737.0,233737.0,-0.5,-1.414,35.13333,"September 04, 20",-0.01414
0,2020-09-03,36.700001,36.950001,35.799999,35.950001,35.950001,196311.0,196311.0,-0.75,-2.044,36.23333,"September 03, 20",-0.02044
0,2020-09-02,35.700001,37.400002,35.200001,35.950001,35.950001,175808.0,175808.0,0.25,0.7,36.18333,"September 02, 20",0.007
0,2020-09-01,37.299999,37.299999,33.900002,36.349998,36.349998,403142.0,403142.0,-0.95,-2.547,35.85,"September 01, 20",-0.02547
0,2020-08-31,41.099998,42.049999,36.0,37.200001,37.200001,5521220.0,5521220.0,-3.9,-9.489,38.41667,"August 31, 20",-0.09489
0,2020-08-28,32.799999,36.549999,32.200001,35.799999,35.799999,2740054.0,2740054.0,3.0,9.146,34.85,"August 28, 20",0.09146
0,2020-08-27,31.85,33.049999,31.200001,32.099998,32.099998,424067.0,424067.0,0.25,0.785,32.11667,"August 27, 20",0.00785
0,2020-08-26,32.150002,32.150002,31.0,31.200001,31.200001,376340.0,376340.0,-0.95,-2.955,31.45,"August 26, 20",-0.02955
0,2020-08-25,32.950001,34.099998,31.1,31.6,31.6,360279.0,360279.0,-1.35,-4.097,32.26667,"August 25, 20",-0.04097
0,2020-08-24,32.950001,33.049999,32.25,32.400002,32.400002,207016.0,207016.0,-0.55,-1.669,32.56667,"August 24, 20",-0.01669
0,2020-08-21,32.299999,33.0,32.099998,32.700001,32.700001,293902.0,293902.0,0.4,1.238,32.6,"August 21, 20",0.01238
0,2020-08-20,32.799999,32.849998,32.049999,32.5,32.5,178378.0,178378.0,-0.3,-0.915,32.46667,"August 20, 20",-0.00915
0,2020-08-19,31.65,33.200001,31.65,32.450001,32.450001,251983.0,251983.0,0.8,2.528,32.43333,"August 19, 20",0.02528
0,2020-08-18,31.5,32.0,31.1,31.549999,31.549999,172884.0,172884.0,0.05,0.159,31.55,"August 18, 20",0.00159
0,2020-08-17,33.799999,34.0,31.549999,31.9,31.9,348831.0,348831.0,-1.9,-5.621,32.48333,"August 17, 20",-0.05621
0,2020-08-14,32.849998,34.299999,31.65,32.299999,32.299999,563878.0,563878.0,-0.55,-1.674,32.75,"August 14, 20",-0.01674
0,2020-08-13,35.0,35.0,32.549999,32.900002,32.900002,807273.0,807273.0,-2.1,-6.0,33.48333,"August 13, 20",-0.06
0,2020-08-12,29.15,34.950001,28.1,33.5,33.5,5728598.0,5728598.0,4.35,14.923,32.18333,"August 12, 20",0.14923
0,2020-08-11,29.0,29.5,27.700001,29.15,29.15,206819.0,206819.0,0.15,0.517,28.78333,"August 11, 20",0.00517
0,2020-08-10,28.15,28.9,27.299999,28.200001,28.200001,84402.0,84402.0,0.05,0.178,28.13333,"August 10, 20",0.00178
0,2020-08-07,27.85,29.700001,27.0,28.15,28.15,398681.0,398681.0,0.3,1.077,28.28333,"August 07, 20",0.01077
0,2020-08-06,28.799999,28.799999,27.200001,27.85,27.85,110782.0,110782.0,-0.95,-3.299,27.95,"August 06, 20",-0.03299
0,2020-08-05,27.4,29.450001,27.4,28.75,28.75,316754.0,316754.0,1.35,4.927,28.53333,"August 05, 20",0.04927
0,2020-08-04,24.700001,27.0,24.1,27.0,27.0,404528.0,404528.0,2.3,9.312,26.03333,"August 04, 20",0.09312
0,2020-08-03,25.200001,26.0,24.5,24.549999,24.549999,172786.0,172786.0,-0.65,-2.579,25.01667,"August 03, 20",-0.02579
0,2020-07-31,26.049999,26.35,25.35,25.700001,25.700001,126844.0,126844.0,-0.35,-1.344,25.8,"July 31, 20",-0.01344
0,2020-07-30,26.6,26.799999,26.0,26.1,26.1,141147.0,141147.0,-0.5,-1.88,26.3,"July 30, 20",-0.0188
0,2020-07-29,27.549999,27.6,26.25,26.75,26.75,345830.0,345830.0,-0.8,-2.904,26.86667,"July 29, 20",-0.02904
0,2020-07-28,28.85,28.85,27.5,27.549999,27.549999,112093.0,112093.0,-1.3,-4.506,27.96667,"July 28, 20",-0.04506
0,2020-07-27,29.65,29.65,27.950001,28.15,28.15,175640.0,175640.0,-1.5,-5.059,28.58333,"July 27, 20",-0.05059
0,2020-07-24,28.950001,29.5,28.299999,29.35,29.35,191617.0,191617.0,0.4,1.382,29.05,"July 24, 20",0.01382
0,2020-07-23,29.299999,29.5,28.75,28.950001,28.950001,102298.0,102298.0,-0.35,-1.195,29.06667,"July 23, 20",-0.01195
0,2020-07-22,29.549999,29.799999,28.700001,29.35,29.35,86262.0,86262.0,-0.2,-0.677,29.28333,"July 22, 20",-0.00677
0,2020-07-21,30.5,30.9,29.299999,29.450001,29.450001,140088.0,140088.0,-1.05,-3.443,29.88333,"July 21, 20",-0.03443
0,2020-07-20,29.75,30.450001,29.049999,30.0,30.0,385402.0,385402.0,0.25,0.84,29.83333,"July 20, 20",0.0084
0,2020-07-17,29.0,30.799999,29.0,29.75,29.75,376742.0,376742.0,0.75,2.586,29.85,"July 17, 20",0.02586
0,2020-07-16,29.0,29.85,28.049999,29.5,29.5,212864.0,212864.0,0.5,1.724,29.13333,"July 16, 20",0.01724
0,2020-07-15,28.799999,31.35,28.5,28.9,28.9,944972.0,944972.0,0.1,0.347,29.58333,"July 15, 20",0.00347
0,2020-07-14,29.9,29.9,28.0,28.5,28.5,159869.0,159869.0,-1.4,-4.682,28.8,"July 14, 20",-0.04682
0,2020-07-13,30.6,30.6,29.5,29.9,29.9,117692.0,117692.0,-0.7,-2.288,30.0,"July 13, 20",-0.02288
0,2020-07-10,31.0,31.35,30.1,30.299999,30.299999,128220.0,128220.0,-0.7,-2.258,30.58333,"July 10, 20",-0.02258
0,2020-07-09,30.4,31.0,30.299999,30.65,30.65,128290.0,128290.0,0.25,0.822,30.65,"July 09, 20",0.00822
0,2020-07-08,30.799999,31.75,29.950001,30.549999,30.549999,292915.0,292915.0,-0.25,-0.812,30.75,"July 08, 20",-0.00812
0,2020-07-07,31.450001,31.450001,30.1,30.35,30.35,194402.0,194402.0,-1.1,-3.498,30.63333,"July 07, 20",-0.03498
0,2020-07-06,31.5,31.5,30.65,30.950001,30.950001,89980.0,89980.0,-0.55,-1.746,31.03333,"July 06, 20",-0.01746
0,2020-07-03,31.4,32.400002,30.0,30.5,30.5,222136.0,222136.0,-0.9,-2.866,30.96667,"July 03, 20",-0.02866
0,2020-07-02,30.35,31.9,30.35,31.700001,31.700001,281086.0,281086.0,1.35,4.448,31.31667,"July 02, 20",0.04448
0,2020-07-01,31.9,31.9,30.700001,31.049999,31.049999,165745.0,165745.0,-0.85,-2.665,31.21667,"July 01, 20",-0.02665
0,2020-06-30,31.0,33.200001,30.799999,31.35,31.35,279258.0,279258.0,0.35,1.129,31.78333,"June 30, 20",0.01129
0,2020-06-29,33.0,33.0,30.5,30.799999,30.799999,314458.0,314458.0,-2.2,-6.667,31.43333,"June 29, 20",-0.06667
0,2020-06-26,35.400002,35.900002,32.799999,33.25,33.25,453814.0,453814.0,-2.15,-6.073,33.98333,"June 26, 20",-0.06073
0,2020-06-25,35.0,36.200001,34.150002,35.200001,35.200001,260842.0,260842.0,0.2,0.571,35.18333,"June 25, 20",0.00571
0,2020-06-24,36.549999,37.150002,35.0,35.150002,35.150002,480869.0,480869.0,-1.4,-3.83,35.76667,"June 24, 20",-0.0383
0,2020-06-23,37.049999,38.0,36.349998,36.799999,36.799999,458421.0,458421.0,-0.25,-0.675,37.05,"June 23, 20",-0.00675
0,2020-06-22,38.799999,39.150002,35.25,37.099998,37.099998,820379.0,820379.0,-1.7,-4.381,37.16667,"June 22, 20",-0.04381
0,2020-06-19,41.150002,41.150002,36.0,38.549999,38.549999,5567136.0,5567136.0,-2.6,-6.318,38.56667,"June 19, 20",-0.06318
0,2020-06-18,35.25,37.450001,34.5,37.450001,37.450001,2772797.0,2772797.0,2.2,6.241,36.46667,"June 18, 20",0.06241
0,2020-06-17,33.0,35.299999,31.1,34.049999,34.049999,4101157.0,4101157.0,1.05,3.182,33.48333,"June 17, 20",0.03182
0,2020-06-16,30.0,32.75,30.0,32.599998,32.599998,2445415.0,2445415.0,2.6,8.667,31.78333,"June 16, 20",0.08667
0,2020-06-15,30.6,31.200001,29.299999,29.799999,29.799999,246490.0,246490.0,-0.8,-2.614,30.1,"June 15, 20",-0.02614
0,2020-06-12,28.299999,31.049999,28.299999,30.65,30.65,258192.0,258192.0,2.35,8.304,30.0,"June 12, 20",0.08304
0,2020-06-11,29.5,32.849998,29.5,30.450001,30.450001,500999.0,500999.0,0.95,3.22,30.93333,"June 11, 20",0.0322
0,2020-06-10,28.950001,31.4,27.4,31.049999,31.049999,1016754.0,1016754.0,2.1,7.254,29.95,"June 10, 20",0.07254
0,2020-06-09,32.400002,32.400002,28.5,28.950001,28.950001,880797.0,880797.0,-3.45,-10.648,29.95,"June 09, 20",-0.10648
0,2020-06-08,31.0,31.4,29.5,31.299999,31.299999,1744533.0,1744533.0,0.3,0.968,30.73333,"June 08, 20",0.00968
0,2020-06-05,28.450001,29.5,24.299999,28.549999,28.549999,2326233.0,2326233.0,0.1,0.351,27.45,"June 05, 20",0.00351
0,2020-06-04,29.0,29.200001,26.5,27.0,27.0,96352.0,96352.0,-2.0,-6.897,27.56667,"June 04, 20",-0.06897
0,2020-06-03,28.0,29.0,27.6,27.85,27.85,94071.0,94071.0,-0.15,-0.536,28.15,"June 03, 20",-0.00536
0,2020-06-02,27.700001,27.950001,26.75,27.65,27.65,20396.0,20396.0,-0.05,-0.181,27.45,"June 02, 20",-0.00181
0,2020-06-01,26.35,27.549999,26.35,27.15,27.15,35211.0,35211.0,0.8,3.036,27.01667,"June 01, 20",0.03036
0,2020-05-29,26.25,26.700001,26.0,26.25,26.25,6637.0,6637.0,0.0,0.0,26.31667,"May 29, 20",0.0
0,2020-05-28,26.450001,26.85,25.6,26.200001,26.200001,46031.0,46031.0,-0.25,-0.945,26.21667,"May 28, 20",-0.00945
0,2020-05-27,25.85,26.549999,25.5,25.65,25.65,8142.0,8142.0,-0.2,-0.774,25.9,"May 27, 20",-0.00774
0,2020-05-26,27.25,27.25,25.75,25.9,25.9,22077.0,22077.0,-1.35,-4.954,26.3,"May 26, 20",-0.04954
0,2020-05-22,26.9,27.0,26.450001,26.9,26.9,2534.0,2534.0,0.0,0.0,26.78333,"May 22, 20",0.0
0,2020-05-21,26.1,28.4,26.1,26.549999,26.549999,7979.0,7979.0,0.45,1.724,27.01667,"May 21, 20",0.01724
0,2020-05-20,27.049999,28.75,27.0,27.1,27.1,7899.0,7899.0,0.05,0.185,27.61667,"May 20, 20",0.00185
0,2020-05-19,27.25,28.9,27.25,27.75,27.75,1570.0,1570.0,0.5,1.835,27.96667,"May 19, 20",0.01835
0,2020-05-18,28.0,29.0,27.15,28.15,28.15,6500.0,6500.0,0.15,0.536,28.1,"May 18, 20",0.00536
0,2020-05-15,28.1,28.799999,27.200001,28.25,28.25,5096.0,5096.0,0.15,0.534,28.08333,"May 15, 20",0.00534
0,2020-05-14,26.65,27.950001,26.6,27.5,27.5,25018.0,25018.0,0.85,3.189,27.35,"May 14, 20",0.03189
0,2020-05-13,28.4,28.450001,26.700001,27.299999,27.299999,44869.0,44869.0,-1.1,-3.873,27.48333,"May 13, 20",-0.03873
0,2020-05-12,27.75,28.9,26.6,27.1,27.1,9602.0,9602.0,-0.65,-2.342,27.53333,"May 12, 20",-0.02342
0,2020-05-11,27.799999,30.200001,27.65,27.85,27.85,8761.0,8761.0,0.05,0.18,28.56667,"May 11, 20",0.0018
0,2020-05-08,28.700001,30.1,28.15,29.1,29.1,7425.0,7425.0,0.4,1.394,29.11667,"May 08, 20",0.01394
0,2020-05-07,28.0,28.9,27.5,28.700001,28.700001,3670.0,3670.0,0.7,2.5,28.36667,"May 07, 20",0.025
0,2020-05-06,29.25,29.25,27.549999,27.9,27.9,2867.0,2867.0,-1.35,-4.615,28.23333,"May 06, 20",-0.04615
0,2020-05-05,28.15,29.450001,28.15,28.4,28.4,15366.0,15366.0,0.25,0.888,28.66667,"May 05, 20",0.00888
0,2020-05-04,32.450001,32.450001,29.450001,29.450001,29.450001,7580.0,7580.0,-3.0,-9.245,30.45,"May 04, 20",-0.09245
0,2020-04-30,32.049999,32.049999,30.25,30.950001,30.950001,5725.0,5725.0,-1.1,-3.432,31.08333,"April 30, 20",-0.03432
0,2020-04-29,31.15,32.75,30.6,30.9,30.9,5544.0,5544.0,-0.25,-0.803,31.41667,"April 29, 20",-0.00803
0,2020-04-28,32.849998,32.950001,30.700001,32.200001,32.200001,1635.0,1635.0,-0.65,-1.979,31.95,"April 28, 20",-0.01979
0,2020-04-27,34.0,34.950001,31.950001,32.150002,32.150002,5881.0,5881.0,-1.85,-5.441,33.01667,"April 27, 20",-0.05441
0,2020-04-24,31.25,33.799999,31.25,33.599998,33.599998,4531.0,4531.0,2.35,7.52,32.88333,"April 24, 20",0.0752
0,2020-04-23,33.849998,33.849998,31.6,32.650002,32.650002,22019.0,22019.0,-1.2,-3.545,32.7,"April 23, 20",-0.03545
0,2020-04-22,32.200001,33.849998,30.9,32.700001,32.700001,6802.0,6802.0,0.5,1.553,32.48333,"April 22, 20",0.01553
0,2020-04-21,33.849998,33.849998,32.200001,32.299999,32.299999,1935.0,1935.0,-1.55,-4.579,32.78333,"April 21, 20",-0.04579
0,2020-04-20,37.200001,37.200001,33.700001,33.849998,33.849998,34096.0,34096.0,-3.35,-9.005,34.91667,"April 20, 20",-0.09005
0,2020-04-17,34.099998,35.450001,34.099998,35.450001,35.450001,10317.0,10317.0,1.35,3.959,35.0,"April 17, 20",0.03959
0,2020-04-16,31.950001,35.200001,30.25,33.799999,33.799999,10176.0,10176.0,1.85,5.79,33.08333,"April 16, 20",0.0579
0,2020-04-15,31.25,33.549999,28.65,32.0,32.0,14951.0,14951.0,0.75,2.4,31.4,"April 15, 20",0.024
0,2020-04-13,30.450001,31.5,29.15,31.15,31.15,4734.0,4734.0,0.7,2.299,30.6,"April 13, 20",0.02299
0,2020-04-09,28.1,31.75,27.85,30.75,30.75,17597.0,17597.0,2.65,9.431,30.11667,"April 09, 20",0.09431
0,2020-04-08,29.35,29.5,25.25,28.9,28.9,12500.0,12500.0,-0.45,-1.533,27.88333,"April 08, 20",-0.01533
0,2020-04-07,25.0,27.25,24.75,27.25,27.25,31561.0,31561.0,2.25,9.0,26.41667,"April 07, 20",0.09
0,2020-04-03,25.950001,27.6,23.200001,24.799999,24.799999,3444.0,3444.0,-1.15,-4.432,25.2,"April 03, 20",-0.04432
0,2020-04-01,25.0,26.15,24.0,25.700001,25.700001,2659.0,2659.0,0.7,2.8,25.28333,"April 01, 20",0.028
0,2020-03-31,24.799999,26.75,23.15,25.65,25.65,15508.0,15508.0,0.85,3.427,25.18333,"March 31, 20",0.03427
0,2020-03-30,27.950001,28.950001,25.200001,25.25,25.25,40565.0,40565.0,-2.7,-9.66,26.46667,"March 30, 20",-0.0966
0,2020-03-27,30.4,30.450001,26.0,27.950001,27.950001,32217.0,32217.0,-2.45,-8.059,28.13333,"March 27, 20",-0.08059
0,2020-03-26,30.049999,35.900002,27.200001,27.950001,27.950001,33309.0,33309.0,-2.1,-6.988,30.35,"March 26, 20",-0.06988
0,2020-03-25,28.0,33.900002,25.299999,30.700001,30.700001,14181.0,14181.0,2.7,9.643,29.96667,"March 25, 20",0.09643
0,2020-03-24,31.5,31.5,27.049999,28.950001,28.950001,9700.0,9700.0,-2.55,-8.095,29.16667,"March 24, 20",-0.08095
0,2020-03-23,35.049999,36.900002,30.15,31.1,31.1,9992.0,9992.0,-3.95,-11.27,32.71667,"March 23, 20",-0.1127
0,2020-03-20,36.849998,38.5,34.0,37.650002,37.650002,35612.0,35612.0,0.8,2.171,36.71667,"March 20, 20",0.02171
0,2020-03-19,35.049999,39.650002,33.849998,36.849998,36.849998,9663.0,9663.0,1.8,5.136,36.78333,"March 19, 20",0.05136
0,2020-03-18,39.049999,39.950001,35.75,37.150002,37.150002,7122.0,7122.0,-1.9,-4.866,37.61667,"March 18, 20",-0.04866
0,2020-03-17,39.599998,41.799999,35.049999,39.5,39.5,11273.0,11273.0,-0.1,-0.253,38.78333,"March 17, 20",-0.00253
0,2020-03-16,38.200001,47.900002,38.200001,39.799999,39.799999,7960.0,7960.0,1.6,4.188,41.96667,"March 16, 20",0.04188
0,2020-03-13,41.5,48.950001,33.549999,43.349998,43.349998,9033.0,9033.0,1.85,4.458,41.95,"March 13, 20",0.04458
0,2020-03-12,42.049999,43.700001,39.049999,41.5,41.5,22718.0,22718.0,-0.55,-1.308,41.41667,"March 12, 20",-0.01308
0,2020-03-11,50.0,53.349998,43.099998,44.299999,44.299999,27544.0,27544.0,-5.7,-11.4,46.91667,"March 11, 20",-0.114
0,2020-03-09,51.150002,51.150002,46.450001,48.5,48.5,24125.0,24125.0,-2.65,-5.181,48.7,"March 09, 20",-0.05181
0,2020-03-06,48.049999,51.900002,46.950001,51.150002,51.150002,35453.0,35453.0,3.1,6.452,50.0,"March 06, 20",0.06452
0,2020-03-05,50.0,53.900002,50.0,50.5,50.5,9644.0,9644.0,0.5,1.0,51.46667,"March 05, 20",0.01
0,2020-03-04,50.450001,52.0,48.049999,50.349998,50.349998,12627.0,12627.0,-0.1,-0.198,50.13333,"March 04, 20",-0.00198
0,2020-03-03,50.400002,53.900002,50.200001,50.650002,50.650002,6827.0,6827.0,0.25,0.496,51.58334,"March 03, 20",0.00496
0,2020-03-02,50.0,54.900002,49.950001,50.400002,50.400002,15950.0,15950.0,0.4,0.8,51.75,"March 02, 20",0.008
0,2020-02-28,48.099998,49.450001,46.5,48.049999,48.049999,7451.0,7451.0,-0.05,-0.104,48.0,"February 28, 20",-0.00104
0,2020-02-27,45.849998,49.799999,45.849998,48.5,48.5,21208.0,21208.0,2.65,5.78,48.05,"February 27, 20",0.0578
0,2020-02-26,51.450001,51.450001,46.799999,48.25,48.25,8327.0,8327.0,-3.2,-6.22,48.83333,"February 26, 20",-0.0622
0,2020-02-25,51.599998,53.049999,48.25,51.450001,51.450001,8723.0,8723.0,-0.15,-0.291,50.91667,"February 25, 20",-0.00291
0,2020-02-24,46.599998,54.900002,46.349998,49.599998,49.599998,30525.0,30525.0,3.0,6.438,50.28333,"February 24, 20",0.06438
0,2020-02-20,52.799999,52.799999,46.299999,49.0,49.0,29364.0,29364.0,-3.8,-7.197,49.36667,"February 20, 20",-0.07197
0,2020-02-19,52.299999,53.900002,50.099998,50.849998,50.849998,12928.0,12928.0,-1.45,-2.772,51.61667,"February 19, 20",-0.02772
0,2020-02-18,55.0,55.0,51.5,53.0,53.0,6870.0,6870.0,-2.0,-3.636,53.16667,"February 18, 20",-0.03636
0,2020-02-17,56.049999,57.950001,54.200001,54.900002,54.900002,5794.0,5794.0,-1.15,-2.052,55.68333,"February 17, 20",-0.02052
0,2020-02-14,56.0,59.900002,55.349998,56.450001,56.450001,6969.0,6969.0,0.45,0.804,57.23333,"February 14, 20",0.00804
0,2020-02-13,61.900002,61.900002,55.0,56.200001,56.200001,15914.0,15914.0,-5.7,-9.208,57.7,"February 13, 20",-0.09208
0,2020-02-12,61.099998,63.950001,58.5,58.849998,58.849998,3459.0,3459.0,-2.25,-3.682,60.43333,"February 12, 20",-0.03682
0,2020-02-11,60.25,65.0,55.549999,61.650002,61.650002,97898.0,97898.0,1.4,2.324,60.73333,"February 11, 20",0.02324
0,2020-02-10,63.049999,63.700001,56.099998,57.650002,57.650002,23283.0,23283.0,-5.4,-8.565,59.15,"February 10, 20",-0.08565
0,2020-02-07,65.400002,65.449997,62.0,62.900002,62.900002,5675.0,5675.0,-2.5,-3.823,63.45,"February 07, 20",-0.03823
0,2020-02-06,66.0,67.25,63.25,63.5,63.5,3717.0,3717.0,-2.5,-3.788,64.66667,"February 06, 20",-0.03788
0,2020-02-05,69.449997,69.5,64.099998,64.75,64.75,39941.0,39941.0,-4.7,-6.767,66.11667,"February 05, 20",-0.06767
0,2020-02-04,65.099998,71.0,64.800003,68.550003,68.550003,14565.0,14565.0,3.45001,5.3,68.11667,"February 04, 20",0.053
0,2020-02-03,63.150002,66.150002,61.599998,64.199997,64.199997,9519.0,9519.0,1.04999,1.663,63.98333,"February 03, 20",0.01663
0,2020-01-31,68.550003,69.900002,67.300003,68.800003,68.800003,7019.0,7019.0,0.25,0.365,68.66667,"January 31, 20",0.00365
0,2020-01-30,68.050003,70.449997,67.099998,68.150002,68.150002,5673.0,5673.0,0.1,0.147,68.56667,"January 30, 20",0.00147
0,2020-01-29,71.900002,76.400002,67.0,67.800003,67.800003,17556.0,17556.0,-4.1,-5.702,70.4,"January 29, 20",-0.05702
0,2020-01-28,67.0,71.5,67.0,70.099998,70.099998,7889.0,7889.0,3.1,4.627,69.53333,"January 28, 20",0.04627
0,2020-01-27,69.5,70.0,66.099998,67.550003,67.550003,11805.0,11805.0,-1.95,-2.806,67.88333,"January 27, 20",-0.02806
0,2020-01-24,67.150002,69.900002,67.099998,69.050003,69.050003,8115.0,8115.0,1.9,2.829,68.68333,"January 24, 20",0.02829
0,2020-01-23,68.75,74.650002,66.599998,67.800003,67.800003,47169.0,47169.0,-0.95,-1.382,69.68333,"January 23, 20",-0.01382
0,2020-01-22,66.050003,70.800003,65.0,68.550003,68.550003,16527.0,16527.0,2.5,3.785,68.11667,"January 22, 20",0.03785
0,2020-01-21,66.199997,67.650002,65.650002,67.0,67.0,6324.0,6324.0,0.8,1.208,66.76667,"January 21, 20",0.01208
0,2020-01-20,66.75,67.449997,66.150002,66.599998,66.599998,6138.0,6138.0,-0.15,-0.225,66.73333,"January 20, 20",-0.00225
0,2020-01-17,67.400002,68.900002,65.0,66.599998,66.599998,9856.0,9856.0,-0.8,-1.187,66.83333,"January 17, 20",-0.01187
0,2020-01-16,70.0,71.0,66.0,67.449997,67.449997,28117.0,28117.0,-2.55,-3.643,68.15,"January 16, 20",-0.03643
0,2020-01-15,68.599998,73.0,68.449997,69.199997,69.199997,13660.0,13660.0,0.6,0.875,70.21666,"January 15, 20",0.00875
0,2020-01-14,72.050003,74.0,70.0,71.5,71.5,126980.0,126980.0,-0.55,-0.763,71.83333,"January 14, 20",-0.00763
0,2020-01-13,67.900002,72.0,67.900002,70.0,70.0,27656.0,27656.0,2.1,3.093,69.96667,"January 13, 20",0.03093
0,2020-01-10,68.0,75.0,65.25,67.900002,67.900002,122950.0,122950.0,-0.1,-0.147,69.38333,"January 10, 20",-0.00147
0,2020-01-09,62.049999,72.0,60.400002,67.900002,67.900002,74509.0,74509.0,5.85,9.428,66.76667,"January 09, 20",0.09428
0,2020-01-08,60.049999,62.0,60.0,60.25,60.25,2591.0,2591.0,0.2,0.333,60.75,"January 08, 20",0.00333
0,2020-01-07,62.450001,63.900002,59.700001,61.200001,61.200001,2891.0,2891.0,-1.25,-2.002,61.6,"January 07, 20",-0.02002
0,2020-01-06,60.049999,61.950001,59.099998,60.049999,60.049999,5069.0,5069.0,0.0,0.0,60.36667,"January 06, 20",0.0
0,2020-01-03,61.400002,63.099998,58.25,60.900002,60.900002,15848.0,15848.0,-0.5,-0.814,60.75,"January 03, 20",-0.00814
0,2020-01-02,66.5,66.5,60.099998,61.299999,61.299999,14314.0,14314.0,-5.2,-7.82,62.63333,"January 02, 20",-0.0782
0,2020-01-01,60.0,71.300003,58.950001,65.0,65.0,65154.0,65154.0,5.0,8.333,65.08333,"January 01, 20",0.08333
0,2019-12-31,58.150002,60.5,58.099998,59.450001,59.450001,3695.0,3695.0,1.3,2.236,59.35,"December 31, 19",0.02236
0,2019-12-30,58.349998,59.700001,57.049999,59.25,59.25,3549.0,3549.0,0.9,1.542,58.66667,"December 30, 19",0.01542
0,2019-12-27,58.950001,60.400002,57.599998,58.349998,58.349998,7047.0,7047.0,-0.6,-1.018,58.78333,"December 27, 19",-0.01018
0,2019-12-26,58.950001,60.950001,57.549999,59.849998,59.849998,7228.0,7228.0,0.9,1.527,59.45,"December 26, 19",0.01527
0,2019-12-24,58.549999,60.0,57.400002,58.049999,58.049999,4205.0,4205.0,-0.5,-0.854,58.48333,"December 24, 19",-0.00854
0,2019-12-23,59.849998,60.75,58.799999,59.5,59.5,9816.0,9816.0,-0.35,-0.585,59.68333,"December 23, 19",-0.00585
0,2019-12-20,58.5,62.0,57.25,57.599998,57.599998,9471.0,9471.0,-0.9,-1.538,58.95,"December 20, 19",-0.01538
0,2019-12-19,57.599998,60.950001,56.700001,58.799999,58.799999,9970.0,9970.0,1.2,2.083,58.81667,"December 19, 19",0.02083
0,2019-12-18,61.799999,61.799999,57.75,58.650002,58.650002,8255.0,8255.0,-3.15,-5.097,59.4,"December 18, 19",-0.05097
0,2019-12-17,59.900002,61.5,57.549999,58.75,58.75,14827.0,14827.0,-1.15,-1.92,59.26667,"December 17, 19",-0.0192
0,2019-12-16,61.5,66.0,59.0,59.950001,59.950001,4784.0,4784.0,-1.55,-2.52,61.65,"December 16, 19",-0.0252
0,2019-12-13,62.75,64.599998,60.049999,61.450001,61.450001,2302.0,2302.0,-1.3,-2.072,62.03333,"December 13, 19",-0.02072
0,2019-12-12,57.950001,64.0,57.950001,60.400002,60.400002,9510.0,9510.0,2.45,4.228,60.78333,"December 12, 19",0.04228
0,2019-12-11,62.299999,67.849998,57.25,58.799999,58.799999,10276.0,10276.0,-3.5,-5.618,61.3,"December 11, 19",-0.05618
0,2019-12-10,65.050003,66.199997,62.549999,63.049999,63.049999,1784.0,1784.0,-2.0,-3.075,63.93333,"December 10, 19",-0.03075
0,2019-12-09,68.400002,69.449997,63.150002,64.400002,64.400002,3201.0,3201.0,-4.0,-5.848,65.66667,"December 09, 19",-0.05848
0,2019-12-06,66.75,67.800003,65.050003,65.849998,65.849998,4691.0,4691.0,-0.9,-1.348,66.23333,"December 06, 19",-0.01348
0,2019-12-05,66.050003,69.099998,65.25,65.599998,65.599998,5141.0,5141.0,-0.45001,-0.681,66.65,"December 05, 19",-0.00681
0,2019-12-04,67.050003,68.849998,66.0,66.650002,66.650002,3367.0,3367.0,-0.4,-0.597,67.16667,"December 04, 19",-0.00597
0,2019-12-03,68.849998,69.400002,67.099998,67.199997,67.199997,4307.0,4307.0,-1.65,-2.397,67.9,"December 03, 19",-0.02397
0,2019-12-02,69.75,69.849998,66.199997,68.5,68.5,3169.0,3169.0,-1.25,-1.792,68.18333,"December 02, 19",-0.01792
0,2019-11-29,69.550003,70.0,68.050003,68.900002,68.900002,9655.0,9655.0,-0.65,-0.935,68.98334,"November 29, 19",-0.00935
0,2019-11-28,69.0,71.400002,66.199997,69.599998,69.599998,777056.0,777056.0,0.6,0.87,69.06667,"November 28, 19",0.0087
0,2019-11-27,63.0,73.0,62.75,69.800003,69.800003,107673.0,107673.0,6.8,10.794,68.51667,"November 27, 19",0.10794
0,2019-11-26,67.0,69.75,62.25,63.349998,63.349998,178556.0,178556.0,-3.65,-5.448,65.11667,"November 26, 19",-0.05448
0,2019-11-25,75.800003,75.800003,66.5,67.199997,67.199997,42102.0,42102.0,-8.60001,-11.346,69.83333,"November 25, 19",-0.11346
0,2019-11-22,68.050003,73.650002,67.199997,70.0,70.0,61606.0,61606.0,1.95,2.866,70.28333,"November 22, 19",0.02866
0,2019-11-21,68.150002,70.0,68.099998,68.5,68.5,794.0,794.0,0.35,0.514,68.86667,"November 21, 19",0.00514
0,2019-11-20,67.599998,71.800003,67.199997,69.550003,69.550003,13657.0,13657.0,1.95001,2.885,69.51667,"November 20, 19",0.02885
0,2019-11-19,69.0,70.400002,67.599998,67.849998,67.849998,19777.0,19777.0,-1.15,-1.667,68.61667,"November 19, 19",-0.01667
0,2019-11-18,70.050003,71.050003,68.050003,69.25,69.25,1094.0,1094.0,-0.8,-1.142,69.45,"November 18, 19",-0.01142
0,2019-11-15,69.449997,71.099998,67.699997,70.849998,70.849998,7273.0,7273.0,1.4,2.016,69.88333,"November 15, 19",0.02016
0,2019-11-14,71.949997,72.0,68.550003,69.0,69.0,1891.0,1891.0,-2.95,-4.1,69.85,"November 14, 19",-0.041
0,2019-11-13,70.550003,75.949997,67.199997,70.699997,70.699997,5832.0,5832.0,0.14999,0.213,71.28333,"November 13, 19",0.00213
0,2019-11-11,74.050003,75.0,71.150002,72.5,72.5,9476.0,9476.0,-1.55,-2.093,72.88333,"November 11, 19",-0.02093
0,2019-11-08,74.949997,77.800003,74.599998,74.650002,74.650002,56566.0,56566.0,-0.29999,-0.4,75.68333,"November 08, 19",-0.004
0,2019-11-07,76.75,76.849998,72.5,74.349998,74.349998,1593.0,1593.0,-2.4,-3.127,74.56667,"November 07, 19",-0.03127
0,2019-11-06,76.050003,76.050003,74.0,74.900002,74.900002,353.0,353.0,-1.15,-1.512,74.98334,"November 06, 19",-0.01512
0,2019-11-05,76.75,76.75,73.050003,74.25,74.25,6383.0,6383.0,-2.5,-3.257,74.68333,"November 05, 19",-0.03257
0,2019-11-04,73.0,76.900002,73.0,75.550003,75.550003,5196.0,5196.0,2.55,3.493,75.15,"November 04, 19",0.03493
0,2019-11-01,75.0,76.900002,73.0,74.050003,74.050003,5887.0,5887.0,-0.95,-1.267,74.65,"November 01, 19",-0.01267
0,2019-10-31,75.050003,77.800003,74.650002,75.599998,75.599998,9193.0,9193.0,0.54999,0.733,76.01667,"October 31, 19",0.00733
0,2019-10-30,77.0,77.0,73.300003,74.199997,74.199997,12081.0,12081.0,-2.8,-3.636,74.83333,"October 30, 19",-0.03636
0,2019-10-29,75.349998,80.0,72.099998,78.25,78.25,18930.0,18930.0,2.9,3.849,76.78333,"October 29, 19",0.03849
0,2019-10-25,73.0,73.949997,71.25,73.300003,73.300003,1184.0,1184.0,0.3,0.411,72.83333,"October 25, 19",0.00411
0,2019-10-24,74.800003,74.800003,72.0,72.099998,72.099998,875.0,875.0,-2.70001,-3.61,72.96667,"October 24, 19",-0.0361
0,2019-10-23,71.150002,75.800003,71.150002,74.849998,74.849998,6729.0,6729.0,3.7,5.2,73.93333,"October 23, 19",0.052
0,2019-10-22,74.550003,76.449997,71.199997,73.050003,73.050003,7977.0,7977.0,-1.5,-2.012,73.56667,"October 22, 19",-0.02012
0,2019-10-18,73.300003,75.400002,71.300003,72.849998,72.849998,3046.0,3046.0,-0.45001,-0.614,73.18333,"October 18, 19",-0.00614
0,2019-10-17,70.050003,74.0,69.699997,71.900002,71.900002,2164.0,2164.0,1.85,2.641,71.86667,"October 17, 19",0.02641
0,2019-10-16,73.949997,73.949997,69.5,70.449997,70.449997,2352.0,2352.0,-3.5,-4.733,71.3,"October 16, 19",-0.04733
0,2019-10-15,73.949997,75.449997,69.550003,71.75,71.75,6172.0,6172.0,-2.2,-2.975,72.25,"October 15, 19",-0.02975
0,2019-10-14,74.800003,76.650002,72.150002,74.400002,74.400002,6276.0,6276.0,-0.4,-0.535,74.4,"October 14, 19",-0.00535
0,2019-10-11,68.849998,78.0,68.75,72.949997,72.949997,7983.0,7983.0,4.1,5.955,73.23333,"October 11, 19",0.05955
0,2019-10-10,69.349998,71.150002,67.5,67.75,67.75,2802.0,2802.0,-1.6,-2.307,68.8,"October 10, 19",-0.02307
0,2019-10-09,72.550003,72.550003,67.550003,70.0,70.0,4661.0,4661.0,-2.55,-3.515,70.03334,"October 09, 19",-0.03515
0,2019-10-07,75.0,76.0,70.5,71.449997,71.449997,5166.0,5166.0,-3.55,-4.733,72.65,"October 07, 19",-0.04733
0,2019-10-04,75.099998,77.0,73.0,75.75,75.75,33615.0,33615.0,0.65,0.866,75.25,"October 04, 19",0.00866
0,2019-10-03,78.300003,78.300003,71.300003,74.800003,74.800003,13233.0,13233.0,-3.5,-4.47,74.8,"October 03, 19",-0.0447
0,2019-10-01,75.25,79.849998,72.949997,75.650002,75.650002,16045.0,16045.0,0.4,0.532,76.15,"October 01, 19",0.00532
0,2019-09-30,85.0,85.0,76.550003,78.849998,78.849998,36293.0,36293.0,-6.15,-7.235,80.13333,"September 30, 19",-0.07235
0,2019-09-27,80.0,84.150002,75.199997,81.949997,81.949997,401891.0,401891.0,1.95,2.438,80.43333,"September 27, 19",0.02438
0,2019-09-26,88.0,88.300003,78.199997,80.199997,80.199997,29250.0,29250.0,-7.8,-8.864,82.23333,"September 26, 19",-0.08864
0,2019-09-25,89.050003,90.0,85.5,87.800003,87.800003,4455.0,4455.0,-1.25,-1.404,87.76667,"September 25, 19",-0.01404
0,2019-09-24,91.0,91.050003,85.199997,89.949997,89.949997,20311.0,20311.0,-1.05,-1.154,88.73333,"September 24, 19",-0.01154
0,2019-09-23,93.0,99.050003,85.800003,91.0,91.0,100599.0,100599.0,-2.0,-2.151,91.95,"September 23, 19",-0.02151
0,2019-09-20,91.949997,97.0,90.0,93.650002,93.650002,28292.0,28292.0,1.70001,1.849,93.55,"September 20, 19",0.01849
0,2019-09-19,90.550003,93.900002,90.5,92.0,92.0,23095.0,23095.0,1.45,1.601,92.13333,"September 19, 19",0.01601
0,2019-09-18,91.849998,96.949997,91.050003,92.0,92.0,23291.0,23291.0,0.15,0.163,93.33333,"September 18, 19",0.00163
0,2019-09-17,87.0,98.900002,83.400002,90.150002,90.150002,12184.0,12184.0,3.15,3.621,90.81667,"September 17, 19",0.03621
0,2019-09-16,87.050003,90.0,82.949997,88.650002,88.650002,4541.0,4541.0,1.6,1.838,87.2,"September 16, 19",0.01838
0,2019-09-13,89.849998,89.900002,83.349998,88.199997,88.199997,9962.0,9962.0,-1.65,-1.836,87.15,"September 13, 19",-0.01836
0,2019-09-12,81.949997,87.0,78.25,86.349998,86.349998,3294.0,3294.0,4.4,5.369,83.86667,"September 12, 19",0.05369
0,2019-09-11,80.5,83.0,78.0,82.400002,82.400002,2157.0,2157.0,1.9,2.36,81.13333,"September 11, 19",0.0236
0,2019-09-09,79.949997,82.5,78.349998,80.150002,80.150002,2133.0,2133.0,0.20001,0.25,80.33333,"September 09, 19",0.0025
0,2019-09-06,80.050003,80.050003,75.900002,78.400002,78.400002,9381.0,9381.0,-1.65,-2.061,78.11667,"September 06, 19",-0.02061
0,2019-09-05,83.650002,84.849998,78.300003,80.0,80.0,6633.0,6633.0,-3.65,-4.363,81.05,"September 05, 19",-0.04363
0,2019-09-04,77.949997,84.699997,76.0,81.699997,81.699997,6987.0,6987.0,3.75,4.811,80.8,"September 04, 19",0.04811
0,2019-09-03,80.300003,83.199997,71.349998,73.699997,73.699997,18682.0,18682.0,-6.60001,-8.219,76.08333,"September 03, 19",-0.08219
0,2019-08-30,80.099998,86.0,80.099998,81.25,81.25,1080.0,1080.0,1.15,1.436,82.45,"August 30, 19",0.01436
0,2019-08-29,84.699997,84.699997,78.0,81.800003,81.800003,2874.0,2874.0,-2.89999,-3.424,81.5,"August 29, 19",-0.03424
0,2019-08-28,82.050003,84.800003,77.650002,81.5,81.5,7400.0,7400.0,-0.55,-0.67,81.31667,"August 28, 19",-0.0067
0,2019-08-27,80.0,85.0,77.050003,83.650002,83.650002,20134.0,20134.0,3.65,4.563,81.9,"August 27, 19",0.04563
0,2019-08-26,72.5,81.900002,71.0,77.050003,77.050003,38411.0,38411.0,4.55,6.276,76.65,"August 26, 19",0.06276
0,2019-08-23,69.349998,75.599998,67.349998,70.0,70.0,4701.0,4701.0,0.65,0.937,70.98333,"August 23, 19",0.00937
0,2019-08-22,80.5,80.5,71.449997,72.800003,72.800003,7355.0,7355.0,-7.7,-9.565,74.91667,"August 22, 19",-0.09565
0,2019-08-21,82.0,82.949997,74.050003,75.949997,75.949997,10150.0,10150.0,-6.05,-7.378,77.65,"August 21, 19",-0.07378
0,2019-08-20,82.5,84.900002,78.900002,83.150002,83.150002,858.0,858.0,0.65,0.788,82.31667,"August 20, 19",0.00788
0,2019-08-19,83.849998,87.349998,82.0,82.650002,82.650002,528.0,528.0,-1.2,-1.431,84.0,"August 19, 19",-0.01431
0,2019-08-16,81.550003,87.449997,78.25,83.900002,83.900002,2474.0,2474.0,2.35,2.882,83.2,"August 16, 19",0.02882
0,2019-08-14,84.0,85.849998,81.5,82.599998,82.599998,1959.0,1959.0,-1.4,-1.667,83.31667,"August 14, 19",-0.01667
0,2019-08-13,85.300003,86.0,75.050003,84.75,84.75,22482.0,22482.0,-0.55,-0.645,81.93333,"August 13, 19",-0.00645
0,2019-08-09,89.949997,89.949997,83.599998,87.25,87.25,18072.0,18072.0,-2.7,-3.002,86.93333,"August 09, 19",-0.03002
0,2019-08-08,84.0,89.800003,81.949997,86.5,86.5,779.0,779.0,2.5,2.976,86.08333,"August 08, 19",0.02976
0,2019-08-07,90.349998,93.0,84.900002,85.75,85.75,3377.0,3377.0,-4.6,-5.091,87.88333,"August 07, 19",-0.05091
0,2019-08-06,80.199997,92.900002,78.099998,90.349998,90.349998,13202.0,13202.0,10.15,12.656,87.11667,"August 06, 19",0.12656
0,2019-08-05,72.699997,87.0,65.949997,84.699997,84.699997,586211.0,586211.0,12.0,16.506,79.21666,"August 05, 19",0.16506
0,2019-08-02,72.5,80.0,72.5,77.400002,77.400002,1474.0,1474.0,4.9,6.759,76.63333,"August 02, 19",0.06759
0,2019-08-01,80.5,80.5,75.0,75.75,75.75,26079.0,26079.0,-4.75,-5.901,77.08333,"August 01, 19",-0.05901
0,2019-07-31,78.050003,80.900002,76.0,77.099998,77.099998,14299.0,14299.0,-0.95001,-1.217,78.0,"July 31, 19",-0.01217
0,2019-07-30,88.199997,92.25,77.0,78.050003,78.050003,8083.0,8083.0,-10.14999,-11.508,82.43333,"July 30, 19",-0.11508
0,2019-07-29,88.550003,92.449997,87.099998,88.300003,88.300003,3936.0,3936.0,-0.25,-0.282,89.28333,"July 29, 19",-0.00282
0,2019-07-26,90.199997,94.0,87.099998,90.900002,90.900002,3835.0,3835.0,0.70001,0.776,90.66667,"July 26, 19",0.00776
0,2019-07-25,89.0,95.699997,87.099998,92.75,92.75,2407.0,2407.0,3.75,4.213,91.85,"July 25, 19",0.04213
0,2019-07-24,90.050003,96.199997,89.0,90.699997,90.699997,1625.0,1625.0,0.64999,0.722,91.96666,"July 24, 19",0.00722
0,2019-07-23,91.0,94.550003,90.050003,90.949997,90.949997,6340.0,6340.0,-0.05,-0.055,91.85,"July 23, 19",-0.00055
0,2019-07-22,96.0,96.0,90.699997,92.400002,92.400002,4137.0,4137.0,-3.6,-3.75,93.03333,"July 22, 19",-0.0375
0,2019-07-19,98.050003,104.849998,93.099998,95.550003,95.550003,6276.0,6276.0,-2.5,-2.55,97.83333,"July 19, 19",-0.0255
0,2019-07-18,97.900002,100.0,94.5,99.699997,99.699997,7667.0,7667.0,1.79999,1.839,98.06667,"July 18, 19",0.01839
0,2019-07-17,95.0,99.300003,91.800003,97.900002,97.900002,18655.0,18655.0,2.9,3.053,96.33334,"July 17, 19",0.03053
0,2019-07-16,93.5,98.0,86.400002,96.5,96.5,45504.0,45504.0,3.0,3.209,93.63333,"July 16, 19",0.03209
0,2019-07-15,96.0,98.75,90.550003,93.5,93.5,5589.0,5589.0,-2.5,-2.604,94.26667,"July 15, 19",-0.02604
0,2019-07-12,96.050003,99.449997,96.050003,96.699997,96.699997,1634.0,1634.0,0.64999,0.677,97.4,"July 12, 19",0.00677
0,2019-07-11,96.099998,100.900002,95.550003,95.599998,95.599998,2170.0,2170.0,-0.5,-0.52,97.35,"July 11, 19",-0.0052
0,2019-07-10,96.050003,98.75,95.699997,96.199997,96.199997,2252.0,2252.0,0.14999,0.156,96.88333,"July 10, 19",0.00156
0,2019-07-09,97.0,99.949997,96.0,96.650002,96.650002,2950.0,2950.0,-0.35,-0.361,97.53333,"July 09, 19",-0.00361
0,2019-07-08,101.0,104.400002,97.5,97.75,97.75,3585.0,3585.0,-3.25,-3.218,99.88333,"July 08, 19",-0.03218
0,2019-07-05,99.199997,102.900002,97.550003,100.650002,100.650002,4824.0,4824.0,1.45001,1.462,100.36667,"July 05, 19",0.01462
0,2019-07-04,99.900002,102.0,99.0,101.300003,101.300003,6372.0,6372.0,1.4,1.401,100.76667,"July 04, 19",0.01401
0,2019-07-03,100.0,102.75,99.550003,100.550003,100.550003,4473.0,4473.0,0.55,0.55,100.95,"July 03, 19",0.0055
0,2019-07-02,105.449997,105.449997,99.550003,100.75,100.75,6728.0,6728.0,-4.7,-4.457,101.91667,"July 02, 19",-0.04457
0,2019-07-01,107.0,107.050003,102.0,102.550003,102.550003,5956.0,5956.0,-4.45,-4.159,103.86667,"July 01, 19",-0.04159
0,2019-06-28,104.0,107.949997,103.550003,104.849998,104.849998,2932.0,2932.0,0.85,0.817,105.45,"June 28, 19",0.00817
0,2019-06-27,107.050003,109.949997,104.400002,106.0,106.0,4966.0,4966.0,-1.05,-0.981,106.78333,"June 27, 19",-0.00981
0,2019-06-26,103.5,109.949997,103.5,109.900002,109.900002,2854.0,2854.0,6.4,6.184,107.78333,"June 26, 19",0.06184
0,2019-06-25,103.050003,107.949997,103.050003,106.550003,106.550003,1223.0,1223.0,3.5,3.396,105.85,"June 25, 19",0.03396
0,2019-06-24,104.599998,110.0,104.199997,105.900002,105.900002,894.0,894.0,1.3,1.243,106.7,"June 24, 19",0.01243
0,2019-06-21,104.0,109.650002,103.5,107.800003,107.800003,534.0,534.0,3.8,3.654,106.98334,"June 21, 19",0.03654
0,2019-06-20,102.050003,109.849998,102.050003,107.800003,107.800003,1774.0,1774.0,5.75,5.634,106.56667,"June 20, 19",0.05634
0,2019-06-19,107.099998,110.050003,102.199997,104.650002,104.650002,7144.0,7144.0,-2.45,-2.288,105.63333,"June 19, 19",-0.02288
0,2019-06-18,107.0,113.449997,107.0,109.849998,109.849998,2475.0,2475.0,2.85,2.664,110.1,"June 18, 19",0.02664
0,2019-06-17,108.25,110.199997,106.0,109.949997,109.949997,7352.0,7352.0,1.7,1.57,108.71666,"June 17, 19",0.0157
0,2019-06-14,109.25,109.849998,107.0,108.400002,108.400002,1361.0,1361.0,-0.85,-0.778,108.41667,"June 14, 19",-0.00778
0,2019-06-13,110.550003,111.5,108.75,110.949997,110.949997,2835.0,2835.0,0.39999,0.362,110.4,"June 13, 19",0.00362
0,2019-06-12,111.0,112.0,109.050003,110.550003,110.550003,1971.0,1971.0,-0.45,-0.405,110.53334,"June 12, 19",-0.00405
0,2019-06-11,110.0,112.150002,108.099998,111.5,111.5,4898.0,4898.0,1.5,1.364,110.58333,"June 11, 19",0.01364
0,2019-06-10,113.75,113.75,108.0,109.949997,109.949997,4353.0,4353.0,-3.8,-3.341,110.56667,"June 10, 19",-0.03341
0,2019-06-07,110.0,110.849998,108.150002,110.650002,110.650002,1151.0,1151.0,0.65,0.591,109.88333,"June 07, 19",0.00591
0,2019-06-06,112.5,112.5,108.5,110.0,110.0,50154.0,50154.0,-2.5,-2.222,110.33333,"June 06, 19",-0.02222
0,2019-06-04,114.949997,114.949997,110.0,110.400002,110.400002,1247.0,1247.0,-4.54999,-3.958,111.78333,"June 04, 19",-0.03958
0,2019-06-03,110.599998,115.0,107.099998,111.5,111.5,7115.0,7115.0,0.9,0.814,111.2,"June 03, 19",0.00814
0,2019-05-31,113.949997,114.0,108.099998,110.599998,110.599998,1785.0,1785.0,-3.35,-2.94,110.9,"May 31, 19",-0.0294
0,2019-05-30,115.949997,115.949997,111.150002,112.0,112.0,2411.0,2411.0,-3.95,-3.407,113.03333,"May 30, 19",-0.03407
0,2019-05-29,112.0,113.0,110.0,111.5,111.5,7981.0,7981.0,-0.5,-0.446,111.5,"May 29, 19",-0.00446
0,2019-05-28,118.0,118.0,109.599998,113.400002,113.400002,24332.0,24332.0,-4.6,-3.898,113.66667,"May 28, 19",-0.03898
0,2019-05-27,108.699997,117.800003,108.699997,113.599998,113.599998,22420.0,22420.0,4.9,4.508,113.36667,"May 27, 19",0.04508
0,2019-05-24,108.75,111.650002,108.75,110.449997,110.449997,7226.0,7226.0,1.7,1.563,110.28333,"May 24, 19",0.01563
0,2019-05-23,110.0,111.0,104.400002,109.550003,109.550003,11411.0,11411.0,-0.45,-0.409,108.31667,"May 23, 19",-0.00409
0,2019-05-22,106.0,110.449997,104.199997,108.150002,108.150002,14581.0,14581.0,2.15,2.028,107.6,"May 22, 19",0.02028
0,2019-05-21,115.0,116.0,102.199997,104.550003,104.550003,28277.0,28277.0,-10.45,-9.087,107.58333,"May 21, 19",-0.09087
0,2019-05-20,137.0,137.0,102.0,111.949997,111.949997,45289.0,45289.0,-25.05,-18.285,116.98333,"May 20, 19",-0.18285
0,2019-05-17,132.100006,132.100006,120.900002,123.699997,123.699997,2911.0,2911.0,-8.40001,-6.359,125.56667,"May 17, 19",-0.06359
0,2019-05-16,131.949997,131.949997,124.0,124.599998,124.599998,5377.0,5377.0,-7.35,-5.57,126.85,"May 16, 19",-0.0557
0,2019-05-15,129.399994,130.050003,125.199997,126.050003,126.050003,5693.0,5693.0,-3.34999,-2.589,127.1,"May 15, 19",-0.02589
0,2019-05-14,125.0,129.449997,125.0,129.399994,129.399994,1091.0,1091.0,4.39999,3.52,127.95,"May 14, 19",0.0352
0,2019-05-13,128.0,133.850006,125.0,125.349998,125.349998,3311.0,3311.0,-2.65,-2.07,128.06667,"May 13, 19",-0.0207
0,2019-05-10,130.0,139.0,127.050003,129.949997,129.949997,5732.0,5732.0,-0.05,-0.038,132.0,"May 10, 19",-0.00038
0,2019-05-09,130.0,130.0,125.550003,127.800003,127.800003,3040.0,3040.0,-2.2,-1.692,127.78334,"May 09, 19",-0.01692
0,2019-05-08,130.649994,133.550003,128.0,129.050003,129.050003,3228.0,3228.0,-1.59999,-1.225,130.2,"May 08, 19",-0.01225
0,2019-05-07,136.899994,136.899994,128.550003,130.649994,130.649994,883.0,883.0,-6.25,-4.565,132.03333,"May 07, 19",-0.04565
0,2019-05-06,135.25,135.25,130.0,130.75,130.75,1564.0,1564.0,-4.5,-3.327,132.0,"May 06, 19",-0.03327
0,2019-05-03,133.449997,133.449997,129.5,130.050003,130.050003,6906.0,6906.0,-3.39999,-2.548,131.0,"May 03, 19",-0.02548
0,2019-05-02,137.0,137.649994,130.0,130.899994,130.899994,4389.0,4389.0,-6.10001,-4.453,132.85,"May 02, 19",-0.04453
0,2019-04-30,134.850006,138.399994,130.149994,132.899994,132.899994,3651.0,3651.0,-1.95001,-1.446,133.81666,"April 30, 19",-0.01446
0,2019-04-26,131.050003,133.0,128.899994,131.199997,131.199997,5243.0,5243.0,0.14999,0.114,131.03333,"April 26, 19",0.00114
0,2019-04-25,132.0,135.850006,131.0,132.850006,132.850006,747.0,747.0,0.85001,0.644,133.23334,"April 25, 19",0.00644
0,2019-04-24,132.050003,133.949997,130.5,131.300003,131.300003,6780.0,6780.0,-0.75,-0.568,131.91667,"April 24, 19",-0.00568
0,2019-04-23,138.0,138.0,131.199997,132.149994,132.149994,3421.0,3421.0,-5.85001,-4.239,133.78333,"April 23, 19",-0.04239
0,2019-04-22,138.75,138.75,132.0,133.449997,133.449997,5990.0,5990.0,-5.3,-3.82,134.73333,"April 22, 19",-0.0382
0,2019-04-18,137.0,142.800003,134.550003,137.350006,137.350006,1712.0,1712.0,0.35001,0.255,138.23334,"April 18, 19",0.00255
0,2019-04-16,142.449997,142.449997,137.199997,138.5,138.5,2336.0,2336.0,-3.95,-2.773,139.38333,"April 16, 19",-0.02773
0,2019-04-15,139.699997,141.0,139.0,139.800003,139.800003,3518.0,3518.0,0.10001,0.072,139.93333,"April 15, 19",0.00072
0,2019-04-12,139.800003,139.800003,136.949997,138.699997,138.699997,3278.0,3278.0,-1.10001,-0.787,138.48333,"April 12, 19",-0.00787
0,2019-04-11,139.399994,139.399994,137.0,137.149994,137.149994,4786.0,4786.0,-2.25,-1.614,137.85,"April 11, 19",-0.01614
0,2019-04-10,138.5,138.649994,133.699997,137.050003,137.050003,3540.0,3540.0,-1.45,-1.047,136.46666,"April 10, 19",-0.01047
0,2019-04-09,138.800003,138.800003,133.5,133.75,133.75,10661.0,10661.0,-5.05,-3.638,135.35,"April 09, 19",-0.03638
0,2019-04-08,143.0,143.0,134.5,135.0,135.0,15031.0,15031.0,-8.0,-5.594,137.5,"April 08, 19",-0.05594
0,2019-04-05,145.949997,145.949997,137.149994,138.949997,138.949997,9428.0,9428.0,-7.0,-4.796,140.68333,"April 05, 19",-0.04796
0,2019-04-04,142.899994,145.449997,142.0,143.399994,143.399994,8293.0,8293.0,0.5,0.35,143.61666,"April 04, 19",0.0035
0,2019-04-03,144.5,144.699997,140.5,142.899994,142.899994,9150.0,9150.0,-1.60001,-1.107,142.7,"April 03, 19",-0.01107
0,2019-04-02,137.0,145.949997,137.0,139.75,139.75,17647.0,17647.0,2.75,2.007,140.9,"April 02, 19",0.02007
0,2019-04-01,136.600006,137.399994,133.0,137.300003,137.300003,6450.0,6450.0,0.7,0.512,135.9,"April 01, 19",0.00512
0,2019-03-28,134.0,136.699997,132.25,134.100006,134.100006,4536.0,4536.0,0.10001,0.075,134.35,"March 28, 19",0.00075
0,2019-03-27,134.0,136.699997,134.0,135.0,135.0,2064.0,2064.0,1.0,0.746,135.23333,"March 27, 19",0.00746
0,2019-03-26,137.0,137.800003,133.199997,135.149994,135.149994,4496.0,4496.0,-1.85001,-1.35,135.38333,"March 26, 19",-0.0135
0,2019-03-25,139.0,139.5,133.25,137.850006,137.850006,4509.0,4509.0,-1.14999,-0.827,136.86667,"March 25, 19",-0.00827
0,2019-03-22,138.050003,141.0,135.0,140.0,140.0,68011.0,68011.0,1.95,1.413,138.66667,"March 22, 19",0.01413
0,2019-03-20,137.0,139.75,134.100006,136.199997,136.199997,18049.0,18049.0,-0.8,-0.584,136.68333,"March 20, 19",-0.00584
0,2019-03-19,135.050003,141.449997,135.050003,137.949997,137.949997,1998.0,1998.0,2.89999,2.147,138.15,"March 19, 19",0.02147
0,2019-03-18,136.25,139.050003,135.699997,138.0,138.0,23890.0,23890.0,1.75,1.284,137.58333,"March 18, 19",0.01284
0,2019-03-15,137.75,139.100006,135.449997,138.5,138.5,22204.0,22204.0,0.75,0.544,137.68333,"March 15, 19",0.00544
0,2019-03-14,137.949997,140.800003,135.0,137.699997,137.699997,15931.0,15931.0,-0.25,-0.181,137.83333,"March 14, 19",-0.00181
0,2019-03-13,139.850006,139.899994,132.050003,139.050003,139.050003,6681.0,6681.0,-0.8,-0.572,137.0,"March 13, 19",-0.00572
0,2019-03-12,139.949997,140.0,133.5,134.5,134.5,3023.0,3023.0,-5.45,-3.894,136.0,"March 12, 19",-0.03894
0,2019-03-11,128.050003,138.899994,128.0,136.75,136.75,6799.0,6799.0,8.7,6.794,134.55,"March 11, 19",0.06794
0,2019-03-08,129.550003,130.850006,125.300003,129.5,129.5,1721.0,1721.0,-0.05,-0.039,128.55,"March 08, 19",-0.00039
0,2019-03-07,129.949997,130.199997,126.0,127.449997,127.449997,2633.0,2633.0,-2.5,-1.924,127.88333,"March 07, 19",-0.01924
0,2019-03-06,131.899994,131.899994,126.449997,127.449997,127.449997,6506.0,6506.0,-4.45,-3.374,128.6,"March 06, 19",-0.03374
0,2019-03-05,120.599998,130.100006,120.599998,126.599998,126.599998,6829.0,6829.0,6.0,4.975,125.76667,"March 05, 19",0.04975
0,2019-03-01,122.0,125.0,119.050003,123.25,123.25,2299.0,2299.0,1.25,1.025,122.43333,"March 01, 19",0.01025
0,2019-02-28,117.0,120.550003,116.599998,120.050003,120.050003,11401.0,11401.0,3.05,2.607,119.06667,"February 28, 19",0.02607
0,2019-02-27,118.050003,122.0,115.050003,115.349998,115.349998,5109.0,5109.0,-2.70001,-2.287,117.46667,"February 27, 19",-0.02287
0,2019-02-26,124.0,124.0,112.199997,119.550003,119.550003,2511.0,2511.0,-4.45,-3.589,118.58333,"February 26, 19",-0.03589
0,2019-02-25,122.900002,123.0,117.050003,118.0,118.0,6431.0,6431.0,-4.9,-3.987,119.35,"February 25, 19",-0.03987
0,2019-02-22,121.199997,121.25,117.900002,121.25,121.25,2610.0,2610.0,0.05,0.041,120.13333,"February 22, 19",0.00041
0,2019-02-21,119.949997,120.0,116.199997,119.650002,119.650002,135.0,135.0,-0.29999,-0.25,118.61667,"February 21, 19",-0.0025
0,2019-02-20,119.050003,126.5,114.349998,119.099998,119.099998,933.0,933.0,0.04999,0.042,119.98333,"February 20, 19",0.00042
0,2019-02-19,113.75,118.0,113.75,117.599998,117.599998,1372.0,1372.0,3.85,3.385,116.45,"February 19, 19",0.03385
0,2019-02-18,118.900002,118.949997,112.550003,113.75,113.75,2306.0,2306.0,-5.15,-4.331,115.08333,"February 18, 19",-0.04331
0,2019-02-15,118.900002,119.75,115.300003,117.599998,117.599998,8042.0,8042.0,-1.3,-1.093,117.55,"February 15, 19",-0.01093
0,2019-02-14,119.949997,119.949997,113.699997,116.400002,116.400002,6095.0,6095.0,-3.54999,-2.96,116.68333,"February 14, 19",-0.0296
0,2019-02-12,122.900002,122.900002,116.349998,118.900002,118.900002,2174.0,2174.0,-4.0,-3.255,119.38333,"February 12, 19",-0.03255
0,2019-02-11,127.699997,127.699997,117.099998,118.449997,118.449997,2193.0,2193.0,-9.25,-7.244,121.08333,"February 11, 19",-0.07244
0,2019-02-08,118.800003,124.0,118.75,122.5,122.5,8444.0,8444.0,3.7,3.114,121.75,"February 08, 19",0.03114
0,2019-02-07,118.099998,122.849998,117.0,118.75,118.75,2815.0,2815.0,0.65,0.55,119.53333,"February 07, 19",0.0055
0,2019-02-06,123.0,123.0,116.5,118.300003,118.300003,3040.0,3040.0,-4.7,-3.821,119.26667,"February 06, 19",-0.03821
0,2019-02-05,125.949997,127.449997,116.949997,118.699997,118.699997,10424.0,10424.0,-7.25,-5.756,121.03333,"February 05, 19",-0.05756
0,2019-02-04,128.5,128.75,120.0,124.800003,124.800003,125806.0,125806.0,-3.7,-2.879,124.51667,"February 04, 19",-0.02879
0,2019-02-01,126.949997,129.899994,123.050003,125.599998,125.599998,6514.0,6514.0,-1.35,-1.063,126.18333,"February 01, 19",-0.01063
0,2019-01-31,128.050003,128.449997,125.099998,127.099998,127.099998,9276.0,9276.0,-0.95001,-0.742,126.88333,"January 31, 19",-0.00742
0,2019-01-30,129.949997,130.899994,125.550003,126.900002,126.900002,3964.0,3964.0,-3.04999,-2.347,127.78333,"January 30, 19",-0.02347
0,2019-01-29,129.350006,131.899994,125.5,127.949997,127.949997,2909.0,2909.0,-1.40001,-1.082,128.45,"January 29, 19",-0.01082
0,2019-01-28,131.050003,136.300003,125.949997,127.900002,127.900002,11965.0,11965.0,-3.15,-2.404,130.05,"January 28, 19",-0.02404
0,2019-01-25,130.649994,137.0,130.149994,131.050003,131.050003,1352.0,1352.0,0.40001,0.306,132.73333,"January 25, 19",0.00306
0,2019-01-24,131.050003,137.0,130.0,132.25,132.25,8652.0,8652.0,1.2,0.916,133.08333,"January 24, 19",0.00916
0,2019-01-23,133.050003,135.0,130.550003,131.149994,131.149994,3279.0,3279.0,-1.90001,-1.428,132.23333,"January 23, 19",-0.01428
0,2019-01-22,131.050003,136.800003,131.0,134.5,134.5,4230.0,4230.0,3.45,2.633,134.1,"January 22, 19",0.02633
0,2019-01-21,132.149994,134.850006,131.0,131.949997,131.949997,1081.0,1081.0,-0.2,-0.151,132.6,"January 21, 19",-0.00151
0,2019-01-18,136.25,136.5,131.350006,132.800003,132.800003,2268.0,2268.0,-3.45,-2.532,133.55,"January 18, 19",-0.02532
0,2019-01-17,136.0,137.0,133.5,134.949997,134.949997,3072.0,3072.0,-1.05,-0.772,135.15,"January 17, 19",-0.00772
0,2019-01-16,136.050003,139.449997,134.550003,138.350006,138.350006,1472.0,1472.0,2.3,1.691,137.45,"January 16, 19",0.01691
0,2019-01-15,139.899994,139.899994,133.850006,136.850006,136.850006,2763.0,2763.0,-3.04999,-2.18,136.86667,"January 15, 19",-0.0218
0,2019-01-14,135.050003,138.0,131.5,137.899994,137.899994,6257.0,6257.0,2.84999,2.11,135.8,"January 14, 19",0.0211
0,2019-01-11,139.100006,139.350006,132.5,136.149994,136.149994,1633.0,1633.0,-2.95001,-2.121,136.0,"January 11, 19",-0.02121
0,2019-01-10,138.600006,139.199997,135.350006,136.949997,136.949997,1045.0,1045.0,-1.65001,-1.19,137.16667,"January 10, 19",-0.0119
0,2019-01-09,137.949997,138.800003,135.0,136.800003,136.800003,1771.0,1771.0,-1.14999,-0.834,136.86667,"January 09, 19",-0.00834
0,2019-01-08,132.199997,137.0,132.199997,136.649994,136.649994,4892.0,4892.0,4.45,3.366,135.28333,"January 08, 19",0.03366
0,2019-01-07,139.5,139.5,132.5,134.25,134.25,6247.0,6247.0,-5.25,-3.763,135.41667,"January 07, 19",-0.03763
0,2019-01-04,137.449997,138.399994,134.0,136.5,136.5,7870.0,7870.0,-0.95,-0.691,136.3,"January 04, 19",-0.00691
0,2019-01-03,136.649994,139.0,135.0,136.149994,136.149994,8238.0,8238.0,-0.5,-0.366,136.71666,"January 03, 19",-0.00366
0,2019-01-02,139.050003,139.199997,135.100006,137.850006,137.850006,2448.0,2448.0,-1.2,-0.863,137.38334,"January 02, 19",-0.00863
0,2019-01-01,141.75,141.800003,136.0,138.550003,138.550003,1964.0,1964.0,-3.2,-2.257,138.78334,"January 01, 19",-0.02257
0,2018-12-31,141.25,142.449997,137.399994,138.949997,138.949997,4491.0,4491.0,-2.3,-1.628,139.6,"December 31, 18",-0.01628
0,2018-12-28,139.050003,142.949997,136.300003,140.050003,140.050003,4066.0,4066.0,1.0,0.719,139.76667,"December 28, 18",0.00719
0,2018-12-27,135.0,143.5,135.0,140.399994,140.399994,2231.0,2231.0,5.39999,4.0,139.63333,"December 27, 18",0.04
0,2018-12-26,140.75,143.899994,135.800003,136.850006,136.850006,5720.0,5720.0,-3.89999,-2.771,138.85,"December 26, 18",-0.02771
0,2018-12-24,141.050003,144.949997,136.199997,139.399994,139.399994,2264.0,2264.0,-1.65001,-1.17,140.18333,"December 24, 18",-0.0117
0,2018-12-21,150.0,151.0,137.25,141.050003,141.050003,15046.0,15046.0,-8.95,-5.967,143.1,"December 21, 18",-0.05967
0,2018-12-20,139.550003,144.0,137.050003,142.449997,142.449997,4369.0,4369.0,2.89999,2.078,141.16667,"December 20, 18",0.02078
0,2018-12-19,134.449997,142.0,134.0,141.199997,141.199997,2960.0,2960.0,6.75,5.02,139.06667,"December 19, 18",0.0502
0,2018-12-18,138.0,138.0,134.0,135.149994,135.149994,589.0,589.0,-2.85001,-2.065,135.71666,"December 18, 18",-0.02065
0,2018-12-17,134.5,138.0,134.5,137.550003,137.550003,2130.0,2130.0,3.05,2.268,136.68333,"December 17, 18",0.02268
0,2018-12-14,132.199997,136.949997,132.100006,134.350006,134.350006,3572.0,3572.0,2.15001,1.626,134.46667,"December 14, 18",0.01626
0,2018-12-13,131.350006,140.550003,131.0,132.899994,132.899994,9137.0,9137.0,1.54999,1.18,134.81667,"December 13, 18",0.0118
0,2018-12-12,132.0,137.199997,131.449997,132.600006,132.600006,1832.0,1832.0,0.60001,0.455,133.75,"December 12, 18",0.00455
0,2018-12-11,131.050003,135.699997,130.0,133.25,133.25,1042.0,1042.0,2.2,1.679,132.98333,"December 11, 18",0.01679
0,2018-12-10,131.050003,134.649994,130.0,132.5,132.5,2228.0,2228.0,1.45,1.106,132.38333,"December 10, 18",0.01106
0,2018-12-07,135.100006,135.100006,131.050003,131.600006,131.600006,2636.0,2636.0,-3.5,-2.591,132.58334,"December 07, 18",-0.02591
0,2018-12-06,134.850006,137.850006,132.5,135.0,135.0,4569.0,4569.0,0.14999,0.111,135.11667,"December 06, 18",0.00111
0,2018-12-05,135.75,136.0,131.300003,135.050003,135.050003,4918.0,4918.0,-0.7,-0.516,134.11667,"December 05, 18",-0.00516
0,2018-12-04,139.550003,139.600006,130.600006,134.25,134.25,6821.0,6821.0,-5.3,-3.798,134.81667,"December 04, 18",-0.03798
0,2018-12-03,135.0,140.0,133.25,137.550003,137.550003,3541.0,3541.0,2.55,1.889,136.93333,"December 03, 18",0.01889
0,2018-11-30,141.449997,143.0,133.949997,136.100006,136.100006,6081.0,6081.0,-5.34999,-3.782,137.68333,"November 30, 18",-0.03782
0,2018-11-29,142.949997,143.0,137.25,140.350006,140.350006,1817.0,1817.0,-2.59999,-1.819,140.2,"November 29, 18",-0.01819
0,2018-11-28,139.5,143.0,139.5,141.300003,141.300003,1411.0,1411.0,1.8,1.29,141.26667,"November 28, 18",0.0129
0,2018-11-27,142.0,143.0,139.649994,141.0,141.0,2013.0,2013.0,-1.0,-0.704,141.21666,"November 27, 18",-0.00704
0,2018-11-26,145.199997,149.0,141.0,142.600006,142.600006,1461.0,1461.0,-2.59999,-1.791,144.2,"November 26, 18",-0.01791
0,2018-11-22,152.75,152.800003,145.149994,146.300003,146.300003,2157.0,2157.0,-6.45,-4.223,148.08333,"November 22, 18",-0.04223
0,2018-11-21,149.050003,149.050003,146.100006,147.050003,147.050003,2012.0,2012.0,-2.0,-1.342,147.4,"November 21, 18",-0.01342
0,2018-11-20,151.050003,151.5,147.600006,149.649994,149.649994,3412.0,3412.0,-1.40001,-0.927,149.58333,"November 20, 18",-0.00927
0,2018-11-19,152.949997,154.0,147.100006,151.899994,151.899994,6688.0,6688.0,-1.05,-0.686,151.0,"November 19, 18",-0.00686
0,2018-11-16,146.050003,153.300003,143.199997,151.75,151.75,7946.0,7946.0,5.7,3.903,149.41667,"November 16, 18",0.03903
0,2018-11-15,145.0,147.850006,144.550003,146.850006,146.850006,2774.0,2774.0,1.85001,1.276,146.41667,"November 15, 18",0.01276
0,2018-11-14,147.550003,148.0,143.0,145.0,145.0,19353.0,19353.0,-2.55,-1.728,145.33333,"November 14, 18",-0.01728
0,2018-11-13,145.199997,149.899994,143.300003,147.199997,147.199997,138446.0,138446.0,2.0,1.377,146.8,"November 13, 18",0.01377
0,2018-11-12,145.050003,149.699997,144.550003,146.800003,146.800003,3949.0,3949.0,1.75,1.206,147.01667,"November 12, 18",0.01206
0,2018-11-09,141.649994,147.5,141.649994,146.699997,146.699997,1921.0,1921.0,5.05,3.565,145.28333,"November 09, 18",0.03565
0,2018-11-07,150.0,150.0,144.75,145.699997,145.699997,1090.0,1090.0,-4.3,-2.867,146.81667,"November 07, 18",-0.02867
0,2018-11-06,144.050003,146.850006,144.050003,145.199997,145.199997,2558.0,2558.0,1.14999,0.798,145.36667,"November 06, 18",0.00798
0,2018-11-05,149.949997,149.949997,145.0,145.5,145.5,927.0,927.0,-4.45,-2.968,146.81667,"November 05, 18",-0.02968
0,2018-11-02,148.5,148.5,138.0,146.899994,146.899994,9391.0,9391.0,-1.60001,-1.077,144.46666,"November 02, 18",-0.01077
0,2018-11-01,140.399994,146.0,140.399994,145.649994,145.649994,2856.0,2856.0,5.25,3.739,144.01666,"November 01, 18",0.03739
0,2018-10-31,139.0,144.5,139.0,143.949997,143.949997,4738.0,4738.0,4.95,3.561,142.48333,"October 31, 18",0.03561
0,2018-10-30,143.899994,143.899994,134.300003,140.550003,140.550003,10205.0,10205.0,-3.34999,-2.328,139.58333,"October 30, 18",-0.02328
0,2018-10-29,136.600006,141.0,133.850006,140.649994,140.649994,5213.0,5213.0,4.04999,2.965,138.5,"October 29, 18",0.02965
0,2018-10-26,132.649994,138.75,132.649994,137.649994,137.649994,14662.0,14662.0,5.0,3.769,136.35,"October 26, 18",0.03769
0,2018-10-25,134.0,137.75,133.949997,136.699997,136.699997,6907.0,6907.0,2.7,2.015,136.13333,"October 25, 18",0.02015
0,2018-10-24,135.75,137.25,132.949997,135.100006,135.100006,135152.0,135152.0,-0.64999,-0.479,135.1,"October 24, 18",-0.00479
0,2018-10-23,135.0,135.800003,130.100006,134.25,134.25,23497.0,23497.0,-0.75,-0.556,133.38334,"October 23, 18",-0.00556
0,2018-10-22,130.5,137.25,130.199997,134.550003,134.550003,23890.0,23890.0,4.05,3.103,134.0,"October 22, 18",0.03103
0,2018-10-19,132.0,134.75,131.600006,133.399994,133.399994,12363.0,12363.0,1.39999,1.061,133.25,"October 19, 18",0.01061
0,2018-10-17,132.050003,136.149994,131.550003,132.0,132.0,46913.0,46913.0,-0.05,-0.038,133.23333,"October 17, 18",-0.00038
0,2018-10-16,134.0,135.0,130.699997,131.0,131.0,9430.0,9430.0,-3.0,-2.239,132.23333,"October 16, 18",-0.02239
0,2018-10-15,134.949997,134.949997,130.550003,133.0,133.0,8499.0,8499.0,-1.95,-1.445,132.83333,"October 15, 18",-0.01445
0,2018-10-12,130.050003,134.149994,130.0,131.449997,131.449997,12574.0,12574.0,1.39999,1.077,131.86666,"October 12, 18",0.01077
0,2018-10-11,127.099998,131.449997,120.0,129.149994,129.149994,25211.0,25211.0,2.05,1.613,126.86666,"October 11, 18",0.01613
0,2018-10-10,126.400002,128.699997,125.550003,127.900002,127.900002,7782.0,7782.0,1.5,1.187,127.38333,"October 10, 18",0.01187
0,2018-10-09,127.199997,131.0,122.75,127.650002,127.650002,28322.0,28322.0,0.45001,0.354,127.13333,"October 09, 18",0.00354
0,2018-10-08,141.0,141.0,125.0,127.650002,127.650002,189610.0,189610.0,-13.35,-9.468,131.21667,"October 08, 18",-0.09468
0,2018-10-05,135.050003,136.699997,129.699997,132.75,132.75,58725.0,58725.0,-2.3,-1.703,133.05,"October 05, 18",-0.01703
0,2018-10-04,134.050003,135.0,130.100006,132.25,132.25,5538.0,5538.0,-1.8,-1.343,132.45,"October 04, 18",-0.01343
0,2018-10-03,132.699997,137.850006,131.25,133.25,133.25,12706.0,12706.0,0.55,0.414,134.11667,"October 03, 18",0.00414
0,2018-10-01,134.050003,138.050003,126.0,134.149994,134.149994,24223.0,24223.0,0.09999,0.075,132.73333,"October 01, 18",0.00075
0,2018-09-28,136.699997,136.949997,126.949997,133.350006,133.350006,12423.0,12423.0,-3.34999,-2.451,132.41667,"September 28, 18",-0.02451
0,2018-09-27,139.649994,141.0,133.300003,136.899994,136.899994,96372.0,96372.0,-2.75,-1.969,137.06667,"September 27, 18",-0.01969
0,2018-09-26,135.5,140.399994,133.25,138.399994,138.399994,8987.0,8987.0,2.89999,2.14,137.35,"September 26, 18",0.0214
0,2018-09-25,130.0,140.0,129.899994,132.050003,132.050003,8427.0,8427.0,2.05,1.577,133.98333,"September 25, 18",0.01577
0,2018-09-24,140.949997,141.0,131.0,131.850006,131.850006,40103.0,40103.0,-9.09999,-6.456,134.61667,"September 24, 18",-0.06456
0,2018-09-21,142.949997,143.949997,134.0,135.25,135.25,50585.0,50585.0,-7.7,-5.386,137.73333,"September 21, 18",-0.05386
0,2018-09-19,139.699997,142.199997,139.0,140.899994,140.899994,6163.0,6163.0,1.2,0.859,140.7,"September 19, 18",0.00859
0,2018-09-18,139.949997,141.75,137.75,140.550003,140.550003,12666.0,12666.0,0.60001,0.429,140.01667,"September 18, 18",0.00429
0,2018-09-17,133.199997,139.899994,133.199997,137.199997,137.199997,96464.0,96464.0,4.0,3.003,136.76666,"September 17, 18",0.03003
0,2018-09-14,130.0,137.0,130.0,134.25,134.25,9405.0,9405.0,4.25,3.269,133.75,"September 14, 18",0.03269
0,2018-09-12,132.850006,136.0,132.0,132.949997,132.949997,6823.0,6823.0,0.09999,0.075,133.65,"September 12, 18",0.00075
0,2018-09-11,137.550003,137.550003,127.949997,131.449997,131.449997,46437.0,46437.0,-6.10001,-4.435,132.31667,"September 11, 18",-0.04435
0,2018-09-10,134.0,135.100006,133.0,134.949997,134.949997,12232.0,12232.0,0.95,0.709,134.35,"September 10, 18",0.00709
0,2018-09-07,135.050003,136.5,132.050003,135.199997,135.199997,21699.0,21699.0,0.14999,0.111,134.58333,"September 07, 18",0.00111
0,2018-09-06,130.949997,139.850006,127.150002,136.0,136.0,34925.0,34925.0,5.05,3.856,134.33334,"September 06, 18",0.03856
0,2018-09-05,133.0,133.0,127.0,127.849998,127.849998,20596.0,20596.0,-5.15,-3.872,129.28333,"September 05, 18",-0.03872
0,2018-09-04,133.300003,134.0,130.0,131.600006,131.600006,12840.0,12840.0,-1.7,-1.275,131.86667,"September 04, 18",-0.01275
0,2018-09-03,131.5,134.949997,131.5,133.300003,133.300003,11721.0,11721.0,1.8,1.369,133.25,"September 03, 18",0.01369
0,2018-08-31,132.199997,134.0,130.850006,133.699997,133.699997,22669.0,22669.0,1.5,1.135,132.85,"August 31, 18",0.01135
0,2018-08-30,132.100006,133.149994,130.100006,131.949997,131.949997,16476.0,16476.0,-0.15001,-0.114,131.73333,"August 30, 18",-0.00114
0,2018-08-29,132.050003,133.699997,131.050003,132.0,132.0,63718.0,63718.0,-0.05,-0.038,132.25,"August 29, 18",-0.00038
0,2018-08-28,130.800003,132.949997,130.800003,132.0,132.0,13688.0,13688.0,1.2,0.917,131.91667,"August 28, 18",0.00917
0,2018-08-27,132.5,137.350006,128.050003,130.649994,130.649994,22615.0,22615.0,-1.85001,-1.396,132.01667,"August 27, 18",-0.01396
0,2018-08-24,135.350006,135.350006,132.0,132.149994,132.149994,29192.0,29192.0,-3.20001,-2.364,133.16667,"August 24, 18",-0.02364
0,2018-08-23,133.199997,133.5,131.050003,132.699997,132.699997,74526.0,74526.0,-0.5,-0.375,132.41667,"August 23, 18",-0.00375
0,2018-08-21,133.899994,133.899994,130.050003,131.75,131.75,8944.0,8944.0,-2.14999,-1.606,131.9,"August 21, 18",-0.01606
0,2018-08-20,131.100006,134.0,126.449997,133.0,133.0,24286.0,24286.0,1.89999,1.449,131.15,"August 20, 18",0.01449
0,2018-08-17,130.199997,134.149994,128.5,129.899994,129.899994,56817.0,56817.0,-0.3,-0.23,130.85,"August 17, 18",-0.0023
0,2018-08-16,131.600006,131.649994,130.0,131.350006,131.350006,8392.0,8392.0,-0.25,-0.19,131.0,"August 16, 18",-0.0019
0,2018-08-14,134.949997,135.100006,130.550003,131.600006,131.600006,19100.0,19100.0,-3.34999,-2.482,132.41667,"August 14, 18",-0.02482
0,2018-08-13,133.800003,136.5,130.5,133.199997,133.199997,14344.0,14344.0,-0.60001,-0.448,133.4,"August 13, 18",-0.00448
0,2018-08-10,139.949997,139.949997,132.800003,133.800003,133.800003,36309.0,36309.0,-6.14999,-4.394,135.51667,"August 10, 18",-0.04394
0,2018-08-09,153.649994,153.649994,137.100006,138.550003,138.550003,57448.0,57448.0,-15.09999,-9.828,143.1,"August 09, 18",-0.09828
0,2018-08-08,153.449997,158.0,144.0,147.600006,147.600006,21482.0,21482.0,-5.84999,-3.812,149.86667,"August 08, 18",-0.03812
0,2018-08-07,156.0,162.050003,152.550003,155.199997,155.199997,105974.0,105974.0,-0.8,-0.513,156.6,"August 07, 18",-0.00513
0,2018-08-06,148.899994,150.300003,146.5,149.399994,149.399994,7287.0,7287.0,0.5,0.336,148.73333,"August 06, 18",0.00336
0,2018-08-03,150.449997,150.800003,146.149994,148.899994,148.899994,9303.0,9303.0,-1.55,-1.03,148.61666,"August 03, 18",-0.0103
0,2018-08-02,148.050003,149.600006,145.0,145.899994,145.899994,6065.0,6065.0,-2.15001,-1.452,146.83333,"August 02, 18",-0.01452
0,2018-08-01,144.649994,150.399994,141.600006,149.050003,149.050003,23897.0,23897.0,4.40001,3.042,147.01667,"August 01, 18",0.03042
0,2018-07-31,147.550003,148.550003,143.0,143.600006,143.600006,18744.0,18744.0,-3.95,-2.677,145.05,"July 31, 18",-0.02677
0,2018-07-30,155.600006,155.600006,144.350006,147.300003,147.300003,19602.0,19602.0,-8.3,-5.334,149.08334,"July 30, 18",-0.05334
0,2018-07-27,156.850006,156.850006,142.149994,149.75,149.75,35127.0,35127.0,-7.10001,-4.527,149.58333,"July 27, 18",-0.04527
0,2018-07-26,151.100006,156.600006,151.100006,152.75,152.75,4609.0,4609.0,1.64999,1.092,153.48334,"July 26, 18",0.01092
0,2018-07-25,150.0,154.949997,150.0,153.399994,153.399994,6241.0,6241.0,3.39999,2.267,152.78333,"July 25, 18",0.02267
0,2018-07-24,151.949997,156.0,145.199997,152.550003,152.550003,20152.0,20152.0,0.60001,0.395,151.25,"July 24, 18",0.00395
0,2018-07-23,156.300003,156.300003,150.25,151.25,151.25,3502.0,3502.0,-5.05,-3.231,152.6,"July 23, 18",-0.03231
0,2018-07-20,149.850006,153.199997,142.0,150.300003,150.300003,9222.0,9222.0,0.45,0.3,148.5,"July 20, 18",0.003
0,2018-07-19,154.649994,154.649994,142.550003,145.300003,145.300003,14921.0,14921.0,-9.34999,-6.046,147.5,"July 19, 18",-0.06046
0,2018-07-18,157.699997,157.699997,146.5,149.149994,149.149994,7826.0,7826.0,-8.55,-5.422,151.11666,"July 18, 18",-0.05422
0,2018-07-17,153.300003,158.0,151.149994,155.199997,155.199997,11653.0,11653.0,1.89999,1.239,154.78333,"July 17, 18",0.01239
0,2018-07-16,153.100006,158.449997,153.050003,153.5,153.5,6003.0,6003.0,0.39999,0.261,155.0,"July 16, 18",0.00261
0,2018-07-13,157.850006,157.850006,153.050003,153.75,153.75,2429.0,2429.0,-4.10001,-2.597,154.88334,"July 13, 18",-0.02597
0,2018-07-12,155.149994,156.350006,152.050003,154.0,154.0,6581.0,6581.0,-1.14999,-0.741,154.13334,"July 12, 18",-0.00741
0,2018-07-11,156.850006,158.0,154.0,154.649994,154.649994,6027.0,6027.0,-2.20001,-1.403,155.55,"July 11, 18",-0.01403
0,2018-07-10,158.649994,160.0,155.850006,157.0,157.0,14473.0,14473.0,-1.64999,-1.04,157.61667,"July 10, 18",-0.0104
0,2018-07-09,156.0,159.0,153.25,157.899994,157.899994,8769.0,8769.0,1.89999,1.218,156.71666,"July 09, 18",0.01218
0,2018-07-06,157.850006,158.050003,153.600006,157.699997,157.699997,5399.0,5399.0,-0.15001,-0.095,156.45,"July 06, 18",-0.00095
0,2018-07-05,158.300003,158.5,150.550003,157.899994,157.899994,8769.0,8769.0,-0.40001,-0.253,155.65,"July 05, 18",-0.00253
0,2018-07-04,154.300003,158.0,150.850006,157.75,157.75,7625.0,7625.0,3.45,2.236,155.53334,"July 04, 18",0.02236
0,2018-07-03,151.050003,154.75,146.0,153.850006,153.850006,8766.0,8766.0,2.8,1.854,151.53334,"July 03, 18",0.01854
0,2018-07-02,157.800003,158.75,150.0,151.050003,151.050003,13738.0,13738.0,-6.75,-4.278,153.26667,"July 02, 18",-0.04278
0,2018-06-29,152.0,158.949997,151.949997,156.899994,156.899994,53750.0,53750.0,4.89999,3.224,155.93333,"June 29, 18",0.03224
0,2018-06-28,159.800003,159.800003,147.050003,151.75,151.75,11536.0,11536.0,-8.05,-5.038,152.86667,"June 28, 18",-0.05038
0,2018-06-27,158.0,161.0,150.949997,153.699997,153.699997,16429.0,16429.0,-4.3,-2.722,155.21666,"June 27, 18",-0.02722
0,2018-06-26,160.0,162.399994,158.100006,158.949997,158.949997,14812.0,14812.0,-1.05,-0.656,159.81667,"June 26, 18",-0.00656
0,2018-06-25,167.800003,168.050003,160.100006,162.0,162.0,24906.0,24906.0,-5.8,-3.456,163.38334,"June 25, 18",-0.03456
0,2018-06-22,168.850006,169.300003,166.050003,167.649994,167.649994,7054.0,7054.0,-1.20001,-0.711,167.66667,"June 22, 18",-0.00711
0,2018-06-21,170.149994,170.149994,166.699997,168.649994,168.649994,3039.0,3039.0,-1.5,-0.882,168.49999,"June 21, 18",-0.00882
0,2018-06-20,173.350006,173.350006,166.0,169.399994,169.399994,25685.0,25685.0,-3.95001,-2.279,169.58333,"June 20, 18",-0.02279
0,2018-06-19,170.5,174.149994,168.550003,170.100006,170.100006,157720.0,157720.0,-0.39999,-0.235,170.93333,"June 19, 18",-0.00235
0,2018-06-18,170.300003,171.399994,168.0,170.350006,170.350006,8072.0,8072.0,0.05,0.029,169.91667,"June 18, 18",0.00029
0,2018-06-15,171.899994,173.0,168.0,170.100006,170.100006,138958.0,138958.0,-1.79999,-1.047,170.36667,"June 15, 18",-0.01047
0,2018-06-14,170.0,174.899994,168.850006,172.300003,172.300003,9845.0,9845.0,2.3,1.353,172.01667,"June 14, 18",0.01353
0,2018-06-13,172.800003,175.0,170.0,172.5,172.5,877208.0,877208.0,-0.3,-0.174,172.5,"June 13, 18",-0.00174
0,2018-06-12,175.0,175.0,165.75,171.199997,171.199997,11737.0,11737.0,-3.8,-2.171,170.65,"June 12, 18",-0.02171
0,2018-06-11,173.0,177.199997,168.100006,170.0,170.0,23464.0,23464.0,-3.0,-1.734,171.76667,"June 11, 18",-0.01734
0,2018-06-08,176.0,176.050003,170.300003,174.899994,174.899994,8450.0,8450.0,-1.10001,-0.625,173.75,"June 08, 18",-0.00625
0,2018-06-07,164.699997,176.0,164.300003,174.699997,174.699997,38716.0,38716.0,10.0,6.072,171.66667,"June 07, 18",0.06072
0,2018-06-06,159.0,168.0,159.0,164.25,164.25,278345.0,278345.0,5.25,3.302,163.75,"June 06, 18",0.03302
0,2018-06-05,174.199997,176.149994,159.0,161.699997,161.699997,31831.0,31831.0,-12.5,-7.176,165.61666,"June 05, 18",-0.07176
0,2018-06-04,176.199997,177.149994,171.550003,172.949997,172.949997,11171.0,11171.0,-3.25,-1.844,173.88333,"June 04, 18",-0.01844
0,2018-06-01,178.300003,178.300003,173.600006,174.5,174.5,9474.0,9474.0,-3.8,-2.131,175.46667,"June 01, 18",-0.02131
0,2018-05-31,173.949997,179.5,173.949997,177.050003,177.050003,18352.0,18352.0,3.10001,1.782,176.83333,"May 31, 18",0.01782
0,2018-05-30,180.0,181.350006,173.5,174.050003,174.050003,21102.0,21102.0,-5.95,-3.306,176.3,"May 30, 18",-0.03306
0,2018-05-29,194.0,194.0,176.100006,179.399994,179.399994,32082.0,32082.0,-14.60001,-7.526,183.16667,"May 29, 18",-0.07526
0,2018-05-28,183.949997,194.0,183.0,188.25,188.25,19311.0,19311.0,4.3,2.338,188.41667,"May 28, 18",0.02338
0,2018-05-25,179.699997,186.0,176.399994,180.100006,180.100006,37258.0,37258.0,0.40001,0.223,180.83333,"May 25, 18",0.00223
0,2018-05-24,178.199997,183.600006,170.600006,172.800003,172.800003,61772.0,61772.0,-5.39999,-3.03,175.66667,"May 24, 18",-0.0303
0,2018-05-23,182.100006,185.25,171.850006,175.899994,175.899994,69560.0,69560.0,-6.20001,-3.405,177.66667,"May 23, 18",-0.03405
0,2018-05-22,179.449997,182.899994,175.350006,180.25,180.25,6051.0,6051.0,0.8,0.446,179.5,"May 22, 18",0.00446
0,2018-05-21,180.0,180.050003,172.550003,178.100006,178.100006,32443.0,32443.0,-1.89999,-1.056,176.9,"May 21, 18",-0.01056
0,2018-05-18,181.0,181.0,174.949997,175.649994,175.649994,10956.0,10956.0,-5.35001,-2.956,177.2,"May 18, 18",-0.02956
0,2018-05-17,173.449997,177.0,169.0,174.800003,174.800003,27156.0,27156.0,1.35001,0.778,173.6,"May 17, 18",0.00778
0,2018-05-16,177.800003,179.800003,172.050003,172.949997,172.949997,6838.0,6838.0,-4.85001,-2.728,174.93333,"May 16, 18",-0.02728
0,2018-05-15,181.449997,181.449997,176.5,177.100006,177.100006,7820.0,7820.0,-4.34999,-2.397,178.35,"May 15, 18",-0.02397
0,2018-05-14,186.25,186.25,177.649994,179.199997,179.199997,9710.0,9710.0,-7.05,-3.785,181.03333,"May 14, 18",-0.03785
0,2018-05-11,186.949997,186.949997,181.350006,182.850006,182.850006,5102.0,5102.0,-4.09999,-2.193,183.71667,"May 11, 18",-0.02193
0,2018-05-10,184.850006,188.0,182.0,183.899994,183.899994,207657.0,207657.0,-0.95001,-0.514,184.63333,"May 10, 18",-0.00514
0,2018-05-09,183.949997,187.149994,180.649994,184.899994,184.899994,5534.0,5534.0,0.95,0.516,184.23333,"May 09, 18",0.00516
0,2018-05-08,183.600006,185.0,180.5,184.0,184.0,12541.0,12541.0,0.39999,0.218,183.16667,"May 08, 18",0.00218
0,2018-05-07,185.550003,188.149994,182.5,183.949997,183.949997,5967.0,5967.0,-1.60001,-0.862,184.86666,"May 07, 18",-0.00862
0,2018-05-04,190.5,192.399994,184.350006,185.25,185.25,7084.0,7084.0,-5.25,-2.756,187.33333,"May 04, 18",-0.02756
0,2018-05-03,193.350006,193.350006,186.25,189.949997,189.949997,10432.0,10432.0,-3.40001,-1.758,189.85,"May 03, 18",-0.01758
0,2018-05-02,189.199997,194.5,186.350006,189.300003,189.300003,10252.0,10252.0,0.10001,0.053,190.05,"May 02, 18",0.00053
0,2018-04-30,189.300003,192.949997,185.199997,189.649994,189.649994,4938.0,4938.0,0.34999,0.185,189.26666,"April 30, 18",0.00185
0,2018-04-27,189.0,192.949997,186.199997,188.199997,188.199997,5089.0,5089.0,-0.8,-0.423,189.11666,"April 27, 18",-0.00423
0,2018-04-26,189.399994,193.850006,184.0,188.449997,188.449997,12608.0,12608.0,-0.95,-0.502,188.76667,"April 26, 18",-0.00502
0,2018-04-25,191.550003,194.75,186.199997,188.100006,188.100006,17180.0,17180.0,-3.45,-1.801,189.68333,"April 25, 18",-0.01801
0,2018-04-24,190.25,194.0,190.0,191.0,191.0,9230.0,9230.0,0.75,0.394,191.66667,"April 24, 18",0.00394
0,2018-04-23,191.0,194.800003,190.0,192.5,192.5,4898.0,4898.0,1.5,0.785,192.43333,"April 23, 18",0.00785
0,2018-04-20,189.050003,195.0,187.050003,192.949997,192.949997,9170.0,9170.0,3.89999,2.063,191.66667,"April 20, 18",0.02063
0,2018-04-19,187.149994,194.0,187.149994,190.050003,190.050003,17242.0,17242.0,2.90001,1.55,190.4,"April 19, 18",0.0155
0,2018-04-18,193.050003,198.0,186.25,187.800003,187.800003,30306.0,30306.0,-5.25,-2.72,190.68333,"April 18, 18",-0.0272
0,2018-04-17,195.350006,199.050003,192.5,194.949997,194.949997,9634.0,9634.0,-0.40001,-0.205,195.5,"April 17, 18",-0.00205
0,2018-04-16,195.949997,200.0,182.649994,197.75,197.75,14629.0,14629.0,1.8,0.919,193.46666,"April 16, 18",0.00919
0,2018-04-13,191.050003,194.199997,188.0,191.050003,191.050003,4969.0,4969.0,0.0,0.0,191.08333,"April 13, 18",0.0
0,2018-04-12,196.0,196.5,186.800003,189.550003,189.550003,11897.0,11897.0,-6.45,-3.291,190.95,"April 12, 18",-0.03291
0,2018-04-11,196.949997,197.5,194.199997,195.350006,195.350006,4645.0,4645.0,-1.59999,-0.812,195.68333,"April 11, 18",-0.00812
0,2018-04-10,196.0,198.149994,191.449997,196.949997,196.949997,8550.0,8550.0,0.95,0.485,195.51666,"April 10, 18",0.00485
0,2018-04-09,200.0,200.0,191.5,198.050003,198.050003,7444.0,7444.0,-1.95,-0.975,196.51667,"April 09, 18",-0.00975
0,2018-04-06,195.850006,199.300003,193.050003,197.0,197.0,14141.0,14141.0,1.14999,0.587,196.45,"April 06, 18",0.00587
0,2018-04-05,184.050003,193.0,184.050003,190.25,190.25,8018.0,8018.0,6.2,3.369,189.1,"April 05, 18",0.03369
0,2018-04-04,184.600006,189.0,184.100006,185.350006,185.350006,9200.0,9200.0,0.75,0.406,186.15,"April 04, 18",0.00406
0,2018-04-03,185.0,189.0,182.0,184.25,184.25,15217.0,15217.0,-0.75,-0.405,185.08333,"April 03, 18",-0.00405
0,2018-04-02,184.550003,184.550003,175.550003,182.850006,182.850006,4621.0,4621.0,-1.7,-0.921,180.98334,"April 02, 18",-0.00921
0,2018-03-28,176.0,178.699997,173.050003,174.699997,174.699997,136475.0,136475.0,-1.3,-0.739,175.48333,"March 28, 18",-0.00739
0,2018-03-27,179.0,181.550003,175.050003,177.75,177.75,15704.0,15704.0,-1.25,-0.698,178.11667,"March 27, 18",-0.00698
0,2018-03-26,183.699997,183.699997,171.850006,174.0,174.0,192143.0,192143.0,-9.7,-5.28,176.51667,"March 26, 18",-0.0528
0,2018-03-23,175.0,179.0,173.399994,178.449997,178.449997,11799.0,11799.0,3.45,1.971,176.95,"March 23, 18",0.01971
0,2018-03-22,181.350006,184.050003,176.0,178.949997,178.949997,143157.0,143157.0,-2.40001,-1.323,179.66667,"March 22, 18",-0.01323
0,2018-03-21,185.050003,185.050003,180.0,180.600006,180.600006,7570.0,7570.0,-4.45,-2.405,181.88334,"March 21, 18",-0.02405
0,2018-03-20,187.0,187.75,181.25,182.100006,182.100006,8478.0,8478.0,-4.89999,-2.62,183.7,"March 20, 18",-0.0262
0,2018-03-19,188.050003,192.800003,180.550003,184.949997,184.949997,161988.0,161988.0,-3.10001,-1.649,186.1,"March 19, 18",-0.01649
0,2018-03-16,200.949997,200.949997,185.949997,187.800003,187.800003,8361.0,8361.0,-13.14999,-6.544,191.56667,"March 16, 18",-0.06544
0,2018-03-15,193.0,199.550003,192.0,195.5,195.5,18896.0,18896.0,2.5,1.295,195.68333,"March 15, 18",0.01295
0,2018-03-14,193.800003,194.899994,190.0,192.350006,192.350006,5205.0,5205.0,-1.45,-0.748,192.41667,"March 14, 18",-0.00748
0,2018-03-13,195.300003,197.0,190.550003,193.800003,193.800003,7388.0,7388.0,-1.5,-0.768,193.78334,"March 13, 18",-0.00768
0,2018-03-12,195.149994,203.899994,190.600006,195.649994,195.649994,10208.0,10208.0,0.5,0.256,196.71666,"March 12, 18",0.00256
0,2018-03-09,200.0,200.949997,193.0,195.75,195.75,7111.0,7111.0,-4.25,-2.125,196.56667,"March 09, 18",-0.02125
0,2018-03-08,201.300003,201.699997,195.0,199.75,199.75,11150.0,11150.0,-1.55,-0.77,198.81667,"March 08, 18",-0.0077
0,2018-03-07,198.050003,200.0,195.050003,199.649994,199.649994,10366.0,10366.0,1.59999,0.808,198.23333,"March 07, 18",0.00808
0,2018-03-06,198.399994,202.600006,198.25,200.0,200.0,20717.0,20717.0,1.60001,0.806,200.28334,"March 06, 18",0.00806
0,2018-03-05,203.899994,204.899994,195.199997,199.600006,199.600006,15344.0,15344.0,-4.29999,-2.109,199.9,"March 05, 18",-0.02109
0,2018-03-01,199.149994,203.899994,196.300003,201.850006,201.850006,419208.0,419208.0,2.70001,1.356,200.68333,"March 01, 18",0.01356
0,2018-02-28,199.050003,204.0,197.0,201.0,201.0,2760.0,2760.0,1.95,0.98,200.66667,"February 28, 18",0.0098
0,2018-02-27,201.050003,203.600006,198.100006,199.899994,199.899994,7798.0,7798.0,-1.15001,-0.572,200.53334,"February 27, 18",-0.00572
0,2018-02-26,202.050003,206.0,200.0,203.300003,203.300003,5288.0,5288.0,1.25,0.619,203.1,"February 26, 18",0.00619
0,2018-02-23,199.149994,204.0,199.100006,203.199997,203.199997,8855.0,8855.0,4.05,2.034,202.1,"February 23, 18",0.02034
0,2018-02-22,199.949997,201.949997,198.050003,200.100006,200.100006,10511.0,10511.0,0.15001,0.075,200.03334,"February 22, 18",0.00075
0,2018-02-21,194.699997,199.850006,190.300003,198.949997,198.949997,13244.0,13244.0,4.25,2.183,196.36667,"February 21, 18",0.02183
0,2018-02-20,192.0,198.0,187.0,193.699997,193.699997,15792.0,15792.0,1.7,0.885,192.9,"February 20, 18",0.00885
0,2018-02-19,191.0,191.350006,183.0,188.800003,188.800003,41265.0,41265.0,-2.2,-1.152,187.71667,"February 19, 18",-0.01152
0,2018-02-16,194.949997,196.800003,181.199997,188.199997,188.199997,108007.0,108007.0,-6.75,-3.462,188.73333,"February 16, 18",-0.03462
0,2018-02-15,203.0,205.399994,188.050003,190.399994,190.399994,40060.0,40060.0,-12.60001,-6.207,194.61666,"February 15, 18",-0.06207
0,2018-02-14,208.899994,210.899994,199.050003,200.399994,200.399994,35603.0,35603.0,-8.5,-4.069,203.45,"February 14, 18",-0.04069
0,2018-02-12,211.449997,211.5,208.0,211.0,211.0,32883.0,32883.0,-0.45,-0.213,210.16667,"February 12, 18",-0.00213
0,2018-02-09,199.0,210.699997,199.0,209.550003,209.550003,12410.0,12410.0,10.55,5.302,206.41667,"February 09, 18",0.05302
0,2018-02-08,205.399994,210.0,200.600006,206.199997,206.199997,8676.0,8676.0,0.8,0.389,205.6,"February 08, 18",0.00389
0,2018-02-07,207.0,211.5,205.0,206.800003,206.800003,13772.0,13772.0,-0.2,-0.097,207.76667,"February 07, 18",-0.00097
0,2018-02-06,201.0,209.0,192.149994,206.800003,206.800003,23952.0,23952.0,5.8,2.886,202.65,"February 06, 18",0.02886
0,2018-02-05,200.949997,211.0,191.949997,208.850006,208.850006,36717.0,36717.0,7.90001,3.931,203.93333,"February 05, 18",0.03931
0,2018-02-02,210.399994,215.449997,187.050003,209.300003,209.300003,82558.0,82558.0,-1.09999,-0.523,203.93333,"February 02, 18",-0.00523
0,2018-02-01,214.899994,219.0,208.0,210.350006,210.350006,12530.0,12530.0,-4.54999,-2.117,212.45,"February 01, 18",-0.02117
0,2018-01-31,213.949997,216.0,203.5,207.149994,207.149994,18424.0,18424.0,-6.8,-3.178,208.88333,"January 31, 18",-0.03178
0,2018-01-30,218.899994,218.899994,205.199997,210.600006,210.600006,8972.0,8972.0,-8.29999,-3.792,211.56667,"January 30, 18",-0.03792
0,2018-01-29,218.0,219.800003,210.550003,211.949997,211.949997,16654.0,16654.0,-6.05,-2.775,214.1,"January 29, 18",-0.02775
0,2018-01-25,218.550003,227.75,215.300003,219.600006,219.600006,6203.0,6203.0,1.05,0.48,220.88334,"January 25, 18",0.0048
0,2018-01-24,222.949997,228.350006,218.199997,220.300003,220.300003,13783.0,13783.0,-2.64999,-1.189,222.28334,"January 24, 18",-0.01189
0,2018-01-23,220.649994,228.949997,218.300003,224.100006,224.100006,14396.0,14396.0,3.45001,1.564,223.78334,"January 23, 18",0.01564
0,2018-01-22,216.350006,223.850006,216.350006,222.0,222.0,7609.0,7609.0,5.64999,2.612,220.73334,"January 22, 18",0.02612
0,2018-01-19,229.0,229.0,216.25,223.050003,223.050003,16263.0,16263.0,-5.95,-2.598,222.76667,"January 19, 18",-0.02598
0,2018-01-18,234.0,234.0,216.0,220.100006,220.100006,19524.0,19524.0,-13.89999,-5.94,223.36667,"January 18, 18",-0.0594
0,2018-01-17,215.0,233.0,215.0,229.600006,229.600006,18064.0,18064.0,14.60001,6.791,225.86667,"January 17, 18",0.06791
0,2018-01-16,230.699997,234.149994,220.5,223.800003,223.800003,41358.0,41358.0,-6.89999,-2.991,226.15,"January 16, 18",-0.02991
0,2018-01-15,236.550003,236.75,228.199997,230.649994,230.649994,21207.0,21207.0,-5.90001,-2.494,231.86666,"January 15, 18",-0.02494
0,2018-01-12,233.449997,233.5,228.75,230.899994,230.899994,13939.0,13939.0,-2.55,-1.092,231.05,"January 12, 18",-0.01092
0,2018-01-11,244.0,244.0,225.199997,233.300003,233.300003,51676.0,51676.0,-10.7,-4.385,234.16667,"January 11, 18",-0.04385
0,2018-01-10,226.800003,239.699997,226.0,236.550003,236.550003,233874.0,233874.0,9.75,4.299,234.08333,"January 10, 18",0.04299
0,2018-01-09,220.0,226.0,214.5,219.5,219.5,54581.0,54581.0,-0.5,-0.227,220.0,"January 09, 18",-0.00227
0,2018-01-08,222.800003,235.0,216.199997,220.75,220.75,85893.0,85893.0,-2.05,-0.92,223.98333,"January 08, 18",-0.0092
0,2018-01-05,224.0,224.0,214.149994,219.0,219.0,35136.0,35136.0,-5.0,-2.232,219.05,"January 05, 18",-0.02232
0,2018-01-04,215.0,228.199997,214.850006,219.149994,219.149994,72147.0,72147.0,4.14999,1.93,220.73333,"January 04, 18",0.0193
0,2018-01-03,211.949997,219.0,211.949997,218.75,218.75,132280.0,132280.0,6.8,3.208,216.56667,"January 03, 18",0.03208
0,2018-01-02,213.899994,217.449997,210.800003,215.899994,215.899994,25968.0,25968.0,2.0,0.935,214.71666,"January 02, 18",0.00935
0,2018-01-01,218.899994,219.550003,212.0,213.25,213.25,21451.0,21451.0,-5.64999,-2.581,214.93333,"January 01, 18",-0.02581
0,2017-12-29,215.0,215.0,211.0,214.800003,214.800003,91520.0,91520.0,-0.2,-0.093,213.6,"December 29, 17",-0.00093
0,2017-12-28,215.0,215.0,210.850006,212.149994,212.149994,9884.0,9884.0,-2.85001,-1.326,212.66667,"December 28, 17",-0.01326
0,2017-12-27,217.649994,217.699997,213.050003,214.25,214.25,17651.0,17651.0,-3.39999,-1.562,215.0,"December 27, 17",-0.01562
0,2017-12-26,215.0,219.899994,213.149994,214.899994,214.899994,50023.0,50023.0,-0.10001,-0.047,215.98333,"December 26, 17",-0.00047
0,2017-12-22,216.899994,223.899994,213.5,215.399994,215.399994,62849.0,62849.0,-1.5,-0.692,217.6,"December 22, 17",-0.00692
0,2017-12-21,218.5,224.600006,210.25,211.350006,211.350006,37415.0,37415.0,-7.14999,-3.272,215.4,"December 21, 17",-0.03272
0,2017-12-20,211.199997,224.0,204.0,218.449997,218.449997,52822.0,52822.0,7.25,3.433,215.48333,"December 20, 17",0.03433
0,2017-12-19,200.699997,209.0,200.350006,206.649994,206.649994,16059.0,16059.0,5.95,2.965,205.33333,"December 19, 17",0.02965
0,2017-12-18,202.0,203.949997,196.0,200.300003,200.300003,32488.0,32488.0,-1.7,-0.842,200.08333,"December 18, 17",-0.00842
0,2017-12-15,211.800003,215.0,200.0,202.5,202.5,79798.0,79798.0,-9.3,-4.391,205.83333,"December 15, 17",-0.04391
0,2017-12-14,208.699997,210.0,205.5,207.100006,207.100006,22591.0,22591.0,-1.59999,-0.767,207.53334,"December 14, 17",-0.00767
0,2017-12-13,208.699997,213.850006,204.0,208.649994,208.649994,179051.0,179051.0,-0.05,-0.024,208.83333,"December 13, 17",-0.00024
0,2017-12-12,205.0,209.399994,203.600006,206.649994,206.649994,11566.0,11566.0,1.64999,0.805,206.55,"December 12, 17",0.00805
0,2017-12-11,203.100006,206.5,203.050003,204.199997,204.199997,3863.0,3863.0,1.09999,0.542,204.58333,"December 11, 17",0.00542
0,2017-12-08,203.050003,213.300003,201.050003,205.899994,205.899994,35718.0,35718.0,2.84999,1.404,206.75,"December 08, 17",0.01404
0,2017-12-07,201.050003,205.0,201.0,204.350006,204.350006,4113.0,4113.0,3.3,1.641,203.45,"December 07, 17",0.01641
0,2017-12-06,200.0,204.0,198.050003,201.949997,201.949997,24157.0,24157.0,1.95,0.975,201.33333,"December 06, 17",0.00975
0,2017-12-05,198.0,201.100006,197.449997,201.050003,201.050003,111203.0,111203.0,3.05,1.54,199.86667,"December 05, 17",0.0154
0,2017-12-04,199.449997,202.300003,197.5,200.350006,200.350006,137328.0,137328.0,0.90001,0.451,200.05,"December 04, 17",0.00451
0,2017-12-01,202.149994,202.949997,198.0,199.800003,199.800003,38932.0,38932.0,-2.34999,-1.162,200.25,"December 01, 17",-0.01162
0,2017-11-30,203.0,207.399994,196.199997,202.25,202.25,135244.0,135244.0,-0.75,-0.369,201.95,"November 30, 17",-0.00369
0,2017-11-29,198.649994,200.050003,198.0,198.699997,198.699997,74827.0,74827.0,0.05,0.025,198.91667,"November 29, 17",0.00025
0,2017-11-28,200.0,200.5,198.0,199.550003,199.550003,46353.0,46353.0,-0.45,-0.225,199.35,"November 28, 17",-0.00225
0,2017-11-27,195.75,201.600006,194.399994,198.949997,198.949997,72222.0,72222.0,3.2,1.635,198.31667,"November 27, 17",0.01635
0,2017-11-24,203.949997,203.949997,194.100006,195.75,195.75,135943.0,135943.0,-8.2,-4.021,197.93333,"November 24, 17",-0.04021
0,2017-11-23,205.0,206.5,199.100006,200.449997,200.449997,65653.0,65653.0,-4.55,-2.22,202.01667,"November 23, 17",-0.0222
0,2017-11-22,201.050003,206.899994,200.0,205.75,205.75,20055.0,20055.0,4.7,2.338,204.21666,"November 22, 17",0.02338
0,2017-11-21,199.699997,205.0,199.149994,202.050003,202.050003,174150.0,174150.0,2.35001,1.177,202.06667,"November 21, 17",0.01177
0,2017-11-20,200.0,202.600006,197.0,199.550003,199.550003,8091.0,8091.0,-0.45,-0.225,199.71667,"November 20, 17",-0.00225
0,2017-11-17,204.699997,204.699997,198.0,199.149994,199.149994,7235.0,7235.0,-5.55,-2.711,200.61666,"November 17, 17",-0.02711
0,2017-11-16,199.100006,203.100006,197.0,200.800003,200.800003,4782.0,4782.0,1.7,0.854,200.3,"November 16, 17",0.00854
0,2017-11-15,202.0,204.949997,197.0,198.800003,198.800003,8115.0,8115.0,-3.2,-1.584,200.25,"November 15, 17",-0.01584
0,2017-11-14,201.600006,202.0,195.699997,199.600006,199.600006,128634.0,128634.0,-2.0,-0.992,199.1,"November 14, 17",-0.00992
0,2017-11-13,200.0,202.5,194.350006,199.949997,199.949997,21322.0,21322.0,-0.05,-0.025,198.93333,"November 13, 17",-0.00025
0,2017-11-10,198.899994,201.899994,191.5,195.899994,195.899994,56134.0,56134.0,-3.0,-1.508,196.43333,"November 10, 17",-0.01508
0,2017-11-09,200.0,204.699997,194.149994,195.300003,195.300003,80864.0,80864.0,-4.7,-2.35,198.05,"November 09, 17",-0.0235
0,2017-11-08,193.949997,205.949997,193.949997,199.850006,199.850006,12933.0,12933.0,5.90001,3.042,199.91667,"November 08, 17",0.03042
0,2017-11-07,204.649994,204.699997,201.25,203.100006,203.100006,7241.0,7241.0,-1.54999,-0.757,203.01667,"November 07, 17",-0.00757
0,2017-11-06,209.699997,209.699997,199.0,202.0,202.0,276929.0,276929.0,-7.7,-3.672,203.56667,"November 06, 17",-0.03672
0,2017-11-03,204.0,208.5,197.800003,203.550003,203.550003,92569.0,92569.0,-0.45,-0.221,203.28334,"November 03, 17",-0.00221
0,2017-11-02,209.0,211.949997,200.800003,201.5,201.5,40132.0,40132.0,-7.5,-3.589,204.75,"November 02, 17",-0.03589
0,2017-11-01,213.0,213.25,205.949997,206.800003,206.800003,121649.0,121649.0,-6.2,-2.911,208.66667,"November 01, 17",-0.02911
0,2017-10-31,214.0,214.899994,207.699997,210.25,210.25,13486.0,13486.0,-3.75,-1.752,210.95,"October 31, 17",-0.01752
0,2017-10-30,214.949997,216.0,210.050003,214.600006,214.600006,18481.0,18481.0,-0.34999,-0.163,213.55,"October 30, 17",-0.00163
0,2017-10-27,206.0,215.0,206.0,214.449997,214.449997,7512.0,7512.0,8.45,4.102,211.81667,"October 27, 17",0.04102
0,2017-10-26,203.100006,214.0,203.0,210.850006,210.850006,5901.0,5901.0,7.75,3.816,209.28334,"October 26, 17",0.03816
0,2017-10-25,215.100006,215.949997,205.050003,207.199997,207.199997,41840.0,41840.0,-7.90001,-3.673,209.4,"October 25, 17",-0.03673
0,2017-10-24,216.0,219.399994,211.25,214.449997,214.449997,14852.0,14852.0,-1.55,-0.718,215.03333,"October 24, 17",-0.00718
0,2017-10-23,227.899994,227.899994,212.75,217.550003,217.550003,18442.0,18442.0,-10.34999,-4.541,219.4,"October 23, 17",-0.04541
0,2017-10-19,224.0,224.850006,217.199997,220.449997,220.449997,6697.0,6697.0,-3.55,-1.585,220.83333,"October 19, 17",-0.01585
0,2017-10-18,222.350006,225.0,217.149994,221.649994,221.649994,5950.0,5950.0,-0.70001,-0.315,221.26666,"October 18, 17",-0.00315
0,2017-10-17,224.550003,224.550003,215.199997,222.350006,222.350006,10947.0,10947.0,-2.2,-0.98,220.7,"October 17, 17",-0.0098
0,2017-10-16,217.0,223.949997,213.050003,215.949997,215.949997,12216.0,12216.0,-1.05,-0.484,217.65,"October 16, 17",-0.00484
0,2017-10-13,226.0,231.0,215.25,221.600006,221.600006,11475.0,11475.0,-4.39999,-1.947,222.61667,"October 13, 17",-0.01947
0,2017-10-12,222.149994,231.800003,218.0,223.600006,223.600006,11226.0,11226.0,1.45001,0.653,224.46667,"October 12, 17",0.00653
0,2017-10-11,235.0,240.600006,214.0,222.100006,222.100006,105514.0,105514.0,-12.89999,-5.489,225.56667,"October 11, 17",-0.05489
0,2017-10-10,215.100006,253.0,210.649994,230.25,230.25,433537.0,433537.0,15.14999,7.043,231.3,"October 10, 17",0.07043
0,2017-10-09,209.699997,219.75,203.0,216.300003,216.300003,161875.0,161875.0,6.60001,3.147,213.01667,"October 09, 17",0.03147
0,2017-10-06,206.0,210.0,201.199997,205.100006,205.100006,6859.0,6859.0,-0.89999,-0.437,205.43333,"October 06, 17",-0.00437
0,2017-10-05,208.800003,208.800003,203.0,205.199997,205.199997,4228.0,4228.0,-3.60001,-1.724,205.66667,"October 05, 17",-0.01724
0,2017-10-04,207.649994,209.5,203.0,204.0,204.0,4519.0,4519.0,-3.64999,-1.758,205.5,"October 04, 17",-0.01758
0,2017-10-03,203.0,206.399994,199.899994,205.050003,205.050003,11495.0,11495.0,2.05,1.01,203.78333,"October 03, 17",0.0101
0,2017-09-29,202.75,204.550003,200.949997,203.0,203.0,7600.0,7600.0,0.25,0.123,202.83333,"September 29, 17",0.00123
0,2017-09-28,204.0,205.0,196.100006,198.050003,198.050003,7337.0,7337.0,-5.95,-2.917,199.71667,"September 28, 17",-0.02917
0,2017-09-27,198.0,204.0,195.100006,202.399994,202.399994,55328.0,55328.0,4.39999,2.222,200.5,"September 27, 17",0.02222
0,2017-09-26,201.949997,204.550003,195.0,197.949997,197.949997,14123.0,14123.0,-4.0,-1.981,199.16667,"September 26, 17",-0.01981
0,2017-09-25,206.0,207.300003,196.25,200.5,200.5,21100.0,21100.0,-5.5,-2.67,201.35,"September 25, 17",-0.0267
0,2017-09-22,206.149994,212.899994,203.350006,208.100006,208.100006,13661.0,13661.0,1.95001,0.946,208.11667,"September 22, 17",0.00946
0,2017-09-21,206.050003,209.300003,205.050003,208.75,208.75,11431.0,11431.0,2.7,1.31,207.7,"September 21, 17",0.0131
0,2017-09-20,208.75,214.800003,207.149994,209.149994,209.149994,24056.0,24056.0,0.39999,0.192,210.36666,"September 20, 17",0.00192
0,2017-09-19,208.800003,209.5,203.399994,207.800003,207.800003,16219.0,16219.0,-1.0,-0.479,206.9,"September 19, 17",-0.00479
0,2017-09-18,204.949997,209.649994,200.149994,205.800003,205.800003,19595.0,19595.0,0.85001,0.415,205.2,"September 18, 17",0.00415
0,2017-09-15,203.0,205.0,200.0,204.350006,204.350006,8226.0,8226.0,1.35001,0.665,203.11667,"September 15, 17",0.00665
0,2017-09-14,201.0,205.0,197.0,203.149994,203.149994,12644.0,12644.0,2.14999,1.07,201.71666,"September 14, 17",0.0107
0,2017-09-13,206.0,206.0,198.0,200.350006,200.350006,15964.0,15964.0,-5.64999,-2.743,201.45,"September 13, 17",-0.02743
0,2017-09-12,203.800003,206.0,203.0,205.899994,205.899994,16135.0,16135.0,2.09999,1.03,204.96666,"September 12, 17",0.0103
0,2017-09-11,202.5,206.0,201.0,203.800003,203.800003,23392.0,23392.0,1.3,0.642,203.6,"September 11, 17",0.00642
0,2017-09-08,195.300003,203.0,191.550003,200.800003,200.800003,21588.0,21588.0,5.5,2.816,198.45,"September 08, 17",0.02816
0,2017-09-07,194.0,198.0,190.0,195.949997,195.949997,14259.0,14259.0,1.95,1.005,194.65,"September 07, 17",0.01005
0,2017-09-06,197.449997,197.5,182.5,192.050003,192.050003,8589.0,8589.0,-5.39999,-2.735,190.68333,"September 06, 17",-0.02735
0,2017-09-05,190.5,196.600006,190.5,192.399994,192.399994,8417.0,8417.0,1.89999,0.997,193.16667,"September 05, 17",0.00997
0,2017-09-04,194.0,195.350006,190.100006,191.350006,191.350006,10651.0,10651.0,-2.64999,-1.366,192.26667,"September 04, 17",-0.01366
0,2017-09-01,193.550003,197.899994,188.25,191.5,191.5,41029.0,41029.0,-2.05,-1.059,192.55,"September 01, 17",-0.01059
0,2017-08-31,195.850006,197.0,189.5,191.050003,191.050003,16575.0,16575.0,-4.8,-2.451,192.51667,"August 31, 17",-0.02451
0,2017-08-30,196.050003,200.0,192.550003,195.5,195.5,5367.0,5367.0,-0.55,-0.281,196.01667,"August 30, 17",-0.00281
0,2017-08-29,198.899994,198.899994,194.0,194.850006,194.850006,1999.0,1999.0,-4.04999,-2.036,195.91667,"August 29, 17",-0.02036
0,2017-08-28,197.5,199.0,195.0,196.149994,196.149994,6224.0,6224.0,-1.35001,-0.684,196.71666,"August 28, 17",-0.00684
0,2017-08-24,204.949997,204.949997,196.100006,197.050003,197.050003,6637.0,6637.0,-7.89999,-3.855,199.36667,"August 24, 17",-0.03855
0,2017-08-23,200.0,204.0,195.649994,200.850006,200.850006,8789.0,8789.0,0.85001,0.425,200.16667,"August 23, 17",0.00425
0,2017-08-22,200.0,203.0,197.0,200.0,200.0,23208.0,23208.0,0.0,0.0,200.0,"August 22, 17",0.0
0,2017-08-21,204.5,204.5,197.25,200.149994,200.149994,3694.0,3694.0,-4.35001,-2.127,200.63333,"August 21, 17",-0.02127
0,2017-08-18,196.0,203.0,192.25,197.5,197.5,8196.0,8196.0,1.5,0.765,197.58333,"August 18, 17",0.00765
0,2017-08-17,202.0,204.75,196.0,199.699997,199.699997,51683.0,51683.0,-2.3,-1.139,200.15,"August 17, 17",-0.01139
0,2017-08-16,206.0,206.0,200.199997,203.800003,203.800003,6758.0,6758.0,-2.2,-1.068,203.33333,"August 16, 17",-0.01068
0,2017-08-14,202.75,203.0,196.0,202.449997,202.449997,12301.0,12301.0,-0.3,-0.148,200.48333,"August 14, 17",-0.00148
0,2017-08-11,195.0,199.949997,190.100006,195.0,195.0,28523.0,28523.0,0.0,0.0,195.01667,"August 11, 17",0.0
0,2017-08-10,200.0,206.949997,195.100006,200.300003,200.300003,148282.0,148282.0,0.3,0.15,200.78334,"August 10, 17",0.0015
0,2017-08-09,201.050003,203.0,199.449997,201.050003,201.050003,14688.0,14688.0,0.0,0.0,201.16667,"August 09, 17",0.0
0,2017-08-08,205.0,205.0,202.100006,203.199997,203.199997,5829.0,5829.0,-1.8,-0.878,203.43333,"August 08, 17",-0.00878
0,2017-08-07,202.0,208.949997,202.0,203.0,203.0,10405.0,10405.0,1.0,0.495,204.65,"August 07, 17",0.00495
0,2017-08-04,203.0,206.149994,202.5,204.100006,204.100006,3024.0,3024.0,1.10001,0.542,204.25,"August 04, 17",0.00542
0,2017-08-03,207.75,207.800003,202.800003,202.949997,202.949997,7752.0,7752.0,-4.8,-2.31,204.51667,"August 03, 17",-0.0231
0,2017-08-02,197.399994,209.899994,197.399994,205.5,205.5,18304.0,18304.0,8.10001,4.103,204.26666,"August 02, 17",0.04103
0,2017-08-01,208.0,209.5,192.0,199.0,199.0,36324.0,36324.0,-9.0,-4.327,200.16667,"August 01, 17",-0.04327
0,2017-07-31,200.0,208.5,200.0,207.699997,207.699997,63234.0,63234.0,7.7,3.85,205.4,"July 31, 17",0.0385
0,2017-07-28,196.899994,203.0,195.0,200.0,200.0,11113.0,11113.0,3.10001,1.574,199.33333,"July 28, 17",0.01574
0,2017-07-27,198.199997,204.800003,196.0,196.399994,196.399994,5802.0,5802.0,-1.8,-0.908,199.06667,"July 27, 17",-0.00908
0,2017-07-26,201.5,204.0,201.5,201.600006,201.600006,24416.0,24416.0,0.10001,0.05,202.36667,"July 26, 17",0.0005
0,2017-07-25,204.550003,204.75,200.0,201.0,201.0,4228.0,4228.0,-3.55,-1.736,201.91667,"July 25, 17",-0.01736
0,2017-07-24,202.0,205.0,198.050003,204.550003,204.550003,17101.0,17101.0,2.55,1.262,202.53334,"July 24, 17",0.01262
0,2017-07-21,203.199997,204.399994,200.0,202.25,202.25,5804.0,5804.0,-0.95,-0.468,202.21666,"July 21, 17",-0.00468
0,2017-07-20,202.899994,204.350006,200.449997,203.199997,203.199997,6241.0,6241.0,0.3,0.148,202.66667,"July 20, 17",0.00148
0,2017-07-19,204.949997,205.0,199.949997,201.75,201.75,88982.0,88982.0,-3.2,-1.561,202.23333,"July 19, 17",-0.01561
0,2017-07-18,201.0,201.5,196.199997,199.75,199.75,12528.0,12528.0,-1.25,-0.622,199.15,"July 18, 17",-0.00622
0,2017-07-17,189.899994,202.25,189.899994,201.899994,201.899994,25008.0,25008.0,12.0,6.319,198.01666,"July 17, 17",0.06319
0,2017-07-14,208.550003,208.600006,200.449997,205.5,205.5,8992.0,8992.0,-3.05,-1.462,204.85,"July 14, 17",-0.01462
0,2017-07-13,203.149994,207.399994,201.25,205.100006,205.100006,16615.0,16615.0,1.95001,0.96,204.58333,"July 13, 17",0.0096
0,2017-07-12,204.350006,204.350006,198.0,200.449997,200.449997,12746.0,12746.0,-3.90001,-1.908,200.93333,"July 12, 17",-0.01908
0,2017-07-11,202.0,205.899994,200.0,201.350006,201.350006,7003.0,7003.0,-0.64999,-0.322,202.41667,"July 11, 17",-0.00322
0,2017-07-10,217.850006,217.850006,203.0,203.25,203.25,2502.0,2502.0,-14.60001,-6.702,208.03334,"July 10, 17",-0.06702
0,2017-07-07,209.0,209.25,203.149994,204.850006,204.850006,28921.0,28921.0,-4.14999,-1.986,205.75,"July 07, 17",-0.01986
0,2017-07-06,206.0,210.0,204.850006,209.0,209.0,5744.0,5744.0,3.0,1.456,207.95,"July 06, 17",0.01456
0,2017-07-05,205.0,219.75,202.899994,207.800003,207.800003,107819.0,107819.0,2.8,1.366,210.15,"July 05, 17",0.01366
0,2017-07-04,205.0,207.0,202.0,205.25,205.25,6920.0,6920.0,0.25,0.122,204.75,"July 04, 17",0.00122
0,2017-07-03,208.0,208.0,201.050003,204.5,204.5,162736.0,162736.0,-3.5,-1.683,204.51667,"July 03, 17",-0.01683
0,2017-06-30,196.649994,205.0,195.050003,203.5,203.5,31956.0,31956.0,6.85001,3.483,201.18333,"June 30, 17",0.03483
0,2017-06-29,190.199997,204.350006,190.199997,197.850006,197.850006,13604.0,13604.0,7.65001,4.022,197.46667,"June 29, 17",0.04022
0,2017-06-28,194.449997,197.0,187.0,192.300003,192.300003,141906.0,141906.0,-2.14999,-1.106,192.1,"June 28, 17",-0.01106
0,2017-06-27,200.0,200.0,193.0,195.399994,195.399994,6670.0,6670.0,-4.60001,-2.3,196.13333,"June 27, 17",-0.023
0,2017-06-23,200.0,201.949997,199.0,200.350006,200.350006,11063.0,11063.0,0.35001,0.175,200.43333,"June 23, 17",0.00175
0,2017-06-22,200.699997,204.0,198.899994,199.800003,199.800003,39829.0,39829.0,-0.89999,-0.448,200.9,"June 22, 17",-0.00448
0,2017-06-21,201.0,205.0,199.0,200.149994,200.149994,35154.0,35154.0,-0.85001,-0.423,201.38333,"June 21, 17",-0.00423
0,2017-06-20,201.050003,205.75,199.75,202.100006,202.100006,28666.0,28666.0,1.05,0.522,202.53334,"June 20, 17",0.00522
0,2017-06-19,205.850006,207.0,199.899994,201.350006,201.350006,35028.0,35028.0,-4.5,-2.186,202.75,"June 19, 17",-0.02186
0,2017-06-16,203.0,205.5,202.0,203.649994,203.649994,33901.0,33901.0,0.64999,0.32,203.71666,"June 16, 17",0.0032
0,2017-06-15,208.199997,208.199997,201.699997,202.949997,202.949997,30973.0,30973.0,-5.25,-2.522,204.28333,"June 15, 17",-0.02522
0,2017-06-14,208.800003,209.149994,202.050003,204.449997,204.449997,27094.0,27094.0,-4.35001,-2.083,205.21666,"June 14, 17",-0.02083
0,2017-06-13,203.550003,207.350006,201.649994,205.399994,205.399994,41446.0,41446.0,1.84999,0.909,204.8,"June 13, 17",0.00909
0,2017-06-12,208.0,209.0,199.25,201.399994,201.399994,110744.0,110744.0,-6.60001,-3.173,203.21666,"June 12, 17",-0.03173
0,2017-06-09,204.0,213.0,201.25,209.600006,209.600006,56522.0,56522.0,5.60001,2.745,207.95,"June 09, 17",0.02745
0,2017-06-08,206.300003,207.850006,200.850006,206.75,206.75,86740.0,86740.0,0.45,0.218,205.15,"June 08, 17",0.00218
0,2017-06-07,198.600006,206.399994,198.600006,202.399994,202.399994,70256.0,70256.0,3.79999,1.913,202.46666,"June 07, 17",0.01913
0,2017-06-06,195.199997,201.399994,193.300003,200.75,200.75,75735.0,75735.0,5.55,2.843,198.48333,"June 06, 17",0.02843
0,2017-06-05,198.399994,198.399994,195.0,196.449997,196.449997,5621.0,5621.0,-1.95,-0.983,196.61666,"June 05, 17",-0.00983
0,2017-06-02,200.350006,202.899994,195.100006,196.350006,196.350006,63734.0,63734.0,-4.0,-1.997,198.11667,"June 02, 17",-0.01997
0,2017-06-01,200.149994,204.399994,197.25,200.050003,200.050003,72204.0,72204.0,-0.09999,-0.05,200.56667,"June 01, 17",-0.0005
0,2017-05-31,198.100006,201.949997,194.699997,200.100006,200.100006,27082.0,27082.0,2.0,1.01,198.91667,"May 31, 17",0.0101
0,2017-05-30,203.850006,205.850006,191.850006,197.75,197.75,92159.0,92159.0,-6.10001,-2.992,198.48334,"May 30, 17",-0.02992
0,2017-05-29,203.0,203.0,185.550003,199.75,199.75,91219.0,91219.0,-3.25,-1.601,196.1,"May 29, 17",-0.01601
0,2017-05-26,194.0,209.949997,183.399994,200.649994,200.649994,150334.0,150334.0,6.64999,3.428,197.99999,"May 26, 17",0.03428
0,2017-05-25,183.0,191.850006,180.0,191.0,191.0,113363.0,113363.0,8.0,4.372,187.61667,"May 25, 17",0.04372
0,2017-05-24,187.0,190.0,180.0,184.25,184.25,9588.0,9588.0,-2.75,-1.471,184.75,"May 24, 17",-0.01471
0,2017-05-23,190.899994,190.899994,177.0,185.449997,185.449997,15672.0,15672.0,-5.45,-2.855,184.45,"May 23, 17",-0.02855
0,2017-05-22,195.149994,195.149994,182.5,184.25,184.25,21162.0,21162.0,-10.89999,-5.585,187.3,"May 22, 17",-0.05585
0,2017-05-19,192.149994,198.0,192.149994,195.100006,195.100006,267281.0,267281.0,2.95001,1.535,195.08333,"May 19, 17",0.01535
0,2017-05-18,199.0,199.0,191.050003,194.949997,194.949997,124571.0,124571.0,-4.05,-2.035,195.0,"May 18, 17",-0.02035
0,2017-05-17,205.0,205.899994,195.5,199.050003,199.050003,59423.0,59423.0,-5.95,-2.902,200.15,"May 17, 17",-0.02902
0,2017-05-16,209.899994,209.899994,201.0,201.899994,201.899994,8788.0,8788.0,-8.0,-3.811,204.26666,"May 16, 17",-0.03811
0,2017-05-15,206.0,207.0,204.100006,205.0,205.0,12472.0,12472.0,-1.0,-0.485,205.36667,"May 15, 17",-0.00485
0,2017-05-12,210.0,210.0,205.0,207.149994,207.149994,25015.0,25015.0,-2.85001,-1.357,207.38333,"May 12, 17",-0.01357
0,2017-05-11,208.0,212.0,207.100006,209.949997,209.949997,78808.0,78808.0,1.95,0.938,209.68333,"May 11, 17",0.00938
0,2017-05-10,204.300003,208.5,204.0,205.899994,205.899994,43187.0,43187.0,1.59999,0.783,206.13333,"May 10, 17",0.00783
0,2017-05-09,210.0,210.0,204.100006,205.100006,205.100006,7445.0,7445.0,-4.89999,-2.333,206.4,"May 09, 17",-0.02333
0,2017-05-08,209.350006,209.350006,204.100006,206.550003,206.550003,8497.0,8497.0,-2.8,-1.337,206.66667,"May 08, 17",-0.01337
0,2017-05-05,214.0,214.0,206.050003,207.399994,207.399994,36899.0,36899.0,-6.60001,-3.084,209.15,"May 05, 17",-0.03084
0,2017-05-04,207.850006,213.0,205.75,210.149994,210.149994,20724.0,20724.0,2.29999,1.107,209.63333,"May 04, 17",0.01107
0,2017-05-03,208.199997,211.75,204.100006,205.100006,205.100006,25708.0,25708.0,-3.09999,-1.489,206.98334,"May 03, 17",-0.01489
0,2017-05-02,210.850006,212.0,206.0,207.100006,207.100006,237458.0,237458.0,-3.75,-1.779,208.36667,"May 02, 17",-0.01779
0,2017-04-28,211.0,215.149994,205.149994,209.5,209.5,99227.0,99227.0,-1.5,-0.711,209.93333,"April 28, 17",-0.00711
0,2017-04-27,205.850006,218.25,205.850006,209.350006,209.350006,242711.0,242711.0,3.5,1.7,211.15,"April 27, 17",0.017
0,2017-04-26,205.800003,212.75,202.5,204.550003,204.550003,433617.0,433617.0,-1.25,-0.607,206.6,"April 26, 17",-0.00607
0,2017-04-25,187.0,202.899994,187.0,201.600006,201.600006,1084262.0,1084262.0,14.60001,7.807,197.16667,"April 25, 17",0.07807
0,2017-04-24,191.899994,192.699997,185.0,189.350006,189.350006,16569.0,16569.0,-2.54999,-1.329,189.01667,"April 24, 17",-0.01329
0,2017-04-21,180.050003,194.899994,177.800003,190.350006,190.350006,281309.0,281309.0,10.3,5.721,187.68333,"April 21, 17",0.05721
0,2017-04-20,182.600006,184.5,175.649994,181.850006,181.850006,21517.0,21517.0,-0.75,-0.411,180.66667,"April 20, 17",-0.00411
0,2017-04-19,177.0,180.0,170.050003,178.149994,178.149994,10106.0,10106.0,1.14999,0.65,176.06667,"April 19, 17",0.0065
0,2017-04-18,184.850006,184.899994,173.050003,174.600006,174.600006,11510.0,11510.0,-10.25,-5.545,177.51667,"April 18, 17",-0.05545
0,2017-04-17,181.0,186.449997,178.600006,180.050003,180.050003,31190.0,31190.0,-0.95,-0.525,181.7,"April 17, 17",-0.00525
0,2017-04-13,186.0,189.0,180.0,182.050003,182.050003,12803.0,12803.0,-3.95,-2.124,183.68333,"April 13, 17",-0.02124
0,2017-04-12,184.0,187.699997,181.600006,186.149994,186.149994,18889.0,18889.0,2.14999,1.168,185.15,"April 12, 17",0.01168
0,2017-04-11,182.050003,186.0,180.100006,182.149994,182.149994,22370.0,22370.0,0.09999,0.055,182.75,"April 11, 17",0.00055
0,2017-04-10,180.300003,184.0,178.0,181.899994,181.899994,12735.0,12735.0,1.59999,0.887,181.3,"April 10, 17",0.00887
0,2017-04-07,170.0,186.5,170.0,180.25,180.25,115550.0,115550.0,10.25,6.029,178.91667,"April 07, 17",0.06029
0,2017-04-06,171.75,172.449997,169.100006,171.449997,171.449997,20738.0,20738.0,-0.3,-0.175,171.0,"April 06, 17",-0.00175
0,2017-04-05,165.25,173.75,165.25,171.75,171.75,27270.0,27270.0,6.5,3.933,170.25,"April 05, 17",0.03933
0,2017-04-03,176.5,176.5,167.100006,168.600006,168.600006,20471.0,20471.0,-7.89999,-4.476,170.73334,"April 03, 17",-0.04476
0,2017-03-31,169.199997,175.5,166.199997,169.100006,169.100006,53264.0,53264.0,-0.09999,-0.059,170.26667,"March 31, 17",-0.00059
0,2017-03-30,165.25,170.449997,165.199997,168.300003,168.300003,155711.0,155711.0,3.05,1.846,167.98333,"March 30, 17",0.01846
0,2017-03-29,167.0,169.0,165.5,165.800003,165.800003,5229.0,5229.0,-1.2,-0.719,166.76667,"March 29, 17",-0.00719
0,2017-03-28,167.300003,169.5,165.0,166.050003,166.050003,6458.0,6458.0,-1.25,-0.747,166.85,"March 28, 17",-0.00747
0,2017-03-27,166.449997,169.550003,165.100006,166.699997,166.699997,5330.0,5330.0,0.25,0.15,167.11667,"March 27, 17",0.0015
0,2017-03-24,166.0,171.399994,165.449997,166.449997,166.449997,12243.0,12243.0,0.45,0.271,167.76666,"March 24, 17",0.00271
0,2017-03-23,167.0,169.0,165.0,167.0,167.0,11022.0,11022.0,0.0,0.0,167.0,"March 23, 17",0.0
0,2017-03-22,166.800003,167.550003,161.050003,165.149994,165.149994,65694.0,65694.0,-1.65001,-0.989,164.58333,"March 22, 17",-0.00989
0,2017-03-21,165.100006,168.199997,164.899994,166.850006,166.850006,24212.0,24212.0,1.75,1.06,166.65,"March 21, 17",0.0106
0,2017-03-20,165.0,166.25,163.699997,165.550003,165.550003,6139.0,6139.0,0.55,0.333,165.16667,"March 20, 17",0.00333
0,2017-03-17,170.0,171.0,165.0,166.300003,166.300003,16010.0,16010.0,-3.7,-2.176,167.43333,"March 17, 17",-0.02176
0,2017-03-16,168.0,174.5,166.300003,171.0,171.0,41618.0,41618.0,3.0,1.786,170.6,"March 16, 17",0.01786
0,2017-03-15,163.75,172.0,161.300003,169.699997,169.699997,84987.0,84987.0,5.95,3.634,167.66667,"March 15, 17",0.03634
0,2017-03-14,164.399994,166.100006,159.449997,160.649994,160.649994,22139.0,22139.0,-3.75,-2.281,162.06667,"March 14, 17",-0.02281
0,2017-03-10,163.550003,164.0,161.050003,161.699997,161.699997,3598.0,3598.0,-1.85001,-1.131,162.25,"March 10, 17",-0.01131
0,2017-03-09,165.0,168.0,162.800003,163.350006,163.350006,4105.0,4105.0,-1.64999,-1.0,164.71667,"March 09, 17",-0.01
0,2017-03-08,166.0,167.899994,163.050003,163.550003,163.550003,11014.0,11014.0,-2.45,-1.476,164.83333,"March 08, 17",-0.01476
0,2017-03-07,166.75,168.800003,165.149994,165.699997,165.699997,1982.0,1982.0,-1.05,-0.63,166.55,"March 07, 17",-0.0063
0,2017-03-06,165.050003,172.0,165.0,167.800003,167.800003,8044.0,8044.0,2.75,1.666,168.26667,"March 06, 17",0.01666
0,2017-03-03,168.199997,171.199997,164.5,166.300003,166.300003,14507.0,14507.0,-1.89999,-1.13,167.33333,"March 03, 17",-0.0113
0,2017-03-02,172.0,172.949997,164.050003,166.199997,166.199997,27041.0,27041.0,-5.8,-3.372,167.73333,"March 02, 17",-0.03372
0,2017-03-01,168.699997,186.899994,161.050003,172.550003,172.550003,102428.0,102428.0,3.85001,2.282,173.5,"March 01, 17",0.02282
0,2017-02-28,168.699997,168.800003,163.100006,164.050003,164.050003,11270.0,11270.0,-4.64999,-2.756,165.31667,"February 28, 17",-0.02756
0,2017-02-27,168.0,169.300003,163.199997,164.800003,164.800003,11971.0,11971.0,-3.2,-1.905,165.76667,"February 27, 17",-0.01905
0,2017-02-23,171.899994,172.800003,166.0,169.949997,169.949997,23985.0,23985.0,-1.95,-1.134,169.58333,"February 23, 17",-0.01134
0,2017-02-22,170.0,174.5,164.0,166.899994,166.899994,30808.0,30808.0,-3.10001,-1.824,168.46666,"February 22, 17",-0.01824
0,2017-02-21,172.0,174.25,166.199997,167.699997,167.699997,16281.0,16281.0,-4.3,-2.5,169.38333,"February 21, 17",-0.025
0,2017-02-20,164.100006,182.800003,163.949997,172.800003,172.800003,152660.0,152660.0,8.7,5.302,173.18333,"February 20, 17",0.05302
0,2017-02-17,159.0,164.949997,158.550003,164.100006,164.100006,25080.0,25080.0,5.10001,3.208,162.53334,"February 17, 17",0.03208
0,2017-02-16,153.0,160.699997,149.949997,158.25,158.25,26298.0,26298.0,5.25,3.431,156.3,"February 16, 17",0.03431
0,2017-02-15,155.0,159.949997,150.5,151.600006,151.600006,15417.0,15417.0,-3.39999,-2.194,154.01667,"February 15, 17",-0.02194
0,2017-02-14,157.050003,160.600006,153.399994,154.600006,154.600006,40948.0,40948.0,-2.45,-1.56,156.2,"February 14, 17",-0.0156
0,2017-02-13,165.5,166.0,158.5,159.600006,159.600006,25729.0,25729.0,-5.89999,-3.565,161.36667,"February 13, 17",-0.03565
0,2017-02-10,169.050003,169.25,164.449997,166.149994,166.149994,9796.0,9796.0,-2.90001,-1.715,166.61666,"February 10, 17",-0.01715
0,2017-02-09,166.0,172.25,163.399994,170.449997,170.449997,24492.0,24492.0,4.45,2.681,168.7,"February 09, 17",0.02681
0,2017-02-08,170.800003,170.850006,162.5,166.75,166.75,37416.0,37416.0,-4.05,-2.371,166.7,"February 08, 17",-0.02371
0,2017-02-07,153.0,173.399994,150.0,169.800003,169.800003,271074.0,271074.0,16.8,10.98,164.4,"February 07, 17",0.1098
0,2017-02-06,148.550003,153.949997,148.550003,153.25,153.25,12307.0,12307.0,4.7,3.164,151.91667,"February 06, 17",0.03164
0,2017-02-03,151.0,151.75,148.0,148.75,148.75,23047.0,23047.0,-2.25,-1.49,149.5,"February 03, 17",-0.0149
0,2017-02-02,151.600006,154.050003,148.5,151.699997,151.699997,14975.0,14975.0,0.09999,0.066,151.41667,"February 02, 17",0.00066
0,2017-02-01,153.0,153.0,147.100006,149.899994,149.899994,14505.0,14505.0,-3.10001,-2.026,150.0,"February 01, 17",-0.02026
0,2017-01-31,151.300003,151.300003,147.850006,148.550003,148.550003,18465.0,18465.0,-2.75,-1.818,149.23334,"January 31, 17",-0.01818
0,2017-01-30,151.399994,151.399994,147.149994,149.899994,149.899994,17633.0,17633.0,-1.5,-0.991,149.48333,"January 30, 17",-0.00991
0,2017-01-27,155.0,155.0,148.0,149.899994,149.899994,18826.0,18826.0,-5.10001,-3.29,150.96666,"January 27, 17",-0.0329
0,2017-01-25,154.800003,156.550003,152.0,152.699997,152.699997,15344.0,15344.0,-2.10001,-1.357,153.75,"January 25, 17",-0.01357
0,2017-01-24,150.949997,155.949997,148.550003,154.350006,154.350006,39849.0,39849.0,3.40001,2.252,152.95,"January 24, 17",0.02252
0,2017-01-23,153.0,153.0,147.0,150.0,150.0,13246.0,13246.0,-3.0,-1.961,150.0,"January 23, 17",-0.01961
0,2017-01-20,148.0,150.0,145.649994,146.850006,146.850006,5091.0,5091.0,-1.14999,-0.777,147.5,"January 20, 17",-0.00777
0,2017-01-19,147.949997,148.0,146.0,147.0,147.0,5649.0,5649.0,-0.95,-0.642,147.0,"January 19, 17",-0.00642
0,2017-01-18,149.0,150.0,145.0,146.0,146.0,15618.0,15618.0,-3.0,-2.013,147.0,"January 18, 17",-0.02013
0,2017-01-17,145.800003,150.25,145.800003,148.350006,148.350006,4828.0,4828.0,2.55,1.749,148.13334,"January 17, 17",0.01749
0,2017-01-16,150.0,150.0,145.550003,149.5,149.5,16561.0,16561.0,-0.5,-0.333,148.35,"January 16, 17",-0.00333
0,2017-01-13,150.0,150.0,146.949997,148.399994,148.399994,9362.0,9362.0,-1.60001,-1.067,148.45,"January 13, 17",-0.01067
0,2017-01-12,147.949997,148.0,146.050003,146.949997,146.949997,11947.0,11947.0,-1.0,-0.676,147.0,"January 12, 17",-0.00676
0,2017-01-11,148.0,150.0,145.0,145.699997,145.699997,27623.0,27623.0,-2.3,-1.554,146.9,"January 11, 17",-0.01554
0,2017-01-10,149.0,152.0,144.199997,146.149994,146.149994,32467.0,32467.0,-2.85001,-1.913,147.45,"January 10, 17",-0.01913
0,2017-01-09,147.800003,151.0,146.5,149.149994,149.149994,3413.0,3413.0,1.34999,0.913,148.88333,"January 09, 17",0.00913
0,2017-01-06,150.850006,150.850006,146.050003,146.800003,146.800003,4297.0,4297.0,-4.05,-2.685,147.9,"January 06, 17",-0.02685
0,2017-01-05,152.0,152.0,146.949997,148.25,148.25,12666.0,12666.0,-3.75,-2.467,149.06667,"January 05, 17",-0.02467
0,2017-01-04,155.0,155.0,148.550003,149.75,149.75,23663.0,23663.0,-5.25,-3.387,151.1,"January 04, 17",-0.03387
0,2017-01-03,152.75,157.899994,150.0,154.149994,154.149994,94333.0,94333.0,1.39999,0.917,154.01666,"January 03, 17",0.00917
0,2017-01-02,152.0,157.800003,151.149994,153.399994,153.399994,8261.0,8261.0,1.39999,0.921,154.11666,"January 02, 17",0.00921
0,2016-12-30,145.199997,155.0,145.0,154.149994,154.149994,90522.0,90522.0,8.95,6.164,151.38333,"December 30, 16",0.06164
0,2016-12-29,144.0,146.850006,143.699997,145.0,145.0,8296.0,8296.0,1.0,0.694,145.18333,"December 29, 16",0.00694
0,2016-12-28,145.0,147.899994,144.75,146.199997,146.199997,6809.0,6809.0,1.2,0.828,146.28333,"December 28, 16",0.00828
0,2016-12-27,140.25,147.75,133.300003,144.149994,144.149994,15207.0,15207.0,3.89999,2.781,141.73333,"December 27, 16",0.02781
0,2016-12-26,143.0,143.0,136.300003,139.100006,139.100006,12304.0,12304.0,-3.89999,-2.727,139.46667,"December 26, 16",-0.02727
0,2016-12-23,140.449997,143.050003,140.25,142.199997,142.199997,5001.0,5001.0,1.75,1.246,141.83333,"December 23, 16",0.01246
0,2016-12-22,142.25,144.800003,138.25,141.0,141.0,4174.0,4174.0,-1.25,-0.879,141.35,"December 22, 16",-0.00879
0,2016-12-21,142.350006,146.649994,142.350006,143.050003,143.050003,5628.0,5628.0,0.7,0.492,144.01667,"December 21, 16",0.00492
0,2016-12-20,145.399994,147.550003,142.0,143.449997,143.449997,6689.0,6689.0,-1.95,-1.341,144.33333,"December 20, 16",-0.01341
0,2016-12-19,145.550003,149.350006,145.149994,146.449997,146.449997,9258.0,9258.0,0.89999,0.618,146.98333,"December 19, 16",0.00618
0,2016-12-16,147.399994,149.699997,146.100006,146.75,146.75,93728.0,93728.0,-0.64999,-0.441,147.51667,"December 16, 16",-0.00441
0,2016-12-15,146.350006,150.0,146.199997,148.149994,148.149994,14811.0,14811.0,1.79999,1.23,148.11666,"December 15, 16",0.0123
0,2016-12-14,149.949997,149.949997,146.0,147.0,147.0,300666.0,300666.0,-2.95,-1.967,147.65,"December 14, 16",-0.01967
0,2016-12-13,149.5,153.0,145.25,148.449997,148.449997,30279.0,30279.0,-1.05,-0.702,148.9,"December 13, 16",-0.00702
0,2016-12-12,145.0,153.0,142.0,146.899994,146.899994,951544.0,951544.0,1.89999,1.31,147.3,"December 12, 16",0.0131
0,2016-12-09,141.0,145.0,136.350006,144.399994,144.399994,132440.0,132440.0,3.39999,2.411,141.91667,"December 09, 16",0.02411
0,2016-12-08,141.050003,143.600006,140.600006,142.949997,142.949997,5709.0,5709.0,1.89999,1.347,142.38334,"December 08, 16",0.01347
0,2016-12-07,142.0,144.0,140.5,141.100006,141.100006,5162.0,5162.0,-0.89999,-0.634,141.86667,"December 07, 16",-0.00634
0,2016-12-06,140.050003,143.0,140.050003,141.25,141.25,2187.0,2187.0,1.2,0.857,141.43333,"December 06, 16",0.00857
0,2016-12-05,139.050003,142.0,138.149994,140.850006,140.850006,6626.0,6626.0,1.8,1.294,140.33333,"December 05, 16",0.01294
0,2016-12-02,137.0,144.949997,133.350006,139.800003,139.800003,58649.0,58649.0,2.8,2.044,139.36667,"December 02, 16",0.02044
0,2016-12-01,138.899994,142.0,137.5,138.600006,138.600006,6744.0,6744.0,-0.29999,-0.216,139.36667,"December 01, 16",-0.00216
0,2016-11-30,135.649994,139.800003,135.649994,138.75,138.75,5042.0,5042.0,3.10001,2.285,138.06667,"November 30, 16",0.02285
0,2016-11-29,136.949997,139.600006,134.649994,137.449997,137.449997,7821.0,7821.0,0.5,0.365,137.23333,"November 29, 16",0.00365
0,2016-11-28,135.0,140.0,133.0,133.899994,133.899994,8464.0,8464.0,-1.10001,-0.815,135.63333,"November 28, 16",-0.00815
0,2016-11-25,133.5,136.0,132.300003,134.75,134.75,4758.0,4758.0,1.25,0.936,134.35,"November 25, 16",0.00936
0,2016-11-24,134.050003,136.5,133.0,133.949997,133.949997,6852.0,6852.0,-0.10001,-0.075,134.48333,"November 24, 16",-0.00075
0,2016-11-23,138.050003,138.050003,132.050003,134.5,134.5,34271.0,34271.0,-3.55,-2.572,134.86667,"November 23, 16",-0.02572
0,2016-11-22,135.0,138.0,130.600006,134.149994,134.149994,13997.0,13997.0,-0.85001,-0.63,134.25,"November 22, 16",-0.0063
0,2016-11-21,140.0,140.0,128.550003,132.699997,132.699997,26237.0,26237.0,-7.3,-5.214,133.75,"November 21, 16",-0.05214
0,2016-11-18,137.949997,140.050003,136.5,138.050003,138.050003,13606.0,13606.0,0.10001,0.072,138.2,"November 18, 16",0.00072
0,2016-11-17,141.899994,141.899994,134.5,138.600006,138.600006,24666.0,24666.0,-3.29999,-2.326,138.33333,"November 17, 16",-0.02326
0,2016-11-16,137.149994,144.300003,128.149994,137.0,137.0,39083.0,39083.0,-0.14999,-0.109,136.48333,"November 16, 16",-0.00109
0,2016-11-15,141.050003,142.050003,123.0,135.699997,135.699997,186002.0,186002.0,-5.35001,-3.793,133.58333,"November 15, 16",-0.03793
0,2016-11-11,143.0,143.699997,137.0,139.300003,139.300003,83450.0,83450.0,-3.7,-2.587,140.0,"November 11, 16",-0.02587
0,2016-11-10,148.0,150.0,142.0,143.149994,143.149994,37324.0,37324.0,-4.85001,-3.277,145.05,"November 10, 16",-0.03277
0,2016-11-09,144.0,150.0,127.75,144.800003,144.800003,150532.0,150532.0,0.8,0.556,140.85,"November 09, 16",0.00556
0,2016-11-08,153.0,157.0,152.699997,156.5,156.5,10528.0,10528.0,3.5,2.288,155.4,"November 08, 16",0.02288
0,2016-11-07,152.25,157.5,152.25,154.449997,154.449997,12723.0,12723.0,2.2,1.445,154.73333,"November 07, 16",0.01445
0,2016-11-04,154.0,157.0,147.850006,151.399994,151.399994,32352.0,32352.0,-2.60001,-1.688,152.08333,"November 04, 16",-0.01688
0,2016-11-03,159.75,162.0,155.0,155.899994,155.899994,23654.0,23654.0,-3.85001,-2.41,157.63333,"November 03, 16",-0.0241
0,2016-11-02,166.0,166.0,159.100006,159.899994,159.899994,41461.0,41461.0,-6.10001,-3.675,161.66667,"November 02, 16",-0.03675
0,2016-11-01,157.199997,172.0,157.199997,167.600006,167.600006,71648.0,71648.0,10.40001,6.616,165.6,"November 01, 16",0.06616
0,2016-10-28,155.0,159.649994,153.0,156.75,156.75,33715.0,33715.0,1.75,1.129,156.46666,"October 28, 16",0.01129
0,2016-10-27,158.100006,159.0,155.5,156.800003,156.800003,60063.0,60063.0,-1.3,-0.822,157.1,"October 27, 16",-0.00822
0,2016-10-26,158.0,159.5,155.0,156.149994,156.149994,38161.0,38161.0,-1.85001,-1.171,156.88333,"October 26, 16",-0.01171
0,2016-10-25,159.800003,162.0,154.100006,159.600006,159.600006,59771.0,59771.0,-0.2,-0.125,158.56667,"October 25, 16",-0.00125
0,2016-10-24,150.050003,164.399994,150.0,159.399994,159.399994,152735.0,152735.0,9.34999,6.231,157.93333,"October 24, 16",0.06231
0,2016-10-21,145.899994,151.5,145.0,150.350006,150.350006,22923.0,22923.0,4.45001,3.05,148.95,"October 21, 16",0.0305
0,2016-10-20,145.5,147.050003,145.0,146.550003,146.550003,18313.0,18313.0,1.05,0.722,146.2,"October 20, 16",0.00722
0,2016-10-19,145.25,149.0,144.350006,145.600006,145.600006,19778.0,19778.0,0.35001,0.241,146.31667,"October 19, 16",0.00241
0,2016-10-18,144.050003,147.850006,143.699997,145.300003,145.300003,52938.0,52938.0,1.25,0.868,145.61667,"October 18, 16",0.00868
0,2016-10-17,146.25,148.300003,142.100006,143.899994,143.899994,23367.0,23367.0,-2.35001,-1.607,144.76667,"October 17, 16",-0.01607
0,2016-10-14,145.899994,146.5,143.050003,144.25,144.25,220221.0,220221.0,-1.64999,-1.131,144.6,"October 14, 16",-0.01131
0,2016-10-13,152.75,152.75,141.699997,143.0,143.0,123197.0,123197.0,-9.75,-6.383,145.81667,"October 13, 16",-0.06383
0,2016-10-10,149.600006,153.5,149.600006,151.399994,151.399994,109364.0,109364.0,1.79999,1.203,151.5,"October 10, 16",0.01203
0,2016-10-07,146.699997,150.949997,146.699997,149.699997,149.699997,16947.0,16947.0,3.0,2.045,149.11666,"October 07, 16",0.02045
0,2016-10-06,150.800003,153.0,146.050003,147.0,147.0,41408.0,41408.0,-3.8,-2.52,148.68333,"October 06, 16",-0.0252
0,2016-10-05,153.600006,156.899994,146.5,150.050003,150.050003,121892.0,121892.0,-3.55,-2.311,151.15,"October 05, 16",-0.02311
0,2016-10-04,149.600006,154.800003,149.600006,154.100006,154.100006,62256.0,62256.0,4.5,3.008,152.83334,"October 04, 16",0.03008
0,2016-10-03,147.649994,154.0,145.449997,150.449997,150.449997,46353.0,46353.0,2.8,1.896,149.96666,"October 03, 16",0.01896
0,2016-09-30,146.899994,148.5,142.0,147.75,147.75,28839.0,28839.0,0.85001,0.579,146.08333,"September 30, 16",0.00579
0,2016-09-29,154.0,158.0,136.75,146.800003,146.800003,69420.0,69420.0,-7.2,-4.675,147.18333,"September 29, 16",-0.04675
0,2016-09-28,148.0,156.800003,146.199997,153.5,153.5,104651.0,104651.0,5.5,3.716,152.16667,"September 28, 16",0.03716
0,2016-09-27,152.949997,156.0,147.649994,148.5,148.5,8000.0,8000.0,-4.45,-2.909,150.71666,"September 27, 16",-0.02909
0,2016-09-26,152.0,153.800003,147.600006,152.199997,152.199997,21463.0,21463.0,0.2,0.132,151.2,"September 26, 16",0.00132
0,2016-09-23,153.899994,157.0,150.899994,153.550003,153.550003,179505.0,179505.0,-0.34999,-0.227,153.81667,"September 23, 16",-0.00227
0,2016-09-22,147.600006,155.350006,147.600006,150.899994,150.899994,95534.0,95534.0,3.29999,2.236,151.28334,"September 22, 16",0.02236
0,2016-09-21,144.800003,159.0,141.0,147.600006,147.600006,171812.0,171812.0,2.8,1.934,149.2,"September 21, 16",0.01934
0,2016-09-20,147.0,149.850006,142.0,143.149994,143.149994,47314.0,47314.0,-3.85001,-2.619,145.0,"September 20, 16",-0.02619
0,2016-09-19,144.949997,152.0,141.5,148.699997,148.699997,113812.0,113812.0,3.75,2.587,147.4,"September 19, 16",0.02587
0,2016-09-16,142.0,145.649994,140.0,144.350006,144.350006,84103.0,84103.0,2.35001,1.655,143.33333,"September 16, 16",0.01655
0,2016-09-15,143.0,145.0,141.0,143.0,143.0,5632.0,5632.0,0.0,0.0,143.0,"September 15, 16",0.0
0,2016-09-14,140.600006,144.800003,137.5,143.899994,143.899994,47188.0,47188.0,3.29999,2.347,142.06667,"September 14, 16",0.02347
0,2016-09-12,138.0,140.050003,135.050003,138.649994,138.649994,30069.0,30069.0,0.64999,0.471,137.91667,"September 12, 16",0.00471
0,2016-09-09,143.949997,143.949997,137.0,140.050003,140.050003,27893.0,27893.0,-3.89999,-2.709,140.33333,"September 09, 16",-0.02709
0,2016-09-08,138.0,143.5,136.75,139.649994,139.649994,34099.0,34099.0,1.64999,1.196,139.96666,"September 08, 16",0.01196
0,2016-09-07,145.5,146.0,135.0,137.800003,137.800003,123811.0,123811.0,-7.7,-5.292,139.6,"September 07, 16",-0.05292
0,2016-09-06,147.0,147.75,137.5,145.100006,145.100006,396396.0,396396.0,-1.89999,-1.293,143.45,"September 06, 16",-0.01293
0,2016-09-02,144.350006,148.0,142.399994,143.5,143.5,25322.0,25322.0,-0.85001,-0.589,144.63333,"September 02, 16",-0.00589
0,2016-09-01,146.300003,148.0,145.0,145.449997,145.449997,12493.0,12493.0,-0.85001,-0.581,146.15,"September 01, 16",-0.00581
0,2016-08-31,149.649994,151.850006,146.0,146.699997,146.699997,36160.0,36160.0,-2.95,-1.971,148.18333,"August 31, 16",-0.01971
0,2016-08-30,146.0,152.0,145.949997,148.199997,148.199997,67629.0,67629.0,2.2,1.507,148.71666,"August 30, 16",0.01507
0,2016-08-29,148.949997,148.949997,142.149994,144.699997,144.699997,26995.0,26995.0,-4.25,-2.853,145.26666,"August 29, 16",-0.02853
0,2016-08-26,150.0,152.899994,145.100006,146.199997,146.199997,34319.0,34319.0,-3.8,-2.533,148.06667,"August 26, 16",-0.02533
0,2016-08-25,151.100006,153.949997,147.5,150.0,150.0,32334.0,32334.0,-1.10001,-0.728,150.48333,"August 25, 16",-0.00728
0,2016-08-24,153.399994,154.899994,149.25,150.949997,150.949997,12108.0,12108.0,-2.45,-1.597,151.7,"August 24, 16",-0.01597
0,2016-08-23,154.300003,154.350006,146.5,150.699997,150.699997,81859.0,81859.0,-3.60001,-2.333,150.51667,"August 23, 16",-0.02333
0,2016-08-22,158.199997,158.5,150.100006,150.649994,150.649994,26018.0,26018.0,-7.55,-4.772,153.08333,"August 22, 16",-0.04772
0,2016-08-19,155.0,157.949997,154.300003,157.100006,157.100006,9117.0,9117.0,2.10001,1.355,156.45,"August 19, 16",0.01355
0,2016-08-18,144.100006,160.800003,144.100006,157.399994,157.399994,32035.0,32035.0,13.29999,9.23,154.1,"August 18, 16",0.0923
0,2016-08-17,145.550003,149.899994,145.550003,147.899994,147.899994,9578.0,9578.0,2.34999,1.615,147.78333,"August 17, 16",0.01615
0,2016-08-16,149.899994,149.899994,142.550003,145.949997,145.949997,54795.0,54795.0,-3.95,-2.635,146.13333,"August 16, 16",-0.02635
0,2016-08-12,153.25,154.25,145.300003,146.75,146.75,25769.0,25769.0,-6.5,-4.241,148.76667,"August 12, 16",-0.04241
0,2016-08-11,150.050003,156.0,145.800003,152.050003,152.050003,10563.0,10563.0,2.0,1.333,151.28334,"August 11, 16",0.01333
0,2016-08-10,158.800003,158.800003,148.600006,150.699997,150.699997,580528.0,580528.0,-8.10001,-5.101,152.7,"August 10, 16",-0.05101
0,2016-08-09,164.949997,164.949997,156.100006,156.600006,156.600006,31342.0,31342.0,-8.34999,-5.062,159.21667,"August 09, 16",-0.05062
0,2016-08-08,162.949997,166.0,159.149994,164.149994,164.149994,38013.0,38013.0,1.2,0.736,163.1,"August 08, 16",0.00736
0,2016-08-05,155.949997,163.0,155.949997,160.649994,160.649994,33995.0,33995.0,4.7,3.014,159.86666,"August 05, 16",0.03014
0,2016-08-04,161.699997,161.699997,150.0,157.199997,157.199997,36311.0,36311.0,-4.5,-2.783,156.3,"August 04, 16",-0.02783
0,2016-08-03,163.050003,165.0,154.800003,156.800003,156.800003,39731.0,39731.0,-6.25,-3.833,158.86667,"August 03, 16",-0.03833
0,2016-08-02,163.0,165.0,150.0,163.399994,163.399994,243548.0,243548.0,0.39999,0.245,159.46666,"August 02, 16",0.00245
0,2016-08-01,180.949997,183.399994,162.600006,167.75,167.75,100872.0,100872.0,-13.2,-7.295,171.25,"August 01, 16",-0.07295
0,2016-07-29,178.75,185.0,173.100006,180.300003,180.300003,111431.0,111431.0,1.55,0.867,179.46667,"July 29, 16",0.00867
0,2016-07-28,177.0,180.050003,170.0,178.600006,178.600006,237005.0,237005.0,1.60001,0.904,176.21667,"July 28, 16",0.00904
0,2016-07-27,168.5,177.0,167.850006,172.75,172.75,161803.0,161803.0,4.25,2.522,172.53334,"July 27, 16",0.02522
0,2016-07-26,169.5,173.050003,168.25,168.5,168.5,89098.0,89098.0,-1.0,-0.59,169.93333,"July 26, 16",-0.0059
0,2016-07-25,170.899994,176.0,165.0,168.5,168.5,109664.0,109664.0,-2.39999,-1.404,169.83333,"July 25, 16",-0.01404
0,2016-07-22,163.600006,170.0,161.050003,167.050003,167.050003,74866.0,74866.0,3.45,2.109,166.03334,"July 22, 16",0.02109
0,2016-07-21,157.300003,171.550003,155.25,161.899994,161.899994,180347.0,180347.0,4.59999,2.924,162.9,"July 21, 16",0.02924
0,2016-07-20,153.949997,157.5,149.050003,156.149994,156.149994,62781.0,62781.0,2.2,1.429,154.23333,"July 20, 16",0.01429
0,2016-07-19,151.199997,156.0,151.199997,154.149994,154.149994,8738.0,8738.0,2.95,1.951,153.78333,"July 19, 16",0.01951
0,2016-07-18,155.0,161.0,151.5,152.550003,152.550003,22426.0,22426.0,-2.45,-1.581,155.01667,"July 18, 16",-0.01581
0,2016-07-15,152.0,155.949997,151.149994,152.550003,152.550003,7925.0,7925.0,0.55,0.362,153.21666,"July 15, 16",0.00362
0,2016-07-14,152.25,154.949997,145.0,154.199997,154.199997,27750.0,27750.0,1.95,1.281,151.38333,"July 14, 16",0.01281
0,2016-07-13,154.149994,155.5,151.25,153.649994,153.649994,23191.0,23191.0,-0.5,-0.324,153.46666,"July 13, 16",-0.00324
0,2016-07-12,153.899994,155.0,150.649994,154.149994,154.149994,8828.0,8828.0,0.25,0.162,153.26666,"July 12, 16",0.00162
0,2016-07-11,153.050003,155.949997,151.350006,152.5,152.5,23982.0,23982.0,-0.55,-0.359,153.26667,"July 11, 16",-0.00359
0,2016-07-08,153.050003,153.5,150.0,152.949997,152.949997,10325.0,10325.0,-0.10001,-0.065,152.15,"July 08, 16",-0.00065
0,2016-07-07,154.25,154.25,149.5,151.850006,151.850006,19902.0,19902.0,-2.39999,-1.556,151.86667,"July 07, 16",-0.01556
0,2016-07-05,155.0,156.600006,149.800003,152.399994,152.399994,15883.0,15883.0,-2.60001,-1.677,152.93333,"July 05, 16",-0.01677
0,2016-07-04,163.0,163.0,152.399994,155.800003,155.800003,47521.0,47521.0,-7.2,-4.417,157.06667,"July 04, 16",-0.04417
0,2016-07-01,156.0,158.600006,154.0,156.350006,156.350006,10659.0,10659.0,0.35001,0.224,156.31667,"July 01, 16",0.00224
0,2016-06-30,154.899994,156.800003,151.5,154.350006,154.350006,18407.0,18407.0,-0.54999,-0.355,154.21667,"June 30, 16",-0.00355
0,2016-06-29,151.850006,156.0,151.850006,153.75,153.75,49604.0,49604.0,1.89999,1.251,153.86667,"June 29, 16",0.01251
0,2016-06-28,149.699997,151.949997,149.0,150.600006,150.600006,19066.0,19066.0,0.90001,0.601,150.51667,"June 28, 16",0.00601
0,2016-06-27,148.199997,153.899994,148.199997,149.75,149.75,44169.0,44169.0,1.55,1.046,150.61666,"June 27, 16",0.01046
0,2016-06-24,152.0,154.0,143.100006,152.399994,152.399994,47086.0,47086.0,0.39999,0.263,149.83333,"June 24, 16",0.00263
0,2016-06-23,151.100006,156.0,146.100006,154.149994,154.149994,65946.0,65946.0,3.04999,2.019,152.08333,"June 23, 16",0.02019
0,2016-06-22,155.899994,156.949997,150.75,151.699997,151.699997,17538.0,17538.0,-4.2,-2.694,153.13333,"June 22, 16",-0.02694
0,2016-06-21,153.399994,155.0,149.75,153.5,153.5,67767.0,67767.0,0.10001,0.065,152.75,"June 21, 16",0.00065
0,2016-06-20,147.800003,155.0,147.0,151.5,151.5,38306.0,38306.0,3.7,2.503,151.16667,"June 20, 16",0.02503
0,2016-06-17,147.050003,151.050003,145.949997,149.899994,149.899994,59941.0,59941.0,2.84999,1.938,148.96666,"June 17, 16",0.01938
0,2016-06-16,150.0,153.5,145.0,145.649994,145.649994,52104.0,52104.0,-4.35001,-2.9,148.05,"June 16, 16",-0.029
0,2016-06-15,150.949997,154.0,148.0,152.550003,152.550003,69922.0,69922.0,1.60001,1.06,151.51667,"June 15, 16",0.0106
0,2016-06-14,153.0,155.949997,145.5,148.699997,148.699997,56099.0,56099.0,-4.3,-2.81,150.05,"June 14, 16",-0.0281
0,2016-06-13,156.149994,156.149994,151.350006,153.0,153.0,9695.0,9695.0,-3.14999,-2.017,153.5,"June 13, 16",-0.02017
0,2016-06-10,151.050003,157.0,151.050003,156.149994,156.149994,23372.0,23372.0,5.09999,3.376,154.73333,"June 10, 16",0.03376
0,2016-06-09,158.5,158.5,150.600006,153.600006,153.600006,32236.0,32236.0,-4.89999,-3.091,154.23334,"June 09, 16",-0.03091
0,2016-06-08,151.149994,157.0,151.149994,155.850006,155.850006,33063.0,33063.0,4.70001,3.11,154.66667,"June 08, 16",0.0311
0,2016-06-07,157.899994,157.899994,152.0,153.449997,153.449997,27195.0,27195.0,-4.45,-2.818,154.45,"June 07, 16",-0.02818
0,2016-06-06,159.449997,162.0,152.600006,153.649994,153.649994,35899.0,35899.0,-5.8,-3.638,156.08333,"June 06, 16",-0.03638
0,2016-06-03,158.100006,162.0,155.5,159.449997,159.449997,48647.0,48647.0,1.34999,0.854,158.98333,"June 03, 16",0.00854
0,2016-06-02,153.800003,158.5,149.0,157.550003,157.550003,59385.0,59385.0,3.75,2.438,155.01667,"June 02, 16",0.02438
0,2016-06-01,150.649994,153.899994,146.399994,151.649994,151.649994,73347.0,73347.0,1.0,0.664,150.64999,"June 01, 16",0.00664
0,2016-05-31,144.0,158.800003,143.0,150.649994,150.649994,257940.0,257940.0,6.64999,4.618,150.81667,"May 31, 16",0.04618
0,2016-05-30,139.899994,144.0,139.449997,142.0,142.0,50829.0,50829.0,2.10001,1.501,141.81667,"May 30, 16",0.01501
0,2016-05-27,137.600006,141.949997,135.199997,139.899994,139.899994,49838.0,49838.0,2.29999,1.672,139.01666,"May 27, 16",0.01672
0,2016-05-26,139.5,139.5,129.5,134.949997,134.949997,65707.0,65707.0,-4.55,-3.262,134.65,"May 26, 16",-0.03262
0,2016-05-25,133.800003,137.899994,131.75,134.699997,134.699997,200112.0,200112.0,0.89999,0.673,134.78333,"May 25, 16",0.00673
0,2016-05-24,136.5,136.5,130.0,133.800003,133.800003,26729.0,26729.0,-2.7,-1.978,133.43333,"May 24, 16",-0.01978
0,2016-05-23,134.5,139.899994,134.5,137.149994,137.149994,9167.0,9167.0,2.64999,1.97,137.18333,"May 23, 16",0.0197
0,2016-05-20,137.100006,139.550003,135.300003,137.649994,137.649994,11567.0,11567.0,0.54999,0.401,137.5,"May 20, 16",0.00401
0,2016-05-19,140.0,144.899994,136.100006,136.699997,136.699997,43253.0,43253.0,-3.3,-2.357,139.23333,"May 19, 16",-0.02357
0,2016-05-18,130.5,141.0,130.5,139.350006,139.350006,63308.0,63308.0,8.85001,6.782,136.95,"May 18, 16",0.06782
0,2016-05-17,132.149994,134.800003,131.0,133.149994,133.149994,26087.0,26087.0,1.0,0.757,132.98333,"May 17, 16",0.00757
0,2016-05-16,132.899994,133.25,129.449997,131.699997,131.699997,26331.0,26331.0,-1.2,-0.903,131.46666,"May 16, 16",-0.00903
0,2016-05-13,125.849998,132.5,122.150002,129.649994,129.649994,17856.0,17856.0,3.8,3.019,128.1,"May 13, 16",0.03019
0,2016-05-12,125.349998,126.0,122.699997,125.849998,125.849998,9175.0,9175.0,0.5,0.399,124.85,"May 12, 16",0.00399
0,2016-05-11,121.0,125.0,121.0,124.300003,124.300003,8244.0,8244.0,3.3,2.727,123.43333,"May 11, 16",0.02727
0,2016-05-10,124.0,126.949997,118.5,121.900002,121.900002,149324.0,149324.0,-2.1,-1.694,122.45,"May 10, 16",-0.01694
0,2016-05-09,125.0,126.599998,117.0,125.650002,125.650002,70479.0,70479.0,0.65,0.52,123.08333,"May 09, 16",0.0052
0,2016-05-06,128.600006,130.649994,121.699997,124.25,124.25,16179.0,16179.0,-4.35001,-3.383,125.53333,"May 06, 16",-0.03383
0,2016-05-05,133.0,133.0,128.0,128.600006,128.600006,3773.0,3773.0,-4.39999,-3.308,129.86667,"May 05, 16",-0.03308
0,2016-05-04,132.25,133.800003,130.0,130.300003,130.300003,15368.0,15368.0,-1.95,-1.474,131.36667,"May 04, 16",-0.01474
0,2016-05-03,131.0,136.800003,131.0,132.25,132.25,13398.0,13398.0,1.25,0.954,133.35,"May 03, 16",0.00954
0,2016-05-02,131.100006,133.5,127.050003,132.5,132.5,56941.0,56941.0,1.39999,1.068,131.01667,"May 02, 16",0.01068
0,2016-04-29,133.550003,133.699997,129.699997,131.100006,131.100006,2808.0,2808.0,-2.45,-1.835,131.5,"April 29, 16",-0.01835
0,2016-04-28,130.699997,132.0,127.400002,130.25,130.25,18716.0,18716.0,-0.45,-0.344,129.88333,"April 28, 16",-0.00344
0,2016-04-27,133.75,133.75,129.100006,130.75,130.75,3358.0,3358.0,-3.0,-2.243,131.2,"April 27, 16",-0.02243
0,2016-04-26,129.0,131.0,125.650002,130.350006,130.350006,10830.0,10830.0,1.35001,1.047,129.0,"April 26, 16",0.01047
0,2016-04-25,132.899994,132.899994,128.0,131.800003,131.800003,3243.0,3243.0,-1.09999,-0.828,130.9,"April 25, 16",-0.00828
0,2016-04-22,134.0,134.899994,129.0,131.149994,131.149994,31816.0,31816.0,-2.85001,-2.127,131.68333,"April 22, 16",-0.02127
0,2016-04-21,135.0,135.0,133.5,134.699997,134.699997,7379.0,7379.0,-0.3,-0.222,134.4,"April 21, 16",-0.00222
0,2016-04-20,133.300003,135.899994,133.300003,134.800003,134.800003,55380.0,55380.0,1.5,1.125,134.66667,"April 20, 16",0.01125
0,2016-04-18,136.0,136.899994,132.199997,133.25,133.25,21950.0,21950.0,-2.75,-2.022,134.11666,"April 18, 16",-0.02022
0,2016-04-13,136.899994,136.899994,129.199997,131.800003,131.800003,27299.0,27299.0,-5.09999,-3.725,132.63333,"April 13, 16",-0.03725
0,2016-04-12,129.300003,134.75,129.300003,131.550003,131.550003,52980.0,52980.0,2.25,1.74,131.86667,"April 12, 16",0.0174
0,2016-04-11,131.149994,135.0,131.149994,131.800003,131.800003,3754.0,3754.0,0.65001,0.496,132.65,"April 11, 16",0.00496
0,2016-04-08,131.0,135.0,128.899994,132.550003,132.550003,5035.0,5035.0,1.55,1.183,132.15,"April 08, 16",0.01183
0,2016-04-07,134.0,134.699997,129.050003,131.899994,131.899994,9095.0,9095.0,-2.10001,-1.567,131.88333,"April 07, 16",-0.01567
0,2016-04-06,134.0,137.600006,133.050003,133.75,133.75,5029.0,5029.0,-0.25,-0.187,134.8,"April 06, 16",-0.00187
0,2016-04-05,137.0,138.899994,133.100006,135.0,135.0,3623.0,3623.0,-2.0,-1.46,135.66667,"April 05, 16",-0.0146
0,2016-04-04,138.649994,142.75,135.0,138.100006,138.100006,10916.0,10916.0,-0.54999,-0.397,138.61667,"April 04, 16",-0.00397
0,2016-04-01,133.399994,142.0,131.5,138.5,138.5,97514.0,97514.0,5.10001,3.823,137.33333,"April 01, 16",0.03823
0,2016-03-31,129.0,135.699997,126.050003,133.550003,133.550003,58095.0,58095.0,4.55,3.527,131.76667,"March 31, 16",0.03527
0,2016-03-30,135.0,137.0,132.0,132.649994,132.649994,12523.0,12523.0,-2.35001,-1.741,133.88333,"March 30, 16",-0.01741
0,2016-03-29,134.0,139.0,128.899994,134.050003,134.050003,82026.0,82026.0,0.05,0.037,133.98333,"March 29, 16",0.00037
0,2016-03-28,132.449997,144.899994,128.199997,133.800003,133.800003,71500.0,71500.0,1.35001,1.019,135.63333,"March 28, 16",0.01019
0,2016-03-23,118.0,134.550003,118.0,132.449997,132.449997,588984.0,588984.0,14.45,12.246,128.33333,"March 23, 16",0.12246
0,2016-03-22,117.199997,123.0,117.199997,122.150002,122.150002,12613.0,12613.0,4.95001,4.224,120.78333,"March 22, 16",0.04224
0,2016-03-21,115.5,120.0,114.25,119.599998,119.599998,38341.0,38341.0,4.1,3.55,117.95,"March 21, 16",0.0355
0,2016-03-18,114.900002,118.0,114.900002,116.800003,116.800003,3533.0,3533.0,1.9,1.654,116.56667,"March 18, 16",0.01654
0,2016-03-17,118.0,118.0,115.550003,117.300003,117.300003,7736.0,7736.0,-0.7,-0.593,116.95,"March 17, 16",-0.00593
0,2016-03-16,118.550003,120.0,114.5,115.5,115.5,17427.0,17427.0,-3.05,-2.573,116.66667,"March 16, 16",-0.02573
0,2016-03-15,117.300003,119.0,115.0,115.199997,115.199997,10075.0,10075.0,-2.10001,-1.79,116.4,"March 15, 16",-0.0179
0,2016-03-14,119.0,124.0,116.0,117.300003,117.300003,18795.0,18795.0,-1.7,-1.429,119.1,"March 14, 16",-0.01429
0,2016-03-11,119.699997,120.0,115.5,119.099998,119.099998,5499.0,5499.0,-0.6,-0.501,118.2,"March 11, 16",-0.00501
0,2016-03-10,116.0,120.5,113.5,116.5,116.5,5905.0,5905.0,0.5,0.431,116.83333,"March 10, 16",0.00431
0,2016-03-09,115.550003,118.0,114.0,117.349998,117.349998,6617.0,6617.0,1.79999,1.558,116.45,"March 09, 16",0.01558
0,2016-03-08,125.0,125.0,115.0,116.699997,116.699997,15453.0,15453.0,-8.3,-6.64,118.9,"March 08, 16",-0.0664
0,2016-03-04,115.199997,124.5,115.199997,120.75,120.75,53238.0,53238.0,5.55,4.818,120.15,"March 04, 16",0.04818
0,2016-03-03,119.0,119.650002,116.5,117.199997,117.199997,61670.0,61670.0,-1.8,-1.513,117.78333,"March 03, 16",-0.01513
0,2016-03-02,115.0,124.599998,114.0,116.150002,116.150002,85285.0,85285.0,1.15,1.0,118.25,"March 02, 16",0.01
0,2016-03-01,110.0,115.699997,110.0,114.400002,114.400002,17284.0,17284.0,4.4,4.0,113.36667,"March 01, 16",0.04
0,2016-02-29,113.0,116.75,108.75,110.099998,110.099998,19445.0,19445.0,-2.9,-2.566,111.86667,"February 29, 16",-0.02566
0,2016-02-26,110.0,112.900002,109.050003,110.099998,110.099998,36313.0,36313.0,0.1,0.091,110.68333,"February 26, 16",0.00091
0,2016-02-25,108.0,114.300003,107.349998,109.949997,109.949997,22664.0,22664.0,1.95,1.806,110.53333,"February 25, 16",0.01806
0,2016-02-24,114.900002,114.900002,107.300003,109.550003,109.550003,20125.0,20125.0,-5.35,-4.656,110.58334,"February 24, 16",-0.04656
0,2016-02-23,109.0,114.699997,106.599998,111.0,111.0,17408.0,17408.0,2.0,1.835,110.76666,"February 23, 16",0.01835
0,2016-02-22,114.5,114.5,109.099998,110.099998,110.099998,22334.0,22334.0,-4.4,-3.843,111.23333,"February 22, 16",-0.03843
0,2016-02-19,109.0,115.0,108.050003,112.449997,112.449997,66091.0,66091.0,3.45,3.165,111.83333,"February 19, 16",0.03165
0,2016-02-18,111.0,114.0,106.300003,109.199997,109.199997,23894.0,23894.0,-1.8,-1.622,109.83333,"February 18, 16",-0.01622
0,2016-02-17,112.449997,116.849998,105.5,109.949997,109.949997,31658.0,31658.0,-2.5,-2.223,110.76666,"February 17, 16",-0.02223
0,2016-02-16,115.300003,118.75,110.550003,114.800003,114.800003,50839.0,50839.0,-0.5,-0.434,114.7,"February 16, 16",-0.00434
