,date,open,high,low,close,adjClose,volume,unadjustedVolume,change,changePercent,vwap,label,changeOverTime
0,2021-02-15,515.960022,556.0,515.960022,533.0,533.0,97232.0,97232.0,17.03998,3.303,534.98667,"February 15, 21",0.03303
0,2021-02-12,514.0,520.0,504.0,520.0,520.0,64529.0,64529.0,6.0,1.167,514.66667,"February 12, 21",0.01167
0,2021-02-11,502.0,514.0,500.0,513.0,513.0,35627.0,35627.0,11.0,2.191,509.0,"February 11, 21",0.02191
0,2021-02-10,504.0,522.0,500.0,513.0,513.0,116567.0,116567.0,9.0,1.786,511.66667,"February 10, 21",0.01786
0,2021-02-09,504.0,522.0,504.0,515.0,515.0,57317.0,57317.0,11.0,2.183,513.66667,"February 09, 21",0.02183
0,2021-02-08,520.0,526.0,502.0,502.0,502.0,59036.0,59036.0,-18.0,-3.462,510.0,"February 08, 21",-0.03462
0,2021-02-05,490.0,516.0,490.0,514.0,514.0,112611.0,112611.0,24.0,4.898,506.66667,"February 05, 21",0.04898
0,2021-02-04,480.0,500.0,480.0,490.5,490.5,65384.0,65384.0,10.5,2.188,490.16667,"February 04, 21",0.02188
0,2021-02-03,485.0,493.399994,475.0,491.0,491.0,106266.0,106266.0,6.0,1.237,486.46666,"February 03, 21",0.01237
0,2021-02-02,475.0,489.0,475.0,482.0,482.0,37463.0,37463.0,7.0,1.474,482.0,"February 02, 21",0.01474
0,2021-02-01,489.0,489.0,471.0,477.5,477.5,108487.0,108487.0,-11.5,-2.352,479.16667,"February 01, 21",-0.02352
0,2021-01-29,475.0,483.0,472.110992,483.0,483.0,44588.0,44588.0,8.0,1.684,479.37033,"January 29, 21",0.01684
0,2021-01-28,480.0,491.0,466.743011,483.0,483.0,84503.0,84503.0,3.0,0.625,480.24767,"January 28, 21",0.00625
0,2021-01-27,488.0,499.880005,477.334015,484.5,484.5,66184.0,66184.0,-3.5,-0.717,487.23801,"January 27, 21",-0.00717
0,2021-01-26,488.0,500.0,486.97699,492.5,492.5,42339.0,42339.0,4.5,0.922,493.159,"January 26, 21",0.00922
0,2021-01-25,497.0,514.0,488.0,488.0,488.0,54381.0,54381.0,-9.0,-1.811,496.66667,"January 25, 21",-0.01811
0,2021-01-22,502.0,522.0,496.0,501.0,501.0,23982.0,23982.0,-1.0,-0.199,506.33333,"January 22, 21",-0.00199
0,2021-01-21,512.0,518.640015,495.0,512.0,512.0,65053.0,65053.0,0.0,0.0,508.54667,"January 21, 21",0.0
0,2021-01-20,504.0,522.0,492.119995,512.0,512.0,70697.0,70697.0,8.0,1.587,508.70667,"January 20, 21",0.01587
0,2021-01-19,493.0,504.0,491.0,497.5,497.5,36837.0,36837.0,4.5,0.913,497.5,"January 19, 21",0.00913
0,2021-01-18,495.0,504.0,491.549988,494.0,494.0,59237.0,59237.0,-1.0,-0.202,496.51666,"January 18, 21",-0.00202
0,2021-01-15,514.0,514.0,491.0,493.0,493.0,50430.0,50430.0,-21.0,-4.086,499.33333,"January 15, 21",-0.04086
0,2021-01-14,500.0,514.0,500.0,501.5,501.5,53348.0,53348.0,1.5,0.3,505.16667,"January 14, 21",0.003
0,2021-01-13,514.0,516.0,502.200012,505.5,505.5,31764.0,31764.0,-8.5,-1.654,507.9,"January 13, 21",-0.01654
0,2021-01-12,509.494995,516.0,496.079987,501.0,501.0,25731.0,25731.0,-8.495,-1.667,504.36,"January 12, 21",-0.01667
0,2021-01-11,516.0,516.0,496.0,498.0,498.0,53609.0,53609.0,-18.0,-3.488,503.33333,"January 11, 21",-0.03488
0,2021-01-08,506.0,515.002014,490.420013,499.5,499.5,35516.0,35516.0,-6.5,-1.285,501.64068,"January 08, 21",-0.01285
0,2021-01-07,504.0,510.0,487.0,510.0,510.0,51780.0,51780.0,6.0,1.19,502.33333,"January 07, 21",0.0119
0,2021-01-06,496.0,502.130005,488.299988,492.5,492.5,64209.0,64209.0,-3.5,-0.706,494.31,"January 06, 21",-0.00706
0,2021-01-05,502.0,504.0,475.661011,496.0,496.0,57012.0,57012.0,-6.0,-1.195,491.887,"January 05, 21",-0.01195
0,2021-01-04,520.0,520.0,502.0,507.0,507.0,67933.0,67933.0,-13.0,-2.5,509.66667,"January 04, 21",-0.025
0,2020-12-31,520.0,530.0,504.0,512.0,512.0,16490.0,16490.0,-8.0,-1.538,515.33333,"December 31, 20",-0.01538
0,2020-12-30,526.0,535.174011,512.0,518.0,518.0,63816.0,63816.0,-8.0,-1.521,521.72467,"December 30, 20",-0.01521
0,2020-12-29,510.0,536.0,493.0,526.0,526.0,206525.0,206525.0,16.0,3.137,518.33333,"December 29, 20",0.03137
0,2020-12-24,485.0,515.0,485.0,497.5,497.5,68971.0,68971.0,12.5,2.577,499.16667,"December 24, 20",0.02577
0,2020-12-23,470.0,484.5,460.822998,478.5,478.5,81623.0,81623.0,8.5,1.809,474.60767,"December 23, 20",0.01809
0,2020-12-22,466.0,469.899994,458.649994,460.0,460.0,36971.0,36971.0,-6.0,-1.288,462.85,"December 22, 20",-0.01288
0,2020-12-21,467.0,487.71701,446.0,465.0,465.0,155196.0,155196.0,-2.0,-0.428,466.239,"December 21, 20",-0.00428
0,2020-12-18,477.0,487.717987,476.0,481.0,481.0,34356.0,34356.0,4.0,0.839,481.57266,"December 18, 20",0.00839
0,2020-12-17,485.0,491.0,476.0,481.0,481.0,68785.0,68785.0,-4.0,-0.825,482.66667,"December 17, 20",-0.00825
0,2020-12-16,467.0,489.809998,466.839996,476.0,476.0,74688.0,74688.0,9.0,1.927,477.55,"December 16, 20",0.01927
0,2020-12-15,457.0,467.0,454.5,462.5,462.5,63519.0,63519.0,5.5,1.204,461.33333,"December 15, 20",0.01204
0,2020-12-14,443.0,462.0,443.0,448.0,448.0,87966.0,87966.0,5.0,1.129,451.0,"December 14, 20",0.01129
0,2020-12-11,463.0,467.799011,431.0,446.0,446.0,154381.0,154381.0,-17.0,-3.672,448.26634,"December 11, 20",-0.03672
0,2020-12-10,475.0,479.450012,456.0,463.0,463.0,60721.0,60721.0,-12.0,-2.526,466.15,"December 10, 20",-0.02526
0,2020-12-09,480.0,491.786987,466.0,466.0,466.0,53073.0,53073.0,-14.0,-2.917,474.59566,"December 09, 20",-0.02917
0,2020-12-08,485.0,493.619995,474.0,474.0,474.0,81205.0,81205.0,-11.0,-2.268,480.54,"December 08, 20",-0.02268
0,2020-12-07,482.0,499.0,475.0,487.0,487.0,125539.0,125539.0,5.0,1.037,487.0,"December 07, 20",0.01037
0,2020-12-04,490.0,500.0,483.0,488.5,488.5,95392.0,95392.0,-1.5,-0.306,490.5,"December 04, 20",-0.00306
0,2020-12-03,494.0,512.275024,479.798004,494.0,494.0,105473.0,105473.0,0.0,0.0,495.35768,"December 03, 20",0.0
0,2020-12-02,480.0,490.0,479.0,488.0,488.0,85109.0,85109.0,8.0,1.667,485.66667,"December 02, 20",0.01667
0,2020-12-01,538.0,538.0,538.0,538.0,538.0,0.0,0.0,0.0,0.0,0.0,"December 01, 20",0.0
0,2020-11-30,480.0,480.0,460.0,472.5,472.5,31828.0,31828.0,-7.5,-1.563,470.83333,"November 30, 20",-0.01563
0,2020-11-27,472.0,482.0,456.0,473.0,473.0,297242.0,297242.0,1.0,0.212,470.33333,"November 27, 20",0.00212
0,2020-11-26,476.0,483.0,473.0,475.0,475.0,49355.0,49355.0,-1.0,-0.21,477.0,"November 26, 20",-0.0021
0,2020-11-25,495.0,512.0,475.0,475.0,475.0,120837.0,120837.0,-20.0,-4.04,487.33333,"November 25, 20",-0.0404
0,2020-11-24,490.0,518.0,477.0,495.5,495.5,145845.0,145845.0,5.5,1.122,496.83333,"November 24, 20",0.01122
0,2020-11-23,480.0,490.0,465.0,489.0,489.0,84486.0,84486.0,9.0,1.875,481.33333,"November 23, 20",0.01875
0,2020-11-20,471.0,480.0,455.0,475.5,475.5,90253.0,90253.0,4.5,0.955,470.16667,"November 20, 20",0.00955
0,2020-11-19,466.0,472.0,460.0,462.5,462.5,65952.0,65952.0,-3.5,-0.751,464.83333,"November 19, 20",-0.00751
0,2020-11-18,460.0,470.0,449.0,466.0,466.0,53313.0,53313.0,6.0,1.304,461.66667,"November 18, 20",0.01304
0,2020-11-17,468.0,474.795013,451.0,454.0,454.0,92172.0,92172.0,-14.0,-2.991,459.93167,"November 17, 20",-0.02991
0,2020-11-16,458.0,467.0,449.0,463.0,463.0,128399.0,128399.0,5.0,1.092,459.66667,"November 16, 20",0.01092
0,2020-11-13,444.0,468.0,436.380005,450.0,450.0,87313.0,87313.0,6.0,1.351,451.46,"November 13, 20",0.01351
0,2020-11-12,444.0,452.858002,440.0,443.0,443.0,89846.0,89846.0,-1.0,-0.225,445.286,"November 12, 20",-0.00225
0,2020-11-11,448.0,450.0,444.100006,447.0,443.25,121326.0,121326.0,-1.0,-0.223,447.03334,"November 11, 20",-0.00223
0,2020-11-10,440.0,448.0,434.407013,447.0,443.25,139115.0,139115.0,7.0,1.591,443.13567,"November 10, 20",0.01591
0,2020-11-09,415.0,439.0,409.149994,430.0,426.392639,130023.0,130023.0,15.0,3.614,426.05,"November 09, 20",0.03614
0,2020-11-06,406.0,414.0,405.0,411.0,407.552032,29278.0,29278.0,5.0,1.232,410.0,"November 06, 20",0.01232
0,2020-11-05,405.0,413.910004,401.263,410.0,406.560425,73723.0,73723.0,5.0,1.235,408.391,"November 05, 20",0.01235
0,2020-11-04,403.0,403.0,396.0,403.0,399.619141,37566.0,37566.0,0.0,0.0,400.66667,"November 04, 20",0.0
0,2020-11-03,396.0,405.75,394.497986,400.0,396.644318,59500.0,59500.0,4.0,1.01,400.08266,"November 03, 20",0.0101
0,2020-11-02,400.0,401.470001,396.0,395.5,392.182068,53524.0,53524.0,-4.5,-1.125,397.65667,"November 02, 20",-0.01125
0,2020-10-30,398.0,405.0,397.0,398.0,394.661072,29055.0,29055.0,0.0,0.0,400.0,"October 30, 20",0.0
0,2020-10-29,403.0,410.0,398.0,401.5,398.131714,38903.0,38903.0,-1.5,-0.372,403.16667,"October 29, 20",-0.00372
0,2020-10-28,402.798004,410.0,398.0,400.0,396.644318,41616.0,41616.0,-2.798,-0.695,402.66667,"October 28, 20",-0.00695
0,2020-10-27,410.0,415.0,403.0,411.0,407.552032,32019.0,32019.0,1.0,0.244,409.66667,"October 27, 20",0.00244
0,2020-10-26,411.5,411.5,411.5,411.5,408.047821,0.0,0.0,0.0,0.0,0.0,"October 26, 20",0.0
0,2020-10-23,408.0,413.950012,400.0,411.5,408.047821,66727.0,66727.0,3.5,0.858,408.48334,"October 23, 20",0.00858
0,2020-10-22,408.0,409.308014,398.0,399.0,395.65271,25328.0,25328.0,-9.0,-2.206,402.10267,"October 22, 20",-0.02206
0,2020-10-21,398.0,408.0,397.0,399.0,399.0,48442.0,48442.0,1.0,0.251,401.33333,"October 21, 20",0.00251
0,2020-10-20,396.0,413.0,396.0,403.5,403.5,49072.0,49072.0,7.5,1.894,404.16667,"October 20, 20",0.01894
0,2020-10-19,405.0,413.799988,396.0,396.5,396.5,57248.0,57248.0,-8.5,-2.099,402.1,"October 19, 20",-0.02099
0,2020-10-16,401.220001,414.701996,401.220001,406.0,406.0,30470.0,30470.0,4.78,1.191,407.30733,"October 16, 20",0.01191
0,2020-10-15,411.0,411.100006,400.0,401.0,401.0,53088.0,53088.0,-10.0,-2.433,404.03334,"October 15, 20",-0.02433
0,2020-10-14,413.0,416.0,405.11499,414.0,414.0,53916.0,53916.0,1.0,0.242,411.705,"October 14, 20",0.00242
0,2020-10-13,408.768005,413.0,400.0,408.0,408.0,65137.0,65137.0,-0.76801,-0.188,407.0,"October 13, 20",-0.00188
0,2020-10-12,412.53299,414.0,399.600006,409.5,409.5,82501.0,82501.0,-3.03299,-0.735,407.7,"October 12, 20",-0.00735
0,2020-10-09,406.0,411.0,394.0,407.5,407.5,86553.0,86553.0,1.5,0.369,404.16667,"October 09, 20",0.00369
0,2020-10-08,395.0,402.0,391.263,400.0,400.0,62295.0,62295.0,5.0,1.266,397.75433,"October 08, 20",0.01266
0,2020-10-07,391.0,394.0,386.799988,392.0,392.0,54642.0,54642.0,1.0,0.256,390.93333,"October 07, 20",0.00256
0,2020-10-06,377.420013,390.399994,377.420013,387.5,387.5,73228.0,73228.0,10.07999,2.671,385.10667,"October 06, 20",0.02671
0,2020-10-05,385.203003,390.0,373.0,385.0,385.0,26704.0,26704.0,-0.203,-0.053,382.66667,"October 05, 20",-0.00053
0,2020-10-02,380.0,390.0,371.380005,380.5,380.5,44832.0,44832.0,0.5,0.132,380.62667,"October 02, 20",0.00132
0,2020-10-01,390.0,390.0,372.0,386.0,386.0,46217.0,46217.0,-4.0,-1.026,382.66667,"October 01, 20",-0.01026
0,2020-09-30,387.0,390.0,374.829987,382.0,382.0,62531.0,62531.0,-5.0,-1.292,382.27666,"September 30, 20",-0.01292
0,2020-09-29,371.0,387.0,371.0,385.0,385.0,58422.0,58422.0,14.0,3.774,381.0,"September 29, 20",0.03774
0,2020-09-28,379.0,386.0,379.0,379.0,379.0,27145.0,27145.0,0.0,0.0,381.33333,"September 28, 20",0.0
0,2020-09-25,370.0,380.109985,364.0,370.0,370.0,29193.0,29193.0,0.0,0.0,371.37,"September 25, 20",0.0
0,2020-09-24,379.720001,379.880005,365.700012,369.0,369.0,29991.0,29991.0,-10.72,-2.823,371.52667,"September 24, 20",-0.02823
0,2020-09-23,380.0,380.0,363.747986,365.5,365.5,82287.0,82287.0,-14.5,-3.816,369.74933,"September 23, 20",-0.03816
0,2020-09-22,370.0,382.0,364.440002,366.0,366.0,30848.0,30848.0,-4.0,-1.081,370.81333,"September 22, 20",-0.01081
0,2020-09-21,381.0,394.0,363.0,380.0,380.0,75311.0,75311.0,-1.0,-0.262,379.0,"September 21, 20",-0.00262
0,2020-09-18,397.0,397.0,381.0,390.0,390.0,55072.0,55072.0,-7.0,-1.763,389.33333,"September 18, 20",-0.01763
0,2020-09-17,382.0,391.0,375.0,385.5,385.5,32604.0,32604.0,3.5,0.916,383.83333,"September 17, 20",0.00916
0,2020-09-16,401.0,401.0,384.0,386.0,386.0,62116.0,62116.0,-15.0,-3.741,390.33333,"September 16, 20",-0.03741
0,2020-09-15,384.0,392.5,384.0,386.5,386.5,66487.0,66487.0,2.5,0.651,387.66667,"September 15, 20",0.00651
0,2020-09-14,400.0,400.0,383.0,387.0,387.0,19696.0,19696.0,-13.0,-3.25,390.0,"September 14, 20",-0.0325
0,2020-09-11,386.0,390.0,385.0,387.0,387.0,66821.0,66821.0,1.0,0.259,387.33333,"September 11, 20",0.00259
0,2020-09-10,401.0,401.0,386.0,386.0,386.0,216760.0,216760.0,-15.0,-3.741,391.0,"September 10, 20",-0.03741
0,2020-09-09,383.0,402.0,383.0,389.0,389.0,78610.0,78610.0,6.0,1.567,391.33333,"September 09, 20",0.01567
0,2020-09-08,387.0,398.570007,384.0,386.5,386.5,45755.0,45755.0,-0.5,-0.129,389.69,"September 08, 20",-0.00129
0,2020-09-07,387.0,400.0,387.0,388.5,388.5,69023.0,69023.0,1.5,0.388,391.83333,"September 07, 20",0.00388
0,2020-09-04,385.0,395.464996,384.0,384.5,384.5,35558.0,35558.0,-0.5,-0.13,387.98833,"September 04, 20",-0.0013
0,2020-09-03,395.0,396.475006,384.0,382.0,382.0,62990.0,62990.0,-13.0,-3.291,387.49167,"September 03, 20",-0.03291
0,2020-09-02,385.0,399.0,385.0,391.0,391.0,67813.0,67813.0,6.0,1.558,391.66667,"September 02, 20",0.01558
0,2020-09-01,399.0,399.0,384.0,387.0,387.0,53056.0,53056.0,-12.0,-3.008,390.0,"September 01, 20",-0.03008
0,2020-08-28,398.0,398.0,382.738007,389.0,389.0,29419.0,29419.0,-9.0,-2.261,389.91267,"August 28, 20",-0.02261
0,2020-08-27,396.0,396.0,386.0,388.5,388.5,19165.0,19165.0,-7.5,-1.894,390.16667,"August 27, 20",-0.01894
0,2020-08-26,388.399994,388.399994,385.0,387.5,387.5,54464.0,54464.0,-0.89999,-0.232,386.96666,"August 26, 20",-0.00232
0,2020-08-25,398.0,398.0,384.0,385.0,385.0,12633.0,12633.0,-13.0,-3.266,389.0,"August 25, 20",-0.03266
0,2020-08-24,399.0,399.0,384.0,399.0,399.0,55456.0,55456.0,0.0,0.0,394.0,"August 24, 20",0.0
0,2020-08-21,390.0,395.5,385.0,390.0,390.0,35684.0,35684.0,0.0,0.0,390.16667,"August 21, 20",0.0
0,2020-08-20,399.0,399.0,390.0,392.0,392.0,32340.0,32340.0,-7.0,-1.754,393.66667,"August 20, 20",-0.01754
0,2020-08-19,396.0,396.243011,386.850006,396.5,396.5,30877.0,30877.0,0.5,0.126,393.19767,"August 19, 20",0.00126
0,2020-08-18,396.0,399.0,387.795013,399.0,399.0,50121.0,50121.0,3.0,0.758,395.265,"August 18, 20",0.00758
0,2020-08-17,404.0,404.0,385.46701,396.0,396.0,64447.0,64447.0,-8.0,-1.98,395.15567,"August 17, 20",-0.0198
0,2020-08-14,403.0,403.0,376.0,395.0,395.0,48418.0,48418.0,-8.0,-1.985,391.33333,"August 14, 20",-0.01985
0,2020-08-13,402.0,402.0,390.0,392.0,392.0,23169.0,23169.0,-10.0,-2.488,394.66667,"August 13, 20",-0.02488
0,2020-08-12,403.0,403.0,388.0,395.0,395.0,119390.0,119390.0,-8.0,-1.985,395.33333,"August 12, 20",-0.01985
0,2020-08-11,398.0,404.0,395.019989,404.0,404.0,71292.0,71292.0,6.0,1.508,401.00666,"August 11, 20",0.01508
0,2020-08-10,389.0,399.040009,389.0,394.5,394.5,51938.0,51938.0,5.5,1.414,394.18,"August 10, 20",0.01414
0,2020-08-07,403.0,403.0,388.0,388.0,388.0,45199.0,45199.0,-15.0,-3.722,393.0,"August 07, 20",-0.03722
0,2020-08-06,389.0,398.23999,388.0,392.0,392.0,57309.0,57309.0,3.0,0.771,392.74666,"August 06, 20",0.00771
0,2020-08-05,402.0,404.0,386.605011,392.0,388.25,18746.0,18746.0,-10.0,-2.488,394.20167,"August 05, 20",-0.02488
0,2020-08-04,390.0,396.049988,386.0,390.0,386.269135,25428.0,25428.0,0.0,0.0,390.68333,"August 04, 20",0.0
0,2020-08-03,385.0,401.0,385.0,386.0,382.307404,105018.0,105018.0,1.0,0.26,390.66667,"August 03, 20",0.0026
0,2020-07-31,390.0,394.820007,380.380005,390.0,386.269135,22115.0,22115.0,0.0,0.0,388.4,"July 31, 20",0.0
0,2020-07-30,390.0,391.0,378.0,378.0,374.383942,94307.0,94307.0,-12.0,-3.077,382.33333,"July 30, 20",-0.03077
0,2020-07-29,390.0,393.880005,381.119995,390.0,386.269135,26499.0,26499.0,0.0,0.0,388.33333,"July 29, 20",0.0
0,2020-07-28,401.0,401.0,383.179993,394.0,390.230865,30705.0,30705.0,-7.0,-1.746,392.72666,"July 28, 20",-0.01746
0,2020-07-27,401.0,401.0,382.0,385.0,381.316986,48147.0,48147.0,-16.0,-3.99,389.33333,"July 27, 20",-0.0399
0,2020-07-24,403.0,403.0,378.0,391.5,387.754791,31923.0,31923.0,-11.5,-2.854,390.83333,"July 24, 20",-0.02854
0,2020-07-23,390.0,393.640015,385.0,388.0,384.288269,36118.0,36118.0,-2.0,-0.513,388.88001,"July 23, 20",-0.00513
0,2020-07-22,385.0,403.0,381.0,386.0,382.307404,41222.0,41222.0,1.0,0.26,390.0,"July 22, 20",0.0026
0,2020-07-21,397.0,397.0,380.089996,392.0,388.25,98167.0,98167.0,-5.0,-1.259,389.69667,"July 21, 20",-0.01259
0,2020-07-20,380.0,392.0,377.498993,384.5,380.821747,53082.0,53082.0,4.5,1.184,384.66633,"July 20, 20",0.01184
0,2020-07-17,384.0,392.0,382.092987,388.0,384.288269,20464.0,20464.0,4.0,1.042,387.36433,"July 17, 20",0.01042
0,2020-07-16,397.0,399.0,382.0,390.0,386.269135,15340.0,15340.0,-7.0,-1.763,390.33333,"July 16, 20",-0.01763
0,2020-07-15,403.0,403.0,377.600006,395.5,391.716522,26145.0,26145.0,-7.5,-1.861,392.03334,"July 15, 20",-0.01861
0,2020-07-14,402.0,402.0,381.635986,388.0,384.288269,24808.0,24808.0,-14.0,-3.483,390.54533,"July 14, 20",-0.03483
0,2020-07-13,400.0,401.0,381.312988,384.0,380.326538,76640.0,76640.0,-16.0,-4.0,388.771,"July 13, 20",-0.04
0,2020-07-10,399.0,399.0,382.0,382.0,378.345673,21459.0,21459.0,-17.0,-4.261,387.66667,"July 10, 20",-0.04261
0,2020-07-09,401.0,401.0,385.0,385.0,381.316986,82842.0,82842.0,-16.0,-3.99,390.33333,"July 09, 20",-0.0399
0,2020-07-08,390.0,396.799988,390.0,392.0,388.25,22199.0,22199.0,2.0,0.513,392.93333,"July 08, 20",0.00513
0,2020-07-07,410.0,412.0,391.928986,400.5,396.668701,31659.0,31659.0,-9.5,-2.317,401.47633,"July 07, 20",-0.02317
0,2020-07-06,409.0,414.0,391.899994,402.5,398.649567,65831.0,65831.0,-6.5,-1.589,402.8,"July 06, 20",-0.01589
0,2020-07-03,396.0,397.0,381.210999,389.5,385.773926,46134.0,46134.0,-6.5,-1.641,389.237,"July 03, 20",-0.01641
0,2020-07-02,399.0,399.0,378.205994,391.0,387.259583,100523.0,100523.0,-8.0,-2.005,389.402,"July 02, 20",-0.02005
0,2020-07-01,399.0,399.0,382.882996,392.0,388.25,40926.0,40926.0,-7.0,-1.754,391.29433,"July 01, 20",-0.01754
0,2020-06-30,403.0,403.0,383.700012,384.0,380.326538,72879.0,72879.0,-19.0,-4.715,390.23334,"June 30, 20",-0.04715
0,2020-06-29,389.0,400.0,384.0,398.0,394.192596,39264.0,39264.0,9.0,2.314,394.0,"June 29, 20",0.02314
0,2020-06-26,412.0,412.0,391.0,391.0,387.259583,30093.0,30093.0,-21.0,-5.097,398.0,"June 26, 20",-0.05097
0,2020-06-25,400.0,411.0,390.0,402.5,398.649567,52857.0,52857.0,2.5,0.625,401.16667,"June 25, 20",0.00625
0,2020-06-24,424.0,424.0,399.0,405.0,401.125641,24157.0,24157.0,-19.0,-4.481,409.33333,"June 24, 20",-0.04481
0,2020-06-23,418.0,421.0,406.359985,411.5,407.563477,30282.0,30282.0,-6.5,-1.555,412.95333,"June 23, 20",-0.01555
0,2020-06-22,404.0,414.899994,400.0,405.0,401.125641,105591.0,105591.0,1.0,0.248,406.63333,"June 22, 20",0.00248
0,2020-06-19,427.0,427.0,411.0,411.0,407.068237,21430.0,21430.0,-16.0,-3.747,416.33333,"June 19, 20",-0.03747
0,2020-06-18,418.0,418.429993,411.0,411.0,407.068237,25798.0,25798.0,-7.0,-1.675,413.47666,"June 18, 20",-0.01675
0,2020-06-17,416.0,417.0,405.84201,412.0,408.058685,38107.0,38107.0,-4.0,-0.962,411.614,"June 17, 20",-0.00962
0,2020-06-16,395.0,417.0,395.0,417.0,413.010864,42396.0,42396.0,22.0,5.57,409.66667,"June 16, 20",0.0557
0,2020-06-15,393.0,406.0,390.681,397.0,393.202179,32189.0,32189.0,4.0,1.018,397.89367,"June 15, 20",0.01018
0,2020-06-12,399.0,403.399994,378.252991,396.0,392.211731,54844.0,54844.0,-3.0,-0.752,392.551,"June 12, 20",-0.00752
0,2020-06-11,403.0,408.0,390.0,397.5,393.697388,67452.0,67452.0,-5.5,-1.365,398.5,"June 11, 20",-0.01365
0,2020-06-10,426.0,426.0,411.0,411.0,407.068237,57523.0,57523.0,-15.0,-3.521,416.0,"June 10, 20",-0.03521
0,2020-06-09,421.0,426.549988,406.0,417.5,413.506073,120458.0,120458.0,-3.5,-0.831,416.68333,"June 09, 20",-0.00831
0,2020-06-08,432.0,439.0,420.0,430.0,425.886475,102793.0,102793.0,-2.0,-0.463,429.66667,"June 08, 20",-0.00463
0,2020-06-05,421.0,433.0,412.893005,433.0,428.857788,104218.0,104218.0,12.0,2.85,426.29767,"June 05, 20",0.0285
0,2020-06-04,434.0,434.0,417.0,417.0,413.010864,89156.0,89156.0,-17.0,-3.917,422.66667,"June 04, 20",-0.03917
0,2020-06-03,433.0,435.0,421.0,435.0,430.838654,37771.0,37771.0,2.0,0.462,430.33333,"June 03, 20",0.00462
0,2020-06-02,432.0,432.0,419.0,425.0,420.934326,40120.0,40120.0,-7.0,-1.62,425.33333,"June 02, 20",-0.0162
0,2020-06-01,432.0,432.0,415.0,420.0,415.982147,51737.0,51737.0,-12.0,-2.778,422.33333,"June 01, 20",-0.02778
0,2020-05-29,429.0,429.0,423.0,423.5,419.448669,18718.0,18718.0,-5.5,-1.282,425.16667,"May 29, 20",-0.01282
0,2020-05-28,416.0,430.0,416.0,430.0,425.886475,41902.0,41902.0,14.0,3.365,425.33333,"May 28, 20",0.03365
0,2020-05-27,415.0,420.0,409.0,409.0,405.087372,65591.0,65591.0,-6.0,-1.446,412.66667,"May 27, 20",-0.01446
0,2020-05-26,394.0,429.0,393.5,408.0,404.096954,60009.0,60009.0,14.0,3.553,410.16667,"May 26, 20",0.03553
0,2020-05-22,385.0,393.0,383.100006,392.5,388.745239,40189.0,40189.0,7.5,1.948,389.53334,"May 22, 20",0.01948
0,2020-05-21,389.0,393.0,380.549988,393.0,389.240448,75293.0,75293.0,4.0,1.028,388.85,"May 21, 20",0.01028
0,2020-05-20,389.0,390.0,383.0,390.0,386.269135,69788.0,69788.0,1.0,0.257,387.66667,"May 20, 20",0.00257
0,2020-05-19,393.0,393.0,377.76001,386.0,382.307404,30556.0,30556.0,-7.0,-1.781,385.58667,"May 19, 20",-0.01781
0,2020-05-18,383.0,390.0,372.980011,385.0,381.316986,54555.0,54555.0,2.0,0.522,382.66,"May 18, 20",0.00522
0,2020-05-15,370.0,381.0,370.0,381.0,377.355225,49012.0,49012.0,11.0,2.973,377.33333,"May 15, 20",0.02973
0,2020-05-14,389.0,396.5,368.822998,374.0,370.422211,115908.0,115908.0,-15.0,-3.856,379.77433,"May 14, 20",-0.03856
0,2020-05-13,412.0,416.0,398.253998,407.0,395.826813,50964.0,50964.0,-5.0,-1.214,407.08467,"May 13, 20",-0.01214
0,2020-05-12,424.0,424.0,409.078003,415.0,403.607208,50411.0,50411.0,-9.0,-2.123,416.026,"May 12, 20",-0.02123
0,2020-05-11,428.0,428.0,415.0,420.5,408.956238,55928.0,55928.0,-7.5,-1.752,421.16667,"May 11, 20",-0.01752
0,2020-05-07,427.0,427.0,413.683014,421.0,409.442505,17061.0,17061.0,-6.0,-1.405,420.561,"May 07, 20",-0.01405
0,2020-05-06,427.0,428.0,413.0,428.0,416.250305,13412.0,13412.0,1.0,0.234,423.0,"May 06, 20",0.00234
0,2020-05-05,427.0,430.0,412.0,422.0,410.415039,21953.0,21953.0,-5.0,-1.171,421.33333,"May 05, 20",-0.01171
0,2020-05-04,427.0,428.0,412.0,428.0,416.250305,26995.0,26995.0,1.0,0.234,422.66667,"May 04, 20",0.00234
0,2020-05-01,413.0,428.0,411.799011,423.5,411.87384,26463.0,26463.0,10.5,2.542,421.09967,"May 01, 20",0.02542
0,2020-04-30,434.0,434.0,420.811005,428.0,416.250305,17045.0,17045.0,-6.0,-1.382,427.60367,"April 30, 20",-0.01382
0,2020-04-29,435.0,435.0,418.0,435.0,423.058167,60383.0,60383.0,0.0,0.0,429.33333,"April 29, 20",0.0
0,2020-04-28,433.0,433.0,418.338013,426.0,414.305237,29083.0,29083.0,-7.0,-1.617,425.77934,"April 28, 20",-0.01617
0,2020-04-27,426.0,435.0,411.149994,425.0,413.332703,54143.0,54143.0,-1.0,-0.235,423.71666,"April 27, 20",-0.00235
0,2020-04-24,424.0,424.0,409.0,424.0,412.360138,17584.0,17584.0,0.0,0.0,419.0,"April 24, 20",0.0
0,2020-04-23,426.0,426.0,408.550995,418.5,407.011108,21587.0,21587.0,-7.5,-1.761,417.68367,"April 23, 20",-0.01761
0,2020-04-22,426.0,426.0,410.700012,426.0,414.305237,22327.0,22327.0,0.0,0.0,420.9,"April 22, 20",0.0
0,2020-04-21,423.0,423.0,406.102997,418.0,406.524841,37126.0,37126.0,-5.0,-1.182,415.701,"April 21, 20",-0.01182
0,2020-04-20,425.0,425.0,403.903992,418.5,407.011108,39503.0,39503.0,-6.5,-1.529,415.80133,"April 20, 20",-0.01529
0,2020-04-17,417.0,426.0,408.5,418.0,406.524841,44596.0,44596.0,1.0,0.24,417.5,"April 17, 20",0.0024
0,2020-04-16,410.0,413.0,393.858002,413.0,401.662109,56194.0,56194.0,3.0,0.732,406.61933,"April 16, 20",0.00732
0,2020-04-15,415.0,418.0,391.0,403.0,391.936615,71814.0,71814.0,-12.0,-2.892,404.0,"April 15, 20",-0.02892
0,2020-04-14,428.0,436.0,416.0,417.5,406.038574,71183.0,71183.0,-10.5,-2.453,423.16667,"April 14, 20",-0.02453
0,2020-04-09,418.0,424.0,414.0,421.0,409.442505,44414.0,44414.0,3.0,0.718,419.66667,"April 09, 20",0.00718
0,2020-04-08,401.0,410.0,393.0,410.0,398.744476,93605.0,93605.0,9.0,2.244,404.33333,"April 08, 20",0.02244
0,2020-04-07,381.0,409.666992,381.0,402.5,391.450348,94282.0,94282.0,21.5,5.643,397.72233,"April 07, 20",0.05643
0,2020-04-06,378.0,381.0,361.700012,381.0,370.540588,96515.0,96515.0,3.0,0.794,374.56667,"April 06, 20",0.00794
0,2020-04-03,363.0,370.0,354.187988,370.0,359.84256,46167.0,46167.0,7.0,1.928,364.72933,"April 03, 20",0.01928
0,2020-04-02,380.0,380.0,366.0,371.0,360.815125,38602.0,38602.0,-9.0,-2.368,372.33333,"April 02, 20",-0.02368
0,2020-04-01,381.0,381.0,363.0,363.0,353.03476,78267.0,78267.0,-18.0,-4.724,369.0,"April 01, 20",-0.04724
0,2020-03-31,362.0,390.0,339.5,380.0,369.568054,104293.0,104293.0,18.0,4.972,369.83333,"March 31, 20",0.04972
0,2020-03-30,360.0,361.320007,339.5,360.0,350.117096,130219.0,130219.0,0.0,0.0,353.60667,"March 30, 20",0.0
0,2020-03-27,359.0,361.320007,345.0,353.0,343.309265,62459.0,62459.0,-6.0,-1.671,353.10667,"March 27, 20",-0.01671
0,2020-03-26,350.0,361.109985,338.843994,356.0,346.226898,54212.0,54212.0,6.0,1.714,351.98466,"March 26, 20",0.01714
0,2020-03-25,339.0,357.0,328.200012,350.0,340.391602,294629.0,294629.0,11.0,3.245,345.06667,"March 25, 20",0.03245
0,2020-03-24,332.0,338.0,320.649994,333.0,323.858307,189141.0,189141.0,1.0,0.301,330.55,"March 24, 20",0.00301
0,2020-03-23,310.0,318.149994,305.0,316.0,307.325012,43566.0,43566.0,6.0,1.935,313.05,"March 23, 20",0.01935
0,2020-03-20,310.0,334.0,307.0,320.0,311.215179,184874.0,184874.0,10.0,3.226,320.33333,"March 20, 20",0.03226
0,2020-03-19,312.0,314.5,285.166992,309.0,300.517151,129675.0,129675.0,-3.0,-0.962,302.889,"March 19, 20",-0.00962
0,2020-03-18,347.0,355.0,312.0,312.0,303.434814,110635.0,110635.0,-35.0,-10.086,326.33333,"March 18, 20",-0.10086
0,2020-03-17,393.0,400.0,341.0,341.0,331.638702,150758.0,150758.0,-52.0,-13.232,360.66667,"March 17, 20",-0.13232
0,2020-03-16,435.0,435.217987,387.894012,390.0,379.293518,161428.0,161428.0,-45.0,-10.345,404.37067,"March 16, 20",-0.10345
0,2020-03-13,467.0,482.299988,461.0,463.5,450.775757,63036.0,63036.0,-3.5,-0.749,468.93333,"March 13, 20",-0.00749
0,2020-03-12,492.0,492.0,449.0,460.5,447.858093,106256.0,106256.0,-31.5,-6.402,467.16667,"March 12, 20",-0.06402
0,2020-03-11,524.0,526.0,494.0,494.0,480.438477,54710.0,54710.0,-30.0,-5.725,504.66667,"March 11, 20",-0.05725
0,2020-03-10,504.0,528.0,495.420013,514.0,499.889404,45934.0,45934.0,10.0,1.984,512.47334,"March 10, 20",0.01984
0,2020-03-09,506.0,510.148987,482.0,489.5,476.062012,132705.0,132705.0,-16.5,-3.261,493.883,"March 09, 20",-0.03261
0,2020-03-06,524.0,524.0,507.799988,513.0,498.91687,37980.0,37980.0,-11.0,-2.099,514.93333,"March 06, 20",-0.02099
0,2020-03-05,560.0,560.0,522.0,536.0,521.285461,57601.0,57601.0,-24.0,-4.286,539.33333,"March 05, 20",-0.04286
0,2020-03-04,560.0,564.0,539.400024,548.0,532.956055,226132.0,226132.0,-12.0,-2.143,550.46667,"March 04, 20",-0.02143
0,2020-03-03,526.0,554.0,525.585999,546.0,531.010925,77314.0,77314.0,20.0,3.802,541.862,"March 03, 20",0.03802
0,2020-03-02,524.0,542.757996,510.778015,526.0,511.559967,117402.0,117402.0,2.0,0.382,526.512,"March 02, 20",0.00382
0,2020-02-28,548.0,548.0,504.0,520.0,505.724701,125022.0,125022.0,-28.0,-5.109,524.0,"February 28, 20",-0.05109
0,2020-02-27,574.0,574.0,546.0,558.0,542.681519,76680.0,76680.0,-16.0,-2.787,559.33333,"February 27, 20",-0.02787
0,2020-02-26,586.0,591.119995,563.025024,580.0,564.077576,124856.0,124856.0,-6.0,-1.024,578.04834,"February 26, 20",-0.01024
0,2020-02-25,598.0,611.38501,592.0,602.0,585.473572,48163.0,48163.0,4.0,0.669,601.795,"February 25, 20",0.00669
0,2020-02-24,620.0,623.375977,600.0,604.0,587.418701,74785.0,74785.0,-16.0,-2.581,609.12533,"February 24, 20",-0.02581
0,2020-02-21,630.0,631.750977,620.0,624.0,606.869629,50119.0,50119.0,-6.0,-0.952,625.25033,"February 21, 20",-0.00952
0,2020-02-20,630.0,634.0,619.320007,634.0,616.595093,32651.0,32651.0,4.0,0.635,629.10667,"February 20, 20",0.00635
0,2020-02-19,620.02002,631.0,620.0,626.0,605.167664,37097.0,37097.0,5.97998,0.964,625.66667,"February 19, 20",0.00964
0,2020-02-18,616.0,626.565002,614.0,620.0,599.367432,42612.0,42612.0,4.0,0.649,620.18833,"February 18, 20",0.00649
0,2020-02-17,622.0,626.799988,617.440002,622.0,601.300842,21000.0,21000.0,0.0,0.0,622.08,"February 17, 20",0.0
0,2020-02-14,626.0,626.799988,617.440002,621.0,600.334106,28114.0,28114.0,-5.0,-0.799,621.74666,"February 14, 20",-0.00799
0,2020-02-13,620.0,624.460022,613.440002,618.0,597.433899,21192.0,21192.0,-2.0,-0.323,618.63334,"February 13, 20",-0.00323
0,2020-02-12,626.0,626.0,613.22998,614.0,593.567017,15537.0,15537.0,-12.0,-1.917,617.74333,"February 12, 20",-0.01917
0,2020-02-11,614.0,622.0,612.0,622.0,601.300842,34676.0,34676.0,8.0,1.303,618.66667,"February 11, 20",0.01303
0,2020-02-10,616.0,620.0,616.0,620.0,599.367432,19866.0,19866.0,4.0,0.649,618.66667,"February 10, 20",0.00649
0,2020-02-07,616.0,622.599976,613.22998,618.0,597.433899,37893.0,37893.0,2.0,0.325,617.94332,"February 07, 20",0.00325
0,2020-02-06,622.0,625.840027,618.0,618.0,597.433899,18187.0,18187.0,-4.0,-0.643,620.61334,"February 06, 20",-0.00643
0,2020-02-05,624.0,629.570984,618.0,618.0,597.433899,47778.0,47778.0,-6.0,-0.962,621.85699,"February 05, 20",-0.00962
0,2020-02-04,620.0,626.0,617.0,626.0,605.167664,23987.0,23987.0,6.0,0.968,623.0,"February 04, 20",0.00968
0,2020-02-03,608.0,617.840027,608.0,608.0,587.766663,18147.0,18147.0,0.0,0.0,611.28001,"February 03, 20",0.0
0,2020-01-31,612.0,621.031006,605.913025,606.0,585.833252,40754.0,40754.0,-6.0,-0.98,610.98134,"January 31, 20",-0.0098
0,2020-01-30,622.0,628.0,612.0,612.0,591.633606,35774.0,35774.0,-10.0,-1.608,617.33333,"January 30, 20",-0.01608
0,2020-01-29,622.0,627.200012,622.0,622.0,601.300842,10588.0,10588.0,0.0,0.0,623.73334,"January 29, 20",0.0
0,2020-01-28,628.0,628.0,607.617004,626.0,605.167664,38101.0,38101.0,-2.0,-0.318,620.539,"January 28, 20",-0.00318
0,2020-01-27,626.0,634.400024,616.0,616.0,595.500427,51780.0,51780.0,-10.0,-1.597,622.13334,"January 27, 20",-0.01597
0,2020-01-24,640.0,640.0,628.0,630.0,609.034607,32496.0,32496.0,-10.0,-1.563,632.66667,"January 24, 20",-0.01563
0,2020-01-23,628.0,633.0,628.0,628.0,607.101135,20705.0,20705.0,0.0,0.0,629.66667,"January 23, 20",0.0
0,2020-01-22,636.0,636.0,625.883972,632.0,610.968018,29995.0,29995.0,-4.0,-0.629,631.29466,"January 22, 20",-0.00629
0,2020-01-21,632.0,632.0,624.0,630.0,609.034607,16298.0,16298.0,-2.0,-0.316,628.66667,"January 21, 20",-0.00316
0,2020-01-20,638.0,638.0,626.0,630.0,609.034607,48100.0,48100.0,-8.0,-1.254,631.33333,"January 20, 20",-0.01254
0,2020-01-17,634.0,634.0,622.0,630.0,609.034607,59648.0,59648.0,-4.0,-0.631,628.66667,"January 17, 20",-0.00631
0,2020-01-16,634.0,636.0,620.0,620.0,599.367432,25755.0,25755.0,-14.0,-2.208,625.33333,"January 16, 20",-0.02208
0,2020-01-15,628.0,628.0,622.0,626.0,605.167664,57770.0,57770.0,-2.0,-0.318,625.33333,"January 15, 20",-0.00318
0,2020-01-14,636.0,636.0,622.916016,624.0,603.234253,91476.0,91476.0,-12.0,-1.887,627.63867,"January 14, 20",-0.01887
0,2020-01-13,630.0,635.840027,624.0,624.0,603.234253,59394.0,59394.0,-6.0,-0.952,627.94668,"January 13, 20",-0.00952
0,2020-01-10,630.0,634.039978,624.0,624.0,603.234253,24546.0,24546.0,-6.0,-0.952,627.34666,"January 10, 20",-0.00952
0,2020-01-09,630.0,634.0,624.0,628.0,607.101135,40692.0,40692.0,-2.0,-0.317,628.66667,"January 09, 20",-0.00317
0,2020-01-08,624.0,628.0,621.984009,626.0,605.167664,30257.0,30257.0,2.0,0.321,625.328,"January 08, 20",0.00321
0,2020-01-07,634.0,634.679993,623.177002,626.0,605.167664,32669.0,32669.0,-8.0,-1.262,627.95233,"January 07, 20",-0.01262
0,2020-01-06,626.0,630.0,624.0,624.0,603.234253,32831.0,32831.0,-2.0,-0.319,626.0,"January 06, 20",-0.00319
0,2020-01-03,632.0,634.200012,624.544006,632.0,610.968018,23192.0,23192.0,0.0,0.0,630.24801,"January 03, 20",0.0
0,2020-01-02,624.0,638.320007,624.0,624.0,603.234253,36578.0,36578.0,0.0,0.0,628.77334,"January 02, 20",0.0
0,2019-12-31,638.0,638.0,624.0,631.0,610.001343,32899.0,32899.0,-7.0,-1.097,631.0,"December 31, 19",-0.01097
0,2019-12-30,638.0,640.0,624.0,624.0,603.234253,58736.0,58736.0,-14.0,-2.194,629.33333,"December 30, 19",-0.02194
0,2019-12-27,636.0,637.340027,625.609985,636.0,614.8349,25570.0,25570.0,0.0,0.0,632.98334,"December 27, 19",0.0
0,2019-12-24,628.0,638.0,620.840027,638.0,616.768372,62695.0,62695.0,10.0,1.592,632.28001,"December 24, 19",0.01592
0,2019-12-23,612.0,628.0,612.0,626.0,605.167664,43232.0,43232.0,14.0,2.288,622.0,"December 23, 19",0.02288
0,2019-12-20,620.0,620.0,608.0,608.0,587.766663,249024.0,249024.0,-12.0,-1.935,612.0,"December 20, 19",-0.01935
0,2019-12-19,624.0,624.0,610.0,618.0,597.433899,38330.0,38330.0,-6.0,-0.962,617.33333,"December 19, 19",-0.00962
0,2019-12-18,620.0,626.0,611.099976,620.0,599.367432,36547.0,36547.0,0.0,0.0,619.03333,"December 18, 19",0.0
0,2019-12-17,622.0,626.0,613.179993,616.0,595.500427,55772.0,55772.0,-6.0,-0.965,618.39333,"December 17, 19",-0.00965
0,2019-12-16,612.0,621.400024,602.932983,618.0,597.433899,403455.0,403455.0,6.0,0.98,614.111,"December 16, 19",0.0098
0,2019-12-13,596.0,617.177002,594.974976,602.0,581.96637,111846.0,111846.0,6.0,1.007,604.71733,"December 13, 19",0.01007
0,2019-12-12,576.0,582.0,569.5,582.0,562.631958,44204.0,44204.0,6.0,1.042,577.83333,"December 12, 19",0.01042
0,2019-12-11,566.0,578.0,566.0,578.0,558.765137,31097.0,31097.0,12.0,2.12,574.0,"December 11, 19",0.0212
0,2019-12-10,572.0,574.908997,568.0,571.0,551.998047,36139.0,36139.0,-1.0,-0.175,571.303,"December 10, 19",-0.00175
0,2019-12-09,566.0,576.0,565.0,570.0,551.031311,46501.0,46501.0,4.0,0.707,570.33333,"December 09, 19",0.00707
0,2019-12-06,578.0,578.0,566.599976,572.0,552.964722,35230.0,35230.0,-6.0,-1.038,572.19999,"December 06, 19",-0.01038
0,2019-12-05,578.0,578.0,566.0,578.0,558.765137,40573.0,40573.0,0.0,0.0,574.0,"December 05, 19",0.0
0,2019-12-04,576.0,578.0,566.0,572.0,552.964722,17048.0,17048.0,-4.0,-0.694,572.0,"December 04, 19",-0.00694
0,2019-12-03,586.0,586.0,566.0,571.0,551.998047,39113.0,39113.0,-15.0,-2.56,574.33333,"December 03, 19",-0.0256
0,2019-12-02,588.0,588.0,576.0,580.0,560.698547,39838.0,39838.0,-8.0,-1.361,581.33333,"December 02, 19",-0.01361
0,2019-11-29,576.0,586.0,576.0,584.0,564.565369,21500.0,21500.0,8.0,1.389,582.0,"November 29, 19",0.01389
0,2019-11-28,582.0,582.0,574.0,582.0,562.631958,73909.0,73909.0,0.0,0.0,579.33333,"November 28, 19",0.0
0,2019-11-27,580.0,586.0,572.0,580.0,560.698547,99221.0,99221.0,0.0,0.0,579.33333,"November 27, 19",0.0
0,2019-11-26,580.0,580.0,570.0,580.0,560.698547,211938.0,211938.0,0.0,0.0,576.66667,"November 26, 19",0.0
0,2019-11-25,570.0,581.072998,570.0,570.0,551.031311,63535.0,63535.0,0.0,0.0,573.691,"November 25, 19",0.0
0,2019-11-22,576.0,584.0,568.400024,576.0,556.831604,31018.0,31018.0,0.0,0.0,576.13334,"November 22, 19",0.0
0,2019-11-21,576.0,582.0,571.231995,576.0,556.831604,21493.0,21493.0,0.0,0.0,576.41067,"November 21, 19",0.0
0,2019-11-20,568.0,582.0,563.0,582.0,562.631958,139471.0,139471.0,14.0,2.465,575.66667,"November 20, 19",0.02465
0,2019-11-19,566.0,570.0,562.0,566.0,547.164368,37943.0,37943.0,0.0,0.0,566.0,"November 19, 19",0.0
0,2019-11-18,565.299988,567.835022,560.166992,561.0,542.33075,40601.0,40601.0,-4.29999,-0.761,563.00067,"November 18, 19",-0.00761
0,2019-11-15,560.166992,565.299988,558.166992,559.0,540.397339,18003.0,18003.0,-1.16699,-0.208,560.82233,"November 15, 19",-0.00208
0,2019-11-14,562.0,562.0,554.299988,560.0,541.364075,10257.0,10257.0,-2.0,-0.356,558.76666,"November 14, 19",-0.00356
0,2019-11-13,564.0,564.825012,554.0,562.0,539.672302,64103.0,64103.0,-2.0,-0.355,560.275,"November 13, 19",-0.00355
0,2019-11-12,560.0,571.721008,554.273987,568.0,545.43396,66131.0,66131.0,8.0,1.429,564.665,"November 12, 19",0.01429
0,2019-11-11,548.0,562.213013,544.0,554.0,531.990112,51833.0,51833.0,6.0,1.095,553.40434,"November 11, 19",0.01095
0,2019-11-08,546.0,562.796021,534.0,554.0,531.990112,72726.0,72726.0,8.0,1.465,550.26534,"November 08, 19",0.01465
0,2019-11-07,546.0,546.653015,542.0,543.0,521.427124,13194.0,13194.0,-3.0,-0.549,543.88434,"November 07, 19",-0.00549
0,2019-11-06,542.0,546.0,533.679993,542.0,520.466858,17158.0,17158.0,0.0,0.0,540.56,"November 06, 19",0.0
0,2019-11-05,542.0,547.254028,540.98999,544.0,522.38739,19728.0,19728.0,2.0,0.369,544.08134,"November 05, 19",0.00369
0,2019-11-04,532.0,546.335022,532.0,546.0,524.307983,36213.0,36213.0,14.0,2.632,541.44501,"November 04, 19",0.02632
0,2019-11-01,540.0,542.0,532.0,532.0,510.864166,20481.0,20481.0,-8.0,-1.481,535.33333,"November 01, 19",-0.01481
0,2019-10-31,536.0,540.0,534.0,538.0,516.625793,33915.0,33915.0,2.0,0.373,537.33333,"October 31, 19",0.00373
0,2019-10-30,534.0,537.797974,528.099976,534.0,512.784729,89017.0,89017.0,0.0,0.0,533.29932,"October 30, 19",0.0
0,2019-10-29,535.463989,535.700012,531.455994,534.0,512.784729,11372.0,11372.0,-1.46399,-0.273,533.71867,"October 29, 19",-0.00273
0,2019-10-28,532.0,535.900024,526.0,534.0,512.784729,32377.0,32377.0,2.0,0.376,531.96667,"October 28, 19",0.00376
0,2019-10-25,528.0,534.0,526.0,534.0,512.784729,32890.0,32890.0,6.0,1.136,531.33333,"October 25, 19",0.01136
0,2019-10-24,528.0,531.599976,526.0,530.0,508.943665,74681.0,74681.0,2.0,0.379,529.19999,"October 24, 19",0.00379
0,2019-10-23,526.76001,529.700012,526.0,526.0,505.102509,8053.0,8053.0,-0.76001,-0.144,527.23334,"October 23, 19",-0.00144
0,2019-10-22,535.859985,535.859985,526.0,526.0,505.102509,36553.0,36553.0,-9.85999,-1.84,529.28666,"October 22, 19",-0.0184
0,2019-10-21,534.559998,535.280029,525.679993,527.0,506.062836,12927.0,12927.0,-7.56,-1.414,529.32001,"October 21, 19",-0.01414
0,2019-10-18,535.463989,535.463989,526.52002,528.0,507.023071,40313.0,40313.0,-7.46399,-1.394,529.99467,"October 18, 19",-0.01394
0,2019-10-17,524.0,536.0,524.0,536.0,514.705261,77163.0,77163.0,12.0,2.29,532.0,"October 17, 19",0.0229
0,2019-10-16,528.0,528.343994,520.0,526.0,505.102509,21898.0,21898.0,-2.0,-0.379,524.78133,"October 16, 19",-0.00379
0,2019-10-15,526.0,526.0,518.0,518.0,497.420349,23708.0,23708.0,-8.0,-1.521,520.66667,"October 15, 19",-0.01521
0,2019-10-14,528.0,530.0,519.080017,526.0,505.102509,33334.0,33334.0,-2.0,-0.379,525.02667,"October 14, 19",-0.00379
0,2019-10-11,524.0,530.0,519.080017,530.0,508.943665,26191.0,26191.0,6.0,1.145,526.36001,"October 11, 19",0.01145
0,2019-10-10,524.0,524.0,517.080017,524.0,503.182007,9291.0,9291.0,0.0,0.0,521.69334,"October 10, 19",0.0
0,2019-10-09,522.0,525.862,516.0,522.0,501.261475,20558.0,20558.0,0.0,0.0,521.28733,"October 09, 19",0.0
0,2019-10-08,516.0,524.0,516.0,522.0,501.261475,75516.0,75516.0,6.0,1.163,520.66667,"October 08, 19",0.01163
0,2019-10-07,526.0,527.0,519.242004,524.0,503.182007,22031.0,22031.0,-2.0,-0.38,523.414,"October 07, 19",-0.0038
0,2019-10-04,520.0,522.465027,514.0,519.0,498.380676,19275.0,19275.0,-1.0,-0.192,518.48834,"October 04, 19",-0.00192
0,2019-10-03,520.0,523.539978,512.0,516.0,495.499847,10755.0,10755.0,-4.0,-0.769,517.17999,"October 03, 19",-0.00769
0,2019-10-02,528.0,528.0,520.0,520.0,499.340912,17271.0,17271.0,-8.0,-1.515,522.66667,"October 02, 19",-0.01515
0,2019-10-01,528.0,530.0,522.75,528.0,507.023071,37824.0,37824.0,0.0,0.0,526.91667,"October 01, 19",0.0
0,2019-09-30,526.0,528.333008,520.880005,522.0,501.261475,14274.0,14274.0,-4.0,-0.76,523.73767,"September 30, 19",-0.0076
0,2019-09-27,526.0,528.0,520.659973,528.0,507.023071,11950.0,11950.0,2.0,0.38,525.55332,"September 27, 19",0.0038
0,2019-09-26,523.47998,523.47998,520.299988,523.0,502.221741,19074.0,19074.0,-0.47998,-0.092,522.25999,"September 26, 19",-0.00092
0,2019-09-25,524.0,524.719971,520.0,520.0,499.340912,20796.0,20796.0,-4.0,-0.763,521.57332,"September 25, 19",-0.00763
0,2019-09-24,522.799988,524.719971,521.094971,523.0,502.221741,10023.0,10023.0,0.20001,0.038,522.93831,"September 24, 19",0.00038
0,2019-09-23,528.0,528.0,522.0,526.0,505.102509,40557.0,40557.0,-2.0,-0.379,525.33333,"September 23, 19",-0.00379
0,2019-09-20,528.0,528.0,524.526001,528.0,507.023071,17022.0,17022.0,0.0,0.0,526.842,"September 20, 19",0.0
0,2019-09-19,530.0,530.0,524.150024,526.0,505.102509,18432.0,18432.0,-4.0,-0.755,526.71667,"September 19, 19",-0.00755
0,2019-09-18,534.0,534.0,522.0,524.0,503.182007,58720.0,58720.0,-10.0,-1.873,526.66667,"September 18, 19",-0.01873
0,2019-09-17,532.0,534.0,524.0,524.0,503.182007,23973.0,23973.0,-8.0,-1.504,527.33333,"September 17, 19",-0.01504
0,2019-09-16,531.400024,533.828979,526.0,531.0,509.90387,18330.0,18330.0,-0.40002,-0.075,530.27633,"September 16, 19",-0.00075
0,2019-09-13,524.0,532.0,524.0,529.0,507.983398,49090.0,49090.0,5.0,0.954,528.33333,"September 13, 19",0.00954
0,2019-09-12,532.0,540.523987,515.913025,526.0,505.102509,68606.0,68606.0,-6.0,-1.128,527.479,"September 12, 19",-0.01128
0,2019-09-11,532.0,541.190002,520.0,520.0,499.340912,27052.0,27052.0,-12.0,-2.256,527.06333,"September 11, 19",-0.02256
0,2019-09-10,524.0,528.0,522.640015,524.0,503.182007,42837.0,42837.0,0.0,0.0,524.88001,"September 10, 19",0.0
0,2019-09-09,528.0,539.76001,523.599976,523.0,502.221741,40069.0,40069.0,-5.0,-0.947,528.78666,"September 09, 19",-0.00947
0,2019-09-06,528.0,530.0,523.159973,526.0,505.102509,18144.0,18144.0,-2.0,-0.379,526.38666,"September 06, 19",-0.00379
0,2019-09-05,528.0,531.0,516.0,516.0,495.499847,24884.0,24884.0,-12.0,-2.273,521.0,"September 05, 19",-0.02273
0,2019-09-04,526.0,528.0,519.0,524.0,503.182007,38597.0,38597.0,-2.0,-0.38,523.66667,"September 04, 19",-0.0038
0,2019-09-03,522.0,530.320984,514.0,522.0,501.261475,48717.0,48717.0,0.0,0.0,522.10699,"September 03, 19",0.0
0,2019-09-02,520.0,521.958008,513.315979,520.0,499.340912,20765.0,20765.0,0.0,0.0,518.42466,"September 02, 19",0.0
0,2019-08-30,514.0,519.249023,506.799988,518.0,497.420349,41587.0,41587.0,4.0,0.778,514.683,"August 30, 19",0.00778
0,2019-08-29,513.828003,514.719971,506.799988,506.0,485.897125,11749.0,11749.0,-7.828,-1.523,509.17332,"August 29, 19",-0.01523
0,2019-08-28,510.0,515.984985,502.0,506.0,485.897125,22392.0,22392.0,-4.0,-0.784,507.99499,"August 28, 19",-0.00784
0,2019-08-27,512.0,516.0,506.320007,516.0,495.499847,16360.0,16360.0,4.0,0.781,512.77334,"August 27, 19",0.00781
0,2019-08-23,496.0,522.0,496.0,512.0,491.658722,57101.0,57101.0,16.0,3.226,510.0,"August 23, 19",0.03226
0,2019-08-22,495.040009,506.0,495.040009,499.0,479.175232,19152.0,19152.0,3.95999,0.8,500.01334,"August 22, 19",0.008
0,2019-08-21,502.0,504.0,494.959991,504.0,483.976563,10097.0,10097.0,2.0,0.398,500.98666,"August 21, 19",0.00398
0,2019-08-20,497.0,501.950012,492.649994,494.0,474.373901,22364.0,22364.0,-3.0,-0.604,496.2,"August 20, 19",-0.00604
0,2019-08-19,493.0,498.0,484.0,497.0,477.2547,29103.0,29103.0,4.0,0.811,493.0,"August 19, 19",0.00811
0,2019-08-16,482.0,496.399994,482.0,482.0,462.850647,21837.0,21837.0,0.0,0.0,486.8,"August 16, 19",0.0
0,2019-08-15,497.0,499.950012,474.484985,482.5,463.33075,27035.0,27035.0,-14.5,-2.918,485.645,"August 15, 19",-0.02918
0,2019-08-14,504.0,504.790009,495.049988,491.5,471.973175,34305.0,34305.0,-12.5,-2.48,497.11333,"August 14, 19",-0.0248
0,2019-08-13,497.0,505.01001,497.0,500.5,480.615631,17502.0,17502.0,3.5,0.704,500.83667,"August 13, 19",0.00704
0,2019-08-12,512.0,512.0,500.640015,508.0,487.817688,34736.0,34736.0,-4.0,-0.781,506.88001,"August 12, 19",-0.00781
0,2019-08-09,508.716003,510.063995,501.970001,503.0,483.016327,47990.0,47990.0,-5.716,-1.124,505.01133,"August 09, 19",-0.01124
0,2019-08-08,510.600006,510.600006,500.209991,504.5,484.456696,14863.0,14863.0,-6.10001,-1.195,505.10333,"August 08, 19",-0.01195
0,2019-08-07,502.0,506.649994,495.970001,502.0,482.056061,25143.0,25143.0,0.0,0.0,501.54,"August 07, 19",0.0
0,2019-08-06,497.0,498.591003,495.222992,495.0,475.334137,21540.0,21540.0,-2.0,-0.402,496.27133,"August 06, 19",-0.00402
0,2019-08-05,491.0,497.75,490.0,495.0,475.334137,28039.0,28039.0,4.0,0.815,494.25,"August 05, 19",0.00815
0,2019-08-02,504.0,509.598999,499.420013,501.5,481.575867,20489.0,20489.0,-2.5,-0.496,503.50634,"August 02, 19",-0.00496
0,2019-08-01,502.0,510.0,502.0,510.0,489.73822,16774.0,16774.0,8.0,1.594,507.33333,"August 01, 19",0.01594
0,2019-07-31,511.433014,513.340027,509.350006,511.0,487.097443,15360.0,15360.0,-0.43301,-0.085,511.23001,"July 31, 19",-0.00085
0,2019-07-30,510.0,512.0,507.619995,511.0,487.097443,32346.0,32346.0,1.0,0.196,510.20667,"July 30, 19",0.00196
0,2019-07-29,516.0,516.0,508.880005,516.0,491.863617,24452.0,24452.0,0.0,0.0,513.62667,"July 29, 19",0.0
0,2019-07-26,513.599976,513.599976,511.056,514.0,489.957153,11044.0,11044.0,0.40002,0.078,512.88533,"July 26, 19",0.00078
0,2019-07-25,508.0,512.0,506.0,509.0,485.19101,38066.0,38066.0,1.0,0.197,509.0,"July 25, 19",0.00197
0,2019-07-24,510.0,510.0,510.0,510.0,486.144226,41824.0,41824.0,0.0,0.0,510.0,"July 24, 19",0.0
0,2019-07-23,516.0,516.0,516.0,516.0,491.863617,40111.0,40111.0,0.0,0.0,516.0,"July 23, 19",0.0
0,2019-07-22,508.0,514.0,508.0,511.0,487.097443,49242.0,49242.0,3.0,0.591,511.0,"July 22, 19",0.00591
0,2019-07-19,510.0,512.0,508.0,512.0,488.05069,48534.0,48534.0,2.0,0.392,510.66667,"July 19, 19",0.00392
0,2019-07-18,520.0,520.0,508.0,509.0,485.19101,54240.0,54240.0,-11.0,-2.115,512.33333,"July 18, 19",-0.02115
0,2019-07-17,514.0,518.0,512.0,517.0,492.816833,45235.0,45235.0,3.0,0.584,515.66667,"July 17, 19",0.00584
0,2019-07-16,516.0,516.0,516.0,519.0,494.723267,28946.0,28946.0,3.0,0.581,517.0,"July 16, 19",0.00581
0,2019-07-15,522.0,522.0,520.0,523.0,498.536133,55177.0,55177.0,1.0,0.192,521.66667,"July 15, 19",0.00192
0,2019-07-12,524.0,524.0,522.0,525.0,500.442627,21005.0,21005.0,1.0,0.191,523.66667,"July 12, 19",0.00191
0,2019-07-11,534.0,534.0,528.0,527.0,502.34906,29280.0,29280.0,-7.0,-1.311,529.66667,"July 11, 19",-0.01311
0,2019-07-10,530.0,532.0,530.0,535.0,509.974915,18568.0,18568.0,5.0,0.943,532.33333,"July 10, 19",0.00943
0,2019-07-09,532.0,532.0,532.0,534.0,509.021606,12380.0,12380.0,2.0,0.376,532.66667,"July 09, 19",0.00376
0,2019-07-08,530.0,532.0,530.0,534.0,509.021606,23233.0,23233.0,4.0,0.755,532.0,"July 08, 19",0.00755
0,2019-07-05,539.0,542.0,536.5,540.0,514.740967,29718.0,29718.0,1.0,0.186,539.5,"July 05, 19",0.00186
0,2019-07-04,542.0,542.0,542.0,543.0,517.600586,63655.0,63655.0,1.0,0.185,542.33333,"July 04, 19",0.00185
0,2019-07-03,546.200012,546.200012,540.700012,543.0,517.600586,84766.0,84766.0,-3.20001,-0.586,543.30001,"July 03, 19",-0.00586
0,2019-07-02,540.700012,547.5,540.0,542.0,516.6474,27446.0,27446.0,1.29999,0.24,543.16667,"July 02, 19",0.0024
0,2019-07-01,548.0,548.0,548.0,543.0,517.600586,28232.0,28232.0,-5.0,-0.912,546.33333,"July 01, 19",-0.00912
0,2019-06-28,536.0,546.0,536.0,541.0,515.694153,28688.0,28688.0,5.0,0.933,541.0,"June 28, 19",0.00933
0,2019-06-27,532.0,536.0,532.0,538.0,512.834534,58938.0,58938.0,6.0,1.128,535.33333,"June 27, 19",0.01128
0,2019-06-26,538.465027,540.0,531.0,534.0,509.021606,19717.0,19717.0,-4.46503,-0.829,535.0,"June 26, 19",-0.00829
0,2019-06-25,538.771973,538.771973,530.650024,532.0,507.115173,17603.0,17603.0,-6.77197,-1.257,533.80733,"June 25, 19",-0.01257
0,2019-06-24,532.0,532.0,532.0,532.0,507.115173,37781.0,37781.0,0.0,0.0,532.0,"June 24, 19",0.0
0,2019-06-21,544.0,544.0,532.0,534.0,509.021606,53577.0,53577.0,-10.0,-1.838,536.66667,"June 21, 19",-0.01838
0,2019-06-20,544.0,544.0,534.0,539.0,513.787781,57231.0,57231.0,-5.0,-0.919,539.0,"June 20, 19",-0.00919
0,2019-06-19,534.0,548.0,530.0,546.0,520.460327,50626.0,50626.0,12.0,2.247,541.33333,"June 19, 19",0.02247
0,2019-06-18,534.0,534.0,532.0,534.0,509.021606,24017.0,24017.0,0.0,0.0,533.33333,"June 18, 19",0.0
0,2019-06-17,530.0,534.0,530.0,530.0,505.20871,18219.0,18219.0,0.0,0.0,531.33333,"June 17, 19",0.0
0,2019-06-14,518.0,518.0,518.0,522.0,497.582916,27250.0,27250.0,4.0,0.772,519.33333,"June 14, 19",0.00772
0,2019-06-13,530.0,530.0,522.0,524.0,499.489349,48634.0,48634.0,-6.0,-1.132,525.33333,"June 13, 19",-0.01132
0,2019-06-12,528.0,528.0,528.0,525.0,500.442627,26837.0,26837.0,-3.0,-0.568,527.0,"June 12, 19",-0.00568
0,2019-06-11,528.0,532.900024,522.599976,529.0,504.255524,44137.0,44137.0,1.0,0.189,528.16667,"June 11, 19",0.00189
0,2019-06-10,530.0,530.0,530.0,526.0,501.395813,78274.0,78274.0,-4.0,-0.755,528.66667,"June 10, 19",-0.00755
0,2019-06-07,528.0,528.0,528.0,523.0,498.536133,26922.0,26922.0,-5.0,-0.947,526.33333,"June 07, 19",-0.00947
0,2019-06-06,520.0,520.0,514.659973,518.0,493.770081,8787.0,8787.0,-2.0,-0.385,517.55332,"June 06, 19",-0.00385
0,2019-06-05,520.0,522.0,516.0,516.0,491.863617,59859.0,59859.0,-4.0,-0.769,518.0,"June 05, 19",-0.00769
0,2019-06-04,514.0,514.0,514.0,513.0,489.003906,20131.0,20131.0,-1.0,-0.195,513.66667,"June 04, 19",-0.00195
0,2019-06-03,508.0,510.0,508.0,505.0,481.378113,32027.0,32027.0,-3.0,-0.591,507.66667,"June 03, 19",-0.00591
0,2019-05-31,500.0,504.0,500.0,500.0,476.61203,45106.0,45106.0,0.0,0.0,501.33333,"May 31, 19",0.0
0,2019-05-30,508.0,510.0,506.0,506.0,482.33136,28401.0,28401.0,-2.0,-0.394,507.33333,"May 30, 19",-0.00394
0,2019-05-29,508.0,508.0,506.0,506.0,482.33136,32227.0,32227.0,-2.0,-0.394,506.66667,"May 29, 19",-0.00394
0,2019-05-28,510.0,520.0,510.0,517.0,492.816833,27119.0,27119.0,7.0,1.373,515.66667,"May 28, 19",0.01373
0,2019-05-24,514.0,517.0,512.080017,514.0,489.957153,65782.0,65782.0,0.0,0.0,514.36001,"May 24, 19",0.0
0,2019-05-23,518.900024,518.900024,508.0,511.0,487.097443,47183.0,47183.0,-7.90002,-1.522,512.63334,"May 23, 19",-0.01522
0,2019-05-22,522.5,522.5,520.0,521.0,496.62973,18468.0,18468.0,-1.5,-0.287,521.16667,"May 22, 19",-0.00287
0,2019-05-21,520.0,520.0,520.0,522.0,497.582916,26244.0,26244.0,2.0,0.385,520.66667,"May 21, 19",0.00385
0,2019-05-20,524.0,526.0,524.0,523.0,498.536133,81748.0,81748.0,-1.0,-0.191,524.33333,"May 20, 19",-0.00191
0,2019-05-17,522.0,522.799988,513.320007,520.0,495.676514,12573.0,12573.0,-2.0,-0.383,518.70667,"May 17, 19",-0.00383
0,2019-05-16,520.0,520.0,520.0,519.0,494.723267,35246.0,35246.0,-1.0,-0.192,519.66667,"May 16, 19",-0.00192
0,2019-05-15,518.0,518.0,518.0,517.0,492.816833,83138.0,83138.0,-1.0,-0.193,517.66667,"May 15, 19",-0.00193
0,2019-05-14,514.0,516.0,514.0,511.0,487.097443,118657.0,118657.0,-3.0,-0.584,513.66667,"May 14, 19",-0.00584
0,2019-05-13,504.0,510.0,502.0,505.0,481.378113,45663.0,45663.0,1.0,0.198,505.66667,"May 13, 19",0.00198
0,2019-05-10,509.674988,511.600006,504.0,506.0,482.33136,128078.0,128078.0,-3.67499,-0.721,507.2,"May 10, 19",-0.00721
0,2019-05-09,502.0,506.0,502.0,503.0,479.47168,29383.0,29383.0,1.0,0.199,503.66667,"May 09, 19",0.00199
0,2019-05-08,512.710022,512.710022,504.600006,507.0,483.284576,34376.0,34376.0,-5.71002,-1.114,508.10334,"May 08, 19",-0.01114
0,2019-05-07,506.0,506.0,504.0,507.0,483.284576,12442.0,12442.0,1.0,0.198,505.66667,"May 07, 19",0.00198
0,2019-05-03,506.0,508.0,506.0,506.0,482.33136,44910.0,44910.0,0.0,0.0,506.66667,"May 03, 19",0.0
0,2019-05-02,510.0,510.0,510.0,510.0,486.144226,20139.0,20139.0,0.0,0.0,510.0,"May 02, 19",0.0
0,2019-05-01,512.0,520.0,512.0,520.0,488.384308,41399.0,41399.0,8.0,1.563,517.33333,"May 01, 19",0.01563
0,2019-04-30,508.0,516.0,508.0,516.0,484.627533,25897.0,25897.0,8.0,1.575,513.33333,"April 30, 19",0.01575
0,2019-04-29,507.959991,506.0,506.0,513.0,481.809906,19408.0,19408.0,5.04001,0.992,508.33333,"April 29, 19",0.00992
0,2019-04-26,506.0,506.0,506.0,509.0,478.053131,47132.0,47132.0,3.0,0.593,507.0,"April 26, 19",0.00593
0,2019-04-25,518.0,518.0,510.0,511.0,479.931488,33787.0,33787.0,-7.0,-1.351,513.0,"April 25, 19",-0.01351
0,2019-04-24,516.0,518.0,516.0,516.0,484.627533,35146.0,35146.0,0.0,0.0,516.66667,"April 24, 19",0.0
0,2019-04-23,508.0,508.0,506.0,509.0,478.053131,21265.0,21265.0,1.0,0.197,507.66667,"April 23, 19",0.00197
0,2019-04-18,506.0,506.0,506.0,511.0,479.931488,16058.0,16058.0,5.0,0.988,507.66667,"April 18, 19",0.00988
0,2019-04-17,506.0,506.0,506.0,511.0,479.931488,31346.0,31346.0,5.0,0.988,507.66667,"April 17, 19",0.00988
0,2019-04-16,516.0,516.0,516.0,516.0,484.627533,73536.0,73536.0,0.0,0.0,516.0,"April 16, 19",0.0
0,2019-04-15,510.0,512.0,504.0,509.0,478.053131,44589.0,44589.0,-1.0,-0.196,508.33333,"April 15, 19",-0.00196
0,2019-04-12,498.0,498.0,498.0,504.0,473.357117,90168.0,90168.0,6.0,1.205,500.0,"April 12, 19",0.01205
0,2019-04-11,493.399994,502.821991,493.399994,498.0,467.721924,31918.0,31918.0,4.60001,0.932,498.074,"April 11, 19",0.00932
0,2019-04-10,500.0,500.0,500.0,494.5,464.434692,17508.0,17508.0,-5.5,-1.1,498.16667,"April 10, 19",-0.011
0,2019-04-09,487.0,496.0,487.0,493.0,463.025909,55636.0,55636.0,6.0,1.232,492.0,"April 09, 19",0.01232
0,2019-04-08,489.0,498.0,489.0,493.5,463.495544,89406.0,89406.0,4.5,0.92,493.5,"April 08, 19",0.0092
0,2019-04-05,497.0,497.0,497.0,493.5,463.495544,20373.0,20373.0,-3.5,-0.704,495.83333,"April 05, 19",-0.00704
0,2019-04-04,500.0,500.0,500.0,500.0,469.600311,36028.0,36028.0,0.0,0.0,500.0,"April 04, 19",0.0
0,2019-04-03,497.0,497.0,497.0,497.0,466.782715,37028.0,37028.0,0.0,0.0,497.0,"April 03, 19",0.0
0,2019-04-02,496.002991,496.779999,488.859985,491.5,461.617126,32460.0,32460.0,-4.50299,-0.908,492.37999,"April 02, 19",-0.00908
0,2019-04-01,495.0,495.0,495.0,489.5,459.738739,75807.0,75807.0,-5.5,-1.111,493.16667,"April 01, 19",-0.01111
0,2019-03-29,492.0,492.0,482.0,482.0,452.694702,34626.0,34626.0,-10.0,-2.033,485.33333,"March 29, 19",-0.02033
0,2019-03-28,488.0,490.0,488.0,490.0,460.208313,25945.0,25945.0,2.0,0.41,489.33333,"March 28, 19",0.0041
0,2019-03-27,489.0,490.0,489.0,481.5,452.225098,20909.0,20909.0,-7.5,-1.534,486.83333,"March 27, 19",-0.01534
0,2019-03-26,485.0,485.0,480.0,480.0,450.816315,66766.0,66766.0,-5.0,-1.031,481.66667,"March 26, 19",-0.01031
0,2019-03-25,486.0,487.0,484.0,482.0,452.694702,77243.0,77243.0,-4.0,-0.823,484.33333,"March 25, 19",-0.00823
0,2019-03-22,502.0,502.0,488.0,494.0,463.965088,36234.0,36234.0,-8.0,-1.594,494.66667,"March 22, 19",-0.01594
0,2019-03-21,498.0,502.0,498.0,500.5,470.069916,42026.0,42026.0,2.5,0.502,500.16667,"March 21, 19",0.00502
0,2019-03-20,498.0,506.0,498.0,504.5,473.826752,28735.0,28735.0,6.5,1.305,502.83333,"March 20, 19",0.01305
0,2019-03-19,498.0,500.0,495.0,498.5,468.191498,79000.0,79000.0,0.5,0.1,497.83333,"March 19, 19",0.001
0,2019-03-18,504.0,504.0,488.0,502.0,471.478699,140212.0,140212.0,-2.0,-0.397,498.0,"March 18, 19",-0.00397
0,2019-03-15,490.0,496.0,488.0,496.0,465.843536,55064.0,55064.0,6.0,1.224,493.33333,"March 15, 19",0.01224
0,2019-03-14,488.0,488.0,488.0,483.5,454.103485,19269.0,19269.0,-4.5,-0.922,486.5,"March 14, 19",-0.00922
0,2019-03-13,478.0,486.0,475.0,479.0,449.877075,24085.0,24085.0,1.0,0.209,480.0,"March 13, 19",0.00209
0,2019-03-12,477.0,488.0,477.0,488.0,458.329895,30629.0,30629.0,11.0,2.306,484.33333,"March 12, 19",0.02306
0,2019-03-11,482.0,482.0,482.0,479.5,450.34668,20435.0,20435.0,-2.5,-0.519,481.16667,"March 11, 19",-0.00519
0,2019-03-08,474.0,474.0,474.0,471.0,442.363464,33085.0,33085.0,-3.0,-0.633,473.0,"March 08, 19",-0.00633
0,2019-03-07,479.0,479.0,476.0,472.5,443.772278,10129.0,10129.0,-6.5,-1.357,475.83333,"March 07, 19",-0.01357
0,2019-03-06,478.0,478.0,478.0,476.0,447.059509,32799.0,32799.0,-2.0,-0.418,477.33333,"March 06, 19",-0.00418
0,2019-03-05,468.0,478.0,468.0,475.0,446.12027,31949.0,31949.0,7.0,1.496,473.66667,"March 05, 19",0.01496
0,2019-03-04,473.0,476.0,473.0,472.0,443.302673,32978.0,32978.0,-1.0,-0.211,473.66667,"March 04, 19",-0.00211
0,2019-03-01,471.0,472.0,471.0,472.0,443.302673,24361.0,24361.0,1.0,0.212,471.66667,"March 01, 19",0.00212
0,2019-02-28,469.0,470.0,469.0,464.0,435.789032,30035.0,30035.0,-5.0,-1.066,467.66667,"February 28, 19",-0.01066
0,2019-02-27,469.0,469.0,463.149994,464.5,436.258667,17198.0,17198.0,-4.5,-0.959,465.55,"February 27, 19",-0.00959
0,2019-02-26,467.399994,469.0,459.600006,465.0,436.728302,44518.0,44518.0,-2.39999,-0.513,464.53334,"February 26, 19",-0.00513
0,2019-02-25,469.549988,470.0,463.700012,466.0,437.66745,30359.0,30359.0,-3.54999,-0.756,466.56667,"February 25, 19",-0.00756
0,2019-02-22,468.0,468.0,468.0,467.0,438.606689,16545.0,16545.0,-1.0,-0.214,467.66667,"February 22, 19",-0.00214
0,2019-02-21,461.0,461.0,461.0,466.0,437.66745,23679.0,23679.0,5.0,1.085,462.66667,"February 21, 19",0.01085
0,2019-02-20,469.0,470.0,468.75,467.5,435.648163,44539.0,44539.0,-1.5,-0.32,468.75,"February 20, 19",-0.0032
0,2019-02-19,471.0,472.0,463.679993,466.0,434.250366,52810.0,52810.0,-5.0,-1.062,467.22666,"February 19, 19",-0.01062
0,2019-02-18,465.619995,471.920013,465.619995,468.0,436.114166,65684.0,65684.0,2.38,0.511,468.51334,"February 18, 19",0.00511
0,2019-02-15,467.0,468.0,464.279999,467.0,435.182281,36066.0,36066.0,0.0,0.0,466.42667,"February 15, 19",0.0
0,2019-02-14,468.299988,468.399994,465.170013,467.5,435.648163,19827.0,19827.0,-0.79999,-0.171,467.02334,"February 14, 19",-0.00171
0,2019-02-13,468.0,469.0,468.0,467.5,435.648163,34693.0,34693.0,-0.5,-0.107,468.16667,"February 13, 19",-0.00107
0,2019-02-12,469.799988,470.200012,463.049988,466.5,434.716339,38890.0,38890.0,-3.29999,-0.702,466.58333,"February 12, 19",-0.00702
0,2019-02-11,470.0,470.0,470.0,466.0,434.250366,23061.0,23061.0,-4.0,-0.851,468.66667,"February 11, 19",-0.00851
0,2019-02-08,468.0,468.0,460.0,460.0,428.65918,18035.0,18035.0,-8.0,-1.709,462.66667,"February 08, 19",-0.01709
0,2019-02-07,469.660004,469.660004,463.359985,465.0,433.318542,28997.0,28997.0,-4.66,-0.992,466.00666,"February 07, 19",-0.00992
0,2019-02-06,468.0,474.0,468.0,469.5,437.511963,77216.0,77216.0,1.5,0.321,470.5,"February 06, 19",0.00321
0,2019-02-05,468.0,468.0,468.0,465.5,433.784454,57750.0,57750.0,-2.5,-0.534,467.16667,"February 05, 19",-0.00534
0,2019-02-04,461.0,471.0,460.0,462.5,430.988831,36491.0,36491.0,1.5,0.325,464.5,"February 04, 19",0.00325
0,2019-02-01,465.0,470.76001,458.0,465.0,433.318542,23201.0,23201.0,0.0,0.0,464.58667,"February 01, 19",0.0
0,2019-01-31,464.0,465.0,462.0,465.0,433.318542,25142.0,25142.0,1.0,0.216,464.0,"January 31, 19",0.00216
0,2019-01-30,459.0,462.0,456.0,456.0,424.931732,84485.0,84485.0,-3.0,-0.654,458.0,"January 30, 19",-0.00654
0,2019-01-29,457.0,458.0,457.0,453.0,422.136139,123174.0,123174.0,-4.0,-0.875,456.0,"January 29, 19",-0.00875
0,2019-01-28,448.0,448.0,447.0,447.0,416.544891,27303.0,27303.0,-1.0,-0.223,447.33333,"January 28, 19",-0.00223
0,2019-01-25,448.100006,456.359985,447.0,450.0,419.340515,92742.0,92742.0,1.89999,0.424,451.12,"January 25, 19",0.00424
0,2019-01-24,456.0,456.0,456.0,451.5,420.738312,58021.0,58021.0,-4.5,-0.987,454.5,"January 24, 19",-0.00987
0,2019-01-23,457.0,457.0,457.0,452.0,421.204224,8170.0,8170.0,-5.0,-1.094,455.33333,"January 23, 19",-0.01094
0,2019-01-22,450.899994,458.299988,450.899994,454.5,423.533936,33109.0,33109.0,3.60001,0.798,454.56666,"January 22, 19",0.00798
0,2019-01-21,450.0,450.0,450.0,454.5,423.533936,22255.0,22255.0,4.5,1.0,451.5,"January 21, 19",0.01
0,2019-01-18,450.0,460.0,450.0,456.0,424.931732,22602.0,22602.0,6.0,1.333,455.33333,"January 18, 19",0.01333
0,2019-01-17,448.0,454.0,448.0,450.0,419.340515,16521.0,16521.0,2.0,0.446,450.66667,"January 17, 19",0.00446
0,2019-01-16,461.0,461.0,450.0,454.0,423.067963,24560.0,24560.0,-7.0,-1.518,455.0,"January 16, 19",-0.01518
0,2019-01-15,452.0,452.0,452.0,455.0,423.999847,30871.0,30871.0,3.0,0.664,453.0,"January 15, 19",0.00664
0,2019-01-14,451.0,454.0,451.0,456.5,425.397644,87138.0,87138.0,5.5,1.22,453.83333,"January 14, 19",0.0122
0,2019-01-11,459.0,464.0,459.0,460.5,429.125122,22842.0,22842.0,1.5,0.327,461.16667,"January 11, 19",0.00327
0,2019-01-10,454.0,462.0,454.0,457.0,425.863586,18787.0,18787.0,3.0,0.661,457.66667,"January 10, 19",0.00661
0,2019-01-09,454.0,454.0,452.0,453.5,422.60202,288025.0,288025.0,-0.5,-0.11,453.16667,"January 09, 19",-0.0011
0,2019-01-08,450.0,455.0,450.0,452.0,421.204224,54431.0,54431.0,2.0,0.444,452.33333,"January 08, 19",0.00444
0,2019-01-07,450.0,450.0,446.0,447.0,416.544891,82856.0,82856.0,-3.0,-0.667,447.66667,"January 07, 19",-0.00667
0,2019-01-04,448.0,448.0,448.0,452.0,421.204224,8515.0,8515.0,4.0,0.893,449.33333,"January 04, 19",0.00893
0,2019-01-03,444.0,444.0,442.0,444.0,413.749298,14096.0,14096.0,0.0,0.0,443.33333,"January 03, 19",0.0
0,2019-01-02,446.0,453.0,444.0,453.0,422.136139,31054.0,31054.0,7.0,1.57,450.0,"January 02, 19",0.0157
0,2018-12-31,450.0,450.0,450.0,446.0,415.613037,12247.0,12247.0,-4.0,-0.889,448.66667,"December 31, 18",-0.00889
0,2018-12-28,442.0,444.0,442.0,444.0,413.749298,20391.0,20391.0,2.0,0.452,443.33333,"December 28, 18",0.00452
0,2018-12-27,438.0,438.0,438.0,438.0,408.158112,3122.0,3122.0,0.0,0.0,438.0,"December 27, 18",0.0
0,2018-12-24,431.0,431.0,431.0,431.0,401.63501,37597.0,37597.0,0.0,0.0,431.0,"December 24, 18",0.0
0,2018-12-21,439.0,443.0,434.0,434.0,404.430664,22070.0,22070.0,-5.0,-1.139,437.0,"December 21, 18",-0.01139
0,2018-12-20,425.0,439.0,425.0,439.0,409.089996,20805.0,20805.0,14.0,3.294,434.33333,"December 20, 18",0.03294
0,2018-12-19,438.570007,441.230011,428.429993,438.5,408.624054,15947.0,15947.0,-0.07001,-0.016,436.05333,"December 19, 18",-0.00016
0,2018-12-18,433.0,436.0,427.0,431.5,402.100983,36431.0,36431.0,-1.5,-0.346,431.5,"December 18, 18",-0.00346
0,2018-12-17,444.5,444.5,434.399994,437.0,407.226227,21452.0,21452.0,-7.5,-1.687,438.63333,"December 17, 18",-0.01687
0,2018-12-14,438.0,438.0,436.0,436.0,406.294403,19169.0,19169.0,-2.0,-0.457,436.66667,"December 14, 18",-0.00457
0,2018-12-13,451.779999,451.779999,444.100006,446.5,416.078979,124805.0,124805.0,-5.28,-1.169,447.46,"December 13, 18",-0.01169
0,2018-12-12,448.0,448.0,448.0,445.0,414.681152,19871.0,19871.0,-3.0,-0.67,447.0,"December 12, 18",-0.0067
0,2018-12-11,441.600006,449.958008,441.429993,445.0,414.681152,21596.0,21596.0,3.39999,0.77,445.46267,"December 11, 18",0.0077
0,2018-12-10,442.0,442.0,442.0,443.0,412.817444,33973.0,33973.0,1.0,0.226,442.33333,"December 10, 18",0.00226
0,2018-12-07,456.700012,456.700012,447.160004,449.0,418.40863,34577.0,34577.0,-7.70001,-1.686,450.95334,"December 07, 18",-0.01686
0,2018-12-06,446.0,446.0,446.0,446.0,415.613037,33290.0,33290.0,0.0,0.0,446.0,"December 06, 18",0.0
0,2018-12-05,453.640015,461.600006,453.0,456.5,425.397644,14354.0,14354.0,2.85998,0.63,457.03334,"December 05, 18",0.0063
0,2018-12-04,468.450012,468.450012,459.600006,462.5,430.988831,33361.0,33361.0,-5.95001,-1.27,463.51667,"December 04, 18",-0.0127
0,2018-12-03,469.399994,470.0,459.899994,458.5,427.261414,11876.0,11876.0,-10.89999,-2.322,462.8,"December 03, 18",-0.02322
0,2018-11-30,459.0,464.0,459.0,460.0,428.65918,14122.0,14122.0,1.0,0.218,461.0,"November 30, 18",0.00218
0,2018-11-29,464.43399,467.899994,460.029999,461.5,430.057037,33984.0,33984.0,-2.93399,-0.632,463.14333,"November 29, 18",-0.00632
0,2018-11-28,464.43399,464.43399,457.962006,460.0,428.65918,7576.0,7576.0,-4.43399,-0.955,460.79867,"November 28, 18",-0.00955
0,2018-11-27,455.5,465.0,455.5,459.5,428.193268,19302.0,19302.0,4.0,0.878,460.0,"November 27, 18",0.00878
0,2018-11-26,460.0,460.0,458.0,459.5,428.193268,20185.0,20185.0,-0.5,-0.109,459.16667,"November 26, 18",-0.00109
0,2018-11-23,470.0,470.0,458.0,460.0,428.65918,214873.0,214873.0,-10.0,-2.128,462.66667,"November 23, 18",-0.02128
0,2018-11-22,460.0,460.0,458.0,463.5,431.920746,23130.0,23130.0,3.5,0.761,460.5,"November 22, 18",0.00761
0,2018-11-21,471.279999,474.644989,469.0,467.5,435.648163,50017.0,50017.0,-3.78,-0.802,470.38166,"November 21, 18",-0.00802
0,2018-11-20,466.0,471.0,466.0,467.5,435.648163,25706.0,25706.0,1.5,0.322,468.16667,"November 20, 18",0.00322
0,2018-11-19,465.0,466.0,464.0,468.5,436.580048,55626.0,55626.0,3.5,0.753,466.16667,"November 19, 18",0.00753
0,2018-11-16,465.0,465.0,465.0,469.5,437.511963,16162.0,16162.0,4.5,0.968,466.5,"November 16, 18",0.00968
0,2018-11-15,468.0,478.0,468.0,478.0,445.432831,19129.0,19129.0,10.0,2.137,474.66667,"November 15, 18",0.02137
0,2018-11-14,473.0,474.0,473.0,477.5,441.565491,19521.0,19521.0,4.5,0.951,474.83333,"November 14, 18",0.00951
0,2018-11-13,479.0,479.0,474.0,477.0,441.103149,23737.0,23737.0,-2.0,-0.418,476.66667,"November 13, 18",-0.00418
0,2018-11-12,489.890015,490.832001,481.700012,478.5,442.490326,50717.0,50717.0,-11.39002,-2.325,483.67734,"November 12, 18",-0.02325
0,2018-11-09,477.0,480.0,477.0,480.0,443.877411,28748.0,28748.0,3.0,0.629,479.0,"November 09, 18",0.00629
0,2018-11-08,484.0,486.0,484.0,482.0,445.726898,16005.0,16005.0,-2.0,-0.413,484.0,"November 08, 18",-0.00413
0,2018-11-07,477.075012,479.700012,472.890015,475.5,439.716064,26302.0,26302.0,-1.57501,-0.33,476.03001,"November 07, 18",-0.0033
0,2018-11-06,472.0,478.0,472.0,472.0,436.479462,66911.0,66911.0,0.0,0.0,474.0,"November 06, 18",0.0
0,2018-11-05,474.0,474.0,470.0,472.0,436.479462,29358.0,29358.0,-2.0,-0.422,472.0,"November 05, 18",-0.00422
0,2018-11-02,479.0,479.0,472.0,472.0,436.479462,101995.0,101995.0,-7.0,-1.461,474.33333,"November 02, 18",-0.01461
0,2018-11-01,465.0,474.0,464.0,466.0,430.930969,181720.0,181720.0,1.0,0.215,468.0,"November 01, 18",0.00215
0,2018-10-31,456.0,458.0,456.0,461.5,426.769653,113872.0,113872.0,5.5,1.206,458.5,"October 31, 18",0.01206
0,2018-10-30,451.0,459.0,446.0,453.5,419.371674,20524.0,20524.0,2.5,0.554,452.83333,"October 30, 18",0.00554
0,2018-10-29,458.0,458.0,452.0,454.0,419.834015,237830.0,237830.0,-4.0,-0.873,454.66667,"October 29, 18",-0.00873
0,2018-10-26,453.0,453.0,453.0,453.0,418.909332,22614.0,22614.0,0.0,0.0,453.0,"October 26, 18",0.0
0,2018-10-25,455.5,463.140991,455.5,459.0,424.457764,14002.0,14002.0,3.5,0.768,459.21366,"October 25, 18",0.00768
0,2018-10-24,473.0,473.0,462.859985,465.5,430.468597,15486.0,15486.0,-7.5,-1.586,467.12,"October 24, 18",-0.01586
0,2018-10-23,471.850006,471.850006,461.0,465.0,430.006256,25199.0,25199.0,-6.85001,-1.452,465.95,"October 23, 18",-0.01452
0,2018-10-22,472.920013,480.0,472.920013,476.5,440.640839,18077.0,18077.0,3.57999,0.757,476.47334,"October 22, 18",0.00757
0,2018-10-19,480.0,480.0,470.0,480.0,443.877411,11641.0,11641.0,0.0,0.0,476.66667,"October 19, 18",0.0
0,2018-10-18,476.0,476.0,470.0,472.5,436.941864,56874.0,56874.0,-3.5,-0.735,472.83333,"October 18, 18",-0.00735
0,2018-10-17,485.0,485.0,471.0,477.0,441.103149,91358.0,91358.0,-8.0,-1.649,477.66667,"October 17, 18",-0.01649
0,2018-10-16,474.0,484.0,474.0,484.0,447.576355,39339.0,39339.0,10.0,2.11,480.66667,"October 16, 18",0.0211
0,2018-10-15,484.0,484.0,484.0,484.0,447.576355,28414.0,28414.0,0.0,0.0,484.0,"October 15, 18",0.0
0,2018-10-12,485.0,485.0,475.0,485.0,448.50116,75022.0,75022.0,0.0,0.0,481.66667,"October 12, 18",0.0
0,2018-10-11,492.0,492.0,470.0,470.0,434.629974,123256.0,123256.0,-22.0,-4.472,477.33333,"October 11, 18",-0.04472
0,2018-10-10,516.0,516.0,497.0,495.5,458.210938,83805.0,83805.0,-20.5,-3.973,502.83333,"October 10, 18",-0.03973
0,2018-10-09,512.159973,515.599976,505.600006,505.0,466.996033,14586.0,14586.0,-7.15997,-1.398,508.73333,"October 09, 18",-0.01398
0,2018-10-08,524.0,524.0,510.0,510.0,471.619751,29532.0,29532.0,-14.0,-2.672,514.66667,"October 08, 18",-0.02672
0,2018-10-05,530.0,530.0,522.0,526.0,486.41568,87686.0,87686.0,-4.0,-0.755,526.0,"October 05, 18",-0.00755
0,2018-10-04,530.0,530.0,520.0,520.0,480.867188,4310.0,4310.0,-10.0,-1.887,523.33333,"October 04, 18",-0.01887
0,2018-10-03,530.0,530.0,520.0,523.0,483.641418,11609.0,11609.0,-7.0,-1.321,524.33333,"October 03, 18",-0.01321
0,2018-10-02,530.0,530.0,530.0,525.0,485.490906,6717.0,6717.0,-5.0,-0.943,528.33333,"October 02, 18",-0.00943
0,2018-10-01,534.0,534.0,522.0,529.0,489.189911,23822.0,23822.0,-5.0,-0.936,528.33333,"October 01, 18",-0.00936
0,2018-09-28,523.200012,530.0,523.0,525.0,485.490906,16846.0,16846.0,1.79999,0.344,526.0,"September 28, 18",0.00344
0,2018-09-27,524.0,524.0,522.0,528.0,488.265137,15699.0,15699.0,4.0,0.763,524.66667,"September 27, 18",0.00763
0,2018-09-26,533.5,534.0,529.0,531.0,491.039429,19624.0,19624.0,-2.5,-0.469,531.33333,"September 26, 18",-0.00469
0,2018-09-25,528.23999,534.0,528.119995,531.0,491.039429,62018.0,62018.0,2.76001,0.522,531.04,"September 25, 18",0.00522
0,2018-09-24,528.0,534.0,520.0,527.0,487.340424,18188.0,18188.0,-1.0,-0.189,527.0,"September 24, 18",-0.00189
0,2018-09-21,522.0,530.0,520.0,530.0,490.114624,25768.0,25768.0,8.0,1.533,526.66667,"September 21, 18",0.01533
0,2018-09-20,534.0,534.0,534.0,527.0,487.340424,15352.0,15352.0,-7.0,-1.311,531.66667,"September 20, 18",-0.01311
0,2018-09-19,533.0,533.0,524.0,529.0,489.189911,59296.0,59296.0,-4.0,-0.75,528.66667,"September 19, 18",-0.0075
0,2018-09-18,534.0,534.0,534.0,534.0,493.81366,20074.0,20074.0,0.0,0.0,534.0,"September 18, 18",0.0
0,2018-09-17,534.0,534.0,524.0,534.0,493.81366,32770.0,32770.0,0.0,0.0,530.66667,"September 17, 18",0.0
0,2018-09-14,534.0,534.0,524.0,530.0,490.114624,34403.0,34403.0,-4.0,-0.749,529.33333,"September 14, 18",-0.00749
0,2018-09-13,536.0,540.0,526.0,528.0,488.265137,61276.0,61276.0,-8.0,-1.493,531.33333,"September 13, 18",-0.01493
0,2018-09-12,528.0,528.0,528.0,528.0,488.265137,75300.0,75300.0,0.0,0.0,528.0,"September 12, 18",0.0
0,2018-09-11,532.0,534.0,528.0,532.0,491.964111,23671.0,23671.0,0.0,0.0,531.33333,"September 11, 18",0.0
0,2018-09-10,528.0,530.0,518.0,526.0,486.41568,39116.0,39116.0,-2.0,-0.379,524.66667,"September 10, 18",-0.00379
0,2018-09-07,526.0,536.0,520.0,534.0,493.81366,96924.0,96924.0,8.0,1.521,530.0,"September 07, 18",0.01521
0,2018-09-06,536.0,536.0,536.0,536.0,495.663086,50161.0,50161.0,0.0,0.0,536.0,"September 06, 18",0.0
0,2018-09-05,538.0,538.0,536.0,536.0,495.663086,38686.0,38686.0,-2.0,-0.372,536.66667,"September 05, 18",-0.00372
0,2018-09-04,531.960022,540.0,531.960022,535.0,494.738373,27429.0,27429.0,3.03998,0.571,535.65334,"September 04, 18",0.00571
0,2018-09-03,539.299988,539.299988,529.960022,534.0,493.81366,13425.0,13425.0,-5.29999,-0.983,534.42,"September 03, 18",-0.00983
0,2018-08-31,540.0,540.0,526.0,526.0,486.41568,28189.0,28189.0,-14.0,-2.593,530.66667,"August 31, 18",-0.02593
0,2018-08-30,526.0,534.0,526.0,528.0,488.265137,14622.0,14622.0,2.0,0.38,529.33333,"August 30, 18",0.0038
0,2018-08-29,534.0,534.0,534.0,534.0,493.81366,17275.0,17275.0,0.0,0.0,534.0,"August 29, 18",0.0
0,2018-08-28,514.0,526.0,514.0,526.0,486.41568,36730.0,36730.0,12.0,2.335,522.0,"August 28, 18",0.02335
0,2018-08-24,514.0,514.0,514.0,514.0,475.318787,12847.0,12847.0,0.0,0.0,514.0,"August 24, 18",0.0
0,2018-08-23,514.0,514.0,514.0,514.0,475.318787,12928.0,12928.0,0.0,0.0,514.0,"August 23, 18",0.0
0,2018-08-22,522.0,526.0,522.0,521.0,481.791962,14328.0,14328.0,-1.0,-0.192,523.0,"August 22, 18",-0.00192
0,2018-08-21,520.0,520.0,520.0,516.0,477.168243,35647.0,35647.0,-4.0,-0.769,518.66667,"August 21, 18",-0.00769
0,2018-08-20,516.0,522.0,516.0,522.0,482.716675,48173.0,48173.0,6.0,1.163,520.0,"August 20, 18",0.01163
0,2018-08-17,510.0,514.0,502.0,509.0,470.695038,98405.0,98405.0,-1.0,-0.196,508.33333,"August 17, 18",-0.00196
0,2018-08-16,493.0,508.0,493.0,502.0,464.221802,256470.0,256470.0,9.0,1.826,501.0,"August 16, 18",0.01826
0,2018-08-15,508.0,508.0,488.0,492.0,454.974365,82711.0,82711.0,-16.0,-3.15,496.0,"August 15, 18",-0.0315
0,2018-08-14,512.0,512.0,512.0,510.0,471.619751,18502.0,18502.0,-2.0,-0.391,511.33333,"August 14, 18",-0.00391
0,2018-08-13,508.0,516.0,508.0,511.0,472.544495,48466.0,48466.0,3.0,0.591,511.66667,"August 13, 18",0.00591
0,2018-08-10,524.0,524.0,512.0,517.0,478.092926,11910.0,11910.0,-7.0,-1.336,517.66667,"August 10, 18",-0.01336
0,2018-08-09,518.0,522.0,514.0,518.0,479.017792,62830.0,62830.0,0.0,0.0,518.0,"August 09, 18",0.0
0,2018-08-08,518.0,528.0,514.0,520.0,480.867188,12119.0,12119.0,2.0,0.386,520.66667,"August 08, 18",0.00386
0,2018-08-07,524.0,530.0,518.0,518.0,479.017792,55049.0,55049.0,-6.0,-1.145,522.0,"August 07, 18",-0.01145
0,2018-08-06,522.0,526.619995,522.0,525.0,485.490906,12672.0,12672.0,3.0,0.575,524.54,"August 06, 18",0.00575
0,2018-08-03,527.400024,527.400024,520.877014,525.0,485.490906,9709.0,9709.0,-2.40002,-0.455,524.42568,"August 03, 18",-0.00455
0,2018-08-02,525.599976,530.0,523.0,523.0,483.641418,22578.0,22578.0,-2.59998,-0.495,525.33333,"August 02, 18",-0.00495
0,2018-08-01,528.0,528.0,526.0,532.0,488.588745,20595.0,20595.0,4.0,0.758,528.66667,"August 01, 18",0.00758
0,2018-07-31,538.0,538.0,528.0,528.0,484.915222,49197.0,49197.0,-10.0,-1.859,531.33333,"July 31, 18",-0.01859
0,2018-07-30,538.0,538.0,538.0,536.0,492.26239,17832.0,17832.0,-2.0,-0.372,537.33333,"July 30, 18",-0.00372
0,2018-07-27,532.0,532.0,532.0,532.0,488.588745,17853.0,17853.0,0.0,0.0,532.0,"July 27, 18",0.0
0,2018-07-26,536.380005,536.380005,533.333008,534.0,490.425629,2264.0,2264.0,-2.38,-0.444,534.571,"July 26, 18",-0.00444
0,2018-07-25,536.0,536.0,536.0,535.0,491.344025,5307.0,5307.0,-1.0,-0.187,535.66667,"July 25, 18",-0.00187
0,2018-07-24,528.400024,534.5,524.700012,531.0,487.670441,16764.0,16764.0,2.59998,0.492,530.06667,"July 24, 18",0.00492
0,2018-07-23,524.0,524.0,524.0,524.0,481.241577,13340.0,13340.0,0.0,0.0,524.0,"July 23, 18",0.0
0,2018-07-20,528.640015,531.039978,526.0,530.0,486.752014,31815.0,31815.0,1.35999,0.257,529.01333,"July 20, 18",0.00257
0,2018-07-19,530.0,534.0,530.0,530.0,486.752014,41620.0,41620.0,0.0,0.0,531.33333,"July 19, 18",0.0
0,2018-07-18,528.0,534.0,528.0,534.0,490.425629,10752.0,10752.0,6.0,1.136,532.0,"July 18, 18",0.01136
0,2018-07-17,528.159973,536.549988,522.0,535.0,491.344025,12327.0,12327.0,6.84003,1.295,531.18333,"July 17, 18",0.01295
0,2018-07-16,528.159973,536.0,522.0,522.0,479.404816,33367.0,33367.0,-6.15997,-1.166,526.66667,"July 16, 18",-0.01166
0,2018-07-13,524.0,524.0,524.0,524.0,481.241577,15617.0,15617.0,0.0,0.0,524.0,"July 13, 18",0.0
0,2018-07-12,524.0,530.0,522.0,526.0,483.07843,14837.0,14837.0,2.0,0.382,526.0,"July 12, 18",0.00382
0,2018-07-11,522.0,524.0,522.0,523.0,480.323181,12763.0,12763.0,1.0,0.192,523.0,"July 11, 18",0.00192
0,2018-07-10,521.299988,522.0,518.679993,520.0,477.568024,22642.0,22642.0,-1.29999,-0.249,520.22666,"July 10, 18",-0.00249
0,2018-07-09,513.599976,521.400024,513.599976,519.0,476.649628,32714.0,32714.0,5.40002,1.051,518.0,"July 09, 18",0.01051
0,2018-07-06,510.0,510.0,510.0,510.0,468.384003,12038.0,12038.0,0.0,0.0,510.0,"July 06, 18",0.0
0,2018-07-05,510.0,518.0,508.0,513.0,471.139191,9679.0,9679.0,3.0,0.588,513.0,"July 05, 18",0.00588
0,2018-07-04,520.0,520.0,520.0,520.0,477.568024,19374.0,19374.0,0.0,0.0,520.0,"July 04, 18",0.0
0,2018-07-03,510.0,510.0,510.0,510.0,468.384003,31532.0,31532.0,0.0,0.0,510.0,"July 03, 18",0.0
0,2018-07-02,515.0,517.719971,508.821014,511.0,469.302399,32348.0,32348.0,-4.0,-0.777,512.51366,"July 02, 18",-0.00777
0,2018-06-29,524.0,524.0,510.0,510.0,468.384003,25283.0,25283.0,-14.0,-2.672,514.66667,"June 29, 18",-0.02672
0,2018-06-28,524.0,524.0,512.0,519.0,476.649628,34521.0,34521.0,-5.0,-0.954,518.33333,"June 28, 18",-0.00954
0,2018-06-27,520.0,524.0,514.0,514.0,472.057648,48442.0,48442.0,-6.0,-1.154,517.33333,"June 27, 18",-0.01154
0,2018-06-26,521.400024,521.400024,511.320007,516.0,473.894409,11881.0,11881.0,-5.40002,-1.036,516.24001,"June 26, 18",-0.01036
0,2018-06-25,520.0,520.0,520.0,515.0,472.976013,19918.0,19918.0,-5.0,-0.962,518.33333,"June 25, 18",-0.00962
0,2018-06-22,510.0,510.0,510.0,510.0,468.384003,24148.0,24148.0,0.0,0.0,510.0,"June 22, 18",0.0
0,2018-06-21,522.0,522.0,510.0,512.0,470.220825,42533.0,42533.0,-10.0,-1.916,514.66667,"June 21, 18",-0.01916
0,2018-06-20,515.599976,522.0,512.0,517.0,474.812805,24786.0,24786.0,1.40002,0.272,517.0,"June 20, 18",0.00272
0,2018-06-19,508.0,520.0,508.0,516.0,473.894409,18754.0,18754.0,8.0,1.575,514.66667,"June 19, 18",0.01575
0,2018-06-18,521.299988,521.859985,512.0,515.0,472.976013,22697.0,22697.0,-6.29999,-1.209,516.28666,"June 18, 18",-0.01209
0,2018-06-15,522.0,522.0,522.0,522.0,479.404816,14023.0,14023.0,0.0,0.0,522.0,"June 15, 18",0.0
0,2018-06-14,518.5,518.5,512.159973,515.0,472.976013,8639.0,8639.0,-3.5,-0.675,515.21999,"June 14, 18",-0.00675
0,2018-06-13,519.599976,521.5,512.0,517.0,474.812805,36113.0,36113.0,-2.59998,-0.5,516.83333,"June 13, 18",-0.005
0,2018-06-12,516.0,516.0,512.0,514.0,472.057648,55025.0,55025.0,-2.0,-0.388,514.0,"June 12, 18",-0.00388
0,2018-06-11,512.0,514.0,512.0,514.0,472.057648,21931.0,21931.0,2.0,0.391,513.33333,"June 11, 18",0.00391
0,2018-06-08,514.0,514.0,512.0,514.0,472.057648,49823.0,49823.0,0.0,0.0,513.33333,"June 08, 18",0.0
0,2018-06-07,514.0,522.0,514.0,522.0,479.404816,23403.0,23403.0,8.0,1.556,519.33333,"June 07, 18",0.01556
0,2018-06-06,514.0,522.0,510.0,522.0,479.404816,25649.0,25649.0,8.0,1.556,518.0,"June 06, 18",0.01556
0,2018-06-05,522.0,522.0,512.0,517.0,474.812805,32242.0,32242.0,-5.0,-0.958,517.0,"June 05, 18",-0.00958
0,2018-06-04,522.0,522.0,514.0,514.0,472.057648,6848.0,6848.0,-8.0,-1.533,516.66667,"June 04, 18",-0.01533
0,2018-06-01,516.0,516.0,512.0,512.0,470.220825,27405.0,27405.0,-4.0,-0.775,513.33333,"June 01, 18",-0.00775
0,2018-05-31,512.0,512.0,512.0,512.0,470.220825,27638.0,27638.0,0.0,0.0,512.0,"May 31, 18",0.0
0,2018-05-30,510.0,518.0,510.0,512.0,470.220825,33828.0,33828.0,2.0,0.392,513.33333,"May 30, 18",0.00392
0,2018-05-29,510.0,510.0,510.0,513.0,471.139191,23732.0,23732.0,3.0,0.588,511.0,"May 29, 18",0.00588
0,2018-05-25,516.0,516.0,514.0,518.0,475.731262,21831.0,21831.0,2.0,0.388,516.0,"May 25, 18",0.00388
0,2018-05-24,524.0,524.0,514.0,514.0,472.057648,11959.0,11959.0,-10.0,-1.908,517.33333,"May 24, 18",-0.01908
0,2018-05-23,517.0,519.840027,516.080017,520.0,477.568024,11851.0,11851.0,3.0,0.58,518.64001,"May 23, 18",0.0058
0,2018-05-22,530.0,530.0,520.0,523.0,480.323181,112872.0,112872.0,-7.0,-1.321,524.33333,"May 22, 18",-0.01321
0,2018-05-21,530.0,530.0,520.0,524.0,481.241577,37327.0,37327.0,-6.0,-1.132,524.66667,"May 21, 18",-0.01132
0,2018-05-18,528.0,528.0,528.0,524.0,481.241577,9081.0,9081.0,-4.0,-0.758,526.66667,"May 18, 18",-0.00758
0,2018-05-17,520.5,525.900024,520.0,525.0,482.160004,7144.0,7144.0,4.5,0.865,523.63334,"May 17, 18",0.00865
0,2018-05-16,522.0,528.0,522.0,528.0,484.915222,31208.0,31208.0,6.0,1.149,526.0,"May 16, 18",0.01149
0,2018-05-15,520.0,526.5,518.0,522.0,479.404816,66841.0,66841.0,2.0,0.385,522.16667,"May 15, 18",0.00385
0,2018-05-14,528.0,528.0,528.0,523.0,480.323181,23459.0,23459.0,-5.0,-0.947,526.33333,"May 14, 18",-0.00947
0,2018-05-11,519.200012,524.0,519.200012,524.0,481.241577,88057.0,88057.0,4.79999,0.924,522.4,"May 11, 18",0.00924
0,2018-05-10,526.0,528.0,526.0,525.0,482.160004,38188.0,38188.0,-1.0,-0.19,526.33333,"May 10, 18",-0.0019
0,2018-05-09,514.099976,522.359985,512.0,518.0,475.731262,16326.0,16326.0,3.90002,0.759,517.45333,"May 09, 18",0.00759
0,2018-05-08,521.400024,523.599976,514.119995,517.0,474.812805,17983.0,17983.0,-4.40002,-0.844,518.23999,"May 08, 18",-0.00844
0,2018-05-04,519.799988,520.0,512.0,516.0,473.894409,22350.0,22350.0,-3.79999,-0.731,516.0,"May 04, 18",-0.00731
0,2018-05-03,520.0,522.0,520.0,517.0,474.812805,24539.0,24539.0,-3.0,-0.577,519.66667,"May 03, 18",-0.00577
0,2018-05-02,530.0,530.0,522.0,524.0,471.91983,42555.0,42555.0,-6.0,-1.132,525.33333,"May 02, 18",-0.01132
0,2018-05-01,522.900024,527.359985,513.882996,523.0,471.019226,56254.0,56254.0,0.09998,0.019,521.41433,"May 01, 18",0.00019
0,2018-04-30,524.0,524.0,518.0,518.0,466.516266,45248.0,45248.0,-6.0,-1.145,520.0,"April 30, 18",-0.01145
0,2018-04-27,517.599976,524.799988,514.0,519.0,467.41684,65938.0,65938.0,1.40002,0.27,519.26666,"April 27, 18",0.0027
0,2018-04-26,520.0,520.0,520.0,520.0,468.317444,24851.0,24851.0,0.0,0.0,520.0,"April 26, 18",0.0
0,2018-04-25,514.0,520.0,510.0,514.0,462.913788,31536.0,31536.0,0.0,0.0,514.66667,"April 25, 18",0.0
0,2018-04-24,512.0,520.0,512.0,514.0,462.913788,63543.0,63543.0,2.0,0.391,515.33333,"April 24, 18",0.00391
0,2018-04-23,512.0,512.0,512.0,512.0,461.112549,16258.0,16258.0,0.0,0.0,512.0,"April 23, 18",0.0
0,2018-04-20,506.0,520.0,506.0,517.0,465.615601,21187.0,21187.0,11.0,2.174,514.33333,"April 20, 18",0.02174
0,2018-04-19,515.0,517.400024,512.976013,513.0,462.013123,39647.0,39647.0,-2.0,-0.388,514.45868,"April 19, 18",-0.00388
0,2018-04-18,510.0,520.0,506.0,506.0,455.708923,58628.0,58628.0,-4.0,-0.784,510.66667,"April 18, 18",-0.00784
0,2018-04-17,515.099976,519.859985,510.0,512.0,461.112549,35144.0,35144.0,-3.09998,-0.602,513.95333,"April 17, 18",-0.00602
0,2018-04-16,520.0,520.0,520.0,520.0,468.317444,26284.0,26284.0,0.0,0.0,520.0,"April 16, 18",0.0
0,2018-04-13,516.0,516.0,516.0,510.0,459.31131,30847.0,30847.0,-6.0,-1.163,514.0,"April 13, 18",-0.01163
0,2018-04-12,510.0,510.0,508.0,504.0,453.907715,21383.0,21383.0,-6.0,-1.176,507.33333,"April 12, 18",-0.01176
0,2018-04-11,510.0,510.0,504.0,507.0,456.609467,21995.0,21995.0,-3.0,-0.588,507.0,"April 11, 18",-0.00588
0,2018-04-10,504.0,508.0,504.0,507.0,456.609467,48810.0,48810.0,3.0,0.595,506.33333,"April 10, 18",0.00595
0,2018-04-09,496.0,496.0,496.0,490.0,441.299133,40419.0,40419.0,-6.0,-1.21,494.0,"April 09, 18",-0.0121
0,2018-04-06,484.0,484.0,484.0,484.0,435.895416,29518.0,29518.0,0.0,0.0,484.0,"April 06, 18",0.0
0,2018-04-05,495.0,495.0,488.0,488.0,439.497894,40525.0,40525.0,-7.0,-1.414,490.33333,"April 05, 18",-0.01414
0,2018-04-04,483.0,483.0,483.0,483.0,434.994843,17516.0,17516.0,0.0,0.0,483.0,"April 04, 18",0.0
0,2018-04-03,492.0,495.0,490.0,495.0,445.802155,28084.0,28084.0,3.0,0.61,493.33333,"April 03, 18",0.0061
0,2018-03-29,492.0,492.0,491.0,491.0,442.199707,34649.0,34649.0,-1.0,-0.203,491.33333,"March 29, 18",-0.00203
0,2018-03-28,480.0,490.0,480.0,487.0,438.597321,33705.0,33705.0,7.0,1.458,485.66667,"March 28, 18",0.01458
0,2018-03-27,492.0,492.0,492.0,488.0,439.497894,22915.0,22915.0,-4.0,-0.813,490.66667,"March 27, 18",-0.00813
0,2018-03-26,494.0,494.0,480.0,492.0,443.100342,27924.0,27924.0,-2.0,-0.405,488.66667,"March 26, 18",-0.00405
0,2018-03-23,494.0,494.0,483.0,488.5,439.948212,71644.0,71644.0,-5.5,-1.113,488.5,"March 23, 18",-0.01113
0,2018-03-22,499.0,499.0,488.0,497.0,447.603363,32807.0,32807.0,-2.0,-0.401,494.66667,"March 22, 18",-0.00401
0,2018-03-21,500.0,500.0,492.0,492.0,443.100342,15446.0,15446.0,-8.0,-1.6,494.66667,"March 21, 18",-0.016
0,2018-03-20,502.471008,502.471008,494.320007,496.0,446.70282,15624.0,15624.0,-6.47101,-1.288,497.59701,"March 20, 18",-0.01288
0,2018-03-19,494.0,494.0,490.0,490.0,441.299133,32992.0,32992.0,-4.0,-0.81,491.33333,"March 19, 18",-0.0081
0,2018-03-16,494.0,495.0,494.0,495.0,445.802155,32886.0,32886.0,1.0,0.202,494.66667,"March 16, 18",0.00202
0,2018-03-15,495.0,495.0,495.0,495.0,445.802155,18882.0,18882.0,0.0,0.0,495.0,"March 15, 18",0.0
0,2018-03-14,495.0,495.0,495.0,495.0,445.802155,19888.0,19888.0,0.0,0.0,495.0,"March 14, 18",0.0
0,2018-03-13,496.519989,503.799988,495.0,500.0,450.305206,12043.0,12043.0,3.48001,0.701,499.6,"March 13, 18",0.00701
0,2018-03-12,497.0,504.0,504.0,500.5,450.755493,47748.0,47748.0,3.5,0.704,502.83333,"March 12, 18",0.00704
0,2018-03-09,504.0,504.0,504.0,499.0,449.404572,27480.0,27480.0,-5.0,-0.992,502.33333,"March 09, 18",-0.00992
0,2018-03-08,500.0,504.0,500.0,504.0,453.907715,40953.0,40953.0,4.0,0.8,502.66667,"March 08, 18",0.008
0,2018-03-07,490.600006,499.0,488.660004,494.0,444.90152,21344.0,21344.0,3.39999,0.693,493.88667,"March 07, 18",0.00693
0,2018-03-06,499.0,499.0,488.0,488.0,439.497894,12785.0,12785.0,-11.0,-2.204,491.66667,"March 06, 18",-0.02204
0,2018-03-05,485.0,485.0,485.0,485.0,436.796082,26603.0,26603.0,0.0,0.0,485.0,"March 05, 18",0.0
0,2018-03-02,490.0,490.0,490.0,490.0,441.299133,33854.0,33854.0,0.0,0.0,490.0,"March 02, 18",0.0
0,2018-03-01,498.0,498.0,490.0,494.5,445.351868,27277.0,27277.0,-3.5,-0.703,494.16667,"March 01, 18",-0.00703
0,2018-02-28,506.0,506.0,498.0,498.0,448.504028,6557.0,6557.0,-8.0,-1.581,500.66667,"February 28, 18",-0.01581
0,2018-02-27,510.0,510.0,510.0,510.0,459.31131,30690.0,30690.0,0.0,0.0,510.0,"February 27, 18",0.0
0,2018-02-26,510.0,510.0,510.0,510.0,459.31131,14349.0,14349.0,0.0,0.0,510.0,"February 26, 18",0.0
0,2018-02-23,498.0,498.0,498.0,498.0,448.504028,25112.0,25112.0,0.0,0.0,498.0,"February 23, 18",0.0
0,2018-02-22,504.0,504.0,504.0,504.0,453.907715,8134.0,8134.0,0.0,0.0,504.0,"February 22, 18",0.0
0,2018-02-21,500.0,508.0,500.0,506.0,452.511749,55247.0,55247.0,6.0,1.2,504.66667,"February 21, 18",0.012
0,2018-02-20,502.0,502.0,495.0,495.0,442.674469,30976.0,30976.0,-7.0,-1.394,497.33333,"February 20, 18",-0.01394
0,2018-02-19,498.079987,502.0,493.0,497.5,444.910187,23085.0,23085.0,-0.57999,-0.116,497.5,"February 19, 18",-0.00116
0,2018-02-16,504.0,504.0,492.0,504.0,450.723145,9631.0,9631.0,0.0,0.0,500.0,"February 16, 18",0.0
0,2018-02-15,492.0,502.0,492.0,498.0,445.357361,32808.0,32808.0,6.0,1.22,497.33333,"February 15, 18",0.0122
0,2018-02-14,499.0,499.0,499.0,493.0,440.885895,22900.0,22900.0,-6.0,-1.202,497.0,"February 14, 18",-0.01202
0,2018-02-13,495.0,495.0,488.0,492.0,439.991608,39055.0,39055.0,-3.0,-0.606,491.66667,"February 13, 18",-0.00606
0,2018-02-12,494.0,494.0,486.0,488.0,436.414429,53235.0,53235.0,-6.0,-1.215,489.33333,"February 12, 18",-0.01215
0,2018-02-09,483.0,483.0,478.0,478.0,427.471527,25460.0,25460.0,-5.0,-1.035,479.66667,"February 09, 18",-0.01035
0,2018-02-08,498.0,498.0,486.0,488.0,436.414429,27856.0,27856.0,-10.0,-2.008,490.66667,"February 08, 18",-0.02008
0,2018-02-07,490.0,500.0,490.0,495.0,442.674469,66129.0,66129.0,5.0,1.02,495.0,"February 07, 18",0.0102
0,2018-02-06,484.0,484.0,472.0,483.0,431.943024,91811.0,91811.0,-1.0,-0.207,479.66667,"February 06, 18",-0.00207
0,2018-02-05,506.0,506.0,498.0,501.0,448.040253,62387.0,62387.0,-5.0,-0.988,501.66667,"February 05, 18",-0.00988
0,2018-02-02,518.0,518.0,516.0,514.0,459.666046,11083.0,11083.0,-4.0,-0.772,516.0,"February 02, 18",-0.00772
0,2018-02-01,513.599976,519.599976,512.47998,514.0,459.666046,12530.0,12530.0,0.40002,0.078,515.35999,"February 01, 18",0.00078
0,2018-01-31,514.0,520.0,514.0,520.0,465.031769,8579.0,8579.0,6.0,1.167,518.0,"January 31, 18",0.01167
0,2018-01-30,518.0,518.0,512.0,512.0,457.877441,19121.0,19121.0,-6.0,-1.158,514.0,"January 30, 18",-0.01158
0,2018-01-29,522.5,524.133972,518.799988,523.0,467.714661,21380.0,21380.0,0.5,0.096,521.97799,"January 29, 18",0.00096
0,2018-01-26,520.0,520.0,520.0,520.0,465.031769,12007.0,12007.0,0.0,0.0,520.0,"January 26, 18",0.0
0,2018-01-25,522.75,523.599976,522.75,523.0,467.714661,6952.0,6952.0,0.25,0.048,523.11666,"January 25, 18",0.00048
0,2018-01-24,522.799988,525.0,520.76001,521.0,465.926117,27555.0,27555.0,-1.79999,-0.344,522.25334,"January 24, 18",-0.00344
0,2018-01-23,523.599976,524.0,518.400024,523.0,467.714661,36908.0,36908.0,-0.59998,-0.115,521.80001,"January 23, 18",-0.00115
0,2018-01-22,518.0,522.0,518.0,521.0,465.926117,25311.0,25311.0,3.0,0.579,520.33333,"January 22, 18",0.00579
0,2018-01-19,518.0,518.0,516.0,519.0,464.137512,47347.0,47347.0,1.0,0.193,517.66667,"January 19, 18",0.00193
0,2018-01-18,520.0,520.0,518.0,518.0,463.243256,16279.0,16279.0,-2.0,-0.385,518.66667,"January 18, 18",-0.00385
0,2018-01-17,523.200012,523.200012,521.840027,521.0,465.926117,5903.0,5903.0,-2.20001,-0.42,522.01335,"January 17, 18",-0.0042
0,2018-01-16,522.0,524.0,518.0,523.0,467.714661,85110.0,85110.0,1.0,0.192,521.66667,"January 16, 18",0.00192
0,2018-01-15,518.0,518.0,518.0,521.0,465.926117,73373.0,73373.0,3.0,0.579,519.0,"January 15, 18",0.00579
0,2018-01-12,526.0,526.0,518.0,518.0,463.243256,13771.0,13771.0,-8.0,-1.521,520.66667,"January 12, 18",-0.01521
0,2018-01-11,524.0,524.0,524.0,524.0,468.608948,20258.0,20258.0,0.0,0.0,524.0,"January 11, 18",0.0
0,2018-01-10,524.0,524.0,524.0,524.0,468.608948,104775.0,104775.0,0.0,0.0,524.0,"January 10, 18",0.0
0,2018-01-09,525.919983,526.0,520.340027,521.0,465.926117,22750.0,22750.0,-4.91998,-0.935,522.44668,"January 09, 18",-0.00935
0,2018-01-08,520.0,520.0,518.0,519.0,464.137512,21271.0,21271.0,-1.0,-0.192,519.0,"January 08, 18",-0.00192
0,2018-01-05,525.919983,526.0,521.599976,523.0,467.714661,18556.0,18556.0,-2.91998,-0.555,523.53333,"January 05, 18",-0.00555
0,2018-01-04,526.036011,526.036011,520.820007,521.0,465.926117,28625.0,28625.0,-5.03601,-0.957,522.61867,"January 04, 18",-0.00957
0,2018-01-03,522.0,522.0,516.0,516.0,461.45462,9793.0,9793.0,-6.0,-1.149,518.0,"January 03, 18",-0.01149
0,2018-01-02,526.0,526.0,516.0,521.0,465.926117,27738.0,27738.0,-5.0,-0.951,521.0,"January 02, 18",-0.00951
0,2017-12-29,521.0,524.5,521.0,524.5,469.056152,12571.0,12571.0,3.5,0.672,523.33333,"December 29, 17",0.00672
0,2017-12-28,518.0,521.0,514.5,521.0,465.926117,12689.0,12689.0,3.0,0.579,518.83333,"December 28, 17",0.00579
0,2017-12-27,515.0,518.0,515.0,514.75,460.336823,10744.0,10744.0,-0.25,-0.049,515.91667,"December 27, 17",-0.00049
0,2017-12-22,512.0,515.0,512.0,511.25,457.206726,15899.0,15899.0,-0.75,-0.146,512.75,"December 22, 17",-0.00146
0,2017-12-21,510.0,511.5,510.0,511.0,456.983154,23499.0,23499.0,1.0,0.196,510.83333,"December 21, 17",0.00196
0,2017-12-20,507.600006,512.0,507.600006,509.25,455.418152,10293.0,10293.0,1.64999,0.325,509.61667,"December 20, 17",0.00325
0,2017-12-19,506.5,506.5,504.0,504.0,450.723145,12294.0,12294.0,-2.5,-0.494,504.83333,"December 19, 17",-0.00494
0,2017-12-18,509.0,509.0,509.0,506.5,452.958893,9752.0,9752.0,-2.5,-0.491,508.16667,"December 18, 17",-0.00491
0,2017-12-15,501.0,501.0,501.0,501.0,448.040253,6845.0,6845.0,0.0,0.0,501.0,"December 15, 17",0.0
0,2017-12-14,507.445007,507.445007,502.605011,504.5,451.170319,7492.0,7492.0,-2.94501,-0.58,504.85001,"December 14, 17",-0.0058
0,2017-12-13,506.0,506.0,505.375,506.0,452.511749,10016.0,10016.0,0.0,0.0,505.79167,"December 13, 17",0.0
0,2017-12-12,504.5,509.0,503.0,509.0,455.19458,45432.0,45432.0,4.5,0.892,507.0,"December 12, 17",0.00892
0,2017-12-11,501.0,501.0,497.0,501.125,448.152039,25656.0,25656.0,0.125,0.025,499.70833,"December 11, 17",0.00025
0,2017-12-08,500.5,501.0,493.25,493.25,441.109497,10483.0,10483.0,-7.25,-1.449,495.83333,"December 08, 17",-0.01449
0,2017-12-07,501.0,501.0,493.0,501.0,448.040253,17116.0,17116.0,0.0,0.0,498.33333,"December 07, 17",0.0
0,2017-12-06,493.0,493.0,493.0,496.75,444.239532,8552.0,8552.0,3.75,0.761,494.25,"December 06, 17",0.00761
0,2017-12-05,499.005005,502.850006,497.048004,501.5,448.487366,9896.0,9896.0,2.495,0.5,500.466,"December 05, 17",0.005
0,2017-12-04,498.0,498.0,498.0,498.625,445.916321,27250.0,27250.0,0.625,0.126,498.20833,"December 04, 17",0.00126
0,2017-12-01,500.0,500.138,495.850006,497.0,444.463074,13279.0,13279.0,-3.0,-0.6,497.66267,"December 01, 17",-0.006
0,2017-11-30,495.25,501.0,495.0,501.0,448.040253,9756.0,9756.0,5.75,1.161,499.0,"November 30, 17",0.01161
0,2017-11-29,502.0,503.703003,499.230011,501.75,448.710968,10413.0,10413.0,-0.25,-0.05,501.561,"November 29, 17",-0.0005
0,2017-11-28,495.5,505.0,495.5,502.0,448.93457,18031.0,18031.0,6.5,1.312,500.83333,"November 28, 17",0.01312
0,2017-11-27,501.0,501.0,498.0,501.75,448.710968,23239.0,23239.0,0.75,0.15,500.25,"November 27, 17",0.0015
0,2017-11-24,501.0,501.0,501.0,501.0,448.040253,13788.0,13788.0,0.0,0.0,501.0,"November 24, 17",0.0
0,2017-11-23,494.25,494.25,494.25,497.875,445.245636,14086.0,14086.0,3.625,0.733,495.45833,"November 23, 17",0.00733
0,2017-11-22,498.5,498.5,495.25,498.5,445.804504,7799.0,7799.0,0.0,0.0,497.41667,"November 22, 17",0.0
0,2017-11-21,495.25,495.25,495.0,496.25,443.792358,11051.0,11051.0,1.0,0.202,495.5,"November 21, 17",0.00202
0,2017-11-20,491.25,491.5,491.0,491.5,439.544464,2460.0,2460.0,0.25,0.051,491.33333,"November 20, 17",0.00051
0,2017-11-17,496.382996,498.0,493.75,495.75,443.345245,10538.0,10538.0,-0.633,-0.128,495.83333,"November 17, 17",-0.00128
0,2017-11-16,496.519989,496.609985,495.0,495.75,443.345245,15036.0,15036.0,-0.76999,-0.155,495.78666,"November 16, 17",-0.00155
0,2017-11-15,500.0,505.278015,497.0,500.75,444.641907,25189.0,25189.0,0.75,0.15,501.00934,"November 15, 17",0.0015
0,2017-11-14,508.0,513.200012,505.0,505.0,448.41571,19523.0,19523.0,-3.0,-0.591,507.73334,"November 14, 17",-0.00591
0,2017-11-13,520.0,520.0,512.0,510.5,453.299469,20071.0,20071.0,-9.5,-1.827,514.16667,"November 13, 17",-0.01827
0,2017-11-10,512.0,519.924988,510.0,510.0,452.855469,32054.0,32054.0,-2.0,-0.391,513.30833,"November 10, 17",-0.00391
0,2017-11-09,522.5,522.5,512.0,512.0,454.631378,26259.0,26259.0,-10.5,-2.01,515.5,"November 09, 17",-0.0201
0,2017-11-08,519.0,522.124023,518.48999,522.0,463.510925,13162.0,13162.0,3.0,0.578,520.87134,"November 08, 17",0.00578
0,2017-11-07,521.5,522.0,514.88501,516.0,458.183197,23952.0,23952.0,-5.5,-1.055,517.62834,"November 07, 17",-0.01055
0,2017-11-06,518.5,522.0,514.375,516.0,458.183197,29963.0,29963.0,-2.5,-0.482,517.45833,"November 06, 17",-0.00482
0,2017-11-03,519.0,519.0,514.950012,516.0,458.183197,11270.0,11270.0,-3.0,-0.578,516.65,"November 03, 17",-0.00578
0,2017-11-02,515.0,518.5,511.220001,516.0,458.183197,33522.0,33522.0,1.0,0.194,515.24,"November 02, 17",0.00194
0,2017-11-01,510.0,517.513977,508.0,512.5,455.075378,62960.0,62960.0,2.5,0.49,512.67133,"November 01, 17",0.0049
0,2017-10-31,506.0,509.0,506.0,506.0,449.303741,28281.0,28281.0,0.0,0.0,507.0,"October 31, 17",0.0
0,2017-10-30,505.5,508.0,505.0,505.0,448.41571,14199.0,14199.0,-0.5,-0.099,506.0,"October 30, 17",-0.00099
0,2017-10-27,507.5,508.0,503.0,503.0,446.639832,17126.0,17126.0,-4.5,-0.887,504.66667,"October 27, 17",-0.00887
0,2017-10-26,500.5,507.924988,500.5,500.5,444.419952,5069.0,5069.0,0.0,0.0,502.975,"October 26, 17",0.0
0,2017-10-25,507.920013,507.920013,503.600006,503.25,446.861816,3198.0,3198.0,-4.67001,-0.919,504.92334,"October 25, 17",-0.00919
0,2017-10-24,507.5,507.5,503.649994,504.0,447.527771,15208.0,15208.0,-3.5,-0.69,505.05,"October 24, 17",-0.0069
0,2017-10-23,504.399994,506.0,504.125,504.25,447.749756,10435.0,10435.0,-0.14999,-0.03,504.79167,"October 23, 17",-0.0003
0,2017-10-20,508.0,508.0,500.5,504.5,447.971802,13578.0,13578.0,-3.5,-0.689,504.33333,"October 20, 17",-0.00689
0,2017-10-19,502.774994,507.035004,502.450012,503.75,447.305817,39658.0,39658.0,0.97501,0.194,504.41167,"October 19, 17",0.00194
0,2017-10-18,507.0,508.0,503.5,507.5,450.63562,18970.0,18970.0,0.5,0.099,506.33333,"October 18, 17",0.00099
0,2017-10-17,507.5,508.0,502.625,506.5,449.74765,8600.0,8600.0,-1.0,-0.197,505.70833,"October 17, 17",-0.00197
0,2017-10-16,508.0,508.0,502.75,508.0,451.079559,47193.0,47193.0,0.0,0.0,506.25,"October 16, 17",0.0
0,2017-10-13,508.0,508.0,503.875,508.0,451.079559,22613.0,22613.0,0.0,0.0,506.625,"October 13, 17",0.0
0,2017-10-12,504.5,506.649994,503.0,505.25,448.637726,9135.0,9135.0,0.75,0.149,504.96666,"October 12, 17",0.00149
0,2017-10-11,504.125,507.445007,504.049988,504.25,447.749756,14980.0,14980.0,0.125,0.025,505.24833,"October 11, 17",0.00025
0,2017-10-10,505.0,506.759003,500.0,504.0,447.527771,35907.0,35907.0,-1.0,-0.198,503.58633,"October 10, 17",-0.00198
0,2017-10-09,502.0,504.970001,500.0,500.0,443.975983,19604.0,19604.0,-2.0,-0.398,501.65667,"October 09, 17",-0.00398
0,2017-10-06,500.0,502.424988,499.5,500.0,443.975983,18361.0,18361.0,0.0,0.0,500.64166,"October 06, 17",0.0
0,2017-10-05,500.0,501.0,498.0,498.0,442.200043,81177.0,81177.0,-2.0,-0.4,499.0,"October 05, 17",-0.004
0,2017-10-04,500.0,500.0,495.381989,500.0,443.975983,24891.0,24891.0,0.0,0.0,498.46066,"October 04, 17",0.0
0,2017-10-03,500.0,503.700012,499.700012,499.0,443.088013,78573.0,78573.0,-1.0,-0.2,500.80001,"October 03, 17",-0.002
0,2017-10-02,498.5,503.368011,498.0,498.0,442.200043,102709.0,102709.0,-0.5,-0.1,499.78934,"October 02, 17",-0.001
0,2017-09-29,500.0,502.799988,498.0,498.0,442.200043,81838.0,81838.0,-2.0,-0.4,499.6,"September 29, 17",-0.004
0,2017-09-28,500.0,501.75,498.975006,499.5,443.532013,12241.0,12241.0,-0.5,-0.1,500.075,"September 28, 17",-0.001
0,2017-09-27,498.0,501.904999,497.5,499.25,443.310028,12845.0,12845.0,1.25,0.251,499.55167,"September 27, 17",0.00251
0,2017-09-26,496.75,505.5,494.839996,495.0,439.536224,44096.0,44096.0,-1.75,-0.352,498.44667,"September 26, 17",-0.00352
0,2017-09-25,495.0,496.765015,495.0,495.5,439.980164,22768.0,22768.0,0.5,0.101,495.755,"September 25, 17",0.00101
0,2017-09-22,495.0,496.670013,493.0,493.0,437.760284,57616.0,57616.0,-2.0,-0.404,494.22334,"September 22, 17",-0.00404
0,2017-09-21,495.5,498.0,495.459991,495.0,439.536224,38169.0,38169.0,-0.5,-0.101,496.15333,"September 21, 17",-0.00101
0,2017-09-20,493.412994,496.0,493.412994,493.375,438.093262,9013.0,9013.0,-0.03799,-0.008,494.26266,"September 20, 17",-8e-05
0,2017-09-19,496.0,496.0,491.25,493.5,438.204346,16614.0,16614.0,-2.5,-0.504,493.58333,"September 19, 17",-0.00504
0,2017-09-18,489.0,499.0,489.0,491.0,435.984406,67486.0,67486.0,2.0,0.409,493.0,"September 18, 17",0.00409
0,2017-09-15,491.0,500.049988,484.25,500.0,443.975983,131283.0,131283.0,9.0,1.833,494.76666,"September 15, 17",0.01833
0,2017-09-14,486.25,492.0,486.0,486.0,431.544617,34141.0,34141.0,-0.25,-0.051,488.0,"September 14, 17",-0.00051
0,2017-09-13,486.5,491.0,486.5,490.75,435.762421,32133.0,32133.0,4.25,0.874,489.41667,"September 13, 17",0.00874
0,2017-09-12,485.0,490.904999,485.0,486.0,431.544617,48783.0,48783.0,1.0,0.206,487.30167,"September 12, 17",0.00206
0,2017-09-11,483.0,489.953003,479.579987,484.0,429.768738,41191.0,41191.0,1.0,0.207,484.511,"September 11, 17",0.00207
0,2017-09-08,478.25,485.959991,478.25,483.0,428.880798,17230.0,17230.0,4.75,0.993,482.40333,"September 08, 17",0.00993
0,2017-09-07,478.25,483.0,478.25,482.0,427.992798,29481.0,29481.0,3.75,0.784,481.08333,"September 07, 17",0.00784
0,2017-09-06,478.25,483.904999,478.25,478.25,424.663055,22195.0,22195.0,0.0,0.0,480.135,"September 06, 17",0.0
0,2017-09-05,484.0,486.341003,478.345001,481.25,427.326843,20105.0,20105.0,-2.75,-0.568,481.97867,"September 05, 17",-0.00568
0,2017-09-04,479.0,483.769989,479.0,479.0,425.328949,39116.0,39116.0,0.0,0.0,480.59,"September 04, 17",0.0
0,2017-09-01,480.0,483.75,480.0,480.5,426.660889,32210.0,32210.0,0.5,0.104,481.41667,"September 01, 17",0.00104
0,2017-08-31,477.0,481.850006,475.25,479.5,425.772919,29364.0,29364.0,2.5,0.524,478.86667,"August 31, 17",0.00524
0,2017-08-30,477.25,484.341003,477.25,477.25,423.775055,22254.0,22254.0,0.0,0.0,479.61367,"August 30, 17",0.0
0,2017-08-29,481.0,485.75,477.0,477.5,423.99704,44725.0,44725.0,-3.5,-0.728,480.08333,"August 29, 17",-0.00728
0,2017-08-25,481.0,486.0,481.0,482.0,427.992798,61231.0,61231.0,1.0,0.208,483.0,"August 25, 17",0.00208
0,2017-08-24,481.25,485.75,480.25,482.25,428.214844,76990.0,76990.0,1.0,0.208,482.75,"August 24, 17",0.00208
0,2017-08-23,483.0,487.75,483.0,486.0,431.544617,23618.0,23618.0,3.0,0.621,485.58333,"August 23, 17",0.00621
0,2017-08-22,485.75,488.0,484.045013,488.0,433.320526,17793.0,17793.0,2.25,0.463,486.68167,"August 22, 17",0.00463
0,2017-08-21,481.0,484.399994,480.985992,481.0,427.104919,30933.0,30933.0,0.0,0.0,482.12866,"August 21, 17",0.0
0,2017-08-18,484.0,484.130005,481.0,481.0,427.104919,26340.0,26340.0,-3.0,-0.62,482.04334,"August 18, 17",-0.0062
0,2017-08-17,484.0,488.0,483.0,484.0,429.768738,28149.0,28149.0,0.0,0.0,485.0,"August 17, 17",0.0
0,2017-08-16,488.5,488.5,484.446014,488.5,433.764496,20928.0,20928.0,0.0,0.0,487.14867,"August 16, 17",0.0
0,2017-08-15,484.0,487.325012,484.0,485.0,430.656708,11076.0,11076.0,1.0,0.207,485.44167,"August 15, 17",0.00207
0,2017-08-14,485.0,488.799988,483.30899,484.5,430.212708,48576.0,48576.0,-0.5,-0.103,485.53633,"August 14, 17",-0.00103
0,2017-08-11,484.0,487.0,478.898987,485.25,430.878723,48950.0,48950.0,1.25,0.258,483.71633,"August 11, 17",0.00258
0,2017-08-10,488.950012,489.0,486.213013,487.5,432.876587,23064.0,23064.0,-1.45001,-0.297,487.571,"August 10, 17",-0.00297
0,2017-08-09,489.25,489.25,484.738007,489.25,434.430511,10543.0,10543.0,0.0,0.0,487.746,"August 09, 17",0.0
0,2017-08-08,489.5,489.5,484.75,486.875,432.321594,22884.0,22884.0,-2.625,-0.536,487.04167,"August 08, 17",-0.00536
0,2017-08-07,484.5,488.0,484.5,484.5,430.212708,26541.0,26541.0,0.0,0.0,485.66667,"August 07, 17",0.0
0,2017-08-04,484.5,489.5,484.5,487.125,432.543579,20783.0,20783.0,2.625,0.542,487.04167,"August 04, 17",0.00542
0,2017-08-03,489.0,489.0,484.5,487.0,432.432648,12862.0,12862.0,-2.0,-0.409,486.83333,"August 03, 17",-0.00409
0,2017-08-02,485.600006,489.0,485.600006,487.0,429.280426,32041.0,32041.0,1.39999,0.288,487.2,"August 02, 17",0.00288
0,2017-08-01,489.0,489.0,484.75,487.375,429.610901,28655.0,28655.0,-1.625,-0.332,487.04167,"August 01, 17",-0.00332
0,2017-07-31,489.0,489.464996,485.5,487.0,429.280426,27902.0,27902.0,-2.0,-0.409,487.32167,"July 31, 17",-0.00409
0,2017-07-28,491.0,491.0,485.0,485.0,427.517426,24202.0,24202.0,-6.0,-1.222,487.0,"July 28, 17",-0.01222
0,2017-07-27,489.0,489.0,489.0,489.0,431.043335,20373113.0,20373113.0,0.0,0.0,489.0,"July 27, 17",0.0
0,2017-07-26,489.0,493.5,489.0,489.0,431.043335,8996.0,8996.0,0.0,0.0,490.5,"July 26, 17",0.0
0,2017-07-25,488.0,492.5,488.0,492.5,434.128479,29322.0,29322.0,4.5,0.922,491.0,"July 25, 17",0.00922
0,2017-07-24,500.0,501.380005,488.0,495.0,436.332214,59242.0,59242.0,-5.0,-1.0,494.79334,"July 24, 17",-0.01
0,2017-07-21,495.0,500.0,495.0,497.5,438.535889,43446.0,43446.0,2.5,0.505,497.5,"July 21, 17",0.00505
0,2017-07-20,500.0,500.0,495.0,495.0,436.332214,29292.0,29292.0,-5.0,-1.0,496.66667,"July 20, 17",-0.01
0,2017-07-19,495.0,500.0,493.667999,497.5,438.535889,18224.0,18224.0,2.5,0.505,497.056,"July 19, 17",0.00505
0,2017-07-18,499.5,499.5,495.0,499.5,440.298828,21869.0,21869.0,0.0,0.0,498.0,"July 18, 17",0.0
0,2017-07-17,500.0,500.399994,495.25,497.625,438.646057,107844.0,107844.0,-2.375,-0.475,497.75833,"July 17, 17",-0.00475
0,2017-07-14,497.0,500.0,496.200012,499.25,440.078461,39424.0,39424.0,2.25,0.453,498.48334,"July 14, 17",0.00453
0,2017-07-13,490.0,497.0,490.0,493.625,435.120117,52302.0,52302.0,3.625,0.74,493.54167,"July 13, 17",0.0074
0,2017-07-12,492.0,499.0,489.5,493.75,435.230377,63406.0,63406.0,1.75,0.356,494.08333,"July 12, 17",0.00356
0,2017-07-11,488.75,495.0,484.25,494.0,435.450684,29995.0,29995.0,5.25,1.074,491.08333,"July 11, 17",0.01074
0,2017-07-10,486.0,489.0,483.149994,488.75,430.822906,35557.0,35557.0,2.75,0.566,486.96666,"July 10, 17",0.00566
0,2017-07-07,480.0,485.75,476.804993,483.125,425.864655,34797.0,34797.0,3.125,0.651,481.89333,"July 07, 17",0.00651
0,2017-07-06,476.0,480.0,475.725006,479.75,422.889587,36659.0,36659.0,3.75,0.788,478.49167,"July 06, 17",0.00788
0,2017-07-05,472.0,475.0,472.0,475.0,418.702576,35823.0,35823.0,3.0,0.636,474.0,"July 05, 17",0.00636
0,2017-07-04,471.0,471.75,467.0,467.0,411.650787,34084.0,34084.0,-4.0,-0.849,468.58333,"July 04, 17",-0.00849
0,2017-07-03,470.75,472.75,468.5,472.75,416.719238,21986.0,21986.0,2.0,0.425,471.33333,"July 03, 17",0.00425
0,2017-06-30,463.0,470.0,464.295013,467.625,412.201721,20935.0,20935.0,4.625,0.999,467.30667,"June 30, 17",0.00999
0,2017-06-29,467.187988,469.255005,464.187988,465.375,410.218353,24350.0,24350.0,-1.81299,-0.388,466.27266,"June 29, 17",-0.00388
0,2017-06-28,466.25,470.0,466.0,466.0,410.769257,1582.0,1582.0,-0.25,-0.054,467.33333,"June 28, 17",-0.00054
0,2017-06-27,468.75,472.03299,468.0,468.25,412.752655,4643.0,4643.0,-0.5,-0.107,469.42766,"June 27, 17",-0.00107
0,2017-06-26,468.0,472.382996,468.0,468.75,413.19339,70.0,70.0,0.75,0.16,469.711,"June 26, 17",0.0016
0,2017-06-23,468.0,472.615997,468.0,470.5,414.735931,21596.0,21596.0,2.5,0.534,470.372,"June 23, 17",0.00534
0,2017-06-22,465.5,471.0,465.393005,468.0,412.532288,8700.0,8700.0,2.5,0.537,468.131,"June 22, 17",0.00537
0,2017-06-21,470.980988,470.980988,470.980988,470.980988,415.159912,24413.0,24413.0,0.0,0.0,470.98099,"June 21, 17",0.0
0,2017-06-20,466.75,469.25,464.75,464.75,409.66748,24924.0,24924.0,-2.0,-0.428,466.25,"June 20, 17",-0.00428
0,2017-06-19,465.0,465.765015,464.0,465.5,410.328522,2610.0,2610.0,0.5,0.108,465.08834,"June 19, 17",0.00108
0,2017-06-16,470.0,470.0,458.713013,470.0,414.295227,23839.0,23839.0,0.0,0.0,466.23767,"June 16, 17",0.0
0,2017-06-15,464.25,466.100006,457.0,460.875,406.251678,62698.0,62698.0,-3.375,-0.727,461.325,"June 15, 17",-0.00727
0,2017-06-14,466.75,469.575012,464.0,467.5,412.091492,26022.0,26022.0,0.75,0.161,467.025,"June 14, 17",0.00161
0,2017-06-13,464.25,468.299988,464.0,467.625,412.201721,29771.0,29771.0,3.375,0.727,466.64166,"June 13, 17",0.00727
0,2017-06-12,464.25,468.255005,464.25,466.5,411.210022,46578.0,46578.0,2.25,0.485,466.335,"June 12, 17",0.00485
0,2017-06-09,462.0,468.040009,462.0,467.0,411.650787,62204.0,62204.0,5.0,1.082,465.68,"June 09, 17",0.01082
0,2017-06-08,465.25,467.75,465.25,467.0,411.650787,35491.0,35491.0,1.75,0.376,466.66667,"June 08, 17",0.00376
0,2017-06-07,465.0,469.601013,465.0,466.875,411.540588,69988.0,69988.0,1.875,0.403,467.15867,"June 07, 17",0.00403
0,2017-06-06,470.0,473.559998,464.90799,466.625,411.320251,50079.0,50079.0,-3.375,-0.718,468.36433,"June 06, 17",-0.00718
0,2017-06-05,473.0,475.160004,470.25,471.125,415.286865,76857.0,76857.0,-1.875,-0.396,472.17833,"June 05, 17",-0.00396
0,2017-06-02,474.5,477.450012,473.0,473.0,416.939667,36071.0,36071.0,-1.5,-0.316,474.48334,"June 02, 17",-0.00316
0,2017-06-01,474.0,478.5,474.0,478.5,421.787842,34954.0,34954.0,4.5,0.949,477.0,"June 01, 17",0.00949
0,2017-05-31,479.638,480.649994,474.799988,477.625,421.01651,26554.0,26554.0,-2.013,-0.42,477.69166,"May 31, 17",-0.0042
0,2017-05-30,482.25,482.25,474.170013,479.75,422.889587,38687.0,38687.0,-2.5,-0.518,478.72334,"May 30, 17",-0.00518
0,2017-05-26,475.625,480.899994,473.0,478.875,422.118347,40844.0,40844.0,3.25,0.683,477.59166,"May 26, 17",0.00683
0,2017-05-25,479.25,483.0,474.25,474.25,418.041504,41600.0,41600.0,-5.0,-1.043,477.16667,"May 25, 17",-0.01043
0,2017-05-24,475.0,480.0,474.75,474.75,418.482208,24929.0,24929.0,-0.25,-0.053,476.5,"May 24, 17",-0.00053
0,2017-05-23,475.25,481.980011,474.200012,479.0,422.228485,52053.0,52053.0,3.75,0.789,478.39334,"May 23, 17",0.00789
0,2017-05-22,481.0,483.0,474.0,479.125,422.338684,34474.0,34474.0,-1.875,-0.39,478.70833,"May 22, 17",-0.0039
0,2017-05-19,473.25,478.570007,473.25,476.5,420.024872,22616.0,22616.0,3.25,0.687,476.10667,"May 19, 17",0.00687
0,2017-05-18,477.75,481.812988,473.0,477.0,420.465546,29139.0,29139.0,-0.75,-0.157,477.271,"May 18, 17",-0.00157
0,2017-05-17,481.0,486.153015,477.75,477.75,421.126648,41370.0,41370.0,-3.25,-0.676,480.55101,"May 17, 17",-0.00676
0,2017-05-16,479.0,483.0,479.0,481.0,423.991486,77212.0,77212.0,2.0,0.418,481.0,"May 16, 17",0.00418
0,2017-05-15,480.25,481.940002,478.0,480.5,423.550781,50659.0,50659.0,0.25,0.052,480.14667,"May 15, 17",0.00052
0,2017-05-12,480.75,481.0,478.0,479.5,422.66925,21954.0,21954.0,-1.25,-0.26,479.5,"May 12, 17",-0.0026
0,2017-05-11,478.0,481.799988,478.0,478.0,421.347046,26830.0,26830.0,0.0,0.0,479.26666,"May 11, 17",0.0
0,2017-05-10,485.25,485.25,478.0,481.0,423.991486,24329.0,24329.0,-4.25,-0.876,481.41667,"May 10, 17",-0.00876
0,2017-05-09,484.75,484.75,478.0,478.0,421.347046,36454.0,36454.0,-6.75,-1.392,480.25,"May 09, 17",-0.01392
0,2017-05-08,485.25,485.25,478.0,478.0,421.347046,54696.0,54696.0,-7.25,-1.494,480.41667,"May 08, 17",-0.01494
0,2017-05-05,484.75,484.75,478.0,482.75,425.534027,20341.0,20341.0,-2.0,-0.413,481.83333,"May 05, 17",-0.00413
0,2017-05-04,481.0,484.799988,479.0,479.0,422.228485,19094.0,19094.0,-2.0,-0.416,480.93333,"May 04, 17",-0.00416
0,2017-05-03,482.0,489.839996,482.0,485.5,427.958099,68765.0,68765.0,3.5,0.726,485.78,"May 03, 17",0.00726
0,2017-05-02,482.5,492.0,482.5,492.0,433.687744,46384.0,46384.0,9.5,1.969,488.83333,"May 02, 17",0.01969
0,2017-04-28,482.0,486.0,482.0,484.125,426.746094,45199.0,45199.0,2.125,0.441,484.04167,"April 28, 17",0.00441
0,2017-04-27,485.0,487.959991,482.5,484.0,426.635925,36581.0,36581.0,-1.0,-0.206,484.82,"April 27, 17",-0.00206
0,2017-04-26,490.0,493.45401,486.0,488.0,430.161804,44782.0,44782.0,-2.0,-0.408,489.15134,"April 26, 17",-0.00408
0,2017-04-25,485.0,490.0,482.0,483.5,426.195221,62214.0,62214.0,-1.5,-0.309,485.16667,"April 25, 17",-0.00309
0,2017-04-24,484.0,485.0,478.0,480.25,423.330414,62885.0,62885.0,-3.75,-0.775,481.08333,"April 24, 17",-0.00775
0,2017-04-21,477.0,480.0,473.959991,477.125,420.575745,35503.0,35503.0,0.125,0.026,477.02833,"April 21, 17",0.00026
0,2017-04-20,474.0,475.75,471.5,471.5,415.617432,17255.0,17255.0,-2.5,-0.527,472.91667,"April 20, 17",-0.00527
0,2017-04-19,475.75,475.778992,471.494995,472.875,416.829407,24220.0,24220.0,-2.875,-0.604,473.383,"April 19, 17",-0.00604
0,2017-04-18,475.0,476.454987,470.0,472.625,416.6091,37140.0,37140.0,-2.375,-0.5,473.02666,"April 18, 17",-0.005
0,2017-04-13,472.75,475.0,469.0,474.0,417.821136,38436.0,38436.0,1.25,0.264,472.66667,"April 13, 17",0.00264
0,2017-04-12,465.75,472.25,464.429993,469.75,414.07489,39159.0,39159.0,4.0,0.859,468.81,"April 12, 17",0.00859
0,2017-04-11,465.0,465.75,463.200012,465.75,410.548981,41781.0,41781.0,0.75,0.161,464.9,"April 11, 17",0.00161
0,2017-04-10,460.0,465.0,459.25,462.75,407.904541,72127.0,72127.0,2.75,0.598,462.33333,"April 10, 17",0.00598
0,2017-04-07,459.75,460.0,457.0,458.75,404.378601,41552.0,41552.0,-1.0,-0.218,458.58333,"April 07, 17",-0.00218
0,2017-04-06,455.0,460.0,453.0,459.0,404.598907,113640.0,113640.0,4.0,0.879,457.33333,"April 06, 17",0.00879
0,2017-04-05,457.0,458.626007,454.662994,458.0,403.717499,39951.0,39951.0,1.0,0.219,457.09633,"April 05, 17",0.00219
0,2017-04-04,454.5,457.0,453.25,453.25,399.530457,28888.0,28888.0,-1.25,-0.275,454.5,"April 04, 17",-0.00275
0,2017-04-03,457.0,458.0,449.5,458.0,403.717499,65616.0,65616.0,1.0,0.219,455.16667,"April 03, 17",0.00219
0,2017-03-31,449.0,457.0,448.0,457.0,402.835999,74410.0,74410.0,8.0,1.782,454.0,"March 31, 17",0.01782
0,2017-03-30,454.75,455.0,442.0,455.0,401.073059,105043.0,105043.0,0.25,0.055,450.66667,"March 30, 17",0.00055
0,2017-03-29,448.0,454.488007,448.0,451.5,397.987854,15030.0,15030.0,3.5,0.781,451.32934,"March 29, 17",0.00781
0,2017-03-28,447.0,454.0,447.0,450.5,397.106323,28717.0,28717.0,3.5,0.783,450.5,"March 28, 17",0.00783
0,2017-03-27,446.0,452.029999,446.0,449.0,395.78421,37381.0,37381.0,3.0,0.673,449.01,"March 27, 17",0.00673
0,2017-03-24,448.0,455.287994,446.5,450.125,396.775879,29013.0,29013.0,2.125,0.474,450.63766,"March 24, 17",0.00474
0,2017-03-23,446.0,454.0,445.5,449.75,396.445282,40474.0,40474.0,3.75,0.841,449.75,"March 23, 17",0.00841
0,2017-03-22,456.0,457.489014,446.0,454.0,400.191559,43861.0,43861.0,-2.0,-0.439,452.49634,"March 22, 17",-0.00439
0,2017-03-21,448.0,456.0,448.0,452.25,398.648926,45860.0,45860.0,4.25,0.949,452.08333,"March 21, 17",0.00949
0,2017-03-20,448.5,456.125,448.5,452.125,398.538818,55405.0,55405.0,3.625,0.808,452.25,"March 20, 17",0.00808
0,2017-03-17,457.0,459.5,448.0,453.0,399.31012,36371.0,36371.0,-4.0,-0.875,453.5,"March 17, 17",-0.00875
0,2017-03-16,447.5,457.0,447.5,452.25,398.648926,14686.0,14686.0,4.75,1.061,452.25,"March 16, 17",0.01061
0,2017-03-15,449.0,455.0,447.880005,454.75,400.852692,32274.0,32274.0,5.75,1.281,452.54334,"March 15, 17",0.01281
0,2017-03-14,457.0,457.0,447.0,451.25,397.767456,34686.0,34686.0,-5.75,-1.258,451.75,"March 14, 17",-0.01258
0,2017-03-13,449.0,457.0,447.0,452.5,398.869324,39853.0,39853.0,3.5,0.78,452.16667,"March 13, 17",0.0078
0,2017-03-10,447.0,454.0,447.0,453.75,399.971191,534962.0,534962.0,6.75,1.51,451.58333,"March 10, 17",0.0151
0,2017-03-09,447.0,454.399994,447.0,451.5,397.987854,27054.0,27054.0,4.5,1.007,450.96666,"March 09, 17",0.01007
0,2017-03-08,455.0,455.399994,447.338013,450.0,396.665649,22204.0,22204.0,-5.0,-1.099,450.91267,"March 08, 17",-0.01099
0,2017-03-07,447.0,455.0,447.0,455.0,401.073059,15651.0,15651.0,8.0,1.79,452.33333,"March 07, 17",0.0179
0,2017-03-06,449.0,455.0,448.25,451.0,397.54715,26268.0,26268.0,2.0,0.445,451.41667,"March 06, 17",0.00445
0,2017-03-03,447.0,455.0,447.0,452.375,398.759125,43575.0,43575.0,5.375,1.202,451.45833,"March 03, 17",0.01202
0,2017-03-02,456.0,456.0,448.0,452.0,398.428589,21017.0,21017.0,-4.0,-0.877,452.0,"March 02, 17",-0.00877
0,2017-03-01,446.0,455.0,446.0,452.0,398.428589,40745.0,40745.0,6.0,1.345,451.0,"March 01, 17",0.01345
0,2017-02-28,446.0,452.923004,445.0,446.0,393.139709,27664.0,27664.0,0.0,0.0,447.97433,"February 28, 17",0.0
0,2017-02-27,453.0,453.0,447.5,448.875,395.674011,44220.0,44220.0,-4.125,-0.911,449.79167,"February 27, 17",-0.00911
0,2017-02-24,451.5,451.5,448.0,449.5,396.224854,19165.0,19165.0,-2.0,-0.443,449.66667,"February 24, 17",-0.00443
0,2017-02-23,450.200012,451.464996,446.828003,449.75,396.445282,36931.0,36931.0,-0.45001,-0.1,449.34767,"February 23, 17",-0.001
0,2017-02-22,447.0,455.652008,447.0,454.75,400.852692,19987.0,19987.0,7.75,1.734,452.46734,"February 22, 17",0.01734
0,2017-02-21,450.25,456.925995,450.25,450.25,396.885986,33353.0,33353.0,0.0,0.0,452.47533,"February 21, 17",0.0
0,2017-02-20,449.0,454.920013,449.0,451.0,397.54715,12320.0,12320.0,2.0,0.445,451.64,"February 20, 17",0.00445
0,2017-02-17,454.75,455.0,450.0,452.5,398.869324,18179.0,18179.0,-2.25,-0.495,452.5,"February 17, 17",-0.00495
0,2017-02-16,450.0,457.992004,450.0,450.0,396.665649,29123.0,29123.0,0.0,0.0,452.664,"February 16, 17",0.0
0,2017-02-15,455.0,455.0,448.100006,452.0,398.428589,19491.0,19491.0,-3.0,-0.659,451.7,"February 15, 17",-0.00659
0,2017-02-14,452.0,454.75,445.420013,450.75,397.326782,25357.0,25357.0,-1.25,-0.277,450.30667,"February 14, 17",-0.00277
0,2017-02-13,450.0,452.0,442.0,448.5,395.343353,53862.0,53862.0,-1.5,-0.333,447.5,"February 13, 17",-0.00333
0,2017-02-10,445.0,450.75,441.480011,450.0,396.665649,68716.0,68716.0,5.0,1.124,447.41,"February 10, 17",0.01124
0,2017-02-09,442.0,445.0,438.0,442.75,390.274933,21389.0,21389.0,0.75,0.17,441.91667,"February 09, 17",0.0017
0,2017-02-08,438.75,441.875,435.403015,440.25,388.071228,35059.0,35059.0,1.5,0.342,439.17601,"February 08, 17",0.00342
0,2017-02-07,439.0,441.75,432.0,439.0,386.96936,32187.0,32187.0,0.0,0.0,437.58333,"February 07, 17",0.0
0,2017-02-06,437.25,438.779999,431.5,434.0,382.561981,17891.0,17891.0,-3.25,-0.743,434.76,"February 06, 17",-0.00743
0,2017-02-03,435.0,438.0,428.0,438.0,386.08786,22341.0,22341.0,3.0,0.69,434.66667,"February 03, 17",0.0069
0,2017-02-02,432.75,435.0,427.980011,434.0,382.561981,14216.0,14216.0,1.25,0.289,432.32667,"February 02, 17",0.00289
0,2017-02-01,435.0,435.533997,427.799988,434.25,382.782318,29579.0,29579.0,-0.75,-0.172,432.528,"February 01, 17",-0.00172
0,2017-01-31,431.75,434.0,426.0,432.0,380.799042,16715.0,16715.0,0.25,0.058,430.66667,"January 31, 17",0.00058
0,2017-01-30,434.0,434.0,425.0,429.5,378.595337,38954.0,38954.0,-4.5,-1.037,429.5,"January 30, 17",-0.01037
0,2017-01-27,433.549988,433.562988,427.0,429.625,378.705597,7635.0,7635.0,-3.92499,-0.905,430.06266,"January 27, 17",-0.00905
0,2017-01-26,434.0,434.0,425.687988,434.0,382.561981,10433.0,10433.0,0.0,0.0,431.22933,"January 26, 17",0.0
0,2017-01-25,429.0,434.0,426.100006,434.0,382.561981,25535.0,25535.0,5.0,1.166,431.36667,"January 25, 17",0.01166
0,2017-01-24,423.0,430.0,421.0,427.125,376.50174,18792.0,18792.0,4.125,0.975,426.04167,"January 24, 17",0.00975
0,2017-01-23,420.0,429.670013,420.0,428.75,377.934235,16771.0,16771.0,8.75,2.083,426.14,"January 23, 17",0.02083
0,2017-01-20,430.0,430.0,420.0,428.125,377.38327,20955.0,20955.0,-1.875,-0.436,426.04167,"January 20, 17",-0.00436
0,2017-01-19,430.0,430.0,422.25,425.625,375.179596,18395.0,18395.0,-4.375,-1.017,425.95833,"January 19, 17",-0.01017
0,2017-01-18,428.0,430.0,421.5,425.0,374.628693,19245.0,19245.0,-3.0,-0.701,425.5,"January 18, 17",-0.00701
0,2017-01-17,428.0,428.0,422.0,428.0,377.273071,40145.0,40145.0,0.0,0.0,426.0,"January 17, 17",0.0
0,2017-01-16,423.679993,428.019989,420.200012,423.0,372.865662,25170.0,25170.0,-0.67999,-0.16,423.74,"January 16, 17",-0.0016
0,2017-01-13,427.920013,428.233002,423.600006,424.0,373.747131,19970.0,19970.0,-3.92001,-0.916,425.27767,"January 13, 17",-0.00916
0,2017-01-12,426.910004,426.910004,420.0,424.75,374.408295,12988.0,12988.0,-2.16,-0.506,423.88667,"January 12, 17",-0.00506
0,2017-01-11,423.75,426.838013,419.0,419.0,369.339813,18983.0,18983.0,-4.75,-1.121,421.61267,"January 11, 17",-0.01121
0,2017-01-10,415.5,424.950012,415.5,421.0,371.102722,12073.0,12073.0,5.5,1.324,420.48334,"January 10, 17",0.01324
0,2017-01-09,419.75,425.0,415.5,425.0,374.628693,19195.0,19195.0,5.25,1.251,421.83333,"January 09, 17",0.01251
0,2017-01-06,424.0,424.0,418.0,422.5,372.424957,19680.0,19680.0,-1.5,-0.354,421.5,"January 06, 17",-0.00354
0,2017-01-05,422.0,423.125,415.174988,417.0,367.576874,11925.0,11925.0,-5.0,-1.185,418.43333,"January 05, 17",-0.01185
0,2017-01-04,422.0,422.0,415.0,422.0,371.984222,14608.0,14608.0,0.0,0.0,419.66667,"January 04, 17",0.0
0,2017-01-03,418.5,423.824005,412.5,416.0,366.695374,26478.0,26478.0,-2.5,-0.597,417.44134,"January 03, 17",-0.00597
0,2016-12-30,415.0,420.399994,415.0,417.0,367.576874,3088.0,3088.0,2.0,0.482,417.46666,"December 30, 16",0.00482
0,2016-12-29,416.5,421.119995,412.0,412.0,363.169464,11399.0,11399.0,-4.5,-1.08,415.04,"December 29, 16",-0.0108
0,2016-12-28,420.0,421.5,412.0,416.5,367.136017,21545.0,21545.0,-3.5,-0.833,416.66667,"December 28, 16",-0.00833
0,2016-12-23,419.5,419.5,414.0,417.0,367.576874,9722.0,9722.0,-2.5,-0.596,416.83333,"December 23, 16",-0.00596
0,2016-12-22,412.0,419.5,412.0,413.5,364.491638,13483.0,13483.0,1.5,0.364,415.0,"December 22, 16",0.00364
0,2016-12-21,412.25,420.0,412.25,412.5,363.610138,12875.0,12875.0,0.25,0.061,414.91667,"December 21, 16",0.00061
0,2016-12-20,423.0,423.75,414.75,415.0,365.813904,25388.0,25388.0,-8.0,-1.891,417.83333,"December 20, 16",-0.01891
0,2016-12-19,415.75,419.75,411.437988,414.0,364.932434,16401.0,16401.0,-1.75,-0.421,415.06266,"December 19, 16",-0.00421
0,2016-12-16,415.0,420.0,408.299988,420.0,370.221252,21618.0,21618.0,5.0,1.205,416.1,"December 16, 16",0.01205
0,2016-12-15,415.0,415.0,406.0,413.875,364.822144,18452.0,18452.0,-1.125,-0.271,411.625,"December 15, 16",-0.00271
0,2016-12-14,415.0,415.0,407.700012,415.0,365.813904,4455.0,4455.0,0.0,0.0,412.56667,"December 14, 16",0.0
0,2016-12-13,410.0,415.0,403.0,415.0,365.813904,47339.0,47339.0,5.0,1.22,411.0,"December 13, 16",0.0122
0,2016-12-12,402.0,410.0,401.75,405.25,357.219391,24723.0,24723.0,3.25,0.808,405.66667,"December 12, 16",0.00808
0,2016-12-09,402.25,405.0,402.25,405.0,356.999084,17019.0,17019.0,2.75,0.684,404.08333,"December 09, 16",0.00684
0,2016-12-08,402.25,403.388,400.619995,402.0,354.354645,19690.0,19690.0,-0.25,-0.062,402.00267,"December 08, 16",-0.00062
0,2016-12-07,399.0,404.040009,399.0,403.5,355.67688,34094.0,34094.0,4.5,1.128,402.18,"December 07, 16",0.01128
0,2016-12-06,399.0,404.920013,394.0,401.125,353.583405,37762.0,37762.0,2.125,0.533,400.015,"December 06, 16",0.00533
0,2016-12-05,399.0,399.0,394.0,399.0,351.710205,18789.0,18789.0,0.0,0.0,397.33333,"December 05, 16",0.0
0,2016-12-02,398.0,399.0,395.0,399.0,351.710205,15165.0,15165.0,1.0,0.251,397.66667,"December 02, 16",0.00251
0,2016-12-01,395.0,399.799988,394.494995,395.0,348.184265,12542.0,12542.0,0.0,0.0,396.43166,"December 01, 16",0.0
0,2016-11-30,401.0,401.0,395.0,401.0,353.473145,4713.0,4713.0,0.0,0.0,399.0,"November 30, 16",0.0
0,2016-11-29,395.0,398.600006,395.0,397.0,349.947296,17450.0,17450.0,2.0,0.506,396.86667,"November 29, 16",0.00506
0,2016-11-28,395.0,400.0,395.0,395.0,348.184265,9389.0,9389.0,0.0,0.0,396.66667,"November 28, 16",0.0
0,2016-11-25,395.0,398.899994,395.0,398.0,350.828766,10728.0,10728.0,3.0,0.759,397.3,"November 25, 16",0.00759
0,2016-11-24,401.0,401.0,395.0,400.0,352.591644,1626.0,1626.0,-1.0,-0.249,398.66667,"November 24, 16",-0.00249
0,2016-11-23,395.0,398.0,395.0,396.5,349.5065,12244.0,12244.0,1.5,0.38,396.5,"November 23, 16",0.0038
0,2016-11-22,395.25,400.0,395.25,396.5,349.5065,17371.0,17371.0,1.25,0.316,397.25,"November 22, 16",0.00316
0,2016-11-21,395.0,397.940002,395.0,395.0,348.184265,15313.0,15313.0,0.0,0.0,395.98,"November 21, 16",0.0
0,2016-11-18,397.0,401.0,395.0,398.25,351.049072,63533.0,63533.0,1.25,0.315,398.08333,"November 18, 16",0.00315
0,2016-11-17,400.0,401.0,395.5,401.0,353.473145,13065.0,13065.0,1.0,0.25,399.16667,"November 17, 16",0.0025
0,2016-11-16,399.5,402.899994,393.25,398.0,350.828766,20317.0,20317.0,-1.5,-0.375,398.05,"November 16, 16",-0.00375
0,2016-11-15,404.0,404.0,392.5,395.25,348.404663,12900.0,12900.0,-8.75,-2.166,397.25,"November 15, 16",-0.02166
0,2016-11-14,404.0,404.0,390.0,402.0,354.354645,11744.0,11744.0,-2.0,-0.495,398.66667,"November 14, 16",-0.00495
0,2016-11-11,401.0,401.0,393.5,401.0,353.473145,7691.0,7691.0,0.0,0.0,398.5,"November 11, 16",0.0
0,2016-11-10,400.0,401.0,395.600006,399.0,351.710205,16404.0,16404.0,-1.0,-0.25,398.53334,"November 10, 16",-0.0025
0,2016-11-09,390.0,401.0,390.0,395.0,348.184265,32500.0,32500.0,5.0,1.282,395.33333,"November 09, 16",0.01282
0,2016-11-08,398.25,404.0,390.213989,404.0,356.117615,11121.0,11121.0,5.75,1.444,399.40466,"November 08, 16",0.01444
0,2016-11-07,403.0,404.5,393.75,404.5,356.558289,17704.0,17704.0,1.5,0.372,400.91667,"November 07, 16",0.00372
0,2016-11-04,404.0,404.0,389.153015,402.0,354.354645,16308.0,16308.0,-2.0,-0.495,398.38434,"November 04, 16",-0.00495
0,2016-11-03,392.0,405.0,392.0,392.25,345.760162,16944.0,16944.0,0.25,0.064,396.41667,"November 03, 16",0.00064
0,2016-11-02,405.0,405.0,391.105988,403.0,355.236084,27112.0,27112.0,-2.0,-0.494,399.702,"November 02, 16",-0.00494
0,2016-11-01,405.0,405.0,395.25,405.0,356.999084,18261.0,18261.0,0.0,0.0,401.75,"November 01, 16",0.0
0,2016-10-31,403.0,403.0,389.299988,403.0,355.236084,18860.0,18860.0,0.0,0.0,398.43333,"October 31, 16",0.0
0,2016-10-28,401.75,401.75,393.450012,397.625,350.498138,11711.0,11711.0,-4.125,-1.027,397.60834,"October 28, 16",-0.01027
0,2016-10-27,403.0,403.5,394.0,403.5,355.67688,11925.0,11925.0,0.5,0.124,400.33333,"October 27, 16",0.00124
0,2016-10-26,403.0,403.0,390.0,400.5,353.03244,3882.0,3882.0,-2.5,-0.62,397.83333,"October 26, 16",-0.0062
0,2016-10-25,390.0,402.5,390.0,402.5,354.79538,4828.0,4828.0,12.5,3.205,398.33333,"October 25, 16",0.03205
0,2016-10-24,391.0,401.619995,391.0,391.0,344.658325,36732.0,36732.0,0.0,0.0,394.54,"October 24, 16",0.0
0,2016-10-21,402.0,402.0,390.0,397.0,349.947296,30768.0,30768.0,-5.0,-1.244,396.33333,"October 21, 16",-0.01244
0,2016-10-20,394.0,402.0,394.0,396.0,349.065765,31977.0,31977.0,2.0,0.508,397.33333,"October 20, 16",0.00508
0,2016-10-19,390.0,397.704987,390.0,395.5,348.625031,21653.0,21653.0,5.5,1.41,394.40166,"October 19, 16",0.0141
0,2016-10-18,392.0,396.5,392.0,392.25,345.760162,15248.0,15248.0,0.25,0.064,393.58333,"October 18, 16",0.00064
0,2016-10-17,395.0,396.0,390.0,390.0,343.776886,13696.0,13696.0,-5.0,-1.266,392.0,"October 17, 16",-0.01266
0,2016-10-14,391.0,396.25,390.0,395.0,348.184265,20505.0,20505.0,4.0,1.023,393.75,"October 14, 16",0.01023
0,2016-10-13,409.0,409.0,390.0,400.0,352.591644,149615.0,149615.0,-9.0,-2.2,399.66667,"October 13, 16",-0.022
0,2016-10-12,406.0,406.0,396.0,404.75,356.778656,31436.0,31436.0,-1.25,-0.308,402.25,"October 12, 16",-0.00308
0,2016-10-11,400.5,404.075012,397.299011,400.0,352.591644,33858.0,33858.0,-0.5,-0.125,400.45801,"October 11, 16",-0.00125
0,2016-10-10,402.0,414.0,400.0,410.0,361.406525,30954.0,30954.0,8.0,1.99,408.0,"October 10, 16",0.0199
0,2016-10-07,414.0,414.0,401.0,411.0,362.287933,31961.0,31961.0,-3.0,-0.725,408.66667,"October 07, 16",-0.00725
0,2016-10-06,400.75,410.399994,400.75,400.75,353.252777,16008.0,16008.0,0.0,0.0,403.96666,"October 06, 16",0.0
0,2016-10-05,406.0,416.0,401.0,401.0,353.473145,34026.0,34026.0,-5.0,-1.232,406.0,"October 05, 16",-0.01232
0,2016-10-04,397.0,421.0,397.0,403.5,355.67688,71846.0,71846.0,6.5,1.637,407.16667,"October 04, 16",0.01637
0,2016-10-03,403.0,406.5,393.76001,406.5,358.321228,32170.0,32170.0,3.5,0.868,402.25334,"October 03, 16",0.00868
0,2016-09-30,398.25,402.695007,392.079987,400.125,352.701813,12117.0,12117.0,1.875,0.471,398.3,"September 30, 16",0.00471
0,2016-09-29,403.0,403.0,397.0,400.125,352.701813,11565.0,11565.0,-2.875,-0.713,400.04167,"September 29, 16",-0.00713
0,2016-09-28,395.0,402.649994,393.75,402.0,354.354645,18041.0,18041.0,7.0,1.772,399.46666,"September 28, 16",0.01772
0,2016-09-27,400.0,400.0,393.554993,400.0,352.591644,13400.0,13400.0,0.0,0.0,397.85166,"September 27, 16",0.0
0,2016-09-26,399.75,399.75,394.890015,396.0,349.065765,15004.0,15004.0,-3.75,-0.938,396.88001,"September 26, 16",-0.00938
0,2016-09-23,404.0,404.0,397.5,404.0,356.117615,17671.0,17671.0,0.0,0.0,401.83333,"September 23, 16",0.0
0,2016-09-22,403.0,403.0,398.214996,403.0,355.236084,31198.0,31198.0,0.0,0.0,401.405,"September 22, 16",0.0
0,2016-09-21,404.0,404.0,395.0,404.0,356.117615,15309.0,15309.0,0.0,0.0,401.0,"September 21, 16",0.0
0,2016-09-20,402.0,402.0,396.0,402.0,354.354645,12205.0,12205.0,0.0,0.0,400.0,"September 20, 16",0.0
0,2016-09-19,397.0,402.0,395.0,397.0,349.947296,25573.0,25573.0,0.0,0.0,398.0,"September 19, 16",0.0
0,2016-09-16,385.25,397.75,385.25,397.75,350.608337,26060.0,26060.0,12.5,3.245,393.58333,"September 16, 16",0.03245
0,2016-09-15,389.25,394.929993,386.0,388.0,342.013885,17378.0,17378.0,-1.25,-0.321,389.64333,"September 15, 16",-0.00321
0,2016-09-14,383.0,396.0,383.0,388.5,342.454712,11409.0,11409.0,5.5,1.436,389.16667,"September 14, 16",0.01436
0,2016-09-13,383.0,394.049988,383.0,383.0,337.606506,10391.0,10391.0,0.0,0.0,386.68333,"September 13, 16",0.0
0,2016-09-12,383.0,395.0,383.0,383.0,337.606506,85559.0,85559.0,0.0,0.0,387.0,"September 12, 16",0.0
0,2016-09-09,390.0,399.920013,390.0,390.0,343.776886,30670.0,30670.0,0.0,0.0,393.30667,"September 09, 16",0.0
0,2016-09-08,390.0,398.437012,390.0,391.0,344.658325,31319.0,31319.0,1.0,0.256,393.14567,"September 08, 16",0.00256
0,2016-09-07,390.0,396.899994,390.0,390.0,343.776886,11185.0,11185.0,0.0,0.0,392.3,"September 07, 16",0.0
0,2016-09-06,390.0,396.899994,390.0,390.0,343.776886,15154.0,15154.0,0.0,0.0,392.3,"September 06, 16",0.0
0,2016-09-05,390.0,399.600006,390.0,390.0,343.776886,24181.0,24181.0,0.0,0.0,393.2,"September 05, 16",0.0
0,2016-09-02,393.75,400.0,389.0,390.0,343.776886,33108.0,33108.0,-3.75,-0.952,393.0,"September 02, 16",-0.00952
0,2016-09-01,390.0,393.75,386.25,391.75,345.319458,30084.0,30084.0,1.75,0.449,390.58333,"September 01, 16",0.00449
0,2016-08-31,389.0,392.0,384.450012,392.0,345.539825,19499.0,19499.0,3.0,0.771,389.48334,"August 31, 16",0.00771
0,2016-08-30,383.0,384.75,383.0,384.0,338.487946,13961.0,13961.0,1.0,0.261,383.91667,"August 30, 16",0.00261
0,2016-08-26,380.0,383.225006,380.0,380.0,334.962036,3182.0,3182.0,0.0,0.0,381.075,"August 26, 16",0.0
0,2016-08-25,381.0,388.549988,381.0,381.0,335.843567,14497.0,14497.0,0.0,0.0,383.51666,"August 25, 16",0.0
0,2016-08-24,382.200012,386.988007,382.200012,386.988007,341.121826,3050.0,3050.0,4.78799,1.253,385.39201,"August 24, 16",0.01253
0,2016-08-23,385.0,386.29599,380.0,380.0,334.962036,25232.0,25232.0,-5.0,-1.299,382.09866,"August 23, 16",-0.01299
0,2016-08-22,385.75,385.75,380.0,385.75,340.030579,10211.0,10211.0,0.0,0.0,383.83333,"August 22, 16",0.0
0,2016-08-19,385.0,385.174011,381.472992,385.0,339.369476,48033.0,48033.0,0.0,0.0,383.88233,"August 19, 16",0.0
0,2016-08-18,384.0,385.0,383.0,385.0,339.369476,7144.0,7144.0,1.0,0.26,384.33333,"August 18, 16",0.0026
0,2016-08-17,384.0,384.0,376.920013,378.375,333.529694,11246.0,11246.0,-5.625,-1.465,379.765,"August 17, 16",-0.01465
0,2016-08-16,380.0,383.312988,375.279999,380.75,335.623199,12391.0,12391.0,0.75,0.197,379.781,"August 16, 16",0.00197
0,2016-08-15,380.0,384.238007,376.0,379.25,334.300964,14544.0,14544.0,-0.75,-0.197,379.82934,"August 15, 16",-0.00197
0,2016-08-12,380.0,380.0,374.75,380.0,334.962036,15931.0,15931.0,0.0,0.0,378.25,"August 12, 16",0.0
0,2016-08-11,380.0,380.0,375.0,380.0,334.962036,26257.0,26257.0,0.0,0.0,378.33333,"August 11, 16",0.0
0,2016-08-10,375.0,380.5,368.875,376.875,332.207489,22164.0,22164.0,1.875,0.5,375.41667,"August 10, 16",0.005
0,2016-08-09,370.0,373.0,363.0,373.0,328.791718,15571.0,15571.0,3.0,0.811,369.66667,"August 09, 16",0.00811
0,2016-08-08,361.549988,370.0,361.549988,365.875,322.5112,10496.0,10496.0,4.32501,1.196,365.80833,"August 08, 16",0.01196
0,2016-08-05,367.0,368.710999,357.0,357.0,314.688049,20596.0,20596.0,-10.0,-2.725,360.90367,"August 05, 16",-0.02725
0,2016-08-04,358.299988,364.76001,355.0,361.0,318.213989,15859.0,15859.0,2.70001,0.754,360.25334,"August 04, 16",0.00754
0,2016-08-03,363.0,369.653015,363.0,368.0,324.384369,14862.0,14862.0,5.0,1.377,366.88434,"August 03, 16",0.01377
0,2016-08-02,362.0,372.118988,361.0,363.75,320.638062,28732.0,28732.0,1.75,0.483,365.623,"August 02, 16",0.00483
0,2016-08-01,372.399994,372.399994,365.440002,366.375,322.951965,5151.0,5151.0,-6.02499,-1.618,368.07167,"August 01, 16",-0.01618
0,2016-07-29,364.25,370.75,362.687988,370.75,326.808411,56479.0,56479.0,6.5,1.784,368.06266,"July 29, 16",0.01784
0,2016-07-28,366.75,372.69101,359.390991,364.0,320.858429,21901.0,21901.0,-2.75,-0.75,365.36067,"July 28, 16",-0.0075
0,2016-07-27,369.0,369.0,358.25,360.0,317.332489,16250.0,16250.0,-9.0,-2.439,362.41667,"July 27, 16",-0.02439
0,2016-07-26,367.0,367.0,360.088013,363.5,320.417664,18147.0,18147.0,-3.5,-0.954,363.52934,"July 26, 16",-0.00954
0,2016-07-25,361.25,366.0,357.0,366.0,322.621399,28862.0,28862.0,4.75,1.315,363.0,"July 25, 16",0.01315
0,2016-07-22,358.25,365.0,357.200012,361.0,318.213989,25338.0,25338.0,2.75,0.768,361.06667,"July 22, 16",0.00768
0,2016-07-21,365.0,365.0,359.0,365.0,321.739868,17179.0,17179.0,0.0,0.0,363.0,"July 21, 16",0.0
0,2016-07-20,360.0,363.0,356.100006,362.0,319.095428,35570.0,35570.0,2.0,0.556,360.36667,"July 20, 16",0.00556
0,2016-07-19,360.0,360.0,349.0,360.0,317.332489,16290.0,16290.0,0.0,0.0,356.33333,"July 19, 16",0.0
0,2016-07-18,354.75,357.062988,347.0,354.375,312.374176,20426.0,20426.0,-0.375,-0.106,352.81266,"July 18, 16",-0.00106
0,2016-07-15,349.600006,353.704987,349.0,350.375,308.848297,9475.0,9475.0,0.77499,0.222,351.02666,"July 15, 16",0.00222
0,2016-07-14,350.75,351.744995,347.899994,349.875,308.407532,12322.0,12322.0,-0.875,-0.249,349.84,"July 14, 16",-0.00249
0,2016-07-13,344.0,350.0,340.0,340.0,299.702881,20289.0,20289.0,-4.0,-1.163,343.33333,"July 13, 16",-0.01163
0,2016-07-12,346.5,347.0,338.320007,346.375,305.322357,43632.0,43632.0,-0.125,-0.036,343.89834,"July 12, 16",-0.00036
0,2016-07-11,332.0,348.0,329.0,348.0,306.75473,66213.0,66213.0,16.0,4.819,341.66667,"July 11, 16",0.04819
0,2016-07-08,335.0,335.0,331.0,333.5,293.973328,74136.0,74136.0,-1.5,-0.448,333.16667,"July 08, 16",-0.00448
0,2016-07-07,334.0,335.110992,331.5,332.0,292.651093,50188.0,50188.0,-2.0,-0.599,332.87033,"July 07, 16",-0.00599
0,2016-07-06,335.0,335.5,331.0,334.0,294.414001,50840.0,50840.0,-1.0,-0.299,333.5,"July 06, 16",-0.00299
0,2016-07-05,334.17099,340.399994,334.17099,337.5,297.499237,60372.0,60372.0,3.32901,0.996,337.35699,"July 05, 16",0.00996
0,2016-07-04,343.0,350.700012,337.975006,343.5,302.788116,51212.0,51212.0,0.5,0.146,344.05834,"July 04, 16",0.00146
0,2016-07-01,345.0,351.600006,344.0,347.0,305.87323,50700.0,50700.0,2.0,0.58,347.53334,"July 01, 16",0.0058
0,2016-06-30,345.0,355.0,344.188995,347.0,305.87323,28674.0,28674.0,2.0,0.58,348.72967,"June 30, 16",0.0058
0,2016-06-29,358.0,358.0,345.0,356.0,313.80661,23454.0,23454.0,-2.0,-0.559,353.0,"June 29, 16",-0.00559
0,2016-06-28,344.0,353.75,343.0,345.0,304.110291,27183.0,27183.0,1.0,0.291,347.25,"June 28, 16",0.00291
0,2016-06-27,347.5,360.649994,342.0,342.0,301.465881,28785.0,28785.0,-5.5,-1.583,348.21666,"June 27, 16",-0.01583
0,2016-06-24,355.0,371.0,340.873993,367.0,323.502838,170493.0,170493.0,12.0,3.38,359.62466,"June 24, 16",0.0338
0,2016-06-23,383.5,384.5,376.0,384.5,338.928772,38487.0,38487.0,1.0,0.261,381.66667,"June 23, 16",0.00261
0,2016-06-22,382.0,382.0,373.0,382.0,336.725006,24160.0,24160.0,0.0,0.0,379.0,"June 22, 16",0.0
0,2016-06-21,382.0,382.0,372.0,379.75,334.74176,17018.0,17018.0,-2.25,-0.589,377.91667,"June 21, 16",-0.00589
0,2016-06-20,380.0,381.653015,372.0,376.875,332.207489,23068.0,23068.0,-3.125,-0.822,376.84267,"June 20, 16",-0.00822
0,2016-06-17,365.0,372.0,363.0,372.0,327.910248,29950.0,29950.0,7.0,1.918,369.0,"June 17, 16",0.01918
0,2016-06-16,372.0,375.0,362.0,362.0,319.095428,42426.0,42426.0,-10.0,-2.688,366.33333,"June 16, 16",-0.02688
0,2016-06-15,377.0,377.0,367.5,377.0,332.317627,9887.0,9887.0,0.0,0.0,373.83333,"June 15, 16",0.0
0,2016-06-14,382.0,383.359985,366.246002,367.0,323.502838,57293.0,57293.0,-15.0,-3.927,372.202,"June 14, 16",-0.03927
0,2016-06-13,384.0,387.5,384.0,384.0,338.487946,23908.0,23908.0,0.0,0.0,385.16667,"June 13, 16",0.0
0,2016-06-10,387.0,393.091003,387.0,387.0,341.132446,31899.0,31899.0,0.0,0.0,389.03033,"June 10, 16",0.0
0,2016-06-09,387.0,392.600006,387.0,390.5,344.217682,30221.0,30221.0,3.5,0.904,390.03334,"June 09, 16",0.00904
0,2016-06-08,394.5,394.5,388.0,394.5,347.74353,16425.0,16425.0,0.0,0.0,392.33333,"June 08, 16",0.0
0,2016-06-07,388.0,395.0,388.0,388.0,342.013885,27658.0,27658.0,0.0,0.0,390.33333,"June 07, 16",0.0
0,2016-06-06,387.0,394.700012,387.0,390.0,343.776886,51836.0,51836.0,3.0,0.775,390.56667,"June 06, 16",0.00775
0,2016-06-03,385.0,390.809998,385.0,389.0,342.895355,6957.0,6957.0,4.0,1.039,388.27,"June 03, 16",0.01039
0,2016-06-02,385.0,391.5,385.0,391.5,345.099091,35210.0,35210.0,6.5,1.688,389.33333,"June 02, 16",0.01688
0,2016-06-01,385.0,391.0,385.0,385.0,339.369476,18546.0,18546.0,0.0,0.0,387.0,"June 01, 16",0.0
0,2016-05-31,385.0,390.5,385.0,390.5,344.217682,18970.0,18970.0,5.5,1.429,388.66667,"May 31, 16",0.01429
0,2016-05-27,390.040009,390.040009,385.059998,388.0,342.013885,18126.0,18126.0,-2.04001,-0.523,387.7,"May 27, 16",-0.00523
0,2016-05-26,382.0,389.75,382.0,385.0,339.369476,25207.0,25207.0,3.0,0.785,385.58333,"May 26, 16",0.00785
0,2016-05-25,382.0,389.600006,382.0,382.0,336.725006,14858.0,14858.0,0.0,0.0,384.53334,"May 25, 16",0.0
0,2016-05-24,380.0,386.299988,380.0,381.0,335.843567,9018.0,9018.0,1.0,0.263,382.43333,"May 24, 16",0.00263
0,2016-05-23,385.0,386.0,379.660004,386.0,340.250916,51231.0,51231.0,1.0,0.26,383.88667,"May 23, 16",0.0026
0,2016-05-20,385.0,385.0,379.0,385.0,339.369476,30921.0,30921.0,0.0,0.0,383.0,"May 20, 16",0.0
0,2016-05-19,377.0,384.600006,377.0,377.0,332.317627,33026.0,33026.0,0.0,0.0,379.53334,"May 19, 16",0.0
0,2016-05-18,378.0,381.839996,378.0,381.0,335.843567,38515.0,38515.0,3.0,0.794,380.28,"May 18, 16",0.00794
0,2016-05-17,381.920013,381.920013,378.880005,381.5,336.284302,12311.0,12311.0,-0.42001,-0.11,380.76667,"May 17, 16",-0.0011
0,2016-05-16,384.5,384.5,378.065002,384.5,338.928772,13624.0,13624.0,0.0,0.0,382.355,"May 16, 16",0.0
0,2016-05-13,384.0,384.0,378.059998,384.0,338.487946,17409.0,17409.0,0.0,0.0,382.02,"May 13, 16",0.0
0,2016-05-12,377.0,383.720001,377.0,377.0,332.317627,3662.0,3662.0,0.0,0.0,379.24,"May 12, 16",0.0
0,2016-05-11,378.0,383.0,378.0,383.0,337.606506,44359.0,44359.0,5.0,1.323,381.33333,"May 11, 16",0.01323
0,2016-05-10,384.75,386.0,378.0,381.0,335.843567,52329.0,52329.0,-3.75,-0.975,381.66667,"May 10, 16",-0.00975
0,2016-05-09,385.0,385.0,378.0,380.5,335.402863,15722.0,15722.0,-4.5,-1.169,381.16667,"May 09, 16",-0.01169
0,2016-05-06,377.0,380.088013,376.5,376.5,331.876923,19175.0,19175.0,-0.5,-0.133,377.696,"May 06, 16",-0.00133
0,2016-05-05,384.75,384.75,380.238007,384.75,339.14917,48093.0,48093.0,0.0,0.0,383.246,"May 05, 16",0.0
0,2016-05-04,379.0,384.75,379.0,380.0,334.962036,12532.0,12532.0,1.0,0.264,381.25,"May 04, 16",0.00264
0,2016-05-03,383.0,385.700012,379.350006,383.0,337.606506,40999.0,40999.0,0.0,0.0,382.68334,"May 03, 16",0.0
0,2016-04-29,386.5,386.5,378.712006,379.0,334.080597,36691.0,36691.0,-7.5,-1.94,381.404,"April 29, 16",-0.0194
0,2016-04-28,380.0,385.25,380.0,380.0,334.962036,23048.0,23048.0,0.0,0.0,381.75,"April 28, 16",0.0
0,2016-04-27,384.0,391.125,384.0,384.0,338.487946,39640.0,39640.0,0.0,0.0,386.375,"April 27, 16",0.0
0,2016-04-26,388.0,391.600006,384.799988,388.0,342.013885,65420.0,65420.0,0.0,0.0,388.13333,"April 26, 16",0.0
0,2016-04-25,386.0,390.0,382.0,390.0,343.776886,49605.0,49605.0,4.0,1.036,387.33333,"April 25, 16",0.01036
0,2016-04-22,389.0,389.0,382.5,385.0,339.369476,135385.0,135385.0,-4.0,-1.028,385.5,"April 22, 16",-0.01028
0,2016-04-21,389.0,389.0,382.950012,387.0,341.132446,35859.0,35859.0,-2.0,-0.514,386.31667,"April 21, 16",-0.00514
0,2016-04-20,384.0,389.713013,384.0,384.0,338.487946,33803.0,33803.0,0.0,0.0,385.90434,"April 20, 16",0.0
0,2016-04-19,390.0,390.0,385.850006,389.5,343.336151,18840.0,18840.0,-0.5,-0.128,388.45,"April 19, 16",-0.00128
0,2016-04-18,389.0,389.0,383.100006,385.25,339.589844,48073.0,48073.0,-3.75,-0.964,385.78334,"April 18, 16",-0.00964
0,2016-04-15,389.0,389.0,385.899994,389.0,342.895355,56729.0,56729.0,0.0,0.0,387.96666,"April 15, 16",0.0
0,2016-04-14,389.0,389.0,385.899994,388.5,342.454712,11469.0,11469.0,-0.5,-0.129,387.8,"April 14, 16",-0.00129
0,2016-04-13,389.0,389.0,381.0,389.0,342.895355,43918.0,43918.0,0.0,0.0,386.33333,"April 13, 16",0.0
0,2016-04-12,379.75,384.0,379.75,379.75,334.74176,54913.0,54913.0,0.0,0.0,381.16667,"April 12, 16",0.0
0,2016-04-11,384.0,384.0,381.165009,381.75,336.5047,44790.0,44790.0,-2.25,-0.586,382.305,"April 11, 16",-0.00586
0,2016-04-08,379.0,384.295013,374.5,381.5,336.284302,138350.0,138350.0,2.5,0.66,380.09834,"April 08, 16",0.0066
0,2016-04-07,373.0,379.0,373.0,373.0,328.791718,17323.0,17323.0,0.0,0.0,375.0,"April 07, 16",0.0
0,2016-04-06,370.0,377.0,362.0,377.0,332.317627,48861.0,48861.0,7.0,1.892,372.0,"April 06, 16",0.01892
0,2016-04-05,367.0,367.0,361.959991,367.0,323.502838,40846.0,40846.0,0.0,0.0,365.32,"April 05, 16",0.0
0,2016-04-04,363.0,369.057007,363.0,363.0,319.976959,31813.0,31813.0,0.0,0.0,365.019,"April 04, 16",0.0
0,2016-04-01,365.0,369.154999,361.25,363.0,319.976959,50224.0,50224.0,-2.0,-0.548,364.46833,"April 01, 16",-0.00548
0,2016-03-31,363.5,369.950012,363.5,365.0,321.739868,30301.0,30301.0,1.5,0.413,366.15,"March 31, 16",0.00413
0,2016-03-30,363.0,367.0,363.0,364.0,320.858429,23646.0,23646.0,1.0,0.275,364.66667,"March 30, 16",0.00275
0,2016-03-29,361.0,367.899994,361.0,361.0,318.213989,37739.0,37739.0,0.0,0.0,363.3,"March 29, 16",0.0
0,2016-03-24,361.0,364.464996,361.0,361.0,318.213989,36562.0,36562.0,0.0,0.0,362.155,"March 24, 16",0.0
0,2016-03-23,362.0,367.339996,362.0,365.0,321.739868,22639.0,22639.0,3.0,0.829,364.78,"March 23, 16",0.00829
0,2016-03-22,363.674988,366.894989,361.0,364.75,321.519501,45684.0,45684.0,1.07501,0.296,364.215,"March 22, 16",0.00296
0,2016-03-21,362.0,367.5,360.799988,362.0,319.095428,27075.0,27075.0,0.0,0.0,363.43333,"March 21, 16",0.0
0,2016-03-18,360.0,364.0,359.766998,360.0,317.332489,43591.0,43591.0,0.0,0.0,361.25567,"March 18, 16",0.0
0,2016-03-17,363.0,368.0,360.0,360.5,317.773285,54992.0,54992.0,-2.5,-0.689,362.83333,"March 17, 16",-0.00689
0,2016-03-16,363.0,367.040009,360.75,360.75,317.993622,34102.0,34102.0,-2.25,-0.62,362.84667,"March 16, 16",-0.0062
0,2016-03-15,371.0,371.0,363.0,371.0,327.028778,32959.0,32959.0,0.0,0.0,368.33333,"March 15, 16",0.0
0,2016-03-14,372.0,372.0,364.079987,371.0,327.028778,26320.0,26320.0,-1.0,-0.269,369.02666,"March 14, 16",-0.00269
0,2016-03-11,372.0,372.0,364.0,370.5,326.588074,24063.0,24063.0,-1.5,-0.403,368.83333,"March 11, 16",-0.00403
0,2016-03-10,372.0,372.0,362.0,368.0,324.384369,27171.0,27171.0,-4.0,-1.075,367.33333,"March 10, 16",-0.01075
0,2016-03-09,365.0,371.075012,365.0,365.0,321.739868,49869.0,49869.0,0.0,0.0,367.025,"March 09, 16",0.0
0,2016-03-08,373.0,373.0,365.0,365.0,321.739868,52173.0,52173.0,-8.0,-2.145,367.66667,"March 08, 16",-0.02145
0,2016-03-07,373.0,375.0,368.0,375.0,330.554688,17135.0,17135.0,2.0,0.536,372.66667,"March 07, 16",0.00536
0,2016-03-04,373.0,373.0,366.0,366.0,322.621399,25953.0,25953.0,-7.0,-1.877,368.33333,"March 04, 16",-0.01877
0,2016-03-03,373.0,373.0,365.0,373.0,328.791718,42831.0,42831.0,0.0,0.0,370.33333,"March 03, 16",0.0
0,2016-03-02,365.0,371.079987,364.562988,365.0,321.739868,70693.0,70693.0,0.0,0.0,366.88099,"March 02, 16",0.0
0,2016-03-01,361.75,369.0,361.75,362.0,319.095428,41219.0,41219.0,0.25,0.069,364.25,"March 01, 16",0.00069
0,2016-02-29,356.5,364.0,356.5,359.25,316.671448,51976.0,51976.0,2.75,0.771,359.91667,"February 29, 16",0.00771
0,2016-02-26,358.0,364.75,358.0,359.0,316.45108,42575.0,42575.0,1.0,0.279,360.58333,"February 26, 16",0.00279
0,2016-02-25,357.0,362.174988,355.388,357.0,314.688049,18341.0,18341.0,0.0,0.0,358.18766,"February 25, 16",0.0
0,2016-02-24,358.0,364.0,358.0,358.0,315.569519,54139.0,54139.0,0.0,0.0,360.0,"February 24, 16",0.0
0,2016-02-23,362.0,364.880005,358.0,361.5,318.654694,23753.0,23753.0,-0.5,-0.138,361.46,"February 23, 16",-0.00138
0,2016-02-22,362.25,366.390015,362.25,362.25,319.315857,18292.0,18292.0,0.0,0.0,363.63001,"February 22, 16",0.0
0,2016-02-19,359.399994,367.0,359.321991,362.625,319.646423,43992.0,43992.0,3.22501,0.897,362.98233,"February 19, 16",0.00897
0,2016-02-18,367.0,367.0,359.25,359.25,316.671448,17286.0,17286.0,-7.75,-2.112,361.83333,"February 18, 16",-0.02112
0,2016-02-17,357.75,364.713013,357.605011,359.25,316.671448,43383.0,43383.0,1.5,0.419,360.52267,"February 17, 16",0.00419
0,2016-02-16,360.5,361.0,354.993011,357.625,315.238922,23440.0,23440.0,-2.875,-0.798,357.87267,"February 16, 16",-0.00798
