,date,open,high,low,close,adjClose,volume,unadjustedVolume,change,changePercent,vwap,label,changeOverTime
0,2021-02-12,7.1,7.11,6.72,6.98,6.98,325680.0,325680.0,-0.12,-1.69,6.93667,"February 12, 21",-0.0169
0,2021-02-11,7.19,7.3,6.95,6.99,6.99,470800.0,470800.0,-0.2,-2.782,7.08,"February 11, 21",-0.02782
0,2021-02-10,7.58,7.59,7.12,7.4,7.4,788100.0,788100.0,-0.18,-2.375,7.37,"February 10, 21",-0.02375
0,2021-02-09,8.0,8.16,7.9,8.06,8.06,849400.0,849400.0,0.06,0.75,8.04,"February 09, 21",0.0075
0,2021-02-08,7.44,7.64,7.44,7.59,7.59,430100.0,430100.0,0.15,2.016,7.55667,"February 08, 21",0.02016
0,2021-02-05,7.35,7.6,7.28,7.39,7.39,670400.0,670400.0,0.04,0.544,7.42333,"February 05, 21",0.00544
0,2021-02-04,7.5,7.58,7.08,7.25,7.25,754600.0,754600.0,-0.25,-3.333,7.30333,"February 04, 21",-0.03333
0,2021-02-03,7.15,7.85,7.1,7.63,7.63,1219700.0,1219700.0,0.48,6.713,7.52667,"February 03, 21",0.06713
0,2021-02-02,6.83,7.08,6.55,7.01,7.01,379400.0,379400.0,0.18,2.635,6.88,"February 02, 21",0.02635
0,2021-02-01,7.01,7.08,6.68,6.81,6.81,317500.0,317500.0,-0.2,-2.853,6.85667,"February 01, 21",-0.02853
0,2021-01-29,6.45,6.55,6.38,6.47,6.47,139600.0,139600.0,0.02,0.31,6.46667,"January 29, 21",0.0031
0,2021-01-28,6.63,6.66,6.37,6.4,6.4,151800.0,151800.0,-0.23,-3.469,6.47667,"January 28, 21",-0.03469
0,2021-01-27,6.7,6.78,6.46,6.51,6.51,168600.0,168600.0,-0.19,-2.836,6.58333,"January 27, 21",-0.02836
0,2021-01-26,6.84,6.89,6.73,6.73,6.73,74200.0,74200.0,-0.11,-1.608,6.78333,"January 26, 21",-0.01608
0,2021-01-25,6.92,6.94,6.6,6.81,6.81,111100.0,111100.0,-0.11,-1.59,6.78333,"January 25, 21",-0.0159
0,2021-01-22,6.7,6.95,6.67,6.95,6.95,129200.0,129200.0,0.25,3.731,6.85667,"January 22, 21",0.03731
0,2021-01-21,7.0,7.0,6.69,6.74,6.74,168600.0,168600.0,-0.26,-3.714,6.81,"January 21, 21",-0.03714
0,2021-01-20,7.16,7.2,6.91,6.96,6.96,137700.0,137700.0,-0.2,-2.793,7.02333,"January 20, 21",-0.02793
0,2021-01-19,7.14,7.16,6.91,7.15,7.15,162100.0,162100.0,0.01,0.14,7.07333,"January 19, 21",0.0014
0,2021-01-15,7.11,7.15,6.85,6.96,6.96,159300.0,159300.0,-0.15,-2.11,6.98667,"January 15, 21",-0.0211
0,2021-01-14,7.06,7.29,7.0,7.23,7.23,137500.0,137500.0,0.17,2.408,7.17333,"January 14, 21",0.02408
0,2021-01-13,7.12,7.21,6.98,7.06,7.06,165900.0,165900.0,-0.06,-0.843,7.08333,"January 13, 21",-0.00843
0,2021-01-12,7.37,7.39,6.85,7.04,7.04,264100.0,264100.0,-0.33,-4.478,7.09333,"January 12, 21",-0.04478
0,2021-01-11,6.91,7.24,6.88,7.19,7.19,269700.0,269700.0,0.28,4.052,7.10333,"January 11, 21",0.04052
0,2021-01-08,6.67,6.72,6.53,6.61,6.61,89100.0,89100.0,-0.06,-0.9,6.62,"January 08, 21",-0.009
0,2021-01-07,6.53,6.63,6.5,6.63,6.63,119000.0,119000.0,0.1,1.531,6.58667,"January 07, 21",0.01531
0,2021-01-06,6.5,6.59,6.42,6.49,6.49,161600.0,161600.0,-0.01,-0.154,6.5,"January 06, 21",-0.00154
0,2021-01-05,6.5,6.59,6.5,6.53,6.53,140400.0,140400.0,0.03,0.462,6.54,"January 05, 21",0.00462
0,2021-01-04,6.49,6.52,6.37,6.48,6.48,150200.0,150200.0,-0.01,-0.154,6.45667,"January 04, 21",-0.00154
0,2020-12-31,6.52,6.52,6.35,6.48,6.48,265100.0,265100.0,-0.04,-0.613,6.45,"December 31, 20",-0.00613
0,2020-12-30,6.5,6.59,6.47,6.53,6.53,314100.0,314100.0,0.03,0.462,6.53,"December 30, 20",0.00462
0,2020-12-29,6.38,6.59,6.38,6.57,6.57,208900.0,208900.0,0.19,2.978,6.51333,"December 29, 20",0.02978
0,2020-12-28,6.63,6.63,6.39,6.43,6.43,208400.0,208400.0,-0.2,-3.017,6.48333,"December 28, 20",-0.03017
0,2020-12-24,6.51,6.64,6.47,6.6,6.6,38800.0,38800.0,0.09,1.382,6.57,"December 24, 20",0.01382
0,2020-12-23,6.48,6.59,6.44,6.53,6.53,248000.0,248000.0,0.05,0.772,6.52,"December 23, 20",0.00772
0,2020-12-22,6.52,6.59,6.31,6.43,6.43,282300.0,282300.0,-0.09,-1.38,6.44333,"December 22, 20",-0.0138
0,2020-12-21,6.37,6.5,6.32,6.4,6.4,227200.0,227200.0,0.03,0.471,6.40667,"December 21, 20",0.00471
0,2020-12-18,6.49,6.57,6.32,6.33,6.33,741600.0,741600.0,-0.16,-2.465,6.40667,"December 18, 20",-0.02465
0,2020-12-17,6.45,6.62,6.45,6.47,6.47,101500.0,101500.0,0.02,0.31,6.51333,"December 17, 20",0.0031
0,2020-12-16,6.45,6.54,6.45,6.49,6.49,93200.0,93200.0,0.04,0.62,6.49333,"December 16, 20",0.0062
0,2020-12-15,6.44,6.54,6.36,6.5,6.5,143800.0,143800.0,0.06,0.932,6.46667,"December 15, 20",0.00932
0,2020-12-14,6.38,6.66,6.37,6.51,6.51,158200.0,158200.0,0.13,2.038,6.51333,"December 14, 20",0.02038
0,2020-12-11,6.39,6.44,6.24,6.3,6.3,80500.0,80500.0,-0.09,-1.408,6.32667,"December 11, 20",-0.01408
0,2020-12-10,6.39,6.52,6.31,6.45,6.45,128100.0,128100.0,0.06,0.939,6.42667,"December 10, 20",0.00939
0,2020-12-09,6.49,6.49,6.23,6.32,6.32,193500.0,193500.0,-0.17,-2.619,6.34667,"December 09, 20",-0.02619
0,2020-12-08,6.73,6.73,6.35,6.55,6.55,258800.0,258800.0,-0.18,-2.675,6.54333,"December 08, 20",-0.02675
0,2020-12-07,6.76,6.76,6.65,6.7,6.7,69100.0,69100.0,-0.06,-0.888,6.70333,"December 07, 20",-0.00888
0,2020-12-04,6.72,6.75,6.64,6.71,6.71,57800.0,57800.0,-0.01,-0.149,6.7,"December 04, 20",-0.00149
0,2020-12-03,6.72,6.79,6.68,6.76,6.76,107500.0,107500.0,0.04,0.595,6.74333,"December 03, 20",0.00595
0,2020-12-02,6.73,6.78,6.6,6.75,6.75,66000.0,66000.0,0.02,0.297,6.71,"December 02, 20",0.00297
0,2020-12-01,6.79,6.87,6.7,6.74,6.74,66500.0,66500.0,-0.05,-0.736,6.77,"December 01, 20",-0.00736
0,2020-11-30,6.85,6.85,6.74,6.78,6.78,77700.0,77700.0,-0.07,-1.022,6.79,"November 30, 20",-0.01022
0,2020-11-27,6.65,6.82,6.63,6.8,6.8,95000.0,95000.0,0.15,2.256,6.75,"November 27, 20",0.02256
0,2020-11-25,6.63,6.78,6.59,6.62,6.62,149200.0,149200.0,-0.01,-0.151,6.66333,"November 25, 20",-0.00151
0,2020-11-24,6.71,6.91,6.57,6.68,6.68,334700.0,334700.0,-0.03,-0.447,6.72,"November 24, 20",-0.00447
0,2020-11-23,6.76,6.78,6.59,6.64,6.64,153400.0,153400.0,-0.12,-1.775,6.67,"November 23, 20",-0.01775
0,2020-11-20,6.71,6.83,6.64,6.78,6.78,68700.0,68700.0,0.07,1.043,6.75,"November 20, 20",0.01043
0,2020-11-19,6.64,6.77,6.61,6.68,6.68,97600.0,97600.0,0.04,0.602,6.68667,"November 19, 20",0.00602
0,2020-11-18,6.65,6.76,6.56,6.56,6.56,133900.0,133900.0,-0.09,-1.353,6.62667,"November 18, 20",-0.01353
0,2020-11-17,6.7,6.84,6.51,6.66,6.66,186000.0,186000.0,-0.04,-0.597,6.67,"November 17, 20",-0.00597
0,2020-11-16,6.85,6.93,6.76,6.9,6.9,134200.0,134200.0,0.05,0.73,6.86333,"November 16, 20",0.0073
0,2020-11-13,6.53,6.8,6.51,6.66,6.66,138000.0,138000.0,0.13,1.991,6.65667,"November 13, 20",0.01991
0,2020-11-12,6.58,6.66,6.4,6.54,6.54,241000.0,241000.0,-0.04,-0.608,6.53333,"November 12, 20",-0.00608
0,2020-11-11,6.66,6.66,6.22,6.39,6.39,363400.0,363400.0,-0.27,-4.054,6.42333,"November 11, 20",-0.04054
0,2020-11-10,6.56,6.61,6.35,6.41,6.41,319800.0,319800.0,-0.15,-2.287,6.45667,"November 10, 20",-0.02287
0,2020-11-09,7.03,7.03,6.45,6.57,6.57,515100.0,515100.0,-0.46,-6.543,6.68333,"November 09, 20",-0.06543
0,2020-11-06,7.3,7.34,7.14,7.33,7.33,139000.0,139000.0,0.03,0.411,7.27,"November 06, 20",0.00411
0,2020-11-05,7.46,7.46,7.26,7.32,7.32,245200.0,245200.0,-0.14,-1.877,7.34667,"November 05, 20",-0.01877
0,2020-11-04,7.39,7.48,7.33,7.4,7.4,185100.0,185100.0,0.01,0.135,7.40333,"November 04, 20",0.00135
0,2020-11-03,7.45,7.47,7.21,7.29,7.29,66200.0,66200.0,-0.16,-2.148,7.32333,"November 03, 20",-0.02148
0,2020-11-02,7.35,7.5,7.12,7.38,7.38,128900.0,128900.0,0.03,0.408,7.33333,"November 02, 20",0.00408
0,2020-10-30,7.09,7.24,6.96,7.15,7.15,127500.0,127500.0,0.06,0.846,7.11667,"October 30, 20",0.00846
0,2020-10-29,7.14,7.2,7.03,7.1,7.1,133700.0,133700.0,-0.04,-0.56,7.11,"October 29, 20",-0.0056
0,2020-10-28,7.27,7.3,6.89,7.23,7.23,279600.0,279600.0,-0.04,-0.55,7.14,"October 28, 20",-0.0055
0,2020-10-27,7.68,7.74,7.46,7.62,7.62,163900.0,163900.0,-0.06,-0.781,7.60667,"October 27, 20",-0.00781
0,2020-10-26,8.04,8.09,7.82,7.86,7.86,183700.0,183700.0,-0.18,-2.239,7.92333,"October 26, 20",-0.02239
0,2020-10-23,8.35,8.43,8.33,8.38,8.38,54400.0,54400.0,0.03,0.359,8.38,"October 23, 20",0.00359
0,2020-10-22,8.2,8.38,8.13,8.33,8.33,62900.0,62900.0,0.13,1.585,8.28,"October 22, 20",0.01585
0,2020-10-21,8.44,8.44,8.24,8.3,8.3,136900.0,136900.0,-0.14,-1.659,8.32667,"October 21, 20",-0.01659
0,2020-10-20,8.75,8.78,8.4,8.46,8.46,211700.0,211700.0,-0.29,-3.314,8.54667,"October 20, 20",-0.03314
0,2020-10-19,8.8,8.85,8.25,8.41,8.41,541900.0,541900.0,-0.39,-4.432,8.50333,"October 19, 20",-0.04432
0,2020-10-16,8.0,8.13,7.94,7.95,7.95,173000.0,173000.0,-0.05,-0.625,8.00667,"October 16, 20",-0.00625
0,2020-10-15,7.87,8.01,7.86,7.94,7.94,144800.0,144800.0,0.07,0.889,7.93667,"October 15, 20",0.00889
0,2020-10-14,8.09,8.09,7.9,7.9,7.9,69800.0,69800.0,-0.19,-2.349,7.96333,"October 14, 20",-0.02349
0,2020-10-13,7.82,8.21,7.82,7.96,7.96,371500.0,371500.0,0.14,1.79,7.99667,"October 13, 20",0.0179
0,2020-10-12,8.02,8.02,7.82,7.88,7.88,145900.0,145900.0,-0.14,-1.746,7.90667,"October 12, 20",-0.01746
0,2020-10-09,8.03,8.1,7.87,8.09,8.09,128700.0,128700.0,0.06,0.747,8.02,"October 09, 20",0.00747
0,2020-10-08,8.03,8.1,7.92,8.03,8.03,103500.0,103500.0,0.0,0.0,8.01667,"October 08, 20",0.0
0,2020-10-07,8.06,8.07,7.9,7.96,7.96,175700.0,175700.0,-0.1,-1.241,7.97667,"October 07, 20",-0.01241
0,2020-10-06,8.32,8.45,8.09,8.13,8.13,95300.0,95300.0,-0.19,-2.284,8.22333,"October 06, 20",-0.02284
0,2020-10-05,8.12,8.35,8.11,8.27,8.27,89900.0,89900.0,0.15,1.847,8.24333,"October 05, 20",0.01847
0,2020-10-02,8.2,8.27,7.96,8.01,8.01,157300.0,157300.0,-0.19,-2.317,8.08,"October 02, 20",-0.02317
0,2020-10-01,8.23,8.25,8.0,8.09,8.09,149500.0,149500.0,-0.14,-1.701,8.11333,"October 01, 20",-0.01701
0,2020-09-30,8.33,8.77,8.24,8.36,8.36,277500.0,277500.0,0.03,0.36,8.45667,"September 30, 20",0.0036
0,2020-09-29,8.12,8.14,7.91,8.02,8.02,165600.0,165600.0,-0.1,-1.232,8.02333,"September 29, 20",-0.01232
0,2020-09-28,8.42,8.59,7.96,8.14,8.14,228900.0,228900.0,-0.28,-3.325,8.23,"September 28, 20",-0.03325
0,2020-09-25,8.5,8.62,8.32,8.42,8.42,161900.0,161900.0,-0.08,-0.941,8.45333,"September 25, 20",-0.00941
0,2020-09-24,8.18,8.37,7.97,8.24,8.24,112100.0,112100.0,0.06,0.733,8.19333,"September 24, 20",0.00733
0,2020-09-23,8.75,8.75,8.19,8.27,8.27,110600.0,110600.0,-0.48,-5.486,8.40333,"September 23, 20",-0.05486
0,2020-09-22,8.84,8.84,8.53,8.69,8.69,125700.0,125700.0,-0.15,-1.697,8.68667,"September 22, 20",-0.01697
0,2020-09-21,8.74,8.74,8.51,8.71,8.71,142000.0,142000.0,-0.03,-0.343,8.65333,"September 21, 20",-0.00343
0,2020-09-18,8.98,9.03,8.62,8.77,8.77,96900.0,96900.0,-0.21,-2.339,8.80667,"September 18, 20",-0.02339
0,2020-09-17,8.67,9.04,8.67,8.98,8.98,141700.0,141700.0,0.31,3.576,8.89667,"September 17, 20",0.03576
0,2020-09-16,8.51,8.94,8.5,8.69,8.69,210500.0,210500.0,0.18,2.115,8.71,"September 16, 20",0.02115
0,2020-09-15,8.9,8.99,8.62,8.75,8.75,215300.0,215300.0,-0.15,-1.685,8.78667,"September 15, 20",-0.01685
0,2020-09-14,9.1,9.19,8.85,9.01,9.01,167300.0,167300.0,-0.09,-0.989,9.01667,"September 14, 20",-0.00989
0,2020-09-11,8.93,9.16,8.85,9.08,9.08,196200.0,196200.0,0.15,1.68,9.03,"September 11, 20",0.0168
0,2020-09-10,9.07,9.1,8.71,8.81,8.81,363200.0,363200.0,-0.26,-2.867,8.87333,"September 10, 20",-0.02867
0,2020-09-09,9.37,9.6,9.21,9.44,9.44,317400.0,317400.0,0.07,0.747,9.41667,"September 09, 20",0.00747
0,2020-09-08,10.04,10.14,9.04,9.18,9.18,1157400.0,1157400.0,-0.86,-8.566,9.45333,"September 08, 20",-0.08566
0,2020-09-04,8.89,8.91,8.35,8.77,8.77,317600.0,317600.0,-0.12,-1.35,8.67667,"September 04, 20",-0.0135
0,2020-09-03,9.24,9.29,8.85,8.93,8.93,321500.0,321500.0,-0.31,-3.355,9.02333,"September 03, 20",-0.03355
0,2020-09-02,9.16,9.81,8.94,9.39,9.39,521300.0,521300.0,0.23,2.511,9.38,"September 02, 20",0.02511
0,2020-09-01,9.91,9.93,9.12,9.34,9.34,282800.0,282800.0,-0.57,-5.752,9.46333,"September 01, 20",-0.05752
0,2020-08-31,10.2,10.29,9.63,9.92,9.92,307100.0,307100.0,-0.28,-2.745,9.94667,"August 31, 20",-0.02745
0,2020-08-28,10.14,10.35,10.08,10.22,10.22,165400.0,165400.0,0.08,0.789,10.21667,"August 28, 20",0.00789
0,2020-08-27,10.72,10.88,9.79,10.08,10.08,487000.0,487000.0,-0.64,-5.97,10.25,"August 27, 20",-0.0597
0,2020-08-26,11.55,11.65,10.76,10.88,10.88,513400.0,513400.0,-0.67,-5.801,11.09667,"August 26, 20",-0.05801
0,2020-08-25,11.9,11.99,10.61,11.12,11.12,1261600.0,1261600.0,-0.78,-6.555,11.24,"August 25, 20",-0.06555
0,2020-08-24,12.68,13.33,11.1,11.73,11.73,5569900.0,5569900.0,-0.95,-7.492,12.05333,"August 24, 20",-0.07492
0,2020-08-21,9.7,10.47,9.64,10.0,10.0,550600.0,550600.0,0.3,3.093,10.03667,"August 21, 20",0.03093
0,2020-08-20,9.87,10.17,9.27,9.78,9.78,624300.0,624300.0,-0.09,-0.912,9.74,"August 20, 20",-0.00912
0,2020-08-19,10.7,10.85,9.85,10.29,10.29,882500.0,882500.0,-0.41,-3.832,10.33,"August 19, 20",-0.03832
0,2020-08-18,11.19,11.92,10.72,11.53,11.53,1918500.0,1918500.0,0.34,3.038,11.39,"August 18, 20",0.03038
0,2020-08-17,9.98,11.56,9.75,11.26,11.26,1043200.0,1043200.0,1.28,12.826,10.85667,"August 17, 20",0.12826
0,2020-08-14,10.68,12.1,9.7,9.95,9.95,4244700.0,4244700.0,-0.73,-6.835,10.58333,"August 14, 20",-0.06835
0,2020-08-13,9.04,9.59,8.84,9.0,9.0,1990900.0,1990900.0,-0.04,-0.442,9.14333,"August 13, 20",-0.00442
0,2020-08-12,8.15,8.23,7.66,8.05,8.05,255900.0,255900.0,-0.1,-1.227,7.98,"August 12, 20",-0.01227
0,2020-08-11,8.6,8.66,8.46,8.51,8.51,106800.0,106800.0,-0.09,-1.047,8.54333,"August 11, 20",-0.01047
0,2020-08-10,8.85,8.85,8.59,8.6,8.6,130400.0,130400.0,-0.25,-2.825,8.68,"August 10, 20",-0.02825
0,2020-08-07,8.58,8.87,8.5,8.7,8.7,63600.0,63600.0,0.12,1.399,8.69,"August 07, 20",0.01399
0,2020-08-06,8.98,9.07,8.65,8.7,8.7,82500.0,82500.0,-0.28,-3.118,8.80667,"August 06, 20",-0.03118
0,2020-08-05,8.96,8.99,8.77,8.94,8.94,103300.0,103300.0,-0.02,-0.223,8.9,"August 05, 20",-0.00223
0,2020-08-04,8.9,8.92,8.71,8.86,8.86,76400.0,76400.0,-0.04,-0.449,8.83,"August 04, 20",-0.00449
0,2020-08-03,8.94,9.19,8.88,9.02,9.02,193000.0,193000.0,0.08,0.895,9.03,"August 03, 20",0.00895
0,2020-07-31,9.25,9.38,8.85,8.86,8.86,281300.0,281300.0,-0.39,-4.216,9.03,"July 31, 20",-0.04216
0,2020-07-30,8.72,10.0,8.57,9.02,9.02,1518800.0,1518800.0,0.3,3.44,9.19667,"July 30, 20",0.0344
0,2020-07-29,8.53,8.59,8.45,8.5,8.5,91700.0,91700.0,-0.03,-0.352,8.51333,"July 29, 20",-0.00352
0,2020-07-28,8.41,8.74,8.39,8.54,8.54,63200.0,63200.0,0.13,1.546,8.55667,"July 28, 20",0.01546
0,2020-07-27,8.67,8.78,8.51,8.51,8.51,221379.0,221379.0,-0.16,-1.845,8.6,"July 27, 20",-0.01845
0,2020-07-24,8.93,8.93,8.68,8.68,8.68,49400.0,49400.0,-0.25,-2.8,8.76333,"July 24, 20",-0.028
0,2020-07-23,9.09,9.23,8.9,8.93,8.93,113900.0,113900.0,-0.16,-1.76,9.02,"July 23, 20",-0.0176
0,2020-07-22,9.14,9.41,8.8,9.2,9.2,180100.0,180100.0,0.06,0.656,9.13667,"July 22, 20",0.00656
0,2020-07-21,9.24,9.5,9.24,9.4,9.4,108900.0,108900.0,0.16,1.732,9.38,"July 21, 20",0.01732
0,2020-07-20,9.07,9.44,9.07,9.23,9.23,100200.0,100200.0,0.16,1.764,9.24667,"July 20, 20",0.01764
0,2020-07-17,9.03,9.15,8.97,9.08,9.08,134100.0,134100.0,0.05,0.554,9.06667,"July 17, 20",0.00554
0,2020-07-16,8.75,8.93,8.73,8.93,8.93,52600.0,52600.0,0.18,2.057,8.86333,"July 16, 20",0.02057
0,2020-07-15,8.7,8.8,8.68,8.78,8.78,119500.0,119500.0,0.08,0.92,8.75333,"July 15, 20",0.0092
0,2020-07-14,8.59,8.7,8.46,8.66,8.66,115100.0,115100.0,0.07,0.815,8.60667,"July 14, 20",0.00815
0,2020-07-13,8.54,8.6,8.41,8.5,8.5,198800.0,198800.0,-0.04,-0.468,8.50333,"July 13, 20",-0.00468
0,2020-07-10,8.52,8.52,8.39,8.47,8.47,50300.0,50300.0,-0.05,-0.587,8.46,"July 10, 20",-0.00587
0,2020-07-09,8.61,8.63,8.4,8.54,8.54,69000.0,69000.0,-0.07,-0.813,8.52333,"July 09, 20",-0.00813
0,2020-07-08,8.4,8.46,8.12,8.34,8.34,55400.0,55400.0,-0.06,-0.714,8.30667,"July 08, 20",-0.00714
0,2020-07-07,8.36,8.59,8.18,8.28,8.28,144300.0,144300.0,-0.08,-0.957,8.35,"July 07, 20",-0.00957
0,2020-07-06,8.64,8.69,8.43,8.46,8.46,131500.0,131500.0,-0.18,-2.083,8.52667,"July 06, 20",-0.02083
0,2020-07-02,8.76,9.14,8.6,8.83,8.83,340200.0,340200.0,0.07,0.799,8.85667,"July 02, 20",0.00799
0,2020-07-01,7.73,9.04,7.73,8.81,8.81,437600.0,437600.0,1.08,13.972,8.52667,"July 01, 20",0.13972
0,2020-06-30,7.48,7.86,7.48,7.76,7.76,171600.0,171600.0,0.28,3.743,7.7,"June 30, 20",0.03743
0,2020-06-29,8.34,8.34,7.65,7.67,7.67,422000.0,422000.0,-0.67,-8.034,7.88667,"June 29, 20",-0.08034
0,2020-06-26,9.01,9.1,8.71,8.74,8.74,114300.0,114300.0,-0.27,-2.997,8.85,"June 26, 20",-0.02997
0,2020-06-25,9.25,9.25,8.73,8.99,8.99,319400.0,319400.0,-0.26,-2.811,8.99,"June 25, 20",-0.02811
0,2020-06-24,9.91,9.91,9.16,9.45,9.45,789100.0,789100.0,-0.46,-4.642,9.50667,"June 24, 20",-0.04642
0,2020-06-23,8.35,9.25,8.35,8.94,8.94,228100.0,228100.0,0.59,7.066,8.84667,"June 23, 20",0.07066
0,2020-06-22,8.76,8.76,8.29,8.35,8.35,92900.0,92900.0,-0.41,-4.68,8.46667,"June 22, 20",-0.0468
0,2020-06-19,8.8,8.8,8.63,8.72,8.72,62300.0,62300.0,-0.08,-0.909,8.71667,"June 19, 20",-0.00909
0,2020-06-18,8.45,8.86,8.45,8.7,8.7,147400.0,147400.0,0.25,2.959,8.67,"June 18, 20",0.02959
0,2020-06-17,8.73,8.89,8.05,8.32,8.32,854900.0,854900.0,-0.41,-4.696,8.42,"June 17, 20",-0.04696
0,2020-06-16,8.25,8.42,8.15,8.41,8.41,64200.0,64200.0,0.16,1.939,8.32667,"June 16, 20",0.01939
0,2020-06-15,8.03,8.12,7.9,8.04,8.04,58700.0,58700.0,0.01,0.125,8.02,"June 15, 20",0.00125
0,2020-06-12,7.36,7.74,7.36,7.71,7.71,104100.0,104100.0,0.35,4.755,7.60333,"June 12, 20",0.04755
0,2020-06-11,7.61,7.7,7.27,7.28,7.28,59600.0,59600.0,-0.33,-4.336,7.41667,"June 11, 20",-0.04336
0,2020-06-10,7.95,8.05,7.66,7.79,7.79,35000.0,35000.0,-0.16,-2.013,7.83333,"June 10, 20",-0.02013
0,2020-06-09,7.96,7.96,7.79,7.82,7.82,44000.0,44000.0,-0.14,-1.759,7.85667,"June 09, 20",-0.01759
0,2020-06-08,8.15,8.15,7.95,8.06,8.06,80400.0,80400.0,-0.09,-1.104,8.05333,"June 08, 20",-0.01104
0,2020-06-05,7.87,7.99,7.81,7.98,7.98,68600.0,68600.0,0.11,1.398,7.92667,"June 05, 20",0.01398
0,2020-06-04,8.04,8.24,7.8,7.83,7.83,99300.0,99300.0,-0.21,-2.612,7.95667,"June 04, 20",-0.02612
0,2020-06-03,7.82,7.85,7.68,7.8,7.8,103400.0,103400.0,-0.02,-0.256,7.77667,"June 03, 20",-0.00256
0,2020-06-02,7.54,7.67,7.45,7.56,7.56,81100.0,81100.0,0.02,0.265,7.56,"June 02, 20",0.00265
0,2020-06-01,7.52,7.73,7.52,7.55,7.55,129100.0,129100.0,0.03,0.399,7.6,"June 01, 20",0.00399
0,2020-05-29,7.69,8.09,7.61,7.85,7.85,136300.0,136300.0,0.16,2.081,7.85,"May 29, 20",0.02081
0,2020-05-28,7.87,8.33,7.54,7.67,7.67,122300.0,122300.0,-0.2,-2.541,7.84667,"May 28, 20",-0.02541
0,2020-05-27,7.62,8.41,7.08,7.86,7.86,378800.0,378800.0,0.24,3.15,7.78333,"May 27, 20",0.0315
0,2020-05-26,8.19,8.2,7.6,7.65,7.65,322100.0,322100.0,-0.54,-6.593,7.81667,"May 26, 20",-0.06593
0,2020-05-22,9.2,9.75,8.5,8.58,8.58,353100.0,353100.0,-0.62,-6.739,8.94333,"May 22, 20",-0.06739
0,2020-05-21,7.42,9.22,7.4,8.35,8.35,379600.0,379600.0,0.93,12.534,8.32333,"May 21, 20",0.12534
0,2020-05-20,6.91,7.35,6.91,7.32,7.32,76000.0,76000.0,0.41,5.933,7.19333,"May 20, 20",0.05933
0,2020-05-19,7.0,7.0,6.54,6.71,6.71,154500.0,154500.0,-0.29,-4.143,6.75,"May 19, 20",-0.04143
0,2020-05-18,7.5,7.5,6.81,6.97,6.97,229500.0,229500.0,-0.53,-7.067,7.09333,"May 18, 20",-0.07067
0,2020-05-15,7.42,7.5,7.37,7.48,7.48,52400.0,52400.0,0.06,0.809,7.45,"May 15, 20",0.00809
0,2020-05-14,7.35,7.4,7.22,7.39,7.39,36800.0,36800.0,0.04,0.544,7.33667,"May 14, 20",0.00544
0,2020-05-13,7.54,7.54,7.28,7.36,7.36,33400.0,33400.0,-0.18,-2.387,7.39333,"May 13, 20",-0.02387
0,2020-05-12,7.5,7.7,7.46,7.46,7.46,57600.0,57600.0,-0.04,-0.533,7.54,"May 12, 20",-0.00533
0,2020-05-11,7.33,7.5,7.33,7.5,7.5,35100.0,35100.0,0.17,2.319,7.44333,"May 11, 20",0.02319
0,2020-05-08,7.52,7.52,7.47,7.5,7.5,19500.0,19500.0,-0.02,-0.266,7.49667,"May 08, 20",-0.00266
0,2020-05-07,7.42,7.6,7.42,7.43,7.43,35200.0,35200.0,0.01,0.135,7.48333,"May 07, 20",0.00135
0,2020-05-06,7.48,7.5,7.4,7.4,7.4,27700.0,27700.0,-0.08,-1.07,7.43333,"May 06, 20",-0.0107
0,2020-05-05,7.61,7.61,7.47,7.49,7.49,56200.0,56200.0,-0.12,-1.577,7.52333,"May 05, 20",-0.01577
0,2020-05-04,7.33,7.53,7.33,7.44,7.44,34700.0,34700.0,0.11,1.501,7.43333,"May 04, 20",0.01501
0,2020-05-01,7.48,7.48,7.25,7.28,7.28,19200.0,19200.0,-0.2,-2.674,7.33667,"May 01, 20",-0.02674
0,2020-04-30,7.5,7.5,7.38,7.5,7.5,35200.0,35200.0,0.0,0.0,7.46,"April 30, 20",0.0
0,2020-04-29,7.41,7.5,7.3,7.48,7.48,48200.0,48200.0,0.07,0.945,7.42667,"April 29, 20",0.00945
0,2020-04-28,7.64,7.7,7.1,7.29,7.29,94600.0,94600.0,-0.35,-4.581,7.36333,"April 28, 20",-0.04581
0,2020-04-27,7.55,7.56,7.38,7.5,7.5,142100.0,142100.0,-0.05,-0.662,7.48,"April 27, 20",-0.00662
0,2020-04-24,7.3,7.45,7.15,7.4,7.4,27200.0,27200.0,0.1,1.37,7.33333,"April 24, 20",0.0137
0,2020-04-23,7.24,7.42,7.24,7.32,7.32,16200.0,16200.0,0.08,1.105,7.32667,"April 23, 20",0.01105
0,2020-04-22,7.37,7.37,7.17,7.23,7.23,50600.0,50600.0,-0.14,-1.9,7.25667,"April 22, 20",-0.019
0,2020-04-21,7.64,7.64,7.36,7.5,7.5,110700.0,110700.0,-0.14,-1.832,7.5,"April 21, 20",-0.01832
0,2020-04-20,6.83,7.0,6.79,6.88,6.88,49300.0,49300.0,0.05,0.732,6.89,"April 20, 20",0.00732
0,2020-04-17,6.94,6.94,6.71,6.81,6.81,18100.0,18100.0,-0.13,-1.873,6.82,"April 17, 20",-0.01873
0,2020-04-16,6.81,6.81,6.52,6.64,6.64,40700.0,40700.0,-0.17,-2.496,6.65667,"April 16, 20",-0.02496
0,2020-04-15,6.69,6.76,6.5,6.66,6.66,79400.0,79400.0,-0.03,-0.448,6.64,"April 15, 20",-0.00448
0,2020-04-14,6.95,6.95,6.7,6.74,6.74,52700.0,52700.0,-0.21,-3.022,6.79667,"April 14, 20",-0.03022
0,2020-04-13,6.74,6.96,6.59,6.83,6.83,79500.0,79500.0,0.09,1.335,6.79333,"April 13, 20",0.01335
0,2020-04-09,6.34,6.55,6.25,6.45,6.45,49900.0,49900.0,0.11,1.735,6.41667,"April 09, 20",0.01735
0,2020-04-08,6.14,6.36,6.14,6.29,6.29,45900.0,45900.0,0.15,2.443,6.26333,"April 08, 20",0.02443
0,2020-04-07,6.26,6.26,5.92,6.1,6.1,69000.0,69000.0,-0.16,-2.556,6.09333,"April 07, 20",-0.02556
0,2020-04-06,5.79,6.16,5.79,6.05,6.05,84300.0,84300.0,0.26,4.491,6.0,"April 06, 20",0.04491
0,2020-04-03,5.66,5.73,5.56,5.72,5.72,24400.0,24400.0,0.06,1.06,5.67,"April 03, 20",0.0106
0,2020-04-02,5.56,5.72,5.46,5.67,5.67,69900.0,69900.0,0.11,1.978,5.61667,"April 02, 20",0.01978
0,2020-04-01,5.69,5.73,5.36,5.37,5.37,55300.0,55300.0,-0.32,-5.624,5.48667,"April 01, 20",-0.05624
0,2020-03-31,5.93,6.14,5.75,5.83,5.83,117100.0,117100.0,-0.1,-1.686,5.90667,"March 31, 20",-0.01686
0,2020-03-30,5.67,5.76,5.5,5.76,5.76,86500.0,86500.0,0.09,1.587,5.67333,"March 30, 20",0.01587
0,2020-03-27,5.43,5.5,5.28,5.49,5.49,34200.0,34200.0,0.06,1.105,5.42333,"March 27, 20",0.01105
0,2020-03-26,5.52,5.6,5.36,5.54,5.54,47500.0,47500.0,0.02,0.362,5.5,"March 26, 20",0.00362
0,2020-03-25,5.56,5.65,5.46,5.52,5.52,48600.0,48600.0,-0.04,-0.719,5.54333,"March 25, 20",-0.00719
0,2020-03-24,5.54,5.73,5.49,5.64,5.64,88200.0,88200.0,0.1,1.805,5.62,"March 24, 20",0.01805
0,2020-03-23,5.51,5.72,5.11,5.42,5.42,95200.0,95200.0,-0.09,-1.633,5.41667,"March 23, 20",-0.01633
0,2020-03-20,5.55,5.79,5.3,5.36,5.36,137800.0,137800.0,-0.19,-3.423,5.48333,"March 20, 20",-0.03423
0,2020-03-19,4.81,6.75,4.77,5.5,5.5,585100.0,585100.0,0.69,14.345,5.67333,"March 19, 20",0.14345
0,2020-03-18,4.59,4.73,4.5,4.61,4.61,84900.0,84900.0,0.02,0.436,4.61333,"March 18, 20",0.00436
0,2020-03-17,4.7,4.7,4.5,4.56,4.56,66800.0,66800.0,-0.14,-2.979,4.58667,"March 17, 20",-0.02979
0,2020-03-16,4.5,4.74,4.4,4.64,4.64,160200.0,160200.0,0.14,3.111,4.59333,"March 16, 20",0.03111
0,2020-03-13,4.65,4.92,4.51,4.7,4.7,91400.0,91400.0,0.05,1.075,4.71,"March 13, 20",0.01075
0,2020-03-12,4.42,4.68,4.42,4.57,4.57,123400.0,123400.0,0.15,3.394,4.55667,"March 12, 20",0.03394
0,2020-03-11,5.7,5.75,4.88,5.15,5.15,614000.0,614000.0,-0.55,-9.649,5.26,"March 11, 20",-0.09649
0,2020-03-10,5.4,5.47,5.21,5.46,5.46,85100.0,85100.0,0.06,1.111,5.38,"March 10, 20",0.01111
0,2020-03-09,5.09,5.45,5.09,5.35,5.35,88200.0,88200.0,0.26,5.108,5.29667,"March 09, 20",0.05108
0,2020-03-06,5.6,5.69,5.55,5.69,5.69,94800.0,94800.0,0.09,1.607,5.64333,"March 06, 20",0.01607
0,2020-03-05,5.45,5.89,5.45,5.68,5.68,78500.0,78500.0,0.23,4.22,5.67333,"March 05, 20",0.0422
0,2020-03-04,5.67,5.88,5.66,5.71,5.71,31900.0,31900.0,0.04,0.705,5.75,"March 04, 20",0.00705
0,2020-03-03,5.69,5.88,5.65,5.68,5.68,60100.0,60100.0,-0.01,-0.176,5.73667,"March 03, 20",-0.00176
0,2020-03-02,5.72,5.79,5.51,5.71,5.71,100700.0,100700.0,-0.01,-0.175,5.67,"March 02, 20",-0.00175
0,2020-02-28,5.8,5.84,5.68,5.81,5.81,51000.0,51000.0,0.01,0.172,5.77667,"February 28, 20",0.00172
0,2020-02-27,6.03,6.07,5.81,5.92,5.92,45800.0,45800.0,-0.11,-1.824,5.93333,"February 27, 20",-0.01824
0,2020-02-26,6.22,6.3,6.03,6.14,6.14,43100.0,43100.0,-0.08,-1.286,6.15667,"February 26, 20",-0.01286
0,2020-02-25,6.02,6.26,5.72,6.01,6.01,78500.0,78500.0,-0.01,-0.166,5.99667,"February 25, 20",-0.00166
0,2020-02-24,5.83,6.0,5.6,5.89,5.89,107700.0,107700.0,0.06,1.029,5.83,"February 24, 20",0.01029
0,2020-02-21,6.09,6.13,5.94,6.03,6.03,52400.0,52400.0,-0.06,-0.985,6.03333,"February 21, 20",-0.00985
0,2020-02-20,6.04,6.19,6.01,6.15,6.15,34400.0,34400.0,0.11,1.821,6.11667,"February 20, 20",0.01821
0,2020-02-19,6.0,6.43,6.0,6.11,6.11,57700.0,57700.0,0.11,1.833,6.18,"February 19, 20",0.01833
0,2020-02-18,6.11,6.2,6.01,6.03,6.03,114600.0,114600.0,-0.08,-1.309,6.08,"February 18, 20",-0.01309
0,2020-02-14,6.66,6.66,6.43,6.51,6.51,15200.0,15200.0,-0.15,-2.252,6.53333,"February 14, 20",-0.02252
0,2020-02-13,6.55,6.63,6.48,6.56,6.56,27100.0,27100.0,0.01,0.153,6.55667,"February 13, 20",0.00153
0,2020-02-12,6.9,6.9,6.45,6.7,6.7,148500.0,148500.0,-0.2,-2.899,6.68333,"February 12, 20",-0.02899
0,2020-02-11,7.12,7.2,6.94,7.13,7.13,29000.0,29000.0,0.01,0.14,7.09,"February 11, 20",0.0014
0,2020-02-10,6.97,7.15,6.93,7.13,7.13,104000.0,104000.0,0.16,2.296,7.07,"February 10, 20",0.02296
0,2020-02-07,6.92,7.16,6.9,7.02,7.02,96700.0,96700.0,0.1,1.445,7.02667,"February 07, 20",0.01445
0,2020-02-06,7.01,7.12,6.88,6.96,6.96,78400.0,78400.0,-0.05,-0.713,6.98667,"February 06, 20",-0.00713
0,2020-02-05,6.64,6.83,6.61,6.73,6.73,32300.0,32300.0,0.09,1.355,6.72333,"February 05, 20",0.01355
0,2020-02-04,6.62,6.62,6.47,6.52,6.52,39700.0,39700.0,-0.1,-1.511,6.53667,"February 04, 20",-0.01511
0,2020-02-03,6.56,6.56,6.37,6.41,6.41,42900.0,42900.0,-0.15,-2.287,6.44667,"February 03, 20",-0.02287
0,2020-01-31,6.51,6.51,6.41,6.5,6.5,23300.0,23300.0,-0.01,-0.154,6.47333,"January 31, 20",-0.00154
0,2020-01-30,6.61,6.61,6.52,6.52,6.52,22800.0,22800.0,-0.09,-1.362,6.55,"January 30, 20",-0.01362
0,2020-01-29,6.56,6.69,6.56,6.58,6.58,29900.0,29900.0,0.02,0.305,6.61,"January 29, 20",0.00305
0,2020-01-28,6.46,6.63,6.39,6.57,6.57,20400.0,20400.0,0.11,1.703,6.53,"January 28, 20",0.01703
0,2020-01-27,6.72,6.72,6.5,6.52,6.52,34400.0,34400.0,-0.2,-2.976,6.58,"January 27, 20",-0.02976
0,2020-01-24,6.85,6.9,6.76,6.77,6.77,24100.0,24100.0,-0.08,-1.168,6.81,"January 24, 20",-0.01168
0,2020-01-23,6.91,6.91,6.78,6.84,6.84,19700.0,19700.0,-0.07,-1.013,6.84333,"January 23, 20",-0.01013
0,2020-01-22,6.93,6.98,6.75,6.9,6.9,129400.0,129400.0,-0.03,-0.433,6.87667,"January 22, 20",-0.00433
0,2020-01-21,6.71,6.9,6.63,6.85,6.85,194500.0,194500.0,0.14,2.086,6.79333,"January 21, 20",0.02086
0,2020-01-17,6.41,6.62,6.41,6.52,6.52,71100.0,71100.0,0.11,1.716,6.51667,"January 17, 20",0.01716
0,2020-01-16,6.45,6.54,6.4,6.5,6.5,33300.0,33300.0,0.05,0.775,6.48,"January 16, 20",0.00775
0,2020-01-15,6.5,6.5,6.31,6.46,6.46,60800.0,60800.0,-0.04,-0.615,6.42333,"January 15, 20",-0.00615
0,2020-01-14,6.68,6.68,6.37,6.53,6.53,86000.0,86000.0,-0.15,-2.246,6.52667,"January 14, 20",-0.02246
0,2020-01-13,6.52,6.78,6.51,6.77,6.77,43100.0,43100.0,0.25,3.834,6.68667,"January 13, 20",0.03834
0,2020-01-10,6.12,6.5,6.12,6.35,6.35,105100.0,105100.0,0.23,3.758,6.32333,"January 10, 20",0.03758
0,2020-01-09,6.21,6.28,6.01,6.01,6.01,71500.0,71500.0,-0.2,-3.221,6.1,"January 09, 20",-0.03221
0,2020-01-08,6.22,6.33,6.22,6.28,6.28,45000.0,45000.0,0.06,0.965,6.27667,"January 08, 20",0.00965
0,2020-01-07,6.59,6.59,6.25,6.31,6.31,120300.0,120300.0,-0.28,-4.249,6.38333,"January 07, 20",-0.04249
0,2020-01-06,6.81,6.81,6.64,6.64,6.64,81600.0,81600.0,-0.17,-2.496,6.69667,"January 06, 20",-0.02496
0,2020-01-03,6.95,6.95,6.86,6.9,6.9,13200.0,13200.0,-0.05,-0.719,6.90333,"January 03, 20",-0.00719
0,2020-01-02,6.94,7.02,6.87,7.0,7.0,54800.0,54800.0,0.06,0.865,6.96333,"January 02, 20",0.00865
0,2019-12-31,6.79,6.89,6.79,6.83,6.83,42100.0,42100.0,0.04,0.589,6.83667,"December 31, 19",0.00589
0,2019-12-30,6.8,6.92,6.6,6.83,6.83,148500.0,148500.0,0.03,0.441,6.78333,"December 30, 19",0.00441
0,2019-12-27,6.89,6.89,6.81,6.84,6.84,8200.0,8200.0,-0.05,-0.726,6.84667,"December 27, 19",-0.00726
0,2019-12-26,6.84,6.9,6.8,6.86,6.86,19600.0,19600.0,0.02,0.292,6.85333,"December 26, 19",0.00292
0,2019-12-24,6.85,6.86,6.8,6.83,6.83,17600.0,17600.0,-0.02,-0.292,6.83,"December 24, 19",-0.00292
0,2019-12-23,6.9,6.91,6.8,6.8,6.8,34300.0,34300.0,-0.1,-1.449,6.83667,"December 23, 19",-0.01449
0,2019-12-20,6.98,7.03,6.94,7.01,7.01,22600.0,22600.0,0.03,0.43,6.99333,"December 20, 19",0.0043
0,2019-12-19,6.96,7.01,6.87,6.96,6.96,20200.0,20200.0,0.0,0.0,6.94667,"December 19, 19",0.0
0,2019-12-18,7.09,7.09,6.96,7.01,7.01,19200.0,19200.0,-0.08,-1.128,7.02,"December 18, 19",-0.01128
0,2019-12-17,6.9,7.2,6.88,7.03,7.03,87900.0,87900.0,0.13,1.884,7.03667,"December 17, 19",0.01884
0,2019-12-16,7.18,7.18,6.8,6.83,6.83,117500.0,117500.0,-0.35,-4.875,6.93667,"December 16, 19",-0.04875
0,2019-12-13,7.3,7.38,7.27,7.29,7.29,69700.0,69700.0,-0.01,-0.137,7.31333,"December 13, 19",-0.00137
0,2019-12-12,7.48,7.48,7.25,7.37,7.37,44700.0,44700.0,-0.11,-1.471,7.36667,"December 12, 19",-0.01471
0,2019-12-11,7.67,7.67,7.46,7.54,7.54,23400.0,23400.0,-0.13,-1.695,7.55667,"December 11, 19",-0.01695
0,2019-12-10,7.73,7.73,7.6,7.61,7.61,15800.0,15800.0,-0.12,-1.552,7.64667,"December 10, 19",-0.01552
0,2019-12-09,7.75,7.75,7.54,7.7,7.7,37500.0,37500.0,-0.05,-0.645,7.66333,"December 09, 19",-0.00645
0,2019-12-06,7.45,7.5,7.35,7.37,7.37,43100.0,43100.0,-0.08,-1.074,7.40667,"December 06, 19",-0.01074
0,2019-12-05,7.34,7.44,7.27,7.4,7.4,28800.0,28800.0,0.06,0.817,7.37,"December 05, 19",0.00817
0,2019-12-04,7.13,7.29,7.1,7.28,7.28,57800.0,57800.0,0.15,2.104,7.22333,"December 04, 19",0.02104
0,2019-12-03,7.29,7.29,6.92,7.12,7.12,85600.0,85600.0,-0.17,-2.332,7.11,"December 03, 19",-0.02332
0,2019-12-02,7.42,7.5,7.34,7.41,7.41,94600.0,94600.0,-0.01,-0.135,7.41667,"December 02, 19",-0.00135
0,2019-11-29,7.25,7.55,7.2,7.43,7.43,49400.0,49400.0,0.18,2.483,7.39333,"November 29, 19",0.02483
0,2019-11-27,7.4,7.4,7.07,7.24,7.24,100900.0,100900.0,-0.16,-2.162,7.23667,"November 27, 19",-0.02162
0,2019-11-26,7.72,7.72,7.29,7.42,7.42,103100.0,103100.0,-0.3,-3.886,7.47667,"November 26, 19",-0.03886
0,2019-11-25,7.34,8.0,7.29,7.64,7.64,365200.0,365200.0,0.3,4.087,7.64333,"November 25, 19",0.04087
0,2019-11-22,7.1,7.28,6.83,6.9,6.9,179700.0,179700.0,-0.2,-2.817,7.00333,"November 22, 19",-0.02817
0,2019-11-21,6.01,7.32,5.99,6.83,6.83,461000.0,461000.0,0.82,13.644,6.71333,"November 21, 19",0.13644
0,2019-11-20,6.01,6.05,5.95,5.98,5.98,83000.0,83000.0,-0.03,-0.499,5.99333,"November 20, 19",-0.00499
0,2019-11-19,6.01,6.01,5.92,5.95,5.95,58000.0,58000.0,-0.06,-0.998,5.96,"November 19, 19",-0.00998
0,2019-11-18,5.9,6.02,5.87,5.93,5.93,46200.0,46200.0,0.03,0.508,5.94,"November 18, 19",0.00508
0,2019-11-15,5.95,6.1,5.9,5.92,5.92,105900.0,105900.0,-0.03,-0.504,5.97333,"November 15, 19",-0.00504
0,2019-11-14,5.81,6.05,5.75,5.96,5.96,77700.0,77700.0,0.15,2.582,5.92,"November 14, 19",0.02582
0,2019-11-13,5.59,5.87,5.5,5.71,5.71,171200.0,171200.0,0.12,2.147,5.69333,"November 13, 19",0.02147
0,2019-11-12,5.43,5.5,5.42,5.49,5.49,98000.0,98000.0,0.06,1.105,5.47,"November 12, 19",0.01105
0,2019-11-11,5.38,5.43,5.35,5.35,5.35,9800.0,9800.0,-0.03,-0.558,5.37667,"November 11, 19",-0.00558
0,2019-11-08,5.26,5.31,5.26,5.3,5.3,7500.0,7500.0,0.04,0.76,5.29,"November 08, 19",0.0076
0,2019-11-07,5.22,5.3,5.22,5.26,5.26,5300.0,5300.0,0.04,0.766,5.26,"November 07, 19",0.00766
0,2019-11-06,5.22,5.29,5.19,5.19,5.19,9400.0,9400.0,-0.03,-0.575,5.22333,"November 06, 19",-0.00575
0,2019-11-05,5.26,5.32,5.25,5.32,5.32,7200.0,7200.0,0.06,1.141,5.29667,"November 05, 19",0.01141
0,2019-11-04,5.26,5.34,5.23,5.23,5.23,3900.0,3900.0,-0.03,-0.57,5.26667,"November 04, 19",-0.0057
0,2019-11-01,5.23,5.24,5.17,5.22,5.22,16800.0,16800.0,-0.01,-0.191,5.21,"November 01, 19",-0.00191
0,2019-10-31,5.16,5.23,5.16,5.23,5.23,14800.0,14800.0,0.07,1.357,5.20667,"October 31, 19",0.01357
0,2019-10-30,5.08,5.16,5.08,5.12,5.12,11400.0,11400.0,0.04,0.787,5.12,"October 30, 19",0.00787
0,2019-10-29,5.22,5.25,5.06,5.07,5.07,68100.0,68100.0,-0.15,-2.874,5.12667,"October 29, 19",-0.02874
0,2019-10-28,5.22,5.26,5.12,5.26,5.26,23400.0,23400.0,0.04,0.766,5.21333,"October 28, 19",0.00766
0,2019-10-25,5.14,5.19,5.14,5.16,5.16,4700.0,4700.0,0.02,0.389,5.16333,"October 25, 19",0.00389
0,2019-10-24,5.14,5.2,5.12,5.12,5.12,15300.0,15300.0,-0.02,-0.389,5.14667,"October 24, 19",-0.00389
0,2019-10-23,5.19,5.2,5.18,5.19,5.19,2700.0,2700.0,0.0,0.0,5.19,"October 23, 19",0.0
0,2019-10-22,5.17,5.2,5.17,5.2,5.2,10300.0,10300.0,0.03,0.58,5.19,"October 22, 19",0.0058
0,2019-10-21,5.21,5.21,5.13,5.19,5.19,7200.0,7200.0,-0.02,-0.384,5.17667,"October 21, 19",-0.00384
0,2019-10-18,5.23,5.23,5.11,5.16,5.16,10900.0,10900.0,-0.07,-1.338,5.16667,"October 18, 19",-0.01338
0,2019-10-17,5.09,5.29,5.09,5.29,5.29,33200.0,33200.0,0.2,3.929,5.22333,"October 17, 19",0.03929
0,2019-10-16,4.99,5.06,4.91,5.04,5.04,46200.0,46200.0,0.05,1.002,5.00333,"October 16, 19",0.01002
0,2019-10-15,4.92,5.05,4.91,5.03,5.03,5500.0,5500.0,0.11,2.236,4.99667,"October 15, 19",0.02236
0,2019-10-14,5.05,5.1,5.0,5.05,5.05,12500.0,12500.0,0.0,0.0,5.05,"October 14, 19",0.0
0,2019-10-11,5.04,5.1,5.04,5.1,5.1,1800.0,1800.0,0.06,1.19,5.08,"October 11, 19",0.0119
0,2019-10-10,5.06,5.1,5.04,5.05,5.05,2700.0,2700.0,-0.01,-0.198,5.06333,"October 10, 19",-0.00198
0,2019-10-09,5.02,5.09,4.99,5.08,5.08,43400.0,43400.0,0.06,1.195,5.05333,"October 09, 19",0.01195
0,2019-10-08,5.12,5.12,4.97,4.97,4.97,20800.0,20800.0,-0.15,-2.93,5.02,"October 08, 19",-0.0293
0,2019-10-07,5.12,5.12,5.07,5.08,5.08,2500.0,2500.0,-0.04,-0.781,5.09,"October 07, 19",-0.00781
0,2019-10-04,5.13,5.25,5.13,5.22,5.22,14600.0,14600.0,0.09,1.754,5.2,"October 04, 19",0.01754
0,2019-10-03,5.27,5.27,5.12,5.13,5.13,19500.0,19500.0,-0.14,-2.657,5.17333,"October 03, 19",-0.02657
0,2019-10-02,5.24,5.28,5.21,5.28,5.28,8100.0,8100.0,0.04,0.763,5.25667,"October 02, 19",0.00763
0,2019-10-01,5.13,5.34,5.1,5.28,5.28,90500.0,90500.0,0.15,2.924,5.24,"October 01, 19",0.02924
0,2019-09-30,5.13,5.17,5.1,5.13,5.13,6000.0,6000.0,0.0,0.0,5.13333,"September 30, 19",0.0
0,2019-09-27,5.13,5.18,5.09,5.17,5.17,18700.0,18700.0,0.04,0.78,5.14667,"September 27, 19",0.0078
0,2019-09-26,5.14,5.19,5.1,5.17,5.17,39300.0,39300.0,0.03,0.584,5.15333,"September 26, 19",0.00584
0,2019-09-25,5.12,5.14,5.1,5.11,5.11,8000.0,8000.0,-0.01,-0.195,5.11667,"September 25, 19",-0.00195
0,2019-09-24,5.09,5.18,5.09,5.15,5.15,17900.0,17900.0,0.06,1.179,5.14,"September 24, 19",0.01179
0,2019-09-23,5.18,5.22,5.08,5.12,5.12,33300.0,33300.0,-0.06,-1.158,5.14,"September 23, 19",-0.01158
0,2019-09-20,5.13,5.18,5.12,5.16,5.16,5300.0,5300.0,0.03,0.585,5.15333,"September 20, 19",0.00585
0,2019-09-19,5.16,5.2,5.12,5.13,5.13,17700.0,17700.0,-0.03,-0.581,5.15,"September 19, 19",-0.00581
0,2019-09-18,5.2,5.24,5.15,5.15,5.15,19700.0,19700.0,-0.05,-0.962,5.18,"September 18, 19",-0.00962
0,2019-09-17,5.16,5.19,5.15,5.17,5.17,7200.0,7200.0,0.01,0.194,5.17,"September 17, 19",0.00194
0,2019-09-16,5.22,5.22,5.14,5.14,5.14,15200.0,15200.0,-0.08,-1.533,5.16667,"September 16, 19",-0.01533
0,2019-09-13,5.27,5.29,5.21,5.26,5.26,7500.0,7500.0,-0.01,-0.19,5.25333,"September 13, 19",-0.0019
0,2019-09-12,5.29,5.3,5.25,5.28,5.28,5400.0,5400.0,-0.01,-0.189,5.27667,"September 12, 19",-0.00189
0,2019-09-11,5.22,5.32,5.21,5.25,5.25,7300.0,7300.0,0.03,0.575,5.26,"September 11, 19",0.00575
0,2019-09-10,5.25,5.29,5.2,5.26,5.26,30900.0,30900.0,0.01,0.19,5.25,"September 10, 19",0.0019
0,2019-09-09,5.38,5.4,5.31,5.39,5.39,7400.0,7400.0,0.01,0.186,5.36667,"September 09, 19",0.00186
0,2019-09-06,5.4,5.46,5.39,5.39,5.39,18100.0,18100.0,-0.01,-0.185,5.41333,"September 06, 19",-0.00185
0,2019-09-05,5.45,5.48,5.39,5.41,5.41,13800.0,13800.0,-0.04,-0.734,5.42667,"September 05, 19",-0.00734
0,2019-09-04,5.64,5.64,5.45,5.45,5.45,36100.0,36100.0,-0.19,-3.369,5.51333,"September 04, 19",-0.03369
0,2019-09-03,5.7,5.78,5.56,5.59,5.59,41700.0,41700.0,-0.11,-1.93,5.64333,"September 03, 19",-0.0193
0,2019-08-30,5.64,5.64,5.57,5.61,5.61,17400.0,17400.0,-0.03,-0.532,5.60667,"August 30, 19",-0.00532
0,2019-08-29,5.65,5.66,5.55,5.63,5.63,14500.0,14500.0,-0.02,-0.354,5.61333,"August 29, 19",-0.00354
0,2019-08-28,5.48,5.64,5.48,5.63,5.63,149600.0,149600.0,0.15,2.737,5.58333,"August 28, 19",0.02737
0,2019-08-27,5.57,5.6,5.43,5.48,5.48,33100.0,33100.0,-0.09,-1.616,5.50333,"August 27, 19",-0.01616
0,2019-08-26,5.58,5.61,5.53,5.57,5.57,23500.0,23500.0,-0.01,-0.179,5.57,"August 26, 19",-0.00179
0,2019-08-23,5.47,5.51,5.37,5.41,5.41,15000.0,15000.0,-0.06,-1.097,5.43,"August 23, 19",-0.01097
0,2019-08-22,5.52,5.53,5.28,5.53,5.53,15700.0,15700.0,0.01,0.181,5.44667,"August 22, 19",0.00181
0,2019-08-21,5.44,5.47,5.4,5.4,5.4,7400.0,7400.0,-0.04,-0.735,5.42333,"August 21, 19",-0.00735
0,2019-08-20,5.39,5.46,5.37,5.38,5.38,9500.0,9500.0,-0.01,-0.186,5.40333,"August 20, 19",-0.00186
0,2019-08-19,5.36,5.43,5.35,5.37,5.37,34800.0,34800.0,0.01,0.187,5.38333,"August 19, 19",0.00187
0,2019-08-16,5.27,5.33,5.22,5.31,5.31,24200.0,24200.0,0.04,0.759,5.28667,"August 16, 19",0.00759
0,2019-08-15,5.26,5.32,5.12,5.26,5.26,25800.0,25800.0,0.0,0.0,5.23333,"August 15, 19",0.0
0,2019-08-14,5.39,5.42,5.11,5.27,5.27,67900.0,67900.0,-0.12,-2.226,5.26667,"August 14, 19",-0.02226
0,2019-08-13,5.51,5.6,5.47,5.5,5.5,37600.0,37600.0,-0.01,-0.181,5.52333,"August 13, 19",-0.00181
0,2019-08-12,5.58,5.65,5.4,5.48,5.48,56600.0,56600.0,-0.1,-1.792,5.51,"August 12, 19",-0.01792
0,2019-08-09,5.59,5.61,5.36,5.57,5.57,59500.0,59500.0,-0.02,-0.358,5.51333,"August 09, 19",-0.00358
0,2019-08-08,5.69,5.75,5.6,5.6,5.6,58800.0,58800.0,-0.09,-1.582,5.65,"August 08, 19",-0.01582
0,2019-08-07,5.58,5.6,5.48,5.55,5.55,23300.0,23300.0,-0.03,-0.538,5.54333,"August 07, 19",-0.00538
0,2019-08-06,5.76,5.76,5.48,5.54,5.54,42400.0,42400.0,-0.22,-3.819,5.59333,"August 06, 19",-0.03819
0,2019-08-05,5.61,5.64,5.52,5.64,5.64,31700.0,31700.0,0.03,0.535,5.6,"August 05, 19",0.00535
0,2019-08-02,5.54,5.71,5.51,5.55,5.55,14500.0,14500.0,0.01,0.181,5.59,"August 02, 19",0.00181
0,2019-08-01,5.66,5.72,5.6,5.6,5.6,15600.0,15600.0,-0.06,-1.06,5.64,"August 01, 19",-0.0106
0,2019-07-31,5.73,5.75,5.67,5.67,5.67,14500.0,14500.0,-0.06,-1.047,5.69667,"July 31, 19",-0.01047
0,2019-07-30,5.7,5.76,5.63,5.74,5.74,18900.0,18900.0,0.04,0.702,5.71,"July 30, 19",0.00702
0,2019-07-29,5.75,5.75,5.62,5.65,5.65,28300.0,28300.0,-0.1,-1.739,5.67333,"July 29, 19",-0.01739
0,2019-07-26,5.8,5.86,5.74,5.78,5.78,9100.0,9100.0,-0.02,-0.345,5.79333,"July 26, 19",-0.00345
0,2019-07-25,5.79,5.85,5.74,5.8,5.8,3800.0,3800.0,0.01,0.173,5.79667,"July 25, 19",0.00173
0,2019-07-24,5.85,5.86,5.72,5.79,5.79,48700.0,48700.0,-0.06,-1.026,5.79,"July 24, 19",-0.01026
0,2019-07-23,5.98,5.98,5.77,5.9,5.9,45900.0,45900.0,-0.08,-1.338,5.88333,"July 23, 19",-0.01338
0,2019-07-22,5.99,5.99,5.9,5.93,5.93,23800.0,23800.0,-0.06,-1.002,5.94,"July 22, 19",-0.01002
0,2019-07-19,5.96,5.98,5.94,5.94,5.94,25000.0,25000.0,-0.02,-0.336,5.95333,"July 19, 19",-0.00336
0,2019-07-18,6.02,6.02,5.91,5.97,5.97,48200.0,48200.0,-0.05,-0.831,5.96667,"July 18, 19",-0.00831
0,2019-07-17,5.94,6.02,5.92,5.99,5.99,85700.0,85700.0,0.05,0.842,5.97667,"July 17, 19",0.00842
0,2019-07-16,5.92,5.92,5.84,5.9,5.9,39900.0,39900.0,-0.02,-0.338,5.88667,"July 16, 19",-0.00338
0,2019-07-15,5.87,5.9,5.82,5.86,5.86,15000.0,15000.0,-0.01,-0.17,5.86,"July 15, 19",-0.0017
0,2019-07-12,5.8,5.88,5.76,5.87,5.87,32900.0,32900.0,0.07,1.207,5.83667,"July 12, 19",0.01207
0,2019-07-11,5.95,5.95,5.82,5.86,5.86,14600.0,14600.0,-0.09,-1.513,5.87667,"July 11, 19",-0.01513
0,2019-07-10,5.87,5.96,5.87,5.95,5.95,23700.0,23700.0,0.08,1.363,5.92667,"July 10, 19",0.01363
0,2019-07-09,5.81,5.81,5.75,5.81,5.81,13600.0,13600.0,0.0,0.0,5.79,"July 09, 19",0.0
0,2019-07-08,5.82,5.83,5.76,5.8,5.8,32000.0,32000.0,-0.02,-0.344,5.79667,"July 08, 19",-0.00344
0,2019-07-05,5.6,5.78,5.6,5.71,5.71,50400.0,50400.0,0.11,1.964,5.69667,"July 05, 19",0.01964
0,2019-07-03,5.54,5.56,5.53,5.56,5.56,2900.0,2900.0,0.02,0.361,5.55,"July 03, 19",0.00361
0,2019-07-02,5.51,5.52,5.44,5.51,5.51,4500.0,4500.0,0.0,0.0,5.49,"July 02, 19",0.0
0,2019-07-01,5.5,5.54,5.45,5.51,5.51,29800.0,29800.0,0.01,0.182,5.5,"July 01, 19",0.00182
0,2019-06-28,5.43,5.58,5.39,5.52,5.52,39200.0,39200.0,0.09,1.657,5.49667,"June 28, 19",0.01657
0,2019-06-27,5.38,5.43,5.35,5.42,5.42,19200.0,19200.0,0.04,0.743,5.4,"June 27, 19",0.00743
0,2019-06-26,5.4,5.4,5.32,5.39,5.39,11300.0,11300.0,-0.01,-0.185,5.37,"June 26, 19",-0.00185
0,2019-06-25,5.44,5.48,5.4,5.41,5.41,18600.0,18600.0,-0.03,-0.551,5.43,"June 25, 19",-0.00551
0,2019-06-24,5.43,5.48,5.37,5.45,5.45,96000.0,96000.0,0.02,0.368,5.43333,"June 24, 19",0.00368
0,2019-06-21,5.44,5.48,5.42,5.45,5.45,34700.0,34700.0,0.01,0.184,5.45,"June 21, 19",0.00184
0,2019-06-20,5.54,5.56,5.45,5.45,5.45,60100.0,60100.0,-0.09,-1.625,5.48667,"June 20, 19",-0.01625
0,2019-06-19,5.51,5.63,5.47,5.56,5.56,52800.0,52800.0,0.05,0.907,5.55333,"June 19, 19",0.00907
0,2019-06-18,5.48,5.49,5.42,5.47,5.47,37200.0,37200.0,-0.01,-0.182,5.46,"June 18, 19",-0.00182
0,2019-06-17,5.44,5.51,5.43,5.49,5.49,19900.0,19900.0,0.05,0.919,5.47667,"June 17, 19",0.00919
0,2019-06-14,5.49,5.5,5.44,5.48,5.48,10200.0,10200.0,-0.01,-0.182,5.47333,"June 14, 19",-0.00182
0,2019-06-13,5.55,5.56,5.46,5.5,5.5,16500.0,16500.0,-0.05,-0.901,5.50667,"June 13, 19",-0.00901
0,2019-06-12,5.58,5.59,5.44,5.44,5.44,35300.0,35300.0,-0.14,-2.509,5.49,"June 12, 19",-0.02509
0,2019-06-11,5.62,5.64,5.51,5.54,5.54,26800.0,26800.0,-0.08,-1.423,5.56333,"June 11, 19",-0.01423
0,2019-06-10,5.66,5.7,5.6,5.67,5.67,87500.0,87500.0,0.01,0.177,5.65667,"June 10, 19",0.00177
0,2019-06-07,5.65,5.72,5.61,5.61,5.61,40900.0,40900.0,-0.04,-0.708,5.64667,"June 07, 19",-0.00708
0,2019-06-06,5.65,5.65,5.6,5.62,5.62,36200.0,36200.0,-0.03,-0.531,5.62333,"June 06, 19",-0.00531
0,2019-06-05,5.67,5.69,5.6,5.6,5.6,60600.0,60600.0,-0.07,-1.235,5.63,"June 05, 19",-0.01235
0,2019-06-04,5.61,5.65,5.6,5.6,5.6,41100.0,41100.0,-0.01,-0.178,5.61667,"June 04, 19",-0.00178
0,2019-06-03,5.51,5.57,5.46,5.52,5.52,44500.0,44500.0,0.01,0.181,5.51667,"June 03, 19",0.00181
0,2019-05-31,5.46,5.49,5.41,5.45,5.45,21800.0,21800.0,-0.01,-0.183,5.45,"May 31, 19",-0.00183
0,2019-05-30,5.56,5.56,5.47,5.48,5.48,18800.0,18800.0,-0.08,-1.439,5.50333,"May 30, 19",-0.01439
0,2019-05-29,5.57,5.65,5.37,5.54,5.54,324100.0,324100.0,-0.03,-0.539,5.52,"May 29, 19",-0.00539
0,2019-05-28,5.65,5.69,5.45,5.57,5.57,103900.0,103900.0,-0.08,-1.416,5.57,"May 28, 19",-0.01416
0,2019-05-24,5.66,5.73,5.63,5.68,5.68,26100.0,26100.0,0.02,0.353,5.68,"May 24, 19",0.00353
0,2019-05-23,5.7,5.73,5.65,5.69,5.69,21900.0,21900.0,-0.01,-0.175,5.69,"May 23, 19",-0.00175
0,2019-05-22,5.69,5.75,5.68,5.73,5.73,19200.0,19200.0,0.04,0.703,5.72,"May 22, 19",0.00703
0,2019-05-21,5.71,5.75,5.65,5.67,5.67,52700.0,52700.0,-0.04,-0.701,5.69,"May 21, 19",-0.00701
0,2019-05-20,5.75,5.75,5.65,5.65,5.65,32000.0,32000.0,-0.1,-1.739,5.68333,"May 20, 19",-0.01739
0,2019-05-17,5.7,5.8,5.7,5.73,5.73,42200.0,42200.0,0.03,0.526,5.74333,"May 17, 19",0.00526
0,2019-05-16,5.81,5.84,5.72,5.73,5.73,52300.0,52300.0,-0.08,-1.377,5.76333,"May 16, 19",-0.01377
0,2019-05-15,5.88,5.88,5.75,5.83,5.83,97400.0,97400.0,-0.05,-0.85,5.82,"May 15, 19",-0.0085
0,2019-05-14,6.01,6.02,5.57,5.75,5.75,119100.0,119100.0,-0.26,-4.326,5.78,"May 14, 19",-0.04326
0,2019-05-13,5.75,5.75,5.54,5.64,5.64,53500.0,53500.0,-0.11,-1.913,5.64333,"May 13, 19",-0.01913
0,2019-05-10,5.73,5.76,5.61,5.73,5.73,70000.0,70000.0,0.0,0.0,5.7,"May 10, 19",0.0
0,2019-05-09,5.76,5.76,5.62,5.75,5.75,39100.0,39100.0,-0.01,-0.174,5.71,"May 09, 19",-0.00174
0,2019-05-08,5.73,5.81,5.69,5.69,5.69,29600.0,29600.0,-0.04,-0.698,5.73,"May 08, 19",-0.00698
0,2019-05-07,5.73,5.82,5.65,5.67,5.67,28500.0,28500.0,-0.06,-1.047,5.71333,"May 07, 19",-0.01047
0,2019-05-06,5.63,5.74,5.63,5.73,5.73,66600.0,66600.0,0.1,1.776,5.7,"May 06, 19",0.01776
0,2019-05-03,5.68,5.75,5.66,5.74,5.74,30400.0,30400.0,0.06,1.056,5.71667,"May 03, 19",0.01056
0,2019-05-02,5.75,5.75,5.65,5.71,5.71,58500.0,58500.0,-0.04,-0.696,5.70333,"May 02, 19",-0.00696
0,2019-05-01,5.73,5.86,5.73,5.83,5.83,63900.0,63900.0,0.1,1.745,5.80667,"May 01, 19",0.01745
0,2019-04-30,5.8,5.88,5.69,5.74,5.74,114500.0,114500.0,-0.06,-1.034,5.77,"April 30, 19",-0.01034
0,2019-04-29,6.03,6.03,5.77,5.81,5.81,117000.0,117000.0,-0.22,-3.648,5.87,"April 29, 19",-0.03648
0,2019-04-26,6.12,6.12,6.0,6.1,6.1,36900.0,36900.0,-0.02,-0.327,6.07333,"April 26, 19",-0.00327
0,2019-04-25,6.13,6.14,6.05,6.13,6.13,11500.0,11500.0,0.0,0.0,6.10667,"April 25, 19",0.0
0,2019-04-24,6.08,6.17,6.03,6.1,6.1,29600.0,29600.0,0.02,0.329,6.1,"April 24, 19",0.00329
0,2019-04-23,6.19,6.25,6.12,6.12,6.12,58800.0,58800.0,-0.07,-1.131,6.16333,"April 23, 19",-0.01131
0,2019-04-22,6.22,6.27,6.04,6.23,6.23,92500.0,92500.0,0.01,0.161,6.18,"April 22, 19",0.00161
0,2019-04-18,6.22,6.22,6.03,6.17,6.17,100100.0,100100.0,-0.05,-0.804,6.14,"April 18, 19",-0.00804
0,2019-04-17,6.26,6.34,6.22,6.26,6.26,314300.0,314300.0,0.0,0.0,6.27333,"April 17, 19",0.0
0,2019-04-16,6.6,6.7,5.97,6.13,6.13,1743200.0,1743200.0,-0.47,-7.121,6.26667,"April 16, 19",-0.07121
0,2019-04-15,6.03,6.3,5.98,6.12,6.12,130700.0,130700.0,0.09,1.493,6.13333,"April 15, 19",0.01493
0,2019-04-12,5.96,6.04,5.92,5.94,5.94,34200.0,34200.0,-0.02,-0.336,5.96667,"April 12, 19",-0.00336
0,2019-04-11,6.01,6.05,5.9,5.91,5.91,32700.0,32700.0,-0.1,-1.664,5.95333,"April 11, 19",-0.01664
0,2019-04-10,6.02,6.02,5.8,5.95,5.95,55200.0,55200.0,-0.07,-1.163,5.92333,"April 10, 19",-0.01163
0,2019-04-09,6.06,6.08,5.97,6.02,6.02,38100.0,38100.0,-0.04,-0.66,6.02333,"April 09, 19",-0.0066
0,2019-04-08,5.91,6.05,5.91,6.03,6.03,64900.0,64900.0,0.12,2.03,5.99667,"April 08, 19",0.0203
0,2019-04-05,5.89,5.97,5.8,5.87,5.87,66600.0,66600.0,-0.02,-0.34,5.88,"April 05, 19",-0.0034
0,2019-04-04,5.78,6.03,5.68,5.76,5.76,35600.0,35600.0,-0.02,-0.346,5.82333,"April 04, 19",-0.00346
0,2019-04-03,5.73,5.78,5.67,5.75,5.75,71300.0,71300.0,0.02,0.349,5.73333,"April 03, 19",0.00349
0,2019-04-02,5.67,5.71,5.61,5.65,5.65,42000.0,42000.0,-0.02,-0.353,5.65667,"April 02, 19",-0.00353
0,2019-04-01,5.61,5.72,5.55,5.61,5.61,104300.0,104300.0,0.0,0.0,5.62667,"April 01, 19",0.0
0,2019-03-29,5.8,5.82,5.7,5.73,5.73,49400.0,49400.0,-0.07,-1.207,5.75,"March 29, 19",-0.01207
0,2019-03-28,5.78,5.84,5.74,5.79,5.79,22400.0,22400.0,0.01,0.173,5.79,"March 28, 19",0.00173
0,2019-03-27,5.62,5.82,5.62,5.79,5.79,52600.0,52600.0,0.17,3.025,5.74333,"March 27, 19",0.03025
0,2019-03-26,5.63,5.69,5.59,5.65,5.65,19800.0,19800.0,0.02,0.355,5.64333,"March 26, 19",0.00355
0,2019-03-25,5.74,5.75,5.53,5.6,5.6,81700.0,81700.0,-0.14,-2.439,5.62667,"March 25, 19",-0.02439
0,2019-03-22,5.85,5.92,5.74,5.83,5.83,55700.0,55700.0,-0.02,-0.342,5.83,"March 22, 19",-0.00342
0,2019-03-21,5.88,5.94,5.82,5.88,5.88,24900.0,24900.0,0.0,0.0,5.88,"March 21, 19",0.0
0,2019-03-20,5.85,5.91,5.82,5.91,5.91,19900.0,19900.0,0.06,1.026,5.88,"March 20, 19",0.01026
0,2019-03-19,5.91,5.96,5.85,5.89,5.89,76200.0,76200.0,-0.02,-0.338,5.9,"March 19, 19",-0.00338
0,2019-03-18,6.13,6.14,5.65,5.91,5.91,190400.0,190400.0,-0.22,-3.589,5.9,"March 18, 19",-0.03589
0,2019-03-15,6.13,6.22,6.11,6.14,6.14,76400.0,76400.0,0.01,0.163,6.15667,"March 15, 19",0.00163
0,2019-03-14,5.96,6.19,5.96,6.1,6.1,150600.0,150600.0,0.14,2.349,6.08333,"March 14, 19",0.02349
0,2019-03-13,5.91,5.97,5.89,5.92,5.92,25900.0,25900.0,0.01,0.169,5.92667,"March 13, 19",0.00169
0,2019-03-12,5.91,5.98,5.86,5.92,5.92,68800.0,68800.0,0.01,0.169,5.92,"March 12, 19",0.00169
0,2019-03-11,5.92,5.92,5.83,5.86,5.86,59400.0,59400.0,-0.06,-1.014,5.87,"March 11, 19",-0.01014
0,2019-03-08,5.92,6.03,5.8,5.93,5.93,28900.0,28900.0,0.01,0.169,5.92,"March 08, 19",0.00169
0,2019-03-07,5.97,6.05,5.92,5.92,5.92,26300.0,26300.0,-0.05,-0.838,5.96333,"March 07, 19",-0.00838
0,2019-03-06,5.96,6.04,5.96,6.02,6.02,66200.0,66200.0,0.06,1.007,6.00667,"March 06, 19",0.01007
0,2019-03-05,6.06,6.12,5.82,6.01,6.01,97000.0,97000.0,-0.05,-0.825,5.98333,"March 05, 19",-0.00825
0,2019-03-04,6.23,6.23,6.05,6.16,6.16,139200.0,139200.0,-0.07,-1.124,6.14667,"March 04, 19",-0.01124
0,2019-03-01,6.25,6.27,6.15,6.18,6.18,87000.0,87000.0,-0.07,-1.12,6.2,"March 01, 19",-0.0112
0,2019-02-28,6.17,6.28,6.1,6.17,6.17,72300.0,72300.0,0.0,0.0,6.18333,"February 28, 19",0.0
0,2019-02-27,6.03,6.29,6.0,6.16,6.16,108800.0,108800.0,0.13,2.156,6.15,"February 27, 19",0.02156
0,2019-02-26,6.01,6.15,5.98,6.01,6.01,107400.0,107400.0,0.0,0.0,6.04667,"February 26, 19",0.0
0,2019-02-25,6.07,6.43,5.93,6.1,6.1,222200.0,222200.0,0.03,0.494,6.15333,"February 25, 19",0.00494
0,2019-02-22,6.01,6.4,5.94,6.02,6.02,101900.0,101900.0,0.01,0.166,6.12,"February 22, 19",0.00166
0,2019-02-21,5.9,5.95,5.74,5.94,5.94,86000.0,86000.0,0.04,0.678,5.87667,"February 21, 19",0.00678
0,2019-02-20,5.78,6.05,5.65,5.85,5.85,544600.0,544600.0,0.07,1.211,5.85,"February 20, 19",0.01211
0,2019-02-19,5.98,5.98,5.56,5.83,5.83,107100.0,107100.0,-0.15,-2.508,5.79,"February 19, 19",-0.02508
0,2019-02-15,5.77,6.1,5.7,5.85,5.85,114000.0,114000.0,0.08,1.386,5.88333,"February 15, 19",0.01386
0,2019-02-14,5.62,5.69,5.6,5.64,5.64,10500.0,10500.0,0.02,0.356,5.64333,"February 14, 19",0.00356
0,2019-02-13,5.64,5.77,5.51,5.58,5.58,37400.0,37400.0,-0.06,-1.064,5.62,"February 13, 19",-0.01064
0,2019-02-12,5.96,5.96,5.05,5.66,5.66,209500.0,209500.0,-0.3,-5.034,5.55667,"February 12, 19",-0.05034
0,2019-02-11,5.35,5.46,5.35,5.44,5.44,30400.0,30400.0,0.09,1.682,5.41667,"February 11, 19",0.01682
0,2019-02-08,5.24,5.3,5.24,5.3,5.3,4300.0,4300.0,0.06,1.145,5.28,"February 08, 19",0.01145
0,2019-02-07,5.35,5.35,5.18,5.33,5.33,3300.0,3300.0,-0.02,-0.374,5.28667,"February 07, 19",-0.00374
0,2019-02-06,5.25,5.3,5.2,5.2,5.2,4100.0,4100.0,-0.05,-0.952,5.23333,"February 06, 19",-0.00952
0,2019-02-05,5.21,5.29,5.19,5.29,5.29,16500.0,16500.0,0.08,1.536,5.25667,"February 05, 19",0.01536
0,2019-02-04,5.25,5.25,5.18,5.18,5.18,5700.0,5700.0,-0.07,-1.333,5.20333,"February 04, 19",-0.01333
0,2019-02-01,5.4,5.4,5.3,5.39,5.39,6600.0,6600.0,-0.01,-0.185,5.36333,"February 01, 19",-0.00185
0,2019-01-31,5.23,5.3,5.23,5.25,5.25,2000.0,2000.0,0.02,0.382,5.26,"January 31, 19",0.00382
0,2019-01-30,5.23,5.23,5.23,5.23,5.23,100.0,100.0,0.0,0.0,5.23,"January 30, 19",0.0
0,2019-01-29,5.23,5.23,5.23,5.23,5.23,200.0,200.0,0.0,0.0,5.23,"January 29, 19",0.0
0,2019-01-28,5.24,5.24,5.23,5.24,5.24,900.0,900.0,0.0,0.0,5.23667,"January 28, 19",0.0
0,2019-01-25,5.2,5.35,5.19,5.35,5.35,800.0,800.0,0.15,2.885,5.29667,"January 25, 19",0.02885
0,2019-01-24,5.23,5.23,5.12,5.14,5.14,2300.0,2300.0,-0.09,-1.721,5.16333,"January 24, 19",-0.01721
0,2019-01-23,5.26,5.26,5.25,5.25,5.25,300.0,300.0,-0.01,-0.19,5.25333,"January 23, 19",-0.0019
0,2019-01-22,5.28,5.3,5.23,5.27,5.27,4200.0,4200.0,-0.01,-0.189,5.26667,"January 22, 19",-0.00189
0,2019-01-18,5.36,5.36,5.33,5.33,5.33,3400.0,3400.0,-0.03,-0.56,5.34,"January 18, 19",-0.0056
0,2019-01-17,5.33,5.33,5.29,5.29,5.29,6100.0,6100.0,-0.04,-0.75,5.30333,"January 17, 19",-0.0075
0,2019-01-16,5.31,5.33,5.3,5.33,5.33,3100.0,3100.0,0.02,0.377,5.32,"January 16, 19",0.00377
0,2019-01-15,5.36,5.36,5.33,5.33,5.33,1100.0,1100.0,-0.03,-0.56,5.34,"January 15, 19",-0.0056
0,2019-01-14,5.4,5.4,5.31,5.35,5.35,1200.0,1200.0,-0.05,-0.926,5.35333,"January 14, 19",-0.00926
0,2019-01-11,5.23,5.33,5.21,5.31,5.31,6400.0,6400.0,0.08,1.53,5.28333,"January 11, 19",0.0153
0,2019-01-10,5.26,5.3,5.2,5.3,5.3,20900.0,20900.0,0.04,0.76,5.26667,"January 10, 19",0.0076
0,2019-01-09,5.26,5.3,5.26,5.3,5.3,600.0,600.0,0.04,0.76,5.28667,"January 09, 19",0.0076
0,2019-01-08,5.23,5.3,5.2,5.3,5.3,4000.0,4000.0,0.07,1.338,5.26667,"January 08, 19",0.01338
0,2019-01-07,5.2,5.27,5.2,5.21,5.21,13200.0,13200.0,0.01,0.192,5.22667,"January 07, 19",0.00192
0,2019-01-04,5.15,5.2,5.13,5.16,5.16,3900.0,3900.0,0.01,0.194,5.16333,"January 04, 19",0.00194
0,2019-01-03,5.16,5.17,5.05,5.16,5.16,2400.0,2400.0,0.0,0.0,5.12667,"January 03, 19",0.0
0,2019-01-02,5.19,5.24,5.11,5.12,5.12,5000.0,5000.0,-0.07,-1.349,5.15667,"January 02, 19",-0.01349
0,2018-12-31,5.0,5.02,4.94,5.0,5.0,14900.0,14900.0,0.0,0.0,4.98667,"December 31, 18",0.0
0,2018-12-28,4.86,4.86,4.85,4.86,4.86,1600.0,1600.0,0.0,0.0,4.85667,"December 28, 18",0.0
0,2018-12-27,4.72,4.84,4.72,4.8,4.8,4600.0,4600.0,0.08,1.695,4.78667,"December 27, 18",0.01695
0,2018-12-26,4.87,4.87,4.7,4.8,4.8,16100.0,16100.0,-0.07,-1.437,4.79,"December 26, 18",-0.01437
0,2018-12-24,4.79,4.89,4.75,4.88,4.88,59700.0,59700.0,0.09,1.879,4.84,"December 24, 18",0.01879
0,2018-12-21,4.88,4.9,4.73,4.88,4.88,28600.0,28600.0,0.0,0.0,4.83667,"December 21, 18",0.0
0,2018-12-20,4.95,4.95,4.78,4.88,4.88,17500.0,17500.0,-0.07,-1.414,4.87,"December 20, 18",-0.01414
0,2018-12-19,4.76,4.98,4.76,4.92,4.92,10400.0,10400.0,0.16,3.361,4.88667,"December 19, 18",0.03361
0,2018-12-18,4.78,4.81,4.73,4.78,4.78,8000.0,8000.0,0.0,0.0,4.77333,"December 18, 18",0.0
0,2018-12-17,4.77,4.8,4.74,4.78,4.78,9800.0,9800.0,0.01,0.21,4.77333,"December 17, 18",0.0021
0,2018-12-14,4.68,4.72,4.63,4.68,4.68,4900.0,4900.0,0.0,0.0,4.67667,"December 14, 18",0.0
0,2018-12-13,4.8,4.8,4.72,4.72,4.72,3600.0,3600.0,-0.08,-1.667,4.74667,"December 13, 18",-0.01667
0,2018-12-12,4.8,4.83,4.8,4.8,4.8,6600.0,6600.0,0.0,0.0,4.81,"December 12, 18",0.0
0,2018-12-11,4.91,4.92,4.83,4.85,4.85,9500.0,9500.0,-0.06,-1.222,4.86667,"December 11, 18",-0.01222
0,2018-12-10,5.0,5.04,4.95,4.96,4.96,21700.0,21700.0,-0.04,-0.8,4.98333,"December 10, 18",-0.008
0,2018-12-07,5.12,5.12,5.1,5.1,5.1,2600.0,2600.0,-0.02,-0.391,5.10667,"December 07, 18",-0.00391
0,2018-12-06,5.16,5.2,5.12,5.19,5.19,6200.0,6200.0,0.03,0.581,5.17,"December 06, 18",0.00581
0,2018-12-04,5.13,5.27,5.11,5.2,5.2,9900.0,9900.0,0.07,1.365,5.19333,"December 04, 18",0.01365
0,2018-12-03,5.34,5.4,5.22,5.39,5.39,25600.0,25600.0,0.05,0.936,5.33667,"December 03, 18",0.00936
0,2018-11-30,5.2,5.24,5.2,5.22,5.22,2800.0,2800.0,0.02,0.385,5.22,"November 30, 18",0.00385
0,2018-11-29,5.14,5.24,5.13,5.18,5.18,1100.0,1100.0,0.04,0.778,5.18333,"November 29, 18",0.00778
0,2018-11-28,5.17,5.29,5.15,5.16,5.16,9200.0,9200.0,-0.01,-0.193,5.2,"November 28, 18",-0.00193
0,2018-11-27,5.19,5.19,5.05,5.19,5.19,3800.0,3800.0,0.0,0.0,5.14333,"November 27, 18",0.0
0,2018-11-26,5.27,5.27,5.23,5.25,5.25,30000.0,30000.0,-0.02,-0.38,5.25,"November 26, 18",-0.0038
0,2018-11-23,5.2,5.28,5.2,5.28,5.28,400.0,400.0,0.08,1.538,5.25333,"November 23, 18",0.01538
0,2018-11-21,5.27,5.29,5.15,5.29,5.29,17200.0,17200.0,0.02,0.38,5.24333,"November 21, 18",0.0038
0,2018-11-20,5.23,5.25,5.12,5.14,5.14,12200.0,12200.0,-0.09,-1.721,5.17,"November 20, 18",-0.01721
0,2018-11-19,5.25,5.3,5.23,5.23,5.23,3100.0,3100.0,-0.02,-0.381,5.25333,"November 19, 18",-0.00381
0,2018-11-16,5.3,5.38,5.28,5.32,5.32,1900.0,1900.0,0.02,0.377,5.32667,"November 16, 18",0.00377
0,2018-11-15,5.25,5.3,5.24,5.3,5.3,3200.0,3200.0,0.05,0.952,5.28,"November 15, 18",0.00952
0,2018-11-14,5.4,5.44,5.35,5.36,5.36,11200.0,11200.0,-0.04,-0.741,5.38333,"November 14, 18",-0.00741
0,2018-11-13,5.48,5.49,5.42,5.44,5.44,9600.0,9600.0,-0.04,-0.73,5.45,"November 13, 18",-0.0073
0,2018-11-12,5.42,5.59,5.42,5.55,5.55,17300.0,17300.0,0.13,2.399,5.52,"November 12, 18",0.02399
0,2018-11-09,5.5,5.5,5.34,5.34,5.34,200.0,200.0,-0.16,-2.909,5.39333,"November 09, 18",-0.02909
0,2018-11-08,5.37,5.46,5.37,5.44,5.44,4800.0,4800.0,0.07,1.304,5.42333,"November 08, 18",0.01304
0,2018-11-07,5.34,5.46,5.34,5.46,5.46,4000.0,4000.0,0.12,2.247,5.42,"November 07, 18",0.02247
0,2018-11-06,5.35,5.41,5.35,5.39,5.39,1800.0,1800.0,0.04,0.748,5.38333,"November 06, 18",0.00748
0,2018-11-05,5.4,5.42,5.25,5.35,5.35,7600.0,7600.0,-0.05,-0.926,5.34,"November 05, 18",-0.00926
0,2018-11-02,5.5,5.5,5.34,5.4,5.4,1500.0,1500.0,-0.1,-1.818,5.41333,"November 02, 18",-0.01818
0,2018-11-01,5.36,5.88,5.3,5.57,5.57,11900.0,11900.0,0.21,3.918,5.58333,"November 01, 18",0.03918
0,2018-10-31,5.38,5.43,5.26,5.3,5.3,8300.0,8300.0,-0.08,-1.487,5.33,"October 31, 18",-0.01487
0,2018-10-30,5.02,5.46,5.02,5.36,5.36,1600.0,1600.0,0.34,6.773,5.28,"October 30, 18",0.06773
0,2018-10-29,5.44,5.46,5.24,5.24,5.24,9100.0,9100.0,-0.2,-3.676,5.31333,"October 29, 18",-0.03676
0,2018-10-26,5.37,5.46,5.34,5.46,5.46,2300.0,2300.0,0.09,1.676,5.42,"October 26, 18",0.01676
0,2018-10-25,5.41,5.52,5.38,5.41,5.41,7600.0,7600.0,0.0,0.0,5.43667,"October 25, 18",0.0
0,2018-10-24,5.64,5.64,5.44,5.45,5.45,7800.0,7800.0,-0.19,-3.369,5.51,"October 24, 18",-0.03369
0,2018-10-23,5.71,5.71,5.55,5.66,5.66,5100.0,5100.0,-0.05,-0.876,5.64,"October 23, 18",-0.00876
0,2018-10-22,5.86,5.86,5.7,5.76,5.76,5900.0,5900.0,-0.1,-1.706,5.77333,"October 22, 18",-0.01706
0,2018-10-19,5.72,5.96,5.72,5.89,5.89,8300.0,8300.0,0.17,2.972,5.85667,"October 19, 18",0.02972
0,2018-10-18,5.84,5.9,5.74,5.75,5.75,7900.0,7900.0,-0.09,-1.541,5.79667,"October 18, 18",-0.01541
0,2018-10-17,5.94,6.0,5.88,5.97,5.97,4800.0,4800.0,0.03,0.505,5.95,"October 17, 18",0.00505
0,2018-10-16,5.92,5.99,5.86,5.92,5.92,17300.0,17300.0,0.0,0.0,5.92333,"October 16, 18",0.0
0,2018-10-15,5.85,5.98,5.85,5.95,5.95,5100.0,5100.0,0.1,1.709,5.92667,"October 15, 18",0.01709
0,2018-10-12,5.82,5.99,5.82,5.93,5.93,13200.0,13200.0,0.11,1.89,5.91333,"October 12, 18",0.0189
0,2018-10-11,5.93,6.0,5.78,5.82,5.82,15000.0,15000.0,-0.11,-1.855,5.86667,"October 11, 18",-0.01855
0,2018-10-10,6.1,6.1,5.92,5.98,5.98,21600.0,21600.0,-0.12,-1.967,6.0,"October 10, 18",-0.01967
0,2018-10-09,6.2,6.25,6.13,6.15,6.15,24200.0,24200.0,-0.05,-0.806,6.17667,"October 09, 18",-0.00806
0,2018-10-08,6.23,6.23,6.09,6.1,6.1,11900.0,11900.0,-0.13,-2.087,6.14,"October 08, 18",-0.02087
0,2018-10-05,6.04,6.25,6.04,6.25,6.25,9800.0,9800.0,0.21,3.477,6.18,"October 05, 18",0.03477
0,2018-10-04,6.25,6.28,6.0,6.0,6.0,41600.0,41600.0,-0.25,-4.0,6.09333,"October 04, 18",-0.04
0,2018-10-03,6.25,6.35,6.18,6.18,6.18,14800.0,14800.0,-0.07,-1.12,6.23667,"October 03, 18",-0.0112
0,2018-10-02,6.2,6.33,6.2,6.25,6.25,6400.0,6400.0,0.05,0.806,6.26,"October 02, 18",0.00806
0,2018-10-01,6.29,6.3,6.22,6.24,6.24,4900.0,4900.0,-0.05,-0.795,6.25333,"October 01, 18",-0.00795
0,2018-09-28,6.25,6.3,6.1,6.2,6.2,11000.0,11000.0,-0.05,-0.8,6.2,"September 28, 18",-0.008
0,2018-09-27,6.15,6.3,6.14,6.3,6.3,8400.0,8400.0,0.15,2.439,6.24667,"September 27, 18",0.02439
0,2018-09-26,6.31,6.31,6.2,6.2,6.2,8100.0,8100.0,-0.11,-1.743,6.23667,"September 26, 18",-0.01743
0,2018-09-25,6.11,6.45,6.11,6.25,6.25,42500.0,42500.0,0.14,2.291,6.27,"September 25, 18",0.02291
0,2018-09-24,6.05,6.13,5.95,6.1,6.1,17200.0,17200.0,0.05,0.826,6.06,"September 24, 18",0.00826
0,2018-09-21,6.05,6.15,6.0,6.0,6.0,13300.0,13300.0,-0.05,-0.826,6.05,"September 21, 18",-0.00826
0,2018-09-20,6.0,6.13,5.95,5.95,5.95,28400.0,28400.0,-0.05,-0.833,6.01,"September 20, 18",-0.00833
0,2018-09-19,5.95,6.0,5.93,6.0,6.0,11700.0,11700.0,0.05,0.84,5.97667,"September 19, 18",0.0084
0,2018-09-18,5.85,6.0,5.68,5.9,5.9,21000.0,21000.0,0.05,0.855,5.86,"September 18, 18",0.00855
0,2018-09-17,6.05,6.05,5.9,5.9,5.9,28500.0,28500.0,-0.15,-2.479,5.95,"September 17, 18",-0.02479
0,2018-09-14,6.2,6.2,6.05,6.1,6.1,11200.0,11200.0,-0.1,-1.613,6.11667,"September 14, 18",-0.01613
0,2018-09-13,6.05,6.2,6.05,6.15,6.15,16300.0,16300.0,0.1,1.653,6.13333,"September 13, 18",0.01653
0,2018-09-12,6.04,6.1,5.9,5.95,5.95,13900.0,13900.0,-0.09,-1.49,5.98333,"September 12, 18",-0.0149
0,2018-09-11,5.95,5.98,5.9,5.98,5.98,5600.0,5600.0,0.03,0.504,5.95333,"September 11, 18",0.00504
0,2018-09-10,5.9,5.95,5.75,5.9,5.9,15400.0,15400.0,0.0,0.0,5.86667,"September 10, 18",0.0
0,2018-09-07,5.89,5.95,5.8,5.95,5.95,2100.0,2100.0,0.06,1.019,5.9,"September 07, 18",0.01019
0,2018-09-06,6.03,6.03,5.75,5.95,5.95,26400.0,26400.0,-0.08,-1.327,5.91,"September 06, 18",-0.01327
0,2018-09-05,5.9,6.1,5.9,6.0,6.0,14500.0,14500.0,0.1,1.695,6.0,"September 05, 18",0.01695
0,2018-09-04,6.05,6.05,5.7,5.95,5.95,40000.0,40000.0,-0.1,-1.653,5.9,"September 04, 18",-0.01653
0,2018-08-31,5.85,6.0,5.85,5.95,5.95,22100.0,22100.0,0.1,1.709,5.93333,"August 31, 18",0.01709
0,2018-08-30,5.8,5.9,5.8,5.9,5.9,9700.0,9700.0,0.1,1.724,5.86667,"August 30, 18",0.01724
0,2018-08-29,5.75,5.9,5.71,5.8,5.8,28500.0,28500.0,0.05,0.87,5.80333,"August 29, 18",0.0087
0,2018-08-28,5.7,5.85,5.7,5.85,5.85,29200.0,29200.0,0.15,2.632,5.8,"August 28, 18",0.02632
0,2018-08-27,5.65,5.75,5.6,5.65,5.65,18500.0,18500.0,0.0,0.0,5.66667,"August 27, 18",0.0
0,2018-08-24,5.6,5.71,5.6,5.65,5.65,19600.0,19600.0,0.05,0.893,5.65333,"August 24, 18",0.00893
0,2018-08-23,5.6,5.68,5.56,5.65,5.65,15300.0,15300.0,0.05,0.893,5.63,"August 23, 18",0.00893
0,2018-08-22,5.6,5.6,5.4,5.5,5.5,28100.0,28100.0,-0.1,-1.786,5.5,"August 22, 18",-0.01786
0,2018-08-21,5.6,5.65,5.51,5.6,5.6,10000.0,10000.0,0.0,0.0,5.58667,"August 21, 18",0.0
0,2018-08-20,5.4,5.55,5.4,5.55,5.55,15400.0,15400.0,0.15,2.778,5.5,"August 20, 18",0.02778
0,2018-08-17,5.35,5.5,5.35,5.45,5.45,5400.0,5400.0,0.1,1.869,5.43333,"August 17, 18",0.01869
0,2018-08-16,5.5,5.55,5.2,5.4,5.4,23000.0,23000.0,-0.1,-1.818,5.38333,"August 16, 18",-0.01818
0,2018-08-15,5.6,5.6,5.45,5.5,5.5,5800.0,5800.0,-0.1,-1.786,5.51667,"August 15, 18",-0.01786
0,2018-08-14,5.35,5.55,5.35,5.5,5.5,26500.0,26500.0,0.15,2.804,5.46667,"August 14, 18",0.02804
0,2018-08-13,5.2,5.35,5.0,5.25,5.25,49800.0,49800.0,0.05,0.962,5.2,"August 13, 18",0.00962
0,2018-08-10,5.25,5.35,4.8,5.2,5.2,22000.0,22000.0,-0.05,-0.952,5.11667,"August 10, 18",-0.00952
0,2018-08-09,5.45,5.46,5.3,5.3,5.3,33600.0,33600.0,-0.15,-2.752,5.35333,"August 09, 18",-0.02752
0,2018-08-08,5.65,5.7,5.5,5.5,5.5,7600.0,7600.0,-0.15,-2.655,5.56667,"August 08, 18",-0.02655
0,2018-08-07,5.65,5.7,5.59,5.6,5.6,90700.0,90700.0,-0.05,-0.885,5.63,"August 07, 18",-0.00885
0,2018-08-06,5.8,5.9,5.77,5.8,5.8,26500.0,26500.0,0.0,0.0,5.82333,"August 06, 18",0.0
0,2018-08-03,5.75,5.9,5.75,5.9,5.9,7000.0,7000.0,0.15,2.609,5.85,"August 03, 18",0.02609
0,2018-08-02,5.75,5.85,5.75,5.75,5.75,39000.0,39000.0,0.0,0.0,5.78333,"August 02, 18",0.0
0,2018-08-01,5.7,5.75,5.7,5.75,5.75,14800.0,14800.0,0.05,0.877,5.73333,"August 01, 18",0.00877
0,2018-07-31,5.6,5.8,5.6,5.75,5.75,44900.0,44900.0,0.15,2.679,5.71667,"July 31, 18",0.02679
0,2018-07-30,5.6,5.7,5.6,5.6,5.6,63500.0,63500.0,0.0,0.0,5.63333,"July 30, 18",0.0
0,2018-07-27,5.75,5.75,5.65,5.7,5.7,6100.0,6100.0,-0.05,-0.87,5.7,"July 27, 18",-0.0087
0,2018-07-26,5.75,5.75,5.66,5.75,5.75,8300.0,8300.0,0.0,0.0,5.72,"July 26, 18",0.0
0,2018-07-25,5.65,5.75,5.65,5.75,5.75,6700.0,6700.0,0.1,1.77,5.71667,"July 25, 18",0.0177
0,2018-07-24,5.71,5.76,5.7,5.7,5.7,19800.0,19800.0,-0.01,-0.175,5.72,"July 24, 18",-0.00175
0,2018-07-23,5.7,5.85,5.6,5.7,5.7,29100.0,29100.0,0.0,0.0,5.71667,"July 23, 18",0.0
0,2018-07-20,5.75,6.1,5.6,5.7,5.7,47500.0,47500.0,-0.05,-0.87,5.8,"July 20, 18",-0.0087
0,2018-07-19,5.55,5.81,5.55,5.7,5.7,87600.0,87600.0,0.15,2.703,5.68667,"July 19, 18",0.02703
0,2018-07-18,5.6,5.64,5.55,5.55,5.55,24900.0,24900.0,-0.05,-0.893,5.58,"July 18, 18",-0.00893
0,2018-07-17,5.63,5.65,5.6,5.6,5.6,16900.0,16900.0,-0.03,-0.533,5.61667,"July 17, 18",-0.00533
0,2018-07-16,5.6,5.65,5.5,5.6,5.6,23100.0,23100.0,0.0,0.0,5.58333,"July 16, 18",0.0
0,2018-07-13,5.5,5.7,5.5,5.6,5.6,46200.0,46200.0,0.1,1.818,5.6,"July 13, 18",0.01818
0,2018-07-12,5.35,5.5,5.35,5.45,5.45,41500.0,41500.0,0.1,1.869,5.43333,"July 12, 18",0.01869
0,2018-07-11,5.35,5.4,5.34,5.35,5.35,16300.0,16300.0,0.0,0.0,5.36333,"July 11, 18",0.0
0,2018-07-10,5.45,5.45,5.35,5.35,5.35,10700.0,10700.0,-0.1,-1.835,5.38333,"July 10, 18",-0.01835
0,2018-07-09,5.3,5.4,5.28,5.3,5.3,15200.0,15200.0,0.0,0.0,5.32667,"July 09, 18",0.0
0,2018-07-06,5.35,5.4,5.25,5.4,5.4,14200.0,14200.0,0.05,0.935,5.35,"July 06, 18",0.00935
0,2018-07-05,5.3,5.35,5.29,5.3,5.3,9700.0,9700.0,0.0,0.0,5.31333,"July 05, 18",0.0
0,2018-07-03,5.25,5.3,5.25,5.3,5.3,9300.0,9300.0,0.05,0.952,5.28333,"July 03, 18",0.00952
0,2018-07-02,5.2,5.2,5.15,5.15,5.15,6900.0,6900.0,-0.05,-0.962,5.16667,"July 02, 18",-0.00962
0,2018-06-29,5.2,5.25,5.17,5.2,5.2,9600.0,9600.0,0.0,0.0,5.20667,"June 29, 18",0.0
0,2018-06-28,5.15,5.2,5.1,5.1,5.1,38100.0,38100.0,-0.05,-0.971,5.13333,"June 28, 18",-0.00971
0,2018-06-27,5.1,5.2,5.1,5.1,5.1,43800.0,43800.0,0.0,0.0,5.13333,"June 27, 18",0.0
0,2018-06-26,5.15,5.25,5.08,5.15,5.15,15000.0,15000.0,0.0,0.0,5.16,"June 26, 18",0.0
0,2018-06-25,5.25,5.25,5.1,5.2,5.2,14200.0,14200.0,-0.05,-0.952,5.18333,"June 25, 18",-0.00952
0,2018-06-22,5.34,5.35,5.25,5.25,5.25,8900.0,8900.0,-0.09,-1.685,5.28333,"June 22, 18",-0.01685
0,2018-06-21,5.22,5.35,5.22,5.3,5.3,22300.0,22300.0,0.08,1.533,5.29,"June 21, 18",0.01533
0,2018-06-20,5.2,5.4,5.18,5.25,5.25,13500.0,13500.0,0.05,0.962,5.27667,"June 20, 18",0.00962
0,2018-06-19,5.15,5.2,5.1,5.15,5.15,16000.0,16000.0,0.0,0.0,5.15,"June 19, 18",0.0
0,2018-06-18,5.1,5.15,5.06,5.13,5.13,6900.0,6900.0,0.03,0.588,5.11333,"June 18, 18",0.00588
0,2018-06-15,5.15,5.2,5.12,5.15,5.15,3800.0,3800.0,0.0,0.0,5.15667,"June 15, 18",0.0
0,2018-06-14,5.1,5.2,5.1,5.15,5.15,19900.0,19900.0,0.05,0.98,5.15,"June 14, 18",0.0098
0,2018-06-13,5.1,5.2,5.1,5.15,5.15,5700.0,5700.0,0.05,0.98,5.15,"June 13, 18",0.0098
0,2018-06-12,5.05,5.1,5.05,5.05,5.05,11900.0,11900.0,0.0,0.0,5.06667,"June 12, 18",0.0
0,2018-06-11,5.1,5.15,5.05,5.1,5.1,4900.0,4900.0,0.0,0.0,5.1,"June 11, 18",0.0
0,2018-06-08,5.1,5.13,5.0,5.1,5.1,2700.0,2700.0,0.0,0.0,5.07667,"June 08, 18",0.0
0,2018-06-07,5.05,5.15,5.05,5.15,5.15,2800.0,2800.0,0.1,1.98,5.11667,"June 07, 18",0.0198
0,2018-06-06,5.1,5.1,5.03,5.05,5.05,8300.0,8300.0,-0.05,-0.98,5.06,"June 06, 18",-0.0098
0,2018-06-05,5.1,5.15,5.05,5.1,5.1,6300.0,6300.0,0.0,0.0,5.1,"June 05, 18",0.0
0,2018-06-04,5.1,5.15,5.05,5.15,5.15,5200.0,5200.0,0.05,0.98,5.11667,"June 04, 18",0.0098
0,2018-06-01,5.1,5.1,5.05,5.1,5.1,4200.0,4200.0,0.0,0.0,5.08333,"June 01, 18",0.0
0,2018-05-31,4.85,5.05,4.85,5.05,5.05,44900.0,44900.0,0.2,4.124,4.98333,"May 31, 18",0.04124
0,2018-05-30,4.85,4.95,4.85,4.85,4.85,7000.0,7000.0,0.0,0.0,4.88333,"May 30, 18",0.0
0,2018-05-29,4.9,4.9,4.78,4.85,4.85,10200.0,10200.0,-0.05,-1.02,4.84333,"May 29, 18",-0.0102
0,2018-05-25,4.95,4.95,4.95,4.95,4.95,900.0,900.0,0.0,0.0,4.95,"May 25, 18",0.0
0,2018-05-24,4.8,4.95,4.8,4.95,4.95,4400.0,4400.0,0.15,3.125,4.9,"May 24, 18",0.03125
0,2018-05-23,4.86,4.9,4.8,4.85,4.85,4300.0,4300.0,-0.01,-0.206,4.85,"May 23, 18",-0.00206
0,2018-05-22,5.0,5.04,4.9,4.95,4.95,6500.0,6500.0,-0.05,-1.0,4.96333,"May 22, 18",-0.01
0,2018-05-21,5.0,5.0,4.9,4.95,4.95,9600.0,9600.0,-0.05,-1.0,4.95,"May 21, 18",-0.01
0,2018-05-18,4.85,4.9,4.8,4.9,4.9,2500.0,2500.0,0.05,1.031,4.86667,"May 18, 18",0.01031
0,2018-05-17,4.95,4.95,4.85,4.85,4.85,6900.0,6900.0,-0.1,-2.02,4.88333,"May 17, 18",-0.0202
0,2018-05-16,4.7,5.0,4.7,5.0,5.0,34100.0,34100.0,0.3,6.383,4.9,"May 16, 18",0.06383
0,2018-05-15,4.85,4.85,4.55,4.65,4.65,94800.0,94800.0,-0.2,-4.124,4.68333,"May 15, 18",-0.04124
0,2018-05-14,4.6,4.75,4.55,4.75,4.75,41200.0,41200.0,0.15,3.261,4.68333,"May 14, 18",0.03261
0,2018-05-11,4.65,4.7,4.6,4.65,4.65,4600.0,4600.0,0.0,0.0,4.65,"May 11, 18",0.0
0,2018-05-10,4.58,4.6,4.57,4.6,4.6,15700.0,15700.0,0.02,0.437,4.59,"May 10, 18",0.00437
0,2018-05-09,4.5,4.6,4.5,4.55,4.55,25400.0,25400.0,0.05,1.111,4.55,"May 09, 18",0.01111
0,2018-05-08,4.6,4.65,4.5,4.6,4.6,39900.0,39900.0,0.0,0.0,4.58333,"May 08, 18",0.0
0,2018-05-07,4.65,4.7,4.6,4.65,4.65,20900.0,20900.0,0.0,0.0,4.65,"May 07, 18",0.0
0,2018-05-04,4.65,4.75,4.65,4.65,4.65,3300.0,3300.0,0.0,0.0,4.68333,"May 04, 18",0.0
0,2018-05-03,4.55,4.72,4.5,4.7,4.7,26900.0,26900.0,0.15,3.297,4.64,"May 03, 18",0.03297
0,2018-05-02,4.6,4.68,4.55,4.6,4.6,27000.0,27000.0,0.0,0.0,4.61,"May 02, 18",0.0
0,2018-05-01,4.7,4.7,4.56,4.65,4.65,1000.0,1000.0,-0.05,-1.064,4.63667,"May 01, 18",-0.01064
0,2018-04-30,4.7,4.75,4.7,4.75,4.75,4400.0,4400.0,0.05,1.064,4.73333,"April 30, 18",0.01064
0,2018-04-27,4.65,4.75,4.65,4.75,4.75,700.0,700.0,0.1,2.151,4.71667,"April 27, 18",0.02151
0,2018-04-26,4.65,4.75,4.65,4.65,4.65,1200.0,1200.0,0.0,0.0,4.68333,"April 26, 18",0.0
0,2018-04-25,4.65,4.75,4.6,4.65,4.65,12800.0,12800.0,0.0,0.0,4.66667,"April 25, 18",0.0
0,2018-04-24,4.6,4.7,4.6,4.7,4.7,9000.0,9000.0,0.1,2.174,4.66667,"April 24, 18",0.02174
0,2018-04-23,4.5,4.75,4.5,4.53,4.53,53100.0,53100.0,0.03,0.667,4.59333,"April 23, 18",0.00667
0,2018-04-20,4.55,4.65,4.55,4.55,4.55,17600.0,17600.0,0.0,0.0,4.58333,"April 20, 18",0.0
0,2018-04-19,4.65,4.7,4.5,4.6,4.6,11600.0,11600.0,-0.05,-1.075,4.6,"April 19, 18",-0.01075
0,2018-04-18,4.7,4.75,4.65,4.65,4.65,27400.0,27400.0,-0.05,-1.064,4.68333,"April 18, 18",-0.01064
0,2018-04-17,4.6,4.7,4.55,4.65,4.65,20300.0,20300.0,0.05,1.087,4.63333,"April 17, 18",0.01087
0,2018-04-16,4.65,4.75,4.6,4.7,4.7,32900.0,32900.0,0.05,1.075,4.68333,"April 16, 18",0.01075
0,2018-04-13,4.85,4.85,4.65,4.7,4.7,120400.0,120400.0,-0.15,-3.093,4.73333,"April 13, 18",-0.03093
0,2018-04-12,4.65,4.8,4.65,4.8,4.8,12900.0,12900.0,0.15,3.226,4.75,"April 12, 18",0.03226
0,2018-04-11,4.65,4.7,4.65,4.65,4.65,4800.0,4800.0,0.0,0.0,4.66667,"April 11, 18",0.0
0,2018-04-10,4.7,4.7,4.61,4.65,4.65,58200.0,58200.0,-0.05,-1.064,4.65333,"April 10, 18",-0.01064
0,2018-04-09,4.63,4.75,4.6,4.65,4.65,16700.0,16700.0,0.02,0.432,4.66667,"April 09, 18",0.00432
0,2018-04-06,4.65,4.75,4.6,4.6,4.6,1600.0,1600.0,-0.05,-1.075,4.65,"April 06, 18",-0.01075
0,2018-04-05,4.75,4.78,4.7,4.7,4.7,6300.0,6300.0,-0.05,-1.053,4.72667,"April 05, 18",-0.01053
0,2018-04-04,4.55,4.7,4.55,4.7,4.7,11500.0,11500.0,0.15,3.297,4.65,"April 04, 18",0.03297
0,2018-04-03,4.5,4.6,4.5,4.55,4.55,13400.0,13400.0,0.05,1.111,4.55,"April 03, 18",0.01111
0,2018-04-02,4.5,4.55,4.35,4.4,4.4,7900.0,7900.0,-0.1,-2.222,4.43333,"April 02, 18",-0.02222
0,2018-03-29,4.65,4.65,4.55,4.6,4.6,9300.0,9300.0,-0.05,-1.075,4.6,"March 29, 18",-0.01075
0,2018-03-28,4.7,4.7,4.55,4.6,4.6,18200.0,18200.0,-0.1,-2.128,4.61667,"March 28, 18",-0.02128
0,2018-03-27,4.8,4.8,4.6,4.7,4.7,24700.0,24700.0,-0.1,-2.083,4.7,"March 27, 18",-0.02083
0,2018-03-26,4.8,4.8,4.75,4.75,4.75,3400.0,3400.0,-0.05,-1.042,4.76667,"March 26, 18",-0.01042
0,2018-03-23,4.88,4.9,4.7,4.7,4.7,3100.0,3100.0,-0.18,-3.689,4.76667,"March 23, 18",-0.03689
0,2018-03-22,4.88,4.9,4.8,4.85,4.85,8000.0,8000.0,-0.03,-0.615,4.85,"March 22, 18",-0.00615
0,2018-03-21,5.0,5.05,4.98,5.0,5.0,6800.0,6800.0,0.0,0.0,5.01,"March 21, 18",0.0
0,2018-03-20,4.85,4.95,4.85,4.9,4.9,13600.0,13600.0,0.05,1.031,4.9,"March 20, 18",0.01031
0,2018-03-19,5.0,5.0,4.86,4.9,4.9,14100.0,14100.0,-0.1,-2.0,4.92,"March 19, 18",-0.02
0,2018-03-16,5.15,5.15,5.1,5.15,5.15,7000.0,7000.0,0.0,0.0,5.13333,"March 16, 18",0.0
0,2018-03-15,5.15,5.2,5.1,5.15,5.15,7400.0,7400.0,0.0,0.0,5.15,"March 15, 18",0.0
0,2018-03-14,5.25,5.25,5.15,5.15,5.15,7500.0,7500.0,-0.1,-1.905,5.18333,"March 14, 18",-0.01905
0,2018-03-13,5.2,5.25,5.2,5.25,5.25,7000.0,7000.0,0.05,0.962,5.23333,"March 13, 18",0.00962
0,2018-03-12,5.15,5.2,5.13,5.2,5.2,10400.0,10400.0,0.05,0.971,5.17667,"March 12, 18",0.00971
0,2018-03-09,5.1,5.2,5.05,5.2,5.2,13100.0,13100.0,0.1,1.961,5.15,"March 09, 18",0.01961
0,2018-03-08,5.15,5.15,5.05,5.05,5.05,14400.0,14400.0,-0.1,-1.942,5.08333,"March 08, 18",-0.01942
0,2018-03-07,5.1,5.2,5.07,5.18,5.18,14100.0,14100.0,0.08,1.569,5.15,"March 07, 18",0.01569
0,2018-03-06,5.1,5.15,5.05,5.1,5.1,6900.0,6900.0,0.0,0.0,5.1,"March 06, 18",0.0
0,2018-03-05,5.1,5.2,5.1,5.1,5.1,8000.0,8000.0,0.0,0.0,5.13333,"March 05, 18",0.0
0,2018-03-02,5.15,5.25,5.1,5.25,5.25,18600.0,18600.0,0.1,1.942,5.2,"March 02, 18",0.01942
0,2018-03-01,5.2,5.25,5.15,5.2,5.2,9400.0,9400.0,0.0,0.0,5.2,"March 01, 18",0.0
0,2018-02-28,5.2,5.3,5.2,5.25,5.25,14200.0,14200.0,0.05,0.962,5.25,"February 28, 18",0.00962
0,2018-02-27,5.3,5.35,5.2,5.2,5.2,24500.0,24500.0,-0.1,-1.887,5.25,"February 27, 18",-0.01887
0,2018-02-26,5.2,5.25,5.15,5.25,5.25,16000.0,16000.0,0.05,0.962,5.21667,"February 26, 18",0.00962
0,2018-02-23,5.15,5.25,5.13,5.18,5.18,43000.0,43000.0,0.03,0.583,5.18667,"February 23, 18",0.00583
0,2018-02-22,5.2,5.25,5.2,5.2,5.2,8000.0,8000.0,0.0,0.0,5.21667,"February 22, 18",0.0
0,2018-02-21,5.25,5.3,5.25,5.3,5.3,6200.0,6200.0,0.05,0.952,5.28333,"February 21, 18",0.00952
0,2018-02-20,5.2,5.3,5.15,5.2,5.2,11100.0,11100.0,0.0,0.0,5.21667,"February 20, 18",0.0
0,2018-02-16,5.3,5.3,5.25,5.25,5.25,5300.0,5300.0,-0.05,-0.943,5.26667,"February 16, 18",-0.00943
0,2018-02-15,5.2,5.35,5.2,5.3,5.3,9400.0,9400.0,0.1,1.923,5.28333,"February 15, 18",0.01923
0,2018-02-14,5.25,5.25,5.15,5.2,5.2,14300.0,14300.0,-0.05,-0.952,5.2,"February 14, 18",-0.00952
0,2018-02-13,5.15,5.25,5.1,5.25,5.25,6900.0,6900.0,0.1,1.942,5.2,"February 13, 18",0.01942
0,2018-02-12,5.05,5.2,5.05,5.15,5.15,9600.0,9600.0,0.1,1.98,5.13333,"February 12, 18",0.0198
0,2018-02-09,4.9,5.05,4.78,5.0,5.0,24800.0,24800.0,0.1,2.041,4.94333,"February 09, 18",0.02041
0,2018-02-08,5.25,5.3,4.8,4.8,4.8,36200.0,36200.0,-0.45,-8.571,4.96667,"February 08, 18",-0.08571
0,2018-02-07,5.25,5.48,5.01,5.15,5.15,58000.0,58000.0,-0.1,-1.905,5.21333,"February 07, 18",-0.01905
0,2018-02-06,4.75,5.0,4.65,4.75,4.75,7100.0,7100.0,0.0,0.0,4.8,"February 06, 18",0.0
0,2018-02-05,5.1,5.1,4.75,4.75,4.75,23200.0,23200.0,-0.35,-6.863,4.86667,"February 05, 18",-0.06863
0,2018-02-02,5.35,5.5,5.2,5.2,5.2,13300.0,13300.0,-0.15,-2.804,5.3,"February 02, 18",-0.02804
0,2018-02-01,5.4,5.45,5.31,5.4,5.4,22400.0,22400.0,0.0,0.0,5.38667,"February 01, 18",0.0
0,2018-01-31,5.45,5.5,5.45,5.45,5.45,6200.0,6200.0,0.0,0.0,5.46667,"January 31, 18",0.0
0,2018-01-30,5.55,5.61,5.16,5.5,5.5,23300.0,23300.0,-0.05,-0.901,5.42333,"January 30, 18",-0.00901
0,2018-01-29,5.7,5.75,5.55,5.65,5.65,17900.0,17900.0,-0.05,-0.877,5.65,"January 29, 18",-0.00877
0,2018-01-26,5.72,5.75,5.65,5.7,5.7,132700.0,132700.0,-0.02,-0.35,5.7,"January 26, 18",-0.0035
0,2018-01-25,5.7,5.75,5.7,5.75,5.75,14500.0,14500.0,0.05,0.877,5.73333,"January 25, 18",0.00877
0,2018-01-24,5.65,5.7,5.55,5.63,5.63,18100.0,18100.0,-0.02,-0.354,5.62667,"January 24, 18",-0.00354
0,2018-01-23,5.6,5.7,5.6,5.7,5.7,29300.0,29300.0,0.1,1.786,5.66667,"January 23, 18",0.01786
0,2018-01-22,5.65,5.7,5.5,5.6,5.6,20100.0,20100.0,-0.05,-0.885,5.6,"January 22, 18",-0.00885
0,2018-01-19,5.6,5.65,5.55,5.6,5.6,63800.0,63800.0,0.0,0.0,5.6,"January 19, 18",0.0
0,2018-01-18,5.55,5.7,5.5,5.7,5.7,26000.0,26000.0,0.15,2.703,5.63333,"January 18, 18",0.02703
0,2018-01-17,5.55,5.65,5.5,5.65,5.65,31800.0,31800.0,0.1,1.802,5.6,"January 17, 18",0.01802
0,2018-01-16,5.65,5.65,5.5,5.55,5.55,29700.0,29700.0,-0.1,-1.77,5.56667,"January 16, 18",-0.0177
0,2018-01-12,5.55,5.65,5.55,5.65,5.65,26200.0,26200.0,0.1,1.802,5.61667,"January 12, 18",0.01802
0,2018-01-11,5.55,5.6,5.5,5.5,5.5,52400.0,52400.0,-0.05,-0.901,5.53333,"January 11, 18",-0.00901
0,2018-01-10,5.4,5.45,5.35,5.4,5.4,39200.0,39200.0,0.0,0.0,5.4,"January 10, 18",0.0
0,2018-01-09,5.25,5.4,5.25,5.3,5.3,55000.0,55000.0,0.05,0.952,5.31667,"January 09, 18",0.00952
0,2018-01-08,5.2,5.25,5.2,5.2,5.2,17400.0,17400.0,0.0,0.0,5.21667,"January 08, 18",0.0
0,2018-01-05,5.2,5.25,5.16,5.2,5.2,22000.0,22000.0,0.0,0.0,5.20333,"January 05, 18",0.0
0,2018-01-04,5.2,5.25,5.1,5.25,5.25,51300.0,51300.0,0.05,0.962,5.2,"January 04, 18",0.00962
0,2018-01-03,4.95,4.95,4.9,4.93,4.93,17300.0,17300.0,-0.02,-0.404,4.92667,"January 03, 18",-0.00404
0,2018-01-02,4.85,4.85,4.75,4.8,4.8,14100.0,14100.0,-0.05,-1.031,4.8,"January 02, 18",-0.01031
0,2017-12-29,4.65,4.85,4.65,4.75,4.75,27800.0,27800.0,0.1,2.151,4.75,"December 29, 17",0.02151
0,2017-12-28,4.65,4.75,4.65,4.7,4.7,16800.0,16800.0,0.05,1.075,4.7,"December 28, 17",0.01075
0,2017-12-27,4.6,4.65,4.6,4.6,4.6,7700.0,7700.0,0.0,0.0,4.61667,"December 27, 17",0.0
0,2017-12-26,4.45,4.6,4.45,4.55,4.55,88300.0,88300.0,0.1,2.247,4.53333,"December 26, 17",0.02247
0,2017-12-22,4.54,4.55,4.45,4.5,4.5,24600.0,24600.0,-0.04,-0.881,4.5,"December 22, 17",-0.00881
0,2017-12-21,4.45,4.55,4.45,4.55,4.55,31000.0,31000.0,0.1,2.247,4.51667,"December 21, 17",0.02247
0,2017-12-20,4.45,4.55,4.45,4.5,4.5,25000.0,25000.0,0.05,1.124,4.5,"December 20, 17",0.01124
0,2017-12-19,4.45,4.55,4.45,4.55,4.55,21200.0,21200.0,0.1,2.247,4.51667,"December 19, 17",0.02247
0,2017-12-18,4.45,4.55,4.36,4.55,4.55,20400.0,20400.0,0.1,2.247,4.48667,"December 18, 17",0.02247
0,2017-12-15,4.45,4.5,4.35,4.4,4.4,34400.0,34400.0,-0.05,-1.124,4.41667,"December 15, 17",-0.01124
0,2017-12-14,4.5,4.55,4.4,4.5,4.5,36000.0,36000.0,0.0,0.0,4.48333,"December 14, 17",0.0
0,2017-12-13,4.4,4.55,4.35,4.5,4.5,56000.0,56000.0,0.1,2.273,4.46667,"December 13, 17",0.02273
0,2017-12-12,4.35,4.4,4.35,4.35,4.35,14700.0,14700.0,0.0,0.0,4.36667,"December 12, 17",0.0
0,2017-12-11,4.35,4.45,4.26,4.4,4.4,81100.0,81100.0,0.05,1.149,4.37,"December 11, 17",0.01149
0,2017-12-08,4.5,4.6,4.45,4.55,4.55,8000.0,8000.0,0.05,1.111,4.53333,"December 08, 17",0.01111
0,2017-12-07,4.5,4.6,4.45,4.55,4.55,8000.0,8000.0,0.05,1.111,4.53333,"December 07, 17",0.01111
0,2017-12-06,4.55,4.6,4.5,4.55,4.55,19100.0,19100.0,0.0,0.0,4.55,"December 06, 17",0.0
0,2017-12-05,4.58,4.6,4.5,4.55,4.55,7700.0,7700.0,-0.03,-0.655,4.55,"December 05, 17",-0.00655
0,2017-12-04,4.55,4.69,4.55,4.55,4.55,14800.0,14800.0,0.0,0.0,4.59667,"December 04, 17",0.0
0,2017-12-01,4.6,4.7,4.6,4.7,4.7,5300.0,5300.0,0.1,2.174,4.66667,"December 01, 17",0.02174
0,2017-11-30,4.65,4.75,4.65,4.68,4.68,11100.0,11100.0,0.03,0.645,4.69333,"November 30, 17",0.00645
0,2017-11-29,4.7,4.75,4.7,4.75,4.75,3800.0,3800.0,0.05,1.064,4.73333,"November 29, 17",0.01064
0,2017-11-28,4.65,4.75,4.65,4.7,4.7,12400.0,12400.0,0.05,1.075,4.7,"November 28, 17",0.01075
0,2017-11-27,4.75,4.75,4.65,4.7,4.7,16400.0,16400.0,-0.05,-1.053,4.7,"November 27, 17",-0.01053
0,2017-11-24,4.65,4.75,4.65,4.75,4.75,2600.0,2600.0,0.1,2.151,4.71667,"November 24, 17",0.02151
0,2017-11-22,4.65,4.7,4.65,4.65,4.65,14600.0,14600.0,0.0,0.0,4.66667,"November 22, 17",0.0
0,2017-11-21,4.7,4.8,4.65,4.7,4.7,34300.0,34300.0,0.0,0.0,4.71667,"November 21, 17",0.0
0,2017-11-20,4.65,4.7,4.57,4.65,4.65,32500.0,32500.0,0.0,0.0,4.64,"November 20, 17",0.0
0,2017-11-17,4.7,4.75,4.65,4.7,4.7,10500.0,10500.0,0.0,0.0,4.7,"November 17, 17",0.0
0,2017-11-16,4.75,4.85,4.7,4.7,4.7,32600.0,32600.0,-0.05,-1.053,4.75,"November 16, 17",-0.01053
0,2017-11-15,4.85,4.85,4.75,4.75,4.75,17400.0,17400.0,-0.1,-2.062,4.78333,"November 15, 17",-0.02062
0,2017-11-14,4.65,4.85,4.65,4.85,4.85,35700.0,35700.0,0.2,4.301,4.78333,"November 14, 17",0.04301
0,2017-11-13,4.65,4.7,4.55,4.65,4.65,161800.0,161800.0,0.0,0.0,4.63333,"November 13, 17",0.0
0,2017-11-10,4.5,4.6,4.45,4.45,4.45,49400.0,49400.0,-0.05,-1.111,4.5,"November 10, 17",-0.01111
0,2017-11-09,4.4,4.6,4.4,4.5,4.5,28800.0,28800.0,0.1,2.273,4.5,"November 09, 17",0.02273
0,2017-11-08,4.65,4.65,4.45,4.55,4.55,39300.0,39300.0,-0.1,-2.151,4.55,"November 08, 17",-0.02151
0,2017-11-07,4.7,4.7,4.61,4.65,4.65,41300.0,41300.0,-0.05,-1.064,4.65333,"November 07, 17",-0.01064
0,2017-11-06,4.75,4.8,4.65,4.7,4.7,32600.0,32600.0,-0.05,-1.053,4.71667,"November 06, 17",-0.01053
0,2017-11-03,4.6,4.75,4.6,4.7,4.7,28700.0,28700.0,0.1,2.174,4.68333,"November 03, 17",0.02174
0,2017-11-02,4.6,4.7,4.55,4.68,4.68,99500.0,99500.0,0.08,1.739,4.64333,"November 02, 17",0.01739
0,2017-11-01,4.7,4.8,4.55,4.75,4.75,110300.0,110300.0,0.05,1.064,4.7,"November 01, 17",0.01064
0,2017-10-31,5.0,5.05,4.95,5.0,5.0,34500.0,34500.0,0.0,0.0,5.0,"October 31, 17",0.0
0,2017-10-30,5.15,5.15,4.96,5.05,5.05,70800.0,70800.0,-0.1,-1.942,5.05333,"October 30, 17",-0.01942
0,2017-10-27,5.1,5.15,5.0,5.15,5.15,56500.0,56500.0,0.05,0.98,5.1,"October 27, 17",0.0098
0,2017-10-26,5.1,5.15,5.0,5.05,5.05,63900.0,63900.0,-0.05,-0.98,5.06667,"October 26, 17",-0.0098
0,2017-10-25,5.1,5.15,5.0,5.1,5.1,39500.0,39500.0,0.0,0.0,5.08333,"October 25, 17",0.0
0,2017-10-24,5.15,5.2,5.1,5.1,5.1,81900.0,81900.0,-0.05,-0.971,5.13333,"October 24, 17",-0.00971
0,2017-10-23,5.2,5.25,5.03,5.1,5.1,68500.0,68500.0,-0.1,-1.923,5.12667,"October 23, 17",-0.01923
0,2017-10-20,4.95,5.05,4.9,5.0,5.0,69300.0,69300.0,0.05,1.01,4.98333,"October 20, 17",0.0101
0,2017-10-19,4.8,4.95,4.8,4.9,4.9,85000.0,85000.0,0.1,2.083,4.88333,"October 19, 17",0.02083
0,2017-10-18,4.8,4.85,4.72,4.8,4.8,92800.0,92800.0,0.0,0.0,4.79,"October 18, 17",0.0
0,2017-10-17,4.75,4.8,4.65,4.78,4.78,38700.0,38700.0,0.03,0.632,4.74333,"October 17, 17",0.00632
0,2017-10-16,4.75,4.8,4.75,4.78,4.78,52600.0,52600.0,0.03,0.632,4.77667,"October 16, 17",0.00632
0,2017-10-13,4.65,4.8,4.65,4.8,4.8,57600.0,57600.0,0.15,3.226,4.75,"October 13, 17",0.03226
0,2017-10-12,4.75,4.84,4.65,4.72,4.72,41400.0,41400.0,-0.03,-0.632,4.73667,"October 12, 17",-0.00632
0,2017-10-11,4.8,4.85,4.75,4.85,4.85,19500.0,19500.0,0.05,1.042,4.81667,"October 11, 17",0.01042
0,2017-10-10,4.85,4.85,4.75,4.85,4.85,26400.0,26400.0,0.0,0.0,4.81667,"October 10, 17",0.0
0,2017-10-09,4.75,4.88,4.7,4.85,4.85,58700.0,58700.0,0.1,2.105,4.81,"October 09, 17",0.02105
0,2017-10-06,4.77,4.8,4.75,4.75,4.75,20400.0,20400.0,-0.02,-0.419,4.76667,"October 06, 17",-0.00419
0,2017-10-05,4.8,4.8,4.7,4.78,4.78,30900.0,30900.0,-0.02,-0.417,4.76,"October 05, 17",-0.00417
0,2017-10-04,4.75,4.75,4.7,4.75,4.75,20700.0,20700.0,0.0,0.0,4.73333,"October 04, 17",0.0
0,2017-10-03,4.78,4.78,4.66,4.75,4.75,51500.0,51500.0,-0.03,-0.628,4.73,"October 03, 17",-0.00628
0,2017-10-02,4.8,4.8,4.7,4.8,4.8,30000.0,30000.0,0.0,0.0,4.76667,"October 02, 17",0.0
0,2017-09-29,4.8,4.8,4.62,4.8,4.8,49500.0,49500.0,0.0,0.0,4.74,"September 29, 17",0.0
0,2017-09-28,4.8,4.85,4.8,4.8,4.8,25700.0,25700.0,0.0,0.0,4.81667,"September 28, 17",0.0
0,2017-09-27,4.85,4.85,4.75,4.75,4.75,28600.0,28600.0,-0.1,-2.062,4.78333,"September 27, 17",-0.02062
0,2017-09-26,4.75,4.81,4.75,4.8,4.8,13300.0,13300.0,0.05,1.053,4.78667,"September 26, 17",0.01053
0,2017-09-25,4.8,4.85,4.75,4.8,4.8,30500.0,30500.0,0.0,0.0,4.8,"September 25, 17",0.0
0,2017-09-22,4.7,4.75,4.7,4.75,4.75,17200.0,17200.0,0.05,1.064,4.73333,"September 22, 17",0.01064
0,2017-09-21,4.75,4.75,4.7,4.7,4.7,14000.0,14000.0,-0.05,-1.053,4.71667,"September 21, 17",-0.01053
0,2017-09-20,4.7,4.8,4.68,4.7,4.7,36100.0,36100.0,0.0,0.0,4.72667,"September 20, 17",0.0
0,2017-09-19,4.75,4.8,4.65,4.75,4.75,128000.0,128000.0,0.0,0.0,4.73333,"September 19, 17",0.0
0,2017-09-18,4.7,4.75,4.55,4.65,4.65,81600.0,81600.0,-0.05,-1.064,4.65,"September 18, 17",-0.01064
0,2017-09-15,4.7,4.75,4.5,4.7,4.7,85300.0,85300.0,0.0,0.0,4.65,"September 15, 17",0.0
0,2017-09-14,4.65,4.72,4.35,4.6,4.6,118100.0,118100.0,-0.05,-1.075,4.55667,"September 14, 17",-0.01075
0,2017-09-13,4.45,4.65,4.4,4.6,4.6,154000.0,154000.0,0.15,3.371,4.55,"September 13, 17",0.03371
0,2017-09-12,4.55,4.55,4.45,4.5,4.5,23600.0,23600.0,-0.05,-1.099,4.5,"September 12, 17",-0.01099
0,2017-09-11,4.55,4.6,4.5,4.6,4.6,37500.0,37500.0,0.05,1.099,4.56667,"September 11, 17",0.01099
0,2017-09-08,4.55,4.65,4.55,4.6,4.6,86200.0,86200.0,0.05,1.099,4.6,"September 08, 17",0.01099
0,2017-09-07,4.6,4.65,4.55,4.55,4.55,53700.0,53700.0,-0.05,-1.087,4.58333,"September 07, 17",-0.01087
0,2017-09-06,4.55,4.6,4.55,4.55,4.55,47600.0,47600.0,0.0,0.0,4.56667,"September 06, 17",0.0
0,2017-09-05,4.5,4.6,4.5,4.55,4.55,110500.0,110500.0,0.05,1.111,4.55,"September 05, 17",0.01111
0,2017-09-01,4.45,4.58,4.45,4.55,4.55,92300.0,92300.0,0.1,2.247,4.52667,"September 01, 17",0.02247
0,2017-08-31,4.35,4.55,4.35,4.5,4.5,125700.0,125700.0,0.15,3.448,4.46667,"August 31, 17",0.03448
0,2017-08-30,4.35,4.35,4.25,4.35,4.35,116600.0,116600.0,0.0,0.0,4.31667,"August 30, 17",0.0
0,2017-08-29,4.2,4.3,4.15,4.3,4.3,241700.0,241700.0,0.1,2.381,4.25,"August 29, 17",0.02381
0,2017-08-28,4.6,4.65,4.3,4.4,4.4,731200.0,731200.0,-0.2,-4.348,4.45,"August 28, 17",-0.04348
0,2017-08-25,4.9,4.95,4.25,4.55,4.55,1776000.0,1776000.0,-0.35,-7.143,4.58333,"August 25, 17",-0.07143
0,2017-08-24,4.35,4.5,4.3,4.3,4.3,130200.0,130200.0,-0.05,-1.149,4.36667,"August 24, 17",-0.01149
0,2017-08-23,4.25,4.5,4.25,4.45,4.45,82100.0,82100.0,0.2,4.706,4.4,"August 23, 17",0.04706
0,2017-08-22,4.3,4.6,4.25,4.3,4.3,256300.0,256300.0,0.0,0.0,4.38333,"August 22, 17",0.0
0,2017-08-21,4.2,4.4,4.2,4.3,4.3,82400.0,82400.0,0.1,2.381,4.3,"August 21, 17",0.02381
0,2017-08-18,4.45,4.45,4.2,4.3,4.3,84400.0,84400.0,-0.15,-3.371,4.31667,"August 18, 17",-0.03371
0,2017-08-17,4.2,4.5,4.06,4.45,4.45,181500.0,181500.0,0.25,5.952,4.33667,"August 17, 17",0.05952
0,2017-08-16,4.35,4.4,3.75,4.25,4.25,519600.0,519600.0,-0.1,-2.299,4.13333,"August 16, 17",-0.02299
0,2017-08-15,4.5,4.5,4.3,4.35,4.35,76900.0,76900.0,-0.15,-3.333,4.38333,"August 15, 17",-0.03333
0,2017-08-14,4.5,4.55,4.5,4.5,4.5,50800.0,50800.0,0.0,0.0,4.51667,"August 14, 17",0.0
0,2017-08-11,4.45,4.5,4.35,4.5,4.5,42300.0,42300.0,0.05,1.124,4.45,"August 11, 17",0.01124
0,2017-08-10,4.5,4.55,4.35,4.4,4.4,121100.0,121100.0,-0.1,-2.222,4.43333,"August 10, 17",-0.02222
0,2017-08-09,4.53,4.6,4.45,4.5,4.5,76300.0,76300.0,-0.03,-0.662,4.51667,"August 09, 17",-0.00662
0,2017-08-08,4.58,4.7,4.55,4.55,4.55,139500.0,139500.0,-0.03,-0.655,4.6,"August 08, 17",-0.00655
0,2017-08-07,4.45,4.65,4.4,4.6,4.6,148500.0,148500.0,0.15,3.371,4.55,"August 07, 17",0.03371
0,2017-08-04,4.5,4.6,4.45,4.5,4.5,156400.0,156400.0,0.0,0.0,4.51667,"August 04, 17",0.0
0,2017-08-03,4.6,4.6,4.35,4.5,4.5,186400.0,186400.0,-0.1,-2.174,4.48333,"August 03, 17",-0.02174
0,2017-08-02,4.6,4.7,4.5,4.58,4.58,89100.0,89100.0,-0.02,-0.435,4.59333,"August 02, 17",-0.00435
0,2017-08-01,4.75,4.77,4.55,4.55,4.55,242900.0,242900.0,-0.2,-4.211,4.62333,"August 01, 17",-0.04211
0,2017-07-31,4.6,4.75,4.5,4.75,4.75,426700.0,426700.0,0.15,3.261,4.66667,"July 31, 17",0.03261
0,2017-07-28,4.4,4.56,4.33,4.5,4.5,1366800.0,1366800.0,0.1,2.273,4.46333,"July 28, 17",0.02273
0,2017-07-27,5.1,5.25,5.0,5.18,5.18,35900.0,35900.0,0.08,1.569,5.14333,"July 27, 17",0.01569
0,2017-07-26,5.4,5.43,4.55,5.15,5.15,155500.0,155500.0,-0.25,-4.63,5.04333,"July 26, 17",-0.0463
0,2017-07-25,5.45,5.55,5.4,5.4,5.4,58300.0,58300.0,-0.05,-0.917,5.45,"July 25, 17",-0.00917
0,2017-07-24,5.45,5.53,5.4,5.5,5.5,76500.0,76500.0,0.05,0.917,5.47667,"July 24, 17",0.00917
0,2017-07-21,5.5,5.6,5.4,5.55,5.55,38500.0,38500.0,0.05,0.909,5.51667,"July 21, 17",0.00909
0,2017-07-20,5.6,5.6,5.5,5.5,5.5,52300.0,52300.0,-0.1,-1.786,5.53333,"July 20, 17",-0.01786
0,2017-07-19,5.65,5.7,5.4,5.6,5.6,97500.0,97500.0,-0.05,-0.885,5.56667,"July 19, 17",-0.00885
0,2017-07-18,5.65,5.85,5.65,5.7,5.7,43600.0,43600.0,0.05,0.885,5.73333,"July 18, 17",0.00885
0,2017-07-17,5.6,5.8,5.57,5.75,5.75,58000.0,58000.0,0.15,2.679,5.70667,"July 17, 17",0.02679
0,2017-07-14,5.85,5.95,5.7,5.7,5.7,101600.0,101600.0,-0.15,-2.564,5.78333,"July 14, 17",-0.02564
0,2017-07-13,6.0,6.0,5.75,5.8,5.8,52000.0,52000.0,-0.2,-3.333,5.85,"July 13, 17",-0.03333
0,2017-07-12,6.0,6.0,5.85,5.95,5.95,63200.0,63200.0,-0.05,-0.833,5.93333,"July 12, 17",-0.00833
0,2017-07-11,5.9,6.05,5.8,6.0,6.0,75500.0,75500.0,0.1,1.695,5.95,"July 11, 17",0.01695
0,2017-07-10,5.9,6.0,5.8,6.0,6.0,70100.0,70100.0,0.1,1.695,5.93333,"July 10, 17",0.01695
0,2017-07-07,5.95,6.0,5.8,5.9,5.9,59400.0,59400.0,-0.05,-0.84,5.9,"July 07, 17",-0.0084
0,2017-07-06,5.9,6.05,5.9,6.0,6.0,36700.0,36700.0,0.1,1.695,5.98333,"July 06, 17",0.01695
0,2017-07-05,6.0,6.05,5.9,6.0,6.0,82400.0,82400.0,0.0,0.0,5.98333,"July 05, 17",0.0
0,2017-07-03,5.95,6.05,5.95,5.95,5.95,17600.0,17600.0,0.0,0.0,5.98333,"July 03, 17",0.0
0,2017-06-30,6.05,6.1,5.95,6.0,6.0,26100.0,26100.0,-0.05,-0.826,6.01667,"June 30, 17",-0.00826
0,2017-06-29,5.95,6.05,5.91,6.0,6.0,74500.0,74500.0,0.05,0.84,5.98667,"June 29, 17",0.0084
0,2017-06-28,5.9,6.05,5.8,6.03,6.03,93600.0,93600.0,0.13,2.203,5.96,"June 28, 17",0.02203
0,2017-06-27,6.05,6.15,5.9,5.93,5.93,131500.0,131500.0,-0.12,-1.983,5.99333,"June 27, 17",-0.01983
0,2017-06-26,6.05,6.15,5.98,6.15,6.15,135800.0,135800.0,0.1,1.653,6.09333,"June 26, 17",0.01653
0,2017-06-23,6.25,6.25,6.0,6.05,6.05,115600.0,115600.0,-0.2,-3.2,6.1,"June 23, 17",-0.032
0,2017-06-22,5.4,6.3,5.4,6.3,6.3,803000.0,803000.0,0.9,16.667,6.0,"June 22, 17",0.16667
0,2017-06-21,7.55,7.58,7.5,7.5,7.5,51800.0,51800.0,-0.05,-0.662,7.52667,"June 21, 17",-0.00662
0,2017-06-20,7.4,7.6,7.4,7.55,7.55,40400.0,40400.0,0.15,2.027,7.51667,"June 20, 17",0.02027
0,2017-06-19,7.5,7.6,7.4,7.5,7.5,79300.0,79300.0,0.0,0.0,7.5,"June 19, 17",0.0
0,2017-06-16,7.35,7.35,7.25,7.35,7.35,136000.0,136000.0,0.0,0.0,7.31667,"June 16, 17",0.0
0,2017-06-15,7.4,7.4,7.27,7.3,7.3,26200.0,26200.0,-0.1,-1.351,7.32333,"June 15, 17",-0.01351
0,2017-06-14,7.55,7.65,7.4,7.4,7.4,50000.0,50000.0,-0.15,-1.987,7.48333,"June 14, 17",-0.01987
0,2017-06-13,7.5,7.85,7.4,7.7,7.7,61200.0,61200.0,0.2,2.667,7.65,"June 13, 17",0.02667
0,2017-06-12,7.35,7.65,7.25,7.5,7.5,104800.0,104800.0,0.15,2.041,7.46667,"June 12, 17",0.02041
0,2017-06-09,7.25,7.7,7.25,7.4,7.4,36800.0,36800.0,0.15,2.069,7.45,"June 09, 17",0.02069
0,2017-06-08,7.5,7.55,7.3,7.3,7.3,105900.0,105900.0,-0.2,-2.667,7.38333,"June 08, 17",-0.02667
0,2017-06-07,7.8,7.95,7.5,7.65,7.65,283300.0,283300.0,-0.15,-1.923,7.7,"June 07, 17",-0.01923
0,2017-06-06,8.1,8.35,8.1,8.2,8.2,151100.0,151100.0,0.1,1.235,8.21667,"June 06, 17",0.01235
0,2017-06-05,8.0,8.4,7.88,8.25,8.25,235000.0,235000.0,0.25,3.125,8.17667,"June 05, 17",0.03125
0,2017-06-02,8.2,8.49,8.0,8.05,8.05,168900.0,168900.0,-0.15,-1.829,8.18,"June 02, 17",-0.01829
0,2017-06-01,7.25,8.61,7.2,8.2,8.2,494500.0,494500.0,0.95,13.103,8.00333,"June 01, 17",0.13103
0,2017-05-31,7.12,7.15,7.05,7.05,7.05,600.0,600.0,-0.07,-0.983,7.08333,"May 31, 17",-0.00983
0,2017-05-30,7.11,7.15,6.65,7.15,7.15,1200.0,1200.0,0.04,0.563,6.98333,"May 30, 17",0.00563
0,2017-05-26,7.15,7.25,7.15,7.15,7.15,3000.0,3000.0,0.0,0.0,7.18333,"May 26, 17",0.0
0,2017-05-25,7.1,7.11,7.0,7.1,7.1,15300.0,15300.0,0.0,0.0,7.07,"May 25, 17",0.0
0,2017-05-24,6.97,7.1,6.95,7.1,7.1,9200.0,9200.0,0.13,1.865,7.05,"May 24, 17",0.01865
0,2017-05-23,7.05,7.15,7.05,7.13,7.13,6900.0,6900.0,0.08,1.135,7.11,"May 23, 17",0.01135
0,2017-05-22,6.9,7.15,6.9,7.1,7.1,16600.0,16600.0,0.2,2.899,7.05,"May 22, 17",0.02899
0,2017-05-19,6.85,7.1,6.71,6.85,6.85,1800.0,1800.0,0.0,0.0,6.88667,"May 19, 17",0.0
0,2017-05-18,6.9,6.95,6.75,6.75,6.75,2800.0,2800.0,-0.15,-2.174,6.81667,"May 18, 17",-0.02174
0,2017-05-17,6.95,7.25,6.76,6.95,6.95,6300.0,6300.0,0.0,0.0,6.98667,"May 17, 17",0.0
0,2017-05-16,7.25,7.26,7.01,7.15,7.15,7700.0,7700.0,-0.1,-1.379,7.14,"May 16, 17",-0.01379
0,2017-05-15,7.25,7.3,7.1,7.24,7.24,3900.0,3900.0,-0.01,-0.138,7.21333,"May 15, 17",-0.00138
0,2017-05-12,7.25,7.3,7.25,7.3,7.3,700.0,700.0,0.05,0.69,7.28333,"May 12, 17",0.0069
0,2017-05-11,7.34,7.34,7.25,7.25,7.25,5700.0,5700.0,-0.09,-1.226,7.28,"May 11, 17",-0.01226
0,2017-05-10,7.25,7.3,7.15,7.25,7.25,5200.0,5200.0,0.0,0.0,7.23333,"May 10, 17",0.0
0,2017-05-09,7.2,7.2,7.1,7.1,7.1,5700.0,5700.0,-0.1,-1.389,7.13333,"May 09, 17",-0.01389
0,2017-05-08,7.25,7.25,7.0,7.0,7.0,2000.0,2000.0,-0.25,-3.448,7.08333,"May 08, 17",-0.03448
0,2017-05-05,7.2,7.3,7.2,7.23,7.23,600.0,600.0,0.03,0.417,7.24333,"May 05, 17",0.00417
0,2017-05-04,7.25,7.3,7.2,7.2,7.2,1500.0,1500.0,-0.05,-0.69,7.23333,"May 04, 17",-0.0069
0,2017-05-03,7.2,7.3,7.15,7.25,7.25,4900.0,4900.0,0.05,0.694,7.23333,"May 03, 17",0.00694
0,2017-05-02,7.05,7.15,7.0,7.15,7.15,2600.0,2600.0,0.1,1.418,7.1,"May 02, 17",0.01418
0,2017-05-01,7.15,7.15,7.1,7.1,7.1,900.0,900.0,-0.05,-0.699,7.11667,"May 01, 17",-0.00699
0,2017-04-28,7.2,7.2,7.1,7.15,7.15,1400.0,1400.0,-0.05,-0.694,7.15,"April 28, 17",-0.00694
0,2017-04-27,7.2,7.2,7.16,7.2,7.2,700.0,700.0,0.0,0.0,7.18667,"April 27, 17",0.0
0,2017-04-26,7.2,7.2,7.12,7.2,7.2,1500.0,1500.0,0.0,0.0,7.17333,"April 26, 17",0.0
0,2017-04-25,7.21,7.25,7.0,7.2,7.2,11800.0,11800.0,-0.01,-0.139,7.15,"April 25, 17",-0.00139
0,2017-04-24,7.1,7.2,7.02,7.18,7.18,9100.0,9100.0,0.08,1.127,7.13333,"April 24, 17",0.01127
0,2017-04-21,6.94,6.94,6.94,6.94,6.94,1000.0,1000.0,0.0,0.0,6.94,"April 21, 17",0.0
0,2017-04-20,7.0,7.01,6.85,6.85,6.85,3400.0,3400.0,-0.15,-2.143,6.90333,"April 20, 17",-0.02143
0,2017-04-19,7.0,7.0,6.81,6.9,6.9,2300.0,2300.0,-0.1,-1.429,6.90333,"April 19, 17",-0.01429
0,2017-04-18,6.99,7.0,6.99,7.0,7.0,1400.0,1400.0,0.01,0.143,6.99667,"April 18, 17",0.00143
0,2017-04-17,6.85,7.05,6.81,7.03,7.03,5100.0,5100.0,0.18,2.628,6.96333,"April 17, 17",0.02628
0,2017-04-13,7.05,7.05,6.9,6.9,6.9,500.0,500.0,-0.15,-2.128,6.95,"April 13, 17",-0.02128
0,2017-04-12,7.0,7.05,7.0,7.05,7.05,4400.0,4400.0,0.05,0.714,7.03333,"April 12, 17",0.00714
0,2017-04-10,7.1,7.1,7.0,7.0,7.0,900.0,900.0,-0.1,-1.408,7.03333,"April 10, 17",-0.01408
0,2017-04-06,7.1,7.15,7.1,7.1,7.1,3700.0,3700.0,0.0,0.0,7.11667,"April 06, 17",0.0
0,2017-04-05,7.05,7.15,7.0,7.1,7.1,8400.0,8400.0,0.05,0.709,7.08333,"April 05, 17",0.00709
0,2017-04-04,6.95,7.1,6.95,7.0,7.0,16400.0,16400.0,0.05,0.719,7.01667,"April 04, 17",0.00719
0,2017-04-03,6.85,6.85,6.8,6.83,6.83,1600.0,1600.0,-0.02,-0.292,6.82667,"April 03, 17",-0.00292
0,2017-03-31,6.86,6.86,6.8,6.8,6.8,1300.0,1300.0,-0.06,-0.875,6.82,"March 31, 17",-0.00875
0,2017-03-30,6.85,6.9,6.7,6.8,6.8,6900.0,6900.0,-0.05,-0.73,6.8,"March 30, 17",-0.0073
0,2017-03-29,6.85,6.85,6.8,6.8,6.8,5800.0,5800.0,-0.05,-0.73,6.81667,"March 29, 17",-0.0073
0,2017-03-28,6.8,6.85,6.7,6.8,6.8,3000.0,3000.0,0.0,0.0,6.78333,"March 28, 17",0.0
0,2017-03-27,6.85,6.85,6.65,6.7,6.7,5700.0,5700.0,-0.15,-2.19,6.73333,"March 27, 17",-0.0219
0,2017-03-24,6.85,6.9,6.8,6.9,6.9,3000.0,3000.0,0.05,0.73,6.86667,"March 24, 17",0.0073
0,2017-03-23,6.9,6.95,6.85,6.85,6.85,3000.0,3000.0,-0.05,-0.725,6.88333,"March 23, 17",-0.00725
0,2017-03-22,6.85,7.0,6.55,6.9,6.9,20900.0,20900.0,0.05,0.73,6.81667,"March 22, 17",0.0073
0,2017-03-21,6.95,7.08,6.9,6.98,6.98,9800.0,9800.0,0.03,0.432,6.98667,"March 21, 17",0.00432
0,2017-03-20,6.9,7.08,6.8,6.95,6.95,14400.0,14400.0,0.05,0.725,6.94333,"March 20, 17",0.00725
0,2017-03-17,6.95,7.1,6.95,7.1,7.1,1100.0,1100.0,0.15,2.158,7.05,"March 17, 17",0.02158
0,2017-03-16,7.0,7.1,7.0,7.02,7.02,3300.0,3300.0,0.02,0.286,7.04,"March 16, 17",0.00286
0,2017-03-15,6.95,6.95,6.85,6.95,6.95,22200.0,22200.0,0.0,0.0,6.91667,"March 15, 17",0.0
0,2017-03-14,6.95,7.0,6.95,6.95,6.95,3300.0,3300.0,0.0,0.0,6.96667,"March 14, 17",0.0
0,2017-03-13,7.0,7.05,6.95,7.0,7.0,3300.0,3300.0,0.0,0.0,7.0,"March 13, 17",0.0
0,2017-03-10,6.95,7.1,6.95,7.05,7.05,3700.0,3700.0,0.1,1.439,7.03333,"March 10, 17",0.01439
0,2017-03-09,6.85,6.95,6.85,6.95,6.95,2800.0,2800.0,0.1,1.46,6.91667,"March 09, 17",0.0146
0,2017-03-08,6.9,7.05,6.9,6.95,6.95,2800.0,2800.0,0.05,0.725,6.96667,"March 08, 17",0.00725
0,2017-03-07,6.9,7.0,6.85,6.9,6.9,9000.0,9000.0,0.0,0.0,6.91667,"March 07, 17",0.0
0,2017-03-06,6.82,7.0,6.75,6.9,6.9,4700.0,4700.0,0.08,1.173,6.88333,"March 06, 17",0.01173
0,2017-03-03,6.98,7.0,6.95,7.0,7.0,2700.0,2700.0,0.02,0.287,6.98333,"March 03, 17",0.00287
0,2017-03-02,7.0,7.05,6.95,7.0,7.0,10700.0,10700.0,0.0,0.0,7.0,"March 02, 17",0.0
0,2017-03-01,6.91,7.05,6.91,7.0,7.0,4400.0,4400.0,0.09,1.302,6.98667,"March 01, 17",0.01302
0,2017-02-28,6.95,7.0,6.41,6.95,6.95,14000.0,14000.0,0.0,0.0,6.78667,"February 28, 17",0.0
0,2017-02-27,7.15,7.15,6.95,6.98,6.98,6000.0,6000.0,-0.17,-2.378,7.02667,"February 27, 17",-0.02378
0,2017-02-24,7.1,7.2,7.1,7.2,7.2,1900.0,1900.0,0.1,1.408,7.16667,"February 24, 17",0.01408
0,2017-02-23,7.2,7.2,7.05,7.1,7.1,4100.0,4100.0,-0.1,-1.389,7.11667,"February 23, 17",-0.01389
0,2017-02-22,7.15,7.2,7.15,7.15,7.15,10100.0,10100.0,0.0,0.0,7.16667,"February 22, 17",0.0
0,2017-02-21,7.25,7.25,7.1,7.1,7.1,5800.0,5800.0,-0.15,-2.069,7.15,"February 21, 17",-0.02069
0,2017-02-17,7.05,7.15,7.0,7.05,7.05,7400.0,7400.0,0.0,0.0,7.06667,"February 17, 17",0.0
0,2017-02-16,7.15,7.25,7.1,7.1,7.1,4000.0,4000.0,-0.05,-0.699,7.15,"February 16, 17",-0.00699
0,2017-02-15,7.15,7.2,7.15,7.15,7.15,12900.0,12900.0,0.0,0.0,7.16667,"February 15, 17",0.0
0,2017-02-14,7.25,7.25,7.14,7.18,7.18,13500.0,13500.0,-0.07,-0.966,7.19,"February 14, 17",-0.00966
0,2017-02-13,7.0,7.15,6.98,7.15,7.15,25400.0,25400.0,0.15,2.143,7.09333,"February 13, 17",0.02143
0,2017-02-10,7.0,7.0,6.75,6.85,6.85,23800.0,23800.0,-0.15,-2.143,6.86667,"February 10, 17",-0.02143
0,2017-02-09,6.85,6.95,6.7,6.8,6.8,22000.0,22000.0,-0.05,-0.73,6.81667,"February 09, 17",-0.0073
0,2017-02-08,6.9,6.9,6.6,6.75,6.75,66300.0,66300.0,-0.15,-2.174,6.75,"February 08, 17",-0.02174
0,2017-02-07,6.5,6.6,6.5,6.55,6.55,14300.0,14300.0,0.05,0.769,6.55,"February 07, 17",0.00769
0,2017-02-06,6.7,6.7,6.3,6.49,6.49,56600.0,56600.0,-0.21,-3.134,6.49667,"February 06, 17",-0.03134
0,2017-02-03,6.5,6.7,6.5,6.6,6.6,18900.0,18900.0,0.1,1.538,6.6,"February 03, 17",0.01538
0,2017-02-02,6.5,6.5,6.4,6.45,6.45,7900.0,7900.0,-0.05,-0.769,6.45,"February 02, 17",-0.00769
0,2017-02-01,6.3,6.4,6.28,6.4,6.4,9100.0,9100.0,0.1,1.587,6.36,"February 01, 17",0.01587
0,2017-01-31,6.05,6.25,6.05,6.24,6.24,4300.0,4300.0,0.19,3.14,6.18,"January 31, 17",0.0314
0,2017-01-30,6.0,6.1,6.0,6.1,6.1,5000.0,5000.0,0.1,1.667,6.06667,"January 30, 17",0.01667
0,2017-01-27,6.05,6.05,5.82,6.05,6.05,3300.0,3300.0,0.0,0.0,5.97333,"January 27, 17",0.0
0,2017-01-26,5.99,6.0,5.96,6.0,6.0,5500.0,5500.0,0.01,0.167,5.98667,"January 26, 17",0.00167
0,2017-01-25,5.95,6.0,5.93,5.95,5.95,12100.0,12100.0,0.0,0.0,5.96,"January 25, 17",0.0
0,2017-01-24,5.8,6.0,5.75,6.0,6.0,20500.0,20500.0,0.2,3.448,5.91667,"January 24, 17",0.03448
0,2017-01-23,5.5,5.9,5.5,5.77,5.77,26500.0,26500.0,0.27,4.909,5.72333,"January 23, 17",0.04909
0,2017-01-20,6.0,6.1,5.71,6.1,6.1,14500.0,14500.0,0.1,1.667,5.97,"January 20, 17",0.01667
0,2017-01-19,6.05,6.2,5.95,6.1,6.1,20700.0,20700.0,0.05,0.826,6.08333,"January 19, 17",0.00826
0,2017-01-18,6.15,6.2,6.15,6.2,6.2,2600.0,2600.0,0.05,0.813,6.18333,"January 18, 17",0.00813
0,2017-01-17,6.15,6.2,6.1,6.18,6.18,3500.0,3500.0,0.03,0.488,6.16,"January 17, 17",0.00488
0,2017-01-13,6.1,6.2,6.1,6.13,6.13,6200.0,6200.0,0.03,0.492,6.14333,"January 13, 17",0.00492
0,2017-01-12,5.95,6.2,5.95,6.15,6.15,5500.0,5500.0,0.2,3.361,6.1,"January 12, 17",0.03361
0,2017-01-11,5.9,6.0,5.85,5.98,5.98,15300.0,15300.0,0.08,1.356,5.94333,"January 11, 17",0.01356
0,2017-01-10,5.95,5.96,5.9,5.95,5.95,18800.0,18800.0,0.0,0.0,5.93667,"January 10, 17",0.0
0,2017-01-09,6.0,6.03,5.95,6.0,6.0,7900.0,7900.0,0.0,0.0,5.99333,"January 09, 17",0.0
0,2017-01-06,6.0,6.15,6.0,6.08,6.08,5900.0,5900.0,0.08,1.333,6.07667,"January 06, 17",0.01333
0,2017-01-05,5.95,6.05,5.9,6.05,6.05,22100.0,22100.0,0.1,1.681,6.0,"January 05, 17",0.01681
0,2017-01-04,5.85,6.1,5.85,6.03,6.03,15400.0,15400.0,0.18,3.077,5.99333,"January 04, 17",0.03077
0,2017-01-03,5.7,5.85,5.7,5.85,5.85,19000.0,19000.0,0.15,2.632,5.8,"January 03, 17",0.02632
0,2016-12-30,5.45,5.45,5.43,5.45,5.45,8100.0,8100.0,0.0,0.0,5.44333,"December 30, 16",0.0
0,2016-12-29,5.5,5.5,5.4,5.4,5.4,2900.0,2900.0,-0.1,-1.818,5.43333,"December 29, 16",-0.01818
0,2016-12-28,5.5,5.55,5.45,5.5,5.5,13900.0,13900.0,0.0,0.0,5.5,"December 28, 16",0.0
0,2016-12-27,5.5,5.6,5.5,5.55,5.55,13400.0,13400.0,0.05,0.909,5.55,"December 27, 16",0.00909
0,2016-12-23,5.6,5.7,5.55,5.55,5.55,1500.0,1500.0,-0.05,-0.893,5.6,"December 23, 16",-0.00893
0,2016-12-22,5.65,5.7,5.61,5.65,5.65,2400.0,2400.0,0.0,0.0,5.65333,"December 22, 16",0.0
0,2016-12-21,5.75,5.85,5.7,5.75,5.75,3200.0,3200.0,0.0,0.0,5.76667,"December 21, 16",0.0
0,2016-12-20,5.55,5.75,5.45,5.7,5.7,6300.0,6300.0,0.15,2.703,5.63333,"December 20, 16",0.02703
0,2016-12-19,5.4,5.5,5.4,5.5,5.5,7100.0,7100.0,0.1,1.852,5.46667,"December 19, 16",0.01852
0,2016-12-16,5.35,5.4,5.3,5.35,5.35,7900.0,7900.0,0.0,0.0,5.35,"December 16, 16",0.0
0,2016-12-15,5.45,5.45,5.25,5.3,5.3,22100.0,22100.0,-0.15,-2.752,5.33333,"December 15, 16",-0.02752
0,2016-12-14,5.6,5.65,5.5,5.5,5.5,2600.0,2600.0,-0.1,-1.786,5.55,"December 14, 16",-0.01786
0,2016-12-13,5.8,5.8,5.7,5.75,5.75,4800.0,4800.0,-0.05,-0.862,5.75,"December 13, 16",-0.00862
0,2016-12-12,5.7,6.0,5.7,6.0,6.0,7100.0,7100.0,0.3,5.263,5.9,"December 12, 16",0.05263
0,2016-12-09,5.77,5.85,5.77,5.85,5.85,700.0,700.0,0.08,1.386,5.82333,"December 09, 16",0.01386
0,2016-12-08,5.88,5.88,5.75,5.85,5.85,5100.0,5100.0,-0.03,-0.51,5.82667,"December 08, 16",-0.0051
0,2016-12-07,5.75,5.85,5.65,5.75,5.75,11000.0,11000.0,0.0,0.0,5.75,"December 07, 16",0.0
0,2016-12-06,5.7,5.85,5.35,5.8,5.8,21600.0,21600.0,0.1,1.754,5.66667,"December 06, 16",0.01754
0,2016-12-05,5.75,5.9,5.75,5.8,5.8,5700.0,5700.0,0.05,0.87,5.81667,"December 05, 16",0.0087
0,2016-12-02,5.6,5.8,5.57,5.8,5.8,5400.0,5400.0,0.2,3.571,5.72333,"December 02, 16",0.03571
0,2016-12-01,5.55,5.6,5.55,5.55,5.55,8600.0,8600.0,0.0,0.0,5.56667,"December 01, 16",0.0
0,2016-11-30,5.6,5.65,5.47,5.55,5.55,11500.0,11500.0,-0.05,-0.893,5.55667,"November 30, 16",-0.00893
0,2016-11-29,5.45,5.75,5.45,5.75,5.75,9600.0,9600.0,0.3,5.505,5.65,"November 29, 16",0.05505
0,2016-11-28,5.35,5.5,5.35,5.5,5.5,17600.0,17600.0,0.15,2.804,5.45,"November 28, 16",0.02804
0,2016-11-25,5.15,5.25,5.15,5.25,5.25,3100.0,3100.0,0.1,1.942,5.21667,"November 25, 16",0.01942
0,2016-11-23,5.2,5.2,5.17,5.18,5.18,5400.0,5400.0,-0.02,-0.385,5.18333,"November 23, 16",-0.00385
0,2016-11-22,5.2,5.25,5.2,5.2,5.2,1400.0,1400.0,0.0,0.0,5.21667,"November 22, 16",0.0
0,2016-11-21,5.3,5.3,5.2,5.2,5.2,21300.0,21300.0,-0.1,-1.887,5.23333,"November 21, 16",-0.01887
0,2016-11-18,5.33,5.4,5.33,5.35,5.35,2600.0,2600.0,0.02,0.375,5.36,"November 18, 16",0.00375
0,2016-11-17,5.4,5.4,5.3,5.35,5.35,12500.0,12500.0,-0.05,-0.926,5.35,"November 17, 16",-0.00926
0,2016-11-16,5.35,5.85,5.3,5.5,5.5,17200.0,17200.0,0.15,2.804,5.55,"November 16, 16",0.02804
0,2016-11-15,5.45,5.5,5.3,5.4,5.4,25400.0,25400.0,-0.05,-0.917,5.4,"November 15, 16",-0.00917
0,2016-11-14,5.4,5.45,5.34,5.35,5.35,11800.0,11800.0,-0.05,-0.926,5.38,"November 14, 16",-0.00926
0,2016-11-11,5.45,5.5,5.4,5.4,5.4,7200.0,7200.0,-0.05,-0.917,5.43333,"November 11, 16",-0.00917
0,2016-11-10,5.4,5.45,5.4,5.45,5.45,7100.0,7100.0,0.05,0.926,5.43333,"November 10, 16",0.00926
0,2016-11-09,5.45,5.55,5.45,5.45,5.45,5000.0,5000.0,0.0,0.0,5.48333,"November 09, 16",0.0
0,2016-11-08,5.45,5.55,5.45,5.45,5.45,2700.0,2700.0,0.0,0.0,5.48333,"November 08, 16",0.0
0,2016-11-07,5.6,5.6,5.45,5.5,5.5,6300.0,6300.0,-0.1,-1.786,5.51667,"November 07, 16",-0.01786
0,2016-11-04,5.4,5.5,5.25,5.45,5.45,12800.0,12800.0,0.05,0.926,5.4,"November 04, 16",0.00926
0,2016-11-03,5.5,5.55,5.45,5.5,5.5,6200.0,6200.0,0.0,0.0,5.5,"November 03, 16",0.0
0,2016-11-02,5.6,5.6,5.4,5.45,5.45,33400.0,33400.0,-0.15,-2.679,5.48333,"November 02, 16",-0.02679
0,2016-11-01,5.85,5.85,5.6,5.7,5.7,4400.0,4400.0,-0.15,-2.564,5.71667,"November 01, 16",-0.02564
0,2016-10-31,5.8,5.85,5.7,5.75,5.75,8400.0,8400.0,-0.05,-0.862,5.76667,"October 31, 16",-0.00862
0,2016-10-28,6.0,6.0,5.85,5.95,5.95,7400.0,7400.0,-0.05,-0.833,5.93333,"October 28, 16",-0.00833
0,2016-10-27,6.1,6.1,5.81,6.0,6.0,11300.0,11300.0,-0.1,-1.639,5.97,"October 27, 16",-0.01639
0,2016-10-26,5.85,6.29,5.85,6.0,6.0,108600.0,108600.0,0.15,2.564,6.04667,"October 26, 16",0.02564
0,2016-10-25,5.75,5.8,5.65,5.75,5.75,10500.0,10500.0,0.0,0.0,5.73333,"October 25, 16",0.0
0,2016-10-24,5.55,5.58,5.5,5.55,5.55,5700.0,5700.0,0.0,0.0,5.54333,"October 24, 16",0.0
0,2016-10-21,5.64,5.71,5.55,5.57,5.57,10400.0,10400.0,-0.07,-1.241,5.61,"October 21, 16",-0.01241
0,2016-10-20,5.51,5.8,5.5,5.8,5.8,24600.0,24600.0,0.29,5.263,5.7,"October 20, 16",0.05263
0,2016-10-19,5.5,5.55,5.42,5.52,5.52,18200.0,18200.0,0.02,0.364,5.49667,"October 19, 16",0.00364
0,2016-10-18,5.56,5.56,5.4,5.45,5.45,108600.0,108600.0,-0.11,-1.978,5.47,"October 18, 16",-0.01978
0,2016-10-17,5.66,5.75,5.65,5.67,5.67,12900.0,12900.0,0.01,0.177,5.69,"October 17, 16",0.00177
0,2016-10-14,5.84,5.84,5.66,5.71,5.71,12400.0,12400.0,-0.13,-2.226,5.73667,"October 14, 16",-0.02226
0,2016-10-13,5.62,5.79,5.62,5.77,5.77,10800.0,10800.0,0.15,2.669,5.72667,"October 13, 16",0.02669
0,2016-10-12,5.65,5.78,5.63,5.63,5.63,17800.0,17800.0,-0.02,-0.354,5.68,"October 12, 16",-0.00354
0,2016-10-11,5.85,5.85,5.65,5.67,5.67,24500.0,24500.0,-0.18,-3.077,5.72333,"October 11, 16",-0.03077
0,2016-10-10,5.54,5.86,5.54,5.83,5.83,62200.0,62200.0,0.29,5.235,5.74333,"October 10, 16",0.05235
0,2016-10-07,5.15,5.35,5.15,5.35,5.35,37800.0,37800.0,0.2,3.883,5.28333,"October 07, 16",0.03883
0,2016-10-06,5.33,5.45,5.15,5.25,5.25,132500.0,132500.0,-0.08,-1.501,5.28333,"October 06, 16",-0.01501
0,2016-10-05,5.11,5.13,5.07,5.1,5.1,8500.0,8500.0,-0.01,-0.196,5.1,"October 05, 16",-0.00196
0,2016-10-04,5.06,5.13,5.06,5.09,5.09,6100.0,6100.0,0.03,0.593,5.09333,"October 04, 16",0.00593
0,2016-10-03,5.13,5.13,5.05,5.05,5.05,2800.0,2800.0,-0.08,-1.559,5.07667,"October 03, 16",-0.01559
0,2016-09-30,5.06,5.13,4.95,5.13,5.13,27100.0,27100.0,0.07,1.383,5.07,"September 30, 16",0.01383
0,2016-09-29,5.15,5.17,5.0,5.04,5.04,29700.0,29700.0,-0.11,-2.136,5.07,"September 29, 16",-0.02136
0,2016-09-28,5.18,5.25,5.06,5.14,5.14,16100.0,16100.0,-0.04,-0.772,5.15,"September 28, 16",-0.00772
0,2016-09-27,5.25,5.26,5.04,5.16,5.16,35000.0,35000.0,-0.09,-1.714,5.15333,"September 27, 16",-0.01714
0,2016-09-26,5.0,5.24,4.99,5.24,5.24,87600.0,87600.0,0.24,4.8,5.15667,"September 26, 16",0.048
0,2016-09-23,4.98,4.98,4.83,4.96,4.96,7500.0,7500.0,-0.02,-0.402,4.92333,"September 23, 16",-0.00402
0,2016-09-22,4.9,4.95,4.85,4.95,4.95,9800.0,9800.0,0.05,1.02,4.91667,"September 22, 16",0.0102
0,2016-09-21,4.7,4.8,4.7,4.72,4.72,6400.0,6400.0,0.02,0.426,4.74,"September 21, 16",0.00426
0,2016-09-20,4.79,4.89,4.69,4.8,4.8,9500.0,9500.0,0.01,0.209,4.79333,"September 20, 16",0.00209
0,2016-09-19,4.81,4.88,4.79,4.84,4.84,1800.0,1800.0,0.03,0.624,4.83667,"September 19, 16",0.00624
0,2016-09-16,4.77,4.92,4.66,4.79,4.79,4900.0,4900.0,0.02,0.419,4.79,"September 16, 16",0.00419
0,2016-09-15,4.69,4.87,4.68,4.73,4.73,6400.0,6400.0,0.04,0.853,4.76,"September 15, 16",0.00853
0,2016-09-14,4.69,4.74,4.69,4.71,4.71,2400.0,2400.0,0.02,0.426,4.71333,"September 14, 16",0.00426
0,2016-09-13,4.74,4.9,4.65,4.9,4.9,11900.0,11900.0,0.16,3.376,4.81667,"September 13, 16",0.03376
0,2016-09-12,4.69,4.85,4.65,4.81,4.81,10300.0,10300.0,0.12,2.559,4.77,"September 12, 16",0.02559
0,2016-09-09,4.92,4.96,4.78,4.84,4.84,24100.0,24100.0,-0.08,-1.626,4.86,"September 09, 16",-0.01626
0,2016-09-08,4.89,4.95,4.78,4.89,4.89,25700.0,25700.0,0.0,0.0,4.87333,"September 08, 16",0.0
0,2016-09-07,4.76,4.97,4.71,4.84,4.84,61600.0,61600.0,0.08,1.681,4.84,"September 07, 16",0.01681
0,2016-09-06,4.8,4.9,4.65,4.8,4.8,5000.0,5000.0,0.0,0.0,4.78333,"September 06, 16",0.0
0,2016-09-02,4.85,4.89,4.62,4.8,4.8,10800.0,10800.0,-0.05,-1.031,4.77,"September 02, 16",-0.01031
0,2016-09-01,4.8,4.85,4.73,4.85,4.85,40800.0,40800.0,0.05,1.042,4.81,"September 01, 16",0.01042
0,2016-08-31,4.78,4.98,4.78,4.82,4.82,21300.0,21300.0,0.04,0.837,4.86,"August 31, 16",0.00837
0,2016-08-30,4.81,5.34,4.78,4.89,4.89,420600.0,420600.0,0.08,1.663,5.00333,"August 30, 16",0.01663
0,2016-08-29,4.34,4.55,4.34,4.53,4.53,400.0,400.0,0.19,4.378,4.47333,"August 29, 16",0.04378
0,2016-08-26,4.53,4.53,4.53,4.53,4.53,200.0,200.0,0.0,0.0,4.53,"August 26, 16",0.0
0,2016-08-25,4.44,4.47,4.29,4.37,4.37,3100.0,3100.0,-0.07,-1.577,4.37667,"August 25, 16",-0.01577
0,2016-08-24,4.48,4.5,4.42,4.5,4.5,6700.0,6700.0,0.02,0.446,4.47333,"August 24, 16",0.00446
0,2016-08-23,4.5,4.57,4.42,4.53,4.53,12600.0,12600.0,0.03,0.667,4.50667,"August 23, 16",0.00667
0,2016-08-22,4.4,4.48,4.4,4.48,4.48,4700.0,4700.0,0.08,1.818,4.45333,"August 22, 16",0.01818
0,2016-08-19,4.25,4.38,4.22,4.25,4.25,37100.0,37100.0,0.0,0.0,4.28333,"August 19, 16",0.0
0,2016-08-18,4.19,4.2,4.15,4.2,4.2,52700.0,52700.0,0.01,0.239,4.18333,"August 18, 16",0.00239
0,2016-08-17,4.1,4.2,4.1,4.15,4.15,68800.0,68800.0,0.05,1.22,4.15,"August 17, 16",0.0122
0,2016-08-16,4.1,4.12,4.1,4.12,4.12,2200.0,2200.0,0.02,0.488,4.11333,"August 16, 16",0.00488
0,2016-08-11,4.05,4.1,4.05,4.1,4.1,1700.0,1700.0,0.05,1.235,4.08333,"August 11, 16",0.01235
0,2016-08-09,4.14,4.14,4.0,4.04,4.04,1100.0,1100.0,-0.1,-2.415,4.06,"August 09, 16",-0.02415
0,2016-08-08,4.1,4.15,3.94,4.15,4.15,2200.0,2200.0,0.05,1.22,4.08,"August 08, 16",0.0122
0,2016-08-05,4.14,4.14,4.1,4.1,4.1,5400.0,5400.0,-0.04,-0.966,4.11333,"August 05, 16",-0.00966
0,2016-08-04,4.12,4.12,4.09,4.1,4.1,2600.0,2600.0,-0.02,-0.485,4.10333,"August 04, 16",-0.00485
0,2016-08-03,4.1,4.1,4.04,4.1,4.1,1000.0,1000.0,0.0,0.0,4.08,"August 03, 16",0.0
0,2016-08-02,4.05,4.14,4.0,4.13,4.13,10600.0,10600.0,0.08,1.975,4.09,"August 02, 16",0.01975
0,2016-08-01,4.0,4.04,4.0,4.04,4.04,2400.0,2400.0,0.04,1.0,4.02667,"August 01, 16",0.01
0,2016-07-29,3.97,3.97,3.89,3.96,3.96,400.0,400.0,-0.01,-0.252,3.94,"July 29, 16",-0.00252
0,2016-07-28,3.99,4.0,3.88,3.96,3.96,4700.0,4700.0,-0.03,-0.752,3.94667,"July 28, 16",-0.00752
0,2016-07-27,3.93,4.0,3.93,3.97,3.97,3100.0,3100.0,0.04,1.018,3.96667,"July 27, 16",0.01018
0,2016-07-26,3.97,3.98,3.93,3.94,3.94,3600.0,3600.0,-0.03,-0.756,3.95,"July 26, 16",-0.00756
0,2016-07-25,3.96,3.96,3.88,3.96,3.96,600.0,600.0,0.0,0.0,3.93333,"July 25, 16",0.0
0,2016-07-22,3.85,3.85,3.85,3.85,3.85,300.0,300.0,0.0,0.0,3.85,"July 22, 16",0.0
0,2016-07-21,3.95,3.95,3.92,3.92,3.92,600.0,600.0,-0.03,-0.759,3.93,"July 21, 16",-0.00759
0,2016-07-20,3.92,3.94,3.87,3.94,3.94,1500.0,1500.0,0.02,0.51,3.91667,"July 20, 16",0.0051
0,2016-07-19,3.88,3.88,3.88,3.88,3.88,100.0,100.0,0.0,0.0,3.88,"July 19, 16",0.0
0,2016-07-18,3.92,3.96,3.76,3.85,3.85,900.0,900.0,-0.07,-1.786,3.85667,"July 18, 16",-0.01786
0,2016-07-15,3.89,3.95,3.89,3.93,3.93,3100.0,3100.0,0.04,1.028,3.92333,"July 15, 16",0.01028
0,2016-07-14,3.99,3.99,3.92,3.92,3.92,1300.0,1300.0,-0.07,-1.754,3.94333,"July 14, 16",-0.01754
0,2016-07-12,3.8,3.8,3.8,3.8,3.8,600.0,600.0,0.0,0.0,3.8,"July 12, 16",0.0
0,2016-07-06,3.67,3.7,3.67,3.7,3.7,1400.0,1400.0,0.03,0.817,3.69,"July 06, 16",0.00817
0,2016-07-05,3.65,3.67,3.63,3.63,3.63,300.0,300.0,-0.02,-0.548,3.64333,"July 05, 16",-0.00548
0,2016-07-01,3.65,3.65,3.65,3.65,3.65,100.0,100.0,0.0,0.0,3.65,"July 01, 16",0.0
0,2016-06-30,3.66,3.67,3.66,3.67,3.67,700.0,700.0,0.01,0.273,3.66667,"June 30, 16",0.00273
0,2016-06-29,3.66,3.68,3.66,3.68,3.68,400.0,400.0,0.02,0.546,3.67333,"June 29, 16",0.00546
0,2016-06-28,3.65,3.67,3.63,3.65,3.65,2900.0,2900.0,0.0,0.0,3.65,"June 28, 16",0.0
0,2016-06-27,3.64,3.64,3.6,3.62,3.62,900.0,900.0,-0.02,-0.549,3.62,"June 27, 16",-0.00549
0,2016-06-24,3.63,3.7,3.63,3.65,3.65,800.0,800.0,0.02,0.551,3.66,"June 24, 16",0.00551
0,2016-06-23,3.84,3.84,3.67,3.68,3.68,11200.0,11200.0,-0.16,-4.167,3.73,"June 23, 16",-0.04167
0,2016-06-22,3.78,3.86,3.67,3.7,3.7,7700.0,7700.0,-0.08,-2.116,3.74333,"June 22, 16",-0.02116
0,2016-06-21,3.8,3.83,3.66,3.72,3.72,43100.0,43100.0,-0.08,-2.105,3.73667,"June 21, 16",-0.02105
0,2016-06-20,3.89,3.89,3.73,3.8,3.8,42400.0,42400.0,-0.09,-2.314,3.80667,"June 20, 16",-0.02314
0,2016-06-17,3.81,3.87,3.81,3.83,3.83,5200.0,5200.0,0.02,0.525,3.83667,"June 17, 16",0.00525
0,2016-06-16,3.73,3.78,3.65,3.74,3.74,33300.0,33300.0,0.01,0.268,3.72333,"June 16, 16",0.00268
0,2016-06-15,3.88,4.18,3.67,3.73,3.73,48100.0,48100.0,-0.15,-3.866,3.86,"June 15, 16",-0.03866
0,2016-06-14,3.85,3.85,3.7,3.7,3.7,2800.0,2800.0,-0.15,-3.896,3.75,"June 14, 16",-0.03896
0,2016-06-13,3.71,3.71,3.71,3.71,3.71,1300.0,1300.0,0.0,0.0,3.71,"June 13, 16",0.0
0,2016-06-10,3.76,3.76,3.75,3.75,3.75,300.0,300.0,-0.01,-0.266,3.75333,"June 10, 16",-0.00266
0,2016-06-07,3.78,3.8,3.71,3.71,3.71,4900.0,4900.0,-0.07,-1.852,3.74,"June 07, 16",-0.01852
0,2016-06-06,3.72,3.72,3.72,3.72,3.72,200.0,200.0,0.0,0.0,3.72,"June 06, 16",0.0
0,2016-06-03,3.99,3.99,3.71,3.71,3.71,15100.0,15100.0,-0.28,-7.018,3.80333,"June 03, 16",-0.07018
0,2016-06-02,3.72,3.75,3.72,3.75,3.75,700.0,700.0,0.03,0.806,3.74,"June 02, 16",0.00806
0,2016-05-31,3.66,3.66,3.66,3.66,3.66,300.0,300.0,0.0,0.0,3.66,"May 31, 16",0.0
0,2016-05-27,3.66,3.72,3.61,3.72,3.72,2300.0,2300.0,0.06,1.639,3.68333,"May 27, 16",0.01639
0,2016-05-26,3.69,3.72,3.68,3.72,3.72,1900.0,1900.0,0.03,0.813,3.70667,"May 26, 16",0.00813
0,2016-05-25,3.75,3.75,3.67,3.67,3.67,3200.0,3200.0,-0.08,-2.133,3.69667,"May 25, 16",-0.02133
0,2016-05-23,3.7,3.71,3.7,3.7,3.7,1500.0,1500.0,0.0,0.0,3.70333,"May 23, 16",0.0
0,2016-05-20,3.7,3.73,3.68,3.68,3.68,2400.0,2400.0,-0.02,-0.541,3.69667,"May 20, 16",-0.00541
0,2016-05-19,3.7,3.7,3.69,3.69,3.69,300.0,300.0,-0.01,-0.27,3.69333,"May 19, 16",-0.0027
0,2016-05-18,3.8,3.85,3.61,3.85,3.85,600.0,600.0,0.05,1.316,3.77,"May 18, 16",0.01316
0,2016-05-17,3.83,3.89,3.8,3.8,3.8,8200.0,8200.0,-0.03,-0.783,3.83,"May 17, 16",-0.00783
0,2016-05-16,3.99,3.99,3.99,3.99,3.99,400.0,400.0,0.0,0.0,3.99,"May 16, 16",0.0
0,2016-05-13,3.65,3.99,3.6,3.99,3.99,700.0,700.0,0.34,9.315,3.86,"May 13, 16",0.09315
0,2016-05-12,3.97,4.0,3.97,3.97,3.97,1100.0,1100.0,0.0,0.0,3.98,"May 12, 16",0.0
0,2016-05-10,3.89,3.89,3.89,3.89,3.89,500.0,500.0,0.0,0.0,3.89,"May 10, 16",0.0
0,2016-05-09,4.09,4.09,3.89,3.89,3.89,2000.0,2000.0,-0.2,-4.89,3.95667,"May 09, 16",-0.0489
0,2016-05-05,4.16,4.19,4.09,4.09,4.09,5400.0,5400.0,-0.07,-1.683,4.12333,"May 05, 16",-0.01683
0,2016-05-03,4.16,4.16,4.16,4.16,4.16,600.0,600.0,0.0,0.0,4.16,"May 03, 16",0.0
0,2016-05-02,4.16,4.18,4.09,4.15,4.15,7500.0,7500.0,-0.01,-0.24,4.14,"May 02, 16",-0.0024
0,2016-04-26,3.96,3.96,3.93,3.93,3.93,1900.0,1900.0,-0.03,-0.758,3.94,"April 26, 16",-0.00758
0,2016-04-22,3.89,4.06,3.77,4.06,4.06,2500.0,2500.0,0.17,4.37,3.96333,"April 22, 16",0.0437
0,2016-04-21,3.93,4.03,3.93,3.94,3.94,5700.0,5700.0,0.01,0.254,3.96667,"April 21, 16",0.00254
0,2016-04-20,3.84,3.84,3.84,3.84,3.84,100.0,100.0,0.0,0.0,3.84,"April 20, 16",0.0
0,2016-04-19,3.8,3.87,3.77,3.87,3.87,1400.0,1400.0,0.07,1.842,3.83667,"April 19, 16",0.01842
0,2016-04-18,3.86,3.89,3.86,3.89,3.89,500.0,500.0,0.03,0.777,3.88,"April 18, 16",0.00777
0,2016-04-15,4.19,4.19,3.88,3.88,3.88,1700.0,1700.0,-0.31,-7.399,3.98333,"April 15, 16",-0.07399
0,2016-04-14,3.93,3.94,3.92,3.94,3.94,8600.0,8600.0,0.01,0.254,3.93333,"April 14, 16",0.00254
0,2016-04-12,3.83,3.85,3.83,3.84,3.84,1600.0,1600.0,0.01,0.261,3.84,"April 12, 16",0.00261
0,2016-04-11,3.82,3.82,3.81,3.81,3.81,600.0,600.0,-0.01,-0.262,3.81333,"April 11, 16",-0.00262
0,2016-04-08,4.0,4.0,3.89,3.89,3.89,300.0,300.0,-0.11,-2.75,3.92667,"April 08, 16",-0.0275
0,2016-04-07,3.8,3.84,3.8,3.8,3.8,2200.0,2200.0,0.0,0.0,3.81333,"April 07, 16",0.0
0,2016-04-06,3.78,3.78,3.78,3.78,3.78,1700.0,1700.0,0.0,0.0,3.78,"April 06, 16",0.0
0,2016-04-04,3.95,3.95,3.78,3.79,3.79,2000.0,2000.0,-0.16,-4.051,3.84,"April 04, 16",-0.04051
0,2016-03-31,3.83,3.83,3.83,3.83,3.83,100.0,100.0,0.0,0.0,3.83,"March 31, 16",0.0
0,2016-03-30,3.81,3.91,3.81,3.91,3.91,1200.0,1200.0,0.1,2.625,3.87667,"March 30, 16",0.02625
0,2016-03-29,3.85,3.85,3.74,3.74,3.74,900.0,900.0,-0.11,-2.857,3.77667,"March 29, 16",-0.02857
0,2016-03-28,3.91,3.91,3.91,3.91,3.91,700.0,700.0,0.0,0.0,3.91,"March 28, 16",0.0
0,2016-03-23,3.89,3.9,3.89,3.89,3.89,1600.0,1600.0,0.0,0.0,3.89333,"March 23, 16",0.0
0,2016-03-22,3.89,3.93,3.47,3.81,3.81,12600.0,12600.0,-0.08,-2.057,3.73667,"March 22, 16",-0.02057
0,2016-03-18,3.86,3.86,3.86,3.86,3.86,300.0,300.0,0.0,0.0,3.86,"March 18, 16",0.0
0,2016-03-17,3.89,3.89,3.79,3.8,3.8,600.0,600.0,-0.09,-2.314,3.82667,"March 17, 16",-0.02314
0,2016-03-16,3.9,3.9,3.9,3.9,3.9,500.0,500.0,0.0,0.0,3.9,"March 16, 16",0.0
0,2016-03-11,4.13,4.13,4.05,4.06,4.06,800.0,800.0,-0.07,-1.695,4.08,"March 11, 16",-0.01695
0,2016-03-10,3.99,4.13,3.99,4.13,4.13,1100.0,1100.0,0.14,3.509,4.08333,"March 10, 16",0.03509
0,2016-03-09,3.96,4.0,3.96,3.99,3.99,1400.0,1400.0,0.03,0.758,3.98333,"March 09, 16",0.00758
0,2016-03-07,3.92,3.93,3.92,3.93,3.93,1900.0,1900.0,0.01,0.255,3.92667,"March 07, 16",0.00255
0,2016-03-04,3.71,3.81,3.71,3.77,3.77,1500.0,1500.0,0.06,1.617,3.76333,"March 04, 16",0.01617
0,2016-03-02,3.74,3.79,3.74,3.77,3.77,800.0,800.0,0.03,0.802,3.76667,"March 02, 16",0.00802
0,2016-03-01,3.83,3.83,3.76,3.76,3.76,400.0,400.0,-0.07,-1.828,3.78333,"March 01, 16",-0.01828
0,2016-02-29,3.53,3.63,3.53,3.54,3.54,3600.0,3600.0,0.01,0.283,3.56667,"February 29, 16",0.00283
0,2016-02-26,3.47,3.47,3.47,3.47,3.47,2500.0,2500.0,0.0,0.0,3.47,"February 26, 16",0.0
0,2016-02-25,3.47,3.47,3.26,3.46,3.46,2300.0,2300.0,-0.01,-0.288,3.39667,"February 25, 16",-0.00288
0,2016-02-24,3.45,3.52,3.45,3.46,3.46,2900.0,2900.0,0.01,0.29,3.47667,"February 24, 16",0.0029
0,2016-02-23,3.54,3.68,3.54,3.68,3.68,1200.0,1200.0,0.14,3.955,3.63333,"February 23, 16",0.03955
0,2016-02-22,3.61,3.62,3.61,3.61,3.61,400.0,400.0,0.0,0.0,3.61333,"February 22, 16",0.0
0,2016-02-19,3.63,3.63,3.63,3.63,3.63,700.0,700.0,0.0,0.0,3.63,"February 19, 16",0.0
0,2016-02-17,3.55,3.63,3.54,3.63,3.63,7900.0,7900.0,0.08,2.254,3.6,"February 17, 16",0.02254
