,date,open,high,low,close,adjClose,volume,unadjustedVolume,change,changePercent,vwap,label,changeOverTime
0,2021-02-16,5.05,5.29,4.72,5.26,5.26,248727.0,248727.0,0.21,4.158,5.09,"February 16, 21",0.04158
0,2021-02-12,4.68,5.3,4.6,5.25,5.25,177300.0,177300.0,0.57,12.179,5.05,"February 12, 21",0.12179
0,2021-02-11,4.7,4.78,4.53,4.6,4.6,36500.0,36500.0,-0.1,-2.128,4.63667,"February 11, 21",-0.02128
0,2021-02-10,4.68,4.7,4.55,4.68,4.68,70300.0,70300.0,0.0,0.0,4.64333,"February 10, 21",0.0
0,2021-02-09,4.5,4.69,4.5,4.57,4.57,78200.0,78200.0,0.07,1.556,4.58667,"February 09, 21",0.01556
0,2021-02-08,4.5,4.63,4.37,4.5,4.5,57700.0,57700.0,0.0,0.0,4.5,"February 08, 21",0.0
0,2021-02-05,4.37,4.48,4.36,4.45,4.45,26500.0,26500.0,0.08,1.831,4.43,"February 05, 21",0.01831
0,2021-02-04,4.46,4.5,4.28,4.33,4.33,27200.0,27200.0,-0.13,-2.915,4.37,"February 04, 21",-0.02915
0,2021-02-03,4.3,4.5,4.26,4.47,4.47,44200.0,44200.0,0.17,3.953,4.41,"February 03, 21",0.03953
0,2021-02-02,4.31,4.38,4.26,4.28,4.28,23600.0,23600.0,-0.03,-0.696,4.30667,"February 02, 21",-0.00696
0,2021-02-01,4.18,4.34,4.1,4.25,4.25,29400.0,29400.0,0.07,1.675,4.23,"February 01, 21",0.01675
0,2021-01-29,4.15,4.15,4.01,4.12,4.12,36500.0,36500.0,-0.03,-0.723,4.09333,"January 29, 21",-0.00723
0,2021-01-28,4.33,4.45,4.04,4.15,4.15,63200.0,63200.0,-0.18,-4.157,4.21333,"January 28, 21",-0.04157
0,2021-01-27,4.59,4.6,4.18,4.37,4.37,45900.0,45900.0,-0.22,-4.793,4.38333,"January 27, 21",-0.04793
0,2021-01-26,4.92,4.95,4.54,4.62,4.62,108800.0,108800.0,-0.3,-6.098,4.70333,"January 26, 21",-0.06098
0,2021-01-25,4.12,4.89,4.07,4.81,4.81,409900.0,409900.0,0.69,16.748,4.59,"January 25, 21",0.16748
0,2021-01-22,4.15,4.24,3.81,4.07,4.07,72000.0,72000.0,-0.08,-1.928,4.04,"January 22, 21",-0.01928
0,2021-01-21,4.45,4.45,4.19,4.22,4.22,36400.0,36400.0,-0.23,-5.169,4.28667,"January 21, 21",-0.05169
0,2021-01-20,4.47,4.56,4.34,4.41,4.41,28000.0,28000.0,-0.06,-1.342,4.43667,"January 20, 21",-0.01342
0,2021-01-19,4.43,4.54,4.41,4.52,4.52,53200.0,53200.0,0.09,2.032,4.49,"January 19, 21",0.02032
0,2021-01-15,4.39,4.4,4.2,4.37,4.37,38300.0,38300.0,-0.02,-0.456,4.32333,"January 15, 21",-0.00456
0,2021-01-14,4.48,4.58,4.34,4.39,4.39,63300.0,63300.0,-0.09,-2.009,4.43667,"January 14, 21",-0.02009
0,2021-01-13,4.39,4.49,4.39,4.42,4.42,32000.0,32000.0,0.03,0.683,4.43333,"January 13, 21",0.00683
0,2021-01-12,4.24,4.49,4.2,4.36,4.36,78900.0,78900.0,0.12,2.83,4.35,"January 12, 21",0.0283
0,2021-01-11,4.13,4.25,4.04,4.2,4.2,36400.0,36400.0,0.07,1.695,4.16333,"January 11, 21",0.01695
0,2021-01-08,4.25,4.26,4.08,4.12,4.12,59100.0,59100.0,-0.13,-3.059,4.15333,"January 08, 21",-0.03059
0,2021-01-07,4.01,4.25,4.0,4.23,4.23,144700.0,144700.0,0.22,5.486,4.16,"January 07, 21",0.05486
0,2021-01-06,3.97,4.09,3.88,3.99,3.99,47200.0,47200.0,0.02,0.504,3.98667,"January 06, 21",0.00504
0,2021-01-05,3.89,3.98,3.86,3.95,3.95,42400.0,42400.0,0.06,1.542,3.93,"January 05, 21",0.01542
0,2021-01-04,3.8,3.93,3.8,3.85,3.85,45200.0,45200.0,0.05,1.316,3.86,"January 04, 21",0.01316
0,2020-12-31,3.74,3.86,3.69,3.8,3.8,50600.0,50600.0,0.06,1.604,3.78333,"December 31, 20",0.01604
0,2020-12-30,3.63,3.74,3.53,3.72,3.72,17700.0,17700.0,0.09,2.479,3.66333,"December 30, 20",0.02479
0,2020-12-29,3.57,3.7,3.51,3.64,3.64,73800.0,73800.0,0.07,1.961,3.61667,"December 29, 20",0.01961
0,2020-12-28,3.6,3.64,3.5,3.52,3.52,94700.0,94700.0,-0.08,-2.222,3.55333,"December 28, 20",-0.02222
0,2020-12-24,3.7,3.7,3.6,3.62,3.62,16700.0,16700.0,-0.08,-2.162,3.64,"December 24, 20",-0.02162
0,2020-12-23,3.7,3.87,3.58,3.7,3.7,42100.0,42100.0,0.0,0.0,3.71667,"December 23, 20",0.0
0,2020-12-22,3.81,3.88,3.71,3.71,3.71,26400.0,26400.0,-0.1,-2.625,3.76667,"December 22, 20",-0.02625
0,2020-12-21,3.76,3.89,3.71,3.77,3.77,25600.0,25600.0,0.01,0.266,3.79,"December 21, 20",0.00266
0,2020-12-18,3.88,3.98,3.74,3.74,3.74,45600.0,45600.0,-0.14,-3.608,3.82,"December 18, 20",-0.03608
0,2020-12-17,4.0,4.0,3.87,3.89,3.89,38800.0,38800.0,-0.11,-2.75,3.92,"December 17, 20",-0.0275
0,2020-12-16,3.99,4.05,3.9,3.95,3.95,40800.0,40800.0,-0.04,-1.003,3.96667,"December 16, 20",-0.01003
0,2020-12-15,3.96,4.07,3.83,3.98,3.98,118900.0,118900.0,0.02,0.505,3.96,"December 15, 20",0.00505
0,2020-12-14,3.82,3.93,3.81,3.9,3.9,98700.0,98700.0,0.08,2.094,3.88,"December 14, 20",0.02094
0,2020-12-11,3.78,3.88,3.72,3.86,3.86,80500.0,80500.0,0.08,2.116,3.82,"December 11, 20",0.02116
0,2020-12-10,3.73,3.84,3.72,3.82,3.82,84500.0,84500.0,0.09,2.413,3.79333,"December 10, 20",0.02413
0,2020-12-09,3.57,3.89,3.57,3.76,3.76,255000.0,255000.0,0.19,5.322,3.74,"December 09, 20",0.05322
0,2020-12-08,3.44,3.56,3.44,3.49,3.49,114900.0,114900.0,0.05,1.453,3.49667,"December 08, 20",0.01453
0,2020-12-07,3.58,3.59,3.44,3.45,3.45,43000.0,43000.0,-0.13,-3.631,3.49333,"December 07, 20",-0.03631
0,2020-12-04,3.74,3.77,3.42,3.55,3.55,77100.0,77100.0,-0.19,-5.08,3.58,"December 04, 20",-0.0508
0,2020-12-03,3.6,3.78,3.57,3.78,3.78,54900.0,54900.0,0.18,5.0,3.71,"December 03, 20",0.05
0,2020-12-02,3.44,3.64,3.42,3.58,3.58,73700.0,73700.0,0.14,4.07,3.54667,"December 02, 20",0.0407
0,2020-12-01,3.26,3.56,3.26,3.48,3.48,155400.0,155400.0,0.22,6.748,3.43333,"December 01, 20",0.06748
0,2020-11-30,3.3,3.39,3.24,3.25,3.25,102100.0,102100.0,-0.05,-1.515,3.29333,"November 30, 20",-0.01515
0,2020-11-27,3.14,3.33,3.14,3.32,3.32,111400.0,111400.0,0.18,5.732,3.26333,"November 27, 20",0.05732
0,2020-11-25,2.92,3.14,2.92,3.1,3.1,122200.0,122200.0,0.18,6.164,3.05333,"November 25, 20",0.06164
0,2020-11-24,3.02,3.03,2.93,2.97,2.97,116900.0,116900.0,-0.05,-1.656,2.97667,"November 24, 20",-0.01656
0,2020-11-23,2.94,3.09,2.94,3.02,3.02,207000.0,207000.0,0.08,2.721,3.01667,"November 23, 20",0.02721
0,2020-11-20,2.87,2.91,2.85,2.89,2.89,58700.0,58700.0,0.02,0.697,2.88333,"November 20, 20",0.00697
0,2020-11-19,3.02,3.05,2.86,2.87,2.87,52600.0,52600.0,-0.15,-4.967,2.92667,"November 19, 20",-0.04967
0,2020-11-18,2.94,3.12,2.88,3.0,3.0,159300.0,159300.0,0.06,2.041,3.0,"November 18, 20",0.02041
0,2020-11-17,2.82,2.97,2.82,2.86,2.86,66000.0,66000.0,0.04,1.418,2.88333,"November 17, 20",0.01418
0,2020-11-16,2.78,2.83,2.67,2.8,2.8,160800.0,160800.0,0.02,0.719,2.76667,"November 16, 20",0.00719
0,2020-11-13,2.6,2.71,2.53,2.7,2.7,90800.0,90800.0,0.1,3.846,2.64667,"November 13, 20",0.03846
0,2020-11-12,2.54,2.55,2.47,2.51,2.51,40100.0,40100.0,-0.03,-1.181,2.51,"November 12, 20",-0.01181
0,2020-11-11,2.56,2.57,2.53,2.54,2.54,21900.0,21900.0,-0.02,-0.781,2.54667,"November 11, 20",-0.00781
0,2020-11-10,2.56,2.61,2.5,2.56,2.56,20300.0,20300.0,0.0,0.0,2.55667,"November 10, 20",0.0
0,2020-11-09,2.6,2.64,2.52,2.63,2.63,36900.0,36900.0,0.03,1.154,2.59667,"November 09, 20",0.01154
0,2020-11-06,2.62,2.63,2.51,2.53,2.53,12500.0,12500.0,-0.09,-3.435,2.55667,"November 06, 20",-0.03435
0,2020-11-05,2.56,2.6,2.53,2.58,2.58,17800.0,17800.0,0.02,0.781,2.57,"November 05, 20",0.00781
0,2020-11-04,2.46,2.56,2.46,2.52,2.52,22200.0,22200.0,0.06,2.439,2.51333,"November 04, 20",0.02439
0,2020-11-03,2.48,2.48,2.36,2.46,2.46,38600.0,38600.0,-0.02,-0.806,2.43333,"November 03, 20",-0.00806
0,2020-11-02,2.41,2.41,2.35,2.36,2.36,75700.0,75700.0,-0.05,-2.075,2.37333,"November 02, 20",-0.02075
0,2020-10-30,2.42,2.56,2.35,2.41,2.41,81900.0,81900.0,-0.01,-0.413,2.44,"October 30, 20",-0.00413
0,2020-10-29,2.46,2.51,2.4,2.45,2.45,78100.0,78100.0,-0.01,-0.407,2.45333,"October 29, 20",-0.00407
0,2020-10-28,2.53,2.57,2.43,2.49,2.49,111500.0,111500.0,-0.04,-1.581,2.49667,"October 28, 20",-0.01581
0,2020-10-27,2.54,2.67,2.54,2.62,2.62,51200.0,51200.0,0.08,3.15,2.61,"October 27, 20",0.0315
0,2020-10-26,2.75,2.77,2.52,2.57,2.57,87200.0,87200.0,-0.18,-6.545,2.62,"October 26, 20",-0.06545
0,2020-10-23,2.61,2.72,2.59,2.7,2.7,79500.0,79500.0,0.09,3.448,2.67,"October 23, 20",0.03448
0,2020-10-22,2.8,2.83,2.53,2.67,2.67,395600.0,395600.0,-0.13,-4.643,2.67667,"October 22, 20",-0.04643
0,2020-10-21,3.16,3.38,2.82,2.93,2.93,4577800.0,4577800.0,-0.23,-7.278,3.04333,"October 21, 20",-0.07278
0,2020-10-20,2.89,2.9,2.82,2.85,2.85,8700.0,8700.0,-0.04,-1.384,2.85667,"October 20, 20",-0.01384
0,2020-10-19,2.86,2.94,2.83,2.92,2.92,8300.0,8300.0,0.06,2.098,2.89667,"October 19, 20",0.02098
0,2020-10-16,2.88,2.94,2.85,2.85,2.85,16700.0,16700.0,-0.03,-1.042,2.88,"October 16, 20",-0.01042
0,2020-10-15,2.87,2.98,2.87,2.88,2.88,17500.0,17500.0,0.01,0.348,2.91,"October 15, 20",0.00348
0,2020-10-14,2.99,3.04,2.82,2.9,2.9,40300.0,40300.0,-0.09,-3.01,2.92,"October 14, 20",-0.0301
0,2020-10-13,2.96,3.01,2.92,3.0,3.0,36900.0,36900.0,0.04,1.351,2.97667,"October 13, 20",0.01351
0,2020-10-12,2.91,3.0,2.91,2.99,2.99,24500.0,24500.0,0.08,2.749,2.96667,"October 12, 20",0.02749
0,2020-10-09,2.89,2.97,2.83,2.92,2.92,18100.0,18100.0,0.03,1.038,2.90667,"October 09, 20",0.01038
0,2020-10-08,3.06,3.07,2.86,2.91,2.91,22900.0,22900.0,-0.15,-4.902,2.94667,"October 08, 20",-0.04902
0,2020-10-07,2.96,3.04,2.89,3.02,3.02,27600.0,27600.0,0.06,2.027,2.98333,"October 07, 20",0.02027
0,2020-10-06,3.05,3.05,2.95,2.96,2.96,21200.0,21200.0,-0.09,-2.951,2.98667,"October 06, 20",-0.02951
0,2020-10-05,2.93,3.14,2.93,3.05,3.05,52300.0,52300.0,0.12,4.096,3.04,"October 05, 20",0.04096
0,2020-10-02,2.83,2.95,2.82,2.95,2.95,29300.0,29300.0,0.12,4.24,2.90667,"October 02, 20",0.0424
0,2020-10-01,2.9,2.93,2.86,2.88,2.88,15800.0,15800.0,-0.02,-0.69,2.89,"October 01, 20",-0.0069
0,2020-09-30,2.9,2.95,2.8,2.93,2.93,28600.0,28600.0,0.03,1.034,2.89333,"September 30, 20",0.01034
0,2020-09-29,2.83,2.9,2.7,2.9,2.9,18200.0,18200.0,0.07,2.473,2.83333,"September 29, 20",0.02473
0,2020-09-28,2.8,2.91,2.74,2.87,2.87,48100.0,48100.0,0.07,2.5,2.84,"September 28, 20",0.025
0,2020-09-25,2.76,2.89,2.64,2.68,2.68,21100.0,21100.0,-0.08,-2.899,2.73667,"September 25, 20",-0.02899
0,2020-09-24,2.93,2.95,2.75,2.76,2.76,32400.0,32400.0,-0.17,-5.802,2.82,"September 24, 20",-0.05802
0,2020-09-23,2.92,2.95,2.86,2.93,2.93,31400.0,31400.0,0.01,0.342,2.91333,"September 23, 20",0.00342
0,2020-09-22,2.97,2.98,2.86,2.92,2.92,12600.0,12600.0,-0.05,-1.684,2.92,"September 22, 20",-0.01684
0,2020-09-21,2.96,2.97,2.84,2.97,2.97,28600.0,28600.0,0.01,0.338,2.92667,"September 21, 20",0.00338
0,2020-09-18,2.95,2.99,2.84,2.95,2.95,21800.0,21800.0,0.0,0.0,2.92667,"September 18, 20",0.0
0,2020-09-17,2.8,2.97,2.76,2.95,2.95,15800.0,15800.0,0.15,5.357,2.89333,"September 17, 20",0.05357
0,2020-09-16,2.82,2.85,2.76,2.84,2.84,14600.0,14600.0,0.02,0.709,2.81667,"September 16, 20",0.00709
0,2020-09-15,2.75,2.91,2.75,2.89,2.89,42100.0,42100.0,0.14,5.091,2.85,"September 15, 20",0.05091
0,2020-09-14,2.73,2.79,2.73,2.73,2.73,21100.0,21100.0,0.0,0.0,2.75,"September 14, 20",0.0
0,2020-09-11,2.79,2.79,2.72,2.73,2.73,9300.0,9300.0,-0.06,-2.151,2.74667,"September 11, 20",-0.02151
0,2020-09-10,2.88,2.94,2.74,2.75,2.75,50800.0,50800.0,-0.13,-4.514,2.81,"September 10, 20",-0.04514
0,2020-09-09,2.96,2.96,2.82,2.84,2.84,7900.0,7900.0,-0.12,-4.054,2.87333,"September 09, 20",-0.04054
0,2020-09-08,2.86,2.9,2.82,2.89,2.89,23700.0,23700.0,0.03,1.049,2.87,"September 08, 20",0.01049
0,2020-09-04,2.95,2.95,2.81,2.82,2.82,25100.0,25100.0,-0.13,-4.407,2.86,"September 04, 20",-0.04407
0,2020-09-03,3.0,3.0,2.9,2.96,2.96,12600.0,12600.0,-0.04,-1.333,2.95333,"September 03, 20",-0.01333
0,2020-09-02,2.93,3.0,2.91,2.98,2.98,18600.0,18600.0,0.05,1.706,2.96333,"September 02, 20",0.01706
0,2020-09-01,2.95,3.04,2.9,2.91,2.91,11100.0,11100.0,-0.04,-1.356,2.95,"September 01, 20",-0.01356
0,2020-08-31,2.97,3.1,2.9,2.95,2.95,22700.0,22700.0,-0.02,-0.673,2.98333,"August 31, 20",-0.00673
0,2020-08-28,3.0,3.01,2.9,2.93,2.93,34000.0,34000.0,-0.07,-2.333,2.94667,"August 28, 20",-0.02333
0,2020-08-27,3.01,3.03,2.9,2.94,2.94,53000.0,53000.0,-0.07,-2.326,2.95667,"August 27, 20",-0.02326
0,2020-08-26,3.06,3.11,2.99,3.03,3.03,20400.0,20400.0,-0.03,-0.98,3.04333,"August 26, 20",-0.0098
0,2020-08-25,3.01,3.11,3.01,3.05,3.05,16500.0,16500.0,0.04,1.329,3.05667,"August 25, 20",0.01329
0,2020-08-24,3.01,3.16,2.95,3.05,3.05,32300.0,32300.0,0.04,1.329,3.05333,"August 24, 20",0.01329
0,2020-08-21,3.05,3.17,2.95,3.04,3.04,35500.0,35500.0,-0.01,-0.328,3.05333,"August 21, 20",-0.00328
0,2020-08-20,3.0,3.08,2.98,3.02,3.02,20200.0,20200.0,0.02,0.667,3.02667,"August 20, 20",0.00667
0,2020-08-19,3.01,3.05,2.9,3.05,3.05,53400.0,53400.0,0.04,1.329,3.0,"August 19, 20",0.01329
0,2020-08-18,3.05,3.12,3.01,3.01,3.01,33200.0,33200.0,-0.04,-1.311,3.04667,"August 18, 20",-0.01311
0,2020-08-17,3.05,3.12,3.0,3.06,3.06,36000.0,36000.0,0.01,0.328,3.06,"August 17, 20",0.00328
0,2020-08-14,3.01,3.15,3.01,3.01,3.01,14900.0,14900.0,0.0,0.0,3.05667,"August 14, 20",0.0
0,2020-08-13,3.16,3.29,3.0,3.06,3.06,53000.0,53000.0,-0.1,-3.165,3.11667,"August 13, 20",-0.03165
0,2020-08-12,3.23,3.23,3.05,3.11,3.11,23700.0,23700.0,-0.12,-3.715,3.13,"August 12, 20",-0.03715
0,2020-08-11,3.2,3.23,3.13,3.15,3.15,58200.0,58200.0,-0.05,-1.563,3.17,"August 11, 20",-0.01563
0,2020-08-10,3.18,3.21,3.16,3.2,3.2,29300.0,29300.0,0.02,0.629,3.19,"August 10, 20",0.00629
0,2020-08-07,3.2,3.23,3.17,3.21,3.21,46900.0,46900.0,0.01,0.312,3.20333,"August 07, 20",0.00312
0,2020-08-06,3.29,3.29,3.17,3.25,3.25,48400.0,48400.0,-0.04,-1.216,3.23667,"August 06, 20",-0.01216
0,2020-08-05,3.25,3.29,3.1,3.23,3.23,45000.0,45000.0,-0.02,-0.615,3.20667,"August 05, 20",-0.00615
0,2020-08-04,3.2,3.28,3.16,3.27,3.27,44600.0,44600.0,0.07,2.188,3.23667,"August 04, 20",0.02188
0,2020-08-03,3.03,3.23,3.03,3.15,3.15,167000.0,167000.0,0.12,3.96,3.13667,"August 03, 20",0.0396
0,2020-07-31,3.14,3.14,2.94,3.07,3.07,33700.0,33700.0,-0.07,-2.229,3.05,"July 31, 20",-0.02229
0,2020-07-30,2.93,3.29,2.91,3.12,3.12,217900.0,217900.0,0.19,6.485,3.10667,"July 30, 20",0.06485
0,2020-07-29,2.93,3.03,2.93,2.96,2.96,30700.0,30700.0,0.03,1.024,2.97333,"July 29, 20",0.01024
0,2020-07-28,3.0,3.02,2.9,2.9,2.9,43200.0,43200.0,-0.1,-3.333,2.94,"July 28, 20",-0.03333
0,2020-07-27,3.07,3.08,2.95,3.02,3.02,98025.0,98025.0,-0.05,-1.629,3.01667,"July 27, 20",-0.01629
0,2020-07-24,3.08,3.14,3.02,3.06,3.06,43200.0,43200.0,-0.02,-0.649,3.07333,"July 24, 20",-0.00649
0,2020-07-23,3.15,3.15,3.02,3.02,3.02,74400.0,74400.0,-0.13,-4.127,3.06333,"July 23, 20",-0.04127
0,2020-07-22,3.1,3.19,3.02,3.06,3.06,91800.0,91800.0,-0.04,-1.29,3.09,"July 22, 20",-0.0129
0,2020-07-21,3.02,3.12,2.91,3.04,3.04,243700.0,243700.0,0.02,0.662,3.02333,"July 21, 20",0.00662
0,2020-07-20,2.81,3.07,2.7,2.93,2.93,334800.0,334800.0,0.12,4.27,2.9,"July 20, 20",0.0427
0,2020-07-17,2.7,2.82,2.7,2.81,2.81,41900.0,41900.0,0.11,4.074,2.77667,"July 17, 20",0.04074
0,2020-07-16,2.72,2.83,2.65,2.74,2.74,4500.0,4500.0,0.02,0.735,2.74,"July 16, 20",0.00735
0,2020-07-15,2.71,2.82,2.65,2.67,2.67,30800.0,30800.0,-0.04,-1.476,2.71333,"July 15, 20",-0.01476
0,2020-07-14,2.74,2.81,2.71,2.77,2.77,14300.0,14300.0,0.03,1.095,2.76333,"July 14, 20",0.01095
0,2020-07-13,2.75,2.85,2.65,2.65,2.65,30800.0,30800.0,-0.1,-3.636,2.71667,"July 13, 20",-0.03636
0,2020-07-10,2.54,2.72,2.53,2.63,2.63,87400.0,87400.0,0.09,3.543,2.62667,"July 10, 20",0.03543
0,2020-07-09,2.61,2.61,2.52,2.52,2.52,15000.0,15000.0,-0.09,-3.448,2.55,"July 09, 20",-0.03448
0,2020-07-08,2.6,2.74,2.55,2.56,2.56,48000.0,48000.0,-0.04,-1.538,2.61667,"July 08, 20",-0.01538
0,2020-07-07,2.73,2.79,2.63,2.64,2.64,11300.0,11300.0,-0.09,-3.297,2.68667,"July 07, 20",-0.03297
0,2020-07-06,2.69,2.82,2.68,2.73,2.73,27500.0,27500.0,0.04,1.487,2.74333,"July 06, 20",0.01487
0,2020-07-02,2.63,2.73,2.56,2.61,2.61,18500.0,18500.0,-0.02,-0.76,2.63333,"July 02, 20",-0.0076
0,2020-07-01,2.69,2.76,2.58,2.67,2.67,43300.0,43300.0,-0.02,-0.743,2.67,"July 01, 20",-0.00743
0,2020-06-30,2.71,2.77,2.64,2.7,2.7,9500.0,9500.0,-0.01,-0.369,2.70333,"June 30, 20",-0.00369
0,2020-06-29,2.66,2.82,2.66,2.71,2.71,9000.0,9000.0,0.05,1.88,2.73,"June 29, 20",0.0188
0,2020-06-26,2.78,2.94,2.6,2.66,2.66,55400.0,55400.0,-0.12,-4.317,2.73333,"June 26, 20",-0.04317
0,2020-06-25,2.84,2.95,2.76,2.86,2.86,61300.0,61300.0,0.02,0.704,2.85667,"June 25, 20",0.00704
0,2020-06-24,2.68,2.9,2.68,2.77,2.77,29300.0,29300.0,0.09,3.358,2.78333,"June 24, 20",0.03358
0,2020-06-23,3.05,3.07,2.5,2.66,2.66,107100.0,107100.0,-0.39,-12.787,2.74333,"June 23, 20",-0.12787
0,2020-06-22,2.76,2.95,2.75,2.86,2.86,15500.0,15500.0,0.1,3.623,2.85333,"June 22, 20",0.03623
0,2020-06-19,2.95,3.13,2.75,2.82,2.82,66400.0,66400.0,-0.13,-4.407,2.9,"June 19, 20",-0.04407
0,2020-06-18,3.19,3.2,2.95,2.95,2.95,49300.0,49300.0,-0.24,-7.524,3.03333,"June 18, 20",-0.07524
0,2020-06-17,3.29,3.39,3.09,3.11,3.11,50100.0,50100.0,-0.18,-5.471,3.19667,"June 17, 20",-0.05471
0,2020-06-16,3.2,3.35,3.18,3.28,3.28,25200.0,25200.0,0.08,2.5,3.27,"June 16, 20",0.025
0,2020-06-15,3.07,3.2,3.05,3.11,3.11,36400.0,36400.0,0.04,1.303,3.12,"June 15, 20",0.01303
0,2020-06-12,3.2,3.2,3.1,3.15,3.15,7200.0,7200.0,-0.05,-1.563,3.15,"June 12, 20",-0.01563
0,2020-06-11,3.3,3.49,3.13,3.13,3.13,24500.0,24500.0,-0.17,-5.152,3.25,"June 11, 20",-0.05152
0,2020-06-10,3.22,3.48,3.22,3.38,3.38,10700.0,10700.0,0.16,4.969,3.36,"June 10, 20",0.04969
0,2020-06-09,3.35,3.51,3.26,3.28,3.28,19200.0,19200.0,-0.07,-2.09,3.35,"June 09, 20",-0.0209
0,2020-06-08,3.52,3.6,3.34,3.39,3.39,63000.0,63000.0,-0.13,-3.693,3.44333,"June 08, 20",-0.03693
0,2020-06-05,3.17,3.65,3.17,3.6,3.6,141100.0,141100.0,0.43,13.565,3.47333,"June 05, 20",0.13565
0,2020-06-04,3.24,3.24,3.02,3.17,3.17,25800.0,25800.0,-0.07,-2.16,3.14333,"June 04, 20",-0.0216
0,2020-06-03,3.21,3.32,3.18,3.22,3.22,6700.0,6700.0,0.01,0.312,3.24,"June 03, 20",0.00312
0,2020-06-02,3.0,3.15,3.0,3.11,3.11,13600.0,13600.0,0.11,3.667,3.08667,"June 02, 20",0.03667
0,2020-06-01,3.2,3.25,2.95,2.97,2.97,18300.0,18300.0,-0.23,-7.188,3.05667,"June 01, 20",-0.07188
0,2020-05-29,3.32,3.33,3.19,3.19,3.19,12200.0,12200.0,-0.13,-3.916,3.23667,"May 29, 20",-0.03916
0,2020-05-28,3.33,3.45,3.21,3.32,3.32,32000.0,32000.0,-0.01,-0.3,3.32667,"May 28, 20",-0.003
0,2020-05-27,3.31,3.39,3.19,3.3,3.3,12200.0,12200.0,-0.01,-0.302,3.29333,"May 27, 20",-0.00302
0,2020-05-26,3.05,3.41,3.0,3.17,3.17,67000.0,67000.0,0.12,3.934,3.19333,"May 26, 20",0.03934
0,2020-05-22,2.95,3.08,2.95,3.05,3.05,20200.0,20200.0,0.1,3.39,3.02667,"May 22, 20",0.0339
0,2020-05-21,2.95,3.0,2.93,2.95,2.95,23000.0,23000.0,0.0,0.0,2.96,"May 21, 20",0.0
0,2020-05-20,3.0,3.03,2.9,3.01,3.01,29300.0,29300.0,0.01,0.333,2.98,"May 20, 20",0.00333
0,2020-05-19,3.02,3.07,2.9,2.91,2.91,12800.0,12800.0,-0.11,-3.642,2.96,"May 19, 20",-0.03642
0,2020-05-18,3.0,3.13,2.8,3.02,3.02,62000.0,62000.0,0.02,0.667,2.98333,"May 18, 20",0.00667
0,2020-05-15,3.04,3.04,2.75,3.0,3.0,39900.0,39900.0,-0.04,-1.316,2.93,"May 15, 20",-0.01316
0,2020-05-14,3.18,3.22,2.93,2.98,2.98,44800.0,44800.0,-0.2,-6.289,3.04333,"May 14, 20",-0.06289
0,2020-05-13,2.79,3.14,2.59,3.07,3.07,152300.0,152300.0,0.28,10.036,2.93333,"May 13, 20",0.10036
0,2020-05-12,2.43,2.59,2.33,2.59,2.59,66800.0,66800.0,0.16,6.584,2.50333,"May 12, 20",0.06584
0,2020-05-11,2.49,2.57,2.43,2.43,2.43,29100.0,29100.0,-0.06,-2.41,2.47667,"May 11, 20",-0.0241
0,2020-05-08,2.44,2.59,2.43,2.45,2.45,33400.0,33400.0,0.01,0.41,2.49,"May 08, 20",0.0041
0,2020-05-07,2.25,2.55,2.25,2.44,2.44,92900.0,92900.0,0.19,8.444,2.41333,"May 07, 20",0.08444
0,2020-05-06,2.15,2.2,2.15,2.16,2.16,4500.0,4500.0,0.01,0.465,2.17,"May 06, 20",0.00465
0,2020-05-05,2.31,2.37,2.13,2.13,2.13,42200.0,42200.0,-0.18,-7.792,2.21,"May 05, 20",-0.07792
0,2020-05-04,2.3,2.3,2.11,2.14,2.14,37300.0,37300.0,-0.16,-6.957,2.18333,"May 04, 20",-0.06957
0,2020-05-01,2.26,2.44,2.05,2.24,2.24,81700.0,81700.0,-0.02,-0.885,2.24333,"May 01, 20",-0.00885
0,2020-04-30,2.34,2.46,2.22,2.27,2.27,50600.0,50600.0,-0.07,-2.991,2.31667,"April 30, 20",-0.02991
0,2020-04-29,2.22,2.45,2.21,2.33,2.33,83300.0,83300.0,0.11,4.955,2.33,"April 29, 20",0.04955
0,2020-04-28,2.29,2.33,2.16,2.25,2.25,31300.0,31300.0,-0.04,-1.747,2.24667,"April 28, 20",-0.01747
0,2020-04-27,2.36,2.36,2.12,2.22,2.22,65700.0,65700.0,-0.14,-5.932,2.23333,"April 27, 20",-0.05932
0,2020-04-24,2.34,2.42,2.12,2.21,2.21,67300.0,67300.0,-0.13,-5.556,2.25,"April 24, 20",-0.05556
0,2020-04-23,2.27,2.38,2.14,2.26,2.26,46000.0,46000.0,-0.01,-0.441,2.26,"April 23, 20",-0.00441
0,2020-04-22,2.4,2.4,2.1,2.19,2.19,55400.0,55400.0,-0.21,-8.75,2.23,"April 22, 20",-0.0875
0,2020-04-21,2.5,2.56,2.13,2.14,2.14,73100.0,73100.0,-0.36,-14.4,2.27667,"April 21, 20",-0.144
0,2020-04-20,2.4,2.47,2.4,2.43,2.43,47200.0,47200.0,0.03,1.25,2.43333,"April 20, 20",0.0125
0,2020-04-17,2.35,2.41,2.25,2.27,2.27,26400.0,26400.0,-0.08,-3.404,2.31,"April 17, 20",-0.03404
0,2020-04-16,2.28,2.35,2.1,2.15,2.15,45000.0,45000.0,-0.13,-5.702,2.2,"April 16, 20",-0.05702
0,2020-04-15,2.42,2.49,2.12,2.26,2.26,81400.0,81400.0,-0.16,-6.612,2.29,"April 15, 20",-0.06612
0,2020-04-14,2.88,2.9,2.46,2.49,2.49,52100.0,52100.0,-0.39,-13.542,2.61667,"April 14, 20",-0.13542
0,2020-04-13,2.75,2.77,2.4,2.45,2.45,23800.0,23800.0,-0.3,-10.909,2.54,"April 13, 20",-0.10909
0,2020-04-09,2.61,2.77,2.61,2.73,2.73,12800.0,12800.0,0.12,4.598,2.70333,"April 09, 20",0.04598
0,2020-04-08,2.64,2.77,2.51,2.62,2.62,5700.0,5700.0,-0.02,-0.758,2.63333,"April 08, 20",-0.00758
0,2020-04-07,2.88,2.88,2.64,2.77,2.77,9700.0,9700.0,-0.11,-3.819,2.76333,"April 07, 20",-0.03819
0,2020-04-06,2.6,2.86,2.56,2.64,2.64,38800.0,38800.0,0.04,1.538,2.68667,"April 06, 20",0.01538
0,2020-04-03,2.38,2.56,2.36,2.5,2.5,5600.0,5600.0,0.12,5.042,2.47333,"April 03, 20",0.05042
0,2020-04-02,2.57,2.6,2.47,2.47,2.47,8900.0,8900.0,-0.1,-3.891,2.51333,"April 02, 20",-0.03891
0,2020-04-01,2.51,2.51,2.4,2.44,2.44,2200.0,2200.0,-0.07,-2.789,2.45,"April 01, 20",-0.02789
0,2020-03-31,2.58,2.63,2.46,2.5,2.5,14000.0,14000.0,-0.08,-3.101,2.53,"March 31, 20",-0.03101
0,2020-03-30,2.88,2.88,2.56,2.56,2.56,18400.0,18400.0,-0.32,-11.111,2.66667,"March 30, 20",-0.11111
0,2020-03-27,2.68,2.94,2.52,2.9,2.9,25000.0,25000.0,0.22,8.209,2.78667,"March 27, 20",0.08209
0,2020-03-26,2.53,2.87,2.53,2.72,2.72,36700.0,36700.0,0.19,7.51,2.70667,"March 26, 20",0.0751
0,2020-03-25,2.5,2.55,2.33,2.35,2.35,55700.0,55700.0,-0.15,-6.0,2.41,"March 25, 20",-0.06
0,2020-03-24,2.43,2.5,2.42,2.5,2.5,22400.0,22400.0,0.07,2.881,2.47333,"March 24, 20",0.02881
0,2020-03-23,2.45,2.49,2.33,2.49,2.49,11600.0,11600.0,0.04,1.633,2.43667,"March 23, 20",0.01633
0,2020-03-20,2.36,2.54,2.24,2.4,2.4,43500.0,43500.0,0.04,1.695,2.39333,"March 20, 20",0.01695
0,2020-03-19,2.1,2.44,2.1,2.26,2.26,33500.0,33500.0,0.16,7.619,2.26667,"March 19, 20",0.07619
0,2020-03-18,2.49,2.55,2.01,2.02,2.02,22100.0,22100.0,-0.47,-18.876,2.19333,"March 18, 20",-0.18876
0,2020-03-17,2.56,2.56,2.0,2.44,2.44,84200.0,84200.0,-0.12,-4.688,2.33333,"March 17, 20",-0.04688
0,2020-03-16,2.52,2.73,2.45,2.55,2.55,19300.0,19300.0,0.03,1.19,2.57667,"March 16, 20",0.0119
0,2020-03-13,2.38,2.57,2.38,2.55,2.55,191600.0,191600.0,0.17,7.143,2.5,"March 13, 20",0.07143
0,2020-03-12,3.06,3.06,2.41,2.45,2.45,52600.0,52600.0,-0.61,-19.935,2.64,"March 12, 20",-0.19935
0,2020-03-11,3.06,3.61,3.0,3.0,3.0,77100.0,77100.0,-0.06,-1.961,3.20333,"March 11, 20",-0.01961
0,2020-03-10,3.05,3.05,2.95,2.98,2.98,40200.0,40200.0,-0.07,-2.295,2.99333,"March 10, 20",-0.02295
0,2020-03-09,3.01,3.08,2.87,2.99,2.99,105500.0,105500.0,-0.02,-0.664,2.98,"March 09, 20",-0.00664
0,2020-03-06,3.33,3.33,3.06,3.07,3.07,22900.0,22900.0,-0.26,-7.808,3.15333,"March 06, 20",-0.07808
0,2020-03-05,3.25,3.34,3.25,3.3,3.3,10800.0,10800.0,0.05,1.538,3.29667,"March 05, 20",0.01538
0,2020-03-04,3.27,3.31,3.13,3.28,3.28,23800.0,23800.0,0.01,0.306,3.24,"March 04, 20",0.00306
0,2020-03-03,3.18,3.72,3.11,3.49,3.49,37100.0,37100.0,0.31,9.748,3.44,"March 03, 20",0.09748
0,2020-03-02,3.23,3.37,3.21,3.25,3.25,22800.0,22800.0,0.02,0.619,3.27667,"March 02, 20",0.00619
0,2020-02-28,3.24,3.42,3.24,3.31,3.31,47500.0,47500.0,0.07,2.16,3.32333,"February 28, 20",0.0216
0,2020-02-27,3.65,3.8,3.39,3.42,3.42,65600.0,65600.0,-0.23,-6.301,3.53667,"February 27, 20",-0.06301
0,2020-02-26,3.84,3.86,3.6,3.85,3.85,15100.0,15100.0,0.01,0.26,3.77,"February 26, 20",0.0026
0,2020-02-25,3.86,3.91,3.8,3.82,3.82,22000.0,22000.0,-0.04,-1.036,3.84333,"February 25, 20",-0.01036
0,2020-02-24,3.91,3.94,3.81,3.86,3.86,17100.0,17100.0,-0.05,-1.279,3.87,"February 24, 20",-0.01279
0,2020-02-21,4.02,4.06,3.96,4.06,4.06,6900.0,6900.0,0.04,0.995,4.02667,"February 21, 20",0.00995
0,2020-02-20,3.94,4.07,3.9,4.01,4.01,30800.0,30800.0,0.07,1.777,3.99333,"February 20, 20",0.01777
0,2020-02-19,4.09,4.21,4.0,4.0,4.0,14600.0,14600.0,-0.09,-2.2,4.07,"February 19, 20",-0.022
0,2020-02-18,4.06,4.24,4.05,4.05,4.05,11900.0,11900.0,-0.01,-0.246,4.11333,"February 18, 20",-0.00246
0,2020-02-14,4.08,4.16,4.08,4.08,4.08,18300.0,18300.0,0.0,0.0,4.10667,"February 14, 20",0.0
0,2020-02-13,3.9,4.31,3.9,4.16,4.16,38900.0,38900.0,0.26,6.667,4.12333,"February 13, 20",0.06667
0,2020-02-12,4.5,4.5,3.81,3.9,3.9,95800.0,95800.0,-0.6,-13.333,4.07,"February 12, 20",-0.13333
0,2020-02-11,3.84,4.09,3.81,4.04,4.04,44000.0,44000.0,0.2,5.208,3.98,"February 11, 20",0.05208
0,2020-02-10,3.85,3.9,3.83,3.86,3.86,16400.0,16400.0,0.01,0.26,3.86333,"February 10, 20",0.0026
0,2020-02-07,3.8,3.95,3.8,3.95,3.95,19100.0,19100.0,0.15,3.947,3.9,"February 07, 20",0.03947
0,2020-02-06,3.91,3.95,3.75,3.85,3.85,22400.0,22400.0,-0.06,-1.535,3.85,"February 06, 20",-0.01535
0,2020-02-05,3.93,3.95,3.76,3.95,3.95,17900.0,17900.0,0.02,0.509,3.88667,"February 05, 20",0.00509
0,2020-02-04,3.9,3.99,3.9,3.97,3.97,10500.0,10500.0,0.07,1.795,3.95333,"February 04, 20",0.01795
0,2020-02-03,4.08,4.19,3.8,3.8,3.8,24800.0,24800.0,-0.28,-6.863,3.93,"February 03, 20",-0.06863
0,2020-01-31,4.22,4.23,3.76,4.15,4.15,20400.0,20400.0,-0.07,-1.659,4.04667,"January 31, 20",-0.01659
0,2020-01-30,4.15,4.3,4.15,4.25,4.25,9700.0,9700.0,0.1,2.41,4.23333,"January 30, 20",0.0241
0,2020-01-29,4.15,4.29,4.12,4.27,4.27,21900.0,21900.0,0.12,2.892,4.22667,"January 29, 20",0.02892
0,2020-01-28,4.41,4.41,3.98,4.15,4.15,31700.0,31700.0,-0.26,-5.896,4.18,"January 28, 20",-0.05896
0,2020-01-27,4.3,4.48,4.26,4.4,4.4,60200.0,60200.0,0.1,2.326,4.38,"January 27, 20",0.02326
0,2020-01-24,4.07,4.34,3.99,4.25,4.25,35300.0,35300.0,0.18,4.423,4.19333,"January 24, 20",0.04423
0,2020-01-23,3.9,4.15,3.88,4.12,4.12,64000.0,64000.0,0.22,5.641,4.05,"January 23, 20",0.05641
0,2020-01-22,3.77,3.9,3.74,3.85,3.85,16100.0,16100.0,0.08,2.122,3.83,"January 22, 20",0.02122
0,2020-01-21,3.7,3.75,3.7,3.73,3.73,86000.0,86000.0,0.03,0.811,3.72667,"January 21, 20",0.00811
0,2020-01-17,3.79,3.85,3.66,3.7,3.7,30500.0,30500.0,-0.09,-2.375,3.73667,"January 17, 20",-0.02375
0,2020-01-16,3.63,3.93,3.63,3.82,3.82,27100.0,27100.0,0.19,5.234,3.79333,"January 16, 20",0.05234
0,2020-01-15,3.62,3.72,3.61,3.61,3.61,10400.0,10400.0,-0.01,-0.276,3.64667,"January 15, 20",-0.00276
0,2020-01-14,3.59,3.7,3.59,3.62,3.62,23400.0,23400.0,0.03,0.836,3.63667,"January 14, 20",0.00836
0,2020-01-13,3.64,3.69,3.6,3.61,3.61,11500.0,11500.0,-0.03,-0.824,3.63333,"January 13, 20",-0.00824
0,2020-01-10,3.71,3.76,3.64,3.66,3.66,21600.0,21600.0,-0.05,-1.348,3.68667,"January 10, 20",-0.01348
0,2020-01-09,3.93,3.95,3.7,3.71,3.71,34100.0,34100.0,-0.22,-5.598,3.78667,"January 09, 20",-0.05598
0,2020-01-08,3.81,3.87,3.7,3.7,3.7,33100.0,33100.0,-0.11,-2.887,3.75667,"January 08, 20",-0.02887
0,2020-01-07,3.97,3.97,3.84,3.85,3.85,12000.0,12000.0,-0.12,-3.023,3.88667,"January 07, 20",-0.03023
0,2020-01-06,4.06,4.09,3.93,3.98,3.98,23200.0,23200.0,-0.08,-1.97,4.0,"January 06, 20",-0.0197
0,2020-01-03,4.16,4.22,4.06,4.06,4.06,29600.0,29600.0,-0.1,-2.404,4.11333,"January 03, 20",-0.02404
0,2020-01-02,4.02,4.26,4.01,4.13,4.13,46500.0,46500.0,0.11,2.736,4.13333,"January 02, 20",0.02736
0,2019-12-31,3.64,4.01,3.64,4.0,4.0,41900.0,41900.0,0.36,9.89,3.88333,"December 31, 19",0.0989
0,2019-12-30,3.56,3.78,3.56,3.68,3.68,31600.0,31600.0,0.12,3.371,3.67333,"December 30, 19",0.03371
0,2019-12-27,3.62,3.77,3.62,3.7,3.7,28200.0,28200.0,0.08,2.21,3.69667,"December 27, 19",0.0221
0,2019-12-26,3.78,3.78,3.61,3.64,3.64,23700.0,23700.0,-0.14,-3.704,3.67667,"December 26, 19",-0.03704
0,2019-12-24,3.75,3.78,3.65,3.77,3.77,7200.0,7200.0,0.02,0.533,3.73333,"December 24, 19",0.00533
0,2019-12-23,3.63,3.78,3.59,3.78,3.78,89200.0,89200.0,0.15,4.132,3.71667,"December 23, 19",0.04132
0,2019-12-20,3.6,3.67,3.57,3.58,3.58,31400.0,31400.0,-0.02,-0.556,3.60667,"December 20, 19",-0.00556
0,2019-12-19,3.64,3.66,3.5,3.57,3.57,77700.0,77700.0,-0.07,-1.923,3.57667,"December 19, 19",-0.01923
0,2019-12-18,3.7,3.71,3.63,3.63,3.63,39700.0,39700.0,-0.07,-1.892,3.65667,"December 18, 19",-0.01892
0,2019-12-17,3.71,3.76,3.7,3.76,3.76,49700.0,49700.0,0.05,1.348,3.74,"December 17, 19",0.01348
0,2019-12-16,3.85,3.9,3.71,3.71,3.71,25000.0,25000.0,-0.14,-3.636,3.77333,"December 16, 19",-0.03636
0,2019-12-13,3.83,3.88,3.71,3.79,3.79,72500.0,72500.0,-0.04,-1.044,3.79333,"December 13, 19",-0.01044
0,2019-12-12,3.85,3.94,3.82,3.88,3.88,59400.0,59400.0,0.03,0.779,3.88,"December 12, 19",0.00779
0,2019-12-11,3.86,3.93,3.86,3.89,3.89,4700.0,4700.0,0.03,0.777,3.89333,"December 11, 19",0.00777
0,2019-12-10,3.85,3.9,3.85,3.87,3.87,7100.0,7100.0,0.02,0.519,3.87333,"December 10, 19",0.00519
0,2019-12-09,3.79,3.95,3.79,3.82,3.82,27900.0,27900.0,0.03,0.792,3.85333,"December 09, 19",0.00792
0,2019-12-06,3.99,4.01,3.85,3.85,3.85,18600.0,18600.0,-0.14,-3.509,3.90333,"December 06, 19",-0.03509
0,2019-12-05,3.9,4.01,3.9,3.91,3.91,8700.0,8700.0,0.01,0.256,3.94,"December 05, 19",0.00256
0,2019-12-04,3.77,4.04,3.75,3.81,3.81,51200.0,51200.0,0.04,1.061,3.86667,"December 04, 19",0.01061
0,2019-12-03,3.85,3.94,3.7,3.81,3.81,39200.0,39200.0,-0.04,-1.039,3.81667,"December 03, 19",-0.01039
0,2019-12-02,3.9,3.95,3.79,3.94,3.94,56400.0,56400.0,0.04,1.026,3.89333,"December 02, 19",0.01026
0,2019-11-29,3.74,3.9,3.73,3.88,3.88,32100.0,32100.0,0.14,3.743,3.83667,"November 29, 19",0.03743
0,2019-11-27,4.02,4.02,3.6,3.68,3.68,222400.0,222400.0,-0.34,-8.458,3.76667,"November 27, 19",-0.08458
0,2019-11-26,4.07,4.1,4.0,4.0,4.0,28900.0,28900.0,-0.07,-1.72,4.03333,"November 26, 19",-0.0172
0,2019-11-25,4.14,4.15,4.05,4.12,4.12,13900.0,13900.0,-0.02,-0.483,4.10667,"November 25, 19",-0.00483
0,2019-11-22,4.14,4.24,4.12,4.19,4.19,15900.0,15900.0,0.05,1.208,4.18333,"November 22, 19",0.01208
0,2019-11-21,4.2,4.27,4.12,4.21,4.21,25700.0,25700.0,0.01,0.238,4.2,"November 21, 19",0.00238
0,2019-11-20,4.22,4.31,4.15,4.24,4.24,28500.0,28500.0,0.02,0.474,4.23333,"November 20, 19",0.00474
0,2019-11-19,4.31,4.39,4.08,4.21,4.21,24400.0,24400.0,-0.1,-2.32,4.22667,"November 19, 19",-0.0232
0,2019-11-18,4.37,4.38,4.15,4.26,4.26,45400.0,45400.0,-0.11,-2.517,4.26333,"November 18, 19",-0.02517
0,2019-11-15,4.58,4.58,4.37,4.39,4.39,19600.0,19600.0,-0.19,-4.148,4.44667,"November 15, 19",-0.04148
0,2019-11-14,4.45,4.5,4.35,4.49,4.49,35900.0,35900.0,0.04,0.899,4.44667,"November 14, 19",0.00899
0,2019-11-13,4.75,4.75,4.32,4.44,4.44,103900.0,103900.0,-0.31,-6.526,4.50333,"November 13, 19",-0.06526
0,2019-11-12,4.95,5.0,4.55,4.73,4.73,260900.0,260900.0,-0.22,-4.444,4.76,"November 12, 19",-0.04444
0,2019-11-11,5.63,5.75,5.6,5.7,5.7,31200.0,31200.0,0.07,1.243,5.68333,"November 11, 19",0.01243
0,2019-11-08,5.63,5.71,5.63,5.68,5.68,28500.0,28500.0,0.05,0.888,5.67333,"November 08, 19",0.00888
0,2019-11-07,5.64,5.79,5.62,5.63,5.63,43800.0,43800.0,-0.01,-0.177,5.68,"November 07, 19",-0.00177
0,2019-11-06,5.78,5.85,5.51,5.63,5.63,59100.0,59100.0,-0.15,-2.595,5.66333,"November 06, 19",-0.02595
0,2019-11-05,5.46,5.85,5.31,5.62,5.62,128000.0,128000.0,0.16,2.93,5.59333,"November 05, 19",0.0293
0,2019-11-04,5.28,5.29,5.08,5.26,5.26,21000.0,21000.0,-0.02,-0.379,5.21,"November 04, 19",-0.00379
0,2019-11-01,5.2,5.38,5.15,5.36,5.36,21000.0,21000.0,0.16,3.077,5.29667,"November 01, 19",0.03077
0,2019-10-31,5.17,5.28,5.14,5.24,5.24,16700.0,16700.0,0.07,1.354,5.22,"October 31, 19",0.01354
0,2019-10-30,5.04,5.19,5.04,5.17,5.17,4100.0,4100.0,0.13,2.579,5.13333,"October 30, 19",0.02579
0,2019-10-29,5.08,5.15,5.04,5.07,5.07,8600.0,8600.0,-0.01,-0.197,5.08667,"October 29, 19",-0.00197
0,2019-10-28,5.09,5.15,5.03,5.13,5.13,13100.0,13100.0,0.04,0.786,5.10333,"October 28, 19",0.00786
0,2019-10-25,5.1,5.22,5.07,5.09,5.09,30900.0,30900.0,-0.01,-0.196,5.12667,"October 25, 19",-0.00196
0,2019-10-24,5.23,5.23,5.09,5.09,5.09,16600.0,16600.0,-0.14,-2.677,5.13667,"October 24, 19",-0.02677
0,2019-10-23,5.23,5.24,5.19,5.24,5.24,25900.0,25900.0,0.01,0.191,5.22333,"October 23, 19",0.00191
0,2019-10-22,5.27,5.33,5.2,5.28,5.28,17400.0,17400.0,0.01,0.19,5.27,"October 22, 19",0.0019
0,2019-10-21,5.35,5.35,5.22,5.22,5.22,7600.0,7600.0,-0.13,-2.43,5.26333,"October 21, 19",-0.0243
0,2019-10-18,5.26,5.32,5.22,5.3,5.3,20500.0,20500.0,0.04,0.76,5.28,"October 18, 19",0.0076
0,2019-10-17,5.33,5.36,5.2,5.24,5.24,7400.0,7400.0,-0.09,-1.689,5.26667,"October 17, 19",-0.01689
0,2019-10-16,5.38,5.38,5.24,5.29,5.29,3600.0,3600.0,-0.09,-1.673,5.30333,"October 16, 19",-0.01673
0,2019-10-15,5.22,5.38,5.2,5.38,5.38,22800.0,22800.0,0.16,3.065,5.32,"October 15, 19",0.03065
0,2019-10-14,5.3,5.32,5.24,5.25,5.25,3900.0,3900.0,-0.05,-0.943,5.27,"October 14, 19",-0.00943
0,2019-10-11,5.4,5.4,5.29,5.29,5.29,9500.0,9500.0,-0.11,-2.037,5.32667,"October 11, 19",-0.02037
0,2019-10-10,5.28,5.44,5.22,5.29,5.29,37200.0,37200.0,0.01,0.189,5.31667,"October 10, 19",0.00189
0,2019-10-09,5.49,5.49,5.32,5.32,5.32,10500.0,10500.0,-0.17,-3.097,5.37667,"October 09, 19",-0.03097
0,2019-10-08,5.44,5.5,5.38,5.5,5.5,12900.0,12900.0,0.06,1.103,5.46,"October 08, 19",0.01103
0,2019-10-07,5.67,5.67,5.48,5.48,5.48,4400.0,4400.0,-0.19,-3.351,5.54333,"October 07, 19",-0.03351
0,2019-10-04,5.62,5.62,5.37,5.5,5.5,14000.0,14000.0,-0.12,-2.135,5.49667,"October 04, 19",-0.02135
0,2019-10-03,5.66,5.66,5.37,5.5,5.5,18700.0,18700.0,-0.16,-2.827,5.51,"October 03, 19",-0.02827
0,2019-10-02,5.66,5.66,5.36,5.45,5.45,24000.0,24000.0,-0.21,-3.71,5.49,"October 02, 19",-0.0371
0,2019-10-01,5.73,5.84,5.64,5.66,5.66,28200.0,28200.0,-0.07,-1.222,5.71333,"October 01, 19",-0.01222
0,2019-09-30,5.49,5.74,5.49,5.64,5.64,16000.0,16000.0,0.15,2.732,5.62333,"September 30, 19",0.02732
0,2019-09-27,5.2,5.55,5.2,5.38,5.38,20700.0,20700.0,0.18,3.462,5.37667,"September 27, 19",0.03462
0,2019-09-26,5.37,5.47,5.26,5.34,5.34,16200.0,16200.0,-0.03,-0.559,5.35667,"September 26, 19",-0.00559
0,2019-09-25,5.26,5.54,5.22,5.27,5.27,15900.0,15900.0,0.01,0.19,5.34333,"September 25, 19",0.0019
0,2019-09-24,5.75,5.75,5.25,5.25,5.25,63100.0,63100.0,-0.5,-8.696,5.41667,"September 24, 19",-0.08696
0,2019-09-23,6.1,6.45,5.71,5.8,5.8,184000.0,184000.0,-0.3,-4.918,5.98667,"September 23, 19",-0.04918
0,2019-09-20,5.44,5.69,5.33,5.69,5.69,51600.0,51600.0,0.25,4.596,5.57,"September 20, 19",0.04596
0,2019-09-19,5.21,5.36,5.21,5.27,5.27,10000.0,10000.0,0.06,1.152,5.28,"September 19, 19",0.01152
0,2019-09-18,5.35,5.42,5.2,5.2,5.2,11000.0,11000.0,-0.15,-2.804,5.27333,"September 18, 19",-0.02804
0,2019-09-17,5.44,5.49,5.19,5.19,5.19,22800.0,22800.0,-0.25,-4.596,5.29,"September 17, 19",-0.04596
0,2019-09-16,5.29,5.3,5.15,5.28,5.28,27800.0,27800.0,-0.01,-0.189,5.24333,"September 16, 19",-0.00189
0,2019-09-13,5.22,5.37,5.22,5.28,5.28,7900.0,7900.0,0.06,1.149,5.29,"September 13, 19",0.01149
0,2019-09-12,5.08,5.21,5.02,5.21,5.21,35000.0,35000.0,0.13,2.559,5.14667,"September 12, 19",0.02559
0,2019-09-11,5.09,5.13,5.01,5.1,5.1,7000.0,7000.0,0.01,0.196,5.08,"September 11, 19",0.00196
0,2019-09-10,5.03,5.16,5.01,5.01,5.01,6400.0,6400.0,-0.02,-0.398,5.06,"September 10, 19",-0.00398
0,2019-09-09,5.11,5.23,5.03,5.03,5.03,13900.0,13900.0,-0.08,-1.566,5.09667,"September 09, 19",-0.01566
0,2019-09-06,5.3,5.3,5.19,5.19,5.19,900.0,900.0,-0.11,-2.075,5.22667,"September 06, 19",-0.02075
0,2019-09-05,5.2,5.34,5.2,5.34,5.34,5600.0,5600.0,0.14,2.692,5.29333,"September 05, 19",0.02692
0,2019-09-04,5.19,5.44,5.17,5.2,5.2,11400.0,11400.0,0.01,0.193,5.27,"September 04, 19",0.00193
0,2019-09-03,5.08,5.2,5.03,5.13,5.13,12800.0,12800.0,0.05,0.984,5.12,"September 03, 19",0.00984
0,2019-08-30,5.19,5.29,4.95,5.03,5.03,27300.0,27300.0,-0.16,-3.083,5.09,"August 30, 19",-0.03083
0,2019-08-29,5.33,5.33,5.13,5.13,5.13,6400.0,6400.0,-0.2,-3.752,5.19667,"August 29, 19",-0.03752
0,2019-08-28,5.33,5.36,5.2,5.2,5.2,8200.0,8200.0,-0.13,-2.439,5.25333,"August 28, 19",-0.02439
0,2019-08-27,5.54,5.81,5.22,5.39,5.39,6900.0,6900.0,-0.15,-2.708,5.47333,"August 27, 19",-0.02708
0,2019-08-26,5.63,5.63,5.5,5.58,5.58,2700.0,2700.0,-0.05,-0.888,5.57,"August 26, 19",-0.00888
0,2019-08-23,5.75,5.75,5.7,5.71,5.71,500.0,500.0,-0.04,-0.696,5.72,"August 23, 19",-0.00696
0,2019-08-22,5.71,5.83,5.5,5.69,5.69,28100.0,28100.0,-0.02,-0.35,5.67333,"August 22, 19",-0.0035
0,2019-08-21,5.68,5.93,5.63,5.75,5.75,10900.0,10900.0,0.07,1.232,5.77,"August 21, 19",0.01232
0,2019-08-20,5.72,5.98,5.6,5.65,5.65,14000.0,14000.0,-0.07,-1.224,5.74333,"August 20, 19",-0.01224
0,2019-08-19,5.82,6.05,5.64,5.67,5.67,16800.0,16800.0,-0.15,-2.577,5.78667,"August 19, 19",-0.02577
0,2019-08-16,5.9,5.9,5.68,5.8,5.8,6800.0,6800.0,-0.1,-1.695,5.79333,"August 16, 19",-0.01695
0,2019-08-15,5.99,5.99,5.68,5.74,5.74,14400.0,14400.0,-0.25,-4.174,5.80333,"August 15, 19",-0.04174
0,2019-08-14,5.95,6.03,5.77,5.9,5.9,7800.0,7800.0,-0.05,-0.84,5.9,"August 14, 19",-0.0084
0,2019-08-13,5.6,5.98,5.6,5.81,5.81,10400.0,10400.0,0.21,3.75,5.79667,"August 13, 19",0.0375
0,2019-08-12,5.94,5.94,5.75,5.75,5.75,8300.0,8300.0,-0.19,-3.199,5.81333,"August 12, 19",-0.03199
0,2019-08-09,6.04,6.04,5.79,6.02,6.02,11200.0,11200.0,-0.02,-0.331,5.95,"August 09, 19",-0.00331
0,2019-08-08,6.1,6.1,5.77,5.79,5.79,9500.0,9500.0,-0.31,-5.082,5.88667,"August 08, 19",-0.05082
0,2019-08-07,5.8,5.99,5.65,5.96,5.96,8900.0,8900.0,0.16,2.759,5.86667,"August 07, 19",0.02759
0,2019-08-06,5.69,6.02,5.69,5.82,5.82,24700.0,24700.0,0.13,2.285,5.84333,"August 06, 19",0.02285
0,2019-08-05,5.99,5.99,5.71,5.84,5.84,27800.0,27800.0,-0.15,-2.504,5.84667,"August 05, 19",-0.02504
0,2019-08-02,6.15,6.15,5.87,6.0,6.0,14000.0,14000.0,-0.15,-2.439,6.00667,"August 02, 19",-0.02439
0,2019-08-01,5.93,6.14,5.93,6.04,6.04,15800.0,15800.0,0.11,1.855,6.03667,"August 01, 19",0.01855
0,2019-07-31,6.0,6.12,6.0,6.0,6.0,16000.0,16000.0,0.0,0.0,6.04,"July 31, 19",0.0
0,2019-07-30,5.9,6.14,5.9,6.01,6.01,10000.0,10000.0,0.11,1.864,6.01667,"July 30, 19",0.01864
0,2019-07-29,5.85,6.15,5.85,5.9,5.9,41500.0,41500.0,0.05,0.855,5.96667,"July 29, 19",0.00855
0,2019-07-26,5.94,5.94,5.79,5.85,5.85,9500.0,9500.0,-0.09,-1.515,5.86,"July 26, 19",-0.01515
0,2019-07-25,5.95,5.95,5.84,5.88,5.88,3200.0,3200.0,-0.07,-1.176,5.89,"July 25, 19",-0.01176
0,2019-07-24,5.77,5.94,5.77,5.84,5.84,6000.0,6000.0,0.07,1.213,5.85,"July 24, 19",0.01213
0,2019-07-23,5.68,5.87,5.68,5.85,5.85,19700.0,19700.0,0.17,2.993,5.8,"July 23, 19",0.02993
0,2019-07-22,5.75,5.88,5.6,5.62,5.62,31300.0,31300.0,-0.13,-2.261,5.7,"July 22, 19",-0.02261
0,2019-07-19,5.79,5.95,5.69,5.79,5.79,31400.0,31400.0,0.0,0.0,5.81,"July 19, 19",0.0
0,2019-07-18,5.89,5.89,5.73,5.73,5.73,6100.0,6100.0,-0.16,-2.716,5.78333,"July 18, 19",-0.02716
0,2019-07-17,5.84,5.95,5.71,5.71,5.71,17200.0,17200.0,-0.13,-2.226,5.79,"July 17, 19",-0.02226
0,2019-07-16,5.63,5.89,5.61,5.79,5.79,13400.0,13400.0,0.16,2.842,5.76333,"July 16, 19",0.02842
0,2019-07-15,5.6,5.63,5.5,5.63,5.63,10900.0,10900.0,0.03,0.536,5.58667,"July 15, 19",0.00536
0,2019-07-12,5.62,5.62,5.55,5.6,5.6,8900.0,8900.0,-0.02,-0.356,5.59,"July 12, 19",-0.00356
0,2019-07-11,5.61,5.61,5.5,5.61,5.61,17300.0,17300.0,0.0,0.0,5.57333,"July 11, 19",0.0
0,2019-07-10,5.63,5.63,5.5,5.55,5.55,12900.0,12900.0,-0.08,-1.421,5.56,"July 10, 19",-0.01421
0,2019-07-09,5.6,5.69,5.6,5.63,5.63,42700.0,42700.0,0.03,0.536,5.64,"July 09, 19",0.00536
0,2019-07-08,5.68,5.75,5.6,5.6,5.6,8900.0,8900.0,-0.08,-1.408,5.65,"July 08, 19",-0.01408
0,2019-07-05,5.63,5.8,5.6,5.72,5.72,11000.0,11000.0,0.09,1.599,5.70667,"July 05, 19",0.01599
0,2019-07-03,5.62,5.82,5.62,5.71,5.71,10100.0,10100.0,0.09,1.601,5.71667,"July 03, 19",0.01601
0,2019-07-02,5.75,5.96,5.54,5.65,5.65,25300.0,25300.0,-0.1,-1.739,5.71667,"July 02, 19",-0.01739
0,2019-07-01,5.57,5.87,5.53,5.8,5.8,22600.0,22600.0,0.23,4.129,5.73333,"July 01, 19",0.04129
0,2019-06-28,5.66,5.75,5.5,5.59,5.59,11400.0,11400.0,-0.07,-1.237,5.61333,"June 28, 19",-0.01237
0,2019-06-27,5.63,5.71,5.55,5.56,5.56,17600.0,17600.0,-0.07,-1.243,5.60667,"June 27, 19",-0.01243
0,2019-06-26,5.6,5.94,5.5,5.65,5.65,18400.0,18400.0,0.05,0.893,5.69667,"June 26, 19",0.00893
0,2019-06-25,5.55,6.07,5.55,5.56,5.56,6100.0,6100.0,0.01,0.18,5.72667,"June 25, 19",0.0018
0,2019-06-24,5.55,5.95,5.55,5.55,5.55,10000.0,10000.0,0.0,0.0,5.68333,"June 24, 19",0.0
0,2019-06-21,5.61,5.95,5.61,5.63,5.63,47200.0,47200.0,0.02,0.357,5.73,"June 21, 19",0.00357
0,2019-06-20,6.05,6.1,5.93,5.98,5.98,15000.0,15000.0,-0.07,-1.157,6.00333,"June 20, 19",-0.01157
0,2019-06-19,5.93,6.12,5.89,5.95,5.95,3000.0,3000.0,0.02,0.337,5.98667,"June 19, 19",0.00337
0,2019-06-18,6.03,6.09,5.69,5.85,5.85,10800.0,10800.0,-0.18,-2.985,5.87667,"June 18, 19",-0.02985
0,2019-06-17,5.98,6.23,5.93,6.0,6.0,6900.0,6900.0,0.02,0.334,6.05333,"June 17, 19",0.00334
0,2019-06-14,5.74,6.14,5.74,6.01,6.01,10700.0,10700.0,0.27,4.704,5.96333,"June 14, 19",0.04704
0,2019-06-13,5.77,6.09,5.77,5.91,5.91,11000.0,11000.0,0.14,2.426,5.92333,"June 13, 19",0.02426
0,2019-06-12,5.85,5.86,5.76,5.77,5.77,12600.0,12600.0,-0.08,-1.368,5.79667,"June 12, 19",-0.01368
0,2019-06-11,5.91,5.95,5.78,5.92,5.92,19000.0,19000.0,0.01,0.169,5.88333,"June 11, 19",0.00169
0,2019-06-10,5.96,6.05,5.8,5.81,5.81,16800.0,16800.0,-0.15,-2.517,5.88667,"June 10, 19",-0.02517
0,2019-06-07,6.01,6.2,5.95,6.04,6.04,13400.0,13400.0,0.03,0.499,6.06333,"June 07, 19",0.00499
0,2019-06-06,6.09,6.42,6.02,6.18,6.18,11300.0,11300.0,0.09,1.478,6.20667,"June 06, 19",0.01478
0,2019-06-05,6.52,6.61,6.33,6.42,6.42,30100.0,30100.0,-0.1,-1.534,6.45333,"June 05, 19",-0.01534
0,2019-06-04,6.13,6.6,6.0,6.58,6.58,25100.0,25100.0,0.45,7.341,6.39333,"June 04, 19",0.07341
0,2019-06-03,5.94,6.41,5.85,6.2,6.2,46400.0,46400.0,0.26,4.377,6.15333,"June 03, 19",0.04377
0,2019-05-31,5.38,5.9,5.33,5.88,5.88,41900.0,41900.0,0.5,9.294,5.70333,"May 31, 19",0.09294
0,2019-05-30,5.2,5.39,5.12,5.29,5.29,46400.0,46400.0,0.09,1.731,5.26667,"May 30, 19",0.01731
0,2019-05-29,5.42,5.47,5.12,5.18,5.18,81200.0,81200.0,-0.24,-4.428,5.25667,"May 29, 19",-0.04428
0,2019-05-28,5.81,5.81,5.3,5.42,5.42,32400.0,32400.0,-0.39,-6.713,5.51,"May 28, 19",-0.06713
0,2019-05-24,5.81,5.83,5.61,5.81,5.81,44700.0,44700.0,0.0,0.0,5.75,"May 24, 19",0.0
0,2019-05-23,5.95,5.95,5.67,5.83,5.83,43500.0,43500.0,-0.12,-2.017,5.81667,"May 23, 19",-0.02017
0,2019-05-22,6.25,6.25,5.95,6.02,6.02,52600.0,52600.0,-0.23,-3.68,6.07333,"May 22, 19",-0.0368
0,2019-05-21,6.66,6.75,6.13,6.2,6.2,69500.0,69500.0,-0.46,-6.907,6.36,"May 21, 19",-0.06907
0,2019-05-20,6.87,6.99,6.52,6.63,6.63,34300.0,34300.0,-0.24,-3.493,6.71333,"May 20, 19",-0.03493
0,2019-05-17,7.02,7.11,6.78,6.99,6.99,10400.0,10400.0,-0.03,-0.427,6.96,"May 17, 19",-0.00427
0,2019-05-16,7.14,7.14,6.92,7.1,7.1,12600.0,12600.0,-0.04,-0.56,7.05333,"May 16, 19",-0.0056
0,2019-05-15,7.15,7.18,6.85,7.07,7.07,12400.0,12400.0,-0.08,-1.119,7.03333,"May 15, 19",-0.01119
0,2019-05-14,7.0,7.4,6.6,7.12,7.12,48900.0,48900.0,0.12,1.714,7.04,"May 14, 19",0.01714
0,2019-05-13,7.04,7.04,6.7,6.92,6.92,20500.0,20500.0,-0.12,-1.705,6.88667,"May 13, 19",-0.01705
0,2019-05-10,6.76,7.25,6.76,7.18,7.18,18000.0,18000.0,0.42,6.213,7.06333,"May 10, 19",0.06213
0,2019-05-09,7.09,7.12,6.9,6.92,6.92,11400.0,11400.0,-0.17,-2.398,6.98,"May 09, 19",-0.02398
0,2019-05-08,7.02,7.2,6.5,6.91,6.91,56100.0,56100.0,-0.11,-1.567,6.87,"May 08, 19",-0.01567
0,2019-05-07,7.21,7.35,7.2,7.32,7.32,7900.0,7900.0,0.11,1.526,7.29,"May 07, 19",0.01526
0,2019-05-06,7.35,7.5,7.22,7.23,7.23,28800.0,28800.0,-0.12,-1.633,7.31667,"May 06, 19",-0.01633
0,2019-05-03,7.4,7.63,7.35,7.5,7.5,65200.0,65200.0,0.1,1.351,7.49333,"May 03, 19",0.01351
0,2019-05-02,7.27,7.4,7.2,7.4,7.4,7300.0,7300.0,0.13,1.788,7.33333,"May 02, 19",0.01788
0,2019-05-01,7.3,7.39,7.2,7.33,7.33,11400.0,11400.0,0.03,0.411,7.30667,"May 01, 19",0.00411
0,2019-04-30,7.26,7.35,7.06,7.26,7.26,42800.0,42800.0,0.0,0.0,7.22333,"April 30, 19",0.0
0,2019-04-29,7.35,7.43,7.3,7.35,7.35,22200.0,22200.0,0.0,0.0,7.36,"April 29, 19",0.0
0,2019-04-26,7.1,7.35,7.07,7.35,7.35,21400.0,21400.0,0.25,3.521,7.25667,"April 26, 19",0.03521
0,2019-04-25,7.05,7.19,7.0,7.0,7.0,8700.0,8700.0,-0.05,-0.709,7.06333,"April 25, 19",-0.00709
0,2019-04-24,7.02,7.17,6.94,6.99,6.99,68500.0,68500.0,-0.03,-0.427,7.03333,"April 24, 19",-0.00427
0,2019-04-23,6.79,7.02,6.75,7.02,7.02,18700.0,18700.0,0.23,3.387,6.93,"April 23, 19",0.03387
0,2019-04-22,6.54,6.74,6.5,6.74,6.74,17900.0,17900.0,0.2,3.058,6.66,"April 22, 19",0.03058
0,2019-04-18,6.51,6.61,6.5,6.55,6.55,11500.0,11500.0,0.04,0.614,6.55333,"April 18, 19",0.00614
0,2019-04-17,6.75,6.89,6.57,6.57,6.57,18500.0,18500.0,-0.18,-2.667,6.67667,"April 17, 19",-0.02667
0,2019-04-16,6.95,6.99,6.79,6.83,6.83,8100.0,8100.0,-0.12,-1.727,6.87,"April 16, 19",-0.01727
0,2019-04-15,6.71,6.85,6.65,6.65,6.65,16600.0,16600.0,-0.06,-0.894,6.71667,"April 15, 19",-0.00894
0,2019-04-12,6.76,6.93,6.74,6.92,6.92,13300.0,13300.0,0.16,2.367,6.86333,"April 12, 19",0.02367
0,2019-04-11,6.97,6.97,6.63,6.76,6.76,26600.0,26600.0,-0.21,-3.013,6.78667,"April 11, 19",-0.03013
0,2019-04-10,6.77,7.0,6.77,6.9,6.9,24600.0,24600.0,0.13,1.92,6.89,"April 10, 19",0.0192
0,2019-04-09,6.62,6.85,6.62,6.84,6.84,15700.0,15700.0,0.22,3.323,6.77,"April 09, 19",0.03323
0,2019-04-08,7.01,7.07,6.61,6.66,6.66,85400.0,85400.0,-0.35,-4.993,6.78,"April 08, 19",-0.04993
0,2019-04-05,6.7,6.98,6.7,6.81,6.81,31200.0,31200.0,0.11,1.642,6.83,"April 05, 19",0.01642
0,2019-04-04,6.12,6.7,6.11,6.69,6.69,50500.0,50500.0,0.57,9.314,6.5,"April 04, 19",0.09314
0,2019-04-03,6.57,6.57,6.04,6.04,6.04,46800.0,46800.0,-0.53,-8.067,6.21667,"April 03, 19",-0.08067
0,2019-04-02,6.48,6.65,6.44,6.51,6.51,20900.0,20900.0,0.03,0.463,6.53333,"April 02, 19",0.00463
0,2019-04-01,6.48,6.64,6.44,6.47,6.47,32900.0,32900.0,-0.01,-0.154,6.51667,"April 01, 19",-0.00154
0,2019-03-29,6.46,6.72,6.44,6.51,6.51,27300.0,27300.0,0.05,0.774,6.55667,"March 29, 19",0.00774
0,2019-03-28,6.53,6.79,6.42,6.43,6.43,30400.0,30400.0,-0.1,-1.531,6.54667,"March 28, 19",-0.01531
0,2019-03-27,6.4,6.75,6.4,6.52,6.52,25600.0,25600.0,0.12,1.875,6.55667,"March 27, 19",0.01875
0,2019-03-26,6.64,6.9,6.41,6.42,6.42,29100.0,29100.0,-0.22,-3.313,6.57667,"March 26, 19",-0.03313
0,2019-03-25,7.35,7.37,6.61,6.66,6.66,76000.0,76000.0,-0.69,-9.388,6.88,"March 25, 19",-0.09388
0,2019-03-22,7.51,7.59,7.35,7.35,7.35,16800.0,16800.0,-0.16,-2.13,7.43,"March 22, 19",-0.0213
0,2019-03-21,7.72,7.79,7.58,7.66,7.66,42700.0,42700.0,-0.06,-0.777,7.67667,"March 21, 19",-0.00777
0,2019-03-20,7.48,7.78,7.42,7.71,7.71,30700.0,30700.0,0.23,3.075,7.63667,"March 20, 19",0.03075
0,2019-03-19,7.47,7.9,7.37,7.56,7.56,34500.0,34500.0,0.09,1.205,7.61,"March 19, 19",0.01205
0,2019-03-18,7.55,7.74,7.38,7.41,7.41,49100.0,49100.0,-0.14,-1.854,7.51,"March 18, 19",-0.01854
0,2019-03-15,7.85,7.96,7.52,7.65,7.65,59400.0,59400.0,-0.2,-2.548,7.71,"March 15, 19",-0.02548
0,2019-03-14,7.85,8.07,7.67,7.82,7.82,38900.0,38900.0,-0.03,-0.382,7.85333,"March 14, 19",-0.00382
0,2019-03-13,7.9,7.94,7.65,7.84,7.84,34000.0,34000.0,-0.06,-0.759,7.81,"March 13, 19",-0.00759
0,2019-03-12,8.03,8.05,7.78,7.9,7.9,25700.0,25700.0,-0.13,-1.619,7.91,"March 12, 19",-0.01619
0,2019-03-11,7.88,8.23,7.88,8.03,8.03,59200.0,59200.0,0.15,1.904,8.04667,"March 11, 19",0.01904
0,2019-03-08,7.49,7.88,7.46,7.88,7.88,54700.0,54700.0,0.39,5.207,7.74,"March 08, 19",0.05207
0,2019-03-07,7.85,7.93,7.4,7.54,7.54,84900.0,84900.0,-0.31,-3.949,7.62333,"March 07, 19",-0.03949
0,2019-03-06,8.02,8.12,7.84,7.91,7.91,76600.0,76600.0,-0.11,-1.372,7.95667,"March 06, 19",-0.01372
0,2019-03-05,7.97,8.21,7.78,8.02,8.02,154000.0,154000.0,0.05,0.627,8.00333,"March 05, 19",0.00627
0,2019-03-04,8.15,8.15,7.5,7.95,7.95,181500.0,181500.0,-0.2,-2.454,7.86667,"March 04, 19",-0.02454
0,2019-03-01,8.2,8.27,8.0,8.02,8.02,84000.0,84000.0,-0.18,-2.195,8.09667,"March 01, 19",-0.02195
0,2019-02-28,7.95,8.25,7.78,8.11,8.11,133100.0,133100.0,0.16,2.013,8.04667,"February 28, 19",0.02013
0,2019-02-27,7.46,7.99,7.33,7.95,7.95,252600.0,252600.0,0.49,6.568,7.75667,"February 27, 19",0.06568
0,2019-02-26,7.37,7.74,7.24,7.42,7.42,223900.0,223900.0,0.05,0.678,7.46667,"February 26, 19",0.00678
0,2019-02-25,7.13,7.5,7.1,7.33,7.33,294100.0,294100.0,0.2,2.805,7.31,"February 25, 19",0.02805
0,2019-02-22,6.98,7.2,6.84,7.14,7.14,92200.0,92200.0,0.16,2.292,7.06,"February 22, 19",0.02292
0,2019-02-21,6.94,7.09,6.72,6.97,6.97,153400.0,153400.0,0.03,0.432,6.92667,"February 21, 19",0.00432
0,2019-02-20,6.79,6.98,6.79,6.87,6.87,42700.0,42700.0,0.08,1.178,6.88,"February 20, 19",0.01178
0,2019-02-19,6.73,6.9,6.72,6.79,6.79,40000.0,40000.0,0.06,0.892,6.80333,"February 19, 19",0.00892
0,2019-02-15,6.58,7.0,6.55,6.7,6.7,62600.0,62600.0,0.12,1.824,6.75,"February 15, 19",0.01824
0,2019-02-14,6.78,6.86,6.49,6.5,6.5,101700.0,101700.0,-0.28,-4.13,6.61667,"February 14, 19",-0.0413
0,2019-02-13,7.29,7.45,6.67,6.8,6.8,113700.0,113700.0,-0.49,-6.722,6.97333,"February 13, 19",-0.06722
0,2019-02-12,6.58,7.09,6.58,6.91,6.91,67300.0,67300.0,0.33,5.015,6.86,"February 12, 19",0.05015
0,2019-02-11,6.45,6.93,6.45,6.55,6.55,24300.0,24300.0,0.1,1.55,6.64333,"February 11, 19",0.0155
0,2019-02-08,6.38,6.84,6.38,6.44,6.44,59900.0,59900.0,0.06,0.94,6.55333,"February 08, 19",0.0094
0,2019-02-07,6.6,6.68,6.34,6.39,6.39,34900.0,34900.0,-0.21,-3.182,6.47,"February 07, 19",-0.03182
0,2019-02-06,6.75,6.9,6.63,6.7,6.7,13000.0,13000.0,-0.05,-0.741,6.74333,"February 06, 19",-0.00741
0,2019-02-05,6.83,6.94,6.58,6.82,6.82,36900.0,36900.0,-0.01,-0.146,6.78,"February 05, 19",-0.00146
0,2019-02-04,6.84,6.94,6.75,6.76,6.76,23700.0,23700.0,-0.08,-1.17,6.81667,"February 04, 19",-0.0117
0,2019-02-01,6.57,6.91,6.45,6.8,6.8,33900.0,33900.0,0.23,3.501,6.72,"February 01, 19",0.03501
0,2019-01-31,6.81,6.81,6.5,6.71,6.71,47200.0,47200.0,-0.1,-1.468,6.67333,"January 31, 19",-0.01468
0,2019-01-30,6.62,7.04,6.45,6.8,6.8,44600.0,44600.0,0.18,2.719,6.76333,"January 30, 19",0.02719
0,2019-01-29,6.55,6.77,6.53,6.59,6.59,20800.0,20800.0,0.04,0.611,6.63,"January 29, 19",0.00611
0,2019-01-28,6.55,6.71,6.26,6.55,6.55,51300.0,51300.0,0.0,0.0,6.50667,"January 28, 19",0.0
0,2019-01-25,6.9,6.96,6.62,6.65,6.65,21800.0,21800.0,-0.25,-3.623,6.74333,"January 25, 19",-0.03623
0,2019-01-24,6.72,7.03,6.72,6.86,6.86,18000.0,18000.0,0.14,2.083,6.87,"January 24, 19",0.02083
0,2019-01-23,6.86,6.95,6.62,6.72,6.72,34000.0,34000.0,-0.14,-2.041,6.76333,"January 23, 19",-0.02041
0,2019-01-22,7.14,7.14,6.64,6.8,6.8,78600.0,78600.0,-0.34,-4.762,6.86,"January 22, 19",-0.04762
0,2019-01-18,7.26,7.35,7.09,7.17,7.17,12700.0,12700.0,-0.09,-1.24,7.20333,"January 18, 19",-0.0124
0,2019-01-17,7.23,7.25,7.13,7.22,7.22,16300.0,16300.0,-0.01,-0.138,7.2,"January 17, 19",-0.00138
0,2019-01-16,7.38,7.49,7.08,7.21,7.21,43100.0,43100.0,-0.17,-2.304,7.26,"January 16, 19",-0.02304
0,2019-01-15,7.5,7.5,7.22,7.33,7.33,41000.0,41000.0,-0.17,-2.267,7.35,"January 15, 19",-0.02267
0,2019-01-14,7.37,7.74,7.3,7.49,7.49,84400.0,84400.0,0.12,1.628,7.51,"January 14, 19",0.01628
0,2019-01-11,7.28,7.48,7.25,7.39,7.39,78700.0,78700.0,0.11,1.511,7.37333,"January 11, 19",0.01511
0,2019-01-10,7.22,7.29,7.04,7.25,7.25,48000.0,48000.0,0.03,0.416,7.19333,"January 10, 19",0.00416
0,2019-01-09,6.8,7.35,6.8,7.22,7.22,66600.0,66600.0,0.42,6.176,7.12333,"January 09, 19",0.06176
0,2019-01-08,6.99,7.0,6.77,6.83,6.83,45800.0,45800.0,-0.16,-2.289,6.86667,"January 08, 19",-0.02289
0,2019-01-07,6.52,6.97,6.52,6.91,6.91,62200.0,62200.0,0.39,5.982,6.8,"January 07, 19",0.05982
0,2019-01-04,6.18,6.59,6.11,6.52,6.52,39700.0,39700.0,0.34,5.502,6.40667,"January 04, 19",0.05502
0,2019-01-03,6.27,6.29,6.03,6.1,6.1,37900.0,37900.0,-0.17,-2.711,6.14,"January 03, 19",-0.02711
0,2019-01-02,6.15,6.35,6.11,6.3,6.3,53000.0,53000.0,0.15,2.439,6.25333,"January 02, 19",0.02439
0,2018-12-31,5.87,6.45,5.87,6.15,6.15,83800.0,83800.0,0.28,4.77,6.15667,"December 31, 18",0.0477
0,2018-12-28,5.68,5.95,5.68,5.89,5.89,24900.0,24900.0,0.21,3.697,5.84,"December 28, 18",0.03697
0,2018-12-27,5.7,5.75,5.38,5.63,5.63,33700.0,33700.0,-0.07,-1.228,5.58667,"December 27, 18",-0.01228
0,2018-12-26,5.25,5.64,5.23,5.59,5.59,36900.0,36900.0,0.34,6.476,5.48667,"December 26, 18",0.06476
0,2018-12-24,5.35,5.4,5.16,5.25,5.25,32500.0,32500.0,-0.1,-1.869,5.27,"December 24, 18",-0.01869
0,2018-12-21,5.52,5.52,5.39,5.4,5.4,38000.0,38000.0,-0.12,-2.174,5.43667,"December 21, 18",-0.02174
0,2018-12-20,5.62,5.64,5.49,5.52,5.52,94200.0,94200.0,-0.1,-1.779,5.55,"December 20, 18",-0.01779
0,2018-12-19,5.57,5.71,5.55,5.63,5.63,64600.0,64600.0,0.06,1.077,5.63,"December 19, 18",0.01077
0,2018-12-18,5.63,5.85,5.38,5.57,5.57,44900.0,44900.0,-0.06,-1.066,5.6,"December 18, 18",-0.01066
0,2018-12-17,5.86,5.88,5.49,5.6,5.6,56400.0,56400.0,-0.26,-4.437,5.65667,"December 17, 18",-0.04437
0,2018-12-14,6.08,6.15,5.84,5.89,5.89,44400.0,44400.0,-0.19,-3.125,5.96,"December 14, 18",-0.03125
0,2018-12-13,6.29,6.47,6.11,6.14,6.14,26600.0,26600.0,-0.15,-2.385,6.24,"December 13, 18",-0.02385
0,2018-12-12,6.3,6.47,6.25,6.3,6.3,42900.0,42900.0,0.0,0.0,6.34,"December 12, 18",0.0
0,2018-12-11,6.25,6.33,6.21,6.27,6.27,67700.0,67700.0,0.02,0.32,6.27,"December 11, 18",0.0032
0,2018-12-10,6.15,6.35,6.1,6.23,6.23,44000.0,44000.0,0.08,1.301,6.22667,"December 10, 18",0.01301
0,2018-12-07,6.32,6.42,6.13,6.2,6.2,68200.0,68200.0,-0.12,-1.899,6.25,"December 07, 18",-0.01899
0,2018-12-06,6.2,6.32,6.05,6.27,6.27,88500.0,88500.0,0.07,1.129,6.21333,"December 06, 18",0.01129
0,2018-12-04,6.25,6.38,6.18,6.21,6.21,77200.0,77200.0,-0.04,-0.64,6.25667,"December 04, 18",-0.0064
0,2018-12-03,6.33,6.44,6.18,6.26,6.26,114000.0,114000.0,-0.07,-1.106,6.29333,"December 03, 18",-0.01106
0,2018-11-30,6.37,6.54,6.31,6.34,6.34,67000.0,67000.0,-0.03,-0.471,6.39667,"November 30, 18",-0.00471
0,2018-11-29,6.57,6.57,6.36,6.44,6.44,47000.0,47000.0,-0.13,-1.979,6.45667,"November 29, 18",-0.01979
0,2018-11-28,6.55,6.7,6.36,6.6,6.6,58700.0,58700.0,0.05,0.763,6.55333,"November 28, 18",0.00763
0,2018-11-27,6.52,6.76,6.44,6.53,6.53,49100.0,49100.0,0.01,0.153,6.57667,"November 27, 18",0.00153
0,2018-11-26,6.75,6.89,6.37,6.57,6.57,121100.0,121100.0,-0.18,-2.667,6.61,"November 26, 18",-0.02667
0,2018-11-23,6.71,6.79,6.63,6.72,6.72,22800.0,22800.0,0.01,0.149,6.71333,"November 23, 18",0.00149
0,2018-11-21,6.44,6.85,6.44,6.71,6.71,116600.0,116600.0,0.27,4.193,6.66667,"November 21, 18",0.04193
0,2018-11-20,6.3,6.73,6.3,6.44,6.44,107500.0,107500.0,0.14,2.222,6.49,"November 20, 18",0.02222
0,2018-11-19,6.12,6.66,6.12,6.54,6.54,211100.0,211100.0,0.42,6.863,6.44,"November 19, 18",0.06863
0,2018-11-16,7.19,7.19,6.55,6.6,6.6,142900.0,142900.0,-0.59,-8.206,6.78,"November 16, 18",-0.08206
0,2018-11-15,7.3,7.59,7.2,7.23,7.23,90100.0,90100.0,-0.07,-0.959,7.34,"November 15, 18",-0.00959
0,2018-11-14,7.8,8.01,7.06,7.28,7.28,216300.0,216300.0,-0.52,-6.667,7.45,"November 14, 18",-0.06667
0,2018-11-13,7.75,8.22,7.35,7.89,7.89,290800.0,290800.0,0.14,1.806,7.82,"November 13, 18",0.01806
0,2018-11-12,7.83,8.27,7.51,7.57,7.57,196100.0,196100.0,-0.26,-3.321,7.78333,"November 12, 18",-0.03321
0,2018-11-09,9.24,9.3,7.84,8.08,8.08,404000.0,404000.0,-1.16,-12.554,8.40667,"November 09, 18",-0.12554
0,2018-11-08,10.5,10.53,8.73,9.23,9.23,368000.0,368000.0,-1.27,-12.095,9.49667,"November 08, 18",-0.12095
0,2018-11-07,9.67,10.49,9.31,10.47,10.47,380900.0,380900.0,0.8,8.273,10.09,"November 07, 18",0.08273
0,2018-11-06,9.46,9.61,9.01,9.47,9.47,153800.0,153800.0,0.01,0.106,9.36333,"November 06, 18",0.00106
0,2018-11-05,9.74,9.79,9.07,9.46,9.46,226000.0,226000.0,-0.28,-2.875,9.44,"November 05, 18",-0.02875
0,2018-11-02,9.82,9.93,9.35,9.69,9.69,126500.0,126500.0,-0.13,-1.324,9.65667,"November 02, 18",-0.01324
0,2018-11-01,9.43,9.83,9.38,9.71,9.71,240100.0,240100.0,0.28,2.969,9.64,"November 01, 18",0.02969
0,2018-10-31,9.16,9.38,8.97,9.37,9.37,140000.0,140000.0,0.21,2.293,9.24,"October 31, 18",0.02293
0,2018-10-30,9.0,9.4,8.65,8.98,8.98,281200.0,281200.0,-0.02,-0.222,9.01,"October 30, 18",-0.00222
0,2018-10-29,8.44,9.0,8.44,9.0,9.0,238900.0,238900.0,0.56,6.635,8.81333,"October 29, 18",0.06635
0,2018-10-26,8.38,8.44,8.12,8.4,8.4,86400.0,86400.0,0.02,0.239,8.32,"October 26, 18",0.00239
0,2018-10-25,8.3,8.49,8.06,8.39,8.39,115400.0,115400.0,0.09,1.084,8.31333,"October 25, 18",0.01084
0,2018-10-24,7.8,8.44,7.8,8.17,8.17,159800.0,159800.0,0.37,4.744,8.13667,"October 24, 18",0.04744
0,2018-10-23,7.92,8.06,7.64,7.99,7.99,132100.0,132100.0,0.07,0.884,7.89667,"October 23, 18",0.00884
0,2018-10-22,7.53,8.24,7.53,7.92,7.92,164400.0,164400.0,0.39,5.179,7.89667,"October 22, 18",0.05179
0,2018-10-19,7.7,7.7,7.31,7.67,7.67,71200.0,71200.0,-0.03,-0.39,7.56,"October 19, 18",-0.0039
0,2018-10-18,7.62,7.69,7.46,7.64,7.64,124500.0,124500.0,0.02,0.262,7.59667,"October 18, 18",0.00262
0,2018-10-17,7.3,7.63,7.22,7.62,7.62,47600.0,47600.0,0.32,4.384,7.49,"October 17, 18",0.04384
0,2018-10-16,7.4,7.52,6.94,7.52,7.52,41800.0,41800.0,0.12,1.622,7.32667,"October 16, 18",0.01622
0,2018-10-15,7.2,7.24,6.77,7.15,7.15,58300.0,58300.0,-0.05,-0.694,7.05333,"October 15, 18",-0.00694
0,2018-10-12,7.14,7.24,6.82,7.14,7.14,54300.0,54300.0,0.0,0.0,7.06667,"October 12, 18",0.0
0,2018-10-11,7.29,7.35,7.08,7.11,7.11,99300.0,99300.0,-0.18,-2.469,7.18,"October 11, 18",-0.02469
0,2018-10-10,7.55,7.55,7.11,7.29,7.29,60700.0,60700.0,-0.26,-3.444,7.31667,"October 10, 18",-0.03444
0,2018-10-09,7.75,7.75,7.2,7.54,7.54,85600.0,85600.0,-0.21,-2.71,7.49667,"October 09, 18",-0.0271
0,2018-10-08,7.74,7.8,7.68,7.75,7.75,286300.0,286300.0,0.01,0.129,7.74333,"October 08, 18",0.00129
0,2018-10-05,7.42,7.69,7.42,7.67,7.67,120300.0,120300.0,0.25,3.369,7.59333,"October 05, 18",0.03369
0,2018-10-04,7.4,7.5,7.15,7.47,7.47,103000.0,103000.0,0.07,0.946,7.37333,"October 04, 18",0.00946
0,2018-10-03,7.12,7.29,6.86,7.29,7.29,136000.0,136000.0,0.17,2.388,7.14667,"October 03, 18",0.02388
0,2018-10-02,7.18,7.23,7.0,7.12,7.12,63900.0,63900.0,-0.06,-0.836,7.11667,"October 02, 18",-0.00836
0,2018-10-01,6.65,7.1,6.65,7.07,7.07,156200.0,156200.0,0.42,6.316,6.94,"October 01, 18",0.06316
0,2018-09-28,6.7,6.73,6.6,6.6,6.6,40100.0,40100.0,-0.1,-1.493,6.64333,"September 28, 18",-0.01493
0,2018-09-27,6.6,6.75,6.25,6.6,6.6,42600.0,42600.0,0.0,0.0,6.53333,"September 27, 18",0.0
0,2018-09-26,6.95,6.95,5.95,6.65,6.65,252900.0,252900.0,-0.3,-4.317,6.51667,"September 26, 18",-0.04317
0,2018-09-25,6.8,6.8,6.46,6.65,6.65,104100.0,104100.0,-0.15,-2.206,6.63667,"September 25, 18",-0.02206
0,2018-09-24,6.85,6.85,6.53,6.8,6.8,96600.0,96600.0,-0.05,-0.73,6.72667,"September 24, 18",-0.0073
0,2018-09-21,5.95,6.3,5.95,6.3,6.3,57600.0,57600.0,0.35,5.882,6.18333,"September 21, 18",0.05882
0,2018-09-20,5.92,6.06,5.9,6.05,6.05,38800.0,38800.0,0.13,2.196,6.00333,"September 20, 18",0.02196
0,2018-09-19,5.8,5.9,5.8,5.9,5.9,15000.0,15000.0,0.1,1.724,5.86667,"September 19, 18",0.01724
0,2018-09-18,5.7,5.8,5.7,5.75,5.75,9400.0,9400.0,0.05,0.877,5.75,"September 18, 18",0.00877
0,2018-09-17,5.85,5.85,5.7,5.7,5.7,10600.0,10600.0,-0.15,-2.564,5.75,"September 17, 18",-0.02564
0,2018-09-14,5.75,5.95,5.7,5.8,5.8,15100.0,15100.0,0.05,0.87,5.81667,"September 14, 18",0.0087
0,2018-09-13,5.85,5.85,5.75,5.75,5.75,23800.0,23800.0,-0.1,-1.709,5.78333,"September 13, 18",-0.01709
0,2018-09-12,6.0,6.0,5.8,5.8,5.8,17700.0,17700.0,-0.2,-3.333,5.86667,"September 12, 18",-0.03333
0,2018-09-11,5.9,6.0,5.8,5.95,5.95,21900.0,21900.0,0.05,0.847,5.91667,"September 11, 18",0.00847
0,2018-09-10,6.0,6.01,5.81,5.88,5.88,18300.0,18300.0,-0.12,-2.0,5.9,"September 10, 18",-0.02
0,2018-09-07,6.1,6.1,5.95,5.95,5.95,42000.0,42000.0,-0.15,-2.459,6.0,"September 07, 18",-0.02459
0,2018-09-06,5.95,6.1,5.9,6.05,6.05,36400.0,36400.0,0.1,1.681,6.01667,"September 06, 18",0.01681
0,2018-09-05,5.9,5.9,5.85,5.9,5.9,11700.0,11700.0,0.0,0.0,5.88333,"September 05, 18",0.0
0,2018-09-04,5.9,5.9,5.85,5.9,5.9,16700.0,16700.0,0.0,0.0,5.88333,"September 04, 18",0.0
0,2018-08-31,5.95,5.95,5.9,5.9,5.9,6700.0,6700.0,-0.05,-0.84,5.91667,"August 31, 18",-0.0084
0,2018-08-30,5.95,5.95,5.85,5.95,5.95,21700.0,21700.0,0.0,0.0,5.91667,"August 30, 18",0.0
0,2018-08-29,5.85,5.95,5.85,5.9,5.9,12700.0,12700.0,0.05,0.855,5.9,"August 29, 18",0.00855
0,2018-08-28,5.75,5.8,5.72,5.8,5.8,5400.0,5400.0,0.05,0.87,5.77333,"August 28, 18",0.0087
0,2018-08-27,5.65,5.85,5.65,5.7,5.7,32300.0,32300.0,0.05,0.885,5.73333,"August 27, 18",0.00885
0,2018-08-24,5.6,5.7,5.55,5.65,5.65,24800.0,24800.0,0.05,0.893,5.63333,"August 24, 18",0.00893
0,2018-08-23,5.6,5.65,5.5,5.65,5.65,56500.0,56500.0,0.05,0.893,5.6,"August 23, 18",0.00893
0,2018-08-22,5.7,5.7,5.65,5.7,5.7,5000.0,5000.0,0.0,0.0,5.68333,"August 22, 18",0.0
0,2018-08-21,5.7,5.7,5.65,5.65,5.65,5100.0,5100.0,-0.05,-0.877,5.66667,"August 21, 18",-0.00877
0,2018-08-20,5.65,5.8,5.65,5.7,5.7,7200.0,7200.0,0.05,0.885,5.71667,"August 20, 18",0.00885
0,2018-08-17,5.8,5.8,5.65,5.7,5.7,18100.0,18100.0,-0.1,-1.724,5.71667,"August 17, 18",-0.01724
0,2018-08-16,5.8,5.8,5.75,5.75,5.75,17600.0,17600.0,-0.05,-0.862,5.76667,"August 16, 18",-0.00862
0,2018-08-15,5.85,5.88,5.7,5.77,5.77,28000.0,28000.0,-0.08,-1.368,5.78333,"August 15, 18",-0.01368
0,2018-08-14,5.85,5.9,5.75,5.9,5.9,27300.0,27300.0,0.05,0.855,5.85,"August 14, 18",0.00855
0,2018-08-13,5.95,5.95,5.8,5.85,5.85,40700.0,40700.0,-0.1,-1.681,5.86667,"August 13, 18",-0.01681
0,2018-08-10,6.05,6.08,5.85,5.9,5.9,28900.0,28900.0,-0.15,-2.479,5.94333,"August 10, 18",-0.02479
0,2018-08-09,6.1,6.2,5.8,6.0,6.0,251900.0,251900.0,-0.1,-1.639,6.0,"August 09, 18",-0.01639
0,2018-08-08,5.9,6.0,5.9,6.0,6.0,6400.0,6400.0,0.1,1.695,5.96667,"August 08, 18",0.01695
0,2018-08-07,6.0,6.0,5.92,5.95,5.95,12900.0,12900.0,-0.05,-0.833,5.95667,"August 07, 18",-0.00833
0,2018-08-06,6.0,6.05,5.9,5.9,5.9,36800.0,36800.0,-0.1,-1.667,5.95,"August 06, 18",-0.01667
0,2018-08-03,5.99,5.99,5.84,5.85,5.85,16000.0,16000.0,-0.14,-2.337,5.89333,"August 03, 18",-0.02337
0,2018-08-02,5.7,5.85,5.7,5.8,5.8,27900.0,27900.0,0.1,1.754,5.78333,"August 02, 18",0.01754
0,2018-08-01,5.68,5.75,5.66,5.75,5.75,12200.0,12200.0,0.07,1.232,5.72,"August 01, 18",0.01232
0,2018-07-31,5.65,5.75,5.6,5.65,5.65,40000.0,40000.0,0.0,0.0,5.66667,"July 31, 18",0.0
0,2018-07-30,5.75,5.75,5.65,5.65,5.65,8300.0,8300.0,-0.1,-1.739,5.68333,"July 30, 18",-0.01739
0,2018-07-27,5.69,5.75,5.65,5.7,5.7,8400.0,8400.0,0.01,0.176,5.7,"July 27, 18",0.00176
0,2018-07-26,5.65,5.75,5.6,5.65,5.65,9800.0,9800.0,0.0,0.0,5.66667,"July 26, 18",0.0
0,2018-07-25,5.55,5.7,5.55,5.7,5.7,16400.0,16400.0,0.15,2.703,5.65,"July 25, 18",0.02703
0,2018-07-24,5.45,5.65,5.43,5.55,5.55,30100.0,30100.0,0.1,1.835,5.54333,"July 24, 18",0.01835
0,2018-07-23,5.6,5.6,5.45,5.45,5.45,45000.0,45000.0,-0.15,-2.679,5.5,"July 23, 18",-0.02679
0,2018-07-20,5.72,5.72,5.63,5.65,5.65,3500.0,3500.0,-0.07,-1.224,5.66667,"July 20, 18",-0.01224
0,2018-07-19,5.75,5.75,5.65,5.65,5.65,9900.0,9900.0,-0.1,-1.739,5.68333,"July 19, 18",-0.01739
0,2018-07-18,5.6,5.7,5.6,5.7,5.7,4600.0,4600.0,0.1,1.786,5.66667,"July 18, 18",0.01786
0,2018-07-17,5.7,5.75,5.6,5.7,5.7,6200.0,6200.0,0.0,0.0,5.68333,"July 17, 18",0.0
0,2018-07-16,5.75,5.75,5.65,5.75,5.75,12000.0,12000.0,0.0,0.0,5.71667,"July 16, 18",0.0
0,2018-07-13,5.6,5.7,5.6,5.7,5.7,5200.0,5200.0,0.1,1.786,5.66667,"July 13, 18",0.01786
0,2018-07-12,5.65,5.7,5.63,5.65,5.65,12700.0,12700.0,0.0,0.0,5.66,"July 12, 18",0.0
0,2018-07-11,5.6,5.7,5.6,5.7,5.7,5000.0,5000.0,0.1,1.786,5.66667,"July 11, 18",0.01786
0,2018-07-10,5.55,5.75,5.55,5.65,5.65,17000.0,17000.0,0.1,1.802,5.65,"July 10, 18",0.01802
0,2018-07-09,5.7,5.75,5.55,5.6,5.6,31500.0,31500.0,-0.1,-1.754,5.63333,"July 09, 18",-0.01754
0,2018-07-06,5.7,5.7,5.6,5.65,5.65,20100.0,20100.0,-0.05,-0.877,5.65,"July 06, 18",-0.00877
0,2018-07-05,5.7,5.95,5.64,5.65,5.65,38700.0,38700.0,-0.05,-0.877,5.74667,"July 05, 18",-0.00877
0,2018-07-03,5.55,5.7,5.53,5.7,5.7,23500.0,23500.0,0.15,2.703,5.64333,"July 03, 18",0.02703
0,2018-07-02,5.55,5.55,5.5,5.55,5.55,19700.0,19700.0,0.0,0.0,5.53333,"July 02, 18",0.0
0,2018-06-29,5.6,5.8,5.5,5.55,5.55,64200.0,64200.0,-0.05,-0.893,5.61667,"June 29, 18",-0.00893
0,2018-06-28,5.65,5.8,5.6,5.65,5.65,66600.0,66600.0,0.0,0.0,5.68333,"June 28, 18",0.0
0,2018-06-27,5.83,5.83,5.6,5.7,5.7,40200.0,40200.0,-0.13,-2.23,5.71,"June 27, 18",-0.0223
0,2018-06-26,5.6,5.8,5.57,5.8,5.8,38400.0,38400.0,0.2,3.571,5.72333,"June 26, 18",0.03571
0,2018-06-25,5.65,5.65,5.6,5.65,5.65,11400.0,11400.0,0.0,0.0,5.63333,"June 25, 18",0.0
0,2018-06-22,5.75,5.8,5.65,5.65,5.65,22100.0,22100.0,-0.1,-1.739,5.7,"June 22, 18",-0.01739
0,2018-06-21,5.67,5.78,5.67,5.75,5.75,9100.0,9100.0,0.08,1.411,5.73333,"June 21, 18",0.01411
0,2018-06-20,5.75,5.75,5.6,5.73,5.73,14400.0,14400.0,-0.02,-0.348,5.69333,"June 20, 18",-0.00348
0,2018-06-19,5.85,5.85,5.65,5.7,5.7,31800.0,31800.0,-0.15,-2.564,5.73333,"June 19, 18",-0.02564
0,2018-06-18,5.8,5.9,5.75,5.85,5.85,21800.0,21800.0,0.05,0.862,5.83333,"June 18, 18",0.00862
0,2018-06-15,5.75,5.98,5.74,5.8,5.8,27400.0,27400.0,0.05,0.87,5.84,"June 15, 18",0.0087
0,2018-06-14,5.9,5.95,5.7,5.85,5.85,25000.0,25000.0,-0.05,-0.847,5.83333,"June 14, 18",-0.00847
0,2018-06-13,6.05,6.2,5.85,5.95,5.95,12800.0,12800.0,-0.1,-1.653,6.0,"June 13, 18",-0.01653
0,2018-06-12,6.2,6.2,6.0,6.05,6.05,109800.0,109800.0,-0.15,-2.419,6.08333,"June 12, 18",-0.02419
0,2018-06-11,6.05,6.3,6.05,6.23,6.23,14900.0,14900.0,0.18,2.975,6.19333,"June 11, 18",0.02975
0,2018-06-08,6.1,6.2,6.05,6.1,6.1,62800.0,62800.0,0.0,0.0,6.11667,"June 08, 18",0.0
0,2018-06-07,6.2,6.22,6.1,6.15,6.15,110200.0,110200.0,-0.05,-0.806,6.15667,"June 07, 18",-0.00806
0,2018-06-06,6.3,6.45,6.15,6.15,6.15,111600.0,111600.0,-0.15,-2.381,6.25,"June 06, 18",-0.02381
0,2018-06-05,6.25,6.3,6.2,6.29,6.29,17800.0,17800.0,0.04,0.64,6.26333,"June 05, 18",0.0064
0,2018-06-04,6.3,6.3,6.15,6.25,6.25,32200.0,32200.0,-0.05,-0.794,6.23333,"June 04, 18",-0.00794
0,2018-06-01,6.2,6.35,6.16,6.3,6.3,48700.0,48700.0,0.1,1.613,6.27,"June 01, 18",0.01613
0,2018-05-31,6.1,6.35,6.05,6.33,6.33,49000.0,49000.0,0.23,3.77,6.24333,"May 31, 18",0.0377
0,2018-05-30,6.5,6.5,6.05,6.05,6.05,87700.0,87700.0,-0.45,-6.923,6.2,"May 30, 18",-0.06923
0,2018-05-29,6.5,6.6,6.4,6.5,6.5,79100.0,79100.0,0.0,0.0,6.5,"May 29, 18",0.0
0,2018-05-25,6.12,6.55,6.1,6.45,6.45,155300.0,155300.0,0.33,5.392,6.36667,"May 25, 18",0.05392
0,2018-05-24,6.0,6.1,6.0,6.1,6.1,22800.0,22800.0,0.1,1.667,6.06667,"May 24, 18",0.01667
0,2018-05-23,5.95,6.1,5.95,6.05,6.05,21100.0,21100.0,0.1,1.681,6.03333,"May 23, 18",0.01681
0,2018-05-22,5.85,6.0,5.65,5.95,5.95,82000.0,82000.0,0.1,1.709,5.86667,"May 22, 18",0.01709
0,2018-05-21,5.9,5.9,5.7,5.8,5.8,66300.0,66300.0,-0.1,-1.695,5.8,"May 21, 18",-0.01695
0,2018-05-18,5.55,5.85,5.52,5.8,5.8,86000.0,86000.0,0.25,4.505,5.72333,"May 18, 18",0.04505
0,2018-05-17,5.25,5.6,5.25,5.6,5.6,94300.0,94300.0,0.35,6.667,5.48333,"May 17, 18",0.06667
0,2018-05-16,5.2,5.3,5.16,5.25,5.25,60900.0,60900.0,0.05,0.962,5.23667,"May 16, 18",0.00962
0,2018-05-15,5.2,5.28,5.0,5.2,5.2,58500.0,58500.0,0.0,0.0,5.16,"May 15, 18",0.0
0,2018-05-14,5.05,5.4,4.95,5.0,5.0,322600.0,322600.0,-0.05,-0.99,5.11667,"May 14, 18",-0.0099
0,2018-05-11,4.8,4.9,4.75,4.8,4.8,60500.0,60500.0,0.0,0.0,4.81667,"May 11, 18",0.0
0,2018-05-10,4.85,4.89,4.72,4.85,4.85,114900.0,114900.0,0.0,0.0,4.82,"May 10, 18",0.0
0,2018-05-09,4.75,4.75,4.65,4.75,4.75,48100.0,48100.0,0.0,0.0,4.71667,"May 09, 18",0.0
0,2018-05-08,4.55,4.7,4.55,4.6,4.6,11600.0,11600.0,0.05,1.099,4.61667,"May 08, 18",0.01099
0,2018-05-07,4.65,4.7,4.55,4.55,4.55,2100.0,2100.0,-0.1,-2.151,4.6,"May 07, 18",-0.02151
0,2018-05-04,4.55,4.74,4.55,4.64,4.64,55200.0,55200.0,0.09,1.978,4.64333,"May 04, 18",0.01978
0,2018-05-03,4.68,4.75,4.65,4.65,4.65,16400.0,16400.0,-0.03,-0.641,4.68333,"May 03, 18",-0.00641
0,2018-05-02,4.6,4.75,4.58,4.7,4.7,35900.0,35900.0,0.1,2.174,4.67667,"May 02, 18",0.02174
0,2018-05-01,4.6,4.68,4.45,4.6,4.6,34700.0,34700.0,0.0,0.0,4.57667,"May 01, 18",0.0
0,2018-04-30,4.4,4.6,4.4,4.55,4.55,22000.0,22000.0,0.15,3.409,4.51667,"April 30, 18",0.03409
0,2018-04-27,4.45,4.48,4.36,4.45,4.45,5900.0,5900.0,0.0,0.0,4.43,"April 27, 18",0.0
0,2018-04-26,4.45,4.45,4.35,4.35,4.35,4000.0,4000.0,-0.1,-2.247,4.38333,"April 26, 18",-0.02247
0,2018-04-25,4.3,4.4,4.3,4.35,4.35,3100.0,3100.0,0.05,1.163,4.35,"April 25, 18",0.01163
0,2018-04-24,4.4,4.4,4.35,4.35,4.35,4300.0,4300.0,-0.05,-1.136,4.36667,"April 24, 18",-0.01136
0,2018-04-23,4.5,4.51,4.35,4.35,4.35,40900.0,40900.0,-0.15,-3.333,4.40333,"April 23, 18",-0.03333
0,2018-04-20,4.75,4.75,4.5,4.6,4.6,6400.0,6400.0,-0.15,-3.158,4.61667,"April 20, 18",-0.03158
0,2018-04-19,4.55,4.7,4.55,4.55,4.55,29500.0,29500.0,0.0,0.0,4.6,"April 19, 18",0.0
0,2018-04-18,4.65,4.65,4.5,4.55,4.55,12100.0,12100.0,-0.1,-2.151,4.56667,"April 18, 18",-0.02151
0,2018-04-17,4.75,4.75,4.6,4.6,4.6,4400.0,4400.0,-0.15,-3.158,4.65,"April 17, 18",-0.03158
0,2018-04-16,4.7,4.8,4.6,4.65,4.65,31200.0,31200.0,-0.05,-1.064,4.68333,"April 16, 18",-0.01064
0,2018-04-13,4.63,4.7,4.55,4.7,4.7,18200.0,18200.0,0.07,1.512,4.65,"April 13, 18",0.01512
0,2018-04-12,4.6,4.61,4.5,4.5,4.5,4200.0,4200.0,-0.1,-2.174,4.53667,"April 12, 18",-0.02174
0,2018-04-11,4.55,4.6,4.43,4.55,4.55,5600.0,5600.0,0.0,0.0,4.52667,"April 11, 18",0.0
0,2018-04-10,4.55,4.55,4.4,4.55,4.55,2200.0,2200.0,0.0,0.0,4.5,"April 10, 18",0.0
0,2018-04-09,4.5,4.5,4.4,4.4,4.4,3000.0,3000.0,-0.1,-2.222,4.43333,"April 09, 18",-0.02222
0,2018-04-06,4.5,4.6,4.45,4.45,4.45,7900.0,7900.0,-0.05,-1.111,4.5,"April 06, 18",-0.01111
0,2018-04-05,4.6,4.62,4.55,4.55,4.55,6200.0,6200.0,-0.05,-1.087,4.57333,"April 05, 18",-0.01087
0,2018-04-04,4.55,4.6,4.5,4.6,4.6,9300.0,9300.0,0.05,1.099,4.56667,"April 04, 18",0.01099
0,2018-04-03,4.55,4.65,4.55,4.55,4.55,7600.0,7600.0,0.0,0.0,4.58333,"April 03, 18",0.0
0,2018-04-02,4.55,4.6,4.5,4.55,4.55,1200.0,1200.0,0.0,0.0,4.55,"April 02, 18",0.0
0,2018-03-29,4.7,4.7,4.55,4.6,4.6,15600.0,15600.0,-0.1,-2.128,4.61667,"March 29, 18",-0.02128
0,2018-03-28,4.66,4.7,4.65,4.7,4.7,6900.0,6900.0,0.04,0.858,4.68333,"March 28, 18",0.00858
0,2018-03-27,4.7,4.7,4.55,4.7,4.7,10100.0,10100.0,0.0,0.0,4.65,"March 27, 18",0.0
0,2018-03-26,4.75,4.75,4.6,4.65,4.65,8100.0,8100.0,-0.1,-2.105,4.66667,"March 26, 18",-0.02105
0,2018-03-23,4.75,4.75,4.6,4.7,4.7,8500.0,8500.0,-0.05,-1.053,4.68333,"March 23, 18",-0.01053
0,2018-03-22,4.65,4.7,4.6,4.6,4.6,700.0,700.0,-0.05,-1.075,4.63333,"March 22, 18",-0.01075
0,2018-03-21,4.65,4.8,4.6,4.7,4.7,1900.0,1900.0,0.05,1.075,4.7,"March 21, 18",0.01075
0,2018-03-20,4.7,4.8,4.65,4.65,4.65,9900.0,9900.0,-0.05,-1.064,4.7,"March 20, 18",-0.01064
0,2018-03-19,4.7,4.75,4.6,4.65,4.65,8900.0,8900.0,-0.05,-1.064,4.66667,"March 19, 18",-0.01064
0,2018-03-16,4.6,4.8,4.6,4.7,4.7,8300.0,8300.0,0.1,2.174,4.7,"March 16, 18",0.02174
0,2018-03-15,4.72,4.8,4.7,4.7,4.7,4900.0,4900.0,-0.02,-0.424,4.73333,"March 15, 18",-0.00424
0,2018-03-14,4.65,4.75,4.6,4.7,4.7,10600.0,10600.0,0.05,1.075,4.68333,"March 14, 18",0.01075
0,2018-03-13,4.65,4.8,4.6,4.6,4.6,6100.0,6100.0,-0.05,-1.075,4.66667,"March 13, 18",-0.01075
0,2018-03-12,4.85,4.85,4.75,4.8,4.8,2800.0,2800.0,-0.05,-1.031,4.8,"March 12, 18",-0.01031
0,2018-03-09,4.8,4.9,4.8,4.9,4.9,7900.0,7900.0,0.1,2.083,4.86667,"March 09, 18",0.02083
0,2018-03-08,4.7,4.8,4.65,4.8,4.8,5100.0,5100.0,0.1,2.128,4.75,"March 08, 18",0.02128
0,2018-03-07,4.65,4.85,4.65,4.65,4.65,12900.0,12900.0,0.0,0.0,4.71667,"March 07, 18",0.0
0,2018-03-06,4.7,4.7,4.65,4.65,4.65,2700.0,2700.0,-0.05,-1.064,4.66667,"March 06, 18",-0.01064
0,2018-03-05,4.75,4.75,4.55,4.55,4.55,12200.0,12200.0,-0.2,-4.211,4.61667,"March 05, 18",-0.04211
0,2018-03-02,4.5,4.7,4.5,4.7,4.7,12900.0,12900.0,0.2,4.444,4.63333,"March 02, 18",0.04444
0,2018-03-01,4.65,4.65,4.5,4.5,4.5,13300.0,13300.0,-0.15,-3.226,4.55,"March 01, 18",-0.03226
0,2018-02-28,4.65,4.75,4.65,4.75,4.75,8900.0,8900.0,0.1,2.151,4.71667,"February 28, 18",0.02151
0,2018-02-27,4.7,4.72,4.6,4.6,4.6,34400.0,34400.0,-0.1,-2.128,4.64,"February 27, 18",-0.02128
0,2018-02-26,4.75,4.8,4.7,4.7,4.7,2700.0,2700.0,-0.05,-1.053,4.73333,"February 26, 18",-0.01053
0,2018-02-23,4.8,4.8,4.7,4.7,4.7,10900.0,10900.0,-0.1,-2.083,4.73333,"February 23, 18",-0.02083
0,2018-02-22,4.85,4.85,4.75,4.75,4.75,16300.0,16300.0,-0.1,-2.062,4.78333,"February 22, 18",-0.02062
0,2018-02-21,4.7,4.8,4.65,4.75,4.75,5600.0,5600.0,0.05,1.064,4.73333,"February 21, 18",0.01064
0,2018-02-20,4.81,4.85,4.65,4.75,4.75,12200.0,12200.0,-0.06,-1.247,4.75,"February 20, 18",-0.01247
0,2018-02-16,4.5,4.95,4.5,4.6,4.6,65300.0,65300.0,0.1,2.222,4.68333,"February 16, 18",0.02222
0,2018-02-15,4.65,4.71,4.5,4.55,4.55,6100.0,6100.0,-0.1,-2.151,4.58667,"February 15, 18",-0.02151
0,2018-02-14,4.6,4.83,4.4,4.6,4.6,33900.0,33900.0,0.0,0.0,4.61,"February 14, 18",0.0
0,2018-02-13,4.85,5.1,4.55,4.6,4.6,115700.0,115700.0,-0.25,-5.155,4.75,"February 13, 18",-0.05155
0,2018-02-12,4.55,4.8,4.25,4.75,4.75,30000.0,30000.0,0.2,4.396,4.6,"February 12, 18",0.04396
0,2018-02-09,4.45,4.6,4.45,4.6,4.6,4200.0,4200.0,0.15,3.371,4.55,"February 09, 18",0.03371
0,2018-02-08,4.48,4.54,4.48,4.5,4.5,1800.0,1800.0,0.02,0.446,4.50667,"February 08, 18",0.00446
0,2018-02-07,4.6,4.6,4.5,4.55,4.55,6600.0,6600.0,-0.05,-1.087,4.55,"February 07, 18",-0.01087
0,2018-02-06,4.6,4.7,4.6,4.6,4.6,13200.0,13200.0,0.0,0.0,4.63333,"February 06, 18",0.0
0,2018-02-05,4.9,4.9,4.65,4.75,4.75,13400.0,13400.0,-0.15,-3.061,4.76667,"February 05, 18",-0.03061
0,2018-02-02,4.85,5.0,4.74,4.95,4.95,26000.0,26000.0,0.1,2.062,4.89667,"February 02, 18",0.02062
0,2018-02-01,4.9,5.0,4.83,4.83,4.83,3000.0,3000.0,-0.07,-1.429,4.88667,"February 01, 18",-0.01429
0,2018-01-31,4.9,5.0,4.85,4.95,4.95,13000.0,13000.0,0.05,1.02,4.93333,"January 31, 18",0.0102
0,2018-01-30,4.85,4.92,4.85,4.9,4.9,7000.0,7000.0,0.05,1.031,4.89,"January 30, 18",0.01031
0,2018-01-29,4.9,4.95,4.85,4.88,4.88,15700.0,15700.0,-0.02,-0.408,4.89333,"January 29, 18",-0.00408
0,2018-01-26,4.9,4.95,4.85,4.9,4.9,13100.0,13100.0,0.0,0.0,4.9,"January 26, 18",0.0
0,2018-01-25,4.9,4.95,4.9,4.95,4.95,9500.0,9500.0,0.05,1.02,4.93333,"January 25, 18",0.0102
0,2018-01-24,4.9,4.95,4.85,4.85,4.85,9900.0,9900.0,-0.05,-1.02,4.88333,"January 24, 18",-0.0102
0,2018-01-23,4.9,5.05,4.75,4.9,4.9,25600.0,25600.0,0.0,0.0,4.9,"January 23, 18",0.0
0,2018-01-22,5.0,5.0,4.9,5.0,5.0,20800.0,20800.0,0.0,0.0,4.96667,"January 22, 18",0.0
0,2018-01-19,4.75,5.05,4.75,5.0,5.0,42300.0,42300.0,0.25,5.263,4.93333,"January 19, 18",0.05263
0,2018-01-18,4.9,4.9,4.75,4.8,4.8,6200.0,6200.0,-0.1,-2.041,4.81667,"January 18, 18",-0.02041
0,2018-01-17,5.15,5.2,4.8,4.85,4.85,67600.0,67600.0,-0.3,-5.825,4.95,"January 17, 18",-0.05825
0,2018-01-16,5.15,5.2,5.15,5.15,5.15,20200.0,20200.0,0.0,0.0,5.16667,"January 16, 18",0.0
0,2018-01-12,5.25,5.3,5.2,5.2,5.2,16500.0,16500.0,-0.05,-0.952,5.23333,"January 12, 18",-0.00952
0,2018-01-11,5.35,5.48,5.2,5.25,5.25,90600.0,90600.0,-0.1,-1.869,5.31,"January 11, 18",-0.01869
0,2018-01-10,5.0,5.35,5.0,5.35,5.35,138700.0,138700.0,0.35,7.0,5.23333,"January 10, 18",0.07
0,2018-01-09,4.8,5.2,4.65,5.1,5.1,130400.0,130400.0,0.3,6.25,4.98333,"January 09, 18",0.0625
0,2018-01-08,4.65,4.79,4.62,4.7,4.7,14600.0,14600.0,0.05,1.075,4.70333,"January 08, 18",0.01075
0,2018-01-05,4.85,4.85,4.65,4.65,4.65,15200.0,15200.0,-0.2,-4.124,4.71667,"January 05, 18",-0.04124
0,2018-01-04,4.85,4.85,4.7,4.7,4.7,18700.0,18700.0,-0.15,-3.093,4.75,"January 04, 18",-0.03093
0,2018-01-03,4.85,4.85,4.8,4.8,4.8,4700.0,4700.0,-0.05,-1.031,4.81667,"January 03, 18",-0.01031
0,2018-01-02,4.75,4.85,4.75,4.8,4.8,7900.0,7900.0,0.05,1.053,4.8,"January 02, 18",0.01053
0,2017-12-29,4.75,4.75,4.6,4.71,4.71,50700.0,50700.0,-0.04,-0.842,4.68667,"December 29, 17",-0.00842
0,2017-12-28,4.8,4.8,4.75,4.75,4.75,2900.0,2900.0,-0.05,-1.042,4.76667,"December 28, 17",-0.01042
0,2017-12-27,4.75,4.76,4.7,4.7,4.7,3700.0,3700.0,-0.05,-1.053,4.72,"December 27, 17",-0.01053
0,2017-12-26,4.8,4.8,4.7,4.7,4.7,9300.0,9300.0,-0.1,-2.083,4.73333,"December 26, 17",-0.02083
0,2017-12-22,4.85,4.9,4.75,4.9,4.9,5300.0,5300.0,0.05,1.031,4.85,"December 22, 17",0.01031
0,2017-12-21,4.94,4.94,4.85,4.85,4.85,4800.0,4800.0,-0.09,-1.822,4.88,"December 21, 17",-0.01822
0,2017-12-20,4.95,4.95,4.4,4.95,4.95,35100.0,35100.0,0.0,0.0,4.76667,"December 20, 17",0.0
0,2017-12-19,4.8,4.8,4.7,4.8,4.8,18300.0,18300.0,0.0,0.0,4.76667,"December 19, 17",0.0
0,2017-12-18,4.65,4.88,4.65,4.85,4.85,63000.0,63000.0,0.2,4.301,4.79333,"December 18, 17",0.04301
0,2017-12-15,4.55,4.65,4.45,4.55,4.55,17500.0,17500.0,0.0,0.0,4.55,"December 15, 17",0.0
0,2017-12-14,4.45,4.6,4.45,4.55,4.55,45700.0,45700.0,0.1,2.247,4.53333,"December 14, 17",0.02247
0,2017-12-13,4.5,4.6,4.45,4.45,4.45,13100.0,13100.0,-0.05,-1.111,4.5,"December 13, 17",-0.01111
0,2017-12-12,4.4,4.64,4.4,4.5,4.5,20400.0,20400.0,0.1,2.273,4.51333,"December 12, 17",0.02273
0,2017-12-11,4.35,4.45,4.31,4.4,4.4,23600.0,23600.0,0.05,1.149,4.38667,"December 11, 17",0.01149
0,2017-12-08,4.4,4.4,4.35,4.4,4.4,3900.0,3900.0,0.0,0.0,4.38333,"December 08, 17",0.0
0,2017-12-07,4.3,4.4,4.3,4.35,4.35,14400.0,14400.0,0.05,1.163,4.35,"December 07, 17",0.01163
0,2017-12-06,4.4,4.4,4.3,4.35,4.35,2300.0,2300.0,-0.05,-1.136,4.35,"December 06, 17",-0.01136
0,2017-12-05,4.4,4.45,4.35,4.45,4.45,11000.0,11000.0,0.05,1.136,4.41667,"December 05, 17",0.01136
0,2017-12-04,4.4,4.45,4.3,4.45,4.45,6200.0,6200.0,0.05,1.136,4.4,"December 04, 17",0.01136
0,2017-12-01,4.35,4.45,4.3,4.4,4.4,9500.0,9500.0,0.05,1.149,4.38333,"December 01, 17",0.01149
0,2017-11-30,4.35,4.6,4.35,4.45,4.45,33000.0,33000.0,0.1,2.299,4.46667,"November 30, 17",0.02299
0,2017-11-29,4.35,4.6,4.35,4.35,4.35,10400.0,10400.0,0.0,0.0,4.43333,"November 29, 17",0.0
0,2017-11-28,4.5,4.65,4.1,4.4,4.4,59300.0,59300.0,-0.1,-2.222,4.38333,"November 28, 17",-0.02222
0,2017-11-27,4.2,4.4,4.1,4.4,4.4,26900.0,26900.0,0.2,4.762,4.3,"November 27, 17",0.04762
0,2017-11-24,4.15,4.2,4.0,4.2,4.2,8100.0,8100.0,0.05,1.205,4.13333,"November 24, 17",0.01205
0,2017-11-22,4.1,4.3,4.05,4.15,4.15,59900.0,59900.0,0.05,1.22,4.16667,"November 22, 17",0.0122
0,2017-11-21,3.85,4.1,3.8,4.05,4.05,90900.0,90900.0,0.2,5.195,3.98333,"November 21, 17",0.05195
0,2017-11-20,3.6,3.85,3.4,3.85,3.85,94800.0,94800.0,0.25,6.944,3.7,"November 20, 17",0.06944
0,2017-11-17,3.35,3.58,3.3,3.5,3.5,76300.0,76300.0,0.15,4.478,3.46,"November 17, 17",0.04478
0,2017-11-16,3.35,3.4,3.3,3.3,3.3,51400.0,51400.0,-0.05,-1.493,3.33333,"November 16, 17",-0.01493
0,2017-11-15,3.4,3.45,3.35,3.35,3.35,9300.0,9300.0,-0.05,-1.471,3.38333,"November 15, 17",-0.01471
0,2017-11-14,3.45,3.45,3.3,3.45,3.45,47800.0,47800.0,0.0,0.0,3.4,"November 14, 17",0.0
0,2017-11-13,3.45,3.55,3.35,3.55,3.55,49700.0,49700.0,0.1,2.899,3.48333,"November 13, 17",0.02899
0,2017-11-10,3.3,3.55,3.3,3.4,3.4,102900.0,102900.0,0.1,3.03,3.41667,"November 10, 17",0.0303
0,2017-11-09,3.1,3.6,3.09,3.49,3.49,106700.0,106700.0,0.39,12.581,3.39333,"November 09, 17",0.12581
0,2017-11-08,3.25,3.25,3.15,3.15,3.15,24200.0,24200.0,-0.1,-3.077,3.18333,"November 08, 17",-0.03077
0,2017-11-07,3.3,3.35,3.2,3.25,3.25,19300.0,19300.0,-0.05,-1.515,3.26667,"November 07, 17",-0.01515
0,2017-11-06,3.3,3.36,3.3,3.35,3.35,18400.0,18400.0,0.05,1.515,3.33667,"November 06, 17",0.01515
0,2017-11-03,3.3,3.35,3.3,3.35,3.35,5900.0,5900.0,0.05,1.515,3.33333,"November 03, 17",0.01515
0,2017-11-02,3.29,3.35,3.26,3.35,3.35,6300.0,6300.0,0.06,1.824,3.32,"November 02, 17",0.01824
0,2017-11-01,3.21,3.3,3.2,3.25,3.25,9200.0,9200.0,0.04,1.246,3.25,"November 01, 17",0.01246
0,2017-10-31,3.3,3.35,3.2,3.2,3.2,20900.0,20900.0,-0.1,-3.03,3.25,"October 31, 17",-0.0303
0,2017-10-30,3.35,3.35,3.25,3.3,3.3,24000.0,24000.0,-0.05,-1.493,3.3,"October 30, 17",-0.01493
0,2017-10-27,3.45,3.45,3.3,3.4,3.4,11500.0,11500.0,-0.05,-1.449,3.38333,"October 27, 17",-0.01449
0,2017-10-26,3.45,3.5,3.4,3.4,3.4,10000.0,10000.0,-0.05,-1.449,3.43333,"October 26, 17",-0.01449
0,2017-10-25,3.45,3.5,3.45,3.45,3.45,5100.0,5100.0,0.0,0.0,3.46667,"October 25, 17",0.0
0,2017-10-24,3.45,3.55,3.4,3.45,3.45,16300.0,16300.0,0.0,0.0,3.46667,"October 24, 17",0.0
0,2017-10-23,3.45,3.45,3.4,3.45,3.45,2600.0,2600.0,0.0,0.0,3.43333,"October 23, 17",0.0
0,2017-10-20,3.6,3.6,3.4,3.45,3.45,9600.0,9600.0,-0.15,-4.167,3.48333,"October 20, 17",-0.04167
0,2017-10-19,3.45,3.65,3.45,3.55,3.55,2800.0,2800.0,0.1,2.899,3.55,"October 19, 17",0.02899
0,2017-10-18,3.55,3.62,3.5,3.5,3.5,13300.0,13300.0,-0.05,-1.408,3.54,"October 18, 17",-0.01408
0,2017-10-17,3.5,3.65,3.5,3.55,3.55,13400.0,13400.0,0.05,1.429,3.56667,"October 17, 17",0.01429
0,2017-10-16,3.45,3.55,3.45,3.55,3.55,6500.0,6500.0,0.1,2.899,3.51667,"October 16, 17",0.02899
0,2017-10-13,3.5,3.5,3.35,3.4,3.4,32000.0,32000.0,-0.1,-2.857,3.41667,"October 13, 17",-0.02857
0,2017-10-12,3.5,3.55,3.4,3.4,3.4,43500.0,43500.0,-0.1,-2.857,3.45,"October 12, 17",-0.02857
0,2017-10-11,3.55,3.6,3.5,3.55,3.55,12100.0,12100.0,0.0,0.0,3.55,"October 11, 17",0.0
0,2017-10-10,3.55,3.6,3.5,3.55,3.55,15400.0,15400.0,0.0,0.0,3.55,"October 10, 17",0.0
0,2017-10-09,3.7,3.7,3.55,3.55,3.55,15100.0,15100.0,-0.15,-4.054,3.6,"October 09, 17",-0.04054
0,2017-10-06,3.65,3.71,3.6,3.65,3.65,28800.0,28800.0,0.0,0.0,3.65333,"October 06, 17",0.0
0,2017-10-05,3.7,3.75,3.6,3.65,3.65,18100.0,18100.0,-0.05,-1.351,3.66667,"October 05, 17",-0.01351
0,2017-10-04,3.75,3.75,3.6,3.65,3.65,46800.0,46800.0,-0.1,-2.667,3.66667,"October 04, 17",-0.02667
0,2017-10-03,3.6,3.75,3.6,3.7,3.7,92600.0,92600.0,0.1,2.778,3.68333,"October 03, 17",0.02778
0,2017-10-02,3.5,3.6,3.5,3.6,3.6,48800.0,48800.0,0.1,2.857,3.56667,"October 02, 17",0.02857
0,2017-09-29,3.5,3.65,3.5,3.5,3.5,34200.0,34200.0,0.0,0.0,3.55,"September 29, 17",0.0
0,2017-09-28,3.6,3.8,3.3,3.45,3.45,124100.0,124100.0,-0.15,-4.167,3.51667,"September 28, 17",-0.04167
0,2017-09-27,3.95,4.05,3.9,3.95,3.95,25000.0,25000.0,0.0,0.0,3.96667,"September 27, 17",0.0
0,2017-09-26,4.05,4.1,3.85,3.85,3.85,40100.0,40100.0,-0.2,-4.938,3.93333,"September 26, 17",-0.04938
0,2017-09-25,4.1,4.2,4.05,4.05,4.05,29500.0,29500.0,-0.05,-1.22,4.1,"September 25, 17",-0.0122
0,2017-09-22,4.1,4.15,4.05,4.1,4.1,14700.0,14700.0,0.0,0.0,4.1,"September 22, 17",0.0
0,2017-09-21,4.11,4.11,4.05,4.1,4.1,12500.0,12500.0,-0.01,-0.243,4.08667,"September 21, 17",-0.00243
0,2017-09-20,4.15,4.25,4.05,4.05,4.05,11700.0,11700.0,-0.1,-2.41,4.11667,"September 20, 17",-0.0241
0,2017-09-19,4.1,4.1,4.05,4.1,4.1,29900.0,29900.0,0.0,0.0,4.08333,"September 19, 17",0.0
0,2017-09-18,4.1,4.19,4.05,4.05,4.05,16900.0,16900.0,-0.05,-1.22,4.09667,"September 18, 17",-0.0122
0,2017-09-15,4.1,4.19,4.1,4.1,4.1,6400.0,6400.0,0.0,0.0,4.13,"September 15, 17",0.0
0,2017-09-14,4.2,4.25,4.1,4.1,4.1,40500.0,40500.0,-0.1,-2.381,4.15,"September 14, 17",-0.02381
0,2017-09-13,4.25,4.35,4.15,4.25,4.25,25800.0,25800.0,0.0,0.0,4.25,"September 13, 17",0.0
0,2017-09-12,4.45,4.45,4.2,4.25,4.25,34700.0,34700.0,-0.2,-4.494,4.3,"September 12, 17",-0.04494
0,2017-09-11,4.4,4.44,4.25,4.4,4.4,34800.0,34800.0,0.0,0.0,4.36333,"September 11, 17",0.0
0,2017-09-08,4.35,4.4,4.2,4.2,4.2,900.0,900.0,-0.15,-3.448,4.26667,"September 08, 17",-0.03448
0,2017-09-07,4.35,4.5,4.2,4.2,4.2,51800.0,51800.0,-0.15,-3.448,4.3,"September 07, 17",-0.03448
0,2017-09-06,4.35,4.43,4.3,4.3,4.3,13900.0,13900.0,-0.05,-1.149,4.34333,"September 06, 17",-0.01149
0,2017-09-05,4.4,4.5,4.35,4.35,4.35,11900.0,11900.0,-0.05,-1.136,4.4,"September 05, 17",-0.01136
0,2017-09-01,4.51,4.6,4.4,4.45,4.45,13900.0,13900.0,-0.06,-1.33,4.48333,"September 01, 17",-0.0133
0,2017-08-31,4.6,4.6,4.5,4.5,4.5,3700.0,3700.0,-0.1,-2.174,4.53333,"August 31, 17",-0.02174
0,2017-08-30,4.6,4.6,4.45,4.45,4.45,9500.0,9500.0,-0.15,-3.261,4.5,"August 30, 17",-0.03261
0,2017-08-29,4.35,4.6,4.35,4.45,4.45,9900.0,9900.0,0.1,2.299,4.46667,"August 29, 17",0.02299
0,2017-08-28,4.5,4.55,4.45,4.5,4.5,17700.0,17700.0,0.0,0.0,4.5,"August 28, 17",0.0
0,2017-08-25,4.35,4.45,4.25,4.3,4.3,10500.0,10500.0,-0.05,-1.149,4.33333,"August 25, 17",-0.01149
0,2017-08-24,4.35,4.35,4.25,4.25,4.25,5600.0,5600.0,-0.1,-2.299,4.28333,"August 24, 17",-0.02299
0,2017-08-23,4.15,4.36,4.15,4.25,4.25,38500.0,38500.0,0.1,2.41,4.25333,"August 23, 17",0.0241
0,2017-08-22,4.2,4.2,4.1,4.1,4.1,14900.0,14900.0,-0.1,-2.381,4.13333,"August 22, 17",-0.02381
0,2017-08-21,4.45,4.45,4.05,4.1,4.1,45100.0,45100.0,-0.35,-7.865,4.2,"August 21, 17",-0.07865
0,2017-08-18,4.6,4.6,4.35,4.4,4.4,28200.0,28200.0,-0.2,-4.348,4.45,"August 18, 17",-0.04348
0,2017-08-17,4.5,4.7,4.45,4.45,4.45,19000.0,19000.0,-0.05,-1.111,4.53333,"August 17, 17",-0.01111
0,2017-08-16,4.5,4.65,4.5,4.55,4.55,22200.0,22200.0,0.05,1.111,4.56667,"August 16, 17",0.01111
0,2017-08-15,4.8,4.8,4.45,4.45,4.45,21300.0,21300.0,-0.35,-7.292,4.56667,"August 15, 17",-0.07292
0,2017-08-14,4.59,4.8,4.4,4.55,4.55,37300.0,37300.0,-0.04,-0.871,4.58333,"August 14, 17",-0.00871
0,2017-08-11,4.45,4.45,4.35,4.4,4.4,61800.0,61800.0,-0.05,-1.124,4.4,"August 11, 17",-0.01124
0,2017-08-10,4.5,4.5,4.35,4.35,4.35,38300.0,38300.0,-0.15,-3.333,4.4,"August 10, 17",-0.03333
0,2017-08-09,4.65,4.65,4.4,4.45,4.45,25000.0,25000.0,-0.2,-4.301,4.5,"August 09, 17",-0.04301
0,2017-08-08,4.55,4.55,4.35,4.4,4.4,23100.0,23100.0,-0.15,-3.297,4.43333,"August 08, 17",-0.03297
0,2017-08-07,4.51,4.54,4.45,4.45,4.45,8000.0,8000.0,-0.06,-1.33,4.48,"August 07, 17",-0.0133
0,2017-08-04,4.75,4.75,4.45,4.45,4.45,17200.0,17200.0,-0.3,-6.316,4.55,"August 04, 17",-0.06316
0,2017-08-03,4.45,4.88,4.4,4.55,4.55,95700.0,95700.0,0.1,2.247,4.61,"August 03, 17",0.02247
0,2017-08-02,4.45,4.6,4.3,4.58,4.58,57100.0,57100.0,0.13,2.921,4.49333,"August 02, 17",0.02921
0,2017-08-01,4.45,4.46,4.38,4.45,4.45,5800.0,5800.0,0.0,0.0,4.43,"August 01, 17",0.0
0,2017-07-31,4.26,4.45,4.26,4.43,4.43,7500.0,7500.0,0.17,3.991,4.38,"July 31, 17",0.03991
0,2017-07-28,4.35,4.45,4.3,4.45,4.45,14900.0,14900.0,0.1,2.299,4.4,"July 28, 17",0.02299
0,2017-07-27,4.4,4.46,4.3,4.3,4.3,16700.0,16700.0,-0.1,-2.273,4.35333,"July 27, 17",-0.02273
0,2017-07-26,4.4,4.4,4.25,4.4,4.4,26900.0,26900.0,0.0,0.0,4.35,"July 26, 17",0.0
0,2017-07-25,4.45,4.45,4.35,4.35,4.35,14100.0,14100.0,-0.1,-2.247,4.38333,"July 25, 17",-0.02247
0,2017-07-24,4.35,4.45,4.2,4.25,4.25,7900.0,7900.0,-0.1,-2.299,4.3,"July 24, 17",-0.02299
0,2017-07-21,4.25,4.49,4.25,4.45,4.45,34300.0,34300.0,0.2,4.706,4.39667,"July 21, 17",0.04706
0,2017-07-20,4.2,4.3,4.2,4.25,4.25,8600.0,8600.0,0.05,1.19,4.25,"July 20, 17",0.0119
0,2017-07-19,4.2,4.3,4.2,4.2,4.2,25300.0,25300.0,0.0,0.0,4.23333,"July 19, 17",0.0
0,2017-07-18,3.95,4.23,3.95,4.2,4.2,48200.0,48200.0,0.25,6.329,4.12667,"July 18, 17",0.06329
0,2017-07-17,3.85,3.95,3.85,3.9,3.9,13800.0,13800.0,0.05,1.299,3.9,"July 17, 17",0.01299
0,2017-07-14,4.0,4.05,4.0,4.05,4.05,11500.0,11500.0,0.05,1.25,4.03333,"July 14, 17",0.0125
0,2017-07-13,3.9,4.0,3.9,4.0,4.0,7800.0,7800.0,0.1,2.564,3.96667,"July 13, 17",0.02564
0,2017-07-12,3.9,4.0,3.88,4.0,4.0,12700.0,12700.0,0.1,2.564,3.96,"July 12, 17",0.02564
0,2017-07-11,3.9,3.9,3.8,3.8,3.8,11400.0,11400.0,-0.1,-2.564,3.83333,"July 11, 17",-0.02564
0,2017-07-10,3.9,4.0,3.9,3.95,3.95,7400.0,7400.0,0.05,1.282,3.95,"July 10, 17",0.01282
0,2017-07-07,3.8,3.9,3.8,3.9,3.9,3900.0,3900.0,0.1,2.632,3.86667,"July 07, 17",0.02632
0,2017-07-06,3.87,3.9,3.87,3.9,3.9,1300.0,1300.0,0.03,0.775,3.89,"July 06, 17",0.00775
0,2017-07-05,3.85,3.95,3.85,3.85,3.85,17500.0,17500.0,0.0,0.0,3.88333,"July 05, 17",0.0
0,2017-07-03,4.0,4.0,3.85,3.95,3.95,6900.0,6900.0,-0.05,-1.25,3.93333,"July 03, 17",-0.0125
0,2017-06-30,3.95,3.95,3.89,3.95,3.95,6500.0,6500.0,0.0,0.0,3.93,"June 30, 17",0.0
0,2017-06-29,3.87,3.95,3.85,3.9,3.9,10000.0,10000.0,0.03,0.775,3.9,"June 29, 17",0.00775
0,2017-06-28,3.85,3.96,3.85,3.9,3.9,6800.0,6800.0,0.05,1.299,3.90333,"June 28, 17",0.01299
0,2017-06-27,4.0,4.0,3.9,3.95,3.95,6200.0,6200.0,-0.05,-1.25,3.95,"June 27, 17",-0.0125
0,2017-06-26,4.0,4.05,3.95,3.95,3.95,2000.0,2000.0,-0.05,-1.25,3.98333,"June 26, 17",-0.0125
0,2017-06-23,4.0,4.0,3.85,4.0,4.0,31800.0,31800.0,0.0,0.0,3.95,"June 23, 17",0.0
0,2017-06-22,3.95,4.1,3.94,4.02,4.02,7900.0,7900.0,0.07,1.772,4.02,"June 22, 17",0.01772
0,2017-06-21,4.0,4.05,3.95,4.05,4.05,8900.0,8900.0,0.05,1.25,4.01667,"June 21, 17",0.0125
0,2017-06-20,4.0,4.0,3.85,3.95,3.95,16800.0,16800.0,-0.05,-1.25,3.93333,"June 20, 17",-0.0125
0,2017-06-19,4.1,4.1,3.95,4.05,4.05,12100.0,12100.0,-0.05,-1.22,4.03333,"June 19, 17",-0.0122
0,2017-06-16,4.1,4.15,4.05,4.05,4.05,3100.0,3100.0,-0.05,-1.22,4.08333,"June 16, 17",-0.0122
0,2017-06-15,4.05,4.2,4.05,4.1,4.1,29400.0,29400.0,0.05,1.235,4.11667,"June 15, 17",0.01235
0,2017-06-14,4.05,4.05,3.95,4.05,4.05,3800.0,3800.0,0.0,0.0,4.01667,"June 14, 17",0.0
0,2017-06-13,4.0,4.1,4.0,4.1,4.1,14100.0,14100.0,0.1,2.5,4.06667,"June 13, 17",0.025
0,2017-06-12,4.05,4.1,3.9,4.0,4.0,18100.0,18100.0,-0.05,-1.235,4.0,"June 12, 17",-0.01235
0,2017-06-09,4.1,4.2,4.06,4.1,4.1,13400.0,13400.0,0.0,0.0,4.12,"June 09, 17",0.0
0,2017-06-08,3.95,4.1,3.95,4.05,4.05,7000.0,7000.0,0.1,2.532,4.03333,"June 08, 17",0.02532
0,2017-06-07,3.95,4.0,3.95,4.0,4.0,12200.0,12200.0,0.05,1.266,3.98333,"June 07, 17",0.01266
0,2017-06-06,4.0,4.05,4.0,4.0,4.0,12200.0,12200.0,0.0,0.0,4.01667,"June 06, 17",0.0
0,2017-06-05,4.0,4.05,4.0,4.0,4.0,10000.0,10000.0,0.0,0.0,4.01667,"June 05, 17",0.0
0,2017-06-02,3.95,4.1,3.95,4.05,4.05,4700.0,4700.0,0.1,2.532,4.03333,"June 02, 17",0.02532
0,2017-06-01,4.01,4.05,3.95,4.0,4.0,5400.0,5400.0,-0.01,-0.249,4.0,"June 01, 17",-0.00249
0,2017-05-31,3.9,4.05,3.9,4.05,4.05,12000.0,12000.0,0.15,3.846,4.0,"May 31, 17",0.03846
0,2017-05-30,3.95,4.2,3.8,4.1,4.1,48300.0,48300.0,0.15,3.797,4.03333,"May 30, 17",0.03797
0,2017-05-26,4.0,4.0,3.8,3.9,3.9,64300.0,64300.0,-0.1,-2.5,3.9,"May 26, 17",-0.025
0,2017-05-25,4.05,4.05,4.0,4.03,4.03,16700.0,16700.0,-0.02,-0.494,4.02667,"May 25, 17",-0.00494
0,2017-05-24,4.1,4.1,4.0,4.05,4.05,30700.0,30700.0,-0.05,-1.22,4.05,"May 24, 17",-0.0122
0,2017-05-23,4.15,4.15,4.06,4.1,4.1,42600.0,42600.0,-0.05,-1.205,4.10333,"May 23, 17",-0.01205
0,2017-05-22,4.05,4.25,3.9,4.25,4.25,231400.0,231400.0,0.2,4.938,4.13333,"May 22, 17",0.04938
0,2017-05-19,4.3,4.5,4.3,4.5,4.5,52500.0,52500.0,0.2,4.651,4.43333,"May 19, 17",0.04651
0,2017-05-18,4.4,4.5,4.4,4.4,4.4,37600.0,37600.0,0.0,0.0,4.43333,"May 18, 17",0.0
0,2017-05-17,4.45,4.5,4.4,4.4,4.4,50000.0,50000.0,-0.05,-1.124,4.43333,"May 17, 17",-0.01124
0,2017-05-16,4.35,4.45,4.35,4.4,4.4,27200.0,27200.0,0.05,1.149,4.4,"May 16, 17",0.01149
0,2017-05-15,4.5,4.6,4.35,4.4,4.4,55300.0,55300.0,-0.1,-2.222,4.45,"May 15, 17",-0.02222
0,2017-05-12,4.75,4.75,4.6,4.7,4.7,30900.0,30900.0,-0.05,-1.053,4.68333,"May 12, 17",-0.01053
0,2017-05-11,4.65,4.7,4.61,4.7,4.7,33100.0,33100.0,0.05,1.075,4.67,"May 11, 17",0.01075
0,2017-05-10,4.6,4.65,4.55,4.6,4.6,28100.0,28100.0,0.0,0.0,4.6,"May 10, 17",0.0
0,2017-05-09,4.55,4.65,4.55,4.6,4.6,25900.0,25900.0,0.05,1.099,4.6,"May 09, 17",0.01099
0,2017-05-08,4.7,4.7,4.6,4.6,4.6,15400.0,15400.0,-0.1,-2.128,4.63333,"May 08, 17",-0.02128
0,2017-05-05,4.65,4.75,4.55,4.75,4.75,40700.0,40700.0,0.1,2.151,4.68333,"May 05, 17",0.02151
0,2017-05-04,4.7,4.75,4.65,4.72,4.72,10100.0,10100.0,0.02,0.426,4.70667,"May 04, 17",0.00426
0,2017-05-03,4.6,4.9,4.6,4.75,4.75,43900.0,43900.0,0.15,3.261,4.75,"May 03, 17",0.03261
0,2017-05-02,4.65,4.7,4.55,4.7,4.7,50200.0,50200.0,0.05,1.075,4.65,"May 02, 17",0.01075
0,2017-05-01,4.7,4.75,4.65,4.65,4.65,5100.0,5100.0,-0.05,-1.064,4.68333,"May 01, 17",-0.01064
0,2017-04-28,4.7,4.75,4.6,4.75,4.75,14800.0,14800.0,0.05,1.064,4.7,"April 28, 17",0.01064
0,2017-04-27,4.85,4.86,4.65,4.65,4.65,1600.0,1600.0,-0.2,-4.124,4.72,"April 27, 17",-0.04124
0,2017-04-26,4.95,4.95,4.76,4.8,4.8,10900.0,10900.0,-0.15,-3.03,4.83667,"April 26, 17",-0.0303
0,2017-04-25,4.85,5.0,4.82,5.0,5.0,10800.0,10800.0,0.15,3.093,4.94,"April 25, 17",0.03093
0,2017-04-24,4.85,4.85,4.65,4.85,4.85,28700.0,28700.0,0.0,0.0,4.78333,"April 24, 17",0.0
0,2017-04-21,4.7,4.9,4.7,4.7,4.7,27400.0,27400.0,0.0,0.0,4.76667,"April 21, 17",0.0
0,2017-04-20,4.8,4.9,4.75,4.75,4.75,56300.0,56300.0,-0.05,-1.042,4.8,"April 20, 17",-0.01042
0,2017-04-19,4.7,4.95,4.7,4.9,4.9,20400.0,20400.0,0.2,4.255,4.85,"April 19, 17",0.04255
0,2017-04-18,4.85,4.85,4.6,4.8,4.8,34400.0,34400.0,-0.05,-1.031,4.75,"April 18, 17",-0.01031
0,2017-04-17,5.05,5.05,4.85,4.85,4.85,41400.0,41400.0,-0.2,-3.96,4.91667,"April 17, 17",-0.0396
0,2017-04-13,5.3,5.3,5.0,5.1,5.1,65400.0,65400.0,-0.2,-3.774,5.13333,"April 13, 17",-0.03774
0,2017-04-12,5.21,5.3,5.15,5.25,5.25,6200.0,6200.0,0.04,0.768,5.23333,"April 12, 17",0.00768
0,2017-04-11,5.45,5.55,5.2,5.2,5.2,16600.0,16600.0,-0.25,-4.587,5.31667,"April 11, 17",-0.04587
0,2017-04-10,5.5,5.55,5.3,5.4,5.4,12100.0,12100.0,-0.1,-1.818,5.41667,"April 10, 17",-0.01818
0,2017-04-07,4.9,5.6,4.9,5.45,5.45,341600.0,341600.0,0.55,11.224,5.31667,"April 07, 17",0.11224
0,2017-04-06,5.05,5.1,5.0,5.1,5.1,4800.0,4800.0,0.05,0.99,5.06667,"April 06, 17",0.0099
0,2017-04-05,5.1,5.15,5.05,5.1,5.1,69800.0,69800.0,0.0,0.0,5.1,"April 05, 17",0.0
0,2017-04-04,4.95,5.1,4.85,5.0,5.0,28900.0,28900.0,0.05,1.01,4.98333,"April 04, 17",0.0101
0,2017-04-03,5.15,5.15,5.0,5.0,5.0,16700.0,16700.0,-0.15,-2.913,5.05,"April 03, 17",-0.02913
0,2017-03-31,4.95,5.15,4.95,5.1,5.1,34800.0,34800.0,0.15,3.03,5.06667,"March 31, 17",0.0303
0,2017-03-30,4.95,5.1,4.95,5.0,5.0,25500.0,25500.0,0.05,1.01,5.01667,"March 30, 17",0.0101
0,2017-03-29,4.98,5.07,4.98,5.05,5.05,4800.0,4800.0,0.07,1.406,5.03333,"March 29, 17",0.01406
0,2017-03-28,5.05,5.1,4.95,5.05,5.05,39800.0,39800.0,0.0,0.0,5.03333,"March 28, 17",0.0
0,2017-03-27,5.0,5.1,5.0,5.05,5.05,50900.0,50900.0,0.05,1.0,5.05,"March 27, 17",0.01
0,2017-03-24,5.0,5.1,5.0,5.1,5.1,22000.0,22000.0,0.1,2.0,5.06667,"March 24, 17",0.02
0,2017-03-23,5.0,5.2,4.95,5.2,5.2,31200.0,31200.0,0.2,4.0,5.11667,"March 23, 17",0.04
0,2017-03-22,5.0,5.2,4.95,5.15,5.15,27400.0,27400.0,0.15,3.0,5.1,"March 22, 17",0.03
0,2017-03-21,5.05,5.2,5.05,5.13,5.13,11500.0,11500.0,0.08,1.584,5.12667,"March 21, 17",0.01584
0,2017-03-20,5.05,5.2,4.95,5.2,5.2,31400.0,31400.0,0.15,2.97,5.11667,"March 20, 17",0.0297
0,2017-03-17,5.1,5.2,5.1,5.15,5.15,6400.0,6400.0,0.05,0.98,5.15,"March 17, 17",0.0098
0,2017-03-16,5.2,5.25,5.1,5.2,5.2,20400.0,20400.0,0.0,0.0,5.18333,"March 16, 17",0.0
0,2017-03-15,5.2,5.25,5.13,5.15,5.15,17300.0,17300.0,-0.05,-0.962,5.17667,"March 15, 17",-0.00962
0,2017-03-14,5.1,5.25,5.1,5.2,5.2,18500.0,18500.0,0.1,1.961,5.18333,"March 14, 17",0.01961
0,2017-03-13,5.18,5.25,5.15,5.2,5.2,19300.0,19300.0,0.02,0.386,5.2,"March 13, 17",0.00386
0,2017-03-10,5.15,5.3,5.14,5.15,5.15,9300.0,9300.0,0.0,0.0,5.19667,"March 10, 17",0.0
0,2017-03-09,5.2,5.25,5.1,5.25,5.25,33000.0,33000.0,0.05,0.962,5.2,"March 09, 17",0.00962
0,2017-03-08,5.05,5.2,5.05,5.1,5.1,12400.0,12400.0,0.05,0.99,5.11667,"March 08, 17",0.0099
0,2017-03-07,5.15,5.15,5.05,5.1,5.1,16800.0,16800.0,-0.05,-0.971,5.1,"March 07, 17",-0.00971
0,2017-03-06,4.9,5.2,4.9,5.15,5.15,37200.0,37200.0,0.25,5.102,5.08333,"March 06, 17",0.05102
0,2017-03-03,5.1,5.25,5.1,5.15,5.15,42600.0,42600.0,0.05,0.98,5.16667,"March 03, 17",0.0098
0,2017-03-02,5.2,5.2,4.95,5.2,5.2,23900.0,23900.0,0.0,0.0,5.11667,"March 02, 17",0.0
0,2017-03-01,4.9,5.15,4.9,5.15,5.15,21800.0,21800.0,0.25,5.102,5.06667,"March 01, 17",0.05102
0,2017-02-28,4.95,5.1,4.85,5.1,5.1,41100.0,41100.0,0.15,3.03,5.01667,"February 28, 17",0.0303
0,2017-02-27,4.9,4.9,4.75,4.9,4.9,9600.0,9600.0,0.0,0.0,4.85,"February 27, 17",0.0
0,2017-02-24,4.81,4.9,4.76,4.88,4.88,30200.0,30200.0,0.07,1.455,4.84667,"February 24, 17",0.01455
0,2017-02-23,4.9,4.95,4.8,4.85,4.85,38900.0,38900.0,-0.05,-1.02,4.86667,"February 23, 17",-0.0102
0,2017-02-22,4.85,4.9,4.75,4.9,4.9,53200.0,53200.0,0.05,1.031,4.85,"February 22, 17",0.01031
0,2017-02-21,4.65,4.8,4.65,4.7,4.7,27500.0,27500.0,0.05,1.075,4.71667,"February 21, 17",0.01075
0,2017-02-17,4.55,4.6,4.55,4.55,4.55,25100.0,25100.0,0.0,0.0,4.56667,"February 17, 17",0.0
0,2017-02-16,4.5,4.6,4.5,4.55,4.55,44800.0,44800.0,0.05,1.111,4.55,"February 16, 17",0.01111
0,2017-02-15,4.49,4.6,4.45,4.6,4.6,17200.0,17200.0,0.11,2.45,4.55,"February 15, 17",0.0245
0,2017-02-14,4.7,4.7,4.35,4.45,4.45,186800.0,186800.0,-0.25,-5.319,4.5,"February 14, 17",-0.05319
0,2017-02-13,4.91,4.95,4.85,4.95,4.95,111500.0,111500.0,0.04,0.815,4.91667,"February 13, 17",0.00815
0,2017-02-10,5.05,5.05,4.75,4.95,4.95,58600.0,58600.0,-0.1,-1.98,4.91667,"February 10, 17",-0.0198
0,2017-02-09,5.05,5.13,5.03,5.1,5.1,48200.0,48200.0,0.05,0.99,5.08667,"February 09, 17",0.0099
0,2017-02-08,5.05,5.05,5.0,5.05,5.05,8500.0,8500.0,0.0,0.0,5.03333,"February 08, 17",0.0
0,2017-02-07,5.1,5.1,5.05,5.05,5.05,11400.0,11400.0,-0.05,-0.98,5.06667,"February 07, 17",-0.0098
0,2017-02-06,5.05,5.15,5.05,5.1,5.1,16300.0,16300.0,0.05,0.99,5.1,"February 06, 17",0.0099
0,2017-02-03,5.11,5.15,5.05,5.08,5.08,8600.0,8600.0,-0.03,-0.587,5.09333,"February 03, 17",-0.00587
0,2017-02-02,5.15,5.2,5.0,5.2,5.2,14000.0,14000.0,0.05,0.971,5.13333,"February 02, 17",0.00971
0,2017-02-01,5.1,5.15,5.0,5.15,5.15,27000.0,27000.0,0.05,0.98,5.1,"February 01, 17",0.0098
0,2017-01-31,5.1,5.15,5.05,5.15,5.15,7300.0,7300.0,0.05,0.98,5.11667,"January 31, 17",0.0098
0,2017-01-30,5.0,5.15,5.0,5.15,5.15,6800.0,6800.0,0.15,3.0,5.1,"January 30, 17",0.03
0,2017-01-27,5.13,5.13,5.05,5.06,5.06,14000.0,14000.0,-0.07,-1.365,5.08,"January 27, 17",-0.01365
0,2017-01-26,5.2,5.25,5.0,5.2,5.2,44700.0,44700.0,0.0,0.0,5.15,"January 26, 17",0.0
0,2017-01-25,5.19,5.22,5.19,5.22,5.22,3300.0,3300.0,0.03,0.578,5.21,"January 25, 17",0.00578
0,2017-01-24,5.25,5.25,5.2,5.23,5.23,10300.0,10300.0,-0.02,-0.381,5.22667,"January 24, 17",-0.00381
0,2017-01-23,5.25,5.26,5.0,5.25,5.25,52000.0,52000.0,0.0,0.0,5.17,"January 23, 17",0.0
0,2017-01-20,5.3,5.35,5.2,5.3,5.3,4700.0,4700.0,0.0,0.0,5.28333,"January 20, 17",0.0
0,2017-01-19,5.1,5.3,5.1,5.25,5.25,251100.0,251100.0,0.15,2.941,5.21667,"January 19, 17",0.02941
0,2017-01-18,5.2,5.2,4.9,5.2,5.2,98700.0,98700.0,0.0,0.0,5.1,"January 18, 17",0.0
0,2017-01-17,5.2,5.25,5.15,5.2,5.2,9100.0,9100.0,0.0,0.0,5.2,"January 17, 17",0.0
0,2017-01-13,5.2,5.3,5.2,5.2,5.2,35300.0,35300.0,0.0,0.0,5.23333,"January 13, 17",0.0
0,2017-01-12,5.2,5.25,5.15,5.2,5.2,37000.0,37000.0,0.0,0.0,5.2,"January 12, 17",0.0
0,2017-01-11,5.15,5.2,5.15,5.2,5.2,1000.0,1000.0,0.05,0.971,5.18333,"January 11, 17",0.00971
0,2017-01-10,5.07,5.35,5.07,5.2,5.2,75000.0,75000.0,0.13,2.564,5.20667,"January 10, 17",0.02564
0,2017-01-09,5.25,5.28,5.1,5.1,5.1,6300.0,6300.0,-0.15,-2.857,5.16,"January 09, 17",-0.02857
0,2017-01-06,5.21,5.35,5.21,5.3,5.3,500.0,500.0,0.09,1.727,5.28667,"January 06, 17",0.01727
0,2017-01-05,5.35,5.35,5.27,5.35,5.35,4300.0,4300.0,0.0,0.0,5.32333,"January 05, 17",0.0
0,2017-01-04,5.32,5.4,5.3,5.3,5.3,15600.0,15600.0,-0.02,-0.376,5.33333,"January 04, 17",-0.00376
0,2017-01-03,5.15,5.55,5.1,5.4,5.4,59500.0,59500.0,0.25,4.854,5.35,"January 03, 17",0.04854
0,2016-12-30,5.15,5.25,5.15,5.2,5.2,9200.0,9200.0,0.05,0.971,5.2,"December 30, 16",0.00971
0,2016-12-29,5.15,5.2,5.15,5.2,5.2,13700.0,13700.0,0.05,0.971,5.18333,"December 29, 16",0.00971
0,2016-12-28,5.13,5.2,5.1,5.15,5.15,18100.0,18100.0,0.02,0.39,5.15,"December 28, 16",0.0039
0,2016-12-27,5.2,5.2,5.1,5.1,5.1,15200.0,15200.0,-0.1,-1.923,5.13333,"December 27, 16",-0.01923
0,2016-12-23,5.18,5.25,5.15,5.25,5.25,5500.0,5500.0,0.07,1.351,5.21667,"December 23, 16",0.01351
0,2016-12-22,5.13,5.25,5.13,5.2,5.2,5700.0,5700.0,0.07,1.365,5.19333,"December 22, 16",0.01365
0,2016-12-21,5.0,5.1,5.0,5.1,5.1,30500.0,30500.0,0.1,2.0,5.06667,"December 21, 16",0.02
0,2016-12-20,5.05,5.1,5.0,5.0,5.0,42900.0,42900.0,-0.05,-0.99,5.03333,"December 20, 16",-0.0099
0,2016-12-19,5.3,5.35,5.1,5.1,5.1,43200.0,43200.0,-0.2,-3.774,5.18333,"December 19, 16",-0.03774
0,2016-12-16,5.35,5.4,5.3,5.3,5.3,13800.0,13800.0,-0.05,-0.935,5.33333,"December 16, 16",-0.00935
0,2016-12-15,5.42,5.45,5.35,5.4,5.4,6000.0,6000.0,-0.02,-0.369,5.4,"December 15, 16",-0.00369
0,2016-12-14,5.35,5.45,5.35,5.35,5.35,2400.0,2400.0,0.0,0.0,5.38333,"December 14, 16",0.0
0,2016-12-13,5.51,5.55,5.35,5.45,5.45,18300.0,18300.0,-0.06,-1.089,5.45,"December 13, 16",-0.01089
0,2016-12-12,5.45,5.55,5.45,5.5,5.5,27600.0,27600.0,0.05,0.917,5.5,"December 12, 16",0.00917
0,2016-12-09,5.5,5.5,5.4,5.4,5.4,5000.0,5000.0,-0.1,-1.818,5.43333,"December 09, 16",-0.01818
0,2016-12-08,5.5,5.5,5.4,5.4,5.4,20100.0,20100.0,-0.1,-1.818,5.43333,"December 08, 16",-0.01818
0,2016-12-07,5.35,5.43,5.3,5.4,5.4,31800.0,31800.0,0.05,0.935,5.37667,"December 07, 16",0.00935
0,2016-12-06,5.35,5.4,5.35,5.35,5.35,11100.0,11100.0,0.0,0.0,5.36667,"December 06, 16",0.0
0,2016-12-05,5.4,5.52,5.4,5.4,5.4,28200.0,28200.0,0.0,0.0,5.44,"December 05, 16",0.0
0,2016-12-02,5.5,5.6,5.4,5.45,5.45,47600.0,47600.0,-0.05,-0.909,5.48333,"December 02, 16",-0.00909
0,2016-12-01,5.75,5.75,5.55,5.55,5.55,27900.0,27900.0,-0.2,-3.478,5.61667,"December 01, 16",-0.03478
0,2016-11-30,5.8,5.8,5.65,5.7,5.7,25500.0,25500.0,-0.1,-1.724,5.71667,"November 30, 16",-0.01724
0,2016-11-29,5.65,5.7,5.63,5.7,5.7,35200.0,35200.0,0.05,0.885,5.67667,"November 29, 16",0.00885
0,2016-11-28,5.7,5.7,5.6,5.6,5.6,3600.0,3600.0,-0.1,-1.754,5.63333,"November 28, 16",-0.01754
0,2016-11-25,5.7,5.7,5.55,5.65,5.65,8900.0,8900.0,-0.05,-0.877,5.63333,"November 25, 16",-0.00877
0,2016-11-23,5.65,5.7,5.6,5.7,5.7,7300.0,7300.0,0.05,0.885,5.66667,"November 23, 16",0.00885
0,2016-11-22,5.7,5.7,5.6,5.7,5.7,22500.0,22500.0,0.0,0.0,5.66667,"November 22, 16",0.0
0,2016-11-21,5.65,5.75,5.6,5.65,5.65,14100.0,14100.0,0.0,0.0,5.66667,"November 21, 16",0.0
0,2016-11-18,5.8,5.85,5.75,5.8,5.8,23800.0,23800.0,0.0,0.0,5.8,"November 18, 16",0.0
0,2016-11-17,5.6,5.75,5.5,5.75,5.75,18900.0,18900.0,0.15,2.679,5.66667,"November 17, 16",0.02679
0,2016-11-16,5.4,5.6,5.37,5.6,5.6,72400.0,72400.0,0.2,3.704,5.52333,"November 16, 16",0.03704
0,2016-11-15,5.6,5.6,5.25,5.25,5.25,60200.0,60200.0,-0.35,-6.25,5.36667,"November 15, 16",-0.0625
0,2016-11-14,5.9,5.9,5.2,5.5,5.5,196400.0,196400.0,-0.4,-6.78,5.53333,"November 14, 16",-0.0678
0,2016-11-11,6.0,6.2,6.0,6.15,6.15,99500.0,99500.0,0.15,2.5,6.11667,"November 11, 16",0.025
0,2016-11-10,6.0,6.05,6.0,6.03,6.03,23000.0,23000.0,0.03,0.5,6.02667,"November 10, 16",0.005
0,2016-11-09,6.05,6.15,5.9,6.0,6.0,92800.0,92800.0,-0.05,-0.826,6.01667,"November 09, 16",-0.00826
0,2016-11-08,6.3,6.3,6.2,6.2,6.2,18500.0,18500.0,-0.1,-1.587,6.23333,"November 08, 16",-0.01587
0,2016-11-07,6.3,6.4,6.3,6.4,6.4,8900.0,8900.0,0.1,1.587,6.36667,"November 07, 16",0.01587
0,2016-11-04,6.22,6.4,6.05,6.3,6.3,46000.0,46000.0,0.08,1.286,6.25,"November 04, 16",0.01286
0,2016-11-03,6.2,6.25,6.2,6.2,6.2,6700.0,6700.0,0.0,0.0,6.21667,"November 03, 16",0.0
0,2016-11-02,6.4,6.4,6.2,6.2,6.2,17700.0,17700.0,-0.2,-3.125,6.26667,"November 02, 16",-0.03125
0,2016-11-01,6.45,6.45,6.3,6.35,6.35,21900.0,21900.0,-0.1,-1.55,6.36667,"November 01, 16",-0.0155
0,2016-10-31,6.45,6.5,6.3,6.45,6.45,28200.0,28200.0,0.0,0.0,6.41667,"October 31, 16",0.0
0,2016-10-28,6.35,6.45,6.35,6.45,6.45,16600.0,16600.0,0.1,1.575,6.41667,"October 28, 16",0.01575
0,2016-10-27,6.4,6.4,6.35,6.38,6.38,18000.0,18000.0,-0.02,-0.312,6.37667,"October 27, 16",-0.00312
0,2016-10-26,6.3,6.35,6.25,6.3,6.3,4900.0,4900.0,0.0,0.0,6.3,"October 26, 16",0.0
0,2016-10-25,6.25,6.3,6.25,6.3,6.3,7100.0,7100.0,0.05,0.8,6.28333,"October 25, 16",0.008
0,2016-10-24,6.35,6.55,6.25,6.25,6.25,16600.0,16600.0,-0.1,-1.575,6.35,"October 24, 16",-0.01575
0,2016-10-21,6.55,6.55,6.4,6.4,6.4,36300.0,36300.0,-0.15,-2.29,6.45,"October 21, 16",-0.0229
0,2016-10-20,6.5,6.55,6.4,6.45,6.45,22200.0,22200.0,-0.05,-0.769,6.46667,"October 20, 16",-0.00769
0,2016-10-19,6.5,6.65,6.5,6.5,6.5,9800.0,9800.0,0.0,0.0,6.55,"October 19, 16",0.0
0,2016-10-18,6.65,6.65,6.5,6.5,6.5,9200.0,9200.0,-0.15,-2.256,6.55,"October 18, 16",-0.02256
0,2016-10-17,6.65,6.65,6.5,6.55,6.55,50300.0,50300.0,-0.1,-1.504,6.56667,"October 17, 16",-0.01504
0,2016-10-14,6.58,6.63,6.56,6.6,6.6,31600.0,31600.0,0.02,0.304,6.59667,"October 14, 16",0.00304
0,2016-10-13,6.57,6.64,6.4,6.55,6.55,20400.0,20400.0,-0.02,-0.304,6.53,"October 13, 16",-0.00304
0,2016-10-12,6.55,6.64,6.44,6.59,6.59,22900.0,22900.0,0.04,0.611,6.55667,"October 12, 16",0.00611
0,2016-10-11,6.61,6.64,6.41,6.55,6.55,65900.0,65900.0,-0.06,-0.908,6.53333,"October 11, 16",-0.00908
0,2016-10-10,6.39,6.61,6.36,6.58,6.58,29300.0,29300.0,0.19,2.973,6.51667,"October 10, 16",0.02973
0,2016-10-07,6.45,6.47,6.29,6.4,6.4,25500.0,25500.0,-0.05,-0.775,6.38667,"October 07, 16",-0.00775
0,2016-10-06,6.44,6.54,6.42,6.45,6.45,19800.0,19800.0,0.01,0.155,6.47,"October 06, 16",0.00155
0,2016-10-05,6.32,6.5,6.24,6.5,6.5,31100.0,31100.0,0.18,2.848,6.41333,"October 05, 16",0.02848
0,2016-10-04,6.23,6.36,6.23,6.27,6.27,49400.0,49400.0,0.04,0.642,6.28667,"October 04, 16",0.00642
0,2016-10-03,6.25,6.3,6.15,6.28,6.28,39900.0,39900.0,0.03,0.48,6.24333,"October 03, 16",0.0048
0,2016-09-30,6.22,6.36,6.2,6.26,6.26,64500.0,64500.0,0.04,0.643,6.27333,"September 30, 16",0.00643
0,2016-09-29,6.28,6.28,6.15,6.26,6.26,59200.0,59200.0,-0.02,-0.318,6.23,"September 29, 16",-0.00318
0,2016-09-28,6.36,6.36,6.25,6.27,6.27,35200.0,35200.0,-0.09,-1.415,6.29333,"September 28, 16",-0.01415
0,2016-09-27,6.4,6.44,6.21,6.3,6.3,20300.0,20300.0,-0.1,-1.563,6.31667,"September 27, 16",-0.01563
0,2016-09-26,6.19,6.26,6.18,6.25,6.25,50600.0,50600.0,0.06,0.969,6.23,"September 26, 16",0.00969
0,2016-09-23,6.33,6.33,6.17,6.18,6.18,21200.0,21200.0,-0.15,-2.37,6.22667,"September 23, 16",-0.0237
0,2016-09-22,6.14,6.23,6.1,6.2,6.2,46300.0,46300.0,0.06,0.977,6.17667,"September 22, 16",0.00977
0,2016-09-21,6.11,6.33,6.02,6.19,6.19,32500.0,32500.0,0.08,1.309,6.18,"September 21, 16",0.01309
0,2016-09-20,6.3,6.3,6.07,6.09,6.09,31000.0,31000.0,-0.21,-3.333,6.15333,"September 20, 16",-0.03333
0,2016-09-19,6.38,6.45,6.23,6.26,6.26,75400.0,75400.0,-0.12,-1.881,6.31333,"September 19, 16",-0.01881
0,2016-09-16,6.7,6.7,6.3,6.35,6.35,115800.0,115800.0,-0.35,-5.224,6.45,"September 16, 16",-0.05224
0,2016-09-15,6.88,7.0,6.45,6.55,6.55,366100.0,366100.0,-0.33,-4.797,6.66667,"September 15, 16",-0.04797
0,2016-09-14,5.96,6.25,5.94,6.18,6.18,70000.0,70000.0,0.22,3.691,6.12333,"September 14, 16",0.03691
0,2016-09-13,6.03,6.06,5.98,5.98,5.98,11700.0,11700.0,-0.05,-0.829,6.00667,"September 13, 16",-0.00829
0,2016-09-12,5.93,6.09,5.93,6.05,6.05,11800.0,11800.0,0.12,2.024,6.02333,"September 12, 16",0.02024
0,2016-09-09,6.06,6.09,5.97,6.0,6.0,11500.0,11500.0,-0.06,-0.99,6.02,"September 09, 16",-0.0099
0,2016-09-08,6.01,6.13,6.0,6.05,6.05,10400.0,10400.0,0.04,0.666,6.06,"September 08, 16",0.00666
0,2016-09-07,5.91,6.14,5.89,6.1,6.1,34700.0,34700.0,0.19,3.215,6.04333,"September 07, 16",0.03215
0,2016-09-06,6.03,6.03,5.88,5.95,5.95,15500.0,15500.0,-0.08,-1.327,5.95333,"September 06, 16",-0.01327
0,2016-09-02,6.03,6.03,5.94,5.96,5.96,7500.0,7500.0,-0.07,-1.161,5.97667,"September 02, 16",-0.01161
0,2016-09-01,6.0,6.08,5.88,5.88,5.88,3500.0,3500.0,-0.12,-2.0,5.94667,"September 01, 16",-0.02
0,2016-08-31,5.99,6.07,5.95,6.0,6.0,2500.0,2500.0,0.01,0.167,6.00667,"August 31, 16",0.00167
0,2016-08-30,6.06,6.12,5.97,6.03,6.03,13500.0,13500.0,-0.03,-0.495,6.04,"August 30, 16",-0.00495
0,2016-08-29,5.97,6.24,5.93,6.1,6.1,14700.0,14700.0,0.13,2.178,6.09,"August 29, 16",0.02178
0,2016-08-26,6.07,6.07,5.96,5.99,5.99,11500.0,11500.0,-0.08,-1.318,6.00667,"August 26, 16",-0.01318
0,2016-08-25,6.0,6.14,6.0,6.12,6.12,8600.0,8600.0,0.12,2.0,6.08667,"August 25, 16",0.02
0,2016-08-24,5.91,6.19,5.91,6.17,6.17,32600.0,32600.0,0.26,4.399,6.09,"August 24, 16",0.04399
0,2016-08-23,6.06,6.06,5.99,6.0,6.0,11300.0,11300.0,-0.06,-0.99,6.01667,"August 23, 16",-0.0099
0,2016-08-22,6.06,6.06,5.98,6.0,6.0,5300.0,5300.0,-0.06,-0.99,6.01333,"August 22, 16",-0.0099
0,2016-08-19,5.89,6.12,5.89,6.02,6.02,11700.0,11700.0,0.13,2.207,6.01,"August 19, 16",0.02207
0,2016-08-18,5.92,6.09,5.85,5.94,5.94,36500.0,36500.0,0.02,0.338,5.96,"August 18, 16",0.00338
0,2016-08-17,6.0,6.0,5.87,5.9,5.9,14300.0,14300.0,-0.1,-1.667,5.92333,"August 17, 16",-0.01667
0,2016-08-16,6.07,6.21,5.92,6.07,6.07,21200.0,21200.0,0.0,0.0,6.06667,"August 16, 16",0.0
0,2016-08-15,5.83,6.11,5.83,6.1,6.1,34700.0,34700.0,0.27,4.631,6.01333,"August 15, 16",0.04631
0,2016-08-12,5.91,5.92,5.83,5.87,5.87,11900.0,11900.0,-0.04,-0.677,5.87333,"August 12, 16",-0.00677
0,2016-08-11,5.9,5.95,5.84,5.92,5.92,7300.0,7300.0,0.02,0.339,5.90333,"August 11, 16",0.00339
0,2016-08-10,5.94,5.94,5.82,5.83,5.83,10600.0,10600.0,-0.11,-1.852,5.86333,"August 10, 16",-0.01852
0,2016-08-09,5.91,5.95,5.83,5.86,5.86,19200.0,19200.0,-0.05,-0.846,5.88,"August 09, 16",-0.00846
0,2016-08-08,5.98,5.98,5.9,5.9,5.9,7600.0,7600.0,-0.08,-1.338,5.92667,"August 08, 16",-0.01338
0,2016-08-05,5.86,5.92,5.86,5.89,5.89,5900.0,5900.0,0.03,0.512,5.89,"August 05, 16",0.00512
0,2016-08-04,5.91,5.98,5.79,5.87,5.87,4400.0,4400.0,-0.04,-0.677,5.88,"August 04, 16",-0.00677
0,2016-08-03,5.89,5.91,5.8,5.86,5.86,4900.0,4900.0,-0.03,-0.509,5.85667,"August 03, 16",-0.00509
0,2016-08-02,5.9,5.92,5.78,5.82,5.82,6600.0,6600.0,-0.08,-1.356,5.84,"August 02, 16",-0.01356
0,2016-08-01,5.81,5.94,5.78,5.91,5.91,4700.0,4700.0,0.1,1.721,5.87667,"August 01, 16",0.01721
0,2016-07-29,5.89,6.07,5.81,5.82,5.82,9300.0,9300.0,-0.07,-1.188,5.9,"July 29, 16",-0.01188
0,2016-07-28,5.92,6.05,5.9,5.91,5.91,3100.0,3100.0,-0.01,-0.169,5.95333,"July 28, 16",-0.00169
0,2016-07-27,6.0,6.0,5.9,5.95,5.95,4500.0,4500.0,-0.05,-0.833,5.95,"July 27, 16",-0.00833
0,2016-07-26,5.99,6.11,5.99,6.02,6.02,2600.0,2600.0,0.03,0.501,6.04,"July 26, 16",0.00501
0,2016-07-25,6.07,6.12,5.88,6.11,6.11,14500.0,14500.0,0.04,0.659,6.03667,"July 25, 16",0.00659
0,2016-07-22,6.06,6.1,6.01,6.04,6.04,5400.0,5400.0,-0.02,-0.33,6.05,"July 22, 16",-0.0033
0,2016-07-21,6.16,6.19,6.1,6.1,6.1,2700.0,2700.0,-0.06,-0.974,6.13,"July 21, 16",-0.00974
0,2016-07-20,6.19,6.19,6.11,6.16,6.16,4100.0,4100.0,-0.03,-0.485,6.15333,"July 20, 16",-0.00485
0,2016-07-19,5.95,6.14,5.95,6.09,6.09,9900.0,9900.0,0.14,2.353,6.06,"July 19, 16",0.02353
0,2016-07-18,5.99,6.1,5.85,5.9,5.9,16100.0,16100.0,-0.09,-1.503,5.95,"July 18, 16",-0.01503
0,2016-07-15,5.85,6.04,5.85,5.97,5.97,8700.0,8700.0,0.12,2.051,5.95333,"July 15, 16",0.02051
0,2016-07-14,5.94,6.0,5.87,5.88,5.88,8400.0,8400.0,-0.06,-1.01,5.91667,"July 14, 16",-0.0101
0,2016-07-13,5.85,5.97,5.84,5.9,5.9,10800.0,10800.0,0.05,0.855,5.90333,"July 13, 16",0.00855
0,2016-07-12,5.91,5.96,5.8,5.9,5.9,12200.0,12200.0,-0.01,-0.169,5.88667,"July 12, 16",-0.00169
0,2016-07-11,5.79,5.95,5.79,5.82,5.82,25300.0,25300.0,0.03,0.518,5.85333,"July 11, 16",0.00518
0,2016-07-08,5.8,5.87,5.78,5.79,5.79,9400.0,9400.0,-0.01,-0.172,5.81333,"July 08, 16",-0.00172
0,2016-07-07,5.72,5.9,5.7,5.7,5.7,20300.0,20300.0,-0.02,-0.35,5.76667,"July 07, 16",-0.0035
0,2016-07-06,5.73,5.79,5.64,5.7,5.7,15500.0,15500.0,-0.03,-0.524,5.71,"July 06, 16",-0.00524
0,2016-07-05,5.93,5.99,5.71,5.79,5.79,13000.0,13000.0,-0.14,-2.361,5.83,"July 05, 16",-0.02361
0,2016-07-01,6.03,6.03,5.79,5.98,5.98,12400.0,12400.0,-0.05,-0.829,5.93333,"July 01, 16",-0.00829
0,2016-06-30,5.9,6.0,5.77,5.84,5.84,22500.0,22500.0,-0.06,-1.017,5.87,"June 30, 16",-0.01017
0,2016-06-29,5.72,5.98,5.7,5.86,5.86,22600.0,22600.0,0.14,2.448,5.84667,"June 29, 16",0.02448
0,2016-06-28,5.44,5.7,5.44,5.69,5.69,42400.0,42400.0,0.25,4.596,5.61,"June 28, 16",0.04596
0,2016-06-27,5.68,5.71,5.4,5.42,5.42,33100.0,33100.0,-0.26,-4.577,5.51,"June 27, 16",-0.04577
0,2016-06-24,5.7,5.86,5.65,5.69,5.69,10800.0,10800.0,-0.01,-0.175,5.73333,"June 24, 16",-0.00175
0,2016-06-23,5.83,5.94,5.83,5.85,5.85,13400.0,13400.0,0.02,0.343,5.87333,"June 23, 16",0.00343
0,2016-06-22,5.85,6.05,5.76,5.8,5.8,14400.0,14400.0,-0.05,-0.855,5.87,"June 22, 16",-0.00855
0,2016-06-21,5.94,5.96,5.83,5.91,5.91,7700.0,7700.0,-0.03,-0.505,5.9,"June 21, 16",-0.00505
0,2016-06-20,6.21,6.21,6.01,6.02,6.02,6000.0,6000.0,-0.19,-3.06,6.08,"June 20, 16",-0.0306
0,2016-06-17,5.67,6.25,5.67,6.08,6.08,52200.0,52200.0,0.41,7.231,6.0,"June 17, 16",0.07231
0,2016-06-16,5.68,5.69,5.66,5.69,5.69,5300.0,5300.0,0.01,0.176,5.68,"June 16, 16",0.00176
0,2016-06-15,5.75,5.88,5.65,5.68,5.68,8700.0,8700.0,-0.07,-1.217,5.73667,"June 15, 16",-0.01217
0,2016-06-14,5.66,5.86,5.66,5.68,5.68,8800.0,8800.0,0.02,0.353,5.73333,"June 14, 16",0.00353
0,2016-06-13,5.93,6.24,5.67,5.67,5.67,45400.0,45400.0,-0.26,-4.384,5.86,"June 13, 16",-0.04384
0,2016-06-10,6.02,6.17,5.92,6.0,6.0,14900.0,14900.0,-0.02,-0.332,6.03,"June 10, 16",-0.00332
0,2016-06-09,6.15,6.15,6.05,6.09,6.09,9600.0,9600.0,-0.06,-0.976,6.09667,"June 09, 16",-0.00976
0,2016-06-08,6.11,6.25,6.11,6.14,6.14,6700.0,6700.0,0.03,0.491,6.16667,"June 08, 16",0.00491
0,2016-06-07,5.89,6.21,5.89,6.15,6.15,10100.0,10100.0,0.26,4.414,6.08333,"June 07, 16",0.04414
0,2016-06-06,5.88,5.95,5.88,5.94,5.94,16800.0,16800.0,0.06,1.02,5.92333,"June 06, 16",0.0102
0,2016-06-03,6.07,6.07,5.88,5.9,5.9,12700.0,12700.0,-0.17,-2.801,5.95,"June 03, 16",-0.02801
0,2016-06-02,6.23,6.23,5.9,5.96,5.96,14700.0,14700.0,-0.27,-4.334,6.03,"June 02, 16",-0.04334
0,2016-06-01,6.01,6.2,5.97,6.07,6.07,22000.0,22000.0,0.06,0.998,6.08,"June 01, 16",0.00998
0,2016-05-31,6.06,6.11,5.79,5.95,5.95,30200.0,30200.0,-0.11,-1.815,5.95,"May 31, 16",-0.01815
0,2016-05-27,6.08,6.09,6.0,6.04,6.04,8900.0,8900.0,-0.04,-0.658,6.04333,"May 27, 16",-0.00658
0,2016-05-26,6.16,6.16,6.02,6.02,6.02,32900.0,32900.0,-0.14,-2.273,6.06667,"May 26, 16",-0.02273
0,2016-05-25,6.19,6.27,6.12,6.19,6.19,4100.0,4100.0,0.0,0.0,6.19333,"May 25, 16",0.0
0,2016-05-24,6.21,6.4,6.11,6.17,6.17,75400.0,75400.0,-0.04,-0.644,6.22667,"May 24, 16",-0.00644
0,2016-05-23,6.26,6.26,6.11,6.12,6.12,16000.0,16000.0,-0.14,-2.236,6.16333,"May 23, 16",-0.02236
0,2016-05-20,6.19,6.44,6.19,6.27,6.27,8100.0,8100.0,0.08,1.292,6.3,"May 20, 16",0.01292
0,2016-05-19,6.13,6.2,6.13,6.17,6.17,14100.0,14100.0,0.04,0.653,6.16667,"May 19, 16",0.00653
0,2016-05-18,6.06,6.18,6.05,6.15,6.15,6000.0,6000.0,0.09,1.485,6.12667,"May 18, 16",0.01485
0,2016-05-17,6.24,6.26,6.04,6.12,6.12,43000.0,43000.0,-0.12,-1.923,6.14,"May 17, 16",-0.01923
0,2016-05-16,6.41,6.53,6.24,6.26,6.26,18300.0,18300.0,-0.15,-2.34,6.34333,"May 16, 16",-0.0234
0,2016-05-13,6.28,6.52,6.23,6.34,6.34,50700.0,50700.0,0.06,0.955,6.36333,"May 13, 16",0.00955
0,2016-05-12,6.53,6.62,6.29,6.33,6.33,65100.0,65100.0,-0.2,-3.063,6.41333,"May 12, 16",-0.03063
0,2016-05-11,6.67,6.74,6.56,6.57,6.57,45000.0,45000.0,-0.1,-1.499,6.62333,"May 11, 16",-0.01499
0,2016-05-10,7.27,7.4,6.18,6.64,6.64,232200.0,232200.0,-0.63,-8.666,6.74,"May 10, 16",-0.08666
0,2016-05-09,6.91,7.1,6.9,6.96,6.96,18300.0,18300.0,0.05,0.724,6.98667,"May 09, 16",0.00724
0,2016-05-06,6.8,6.99,6.68,6.97,6.97,16600.0,16600.0,0.17,2.5,6.88,"May 06, 16",0.025
0,2016-05-05,6.84,6.92,6.78,6.78,6.78,9700.0,9700.0,-0.06,-0.877,6.82667,"May 05, 16",-0.00877
0,2016-05-04,6.82,6.91,6.77,6.8,6.8,8700.0,8700.0,-0.02,-0.293,6.82667,"May 04, 16",-0.00293
0,2016-05-03,6.76,6.89,6.72,6.85,6.85,29900.0,29900.0,0.09,1.331,6.82,"May 03, 16",0.01331
0,2016-05-02,6.81,6.89,6.76,6.79,6.79,43100.0,43100.0,-0.02,-0.294,6.81333,"May 02, 16",-0.00294
0,2016-04-29,7.26,7.43,6.8,6.87,6.87,158100.0,158100.0,-0.39,-5.372,7.03333,"April 29, 16",-0.05372
0,2016-04-28,7.32,7.42,7.22,7.23,7.23,72300.0,72300.0,-0.09,-1.23,7.29,"April 28, 16",-0.0123
0,2016-04-27,7.3,7.41,7.16,7.41,7.41,22400.0,22400.0,0.11,1.507,7.32667,"April 27, 16",0.01507
0,2016-04-26,7.2,7.46,7.16,7.38,7.38,29600.0,29600.0,0.18,2.5,7.33333,"April 26, 16",0.025
0,2016-04-25,7.34,7.34,7.2,7.24,7.24,29500.0,29500.0,-0.1,-1.362,7.26,"April 25, 16",-0.01362
0,2016-04-22,7.29,7.37,7.25,7.34,7.34,16000.0,16000.0,0.05,0.686,7.32,"April 22, 16",0.00686
0,2016-04-21,7.15,7.35,7.15,7.3,7.3,43200.0,43200.0,0.15,2.098,7.26667,"April 21, 16",0.02098
0,2016-04-20,7.17,7.29,7.11,7.18,7.18,19700.0,19700.0,0.01,0.139,7.19333,"April 20, 16",0.00139
0,2016-04-19,7.22,7.22,7.11,7.14,7.14,18400.0,18400.0,-0.08,-1.108,7.15667,"April 19, 16",-0.01108
0,2016-04-18,7.08,7.23,7.04,7.16,7.16,28300.0,28300.0,0.08,1.13,7.14333,"April 18, 16",0.0113
0,2016-04-15,7.17,7.44,7.11,7.11,7.11,65800.0,65800.0,-0.06,-0.837,7.22,"April 15, 16",-0.00837
0,2016-04-14,7.08,7.2,7.08,7.17,7.17,15800.0,15800.0,0.09,1.271,7.15,"April 14, 16",0.01271
0,2016-04-13,7.07,7.17,7.01,7.08,7.08,24100.0,24100.0,0.01,0.141,7.08667,"April 13, 16",0.00141
0,2016-04-12,7.19,7.19,6.93,7.0,7.0,17300.0,17300.0,-0.19,-2.643,7.04,"April 12, 16",-0.02643
0,2016-04-11,6.89,7.07,6.88,6.97,6.97,19200.0,19200.0,0.08,1.161,6.97333,"April 11, 16",0.01161
0,2016-04-08,7.18,7.18,6.91,6.91,6.91,39900.0,39900.0,-0.27,-3.76,7.0,"April 08, 16",-0.0376
0,2016-04-07,7.11,7.2,7.0,7.13,7.13,25400.0,25400.0,0.02,0.281,7.11,"April 07, 16",0.00281
0,2016-04-06,6.9,7.14,6.9,7.11,7.11,26100.0,26100.0,0.21,3.043,7.05,"April 06, 16",0.03043
0,2016-04-05,6.98,7.06,6.86,6.86,6.86,12400.0,12400.0,-0.12,-1.719,6.92667,"April 05, 16",-0.01719
0,2016-04-04,7.01,7.01,6.86,6.97,6.97,52300.0,52300.0,-0.04,-0.571,6.94667,"April 04, 16",-0.00571
0,2016-04-01,6.98,7.05,6.91,6.97,6.97,59200.0,59200.0,-0.01,-0.143,6.97667,"April 01, 16",-0.00143
0,2016-03-31,6.94,7.1,6.93,6.98,6.98,39500.0,39500.0,0.04,0.576,7.00333,"March 31, 16",0.00576
0,2016-03-30,6.9,7.03,6.9,7.02,7.02,30300.0,30300.0,0.12,1.739,6.98333,"March 30, 16",0.01739
0,2016-03-29,6.88,7.0,6.88,6.98,6.98,28100.0,28100.0,0.1,1.453,6.95333,"March 29, 16",0.01453
0,2016-03-28,6.92,7.01,6.91,7.0,7.0,18600.0,18600.0,0.08,1.156,6.97333,"March 28, 16",0.01156
0,2016-03-24,6.96,7.03,6.92,6.98,6.98,6300.0,6300.0,0.02,0.287,6.97667,"March 24, 16",0.00287
0,2016-03-23,6.98,7.08,6.86,7.05,7.05,27500.0,27500.0,0.07,1.003,6.99667,"March 23, 16",0.01003
0,2016-03-22,6.99,7.0,6.84,6.99,6.99,42400.0,42400.0,0.0,0.0,6.94333,"March 22, 16",0.0
0,2016-03-21,6.99,7.04,6.81,6.99,6.99,53800.0,53800.0,0.0,0.0,6.94667,"March 21, 16",0.0
0,2016-03-18,7.02,7.05,6.97,6.99,6.99,30100.0,30100.0,-0.03,-0.427,7.00333,"March 18, 16",-0.00427
0,2016-03-17,7.02,7.07,6.86,7.0,7.0,42600.0,42600.0,-0.02,-0.285,6.97667,"March 17, 16",-0.00285
0,2016-03-16,6.85,6.95,6.85,6.91,6.91,16700.0,16700.0,0.06,0.876,6.90333,"March 16, 16",0.00876
0,2016-03-15,6.99,6.99,6.86,6.89,6.89,22100.0,22100.0,-0.1,-1.431,6.91333,"March 15, 16",-0.01431
0,2016-03-14,7.06,7.07,6.93,6.93,6.93,19700.0,19700.0,-0.13,-1.841,6.97667,"March 14, 16",-0.01841
0,2016-03-11,6.96,7.03,6.9,7.03,7.03,10700.0,10700.0,0.07,1.006,6.98667,"March 11, 16",0.01006
0,2016-03-10,7.05,7.07,6.91,6.93,6.93,12100.0,12100.0,-0.12,-1.702,6.97,"March 10, 16",-0.01702
0,2016-03-09,7.1,7.1,6.91,7.04,7.04,33700.0,33700.0,-0.06,-0.845,7.01667,"March 09, 16",-0.00845
0,2016-03-08,7.09,7.09,7.03,7.03,7.03,5500.0,5500.0,-0.06,-0.846,7.05,"March 08, 16",-0.00846
0,2016-03-07,7.02,7.2,6.93,7.09,7.09,19800.0,19800.0,0.07,0.997,7.07333,"March 07, 16",0.00997
0,2016-03-04,7.17,7.2,7.05,7.11,7.11,19800.0,19800.0,-0.06,-0.837,7.12,"March 04, 16",-0.00837
0,2016-03-03,7.25,7.27,7.08,7.24,7.24,16900.0,16900.0,-0.01,-0.138,7.19667,"March 03, 16",-0.00138
0,2016-03-02,7.15,7.25,7.0,7.24,7.24,21500.0,21500.0,0.09,1.259,7.16333,"March 02, 16",0.01259
0,2016-03-01,7.25,7.25,6.91,7.18,7.18,21400.0,21400.0,-0.07,-0.966,7.11333,"March 01, 16",-0.00966
0,2016-02-29,6.84,7.22,6.84,7.19,7.19,58000.0,58000.0,0.35,5.117,7.08333,"February 29, 16",0.05117
0,2016-02-26,6.89,6.9,6.71,6.78,6.78,19900.0,19900.0,-0.11,-1.597,6.79667,"February 26, 16",-0.01597
0,2016-02-25,6.6,6.83,6.55,6.74,6.74,22900.0,22900.0,0.14,2.121,6.70667,"February 25, 16",0.02121
0,2016-02-24,6.51,6.62,6.45,6.59,6.59,35700.0,35700.0,0.08,1.229,6.55333,"February 24, 16",0.01229
0,2016-02-23,6.9,6.98,6.51,6.56,6.56,37500.0,37500.0,-0.34,-4.928,6.68333,"February 23, 16",-0.04928
0,2016-02-22,6.59,7.27,6.59,6.74,6.74,45900.0,45900.0,0.15,2.276,6.86667,"February 22, 16",0.02276
0,2016-02-19,6.59,6.73,6.52,6.54,6.54,29000.0,29000.0,-0.05,-0.759,6.59667,"February 19, 16",-0.00759
0,2016-02-18,6.93,6.93,6.61,6.65,6.65,23900.0,23900.0,-0.28,-4.04,6.73,"February 18, 16",-0.0404
0,2016-02-17,6.9,6.95,6.77,6.83,6.83,37100.0,37100.0,-0.07,-1.014,6.85,"February 17, 16",-0.01014
