,date,open,high,low,close,adjClose,volume,unadjustedVolume,change,changePercent,vwap,label,changeOverTime
0,2021-02-16,4.91,5.06,4.91,5.05,5.05,2077260.0,2077260.0,0.14,2.851,5.00667,"February 16, 21",0.02851
0,2021-02-12,4.69,4.74,4.68,4.73,4.73,1000600.0,1000600.0,0.04,0.853,4.71667,"February 12, 21",0.00853
0,2021-02-11,4.72,4.76,4.68,4.75,4.75,1361500.0,1361500.0,0.03,0.636,4.73,"February 11, 21",0.00636
0,2021-02-10,4.82,4.85,4.76,4.81,4.81,1033900.0,1033900.0,-0.01,-0.207,4.80667,"February 10, 21",-0.00207
0,2021-02-09,4.76,4.81,4.73,4.78,4.78,1980400.0,1980400.0,0.02,0.42,4.77333,"February 09, 21",0.0042
0,2021-02-08,4.71,4.8,4.69,4.72,4.72,2574100.0,2574100.0,0.01,0.212,4.73667,"February 08, 21",0.00212
0,2021-02-05,4.57,4.66,4.52,4.6,4.6,2271700.0,2271700.0,0.03,0.656,4.59333,"February 05, 21",0.00656
0,2021-02-04,4.43,4.5,4.3,4.43,4.43,3019100.0,3019100.0,0.0,0.0,4.41,"February 04, 21",0.0
0,2021-02-03,4.16,4.22,4.16,4.19,4.19,718400.0,718400.0,0.03,0.721,4.19,"February 03, 21",0.00721
0,2021-02-02,4.17,4.22,4.15,4.2,4.2,927600.0,927600.0,0.03,0.719,4.19,"February 02, 21",0.00719
0,2021-02-01,4.11,4.12,4.06,4.1,4.1,801300.0,801300.0,-0.01,-0.243,4.09333,"February 01, 21",-0.00243
0,2021-01-29,4.03,4.04,3.95,3.98,3.98,1327300.0,1327300.0,-0.05,-1.241,3.99,"January 29, 21",-0.01241
0,2021-01-28,4.04,4.12,4.02,4.09,4.09,1278900.0,1278900.0,0.05,1.238,4.07667,"January 28, 21",0.01238
0,2021-01-27,3.99,4.03,3.94,3.96,3.96,1321500.0,1321500.0,-0.03,-0.752,3.97667,"January 27, 21",-0.00752
0,2021-01-26,4.17,4.21,4.15,4.16,4.16,820800.0,820800.0,-0.01,-0.24,4.17333,"January 26, 21",-0.0024
0,2021-01-25,4.12,4.16,4.09,4.11,4.11,1006400.0,1006400.0,-0.01,-0.243,4.12,"January 25, 21",-0.00243
0,2021-01-22,4.2,4.23,4.17,4.19,4.19,1031200.0,1031200.0,-0.01,-0.238,4.19667,"January 22, 21",-0.00238
0,2021-01-21,4.33,4.34,4.25,4.28,4.28,1012300.0,1012300.0,-0.05,-1.155,4.29,"January 21, 21",-0.01155
0,2021-01-20,4.22,4.26,4.19,4.26,4.26,1275900.0,1275900.0,0.04,0.948,4.23667,"January 20, 21",0.00948
0,2021-01-19,4.26,4.29,4.23,4.25,4.25,714500.0,714500.0,-0.01,-0.235,4.25667,"January 19, 21",-0.00235
0,2021-01-15,4.32,4.35,4.26,4.3,4.3,945100.0,945100.0,-0.02,-0.463,4.30333,"January 15, 21",-0.00463
0,2021-01-14,4.35,4.41,4.35,4.39,4.39,823300.0,823300.0,0.04,0.92,4.38333,"January 14, 21",0.0092
0,2021-01-13,4.34,4.37,4.31,4.35,4.35,956400.0,956400.0,0.01,0.23,4.34333,"January 13, 21",0.0023
0,2021-01-12,4.42,4.44,4.37,4.43,4.43,1129500.0,1129500.0,0.01,0.226,4.41333,"January 12, 21",0.00226
0,2021-01-11,4.29,4.4,4.27,4.39,4.39,975500.0,975500.0,0.1,2.331,4.35333,"January 11, 21",0.02331
0,2021-01-08,4.47,4.47,4.39,4.46,4.46,815000.0,815000.0,-0.01,-0.224,4.44,"January 08, 21",-0.00224
0,2021-01-07,4.47,4.54,4.46,4.5,4.5,819600.0,819600.0,0.03,0.671,4.5,"January 07, 21",0.00671
0,2021-01-06,4.41,4.57,4.38,4.52,4.52,1613400.0,1613400.0,0.11,2.494,4.49,"January 06, 21",0.02494
0,2021-01-05,4.19,4.27,4.18,4.26,4.26,1228100.0,1228100.0,0.07,1.671,4.23667,"January 05, 21",0.01671
0,2021-01-04,4.35,4.36,4.22,4.25,4.25,1092400.0,1092400.0,-0.1,-2.299,4.27667,"January 04, 21",-0.02299
0,2020-12-31,4.51,4.56,4.48,4.52,4.52,795500.0,795500.0,0.01,0.222,4.52,"December 31, 20",0.00222
0,2020-12-30,4.51,4.54,4.44,4.45,4.45,783100.0,783100.0,-0.06,-1.33,4.47667,"December 30, 20",-0.0133
0,2020-12-29,4.41,4.43,4.35,4.37,4.37,624900.0,624900.0,-0.04,-0.907,4.38333,"December 29, 20",-0.00907
0,2020-12-28,4.59,4.59,4.47,4.47,4.47,680700.0,680700.0,-0.12,-2.614,4.51,"December 28, 20",-0.02614
0,2020-12-24,4.54,4.54,4.45,4.46,4.46,590200.0,590200.0,-0.08,-1.762,4.48333,"December 24, 20",-0.01762
0,2020-12-23,4.37,4.52,4.37,4.48,4.48,1847700.0,1847700.0,0.11,2.517,4.45667,"December 23, 20",0.02517
0,2020-12-22,4.19,4.26,4.17,4.19,4.19,1265700.0,1265700.0,0.0,0.0,4.20667,"December 22, 20",0.0
0,2020-12-21,3.98,4.14,3.97,4.1,4.1,1890800.0,1890800.0,0.12,3.015,4.07,"December 21, 20",0.03015
0,2020-12-18,4.26,4.27,4.18,4.21,4.21,837400.0,837400.0,-0.05,-1.174,4.22,"December 18, 20",-0.01174
0,2020-12-17,4.45,4.49,4.37,4.37,4.37,904100.0,904100.0,-0.08,-1.798,4.41,"December 17, 20",-0.01798
0,2020-12-16,4.38,4.39,4.3,4.32,4.32,1026500.0,1026500.0,-0.06,-1.37,4.33667,"December 16, 20",-0.0137
0,2020-12-15,4.19,4.34,4.16,4.28,4.28,1422400.0,1422400.0,0.09,2.148,4.26,"December 15, 20",0.02148
0,2020-12-14,4.25,4.25,4.13,4.13,4.13,1387400.0,1387400.0,-0.12,-2.824,4.17,"December 14, 20",-0.02824
0,2020-12-11,3.97,4.03,3.92,3.94,3.94,2105900.0,2105900.0,-0.03,-0.756,3.96333,"December 11, 20",-0.00756
0,2020-12-10,4.17,4.38,4.16,4.29,4.29,1968300.0,1968300.0,0.12,2.878,4.27667,"December 10, 20",0.02878
0,2020-12-09,4.47,4.5,4.43,4.47,4.47,1082200.0,1082200.0,0.0,0.0,4.46667,"December 09, 20",0.0
0,2020-12-08,4.41,4.45,4.38,4.43,4.43,614600.0,614600.0,0.02,0.454,4.42,"December 08, 20",0.00454
0,2020-12-07,4.38,4.43,4.33,4.41,4.41,1118100.0,1118100.0,0.03,0.685,4.39,"December 07, 20",0.00685
0,2020-12-04,4.61,4.63,4.55,4.59,4.59,2150600.0,2150600.0,-0.02,-0.434,4.59,"December 04, 20",-0.00434
0,2020-12-03,4.51,4.59,4.49,4.53,4.53,935800.0,935800.0,0.02,0.443,4.53667,"December 03, 20",0.00443
0,2020-12-02,4.32,4.42,4.31,4.42,4.42,966700.0,966700.0,0.1,2.315,4.38333,"December 02, 20",0.02315
0,2020-12-01,4.25,4.41,4.23,4.38,4.38,1301200.0,1301200.0,0.13,3.059,4.34,"December 01, 20",0.03059
0,2020-11-30,4.23,4.23,4.03,4.04,4.04,875200.0,875200.0,-0.19,-4.492,4.1,"November 30, 20",-0.04492
0,2020-11-27,4.25,4.3,4.24,4.29,4.29,575700.0,575700.0,0.04,0.941,4.27667,"November 27, 20",0.00941
0,2020-11-25,4.29,4.37,4.25,4.37,4.37,930000.0,930000.0,0.08,1.865,4.33,"November 25, 20",0.01865
0,2020-11-24,4.35,4.47,4.35,4.47,4.47,1557500.0,1557500.0,0.12,2.759,4.43,"November 24, 20",0.02759
0,2020-11-23,4.17,4.23,4.14,4.2,4.2,1182000.0,1182000.0,0.03,0.719,4.19,"November 23, 20",0.00719
0,2020-11-20,4.1,4.13,4.08,4.11,4.11,640200.0,640200.0,0.01,0.244,4.10667,"November 20, 20",0.00244
0,2020-11-19,4.1,4.15,4.08,4.13,4.13,590900.0,590900.0,0.03,0.732,4.12,"November 19, 20",0.00732
0,2020-11-18,4.12,4.18,4.08,4.09,4.09,1014100.0,1014100.0,-0.03,-0.728,4.11667,"November 18, 20",-0.00728
0,2020-11-17,4.03,4.11,4.02,4.1,4.1,1099200.0,1099200.0,0.07,1.737,4.07667,"November 17, 20",0.01737
0,2020-11-16,3.96,4.01,3.93,4.01,4.01,960000.0,960000.0,0.05,1.263,3.98333,"November 16, 20",0.01263
0,2020-11-13,3.86,3.9,3.84,3.85,3.85,630300.0,630300.0,-0.01,-0.259,3.86333,"November 13, 20",-0.00259
0,2020-11-12,3.67,3.75,3.64,3.71,3.71,640600.0,640600.0,0.04,1.09,3.7,"November 12, 20",0.0109
0,2020-11-11,3.8,3.85,3.78,3.79,3.79,1199500.0,1199500.0,-0.01,-0.263,3.80667,"November 11, 20",-0.00263
0,2020-11-10,3.69,3.79,3.69,3.71,3.71,1796300.0,1796300.0,0.02,0.542,3.73,"November 10, 20",0.00542
0,2020-11-09,3.63,3.69,3.52,3.66,3.66,2417700.0,2417700.0,0.03,0.826,3.62333,"November 09, 20",0.00826
0,2020-11-06,3.3,3.31,3.23,3.23,3.23,474500.0,474500.0,-0.07,-2.121,3.25667,"November 06, 20",-0.02121
0,2020-11-05,3.2,3.27,3.2,3.25,3.25,756900.0,756900.0,0.05,1.563,3.24,"November 05, 20",0.01563
0,2020-11-04,3.25,3.26,3.2,3.22,3.22,1164600.0,1164600.0,-0.03,-0.923,3.22667,"November 04, 20",-0.00923
0,2020-11-03,3.28,3.35,3.27,3.32,3.32,1412300.0,1412300.0,0.04,1.22,3.31333,"November 03, 20",0.0122
0,2020-11-02,3.07,3.08,3.02,3.04,3.04,1102400.0,1102400.0,-0.03,-0.977,3.04667,"November 02, 20",-0.00977
0,2020-10-30,3.18,3.2,3.1,3.19,3.19,1943500.0,1943500.0,0.01,0.314,3.16333,"October 30, 20",0.00314
0,2020-10-29,2.99,3.05,2.95,3.04,3.04,1373100.0,1373100.0,0.05,1.672,3.01333,"October 29, 20",0.01672
0,2020-10-28,2.96,2.98,2.93,2.95,2.95,487900.0,487900.0,-0.01,-0.338,2.95333,"October 28, 20",-0.00338
0,2020-10-27,3.16,3.16,3.06,3.06,3.06,512300.0,512300.0,-0.1,-3.165,3.09333,"October 27, 20",-0.03165
0,2020-10-26,3.17,3.19,3.13,3.18,3.18,852800.0,852800.0,0.01,0.315,3.16667,"October 26, 20",0.00315
0,2020-10-23,3.19,3.2,3.14,3.18,3.18,784200.0,784200.0,-0.01,-0.313,3.17333,"October 23, 20",-0.00313
0,2020-10-22,3.04,3.13,3.03,3.1,3.1,1026500.0,1026500.0,0.06,1.974,3.08667,"October 22, 20",0.01974
0,2020-10-21,2.99,3.07,2.99,3.02,3.02,821700.0,821700.0,0.03,1.003,3.02667,"October 21, 20",0.01003
0,2020-10-20,2.94,3.0,2.94,2.94,2.94,610400.0,610400.0,0.0,0.0,2.96,"October 20, 20",0.0
0,2020-10-19,2.89,2.98,2.89,2.93,2.93,712000.0,712000.0,0.04,1.384,2.93333,"October 19, 20",0.01384
0,2020-10-16,2.83,2.91,2.83,2.9,2.9,625500.0,625500.0,0.07,2.473,2.88,"October 16, 20",0.02473
0,2020-10-15,2.79,2.85,2.78,2.83,2.83,464700.0,464700.0,0.04,1.434,2.82,"October 15, 20",0.01434
0,2020-10-14,2.86,2.88,2.82,2.84,2.84,892300.0,892300.0,-0.02,-0.699,2.84667,"October 14, 20",-0.00699
0,2020-10-13,2.85,2.85,2.77,2.77,2.77,1229900.0,1229900.0,-0.08,-2.807,2.79667,"October 13, 20",-0.02807
0,2020-10-12,2.94,2.96,2.91,2.95,2.95,596500.0,596500.0,0.01,0.34,2.94,"October 12, 20",0.0034
0,2020-10-09,2.96,2.97,2.92,2.93,2.93,605600.0,605600.0,-0.03,-1.014,2.94,"October 09, 20",-0.01014
0,2020-10-08,2.91,2.93,2.89,2.92,2.92,773900.0,773900.0,0.01,0.344,2.91333,"October 08, 20",0.00344
0,2020-10-07,2.93,2.96,2.88,2.92,2.92,775000.0,775000.0,-0.01,-0.341,2.92,"October 07, 20",-0.00341
0,2020-10-06,2.94,2.98,2.91,2.93,2.93,2080300.0,2080300.0,-0.01,-0.34,2.94,"October 06, 20",-0.0034
0,2020-10-05,2.82,2.85,2.81,2.85,2.85,1237000.0,1237000.0,0.03,1.064,2.83667,"October 05, 20",0.01064
0,2020-10-02,2.74,2.85,2.74,2.84,2.84,1089400.0,1089400.0,0.1,3.65,2.81,"October 02, 20",0.0365
0,2020-10-01,2.72,2.74,2.68,2.73,2.73,1408700.0,1408700.0,0.01,0.368,2.71667,"October 01, 20",0.00368
0,2020-09-30,2.72,2.73,2.68,2.69,2.69,1183000.0,1183000.0,-0.03,-1.103,2.7,"September 30, 20",-0.01103
0,2020-09-29,2.68,2.7,2.61,2.64,2.64,1757600.0,1757600.0,-0.04,-1.493,2.65,"September 29, 20",-0.01493
0,2020-09-28,2.69,2.74,2.69,2.72,2.72,1180400.0,1180400.0,0.03,1.115,2.71667,"September 28, 20",0.01115
0,2020-09-25,2.5,2.53,2.48,2.51,2.51,1266700.0,1266700.0,0.01,0.4,2.50667,"September 25, 20",0.004
0,2020-09-24,2.53,2.56,2.5,2.51,2.51,1969100.0,1969100.0,-0.02,-0.791,2.52333,"September 24, 20",-0.00791
0,2020-09-23,2.52,2.55,2.42,2.43,2.43,2934500.0,2934500.0,-0.09,-3.571,2.46667,"September 23, 20",-0.03571
0,2020-09-22,2.45,2.49,2.41,2.44,2.44,2058400.0,2058400.0,-0.01,-0.408,2.44667,"September 22, 20",-0.00408
0,2020-09-21,2.37,2.39,2.34,2.35,2.35,1972000.0,1972000.0,-0.02,-0.844,2.36,"September 21, 20",-0.00844
0,2020-09-18,2.52,2.52,2.47,2.49,2.49,1331500.0,1331500.0,-0.03,-1.19,2.49333,"September 18, 20",-0.0119
0,2020-09-17,2.56,2.6,2.56,2.59,2.59,739000.0,739000.0,0.03,1.172,2.58333,"September 17, 20",0.01172
0,2020-09-16,2.59,2.69,2.58,2.65,2.65,1153200.0,1153200.0,0.06,2.317,2.64,"September 16, 20",0.02317
0,2020-09-15,2.62,2.63,2.56,2.57,2.57,1870400.0,1870400.0,-0.05,-1.908,2.58667,"September 15, 20",-0.01908
0,2020-09-14,2.63,2.65,2.6,2.6,2.6,1064600.0,1064600.0,-0.03,-1.141,2.61667,"September 14, 20",-0.01141
0,2020-09-11,2.62,2.64,2.58,2.6,2.6,858100.0,858100.0,-0.02,-0.763,2.60667,"September 11, 20",-0.00763
0,2020-09-10,2.72,2.72,2.61,2.61,2.61,1268600.0,1268600.0,-0.11,-4.044,2.64667,"September 10, 20",-0.04044
0,2020-09-09,2.7,2.7,2.67,2.68,2.68,1419300.0,1419300.0,-0.02,-0.741,2.68333,"September 09, 20",-0.00741
0,2020-09-08,2.7,2.73,2.68,2.7,2.7,1065600.0,1065600.0,0.0,0.0,2.70333,"September 08, 20",0.0
0,2020-09-04,2.87,2.89,2.8,2.86,2.86,1005900.0,1005900.0,-0.01,-0.348,2.85,"September 04, 20",-0.00348
0,2020-09-03,2.83,2.87,2.74,2.75,2.75,980200.0,980200.0,-0.08,-2.827,2.78667,"September 03, 20",-0.02827
0,2020-09-02,2.8,2.82,2.76,2.79,2.79,1636700.0,1636700.0,-0.01,-0.357,2.79,"September 02, 20",-0.00357
0,2020-09-01,2.89,2.92,2.82,2.84,2.84,1747800.0,1747800.0,-0.05,-1.73,2.86,"September 01, 20",-0.0173
0,2020-08-31,2.96,2.98,2.9,2.93,2.93,777600.0,777600.0,-0.03,-1.014,2.93667,"August 31, 20",-0.01014
0,2020-08-28,3.01,3.02,2.98,2.99,2.99,3478200.0,3478200.0,-0.02,-0.664,2.99667,"August 28, 20",-0.00664
0,2020-08-27,2.99,3.02,2.94,2.94,2.94,820300.0,820300.0,-0.05,-1.672,2.96667,"August 27, 20",-0.01672
0,2020-08-26,3.01,3.03,2.99,3.0,3.0,450700.0,450700.0,-0.01,-0.332,3.00667,"August 26, 20",-0.00332
0,2020-08-25,2.98,3.01,2.93,2.97,2.97,489000.0,489000.0,-0.01,-0.336,2.97,"August 25, 20",-0.00336
0,2020-08-24,2.91,2.99,2.9,2.98,2.98,746900.0,746900.0,0.07,2.405,2.95667,"August 24, 20",0.02405
0,2020-08-21,2.9,2.95,2.9,2.93,2.93,424900.0,424900.0,0.03,1.034,2.92667,"August 21, 20",0.01034
0,2020-08-20,2.96,2.99,2.93,2.95,2.95,716100.0,716100.0,-0.01,-0.338,2.95667,"August 20, 20",-0.00338
0,2020-08-19,3.0,3.05,2.98,2.99,2.99,456500.0,456500.0,-0.01,-0.333,3.00667,"August 19, 20",-0.00333
0,2020-08-18,3.0,3.01,2.95,2.97,2.97,526500.0,526500.0,-0.03,-1.0,2.97667,"August 18, 20",-0.01
0,2020-08-17,3.02,3.03,2.97,2.99,2.99,455600.0,455600.0,-0.03,-0.993,2.99667,"August 17, 20",-0.00993
0,2020-08-14,3.01,3.08,3.01,3.05,3.05,462200.0,462200.0,0.04,1.329,3.04667,"August 14, 20",0.01329
0,2020-08-13,3.07,3.07,3.02,3.04,3.04,802500.0,802500.0,-0.03,-0.977,3.04333,"August 13, 20",-0.00977
0,2020-08-12,3.19,3.2,3.08,3.11,3.11,465300.0,465300.0,-0.08,-2.508,3.13,"August 12, 20",-0.02508
0,2020-08-11,3.1,3.17,3.09,3.11,3.11,1101500.0,1101500.0,0.01,0.323,3.12333,"August 11, 20",0.00323
0,2020-08-10,2.96,3.02,2.96,3.02,3.02,542300.0,542300.0,0.06,2.027,3.0,"August 10, 20",0.02027
0,2020-08-07,2.88,2.96,2.87,2.95,2.95,532600.0,532600.0,0.07,2.431,2.92667,"August 07, 20",0.02431
0,2020-08-06,2.93,2.97,2.93,2.96,2.96,481500.0,481500.0,0.03,1.024,2.95333,"August 06, 20",0.01024
0,2020-08-05,2.94,2.97,2.93,2.95,2.95,449900.0,449900.0,0.01,0.34,2.95,"August 05, 20",0.0034
0,2020-08-04,2.9,2.97,2.89,2.97,2.97,1063500.0,1063500.0,0.07,2.414,2.94333,"August 04, 20",0.02414
0,2020-08-03,2.86,2.92,2.83,2.89,2.89,643300.0,643300.0,0.03,1.049,2.88,"August 03, 20",0.01049
0,2020-07-31,2.85,2.86,2.75,2.76,2.76,907300.0,907300.0,-0.09,-3.158,2.79,"July 31, 20",-0.03158
0,2020-07-30,2.78,2.8,2.74,2.79,2.79,896900.0,896900.0,0.01,0.36,2.77667,"July 30, 20",0.0036
0,2020-07-29,2.94,2.96,2.9,2.95,2.95,748800.0,748800.0,0.01,0.34,2.93667,"July 29, 20",0.0034
0,2020-07-28,2.92,3.0,2.88,2.95,2.95,982200.0,982200.0,0.03,1.027,2.94333,"July 28, 20",0.01027
0,2020-07-27,2.9,2.92,2.87,2.88,2.88,793000.0,793000.0,-0.02,-0.69,2.89,"July 27, 20",-0.0069
0,2020-07-24,2.96,2.99,2.92,2.92,2.92,612400.0,612400.0,-0.04,-1.351,2.94333,"July 24, 20",-0.01351
0,2020-07-23,3.01,3.02,2.96,2.96,2.96,387600.0,387600.0,-0.05,-1.661,2.98,"July 23, 20",-0.01661
0,2020-07-22,3.1,3.12,3.06,3.09,3.09,714000.0,714000.0,-0.01,-0.323,3.09,"July 22, 20",-0.00323
0,2020-07-21,3.1,3.14,3.08,3.11,3.11,1782800.0,1782800.0,0.01,0.323,3.11,"July 21, 20",0.00323
0,2020-07-20,3.02,3.06,3.02,3.05,3.05,822000.0,822000.0,0.03,0.993,3.04333,"July 20, 20",0.00993
0,2020-07-17,3.08,3.08,3.03,3.05,3.05,1033400.0,1033400.0,-0.03,-0.974,3.05333,"July 17, 20",-0.00974
0,2020-07-16,3.08,3.13,3.06,3.08,3.08,1422300.0,1422300.0,0.0,0.0,3.09,"July 16, 20",0.0
0,2020-07-15,3.1,3.14,3.07,3.13,3.13,1586400.0,1586400.0,0.03,0.968,3.11333,"July 15, 20",0.00968
0,2020-07-14,3.03,3.08,3.02,3.06,3.06,1627400.0,1627400.0,0.03,0.99,3.05333,"July 14, 20",0.0099
0,2020-07-13,3.11,3.14,3.08,3.09,3.09,2202200.0,2202200.0,-0.02,-0.643,3.10333,"July 13, 20",-0.00643
0,2020-07-10,3.04,3.13,3.04,3.13,3.13,1449100.0,1449100.0,0.09,2.961,3.1,"July 10, 20",0.02961
0,2020-07-09,3.08,3.08,2.99,2.99,2.99,1845000.0,1845000.0,-0.09,-2.922,3.02,"July 09, 20",-0.02922
0,2020-07-08,3.04,3.11,3.04,3.09,3.09,1035800.0,1035800.0,0.05,1.645,3.08,"July 08, 20",0.01645
0,2020-07-07,3.13,3.13,3.04,3.05,3.05,1484000.0,1484000.0,-0.08,-2.556,3.07333,"July 07, 20",-0.02556
0,2020-07-06,3.16,3.19,3.13,3.16,3.16,1709100.0,1709100.0,0.0,0.0,3.16,"July 06, 20",0.0
0,2020-07-02,3.14,3.19,3.11,3.15,3.15,2598500.0,2598500.0,0.01,0.318,3.15,"July 02, 20",0.00318
0,2020-07-01,3.05,3.08,2.98,2.99,2.99,1905700.0,1905700.0,-0.06,-1.967,3.01667,"July 01, 20",-0.01967
0,2020-06-30,2.97,3.06,2.97,3.05,3.05,1458100.0,1458100.0,0.08,2.694,3.02667,"June 30, 20",0.02694
0,2020-06-29,2.98,3.03,2.96,3.0,3.0,1019800.0,1019800.0,0.02,0.671,2.99667,"June 29, 20",0.00671
0,2020-06-26,3.03,3.07,2.93,2.94,2.94,1516600.0,1516600.0,-0.09,-2.97,2.98,"June 26, 20",-0.0297
0,2020-06-25,2.98,3.06,2.97,3.05,3.05,1783700.0,1783700.0,0.07,2.349,3.02667,"June 25, 20",0.02349
0,2020-06-24,3.05,3.06,2.97,2.99,2.99,3289300.0,3289300.0,-0.06,-1.967,3.00667,"June 24, 20",-0.01967
0,2020-06-23,3.15,3.19,3.09,3.1,3.1,2724400.0,2724400.0,-0.05,-1.587,3.12667,"June 23, 20",-0.01587
0,2020-06-22,3.05,3.07,3.02,3.05,3.05,1817200.0,1817200.0,0.0,0.0,3.04667,"June 22, 20",0.0
0,2020-06-19,3.13,3.13,3.0,3.02,3.02,2291400.0,2291400.0,-0.11,-3.514,3.05,"June 19, 20",-0.03514
0,2020-06-18,3.07,3.13,3.06,3.09,3.09,1456700.0,1456700.0,0.02,0.651,3.09333,"June 18, 20",0.00651
0,2020-06-17,3.21,3.21,3.1,3.1,3.1,1494000.0,1494000.0,-0.11,-3.427,3.13667,"June 17, 20",-0.03427
0,2020-06-16,3.26,3.29,3.14,3.18,3.18,3579400.0,3579400.0,-0.08,-2.454,3.20333,"June 16, 20",-0.02454
0,2020-06-15,2.97,3.11,2.94,3.09,3.09,3189900.0,3189900.0,0.12,4.04,3.04667,"June 15, 20",0.0404
0,2020-06-12,3.08,3.12,3.0,3.09,3.09,2595500.0,2595500.0,0.01,0.325,3.07,"June 12, 20",0.00325
0,2020-06-11,3.07,3.16,2.94,2.96,2.96,4294600.0,4294600.0,-0.11,-3.583,3.02,"June 11, 20",-0.03583
0,2020-06-10,3.43,3.43,3.32,3.34,3.34,3271100.0,3271100.0,-0.09,-2.624,3.36333,"June 10, 20",-0.02624
0,2020-06-09,3.43,3.46,3.38,3.45,3.45,3496700.0,3496700.0,0.02,0.583,3.43,"June 09, 20",0.00583
0,2020-06-08,3.62,3.67,3.53,3.67,3.67,4439000.0,4439000.0,0.05,1.381,3.62333,"June 08, 20",0.01381
0,2020-06-05,3.57,3.6,3.48,3.52,3.52,4106100.0,4106100.0,-0.05,-1.401,3.53333,"June 05, 20",-0.01401
0,2020-06-04,3.21,3.28,3.16,3.27,3.27,2704900.0,2704900.0,0.06,1.869,3.23667,"June 04, 20",0.01869
0,2020-06-03,3.16,3.25,3.14,3.22,3.22,2730300.0,2730300.0,0.06,1.899,3.20333,"June 03, 20",0.01899
0,2020-06-02,3.09,3.11,3.05,3.06,3.06,2479900.0,2479900.0,-0.03,-0.971,3.07333,"June 02, 20",-0.00971
0,2020-06-01,2.86,2.95,2.86,2.95,2.95,1921900.0,1921900.0,0.09,3.147,2.92,"June 01, 20",0.03147
0,2020-05-29,2.82,2.84,2.76,2.78,2.78,2775200.0,2775200.0,-0.04,-1.418,2.79333,"May 29, 20",-0.01418
0,2020-05-28,3.01,3.01,2.93,2.94,2.94,2059200.0,2059200.0,-0.07,-2.326,2.96,"May 28, 20",-0.02326
0,2020-05-27,3.1,3.1,2.99,3.04,3.04,5452100.0,5452100.0,-0.06,-1.935,3.04333,"May 27, 20",-0.01935
0,2020-05-26,2.8,2.88,2.8,2.85,2.85,2892000.0,2892000.0,0.05,1.786,2.84333,"May 26, 20",0.01786
0,2020-05-22,2.66,2.66,2.57,2.61,2.61,2594900.0,2594900.0,-0.05,-1.88,2.61333,"May 22, 20",-0.0188
0,2020-05-21,2.65,2.68,2.58,2.6,2.6,3700500.0,3700500.0,-0.05,-1.887,2.62,"May 21, 20",-0.01887
0,2020-05-20,2.64,2.69,2.62,2.68,2.68,3130100.0,3130100.0,0.04,1.515,2.66333,"May 20, 20",0.01515
0,2020-05-19,2.64,2.69,2.59,2.61,2.61,3650900.0,3650900.0,-0.03,-1.136,2.63,"May 19, 20",-0.01136
0,2020-05-18,2.65,2.73,2.6,2.72,2.72,4771100.0,4771100.0,0.07,2.642,2.68333,"May 18, 20",0.02642
0,2020-05-15,2.58,2.61,2.55,2.57,2.57,2287500.0,2287500.0,-0.01,-0.388,2.57667,"May 15, 20",-0.00388
0,2020-05-14,2.54,2.66,2.48,2.64,2.64,3009200.0,3009200.0,0.1,3.937,2.59333,"May 14, 20",0.03937
0,2020-05-13,2.69,2.69,2.59,2.62,2.62,2425700.0,2425700.0,-0.07,-2.602,2.63333,"May 13, 20",-0.02602
0,2020-05-12,2.81,2.81,2.72,2.72,2.72,1845000.0,1845000.0,-0.09,-3.203,2.75,"May 12, 20",-0.03203
0,2020-05-11,2.79,2.79,2.74,2.78,2.78,1886800.0,1886800.0,-0.01,-0.358,2.77,"May 11, 20",-0.00358
0,2020-05-08,2.91,2.93,2.89,2.9,2.9,1278700.0,1278700.0,-0.01,-0.344,2.90667,"May 08, 20",-0.00344
0,2020-05-07,2.83,2.91,2.81,2.85,2.85,2339900.0,2339900.0,0.02,0.707,2.85667,"May 07, 20",0.00707
0,2020-05-06,2.8,2.81,2.68,2.7,2.7,1901300.0,1901300.0,-0.1,-3.571,2.73,"May 06, 20",-0.03571
0,2020-05-05,2.85,2.89,2.81,2.82,2.82,1767600.0,1767600.0,-0.03,-1.053,2.84,"May 05, 20",-0.01053
0,2020-05-04,2.82,2.84,2.78,2.82,2.82,2539200.0,2539200.0,0.0,0.0,2.81333,"May 04, 20",0.0
0,2020-05-01,2.97,2.99,2.88,2.93,2.93,2610800.0,2610800.0,-0.04,-1.347,2.93333,"May 01, 20",-0.01347
0,2020-04-30,2.84,2.88,2.79,2.83,2.83,3048800.0,3048800.0,-0.01,-0.352,2.83333,"April 30, 20",-0.00352
0,2020-04-29,2.96,3.06,2.93,3.04,3.04,3762700.0,3762700.0,0.08,2.703,3.01,"April 29, 20",0.02703
0,2020-04-28,2.93,2.96,2.88,2.9,2.9,3576200.0,3576200.0,-0.03,-1.024,2.91333,"April 28, 20",-0.01024
0,2020-04-27,2.65,2.74,2.63,2.73,2.73,2955300.0,2955300.0,0.08,3.019,2.7,"April 27, 20",0.03019
0,2020-04-24,2.64,2.67,2.61,2.65,2.65,1791500.0,1791500.0,0.01,0.379,2.64333,"April 24, 20",0.00379
0,2020-04-23,2.63,2.71,2.6,2.63,2.63,3302100.0,3302100.0,0.0,0.0,2.64667,"April 23, 20",0.0
0,2020-04-22,2.62,2.62,2.57,2.58,2.58,1848300.0,1848300.0,-0.04,-1.527,2.59,"April 22, 20",-0.01527
0,2020-04-21,2.59,2.64,2.54,2.57,2.57,3181400.0,3181400.0,-0.02,-0.772,2.58333,"April 21, 20",-0.00772
0,2020-04-20,2.65,2.7,2.61,2.65,2.65,3087500.0,3087500.0,0.0,0.0,2.65333,"April 20, 20",0.0
0,2020-04-17,2.68,2.74,2.65,2.74,2.74,3850300.0,3850300.0,0.06,2.239,2.71,"April 17, 20",0.02239
0,2020-04-16,2.65,2.65,2.55,2.6,2.6,2735200.0,2735200.0,-0.05,-1.887,2.6,"April 16, 20",-0.01887
0,2020-04-15,2.74,2.74,2.63,2.63,2.63,3099800.0,3099800.0,-0.11,-4.015,2.66667,"April 15, 20",-0.04015
0,2020-04-14,3.0,3.04,2.89,2.92,2.92,3145000.0,3145000.0,-0.08,-2.667,2.95,"April 14, 20",-0.02667
0,2020-04-13,3.13,3.13,2.95,3.0,3.0,1981300.0,1981300.0,-0.13,-4.153,3.02667,"April 13, 20",-0.04153
0,2020-04-09,2.97,3.1,2.96,3.08,3.08,3648900.0,3648900.0,0.11,3.704,3.04667,"April 09, 20",0.03704
0,2020-04-08,2.8,2.9,2.77,2.88,2.88,2694400.0,2694400.0,0.08,2.857,2.85,"April 08, 20",0.02857
0,2020-04-07,2.86,2.89,2.74,2.8,2.8,4941100.0,4941100.0,-0.06,-2.098,2.81,"April 07, 20",-0.02098
0,2020-04-06,2.58,2.67,2.55,2.64,2.64,3886800.0,3886800.0,0.06,2.326,2.62,"April 06, 20",0.02326
0,2020-04-03,2.5,2.51,2.45,2.47,2.47,2860000.0,2860000.0,-0.03,-1.2,2.47667,"April 03, 20",-0.012
0,2020-04-02,2.52,2.64,2.52,2.59,2.59,2219500.0,2219500.0,0.07,2.778,2.58333,"April 02, 20",0.02778
0,2020-04-01,2.63,2.66,2.55,2.58,2.58,3010400.0,3010400.0,-0.05,-1.901,2.59667,"April 01, 20",-0.01901
0,2020-03-31,2.82,2.85,2.7,2.72,2.72,3476400.0,3476400.0,-0.1,-3.546,2.75667,"March 31, 20",-0.03546
0,2020-03-30,2.9,2.93,2.85,2.91,2.91,2075200.0,2075200.0,0.01,0.345,2.89667,"March 30, 20",0.00345
0,2020-03-27,2.96,3.03,2.88,2.96,2.96,1390100.0,1390100.0,0.0,0.0,2.95667,"March 27, 20",0.0
0,2020-03-26,3.01,3.24,3.0,3.2,3.2,4259400.0,4259400.0,0.19,6.312,3.14667,"March 26, 20",0.06312
0,2020-03-25,3.04,3.25,2.93,3.18,2.973,6128800.0,6128800.0,0.14,4.605,3.12,"March 25, 20",0.04605
0,2020-03-24,2.77,2.84,2.69,2.76,2.58034,5777700.0,5777700.0,-0.01,-0.361,2.76333,"March 24, 20",-0.00361
0,2020-03-23,2.69,2.74,2.53,2.59,2.421406,3384900.0,3384900.0,-0.1,-3.717,2.62,"March 23, 20",-0.03717
0,2020-03-20,2.73,2.73,2.5,2.54,2.37466,4610300.0,4610300.0,-0.19,-6.96,2.59,"March 20, 20",-0.0696
0,2020-03-19,2.68,2.9,2.64,2.78,2.599038,3754000.0,3754000.0,0.1,3.731,2.77333,"March 19, 20",0.03731
0,2020-03-18,2.96,3.01,2.82,2.87,2.683179,7329800.0,7329800.0,-0.09,-3.041,2.9,"March 18, 20",-0.03041
0,2020-03-17,3.07,3.3,3.01,3.3,3.085189,3028000.0,3028000.0,0.23,7.492,3.20333,"March 17, 20",0.07492
0,2020-03-16,2.91,3.18,2.91,3.02,2.823415,2360000.0,2360000.0,0.11,3.78,3.03667,"March 16, 20",0.0378
0,2020-03-13,3.46,3.47,3.18,3.46,3.234774,3715200.0,3715200.0,0.0,0.0,3.37,"March 13, 20",0.0
0,2020-03-12,3.31,3.36,3.12,3.27,3.057142,3143000.0,3143000.0,-0.04,-1.208,3.25,"March 12, 20",-0.01208
0,2020-03-11,3.68,3.69,3.5,3.55,3.318915,2891000.0,2891000.0,-0.13,-3.533,3.58,"March 11, 20",-0.03533
0,2020-03-10,3.79,3.82,3.63,3.78,3.533943,3143600.0,3143600.0,-0.01,-0.264,3.74333,"March 10, 20",-0.00264
0,2020-03-09,3.75,3.92,3.58,3.59,3.356311,2477700.0,2477700.0,-0.16,-4.267,3.69667,"March 09, 20",-0.04267
0,2020-03-06,4.08,4.18,4.03,4.06,3.795717,2785700.0,2785700.0,-0.02,-0.49,4.09,"March 06, 20",-0.0049
0,2020-03-05,4.19,4.22,4.09,4.1,3.833113,2816200.0,2816200.0,-0.09,-2.148,4.13667,"March 05, 20",-0.02148
0,2020-03-04,4.38,4.42,4.3,4.41,4.122934,2680400.0,2680400.0,0.03,0.685,4.37667,"March 04, 20",0.00685
0,2020-03-03,4.49,4.53,4.33,4.34,4.057491,4061000.0,4061000.0,-0.15,-3.341,4.4,"March 03, 20",-0.03341
0,2020-03-02,4.45,4.54,4.36,4.53,4.235123,3748400.0,3748400.0,0.08,1.798,4.47667,"March 02, 20",0.01798
0,2020-02-28,4.55,4.64,4.46,4.63,4.328613,4709700.0,4709700.0,0.08,1.758,4.57667,"February 28, 20",0.01758
0,2020-02-27,4.75,4.81,4.67,4.68,4.375358,3972400.0,3972400.0,-0.07,-1.474,4.72,"February 27, 20",-0.01474
0,2020-02-26,4.99,5.04,4.89,4.91,4.590386,2834700.0,2834700.0,-0.08,-1.603,4.94667,"February 26, 20",-0.01603
0,2020-02-25,5.09,5.1,4.97,4.98,4.65583,2599500.0,2599500.0,-0.11,-2.161,5.01667,"February 25, 20",-0.02161
0,2020-02-24,5.05,5.15,5.04,5.09,4.75867,2144300.0,2144300.0,0.04,0.792,5.09333,"February 24, 20",0.00792
0,2020-02-21,5.32,5.32,5.29,5.29,4.945651,975400.0,975400.0,-0.03,-0.564,5.3,"February 21, 20",-0.00564
0,2020-02-20,5.36,5.41,5.34,5.36,5.011095,1084100.0,1084100.0,0.0,0.0,5.37,"February 20, 20",0.0
0,2020-02-19,5.37,5.38,5.31,5.31,4.964349,1208500.0,1208500.0,-0.06,-1.117,5.33333,"February 19, 20",-0.01117
0,2020-02-18,5.46,5.46,5.36,5.38,5.029792,1342500.0,1342500.0,-0.08,-1.465,5.4,"February 18, 20",-0.01465
0,2020-02-14,5.59,5.62,5.47,5.48,5.123283,3308500.0,3308500.0,-0.11,-1.968,5.52333,"February 14, 20",-0.01968
0,2020-02-13,5.96,6.0,5.93,5.95,5.562688,1645700.0,1645700.0,-0.01,-0.168,5.96,"February 13, 20",-0.00168
0,2020-02-12,5.92,5.97,5.88,5.92,5.534642,1084000.0,1084000.0,0.0,0.0,5.92333,"February 12, 20",0.0
0,2020-02-11,5.79,5.81,5.76,5.77,5.394405,1051600.0,1051600.0,-0.02,-0.345,5.78,"February 11, 20",-0.00345
0,2020-02-10,5.74,5.77,5.71,5.73,5.357009,581800.0,581800.0,-0.01,-0.174,5.73667,"February 10, 20",-0.00174
0,2020-02-07,5.74,5.77,5.71,5.73,5.357009,926500.0,926500.0,-0.01,-0.174,5.73667,"February 07, 20",-0.00174
0,2020-02-06,5.87,5.87,5.8,5.83,5.4505,1124000.0,1124000.0,-0.04,-0.681,5.83333,"February 06, 20",-0.00681
0,2020-02-05,5.77,5.79,5.72,5.79,5.413104,1137100.0,1137100.0,0.02,0.347,5.76667,"February 05, 20",0.00347
0,2020-02-04,5.77,5.8,5.76,5.78,5.403755,1123300.0,1123300.0,0.01,0.173,5.78,"February 04, 20",0.00173
0,2020-02-03,5.67,5.71,5.61,5.61,5.244821,1242900.0,1242900.0,-0.06,-1.058,5.64333,"February 03, 20",-0.01058
0,2020-01-31,5.76,5.76,5.7,5.72,5.34766,1630400.0,1630400.0,-0.04,-0.694,5.72667,"January 31, 20",-0.00694
0,2020-01-30,5.79,5.88,5.77,5.88,5.497245,1630700.0,1630700.0,0.09,1.554,5.84333,"January 30, 20",0.01554
0,2020-01-29,5.75,5.78,5.72,5.72,5.34766,831000.0,831000.0,-0.03,-0.522,5.74,"January 29, 20",-0.00522
0,2020-01-28,5.71,5.72,5.65,5.68,5.310264,906700.0,906700.0,-0.03,-0.525,5.68333,"January 28, 20",-0.00525
0,2020-01-27,5.71,5.74,5.69,5.71,5.338311,1396900.0,1396900.0,0.0,0.0,5.71333,"January 27, 20",0.0
0,2020-01-24,5.94,5.95,5.8,5.81,5.431802,1697800.0,1697800.0,-0.13,-2.189,5.85333,"January 24, 20",-0.02189
0,2020-01-23,5.83,5.84,5.75,5.79,5.413104,991000.0,991000.0,-0.04,-0.686,5.79333,"January 23, 20",-0.00686
0,2020-01-22,5.89,5.91,5.84,5.86,5.478547,1433400.0,1433400.0,-0.03,-0.509,5.87,"January 22, 20",-0.00509
0,2020-01-21,5.89,5.91,5.84,5.85,5.469198,1421600.0,1421600.0,-0.04,-0.679,5.86667,"January 21, 20",-0.00679
0,2020-01-17,5.88,5.91,5.87,5.88,5.497245,860000.0,860000.0,0.0,0.0,5.88667,"January 17, 20",0.0
0,2020-01-16,5.83,5.88,5.79,5.86,5.478547,1599900.0,1599900.0,0.03,0.515,5.84333,"January 16, 20",0.00515
0,2020-01-15,5.86,5.89,5.83,5.86,5.478547,1972000.0,1972000.0,0.0,0.0,5.86,"January 15, 20",0.0
0,2020-01-14,6.02,6.05,5.92,5.95,5.562688,3045000.0,3045000.0,-0.07,-1.163,5.97333,"January 14, 20",-0.01163
0,2020-01-13,6.02,6.09,5.96,6.09,5.693575,1925500.0,1925500.0,0.07,1.163,6.04667,"January 13, 20",0.01163
0,2020-01-10,6.17,6.18,6.14,6.15,5.74967,1189600.0,1189600.0,-0.02,-0.324,6.15667,"January 10, 20",-0.00324
0,2020-01-09,6.28,6.29,6.24,6.28,5.871208,747900.0,747900.0,0.0,0.0,6.27,"January 09, 20",0.0
0,2020-01-08,6.3,6.35,6.28,6.33,5.917953,779800.0,779800.0,0.03,0.476,6.32,"January 08, 20",0.00476
0,2020-01-07,6.35,6.37,6.3,6.31,5.899255,1065200.0,1065200.0,-0.04,-0.63,6.32667,"January 07, 20",-0.0063
0,2020-01-06,6.27,6.37,6.27,6.35,5.936651,1301200.0,1301200.0,0.08,1.276,6.33,"January 06, 20",0.01276
0,2020-01-03,6.28,6.3,6.22,6.23,5.824462,1531600.0,1531600.0,-0.05,-0.796,6.25,"January 03, 20",-0.00796
0,2020-01-02,6.46,6.49,6.44,6.49,6.067537,1296400.0,1296400.0,0.03,0.464,6.47333,"January 02, 20",0.00464
0,2019-12-31,6.37,6.44,6.36,6.44,6.020792,873200.0,873200.0,0.07,1.099,6.41333,"December 31, 19",0.01099
0,2019-12-30,6.4,6.41,6.35,6.36,5.946,1095000.0,1095000.0,-0.04,-0.625,6.37333,"December 30, 19",-0.00625
0,2019-12-27,6.43,6.44,6.34,6.35,5.936651,995800.0,995800.0,-0.08,-1.244,6.37667,"December 27, 19",-0.01244
0,2019-12-26,6.36,6.41,6.36,6.38,5.964698,565300.0,565300.0,0.02,0.314,6.38333,"December 26, 19",0.00314
0,2019-12-24,6.32,6.37,6.32,6.35,5.936651,384300.0,384300.0,0.03,0.475,6.34667,"December 24, 19",0.00475
0,2019-12-23,6.28,6.31,6.24,6.3,5.889906,837700.0,837700.0,0.02,0.318,6.28333,"December 23, 19",0.00318
0,2019-12-20,6.38,6.39,6.3,6.3,5.889906,1676100.0,1676100.0,-0.08,-1.254,6.33,"December 20, 19",-0.01254
0,2019-12-19,6.52,6.52,6.44,6.46,6.039491,1190300.0,1190300.0,-0.06,-0.92,6.47333,"December 19, 19",-0.0092
0,2019-12-18,6.52,6.55,6.49,6.51,6.086236,1755200.0,1755200.0,-0.01,-0.153,6.51667,"December 18, 19",-0.00153
0,2019-12-17,6.6,6.69,6.59,6.66,6.226471,1800600.0,1800600.0,0.06,0.909,6.64667,"December 17, 19",0.00909
0,2019-12-16,6.94,7.05,6.91,6.96,6.506943,2295500.0,2295500.0,0.02,0.288,6.97333,"December 16, 19",0.00288
0,2019-12-13,6.86,6.88,6.71,6.81,6.366707,5469500.0,5469500.0,-0.05,-0.729,6.8,"December 13, 19",-0.00729
0,2019-12-12,6.13,6.17,6.04,6.16,5.759018,3045800.0,3045800.0,0.03,0.489,6.12333,"December 12, 19",0.00489
0,2019-12-11,6.04,6.06,6.01,6.02,5.628132,1179600.0,1179600.0,-0.02,-0.331,6.03,"December 11, 19",-0.00331
0,2019-12-10,6.01,6.08,6.0,6.05,5.656179,1227300.0,1227300.0,0.04,0.666,6.04333,"December 10, 19",0.00666
0,2019-12-09,6.1,6.12,6.05,6.07,5.674878,874900.0,874900.0,-0.03,-0.492,6.08,"December 09, 19",-0.00492
0,2019-12-06,6.0,6.02,5.97,6.0,5.609434,1133400.0,1133400.0,0.0,0.0,5.99667,"December 06, 19",0.0
0,2019-12-05,5.98,5.98,5.93,5.94,5.553339,1679600.0,1679600.0,-0.04,-0.669,5.95,"December 05, 19",-0.00669
0,2019-12-04,5.8,5.85,5.79,5.84,5.459849,1234400.0,1234400.0,0.04,0.69,5.82667,"December 04, 19",0.0069
0,2019-12-03,5.65,5.72,5.63,5.72,5.34766,1086900.0,1086900.0,0.07,1.239,5.69,"December 03, 19",0.01239
0,2019-12-02,5.8,5.8,5.73,5.74,5.366358,1168400.0,1168400.0,-0.06,-1.034,5.75667,"December 02, 19",-0.01034
0,2019-11-29,5.88,5.89,5.85,5.86,5.478547,675800.0,675800.0,-0.02,-0.34,5.86667,"November 29, 19",-0.0034
0,2019-11-27,5.96,6.0,5.94,5.97,5.581387,1246700.0,1246700.0,0.01,0.168,5.97,"November 27, 19",0.00168
0,2019-11-26,5.95,5.96,5.91,5.94,5.553339,906800.0,906800.0,-0.01,-0.168,5.93667,"November 26, 19",-0.00168
0,2019-11-25,5.9,5.96,5.89,5.94,5.553339,1530400.0,1530400.0,0.04,0.678,5.93,"November 25, 19",0.00678
0,2019-11-22,5.75,5.8,5.74,5.8,5.422453,837900.0,837900.0,0.05,0.87,5.78,"November 22, 19",0.0087
0,2019-11-21,5.73,5.74,5.69,5.72,5.34766,966100.0,966100.0,-0.01,-0.175,5.71667,"November 21, 19",-0.00175
0,2019-11-20,5.72,5.76,5.69,5.74,5.366358,964100.0,964100.0,0.02,0.35,5.73,"November 20, 19",0.0035
0,2019-11-19,5.81,5.83,5.75,5.79,5.413104,1232500.0,1232500.0,-0.02,-0.344,5.79,"November 19, 19",-0.00344
0,2019-11-18,5.84,5.84,5.78,5.83,5.4505,1216500.0,1216500.0,-0.01,-0.171,5.81667,"November 18, 19",-0.00171
0,2019-11-15,5.81,5.87,5.78,5.79,5.413104,1136100.0,1136100.0,-0.02,-0.344,5.81333,"November 15, 19",-0.00344
0,2019-11-14,5.7,5.75,5.7,5.72,5.34766,1952600.0,1952600.0,0.02,0.351,5.72333,"November 14, 19",0.00351
0,2019-11-13,5.65,5.73,5.64,5.69,5.319613,1496400.0,1496400.0,0.04,0.708,5.68667,"November 13, 19",0.00708
0,2019-11-12,5.71,5.75,5.67,5.71,5.338311,1090900.0,1090900.0,0.0,0.0,5.71,"November 12, 19",0.0
0,2019-11-11,5.73,5.78,5.7,5.74,5.366358,1671200.0,1671200.0,0.01,0.175,5.74,"November 11, 19",0.00175
0,2019-11-08,5.49,5.52,5.45,5.48,5.123283,1155100.0,1155100.0,-0.01,-0.182,5.48333,"November 08, 19",-0.00182
0,2019-11-07,5.57,5.59,5.55,5.55,5.188726,1221900.0,1221900.0,-0.02,-0.359,5.56333,"November 07, 19",-0.00359
0,2019-11-06,5.52,5.61,5.49,5.57,5.207425,1789500.0,1789500.0,0.05,0.906,5.55667,"November 06, 19",0.00906
0,2019-11-05,5.65,5.66,5.59,5.62,5.254169,1495200.0,1495200.0,-0.03,-0.531,5.62333,"November 05, 19",-0.00531
0,2019-11-04,5.65,5.66,5.61,5.63,5.263519,2067900.0,2067900.0,-0.02,-0.354,5.63333,"November 04, 19",-0.00354
0,2019-11-01,5.56,5.65,5.54,5.63,5.263519,3116400.0,3116400.0,0.07,1.259,5.60667,"November 01, 19",0.01259
0,2019-10-31,5.57,5.58,5.51,5.55,5.188726,1488800.0,1488800.0,-0.02,-0.359,5.54667,"October 31, 19",-0.00359
0,2019-10-30,5.5,5.6,5.46,5.55,5.188726,1993200.0,1993200.0,0.05,0.909,5.53667,"October 30, 19",0.00909
0,2019-10-29,5.62,5.69,5.6,5.66,5.291566,1826400.0,1826400.0,0.04,0.712,5.65,"October 29, 19",0.00712
0,2019-10-28,5.74,5.78,5.72,5.75,5.375708,1396200.0,1396200.0,0.01,0.174,5.75,"October 28, 19",0.00174
0,2019-10-25,5.74,5.81,5.72,5.8,5.422453,1407700.0,1407700.0,0.06,1.045,5.77667,"October 25, 19",0.01045
0,2019-10-24,5.88,5.9,5.73,5.82,5.441151,2190500.0,2190500.0,-0.06,-1.02,5.81667,"October 24, 19",-0.0102
0,2019-10-23,6.13,6.14,6.01,6.07,5.674878,2600800.0,2600800.0,-0.06,-0.979,6.07333,"October 23, 19",-0.00979
0,2019-10-22,6.17,6.27,6.1,6.15,5.74967,3075400.0,3075400.0,-0.02,-0.324,6.17333,"October 22, 19",-0.00324
0,2019-10-21,6.28,6.32,6.21,6.25,5.84316,2162800.0,2162800.0,-0.03,-0.478,6.26,"October 21, 19",-0.00478
0,2019-10-18,6.02,6.18,6.01,6.13,5.730972,2819300.0,2819300.0,0.11,1.827,6.10667,"October 18, 19",0.01827
0,2019-10-17,6.0,6.06,5.9,5.93,5.54399,2747700.0,2747700.0,-0.07,-1.167,5.96333,"October 17, 19",-0.01167
0,2019-10-16,5.94,5.95,5.86,5.88,5.497245,4277200.0,4277200.0,-0.06,-1.01,5.89667,"October 16, 19",-0.0101
0,2019-10-15,5.57,5.94,5.57,5.8,5.422453,4055400.0,4055400.0,0.23,4.129,5.77,"October 15, 19",0.04129
0,2019-10-14,5.38,5.48,5.36,5.44,5.085887,1628100.0,1628100.0,0.06,1.115,5.42667,"October 14, 19",0.01115
0,2019-10-11,5.77,5.78,5.5,5.54,5.179377,5518500.0,5518500.0,-0.23,-3.986,5.60667,"October 11, 19",-0.03986
0,2019-10-10,4.71,4.96,4.69,4.94,4.618434,1992300.0,1992300.0,0.23,4.883,4.86333,"October 10, 19",0.04883
0,2019-10-09,4.7,4.71,4.65,4.68,4.375358,929200.0,929200.0,-0.02,-0.426,4.68,"October 09, 19",-0.00426
0,2019-10-08,4.67,4.7,4.63,4.67,4.366009,1202300.0,1202300.0,0.0,0.0,4.66667,"October 08, 19",0.0
0,2019-10-07,4.83,4.85,4.8,4.84,4.524943,797600.0,797600.0,0.01,0.207,4.83,"October 07, 19",0.00207
0,2019-10-04,4.78,4.88,4.76,4.86,4.543642,740400.0,740400.0,0.08,1.674,4.83333,"October 04, 19",0.01674
0,2019-10-03,4.8,4.83,4.74,4.81,4.496896,1042200.0,1042200.0,0.01,0.208,4.79333,"October 03, 19",0.00208
0,2019-10-02,4.84,4.84,4.78,4.79,4.478198,1641300.0,1641300.0,-0.05,-1.033,4.80333,"October 02, 19",-0.01033
0,2019-10-01,5.04,5.06,4.93,4.96,4.637132,1724400.0,1724400.0,-0.08,-1.587,4.98333,"October 01, 19",-0.01587
0,2019-09-30,5.16,5.17,5.1,5.1,4.768019,709100.0,709100.0,-0.06,-1.163,5.12333,"September 30, 19",-0.01163
0,2019-09-27,5.14,5.2,5.13,5.14,4.805415,1557400.0,1557400.0,0.0,0.0,5.15667,"September 27, 19",0.0
0,2019-09-26,5.05,5.09,5.03,5.07,4.739972,889900.0,889900.0,0.02,0.396,5.06333,"September 26, 19",0.00396
0,2019-09-25,5.01,5.06,5.0,5.04,4.711925,922400.0,922400.0,0.03,0.599,5.03333,"September 25, 19",0.00599
0,2019-09-24,5.19,5.19,5.1,5.12,4.786717,997900.0,997900.0,-0.07,-1.349,5.13667,"September 24, 19",-0.01349
0,2019-09-23,5.19,5.24,5.16,5.22,4.880207,1326300.0,1326300.0,0.03,0.578,5.20667,"September 23, 19",0.00578
0,2019-09-20,5.42,5.43,5.3,5.3,4.955,4158400.0,4158400.0,-0.12,-2.214,5.34333,"September 20, 19",-0.02214
0,2019-09-19,5.2,5.25,5.19,5.22,4.880207,1311700.0,1311700.0,0.02,0.385,5.22,"September 19, 19",0.00385
0,2019-09-18,5.12,5.17,5.1,5.14,4.805415,1067000.0,1067000.0,0.02,0.391,5.13667,"September 18, 19",0.00391
0,2019-09-17,5.06,5.15,5.06,5.12,4.786717,786300.0,786300.0,0.06,1.186,5.11,"September 17, 19",0.01186
0,2019-09-16,5.16,5.18,5.13,5.16,4.824113,955500.0,955500.0,0.0,0.0,5.15667,"September 16, 19",0.0
0,2019-09-13,5.25,5.26,5.19,5.22,4.880207,1556800.0,1556800.0,-0.03,-0.571,5.22333,"September 13, 19",-0.00571
0,2019-09-12,4.88,4.96,4.86,4.94,4.618434,1280400.0,1280400.0,0.06,1.23,4.92,"September 12, 19",0.0123
0,2019-09-11,5.0,5.0,4.93,4.96,4.637132,817700.0,817700.0,-0.04,-0.8,4.96333,"September 11, 19",-0.008
0,2019-09-10,4.94,4.94,4.89,4.93,4.609085,1082200.0,1082200.0,-0.01,-0.202,4.92,"September 10, 19",-0.00202
0,2019-09-09,4.74,4.81,4.72,4.79,4.478198,943400.0,943400.0,0.05,1.055,4.77333,"September 09, 19",0.01055
0,2019-09-06,4.65,4.67,4.63,4.65,4.347311,582400.0,582400.0,0.0,0.0,4.65,"September 06, 19",0.0
0,2019-09-05,4.69,4.75,4.69,4.7,4.394056,928700.0,928700.0,0.01,0.213,4.71333,"September 05, 19",0.00213
0,2019-09-04,4.51,4.53,4.47,4.51,4.216424,1666200.0,1666200.0,0.0,0.0,4.50333,"September 04, 19",0.0
0,2019-09-03,4.43,4.48,4.43,4.46,4.169679,758900.0,758900.0,0.03,0.677,4.45667,"September 03, 19",0.00677
0,2019-08-30,4.55,4.56,4.5,4.53,4.235123,801200.0,801200.0,-0.02,-0.44,4.53,"August 30, 19",-0.0044
0,2019-08-29,4.49,4.51,4.47,4.48,4.188377,676800.0,676800.0,-0.01,-0.223,4.48667,"August 29, 19",-0.00223
0,2019-08-28,4.45,4.49,4.43,4.46,4.169679,1027800.0,1027800.0,0.01,0.225,4.46,"August 28, 19",0.00225
0,2019-08-27,4.58,4.6,4.52,4.54,4.244472,1618200.0,1618200.0,-0.04,-0.873,4.55333,"August 27, 19",-0.00873
0,2019-08-26,4.51,4.52,4.44,4.48,4.188377,554700.0,554700.0,-0.03,-0.665,4.48,"August 26, 19",-0.00665
0,2019-08-23,4.57,4.59,4.47,4.47,4.179028,805000.0,805000.0,-0.1,-2.188,4.51,"August 23, 19",-0.02188
0,2019-08-22,4.54,4.55,4.49,4.54,4.244472,818700.0,818700.0,0.0,0.0,4.52667,"August 22, 19",0.0
0,2019-08-21,4.49,4.51,4.44,4.46,4.169679,981600.0,981600.0,-0.03,-0.668,4.47,"August 21, 19",-0.00668
0,2019-08-20,4.5,4.54,4.47,4.5,4.207076,1888000.0,1888000.0,0.0,0.0,4.50333,"August 20, 19",0.0
0,2019-08-19,4.51,4.54,4.33,4.52,4.225773,1208600.0,1208600.0,0.01,0.222,4.46333,"August 19, 19",0.00222
0,2019-08-16,4.47,4.49,4.44,4.45,4.16033,2703200.0,2703200.0,-0.02,-0.447,4.46,"August 16, 19",-0.00447
0,2019-08-15,4.39,4.39,4.33,4.35,4.06684,1988800.0,1988800.0,-0.04,-0.911,4.35667,"August 15, 19",-0.00911
0,2019-08-14,4.91,4.91,4.82,4.84,4.524943,1304800.0,1304800.0,-0.07,-1.426,4.85667,"August 14, 19",-0.01426
0,2019-08-13,4.93,5.0,4.93,4.94,4.618434,1367700.0,1367700.0,0.01,0.203,4.95667,"August 13, 19",0.00203
0,2019-08-12,4.94,4.96,4.89,4.9,4.581038,1061200.0,1061200.0,-0.04,-0.81,4.91667,"August 12, 19",-0.0081
0,2019-08-09,5.06,5.07,5.0,5.05,4.721274,1120400.0,1120400.0,-0.01,-0.198,5.04,"August 09, 19",-0.00198
0,2019-08-08,5.06,5.12,5.02,5.09,4.75867,865400.0,865400.0,0.03,0.593,5.07667,"August 08, 19",0.00593
0,2019-08-07,4.98,5.07,4.96,5.05,4.721274,1088200.0,1088200.0,0.07,1.406,5.02667,"August 07, 19",0.01406
0,2019-08-06,4.99,5.01,4.94,5.0,4.674528,1665500.0,1665500.0,0.01,0.2,4.98333,"August 06, 19",0.002
0,2019-08-05,4.91,4.93,4.85,4.89,4.571689,1213800.0,1213800.0,-0.02,-0.407,4.89,"August 05, 19",-0.00407
0,2019-08-02,5.0,5.05,4.95,5.04,4.711925,1583700.0,1583700.0,0.04,0.8,5.01333,"August 02, 19",0.008
0,2019-08-01,5.33,5.36,5.25,5.27,4.926953,998200.0,998200.0,-0.06,-1.126,5.29333,"August 01, 19",-0.01126
0,2019-07-31,5.36,5.42,5.35,5.38,5.029792,882800.0,882800.0,0.02,0.373,5.38333,"July 31, 19",0.00373
0,2019-07-30,5.45,5.48,5.43,5.46,5.104585,708400.0,708400.0,0.01,0.183,5.45667,"July 30, 19",0.00183
0,2019-07-29,5.74,5.75,5.67,5.68,5.310264,370000.0,370000.0,-0.06,-1.045,5.7,"July 29, 19",-0.01045
0,2019-07-26,5.73,5.75,5.72,5.72,5.34766,272000.0,272000.0,-0.01,-0.175,5.73,"July 26, 19",-0.00175
0,2019-07-25,5.77,5.79,5.73,5.74,5.366358,583400.0,583400.0,-0.03,-0.52,5.75333,"July 25, 19",-0.0052
0,2019-07-24,5.78,5.82,5.78,5.82,5.441151,642800.0,642800.0,0.04,0.692,5.80667,"July 24, 19",0.00692
0,2019-07-23,5.76,5.8,5.76,5.79,5.413104,820900.0,820900.0,0.03,0.521,5.78333,"July 23, 19",0.00521
0,2019-07-22,5.78,5.81,5.74,5.8,5.422453,431400.0,431400.0,0.02,0.346,5.78333,"July 22, 19",0.00346
0,2019-07-19,5.81,5.82,5.77,5.79,5.413104,456700.0,456700.0,-0.02,-0.344,5.79333,"July 19, 19",-0.00344
0,2019-07-18,5.85,5.88,5.85,5.88,5.497245,454700.0,454700.0,0.03,0.513,5.87,"July 18, 19",0.00513
0,2019-07-17,5.8,5.8,5.76,5.77,5.394405,432300.0,432300.0,-0.03,-0.517,5.77667,"July 17, 19",-0.00517
0,2019-07-16,5.81,5.82,5.77,5.78,5.403755,526900.0,526900.0,-0.03,-0.516,5.79,"July 16, 19",-0.00516
0,2019-07-15,5.85,5.85,5.8,5.82,5.441151,877700.0,877700.0,-0.03,-0.513,5.82333,"July 15, 19",-0.00513
0,2019-07-12,5.9,5.91,5.86,5.87,5.487896,412700.0,412700.0,-0.03,-0.508,5.88,"July 12, 19",-0.00508
0,2019-07-11,5.82,5.88,5.82,5.84,5.459849,575200.0,575200.0,0.02,0.344,5.84667,"July 11, 19",0.00344
0,2019-07-10,5.8,5.83,5.77,5.79,5.413104,605300.0,605300.0,-0.01,-0.172,5.79667,"July 10, 19",-0.00172
0,2019-07-09,5.79,5.82,5.77,5.79,5.413104,484600.0,484600.0,0.0,0.0,5.79333,"July 09, 19",0.0
0,2019-07-08,5.74,5.77,5.73,5.74,5.366358,685700.0,685700.0,0.0,0.0,5.74667,"July 08, 19",0.0
0,2019-07-05,5.77,5.81,5.73,5.77,5.394405,545200.0,545200.0,0.0,0.0,5.77,"July 05, 19",0.0
0,2019-07-03,5.74,5.75,5.71,5.73,5.357009,311600.0,311600.0,-0.01,-0.174,5.73,"July 03, 19",-0.00174
0,2019-07-02,5.7,5.73,5.69,5.69,5.319613,548300.0,548300.0,-0.01,-0.175,5.70333,"July 02, 19",-0.00175
0,2019-07-01,5.74,5.75,5.69,5.72,5.34766,519200.0,519200.0,-0.02,-0.348,5.72,"July 01, 19",-0.00348
0,2019-06-28,5.64,5.69,5.64,5.68,5.310264,475700.0,475700.0,0.04,0.709,5.67,"June 28, 19",0.00709
0,2019-06-27,5.64,5.66,5.62,5.65,5.282217,1057400.0,1057400.0,0.01,0.177,5.64333,"June 27, 19",0.00177
0,2019-06-26,5.58,5.64,5.57,5.62,5.254169,608900.0,608900.0,0.04,0.717,5.61,"June 26, 19",0.00717
0,2019-06-25,5.56,5.58,5.54,5.54,5.179377,619900.0,619900.0,-0.02,-0.36,5.55333,"June 25, 19",-0.0036
0,2019-06-24,5.57,5.61,5.54,5.54,5.179377,508300.0,508300.0,-0.03,-0.539,5.56333,"June 24, 19",-0.00539
0,2019-06-21,5.59,5.61,5.54,5.56,5.198075,2721800.0,2721800.0,-0.03,-0.537,5.57,"June 21, 19",-0.00537
0,2019-06-20,5.66,5.66,5.59,5.63,5.263519,753400.0,753400.0,-0.03,-0.53,5.62667,"June 20, 19",-0.0053
0,2019-06-19,5.67,5.73,5.63,5.64,5.272868,1085700.0,1085700.0,-0.03,-0.529,5.66667,"June 19, 19",-0.00529
0,2019-06-18,5.42,5.51,5.42,5.49,5.132632,1020000.0,1020000.0,0.07,1.292,5.47333,"June 18, 19",0.01292
0,2019-06-17,5.5,5.52,5.46,5.47,5.113934,827400.0,827400.0,-0.03,-0.545,5.48333,"June 17, 19",-0.00545
0,2019-06-14,5.46,5.46,5.42,5.42,5.067189,535900.0,535900.0,-0.04,-0.733,5.43333,"June 14, 19",-0.00733
0,2019-06-13,5.54,5.57,5.5,5.52,5.160679,536000.0,536000.0,-0.02,-0.361,5.53,"June 13, 19",-0.00361
0,2019-06-12,5.56,5.56,5.47,5.48,5.123283,760600.0,760600.0,-0.08,-1.439,5.50333,"June 12, 19",-0.01439
0,2019-06-11,5.58,5.61,5.57,5.59,5.226123,628000.0,628000.0,0.01,0.179,5.59,"June 11, 19",0.00179
0,2019-06-10,5.56,5.59,5.55,5.57,5.207425,776300.0,776300.0,0.01,0.18,5.57,"June 10, 19",0.0018
0,2019-06-07,5.53,5.57,5.52,5.54,5.179377,558800.0,558800.0,0.01,0.181,5.54333,"June 07, 19",0.00181
0,2019-06-06,5.53,5.55,5.49,5.52,5.160679,561100.0,561100.0,-0.01,-0.181,5.52,"June 06, 19",-0.00181
0,2019-06-05,5.58,5.58,5.52,5.54,5.179377,498000.0,498000.0,-0.04,-0.717,5.54667,"June 05, 19",-0.00717
0,2019-06-04,5.61,5.68,5.61,5.67,5.300915,633500.0,633500.0,0.06,1.07,5.65333,"June 04, 19",0.0107
0,2019-06-03,5.45,5.49,5.43,5.46,5.104585,555700.0,555700.0,0.01,0.183,5.46,"June 03, 19",0.00183
0,2019-05-31,5.47,5.5,5.45,5.47,5.113934,432300.0,432300.0,0.0,0.0,5.47333,"May 31, 19",0.0
0,2019-05-30,5.54,5.59,5.51,5.54,5.179377,678800.0,678800.0,0.0,0.0,5.54667,"May 30, 19",0.0
0,2019-05-29,5.52,5.55,5.5,5.55,5.188726,740600.0,740600.0,0.03,0.543,5.53333,"May 29, 19",0.00543
0,2019-05-28,5.59,5.6,5.54,5.55,5.188726,569800.0,569800.0,-0.04,-0.716,5.56333,"May 28, 19",-0.00716
0,2019-05-24,5.62,5.65,5.58,5.64,5.272868,487400.0,487400.0,0.02,0.356,5.62333,"May 24, 19",0.00356
0,2019-05-23,5.54,5.64,5.53,5.61,5.244821,906500.0,906500.0,0.07,1.264,5.59333,"May 23, 19",0.01264
0,2019-05-22,5.62,5.63,5.57,5.58,5.216774,707900.0,707900.0,-0.04,-0.712,5.59333,"May 22, 19",-0.00712
0,2019-05-21,5.81,5.89,5.79,5.82,5.441151,900700.0,900700.0,0.01,0.172,5.83333,"May 21, 19",0.00172
0,2019-05-20,5.78,5.8,5.73,5.74,5.366358,759000.0,759000.0,-0.04,-0.692,5.75667,"May 20, 19",-0.00692
0,2019-05-17,5.89,5.91,5.86,5.87,5.487896,1567500.0,1567500.0,-0.02,-0.34,5.88,"May 17, 19",-0.0034
0,2019-05-16,5.99,6.06,5.99,6.03,5.637481,759500.0,759500.0,0.04,0.668,6.02667,"May 16, 19",0.00668
0,2019-05-15,5.97,6.02,5.94,5.99,5.600085,539800.0,539800.0,0.02,0.335,5.98333,"May 15, 19",0.00335
0,2019-05-14,6.04,6.07,6.02,6.03,5.637481,653500.0,653500.0,-0.01,-0.166,6.04,"May 14, 19",-0.00166
0,2019-05-13,5.99,6.0,5.92,5.92,5.534642,754600.0,754600.0,-0.07,-1.169,5.94667,"May 13, 19",-0.01169
0,2019-05-10,6.17,6.23,6.14,6.19,5.787066,526500.0,526500.0,0.02,0.324,6.18667,"May 10, 19",0.00324
0,2019-05-09,6.15,6.2,6.13,6.17,5.768368,576900.0,576900.0,0.02,0.325,6.16667,"May 09, 19",0.00325
0,2019-05-08,6.19,6.25,6.18,6.21,5.805764,641000.0,641000.0,0.02,0.323,6.21333,"May 08, 19",0.00323
0,2019-05-07,6.21,6.26,6.19,6.21,5.805764,760900.0,760900.0,0.0,0.0,6.22,"May 07, 19",0.0
0,2019-05-06,6.19,6.3,6.17,6.28,5.871208,535200.0,535200.0,0.09,1.454,6.25,"May 06, 19",0.01454
0,2019-05-03,6.25,6.41,6.25,6.37,5.955349,591000.0,591000.0,0.12,1.92,6.34333,"May 03, 19",0.0192
0,2019-05-02,6.31,6.32,6.22,6.28,5.871208,852900.0,852900.0,-0.03,-0.475,6.27333,"May 02, 19",-0.00475
0,2019-05-01,6.35,6.39,6.28,6.29,5.880557,797300.0,797300.0,-0.06,-0.945,6.32,"May 01, 19",-0.00945
0,2019-04-30,6.35,6.4,6.31,6.39,5.974047,662200.0,662200.0,0.04,0.63,6.36667,"April 30, 19",0.0063
0,2019-04-29,6.29,6.37,6.28,6.36,5.946,1028500.0,1028500.0,0.07,1.113,6.33667,"April 29, 19",0.01113
0,2019-04-26,6.3,6.37,6.29,6.36,5.946,1195400.0,1195400.0,0.06,0.952,6.34,"April 26, 19",0.00952
0,2019-04-25,6.55,6.58,6.49,6.55,6.123632,875900.0,875900.0,0.0,0.0,6.54,"April 25, 19",0.0
0,2019-04-24,6.77,6.78,6.72,6.73,6.291915,719600.0,719600.0,-0.04,-0.591,6.74333,"April 24, 19",-0.00591
0,2019-04-23,6.83,6.85,6.8,6.85,6.404104,557000.0,557000.0,0.02,0.293,6.83333,"April 23, 19",0.00293
0,2019-04-22,6.91,6.93,6.88,6.91,6.460198,230700.0,230700.0,0.0,0.0,6.90667,"April 22, 19",0.0
0,2019-04-18,6.9,6.97,6.88,6.9,6.450849,497400.0,497400.0,0.0,0.0,6.91667,"April 18, 19",0.0
0,2019-04-17,7.0,7.05,6.97,7.03,6.572387,785600.0,785600.0,0.03,0.429,7.01667,"April 17, 19",0.00429
0,2019-04-16,6.95,7.02,6.93,7.0,6.54434,871000.0,871000.0,0.05,0.719,6.98333,"April 16, 19",0.00719
0,2019-04-15,6.99,7.0,6.96,6.98,6.525641,334900.0,334900.0,-0.01,-0.143,6.98,"April 15, 19",-0.00143
0,2019-04-12,6.93,6.97,6.92,6.94,6.488245,646300.0,646300.0,0.01,0.144,6.94333,"April 12, 19",0.00144
0,2019-04-11,6.86,6.89,6.82,6.85,6.404104,644200.0,644200.0,-0.01,-0.146,6.85333,"April 11, 19",-0.00146
0,2019-04-10,6.74,6.78,6.71,6.76,6.319963,677000.0,677000.0,0.02,0.297,6.75,"April 10, 19",0.00297
0,2019-04-09,6.72,6.76,6.71,6.73,6.291915,570100.0,570100.0,0.01,0.149,6.73333,"April 09, 19",0.00149
0,2019-04-08,6.68,6.73,6.67,6.71,6.273217,411800.0,411800.0,0.03,0.449,6.70333,"April 08, 19",0.00449
0,2019-04-05,6.67,6.68,6.6,6.66,6.226471,958600.0,958600.0,-0.01,-0.15,6.64667,"April 05, 19",-0.0015
0,2019-04-04,6.76,6.8,6.73,6.76,6.319963,810900.0,810900.0,0.0,0.0,6.76333,"April 04, 19",0.0
0,2019-04-03,6.79,6.83,6.77,6.8,6.357358,793000.0,793000.0,0.01,0.147,6.8,"April 03, 19",0.00147
0,2019-04-02,6.58,6.68,6.53,6.66,6.226471,1139600.0,1139600.0,0.08,1.216,6.62333,"April 02, 19",0.01216
0,2019-04-01,6.58,6.65,6.58,6.64,6.207773,1215500.0,1215500.0,0.06,0.912,6.62333,"April 01, 19",0.00912
0,2019-03-29,6.59,6.6,6.43,6.52,6.095585,1096600.0,1096600.0,-0.07,-1.062,6.51667,"March 29, 19",-0.01062
0,2019-03-28,6.61,6.62,6.53,6.58,6.151679,791400.0,791400.0,-0.03,-0.454,6.57667,"March 28, 19",-0.00454
0,2019-03-27,6.76,6.8,6.7,6.76,6.319963,755500.0,755500.0,0.0,0.0,6.75333,"March 27, 19",0.0
0,2019-03-26,6.62,6.64,6.58,6.64,6.207773,617000.0,617000.0,0.02,0.302,6.62,"March 26, 19",0.00302
0,2019-03-25,6.67,6.69,6.59,6.62,6.189075,787700.0,787700.0,-0.05,-0.75,6.63333,"March 25, 19",-0.0075
0,2019-03-22,6.61,6.68,6.59,6.61,6.179727,1496500.0,1496500.0,0.0,0.0,6.62667,"March 22, 19",0.0
0,2019-03-21,6.61,6.65,6.56,6.62,6.189075,1246300.0,1246300.0,0.01,0.151,6.61,"March 21, 19",0.00151
0,2019-03-20,7.15,7.15,7.05,7.05,6.591085,1245700.0,1245700.0,-0.1,-1.399,7.08333,"March 20, 19",-0.01399
0,2019-03-19,7.3,7.31,7.22,7.23,6.759368,852200.0,852200.0,-0.07,-0.959,7.25333,"March 19, 19",-0.00959
0,2019-03-18,7.27,7.28,7.2,7.24,6.768717,680500.0,680500.0,-0.03,-0.413,7.24,"March 18, 19",-0.00413
0,2019-03-15,7.18,7.25,7.16,7.23,6.759368,580300.0,580300.0,0.05,0.696,7.21333,"March 15, 19",0.00696
0,2019-03-14,7.14,7.19,7.13,7.14,6.675226,657900.0,657900.0,0.0,0.0,7.15333,"March 14, 19",0.0
0,2019-03-13,6.96,7.07,6.94,7.06,6.600434,726900.0,726900.0,0.1,1.437,7.02333,"March 13, 19",0.01437
0,2019-03-12,6.93,6.98,6.85,6.89,6.4415,950400.0,950400.0,-0.04,-0.577,6.90667,"March 12, 19",-0.00577
0,2019-03-11,6.79,6.86,6.79,6.84,6.394755,1040300.0,1040300.0,0.05,0.736,6.83,"March 11, 19",0.00736
0,2019-03-08,6.78,6.81,6.75,6.79,6.348009,508800.0,508800.0,0.01,0.147,6.78333,"March 08, 19",0.00147
0,2019-03-07,6.92,6.95,6.82,6.87,6.422801,1029400.0,1029400.0,-0.05,-0.723,6.88,"March 07, 19",-0.00723
0,2019-03-06,6.96,6.97,6.93,6.94,6.488245,507100.0,507100.0,-0.02,-0.287,6.94667,"March 06, 19",-0.00287
0,2019-03-05,6.91,6.95,6.84,6.94,6.488245,906900.0,906900.0,0.03,0.434,6.91,"March 05, 19",0.00434
0,2019-03-04,7.11,7.15,7.05,7.06,6.600434,734700.0,734700.0,-0.05,-0.703,7.08667,"March 04, 19",-0.00703
0,2019-03-01,7.11,7.17,7.0,7.01,6.553689,725700.0,725700.0,-0.1,-1.406,7.06,"March 01, 19",-0.01406
0,2019-02-28,7.14,7.19,7.1,7.11,6.647179,787500.0,787500.0,-0.03,-0.42,7.13333,"February 28, 19",-0.0042
0,2019-02-27,7.08,7.13,7.07,7.09,6.628481,819400.0,819400.0,0.01,0.141,7.09667,"February 27, 19",0.00141
0,2019-02-26,6.91,7.0,6.9,6.96,6.506943,987500.0,987500.0,0.05,0.724,6.95333,"February 26, 19",0.00724
0,2019-02-25,6.8,6.86,6.8,6.83,6.385406,531700.0,531700.0,0.03,0.441,6.83,"February 25, 19",0.00441
0,2019-02-22,6.78,6.78,6.7,6.72,6.282566,591700.0,591700.0,-0.06,-0.885,6.73333,"February 22, 19",-0.00885
0,2019-02-21,6.73,6.75,6.67,6.72,6.282566,1041900.0,1041900.0,-0.01,-0.149,6.71333,"February 21, 19",-0.00149
0,2019-02-20,6.78,6.83,6.77,6.8,6.357358,1149700.0,1149700.0,0.02,0.295,6.8,"February 20, 19",0.00295
0,2019-02-19,6.66,6.77,6.65,6.76,6.319963,855900.0,855900.0,0.1,1.502,6.72667,"February 19, 19",0.01502
0,2019-02-15,6.4,6.49,6.37,6.49,6.067537,1236300.0,1236300.0,0.09,1.406,6.45,"February 15, 19",0.01406
0,2019-02-14,6.25,6.3,6.23,6.28,5.871208,722400.0,722400.0,0.03,0.48,6.27,"February 14, 19",0.0048
0,2019-02-13,6.32,6.35,6.28,6.28,5.871208,562400.0,562400.0,-0.04,-0.633,6.30333,"February 13, 19",-0.00633
0,2019-02-12,6.19,6.29,6.19,6.27,5.861858,470500.0,470500.0,0.08,1.292,6.25,"February 12, 19",0.01292
0,2019-02-11,6.14,6.2,6.13,6.17,5.768368,792300.0,792300.0,0.03,0.489,6.16667,"February 11, 19",0.00489
0,2019-02-08,6.25,6.28,6.21,6.27,5.861858,713200.0,713200.0,0.02,0.32,6.25333,"February 08, 19",0.0032
0,2019-02-07,6.45,6.47,6.27,6.28,5.871208,2456500.0,2456500.0,-0.17,-2.636,6.34,"February 07, 19",-0.02636
0,2019-02-06,6.55,6.56,6.51,6.54,6.114283,665200.0,665200.0,-0.01,-0.153,6.53667,"February 06, 19",-0.00153
0,2019-02-05,6.47,6.52,6.46,6.49,6.067537,567400.0,567400.0,0.02,0.309,6.49,"February 05, 19",0.00309
0,2019-02-04,6.41,6.48,6.4,6.47,6.04884,935400.0,935400.0,0.06,0.936,6.45,"February 04, 19",0.00936
0,2019-02-01,6.4,6.47,6.39,6.43,6.011443,770800.0,770800.0,0.03,0.469,6.43,"February 01, 19",0.00469
0,2019-01-31,6.41,6.44,6.37,6.43,6.011443,718200.0,718200.0,0.02,0.312,6.41333,"January 31, 19",0.00312
0,2019-01-30,6.42,6.5,6.38,6.44,6.020792,689700.0,689700.0,0.02,0.312,6.44,"January 30, 19",0.00312
0,2019-01-29,6.41,6.42,6.29,6.31,5.899255,1221600.0,1221600.0,-0.1,-1.56,6.34,"January 29, 19",-0.0156
0,2019-01-28,6.37,6.45,6.35,6.42,6.002094,662600.0,662600.0,0.05,0.785,6.40667,"January 28, 19",0.00785
0,2019-01-25,6.45,6.52,6.45,6.5,6.076887,634600.0,634600.0,0.05,0.775,6.49,"January 25, 19",0.00775
0,2019-01-24,6.32,6.41,6.32,6.4,5.983396,483100.0,483100.0,0.08,1.266,6.37667,"January 24, 19",0.01266
0,2019-01-23,6.34,6.36,6.3,6.33,5.917953,679000.0,679000.0,-0.01,-0.158,6.33,"January 23, 19",-0.00158
0,2019-01-22,6.24,6.33,6.23,6.3,5.889906,941200.0,941200.0,0.06,0.962,6.28667,"January 22, 19",0.00962
0,2019-01-18,6.38,6.48,6.37,6.45,6.030141,1043300.0,1043300.0,0.07,1.097,6.43333,"January 18, 19",0.01097
0,2019-01-17,6.14,6.34,6.12,6.27,5.861858,1802200.0,1802200.0,0.13,2.117,6.24333,"January 17, 19",0.02117
0,2019-01-16,6.09,6.16,6.07,6.11,5.712274,821000.0,821000.0,0.02,0.328,6.11333,"January 16, 19",0.00328
0,2019-01-15,5.93,6.04,5.88,6.03,5.637481,1485800.0,1485800.0,0.1,1.686,5.98333,"January 15, 19",0.01686
0,2019-01-14,5.93,6.14,5.92,6.09,5.693575,1419000.0,1419000.0,0.16,2.698,6.05,"January 14, 19",0.02698
0,2019-01-11,5.82,5.94,5.82,5.93,5.54399,1294200.0,1294200.0,0.11,1.89,5.89667,"January 11, 19",0.0189
0,2019-01-10,5.75,5.84,5.75,5.8,5.422453,1344800.0,1344800.0,0.05,0.87,5.79667,"January 10, 19",0.0087
0,2019-01-09,5.68,5.79,5.67,5.75,5.375708,4106100.0,4106100.0,0.07,1.232,5.73667,"January 09, 19",0.01232
0,2019-01-08,5.78,5.83,5.76,5.82,5.441151,814700.0,814700.0,0.04,0.692,5.80333,"January 08, 19",0.00692
0,2019-01-07,5.73,5.81,5.71,5.76,5.385057,771900.0,771900.0,0.03,0.524,5.76,"January 07, 19",0.00524
0,2019-01-04,5.57,5.71,5.56,5.68,5.310264,760400.0,760400.0,0.11,1.975,5.65,"January 04, 19",0.01975
0,2019-01-03,5.47,5.47,5.37,5.41,5.057839,912400.0,912400.0,-0.06,-1.097,5.41667,"January 03, 19",-0.01097
0,2019-01-02,5.39,5.52,5.38,5.51,5.15133,1257100.0,1257100.0,0.12,2.226,5.47,"January 02, 19",0.02226
0,2018-12-31,5.49,5.59,5.45,5.59,5.226123,1520900.0,1520900.0,0.1,1.821,5.54333,"December 31, 18",0.01821
0,2018-12-28,5.41,5.49,5.4,5.44,5.085887,1171700.0,1171700.0,0.03,0.555,5.44333,"December 28, 18",0.00555
0,2018-12-27,5.27,5.3,5.17,5.29,4.945651,2831100.0,2831100.0,0.02,0.38,5.25333,"December 27, 18",0.0038
0,2018-12-26,5.16,5.26,5.04,5.26,4.917604,843900.0,843900.0,0.1,1.938,5.18667,"December 26, 18",0.01938
0,2018-12-24,5.2,5.25,5.15,5.18,4.842811,548300.0,548300.0,-0.02,-0.385,5.19333,"December 24, 18",-0.00385
0,2018-12-21,5.24,5.31,5.16,5.18,4.842811,809700.0,809700.0,-0.06,-1.145,5.21667,"December 21, 18",-0.01145
0,2018-12-20,5.31,5.32,5.2,5.26,4.917604,1458700.0,1458700.0,-0.05,-0.942,5.26,"December 20, 18",-0.00942
0,2018-12-19,5.32,5.38,5.17,5.23,4.889556,1385500.0,1385500.0,-0.09,-1.692,5.26,"December 19, 18",-0.01692
0,2018-12-18,5.38,5.4,5.22,5.27,4.926953,1776200.0,1776200.0,-0.11,-2.045,5.29667,"December 18, 18",-0.02045
0,2018-12-17,5.34,5.34,5.2,5.21,4.870859,1699300.0,1699300.0,-0.13,-2.434,5.25,"December 17, 18",-0.02434
0,2018-12-14,5.3,5.37,5.3,5.32,4.973698,1009200.0,1009200.0,0.02,0.377,5.33,"December 14, 18",0.00377
0,2018-12-13,5.39,5.41,5.28,5.32,4.973698,1136600.0,1136600.0,-0.07,-1.299,5.33667,"December 13, 18",-0.01299
0,2018-12-12,5.32,5.38,5.27,5.29,4.945651,1558100.0,1558100.0,-0.03,-0.564,5.31333,"December 12, 18",-0.00564
0,2018-12-11,5.22,5.23,4.98,5.01,4.683877,2920900.0,2920900.0,-0.21,-4.023,5.07333,"December 11, 18",-0.04023
0,2018-12-10,5.3,5.31,5.11,5.12,4.786717,2946900.0,2946900.0,-0.18,-3.396,5.18,"December 10, 18",-0.03396
0,2018-12-07,5.51,5.55,5.33,5.38,5.029792,935700.0,935700.0,-0.13,-2.359,5.42,"December 07, 18",-0.02359
0,2018-12-06,5.5,5.53,5.38,5.51,5.15133,1992200.0,1992200.0,0.01,0.182,5.47333,"December 06, 18",0.00182
0,2018-12-04,5.65,5.66,5.42,5.44,5.085887,1246900.0,1246900.0,-0.21,-3.717,5.50667,"December 04, 18",-0.03717
0,2018-12-03,5.71,5.74,5.69,5.71,5.338311,864600.0,864600.0,0.0,0.0,5.71333,"December 03, 18",0.0
0,2018-11-30,5.63,5.65,5.59,5.61,5.244821,540500.0,540500.0,-0.02,-0.355,5.61667,"November 30, 18",-0.00355
0,2018-11-29,5.72,5.77,5.71,5.73,5.357009,706300.0,706300.0,0.01,0.175,5.73667,"November 29, 18",0.00175
0,2018-11-28,5.74,5.8,5.66,5.78,5.403755,1444200.0,1444200.0,0.04,0.697,5.74667,"November 28, 18",0.00697
0,2018-11-27,5.71,5.77,5.67,5.74,5.366358,1542600.0,1542600.0,0.03,0.525,5.72667,"November 27, 18",0.00525
0,2018-11-26,5.86,5.89,5.82,5.86,5.478547,941900.0,941900.0,0.0,0.0,5.85667,"November 26, 18",0.0
0,2018-11-23,5.71,5.75,5.68,5.69,5.319613,684000.0,684000.0,-0.02,-0.35,5.70667,"November 23, 18",-0.0035
0,2018-11-21,5.6,5.64,5.53,5.55,5.188726,1861400.0,1861400.0,-0.05,-0.893,5.57333,"November 21, 18",-0.00893
0,2018-11-20,5.5,5.54,5.43,5.44,5.085887,4067200.0,4067200.0,-0.06,-1.091,5.47,"November 20, 18",-0.01091
0,2018-11-19,5.68,5.71,5.62,5.66,5.291566,2227300.0,2227300.0,-0.02,-0.352,5.66333,"November 19, 18",-0.00352
0,2018-11-16,5.69,5.76,5.65,5.66,5.291566,4026000.0,4026000.0,-0.03,-0.527,5.69,"November 16, 18",-0.00527
0,2018-11-15,5.81,5.95,5.8,5.93,5.54399,4457900.0,4457900.0,0.12,2.065,5.89333,"November 15, 18",0.02065
0,2018-11-14,6.62,6.62,6.49,6.51,6.086236,4787600.0,4787600.0,-0.11,-1.662,6.54,"November 14, 18",-0.01662
0,2018-11-13,6.49,6.64,6.48,6.54,6.114283,2446400.0,2446400.0,0.05,0.77,6.55333,"November 13, 18",0.0077
0,2018-11-12,6.48,6.49,6.37,6.38,5.964698,552200.0,552200.0,-0.1,-1.543,6.41333,"November 12, 18",-0.01543
0,2018-11-09,6.66,6.7,6.62,6.66,6.226471,414500.0,414500.0,0.0,0.0,6.66,"November 09, 18",0.0
0,2018-11-08,6.7,6.77,6.68,6.7,6.263868,563100.0,563100.0,0.0,0.0,6.71667,"November 08, 18",0.0
0,2018-11-07,6.65,6.69,6.6,6.67,6.235821,659500.0,659500.0,0.02,0.301,6.65333,"November 07, 18",0.00301
0,2018-11-06,6.43,6.54,6.41,6.53,6.104934,971200.0,971200.0,0.1,1.555,6.49333,"November 06, 18",0.01555
0,2018-11-05,6.48,6.51,6.39,6.44,6.020792,593200.0,593200.0,-0.04,-0.617,6.44667,"November 05, 18",-0.00617
0,2018-11-02,6.46,6.48,6.4,6.46,6.039491,633400.0,633400.0,0.0,0.0,6.44667,"November 02, 18",0.0
0,2018-11-01,6.45,6.46,6.33,6.38,5.964698,776100.0,776100.0,-0.07,-1.085,6.39,"November 01, 18",-0.01085
0,2018-10-31,6.09,6.2,6.08,6.1,5.702924,773600.0,773600.0,0.01,0.164,6.12667,"October 31, 18",0.00164
0,2018-10-30,6.03,6.08,5.98,6.04,5.64683,1225500.0,1225500.0,0.01,0.166,6.03333,"October 30, 18",0.00166
0,2018-10-29,6.08,6.1,5.87,5.91,5.525292,911200.0,911200.0,-0.17,-2.796,5.96,"October 29, 18",-0.02796
0,2018-10-26,5.86,5.91,5.82,5.86,5.478547,1005800.0,1005800.0,0.0,0.0,5.86333,"October 26, 18",0.0
0,2018-10-25,6.05,6.15,6.04,6.11,5.712274,834700.0,834700.0,0.06,0.992,6.1,"October 25, 18",0.00992
0,2018-10-24,6.13,6.13,5.96,5.96,5.572038,884000.0,884000.0,-0.17,-2.773,6.01667,"October 24, 18",-0.02773
0,2018-10-23,6.12,6.2,6.08,6.17,5.768368,861600.0,861600.0,0.05,0.817,6.15,"October 23, 18",0.00817
0,2018-10-22,6.25,6.26,6.15,6.16,5.759018,530800.0,530800.0,-0.09,-1.44,6.19,"October 22, 18",-0.0144
0,2018-10-19,6.21,6.28,6.2,6.25,5.84316,618500.0,618500.0,0.04,0.644,6.24333,"October 19, 18",0.00644
0,2018-10-18,6.41,6.41,6.22,6.24,5.833811,686900.0,686900.0,-0.17,-2.652,6.29,"October 18, 18",-0.02652
0,2018-10-17,6.38,6.49,6.35,6.43,6.011443,850400.0,850400.0,0.05,0.784,6.42333,"October 17, 18",0.00784
0,2018-10-16,6.49,6.51,6.44,6.5,6.076887,383000.0,383000.0,0.01,0.154,6.48333,"October 16, 18",0.00154
0,2018-10-15,6.47,6.55,6.45,6.5,6.076887,457700.0,457700.0,0.03,0.464,6.5,"October 15, 18",0.00464
0,2018-10-12,6.65,6.65,6.43,6.52,6.095585,611700.0,611700.0,-0.13,-1.955,6.53333,"October 12, 18",-0.01955
0,2018-10-11,6.6,6.62,6.48,6.5,6.076887,901900.0,901900.0,-0.1,-1.515,6.53333,"October 11, 18",-0.01515
0,2018-10-10,6.71,6.71,6.57,6.58,6.151679,629000.0,629000.0,-0.13,-1.937,6.62,"October 10, 18",-0.01937
0,2018-10-09,6.5,6.56,6.46,6.54,6.114283,534800.0,534800.0,0.04,0.615,6.52,"October 09, 18",0.00615
0,2018-10-08,6.5,6.57,6.48,6.56,6.132981,416300.0,416300.0,0.06,0.923,6.53667,"October 08, 18",0.00923
0,2018-10-05,6.65,6.66,6.57,6.61,6.179727,598600.0,598600.0,-0.04,-0.602,6.61333,"October 05, 18",-0.00602
0,2018-10-04,6.64,6.66,6.55,6.59,6.161028,364200.0,364200.0,-0.05,-0.753,6.6,"October 04, 18",-0.00753
0,2018-10-03,6.54,6.59,6.53,6.55,6.123632,361900.0,361900.0,0.01,0.153,6.55667,"October 03, 18",0.00153
0,2018-10-02,6.5,6.51,6.46,6.49,6.067537,437400.0,437400.0,-0.01,-0.154,6.48667,"October 02, 18",-0.00154
0,2018-10-01,6.6,6.63,6.52,6.53,6.104934,569800.0,569800.0,-0.07,-1.061,6.56,"October 01, 18",-0.01061
0,2018-09-28,6.58,6.63,6.52,6.53,6.104934,966500.0,966500.0,-0.05,-0.76,6.56,"September 28, 18",-0.0076
0,2018-09-27,6.78,6.82,6.75,6.76,6.319963,499200.0,499200.0,-0.02,-0.295,6.77667,"September 27, 18",-0.00295
0,2018-09-26,6.82,6.85,6.79,6.79,6.348009,471100.0,471100.0,-0.03,-0.44,6.81,"September 26, 18",-0.0044
0,2018-09-25,6.87,6.87,6.82,6.85,6.404104,643300.0,643300.0,-0.02,-0.291,6.84667,"September 25, 18",-0.00291
0,2018-09-24,6.96,6.96,6.89,6.89,6.4415,499100.0,499100.0,-0.07,-1.006,6.91333,"September 24, 18",-0.01006
0,2018-09-21,6.96,7.01,6.94,6.97,6.516292,2559200.0,2559200.0,0.01,0.144,6.97333,"September 21, 18",0.00144
0,2018-09-20,7.03,7.2,6.97,7.12,6.656528,2915100.0,2915100.0,0.09,1.28,7.09667,"September 20, 18",0.0128
0,2018-09-19,6.85,6.89,6.84,6.86,6.413453,651200.0,651200.0,0.01,0.146,6.86333,"September 19, 18",0.00146
0,2018-09-18,6.69,6.72,6.68,6.69,6.254519,744600.0,744600.0,0.0,0.0,6.69667,"September 18, 18",0.0
0,2018-09-17,6.61,6.67,6.61,6.65,6.217123,479300.0,479300.0,0.04,0.605,6.64333,"September 17, 18",0.00605
0,2018-09-14,6.52,6.53,6.49,6.51,6.086236,303600.0,303600.0,-0.01,-0.153,6.51,"September 14, 18",-0.00153
0,2018-09-13,6.64,6.65,6.56,6.58,6.151679,558500.0,558500.0,-0.06,-0.904,6.59667,"September 13, 18",-0.00904
0,2018-09-12,6.47,6.5,6.44,6.47,6.04884,378300.0,378300.0,0.0,0.0,6.47,"September 12, 18",0.0
0,2018-09-11,6.47,6.5,6.45,6.49,6.067537,502300.0,502300.0,0.02,0.309,6.48,"September 11, 18",0.00309
0,2018-09-10,6.61,6.61,6.54,6.56,6.132981,557600.0,557600.0,-0.05,-0.756,6.57,"September 10, 18",-0.00756
0,2018-09-07,6.42,6.44,6.4,6.41,5.992745,484400.0,484400.0,-0.01,-0.156,6.41667,"September 07, 18",-0.00156
0,2018-09-06,6.58,6.61,6.48,6.51,6.086236,463700.0,463700.0,-0.07,-1.064,6.53333,"September 06, 18",-0.01064
0,2018-09-05,6.59,6.61,6.53,6.56,6.132981,973300.0,973300.0,-0.03,-0.455,6.56667,"September 05, 18",-0.00455
0,2018-09-04,6.37,6.45,6.35,6.43,6.011443,689300.0,689300.0,0.06,0.942,6.41,"September 04, 18",0.00942
0,2018-08-31,6.38,6.39,6.32,6.36,5.946,610200.0,610200.0,-0.02,-0.313,6.35667,"August 31, 18",-0.00313
0,2018-08-30,6.43,6.45,6.39,6.41,5.992745,441500.0,441500.0,-0.02,-0.311,6.41667,"August 30, 18",-0.00311
0,2018-08-29,6.38,6.5,6.36,6.48,6.058188,937500.0,937500.0,0.1,1.567,6.44667,"August 29, 18",0.01567
0,2018-08-28,6.46,6.47,6.41,6.41,5.992745,341500.0,341500.0,-0.05,-0.774,6.43,"August 28, 18",-0.00774
0,2018-08-27,6.39,6.46,6.39,6.45,6.030141,176600.0,176600.0,0.06,0.939,6.43333,"August 27, 18",0.00939
0,2018-08-24,6.41,6.42,6.36,6.36,5.946,355000.0,355000.0,-0.05,-0.78,6.38,"August 24, 18",-0.0078
0,2018-08-23,6.36,6.38,6.31,6.31,5.899255,590300.0,590300.0,-0.05,-0.786,6.33333,"August 23, 18",-0.00786
0,2018-08-22,6.49,6.5,6.46,6.47,6.04884,378800.0,378800.0,-0.02,-0.308,6.47667,"August 22, 18",-0.00308
0,2018-08-21,6.44,6.5,6.42,6.45,6.030141,626800.0,626800.0,0.01,0.155,6.45667,"August 21, 18",0.00155
0,2018-08-20,6.31,6.36,6.3,6.35,5.936651,653800.0,653800.0,0.04,0.634,6.33667,"August 20, 18",0.00634
0,2018-08-17,6.19,6.27,6.17,6.24,5.833811,497500.0,497500.0,0.05,0.808,6.22667,"August 17, 18",0.00808
0,2018-08-16,6.23,6.25,6.18,6.21,5.805764,647600.0,647600.0,-0.02,-0.321,6.21333,"August 16, 18",-0.00321
0,2018-08-15,6.17,6.2,6.13,6.17,5.768368,678600.0,678600.0,0.0,0.0,6.16667,"August 15, 18",0.0
0,2018-08-14,6.27,6.31,6.22,6.27,5.861858,1125900.0,1125900.0,0.0,0.0,6.26667,"August 14, 18",0.0
0,2018-08-13,6.37,6.4,6.3,6.3,5.889906,525100.0,525100.0,-0.07,-1.099,6.33333,"August 13, 18",-0.01099
0,2018-08-10,6.39,6.42,6.35,6.39,5.974047,743800.0,743800.0,0.0,0.0,6.38667,"August 10, 18",0.0
0,2018-08-09,6.61,6.62,6.55,6.55,6.123632,482300.0,482300.0,-0.06,-0.908,6.57333,"August 09, 18",-0.00908
0,2018-08-08,6.59,6.63,6.59,6.61,6.179727,396300.0,396300.0,0.02,0.303,6.61,"August 08, 18",0.00303
0,2018-08-07,6.64,6.65,6.6,6.6,6.170377,510000.0,510000.0,-0.04,-0.602,6.61667,"August 07, 18",-0.00602
0,2018-08-06,6.56,6.63,6.54,6.62,6.189075,940000.0,940000.0,0.06,0.915,6.59667,"August 06, 18",0.00915
0,2018-08-03,6.76,6.86,6.75,6.83,6.385406,902000.0,902000.0,0.07,1.036,6.81333,"August 03, 18",0.01036
0,2018-08-02,6.6,6.66,6.56,6.63,6.198424,927300.0,927300.0,0.03,0.455,6.61667,"August 02, 18",0.00455
0,2018-08-01,6.79,6.81,6.73,6.74,6.301264,486200.0,486200.0,-0.05,-0.736,6.76,"August 01, 18",-0.00736
0,2018-07-31,6.89,6.9,6.77,6.78,6.338661,645100.0,645100.0,-0.11,-1.597,6.81667,"July 31, 18",-0.01597
0,2018-07-30,6.73,6.78,6.73,6.75,6.310613,605700.0,605700.0,0.02,0.297,6.75333,"July 30, 18",0.00297
0,2018-07-27,6.61,6.67,6.61,6.62,6.189075,504900.0,504900.0,0.01,0.151,6.63333,"July 27, 18",0.00151
0,2018-07-26,6.62,6.63,6.57,6.58,6.151679,411900.0,411900.0,-0.04,-0.604,6.59333,"July 26, 18",-0.00604
0,2018-07-25,6.62,6.63,6.56,6.63,6.198424,443900.0,443900.0,0.01,0.151,6.60667,"July 25, 18",0.00151
0,2018-07-24,6.67,6.72,6.63,6.66,6.226471,1046600.0,1046600.0,-0.01,-0.15,6.67,"July 24, 18",-0.0015
0,2018-07-23,6.46,6.5,6.44,6.49,6.067537,648500.0,648500.0,0.03,0.464,6.47667,"July 23, 18",0.00464
0,2018-07-20,6.44,6.47,6.42,6.45,6.030141,442500.0,442500.0,0.01,0.155,6.44667,"July 20, 18",0.00155
0,2018-07-19,6.46,6.47,6.42,6.43,6.011443,753900.0,753900.0,-0.03,-0.464,6.44,"July 19, 18",-0.00464
0,2018-07-18,6.47,6.51,6.47,6.49,6.067537,696000.0,696000.0,0.02,0.309,6.49,"July 18, 18",0.00309
0,2018-07-17,6.53,6.57,6.5,6.5,6.076887,656900.0,656900.0,-0.03,-0.459,6.52333,"July 17, 18",-0.00459
0,2018-07-16,6.57,6.6,6.53,6.57,6.14233,1135100.0,1135100.0,0.0,0.0,6.56667,"July 16, 18",0.0
0,2018-07-13,6.59,6.6,6.55,6.6,6.170377,319400.0,319400.0,0.01,0.152,6.58333,"July 13, 18",0.00152
0,2018-07-12,6.62,6.63,6.6,6.6,6.170377,416500.0,416500.0,-0.02,-0.302,6.61,"July 12, 18",-0.00302
0,2018-07-11,6.58,6.61,6.54,6.55,6.123632,880200.0,880200.0,-0.03,-0.456,6.56667,"July 11, 18",-0.00456
0,2018-07-10,6.63,6.64,6.57,6.61,6.179727,1263200.0,1263200.0,-0.02,-0.302,6.60667,"July 10, 18",-0.00302
0,2018-07-09,6.76,6.79,6.73,6.79,6.348009,1250600.0,1250600.0,0.03,0.444,6.77,"July 09, 18",0.00444
0,2018-07-06,6.64,6.72,6.63,6.71,6.273217,601600.0,601600.0,0.07,1.054,6.68667,"July 06, 18",0.01054
0,2018-07-05,6.69,6.73,6.68,6.72,6.282566,608400.0,608400.0,0.03,0.448,6.71,"July 05, 18",0.00448
0,2018-07-03,6.69,6.7,6.64,6.64,6.207773,686200.0,686200.0,-0.05,-0.747,6.66,"July 03, 18",-0.00747
0,2018-07-02,6.71,6.76,6.69,6.72,6.282566,699000.0,699000.0,0.01,0.149,6.72333,"July 02, 18",0.00149
0,2018-06-29,6.84,6.9,6.79,6.8,6.357358,549700.0,549700.0,-0.04,-0.585,6.83,"June 29, 18",-0.00585
0,2018-06-28,6.73,6.8,6.69,6.78,6.338661,740500.0,740500.0,0.05,0.743,6.75667,"June 28, 18",0.00743
0,2018-06-27,6.78,6.81,6.72,6.73,6.291915,748200.0,748200.0,-0.05,-0.737,6.75333,"June 27, 18",-0.00737
0,2018-06-26,6.93,6.96,6.88,6.93,6.478896,705100.0,705100.0,0.0,0.0,6.92333,"June 26, 18",0.0
0,2018-06-25,6.96,6.96,6.88,6.92,6.469547,660400.0,660400.0,-0.04,-0.575,6.92,"June 25, 18",-0.00575
0,2018-06-22,7.03,7.05,7.0,7.01,6.553689,586600.0,586600.0,-0.02,-0.284,7.02,"June 22, 18",-0.00284
0,2018-06-21,6.93,6.93,6.86,6.92,6.469547,740200.0,740200.0,-0.01,-0.144,6.90333,"June 21, 18",-0.00144
0,2018-06-20,6.92,6.94,6.87,6.91,6.460198,1092200.0,1092200.0,-0.01,-0.145,6.90667,"June 20, 18",-0.00145
0,2018-06-19,6.85,6.91,6.82,6.9,6.450849,752600.0,752600.0,0.05,0.73,6.87667,"June 19, 18",0.0073
0,2018-06-18,6.78,6.86,6.76,6.85,6.404104,1658300.0,1658300.0,0.07,1.032,6.82333,"June 18, 18",0.01032
0,2018-06-15,6.88,6.9,6.84,6.88,6.432151,847600.0,847600.0,0.0,0.0,6.87333,"June 15, 18",0.0
0,2018-06-14,7.12,7.14,7.05,7.05,6.591085,1455400.0,1455400.0,-0.07,-0.983,7.08,"June 14, 18",-0.00983
0,2018-06-13,7.13,7.2,7.09,7.13,6.665877,1252900.0,1252900.0,0.0,0.0,7.14,"June 13, 18",0.0
0,2018-06-12,7.2,7.24,7.17,7.18,6.712622,1675900.0,1675900.0,-0.02,-0.278,7.19667,"June 12, 18",-0.00278
0,2018-06-11,7.28,7.35,7.27,7.33,6.852859,651700.0,651700.0,0.05,0.687,7.31667,"June 11, 18",0.00687
0,2018-06-08,7.28,7.32,7.23,7.3,6.824811,736600.0,736600.0,0.02,0.275,7.28333,"June 08, 18",0.00275
0,2018-06-07,7.41,7.42,7.27,7.3,6.824811,1271000.0,1271000.0,-0.11,-1.484,7.33,"June 07, 18",-0.01484
0,2018-06-06,7.25,7.37,7.25,7.35,6.871556,1105600.0,1105600.0,0.1,1.379,7.32333,"June 06, 18",0.01379
0,2018-06-05,7.23,7.25,7.18,7.21,6.74067,3467700.0,3467700.0,-0.02,-0.277,7.21333,"June 05, 18",-0.00277
0,2018-06-04,7.55,7.57,7.38,7.4,6.918302,6579600.0,6579600.0,-0.15,-1.987,7.45,"June 04, 18",-0.01987
0,2018-06-01,7.56,7.61,7.47,7.5,7.011792,1279400.0,1279400.0,-0.06,-0.794,7.52667,"June 01, 18",-0.00794
0,2018-05-31,7.4,7.42,7.31,7.38,6.899604,1124100.0,1124100.0,-0.02,-0.27,7.37,"May 31, 18",-0.0027
0,2018-05-30,7.44,7.45,7.38,7.41,6.927651,1020400.0,1020400.0,-0.03,-0.403,7.41333,"May 30, 18",-0.00403
0,2018-05-29,7.52,7.59,7.38,7.41,6.927651,1107400.0,1107400.0,-0.11,-1.463,7.46,"May 29, 18",-0.01463
0,2018-05-25,7.79,7.82,7.75,7.78,7.273566,700100.0,700100.0,-0.01,-0.128,7.78333,"May 25, 18",-0.00128
0,2018-05-24,7.94,7.94,7.83,7.87,7.357708,781600.0,781600.0,-0.07,-0.882,7.88,"May 24, 18",-0.00882
0,2018-05-23,7.96,7.97,7.9,7.93,7.413802,693300.0,693300.0,-0.03,-0.377,7.93333,"May 23, 18",-0.00377
0,2018-05-22,8.1,8.1,8.03,8.04,7.516641,955000.0,955000.0,-0.06,-0.741,8.05667,"May 22, 18",-0.00741
0,2018-05-21,7.96,7.99,7.94,7.95,7.4325,421700.0,421700.0,-0.01,-0.126,7.96,"May 21, 18",-0.00126
0,2018-05-18,7.95,7.97,7.9,7.92,7.404453,490500.0,490500.0,-0.03,-0.377,7.93,"May 18, 18",-0.00377
0,2018-05-17,8.03,8.07,8.03,8.06,7.53534,661400.0,661400.0,0.03,0.374,8.05333,"May 17, 18",0.00374
0,2018-05-16,7.99,8.03,7.96,7.97,7.451198,1036000.0,1036000.0,-0.02,-0.25,7.98667,"May 16, 18",-0.0025
0,2018-05-15,8.03,8.06,7.98,8.0,7.479245,612400.0,612400.0,-0.03,-0.374,8.01333,"May 15, 18",-0.00374
0,2018-05-14,8.11,8.12,8.04,8.05,7.52599,919400.0,919400.0,-0.06,-0.74,8.07,"May 14, 18",-0.0074
0,2018-05-11,8.12,8.14,8.05,8.06,7.53534,1274400.0,1274400.0,-0.06,-0.739,8.08333,"May 11, 18",-0.00739
0,2018-05-10,7.79,7.91,7.76,7.91,7.395103,1509800.0,1509800.0,0.12,1.54,7.86,"May 10, 18",0.0154
0,2018-05-09,7.54,7.62,7.54,7.61,7.114632,399600.0,399600.0,0.07,0.928,7.59,"May 09, 18",0.00928
0,2018-05-08,7.47,7.49,7.45,7.47,6.983745,369900.0,369900.0,0.0,0.0,7.47,"May 08, 18",0.0
0,2018-05-07,7.49,7.51,7.48,7.5,7.011792,218400.0,218400.0,0.01,0.134,7.49667,"May 07, 18",0.00134
0,2018-05-04,7.35,7.49,7.35,7.47,6.983745,368300.0,368300.0,0.12,1.633,7.43667,"May 04, 18",0.01633
0,2018-05-03,7.46,7.47,7.36,7.41,6.927651,552600.0,552600.0,-0.05,-0.67,7.41333,"May 03, 18",-0.0067
0,2018-05-02,7.52,7.54,7.45,7.46,6.974396,604500.0,604500.0,-0.06,-0.798,7.48333,"May 02, 18",-0.00798
0,2018-05-01,7.46,7.46,7.4,7.43,6.946349,578200.0,578200.0,-0.03,-0.402,7.43,"May 01, 18",-0.00402
0,2018-04-30,7.5,7.55,7.48,7.48,6.993094,470900.0,470900.0,-0.02,-0.267,7.50333,"April 30, 18",-0.00267
0,2018-04-27,7.45,7.56,7.45,7.52,7.03049,657900.0,657900.0,0.07,0.94,7.51,"April 27, 18",0.0094
0,2018-04-26,7.74,7.76,7.67,7.7,7.198773,428500.0,428500.0,-0.04,-0.517,7.71,"April 26, 18",-0.00517
0,2018-04-25,7.71,7.75,7.66,7.72,7.217472,401300.0,401300.0,0.01,0.13,7.71,"April 25, 18",0.0013
0,2018-04-24,7.81,7.83,7.73,7.75,7.245519,492200.0,492200.0,-0.06,-0.768,7.77,"April 24, 18",-0.00768
0,2018-04-23,7.8,7.83,7.78,7.8,7.292264,256200.0,256200.0,0.0,0.0,7.80333,"April 23, 18",0.0
0,2018-04-20,7.8,7.83,7.78,7.8,7.292264,367100.0,367100.0,0.0,0.0,7.80333,"April 20, 18",0.0
0,2018-04-19,7.78,7.86,7.78,7.8,7.292264,672000.0,672000.0,0.02,0.257,7.81333,"April 19, 18",0.00257
0,2018-04-18,7.81,7.83,7.75,7.78,7.273566,817400.0,817400.0,-0.03,-0.384,7.78667,"April 18, 18",-0.00384
0,2018-04-17,7.72,7.8,7.71,7.78,7.273566,916300.0,916300.0,0.06,0.777,7.76333,"April 17, 18",0.00777
0,2018-04-16,7.67,7.68,7.64,7.66,7.161377,362000.0,362000.0,-0.01,-0.13,7.66,"April 16, 18",-0.0013
0,2018-04-13,7.73,7.73,7.61,7.64,7.142679,474400.0,474400.0,-0.09,-1.164,7.66,"April 13, 18",-0.01164
0,2018-04-12,7.62,7.68,7.61,7.66,7.161377,409500.0,409500.0,0.04,0.525,7.65,"April 12, 18",0.00525
0,2018-04-11,7.61,7.62,7.57,7.57,7.077236,419000.0,419000.0,-0.04,-0.526,7.58667,"April 11, 18",-0.00526
0,2018-04-10,7.54,7.61,7.54,7.57,7.077236,571000.0,571000.0,0.03,0.398,7.57333,"April 10, 18",0.00398
0,2018-04-09,7.47,7.54,7.44,7.45,6.965047,540400.0,540400.0,-0.02,-0.268,7.47667,"April 09, 18",-0.00268
0,2018-04-06,7.45,7.48,7.37,7.41,6.927651,781300.0,781300.0,-0.04,-0.537,7.42,"April 06, 18",-0.00537
0,2018-04-05,7.4,7.49,7.4,7.46,6.974396,499700.0,499700.0,0.06,0.811,7.45,"April 05, 18",0.00811
0,2018-04-04,7.35,7.44,7.35,7.43,6.946349,663100.0,663100.0,0.08,1.088,7.40667,"April 04, 18",0.01088
0,2018-04-03,7.37,7.42,7.32,7.39,6.908953,733600.0,733600.0,0.02,0.271,7.37667,"April 03, 18",0.00271
0,2018-04-02,7.4,7.43,7.28,7.32,6.84351,581100.0,581100.0,-0.08,-1.081,7.34333,"April 02, 18",-0.01081
0,2018-03-29,7.42,7.46,7.37,7.4,6.918302,704600.0,704600.0,-0.02,-0.27,7.41,"March 29, 18",-0.0027
0,2018-03-28,7.33,7.4,7.29,7.36,6.880906,831600.0,831600.0,0.03,0.409,7.35,"March 28, 18",0.00409
0,2018-03-27,7.49,7.49,7.26,7.3,6.824811,1077000.0,1077000.0,-0.19,-2.537,7.35,"March 27, 18",-0.02537
0,2018-03-26,7.5,7.55,7.43,7.52,7.03049,1067900.0,1067900.0,0.02,0.267,7.5,"March 26, 18",0.00267
0,2018-03-23,7.32,7.33,7.2,7.21,6.74067,1000100.0,1000100.0,-0.11,-1.503,7.24667,"March 23, 18",-0.01503
0,2018-03-22,7.36,7.42,7.3,7.31,6.83416,1015400.0,1015400.0,-0.05,-0.679,7.34333,"March 22, 18",-0.00679
0,2018-03-21,7.49,7.54,7.42,7.48,6.993094,884400.0,884400.0,-0.01,-0.134,7.48,"March 21, 18",-0.00134
0,2018-03-20,7.5,7.53,7.47,7.48,6.993094,776600.0,776600.0,-0.02,-0.267,7.49333,"March 20, 18",-0.00267
0,2018-03-19,7.44,7.46,7.31,7.37,6.890254,741700.0,741700.0,-0.07,-0.941,7.38,"March 19, 18",-0.00941
0,2018-03-16,7.33,7.41,7.33,7.37,6.890254,674400.0,674400.0,0.04,0.546,7.37,"March 16, 18",0.00546
0,2018-03-15,7.26,7.34,7.24,7.29,6.815462,1898800.0,1898800.0,0.03,0.413,7.29,"March 15, 18",0.00413
0,2018-03-14,7.38,7.42,7.29,7.39,6.908953,1951200.0,1951200.0,0.01,0.136,7.36667,"March 14, 18",0.00136
0,2018-03-13,7.43,7.44,7.33,7.33,6.852859,543200.0,543200.0,-0.1,-1.346,7.36667,"March 13, 18",-0.01346
0,2018-03-12,7.4,7.46,7.4,7.41,6.927651,598400.0,598400.0,0.01,0.135,7.42333,"March 12, 18",0.00135
0,2018-03-09,7.33,7.41,7.33,7.38,6.899604,1291200.0,1291200.0,0.05,0.682,7.37333,"March 09, 18",0.00682
0,2018-03-08,7.4,7.46,7.38,7.42,6.937,824800.0,824800.0,0.02,0.27,7.42,"March 08, 18",0.0027
0,2018-03-07,7.36,7.41,7.33,7.39,6.908953,783900.0,783900.0,0.03,0.408,7.37667,"March 07, 18",0.00408
0,2018-03-06,7.41,7.43,7.34,7.4,6.918302,1268800.0,1268800.0,-0.01,-0.135,7.39,"March 06, 18",-0.00135
0,2018-03-05,7.28,7.45,7.26,7.41,6.927651,954000.0,954000.0,0.13,1.786,7.37333,"March 05, 18",0.01786
0,2018-03-02,7.29,7.37,7.11,7.34,6.862207,2903100.0,2903100.0,0.05,0.686,7.27333,"March 02, 18",0.00686
0,2018-03-01,7.42,7.45,7.31,7.39,6.908953,1636200.0,1636200.0,-0.03,-0.404,7.38333,"March 01, 18",-0.00404
0,2018-02-28,7.56,7.57,7.45,7.45,6.965047,1020000.0,1020000.0,-0.11,-1.455,7.49,"February 28, 18",-0.01455
0,2018-02-27,7.66,7.68,7.61,7.62,7.123981,1064900.0,1064900.0,-0.04,-0.522,7.63667,"February 27, 18",-0.00522
0,2018-02-26,7.66,7.7,7.59,7.66,7.161377,923800.0,923800.0,0.0,0.0,7.65,"February 26, 18",0.0
0,2018-02-23,7.68,7.7,7.57,7.64,7.142679,2066400.0,2066400.0,-0.04,-0.521,7.63667,"February 23, 18",-0.00521
0,2018-02-22,7.93,8.01,7.88,7.94,7.423151,1082400.0,1082400.0,0.01,0.126,7.94333,"February 22, 18",0.00126
0,2018-02-21,7.83,7.96,7.82,7.84,7.32966,907400.0,907400.0,0.01,0.128,7.87333,"February 21, 18",0.00128
0,2018-02-20,7.87,7.87,7.8,7.82,7.310962,755100.0,755100.0,-0.05,-0.635,7.83,"February 20, 18",-0.00635
0,2018-02-16,7.83,7.91,7.82,7.87,7.357708,790600.0,790600.0,0.04,0.511,7.86667,"February 16, 18",0.00511
0,2018-02-15,7.94,7.94,7.8,7.92,7.404453,892100.0,892100.0,-0.02,-0.252,7.88667,"February 15, 18",-0.00252
0,2018-02-14,7.74,7.94,7.74,7.93,7.413802,879000.0,879000.0,0.19,2.455,7.87,"February 14, 18",0.02455
0,2018-02-13,7.81,7.83,7.77,7.83,7.320311,651800.0,651800.0,0.02,0.256,7.81,"February 13, 18",0.00256
0,2018-02-12,7.8,7.88,7.73,7.82,7.310962,953900.0,953900.0,0.02,0.256,7.81,"February 12, 18",0.00256
0,2018-02-09,7.79,7.85,7.57,7.77,7.264217,2012500.0,2012500.0,-0.02,-0.257,7.73,"February 09, 18",-0.00257
0,2018-02-08,8.2,8.21,7.89,7.9,7.385755,2101800.0,2101800.0,-0.3,-3.659,8.0,"February 08, 18",-0.03659
0,2018-02-07,7.9,8.0,7.87,7.88,7.367057,1258600.0,1258600.0,-0.02,-0.253,7.91667,"February 07, 18",-0.00253
0,2018-02-06,7.75,7.94,7.72,7.92,7.404453,2236800.0,2236800.0,0.17,2.194,7.86,"February 06, 18",0.02194
0,2018-02-05,8.01,8.09,7.73,7.8,7.292264,1596400.0,1596400.0,-0.21,-2.622,7.87333,"February 05, 18",-0.02622
0,2018-02-02,8.28,8.3,8.16,8.17,7.638179,781000.0,781000.0,-0.11,-1.329,8.21,"February 02, 18",-0.01329
0,2018-02-01,8.28,8.39,8.27,8.39,7.843859,1142200.0,1142200.0,0.11,1.329,8.35,"February 01, 18",0.01329
0,2018-01-31,8.29,8.37,8.28,8.33,7.787764,986300.0,986300.0,0.04,0.483,8.32667,"January 31, 18",0.00483
0,2018-01-30,8.43,8.43,8.35,8.39,7.843859,872400.0,872400.0,-0.04,-0.474,8.39,"January 30, 18",-0.00474
0,2018-01-29,8.59,8.61,8.56,8.57,8.012141,581400.0,581400.0,-0.02,-0.233,8.58,"January 29, 18",-0.00233
0,2018-01-26,8.73,8.74,8.67,8.7,8.133679,746200.0,746200.0,-0.03,-0.344,8.70333,"January 26, 18",-0.00344
0,2018-01-25,8.68,8.69,8.61,8.63,8.068235,765100.0,765100.0,-0.05,-0.576,8.64333,"January 25, 18",-0.00576
0,2018-01-24,8.59,8.62,8.56,8.6,8.040189,703100.0,703100.0,0.01,0.116,8.59333,"January 24, 18",0.00116
0,2018-01-23,8.44,8.47,8.4,8.46,7.909302,820400.0,820400.0,0.02,0.237,8.44333,"January 23, 18",0.00237
0,2018-01-22,8.4,8.49,8.39,8.48,7.927999,814900.0,814900.0,0.08,0.952,8.45333,"January 22, 18",0.00952
0,2018-01-19,8.35,8.41,8.35,8.4,7.853207,485500.0,485500.0,0.05,0.599,8.38667,"January 19, 18",0.00599
0,2018-01-18,8.35,8.42,8.34,8.4,7.853207,500400.0,500400.0,0.05,0.599,8.38667,"January 18, 18",0.00599
0,2018-01-17,8.25,8.36,8.23,8.33,7.787764,566200.0,566200.0,0.08,0.97,8.30667,"January 17, 18",0.0097
0,2018-01-16,8.34,8.37,8.29,8.3,7.759717,1338000.0,1338000.0,-0.04,-0.48,8.32,"January 16, 18",-0.0048
0,2018-01-12,8.37,8.44,8.35,8.44,7.890603,909000.0,909000.0,0.07,0.836,8.41,"January 12, 18",0.00836
0,2018-01-11,8.13,8.19,8.12,8.18,7.647529,735400.0,735400.0,0.05,0.615,8.16333,"January 11, 18",0.00615
0,2018-01-10,8.01,8.08,8.01,8.03,7.507292,929400.0,929400.0,0.02,0.25,8.04,"January 10, 18",0.0025
0,2018-01-09,7.7,7.73,7.7,7.73,7.22682,502200.0,502200.0,0.03,0.39,7.72,"January 09, 18",0.0039
0,2018-01-08,7.66,7.71,7.66,7.68,7.180075,561700.0,561700.0,0.02,0.261,7.68333,"January 08, 18",0.00261
0,2018-01-05,7.68,7.68,7.61,7.63,7.13333,666100.0,666100.0,-0.05,-0.651,7.64,"January 05, 18",-0.00651
0,2018-01-04,7.66,7.7,7.64,7.69,7.189425,1075200.0,1075200.0,0.03,0.392,7.67667,"January 04, 18",0.00392
0,2018-01-03,7.63,7.63,7.54,7.59,7.095934,773900.0,773900.0,-0.04,-0.524,7.58667,"January 03, 18",-0.00524
0,2018-01-02,7.62,7.67,7.6,7.67,7.170726,495800.0,495800.0,0.05,0.656,7.64667,"January 02, 18",0.00656
0,2017-12-29,7.64,7.68,7.61,7.64,7.142679,696800.0,696800.0,0.0,0.0,7.64333,"December 29, 17",0.0
0,2017-12-28,7.55,7.57,7.53,7.57,7.077236,308900.0,308900.0,0.02,0.265,7.55667,"December 28, 17",0.00265
0,2017-12-27,7.51,7.54,7.51,7.53,7.03984,299400.0,299400.0,0.02,0.266,7.52667,"December 27, 17",0.00266
0,2017-12-26,7.5,7.54,7.48,7.52,7.03049,269600.0,269600.0,0.02,0.267,7.51333,"December 26, 17",0.00267
0,2017-12-22,7.53,7.53,7.48,7.5,7.011792,398100.0,398100.0,-0.03,-0.398,7.50333,"December 22, 17",-0.00398
0,2017-12-21,7.49,7.55,7.47,7.52,7.03049,611000.0,611000.0,0.03,0.401,7.51333,"December 21, 17",0.00401
0,2017-12-20,7.5,7.5,7.45,7.48,6.993094,686000.0,686000.0,-0.02,-0.267,7.47667,"December 20, 17",-0.00267
0,2017-12-19,7.52,7.57,7.5,7.53,7.03984,679800.0,679800.0,0.01,0.133,7.53333,"December 19, 17",0.00133
0,2017-12-18,7.51,7.55,7.49,7.54,7.049189,757900.0,757900.0,0.03,0.399,7.52667,"December 18, 17",0.00399
0,2017-12-15,7.46,7.5,7.44,7.48,6.993094,664100.0,664100.0,0.02,0.268,7.47333,"December 15, 17",0.00268
0,2017-12-14,7.62,7.62,7.55,7.57,7.077236,555700.0,555700.0,-0.05,-0.656,7.58,"December 14, 17",-0.00656
0,2017-12-13,7.62,7.65,7.59,7.6,7.105283,960300.0,960300.0,-0.02,-0.262,7.61333,"December 13, 17",-0.00262
0,2017-12-12,7.58,7.61,7.56,7.59,7.095934,739500.0,739500.0,0.01,0.132,7.58667,"December 12, 17",0.00132
0,2017-12-11,7.63,7.64,7.58,7.61,7.114632,654700.0,654700.0,-0.02,-0.262,7.61,"December 11, 17",-0.00262
0,2017-12-08,7.65,7.65,7.6,7.64,7.142679,502100.0,502100.0,-0.01,-0.131,7.63,"December 08, 17",-0.00131
0,2017-12-07,7.44,7.51,7.41,7.49,7.002443,535500.0,535500.0,0.05,0.672,7.47,"December 07, 17",0.00672
0,2017-12-06,7.44,7.49,7.41,7.42,6.937,573100.0,573100.0,-0.02,-0.269,7.44,"December 06, 17",-0.00269
0,2017-12-05,7.42,7.48,7.39,7.44,6.955698,509300.0,509300.0,0.02,0.27,7.43667,"December 05, 17",0.0027
0,2017-12-04,7.55,7.58,7.47,7.48,6.993094,819200.0,819200.0,-0.07,-0.927,7.51,"December 04, 17",-0.00927
0,2017-12-01,7.47,7.48,7.38,7.43,6.946349,1291900.0,1291900.0,-0.04,-0.535,7.43,"December 01, 17",-0.00535
0,2017-11-30,7.58,7.6,7.5,7.54,7.049189,1210900.0,1210900.0,-0.04,-0.528,7.54667,"November 30, 17",-0.00528
0,2017-11-29,7.63,7.68,7.53,7.59,7.095934,1822700.0,1822700.0,-0.04,-0.524,7.6,"November 29, 17",-0.00524
0,2017-11-28,7.23,7.38,7.22,7.37,6.890254,1001300.0,1001300.0,0.14,1.936,7.32333,"November 28, 17",0.01936
0,2017-11-27,7.29,7.32,7.23,7.26,6.787415,735200.0,735200.0,-0.03,-0.412,7.27,"November 27, 17",-0.00412
0,2017-11-24,7.36,7.37,7.34,7.35,6.871556,304400.0,304400.0,-0.01,-0.136,7.35333,"November 24, 17",-0.00136
0,2017-11-22,7.33,7.34,7.26,7.3,6.824811,758600.0,758600.0,-0.03,-0.409,7.3,"November 22, 17",-0.00409
0,2017-11-21,7.38,7.39,7.32,7.34,6.862207,525800.0,525800.0,-0.04,-0.542,7.35,"November 21, 17",-0.00542
0,2017-11-20,7.35,7.38,7.34,7.36,6.880906,770900.0,770900.0,0.01,0.136,7.36,"November 20, 17",0.00136
0,2017-11-17,7.29,7.35,7.28,7.35,6.871556,484000.0,484000.0,0.06,0.823,7.32667,"November 17, 17",0.00823
0,2017-11-16,7.31,7.33,7.27,7.3,6.824811,670600.0,670600.0,-0.01,-0.137,7.3,"November 16, 17",-0.00137
0,2017-11-15,7.25,7.33,7.22,7.32,6.84351,1221800.0,1221800.0,0.07,0.966,7.29,"November 15, 17",0.00966
0,2017-11-14,7.26,7.32,7.24,7.31,6.83416,490400.0,490400.0,0.05,0.689,7.29,"November 14, 17",0.00689
0,2017-11-13,7.24,7.3,7.23,7.29,6.815462,475600.0,475600.0,0.05,0.691,7.27333,"November 13, 17",0.00691
0,2017-11-10,7.31,7.36,7.3,7.32,6.84351,506600.0,506600.0,0.01,0.137,7.32667,"November 10, 17",0.00137
0,2017-11-09,7.24,7.29,7.21,7.28,6.806113,1086500.0,1086500.0,0.04,0.552,7.26,"November 09, 17",0.00552
0,2017-11-08,7.27,7.33,7.24,7.31,6.83416,547700.0,547700.0,0.04,0.55,7.29333,"November 08, 17",0.0055
0,2017-11-07,7.37,7.38,7.29,7.3,6.824811,768800.0,768800.0,-0.07,-0.95,7.32333,"November 07, 17",-0.0095
0,2017-11-06,7.34,7.4,7.32,7.38,6.899604,368900.0,368900.0,0.04,0.545,7.36667,"November 06, 17",0.00545
0,2017-11-03,7.36,7.38,7.33,7.37,6.890254,560000.0,560000.0,0.01,0.136,7.36,"November 03, 17",0.00136
0,2017-11-02,7.43,7.48,7.37,7.47,6.983745,882400.0,882400.0,0.04,0.538,7.44,"November 02, 17",0.00538
0,2017-11-01,7.6,7.64,7.59,7.61,7.114632,796200.0,796200.0,0.01,0.132,7.61333,"November 01, 17",0.00132
0,2017-10-31,7.57,7.61,7.55,7.59,7.095934,822500.0,822500.0,0.02,0.264,7.58333,"October 31, 17",0.00264
0,2017-10-30,7.59,7.62,7.57,7.58,7.086585,882100.0,882100.0,-0.01,-0.132,7.59,"October 30, 17",-0.00132
0,2017-10-27,7.57,7.62,7.53,7.53,7.03984,1581700.0,1581700.0,-0.04,-0.528,7.56,"October 27, 17",-0.00528
0,2017-10-26,7.41,7.48,7.4,7.41,6.927651,1210100.0,1210100.0,0.0,0.0,7.43,"October 26, 17",0.0
0,2017-10-25,7.53,7.55,7.45,7.49,7.002443,620200.0,620200.0,-0.04,-0.531,7.49667,"October 25, 17",-0.00531
0,2017-10-24,7.43,7.49,7.43,7.46,6.974396,672700.0,672700.0,0.03,0.404,7.46,"October 24, 17",0.00404
0,2017-10-23,7.44,7.45,7.41,7.41,6.927651,543000.0,543000.0,-0.03,-0.403,7.42333,"October 23, 17",-0.00403
0,2017-10-20,7.54,7.58,7.5,7.5,7.011792,1170700.0,1170700.0,-0.04,-0.531,7.52667,"October 20, 17",-0.00531
0,2017-10-19,7.45,7.49,7.43,7.45,6.965047,506200.0,506200.0,0.0,0.0,7.45667,"October 19, 17",0.0
0,2017-10-18,7.37,7.45,7.37,7.43,6.946349,581000.0,581000.0,0.06,0.814,7.41667,"October 18, 17",0.00814
0,2017-10-17,7.32,7.32,7.27,7.28,6.806113,461600.0,461600.0,-0.04,-0.546,7.29,"October 17, 17",-0.00546
0,2017-10-16,7.35,7.38,7.33,7.35,6.871556,371900.0,371900.0,0.0,0.0,7.35333,"October 16, 17",0.0
0,2017-10-13,7.36,7.41,7.36,7.38,6.899604,332900.0,332900.0,0.02,0.272,7.38333,"October 13, 17",0.00272
0,2017-10-12,7.31,7.34,7.28,7.31,6.83416,443100.0,443100.0,0.0,0.0,7.31,"October 12, 17",0.0
0,2017-10-11,7.32,7.36,7.29,7.35,6.871556,483200.0,483200.0,0.03,0.41,7.33333,"October 11, 17",0.0041
0,2017-10-10,7.4,7.44,7.36,7.43,6.946349,1068000.0,1068000.0,0.03,0.405,7.41,"October 10, 17",0.00405
0,2017-10-09,7.24,7.25,7.19,7.2,6.73132,527000.0,527000.0,-0.04,-0.552,7.21333,"October 09, 17",-0.00552
0,2017-10-06,7.16,7.22,7.15,7.2,6.73132,674100.0,674100.0,0.04,0.559,7.19,"October 06, 17",0.00559
0,2017-10-05,7.23,7.31,7.22,7.27,6.796764,935500.0,935500.0,0.04,0.553,7.26667,"October 05, 17",0.00553
0,2017-10-04,7.31,7.35,7.25,7.25,6.778066,731700.0,731700.0,-0.06,-0.821,7.28333,"October 04, 17",-0.00821
0,2017-10-03,7.24,7.27,7.21,7.25,6.778066,413100.0,413100.0,0.01,0.138,7.24333,"October 03, 17",0.00138
0,2017-10-02,7.17,7.22,7.17,7.19,6.721972,593900.0,593900.0,0.02,0.279,7.19333,"October 02, 17",0.00279
0,2017-09-29,7.23,7.29,7.23,7.28,6.806113,770800.0,770800.0,0.05,0.692,7.26667,"September 29, 17",0.00692
0,2017-09-28,7.19,7.26,7.14,7.25,6.778066,948300.0,948300.0,0.06,0.834,7.21667,"September 28, 17",0.00834
0,2017-09-27,7.29,7.37,7.27,7.36,6.880906,1781200.0,1781200.0,0.07,0.96,7.33333,"September 27, 17",0.0096
0,2017-09-26,7.1,7.11,7.07,7.1,6.63783,469100.0,469100.0,0.0,0.0,7.09333,"September 26, 17",0.0
0,2017-09-25,7.13,7.16,7.05,7.07,6.609783,668000.0,668000.0,-0.06,-0.842,7.09333,"September 25, 17",-0.00842
0,2017-09-22,7.16,7.18,7.13,7.16,6.693924,657200.0,657200.0,0.0,0.0,7.15667,"September 22, 17",0.0
0,2017-09-21,7.08,7.16,7.08,7.14,6.675226,788100.0,788100.0,0.06,0.847,7.12667,"September 21, 17",0.00847
0,2017-09-20,6.99,7.04,6.97,7.01,6.553689,759000.0,759000.0,0.02,0.286,7.00667,"September 20, 17",0.00286
0,2017-09-19,6.94,6.99,6.93,6.98,6.525641,497600.0,497600.0,0.04,0.576,6.96667,"September 19, 17",0.00576
0,2017-09-18,6.91,6.94,6.87,6.89,6.4415,576100.0,576100.0,-0.02,-0.289,6.9,"September 18, 17",-0.00289
0,2017-09-15,6.9,6.93,6.85,6.9,6.450849,785100.0,785100.0,0.0,0.0,6.89333,"September 15, 17",0.0
0,2017-09-14,6.79,6.88,6.79,6.82,6.376057,888100.0,888100.0,0.03,0.442,6.83,"September 14, 17",0.00442
0,2017-09-13,6.69,6.73,6.66,6.67,6.235821,547100.0,547100.0,-0.02,-0.299,6.68667,"September 13, 17",-0.00299
0,2017-09-12,6.63,6.72,6.63,6.7,6.263868,781900.0,781900.0,0.07,1.056,6.68333,"September 12, 17",0.01056
0,2017-09-11,6.44,6.52,6.44,6.5,6.076887,672800.0,672800.0,0.06,0.932,6.48667,"September 11, 17",0.00932
0,2017-09-08,6.46,6.52,6.46,6.5,6.076887,530000.0,530000.0,0.04,0.619,6.49333,"September 08, 17",0.00619
0,2017-09-07,6.43,6.45,6.36,6.37,5.955349,552200.0,552200.0,-0.06,-0.933,6.39333,"September 07, 17",-0.00933
0,2017-09-06,6.48,6.49,6.42,6.44,6.020792,718600.0,718600.0,-0.04,-0.617,6.45,"September 06, 17",-0.00617
0,2017-09-05,6.53,6.55,6.46,6.49,6.067537,731500.0,731500.0,-0.04,-0.613,6.5,"September 05, 17",-0.00613
0,2017-09-01,6.59,6.64,6.59,6.62,6.189075,305500.0,305500.0,0.03,0.455,6.61667,"September 01, 17",0.00455
0,2017-08-31,6.52,6.59,6.5,6.58,6.151679,553100.0,553100.0,0.06,0.92,6.55667,"August 31, 17",0.0092
0,2017-08-30,6.51,6.52,6.48,6.5,6.076887,677000.0,677000.0,-0.01,-0.154,6.5,"August 30, 17",-0.00154
0,2017-08-29,6.55,6.58,6.53,6.57,6.14233,403700.0,403700.0,0.02,0.305,6.56,"August 29, 17",0.00305
0,2017-08-28,6.67,6.68,6.64,6.66,6.226471,273800.0,273800.0,-0.01,-0.15,6.66,"August 28, 17",-0.0015
0,2017-08-25,6.63,6.68,6.63,6.66,6.226471,554300.0,554300.0,0.03,0.452,6.65667,"August 25, 17",0.00452
0,2017-08-24,6.65,6.65,6.61,6.61,6.179727,530900.0,530900.0,-0.04,-0.602,6.62333,"August 24, 17",-0.00602
0,2017-08-23,6.59,6.65,6.59,6.64,6.207773,632300.0,632300.0,0.05,0.759,6.62667,"August 23, 17",0.00759
0,2017-08-22,6.56,6.59,6.55,6.59,6.161028,451800.0,451800.0,0.03,0.457,6.57667,"August 22, 17",0.00457
0,2017-08-21,6.6,6.66,6.6,6.64,6.207773,589800.0,589800.0,0.04,0.606,6.63333,"August 21, 17",0.00606
0,2017-08-18,6.58,6.7,6.57,6.69,6.254519,853000.0,853000.0,0.11,1.672,6.65333,"August 18, 17",0.01672
0,2017-08-17,6.67,6.7,6.63,6.65,6.217123,2109800.0,2109800.0,-0.02,-0.3,6.66,"August 17, 17",-0.003
0,2017-08-16,6.88,6.88,6.81,6.82,6.376057,892900.0,892900.0,-0.06,-0.872,6.83667,"August 16, 17",-0.00872
0,2017-08-15,6.88,6.88,6.8,6.81,6.366707,460700.0,460700.0,-0.07,-1.017,6.83,"August 15, 17",-0.01017
0,2017-08-14,6.84,6.88,6.77,6.77,6.329311,714600.0,714600.0,-0.07,-1.023,6.80667,"August 14, 17",-0.01023
0,2017-08-11,6.72,6.76,6.69,6.74,6.301264,820000.0,820000.0,0.02,0.298,6.73,"August 11, 17",0.00298
0,2017-08-10,6.79,6.8,6.7,6.7,6.263868,628500.0,628500.0,-0.09,-1.325,6.73333,"August 10, 17",-0.01325
0,2017-08-09,6.79,6.84,6.78,6.82,6.376057,630600.0,630600.0,0.03,0.442,6.81333,"August 09, 17",0.00442
0,2017-08-08,6.89,6.94,6.88,6.88,6.432151,525700.0,525700.0,-0.01,-0.145,6.9,"August 08, 17",-0.00145
0,2017-08-07,6.89,6.92,6.88,6.89,6.4415,371800.0,371800.0,0.0,0.0,6.89667,"August 07, 17",0.0
0,2017-08-04,6.91,6.94,6.85,6.85,6.404104,1606900.0,1606900.0,-0.06,-0.868,6.88,"August 04, 17",-0.00868
0,2017-08-03,6.84,6.84,6.76,6.79,6.348009,999100.0,999100.0,-0.05,-0.731,6.79667,"August 03, 17",-0.00731
0,2017-08-02,6.7,6.74,6.68,6.73,6.291915,499900.0,499900.0,0.03,0.448,6.71667,"August 02, 17",0.00448
0,2017-08-01,6.75,6.77,6.69,6.73,6.291915,575300.0,575300.0,-0.02,-0.296,6.73,"August 01, 17",-0.00296
0,2017-07-31,6.6,6.66,6.58,6.64,6.207773,602800.0,602800.0,0.04,0.606,6.62667,"July 31, 17",0.00606
0,2017-07-28,6.62,6.64,6.54,6.59,6.161028,581400.0,581400.0,-0.03,-0.453,6.59,"July 28, 17",-0.00453
0,2017-07-27,6.68,6.69,6.6,6.63,6.198424,661900.0,661900.0,-0.05,-0.749,6.64,"July 27, 17",-0.00749
0,2017-07-26,6.67,6.7,6.65,6.7,6.263868,621200.0,621200.0,0.03,0.45,6.68333,"July 26, 17",0.0045
0,2017-07-25,6.62,6.65,6.61,6.63,6.198424,579400.0,579400.0,0.01,0.151,6.63,"July 25, 17",0.00151
0,2017-07-24,6.46,6.54,6.46,6.51,6.086236,840900.0,840900.0,0.05,0.774,6.50333,"July 24, 17",0.00774
0,2017-07-21,6.48,6.49,6.43,6.49,6.067537,839400.0,839400.0,0.01,0.154,6.47,"July 21, 17",0.00154
0,2017-07-20,6.56,6.57,6.53,6.56,6.132981,774600.0,774600.0,0.0,0.0,6.55333,"July 20, 17",0.0
0,2017-07-19,6.57,6.6,6.56,6.59,6.161028,589600.0,589600.0,0.02,0.304,6.58333,"July 19, 17",0.00304
0,2017-07-18,6.59,6.63,6.55,6.62,6.189075,482700.0,482700.0,0.03,0.455,6.6,"July 18, 17",0.00455
0,2017-07-17,6.65,6.69,6.63,6.65,6.217123,483400.0,483400.0,0.0,0.0,6.65667,"July 17, 17",0.0
0,2017-07-14,6.62,6.71,6.61,6.68,6.24517,537100.0,537100.0,0.06,0.906,6.66667,"July 14, 17",0.00906
0,2017-07-13,6.67,6.74,6.66,6.73,6.291915,1066100.0,1066100.0,0.06,0.9,6.71,"July 13, 17",0.009
0,2017-07-12,6.69,6.71,6.52,6.58,6.151679,1552300.0,1552300.0,-0.11,-1.644,6.60333,"July 12, 17",-0.01644
0,2017-07-11,6.61,6.69,6.6,6.68,6.24517,537500.0,537500.0,0.07,1.059,6.65667,"July 11, 17",0.01059
0,2017-07-10,6.64,6.72,6.63,6.7,6.263868,1066200.0,1066200.0,0.06,0.904,6.68333,"July 10, 17",0.00904
0,2017-07-07,6.72,6.76,6.68,6.75,6.310613,886300.0,886300.0,0.03,0.446,6.73,"July 07, 17",0.00446
0,2017-07-06,6.75,6.85,6.75,6.77,6.329311,1142600.0,1142600.0,0.02,0.296,6.79,"July 06, 17",0.00296
0,2017-07-05,6.64,6.71,6.62,6.68,6.24517,1204700.0,1204700.0,0.04,0.602,6.67,"July 05, 17",0.00602
0,2017-07-03,6.59,6.68,6.59,6.64,6.207773,557200.0,557200.0,0.05,0.759,6.63667,"July 03, 17",0.00759
0,2017-06-30,6.54,6.55,6.45,6.53,6.104934,694900.0,694900.0,-0.01,-0.153,6.51,"June 30, 17",-0.00153
0,2017-06-29,6.65,6.68,6.58,6.62,6.189075,976600.0,976600.0,-0.03,-0.451,6.62667,"June 29, 17",-0.00451
0,2017-06-28,6.48,6.6,6.48,6.58,6.151679,816000.0,816000.0,0.1,1.543,6.55333,"June 28, 17",0.01543
0,2017-06-27,6.44,6.5,6.43,6.49,6.067537,839200.0,839200.0,0.05,0.776,6.47333,"June 27, 17",0.00776
0,2017-06-26,6.4,6.45,6.39,6.39,5.974047,650800.0,650800.0,-0.01,-0.156,6.41,"June 26, 17",-0.00156
0,2017-06-23,6.29,6.31,6.27,6.27,5.861858,678700.0,678700.0,-0.02,-0.318,6.28333,"June 23, 17",-0.00318
0,2017-06-22,6.27,6.31,6.24,6.3,5.889906,737000.0,737000.0,0.03,0.478,6.28333,"June 22, 17",0.00478
0,2017-06-21,6.3,6.32,6.27,6.28,5.871208,463800.0,463800.0,-0.02,-0.317,6.29,"June 21, 17",-0.00317
0,2017-06-20,6.38,6.38,6.28,6.3,5.889906,1087600.0,1087600.0,-0.08,-1.254,6.32,"June 20, 17",-0.01254
0,2017-06-19,6.45,6.47,6.41,6.42,6.002094,1233600.0,1233600.0,-0.03,-0.465,6.43333,"June 19, 17",-0.00465
0,2017-06-16,6.41,6.43,6.39,6.42,6.002094,610400.0,610400.0,0.01,0.156,6.41333,"June 16, 17",0.00156
0,2017-06-15,6.38,6.48,6.38,6.45,6.030141,1403800.0,1403800.0,0.07,1.097,6.43667,"June 15, 17",0.01097
0,2017-06-14,6.44,6.46,6.41,6.44,6.020792,892700.0,892700.0,0.0,0.0,6.43667,"June 14, 17",0.0
0,2017-06-13,6.49,6.51,6.44,6.46,6.039491,751400.0,751400.0,-0.03,-0.462,6.47,"June 13, 17",-0.00462
0,2017-06-12,6.39,6.41,6.36,6.37,5.955349,1073400.0,1073400.0,-0.02,-0.313,6.38,"June 12, 17",-0.00313
0,2017-06-09,6.4,6.47,6.37,6.41,5.992745,1721000.0,1721000.0,0.01,0.156,6.41667,"June 09, 17",0.00156
0,2017-06-08,6.62,6.71,6.61,6.66,6.226471,948400.0,948400.0,0.04,0.604,6.66,"June 08, 17",0.00604
0,2017-06-07,6.64,6.67,6.61,6.64,6.207773,917100.0,917100.0,0.0,0.0,6.64,"June 07, 17",0.0
0,2017-06-06,6.59,6.59,6.47,6.51,6.086236,2508000.0,2508000.0,-0.08,-1.214,6.52333,"June 06, 17",-0.01214
0,2017-06-05,6.7,6.77,6.7,6.72,6.282566,627000.0,627000.0,0.02,0.299,6.73,"June 05, 17",0.00299
0,2017-06-02,6.69,6.71,6.66,6.7,6.263868,532200.0,532200.0,0.01,0.149,6.69,"June 02, 17",0.00149
0,2017-06-01,6.63,6.71,6.6,6.7,6.263868,927300.0,927300.0,0.07,1.056,6.67,"June 01, 17",0.01056
0,2017-05-31,6.82,6.82,6.7,6.73,6.291915,1220600.0,1220600.0,-0.09,-1.32,6.75,"May 31, 17",-0.0132
0,2017-05-30,6.72,6.76,6.7,6.72,6.282566,884700.0,884700.0,0.0,0.0,6.72667,"May 30, 17",0.0
0,2017-05-26,6.71,6.74,6.69,6.72,6.282566,878200.0,878200.0,0.01,0.149,6.71667,"May 26, 17",0.00149
0,2017-05-25,6.9,6.94,6.87,6.88,6.432151,861300.0,861300.0,-0.02,-0.29,6.89667,"May 25, 17",-0.0029
0,2017-05-24,7.02,7.04,6.92,6.96,6.506943,948100.0,948100.0,-0.06,-0.855,6.97333,"May 24, 17",-0.00855
0,2017-05-23,6.92,6.98,6.89,6.93,6.478896,2025200.0,2025200.0,0.01,0.145,6.93333,"May 23, 17",0.00145
0,2017-05-22,6.88,6.9,6.83,6.86,6.413453,788400.0,788400.0,-0.02,-0.291,6.86333,"May 22, 17",-0.00291
0,2017-05-19,6.92,6.94,6.87,6.9,6.450849,758500.0,758500.0,-0.02,-0.289,6.90333,"May 19, 17",-0.00289
0,2017-05-18,6.86,6.91,6.82,6.86,6.413453,1259400.0,1259400.0,0.0,0.0,6.86333,"May 18, 17",0.0
0,2017-05-17,6.78,6.79,6.65,6.68,6.24517,937600.0,937600.0,-0.1,-1.475,6.70667,"May 17, 17",-0.01475
0,2017-05-16,6.85,6.88,6.82,6.86,6.413453,571500.0,571500.0,0.01,0.146,6.85333,"May 16, 17",0.00146
0,2017-05-15,6.78,6.82,6.77,6.79,6.348009,488300.0,488300.0,0.01,0.147,6.79333,"May 15, 17",0.00147
0,2017-05-12,6.72,6.73,6.67,6.72,6.282566,832200.0,832200.0,0.0,0.0,6.70667,"May 12, 17",0.0
0,2017-05-11,6.78,6.78,6.72,6.75,6.310613,985500.0,985500.0,-0.03,-0.442,6.75,"May 11, 17",-0.00442
0,2017-05-10,6.84,6.87,6.83,6.85,6.404104,620100.0,620100.0,0.01,0.146,6.85,"May 10, 17",0.00146
0,2017-05-09,6.87,6.89,6.81,6.82,6.376057,926000.0,926000.0,-0.05,-0.728,6.84,"May 09, 17",-0.00728
0,2017-05-08,6.94,6.96,6.92,6.92,6.469547,741400.0,741400.0,-0.02,-0.288,6.93333,"May 08, 17",-0.00288
0,2017-05-05,6.95,7.06,6.94,7.05,6.591085,1307500.0,1307500.0,0.1,1.439,7.01667,"May 05, 17",0.01439
0,2017-05-04,6.92,6.96,6.91,6.94,6.488245,1103700.0,1103700.0,0.02,0.289,6.93667,"May 04, 17",0.00289
0,2017-05-03,6.87,6.91,6.84,6.89,6.4415,858700.0,858700.0,0.02,0.291,6.88,"May 03, 17",0.00291
0,2017-05-02,6.91,6.93,6.85,6.88,6.432151,832700.0,832700.0,-0.03,-0.434,6.88667,"May 02, 17",-0.00434
0,2017-05-01,6.86,6.95,6.84,6.9,6.450849,1673200.0,1673200.0,0.04,0.583,6.89667,"May 01, 17",0.00583
0,2017-04-28,6.87,6.93,6.81,6.84,6.394755,2185600.0,2185600.0,-0.03,-0.437,6.86,"April 28, 17",-0.00437
0,2017-04-27,6.54,6.58,6.51,6.54,6.114283,2171500.0,2171500.0,0.0,0.0,6.54333,"April 27, 17",0.0
0,2017-04-26,6.46,6.55,6.45,6.49,6.067537,992100.0,992100.0,0.03,0.464,6.49667,"April 26, 17",0.00464
0,2017-04-25,6.55,6.57,6.51,6.52,6.095585,1300400.0,1300400.0,-0.03,-0.458,6.53333,"April 25, 17",-0.00458
0,2017-04-24,6.33,6.42,6.33,6.41,5.992745,1971400.0,1971400.0,0.08,1.264,6.38667,"April 24, 17",0.01264
0,2017-04-21,6.18,6.2,6.13,6.16,5.759018,1464300.0,1464300.0,-0.02,-0.324,6.16333,"April 21, 17",-0.00324
0,2017-04-20,6.15,6.22,6.13,6.15,5.74967,1430500.0,1430500.0,0.0,0.0,6.16667,"April 20, 17",0.0
0,2017-04-19,6.0,6.05,5.99,6.0,5.609434,1269300.0,1269300.0,0.0,0.0,6.01333,"April 19, 17",0.0
0,2017-04-18,5.72,5.8,5.7,5.78,5.403755,1036200.0,1036200.0,0.06,1.049,5.76,"April 18, 17",0.01049
0,2017-04-17,5.69,5.81,5.68,5.79,5.413104,569600.0,569600.0,0.1,1.757,5.76,"April 17, 17",0.01757
0,2017-04-13,5.7,5.75,5.66,5.66,5.291566,1154000.0,1154000.0,-0.04,-0.702,5.69,"April 13, 17",-0.00702
0,2017-04-12,5.82,5.82,5.77,5.79,5.413104,875400.0,875400.0,-0.03,-0.515,5.79333,"April 12, 17",-0.00515
0,2017-04-11,5.93,5.94,5.86,5.91,5.525292,795400.0,795400.0,-0.02,-0.337,5.90333,"April 11, 17",-0.00337
0,2017-04-10,5.95,5.97,5.92,5.94,5.553339,506900.0,506900.0,-0.01,-0.168,5.94333,"April 10, 17",-0.00168
0,2017-04-07,5.9,5.94,5.89,5.92,5.534642,629200.0,629200.0,0.02,0.339,5.91667,"April 07, 17",0.00339
0,2017-04-06,5.91,5.97,5.88,5.93,5.54399,634000.0,634000.0,0.02,0.338,5.92667,"April 06, 17",0.00338
0,2017-04-05,6.0,6.04,5.92,5.93,5.54399,1120600.0,1120600.0,-0.07,-1.167,5.96333,"April 05, 17",-0.01167
0,2017-04-04,5.94,5.94,5.86,5.9,5.515944,879000.0,879000.0,-0.04,-0.673,5.9,"April 04, 17",-0.00673
0,2017-04-03,6.05,6.07,5.96,6.02,5.628132,1004900.0,1004900.0,-0.03,-0.496,6.01667,"April 03, 17",-0.00496
0,2017-03-31,6.06,6.12,6.05,6.07,5.674878,644500.0,644500.0,0.01,0.165,6.08,"March 31, 17",0.00165
0,2017-03-30,6.01,6.1,6.01,6.07,5.674878,565100.0,565100.0,0.06,0.998,6.06,"March 30, 17",0.00998
0,2017-03-29,6.06,6.09,5.99,6.0,5.609434,1902500.0,1902500.0,-0.06,-0.99,6.02667,"March 29, 17",-0.0099
0,2017-03-28,6.04,6.1,6.03,6.06,5.665528,1358600.0,1358600.0,0.02,0.331,6.06333,"March 28, 17",0.00331
0,2017-03-27,5.98,6.06,5.95,6.04,5.64683,1300100.0,1300100.0,0.06,1.003,6.01667,"March 27, 17",0.01003
0,2017-03-24,6.01,6.02,5.92,5.97,5.581387,823500.0,823500.0,-0.04,-0.666,5.97,"March 24, 17",-0.00666
0,2017-03-23,5.98,6.05,5.96,6.02,5.628132,1020900.0,1020900.0,0.04,0.669,6.01,"March 23, 17",0.00669
0,2017-03-22,5.85,5.91,5.81,5.88,5.497245,1125900.0,1125900.0,0.03,0.513,5.86667,"March 22, 17",0.00513
0,2017-03-21,6.06,6.07,5.89,5.9,5.515944,957200.0,957200.0,-0.16,-2.64,5.95333,"March 21, 17",-0.0264
0,2017-03-20,5.98,5.99,5.91,5.92,5.534642,551900.0,551900.0,-0.06,-1.003,5.94,"March 20, 17",-0.01003
0,2017-03-17,6.12,6.12,6.03,6.04,5.64683,949200.0,949200.0,-0.08,-1.307,6.06333,"March 17, 17",-0.01307
0,2017-03-16,5.91,5.99,5.9,5.96,5.572038,1069100.0,1069100.0,0.05,0.846,5.95,"March 16, 17",0.00846
0,2017-03-15,5.82,5.85,5.78,5.79,5.413104,1495400.0,1495400.0,-0.03,-0.515,5.80667,"March 15, 17",-0.00515
0,2017-03-14,5.67,5.78,5.66,5.77,5.394405,930000.0,930000.0,0.1,1.764,5.73667,"March 14, 17",0.01764
0,2017-03-13,5.94,5.99,5.9,5.94,5.553339,818900.0,818900.0,0.0,0.0,5.94333,"March 13, 17",0.0
0,2017-03-10,5.95,6.01,5.94,6.01,5.618783,606100.0,606100.0,0.06,1.008,5.98667,"March 10, 17",0.01008
0,2017-03-09,5.9,5.94,5.88,5.93,5.54399,604300.0,604300.0,0.03,0.508,5.91667,"March 09, 17",0.00508
0,2017-03-08,5.9,5.92,5.85,5.86,5.478547,1818100.0,1818100.0,-0.04,-0.678,5.87667,"March 08, 17",-0.00678
0,2017-03-07,5.85,5.88,5.8,5.85,5.469198,706900.0,706900.0,0.0,0.0,5.84333,"March 07, 17",0.0
0,2017-03-06,5.94,5.97,5.9,5.91,5.525292,721000.0,721000.0,-0.03,-0.505,5.92667,"March 06, 17",-0.00505
0,2017-03-03,6.02,6.1,6.02,6.07,5.674878,753400.0,753400.0,0.05,0.831,6.06333,"March 03, 17",0.00831
0,2017-03-02,6.04,6.08,5.98,5.98,5.590736,1309700.0,1309700.0,-0.06,-0.993,6.01333,"March 02, 17",-0.00993
0,2017-03-01,6.01,6.07,6.0,6.01,5.618783,1030400.0,1030400.0,0.0,0.0,6.02667,"March 01, 17",0.0
0,2017-02-28,5.92,5.96,5.87,5.88,5.497245,1557800.0,1557800.0,-0.04,-0.676,5.90333,"February 28, 17",-0.00676
0,2017-02-27,5.85,5.9,5.83,5.85,5.469198,1053600.0,1053600.0,0.0,0.0,5.86,"February 27, 17",0.0
0,2017-02-24,5.97,5.99,5.9,5.91,5.525292,2112600.0,2112600.0,-0.06,-1.005,5.93333,"February 24, 17",-0.01005
0,2017-02-23,6.3,6.31,6.24,6.26,5.852509,1021600.0,1021600.0,-0.04,-0.635,6.27,"February 23, 17",-0.00635
0,2017-02-22,6.22,6.3,6.22,6.27,5.861858,3335800.0,3335800.0,0.05,0.804,6.26333,"February 22, 17",0.00804
0,2017-02-21,6.36,6.4,6.26,6.29,5.880557,2740100.0,2740100.0,-0.07,-1.101,6.31667,"February 21, 17",-0.01101
0,2017-02-17,5.98,6.07,5.96,6.06,5.665528,1368900.0,1368900.0,0.08,1.338,6.03,"February 17, 17",0.01338
0,2017-02-16,6.17,6.17,6.1,6.11,5.712274,1125000.0,1125000.0,-0.06,-0.972,6.12667,"February 16, 17",-0.00972
0,2017-02-15,6.12,6.2,6.11,6.16,5.759018,1594100.0,1594100.0,0.04,0.654,6.15667,"February 15, 17",0.00654
0,2017-02-14,5.96,6.08,5.96,6.05,5.656179,1504300.0,1504300.0,0.09,1.51,6.03,"February 14, 17",0.0151
0,2017-02-13,5.85,5.92,5.85,5.91,5.525292,908200.0,908200.0,0.06,1.026,5.89333,"February 13, 17",0.01026
0,2017-02-10,5.79,5.8,5.74,5.76,5.385057,1239200.0,1239200.0,-0.03,-0.518,5.76667,"February 10, 17",-0.00518
0,2017-02-09,5.75,5.91,5.75,5.89,5.506594,1366700.0,1366700.0,0.14,2.435,5.85,"February 09, 17",0.02435
0,2017-02-08,5.73,5.76,5.66,5.75,5.375708,1187200.0,1187200.0,0.02,0.349,5.72333,"February 08, 17",0.00349
0,2017-02-07,5.7,5.75,5.67,5.74,5.366358,2449000.0,2449000.0,0.04,0.702,5.72,"February 07, 17",0.00702
0,2017-02-06,5.68,5.7,5.62,5.63,5.263519,1567900.0,1567900.0,-0.05,-0.88,5.65,"February 06, 17",-0.0088
0,2017-02-03,5.7,5.81,5.7,5.81,5.431802,2762500.0,2762500.0,0.11,1.93,5.77333,"February 03, 17",0.0193
0,2017-02-02,5.66,5.67,5.61,5.65,5.282217,1223600.0,1223600.0,-0.01,-0.177,5.64333,"February 02, 17",-0.00177
0,2017-02-01,5.7,5.75,5.68,5.73,5.357009,1771500.0,1771500.0,0.03,0.526,5.72,"February 01, 17",0.00526
0,2017-01-31,5.68,5.68,5.59,5.62,5.254169,1007200.0,1007200.0,-0.06,-1.056,5.63,"January 31, 17",-0.01056
0,2017-01-30,5.76,5.76,5.65,5.68,5.310264,982600.0,982600.0,-0.08,-1.389,5.69667,"January 30, 17",-0.01389
0,2017-01-27,5.87,5.88,5.81,5.82,5.441151,902200.0,902200.0,-0.05,-0.852,5.83667,"January 27, 17",-0.00852
0,2017-01-26,5.96,5.99,5.87,5.9,5.515944,1484700.0,1484700.0,-0.06,-1.007,5.92,"January 26, 17",-0.01007
0,2017-01-25,5.74,5.82,5.73,5.81,5.431802,1833900.0,1833900.0,0.07,1.22,5.78667,"January 25, 17",0.0122
0,2017-01-24,5.5,5.59,5.49,5.54,5.179377,1200300.0,1200300.0,0.04,0.727,5.54,"January 24, 17",0.00727
0,2017-01-23,5.43,5.48,5.41,5.47,5.113934,1094600.0,1094600.0,0.04,0.737,5.45333,"January 23, 17",0.00737
0,2017-01-20,5.45,5.5,5.45,5.48,5.123283,961500.0,961500.0,0.03,0.55,5.47667,"January 20, 17",0.0055
0,2017-01-19,5.47,5.48,5.41,5.44,5.085887,789100.0,789100.0,-0.03,-0.548,5.44333,"January 19, 17",-0.00548
0,2017-01-18,5.42,5.47,5.38,5.43,5.076538,1030700.0,1030700.0,0.01,0.185,5.42667,"January 18, 17",0.00185
0,2017-01-17,5.57,5.59,5.47,5.5,5.141981,1405500.0,1405500.0,-0.07,-1.257,5.52,"January 17, 17",-0.01257
0,2017-01-13,5.38,5.44,5.37,5.41,5.057839,1410000.0,1410000.0,0.03,0.558,5.40667,"January 13, 17",0.00558
0,2017-01-12,5.4,5.43,5.37,5.41,5.057839,1877200.0,1877200.0,0.01,0.185,5.40333,"January 12, 17",0.00185
0,2017-01-11,5.43,5.51,5.4,5.51,5.15133,1760200.0,1760200.0,0.08,1.473,5.47333,"January 11, 17",0.01473
0,2017-01-10,5.54,5.59,5.52,5.53,5.170028,616400.0,616400.0,-0.01,-0.181,5.54667,"January 10, 17",-0.00181
0,2017-01-09,5.55,5.58,5.51,5.54,5.179377,1203700.0,1203700.0,-0.01,-0.18,5.54333,"January 09, 17",-0.0018
0,2017-01-06,5.74,5.76,5.7,5.72,5.34766,788300.0,788300.0,-0.02,-0.348,5.72667,"January 06, 17",-0.00348
0,2017-01-05,5.76,5.8,5.72,5.78,5.403755,1982500.0,1982500.0,0.02,0.347,5.76667,"January 05, 17",0.00347
0,2017-01-04,5.71,5.83,5.68,5.83,5.4505,1961400.0,1961400.0,0.12,2.102,5.78,"January 04, 17",0.02102
0,2017-01-03,5.71,5.72,5.62,5.67,5.300915,1868900.0,1868900.0,-0.04,-0.701,5.67,"January 03, 17",-0.00701
0,2016-12-30,5.54,5.58,5.51,5.53,5.170028,1237100.0,1237100.0,-0.01,-0.181,5.54,"December 30, 16",-0.00181
0,2016-12-29,5.48,5.49,5.43,5.47,5.113934,1133100.0,1133100.0,-0.01,-0.182,5.46333,"December 29, 16",-0.00182
0,2016-12-28,5.56,5.56,5.46,5.46,5.104585,1110400.0,1110400.0,-0.1,-1.799,5.49333,"December 28, 16",-0.01799
0,2016-12-27,5.7,5.7,5.63,5.67,5.300915,896300.0,896300.0,-0.03,-0.526,5.66667,"December 27, 16",-0.00526
0,2016-12-23,5.65,5.69,5.63,5.68,5.310264,1015900.0,1015900.0,0.03,0.531,5.66667,"December 23, 16",0.00531
0,2016-12-22,5.63,5.64,5.59,5.62,5.254169,2484800.0,2484800.0,-0.01,-0.178,5.61667,"December 22, 16",-0.00178
0,2016-12-21,5.61,5.66,5.59,5.63,5.263519,932100.0,932100.0,0.02,0.357,5.62667,"December 21, 16",0.00357
0,2016-12-20,5.58,5.63,5.56,5.61,5.244821,1490100.0,1490100.0,0.03,0.538,5.6,"December 20, 16",0.00538
0,2016-12-19,5.59,5.6,5.51,5.53,5.170028,1773200.0,1773200.0,-0.06,-1.073,5.54667,"December 19, 16",-0.01073
0,2016-12-16,5.72,5.72,5.65,5.65,5.282217,1513100.0,1513100.0,-0.07,-1.224,5.67333,"December 16, 16",-0.01224
0,2016-12-15,5.64,5.72,5.63,5.66,5.291566,2213300.0,2213300.0,0.02,0.355,5.67,"December 15, 16",0.00355
0,2016-12-14,5.54,5.6,5.46,5.46,5.104585,1839500.0,1839500.0,-0.08,-1.444,5.50667,"December 14, 16",-0.01444
0,2016-12-13,5.5,5.62,5.5,5.61,5.244821,1606600.0,1606600.0,0.11,2.0,5.57667,"December 13, 16",0.02
0,2016-12-12,5.48,5.5,5.41,5.42,5.067189,1160500.0,1160500.0,-0.06,-1.095,5.44333,"December 12, 16",-0.01095
0,2016-12-09,5.45,5.53,5.43,5.49,5.132632,1604000.0,1604000.0,0.04,0.734,5.48333,"December 09, 16",0.00734
0,2016-12-08,5.56,5.66,5.52,5.6,5.235472,4122300.0,4122300.0,0.04,0.719,5.59333,"December 08, 16",0.00719
0,2016-12-07,5.43,5.54,5.43,5.52,5.160679,2396000.0,2396000.0,0.09,1.657,5.49667,"December 07, 16",0.01657
0,2016-12-06,5.28,5.41,5.24,5.4,5.048491,2940200.0,2940200.0,0.12,2.273,5.35,"December 06, 16",0.02273
0,2016-12-05,4.98,5.07,4.97,5.03,4.702576,1763600.0,1763600.0,0.05,1.004,5.02333,"December 05, 16",0.01004
0,2016-12-02,4.93,4.95,4.87,4.91,4.590386,1027900.0,1027900.0,-0.02,-0.406,4.91,"December 02, 16",-0.00406
0,2016-12-01,5.0,5.05,4.99,5.03,4.702576,1611100.0,1611100.0,0.03,0.6,5.02333,"December 01, 16",0.006
0,2016-11-30,4.81,4.89,4.8,4.85,4.534292,1702600.0,1702600.0,0.04,0.832,4.84667,"November 30, 16",0.00832
0,2016-11-29,4.9,4.93,4.87,4.91,4.590386,921100.0,921100.0,0.01,0.204,4.90333,"November 29, 16",0.00204
0,2016-11-28,4.95,4.96,4.82,4.82,4.506246,1758300.0,1758300.0,-0.13,-2.626,4.86667,"November 28, 16",-0.02626
0,2016-11-25,5.03,5.04,5.0,5.04,4.711925,832900.0,832900.0,0.01,0.199,5.02667,"November 25, 16",0.00199
0,2016-11-23,5.01,5.13,5.0,5.1,4.768019,1345300.0,1345300.0,0.09,1.796,5.07667,"November 23, 16",0.01796
0,2016-11-22,5.22,5.24,5.14,5.19,4.85216,1330400.0,1330400.0,-0.03,-0.575,5.19,"November 22, 16",-0.00575
0,2016-11-21,5.1,5.13,5.07,5.09,4.75867,1329000.0,1329000.0,-0.01,-0.196,5.09667,"November 21, 16",-0.00196
0,2016-11-18,5.06,5.08,5.03,5.04,4.711925,1176700.0,1176700.0,-0.02,-0.395,5.05,"November 18, 16",-0.00395
0,2016-11-17,5.15,5.22,5.11,5.14,4.805415,2156400.0,2156400.0,-0.01,-0.194,5.15667,"November 17, 16",-0.00194
0,2016-11-16,5.23,5.25,5.15,5.17,4.833462,2793000.0,2793000.0,-0.06,-1.147,5.19,"November 16, 16",-0.01147
0,2016-11-15,5.25,5.34,5.22,5.33,4.983047,1782000.0,1782000.0,0.08,1.524,5.29667,"November 15, 16",0.01524
0,2016-11-14,5.2,5.29,5.2,5.26,4.917604,1901200.0,1901200.0,0.06,1.154,5.25,"November 14, 16",0.01154
0,2016-11-11,5.1,5.13,5.04,5.11,4.777368,1683400.0,1683400.0,0.01,0.196,5.09333,"November 11, 16",0.00196
0,2016-11-10,5.11,5.19,5.0,5.16,4.824113,5343200.0,5343200.0,0.05,0.978,5.11667,"November 10, 16",0.00978
0,2016-11-09,4.66,4.86,4.66,4.83,4.515594,2430400.0,2430400.0,0.17,3.648,4.78333,"November 09, 16",0.03648
0,2016-11-08,4.6,4.72,4.58,4.68,4.375358,1808100.0,1808100.0,0.08,1.739,4.66,"November 08, 16",0.01739
0,2016-11-07,4.67,4.68,4.62,4.67,4.366009,1606500.0,1606500.0,0.0,0.0,4.65667,"November 07, 16",0.0
0,2016-11-04,4.7,4.7,4.6,4.6,4.300566,1443200.0,1443200.0,-0.1,-2.128,4.63333,"November 04, 16",-0.02128
0,2016-11-03,4.84,4.92,4.78,4.83,4.515594,2858800.0,2858800.0,-0.01,-0.207,4.84333,"November 03, 16",-0.00207
0,2016-11-02,4.57,4.6,4.51,4.52,4.225773,806900.0,806900.0,-0.05,-1.094,4.54333,"November 02, 16",-0.01094
0,2016-11-01,4.67,4.68,4.56,4.6,4.300566,2028200.0,2028200.0,-0.07,-1.499,4.61333,"November 01, 16",-0.01499
0,2016-10-31,4.7,4.71,4.62,4.63,4.328613,1465800.0,1465800.0,-0.07,-1.489,4.65333,"October 31, 16",-0.01489
0,2016-10-28,4.74,4.83,4.69,4.75,4.440802,2650900.0,2650900.0,0.01,0.211,4.75667,"October 28, 16",0.00211
0,2016-10-27,4.77,4.87,4.75,4.83,4.515594,2331300.0,2331300.0,0.06,1.258,4.81667,"October 27, 16",0.01258
0,2016-10-26,4.72,4.77,4.7,4.71,4.403406,1628800.0,1628800.0,-0.01,-0.212,4.72667,"October 26, 16",-0.00212
0,2016-10-25,4.54,4.74,4.53,4.7,4.394056,2085700.0,2085700.0,0.16,3.524,4.65667,"October 25, 16",0.03524
0,2016-10-24,4.68,4.68,4.58,4.61,4.309915,1317100.0,1317100.0,-0.07,-1.496,4.62333,"October 24, 16",-0.01496
0,2016-10-21,4.64,4.7,4.64,4.68,4.375358,1288800.0,1288800.0,0.04,0.862,4.67333,"October 21, 16",0.00862
0,2016-10-20,4.53,4.63,4.52,4.6,4.300566,1261500.0,1261500.0,0.07,1.545,4.58333,"October 20, 16",0.01545
0,2016-10-19,4.44,4.5,4.44,4.48,4.188377,1106100.0,1106100.0,0.04,0.901,4.47333,"October 19, 16",0.00901
0,2016-10-18,4.37,4.42,4.37,4.4,4.113585,1991800.0,1991800.0,0.03,0.686,4.39667,"October 18, 16",0.00686
0,2016-10-17,4.25,4.26,4.19,4.2,3.926604,1377000.0,1377000.0,-0.05,-1.176,4.21667,"October 17, 16",-0.01176
0,2016-10-14,4.3,4.34,4.25,4.27,3.992047,1532600.0,1532600.0,-0.03,-0.698,4.28667,"October 14, 16",-0.00698
0,2016-10-13,4.25,4.26,4.18,4.25,3.973349,3012900.0,3012900.0,0.0,0.0,4.23,"October 13, 16",0.0
0,2016-10-12,4.4,4.42,4.35,4.37,4.085537,1936500.0,1936500.0,-0.03,-0.682,4.38,"October 12, 16",-0.00682
0,2016-10-11,4.54,4.58,4.45,4.47,4.179028,4235100.0,4235100.0,-0.07,-1.542,4.5,"October 11, 16",-0.01542
0,2016-10-10,4.47,4.5,4.45,4.47,4.179028,2184500.0,2184500.0,0.0,0.0,4.47333,"October 10, 16",0.0
0,2016-10-07,4.5,4.6,4.48,4.57,4.272519,3192000.0,3192000.0,0.07,1.556,4.55,"October 07, 16",0.01556
0,2016-10-06,4.76,4.78,4.71,4.72,4.412755,1872800.0,1872800.0,-0.04,-0.84,4.73667,"October 06, 16",-0.0084
0,2016-10-05,4.66,4.76,4.64,4.72,4.412755,1819700.0,1819700.0,0.06,1.288,4.70667,"October 05, 16",0.01288
0,2016-10-04,4.71,4.74,4.64,4.64,4.337962,2130500.0,2130500.0,-0.07,-1.486,4.67333,"October 04, 16",-0.01486
0,2016-10-03,4.59,4.64,4.56,4.61,4.309915,1061000.0,1061000.0,0.02,0.436,4.60333,"October 03, 16",0.00436
0,2016-09-30,4.63,4.7,4.6,4.66,4.35666,2555000.0,2555000.0,0.03,0.648,4.65333,"September 30, 16",0.00648
0,2016-09-29,4.65,4.68,4.48,4.5,4.207076,2003300.0,2003300.0,-0.15,-3.226,4.55333,"September 29, 16",-0.03226
0,2016-09-28,4.65,4.69,4.57,4.68,4.375358,1821800.0,1821800.0,0.03,0.645,4.64667,"September 28, 16",0.00645
0,2016-09-27,4.48,4.62,4.47,4.6,4.300566,2202900.0,2202900.0,0.12,2.679,4.56333,"September 27, 16",0.02679
0,2016-09-26,4.62,4.66,4.6,4.61,4.309915,1962000.0,1962000.0,-0.01,-0.216,4.62333,"September 26, 16",-0.00216
0,2016-09-23,4.74,4.78,4.71,4.75,4.440802,1784400.0,1784400.0,0.01,0.211,4.74667,"September 23, 16",0.00211
0,2016-09-22,4.87,4.92,4.86,4.87,4.55299,1636500.0,1636500.0,0.0,0.0,4.88333,"September 22, 16",0.0
0,2016-09-21,4.8,4.83,4.76,4.82,4.506246,1409500.0,1409500.0,0.02,0.417,4.80333,"September 21, 16",0.00417
0,2016-09-20,4.83,4.84,4.76,4.78,4.468849,1207400.0,1207400.0,-0.05,-1.035,4.79333,"September 20, 16",-0.01035
0,2016-09-19,4.91,4.92,4.81,4.84,4.524943,1445800.0,1445800.0,-0.07,-1.426,4.85667,"September 19, 16",-0.01426
0,2016-09-16,4.86,4.91,4.83,4.86,4.543642,3652600.0,3652600.0,0.0,0.0,4.86667,"September 16, 16",0.0
0,2016-09-15,5.14,5.18,5.11,5.16,4.824113,1318200.0,1318200.0,0.02,0.389,5.15,"September 15, 16",0.00389
0,2016-09-14,5.2,5.26,5.18,5.22,4.880207,1155300.0,1155300.0,0.02,0.385,5.22,"September 14, 16",0.00385
0,2016-09-13,5.28,5.29,5.19,5.23,4.889556,1493300.0,1493300.0,-0.05,-0.947,5.23667,"September 13, 16",-0.00947
0,2016-09-12,5.26,5.39,5.21,5.37,5.020443,1669100.0,1669100.0,0.11,2.091,5.32333,"September 12, 16",0.02091
0,2016-09-09,5.51,5.53,5.42,5.42,5.067189,1462100.0,1462100.0,-0.09,-1.633,5.45667,"September 09, 16",-0.01633
0,2016-09-08,5.3,5.4,5.29,5.37,5.020443,1147200.0,1147200.0,0.07,1.321,5.35333,"September 08, 16",0.01321
0,2016-09-07,5.24,5.28,5.22,5.26,4.917604,1306900.0,1306900.0,0.02,0.382,5.25333,"September 07, 16",0.00382
0,2016-09-06,5.34,5.35,5.24,5.27,4.926953,1732900.0,1732900.0,-0.07,-1.311,5.28667,"September 06, 16",-0.01311
0,2016-09-02,5.45,5.47,5.4,5.46,5.104585,1437000.0,1437000.0,0.01,0.183,5.44333,"September 02, 16",0.00183
0,2016-09-01,5.39,5.4,5.26,5.36,5.011095,1493000.0,1493000.0,-0.03,-0.557,5.34,"September 01, 16",-0.00557
0,2016-08-31,5.32,5.35,5.26,5.33,4.983047,2050300.0,2050300.0,0.01,0.188,5.31333,"August 31, 16",0.00188
0,2016-08-30,5.22,5.27,5.21,5.24,4.898905,1710800.0,1710800.0,0.02,0.383,5.24,"August 30, 16",0.00383
0,2016-08-29,5.15,5.24,5.14,5.21,4.870859,959600.0,959600.0,0.06,1.165,5.19667,"August 29, 16",0.01165
0,2016-08-26,5.2,5.24,5.11,5.17,4.833462,2575800.0,2575800.0,-0.03,-0.577,5.17333,"August 26, 16",-0.00577
0,2016-08-25,5.21,5.23,5.12,5.16,4.824113,1978900.0,1978900.0,-0.05,-0.96,5.17,"August 25, 16",-0.0096
0,2016-08-24,5.24,5.29,5.2,5.21,4.870859,2668100.0,2668100.0,-0.03,-0.573,5.23333,"August 24, 16",-0.00573
0,2016-08-23,5.16,5.23,5.14,5.19,4.85216,3044400.0,3044400.0,0.03,0.581,5.18667,"August 23, 16",0.00581
0,2016-08-22,4.91,4.99,4.89,4.98,4.65583,1746100.0,1746100.0,0.07,1.426,4.95333,"August 22, 16",0.01426
0,2016-08-19,4.89,4.94,4.84,4.92,4.599736,1733000.0,1733000.0,0.03,0.613,4.9,"August 19, 16",0.00613
0,2016-08-18,4.94,4.99,4.91,4.95,4.627783,2096400.0,2096400.0,0.01,0.202,4.95,"August 18, 16",0.00202
0,2016-08-17,4.96,5.02,4.92,5.02,4.693226,1104100.0,1104100.0,0.06,1.21,4.98667,"August 17, 16",0.0121
0,2016-08-16,4.97,5.05,4.97,5.0,4.674528,1822200.0,1822200.0,0.03,0.604,5.00667,"August 16, 16",0.00604
0,2016-08-15,5.09,5.09,4.97,5.0,4.674528,1509500.0,1509500.0,-0.09,-1.768,5.02,"August 15, 16",-0.01768
0,2016-08-12,5.07,5.11,5.05,5.09,4.75867,1480100.0,1480100.0,0.02,0.394,5.08333,"August 12, 16",0.00394
0,2016-08-11,5.02,5.1,5.01,5.06,4.730622,2231500.0,2231500.0,0.04,0.797,5.05667,"August 11, 16",0.00797
0,2016-08-10,5.08,5.11,5.05,5.07,4.739972,2243700.0,2243700.0,-0.01,-0.197,5.07667,"August 10, 16",-0.00197
0,2016-08-09,4.89,5.05,4.89,5.03,4.702576,1986300.0,1986300.0,0.14,2.863,4.99,"August 09, 16",0.02863
0,2016-08-08,4.78,4.87,4.76,4.82,4.506246,2687500.0,2687500.0,0.04,0.837,4.81667,"August 08, 16",0.00837
0,2016-08-05,4.65,4.76,4.55,4.76,4.450151,6301700.0,6301700.0,0.11,2.366,4.69,"August 05, 16",0.02366
0,2016-08-04,5.06,5.11,5.01,5.06,4.730622,2176000.0,2176000.0,0.0,0.0,5.06,"August 04, 16",0.0
0,2016-08-03,5.01,5.12,4.99,5.11,4.777368,2659400.0,2659400.0,0.1,1.996,5.07333,"August 03, 16",0.01996
0,2016-08-02,4.97,4.99,4.91,4.95,4.627783,2408300.0,2408300.0,-0.02,-0.402,4.95,"August 02, 16",-0.00402
0,2016-08-01,5.0,5.03,4.91,4.94,4.618434,3016000.0,3016000.0,-0.06,-1.2,4.96,"August 01, 16",-0.012
0,2016-07-29,5.12,5.14,5.05,5.1,4.768019,2556300.0,2556300.0,-0.02,-0.391,5.09667,"July 29, 16",-0.00391
0,2016-07-28,4.99,5.0,4.92,4.96,4.637132,2429600.0,2429600.0,-0.03,-0.601,4.96,"July 28, 16",-0.00601
0,2016-07-27,5.05,5.1,4.99,5.02,4.693226,2856200.0,2856200.0,-0.03,-0.594,5.03667,"July 27, 16",-0.00594
0,2016-07-26,4.96,5.0,4.9,4.92,4.599736,1867200.0,1867200.0,-0.04,-0.806,4.94,"July 26, 16",-0.00806
0,2016-07-25,4.96,5.02,4.96,4.98,4.65583,2273000.0,2273000.0,0.02,0.403,4.98667,"July 25, 16",0.00403
0,2016-07-22,5.0,5.01,4.95,4.98,4.65583,2352800.0,2352800.0,-0.02,-0.4,4.98,"July 22, 16",-0.004
0,2016-07-21,5.11,5.15,5.03,5.06,4.730622,3119800.0,3119800.0,-0.05,-0.978,5.08,"July 21, 16",-0.00978
0,2016-07-20,5.07,5.15,5.05,5.14,4.805415,3538700.0,3538700.0,0.07,1.381,5.11333,"July 20, 16",0.01381
0,2016-07-19,5.0,5.07,4.95,4.98,4.65583,2470200.0,2470200.0,-0.02,-0.4,5.0,"July 19, 16",-0.004
0,2016-07-18,5.01,5.12,4.99,5.05,4.721274,4272400.0,4272400.0,0.04,0.798,5.05333,"July 18, 16",0.00798
0,2016-07-15,4.98,4.99,4.87,4.92,4.599736,2452700.0,2452700.0,-0.06,-1.205,4.92667,"July 15, 16",-0.01205
0,2016-07-14,4.9,4.93,4.85,4.92,4.599736,3056200.0,3056200.0,0.02,0.408,4.9,"July 14, 16",0.00408
0,2016-07-13,4.88,4.9,4.7,4.72,4.412755,3546900.0,3546900.0,-0.16,-3.279,4.77333,"July 13, 16",-0.03279
0,2016-07-12,4.93,4.94,4.83,4.87,4.55299,5272200.0,5272200.0,-0.06,-1.217,4.88,"July 12, 16",-0.01217
0,2016-07-11,4.63,4.73,4.6,4.72,4.412755,5827800.0,5827800.0,0.09,1.944,4.68333,"July 11, 16",0.01944
0,2016-07-08,4.41,4.46,4.35,4.4,4.113585,6084600.0,6084600.0,-0.01,-0.227,4.40333,"July 08, 16",-0.00227
0,2016-07-07,4.19,4.27,4.12,4.16,3.889207,4330800.0,4330800.0,-0.03,-0.716,4.18333,"July 07, 16",-0.00716
0,2016-07-06,3.98,4.04,3.91,4.04,3.777019,11310800.0,11310800.0,0.06,1.508,3.99667,"July 06, 16",0.01508
0,2016-07-05,4.31,4.33,4.17,4.27,3.992047,9045300.0,9045300.0,-0.04,-0.928,4.25667,"July 05, 16",-0.00928
0,2016-07-01,4.59,4.63,4.57,4.61,4.309915,5040600.0,5040600.0,0.02,0.436,4.60333,"July 01, 16",0.00436
0,2016-06-30,4.68,4.74,4.61,4.7,4.394056,8655300.0,8655300.0,0.02,0.427,4.68333,"June 30, 16",0.00427
0,2016-06-29,4.76,4.98,4.75,4.92,4.599736,7761100.0,7761100.0,0.16,3.361,4.88333,"June 29, 16",0.03361
0,2016-06-28,4.96,4.99,4.71,4.84,4.524943,11198900.0,11198900.0,-0.12,-2.419,4.84667,"June 28, 16",-0.02419
0,2016-06-27,4.75,4.85,4.59,4.69,4.384707,22043200.0,22043200.0,-0.06,-1.263,4.71,"June 27, 16",-0.01263
0,2016-06-24,5.77,6.14,5.41,5.43,5.076538,26497700.0,26497700.0,-0.34,-5.893,5.66,"June 24, 16",-0.05893
0,2016-06-23,7.49,7.51,7.33,7.49,7.002443,2661500.0,2661500.0,0.0,0.0,7.44333,"June 23, 16",0.0
0,2016-06-22,7.25,7.35,7.24,7.29,6.815462,5581600.0,5581600.0,0.04,0.552,7.29333,"June 22, 16",0.00552
0,2016-06-21,7.05,7.2,7.0,7.12,6.656528,2245600.0,2245600.0,0.07,0.993,7.10667,"June 21, 16",0.00993
0,2016-06-20,7.03,7.05,6.93,6.94,6.488245,4121600.0,4121600.0,-0.09,-1.28,6.97333,"June 20, 16",-0.0128
0,2016-06-17,6.39,6.5,6.35,6.48,6.058188,2247100.0,2247100.0,0.09,1.408,6.44333,"June 17, 16",0.01408
0,2016-06-16,6.02,6.2,5.95,6.17,5.768368,1962100.0,1962100.0,0.15,2.492,6.10667,"June 16, 16",0.02492
0,2016-06-15,6.12,6.27,6.11,6.16,5.759018,2135800.0,2135800.0,0.04,0.654,6.18,"June 15, 16",0.00654
0,2016-06-14,6.1,6.17,6.01,6.05,5.656179,2039200.0,2039200.0,-0.05,-0.82,6.07667,"June 14, 16",-0.0082
0,2016-06-13,6.16,6.29,6.15,6.15,5.74967,1601500.0,1601500.0,-0.01,-0.162,6.19667,"June 13, 16",-0.00162
0,2016-06-10,6.27,6.29,6.05,6.06,5.665528,2019400.0,2019400.0,-0.21,-3.349,6.13333,"June 10, 16",-0.03349
0,2016-06-09,6.51,6.53,6.45,6.49,6.067537,2166400.0,2166400.0,-0.02,-0.307,6.49,"June 09, 16",-0.00307
0,2016-06-08,6.64,6.69,6.54,6.57,6.14233,1226900.0,1226900.0,-0.07,-1.054,6.6,"June 08, 16",-0.01054
0,2016-06-07,6.73,6.78,6.68,6.68,6.24517,1459000.0,1459000.0,-0.05,-0.743,6.71333,"June 07, 16",-0.00743
0,2016-06-06,6.81,6.85,6.72,6.73,6.291915,1812900.0,1812900.0,-0.08,-1.175,6.76667,"June 06, 16",-0.01175
0,2016-06-03,6.98,6.99,6.84,6.96,6.506943,1051300.0,1051300.0,-0.02,-0.287,6.93,"June 03, 16",-0.00287
0,2016-06-02,6.98,7.07,6.95,7.02,6.563037,892300.0,892300.0,0.04,0.573,7.01333,"June 02, 16",0.00573
0,2016-06-01,6.82,6.99,6.78,6.98,6.525641,1163700.0,1163700.0,0.16,2.346,6.91667,"June 01, 16",0.02346
0,2016-05-31,7.33,7.35,7.11,7.15,6.684576,1218700.0,1218700.0,-0.18,-2.456,7.20333,"May 31, 16",-0.02456
0,2016-05-27,7.35,7.41,7.34,7.36,6.880906,613900.0,613900.0,0.01,0.136,7.37,"May 27, 16",0.00136
0,2016-05-26,7.42,7.43,7.26,7.29,6.815462,1373100.0,1373100.0,-0.13,-1.752,7.32667,"May 26, 16",-0.01752
0,2016-05-25,7.51,7.6,7.49,7.56,7.067887,1380500.0,1380500.0,0.05,0.666,7.55,"May 25, 16",0.00666
0,2016-05-24,7.21,7.23,7.14,7.21,6.74067,1527000.0,1527000.0,0.0,0.0,7.19333,"May 24, 16",0.0
0,2016-05-23,6.81,6.88,6.79,6.81,6.366707,903000.0,903000.0,0.0,0.0,6.82667,"May 23, 16",0.0
0,2016-05-20,6.74,6.8,6.74,6.75,6.310613,870800.0,870800.0,0.01,0.148,6.76333,"May 20, 16",0.00148
0,2016-05-19,6.7,6.75,6.62,6.72,6.282566,2230900.0,2230900.0,0.02,0.299,6.69667,"May 19, 16",0.00299
0,2016-05-18,6.36,6.61,6.34,6.59,6.161028,1634200.0,1634200.0,0.23,3.616,6.51333,"May 18, 16",0.03616
0,2016-05-17,6.22,6.28,6.18,6.19,5.787066,737600.0,737600.0,-0.03,-0.482,6.21667,"May 17, 16",-0.00482
0,2016-05-16,6.13,6.19,6.12,6.16,5.759018,692000.0,692000.0,0.03,0.489,6.15667,"May 16, 16",0.00489
0,2016-05-13,6.1,6.15,6.03,6.06,5.665528,766500.0,766500.0,-0.04,-0.656,6.08,"May 13, 16",-0.00656
0,2016-05-12,6.23,6.26,6.09,6.13,5.730972,793000.0,793000.0,-0.1,-1.605,6.16,"May 12, 16",-0.01605
0,2016-05-11,6.21,6.27,6.18,6.19,5.787066,699100.0,699100.0,-0.02,-0.322,6.21333,"May 11, 16",-0.00322
0,2016-05-10,6.24,6.3,6.21,6.28,5.871208,930000.0,930000.0,0.04,0.641,6.26333,"May 10, 16",0.00641
0,2016-05-09,6.23,6.26,6.16,6.17,5.768368,506200.0,506200.0,-0.06,-0.963,6.19667,"May 09, 16",-0.00963
0,2016-05-06,6.12,6.3,6.12,6.23,5.824462,783300.0,783300.0,0.11,1.797,6.21667,"May 06, 16",0.01797
0,2016-05-05,6.26,6.31,6.19,6.22,5.815113,1173100.0,1173100.0,-0.04,-0.639,6.24,"May 05, 16",-0.00639
0,2016-05-04,6.44,6.54,6.34,6.4,5.983396,1238400.0,1238400.0,-0.04,-0.621,6.42667,"May 04, 16",-0.00621
0,2016-05-03,6.5,6.57,6.42,6.52,6.095585,1492300.0,1492300.0,0.02,0.308,6.50333,"May 03, 16",0.00308
0,2016-05-02,6.83,6.86,6.75,6.85,6.404104,571100.0,571100.0,0.02,0.293,6.82,"May 02, 16",0.00293
0,2016-04-29,6.87,6.93,6.73,6.77,6.329311,1372100.0,1372100.0,-0.1,-1.456,6.81,"April 29, 16",-0.01456
0,2016-04-28,7.02,7.23,6.98,7.1,6.63783,1182100.0,1182100.0,0.08,1.14,7.10333,"April 28, 16",0.0114
0,2016-04-27,7.3,7.41,7.3,7.38,6.899604,761100.0,761100.0,0.08,1.096,7.36333,"April 27, 16",0.01096
0,2016-04-26,7.41,7.43,7.35,7.4,6.918302,713700.0,713700.0,-0.01,-0.135,7.39333,"April 26, 16",-0.00135
0,2016-04-25,7.24,7.26,7.2,7.23,6.759368,755400.0,755400.0,-0.01,-0.138,7.23,"April 25, 16",-0.00138
0,2016-04-22,7.24,7.32,7.24,7.3,6.824811,660500.0,660500.0,0.06,0.829,7.28667,"April 22, 16",0.00829
0,2016-04-21,7.34,7.34,7.26,7.29,6.815462,1264000.0,1264000.0,-0.05,-0.681,7.29667,"April 21, 16",-0.00681
0,2016-04-20,7.16,7.28,7.15,7.23,6.759368,2444600.0,2444600.0,0.07,0.978,7.22,"April 20, 16",0.00978
0,2016-04-19,6.98,7.06,6.96,7.04,6.581736,1550400.0,1550400.0,0.06,0.86,7.02,"April 19, 16",0.0086
0,2016-04-18,6.69,6.83,6.68,6.78,6.338661,990600.0,990600.0,0.09,1.345,6.76333,"April 18, 16",0.01345
0,2016-04-15,6.65,6.7,6.63,6.67,6.235821,898300.0,898300.0,0.02,0.301,6.66667,"April 15, 16",0.00301
0,2016-04-14,6.61,6.62,6.53,6.59,6.161028,1196700.0,1196700.0,-0.02,-0.303,6.58,"April 14, 16",-0.00303
0,2016-04-13,6.46,6.6,6.45,6.58,6.151679,1358600.0,1358600.0,0.12,1.858,6.54333,"April 13, 16",0.01858
0,2016-04-12,6.18,6.25,6.08,6.25,5.84316,1406900.0,1406900.0,0.07,1.133,6.19333,"April 12, 16",0.01133
0,2016-04-11,6.11,6.17,6.1,6.11,5.712274,856800.0,856800.0,0.0,0.0,6.12667,"April 11, 16",0.0
0,2016-04-08,5.97,6.02,5.94,5.97,5.581387,832900.0,832900.0,0.0,0.0,5.97667,"April 08, 16",0.0
0,2016-04-07,5.81,5.86,5.79,5.8,5.422453,879700.0,879700.0,-0.01,-0.172,5.81667,"April 07, 16",-0.00172
0,2016-04-06,5.92,5.96,5.86,5.94,5.553339,843800.0,843800.0,0.02,0.338,5.92,"April 06, 16",0.00338
0,2016-04-05,5.99,6.01,5.92,5.96,5.572038,1074100.0,1074100.0,-0.03,-0.501,5.96333,"April 05, 16",-0.00501
0,2016-04-04,6.22,6.23,6.16,6.17,5.768368,884200.0,884200.0,-0.05,-0.804,6.18667,"April 04, 16",-0.00804
0,2016-04-01,6.22,6.25,6.17,6.25,5.84316,882000.0,882000.0,0.03,0.482,6.22333,"April 01, 16",0.00482
0,2016-03-31,6.39,6.45,6.38,6.38,5.964698,636600.0,636600.0,-0.01,-0.156,6.40333,"March 31, 16",-0.00156
0,2016-03-30,6.47,6.52,6.42,6.43,6.011443,501300.0,501300.0,-0.04,-0.618,6.45667,"March 30, 16",-0.00618
0,2016-03-29,6.33,6.41,6.26,6.41,5.992745,833000.0,833000.0,0.08,1.264,6.36,"March 29, 16",0.01264
0,2016-03-28,6.41,6.43,6.35,6.4,5.983396,410300.0,410300.0,-0.01,-0.156,6.39333,"March 28, 16",-0.00156
0,2016-03-24,6.34,6.38,6.31,6.37,5.955349,932100.0,932100.0,0.03,0.473,6.35333,"March 24, 16",0.00473
0,2016-03-23,6.58,6.59,6.41,6.43,6.011443,839900.0,839900.0,-0.15,-2.28,6.47667,"March 23, 16",-0.0228
0,2016-03-22,6.6,6.68,6.59,6.63,6.198424,917300.0,917300.0,0.03,0.455,6.63333,"March 22, 16",0.00455
0,2016-03-21,6.8,6.83,6.73,6.8,6.357358,1106600.0,1106600.0,0.0,0.0,6.78667,"March 21, 16",0.0
0,2016-03-18,6.89,6.94,6.81,6.85,6.404104,1239800.0,1239800.0,-0.04,-0.581,6.86667,"March 18, 16",-0.00581
0,2016-03-17,6.67,6.74,6.63,6.71,6.273217,710800.0,710800.0,0.04,0.6,6.69333,"March 17, 16",0.006
0,2016-03-16,6.59,6.72,6.59,6.7,6.263868,1261700.0,1261700.0,0.11,1.669,6.67,"March 16, 16",0.01669
0,2016-03-15,6.7,6.7,6.66,6.67,6.235821,1590500.0,1590500.0,-0.03,-0.448,6.67667,"March 15, 16",-0.00448
0,2016-03-14,6.62,6.68,6.58,6.65,6.217123,1665400.0,1665400.0,0.03,0.453,6.63667,"March 14, 16",0.00453
0,2016-03-11,6.62,6.7,6.59,6.7,6.263868,2105100.0,2105100.0,0.08,1.208,6.66333,"March 11, 16",0.01208
0,2016-03-10,6.48,6.55,6.33,6.4,5.983396,2198900.0,2198900.0,-0.08,-1.235,6.42667,"March 10, 16",-0.01235
0,2016-03-09,6.66,6.67,6.57,6.59,6.161028,841100.0,841100.0,-0.07,-1.051,6.61,"March 09, 16",-0.01051
0,2016-03-08,6.57,6.62,6.53,6.56,6.132981,1318600.0,1318600.0,-0.01,-0.152,6.57,"March 08, 16",-0.00152
0,2016-03-07,6.53,6.65,6.52,6.63,6.198424,1346600.0,1346600.0,0.1,1.531,6.6,"March 07, 16",0.01531
0,2016-03-04,6.56,6.63,6.54,6.58,6.151679,1353100.0,1353100.0,0.02,0.305,6.58333,"March 04, 16",0.00305
0,2016-03-03,6.52,6.6,6.46,6.6,6.170377,1304000.0,1304000.0,0.08,1.227,6.55333,"March 03, 16",0.01227
0,2016-03-02,6.26,6.43,6.25,6.43,6.011443,2072900.0,2072900.0,0.17,2.716,6.37,"March 02, 16",0.02716
0,2016-03-01,6.15,6.26,6.14,6.26,5.852509,2300900.0,2300900.0,0.11,1.789,6.22,"March 01, 16",0.01789
0,2016-02-29,6.3,6.31,6.19,6.2,5.796415,1367900.0,1367900.0,-0.1,-1.587,6.23333,"February 29, 16",-0.01587
0,2016-02-26,6.31,6.34,6.24,6.3,5.889906,2222400.0,2222400.0,-0.01,-0.158,6.29333,"February 26, 16",-0.00158
0,2016-02-25,6.83,6.87,6.76,6.86,6.413453,1687200.0,1687200.0,0.03,0.439,6.83,"February 25, 16",0.00439
0,2016-02-24,6.49,6.6,6.41,6.6,6.170377,1632300.0,1632300.0,0.11,1.695,6.53667,"February 24, 16",0.01695
0,2016-02-23,6.8,6.82,6.63,6.64,6.207773,1514600.0,1514600.0,-0.16,-2.353,6.69667,"February 23, 16",-0.02353
0,2016-02-22,6.89,6.95,6.88,6.94,6.488245,1693800.0,1693800.0,0.05,0.726,6.92333,"February 22, 16",0.00726
0,2016-02-19,6.95,7.04,6.91,7.04,6.581736,803400.0,803400.0,0.09,1.295,6.99667,"February 19, 16",0.01295
0,2016-02-18,7.37,7.37,7.16,7.18,6.712622,776200.0,776200.0,-0.19,-2.578,7.23667,"February 18, 16",-0.02578
0,2016-02-17,7.26,7.37,7.26,7.33,6.852859,968700.0,968700.0,0.07,0.964,7.32,"February 17, 16",0.00964
