,date,open,high,low,close,adjClose,volume,unadjustedVolume,change,changePercent,vwap,label,changeOverTime
0,2021-02-16,25.1,25.3699,22.450001,22.459999,22.459999,3194751.0,3194751.0,-2.64,-10.518,23.42663,"February 16, 21",-0.10518
0,2021-02-12,25.799999,25.98,24.709999,24.969999,24.969999,1589300.0,1589300.0,-0.83,-3.217,25.22,"February 12, 21",-0.03217
0,2021-02-11,26.950001,27.299999,25.280001,25.809999,25.809999,2529100.0,2529100.0,-1.14,-4.23,26.13,"February 11, 21",-0.0423
0,2021-02-10,23.92,27.719999,23.620001,26.99,26.99,4200300.0,4200300.0,3.07,12.834,26.11,"February 10, 21",0.12834
0,2021-02-09,23.85,24.1,22.959999,23.5,23.5,1516400.0,1516400.0,-0.35,-1.468,23.52,"February 09, 21",-0.01468
0,2021-02-08,23.99,24.280001,23.110001,23.969999,23.969999,1664100.0,1664100.0,-0.02,-0.083,23.78667,"February 08, 21",-0.00083
0,2021-02-05,24.23,24.620001,23.23,23.59,23.59,1643700.0,1643700.0,-0.64,-2.641,23.81333,"February 05, 21",-0.02641
0,2021-02-04,22.9,24.6,22.65,24.15,24.15,2362300.0,2362300.0,1.25,5.459,23.8,"February 04, 21",0.05459
0,2021-02-03,22.65,23.42,22.16,22.870001,22.870001,2394300.0,2394300.0,0.22,0.971,22.81667,"February 03, 21",0.00971
0,2021-02-02,23.67,24.049999,21.610001,22.379999,22.379999,3528100.0,3528100.0,-1.29,-5.45,22.68,"February 02, 21",-0.0545
0,2021-02-01,26.98,27.0,23.41,23.540001,23.540001,4471400.0,4471400.0,-3.44,-12.75,24.65,"February 01, 21",-0.1275
0,2021-01-29,28.360001,28.99,26.0,26.290001,26.290001,3835700.0,3835700.0,-2.07,-7.299,27.09333,"January 29, 21",-0.07299
0,2021-01-28,27.799999,32.48,25.549999,27.120001,27.120001,10769800.0,10769800.0,-0.68,-2.446,28.38333,"January 28, 21",-0.02446
0,2021-01-27,23.540001,28.18,23.26,28.15,28.15,7937200.0,7937200.0,4.61,19.584,26.53,"January 27, 21",0.19584
0,2021-01-26,21.77,23.66,21.389999,23.639999,23.639999,4471200.0,4471200.0,1.87,8.59,22.89667,"January 26, 21",0.0859
0,2021-01-25,19.83,23.18,19.74,21.67,21.67,5281000.0,5281000.0,1.84,9.279,21.53,"January 25, 21",0.09279
0,2021-01-22,19.25,19.790001,19.139999,19.780001,19.780001,2696700.0,2696700.0,0.53,2.753,19.57,"January 22, 21",0.02753
0,2021-01-21,19.459999,20.040001,19.040001,19.49,19.49,2881700.0,2881700.0,0.03,0.154,19.52333,"January 21, 21",0.00154
0,2021-01-20,19.01,19.549999,18.6,19.540001,19.540001,2420400.0,2420400.0,0.53,2.788,19.23,"January 20, 21",0.02788
0,2021-01-19,18.58,19.139999,18.280001,18.889999,18.889999,2603900.0,2603900.0,0.31,1.668,18.77,"January 19, 21",0.01668
0,2021-01-15,18.26,18.709999,18.17,18.25,18.25,2098700.0,2098700.0,-0.01,-0.055,18.37667,"January 15, 21",-0.00055
0,2021-01-14,18.17,18.969999,18.17,18.440001,18.440001,2355300.0,2355300.0,0.27,1.486,18.52667,"January 14, 21",0.01486
0,2021-01-13,18.24,18.49,17.83,18.02,18.02,1937100.0,1937100.0,-0.22,-1.206,18.11333,"January 13, 21",-0.01206
0,2021-01-12,17.690001,18.5,17.690001,18.219999,18.219999,2783400.0,2783400.0,0.53,2.996,18.13667,"January 12, 21",0.02996
0,2021-01-11,16.540001,17.76,16.43,17.530001,17.530001,2922300.0,2922300.0,0.99,5.985,17.24,"January 11, 21",0.05985
0,2021-01-08,16.98,17.389999,16.41,16.73,16.73,3080000.0,3080000.0,-0.25,-1.472,16.84333,"January 08, 21",-0.01472
0,2021-01-07,16.950001,17.690001,16.66,16.879999,16.879999,2793000.0,2793000.0,-0.07,-0.413,17.07667,"January 07, 21",-0.00413
0,2021-01-06,15.94,16.82,15.92,16.5,16.5,3579900.0,3579900.0,0.56,3.513,16.41333,"January 06, 21",0.03513
0,2021-01-05,16.01,16.290001,15.55,15.8,15.8,2234900.0,2234900.0,-0.21,-1.312,15.88,"January 05, 21",-0.01312
0,2021-01-04,15.88,16.23,15.35,16.07,16.07,3270600.0,3270600.0,0.19,1.196,15.88333,"January 04, 21",0.01196
0,2020-12-31,16.190001,16.25,15.7,15.83,15.83,2473000.0,2473000.0,-0.36,-2.224,15.92667,"December 31, 20",-0.02224
0,2020-12-30,16.5,16.52,15.81,16.209999,16.209999,3648100.0,3648100.0,-0.29,-1.758,16.18,"December 30, 20",-0.01758
0,2020-12-29,17.08,17.48,16.52,16.549999,16.549999,2558500.0,2558500.0,-0.53,-3.103,16.85,"December 29, 20",-0.03103
0,2020-12-28,17.85,18.110001,16.889999,17.0,17.0,3402300.0,3402300.0,-0.85,-4.762,17.33333,"December 28, 20",-0.04762
0,2020-12-24,18.41,18.690001,17.76,17.780001,17.780001,1640200.0,1640200.0,-0.63,-3.422,18.07667,"December 24, 20",-0.03422
0,2020-12-23,17.75,18.690001,17.65,18.459999,18.459999,4133400.0,4133400.0,0.71,4.0,18.26667,"December 23, 20",0.04
0,2020-12-22,19.370001,19.459999,17.49,17.5,17.5,5817100.0,5817100.0,-1.87,-9.654,18.15,"December 22, 20",-0.09654
0,2020-12-21,18.290001,19.610001,18.110001,19.299999,19.299999,5012300.0,5012300.0,1.01,5.522,19.00667,"December 21, 20",0.05522
0,2020-12-18,20.200001,20.709999,18.540001,18.67,18.67,8936700.0,8936700.0,-1.53,-7.574,19.30667,"December 18, 20",-0.07574
0,2020-12-17,20.48,22.450001,19.049999,20.08,20.08,50169000.0,50169000.0,-0.4,-1.953,20.52667,"December 17, 20",-0.01953
0,2020-12-16,18.25,18.33,17.07,17.110001,17.110001,4591000.0,4591000.0,-1.14,-6.247,17.50333,"December 16, 20",-0.06247
0,2020-12-15,18.76,18.879999,17.360001,18.34,18.34,2719800.0,2719800.0,-0.42,-2.239,18.19333,"December 15, 20",-0.02239
0,2020-12-14,18.5,19.43,18.299999,18.459999,18.459999,3013700.0,3013700.0,-0.04,-0.216,18.73,"December 14, 20",-0.00216
0,2020-12-11,19.200001,19.5,17.719999,18.459999,18.459999,4211000.0,4211000.0,-0.74,-3.854,18.56,"December 11, 20",-0.03854
0,2020-12-10,19.18,19.68,18.540001,19.450001,19.450001,4324500.0,4324500.0,0.27,1.408,19.22333,"December 10, 20",0.01408
0,2020-12-09,18.5,20.32,18.08,19.5,19.5,9404300.0,9404300.0,1.0,5.405,19.3,"December 09, 20",0.05405
0,2020-12-08,16.139999,18.57,16.110001,18.129999,18.129999,6778200.0,6778200.0,1.99,12.33,17.60333,"December 08, 20",0.1233
0,2020-12-07,15.68,16.540001,15.43,16.219999,16.219999,3528400.0,3528400.0,0.54,3.444,16.06333,"December 07, 20",0.03444
0,2020-12-04,14.7,15.67,14.35,15.61,15.61,5113000.0,5113000.0,0.91,6.19,15.21,"December 04, 20",0.0619
0,2020-12-03,14.1,14.81,13.78,14.49,14.49,3442800.0,3442800.0,0.39,2.766,14.36,"December 03, 20",0.02766
0,2020-12-02,13.16,14.65,12.97,13.98,13.98,4982000.0,4982000.0,0.82,6.231,13.86667,"December 02, 20",0.06231
0,2020-12-01,13.27,13.87,13.14,13.23,13.23,2964600.0,2964600.0,-0.04,-0.301,13.41333,"December 01, 20",-0.00301
0,2020-11-30,13.0,13.32,12.87,13.2,13.2,4097400.0,4097400.0,0.2,1.538,13.13,"November 30, 20",0.01538
0,2020-11-27,12.64,13.22,12.27,13.2,13.2,3619600.0,3619600.0,0.56,4.43,12.89667,"November 27, 20",0.0443
0,2020-11-25,11.17,12.8,11.11,12.57,12.57,6372600.0,6372600.0,1.4,12.534,12.16,"November 25, 20",0.12534
0,2020-11-24,11.0,11.27,10.77,11.17,11.17,4105800.0,4105800.0,0.17,1.545,11.07,"November 24, 20",0.01545
0,2020-11-23,10.87,11.0,10.54,10.92,10.92,3339700.0,3339700.0,0.05,0.46,10.82,"November 23, 20",0.0046
0,2020-11-20,10.86,11.17,10.77,10.82,10.82,2646800.0,2646800.0,-0.04,-0.368,10.92,"November 20, 20",-0.00368
0,2020-11-19,10.8,11.01,10.67,10.93,10.93,2883200.0,2883200.0,0.13,1.204,10.87,"November 19, 20",0.01204
0,2020-11-18,11.05,11.05,10.7,10.85,10.85,5450700.0,5450700.0,-0.2,-1.81,10.86667,"November 18, 20",-0.0181
0,2020-11-17,11.27,11.49,10.79,10.84,10.84,10379400.0,10379400.0,-0.43,-3.815,11.04,"November 17, 20",-0.03815
0,2020-11-16,12.28,13.14,12.21,12.95,12.95,3812300.0,3812300.0,0.67,5.456,12.76667,"November 16, 20",0.05456
0,2020-11-13,11.77,12.17,11.62,11.85,11.85,2389700.0,2389700.0,0.08,0.68,11.88,"November 13, 20",0.0068
0,2020-11-12,11.71,12.34,11.6,11.67,11.67,2743000.0,2743000.0,-0.04,-0.342,11.87,"November 12, 20",-0.00342
0,2020-11-11,12.28,12.28,11.71,11.93,11.93,2359900.0,2359900.0,-0.35,-2.85,11.97333,"November 11, 20",-0.0285
0,2020-11-10,11.16,12.53,11.04,12.4,12.4,4335800.0,4335800.0,1.24,11.111,11.99,"November 10, 20",0.11111
0,2020-11-09,10.95,11.49,10.22,11.17,11.17,3444100.0,3444100.0,0.22,2.009,10.96,"November 09, 20",0.02009
0,2020-11-06,10.17,10.64,10.09,10.55,10.55,2288400.0,2288400.0,0.38,3.736,10.42667,"November 06, 20",0.03736
0,2020-11-05,10.0,10.24,9.94,10.16,10.16,1631500.0,1631500.0,0.16,1.6,10.11333,"November 05, 20",0.016
0,2020-11-04,9.86,10.12,9.65,9.88,9.88,1187700.0,1187700.0,0.02,0.203,9.88333,"November 04, 20",0.00203
0,2020-11-03,9.58,9.97,9.58,9.92,9.92,2170900.0,2170900.0,0.34,3.549,9.82333,"November 03, 20",0.03549
0,2020-11-02,9.17,9.62,8.86,9.54,9.54,3277900.0,3277900.0,0.37,4.035,9.34,"November 02, 20",0.04035
0,2020-10-30,9.09,9.21,8.98,9.14,9.14,2471300.0,2471300.0,0.05,0.55,9.11,"October 30, 20",0.0055
0,2020-10-29,9.33,9.34,8.97,9.16,9.16,3098900.0,3098900.0,-0.17,-1.822,9.15667,"October 29, 20",-0.01822
0,2020-10-28,9.86,10.07,9.29,9.29,9.29,3562800.0,3562800.0,-0.57,-5.781,9.55,"October 28, 20",-0.05781
0,2020-10-27,10.21,10.38,9.95,10.13,10.13,2144500.0,2144500.0,-0.08,-0.784,10.15333,"October 27, 20",-0.00784
0,2020-10-26,9.85,10.43,9.7,10.33,10.33,4661300.0,4661300.0,0.48,4.873,10.15333,"October 26, 20",0.04873
0,2020-10-23,9.8,10.09,9.77,9.99,9.99,2597800.0,2597800.0,0.19,1.939,9.95,"October 23, 20",0.01939
0,2020-10-22,9.57,9.78,9.45,9.72,9.72,1843300.0,1843300.0,0.15,1.567,9.65,"October 22, 20",0.01567
0,2020-10-21,9.85,9.9,9.53,9.54,9.54,2553600.0,2553600.0,-0.31,-3.147,9.65667,"October 21, 20",-0.03147
0,2020-10-20,10.01,10.02,9.7,9.82,9.82,2241900.0,2241900.0,-0.19,-1.898,9.84667,"October 20, 20",-0.01898
0,2020-10-19,9.96,10.24,9.87,9.95,9.95,2394300.0,2394300.0,-0.01,-0.1,10.02,"October 19, 20",-0.001
0,2020-10-16,10.0,10.09,9.82,9.87,9.87,1995200.0,1995200.0,-0.13,-1.3,9.92667,"October 16, 20",-0.013
0,2020-10-15,9.59,10.12,9.55,10.03,10.03,2888400.0,2888400.0,0.44,4.588,9.9,"October 15, 20",0.04588
0,2020-10-14,9.75,9.89,9.64,9.67,9.67,1710500.0,1710500.0,-0.08,-0.821,9.73333,"October 14, 20",-0.00821
0,2020-10-13,9.8,9.83,9.62,9.74,9.74,1991100.0,1991100.0,-0.06,-0.612,9.73,"October 13, 20",-0.00612
0,2020-10-12,10.1,10.19,9.79,9.81,9.81,2991000.0,2991000.0,-0.29,-2.871,9.93,"October 12, 20",-0.02871
0,2020-10-09,10.3,10.48,10.04,10.07,10.07,2503100.0,2503100.0,-0.23,-2.233,10.19667,"October 09, 20",-0.02233
0,2020-10-08,10.41,10.6,9.83,10.28,10.28,3793500.0,3793500.0,-0.13,-1.249,10.23667,"October 08, 20",-0.01249
0,2020-10-07,9.71,10.39,9.63,10.31,10.31,5803900.0,5803900.0,0.6,6.179,10.11,"October 07, 20",0.06179
0,2020-10-06,9.7,10.13,9.57,9.67,9.67,4131700.0,4131700.0,-0.03,-0.309,9.79,"October 06, 20",-0.00309
0,2020-10-05,9.64,9.78,9.39,9.74,9.74,3208000.0,3208000.0,0.1,1.037,9.63667,"October 05, 20",0.01037
0,2020-10-02,9.35,9.82,9.3,9.66,9.66,3069100.0,3069100.0,0.31,3.316,9.59333,"October 02, 20",0.03316
0,2020-10-01,9.51,9.63,9.29,9.61,9.61,3911900.0,3911900.0,0.1,1.052,9.51,"October 01, 20",0.01052
0,2020-09-30,9.7,9.89,9.49,9.49,9.49,5463700.0,5463700.0,-0.21,-2.165,9.62333,"September 30, 20",-0.02165
0,2020-09-29,9.72,10.22,9.52,9.63,9.63,7015000.0,7015000.0,-0.09,-0.926,9.79,"September 29, 20",-0.00926
0,2020-09-28,10.31,10.37,9.73,9.78,9.78,7485600.0,7485600.0,-0.53,-5.141,9.96,"September 28, 20",-0.05141
0,2020-09-25,10.64,11.17,9.68,10.0,10.0,17956200.0,17956200.0,-0.64,-6.015,10.28333,"September 25, 20",-0.06015
0,2020-09-24,12.82,12.83,10.85,10.98,10.98,13976800.0,13976800.0,-1.84,-14.353,11.55333,"September 24, 20",-0.14353
0,2020-09-23,13.75,14.08,13.26,13.35,13.35,6143800.0,6143800.0,-0.4,-2.909,13.56333,"September 23, 20",-0.02909
0,2020-09-22,13.65,13.77,13.22,13.52,13.52,2728100.0,2728100.0,-0.13,-0.952,13.50333,"September 22, 20",-0.00952
0,2020-09-21,13.56,13.73,12.95,13.67,13.67,3053200.0,3053200.0,0.11,0.811,13.45,"September 21, 20",0.00811
0,2020-09-18,13.29,13.57,12.9,13.44,13.44,3747800.0,3747800.0,0.15,1.129,13.30333,"September 18, 20",0.01129
0,2020-09-17,12.68,13.53,12.53,13.21,13.21,3606700.0,3606700.0,0.53,4.18,13.09,"September 17, 20",0.0418
0,2020-09-16,12.07,13.0,11.83,12.88,12.88,3148700.0,3148700.0,0.81,6.711,12.57,"September 16, 20",0.06711
0,2020-09-15,12.21,12.48,11.95,12.02,12.02,2297100.0,2297100.0,-0.19,-1.556,12.15,"September 15, 20",-0.01556
0,2020-09-14,11.86,12.29,11.75,12.13,12.13,2291300.0,2291300.0,0.27,2.277,12.05667,"September 14, 20",0.02277
0,2020-09-11,11.75,11.87,11.19,11.79,11.79,2606000.0,2606000.0,0.04,0.34,11.61667,"September 11, 20",0.0034
0,2020-09-10,12.01,12.07,11.74,11.75,11.75,2045600.0,2045600.0,-0.26,-2.165,11.85333,"September 10, 20",-0.02165
0,2020-09-09,12.19,12.3,11.82,11.94,11.94,2483300.0,2483300.0,-0.25,-2.051,12.02,"September 09, 20",-0.02051
0,2020-09-08,12.44,12.64,11.89,11.99,11.99,2590500.0,2590500.0,-0.45,-3.617,12.17333,"September 08, 20",-0.03617
0,2020-09-04,13.05,13.27,12.32,12.51,12.51,2720100.0,2720100.0,-0.54,-4.138,12.7,"September 04, 20",-0.04138
0,2020-09-03,13.14,13.59,12.8,12.94,12.94,2754600.0,2754600.0,-0.2,-1.522,13.11,"September 03, 20",-0.01522
0,2020-09-02,12.92,13.48,12.92,13.14,13.14,2626100.0,2626100.0,0.22,1.703,13.18,"September 02, 20",0.01703
0,2020-09-01,13.05,13.05,12.57,12.95,12.95,2777500.0,2777500.0,-0.1,-0.766,12.85667,"September 01, 20",-0.00766
0,2020-08-31,13.68,13.76,12.99,13.02,13.02,3856600.0,3856600.0,-0.66,-4.825,13.25667,"August 31, 20",-0.04825
0,2020-08-28,13.88,13.88,13.45,13.64,13.64,1994200.0,1994200.0,-0.24,-1.729,13.65667,"August 28, 20",-0.01729
0,2020-08-27,13.67,13.91,13.54,13.84,13.84,1915100.0,1915100.0,0.17,1.244,13.76333,"August 27, 20",0.01244
0,2020-08-26,13.57,13.99,13.38,13.64,13.64,1867700.0,1867700.0,0.07,0.516,13.67,"August 26, 20",0.00516
0,2020-08-25,13.58,13.95,13.35,13.68,13.68,1651000.0,1651000.0,0.1,0.736,13.66,"August 25, 20",0.00736
0,2020-08-24,13.92,13.98,13.23,13.65,13.65,2145400.0,2145400.0,-0.27,-1.94,13.62,"August 24, 20",-0.0194
0,2020-08-21,13.84,14.08,13.68,13.75,13.75,2948100.0,2948100.0,-0.09,-0.65,13.83667,"August 21, 20",-0.0065
0,2020-08-20,14.13,14.16,13.61,13.94,13.94,2132700.0,2132700.0,-0.19,-1.345,13.90333,"August 20, 20",-0.01345
0,2020-08-19,14.72,14.72,14.16,14.17,14.17,2136500.0,2136500.0,-0.55,-3.736,14.35,"August 19, 20",-0.03736
0,2020-08-18,14.81,15.03,14.48,14.69,14.69,1429600.0,1429600.0,-0.12,-0.81,14.73333,"August 18, 20",-0.0081
0,2020-08-17,15.12,15.12,14.45,14.85,14.85,2240400.0,2240400.0,-0.27,-1.786,14.80667,"August 17, 20",-0.01786
0,2020-08-14,14.55,15.15,14.41,15.12,15.12,1980300.0,1980300.0,0.57,3.918,14.89333,"August 14, 20",0.03918
0,2020-08-13,14.85,14.92,14.53,14.65,14.65,1809900.0,1809900.0,-0.2,-1.347,14.7,"August 13, 20",-0.01347
0,2020-08-12,15.29,15.49,14.79,14.81,14.81,2438800.0,2438800.0,-0.48,-3.139,15.03,"August 12, 20",-0.03139
0,2020-08-11,15.82,16.049999,15.06,15.11,15.11,2025000.0,2025000.0,-0.71,-4.488,15.40667,"August 11, 20",-0.04488
0,2020-08-10,15.18,16.34,15.15,15.63,15.63,2741700.0,2741700.0,0.45,2.964,15.70667,"August 10, 20",0.02964
0,2020-08-07,15.18,15.19,14.87,15.05,15.05,1563100.0,1563100.0,-0.13,-0.856,15.03667,"August 07, 20",-0.00856
0,2020-08-06,15.64,15.7,15.1,15.13,15.13,1497900.0,1497900.0,-0.51,-3.261,15.31,"August 06, 20",-0.03261
0,2020-08-05,15.58,15.85,15.44,15.57,15.57,1995900.0,1995900.0,-0.01,-0.064,15.62,"August 05, 20",-0.00064
0,2020-08-04,15.13,15.59,15.13,15.48,15.48,2252800.0,2252800.0,0.35,2.313,15.4,"August 04, 20",0.02313
0,2020-08-03,15.06,15.33,14.71,15.26,15.26,4007000.0,4007000.0,0.2,1.328,15.1,"August 03, 20",0.01328
0,2020-07-31,15.28,15.77,14.76,15.16,15.16,2753600.0,2753600.0,-0.12,-0.785,15.23,"July 31, 20",-0.00785
0,2020-07-30,15.45,15.54,15.01,15.24,15.24,1766200.0,1766200.0,-0.21,-1.359,15.26333,"July 30, 20",-0.01359
0,2020-07-29,15.6,15.7,14.93,15.7,15.7,2177200.0,2177200.0,0.1,0.641,15.44333,"July 29, 20",0.00641
0,2020-07-28,14.88,15.85,14.88,15.55,15.55,2860500.0,2860500.0,0.67,4.503,15.42667,"July 28, 20",0.04503
0,2020-07-27,15.22,15.22,14.16,15.0,15.0,6592239.0,6592239.0,-0.22,-1.445,14.79333,"July 27, 20",-0.01445
0,2020-07-24,15.4,15.61,14.89,15.11,15.11,2528400.0,2528400.0,-0.29,-1.883,15.20333,"July 24, 20",-0.01883
0,2020-07-23,15.82,16.02,15.35,15.57,15.57,2032000.0,2032000.0,-0.25,-1.58,15.64667,"July 23, 20",-0.0158
0,2020-07-22,15.75,16.22,15.53,15.93,15.93,1423500.0,1423500.0,0.18,1.143,15.89333,"July 22, 20",0.01143
0,2020-07-21,15.6,16.06,15.5,15.77,15.77,1518800.0,1518800.0,0.17,1.09,15.77667,"July 21, 20",0.0109
0,2020-07-20,15.77,15.98,15.2,15.64,15.64,1473900.0,1473900.0,-0.13,-0.824,15.60667,"July 20, 20",-0.00824
0,2020-07-17,16.22,16.54,15.63,15.8,15.8,2161200.0,2161200.0,-0.42,-2.589,15.99,"July 17, 20",-0.02589
0,2020-07-16,15.94,16.81,15.84,16.33,16.33,2223900.0,2223900.0,0.39,2.447,16.32667,"July 16, 20",0.02447
0,2020-07-15,16.54,16.55,15.67,16.07,16.07,2238000.0,2238000.0,-0.47,-2.842,16.09667,"July 15, 20",-0.02842
0,2020-07-14,14.74,16.15,14.7,16.05,16.05,5160400.0,5160400.0,1.31,8.887,15.63333,"July 14, 20",0.08887
0,2020-07-13,16.31,16.33,14.9,14.92,14.92,3559600.0,3559600.0,-1.39,-8.522,15.38333,"July 13, 20",-0.08522
0,2020-07-10,16.4,16.43,15.93,16.21,16.21,3649200.0,3649200.0,-0.19,-1.159,16.19,"July 10, 20",-0.01159
0,2020-07-09,17.79,17.87,16.43,16.46,16.46,3690500.0,3690500.0,-1.33,-7.476,16.92,"July 09, 20",-0.07476
0,2020-07-08,18.34,18.64,17.68,17.96,17.96,3013700.0,3013700.0,-0.38,-2.072,18.09333,"July 08, 20",-0.02072
0,2020-07-07,18.0,18.57,17.8,18.2,18.2,2559700.0,2559700.0,0.2,1.111,18.19,"July 07, 20",0.01111
0,2020-07-06,17.5,18.62,17.31,18.18,18.18,5359800.0,5359800.0,0.68,3.886,18.03667,"July 06, 20",0.03886
0,2020-07-02,17.93,18.25,17.18,17.22,17.22,3850500.0,3850500.0,-0.71,-3.96,17.55,"July 02, 20",-0.0396
0,2020-07-01,16.98,18.26,16.98,17.29,17.29,6011700.0,6011700.0,0.31,1.826,17.51,"July 01, 20",0.01826
0,2020-06-30,17.49,17.97,16.72,17.06,17.06,5364900.0,5364900.0,-0.43,-2.459,17.25,"June 30, 20",-0.02459
0,2020-06-29,15.16,17.49,15.16,17.31,17.31,10427600.0,10427600.0,2.15,14.182,16.65333,"June 29, 20",0.14182
0,2020-06-26,16.25,16.9,14.74,15.09,15.09,8719300.0,8719300.0,-1.16,-7.138,15.57667,"June 26, 20",-0.07138
0,2020-06-25,14.49,16.66,14.16,16.29,16.29,28817000.0,28817000.0,1.8,12.422,15.70333,"June 25, 20",0.12422
0,2020-06-24,12.85,13.03,12.25,12.87,12.87,5038000.0,5038000.0,0.02,0.156,12.71667,"June 24, 20",0.00156
0,2020-06-23,13.54,13.6,12.87,13.13,13.13,3530500.0,3530500.0,-0.41,-3.028,13.2,"June 23, 20",-0.03028
0,2020-06-22,12.41,13.85,12.25,13.34,13.34,4364400.0,4364400.0,0.93,7.494,13.14667,"June 22, 20",0.07494
0,2020-06-19,12.72,12.99,12.21,12.41,12.41,4431700.0,4431700.0,-0.31,-2.437,12.53667,"June 19, 20",-0.02437
0,2020-06-18,12.4,12.88,12.32,12.61,12.61,2365500.0,2365500.0,0.21,1.694,12.60333,"June 18, 20",0.01694
0,2020-06-17,12.85,13.1,12.42,12.5,12.5,2853400.0,2853400.0,-0.35,-2.724,12.67333,"June 17, 20",-0.02724
0,2020-06-16,13.04,13.38,12.72,12.87,12.87,2915700.0,2915700.0,-0.17,-1.304,12.99,"June 16, 20",-0.01304
0,2020-06-15,12.8,12.92,12.43,12.64,12.64,3367900.0,3367900.0,-0.16,-1.25,12.66333,"June 15, 20",-0.0125
0,2020-06-12,13.46,13.64,12.75,13.17,13.17,2780000.0,2780000.0,-0.29,-2.155,13.18667,"June 12, 20",-0.02155
0,2020-06-11,13.74,13.78,12.84,13.01,13.01,3529700.0,3529700.0,-0.73,-5.313,13.21,"June 11, 20",-0.05313
0,2020-06-10,14.3,14.95,14.08,14.27,14.27,2929200.0,2929200.0,-0.03,-0.21,14.43333,"June 10, 20",-0.0021
0,2020-06-09,15.04,15.15,14.28,14.36,14.36,2647000.0,2647000.0,-0.68,-4.521,14.59667,"June 09, 20",-0.04521
0,2020-06-08,14.32,15.84,14.15,15.32,15.32,5023800.0,5023800.0,1.0,6.983,15.10333,"June 08, 20",0.06983
0,2020-06-05,14.31,14.84,13.82,13.94,13.94,3126600.0,3126600.0,-0.37,-2.586,14.2,"June 05, 20",-0.02586
0,2020-06-04,13.28,14.08,13.13,13.97,13.97,3044900.0,3044900.0,0.69,5.196,13.72667,"June 04, 20",0.05196
0,2020-06-03,13.35,13.67,13.03,13.31,13.31,2875100.0,2875100.0,-0.04,-0.3,13.33667,"June 03, 20",-0.003
0,2020-06-02,13.4,13.59,13.05,13.26,13.26,2332200.0,2332200.0,-0.14,-1.045,13.3,"June 02, 20",-0.01045
0,2020-06-01,13.1,13.44,12.85,13.29,13.29,1842000.0,1842000.0,0.19,1.45,13.19333,"June 01, 20",0.0145
0,2020-05-29,12.85,13.29,12.66,13.13,13.13,2797800.0,2797800.0,0.28,2.179,13.02667,"May 29, 20",0.02179
0,2020-05-28,13.78,13.94,12.84,12.88,12.88,2790600.0,2790600.0,-0.9,-6.531,13.22,"May 28, 20",-0.06531
0,2020-05-27,13.15,13.82,12.77,13.79,13.79,3545000.0,3545000.0,0.64,4.867,13.46,"May 27, 20",0.04867
0,2020-05-26,12.65,13.3,12.5,13.02,13.02,3849600.0,3849600.0,0.37,2.925,12.94,"May 26, 20",0.02925
0,2020-05-22,12.53,12.66,12.1,12.42,12.42,2350300.0,2350300.0,-0.11,-0.878,12.39333,"May 22, 20",-0.00878
0,2020-05-21,12.92,13.24,12.29,12.42,12.42,3263800.0,3263800.0,-0.5,-3.87,12.65,"May 21, 20",-0.0387
0,2020-05-20,12.85,13.05,12.54,12.91,12.91,2437300.0,2437300.0,0.06,0.467,12.83333,"May 20, 20",0.00467
0,2020-05-19,13.5,13.5,12.56,12.6,12.6,3171600.0,3171600.0,-0.9,-6.667,12.88667,"May 19, 20",-0.06667
0,2020-05-18,13.0,13.49,12.92,13.43,13.43,3418500.0,3418500.0,0.43,3.308,13.28,"May 18, 20",0.03308
0,2020-05-15,12.58,13.02,12.49,12.81,12.81,2296500.0,2296500.0,0.23,1.828,12.77333,"May 15, 20",0.01828
0,2020-05-14,12.03,12.81,11.7,12.73,12.73,2673900.0,2673900.0,0.7,5.819,12.41333,"May 14, 20",0.05819
0,2020-05-13,12.97,13.13,11.83,12.35,12.35,3577300.0,3577300.0,-0.62,-4.78,12.43667,"May 13, 20",-0.0478
0,2020-05-12,13.68,13.94,12.72,12.73,12.73,2878300.0,2878300.0,-0.95,-6.944,13.13,"May 12, 20",-0.06944
0,2020-05-11,13.36,13.71,13.13,13.68,13.68,2106600.0,2106600.0,0.32,2.395,13.50667,"May 11, 20",0.02395
0,2020-05-08,13.45,13.72,13.1,13.36,13.36,2646600.0,2646600.0,-0.09,-0.669,13.39333,"May 08, 20",-0.00669
0,2020-05-07,12.81,13.87,12.77,13.16,13.16,3613700.0,3613700.0,0.35,2.732,13.26667,"May 07, 20",0.02732
0,2020-05-06,13.26,13.28,12.56,12.63,12.63,2882200.0,2882200.0,-0.63,-4.751,12.82333,"May 06, 20",-0.04751
0,2020-05-05,13.4,13.53,12.98,13.08,13.08,2934100.0,2934100.0,-0.32,-2.388,13.19667,"May 05, 20",-0.02388
0,2020-05-04,13.29,13.92,13.05,13.26,13.26,3415600.0,3415600.0,-0.03,-0.226,13.41,"May 04, 20",-0.00226
0,2020-05-01,14.07,14.4,13.51,13.62,13.62,3241000.0,3241000.0,-0.45,-3.198,13.84333,"May 01, 20",-0.03198
0,2020-04-30,15.51,15.61,14.1,14.33,14.33,5016200.0,5016200.0,-1.18,-7.608,14.68,"April 30, 20",-0.07608
0,2020-04-29,16.11,16.66,15.68,15.7,15.7,4520100.0,4520100.0,-0.41,-2.545,16.01333,"April 29, 20",-0.02545
0,2020-04-28,15.5,16.3,15.05,15.85,15.85,4661500.0,4661500.0,0.35,2.258,15.73333,"April 28, 20",0.02258
0,2020-04-27,14.35,15.38,14.19,15.11,15.11,4379600.0,4379600.0,0.76,5.296,14.89333,"April 27, 20",0.05296
0,2020-04-24,13.57,14.48,13.57,14.35,14.35,3716900.0,3716900.0,0.78,5.748,14.13333,"April 24, 20",0.05748
0,2020-04-23,13.23,13.78,13.18,13.64,13.64,3598400.0,3598400.0,0.41,3.099,13.53333,"April 23, 20",0.03099
0,2020-04-22,13.31,13.93,13.14,13.2,13.2,3395100.0,3395100.0,-0.11,-0.826,13.42333,"April 22, 20",-0.00826
0,2020-04-21,13.74,13.8,12.26,13.13,13.13,6933000.0,6933000.0,-0.61,-4.44,13.06333,"April 21, 20",-0.0444
0,2020-04-20,11.49,14.2,11.3,13.93,13.93,11846100.0,11846100.0,2.44,21.236,13.14333,"April 20, 20",0.21236
0,2020-04-17,11.95,12.1,11.5,11.69,11.69,5405400.0,5405400.0,-0.26,-2.176,11.76333,"April 17, 20",-0.02176
0,2020-04-16,12.33,12.74,10.6,11.43,11.43,20754300.0,20754300.0,-0.9,-7.299,11.59,"April 16, 20",-0.07299
0,2020-04-15,15.24,15.44,14.17,14.48,14.48,5908600.0,5908600.0,-0.76,-4.987,14.69667,"April 15, 20",-0.04987
0,2020-04-14,14.63,15.66,14.4,15.49,15.49,6148200.0,6148200.0,0.86,5.878,15.18333,"April 14, 20",0.05878
0,2020-04-13,13.15,14.58,13.15,14.16,14.16,5066200.0,5066200.0,1.01,7.681,13.96333,"April 13, 20",0.07681
0,2020-04-09,12.16,13.36,11.97,13.06,13.06,5720500.0,5720500.0,0.9,7.401,12.79667,"April 09, 20",0.07401
0,2020-04-08,12.04,12.06,11.3,12.01,12.01,6141900.0,6141900.0,-0.03,-0.249,11.79,"April 08, 20",-0.00249
0,2020-04-07,12.34,12.41,11.5,11.89,11.89,4575000.0,4575000.0,-0.45,-3.647,11.93333,"April 07, 20",-0.03647
0,2020-04-06,11.8,12.14,11.32,12.09,12.09,4715900.0,4715900.0,0.29,2.458,11.85,"April 06, 20",0.02458
0,2020-04-03,12.01,12.29,11.24,11.45,11.45,3196500.0,3196500.0,-0.56,-4.663,11.66,"April 03, 20",-0.04663
0,2020-04-02,13.28,13.41,11.2,12.11,12.11,7158200.0,7158200.0,-1.17,-8.81,12.24,"April 02, 20",-0.0881
0,2020-04-01,14.83,15.17,13.7,13.95,13.95,3032600.0,3032600.0,-0.88,-5.934,14.27333,"April 01, 20",-0.05934
0,2020-03-31,14.4,15.73,14.35,15.0,15.0,3201800.0,3201800.0,0.6,4.167,15.02667,"March 31, 20",0.04167
0,2020-03-30,15.59,15.66,14.45,14.61,14.61,3935200.0,3935200.0,-0.98,-6.286,14.90667,"March 30, 20",-0.06286
0,2020-03-27,13.91,15.75,13.69,15.07,15.07,5085400.0,5085400.0,1.16,8.339,14.83667,"March 27, 20",0.08339
0,2020-03-26,14.76,15.2,13.5,14.11,14.11,4499800.0,4499800.0,-0.65,-4.404,14.27,"March 26, 20",-0.04404
0,2020-03-25,16.22,16.73,14.34,14.47,14.47,4982200.0,4982200.0,-1.75,-10.789,15.18,"March 25, 20",-0.10789
0,2020-03-24,18.02,18.17,15.89,16.26,16.26,4978000.0,4978000.0,-1.76,-9.767,16.77333,"March 24, 20",-0.09767
0,2020-03-23,17.59,18.14,16.8,17.52,17.52,4886100.0,4886100.0,-0.07,-0.398,17.48667,"March 23, 20",-0.00398
0,2020-03-20,17.33,17.99,16.26,17.63,17.63,6445200.0,6445200.0,0.3,1.731,17.29333,"March 20, 20",0.01731
0,2020-03-19,18.5,19.93,16.03,17.06,17.06,9470800.0,9470800.0,-1.44,-7.784,17.67333,"March 19, 20",-0.07784
0,2020-03-18,15.84,19.18,15.5,18.44,18.44,14883800.0,14883800.0,2.6,16.414,17.70667,"March 18, 20",0.16414
0,2020-03-17,13.49,17.0,12.63,16.95,16.95,10458800.0,10458800.0,3.46,25.649,15.52667,"March 17, 20",0.25649
0,2020-03-16,9.86,14.5,9.81,13.12,13.12,9152700.0,9152700.0,3.26,33.063,12.47667,"March 16, 20",0.33063
0,2020-03-13,11.1,11.7,9.24,11.7,11.7,8761600.0,8761600.0,0.6,5.405,10.88,"March 13, 20",0.05405
0,2020-03-12,12.0,12.15,9.51,9.64,9.64,7991600.0,7991600.0,-2.36,-19.667,10.43333,"March 12, 20",-0.19667
0,2020-03-11,16.09,16.53,13.88,14.13,14.13,6839400.0,6839400.0,-1.96,-12.181,14.84667,"March 11, 20",-0.12181
0,2020-03-10,16.29,17.06,15.48,16.65,16.65,4604000.0,4604000.0,0.36,2.21,16.39667,"March 10, 20",0.0221
0,2020-03-09,13.85,16.95,13.81,15.18,15.18,4809400.0,4809400.0,1.33,9.603,15.31333,"March 09, 20",0.09603
0,2020-03-06,15.75,16.89,15.59,16.15,16.15,4364400.0,4364400.0,0.4,2.54,16.21,"March 06, 20",0.0254
0,2020-03-05,16.65,17.03,15.73,16.51,16.51,5417900.0,5417900.0,-0.14,-0.841,16.42333,"March 05, 20",-0.00841
0,2020-03-04,17.05,17.44,16.24,17.2,17.2,5994800.0,5994800.0,0.15,0.88,16.96,"March 04, 20",0.0088
0,2020-03-03,15.52,17.39,15.41,16.55,16.55,10965300.0,10965300.0,1.03,6.637,16.45,"March 03, 20",0.06637
0,2020-03-02,13.58,15.47,13.2,15.44,15.44,6766400.0,6766400.0,1.86,13.697,14.70333,"March 02, 20",0.13697
0,2020-02-28,13.01,14.18,12.92,13.62,13.62,5512100.0,5512100.0,0.61,4.689,13.57333,"February 28, 20",0.04689
0,2020-02-27,12.64,14.1,12.04,13.51,13.51,6884200.0,6884200.0,0.87,6.883,13.21667,"February 27, 20",0.06883
0,2020-02-26,13.91,14.53,12.86,13.03,13.03,4574800.0,4574800.0,-0.88,-6.326,13.47333,"February 26, 20",-0.06326
0,2020-02-25,15.25,15.38,13.41,13.49,13.49,5328900.0,5328900.0,-1.76,-11.541,14.09333,"February 25, 20",-0.11541
0,2020-02-24,15.54,15.92,14.84,15.14,15.14,4864800.0,4864800.0,-0.4,-2.574,15.3,"February 24, 20",-0.02574
0,2020-02-21,15.11,16.74,14.83,16.04,16.04,8496100.0,8496100.0,0.93,6.155,15.87,"February 21, 20",0.06155
0,2020-02-20,14.48,15.68,14.44,15.2,15.2,6032900.0,6032900.0,0.72,4.972,15.10667,"February 20, 20",0.04972
0,2020-02-19,14.66,15.02,14.2,14.57,14.57,4365900.0,4365900.0,-0.09,-0.614,14.59667,"February 19, 20",-0.00614
0,2020-02-18,14.69,15.34,14.41,14.72,14.72,4940300.0,4940300.0,0.03,0.204,14.82333,"February 18, 20",0.00204
0,2020-02-14,14.36,14.78,14.02,14.62,14.62,4236100.0,4236100.0,0.26,1.811,14.47333,"February 14, 20",0.01811
0,2020-02-13,13.55,15.35,13.49,14.22,14.22,9127100.0,9127100.0,0.67,4.945,14.35333,"February 13, 20",0.04945
0,2020-02-12,13.57,13.77,13.17,13.55,13.55,3122300.0,3122300.0,-0.02,-0.147,13.49667,"February 12, 20",-0.00147
0,2020-02-11,13.85,14.04,13.29,13.4,13.4,4773200.0,4773200.0,-0.45,-3.249,13.57667,"February 11, 20",-0.03249
0,2020-02-10,13.15,14.5,12.96,13.75,13.75,8649600.0,8649600.0,0.6,4.563,13.73667,"February 10, 20",0.04563
0,2020-02-07,12.62,13.15,12.41,13.09,13.09,2411900.0,2411900.0,0.47,3.724,12.88333,"February 07, 20",0.03724
0,2020-02-06,12.73,12.78,12.32,12.62,12.62,5113000.0,5113000.0,-0.11,-0.864,12.57333,"February 06, 20",-0.00864
0,2020-02-05,12.31,12.67,12.28,12.6,12.6,3121500.0,3121500.0,0.29,2.356,12.51667,"February 05, 20",0.02356
0,2020-02-04,12.65,12.89,12.01,12.27,12.27,4785900.0,4785900.0,-0.38,-3.004,12.39,"February 04, 20",-0.03004
0,2020-02-03,11.8,12.62,11.77,12.46,12.46,4086700.0,4086700.0,0.66,5.593,12.28333,"February 03, 20",0.05593
0,2020-01-31,12.13,12.32,11.82,11.95,11.95,2374100.0,2374100.0,-0.18,-1.484,12.03,"January 31, 20",-0.01484
0,2020-01-30,11.88,12.5,11.74,12.37,12.37,2402800.0,2402800.0,0.49,4.125,12.20333,"January 30, 20",0.04125
0,2020-01-29,11.65,12.12,11.52,11.99,11.99,3118800.0,3118800.0,0.34,2.918,11.87667,"January 29, 20",0.02918
0,2020-01-28,12.18,12.27,11.7,11.75,11.75,4167800.0,4167800.0,-0.43,-3.53,11.90667,"January 28, 20",-0.0353
0,2020-01-27,11.85,12.28,11.62,12.2,12.2,2924500.0,2924500.0,0.35,2.954,12.03333,"January 27, 20",0.02954
0,2020-01-24,12.6,12.79,12.16,12.3,12.3,2533900.0,2533900.0,-0.3,-2.381,12.41667,"January 24, 20",-0.02381
0,2020-01-23,12.68,12.92,12.36,12.58,12.58,2456000.0,2456000.0,-0.1,-0.789,12.62,"January 23, 20",-0.00789
0,2020-01-22,12.97,13.28,12.72,12.86,12.86,2808500.0,2808500.0,-0.11,-0.848,12.95333,"January 22, 20",-0.00848
0,2020-01-21,12.49,13.45,12.35,12.98,12.98,4854900.0,4854900.0,0.49,3.923,12.92667,"January 21, 20",0.03923
0,2020-01-17,12.96,13.48,12.45,12.6,12.6,4672500.0,4672500.0,-0.36,-2.778,12.84333,"January 17, 20",-0.02778
0,2020-01-16,13.38,13.75,12.9,13.0,13.0,7515600.0,7515600.0,-0.38,-2.84,13.21667,"January 16, 20",-0.0284
0,2020-01-15,12.02,13.45,12.0,12.83,12.83,10656500.0,10656500.0,0.81,6.739,12.76,"January 15, 20",0.06739
0,2020-01-14,11.4,12.76,11.36,12.28,12.28,9168700.0,9168700.0,0.88,7.719,12.13333,"January 14, 20",0.07719
0,2020-01-13,12.09,12.16,11.41,11.66,11.66,7028900.0,7028900.0,-0.43,-3.557,11.74333,"January 13, 20",-0.03557
0,2020-01-10,12.71,12.83,12.03,12.04,12.04,5855000.0,5855000.0,-0.67,-5.271,12.3,"January 10, 20",-0.05271
0,2020-01-09,13.37,13.52,12.55,12.69,12.69,7140600.0,7140600.0,-0.68,-5.086,12.92,"January 09, 20",-0.05086
0,2020-01-08,12.48,14.46,12.48,13.15,13.15,16055100.0,16055100.0,0.67,5.369,13.36333,"January 08, 20",0.05369
0,2020-01-07,13.27,13.42,12.26,12.53,12.53,10097200.0,10097200.0,-0.74,-5.576,12.73667,"January 07, 20",-0.05576
0,2020-01-06,14.24,14.5,13.21,13.27,13.27,8499200.0,8499200.0,-0.97,-6.812,13.66,"January 06, 20",-0.06812
0,2020-01-03,14.0,15.29,13.94,14.49,14.49,9634700.0,9634700.0,0.49,3.5,14.57333,"January 03, 20",0.035
0,2020-01-02,17.35,17.35,14.3,14.52,14.52,20834800.0,20834800.0,-2.83,-16.311,15.39,"January 02, 20",-0.16311
0,2019-12-31,15.08,16.59,14.87,15.47,15.47,16159100.0,16159100.0,0.39,2.586,15.64333,"December 31, 19",0.02586
0,2019-12-30,18.8,19.17,15.9,15.99,15.99,23130600.0,23130600.0,-2.81,-14.947,17.02,"December 30, 19",-0.14947
0,2019-12-27,21.98,23.88,20.12,20.3,20.3,48525900.0,48525900.0,-1.68,-7.643,21.43333,"December 27, 19",-0.07643
0,2019-12-26,16.89,19.22,16.86,19.19,19.19,27403500.0,27403500.0,2.3,13.618,18.42333,"December 26, 19",0.13618
0,2019-12-24,15.26,16.48,15.25,16.14,16.14,10665200.0,10665200.0,0.88,5.767,15.95667,"December 24, 19",0.05767
0,2019-12-23,13.9,15.48,13.74,15.01,15.01,13979600.0,13979600.0,1.11,7.986,14.74333,"December 23, 19",0.07986
0,2019-12-20,12.12,15.1,12.11,14.03,14.03,39753500.0,39753500.0,1.91,15.759,13.74667,"December 20, 19",0.15759
0,2019-12-19,10.99,12.5,10.96,11.84,11.84,37661000.0,37661000.0,0.85,7.734,11.76667,"December 19, 19",0.07734
0,2019-12-18,7.73,8.36,7.7,8.32,8.32,3137600.0,3137600.0,0.59,7.633,8.12667,"December 18, 19",0.07633
0,2019-12-17,7.78,7.78,7.52,7.67,7.67,1460400.0,1460400.0,-0.11,-1.414,7.65667,"December 17, 19",-0.01414
0,2019-12-16,7.66,7.94,7.49,7.7,7.7,1738900.0,1738900.0,0.04,0.522,7.71,"December 16, 19",0.00522
0,2019-12-13,7.88,7.88,7.5,7.57,7.57,1773100.0,1773100.0,-0.31,-3.934,7.65,"December 13, 19",-0.03934
0,2019-12-12,7.64,7.97,7.64,7.86,7.86,1790000.0,1790000.0,0.22,2.88,7.82333,"December 12, 19",0.0288
0,2019-12-11,8.04,8.1,7.61,7.66,7.66,2576700.0,2576700.0,-0.38,-4.726,7.79,"December 11, 19",-0.04726
0,2019-12-10,8.13,8.23,7.99,8.08,8.08,1337100.0,1337100.0,-0.05,-0.615,8.1,"December 10, 19",-0.00615
0,2019-12-09,8.2,8.33,8.0,8.1,8.1,881300.0,881300.0,-0.1,-1.22,8.14333,"December 09, 19",-0.0122
0,2019-12-06,8.13,8.47,8.11,8.29,8.29,1278700.0,1278700.0,0.16,1.968,8.29,"December 06, 19",0.01968
0,2019-12-05,8.46,8.53,7.91,8.04,8.04,2328600.0,2328600.0,-0.42,-4.965,8.16,"December 05, 19",-0.04965
0,2019-12-04,8.63,8.75,8.42,8.44,8.44,1151200.0,1151200.0,-0.19,-2.202,8.53667,"December 04, 19",-0.02202
0,2019-12-03,8.57,8.7,8.43,8.61,8.61,1064000.0,1064000.0,0.04,0.467,8.58,"December 03, 19",0.00467
0,2019-12-02,9.14,9.17,8.61,8.81,8.81,1441400.0,1441400.0,-0.33,-3.611,8.86333,"December 02, 19",-0.03611
0,2019-11-29,9.2,9.33,9.06,9.06,9.06,593700.0,593700.0,-0.14,-1.522,9.15,"November 29, 19",-0.01522
0,2019-11-27,9.6,9.78,9.28,9.3,9.3,2045400.0,2045400.0,-0.3,-3.125,9.45333,"November 27, 19",-0.03125
0,2019-11-26,9.5,9.65,9.41,9.57,9.57,1733200.0,1733200.0,0.07,0.737,9.54333,"November 26, 19",0.00737
0,2019-11-25,9.64,9.82,9.52,9.54,9.54,1352200.0,1352200.0,-0.1,-1.037,9.62667,"November 25, 19",-0.01037
0,2019-11-22,9.6,9.8,9.48,9.61,9.61,909600.0,909600.0,0.01,0.104,9.63,"November 22, 19",0.00104
0,2019-11-21,9.6,9.88,9.43,9.6,9.6,923600.0,923600.0,0.0,0.0,9.63667,"November 21, 19",0.0
0,2019-11-20,9.8,9.93,9.37,9.68,9.68,1491300.0,1491300.0,-0.12,-1.224,9.66,"November 20, 19",-0.01224
0,2019-11-19,10.01,10.1,9.6,9.94,9.94,1184300.0,1184300.0,-0.07,-0.699,9.88,"November 19, 19",-0.00699
0,2019-11-18,10.0,10.4,9.9,9.96,9.96,1324300.0,1324300.0,-0.04,-0.4,10.08667,"November 18, 19",-0.004
0,2019-11-15,9.6,9.93,9.36,9.9,9.9,1478000.0,1478000.0,0.3,3.125,9.73,"November 15, 19",0.03125
0,2019-11-14,9.58,9.97,9.51,9.6,9.6,1479300.0,1479300.0,0.02,0.209,9.69333,"November 14, 19",0.00209
0,2019-11-13,9.87,9.87,9.5,9.6,9.6,1160800.0,1160800.0,-0.27,-2.736,9.65667,"November 13, 19",-0.02736
0,2019-11-12,9.65,10.22,9.54,9.97,9.97,1956100.0,1956100.0,0.32,3.316,9.91,"November 12, 19",0.03316
0,2019-11-11,9.91,10.05,9.45,9.64,9.64,1664200.0,1664200.0,-0.27,-2.725,9.71333,"November 11, 19",-0.02725
0,2019-11-08,10.35,10.41,9.8,9.84,9.84,1955500.0,1955500.0,-0.51,-4.928,10.01667,"November 08, 19",-0.04928
0,2019-11-07,10.75,10.92,10.26,10.35,10.35,1441600.0,1441600.0,-0.4,-3.721,10.51,"November 07, 19",-0.03721
0,2019-11-06,10.93,11.01,10.52,10.62,10.62,1383200.0,1383200.0,-0.31,-2.836,10.71667,"November 06, 19",-0.02836
0,2019-11-05,11.25,11.58,10.57,11.01,11.01,4321300.0,4321300.0,-0.24,-2.133,11.05333,"November 05, 19",-0.02133
0,2019-11-04,10.03,11.43,10.02,11.13,11.13,4737100.0,4737100.0,1.1,10.967,10.86,"November 04, 19",0.10967
0,2019-11-01,9.2,10.2,9.2,9.92,9.92,4209500.0,4209500.0,0.72,7.826,9.77333,"November 01, 19",0.07826
0,2019-10-31,9.31,9.33,9.02,9.2,9.2,1478800.0,1478800.0,-0.11,-1.182,9.18333,"October 31, 19",-0.01182
0,2019-10-30,9.13,9.44,9.1,9.33,9.33,1351400.0,1351400.0,0.2,2.191,9.29,"October 30, 19",0.02191
0,2019-10-29,9.08,9.49,8.95,9.17,9.17,2117800.0,2117800.0,0.09,0.991,9.20333,"October 29, 19",0.00991
0,2019-10-28,8.63,9.25,8.6,9.06,9.06,2331600.0,2331600.0,0.43,4.983,8.97,"October 28, 19",0.04983
0,2019-10-25,8.11,8.54,8.06,8.53,8.53,1515900.0,1515900.0,0.42,5.179,8.37667,"October 25, 19",0.05179
0,2019-10-24,8.54,8.63,8.02,8.15,8.15,2017400.0,2017400.0,-0.39,-4.567,8.26667,"October 24, 19",-0.04567
0,2019-10-23,8.87,8.91,8.5,8.56,8.56,1305400.0,1305400.0,-0.31,-3.495,8.65667,"October 23, 19",-0.03495
0,2019-10-22,8.89,9.0,8.74,8.8,8.8,2154100.0,2154100.0,-0.09,-1.012,8.84667,"October 22, 19",-0.01012
0,2019-10-21,9.04,9.13,8.74,8.89,8.89,2615700.0,2615700.0,-0.15,-1.659,8.92,"October 21, 19",-0.01659
0,2019-10-18,8.8,8.99,8.63,8.92,8.92,2100600.0,2100600.0,0.12,1.364,8.84667,"October 18, 19",0.01364
0,2019-10-17,8.95,9.04,8.65,8.87,8.87,3237000.0,3237000.0,-0.08,-0.894,8.85333,"October 17, 19",-0.00894
0,2019-10-16,9.18,9.45,8.58,8.87,8.87,3233000.0,3233000.0,-0.31,-3.377,8.96667,"October 16, 19",-0.03377
0,2019-10-15,9.26,9.64,9.16,9.21,9.21,3279300.0,3279300.0,-0.05,-0.54,9.33667,"October 15, 19",-0.0054
0,2019-10-14,9.17,9.39,9.07,9.22,9.22,2299000.0,2299000.0,0.05,0.545,9.22667,"October 14, 19",0.00545
0,2019-10-11,8.81,9.36,8.72,9.13,9.13,4013200.0,4013200.0,0.32,3.632,9.07,"October 11, 19",0.03632
0,2019-10-10,8.2,8.58,8.16,8.57,8.57,2515100.0,2515100.0,0.37,4.512,8.43667,"October 10, 19",0.04512
0,2019-10-09,8.17,8.68,8.15,8.2,8.2,2672500.0,2672500.0,0.03,0.367,8.34333,"October 09, 19",0.00367
0,2019-10-08,8.01,8.32,7.87,8.15,8.15,1960500.0,1960500.0,0.14,1.748,8.11333,"October 08, 19",0.01748
0,2019-10-07,7.53,8.26,7.3,8.1,8.1,3285200.0,3285200.0,0.57,7.57,7.88667,"October 07, 19",0.0757
0,2019-10-04,7.1,7.61,7.01,7.59,7.59,3002900.0,3002900.0,0.49,6.901,7.40333,"October 04, 19",0.06901
0,2019-10-03,6.75,7.66,6.59,7.02,7.02,3912100.0,3912100.0,0.27,4.0,7.09,"October 03, 19",0.04
0,2019-10-02,6.93,6.93,6.59,6.86,6.86,2524800.0,2524800.0,-0.07,-1.01,6.79333,"October 02, 19",-0.0101
0,2019-10-01,7.1,7.11,6.75,6.94,6.94,2125300.0,2125300.0,-0.16,-2.254,6.93333,"October 01, 19",-0.02254
0,2019-09-30,7.28,7.4,6.81,6.95,6.95,2394100.0,2394100.0,-0.33,-4.533,7.05333,"September 30, 19",-0.04533
0,2019-09-27,7.79,7.94,7.0,7.28,7.28,4796400.0,4796400.0,-0.51,-6.547,7.40667,"September 27, 19",-0.06547
0,2019-09-26,8.4,9.96,7.69,7.83,7.83,19013100.0,19013100.0,-0.57,-6.786,8.49333,"September 26, 19",-0.06786
0,2019-09-25,7.98,8.19,7.56,7.69,7.69,2872600.0,2872600.0,-0.29,-3.634,7.81333,"September 25, 19",-0.03634
0,2019-09-24,7.84,8.37,7.71,8.0,8.0,2531100.0,2531100.0,0.16,2.041,8.02667,"September 24, 19",0.02041
0,2019-09-23,7.33,7.89,7.2,7.84,7.84,2153400.0,2153400.0,0.51,6.958,7.64333,"September 23, 19",0.06958
0,2019-09-20,7.2,7.5,7.12,7.4,7.4,2275100.0,2275100.0,0.2,2.778,7.34,"September 20, 19",0.02778
0,2019-09-19,6.89,7.5,6.71,7.2,7.2,2631600.0,2631600.0,0.31,4.499,7.13667,"September 19, 19",0.04499
0,2019-09-18,7.11,7.2,6.63,6.9,6.9,2738000.0,2738000.0,-0.21,-2.954,6.91,"September 18, 19",-0.02954
0,2019-09-17,7.5,7.5,6.98,7.08,7.08,2029700.0,2029700.0,-0.42,-5.6,7.18667,"September 17, 19",-0.056
0,2019-09-16,7.71,7.81,7.43,7.51,7.51,1855600.0,1855600.0,-0.2,-2.594,7.58333,"September 16, 19",-0.02594
0,2019-09-13,7.71,8.09,7.31,7.81,7.81,2633600.0,2633600.0,0.1,1.297,7.73667,"September 13, 19",0.01297
0,2019-09-12,9.16,9.16,7.35,7.62,7.62,6138700.0,6138700.0,-1.54,-16.812,8.04333,"September 12, 19",-0.16812
0,2019-09-11,9.03,9.9,8.57,9.68,9.68,4320600.0,4320600.0,0.65,7.198,9.38333,"September 11, 19",0.07198
0,2019-09-10,8.19,9.22,8.09,9.05,9.05,4055600.0,4055600.0,0.86,10.501,8.78667,"September 10, 19",0.10501
0,2019-09-09,7.19,8.27,7.19,8.22,8.22,2728300.0,2728300.0,1.03,14.325,7.89333,"September 09, 19",0.14325
0,2019-09-06,7.07,7.29,6.9,7.13,7.13,1500400.0,1500400.0,0.06,0.849,7.10667,"September 06, 19",0.00849
0,2019-09-05,6.84,7.07,6.81,7.02,7.02,2509600.0,2509600.0,0.18,2.632,6.96667,"September 05, 19",0.02632
0,2019-09-04,6.46,6.83,6.44,6.76,6.76,1410600.0,1410600.0,0.3,4.644,6.67667,"September 04, 19",0.04644
0,2019-09-03,6.35,6.43,6.09,6.4,6.4,1963600.0,1963600.0,0.05,0.787,6.30667,"September 03, 19",0.00787
0,2019-08-30,5.9,6.47,5.76,6.46,6.46,3841400.0,3841400.0,0.56,9.492,6.23,"August 30, 19",0.09492
0,2019-08-29,5.55,5.99,5.5,5.76,5.76,2243100.0,2243100.0,0.21,3.784,5.75,"August 29, 19",0.03784
0,2019-08-28,5.12,5.47,5.1,5.43,5.43,1343900.0,1343900.0,0.31,6.055,5.33333,"August 28, 19",0.06055
0,2019-08-27,5.41,5.43,5.04,5.18,5.18,1869900.0,1869900.0,-0.23,-4.251,5.21667,"August 27, 19",-0.04251
0,2019-08-26,5.34,5.43,5.25,5.38,5.38,764000.0,764000.0,0.04,0.749,5.35333,"August 26, 19",0.00749
0,2019-08-23,5.6,5.65,5.3,5.31,5.31,2215900.0,2215900.0,-0.29,-5.179,5.42,"August 23, 19",-0.05179
0,2019-08-22,5.6,5.79,5.55,5.65,5.65,1100900.0,1100900.0,0.05,0.893,5.66333,"August 22, 19",0.00893
0,2019-08-21,5.67,5.77,5.47,5.59,5.59,1165100.0,1165100.0,-0.08,-1.411,5.61,"August 21, 19",-0.01411
0,2019-08-20,5.79,5.85,5.46,5.62,5.62,1511600.0,1511600.0,-0.17,-2.936,5.64333,"August 20, 19",-0.02936
0,2019-08-19,5.71,6.03,5.68,5.78,5.78,1041200.0,1041200.0,0.07,1.226,5.83,"August 19, 19",0.01226
0,2019-08-16,5.39,5.74,5.21,5.67,5.67,1845300.0,1845300.0,0.28,5.195,5.54,"August 16, 19",0.05195
0,2019-08-15,5.87,5.9,5.27,5.36,5.36,3116600.0,3116600.0,-0.51,-8.688,5.51,"August 15, 19",-0.08688
0,2019-08-14,6.52,6.54,5.75,5.81,5.81,5538600.0,5538600.0,-0.71,-10.89,6.03333,"August 14, 19",-0.1089
0,2019-08-13,6.94,7.17,6.55,6.55,6.55,2726500.0,2726500.0,-0.39,-5.62,6.75667,"August 13, 19",-0.0562
0,2019-08-12,7.33,7.49,6.95,7.02,7.02,1429000.0,1429000.0,-0.31,-4.229,7.15333,"August 12, 19",-0.04229
0,2019-08-09,7.32,7.36,7.09,7.19,7.19,894900.0,894900.0,-0.13,-1.776,7.21333,"August 09, 19",-0.01776
0,2019-08-08,7.13,7.42,7.04,7.4,7.4,1302200.0,1302200.0,0.27,3.787,7.28667,"August 08, 19",0.03787
0,2019-08-07,6.7,7.13,6.55,7.07,7.07,1363000.0,1363000.0,0.37,5.522,6.91667,"August 07, 19",0.05522
0,2019-08-06,6.93,7.0,6.53,6.8,6.8,1946600.0,1946600.0,-0.13,-1.876,6.77667,"August 06, 19",-0.01876
0,2019-08-05,6.85,6.99,6.67,6.88,6.88,1405700.0,1405700.0,0.03,0.438,6.84667,"August 05, 19",0.00438
0,2019-08-02,6.83,7.04,6.75,6.99,6.99,1075200.0,1075200.0,0.16,2.343,6.92667,"August 02, 19",0.02343
0,2019-08-01,6.93,7.24,6.61,6.94,6.94,2392400.0,2392400.0,0.01,0.144,6.93,"August 01, 19",0.00144
0,2019-07-31,6.9,7.24,6.85,6.97,6.97,1826300.0,1826300.0,0.07,1.014,7.02,"July 31, 19",0.01014
0,2019-07-30,6.65,6.9,6.58,6.89,6.89,1267400.0,1267400.0,0.24,3.609,6.79,"July 30, 19",0.03609
0,2019-07-29,6.72,6.92,6.52,6.72,6.72,953000.0,953000.0,0.0,0.0,6.72,"July 29, 19",0.0
0,2019-07-26,6.61,6.83,6.52,6.69,6.69,1653100.0,1653100.0,0.08,1.21,6.68,"July 26, 19",0.0121
0,2019-07-25,6.74,6.88,6.42,6.56,6.56,1634900.0,1634900.0,-0.18,-2.671,6.62,"July 25, 19",-0.02671
0,2019-07-24,6.51,6.75,6.46,6.73,6.73,1785600.0,1785600.0,0.22,3.379,6.64667,"July 24, 19",0.03379
0,2019-07-23,6.31,6.58,6.26,6.51,6.51,2145600.0,2145600.0,0.2,3.17,6.45,"July 23, 19",0.0317
0,2019-07-22,6.8,6.94,6.12,6.31,6.31,4288500.0,4288500.0,-0.49,-7.206,6.45667,"July 22, 19",-0.07206
0,2019-07-19,7.25,7.37,6.79,6.79,6.79,3844100.0,3844100.0,-0.46,-6.345,6.98333,"July 19, 19",-0.06345
0,2019-07-18,7.76,7.83,7.15,7.19,7.19,3232900.0,3232900.0,-0.57,-7.345,7.39,"July 18, 19",-0.07345
0,2019-07-17,8.29,8.41,7.76,7.79,7.79,2893600.0,2893600.0,-0.5,-6.031,7.98667,"July 17, 19",-0.06031
0,2019-07-16,8.38,8.53,8.06,8.37,8.37,2683800.0,2683800.0,-0.01,-0.119,8.32,"July 16, 19",-0.00119
0,2019-07-15,8.88,9.05,8.34,8.43,8.43,3130600.0,3130600.0,-0.45,-5.068,8.60667,"July 15, 19",-0.05068
0,2019-07-12,9.13,9.4,8.65,8.81,8.81,3367500.0,3367500.0,-0.32,-3.505,8.95333,"July 12, 19",-0.03505
0,2019-07-11,9.64,9.96,9.04,9.04,9.04,4457300.0,4457300.0,-0.6,-6.224,9.34667,"July 11, 19",-0.06224
0,2019-07-10,9.11,9.42,9.06,9.24,9.24,2501400.0,2501400.0,0.13,1.427,9.24,"July 10, 19",0.01427
0,2019-07-09,9.08,9.35,8.95,9.11,9.11,1983000.0,1983000.0,0.03,0.33,9.13667,"July 09, 19",0.0033
0,2019-07-08,9.09,9.63,8.99,9.06,9.06,4212700.0,4212700.0,-0.03,-0.33,9.22667,"July 08, 19",-0.0033
0,2019-07-05,8.59,9.18,8.41,9.11,9.11,2732700.0,2732700.0,0.52,6.054,8.9,"July 05, 19",0.06054
0,2019-07-03,8.65,8.75,8.53,8.61,8.61,1586300.0,1586300.0,-0.04,-0.462,8.63,"July 03, 19",-0.00462
0,2019-07-02,8.58,8.76,8.3,8.6,8.6,2380600.0,2380600.0,0.02,0.233,8.55333,"July 02, 19",0.00233
0,2019-07-01,8.01,8.85,8.01,8.58,8.58,3860300.0,3860300.0,0.57,7.116,8.48,"July 01, 19",0.07116
0,2019-06-28,8.5,8.62,7.73,8.01,8.01,7212700.0,7212700.0,-0.49,-5.765,8.12,"June 28, 19",-0.05765
0,2019-06-27,7.04,9.69,6.95,8.57,8.57,16257700.0,16257700.0,1.53,21.733,8.40333,"June 27, 19",0.21733
0,2019-06-26,6.93,7.13,6.5,7.11,7.11,3127100.0,3127100.0,0.18,2.597,6.91333,"June 26, 19",0.02597
0,2019-06-25,6.26,6.96,6.14,6.85,6.85,3138000.0,3138000.0,0.59,9.425,6.65,"June 25, 19",0.09425
0,2019-06-24,6.7,6.7,6.25,6.3,6.3,2702000.0,2702000.0,-0.4,-5.97,6.41667,"June 24, 19",-0.0597
0,2019-06-21,6.71,6.72,6.36,6.67,6.67,4426800.0,4426800.0,-0.04,-0.596,6.58333,"June 21, 19",-0.00596
0,2019-06-20,6.8,6.88,6.64,6.7,6.7,1935900.0,1935900.0,-0.1,-1.471,6.74,"June 20, 19",-0.01471
0,2019-06-19,6.88,7.07,6.73,6.75,6.75,2241900.0,2241900.0,-0.13,-1.89,6.85,"June 19, 19",-0.0189
0,2019-06-18,6.93,6.98,6.61,6.89,6.89,2807600.0,2807600.0,-0.04,-0.577,6.82667,"June 18, 19",-0.00577
0,2019-06-17,7.06,7.1,6.77,6.86,6.86,1860100.0,1860100.0,-0.2,-2.833,6.91,"June 17, 19",-0.02833
0,2019-06-14,7.09,7.16,6.9,7.06,7.06,986700.0,986700.0,-0.03,-0.423,7.04,"June 14, 19",-0.00423
0,2019-06-13,6.94,7.14,6.81,7.12,7.12,1402000.0,1402000.0,0.18,2.594,7.02333,"June 13, 19",0.02594
0,2019-06-12,7.17,7.21,6.73,6.91,6.91,2135800.0,2135800.0,-0.26,-3.626,6.95,"June 12, 19",-0.03626
0,2019-06-11,7.6,7.69,7.13,7.17,7.17,2093400.0,2093400.0,-0.43,-5.658,7.33,"June 11, 19",-0.05658
0,2019-06-10,7.75,8.03,7.48,7.5,7.5,2072300.0,2072300.0,-0.25,-3.226,7.67,"June 10, 19",-0.03226
0,2019-06-07,7.76,7.85,7.5,7.76,7.76,1334500.0,1334500.0,0.0,0.0,7.70333,"June 07, 19",0.0
0,2019-06-06,7.79,7.93,7.45,7.76,7.76,1203500.0,1203500.0,-0.03,-0.385,7.71333,"June 06, 19",-0.00385
0,2019-06-05,8.39,8.44,7.62,7.84,7.84,2360200.0,2360200.0,-0.55,-6.555,7.96667,"June 05, 19",-0.06555
0,2019-06-04,7.82,8.8,7.79,8.38,8.38,2881900.0,2881900.0,0.56,7.161,8.32333,"June 04, 19",0.07161
0,2019-06-03,7.61,7.92,7.56,7.67,7.67,1636000.0,1636000.0,0.06,0.788,7.71667,"June 03, 19",0.00788
0,2019-05-31,7.65,7.69,7.25,7.66,7.66,2174700.0,2174700.0,0.01,0.131,7.53333,"May 31, 19",0.00131
0,2019-05-30,7.25,7.81,7.24,7.77,7.77,1650700.0,1650700.0,0.52,7.172,7.60667,"May 30, 19",0.07172
0,2019-05-29,7.48,7.48,7.03,7.24,7.24,2559600.0,2559600.0,-0.24,-3.209,7.25,"May 29, 19",-0.03209
0,2019-05-28,7.35,7.59,7.22,7.59,7.59,2522800.0,2522800.0,0.24,3.265,7.46667,"May 28, 19",0.03265
0,2019-05-24,7.55,7.96,7.31,7.34,7.34,2347800.0,2347800.0,-0.21,-2.781,7.53667,"May 24, 19",-0.02781
0,2019-05-23,8.02,8.03,7.36,7.45,7.45,2508000.0,2508000.0,-0.57,-7.107,7.61333,"May 23, 19",-0.07107
0,2019-05-22,8.7,8.74,8.09,8.1,8.1,2000700.0,2000700.0,-0.6,-6.897,8.31,"May 22, 19",-0.06897
0,2019-05-21,9.07,9.15,8.71,8.74,8.74,1238300.0,1238300.0,-0.33,-3.638,8.86667,"May 21, 19",-0.03638
0,2019-05-20,9.06,9.15,8.7,9.02,9.02,1236300.0,1236300.0,-0.04,-0.442,8.95667,"May 20, 19",-0.00442
0,2019-05-17,9.13,9.55,9.08,9.13,9.13,1954900.0,1954900.0,0.0,0.0,9.25333,"May 17, 19",0.0
0,2019-05-16,8.96,9.45,8.96,9.17,9.17,1621200.0,1621200.0,0.21,2.344,9.19333,"May 16, 19",0.02344
0,2019-05-15,8.7,8.97,8.3,8.95,8.95,1939000.0,1939000.0,0.25,2.874,8.74,"May 15, 19",0.02874
0,2019-05-14,8.26,8.97,8.21,8.79,8.79,2185300.0,2185300.0,0.53,6.416,8.65667,"May 14, 19",0.06416
0,2019-05-13,7.83,8.28,7.71,8.24,8.24,2220100.0,2220100.0,0.41,5.236,8.07667,"May 13, 19",0.05236
0,2019-05-10,7.9,8.13,7.83,7.99,7.99,1785800.0,1785800.0,0.09,1.139,7.98333,"May 10, 19",0.01139
0,2019-05-09,8.02,8.05,7.36,7.9,7.9,3975500.0,3975500.0,-0.12,-1.496,7.77,"May 09, 19",-0.01496
0,2019-05-08,8.06,8.26,8.05,8.09,8.09,1768800.0,1768800.0,0.03,0.372,8.13333,"May 08, 19",0.00372
0,2019-05-07,8.39,8.5,7.97,8.13,8.13,2162200.0,2162200.0,-0.26,-3.099,8.2,"May 07, 19",-0.03099
0,2019-05-06,8.62,8.62,8.41,8.5,8.5,1622400.0,1622400.0,-0.12,-1.392,8.51,"May 06, 19",-0.01392
0,2019-05-03,8.77,8.9,8.73,8.77,8.77,1440400.0,1440400.0,0.0,0.0,8.8,"May 03, 19",0.0
0,2019-05-02,8.88,8.95,8.72,8.8,8.8,1503200.0,1503200.0,-0.08,-0.901,8.82333,"May 02, 19",-0.00901
0,2019-05-01,9.04,9.24,8.85,8.88,8.88,2148000.0,2148000.0,-0.16,-1.77,8.99,"May 01, 19",-0.0177
0,2019-04-30,9.15,9.2,9.0,9.16,9.16,1230600.0,1230600.0,0.01,0.109,9.12,"April 30, 19",0.00109
0,2019-04-29,9.04,9.2,8.99,9.06,9.06,1201600.0,1201600.0,0.02,0.221,9.08333,"April 29, 19",0.00221
0,2019-04-26,8.94,9.16,8.87,9.08,9.08,1473200.0,1473200.0,0.14,1.566,9.03667,"April 26, 19",0.01566
0,2019-04-25,9.42,9.5,8.96,8.99,8.99,2370500.0,2370500.0,-0.43,-4.565,9.15,"April 25, 19",-0.04565
0,2019-04-24,9.66,10.17,9.55,9.62,9.62,2021300.0,2021300.0,-0.04,-0.414,9.78,"April 24, 19",-0.00414
0,2019-04-23,10.46,10.46,9.55,9.92,9.92,4053800.0,4053800.0,-0.54,-5.163,9.97667,"April 23, 19",-0.05163
0,2019-04-22,9.04,11.37,8.97,10.75,10.75,3697600.0,3697600.0,1.71,18.916,10.36333,"April 22, 19",0.18916
0,2019-04-18,9.2,9.8,8.8,9.8,9.8,36941700.0,36941700.0,0.6,6.522,9.46667,"April 18, 19",0.06522
0,2019-04-17,9.0,9.8,8.6,9.6,9.6,33132300.0,33132300.0,0.6,6.667,9.33333,"April 17, 19",0.06667
0,2019-04-16,8.8,9.6,8.8,9.0,9.0,26094500.0,26094500.0,0.2,2.273,9.13333,"April 16, 19",0.02273
0,2019-04-15,10.0,10.0,8.8,8.8,8.8,32839400.0,32839400.0,-1.2,-12.0,9.2,"April 15, 19",-0.12
0,2019-04-12,10.2,10.4,10.0,10.0,10.0,16128700.0,16128700.0,-0.2,-1.961,10.13333,"April 12, 19",-0.01961
0,2019-04-11,11.2,11.2,9.8,10.2,10.2,62464000.0,62464000.0,-1.0,-8.929,10.4,"April 11, 19",-0.08929
0,2019-04-10,11.4,11.4,10.8,11.4,11.4,27412200.0,27412200.0,0.0,0.0,11.2,"April 10, 19",0.0
0,2019-04-09,11.2,11.2,11.0,11.2,11.2,11865500.0,11865500.0,0.0,0.0,11.13333,"April 09, 19",0.0
0,2019-04-08,12.0,12.0,11.0,11.4,11.4,18101900.0,18101900.0,-0.6,-5.0,11.46667,"April 08, 19",-0.05
0,2019-04-05,11.2,11.8,11.0,11.6,11.6,20433100.0,20433100.0,0.4,3.571,11.46667,"April 05, 19",0.03571
0,2019-04-04,11.0,11.4,10.2,11.0,11.0,31537800.0,31537800.0,0.0,0.0,10.86667,"April 04, 19",0.0
0,2019-04-03,11.6,11.6,10.8,10.8,10.8,27923700.0,27923700.0,-0.8,-6.897,11.06667,"April 03, 19",-0.06897
0,2019-04-02,12.4,12.4,11.2,11.4,11.4,37217600.0,37217600.0,-1.0,-8.065,11.66667,"April 02, 19",-0.08065
0,2019-04-01,13.0,13.0,12.4,12.4,12.4,13577800.0,13577800.0,-0.6,-4.615,12.6,"April 01, 19",-0.04615
0,2019-03-29,13.2,13.2,12.6,12.8,12.8,16351900.0,16351900.0,-0.4,-3.03,12.86667,"March 29, 19",-0.0303
0,2019-03-28,13.2,13.4,13.0,13.0,13.0,9594000.0,9594000.0,-0.2,-1.515,13.13333,"March 28, 19",-0.01515
0,2019-03-27,13.0,14.0,12.4,12.8,12.8,22904500.0,22904500.0,-0.2,-1.538,13.06667,"March 27, 19",-0.01538
0,2019-03-26,13.0,13.6,13.0,13.4,13.4,10388100.0,10388100.0,0.4,3.077,13.33333,"March 26, 19",0.03077
0,2019-03-25,13.8,13.8,12.6,13.0,13.0,15935600.0,15935600.0,-0.8,-5.797,13.13333,"March 25, 19",-0.05797
0,2019-03-22,14.0,14.0,13.4,13.4,13.4,10133200.0,10133200.0,-0.6,-4.286,13.6,"March 22, 19",-0.04286
0,2019-03-21,13.8,14.0,13.2,14.0,14.0,13069000.0,13069000.0,0.2,1.449,13.73333,"March 21, 19",0.01449
0,2019-03-20,14.0,14.0,13.8,14.0,14.0,8295200.0,8295200.0,0.0,0.0,13.93333,"March 20, 19",0.0
0,2019-03-19,14.2,14.2,14.0,14.0,14.0,5848700.0,5848700.0,-0.2,-1.408,14.06667,"March 19, 19",-0.01408
0,2019-03-18,14.0,14.0,13.8,14.0,14.0,16344400.0,16344400.0,0.0,0.0,13.93333,"March 18, 19",0.0
0,2019-03-15,14.6,14.6,13.4,13.8,13.8,43047200.0,43047200.0,-0.8,-5.479,13.93333,"March 15, 19",-0.05479
0,2019-03-14,14.4,14.6,14.0,14.6,14.6,15829700.0,15829700.0,0.2,1.389,14.4,"March 14, 19",0.01389
0,2019-03-13,15.0,15.0,13.8,14.4,14.4,41631900.0,41631900.0,-0.6,-4.0,14.4,"March 13, 19",-0.04
0,2019-03-12,13.8,13.8,13.2,13.6,13.6,13277900.0,13277900.0,-0.2,-1.449,13.53333,"March 12, 19",-0.01449
0,2019-03-11,13.8,14.0,13.4,13.8,13.8,11837700.0,11837700.0,0.0,0.0,13.73333,"March 11, 19",0.0
0,2019-03-08,13.4,14.2,13.2,13.8,13.8,16182700.0,16182700.0,0.4,2.985,13.73333,"March 08, 19",0.02985
0,2019-03-07,13.0,13.6,12.8,13.4,13.4,646600.0,646600.0,0.4,3.077,13.26667,"March 07, 19",0.03077
0,2019-03-06,13.6,13.6,12.6,13.0,13.0,994300.0,994300.0,-0.6,-4.412,13.06667,"March 06, 19",-0.04412
0,2019-03-05,13.8,14.0,13.4,13.6,13.6,550400.0,550400.0,-0.2,-1.449,13.66667,"March 05, 19",-0.01449
0,2019-03-04,14.6,14.8,13.6,13.8,13.8,974500.0,974500.0,-0.8,-5.479,14.06667,"March 04, 19",-0.05479
0,2019-03-01,15.0,15.2,14.4,14.6,14.6,463000.0,463000.0,-0.4,-2.667,14.73333,"March 01, 19",-0.02667
0,2019-02-28,15.2,15.2,14.6,14.8,14.8,436700.0,436700.0,-0.4,-2.632,14.86667,"February 28, 19",-0.02632
0,2019-02-27,15.0,15.6,15.0,15.2,15.2,358200.0,358200.0,0.2,1.333,15.26667,"February 27, 19",0.01333
0,2019-02-26,15.6,15.6,15.0,15.0,15.0,306900.0,306900.0,-0.6,-3.846,15.2,"February 26, 19",-0.03846
0,2019-02-25,15.0,15.6,15.0,15.4,15.4,476100.0,476100.0,0.4,2.667,15.33333,"February 25, 19",0.02667
0,2019-02-22,14.8,15.0,14.4,14.8,14.8,496400.0,496400.0,0.0,0.0,14.73333,"February 22, 19",0.0
0,2019-02-21,15.6,15.6,14.8,15.0,15.0,540200.0,540200.0,-0.6,-3.846,15.13333,"February 21, 19",-0.03846
0,2019-02-20,15.6,15.8,15.2,15.4,15.4,438900.0,438900.0,-0.2,-1.282,15.46667,"February 20, 19",-0.01282
0,2019-02-19,16.0,16.0,15.4,15.6,15.6,430700.0,430700.0,-0.4,-2.5,15.66667,"February 19, 19",-0.025
0,2019-02-15,15.8,16.2,15.8,16.0,16.0,477200.0,477200.0,0.2,1.266,16.0,"February 15, 19",0.01266
0,2019-02-14,15.8,16.0,15.6,15.6,15.6,243100.0,243100.0,-0.2,-1.266,15.73333,"February 14, 19",-0.01266
0,2019-02-13,16.0,16.4,15.8,16.0,16.0,636100.0,636100.0,0.0,0.0,16.06667,"February 13, 19",0.0
0,2019-02-12,16.0,16.2,15.6,15.8,15.8,440500.0,440500.0,-0.2,-1.25,15.86667,"February 12, 19",-0.0125
0,2019-02-11,15.6,16.2,15.4,15.8,15.8,594600.0,594600.0,0.2,1.282,15.8,"February 11, 19",0.01282
0,2019-02-08,15.8,16.0,15.4,15.6,15.6,462200.0,462200.0,-0.2,-1.266,15.66667,"February 08, 19",-0.01266
0,2019-02-07,15.8,16.0,15.4,15.8,15.8,350700.0,350700.0,0.0,0.0,15.73333,"February 07, 19",0.0
0,2019-02-06,15.8,16.4,15.4,16.0,16.0,491700.0,491700.0,0.2,1.266,15.93333,"February 06, 19",0.01266
0,2019-02-05,15.6,16.6,15.4,15.8,15.8,877600.0,877600.0,0.2,1.282,15.93333,"February 05, 19",0.01282
0,2019-02-04,15.2,15.6,14.6,15.4,15.4,1027900.0,1027900.0,0.2,1.316,15.2,"February 04, 19",0.01316
0,2019-02-01,16.2,16.2,15.0,15.0,15.0,1222200.0,1222200.0,-1.2,-7.407,15.4,"February 01, 19",-0.07407
0,2019-01-31,16.6,16.8,15.6,16.0,16.0,895600.0,895600.0,-0.6,-3.614,16.13333,"January 31, 19",-0.03614
0,2019-01-30,17.2,17.6,16.0,16.6,16.6,940300.0,940300.0,-0.6,-3.488,16.73333,"January 30, 19",-0.03488
0,2019-01-29,18.2,18.2,17.0,17.2,17.2,820400.0,820400.0,-1.0,-5.495,17.46667,"January 29, 19",-0.05495
0,2019-01-28,18.0,18.6,16.6,18.4,18.4,1016100.0,1016100.0,0.4,2.222,17.86667,"January 28, 19",0.02222
0,2019-01-25,19.0,19.2,18.4,19.0,19.0,700300.0,700300.0,0.0,0.0,18.86667,"January 25, 19",0.0
0,2019-01-24,19.0,19.2,18.6,19.0,19.0,427600.0,427600.0,0.0,0.0,18.93333,"January 24, 19",0.0
0,2019-01-23,19.0,19.4,18.8,19.0,19.0,501200.0,501200.0,0.0,0.0,19.06667,"January 23, 19",0.0
0,2019-01-22,19.8,20.0,18.2,18.6,18.6,778600.0,778600.0,-1.2,-6.061,18.93333,"January 22, 19",-0.06061
0,2019-01-18,18.2,19.8,17.8,19.4,19.4,829300.0,829300.0,1.2,6.593,19.0,"January 18, 19",0.06593
0,2019-01-17,17.8,18.0,17.4,18.0,18.0,517400.0,517400.0,0.2,1.124,17.8,"January 17, 19",0.01124
0,2019-01-16,18.0,18.0,17.2,17.8,17.8,591900.0,591900.0,-0.2,-1.111,17.66667,"January 16, 19",-0.01111
0,2019-01-15,16.4,17.8,16.2,17.8,17.8,753500.0,753500.0,1.4,8.537,17.26667,"January 15, 19",0.08537
0,2019-01-14,16.2,16.4,16.0,16.2,16.2,316000.0,316000.0,0.0,0.0,16.2,"January 14, 19",0.0
0,2019-01-11,15.8,16.6,15.6,16.2,16.2,640200.0,640200.0,0.4,2.532,16.13333,"January 11, 19",0.02532
0,2019-01-10,16.0,16.2,15.2,16.0,16.0,739900.0,739900.0,0.0,0.0,15.8,"January 10, 19",0.0
0,2019-01-09,16.6,16.6,16.0,16.2,16.2,377900.0,377900.0,-0.4,-2.41,16.26667,"January 09, 19",-0.0241
0,2019-01-08,17.0,17.2,16.0,16.2,16.2,788200.0,788200.0,-0.8,-4.706,16.46667,"January 08, 19",-0.04706
0,2019-01-07,15.6,16.8,15.2,16.8,16.8,827500.0,827500.0,1.2,7.692,16.26667,"January 07, 19",0.07692
0,2019-01-04,15.2,16.4,15.2,15.4,15.4,809200.0,809200.0,0.2,1.316,15.66667,"January 04, 19",0.01316
0,2019-01-03,15.4,16.0,14.6,15.0,15.0,729100.0,729100.0,-0.4,-2.597,15.2,"January 03, 19",-0.02597
0,2019-01-02,14.0,15.6,14.0,15.4,15.4,842100.0,842100.0,1.4,10.0,15.0,"January 02, 19",0.1
0,2018-12-31,14.6,14.8,13.6,14.2,14.2,1038900.0,1038900.0,-0.4,-2.74,14.2,"December 31, 18",-0.0274
0,2018-12-28,12.6,14.2,12.6,13.8,13.8,1459200.0,1459200.0,1.2,9.524,13.53333,"December 28, 18",0.09524
0,2018-12-27,13.4,13.6,12.0,12.8,12.8,1624000.0,1624000.0,-0.6,-4.478,12.8,"December 27, 18",-0.04478
0,2018-12-26,13.8,14.0,12.8,13.2,13.2,1724500.0,1724500.0,-0.6,-4.348,13.33333,"December 26, 18",-0.04348
0,2018-12-24,14.2,14.2,13.2,13.6,13.6,822200.0,822200.0,-0.6,-4.225,13.66667,"December 24, 18",-0.04225
0,2018-12-21,15.8,15.8,14.0,14.2,14.2,1605300.0,1605300.0,-1.6,-10.127,14.66667,"December 21, 18",-0.10127
0,2018-12-20,17.6,18.4,14.8,15.8,15.8,1555200.0,1555200.0,-1.8,-10.227,16.33333,"December 20, 18",-0.10227
0,2018-12-19,17.0,17.4,16.2,16.2,16.2,758300.0,758300.0,-0.8,-4.706,16.6,"December 19, 18",-0.04706
0,2018-12-18,16.8,17.4,16.2,17.0,17.0,536100.0,536100.0,0.2,1.19,16.86667,"December 18, 18",0.0119
0,2018-12-17,17.8,18.0,16.0,16.4,16.4,1011600.0,1011600.0,-1.4,-7.865,16.8,"December 17, 18",-0.07865
0,2018-12-14,18.2,19.0,17.8,17.8,17.8,795500.0,795500.0,-0.4,-2.198,18.2,"December 14, 18",-0.02198
0,2018-12-13,19.6,19.8,17.6,18.2,18.2,972500.0,972500.0,-1.4,-7.143,18.53333,"December 13, 18",-0.07143
0,2018-12-12,19.6,20.0,19.4,19.6,19.6,418700.0,418700.0,0.0,0.0,19.66667,"December 12, 18",0.0
0,2018-12-11,20.0,20.2,19.0,19.4,19.4,340600.0,340600.0,-0.6,-3.0,19.53333,"December 11, 18",-0.03
0,2018-12-10,20.2,20.4,19.4,19.6,19.6,640200.0,640200.0,-0.6,-2.97,19.8,"December 10, 18",-0.0297
0,2018-12-07,20.6,21.0,20.2,20.2,20.2,335600.0,335600.0,-0.4,-1.942,20.46667,"December 07, 18",-0.01942
0,2018-12-06,20.8,21.0,20.0,20.6,20.6,760700.0,760700.0,-0.2,-0.962,20.53333,"December 06, 18",-0.00962
0,2018-12-04,22.4,22.6,20.8,20.8,20.8,637800.0,637800.0,-1.6,-7.143,21.4,"December 04, 18",-0.07143
0,2018-12-03,22.6,23.0,22.2,22.2,22.2,677900.0,677900.0,-0.4,-1.77,22.46667,"December 03, 18",-0.0177
0,2018-11-30,22.6,22.6,22.0,22.2,22.2,282000.0,282000.0,-0.4,-1.77,22.26667,"November 30, 18",-0.0177
0,2018-11-29,22.4,22.8,22.2,22.6,22.6,206600.0,206600.0,0.2,0.893,22.53333,"November 29, 18",0.00893
0,2018-11-28,22.0,23.2,21.8,22.6,22.6,521800.0,521800.0,0.6,2.727,22.53333,"November 28, 18",0.02727
0,2018-11-27,22.0,22.2,21.8,22.0,22.0,304000.0,304000.0,0.0,0.0,22.0,"November 27, 18",0.0
0,2018-11-26,22.0,22.4,21.4,22.0,22.0,509200.0,509200.0,0.0,0.0,21.93333,"November 26, 18",0.0
0,2018-11-23,22.6,22.6,21.8,22.0,22.0,135300.0,135300.0,-0.6,-2.655,22.13333,"November 23, 18",-0.02655
0,2018-11-21,21.8,23.0,21.8,22.0,22.0,486000.0,486000.0,0.2,0.917,22.26667,"November 21, 18",0.00917
0,2018-11-20,23.2,23.2,21.4,21.4,21.4,664400.0,664400.0,-1.8,-7.759,22.0,"November 20, 18",-0.07759
0,2018-11-19,24.0,24.2,22.2,23.6,23.6,595400.0,595400.0,-0.4,-1.667,23.33333,"November 19, 18",-0.01667
0,2018-11-16,24.0,25.0,23.8,24.2,24.2,697000.0,697000.0,0.2,0.833,24.33333,"November 16, 18",0.00833
0,2018-11-15,26.4,26.4,23.8,24.0,24.0,937100.0,937100.0,-2.4,-9.091,24.73333,"November 15, 18",-0.09091
0,2018-11-14,26.6,27.2,26.0,26.4,26.4,621700.0,621700.0,-0.2,-0.752,26.53333,"November 14, 18",-0.00752
0,2018-11-13,26.0,26.6,25.6,26.2,26.2,513000.0,513000.0,0.2,0.769,26.13333,"November 13, 18",0.00769
0,2018-11-12,26.0,26.2,25.4,26.0,26.0,458700.0,458700.0,0.0,0.0,25.86667,"November 12, 18",0.0
0,2018-11-09,25.6,26.8,25.6,25.8,25.8,642900.0,642900.0,0.2,0.781,26.06667,"November 09, 18",0.00781
0,2018-11-08,25.2,26.4,25.0,26.4,26.4,490900.0,490900.0,1.2,4.762,25.93333,"November 08, 18",0.04762
0,2018-11-07,25.0,25.4,24.0,25.2,25.2,445600.0,445600.0,0.2,0.8,24.86667,"November 07, 18",0.008
0,2018-11-06,24.8,25.0,24.4,24.8,24.8,332100.0,332100.0,0.0,0.0,24.73333,"November 06, 18",0.0
0,2018-11-05,24.0,24.6,23.8,24.6,24.6,486200.0,486200.0,0.6,2.5,24.33333,"November 05, 18",0.025
0,2018-11-02,23.2,24.2,23.2,23.8,23.8,391200.0,391200.0,0.6,2.586,23.73333,"November 02, 18",0.02586
0,2018-11-01,24.0,24.2,23.0,23.2,23.2,502000.0,502000.0,-0.8,-3.333,23.46667,"November 01, 18",-0.03333
0,2018-10-31,22.6,24.2,22.6,24.0,24.0,924300.0,924300.0,1.4,6.195,23.6,"October 31, 18",0.06195
0,2018-10-30,20.8,22.8,20.8,22.2,22.2,664200.0,664200.0,1.4,6.731,21.93333,"October 30, 18",0.06731
0,2018-10-29,21.2,21.2,20.8,21.2,21.2,546400.0,546400.0,0.0,0.0,21.06667,"October 29, 18",0.0
0,2018-10-26,20.6,21.0,20.4,21.0,21.0,368500.0,368500.0,0.4,1.942,20.8,"October 26, 18",0.01942
0,2018-10-25,20.4,21.2,20.4,21.0,21.0,455300.0,455300.0,0.6,2.941,20.86667,"October 25, 18",0.02941
0,2018-10-24,20.6,21.0,20.2,20.2,20.2,324200.0,324200.0,-0.4,-1.942,20.46667,"October 24, 18",-0.01942
0,2018-10-23,20.2,21.0,19.6,20.8,20.8,389100.0,389100.0,0.6,2.97,20.46667,"October 23, 18",0.0297
0,2018-10-22,20.2,21.0,20.0,20.6,20.6,311800.0,311800.0,0.4,1.98,20.53333,"October 22, 18",0.0198
0,2018-10-19,20.8,21.2,19.6,20.2,20.2,1069800.0,1069800.0,-0.6,-2.885,20.33333,"October 19, 18",-0.02885
0,2018-10-18,21.2,21.6,20.8,21.0,21.0,526200.0,526200.0,-0.2,-0.943,21.13333,"October 18, 18",-0.00943
0,2018-10-17,21.4,21.8,21.4,21.4,21.4,367600.0,367600.0,0.0,0.0,21.53333,"October 17, 18",0.0
0,2018-10-16,21.0,21.6,20.8,21.6,21.6,519300.0,519300.0,0.6,2.857,21.33333,"October 16, 18",0.02857
0,2018-10-15,21.0,21.2,20.8,21.0,21.0,794100.0,794100.0,0.0,0.0,21.0,"October 15, 18",0.0
0,2018-10-12,21.0,21.6,20.8,21.2,21.2,472400.0,472400.0,0.2,0.952,21.2,"October 12, 18",0.00952
0,2018-10-11,22.2,22.4,20.4,20.8,20.8,1131400.0,1131400.0,-1.4,-6.306,21.2,"October 11, 18",-0.06306
0,2018-10-10,23.0,23.2,22.2,22.2,22.2,561800.0,561800.0,-0.8,-3.478,22.53333,"October 10, 18",-0.03478
0,2018-10-09,22.6,23.4,22.4,22.8,22.8,720400.0,720400.0,0.2,0.885,22.86667,"October 09, 18",0.00885
0,2018-10-08,23.2,23.4,22.4,22.4,22.4,556400.0,556400.0,-0.8,-3.448,22.73333,"October 08, 18",-0.03448
0,2018-10-05,23.0,23.6,22.8,23.0,23.0,634400.0,634400.0,0.0,0.0,23.13333,"October 05, 18",0.0
0,2018-10-04,23.0,24.2,23.0,23.0,23.0,950100.0,950100.0,0.0,0.0,23.4,"October 04, 18",0.0
0,2018-10-03,23.4,23.4,22.8,23.0,23.0,700600.0,700600.0,-0.4,-1.709,23.06667,"October 03, 18",-0.01709
0,2018-10-02,24.2,24.4,23.0,23.0,23.0,1099900.0,1099900.0,-1.2,-4.959,23.46667,"October 02, 18",-0.04959
0,2018-10-01,25.4,25.6,24.2,24.2,24.2,807200.0,807200.0,-1.2,-4.724,24.66667,"October 01, 18",-0.04724
0,2018-09-28,25.2,25.6,24.8,25.6,25.6,413700.0,413700.0,0.4,1.587,25.33333,"September 28, 18",0.01587
0,2018-09-27,25.6,26.6,24.8,25.0,25.0,1234900.0,1234900.0,-0.6,-2.344,25.46667,"September 27, 18",-0.02344
0,2018-09-26,25.0,25.8,24.8,25.6,25.6,687700.0,687700.0,0.6,2.4,25.4,"September 26, 18",0.024
0,2018-09-25,24.8,25.2,24.6,24.6,24.6,545300.0,545300.0,-0.2,-0.806,24.8,"September 25, 18",-0.00806
0,2018-09-24,25.2,25.4,24.6,24.8,24.8,1074700.0,1074700.0,-0.4,-1.587,24.93333,"September 24, 18",-0.01587
0,2018-09-21,26.4,26.6,25.0,25.0,25.0,1370000.0,1370000.0,-1.4,-5.303,25.53333,"September 21, 18",-0.05303
0,2018-09-20,26.8,26.8,26.4,26.4,26.4,263600.0,263600.0,-0.4,-1.493,26.53333,"September 20, 18",-0.01493
0,2018-09-19,26.4,27.0,26.4,26.6,26.6,398900.0,398900.0,0.2,0.758,26.66667,"September 19, 18",0.00758
0,2018-09-18,26.4,26.8,26.0,26.6,26.6,308500.0,308500.0,0.2,0.758,26.46667,"September 18, 18",0.00758
0,2018-09-17,25.8,26.8,25.8,26.6,26.6,417500.0,417500.0,0.8,3.101,26.4,"September 17, 18",0.03101
0,2018-09-14,26.2,26.4,25.8,25.8,25.8,226000.0,226000.0,-0.4,-1.527,26.0,"September 14, 18",-0.01527
0,2018-09-13,26.4,27.0,25.8,26.0,26.0,374900.0,374900.0,-0.4,-1.515,26.26667,"September 13, 18",-0.01515
0,2018-09-12,26.6,26.8,26.0,26.6,26.6,477600.0,477600.0,0.0,0.0,26.46667,"September 12, 18",0.0
0,2018-09-11,25.0,27.0,24.8,26.8,26.8,503300.0,503300.0,1.8,7.2,26.2,"September 11, 18",0.072
0,2018-09-10,25.6,25.8,25.0,25.0,25.0,514600.0,514600.0,-0.6,-2.344,25.26667,"September 10, 18",-0.02344
0,2018-09-07,25.0,25.8,24.6,25.8,25.8,419100.0,419100.0,0.8,3.2,25.4,"September 07, 18",0.032
0,2018-09-06,26.6,26.6,24.8,24.8,24.8,2002600.0,2002600.0,-1.8,-6.767,25.4,"September 06, 18",-0.06767
0,2018-09-05,27.4,27.4,26.8,27.0,27.0,266500.0,266500.0,-0.4,-1.46,27.06667,"September 05, 18",-0.0146
0,2018-09-04,27.4,27.8,26.2,27.4,27.4,642200.0,642200.0,0.0,0.0,27.13333,"September 04, 18",0.0
0,2018-08-31,27.8,28.0,27.2,27.4,27.4,552900.0,552900.0,-0.4,-1.439,27.53333,"August 31, 18",-0.01439
0,2018-08-30,28.0,28.4,27.6,28.0,28.0,374500.0,374500.0,0.0,0.0,28.0,"August 30, 18",0.0
0,2018-08-29,28.8,28.8,28.0,28.2,28.2,636300.0,636300.0,-0.6,-2.083,28.33333,"August 29, 18",-0.02083
0,2018-08-28,28.6,29.2,28.2,28.8,28.8,440400.0,440400.0,0.2,0.699,28.73333,"August 28, 18",0.00699
0,2018-08-27,29.4,29.6,28.6,28.8,28.8,432000.0,432000.0,-0.6,-2.041,29.0,"August 27, 18",-0.02041
0,2018-08-24,29.2,29.6,29.0,29.4,29.4,421600.0,421600.0,0.2,0.685,29.33333,"August 24, 18",0.00685
0,2018-08-23,29.6,29.8,29.0,29.4,29.4,349300.0,349300.0,-0.2,-0.676,29.4,"August 23, 18",-0.00676
0,2018-08-22,28.6,29.8,28.4,29.8,29.8,463900.0,463900.0,1.2,4.196,29.33333,"August 22, 18",0.04196
0,2018-08-21,28.8,29.0,28.2,28.8,28.8,610600.0,610600.0,0.0,0.0,28.66667,"August 21, 18",0.0
0,2018-08-20,29.0,29.2,28.4,29.0,29.0,446300.0,446300.0,0.0,0.0,28.86667,"August 20, 18",0.0
0,2018-08-17,28.0,29.4,27.0,29.2,29.2,1083900.0,1083900.0,1.2,4.286,28.53333,"August 17, 18",0.04286
0,2018-08-16,27.2,28.2,27.0,28.2,28.2,704600.0,704600.0,1.0,3.676,27.8,"August 16, 18",0.03676
0,2018-08-15,26.6,27.8,25.4,27.0,27.0,1124800.0,1124800.0,0.4,1.504,26.73333,"August 15, 18",0.01504
0,2018-08-14,27.8,28.4,26.8,26.8,26.8,1180000.0,1180000.0,-1.0,-3.597,27.33333,"August 14, 18",-0.03597
0,2018-08-13,29.2,29.6,26.6,28.0,28.0,2166000.0,2166000.0,-1.2,-4.11,28.06667,"August 13, 18",-0.0411
0,2018-08-10,30.6,30.6,29.4,29.6,29.6,1156700.0,1156700.0,-1.0,-3.268,29.86667,"August 10, 18",-0.03268
0,2018-08-09,30.4,31.8,30.2,30.8,30.8,5144400.0,5144400.0,0.4,1.316,30.93333,"August 09, 18",0.01316
0,2018-08-08,34.4,35.4,33.2,34.8,34.8,635400.0,635400.0,0.4,1.163,34.46667,"August 08, 18",0.01163
0,2018-08-07,33.4,34.8,33.4,34.4,34.4,555200.0,555200.0,1.0,2.994,34.2,"August 07, 18",0.02994
0,2018-08-06,33.8,34.2,32.2,33.2,33.2,1301900.0,1301900.0,-0.6,-1.775,33.2,"August 06, 18",-0.01775
0,2018-08-03,38.0,38.4,36.6,36.8,36.8,438900.0,438900.0,-1.2,-3.158,37.26667,"August 03, 18",-0.03158
0,2018-08-02,37.8,38.6,37.6,38.0,38.0,429000.0,429000.0,0.2,0.529,38.06667,"August 02, 18",0.00529
0,2018-08-01,39.8,40.4,37.6,37.8,37.8,594700.0,594700.0,-2.0,-5.025,38.6,"August 01, 18",-0.05025
0,2018-07-31,39.0,40.4,39.0,40.2,40.2,817000.0,817000.0,1.2,3.077,39.86667,"July 31, 18",0.03077
0,2018-07-30,38.4,39.4,38.0,39.2,39.2,531900.0,531900.0,0.8,2.083,38.86667,"July 30, 18",0.02083
0,2018-07-27,38.0,39.4,38.0,38.8,38.8,572100.0,572100.0,0.8,2.105,38.73333,"July 27, 18",0.02105
0,2018-07-26,37.4,38.4,37.2,38.0,38.0,400000.0,400000.0,0.6,1.604,37.86667,"July 26, 18",0.01604
0,2018-07-25,35.6,38.2,35.6,37.8,37.8,794000.0,794000.0,2.2,6.18,37.2,"July 25, 18",0.0618
0,2018-07-24,36.6,37.4,35.2,36.4,36.4,631900.0,631900.0,-0.2,-0.546,36.33333,"July 24, 18",-0.00546
0,2018-07-23,36.4,37.8,36.4,36.6,36.6,453300.0,453300.0,0.2,0.549,36.93333,"July 23, 18",0.00549
0,2018-07-20,36.2,37.0,36.0,36.4,36.4,383000.0,383000.0,0.2,0.552,36.46667,"July 20, 18",0.00552
0,2018-07-19,35.4,36.8,35.0,36.2,36.2,519400.0,519400.0,0.8,2.26,36.0,"July 19, 18",0.0226
0,2018-07-18,33.6,35.4,33.4,35.2,35.2,583700.0,583700.0,1.6,4.762,34.66667,"July 18, 18",0.04762
0,2018-07-17,33.0,33.4,32.6,33.4,33.4,502400.0,502400.0,0.4,1.212,33.13333,"July 17, 18",0.01212
0,2018-07-16,33.2,33.6,32.6,32.8,32.8,251100.0,251100.0,-0.4,-1.205,33.0,"July 16, 18",-0.01205
0,2018-07-13,33.2,33.4,32.6,33.0,33.0,386900.0,386900.0,-0.2,-0.602,33.0,"July 13, 18",-0.00602
0,2018-07-12,34.0,34.0,32.8,33.0,33.0,625300.0,625300.0,-1.0,-2.941,33.26667,"July 12, 18",-0.02941
0,2018-07-11,34.0,34.2,33.6,33.6,33.6,302000.0,302000.0,-0.4,-1.176,33.8,"July 11, 18",-0.01176
0,2018-07-10,34.0,34.2,33.8,34.0,34.0,303200.0,303200.0,0.0,0.0,34.0,"July 10, 18",0.0
0,2018-07-09,35.0,35.0,33.6,33.8,33.8,606800.0,606800.0,-1.2,-3.429,34.13333,"July 09, 18",-0.03429
0,2018-07-06,33.8,35.0,33.8,34.8,34.8,453800.0,453800.0,1.0,2.959,34.53333,"July 06, 18",0.02959
0,2018-07-05,34.0,34.4,33.8,33.8,33.8,663000.0,663000.0,-0.2,-0.588,34.0,"July 05, 18",-0.00588
0,2018-07-03,34.0,34.6,33.8,34.0,34.0,271400.0,271400.0,0.0,0.0,34.13333,"July 03, 18",0.0
0,2018-07-02,34.4,34.6,31.0,33.6,33.6,713100.0,713100.0,-0.8,-2.326,33.06667,"July 02, 18",-0.02326
0,2018-06-29,35.2,35.4,34.4,34.6,34.6,545200.0,545200.0,-0.6,-1.705,34.8,"June 29, 18",-0.01705
0,2018-06-28,37.4,37.4,32.6,35.2,35.2,1572900.0,1572900.0,-2.2,-5.882,35.06667,"June 28, 18",-0.05882
0,2018-06-27,39.4,40.8,39.0,39.6,39.6,644500.0,644500.0,0.2,0.508,39.8,"June 27, 18",0.00508
0,2018-06-26,42.2,42.4,37.6,39.2,39.2,1708300.0,1708300.0,-3.0,-7.109,39.73333,"June 26, 18",-0.07109
0,2018-06-25,40.4,42.4,40.2,42.2,42.2,1383700.0,1383700.0,1.8,4.455,41.6,"June 25, 18",0.04455
0,2018-06-22,39.4,40.6,39.0,40.4,40.4,4004000.0,4004000.0,1.0,2.538,40.0,"June 22, 18",0.02538
0,2018-06-21,38.8,40.0,38.6,39.4,39.4,833300.0,833300.0,0.6,1.546,39.33333,"June 21, 18",0.01546
0,2018-06-20,38.6,39.2,37.6,39.0,39.0,470200.0,470200.0,0.4,1.036,38.6,"June 20, 18",0.01036
0,2018-06-19,37.2,38.6,36.8,38.4,38.4,641300.0,641300.0,1.2,3.226,37.93333,"June 19, 18",0.03226
0,2018-06-18,35.4,38.0,35.0,38.0,38.0,743400.0,743400.0,2.6,7.345,37.0,"June 18, 18",0.07345
0,2018-06-15,35.0,35.6,34.8,35.6,35.6,456700.0,456700.0,0.6,1.714,35.33333,"June 15, 18",0.01714
0,2018-06-14,33.8,35.6,33.6,35.4,35.4,754500.0,754500.0,1.6,4.734,34.86667,"June 14, 18",0.04734
0,2018-06-13,34.4,34.8,33.4,34.0,34.0,443400.0,443400.0,-0.4,-1.163,34.06667,"June 13, 18",-0.01163
0,2018-06-12,34.8,35.0,34.2,34.4,34.4,359300.0,359300.0,-0.4,-1.149,34.53333,"June 12, 18",-0.01149
0,2018-06-11,33.8,35.0,33.8,34.8,34.8,518400.0,518400.0,1.0,2.959,34.53333,"June 11, 18",0.02959
0,2018-06-08,33.4,34.2,33.4,34.0,34.0,570200.0,570200.0,0.6,1.796,33.86667,"June 08, 18",0.01796
0,2018-06-07,33.4,34.0,33.4,33.4,33.4,833900.0,833900.0,0.0,0.0,33.6,"June 07, 18",0.0
0,2018-06-06,33.2,34.0,33.0,33.6,33.6,354200.0,354200.0,0.4,1.205,33.53333,"June 06, 18",0.01205
0,2018-06-05,31.8,34.4,31.8,33.0,33.0,1273500.0,1273500.0,1.2,3.774,33.06667,"June 05, 18",0.03774
0,2018-06-04,31.4,32.2,31.4,31.8,31.8,397300.0,397300.0,0.4,1.274,31.8,"June 04, 18",0.01274
0,2018-06-01,32.2,32.8,31.4,31.4,31.4,506700.0,506700.0,-0.8,-2.484,31.86667,"June 01, 18",-0.02484
0,2018-05-31,33.0,33.2,32.0,32.0,32.0,418800.0,418800.0,-1.0,-3.03,32.4,"May 31, 18",-0.0303
0,2018-05-30,32.8,33.6,32.8,32.8,32.8,200100.0,200100.0,0.0,0.0,33.06667,"May 30, 18",0.0
0,2018-05-29,33.2,33.4,32.8,32.8,32.8,236000.0,236000.0,-0.4,-1.205,33.0,"May 29, 18",-0.01205
0,2018-05-25,33.6,33.8,33.2,33.2,33.2,218400.0,218400.0,-0.4,-1.19,33.4,"May 25, 18",-0.0119
0,2018-05-24,33.6,34.2,33.2,33.2,33.2,317900.0,317900.0,-0.4,-1.19,33.53333,"May 24, 18",-0.0119
0,2018-05-23,33.4,34.0,33.2,33.6,33.6,218200.0,218200.0,0.2,0.599,33.6,"May 23, 18",0.00599
0,2018-05-22,34.0,34.6,33.0,33.2,33.2,454300.0,454300.0,-0.8,-2.353,33.6,"May 22, 18",-0.02353
0,2018-05-21,34.0,34.6,33.6,34.0,34.0,760300.0,760300.0,0.0,0.0,34.06667,"May 21, 18",0.0
0,2018-05-18,33.6,34.4,33.4,33.8,33.8,213900.0,213900.0,0.2,0.595,33.86667,"May 18, 18",0.00595
0,2018-05-17,35.6,35.6,33.0,33.8,33.8,697600.0,697600.0,-1.8,-5.056,34.13333,"May 17, 18",-0.05056
0,2018-05-16,33.4,35.6,33.0,35.6,35.6,723600.0,723600.0,2.2,6.587,34.73333,"May 16, 18",0.06587
0,2018-05-15,32.8,33.6,32.6,33.4,33.4,351000.0,351000.0,0.6,1.829,33.2,"May 15, 18",0.01829
0,2018-05-14,32.0,32.8,32.0,32.8,32.8,340500.0,340500.0,0.8,2.5,32.53333,"May 14, 18",0.025
0,2018-05-11,32.4,32.4,31.8,32.2,32.2,251200.0,251200.0,-0.2,-0.617,32.13333,"May 11, 18",-0.00617
0,2018-05-10,32.4,32.8,32.0,32.2,32.2,364000.0,364000.0,-0.2,-0.617,32.33333,"May 10, 18",-0.00617
0,2018-05-09,32.8,33.0,32.2,32.6,32.6,366500.0,366500.0,-0.2,-0.61,32.6,"May 09, 18",-0.0061
0,2018-05-08,32.6,33.6,32.6,32.6,32.6,482000.0,482000.0,0.0,0.0,32.93333,"May 08, 18",0.0
0,2018-05-07,32.8,33.2,32.4,33.0,33.0,284300.0,284300.0,0.2,0.61,32.86667,"May 07, 18",0.0061
0,2018-05-04,32.6,33.0,32.0,32.6,32.6,249000.0,249000.0,0.0,0.0,32.53333,"May 04, 18",0.0
0,2018-05-03,32.8,33.0,32.2,32.4,32.4,291100.0,291100.0,-0.4,-1.22,32.53333,"May 03, 18",-0.0122
0,2018-05-02,32.8,33.8,32.6,33.0,33.0,270800.0,270800.0,0.2,0.61,33.13333,"May 02, 18",0.0061
0,2018-05-01,33.0,33.2,32.2,32.8,32.8,278600.0,278600.0,-0.2,-0.606,32.73333,"May 01, 18",-0.00606
0,2018-04-30,32.8,33.4,32.6,33.4,33.4,461900.0,461900.0,0.6,1.829,33.13333,"April 30, 18",0.01829
0,2018-04-27,33.2,33.4,32.0,32.4,32.4,273800.0,273800.0,-0.8,-2.41,32.6,"April 27, 18",-0.0241
0,2018-04-26,31.6,33.6,31.4,33.4,33.4,582900.0,582900.0,1.8,5.696,32.8,"April 26, 18",0.05696
0,2018-04-25,32.4,32.6,31.2,31.8,31.8,315900.0,315900.0,-0.6,-1.852,31.86667,"April 25, 18",-0.01852
0,2018-04-24,31.0,32.8,30.8,32.4,32.4,504000.0,504000.0,1.4,4.516,32.0,"April 24, 18",0.04516
0,2018-04-23,32.0,32.0,30.8,31.0,31.0,468600.0,468600.0,-1.0,-3.125,31.26667,"April 23, 18",-0.03125
0,2018-04-20,32.2,32.6,31.4,31.6,31.6,370300.0,370300.0,-0.6,-1.863,31.86667,"April 20, 18",-0.01863
0,2018-04-19,33.0,33.2,31.6,32.0,32.0,535300.0,535300.0,-1.0,-3.03,32.26667,"April 19, 18",-0.0303
0,2018-04-18,34.4,34.4,33.0,33.0,33.0,614400.0,614400.0,-1.4,-4.07,33.46667,"April 18, 18",-0.0407
0,2018-04-17,34.6,35.0,34.0,34.2,34.2,534000.0,534000.0,-0.4,-1.156,34.4,"April 17, 18",-0.01156
0,2018-04-16,33.4,36.6,33.4,34.2,34.2,1353800.0,1353800.0,0.8,2.395,34.73333,"April 16, 18",0.02395
0,2018-04-13,33.4,33.6,32.6,33.6,33.6,528200.0,528200.0,0.2,0.599,33.26667,"April 13, 18",0.00599
0,2018-04-12,33.6,34.8,32.4,32.6,32.6,1042300.0,1042300.0,-1.0,-2.976,33.26667,"April 12, 18",-0.02976
0,2018-04-11,32.4,33.4,32.2,32.8,32.8,721000.0,721000.0,0.4,1.235,32.8,"April 11, 18",0.01235
0,2018-04-10,32.2,33.2,32.2,33.0,33.0,505100.0,505100.0,0.8,2.484,32.8,"April 10, 18",0.02484
0,2018-04-09,32.2,33.4,31.8,32.2,32.2,680600.0,680600.0,0.0,0.0,32.46667,"April 09, 18",0.0
0,2018-04-06,32.8,32.8,31.4,32.2,32.2,674200.0,674200.0,-0.6,-1.829,32.13333,"April 06, 18",-0.01829
0,2018-04-05,32.4,33.0,32.0,33.0,33.0,690500.0,690500.0,0.6,1.852,32.66667,"April 05, 18",0.01852
0,2018-04-04,32.2,33.0,31.8,32.4,32.4,711000.0,711000.0,0.2,0.621,32.4,"April 04, 18",0.00621
0,2018-04-03,32.6,33.4,31.0,33.0,33.0,628600.0,628600.0,0.4,1.227,32.46667,"April 03, 18",0.01227
0,2018-04-02,33.6,34.6,32.2,32.6,32.6,689900.0,689900.0,-1.0,-2.976,33.13333,"April 02, 18",-0.02976
0,2018-03-29,33.4,33.8,32.6,33.6,33.6,2121500.0,2121500.0,0.2,0.599,33.33333,"March 29, 18",0.00599
0,2018-03-28,30.0,33.8,29.6,33.4,33.4,2275000.0,2275000.0,3.4,11.333,32.26667,"March 28, 18",0.11333
0,2018-03-27,29.6,30.4,29.4,29.6,29.6,864600.0,864600.0,0.0,0.0,29.8,"March 27, 18",0.0
0,2018-03-26,30.0,30.4,29.4,29.8,29.8,892700.0,892700.0,-0.2,-0.667,29.86667,"March 26, 18",-0.00667
0,2018-03-23,31.0,31.2,29.2,29.8,29.8,976100.0,976100.0,-1.2,-3.871,30.06667,"March 23, 18",-0.03871
0,2018-03-22,30.4,32.0,30.2,30.8,30.8,848100.0,848100.0,0.4,1.316,31.0,"March 22, 18",0.01316
0,2018-03-21,30.2,31.6,30.2,30.8,30.8,758000.0,758000.0,0.6,1.987,30.86667,"March 21, 18",0.01987
0,2018-03-20,31.6,32.0,30.0,30.4,30.4,1015300.0,1015300.0,-1.2,-3.797,30.8,"March 20, 18",-0.03797
0,2018-03-19,32.0,32.2,31.4,31.6,31.6,948500.0,948500.0,-0.4,-1.25,31.73333,"March 19, 18",-0.0125
0,2018-03-16,33.2,33.4,31.8,32.2,32.2,1273500.0,1273500.0,-1.0,-3.012,32.46667,"March 16, 18",-0.03012
0,2018-03-15,32.8,33.6,31.2,33.4,33.4,1373400.0,1373400.0,0.6,1.829,32.73333,"March 15, 18",0.01829
0,2018-03-14,34.4,34.6,32.0,32.6,32.6,1387600.0,1387600.0,-1.8,-5.233,33.06667,"March 14, 18",-0.05233
0,2018-03-13,34.2,34.8,33.8,34.2,34.2,837800.0,837800.0,0.0,0.0,34.26667,"March 13, 18",0.0
0,2018-03-12,34.6,35.6,33.6,34.0,34.0,910900.0,910900.0,-0.6,-1.734,34.4,"March 12, 18",-0.01734
0,2018-03-09,35.2,35.6,34.4,34.8,34.8,1336200.0,1336200.0,-0.4,-1.136,34.93333,"March 09, 18",-0.01136
0,2018-03-08,36.2,36.6,34.4,35.2,35.2,2059500.0,2059500.0,-1.0,-2.762,35.4,"March 08, 18",-0.02762
0,2018-03-07,38.0,38.2,36.0,36.0,36.0,1815800.0,1815800.0,-2.0,-5.263,36.73333,"March 07, 18",-0.05263
0,2018-03-06,39.0,39.4,38.0,38.0,38.0,725600.0,725600.0,-1.0,-2.564,38.46667,"March 06, 18",-0.02564
0,2018-03-05,38.2,39.6,38.2,39.0,39.0,1828500.0,1828500.0,0.8,2.094,38.93333,"March 05, 18",0.02094
0,2018-03-02,37.2,39.0,37.2,38.2,38.2,736400.0,736400.0,1.0,2.688,38.13333,"March 02, 18",0.02688
0,2018-03-01,39.4,40.0,37.2,37.6,37.6,2045700.0,2045700.0,-1.8,-4.569,38.26667,"March 01, 18",-0.04569
0,2018-02-28,40.6,41.0,39.0,39.4,39.4,1475700.0,1475700.0,-1.2,-2.956,39.8,"February 28, 18",-0.02956
0,2018-02-27,41.4,41.8,40.4,40.6,40.6,1289700.0,1289700.0,-0.8,-1.932,40.93333,"February 27, 18",-0.01932
0,2018-02-26,42.0,42.0,41.0,41.6,41.6,1699700.0,1699700.0,-0.4,-0.952,41.53333,"February 26, 18",-0.00952
0,2018-02-23,42.4,42.6,41.6,41.8,41.8,980700.0,980700.0,-0.6,-1.415,42.0,"February 23, 18",-0.01415
0,2018-02-22,40.4,43.0,40.0,42.6,42.6,2153600.0,2153600.0,2.2,5.446,41.86667,"February 22, 18",0.05446
0,2018-02-21,43.8,43.8,40.2,40.4,40.4,3892800.0,3892800.0,-3.4,-7.763,41.46667,"February 21, 18",-0.07763
0,2018-02-20,45.8,46.0,42.4,44.0,44.0,7225200.0,7225200.0,-1.8,-3.93,44.13333,"February 20, 18",-0.0393
0,2018-02-16,41.6,42.8,41.6,42.6,42.6,472000.0,472000.0,1.0,2.404,42.33333,"February 16, 18",0.02404
0,2018-02-15,41.4,42.0,40.6,41.6,41.6,429700.0,429700.0,0.2,0.483,41.4,"February 15, 18",0.00483
0,2018-02-14,40.4,42.0,40.4,41.0,41.0,851500.0,851500.0,0.6,1.485,41.13333,"February 14, 18",0.01485
0,2018-02-13,40.0,41.4,40.0,40.8,40.8,482000.0,482000.0,0.8,2.0,40.73333,"February 13, 18",0.02
0,2018-02-12,40.6,41.2,39.8,40.0,40.0,573000.0,573000.0,-0.6,-1.478,40.33333,"February 12, 18",-0.01478
0,2018-02-09,40.8,41.0,37.8,40.2,40.2,1413200.0,1413200.0,-0.6,-1.471,39.66667,"February 09, 18",-0.01471
0,2018-02-08,41.6,42.2,40.0,40.0,40.0,713600.0,713600.0,-1.6,-3.846,40.73333,"February 08, 18",-0.03846
0,2018-02-07,41.4,43.0,41.0,41.6,41.6,749400.0,749400.0,0.2,0.483,41.86667,"February 07, 18",0.00483
0,2018-02-06,39.8,41.6,39.0,41.4,41.4,1051400.0,1051400.0,1.6,4.02,40.66667,"February 06, 18",0.0402
0,2018-02-05,40.4,42.2,39.8,40.0,40.0,1118300.0,1118300.0,-0.4,-0.99,40.66667,"February 05, 18",-0.0099
0,2018-02-02,42.4,42.4,40.2,41.2,41.2,829000.0,829000.0,-1.2,-2.83,41.26667,"February 02, 18",-0.0283
0,2018-02-01,43.2,43.4,42.0,42.6,42.6,748900.0,748900.0,-0.6,-1.389,42.66667,"February 01, 18",-0.01389
0,2018-01-31,43.2,44.0,42.4,43.6,43.6,1146200.0,1146200.0,0.4,0.926,43.33333,"January 31, 18",0.00926
0,2018-01-30,43.0,43.2,40.6,41.6,41.6,1506500.0,1506500.0,-1.4,-3.256,41.8,"January 30, 18",-0.03256
0,2018-01-29,44.4,44.8,44.2,44.6,44.6,480900.0,480900.0,0.2,0.45,44.53333,"January 29, 18",0.0045
0,2018-01-26,44.6,44.8,43.6,44.6,44.6,712200.0,712200.0,0.0,0.0,44.33333,"January 26, 18",0.0
0,2018-01-25,45.0,45.2,43.8,44.6,44.6,665300.0,665300.0,-0.4,-0.889,44.53333,"January 25, 18",-0.00889
0,2018-01-24,46.4,46.6,44.0,44.4,44.4,1077800.0,1077800.0,-2.0,-4.31,45.0,"January 24, 18",-0.0431
0,2018-01-23,46.4,46.8,46.0,46.4,46.4,679500.0,679500.0,0.0,0.0,46.4,"January 23, 18",0.0
0,2018-01-22,46.0,46.4,45.4,45.8,45.8,738800.0,738800.0,-0.2,-0.435,45.86667,"January 22, 18",-0.00435
0,2018-01-19,45.8,46.6,45.6,46.2,46.2,754100.0,754100.0,0.4,0.873,46.13333,"January 19, 18",0.00873
0,2018-01-18,46.2,46.6,44.8,46.2,46.2,865300.0,865300.0,0.0,0.0,45.86667,"January 18, 18",0.0
0,2018-01-17,44.8,46.2,44.2,46.0,46.0,1133000.0,1133000.0,1.2,2.679,45.46667,"January 17, 18",0.02679
0,2018-01-16,48.6,48.8,44.0,44.6,44.6,1932700.0,1932700.0,-4.0,-8.23,45.8,"January 16, 18",-0.0823
0,2018-01-12,46.8,51.0,46.2,47.8,47.8,2906600.0,2906600.0,1.0,2.137,48.33333,"January 12, 18",0.02137
0,2018-01-11,43.0,47.4,42.8,46.8,46.8,3200400.0,3200400.0,3.8,8.837,45.66667,"January 11, 18",0.08837
0,2018-01-10,40.6,43.0,40.4,42.8,42.8,1341200.0,1341200.0,2.2,5.419,42.06667,"January 10, 18",0.05419
0,2018-01-09,40.0,41.0,39.6,41.0,41.0,1064000.0,1064000.0,1.0,2.5,40.53333,"January 09, 18",0.025
0,2018-01-08,40.8,41.0,39.2,39.6,39.6,1011900.0,1011900.0,-1.2,-2.941,39.93333,"January 08, 18",-0.02941
0,2018-01-05,40.8,42.2,40.0,40.6,40.6,1743300.0,1743300.0,-0.2,-0.49,40.93333,"January 05, 18",-0.0049
0,2018-01-04,39.6,43.4,39.2,41.6,41.6,3141200.0,3141200.0,2.0,5.051,41.4,"January 04, 18",0.05051
0,2018-01-03,43.6,44.2,40.4,42.2,42.2,2199100.0,2199100.0,-1.4,-3.211,42.26667,"January 03, 18",-0.03211
0,2018-01-02,39.8,42.8,39.8,42.6,42.6,1732700.0,1732700.0,2.8,7.035,41.73333,"January 02, 18",0.07035
0,2017-12-29,39.6,40.2,39.2,39.4,39.4,903000.0,903000.0,-0.2,-0.505,39.6,"December 29, 17",-0.00505
0,2017-12-28,40.2,40.4,38.8,40.0,40.0,1395600.0,1395600.0,-0.2,-0.498,39.73333,"December 28, 17",-0.00498
0,2017-12-27,40.2,40.8,40.0,40.2,40.2,769600.0,769600.0,0.0,0.0,40.33333,"December 27, 17",0.0
0,2017-12-26,40.6,40.8,40.0,40.4,40.4,579500.0,579500.0,-0.2,-0.493,40.4,"December 26, 17",-0.00493
0,2017-12-22,40.6,41.0,39.8,40.2,40.2,888400.0,888400.0,-0.4,-0.985,40.33333,"December 22, 17",-0.00985
0,2017-12-21,38.4,41.2,38.4,39.8,39.8,1618400.0,1618400.0,1.4,3.646,39.8,"December 21, 17",0.03646
0,2017-12-20,38.8,39.2,38.2,38.6,38.6,561300.0,561300.0,-0.2,-0.515,38.66667,"December 20, 17",-0.00515
0,2017-12-19,38.4,39.2,37.6,38.6,38.6,922100.0,922100.0,0.2,0.521,38.46667,"December 19, 17",0.00521
0,2017-12-18,37.2,38.8,36.8,38.4,38.4,1163800.0,1163800.0,1.2,3.226,38.0,"December 18, 17",0.03226
0,2017-12-15,36.2,37.2,35.6,37.0,37.0,1257600.0,1257600.0,0.8,2.21,36.6,"December 15, 17",0.0221
0,2017-12-14,36.6,37.2,35.8,36.2,36.2,705300.0,705300.0,-0.4,-1.093,36.4,"December 14, 17",-0.01093
0,2017-12-13,36.2,37.2,36.0,36.6,36.6,824700.0,824700.0,0.4,1.105,36.6,"December 13, 17",0.01105
0,2017-12-12,37.2,38.0,36.2,36.2,36.2,756700.0,756700.0,-1.0,-2.688,36.8,"December 12, 17",-0.02688
0,2017-12-11,38.0,38.6,36.8,37.6,37.6,642000.0,642000.0,-0.4,-1.053,37.66667,"December 11, 17",-0.01053
0,2017-12-08,36.2,38.0,36.2,38.0,38.0,963400.0,963400.0,1.8,4.972,37.4,"December 08, 17",0.04972
0,2017-12-07,36.6,36.6,35.0,35.8,35.8,693400.0,693400.0,-0.8,-2.186,35.8,"December 07, 17",-0.02186
0,2017-12-06,35.0,36.2,35.0,35.8,35.8,700500.0,700500.0,0.8,2.286,35.66667,"December 06, 17",0.02286
0,2017-12-05,37.4,37.6,34.2,35.2,35.2,1652000.0,1652000.0,-2.2,-5.882,35.66667,"December 05, 17",-0.05882
0,2017-12-04,40.2,40.4,37.2,37.6,37.6,1708600.0,1708600.0,-2.6,-6.468,38.4,"December 04, 17",-0.06468
0,2017-12-01,39.6,39.6,37.6,38.4,38.4,1450300.0,1450300.0,-1.2,-3.03,38.53333,"December 01, 17",-0.0303
0,2017-11-30,44.0,44.4,38.8,40.2,40.2,2737300.0,2737300.0,-3.8,-8.636,41.13333,"November 30, 17",-0.08636
0,2017-11-29,39.8,45.4,39.4,43.2,43.2,6240600.0,6240600.0,3.4,8.543,42.66667,"November 29, 17",0.08543
0,2017-11-28,33.0,38.4,32.4,37.8,37.8,2572600.0,2572600.0,4.8,14.545,36.2,"November 28, 17",0.14545
0,2017-11-27,33.2,33.4,32.0,32.6,32.6,755000.0,755000.0,-0.6,-1.807,32.66667,"November 27, 17",-0.01807
0,2017-11-24,33.8,34.0,32.6,32.8,32.8,430400.0,430400.0,-1.0,-2.959,33.13333,"November 24, 17",-0.02959
0,2017-11-22,33.8,33.8,32.8,33.8,33.8,1006100.0,1006100.0,0.0,0.0,33.46667,"November 22, 17",0.0
0,2017-11-21,31.2,33.8,31.2,32.8,32.8,1815500.0,1815500.0,1.6,5.128,32.6,"November 21, 17",0.05128
0,2017-11-20,31.8,32.0,30.2,31.2,31.2,719800.0,719800.0,-0.6,-1.887,31.13333,"November 20, 17",-0.01887
0,2017-11-17,30.8,31.8,30.4,31.8,31.8,824800.0,824800.0,1.0,3.247,31.33333,"November 17, 17",0.03247
0,2017-11-16,29.8,30.8,29.8,30.8,30.8,582500.0,582500.0,1.0,3.356,30.46667,"November 16, 17",0.03356
0,2017-11-15,29.4,30.2,29.0,29.6,29.6,632900.0,632900.0,0.2,0.68,29.6,"November 15, 17",0.0068
0,2017-11-14,32.0,32.0,29.6,30.0,30.0,978700.0,978700.0,-2.0,-6.25,30.53333,"November 14, 17",-0.0625
0,2017-11-13,31.8,33.0,30.6,31.8,31.8,1093100.0,1093100.0,0.0,0.0,31.8,"November 13, 17",0.0
0,2017-11-10,28.6,32.0,28.4,31.4,31.4,1519600.0,1519600.0,2.8,9.79,30.6,"November 10, 17",0.0979
0,2017-11-09,30.4,30.6,27.6,28.6,28.6,1889900.0,1889900.0,-1.8,-5.921,28.93333,"November 09, 17",-0.05921
0,2017-11-08,30.6,31.0,30.2,30.4,30.4,795300.0,795300.0,-0.2,-0.654,30.53333,"November 08, 17",-0.00654
0,2017-11-07,31.2,31.8,30.4,30.6,30.6,754500.0,754500.0,-0.6,-1.923,30.93333,"November 07, 17",-0.01923
0,2017-11-06,30.8,31.8,30.8,31.6,31.6,488100.0,488100.0,0.8,2.597,31.4,"November 06, 17",0.02597
0,2017-11-03,31.8,32.2,30.4,30.8,30.8,1341800.0,1341800.0,-1.0,-3.145,31.13333,"November 03, 17",-0.03145
0,2017-11-02,33.4,34.2,31.8,31.8,31.8,1014200.0,1014200.0,-1.6,-4.79,32.6,"November 02, 17",-0.0479
0,2017-11-01,33.0,34.2,32.8,33.6,33.6,973800.0,973800.0,0.6,1.818,33.53333,"November 01, 17",0.01818
0,2017-10-31,33.0,33.4,32.4,33.0,33.0,725900.0,725900.0,0.0,0.0,32.93333,"October 31, 17",0.0
0,2017-10-30,31.4,33.2,31.4,32.2,32.2,872800.0,872800.0,0.8,2.548,32.26667,"October 30, 17",0.02548
0,2017-10-27,33.4,33.6,30.8,31.4,31.4,2024800.0,2024800.0,-2.0,-5.988,31.93333,"October 27, 17",-0.05988
0,2017-10-26,35.6,35.8,32.4,33.4,33.4,1714100.0,1714100.0,-2.2,-6.18,33.86667,"October 26, 17",-0.0618
0,2017-10-25,36.0,36.2,34.6,35.6,35.6,770500.0,770500.0,-0.4,-1.111,35.46667,"October 25, 17",-0.01111
0,2017-10-24,35.8,36.0,34.8,35.8,35.8,588800.0,588800.0,0.0,0.0,35.53333,"October 24, 17",0.0
0,2017-10-23,35.8,36.6,35.2,35.6,35.6,624100.0,624100.0,-0.2,-0.559,35.8,"October 23, 17",-0.00559
0,2017-10-20,37.2,37.4,35.6,35.6,35.6,1067200.0,1067200.0,-1.6,-4.301,36.2,"October 20, 17",-0.04301
0,2017-10-19,37.2,37.6,36.2,36.6,36.6,692700.0,692700.0,-0.6,-1.613,36.8,"October 19, 17",-0.01613
0,2017-10-18,36.8,37.6,36.6,37.0,37.0,691900.0,691900.0,0.2,0.543,37.06667,"October 18, 17",0.00543
0,2017-10-17,37.8,38.0,36.2,36.2,36.2,1199000.0,1199000.0,-1.6,-4.233,36.8,"October 17, 17",-0.04233
0,2017-10-16,36.0,38.0,35.0,37.2,37.2,2299700.0,2299700.0,1.2,3.333,36.73333,"October 16, 17",0.03333
0,2017-10-13,33.2,35.8,33.0,34.8,34.8,1668300.0,1668300.0,1.6,4.819,34.53333,"October 13, 17",0.04819
0,2017-10-12,35.6,35.8,32.6,33.0,33.0,2487200.0,2487200.0,-2.6,-7.303,33.8,"October 12, 17",-0.07303
0,2017-10-11,37.2,38.0,35.0,35.6,35.6,2010500.0,2010500.0,-1.6,-4.301,36.2,"October 11, 17",-0.04301
0,2017-10-10,38.2,38.2,36.6,37.2,37.2,1529900.0,1529900.0,-1.0,-2.618,37.33333,"October 10, 17",-0.02618
0,2017-10-09,39.6,40.0,37.6,37.8,37.8,2255200.0,2255200.0,-1.8,-4.545,38.46667,"October 09, 17",-0.04545
0,2017-10-06,41.2,41.6,39.0,39.2,39.2,1639500.0,1639500.0,-2.0,-4.854,39.93333,"October 06, 17",-0.04854
0,2017-10-05,41.6,42.2,41.2,41.6,41.6,604200.0,604200.0,0.0,0.0,41.66667,"October 05, 17",0.0
0,2017-10-04,42.0,43.0,41.6,41.8,41.8,994800.0,994800.0,-0.2,-0.476,42.13333,"October 04, 17",-0.00476
0,2017-10-03,41.4,42.4,41.2,42.0,42.0,1297000.0,1297000.0,0.6,1.449,41.86667,"October 03, 17",0.01449
0,2017-10-02,39.2,41.2,38.0,41.0,41.0,2420800.0,2420800.0,1.8,4.592,40.06667,"October 02, 17",0.04592
0,2017-09-29,41.0,41.0,38.6,39.2,39.2,2768100.0,2768100.0,-1.8,-4.39,39.6,"September 29, 17",-0.0439
0,2017-09-28,41.4,42.0,40.2,40.6,40.6,3329900.0,3329900.0,-0.8,-1.932,40.93333,"September 28, 17",-0.01932
0,2017-09-27,46.2,46.6,44.8,45.6,45.6,1665400.0,1665400.0,-0.6,-1.299,45.66667,"September 27, 17",-0.01299
0,2017-09-26,47.8,48.2,45.6,45.8,45.8,1477500.0,1477500.0,-2.0,-4.184,46.53333,"September 26, 17",-0.04184
0,2017-09-25,48.0,48.2,47.4,47.6,47.6,910400.0,910400.0,-0.4,-0.833,47.73333,"September 25, 17",-0.00833
0,2017-09-22,48.0,48.4,47.0,47.8,47.8,981300.0,981300.0,-0.2,-0.417,47.73333,"September 22, 17",-0.00417
0,2017-09-21,49.4,49.4,47.6,48.4,48.4,1491200.0,1491200.0,-1.0,-2.024,48.46667,"September 21, 17",-0.02024
0,2017-09-20,47.4,50.0,47.4,48.8,48.8,2680600.0,2680600.0,1.4,2.954,48.73333,"September 20, 17",0.02954
0,2017-09-19,51.4,52.8,45.2,48.0,48.0,5141800.0,5141800.0,-3.4,-6.615,48.66667,"September 19, 17",-0.06615
0,2017-09-18,54.6,56.0,52.8,54.6,54.6,2662600.0,2662600.0,0.0,0.0,54.46667,"September 18, 17",0.0
0,2017-09-15,49.8,54.4,49.2,52.6,52.6,2992100.0,2992100.0,2.8,5.622,52.06667,"September 15, 17",0.05622
0,2017-09-14,50.2,50.4,48.6,50.0,50.0,708600.0,708600.0,-0.2,-0.398,49.66667,"September 14, 17",-0.00398
0,2017-09-13,47.6,51.0,47.4,50.2,50.2,1250500.0,1250500.0,2.6,5.462,49.53333,"September 13, 17",0.05462
0,2017-09-12,50.0,50.0,47.2,47.8,47.8,1198000.0,1198000.0,-2.2,-4.4,48.33333,"September 12, 17",-0.044
0,2017-09-11,50.0,50.6,49.4,49.8,49.8,606200.0,606200.0,-0.2,-0.4,49.93333,"September 11, 17",-0.004
0,2017-09-08,50.4,51.0,49.2,50.0,50.0,783900.0,783900.0,-0.4,-0.794,50.06667,"September 08, 17",-0.00794
0,2017-09-07,48.4,51.4,48.4,50.4,50.4,1270400.0,1270400.0,2.0,4.132,50.06667,"September 07, 17",0.04132
0,2017-09-06,48.2,49.0,48.0,48.4,48.4,524300.0,524300.0,0.2,0.415,48.46667,"September 06, 17",0.00415
0,2017-09-05,48.6,49.2,48.0,48.4,48.4,696800.0,696800.0,-0.2,-0.412,48.53333,"September 05, 17",-0.00412
0,2017-09-01,48.8,49.6,47.8,48.4,48.4,956900.0,956900.0,-0.4,-0.82,48.6,"September 01, 17",-0.0082
0,2017-08-31,47.2,49.0,47.0,48.4,48.4,1063000.0,1063000.0,1.2,2.542,48.13333,"August 31, 17",0.02542
0,2017-08-30,46.8,47.4,46.0,47.2,47.2,813400.0,813400.0,0.4,0.855,46.86667,"August 30, 17",0.00855
0,2017-08-29,45.0,46.8,45.0,46.8,46.8,788400.0,788400.0,1.8,4.0,46.2,"August 29, 17",0.04
0,2017-08-28,45.4,46.4,45.0,45.2,45.2,655700.0,655700.0,-0.2,-0.441,45.53333,"August 28, 17",-0.00441
0,2017-08-25,45.6,46.0,45.0,45.4,45.4,933200.0,933200.0,-0.2,-0.439,45.46667,"August 25, 17",-0.00439
0,2017-08-24,45.0,46.4,44.8,45.2,45.2,891000.0,891000.0,0.2,0.444,45.46667,"August 24, 17",0.00444
0,2017-08-23,44.6,45.4,44.4,45.0,45.0,559200.0,559200.0,0.4,0.897,44.93333,"August 23, 17",0.00897
0,2017-08-22,45.2,45.4,44.4,44.8,44.8,728600.0,728600.0,-0.4,-0.885,44.86667,"August 22, 17",-0.00885
0,2017-08-21,44.6,45.2,44.2,45.0,45.0,982000.0,982000.0,0.4,0.897,44.8,"August 21, 17",0.00897
0,2017-08-18,44.6,45.4,44.4,44.4,44.4,683500.0,683500.0,-0.2,-0.448,44.73333,"August 18, 17",-0.00448
0,2017-08-17,45.0,46.0,44.6,44.6,44.6,759100.0,759100.0,-0.4,-0.889,45.06667,"August 17, 17",-0.00889
0,2017-08-16,46.0,46.4,44.8,45.6,45.6,862700.0,862700.0,-0.4,-0.87,45.6,"August 16, 17",-0.0087
0,2017-08-15,46.0,46.8,45.6,46.2,46.2,523800.0,523800.0,0.2,0.435,46.2,"August 15, 17",0.00435
0,2017-08-14,46.2,46.8,45.4,46.6,46.6,757500.0,757500.0,0.4,0.866,46.26667,"August 14, 17",0.00866
0,2017-08-11,44.8,46.6,44.4,46.2,46.2,724200.0,724200.0,1.4,3.125,45.73333,"August 11, 17",0.03125
0,2017-08-10,47.0,47.0,44.8,45.0,45.0,1132200.0,1132200.0,-2.0,-4.255,45.6,"August 10, 17",-0.04255
0,2017-08-09,47.2,47.8,46.6,47.0,47.0,576800.0,576800.0,-0.2,-0.424,47.13333,"August 09, 17",-0.00424
0,2017-08-08,48.6,49.4,46.8,47.0,47.0,875500.0,875500.0,-1.6,-3.292,47.73333,"August 08, 17",-0.03292
0,2017-08-07,47.0,49.0,46.6,48.8,48.8,819000.0,819000.0,1.8,3.83,48.13333,"August 07, 17",0.0383
0,2017-08-04,47.6,47.8,46.0,46.6,46.6,754400.0,754400.0,-1.0,-2.101,46.8,"August 04, 17",-0.02101
0,2017-08-03,47.8,48.4,46.6,47.8,47.8,827900.0,827900.0,0.0,0.0,47.6,"August 03, 17",0.0
0,2017-08-02,47.8,48.8,47.0,48.0,48.0,1005000.0,1005000.0,0.2,0.418,47.93333,"August 02, 17",0.00418
0,2017-08-01,45.0,48.4,45.0,47.4,47.4,1828600.0,1828600.0,2.4,5.333,46.93333,"August 01, 17",0.05333
0,2017-07-31,46.2,46.2,44.8,44.8,44.8,1037700.0,1037700.0,-1.4,-3.03,45.26667,"July 31, 17",-0.0303
0,2017-07-28,45.8,46.4,45.2,45.6,45.6,1219300.0,1219300.0,-0.2,-0.437,45.73333,"July 28, 17",-0.00437
0,2017-07-27,47.6,47.6,45.6,46.4,46.4,1824800.0,1824800.0,-1.2,-2.521,46.53333,"July 27, 17",-0.02521
0,2017-07-26,49.0,49.2,47.6,47.8,47.8,1331800.0,1331800.0,-1.2,-2.449,48.2,"July 26, 17",-0.02449
0,2017-07-25,49.6,50.0,48.6,48.8,48.8,1299400.0,1299400.0,-0.8,-1.613,49.13333,"July 25, 17",-0.01613
0,2017-07-24,49.2,49.8,48.2,49.8,49.8,1048400.0,1048400.0,0.6,1.22,49.26667,"July 24, 17",0.0122
0,2017-07-21,50.4,51.0,48.6,49.6,49.6,1119000.0,1119000.0,-0.8,-1.587,49.73333,"July 21, 17",-0.01587
0,2017-07-20,52.4,52.4,49.6,50.8,50.8,1935600.0,1935600.0,-1.6,-3.053,50.93333,"July 20, 17",-0.03053
0,2017-07-19,53.0,55.4,52.0,52.6,52.6,3374500.0,3374500.0,-0.4,-0.755,53.33333,"July 19, 17",-0.00755
0,2017-07-18,49.4,52.2,48.0,51.6,51.6,3654900.0,3654900.0,2.2,4.453,50.6,"July 18, 17",0.04453
0,2017-07-17,47.6,47.6,45.6,46.2,46.2,1439700.0,1439700.0,-1.4,-2.941,46.46667,"July 17, 17",-0.02941
0,2017-07-14,45.0,47.6,45.0,46.6,46.6,1376800.0,1376800.0,1.6,3.556,46.4,"July 14, 17",0.03556
0,2017-07-13,44.8,46.2,44.4,44.6,44.6,1461400.0,1461400.0,-0.2,-0.446,45.06667,"July 13, 17",-0.00446
0,2017-07-12,45.2,46.4,44.2,45.0,45.0,1758100.0,1758100.0,-0.2,-0.442,45.2,"July 12, 17",-0.00442
0,2017-07-11,47.0,47.2,45.0,45.0,45.0,2167700.0,2167700.0,-2.0,-4.255,45.73333,"July 11, 17",-0.04255
0,2017-07-10,48.0,48.2,46.0,46.8,46.8,1729400.0,1729400.0,-1.2,-2.5,47.0,"July 10, 17",-0.025
0,2017-07-07,47.6,50.2,46.0,47.4,47.4,2457300.0,2457300.0,-0.2,-0.42,47.86667,"July 07, 17",-0.0042
0,2017-07-06,50.4,50.4,46.6,47.2,47.2,2841700.0,2841700.0,-3.2,-6.349,48.06667,"July 06, 17",-0.06349
0,2017-07-05,53.6,54.0,49.0,49.6,49.6,3692500.0,3692500.0,-4.0,-7.463,50.86667,"July 05, 17",-0.07463
0,2017-07-03,58.4,58.6,53.8,53.8,53.8,2262200.0,2262200.0,-4.6,-7.877,55.4,"July 03, 17",-0.07877
0,2017-06-30,55.4,59.0,52.2,59.0,59.0,5187800.0,5187800.0,3.6,6.498,56.73333,"June 30, 17",0.06498
0,2017-06-29,61.6,62.4,55.0,57.8,57.8,10656400.0,10656400.0,-3.8,-6.169,58.4,"June 29, 17",-0.06169
0,2017-06-28,73.6,84.2,73.6,78.6,78.6,4352800.0,4352800.0,5.0,6.793,78.8,"June 28, 17",0.06793
0,2017-06-27,79.0,80.0,72.0,74.8,74.8,3638000.0,3638000.0,-4.2,-5.316,75.6,"June 27, 17",-0.05316
0,2017-06-26,62.2,83.2,61.6,81.0,81.0,6848600.0,6848600.0,18.8,30.225,75.26667,"June 26, 17",0.30225
0,2017-06-23,62.0,63.4,61.2,62.2,62.2,1270300.0,1270300.0,0.2,0.323,62.26667,"June 23, 17",0.00323
0,2017-06-22,64.6,65.0,60.8,61.6,61.6,1491200.0,1491200.0,-3.0,-4.644,62.46667,"June 22, 17",-0.04644
0,2017-06-21,67.0,67.4,62.4,63.8,63.8,1049000.0,1049000.0,-3.2,-4.776,64.53333,"June 21, 17",-0.04776
0,2017-06-20,70.2,70.2,63.8,65.4,65.4,1448400.0,1448400.0,-4.8,-6.838,66.46667,"June 20, 17",-0.06838
0,2017-06-19,61.0,70.0,61.0,67.2,67.2,1884300.0,1884300.0,6.2,10.164,66.06667,"June 19, 17",0.10164
0,2017-06-16,59.8,61.0,58.0,60.0,60.0,1237200.0,1237200.0,0.2,0.334,59.66667,"June 16, 17",0.00334
0,2017-06-15,60.8,61.2,58.4,59.0,59.0,956300.0,956300.0,-1.8,-2.961,59.53333,"June 15, 17",-0.02961
0,2017-06-14,62.4,62.6,60.8,61.4,61.4,547600.0,547600.0,-1.0,-1.603,61.6,"June 14, 17",-0.01603
0,2017-06-13,60.6,63.0,60.4,62.2,62.2,687900.0,687900.0,1.6,2.64,61.86667,"June 13, 17",0.0264
0,2017-06-12,61.4,62.0,58.2,60.4,60.4,1280700.0,1280700.0,-1.0,-1.629,60.2,"June 12, 17",-0.01629
0,2017-06-09,70.6,71.6,58.8,60.0,60.0,3985800.0,3985800.0,-10.6,-15.014,63.46667,"June 09, 17",-0.15014
0,2017-06-08,68.0,71.8,66.0,70.6,70.6,1088100.0,1088100.0,2.6,3.824,69.46667,"June 08, 17",0.03824
0,2017-06-07,69.6,70.6,66.4,68.2,68.2,1074200.0,1074200.0,-1.4,-2.011,68.4,"June 07, 17",-0.02011
0,2017-06-06,74.4,74.8,68.0,68.2,68.2,1317700.0,1317700.0,-6.2,-8.333,70.33333,"June 06, 17",-0.08333
0,2017-06-05,74.2,75.6,73.0,75.0,75.0,696200.0,696200.0,0.8,1.078,74.53333,"June 05, 17",0.01078
0,2017-06-02,69.4,74.8,68.8,73.6,73.6,1187100.0,1187100.0,4.2,6.052,72.4,"June 02, 17",0.06052
0,2017-06-01,68.2,71.0,68.0,70.6,70.6,1071800.0,1071800.0,2.4,3.519,69.86667,"June 01, 17",0.03519
0,2017-05-31,70.8,71.8,67.6,68.2,68.2,3104000.0,3104000.0,-2.6,-3.672,69.2,"May 31, 17",-0.03672
0,2017-05-30,73.2,73.4,69.0,69.2,69.2,1353300.0,1353300.0,-4.0,-5.464,70.53333,"May 30, 17",-0.05464
0,2017-05-26,74.0,74.8,73.0,73.4,73.4,340900.0,340900.0,-0.6,-0.811,73.73333,"May 26, 17",-0.00811
0,2017-05-25,73.6,75.4,73.2,74.0,74.0,583400.0,583400.0,0.4,0.543,74.2,"May 25, 17",0.00543
0,2017-05-24,70.8,75.4,70.8,73.2,73.2,1266500.0,1266500.0,2.4,3.39,73.13333,"May 24, 17",0.0339
0,2017-05-23,73.0,74.8,70.4,70.8,70.8,728300.0,728300.0,-2.2,-3.014,72.0,"May 23, 17",-0.03014
0,2017-05-22,69.6,75.4,69.2,72.0,72.0,1026100.0,1026100.0,2.4,3.448,72.2,"May 22, 17",0.03448
0,2017-05-19,72.0,72.2,68.8,69.2,69.2,888000.0,888000.0,-2.8,-3.889,70.06667,"May 19, 17",-0.03889
0,2017-05-18,73.4,73.4,66.4,68.6,68.6,1525200.0,1525200.0,-4.8,-6.54,69.46667,"May 18, 17",-0.0654
0,2017-05-17,76.6,76.6,72.8,73.4,73.4,782800.0,782800.0,-3.2,-4.178,74.26667,"May 17, 17",-0.04178
0,2017-05-16,81.6,81.6,73.0,75.6,75.6,1703300.0,1703300.0,-6.0,-7.353,76.73333,"May 16, 17",-0.07353
0,2017-05-15,79.4,82.6,77.6,82.2,82.2,848600.0,848600.0,2.8,3.526,80.8,"May 15, 17",0.03526
0,2017-05-12,80.0,80.2,78.2,79.0,79.0,452800.0,452800.0,-1.0,-1.25,79.13333,"May 12, 17",-0.0125
0,2017-05-11,82.6,82.8,79.4,80.2,80.2,597000.0,597000.0,-2.4,-2.906,80.8,"May 11, 17",-0.02906
0,2017-05-10,81.4,84.6,80.6,82.2,82.2,514200.0,514200.0,0.8,0.983,82.46667,"May 10, 17",0.00983
0,2017-05-09,83.4,83.8,81.0,81.4,81.4,890500.0,890500.0,-2.0,-2.398,82.06667,"May 09, 17",-0.02398
0,2017-05-08,82.4,82.4,80.6,81.0,81.0,264100.0,264100.0,-1.4,-1.699,81.33333,"May 08, 17",-0.01699
0,2017-05-05,80.6,82.8,79.8,82.2,82.2,658900.0,658900.0,1.6,1.985,81.6,"May 05, 17",0.01985
0,2017-05-04,81.6,81.8,79.4,79.6,79.6,512600.0,512600.0,-2.0,-2.451,80.26667,"May 04, 17",-0.02451
0,2017-05-03,82.8,83.0,80.6,81.2,81.2,602600.0,602600.0,-1.6,-1.932,81.6,"May 03, 17",-0.01932
0,2017-05-02,84.8,85.8,81.0,82.2,82.2,886500.0,886500.0,-2.6,-3.066,83.0,"May 02, 17",-0.03066
0,2017-05-01,80.0,85.2,78.8,84.8,84.8,947200.0,947200.0,4.8,6.0,82.93333,"May 01, 17",0.06
0,2017-04-28,79.4,81.2,78.2,80.0,80.0,778100.0,778100.0,0.6,0.756,79.8,"April 28, 17",0.00756
0,2017-04-27,80.0,80.0,78.0,79.0,79.0,447700.0,447700.0,-1.0,-1.25,79.0,"April 27, 17",-0.0125
0,2017-04-26,80.4,82.0,79.6,80.0,80.0,700300.0,700300.0,-0.4,-0.498,80.53333,"April 26, 17",-0.00498
0,2017-04-25,77.6,81.4,76.6,79.4,79.4,1367800.0,1367800.0,1.8,2.32,79.13333,"April 25, 17",0.0232
0,2017-04-24,76.6,77.0,74.0,74.6,74.6,1298400.0,1298400.0,-2.0,-2.611,75.2,"April 24, 17",-0.02611
0,2017-04-21,79.4,79.6,75.2,76.0,76.0,1424400.0,1424400.0,-3.4,-4.282,76.93333,"April 21, 17",-0.04282
0,2017-04-20,82.8,83.4,75.0,79.4,79.4,1898400.0,1898400.0,-3.4,-4.106,79.26667,"April 20, 17",-0.04106
0,2017-04-19,89.8,91.0,81.0,81.6,81.6,1598100.0,1598100.0,-8.2,-9.131,84.53333,"April 19, 17",-0.09131
0,2017-04-18,91.4,91.4,89.2,89.4,89.4,538800.0,538800.0,-2.0,-2.188,90.0,"April 18, 17",-0.02188
0,2017-04-17,91.0,92.2,90.2,91.4,91.4,415300.0,415300.0,0.4,0.44,91.26667,"April 17, 17",0.0044
0,2017-04-13,91.4,92.2,90.2,90.8,90.8,569900.0,569900.0,-0.6,-0.656,91.06667,"April 13, 17",-0.00656
0,2017-04-12,94.8,95.4,90.6,91.4,91.4,586500.0,586500.0,-3.4,-3.586,92.46667,"April 12, 17",-0.03586
0,2017-04-11,94.0,97.4,92.2,95.0,95.0,1170200.0,1170200.0,1.0,1.064,94.86667,"April 11, 17",0.01064
0,2017-04-10,92.6,93.0,92.0,92.2,92.2,442200.0,442200.0,-0.4,-0.432,92.4,"April 10, 17",-0.00432
0,2017-04-07,92.2,93.4,90.0,92.0,92.0,687400.0,687400.0,-0.2,-0.217,91.8,"April 07, 17",-0.00217
0,2017-04-06,87.2,93.8,86.0,91.8,91.8,1651800.0,1651800.0,4.6,5.275,90.53333,"April 06, 17",0.05275
0,2017-04-05,87.0,87.8,84.4,85.2,85.2,1249200.0,1249200.0,-1.8,-2.069,85.8,"April 05, 17",-0.02069
0,2017-04-04,83.8,85.0,83.0,84.2,84.2,778000.0,778000.0,0.4,0.477,84.06667,"April 04, 17",0.00477
0,2017-04-03,85.6,86.8,83.0,83.8,83.8,898900.0,898900.0,-1.8,-2.103,84.53333,"April 03, 17",-0.02103
0,2017-03-31,86.8,87.8,84.4,85.0,85.0,1853400.0,1853400.0,-1.8,-2.074,85.73333,"March 31, 17",-0.02074
0,2017-03-30,89.6,91.0,87.4,88.4,88.4,576400.0,576400.0,-1.2,-1.339,88.93333,"March 30, 17",-0.01339
0,2017-03-29,90.0,91.8,89.4,89.6,89.6,591900.0,591900.0,-0.4,-0.444,90.26667,"March 29, 17",-0.00444
0,2017-03-28,92.0,92.2,90.2,90.6,90.6,401300.0,401300.0,-1.4,-1.522,91.0,"March 28, 17",-0.01522
0,2017-03-27,91.0,93.0,90.2,92.0,92.0,402000.0,402000.0,1.0,1.099,91.73333,"March 27, 17",0.01099
0,2017-03-24,91.0,92.4,90.4,91.4,91.4,475800.0,475800.0,0.4,0.44,91.4,"March 24, 17",0.0044
0,2017-03-23,90.0,92.2,89.2,91.2,91.2,697700.0,697700.0,1.2,1.333,90.86667,"March 23, 17",0.01333
0,2017-03-22,89.0,90.6,87.8,89.0,89.0,685500.0,685500.0,0.0,0.0,89.13333,"March 22, 17",0.0
0,2017-03-21,94.0,94.2,89.4,89.6,89.6,1832200.0,1832200.0,-4.4,-4.681,91.06667,"March 21, 17",-0.04681
0,2017-03-20,97.2,97.4,93.0,94.2,94.2,1306900.0,1306900.0,-3.0,-3.086,94.86667,"March 20, 17",-0.03086
0,2017-03-17,101.2,101.6,95.6,97.0,97.0,1612000.0,1612000.0,-4.2,-4.15,98.06667,"March 17, 17",-0.0415
0,2017-03-16,98.8,103.0,98.6,100.8,100.8,1181700.0,1181700.0,2.0,2.024,100.8,"March 16, 17",0.02024
0,2017-03-15,99.8,100.0,94.2,98.4,98.4,1740400.0,1740400.0,-1.4,-1.403,97.53333,"March 15, 17",-0.01403
0,2017-03-14,94.6,101.2,92.4,97.4,97.4,1440100.0,1440100.0,2.8,2.96,97.0,"March 14, 17",0.0296
0,2017-03-13,97.0,97.2,94.4,94.6,94.6,345800.0,345800.0,-2.4,-2.474,95.4,"March 13, 17",-0.02474
0,2017-03-10,93.2,98.2,93.2,96.6,96.6,1051300.0,1051300.0,3.4,3.648,96.0,"March 10, 17",0.03648
0,2017-03-09,95.8,96.0,92.2,93.2,93.2,1302900.0,1302900.0,-2.6,-2.714,93.8,"March 09, 17",-0.02714
0,2017-03-08,100.6,100.6,92.8,93.0,93.0,2196000.0,2196000.0,-7.6,-7.555,95.46667,"March 08, 17",-0.07555
0,2017-03-07,105.0,105.6,99.8,100.2,100.2,1625700.0,1625700.0,-4.8,-4.571,101.86667,"March 07, 17",-0.04571
0,2017-03-06,109.4,109.8,104.0,104.6,104.6,1496800.0,1496800.0,-4.8,-4.388,106.13333,"March 06, 17",-0.04388
0,2017-03-03,115.6,116.4,105.6,109.0,109.0,1829100.0,1829100.0,-6.6,-5.709,110.33333,"March 03, 17",-0.05709
0,2017-03-02,118.0,118.4,114.0,115.4,115.4,878900.0,878900.0,-2.6,-2.203,115.93333,"March 02, 17",-0.02203
0,2017-03-01,120.0,120.4,118.0,118.4,118.4,575800.0,575800.0,-1.6,-1.333,118.93333,"March 01, 17",-0.01333
0,2017-02-28,119.6,120.2,118.8,120.0,120.0,560700.0,560700.0,0.4,0.334,119.66667,"February 28, 17",0.00334
0,2017-02-27,119.4,120.4,118.8,120.0,120.0,410200.0,410200.0,0.6,0.503,119.73333,"February 27, 17",0.00503
0,2017-02-24,117.8,120.8,117.8,119.4,119.4,419400.0,419400.0,1.6,1.358,119.33333,"February 24, 17",0.01358
0,2017-02-23,119.2,119.8,117.8,118.2,118.2,568300.0,568300.0,-1.0,-0.839,118.6,"February 23, 17",-0.00839
0,2017-02-22,119.0,119.6,118.4,119.2,119.2,409800.0,409800.0,0.2,0.168,119.06667,"February 22, 17",0.00168
0,2017-02-21,119.0,123.0,117.6,119.0,119.0,876000.0,876000.0,0.0,0.0,119.86667,"February 21, 17",0.0
0,2017-02-17,117.8,119.2,117.4,118.8,118.8,893800.0,893800.0,1.0,0.849,118.46667,"February 17, 17",0.00849
0,2017-02-16,117.6,118.0,116.0,117.4,117.4,843400.0,843400.0,-0.2,-0.17,117.13333,"February 16, 17",-0.0017
0,2017-02-15,115.4,117.6,115.2,115.8,115.8,786400.0,786400.0,0.4,0.347,116.2,"February 15, 17",0.00347
0,2017-02-14,114.2,115.0,112.8,114.4,114.4,474200.0,474200.0,0.2,0.175,114.06667,"February 14, 17",0.00175
0,2017-02-13,114.8,115.2,112.4,114.0,114.0,852500.0,852500.0,-0.8,-0.697,113.86667,"February 13, 17",-0.00697
0,2017-02-10,111.0,114.0,110.6,112.2,112.2,994500.0,994500.0,1.2,1.081,112.26667,"February 10, 17",0.01081
0,2017-02-09,106.6,110.6,106.6,109.6,109.6,775900.0,775900.0,3.0,2.814,108.93333,"February 09, 17",0.02814
0,2017-02-08,105.2,109.2,104.2,106.6,106.6,719900.0,719900.0,1.4,1.331,106.66667,"February 08, 17",0.01331
0,2017-02-07,106.0,106.2,104.2,105.8,105.8,520800.0,520800.0,-0.2,-0.189,105.4,"February 07, 17",-0.00189
0,2017-02-06,106.0,106.6,104.0,105.8,105.8,740800.0,740800.0,-0.2,-0.189,105.46667,"February 06, 17",-0.00189
0,2017-02-03,105.2,107.6,104.6,105.4,105.4,949900.0,949900.0,0.2,0.19,105.86667,"February 03, 17",0.0019
0,2017-02-02,107.2,107.2,104.0,105.0,105.0,1365600.0,1365600.0,-2.2,-2.052,105.4,"February 02, 17",-0.02052
0,2017-02-01,112.4,112.6,105.2,105.4,105.4,2557000.0,2557000.0,-7.0,-6.228,107.73333,"February 01, 17",-0.06228
0,2017-01-31,114.2,115.2,112.0,112.4,112.4,1609200.0,1609200.0,-1.8,-1.576,113.2,"January 31, 17",-0.01576
0,2017-01-30,115.0,118.6,114.0,114.4,114.4,5635300.0,5635300.0,-0.6,-0.522,115.66667,"January 30, 17",-0.00522
0,2017-01-27,137.0,140.4,125.2,138.6,138.6,4303100.0,4303100.0,1.6,1.168,134.73333,"January 27, 17",0.01168
0,2017-01-26,141.0,144.6,135.2,135.6,135.6,2046700.0,2046700.0,-5.4,-3.83,138.46667,"January 26, 17",-0.0383
0,2017-01-25,140.4,143.6,137.4,138.0,138.0,1584200.0,1584200.0,-2.4,-1.709,139.66667,"January 25, 17",-0.01709
0,2017-01-24,140.4,143.6,134.4,139.0,139.0,2766700.0,2766700.0,-1.4,-0.997,139.0,"January 24, 17",-0.00997
0,2017-01-23,149.0,149.0,137.6,138.0,138.0,2305200.0,2305200.0,-11.0,-7.383,141.53333,"January 23, 17",-0.07383
0,2017-01-20,172.0,172.2,139.0,149.2,149.2,4958400.0,4958400.0,-22.8,-13.256,153.46667,"January 20, 17",-0.13256
0,2017-01-19,173.0,173.0,171.6,172.0,172.0,670700.0,670700.0,-1.0,-0.578,172.2,"January 19, 17",-0.00578
0,2017-01-18,173.0,173.2,172.2,173.0,173.0,501200.0,501200.0,0.0,0.0,172.8,"January 18, 17",0.0
0,2017-01-17,173.4,174.0,171.4,173.4,173.4,1101800.0,1101800.0,0.0,0.0,172.93333,"January 17, 17",0.0
0,2017-01-13,174.4,175.4,173.0,173.2,173.2,1715100.0,1715100.0,-1.2,-0.688,173.86667,"January 13, 17",-0.00688
0,2017-01-12,172.8,174.4,171.4,174.0,174.0,1274000.0,1274000.0,1.2,0.694,173.26667,"January 12, 17",0.00694
0,2017-01-11,172.2,173.8,172.0,172.0,172.0,2489900.0,2489900.0,-0.2,-0.116,172.6,"January 11, 17",-0.00116
0,2017-01-10,168.4,169.6,166.0,166.4,166.4,1020800.0,1020800.0,-2.0,-1.188,167.33333,"January 10, 17",-0.01188
0,2017-01-09,169.2,170.4,166.8,169.0,169.0,689000.0,689000.0,-0.2,-0.118,168.73333,"January 09, 17",-0.00118
0,2017-01-06,164.0,169.2,163.0,168.0,168.0,1572900.0,1572900.0,4.0,2.439,166.73333,"January 06, 17",0.02439
0,2017-01-05,165.6,166.2,163.2,163.8,163.8,676800.0,676800.0,-1.8,-1.087,164.4,"January 05, 17",-0.01087
0,2017-01-04,163.8,166.2,163.0,165.4,165.4,751800.0,751800.0,1.6,0.977,164.86667,"January 04, 17",0.00977
0,2017-01-03,164.6,166.2,162.6,163.6,163.6,730900.0,730900.0,-1.0,-0.608,164.13333,"January 03, 17",-0.00608
0,2016-12-30,165.6,165.8,164.0,164.8,164.8,418100.0,418100.0,-0.8,-0.483,164.86667,"December 30, 16",-0.00483
0,2016-12-29,165.4,166.0,163.8,165.0,165.0,424200.0,424200.0,-0.4,-0.242,164.93333,"December 29, 16",-0.00242
0,2016-12-28,166.8,166.8,162.2,165.0,165.0,946800.0,946800.0,-1.8,-1.079,164.66667,"December 28, 16",-0.01079
0,2016-12-27,166.8,167.8,166.4,166.4,166.4,421300.0,421300.0,-0.4,-0.24,166.86667,"December 27, 16",-0.0024
0,2016-12-23,168.0,168.8,167.0,167.8,167.8,453200.0,453200.0,-0.2,-0.119,167.86667,"December 23, 16",-0.00119
0,2016-12-22,167.4,169.4,167.0,168.8,168.8,939400.0,939400.0,1.4,0.836,168.4,"December 22, 16",0.00836
0,2016-12-21,172.2,172.2,169.4,169.4,169.4,1195200.0,1195200.0,-2.8,-1.626,170.33333,"December 21, 16",-0.01626
0,2016-12-20,173.6,173.8,171.6,172.2,172.2,3750000.0,3750000.0,-1.4,-0.806,172.53333,"December 20, 16",-0.00806
0,2016-12-19,165.2,165.4,159.6,163.4,163.4,890900.0,890900.0,-1.8,-1.09,162.8,"December 19, 16",-0.0109
0,2016-12-16,167.0,168.2,161.6,164.6,164.6,1227800.0,1227800.0,-2.4,-1.437,164.8,"December 16, 16",-0.01437
0,2016-12-15,166.6,168.2,166.2,167.6,167.6,237900.0,237900.0,1.0,0.6,167.33333,"December 15, 16",0.006
0,2016-12-14,167.6,168.0,166.6,166.8,166.8,305500.0,305500.0,-0.8,-0.477,167.13333,"December 14, 16",-0.00477
0,2016-12-13,166.8,168.4,165.6,167.4,167.4,519300.0,519300.0,0.6,0.36,167.13333,"December 13, 16",0.0036
0,2016-12-12,168.0,169.0,165.0,165.6,165.6,1011300.0,1011300.0,-2.4,-1.429,166.53333,"December 12, 16",-0.01429
0,2016-12-09,164.0,170.0,163.6,168.8,168.8,1830600.0,1830600.0,4.8,2.927,167.46667,"December 09, 16",0.02927
0,2016-12-08,161.6,163.6,161.2,163.0,163.0,436000.0,436000.0,1.4,0.866,162.6,"December 08, 16",0.00866
0,2016-12-07,162.4,163.0,161.0,161.6,161.6,484700.0,484700.0,-0.8,-0.493,161.86667,"December 07, 16",-0.00493
0,2016-12-06,162.0,163.0,161.4,162.4,162.4,314200.0,314200.0,0.4,0.247,162.26667,"December 06, 16",0.00247
0,2016-12-05,161.2,162.2,160.6,161.2,161.2,616800.0,616800.0,0.0,0.0,161.33333,"December 05, 16",0.0
0,2016-12-02,161.4,163.0,160.2,160.2,160.2,685800.0,685800.0,-1.2,-0.743,161.13333,"December 02, 16",-0.00743
0,2016-12-01,159.6,160.2,158.4,159.6,159.6,401600.0,401600.0,0.0,0.0,159.4,"December 01, 16",0.0
0,2016-11-30,160.0,161.0,158.8,159.2,159.2,537500.0,537500.0,-0.8,-0.5,159.66667,"November 30, 16",-0.005
0,2016-11-29,155.6,161.6,155.4,161.0,161.0,1136800.0,1136800.0,5.4,3.47,159.33333,"November 29, 16",0.0347
0,2016-11-28,156.4,157.2,154.8,155.2,155.2,538000.0,538000.0,-1.2,-0.767,155.73333,"November 28, 16",-0.00767
0,2016-11-25,156.8,157.6,156.0,157.0,157.0,177300.0,177300.0,0.2,0.128,156.86667,"November 25, 16",0.00128
0,2016-11-23,153.2,156.4,153.0,156.0,156.0,340000.0,340000.0,2.8,1.828,155.13333,"November 23, 16",0.01828
0,2016-11-22,154.6,155.2,152.6,153.0,153.0,374500.0,374500.0,-1.6,-1.035,153.6,"November 22, 16",-0.01035
0,2016-11-21,154.8,155.6,154.4,154.8,154.8,272000.0,272000.0,0.0,0.0,154.93333,"November 21, 16",0.0
0,2016-11-18,153.6,154.8,153.2,153.4,153.4,412100.0,412100.0,-0.2,-0.13,153.8,"November 18, 16",-0.0013
0,2016-11-17,156.0,157.4,151.6,152.2,152.2,785600.0,785600.0,-3.8,-2.436,153.73333,"November 17, 16",-0.02436
0,2016-11-16,149.2,157.8,148.0,156.4,156.4,1896100.0,1896100.0,7.2,4.826,154.06667,"November 16, 16",0.04826
0,2016-11-15,149.4,151.2,147.8,149.6,149.6,859600.0,859600.0,0.2,0.134,149.53333,"November 15, 16",0.00134
0,2016-11-14,144.6,148.0,144.6,145.2,145.2,363900.0,363900.0,0.6,0.415,145.93333,"November 14, 16",0.00415
0,2016-11-11,140.8,146.6,140.0,145.4,145.4,1039800.0,1039800.0,4.6,3.267,144.0,"November 11, 16",0.03267
0,2016-11-10,134.0,140.8,133.4,140.8,140.8,777800.0,777800.0,6.8,5.075,138.33333,"November 10, 16",0.05075
0,2016-11-09,137.6,144.4,133.0,133.4,133.4,1754500.0,1754500.0,-4.2,-3.052,136.93333,"November 09, 16",-0.03052
0,2016-11-08,127.4,138.0,126.6,137.2,137.2,1045900.0,1045900.0,9.8,7.692,133.93333,"November 08, 16",0.07692
0,2016-11-07,130.0,132.0,129.8,130.2,130.2,377500.0,377500.0,0.2,0.154,130.66667,"November 07, 16",0.00154
0,2016-11-04,129.0,131.4,128.4,129.0,129.0,447800.0,447800.0,0.0,0.0,129.6,"November 04, 16",0.0
0,2016-11-03,130.4,130.6,128.4,128.6,128.6,491300.0,491300.0,-1.8,-1.38,129.2,"November 03, 16",-0.0138
0,2016-11-02,130.8,131.8,129.8,130.2,130.2,519300.0,519300.0,-0.6,-0.459,130.6,"November 02, 16",-0.00459
0,2016-11-01,134.2,134.4,129.6,130.2,130.2,749300.0,749300.0,-4.0,-2.981,131.4,"November 01, 16",-0.02981
0,2016-10-31,132.4,134.6,131.6,134.2,134.2,488000.0,488000.0,1.8,1.36,133.46667,"October 31, 16",0.0136
0,2016-10-28,134.4,134.4,131.6,132.6,132.6,569400.0,569400.0,-1.8,-1.339,132.86667,"October 28, 16",-0.01339
0,2016-10-27,136.4,136.8,132.6,133.8,133.8,521400.0,521400.0,-2.6,-1.906,134.4,"October 27, 16",-0.01906
0,2016-10-26,140.4,140.8,134.2,135.8,135.8,914300.0,914300.0,-4.6,-3.276,136.93333,"October 26, 16",-0.03276
0,2016-10-25,141.0,141.2,140.0,140.2,140.2,300100.0,300100.0,-0.8,-0.567,140.46667,"October 25, 16",-0.00567
0,2016-10-24,141.6,142.6,140.0,140.6,140.6,294100.0,294100.0,-1.0,-0.706,141.06667,"October 24, 16",-0.00706
0,2016-10-21,140.6,142.2,140.0,140.8,140.8,1087200.0,1087200.0,0.2,0.142,141.0,"October 21, 16",0.00142
0,2016-10-20,139.6,144.0,138.4,142.2,142.2,2876100.0,2876100.0,2.6,1.862,141.53333,"October 20, 16",0.01862
0,2016-10-19,136.6,137.0,132.6,133.2,133.2,2785000.0,2785000.0,-3.4,-2.489,134.26667,"October 19, 16",-0.02489
0,2016-10-18,141.8,142.6,140.0,140.4,140.4,621300.0,621300.0,-1.4,-0.987,141.0,"October 18, 16",-0.00987
0,2016-10-17,141.8,142.8,139.4,140.8,140.8,463500.0,463500.0,-1.0,-0.705,141.0,"October 17, 16",-0.00705
0,2016-10-14,140.8,142.6,136.0,141.2,141.2,2452500.0,2452500.0,0.4,0.284,139.93333,"October 14, 16",0.00284
0,2016-10-13,143.8,146.0,143.2,144.0,144.0,865600.0,865600.0,0.2,0.139,144.4,"October 13, 16",0.00139
0,2016-10-12,146.8,146.8,139.2,142.8,142.8,1244200.0,1244200.0,-4.0,-2.725,142.93333,"October 12, 16",-0.02725
0,2016-10-11,147.4,148.6,146.6,147.4,147.4,582100.0,582100.0,0.0,0.0,147.53333,"October 11, 16",0.0
0,2016-10-10,148.8,149.0,146.2,146.8,146.8,217600.0,217600.0,-2.0,-1.344,147.33333,"October 10, 16",-0.01344
0,2016-10-07,147.6,152.8,143.0,148.2,148.2,1445000.0,1445000.0,0.6,0.407,148.0,"October 07, 16",0.00407
0,2016-10-06,150.8,152.0,145.2,147.4,147.4,1125600.0,1125600.0,-3.4,-2.255,148.2,"October 06, 16",-0.02255
0,2016-10-05,152.0,152.2,150.6,151.6,151.6,1326700.0,1326700.0,-0.4,-0.263,151.46667,"October 05, 16",-0.00263
0,2016-10-04,153.2,153.8,150.8,151.8,151.8,775800.0,775800.0,-1.4,-0.914,152.13333,"October 04, 16",-0.00914
0,2016-10-03,154.8,155.2,152.0,153.6,153.6,431300.0,431300.0,-1.2,-0.775,153.6,"October 03, 16",-0.00775
0,2016-09-30,152.2,155.2,152.0,153.8,153.8,656700.0,656700.0,1.6,1.051,153.66667,"September 30, 16",0.01051
0,2016-09-29,155.2,155.6,151.0,151.4,151.4,1177500.0,1177500.0,-3.8,-2.448,152.66667,"September 29, 16",-0.02448
0,2016-09-28,160.0,161.8,152.4,154.4,154.4,2760100.0,2760100.0,-5.6,-3.5,156.2,"September 28, 16",-0.035
0,2016-09-27,160.6,161.4,160.6,161.4,161.4,490500.0,490500.0,0.8,0.498,161.13333,"September 27, 16",0.00498
0,2016-09-26,161.4,161.8,160.2,160.8,160.8,576900.0,576900.0,-0.6,-0.372,160.93333,"September 26, 16",-0.00372
0,2016-09-23,162.2,162.6,161.2,161.8,161.8,282000.0,282000.0,-0.4,-0.247,161.86667,"September 23, 16",-0.00247
0,2016-09-22,161.8,163.2,161.0,162.4,162.4,373200.0,373200.0,0.6,0.371,162.2,"September 22, 16",0.00371
0,2016-09-21,161.0,162.6,160.6,162.0,162.0,897500.0,897500.0,1.0,0.621,161.73333,"September 21, 16",0.00621
0,2016-09-20,160.0,161.6,160.0,160.8,160.8,303800.0,303800.0,0.8,0.5,160.8,"September 20, 16",0.005
0,2016-09-19,160.8,161.6,160.0,160.2,160.2,327700.0,327700.0,-0.6,-0.373,160.6,"September 19, 16",-0.00373
0,2016-09-16,161.2,161.8,160.2,160.6,160.6,518500.0,518500.0,-0.6,-0.372,160.86667,"September 16, 16",-0.00372
0,2016-09-15,162.0,162.4,159.8,161.2,161.2,884200.0,884200.0,-0.8,-0.494,161.13333,"September 15, 16",-0.00494
0,2016-09-14,163.0,164.4,160.6,161.6,161.6,1103800.0,1103800.0,-1.4,-0.859,162.2,"September 14, 16",-0.00859
0,2016-09-13,162.4,163.6,162.0,162.6,162.6,581800.0,581800.0,0.2,0.123,162.73333,"September 13, 16",0.00123
0,2016-09-12,163.0,163.2,162.0,162.4,162.4,624000.0,624000.0,-0.6,-0.368,162.53333,"September 12, 16",-0.00368
0,2016-09-09,163.8,164.2,162.6,163.0,163.0,874200.0,874200.0,-0.8,-0.488,163.26667,"September 09, 16",-0.00488
0,2016-09-08,155.0,166.0,155.0,164.2,164.2,3456200.0,3456200.0,9.2,5.935,161.73333,"September 08, 16",0.05935
0,2016-09-07,152.2,155.6,152.0,155.0,155.0,596100.0,596100.0,2.8,1.84,154.2,"September 07, 16",0.0184
0,2016-09-06,151.0,152.6,151.0,151.2,151.2,354300.0,354300.0,0.2,0.132,151.6,"September 06, 16",0.00132
0,2016-09-02,150.4,152.2,150.0,151.8,151.8,265200.0,265200.0,1.4,0.931,151.33333,"September 02, 16",0.00931
0,2016-09-01,151.4,151.6,150.0,150.8,150.8,176800.0,176800.0,-0.6,-0.396,150.8,"September 01, 16",-0.00396
0,2016-08-31,149.2,150.6,147.8,150.6,150.6,434900.0,434900.0,1.4,0.938,149.66667,"August 31, 16",0.00938
0,2016-08-30,148.0,149.4,147.2,149.0,149.0,759700.0,759700.0,1.0,0.676,148.53333,"August 30, 16",0.00676
0,2016-08-29,149.0,150.0,147.8,148.4,148.4,418200.0,418200.0,-0.6,-0.403,148.73333,"August 29, 16",-0.00403
0,2016-08-26,149.4,150.0,148.4,148.6,148.6,301300.0,301300.0,-0.8,-0.535,149.0,"August 26, 16",-0.00535
0,2016-08-25,149.2,150.6,148.4,149.4,149.4,357800.0,357800.0,0.2,0.134,149.46667,"August 25, 16",0.00134
0,2016-08-24,153.0,153.0,147.8,149.4,149.4,1663500.0,1663500.0,-3.6,-2.353,150.06667,"August 24, 16",-0.02353
0,2016-08-23,154.4,155.0,152.2,153.0,153.0,394800.0,394800.0,-1.4,-0.907,153.4,"August 23, 16",-0.00907
0,2016-08-22,154.4,155.2,154.0,154.6,154.6,296800.0,296800.0,0.2,0.13,154.6,"August 22, 16",0.0013
0,2016-08-19,154.8,155.8,153.6,155.0,155.0,618100.0,618100.0,0.2,0.129,154.8,"August 19, 16",0.00129
0,2016-08-18,152.4,154.6,151.8,154.4,154.4,331500.0,331500.0,2.0,1.312,153.6,"August 18, 16",0.01312
0,2016-08-17,153.4,154.2,152.4,152.6,152.6,402800.0,402800.0,-0.8,-0.522,153.06667,"August 17, 16",-0.00522
0,2016-08-16,152.0,154.2,151.0,154.0,154.0,356200.0,356200.0,2.0,1.316,153.06667,"August 16, 16",0.01316
0,2016-08-15,151.4,152.6,151.2,152.2,152.2,227800.0,227800.0,0.8,0.528,152.0,"August 15, 16",0.00528
0,2016-08-12,151.2,152.2,150.4,151.0,151.0,263600.0,263600.0,-0.2,-0.132,151.2,"August 12, 16",-0.00132
0,2016-08-11,150.0,152.2,149.0,151.2,151.2,1066700.0,1066700.0,1.2,0.8,150.8,"August 11, 16",0.008
0,2016-08-10,147.0,150.8,145.4,149.6,149.6,2110000.0,2110000.0,2.6,1.769,148.6,"August 10, 16",0.01769
0,2016-08-09,140.6,141.6,139.8,141.2,141.2,517200.0,517200.0,0.6,0.427,140.86667,"August 09, 16",0.00427
0,2016-08-08,139.8,141.2,139.2,140.4,140.4,445600.0,445600.0,0.6,0.429,140.26667,"August 08, 16",0.00429
0,2016-08-05,138.4,140.2,137.8,139.6,139.6,314000.0,314000.0,1.2,0.867,139.2,"August 05, 16",0.00867
0,2016-08-04,139.6,140.0,138.2,138.4,138.4,380000.0,380000.0,-1.2,-0.86,138.86667,"August 04, 16",-0.0086
0,2016-08-03,139.2,140.6,138.6,139.6,139.6,369100.0,369100.0,0.4,0.287,139.6,"August 03, 16",0.00287
0,2016-08-02,140.0,141.0,138.6,140.2,140.2,883300.0,883300.0,0.2,0.143,139.93333,"August 02, 16",0.00143
0,2016-08-01,139.8,140.4,139.0,140.4,140.4,352200.0,352200.0,0.6,0.429,139.93333,"August 01, 16",0.00429
0,2016-07-29,139.4,140.4,138.6,140.0,140.0,352200.0,352200.0,0.6,0.43,139.66667,"July 29, 16",0.0043
0,2016-07-28,139.0,140.6,138.2,139.4,139.4,547600.0,547600.0,0.4,0.288,139.4,"July 28, 16",0.00288
0,2016-07-27,142.4,143.0,138.6,139.4,139.4,607700.0,607700.0,-3.0,-2.107,140.33333,"July 27, 16",-0.02107
0,2016-07-26,137.6,140.0,137.0,139.4,139.4,618200.0,618200.0,1.8,1.308,138.8,"July 26, 16",0.01308
0,2016-07-25,137.0,138.8,136.6,138.4,138.4,318100.0,318100.0,1.4,1.022,137.93333,"July 25, 16",0.01022
0,2016-07-22,136.8,138.4,136.2,136.4,136.4,538700.0,538700.0,-0.4,-0.292,137.0,"July 22, 16",-0.00292
0,2016-07-21,137.0,137.8,136.0,137.2,137.2,661800.0,661800.0,0.2,0.146,137.0,"July 21, 16",0.00146
0,2016-07-20,141.8,141.8,137.8,137.8,137.8,856100.0,856100.0,-4.0,-2.821,139.13333,"July 20, 16",-0.02821
0,2016-07-19,141.0,142.8,139.0,141.4,141.4,1427400.0,1427400.0,0.4,0.284,141.06667,"July 19, 16",0.00284
0,2016-07-18,144.0,145.6,139.0,140.2,140.2,1042300.0,1042300.0,-3.8,-2.639,141.6,"July 18, 16",-0.02639
0,2016-07-15,140.4,147.6,140.4,143.8,143.8,1900100.0,1900100.0,3.4,2.422,143.93333,"July 15, 16",0.02422
0,2016-07-14,138.2,142.0,136.8,140.4,140.4,1464100.0,1464100.0,2.2,1.592,139.73333,"July 14, 16",0.01592
0,2016-07-13,138.0,138.6,135.8,137.0,137.0,1117700.0,1117700.0,-1.0,-0.725,137.13333,"July 13, 16",-0.00725
0,2016-07-12,138.2,139.0,133.2,137.4,137.4,1874100.0,1874100.0,-0.8,-0.579,136.53333,"July 12, 16",-0.00579
0,2016-07-11,142.2,143.2,137.0,137.6,137.6,1983100.0,1983100.0,-4.6,-3.235,139.26667,"July 11, 16",-0.03235
0,2016-07-08,146.4,146.8,141.6,142.0,142.0,1190000.0,1190000.0,-4.4,-3.005,143.46667,"July 08, 16",-0.03005
0,2016-07-07,149.0,149.2,145.2,145.8,145.8,873900.0,873900.0,-3.2,-2.148,146.73333,"July 07, 16",-0.02148
0,2016-07-06,147.4,150.2,147.2,148.2,148.2,1589000.0,1589000.0,0.8,0.543,148.53333,"July 06, 16",0.00543
0,2016-07-05,147.4,148.0,145.2,146.0,146.0,922800.0,922800.0,-1.4,-0.95,146.4,"July 05, 16",-0.0095
0,2016-07-01,151.0,151.4,140.6,146.2,146.2,2176300.0,2176300.0,-4.8,-3.179,146.06667,"July 01, 16",-0.03179
0,2016-06-30,153.2,153.4,149.0,149.8,149.8,1195800.0,1195800.0,-3.4,-2.219,150.73333,"June 30, 16",-0.02219
0,2016-06-29,153.6,154.0,152.2,153.0,153.0,457600.0,457600.0,-0.6,-0.391,153.06667,"June 29, 16",-0.00391
0,2016-06-28,152.6,153.2,151.0,152.6,152.6,490100.0,490100.0,0.0,0.0,152.26667,"June 28, 16",0.0
0,2016-06-27,153.8,154.0,150.6,151.0,151.0,778800.0,778800.0,-2.8,-1.821,151.86667,"June 27, 16",-0.01821
0,2016-06-24,153.6,155.0,153.2,154.2,154.2,915300.0,915300.0,0.6,0.391,154.13333,"June 24, 16",0.00391
0,2016-06-23,154.6,155.8,154.4,155.4,155.4,458300.0,458300.0,0.8,0.517,155.2,"June 23, 16",0.00517
0,2016-06-22,154.8,155.4,154.4,154.6,154.6,931500.0,931500.0,-0.2,-0.129,154.8,"June 22, 16",-0.00129
0,2016-06-21,155.4,155.8,154.6,154.8,154.8,532600.0,532600.0,-0.6,-0.386,155.06667,"June 21, 16",-0.00386
0,2016-06-20,155.6,157.2,154.6,154.8,154.8,959400.0,959400.0,-0.8,-0.514,155.53333,"June 20, 16",-0.00514
0,2016-06-17,156.6,157.0,155.0,155.6,155.6,858600.0,858600.0,-1.0,-0.639,155.86667,"June 17, 16",-0.00639
0,2016-06-16,154.0,156.8,154.0,156.2,156.2,1326100.0,1326100.0,2.2,1.429,155.66667,"June 16, 16",0.01429
0,2016-06-15,155.6,157.2,155.6,156.4,156.4,814900.0,814900.0,0.8,0.514,156.4,"June 15, 16",0.00514
0,2016-06-14,157.2,157.4,155.6,156.6,156.6,518100.0,518100.0,-0.6,-0.382,156.53333,"June 14, 16",-0.00382
0,2016-06-13,156.6,157.0,156.0,156.8,156.8,599800.0,599800.0,0.2,0.128,156.6,"June 13, 16",0.00128
0,2016-06-10,151.4,157.6,151.4,156.6,156.6,2600400.0,2600400.0,5.2,3.435,155.2,"June 10, 16",0.03435
0,2016-06-09,152.4,153.4,151.2,151.4,151.4,1306700.0,1306700.0,-1.0,-0.656,152.0,"June 09, 16",-0.00656
0,2016-06-08,154.2,155.0,151.0,152.2,152.2,1673500.0,1673500.0,-2.0,-1.297,152.73333,"June 08, 16",-0.01297
0,2016-06-07,155.2,155.2,154.2,154.2,154.2,735800.0,735800.0,-1.0,-0.644,154.53333,"June 07, 16",-0.00644
0,2016-06-06,154.6,155.6,154.4,155.4,155.4,409300.0,409300.0,0.8,0.517,155.13333,"June 06, 16",0.00517
0,2016-06-03,155.0,155.2,154.0,154.4,154.4,271900.0,271900.0,-0.6,-0.387,154.53333,"June 03, 16",-0.00387
0,2016-06-02,154.4,156.0,154.4,155.4,155.4,325300.0,325300.0,1.0,0.648,155.26667,"June 02, 16",0.00648
0,2016-06-01,154.0,155.4,153.6,154.8,154.8,490900.0,490900.0,0.8,0.519,154.6,"June 01, 16",0.00519
0,2016-05-31,155.0,155.6,153.6,154.0,154.0,527300.0,527300.0,-1.0,-0.645,154.4,"May 31, 16",-0.00645
0,2016-05-27,157.0,157.2,154.0,155.0,155.0,703500.0,703500.0,-2.0,-1.274,155.4,"May 27, 16",-0.01274
0,2016-05-26,154.0,157.4,153.6,156.6,156.6,1075800.0,1075800.0,2.6,1.688,155.86667,"May 26, 16",0.01688
0,2016-05-25,153.0,154.4,152.4,153.2,153.2,801700.0,801700.0,0.2,0.131,153.33333,"May 25, 16",0.00131
0,2016-05-24,154.0,155.0,151.6,152.6,152.6,976800.0,976800.0,-1.4,-0.909,153.06667,"May 24, 16",-0.00909
0,2016-05-23,153.0,154.4,152.4,153.4,153.4,454100.0,454100.0,0.4,0.261,153.4,"May 23, 16",0.00261
0,2016-05-20,154.6,155.2,148.2,153.2,153.2,1846200.0,1846200.0,-1.4,-0.906,152.2,"May 20, 16",-0.00906
0,2016-05-19,157.8,158.8,154.2,154.4,154.4,1330700.0,1330700.0,-3.4,-2.155,155.8,"May 19, 16",-0.02155
0,2016-05-18,157.0,159.0,156.8,157.2,157.2,542200.0,542200.0,0.2,0.127,157.66667,"May 18, 16",0.00127
0,2016-05-17,159.4,159.8,156.8,157.4,157.4,1014800.0,1014800.0,-2.0,-1.255,158.0,"May 17, 16",-0.01255
0,2016-05-16,159.2,160.0,159.2,159.4,159.4,356700.0,356700.0,0.2,0.126,159.53333,"May 16, 16",0.00126
0,2016-05-13,160.0,160.2,159.0,159.0,159.0,985300.0,985300.0,-1.0,-0.625,159.4,"May 13, 16",-0.00625
0,2016-05-12,160.4,161.2,159.8,160.2,160.2,691600.0,691600.0,-0.2,-0.125,160.4,"May 12, 16",-0.00125
0,2016-05-11,160.0,160.8,159.6,160.0,160.0,1001400.0,1001400.0,0.0,0.0,160.13333,"May 11, 16",0.0
0,2016-05-10,161.2,162.2,161.0,162.0,162.0,438100.0,438100.0,0.8,0.496,161.73333,"May 10, 16",0.00496
0,2016-05-09,159.4,161.6,159.2,161.4,161.4,366600.0,366600.0,2.0,1.255,160.73333,"May 09, 16",0.01255
0,2016-05-06,160.0,160.4,159.0,159.0,159.0,640100.0,640100.0,-1.0,-0.625,159.46667,"May 06, 16",-0.00625
0,2016-05-05,160.2,160.6,159.8,160.0,160.0,342100.0,342100.0,-0.2,-0.125,160.13333,"May 05, 16",-0.00125
0,2016-05-04,160.4,160.8,160.0,160.2,160.2,351900.0,351900.0,-0.2,-0.125,160.33333,"May 04, 16",-0.00125
0,2016-05-03,160.6,161.2,160.0,160.6,160.6,426200.0,426200.0,0.0,0.0,160.6,"May 03, 16",0.0
0,2016-05-02,160.8,161.4,160.2,160.8,160.8,304200.0,304200.0,0.0,0.0,160.8,"May 02, 16",0.0
0,2016-04-29,160.6,161.2,159.8,161.0,161.0,410400.0,410400.0,0.4,0.249,160.66667,"April 29, 16",0.00249
0,2016-04-28,161.0,161.6,160.4,160.8,160.8,317300.0,317300.0,-0.2,-0.124,160.93333,"April 28, 16",-0.00124
0,2016-04-27,161.2,161.8,161.0,161.6,161.6,192200.0,192200.0,0.4,0.248,161.46667,"April 27, 16",0.00248
0,2016-04-26,161.4,161.8,160.8,161.2,161.2,203300.0,203300.0,-0.2,-0.124,161.26667,"April 26, 16",-0.00124
0,2016-04-25,160.8,161.4,160.4,161.4,161.4,261700.0,261700.0,0.6,0.373,161.06667,"April 25, 16",0.00373
0,2016-04-22,160.6,161.6,160.4,160.8,160.8,281900.0,281900.0,0.2,0.125,160.93333,"April 22, 16",0.00125
0,2016-04-21,161.4,161.6,160.6,160.8,160.8,263800.0,263800.0,-0.6,-0.372,161.0,"April 21, 16",-0.00372
0,2016-04-20,160.4,162.0,160.4,161.8,161.8,654100.0,654100.0,1.4,0.873,161.4,"April 20, 16",0.00873
0,2016-04-19,160.6,161.0,159.8,160.8,160.8,425200.0,425200.0,0.2,0.125,160.53333,"April 19, 16",0.00125
0,2016-04-18,159.4,161.0,159.4,160.6,160.6,504800.0,504800.0,1.2,0.753,160.33333,"April 18, 16",0.00753
0,2016-04-15,159.8,160.4,159.4,159.4,159.4,548500.0,548500.0,-0.4,-0.25,159.73333,"April 15, 16",-0.0025
0,2016-04-14,160.4,160.6,159.2,160.0,160.0,1431100.0,1431100.0,-0.4,-0.249,159.93333,"April 14, 16",-0.00249
0,2016-04-13,160.8,161.2,160.2,160.2,160.2,449000.0,449000.0,-0.6,-0.373,160.53333,"April 13, 16",-0.00373
0,2016-04-12,160.8,161.4,160.4,160.8,160.8,441900.0,441900.0,0.0,0.0,160.86667,"April 12, 16",0.0
0,2016-04-11,160.4,162.0,160.2,161.0,161.0,412300.0,412300.0,0.6,0.374,161.06667,"April 11, 16",0.00374
0,2016-04-08,162.0,162.0,160.0,160.4,160.4,654500.0,654500.0,-1.6,-0.988,160.8,"April 08, 16",-0.00988
0,2016-04-07,162.4,162.8,161.2,161.8,161.8,513600.0,513600.0,-0.6,-0.369,161.93333,"April 07, 16",-0.00369
0,2016-04-06,163.0,163.2,161.8,162.6,162.6,390800.0,390800.0,-0.4,-0.245,162.53333,"April 06, 16",-0.00245
0,2016-04-05,163.2,163.4,161.6,162.8,162.8,530000.0,530000.0,-0.4,-0.245,162.6,"April 05, 16",-0.00245
0,2016-04-04,163.6,164.0,163.4,163.6,163.6,308300.0,308300.0,0.0,0.0,163.66667,"April 04, 16",0.0
0,2016-04-01,162.6,163.8,162.0,163.8,163.8,576100.0,576100.0,1.2,0.738,163.2,"April 01, 16",0.00738
0,2016-03-31,162.4,163.6,162.4,163.0,163.0,641200.0,641200.0,0.6,0.369,163.0,"March 31, 16",0.00369
0,2016-03-30,163.0,163.8,162.2,162.2,162.2,920700.0,920700.0,-0.8,-0.491,162.73333,"March 30, 16",-0.00491
0,2016-03-29,162.4,163.8,162.0,162.8,162.8,590500.0,590500.0,0.4,0.246,162.86667,"March 29, 16",0.00246
0,2016-03-28,161.4,162.6,160.6,162.4,162.4,449400.0,449400.0,1.0,0.62,161.86667,"March 28, 16",0.0062
0,2016-03-24,159.8,161.4,159.6,161.4,161.4,918200.0,918200.0,1.6,1.001,160.8,"March 24, 16",0.01001
0,2016-03-23,159.8,160.0,159.6,160.0,160.0,767800.0,767800.0,0.2,0.125,159.86667,"March 23, 16",0.00125
0,2016-03-22,159.4,160.0,159.4,159.6,159.6,307200.0,307200.0,0.2,0.125,159.66667,"March 22, 16",0.00125
0,2016-03-21,159.8,160.2,159.4,159.8,159.8,329900.0,329900.0,0.0,0.0,159.8,"March 21, 16",0.0
0,2016-03-18,160.2,160.6,159.4,159.4,159.4,447000.0,447000.0,-0.8,-0.499,159.8,"March 18, 16",-0.00499
0,2016-03-17,159.6,160.6,159.2,159.8,159.8,665000.0,665000.0,0.2,0.125,159.86667,"March 17, 16",0.00125
0,2016-03-16,159.4,160.0,158.4,159.6,159.6,513200.0,513200.0,0.2,0.125,159.33333,"March 16, 16",0.00125
0,2016-03-15,159.4,159.6,158.6,159.2,159.2,351000.0,351000.0,-0.2,-0.125,159.13333,"March 15, 16",-0.00125
0,2016-03-14,159.4,160.0,159.0,159.4,159.4,434500.0,434500.0,0.0,0.0,159.46667,"March 14, 16",0.0
0,2016-03-11,160.6,160.6,158.8,159.4,159.4,874400.0,874400.0,-1.2,-0.747,159.6,"March 11, 16",-0.00747
0,2016-03-10,160.4,161.0,159.4,159.8,159.8,457000.0,457000.0,-0.6,-0.374,160.06667,"March 10, 16",-0.00374
0,2016-03-09,160.2,160.6,159.2,160.4,160.4,448400.0,448400.0,0.2,0.125,160.06667,"March 09, 16",0.00125
0,2016-03-08,160.2,160.8,160.0,160.0,160.0,338200.0,338200.0,-0.2,-0.125,160.26667,"March 08, 16",-0.00125
0,2016-03-07,160.0,160.8,160.0,160.2,160.2,334600.0,334600.0,0.2,0.125,160.33333,"March 07, 16",0.00125
0,2016-03-04,159.4,161.4,159.2,160.6,160.6,691700.0,691700.0,1.2,0.753,160.4,"March 04, 16",0.00753
0,2016-03-03,159.2,159.8,159.0,159.4,159.4,456000.0,456000.0,0.2,0.126,159.4,"March 03, 16",0.00126
0,2016-03-02,159.0,159.4,158.4,159.4,159.4,611100.0,611100.0,0.4,0.252,159.06667,"March 02, 16",0.00252
0,2016-03-01,159.4,159.6,158.6,158.8,158.8,775200.0,775200.0,-0.6,-0.376,159.0,"March 01, 16",-0.00376
0,2016-02-29,159.2,159.6,158.6,159.0,159.0,762500.0,762500.0,-0.2,-0.126,159.06667,"February 29, 16",-0.00126
0,2016-02-26,159.2,159.4,159.0,159.2,159.2,415600.0,415600.0,0.0,0.0,159.2,"February 26, 16",0.0
0,2016-02-25,159.0,159.4,158.6,159.2,159.2,641500.0,641500.0,0.2,0.126,159.06667,"February 25, 16",0.00126
0,2016-02-24,158.2,159.4,158.2,159.0,159.0,386200.0,386200.0,0.8,0.506,158.86667,"February 24, 16",0.00506
0,2016-02-23,158.6,159.0,158.2,158.8,158.8,342800.0,342800.0,0.2,0.126,158.66667,"February 23, 16",0.00126
0,2016-02-22,158.2,159.4,158.0,159.0,159.0,662600.0,662600.0,0.8,0.506,158.8,"February 22, 16",0.00506
0,2016-02-19,157.4,158.6,156.8,158.6,158.6,514300.0,514300.0,1.2,0.762,158.0,"February 19, 16",0.00762
0,2016-02-18,157.2,158.0,157.2,157.8,157.8,403700.0,403700.0,0.6,0.382,157.66667,"February 18, 16",0.00382
0,2016-02-17,156.8,158.0,156.6,157.4,157.4,733500.0,733500.0,0.6,0.383,157.33333,"February 17, 16",0.00383
