,date,open,high,low,close,adjClose,volume,unadjustedVolume,change,changePercent,vwap,label,changeOverTime
0,2021-02-16,1.99,2.05,2.05,2.05,2.05,50.0,50.0,0.06,3.015,2.05,"February 16, 21",0.03015
0,2021-02-15,1.99,2.05,1.97,2.05,2.05,40871.0,40871.0,0.06,3.015,2.02333,"February 15, 21",0.03015
0,2021-02-12,2.06,2.06,1.99,2.0,2.0,99576.0,99576.0,-0.06,-2.913,2.01667,"February 12, 21",-0.02913
0,2021-02-11,2.06,2.1,2.06,2.1,2.1,28318.0,28318.0,0.04,1.942,2.08667,"February 11, 21",0.01942
0,2021-02-10,2.09,2.09,2.03,2.08,2.08,32582.0,32582.0,-0.01,-0.478,2.06667,"February 10, 21",-0.00478
0,2021-02-09,2.04,2.09,2.03,2.09,2.09,71011.0,71011.0,0.05,2.451,2.07,"February 09, 21",0.02451
0,2021-02-08,2.08,2.08,2.03,2.03,2.03,81121.0,81121.0,-0.05,-2.404,2.04667,"February 08, 21",-0.02404
0,2021-02-05,2.07,2.09,2.07,2.07,2.07,34424.0,34424.0,0.0,0.0,2.07667,"February 05, 21",0.0
0,2021-02-04,2.08,2.08,2.05,2.08,2.08,16169.0,16169.0,0.0,0.0,2.07,"February 04, 21",0.0
0,2021-02-03,2.07,2.08,2.05,2.07,2.07,40315.0,40315.0,0.0,0.0,2.06667,"February 03, 21",0.0
0,2021-02-02,2.09,2.09,2.07,2.09,2.09,31576.0,31576.0,0.0,0.0,2.08333,"February 02, 21",0.0
0,2021-02-01,2.09,2.09,2.05,2.07,2.07,35290.0,35290.0,-0.02,-0.957,2.07,"February 01, 21",-0.00957
0,2021-01-29,2.08,2.1,2.07,2.08,2.08,62140.0,62140.0,0.0,0.0,2.08333,"January 29, 21",0.0
0,2021-01-28,2.11,2.11,2.05,2.07,2.07,67264.0,67264.0,-0.04,-1.896,2.07667,"January 28, 21",-0.01896
0,2021-01-27,2.12,2.12,2.05,2.11,2.11,63137.0,63137.0,-0.01,-0.472,2.09333,"January 27, 21",-0.00472
0,2021-01-25,2.1,2.1,2.08,2.09,2.09,37908.0,37908.0,-0.01,-0.476,2.09,"January 25, 21",-0.00476
0,2021-01-22,2.1,2.12,2.03,2.08,2.08,105610.0,105610.0,-0.02,-0.952,2.07667,"January 22, 21",-0.00952
0,2021-01-21,2.05,2.09,2.02,2.09,2.09,110074.0,110074.0,0.04,1.951,2.06667,"January 21, 21",0.01951
0,2021-01-20,2.05,2.06,2.0,2.0,2.0,52772.0,52772.0,-0.05,-2.439,2.02,"January 20, 21",-0.02439
0,2021-01-19,2.1,2.1,2.02,2.05,2.05,98387.0,98387.0,-0.05,-2.381,2.05667,"January 19, 21",-0.02381
0,2021-01-18,2.05,2.13,2.05,2.1,2.1,120027.0,120027.0,0.05,2.439,2.09333,"January 18, 21",0.02439
0,2021-01-15,2.0,2.08,2.0,2.05,2.05,93341.0,93341.0,0.05,2.5,2.04333,"January 15, 21",0.025
0,2021-01-14,1.9,2.0,1.9,1.98,1.98,85997.0,85997.0,0.08,4.211,1.96,"January 14, 21",0.04211
0,2021-01-13,1.91,1.91,1.81,1.84,1.84,85135.0,85135.0,-0.07,-3.665,1.85333,"January 13, 21",-0.03665
0,2021-01-12,1.98,1.98,1.905,1.93,1.93,65953.0,65953.0,-0.05,-2.525,1.93833,"January 12, 21",-0.02525
0,2021-01-11,2.0,2.03,1.98,1.98,1.98,48866.0,48866.0,-0.02,-1.0,1.99667,"January 11, 21",-0.01
0,2021-01-08,2.04,2.04,2.0,2.0,2.0,36036.0,36036.0,-0.04,-1.961,2.01333,"January 08, 21",-0.01961
0,2021-01-07,2.05,2.09,2.01,2.05,2.05,6236.0,6236.0,0.0,0.0,2.05,"January 07, 21",0.0
0,2021-01-06,2.07,2.1,2.02,2.1,2.1,76494.0,76494.0,0.03,1.449,2.07333,"January 06, 21",0.01449
0,2021-01-05,2.09,2.1,2.07,2.07,2.07,191310.0,191310.0,-0.02,-0.957,2.08,"January 05, 21",-0.00957
0,2021-01-04,2.09,2.12,2.08,2.1,2.1,13976.0,13976.0,0.01,0.478,2.1,"January 04, 21",0.00478
0,2020-12-31,2.11,2.11,2.06,2.09,2.09,26493.0,26493.0,-0.02,-0.948,2.08667,"December 31, 20",-0.00948
0,2020-12-30,2.13,2.13,2.06,2.12,2.12,23678.0,23678.0,-0.01,-0.469,2.10333,"December 30, 20",-0.00469
0,2020-12-29,2.04,2.13,2.04,2.13,2.13,30580.0,30580.0,0.09,4.412,2.1,"December 29, 20",0.04412
0,2020-12-24,2.03,2.04,2.0,2.03,2.03,11177.0,11177.0,0.0,0.0,2.02333,"December 24, 20",0.0
0,2020-12-23,2.0,2.03,1.98,2.03,2.03,16917.0,16917.0,0.03,1.5,2.01333,"December 23, 20",0.015
0,2020-12-22,2.01,2.05,1.99,2.0,2.0,71962.0,71962.0,-0.01,-0.498,2.01333,"December 22, 20",-0.00498
0,2020-12-21,2.05,2.07,2.0,2.04,2.04,23276.0,23276.0,-0.01,-0.488,2.03667,"December 21, 20",-0.00488
0,2020-12-18,2.05,2.07,2.0,2.05,2.05,45035.0,45035.0,0.0,0.0,2.04,"December 18, 20",0.0
0,2020-12-17,2.06,2.06,2.02,2.03,2.03,59170.0,59170.0,-0.03,-1.456,2.03667,"December 17, 20",-0.01456
0,2020-12-16,2.01,2.08,2.0,2.05,2.05,29695.0,29695.0,0.04,1.99,2.04333,"December 16, 20",0.0199
0,2020-12-15,2.1,2.1,2.0,2.0,2.0,56999.0,56999.0,-0.1,-4.762,2.03333,"December 15, 20",-0.04762
0,2020-12-14,2.06,2.08,2.02,2.08,2.08,37912.0,37912.0,0.02,0.971,2.06,"December 14, 20",0.00971
0,2020-12-11,2.07,2.08,2.04,2.04,2.04,50609.0,50609.0,-0.03,-1.449,2.05333,"December 11, 20",-0.01449
0,2020-12-10,2.1,2.1,2.07,2.1,2.1,92145.0,92145.0,0.0,0.0,2.09,"December 10, 20",0.0
0,2020-12-09,2.11,2.12,2.09,2.1,2.1,33266.0,33266.0,-0.01,-0.474,2.10333,"December 09, 20",-0.00474
0,2020-12-08,2.12,2.14,2.09,2.09,2.09,49762.0,49762.0,-0.03,-1.415,2.10667,"December 08, 20",-0.01415
0,2020-12-07,2.18,2.18,2.09,2.09,2.09,72793.0,72793.0,-0.09,-4.128,2.12,"December 07, 20",-0.04128
0,2020-12-04,2.1,2.15,2.06,2.15,2.15,82114.0,82114.0,0.05,2.381,2.12,"December 04, 20",0.02381
0,2020-12-03,2.17,2.17,2.09,2.09,2.09,92868.0,92868.0,-0.08,-3.687,2.11667,"December 03, 20",-0.03687
0,2020-12-02,2.14,2.18,2.13,2.15,2.15,117462.0,117462.0,0.01,0.467,2.15333,"December 02, 20",0.00467
0,2020-12-01,2.08,2.12,2.03,2.12,2.12,148879.0,148879.0,0.04,1.923,2.09,"December 01, 20",0.01923
0,2020-11-30,2.11,2.14,2.03,2.03,2.03,159237.0,159237.0,-0.08,-3.791,2.06667,"November 30, 20",-0.03791
0,2020-11-27,2.01,2.09,1.99,2.04,2.04,344859.0,344859.0,0.03,1.493,2.04,"November 27, 20",0.01493
0,2020-11-26,1.98,1.98,1.93,1.97,1.97,38511.0,38511.0,-0.01,-0.505,1.96,"November 26, 20",-0.00505
0,2020-11-25,1.87,2.05,1.87,1.97,1.97,374891.0,374891.0,0.1,5.348,1.96333,"November 25, 20",0.05348
0,2020-11-24,1.865,1.92,1.855,1.87,1.87,84860.0,84860.0,0.005,0.268,1.88167,"November 24, 20",0.00268
0,2020-11-23,1.86,1.87,1.845,1.86,1.86,78023.0,78023.0,0.0,0.0,1.85833,"November 23, 20",0.0
0,2020-11-20,1.915,1.92,1.86,1.865,1.865,38879.0,38879.0,-0.05,-2.611,1.88167,"November 20, 20",-0.02611
0,2020-11-19,1.915,1.92,1.83,1.92,1.92,119791.0,119791.0,0.005,0.261,1.89,"November 19, 20",0.00261
0,2020-11-18,1.915,1.955,1.86,1.915,1.915,138617.0,138617.0,0.0,0.0,1.91,"November 18, 20",0.0
0,2020-11-17,1.9,1.945,1.885,1.92,1.92,144191.0,144191.0,0.02,1.053,1.91667,"November 17, 20",0.01053
0,2020-11-16,1.86,1.86,1.86,1.86,1.86,24537.0,24537.0,0.0,0.0,1.86,"November 16, 20",0.0
0,2020-11-13,1.9,1.91,1.82,1.855,1.855,80355.0,80355.0,-0.045,-2.368,1.86167,"November 13, 20",-0.02368
0,2020-11-12,1.96,1.96,1.9,1.9,1.9,25446.0,25446.0,-0.06,-3.061,1.92,"November 12, 20",-0.03061
0,2020-11-11,1.985,1.985,1.945,1.985,1.985,65289.0,65289.0,0.0,0.0,1.97167,"November 11, 20",0.0
0,2020-11-10,2.0,2.0,1.97,1.97,1.97,46657.0,46657.0,-0.03,-1.5,1.98,"November 10, 20",-0.015
0,2020-11-09,2.0,2.0,1.94,1.97,1.97,153888.0,153888.0,-0.03,-1.5,1.97,"November 09, 20",-0.015
0,2020-11-06,2.0,2.0,2.0,2.0,2.0,0.0,0.0,0.0,0.0,0.0,"November 06, 20",0.0
0,2020-11-05,2.05,2.06,2.0,2.0,2.0,12458.0,12458.0,-0.05,-2.439,2.02,"November 05, 20",-0.02439
0,2020-11-04,1.995,2.05,1.995,2.05,2.05,10469.0,10469.0,0.055,2.757,2.03167,"November 04, 20",0.02757
0,2020-11-03,1.98,2.02,1.98,2.0,2.0,20269.0,20269.0,0.02,1.01,2.0,"November 03, 20",0.0101
0,2020-11-02,2.07,2.07,1.96,1.99,1.99,30829.0,30829.0,-0.08,-3.865,2.00667,"November 02, 20",-0.03865
0,2020-10-30,1.98,2.08,1.98,2.08,2.08,24685.0,24685.0,0.1,5.051,2.04667,"October 30, 20",0.05051
0,2020-10-29,1.96,2.01,1.955,1.985,1.985,63094.0,63094.0,0.025,1.276,1.98333,"October 29, 20",0.01276
0,2020-10-28,2.0,2.02,1.995,2.02,2.02,25068.0,25068.0,0.02,1.0,2.01167,"October 28, 20",0.01
0,2020-10-27,2.06,2.06,1.96,1.99,1.99,84887.0,84887.0,-0.07,-3.398,2.00333,"October 27, 20",-0.03398
0,2020-10-26,2.01,2.03,1.965,2.03,2.03,82058.0,82058.0,0.02,0.995,2.00833,"October 26, 20",0.00995
0,2020-10-23,2.1,2.1,1.98,2.01,2.01,91737.0,91737.0,-0.09,-4.286,2.03,"October 23, 20",-0.04286
0,2020-10-22,2.07,2.11,2.06,2.1,2.1,55627.0,55627.0,0.03,1.449,2.09,"October 22, 20",0.01449
0,2020-10-21,2.06,2.1,2.05,2.06,2.06,29631.0,29631.0,0.0,0.0,2.07,"October 21, 20",0.0
0,2020-10-20,2.1,2.1,2.07,2.09,2.09,26854.0,26854.0,-0.01,-0.476,2.08667,"October 20, 20",-0.00476
0,2020-10-19,2.05,2.17,2.05,2.09,2.09,121354.0,121354.0,0.04,1.951,2.10333,"October 19, 20",0.01951
0,2020-10-16,2.06,2.06,2.01,2.03,2.03,70811.0,70811.0,-0.03,-1.456,2.03333,"October 16, 20",-0.01456
0,2020-10-15,2.1,2.1,2.04,2.08,2.08,61683.0,61683.0,-0.02,-0.952,2.07333,"October 15, 20",-0.00952
0,2020-10-14,2.0,2.1,2.0,2.1,2.1,49457.0,49457.0,0.1,5.0,2.06667,"October 14, 20",0.05
0,2020-10-13,2.12,2.13,1.975,2.0,2.0,150910.0,150910.0,-0.12,-5.66,2.035,"October 13, 20",-0.0566
0,2020-10-12,2.1,2.15,2.08,2.1,2.1,240105.0,240105.0,0.0,0.0,2.11,"October 12, 20",0.0
0,2020-10-09,1.975,2.05,1.95,2.05,2.05,185749.0,185749.0,0.075,3.797,2.01667,"October 09, 20",0.03797
0,2020-10-08,1.94,1.975,1.91,1.975,1.975,199237.0,199237.0,0.035,1.804,1.95333,"October 08, 20",0.01804
0,2020-10-07,1.915,1.95,1.915,1.92,1.92,158395.0,158395.0,0.005,0.261,1.92833,"October 07, 20",0.00261
0,2020-10-06,1.885,1.94,1.87,1.915,1.915,86287.0,86287.0,0.03,1.592,1.90833,"October 06, 20",0.01592
0,2020-10-05,1.86,1.88,1.855,1.87,1.87,53490.0,53490.0,0.01,0.538,1.86833,"October 05, 20",0.00538
0,2020-10-02,1.925,1.935,1.86,1.885,1.885,53834.0,53834.0,-0.04,-2.078,1.89333,"October 02, 20",-0.02078
0,2020-10-01,1.94,1.95,1.935,1.935,1.935,15080.0,15080.0,-0.005,-0.258,1.94,"October 01, 20",-0.00258
0,2020-09-30,1.92,1.94,1.86,1.94,1.94,55902.0,55902.0,0.02,1.042,1.91333,"September 30, 20",0.01042
0,2020-09-29,1.9,1.945,1.875,1.94,1.94,75358.0,75358.0,0.04,2.105,1.92,"September 29, 20",0.02105
0,2020-09-28,1.805,1.95,1.805,1.9,1.9,252033.0,252033.0,0.095,5.263,1.885,"September 28, 20",0.05263
0,2020-09-25,1.8,1.82,1.8,1.82,1.82,34340.0,34340.0,0.02,1.111,1.81333,"September 25, 20",0.01111
0,2020-09-24,1.82,1.84,1.805,1.805,1.805,42327.0,42327.0,-0.015,-0.824,1.81667,"September 24, 20",-0.00824
0,2020-09-23,1.82,1.895,1.82,1.82,1.82,43466.0,43466.0,0.0,0.0,1.845,"September 23, 20",0.0
0,2020-09-22,1.8,1.83,1.8,1.82,1.82,71405.0,71405.0,0.02,1.111,1.81667,"September 22, 20",0.01111
0,2020-09-21,1.78,1.81,1.78,1.81,1.81,44024.0,44024.0,0.03,1.685,1.8,"September 21, 20",0.01685
0,2020-09-18,1.775,1.8,1.755,1.8,1.8,63857.0,63857.0,0.025,1.408,1.785,"September 18, 20",0.01408
0,2020-09-17,1.83,1.84,1.78,1.8,1.8,127449.0,127449.0,-0.03,-1.639,1.80667,"September 17, 20",-0.01639
0,2020-09-16,1.88,1.88,1.815,1.845,1.845,83506.0,83506.0,-0.035,-1.862,1.84667,"September 16, 20",-0.01862
0,2020-09-15,1.89,1.9,1.835,1.855,1.855,66944.0,66944.0,-0.035,-1.852,1.86333,"September 15, 20",-0.01852
0,2020-09-14,1.865,1.895,1.86,1.885,1.885,51813.0,51813.0,0.02,1.072,1.88,"September 14, 20",0.01072
0,2020-09-11,1.89,1.9,1.865,1.885,1.885,83521.0,83521.0,-0.005,-0.265,1.88333,"September 11, 20",-0.00265
0,2020-09-10,1.93,1.98,1.88,1.91,1.91,61656.0,61656.0,-0.02,-1.036,1.92333,"September 10, 20",-0.01036
0,2020-09-09,1.9,1.935,1.85,1.87,1.87,140664.0,140664.0,-0.03,-1.579,1.885,"September 09, 20",-0.01579
0,2020-09-08,1.97,2.06,1.95,1.95,1.95,172686.0,172686.0,-0.02,-1.015,1.98667,"September 08, 20",-0.01015
0,2020-09-07,1.92,1.97,1.9,1.965,1.965,87725.0,87725.0,0.045,2.344,1.945,"September 07, 20",0.02344
0,2020-09-04,1.85,1.9,1.8,1.9,1.9,286018.0,286018.0,0.05,2.703,1.86667,"September 04, 20",0.02703
0,2020-09-03,1.89,1.93,1.855,1.93,1.93,96159.0,96159.0,0.04,2.116,1.905,"September 03, 20",0.02116
0,2020-09-02,1.82,1.91,1.82,1.88,1.88,145723.0,145723.0,0.06,3.297,1.87,"September 02, 20",0.03297
0,2020-09-01,1.825,1.83,1.74,1.8,1.8,174405.0,174405.0,-0.025,-1.37,1.79,"September 01, 20",-0.0137
0,2020-08-31,1.925,1.93,1.825,1.825,1.825,112079.0,112079.0,-0.1,-5.195,1.86,"August 31, 20",-0.05195
0,2020-08-28,1.92,1.92,1.77,1.8,1.8,146061.0,146061.0,-0.12,-6.25,1.83,"August 28, 20",-0.0625
0,2020-08-27,1.86,1.955,1.82,1.84,1.84,510569.0,510569.0,-0.02,-1.075,1.87167,"August 27, 20",-0.01075
0,2020-08-26,1.725,1.89,1.67,1.83,1.83,616557.0,616557.0,0.105,6.087,1.79667,"August 26, 20",0.06087
0,2020-08-25,1.625,1.645,1.625,1.63,1.63,81535.0,81535.0,0.005,0.308,1.63333,"August 25, 20",0.00308
0,2020-08-24,1.66,1.66,1.625,1.625,1.625,92681.0,92681.0,-0.035,-2.108,1.63667,"August 24, 20",-0.02108
0,2020-08-21,1.64,1.67,1.64,1.6425,1.6425,82822.0,82822.0,0.0025,0.152,1.65083,"August 21, 20",0.00152
0,2020-08-20,1.665,1.75,1.64,1.64,1.64,49689.0,49689.0,-0.025,-1.502,1.67667,"August 20, 20",-0.01502
0,2020-08-19,1.65,1.66,1.63,1.6375,1.6375,67296.0,67296.0,-0.0125,-0.758,1.6425,"August 19, 20",-0.00758
0,2020-08-18,1.65,1.65,1.615,1.645,1.645,153134.0,153134.0,-0.005,-0.303,1.63667,"August 18, 20",-0.00303
0,2020-08-17,1.65,1.67,1.64,1.64,1.64,230606.0,230606.0,-0.01,-0.606,1.65,"August 17, 20",-0.00606
0,2020-08-14,1.66,1.67,1.62,1.64,1.64,109175.0,109175.0,-0.02,-1.205,1.64333,"August 14, 20",-0.01205
0,2020-08-13,1.62,1.69,1.615,1.64,1.64,172078.0,172078.0,0.02,1.235,1.64833,"August 13, 20",0.01235
0,2020-08-12,1.465,1.52,1.465,1.52,1.52,22539.0,22539.0,0.055,3.754,1.50167,"August 12, 20",0.03754
0,2020-08-11,1.505,1.505,1.48,1.485,1.485,27659.0,27659.0,-0.02,-1.329,1.49,"August 11, 20",-0.01329
0,2020-08-10,1.515,1.55,1.51,1.54,1.54,24608.0,24608.0,0.025,1.65,1.53333,"August 10, 20",0.0165
0,2020-08-07,1.5,1.535,1.495,1.495,1.495,74603.0,74603.0,-0.005,-0.333,1.50833,"August 07, 20",-0.00333
0,2020-08-06,1.485,1.5,1.46,1.5,1.5,44185.0,44185.0,0.015,1.01,1.48667,"August 06, 20",0.0101
0,2020-08-05,1.515,1.515,1.45,1.45,1.45,35976.0,35976.0,-0.065,-4.29,1.47167,"August 05, 20",-0.0429
0,2020-08-04,1.55,1.575,1.515,1.515,1.515,14303.0,14303.0,-0.035,-2.258,1.535,"August 04, 20",-0.02258
0,2020-08-03,1.55,1.555,1.54,1.555,1.555,11675.0,11675.0,0.005,0.323,1.55,"August 03, 20",0.00323
0,2020-07-31,1.475,1.65,1.475,1.555,1.555,136832.0,136832.0,0.08,5.424,1.56,"July 31, 20",0.05424
0,2020-07-30,1.4,1.44,1.35,1.4,1.4,5312.0,5312.0,0.0,0.0,1.39667,"July 30, 20",0.0
0,2020-07-29,1.35,1.425,1.35,1.415,1.415,6635.0,6635.0,0.065,4.815,1.39667,"July 29, 20",0.04815
0,2020-07-28,1.33,1.35,1.33,1.35,1.35,8283.0,8283.0,0.02,1.504,1.34333,"July 28, 20",0.01504
0,2020-07-27,1.405,1.415,1.39,1.39,1.39,29159.0,29159.0,-0.015,-1.068,1.39833,"July 27, 20",-0.01068
0,2020-07-24,1.35,1.405,1.35,1.405,1.405,23958.0,23958.0,0.055,4.074,1.38667,"July 24, 20",0.04074
0,2020-07-23,1.38,1.4,1.38,1.4,1.4,21138.0,21138.0,0.02,1.449,1.39333,"July 23, 20",0.01449
0,2020-07-22,1.37,1.38,1.35,1.38,1.38,26857.0,26857.0,0.01,0.73,1.37,"July 22, 20",0.0073
0,2020-07-21,1.35,1.395,1.35,1.385,1.385,17937.0,17937.0,0.035,2.593,1.37667,"July 21, 20",0.02593
0,2020-07-20,1.35,1.43,1.285,1.43,1.43,16024.0,16024.0,0.08,5.926,1.38167,"July 20, 20",0.05926
0,2020-07-17,1.37,1.42,1.35,1.42,1.42,16433.0,16433.0,0.05,3.65,1.39667,"July 17, 20",0.0365
0,2020-07-16,1.38,1.38,1.35,1.375,1.375,11040.0,11040.0,-0.005,-0.362,1.36833,"July 16, 20",-0.00362
0,2020-07-15,1.395,1.42,1.35,1.42,1.42,26236.0,26236.0,0.025,1.792,1.39667,"July 15, 20",0.01792
0,2020-07-14,1.365,1.37,1.35,1.35,1.35,28346.0,28346.0,-0.015,-1.099,1.35667,"July 14, 20",-0.01099
0,2020-07-13,1.365,1.4,1.345,1.4,1.4,40158.0,40158.0,0.035,2.564,1.38167,"July 13, 20",0.02564
0,2020-07-10,1.365,1.38,1.365,1.365,1.365,25077.0,25077.0,0.0,0.0,1.37,"July 10, 20",0.0
0,2020-07-09,1.36,1.36,1.36,1.36,1.36,4144.0,4144.0,0.0,0.0,1.36,"July 09, 20",0.0
0,2020-07-08,1.39,1.4,1.37,1.395,1.395,12769.0,12769.0,0.005,0.36,1.38833,"July 08, 20",0.0036
0,2020-07-07,1.405,1.405,1.39,1.4,1.4,18220.0,18220.0,-0.005,-0.356,1.39833,"July 07, 20",-0.00356
0,2020-07-06,1.445,1.445,1.405,1.405,1.405,18836.0,18836.0,-0.04,-2.768,1.41833,"July 06, 20",-0.02768
0,2020-07-03,1.445,1.445,1.445,1.445,1.445,0.0,0.0,0.0,0.0,0.0,"July 03, 20",0.0
0,2020-07-02,1.405,1.445,1.405,1.445,1.445,10646.0,10646.0,0.04,2.847,1.43167,"July 02, 20",0.02847
0,2020-07-01,1.395,1.49,1.395,1.445,1.445,53646.0,53646.0,0.05,3.584,1.44333,"July 01, 20",0.03584
0,2020-06-30,1.395,1.4,1.39,1.4,1.4,62024.0,62024.0,0.005,0.358,1.39667,"June 30, 20",0.00358
0,2020-06-29,1.395,1.43,1.39,1.39,1.39,7566.0,7566.0,-0.005,-0.358,1.40333,"June 29, 20",-0.00358
0,2020-06-26,1.4,1.42,1.395,1.395,1.395,90279.0,90279.0,-0.005,-0.357,1.40333,"June 26, 20",-0.00357
0,2020-06-25,1.4,1.4,1.395,1.395,1.395,48320.0,48320.0,-0.005,-0.357,1.39667,"June 25, 20",-0.00357
0,2020-06-24,1.4,1.4,1.395,1.4,1.4,15597.0,15597.0,0.0,0.0,1.39833,"June 24, 20",0.0
0,2020-06-23,1.41,1.41,1.395,1.4,1.4,9196.0,9196.0,-0.01,-0.709,1.40167,"June 23, 20",-0.00709
0,2020-06-22,1.41,1.45,1.395,1.41,1.41,20166.0,20166.0,0.0,0.0,1.41833,"June 22, 20",0.0
0,2020-06-19,1.4,1.42,1.39,1.42,1.42,73689.0,73689.0,0.02,1.429,1.41,"June 19, 20",0.01429
0,2020-06-18,1.395,1.4,1.39,1.39,1.39,17410.0,17410.0,-0.005,-0.358,1.39333,"June 18, 20",-0.00358
0,2020-06-17,1.4,1.4,1.37,1.4,1.4,98847.0,98847.0,0.0,0.0,1.39,"June 17, 20",0.0
0,2020-06-16,1.405,1.41,1.4,1.4,1.4,18753.0,18753.0,-0.005,-0.356,1.40333,"June 16, 20",-0.00356
0,2020-06-15,1.425,1.44,1.38,1.415,1.415,38699.0,38699.0,-0.01,-0.702,1.41167,"June 15, 20",-0.00702
0,2020-06-12,1.45,1.465,1.38,1.465,1.465,27974.0,27974.0,0.015,1.034,1.43667,"June 12, 20",0.01034
0,2020-06-11,1.57,1.595,1.465,1.47,1.47,81901.0,81901.0,-0.1,-6.369,1.51,"June 11, 20",-0.06369
0,2020-06-10,1.485,1.52,1.485,1.485,1.485,39730.0,39730.0,0.0,0.0,1.49667,"June 10, 20",0.0
0,2020-06-09,1.51,1.535,1.48,1.48,1.48,31397.0,31397.0,-0.03,-1.987,1.49833,"June 09, 20",-0.01987
0,2020-06-05,1.465,1.465,1.465,1.465,1.465,0.0,0.0,0.0,0.0,0.0,"June 05, 20",0.0
0,2020-06-04,1.54,1.595,1.465,1.465,1.465,51935.0,51935.0,-0.075,-4.87,1.50833,"June 04, 20",-0.0487
0,2020-06-03,1.56,1.565,1.54,1.54,1.54,57062.0,57062.0,-0.02,-1.282,1.54833,"June 03, 20",-0.01282
0,2020-06-02,1.6,1.6,1.54,1.54,1.54,28812.0,28812.0,-0.06,-3.75,1.56,"June 02, 20",-0.0375
0,2020-06-01,1.58,1.6,1.58,1.6,1.6,12331.0,12331.0,0.02,1.266,1.59333,"June 01, 20",0.01266
0,2020-05-29,1.54,1.54,1.48,1.54,1.54,62137.0,62137.0,0.0,0.0,1.52,"May 29, 20",0.0
0,2020-05-28,1.47,1.54,1.47,1.5,1.5,46363.0,46363.0,0.03,2.041,1.50333,"May 28, 20",0.02041
0,2020-05-27,1.47,1.47,1.46,1.46,1.46,20526.0,20526.0,-0.01,-0.68,1.46333,"May 27, 20",-0.0068
0,2020-05-26,1.46,1.48,1.43,1.48,1.48,71685.0,71685.0,0.02,1.37,1.46333,"May 26, 20",0.0137
0,2020-05-25,1.41,1.48,1.4,1.41,1.41,52501.0,52501.0,0.0,0.0,1.43,"May 25, 20",0.0
0,2020-05-22,1.45,1.465,1.405,1.405,1.405,24759.0,24759.0,-0.045,-3.103,1.425,"May 22, 20",-0.03103
0,2020-05-21,1.42,1.48,1.39,1.45,1.45,34816.0,34816.0,0.03,2.113,1.44,"May 21, 20",0.02113
0,2020-05-20,1.4,1.41,1.39,1.39,1.39,27188.0,27188.0,-0.01,-0.714,1.39667,"May 20, 20",-0.00714
0,2020-05-19,1.41,1.41,1.39,1.39,1.39,20461.0,20461.0,-0.02,-1.418,1.39667,"May 19, 20",-0.01418
0,2020-05-18,1.36,1.4,1.36,1.4,1.4,11809.0,11809.0,0.04,2.941,1.38667,"May 18, 20",0.02941
0,2020-05-15,1.38,1.385,1.36,1.36,1.36,21283.0,21283.0,-0.02,-1.449,1.36833,"May 15, 20",-0.01449
0,2020-05-14,1.42,1.42,1.38,1.385,1.385,6922.0,6922.0,-0.035,-2.465,1.395,"May 14, 20",-0.02465
0,2020-05-13,1.42,1.42,1.42,1.42,1.42,1629.0,1629.0,0.0,0.0,1.42,"May 13, 20",0.0
0,2020-05-12,1.5,1.505,1.42,1.48,1.48,26854.0,26854.0,-0.02,-1.333,1.46833,"May 12, 20",-0.01333
0,2020-05-11,1.56,1.56,1.55,1.55,1.55,11383.0,11383.0,-0.01,-0.641,1.55333,"May 11, 20",-0.00641
0,2020-05-08,1.45,1.6,1.45,1.53,1.53,94816.0,94816.0,0.08,5.517,1.52667,"May 08, 20",0.05517
0,2020-05-07,1.47,1.51,1.45,1.5,1.5,85172.0,85172.0,0.03,2.041,1.48667,"May 07, 20",0.02041
0,2020-05-06,1.445,1.445,1.435,1.435,1.435,1719.0,1719.0,-0.01,-0.692,1.43833,"May 06, 20",-0.00692
0,2020-05-05,1.4,1.4,1.39,1.395,1.395,3005.0,3005.0,-0.005,-0.357,1.395,"May 05, 20",-0.00357
0,2020-05-04,1.455,1.515,1.405,1.445,1.445,16099.0,16099.0,-0.01,-0.687,1.455,"May 04, 20",-0.00687
0,2020-05-01,1.4,1.455,1.39,1.455,1.455,35950.0,35950.0,0.055,3.929,1.43333,"May 01, 20",0.03929
0,2020-04-30,1.4,1.405,1.4,1.4,1.4,45902.0,45902.0,0.0,0.0,1.40167,"April 30, 20",0.0
0,2020-04-29,1.395,1.395,1.38,1.38,1.38,3876.0,3876.0,-0.015,-1.075,1.385,"April 29, 20",-0.01075
0,2020-04-28,1.43,1.44,1.395,1.395,1.395,15313.0,15313.0,-0.035,-2.448,1.41,"April 28, 20",-0.02448
0,2020-04-27,1.405,1.405,1.39,1.4,1.4,20085.0,20085.0,-0.005,-0.356,1.39833,"April 27, 20",-0.00356
0,2020-04-24,1.57,1.57,1.41,1.41,1.41,19009.0,19009.0,-0.16,-10.191,1.46333,"April 24, 20",-0.10191
0,2020-04-23,1.375,1.455,1.375,1.455,1.455,28649.0,28649.0,0.08,5.818,1.42833,"April 23, 20",0.05818
0,2020-04-22,1.36,1.375,1.35,1.35,1.35,22580.0,22580.0,-0.01,-0.735,1.35833,"April 22, 20",-0.00735
0,2020-04-21,1.41,1.42,1.365,1.365,1.365,60034.0,60034.0,-0.045,-3.191,1.38333,"April 21, 20",-0.03191
0,2020-04-20,1.41,1.52,1.41,1.475,1.475,14337.0,14337.0,0.065,4.61,1.46833,"April 20, 20",0.0461
0,2020-04-17,1.36,1.49,1.35,1.405,1.405,62375.0,62375.0,0.045,3.309,1.415,"April 17, 20",0.03309
0,2020-04-16,1.49,1.49,1.3,1.33,1.33,40838.0,40838.0,-0.16,-10.738,1.37333,"April 16, 20",-0.10738
0,2020-04-15,1.405,1.6,1.405,1.5,1.5,84086.0,84086.0,0.095,6.762,1.50167,"April 15, 20",0.06762
0,2020-04-14,1.205,1.375,1.205,1.375,1.375,26700.0,26700.0,0.17,14.108,1.31833,"April 14, 20",0.14108
0,2020-04-09,1.145,1.35,1.145,1.3,1.3,60614.0,60614.0,0.155,13.537,1.265,"April 09, 20",0.13537
0,2020-04-08,1.145,1.145,1.085,1.12,1.12,83480.0,83480.0,-0.025,-2.183,1.11667,"April 08, 20",-0.02183
0,2020-04-07,1.05,1.145,1.05,1.145,1.145,120012.0,120012.0,0.095,9.048,1.11333,"April 07, 20",0.09048
0,2020-04-06,1.0,1.03,1.0,1.03,1.03,8630.0,8630.0,0.03,3.0,1.02,"April 06, 20",0.03
0,2020-04-03,1.015,1.015,0.985,0.985,0.985,22353.0,22353.0,-0.03,-2.956,0.995,"April 03, 20",-0.02956
0,2020-04-02,1.04,1.05,0.98,0.98,0.98,14299.0,14299.0,-0.06,-5.769,1.00333,"April 02, 20",-0.05769
0,2020-04-01,1.045,1.045,1.045,1.045,1.045,500.0,500.0,0.0,0.0,1.045,"April 01, 20",0.0
0,2020-03-31,1.0,1.05,0.96,0.96,0.96,33632.0,33632.0,-0.04,-4.0,0.99,"March 31, 20",-0.04
0,2020-03-30,1.03,1.035,1.0,1.0,1.0,86999.0,86999.0,-0.03,-2.913,1.01167,"March 30, 20",-0.02913
0,2020-03-27,1.05,1.06,1.03,1.03,1.03,148660.0,148660.0,-0.02,-1.905,1.04,"March 27, 20",-0.01905
0,2020-03-26,1.055,1.06,1.04,1.04,1.04,50954.0,50954.0,-0.015,-1.422,1.04667,"March 26, 20",-0.01422
0,2020-03-25,1.005,1.055,1.0,1.005,1.005,63740.0,63740.0,0.0,0.0,1.02,"March 25, 20",0.0
0,2020-03-24,1.1,1.1,1.005,1.005,1.005,70225.0,70225.0,-0.095,-8.636,1.03667,"March 24, 20",-0.08636
0,2020-03-23,1.24,1.24,1.1,1.1,1.1,53161.0,53161.0,-0.14,-11.29,1.14667,"March 23, 20",-0.1129
0,2020-03-20,1.2,1.24,1.2,1.24,1.24,21429.0,21429.0,0.04,3.333,1.22667,"March 20, 20",0.03333
0,2020-03-19,1.2,1.2,1.12,1.17,1.17,17478.0,17478.0,-0.03,-2.5,1.16333,"March 19, 20",-0.025
0,2020-03-18,1.25,1.25,1.195,1.2,1.2,43507.0,43507.0,-0.05,-4.0,1.215,"March 18, 20",-0.04
0,2020-03-17,1.1,1.2,1.1,1.2,1.2,56063.0,56063.0,0.1,9.091,1.16667,"March 17, 20",0.09091
0,2020-03-16,1.3,1.3,1.245,1.25,1.25,5695.0,5695.0,-0.05,-3.846,1.265,"March 16, 20",-0.03846
0,2020-03-13,1.41,1.41,1.25,1.3,1.3,60900.0,60900.0,-0.11,-7.801,1.32,"March 13, 20",-0.07801
0,2020-03-12,1.52,1.52,1.41,1.41,1.41,45198.0,45198.0,-0.11,-7.237,1.44667,"March 12, 20",-0.07237
0,2020-03-11,1.575,1.6,1.575,1.6,1.6,53188.0,53188.0,0.025,1.587,1.59167,"March 11, 20",0.01587
0,2020-03-10,1.52,1.655,1.52,1.625,1.625,65563.0,65563.0,0.105,6.908,1.6,"March 10, 20",0.06908
0,2020-03-09,1.715,1.715,1.615,1.615,1.615,174009.0,174009.0,-0.1,-5.831,1.64833,"March 09, 20",-0.05831
0,2020-03-06,1.7,1.75,1.7,1.75,1.75,13822.0,13822.0,0.05,2.941,1.73333,"March 06, 20",0.02941
0,2020-03-05,1.78,1.8,1.775,1.775,1.775,11665.0,11665.0,-0.005,-0.281,1.78333,"March 05, 20",-0.00281
0,2020-03-04,1.72,1.745,1.7,1.7,1.7,39063.0,39063.0,-0.02,-1.163,1.715,"March 04, 20",-0.01163
0,2020-03-03,1.785,1.845,1.785,1.8,1.8,94301.0,94301.0,0.015,0.84,1.81,"March 03, 20",0.0084
0,2020-03-02,1.65,1.73,1.615,1.72,1.72,61784.0,61784.0,0.07,4.242,1.68833,"March 02, 20",0.04242
0,2020-02-28,1.8,1.8,1.69,1.705,1.705,64950.0,64950.0,-0.095,-5.278,1.73167,"February 28, 20",-0.05278
0,2020-02-27,1.85,1.85,1.83,1.85,1.85,41705.0,41705.0,0.0,0.0,1.84333,"February 27, 20",0.0
0,2020-02-26,1.93,1.93,1.85,1.85,1.85,90234.0,90234.0,-0.08,-4.145,1.87667,"February 26, 20",-0.04145
0,2020-02-25,2.07,2.07,1.865,1.975,1.975,67803.0,67803.0,-0.095,-4.589,1.97,"February 25, 20",-0.04589
0,2020-02-24,2.15,2.17,2.12,2.14,2.14,36186.0,36186.0,-0.01,-0.465,2.14333,"February 24, 20",-0.00465
0,2020-02-21,2.17,2.17,2.11,2.16,2.16,55098.0,55098.0,-0.01,-0.461,2.14667,"February 21, 20",-0.00461
0,2020-02-20,2.15,2.17,2.05,2.17,2.17,145598.0,145598.0,0.02,0.93,2.13,"February 20, 20",0.0093
0,2020-02-19,2.05,2.05,2.05,2.05,2.05,3532.0,3532.0,0.0,0.0,2.05,"February 19, 20",0.0
0,2020-02-18,1.985,2.0,1.985,2.0,2.0,24913.0,24913.0,0.015,0.756,1.995,"February 18, 20",0.00756
0,2020-02-17,1.925,1.955,1.925,1.95,1.95,28555.0,28555.0,0.025,1.299,1.94333,"February 17, 20",0.01299
0,2020-02-14,2.0,2.04,1.99,2.0,2.0,66295.0,66295.0,0.0,0.0,2.01,"February 14, 20",0.0
0,2020-02-13,2.1,2.11,2.02,2.02,2.02,53700.0,53700.0,-0.08,-3.81,2.05,"February 13, 20",-0.0381
0,2020-02-12,2.12,2.12,2.09,2.12,2.12,33738.0,33738.0,0.0,0.0,2.11,"February 12, 20",0.0
0,2020-02-11,2.1,2.1,2.08,2.09,2.09,25366.0,25366.0,-0.01,-0.476,2.09,"February 11, 20",-0.00476
0,2020-02-10,2.21,2.22,2.07,2.07,2.07,50264.0,50264.0,-0.14,-6.335,2.12,"February 10, 20",-0.06335
0,2020-02-07,2.16,2.16,2.15,2.15,2.15,45844.0,45844.0,-0.01,-0.463,2.15333,"February 07, 20",-0.00463
0,2020-02-06,2.18,2.19,2.16,2.19,2.19,33792.0,33792.0,0.01,0.459,2.18,"February 06, 20",0.00459
0,2020-02-05,2.23,2.23,2.16,2.18,2.18,33044.0,33044.0,-0.05,-2.242,2.19,"February 05, 20",-0.02242
0,2020-02-04,2.2,2.24,2.15,2.15,2.15,96471.0,96471.0,-0.05,-2.273,2.18,"February 04, 20",-0.02273
0,2020-02-03,2.15,2.2,2.14,2.15,2.15,73161.0,73161.0,0.0,0.0,2.16333,"February 03, 20",0.0
0,2020-01-31,2.14,2.16,2.13,2.16,2.16,12570.0,12570.0,0.02,0.935,2.15,"January 31, 20",0.00935
0,2020-01-30,2.13,2.13,2.1,2.12,2.12,26127.0,26127.0,-0.01,-0.469,2.11667,"January 30, 20",-0.00469
0,2020-01-29,2.17,2.17,2.1,2.13,2.13,26771.0,26771.0,-0.04,-1.843,2.13333,"January 29, 20",-0.01843
0,2020-01-28,2.29,2.29,2.16,2.17,2.17,85455.0,85455.0,-0.12,-5.24,2.20667,"January 28, 20",-0.0524
0,2020-01-24,2.22,2.29,2.22,2.25,2.25,42569.0,42569.0,0.03,1.351,2.25333,"January 24, 20",0.01351
0,2020-01-23,2.16,2.25,2.15,2.25,2.25,124931.0,124931.0,0.09,4.167,2.21667,"January 23, 20",0.04167
0,2020-01-22,2.12,2.17,2.12,2.16,2.16,138096.0,138096.0,0.04,1.887,2.15,"January 22, 20",0.01887
0,2020-01-21,1.96,2.19,1.95,2.12,2.12,253330.0,253330.0,0.16,8.163,2.08667,"January 21, 20",0.08163
0,2020-01-20,1.95,1.95,1.9,1.9,1.9,51018.0,51018.0,-0.05,-2.564,1.91667,"January 20, 20",-0.02564
0,2020-01-17,2.07,2.07,1.95,1.95,1.95,52706.0,52706.0,-0.12,-5.797,1.99,"January 17, 20",-0.05797
0,2020-01-16,2.0,2.1,2.0,2.06,2.06,107267.0,107267.0,0.06,3.0,2.05333,"January 16, 20",0.03
0,2020-01-15,1.855,2.0,1.83,2.0,2.0,276693.0,276693.0,0.145,7.817,1.94333,"January 15, 20",0.07817
0,2020-01-14,1.74,1.74,1.74,1.74,1.74,967.0,967.0,0.0,0.0,1.74,"January 14, 20",0.0
0,2020-01-13,1.74,1.74,1.74,1.74,1.74,0.0,0.0,0.0,0.0,0.0,"January 13, 20",0.0
0,2020-01-10,1.74,1.74,1.74,1.74,1.74,3942.0,3942.0,0.0,0.0,1.74,"January 10, 20",0.0
0,2020-01-09,1.74,1.74,1.74,1.74,1.74,3031.0,3031.0,0.0,0.0,1.74,"January 09, 20",0.0
0,2020-01-08,1.74,1.74,1.74,1.74,1.74,3753.0,3753.0,0.0,0.0,1.74,"January 08, 20",0.0
0,2020-01-07,1.74,1.74,1.74,1.74,1.74,0.0,0.0,0.0,0.0,0.0,"January 07, 20",0.0
0,2020-01-06,1.79,1.79,1.74,1.74,1.74,20138.0,20138.0,-0.05,-2.793,1.75667,"January 06, 20",-0.02793
0,2020-01-03,1.785,1.79,1.785,1.79,1.79,3930.0,3930.0,0.005,0.28,1.78833,"January 03, 20",0.0028
0,2020-01-02,1.725,1.79,1.725,1.79,1.79,11168.0,11168.0,0.065,3.768,1.76833,"January 02, 20",0.03768
0,2019-12-31,1.75,1.75,1.75,1.75,1.75,650.0,650.0,0.0,0.0,1.75,"December 31, 19",0.0
0,2019-12-30,1.79,1.79,1.785,1.785,1.785,819.0,819.0,-0.005,-0.279,1.78667,"December 30, 19",-0.00279
0,2019-12-27,1.7,1.7,1.7,1.7,1.7,0.0,0.0,0.0,0.0,0.0,"December 27, 19",0.0
0,2019-12-24,1.7,1.7,1.7,1.7,1.7,3568.0,3568.0,0.0,0.0,1.7,"December 24, 19",0.0
0,2019-12-23,1.695,1.715,1.695,1.7,1.7,27814.0,27814.0,0.005,0.295,1.70333,"December 23, 19",0.00295
0,2019-12-20,1.695,1.695,1.69,1.695,1.695,45247.0,45247.0,0.0,0.0,1.69333,"December 20, 19",0.0
0,2019-12-19,1.71,1.71,1.69,1.695,1.695,42792.0,42792.0,-0.015,-0.877,1.69833,"December 19, 19",-0.00877
0,2019-12-18,1.725,1.725,1.715,1.715,1.715,9127.0,9127.0,-0.01,-0.58,1.71833,"December 18, 19",-0.0058
0,2019-12-17,1.72,1.75,1.695,1.72,1.72,119643.0,119643.0,0.0,0.0,1.72167,"December 17, 19",0.0
0,2019-12-16,1.73,1.73,1.675,1.69,1.69,15635.0,15635.0,-0.04,-2.312,1.69833,"December 16, 19",-0.02312
0,2019-12-13,1.71,1.73,1.7,1.73,1.73,40163.0,40163.0,0.02,1.17,1.72,"December 13, 19",0.0117
0,2019-12-12,1.665,1.665,1.665,1.665,1.665,15868.0,15868.0,0.0,0.0,1.665,"December 12, 19",0.0
0,2019-12-11,1.68,1.68,1.665,1.665,1.665,16665.0,16665.0,-0.015,-0.893,1.67,"December 11, 19",-0.00893
0,2019-12-10,1.69,1.69,1.67,1.68,1.68,15824.0,15824.0,-0.01,-0.592,1.68,"December 10, 19",-0.00592
0,2019-12-09,1.69,1.69,1.69,1.69,1.69,11708.0,11708.0,0.0,0.0,1.69,"December 09, 19",0.0
0,2019-12-06,1.665,1.67,1.665,1.67,1.67,44178.0,44178.0,0.005,0.3,1.66833,"December 06, 19",0.003
0,2019-12-05,1.67,1.67,1.635,1.635,1.635,12900.0,12900.0,-0.035,-2.096,1.64667,"December 05, 19",-0.02096
0,2019-12-04,1.695,1.7,1.675,1.68,1.68,17634.0,17634.0,-0.015,-0.885,1.685,"December 04, 19",-0.00885
0,2019-12-03,1.7,1.7,1.675,1.675,1.675,7807.0,7807.0,-0.025,-1.471,1.68333,"December 03, 19",-0.01471
0,2019-12-02,1.77,1.77,1.735,1.735,1.735,29401.0,29401.0,-0.035,-1.977,1.74667,"December 02, 19",-0.01977
0,2019-11-29,1.735,1.735,1.72,1.735,1.735,72253.0,72253.0,0.0,0.0,1.73,"November 29, 19",0.0
0,2019-11-28,1.68,1.732,1.68,1.7325,1.7325,20705.0,20705.0,0.0525,3.125,1.71483,"November 28, 19",0.03125
0,2019-11-27,1.63,1.63,1.63,1.63,1.63,300.0,300.0,0.0,0.0,1.63,"November 27, 19",0.0
0,2019-11-26,1.635,1.66,1.61,1.61,1.61,44236.0,44236.0,-0.025,-1.529,1.62667,"November 26, 19",-0.01529
0,2019-11-25,1.66,1.66,1.625,1.63,1.63,352271.0,352271.0,-0.03,-1.807,1.63833,"November 25, 19",-0.01807
0,2019-11-22,1.68,1.68,1.65,1.65,1.65,24205.0,24205.0,-0.03,-1.786,1.66,"November 22, 19",-0.01786
0,2019-11-21,1.66,1.675,1.62,1.65,1.65,188651.0,188651.0,-0.01,-0.602,1.64833,"November 21, 19",-0.00602
0,2019-11-20,1.78,1.78,1.7,1.7,1.7,35879.0,35879.0,-0.08,-4.494,1.72667,"November 20, 19",-0.04494
0,2019-11-19,1.755,1.765,1.755,1.76,1.76,14820.0,14820.0,0.005,0.285,1.76,"November 19, 19",0.00285
0,2019-11-18,1.8,1.8,1.79,1.8,1.8,5250.0,5250.0,0.0,0.0,1.79667,"November 18, 19",0.0
0,2019-11-15,1.81,1.81,1.81,1.81,1.81,16000.0,16000.0,0.0,0.0,1.81,"November 15, 19",0.0
0,2019-11-14,1.8,1.845,1.78,1.845,1.845,58409.0,58409.0,0.045,2.5,1.82333,"November 14, 19",0.025
0,2019-11-13,1.8,1.8,1.78,1.78,1.78,55666.0,55666.0,-0.02,-1.111,1.78667,"November 13, 19",-0.01111
0,2019-11-12,1.85,1.85,1.78,1.78,1.78,8781.0,8781.0,-0.07,-3.784,1.80333,"November 12, 19",-0.03784
0,2019-11-11,1.85,1.872,1.85,1.855,1.855,12785.0,12785.0,0.005,0.27,1.859,"November 11, 19",0.0027
0,2019-11-08,1.84,1.84,1.78,1.83,1.83,32284.0,32284.0,-0.01,-0.543,1.81667,"November 08, 19",-0.00543
0,2019-11-07,1.885,1.885,1.885,1.885,1.885,500.0,500.0,0.0,0.0,1.885,"November 07, 19",0.0
0,2019-11-06,1.84,1.885,1.84,1.885,1.885,3872.0,3872.0,0.045,2.446,1.87,"November 06, 19",0.02446
0,2019-11-05,1.84,1.85,1.84,1.84,1.84,14000.0,14000.0,0.0,0.0,1.84333,"November 05, 19",0.0
0,2019-11-04,1.835,1.86,1.83,1.86,1.86,19280.0,19280.0,0.025,1.362,1.85,"November 04, 19",0.01362
0,2019-11-01,1.87,1.87,1.83,1.84,1.84,13250.0,13250.0,-0.03,-1.604,1.84667,"November 01, 19",-0.01604
0,2019-10-31,1.88,1.9,1.87,1.875,1.875,21773.0,21773.0,-0.005,-0.266,1.88167,"October 31, 19",-0.00266
0,2019-10-30,1.9,1.9,1.85,1.865,1.865,30515.0,30515.0,-0.035,-1.842,1.87167,"October 30, 19",-0.01842
0,2019-10-29,1.9,1.93,1.9,1.9,1.9,24603.0,24603.0,0.0,0.0,1.91,"October 29, 19",0.0
0,2019-10-28,1.935,1.935,1.9,1.9,1.9,13530.0,13530.0,-0.035,-1.809,1.91167,"October 28, 19",-0.01809
0,2019-10-25,1.905,1.945,1.905,1.945,1.945,2580.0,2580.0,0.04,2.1,1.93167,"October 25, 19",0.021
0,2019-10-24,1.96,1.96,1.9,1.9,1.9,44669.0,44669.0,-0.06,-3.061,1.92,"October 24, 19",-0.03061
0,2019-10-23,1.93,1.97,1.9,1.96,1.96,88940.0,88940.0,0.03,1.554,1.94333,"October 23, 19",0.01554
0,2019-10-22,1.94,1.95,1.93,1.93,1.93,48223.0,48223.0,-0.01,-0.515,1.93667,"October 22, 19",-0.00515
0,2019-10-21,1.93,1.955,1.93,1.95,1.95,121123.0,121123.0,0.02,1.036,1.945,"October 21, 19",0.01036
0,2019-10-18,1.94,1.95,1.935,1.935,1.935,50824.0,50824.0,-0.005,-0.258,1.94,"October 18, 19",-0.00258
0,2019-10-17,1.93,1.935,1.93,1.935,1.935,14754.0,14754.0,0.005,0.259,1.93333,"October 17, 19",0.00259
0,2019-10-16,1.93,1.97,1.9,1.93,1.93,46856.0,46856.0,0.0,0.0,1.93333,"October 16, 19",0.0
0,2019-10-15,1.93,1.93,1.865,1.9275,1.9275,82148.0,82148.0,-0.0025,-0.13,1.9075,"October 15, 19",-0.0013
0,2019-10-14,1.97,1.97,1.92,1.925,1.925,29557.0,29557.0,-0.045,-2.284,1.93833,"October 14, 19",-0.02284
0,2019-10-11,1.9,1.94,1.9,1.93,1.93,98609.0,98609.0,0.03,1.579,1.92333,"October 11, 19",0.01579
0,2019-10-10,1.73,1.89,1.73,1.87,1.87,167917.0,167917.0,0.14,8.092,1.83,"October 10, 19",0.08092
0,2019-10-09,1.725,1.745,1.72,1.72,1.72,23322.0,23322.0,-0.005,-0.29,1.72833,"October 09, 19",-0.0029
0,2019-10-08,1.77,1.77,1.75,1.75,1.75,14100.0,14100.0,-0.02,-1.13,1.75667,"October 08, 19",-0.0113
0,2019-10-07,1.78,1.78,1.78,1.78,1.78,840.0,840.0,0.0,0.0,1.78,"October 07, 19",0.0
0,2019-10-04,1.76,1.78,1.75,1.78,1.78,51578.0,51578.0,0.02,1.136,1.77,"October 04, 19",0.01136
0,2019-10-03,1.77,1.775,1.72,1.775,1.775,28029.0,28029.0,0.005,0.282,1.75667,"October 03, 19",0.00282
0,2019-10-02,1.795,1.795,1.77,1.795,1.795,29726.0,29726.0,0.0,0.0,1.78667,"October 02, 19",0.0
0,2019-10-01,1.785,1.795,1.785,1.795,1.795,4000.0,4000.0,0.01,0.56,1.79167,"October 01, 19",0.0056
0,2019-09-30,1.83,1.83,1.78,1.78,1.78,37697.0,37697.0,-0.05,-2.732,1.79667,"September 30, 19",-0.02732
0,2019-09-27,1.81,1.825,1.77,1.82,1.82,47484.0,47484.0,0.01,0.552,1.805,"September 27, 19",0.00552
0,2019-09-26,1.8,1.835,1.8,1.82,1.82,66001.0,66001.0,0.02,1.111,1.81833,"September 26, 19",0.01111
0,2019-09-25,1.85,1.85,1.85,1.85,1.85,46973.0,46973.0,0.0,0.0,1.85,"September 25, 19",0.0
0,2019-09-24,1.82,1.895,1.82,1.85,1.85,117526.0,117526.0,0.03,1.648,1.855,"September 24, 19",0.01648
0,2019-09-23,1.76,1.8,1.75,1.8,1.8,72411.0,72411.0,0.04,2.273,1.78333,"September 23, 19",0.02273
0,2019-09-20,1.77,1.8,1.745,1.76,1.76,29400.0,29400.0,-0.01,-0.565,1.76833,"September 20, 19",-0.00565
0,2019-09-19,1.69,1.785,1.69,1.77,1.77,28914.0,28914.0,0.08,4.734,1.74833,"September 19, 19",0.04734
0,2019-09-18,1.68,1.7,1.67,1.68,1.68,26336.0,26336.0,0.0,0.0,1.68333,"September 18, 19",0.0
0,2019-09-17,1.69,1.7,1.69,1.7,1.7,9228.0,9228.0,0.01,0.592,1.69667,"September 17, 19",0.00592
0,2019-09-16,1.76,1.77,1.7,1.7,1.7,39574.0,39574.0,-0.06,-3.409,1.72333,"September 16, 19",-0.03409
0,2019-09-13,1.68,1.73,1.68,1.71,1.71,44810.0,44810.0,0.03,1.786,1.70667,"September 13, 19",0.01786
0,2019-09-12,1.69,1.69,1.665,1.69,1.69,16746.0,16746.0,0.0,0.0,1.68167,"September 12, 19",0.0
0,2019-09-11,1.66,1.69,1.66,1.69,1.69,26000.0,26000.0,0.03,1.807,1.68,"September 11, 19",0.01807
0,2019-09-10,1.645,1.685,1.64,1.66,1.66,36463.0,36463.0,0.015,0.912,1.66167,"September 10, 19",0.00912
0,2019-09-09,1.667,1.67,1.66,1.66,1.66,4495.0,4495.0,-0.007,-0.42,1.66333,"September 09, 19",-0.0042
0,2019-09-06,1.66,1.67,1.66,1.66,1.66,15740.0,15740.0,0.0,0.0,1.66333,"September 06, 19",0.0
0,2019-09-05,1.615,1.67,1.615,1.67,1.67,22750.0,22750.0,0.055,3.406,1.65167,"September 05, 19",0.03406
0,2019-09-04,1.695,1.695,1.615,1.62,1.62,16198.0,16198.0,-0.075,-4.425,1.64333,"September 04, 19",-0.04425
0,2019-09-03,1.665,1.685,1.665,1.665,1.665,5770.0,5770.0,0.0,0.0,1.67167,"September 03, 19",0.0
0,2019-09-02,1.67,1.67,1.66,1.665,1.665,22250.0,22250.0,-0.005,-0.299,1.665,"September 02, 19",-0.00299
0,2019-08-30,1.68,1.69,1.665,1.665,1.665,53640.0,53640.0,-0.015,-0.893,1.67333,"August 30, 19",-0.00893
0,2019-08-29,1.66,1.66,1.63,1.65,1.65,39275.0,39275.0,-0.01,-0.602,1.64667,"August 29, 19",-0.00602
0,2019-08-28,1.7,1.7,1.66,1.66,1.66,58354.0,58354.0,-0.04,-2.353,1.67333,"August 28, 19",-0.02353
0,2019-08-27,1.73,1.735,1.69,1.7,1.7,39440.0,39440.0,-0.03,-1.734,1.70833,"August 27, 19",-0.01734
0,2019-08-26,1.7,1.75,1.655,1.74,1.74,39201.0,39201.0,0.04,2.353,1.715,"August 26, 19",0.02353
0,2019-08-23,1.745,1.78,1.725,1.74,1.74,128189.0,128189.0,-0.005,-0.287,1.74833,"August 23, 19",-0.00287
0,2019-08-22,1.76,1.76,1.68,1.7,1.7,210700.0,210700.0,-0.06,-3.409,1.71333,"August 22, 19",-0.03409
0,2019-08-21,1.6,1.6,1.585,1.59,1.59,39122.0,39122.0,-0.01,-0.625,1.59167,"August 21, 19",-0.00625
0,2019-08-20,1.6,1.6,1.585,1.585,1.585,19178.0,19178.0,-0.015,-0.938,1.59,"August 20, 19",-0.00938
0,2019-08-19,1.61,1.62,1.6,1.6,1.6,17578.0,17578.0,-0.01,-0.621,1.60667,"August 19, 19",-0.00621
0,2019-08-16,1.65,1.65,1.58,1.615,1.615,29056.0,29056.0,-0.035,-2.121,1.615,"August 16, 19",-0.02121
0,2019-08-15,1.7,1.7,1.6,1.6,1.6,54161.0,54161.0,-0.1,-5.882,1.63333,"August 15, 19",-0.05882
0,2019-08-14,1.77,1.77,1.7,1.7,1.7,35083.0,35083.0,-0.07,-3.955,1.72333,"August 14, 19",-0.03955
0,2019-08-13,1.745,1.75,1.715,1.715,1.715,20668.0,20668.0,-0.03,-1.719,1.72667,"August 13, 19",-0.01719
0,2019-08-12,1.75,1.75,1.72,1.745,1.745,60996.0,60996.0,-0.005,-0.286,1.73833,"August 12, 19",-0.00286
0,2019-08-09,1.76,1.76,1.71,1.75,1.75,97742.0,97742.0,-0.01,-0.568,1.74,"August 09, 19",-0.00568
0,2019-08-08,1.51,1.77,1.45,1.76,1.76,142682.0,142682.0,0.25,16.556,1.66,"August 08, 19",0.16556
0,2019-08-07,1.485,1.485,1.465,1.48,1.48,2170.0,2170.0,-0.005,-0.337,1.47667,"August 07, 19",-0.00337
0,2019-08-06,1.55,1.55,1.4,1.41,1.41,34001.0,34001.0,-0.14,-9.032,1.45333,"August 06, 19",-0.09032
0,2019-08-05,1.585,1.585,1.585,1.585,1.585,0.0,0.0,0.0,0.0,0.0,"August 05, 19",0.0
0,2019-08-02,1.6,1.6,1.58,1.585,1.585,43906.0,43906.0,-0.015,-0.938,1.58833,"August 02, 19",-0.00938
0,2019-08-01,1.58,1.58,1.58,1.58,1.58,0.0,0.0,0.0,0.0,0.0,"August 01, 19",0.0
0,2019-07-31,1.64,1.64,1.58,1.58,1.58,62337.0,62337.0,-0.06,-3.659,1.6,"July 31, 19",-0.03659
0,2019-07-30,1.625,1.64,1.625,1.625,1.625,12529.0,12529.0,0.0,0.0,1.63,"July 30, 19",0.0
0,2019-07-29,1.655,1.66,1.625,1.64,1.64,15194.0,15194.0,-0.015,-0.906,1.64167,"July 29, 19",-0.00906
0,2019-07-26,1.67,1.67,1.615,1.615,1.615,7072.0,7072.0,-0.055,-3.293,1.63333,"July 26, 19",-0.03293
0,2019-07-25,1.66,1.67,1.66,1.67,1.67,12034.0,12034.0,0.01,0.602,1.66667,"July 25, 19",0.00602
0,2019-07-24,1.655,1.66,1.655,1.66,1.66,6500.0,6500.0,0.005,0.302,1.65833,"July 24, 19",0.00302
0,2019-07-23,1.655,1.655,1.6,1.6,1.6,8603.0,8603.0,-0.055,-3.323,1.61833,"July 23, 19",-0.03323
0,2019-07-22,1.6,1.605,1.6,1.605,1.605,8500.0,8500.0,0.005,0.312,1.60333,"July 22, 19",0.00312
0,2019-07-19,1.585,1.6,1.585,1.595,1.595,35588.0,35588.0,0.01,0.631,1.59333,"July 19, 19",0.00631
0,2019-07-18,1.59,1.6,1.57,1.58,1.58,34000.0,34000.0,-0.01,-0.629,1.58333,"July 18, 19",-0.00629
0,2019-07-17,1.58,1.6,1.57,1.6,1.6,8000.0,8000.0,0.02,1.266,1.59,"July 17, 19",0.01266
0,2019-07-16,1.58,1.58,1.58,1.58,1.58,109006.0,109006.0,0.0,0.0,1.58,"July 16, 19",0.0
0,2019-07-15,1.6,1.6,1.58,1.58,1.58,36553.0,36553.0,-0.02,-1.25,1.58667,"July 15, 19",-0.0125
0,2019-07-12,1.6,1.6,1.6,1.6,1.6,16344.0,16344.0,0.0,0.0,1.6,"July 12, 19",0.0
0,2019-07-11,1.6,1.6,1.6,1.6,1.6,57061.0,57061.0,0.0,0.0,1.6,"July 11, 19",0.0
0,2019-07-10,1.575,1.595,1.565,1.58,1.58,8033.0,8033.0,0.005,0.317,1.58,"July 10, 19",0.00317
0,2019-07-09,1.56,1.575,1.56,1.575,1.575,20223.0,20223.0,0.015,0.962,1.57,"July 09, 19",0.00962
0,2019-07-08,1.56,1.575,1.55,1.555,1.555,24519.0,24519.0,-0.005,-0.321,1.56,"July 08, 19",-0.00321
0,2019-07-05,1.59,1.595,1.57,1.57,1.57,28499.0,28499.0,-0.02,-1.258,1.57833,"July 05, 19",-0.01258
0,2019-07-04,1.595,1.615,1.58,1.6,1.6,22676.0,22676.0,0.005,0.313,1.59833,"July 04, 19",0.00313
0,2019-07-03,1.61,1.61,1.6,1.6,1.6,20693.0,20693.0,-0.01,-0.621,1.60333,"July 03, 19",-0.00621
0,2019-07-02,1.605,1.605,1.6,1.6,1.6,24213.0,24213.0,-0.005,-0.312,1.60167,"July 02, 19",-0.00312
0,2019-07-01,1.56,1.6,1.56,1.6,1.6,27474.0,27474.0,0.04,2.564,1.58667,"July 01, 19",0.02564
0,2019-06-28,1.52,1.55,1.505,1.54,1.54,32551.0,32551.0,0.02,1.316,1.53167,"June 28, 19",0.01316
0,2019-06-27,1.58,1.58,1.505,1.53,1.53,22055.0,22055.0,-0.05,-3.165,1.53833,"June 27, 19",-0.03165
0,2019-06-26,1.6,1.6,1.58,1.58,1.58,22158.0,22158.0,-0.02,-1.25,1.58667,"June 26, 19",-0.0125
0,2019-06-25,1.57,1.6,1.57,1.6,1.6,11214.0,11214.0,0.03,1.911,1.59,"June 25, 19",0.01911
0,2019-06-24,1.595,1.6,1.57,1.57,1.57,13280.0,13280.0,-0.025,-1.567,1.58,"June 24, 19",-0.01567
0,2019-06-21,1.57,1.59,1.56,1.57,1.57,51173.0,51173.0,0.0,0.0,1.57333,"June 21, 19",0.0
0,2019-06-20,1.61,1.61,1.575,1.605,1.605,27000.0,27000.0,-0.005,-0.311,1.59667,"June 20, 19",-0.00311
0,2019-06-19,1.66,1.66,1.6,1.6,1.6,27994.0,27994.0,-0.06,-3.614,1.62,"June 19, 19",-0.03614
0,2019-06-18,1.7,1.7,1.65,1.65,1.65,38309.0,38309.0,-0.05,-2.941,1.66667,"June 18, 19",-0.02941
0,2019-06-17,1.685,1.7,1.685,1.69,1.69,39063.0,39063.0,0.005,0.297,1.69167,"June 17, 19",0.00297
0,2019-06-14,1.655,1.66,1.65,1.66,1.66,12865.0,12865.0,0.005,0.302,1.65667,"June 14, 19",0.00302
0,2019-06-13,1.72,1.72,1.71,1.72,1.72,19202.0,19202.0,0.0,0.0,1.71667,"June 13, 19",0.0
0,2019-06-12,1.715,1.76,1.59,1.65,1.65,45529.0,45529.0,-0.065,-3.79,1.66667,"June 12, 19",-0.0379
0,2019-06-11,1.75,1.76,1.71,1.71,1.71,28957.0,28957.0,-0.04,-2.286,1.72667,"June 11, 19",-0.02286
0,2019-06-07,1.77,1.77,1.7,1.71,1.71,40303.0,40303.0,-0.06,-3.39,1.72667,"June 07, 19",-0.0339
0,2019-06-06,1.905,1.905,1.76,1.77,1.77,18291.0,18291.0,-0.135,-7.087,1.81167,"June 06, 19",-0.07087
0,2019-06-05,1.78,1.81,1.745,1.775,1.775,47953.0,47953.0,-0.005,-0.281,1.77667,"June 05, 19",-0.00281
0,2019-06-04,1.75,1.765,1.73,1.765,1.765,26771.0,26771.0,0.015,0.857,1.75333,"June 04, 19",0.00857
0,2019-06-03,1.79,1.79,1.73,1.75,1.75,50564.0,50564.0,-0.04,-2.235,1.75667,"June 03, 19",-0.02235
0,2019-05-31,1.83,1.835,1.77,1.78,1.78,95767.0,95767.0,-0.05,-2.732,1.795,"May 31, 19",-0.02732
0,2019-05-30,1.875,1.875,1.805,1.83,1.83,63674.0,63674.0,-0.045,-2.4,1.83667,"May 30, 19",-0.024
0,2019-05-29,1.87,1.88,1.83,1.88,1.88,33863.0,33863.0,0.01,0.535,1.86333,"May 29, 19",0.00535
0,2019-05-28,1.845,1.915,1.845,1.88,1.88,37507.0,37507.0,0.035,1.897,1.88,"May 28, 19",0.01897
0,2019-05-27,1.91,1.945,1.83,1.9,1.9,106847.0,106847.0,-0.01,-0.524,1.89167,"May 27, 19",-0.00524
0,2019-05-24,1.94,1.99,1.905,1.915,1.915,11358.0,11358.0,-0.025,-1.289,1.93667,"May 24, 19",-0.01289
0,2019-05-23,1.85,1.94,1.85,1.9,1.9,43689.0,43689.0,0.05,2.703,1.89667,"May 23, 19",0.02703
0,2019-05-22,1.91,1.94,1.85,1.85,1.85,147477.0,147477.0,-0.06,-3.141,1.88,"May 22, 19",-0.03141
0,2019-05-21,1.99,2.04,1.9,1.9,1.9,63969.0,63969.0,-0.09,-4.523,1.94667,"May 21, 19",-0.04523
0,2019-05-20,2.03,2.15,1.99,1.99,1.99,433385.0,433385.0,-0.04,-1.97,2.04333,"May 20, 19",-0.0197
0,2019-05-17,1.95,2.05,1.95,1.99,1.99,205755.0,205755.0,0.04,2.051,1.99667,"May 17, 19",0.02051
0,2019-05-16,1.98,1.99,1.85,1.915,1.915,84820.0,84820.0,-0.065,-3.283,1.91833,"May 16, 19",-0.03283
0,2019-05-15,1.78,2.0,1.75,1.96,1.96,123543.0,123543.0,0.18,10.112,1.90333,"May 15, 19",0.10112
0,2019-05-14,1.68,1.74,1.65,1.74,1.74,71376.0,71376.0,0.06,3.571,1.71,"May 14, 19",0.03571
0,2019-05-13,1.69,1.69,1.65,1.65,1.65,1159.0,1159.0,-0.04,-2.367,1.66333,"May 13, 19",-0.02367
0,2019-05-10,1.7,1.7,1.65,1.69,1.69,65627.0,65627.0,-0.01,-0.588,1.68,"May 10, 19",-0.00588
0,2019-05-09,1.68,1.68,1.67,1.67,1.67,29786.0,29786.0,-0.01,-0.595,1.67333,"May 09, 19",-0.00595
0,2019-05-08,1.71,1.73,1.68,1.7,1.7,56465.0,56465.0,-0.01,-0.585,1.70333,"May 08, 19",-0.00585
0,2019-05-07,1.73,1.73,1.71,1.71,1.71,81590.0,81590.0,-0.02,-1.156,1.71667,"May 07, 19",-0.01156
0,2019-05-06,1.72,1.81,1.71,1.73,1.73,54795.0,54795.0,0.01,0.581,1.75,"May 06, 19",0.00581
0,2019-05-03,1.68,1.76,1.68,1.71,1.71,44656.0,44656.0,0.03,1.786,1.71667,"May 03, 19",0.01786
0,2019-05-02,1.72,1.79,1.67,1.7,1.7,89972.0,89972.0,-0.02,-1.163,1.72,"May 02, 19",-0.01163
0,2019-05-01,1.65,1.7,1.65,1.7,1.7,83500.0,83500.0,0.05,3.03,1.68333,"May 01, 19",0.0303
0,2019-04-30,1.67,1.67,1.61,1.65,1.65,39640.0,39640.0,-0.02,-1.198,1.64333,"April 30, 19",-0.01198
0,2019-04-29,1.7,1.7,1.65,1.65,1.65,93869.0,93869.0,-0.05,-2.941,1.66667,"April 29, 19",-0.02941
0,2019-04-26,1.68,1.7,1.65,1.7,1.7,119300.0,119300.0,0.02,1.19,1.68333,"April 26, 19",0.0119
0,2019-04-24,1.75,1.75,1.65,1.67,1.67,144860.0,144860.0,-0.08,-4.571,1.69,"April 24, 19",-0.04571
0,2019-04-23,1.74,1.78,1.72,1.74,1.74,126874.0,126874.0,0.0,0.0,1.74667,"April 23, 19",0.0
0,2019-04-18,1.8,1.83,1.72,1.72,1.72,233568.0,233568.0,-0.08,-4.444,1.75667,"April 18, 19",-0.04444
0,2019-04-17,1.7,1.82,1.65,1.78,1.78,612074.0,612074.0,0.08,4.706,1.75,"April 17, 19",0.04706
