,date,open,high,low,close,adjClose,volume,unadjustedVolume,change,changePercent,vwap,label,changeOverTime
0,2021-02-16,123.25,124.989998,121.129997,122.699997,122.699997,1050931.0,1050931.0,-0.55,-0.446,122.94,"February 16, 21",-0.00446
0,2021-02-12,118.839996,121.440002,117.400002,121.309998,121.309998,1881500.0,1881500.0,2.47,2.078,120.05,"February 12, 21",0.02078
0,2021-02-11,122.32,122.330002,114.949997,117.599998,117.599998,2783300.0,2783300.0,-4.72,-3.859,118.29333,"February 11, 21",-0.03859
0,2021-02-10,122.690002,123.650002,119.720001,122.519997,122.519997,1955600.0,1955600.0,-0.17001,-0.139,121.96333,"February 10, 21",-0.00139
0,2021-02-09,119.949997,122.239998,118.769997,121.660004,121.660004,733000.0,733000.0,1.71001,1.426,120.89,"February 09, 21",0.01426
0,2021-02-08,118.029999,120.949997,118.029999,120.470001,120.470001,878800.0,878800.0,2.44,2.067,119.81667,"February 08, 21",0.02067
0,2021-02-05,119.550003,119.93,115.790001,117.940002,117.940002,1019900.0,1019900.0,-1.61,-1.347,117.88667,"February 05, 21",-0.01347
0,2021-02-04,116.470001,120.0,116.010002,118.080002,118.080002,881100.0,881100.0,1.61,1.382,118.03,"February 04, 21",0.01382
0,2021-02-03,117.75,118.900002,115.93,116.220001,116.220001,763100.0,763100.0,-1.53,-1.299,117.01667,"February 03, 21",-0.01299
0,2021-02-02,116.510002,118.730003,116.059998,117.410004,117.410004,955900.0,955900.0,0.9,0.772,117.4,"February 02, 21",0.00772
0,2021-02-01,112.0,115.5,112.0,114.900002,114.900002,781400.0,781400.0,2.9,2.589,114.13333,"February 01, 21",0.02589
0,2021-01-29,114.5,115.0,108.779999,110.410004,110.410004,1252400.0,1252400.0,-4.09,-3.572,111.39667,"January 29, 21",-0.03572
0,2021-01-28,116.370003,117.910004,113.720001,114.669998,114.669998,1196800.0,1196800.0,-1.7,-1.461,115.43333,"January 28, 21",-0.01461
0,2021-01-27,116.440002,117.489998,112.599998,113.550003,113.550003,928500.0,928500.0,-2.89,-2.482,114.54667,"January 27, 21",-0.02482
0,2021-01-26,120.699997,120.779999,118.480003,118.989998,118.989998,548000.0,548000.0,-1.71,-1.417,119.41667,"January 26, 21",-0.01417
0,2021-01-25,116.959999,119.959999,116.519997,119.5,119.5,1312300.0,1312300.0,2.54,2.172,118.66,"January 25, 21",0.02172
0,2021-01-22,119.099998,119.989998,116.43,117.129997,117.129997,1362500.0,1362500.0,-1.97,-1.654,117.85,"January 22, 21",-0.01654
0,2021-01-21,123.379997,124.0,120.0,120.050003,120.050003,1102800.0,1102800.0,-3.32999,-2.699,121.35,"January 21, 21",-0.02699
0,2021-01-20,122.32,125.610001,121.379997,125.209999,125.209999,785600.0,785600.0,2.89,2.363,124.06667,"January 20, 21",0.02363
0,2021-01-19,121.050003,123.550003,120.790001,121.07,121.07,825700.0,825700.0,0.02,0.017,121.80333,"January 19, 21",0.00017
0,2021-01-15,119.410004,119.779999,116.519997,118.860001,118.860001,707100.0,707100.0,-0.55,-0.461,118.38667,"January 15, 21",-0.00461
0,2021-01-14,120.110001,121.809998,120.0,120.800003,120.800003,843600.0,843600.0,0.69,0.574,120.87,"January 14, 21",0.00574
0,2021-01-13,124.07,124.43,119.129997,119.379997,119.379997,1077000.0,1077000.0,-4.69,-3.78,120.98,"January 13, 21",-0.0378
0,2021-01-12,124.940002,125.440002,122.559998,124.589996,124.589996,792400.0,792400.0,-0.35001,-0.28,124.19667,"January 12, 21",-0.0028
0,2021-01-11,123.360001,125.540001,122.459999,124.330002,124.330002,479900.0,479900.0,0.97,0.786,124.11,"January 11, 21",0.00786
0,2021-01-08,127.620003,128.070007,124.43,125.900002,125.900002,606300.0,606300.0,-1.72,-1.348,126.13334,"January 08, 21",-0.01348
0,2021-01-07,125.0,128.570007,125.0,126.889999,126.889999,1211100.0,1211100.0,1.89,1.512,126.82,"January 07, 21",0.01512
0,2021-01-06,118.900002,125.800003,118.900002,123.330002,123.330002,1486600.0,1486600.0,4.43,3.726,122.67667,"January 06, 21",0.03726
0,2021-01-05,115.830002,119.349998,115.760002,118.029999,118.029999,718200.0,718200.0,2.2,1.899,117.71333,"January 05, 21",0.01899
0,2021-01-04,119.32,119.919998,115.629997,116.519997,116.519997,685300.0,685300.0,-2.8,-2.347,117.35666,"January 04, 21",-0.02347
0,2020-12-31,118.669998,120.440002,118.080002,119.199997,119.199997,656700.0,656700.0,0.53,0.447,119.24,"December 31, 20",0.00447
0,2020-12-30,117.68,118.989998,117.220001,118.57,118.57,476700.0,476700.0,0.89,0.756,118.26,"December 30, 20",0.00756
0,2020-12-29,117.900002,118.300003,116.25,117.220001,117.220001,384300.0,384300.0,-0.68,-0.577,117.25667,"December 29, 20",-0.00577
0,2020-12-28,119.080002,119.800003,117.699997,117.830002,117.830002,310400.0,310400.0,-1.25,-1.05,118.44333,"December 28, 20",-0.0105
0,2020-12-24,118.330002,119.779999,117.660004,119.139999,119.139999,181100.0,181100.0,0.81,0.685,118.86,"December 24, 20",0.00685
0,2020-12-23,118.099998,119.080002,117.629997,118.300003,118.300003,529800.0,529800.0,0.20001,0.169,118.33667,"December 23, 20",0.00169
0,2020-12-22,118.110001,119.019997,116.690002,117.849998,117.849998,588500.0,588500.0,-0.26,-0.22,117.85333,"December 22, 20",-0.0022
0,2020-12-21,116.470001,119.800003,115.099998,118.360001,118.360001,770500.0,770500.0,1.89,1.623,117.75333,"December 21, 20",0.01623
0,2020-12-18,119.459999,119.620003,118.489998,119.110001,119.110001,1959900.0,1959900.0,-0.35,-0.293,119.07333,"December 18, 20",-0.00293
0,2020-12-17,119.779999,120.400002,118.419998,119.18,119.18,767500.0,767500.0,-0.6,-0.501,119.33333,"December 17, 20",-0.00501
0,2020-12-16,120.940002,121.150002,118.779999,120.0,120.0,768100.0,768100.0,-0.94,-0.777,119.97667,"December 16, 20",-0.00777
0,2020-12-15,120.709999,121.019997,119.199997,120.089996,120.089996,879100.0,879100.0,-0.62,-0.514,120.10333,"December 15, 20",-0.00514
0,2020-12-14,122.0,123.589996,119.540001,120.0,120.0,871300.0,871300.0,-2.0,-1.639,121.04333,"December 14, 20",-0.01639
0,2020-12-11,119.370003,121.739998,119.099998,120.870003,120.870003,898900.0,898900.0,1.5,1.257,120.57,"December 11, 20",0.01257
0,2020-12-10,119.010002,121.300003,117.589996,120.199997,120.199997,951800.0,951800.0,1.18999,1.0,119.69667,"December 10, 20",0.01
0,2020-12-09,121.989998,122.989998,119.330002,120.199997,120.199997,1356100.0,1356100.0,-1.79,-1.467,120.84,"December 09, 20",-0.01467
0,2020-12-08,118.400002,121.550003,118.25,120.330002,120.330002,1243700.0,1243700.0,1.93,1.63,120.04333,"December 08, 20",0.0163
0,2020-12-07,121.0,121.57,118.669998,119.900002,119.900002,1018100.0,1018100.0,-1.1,-0.909,120.04667,"December 07, 20",-0.00909
0,2020-12-04,117.110001,121.0,117.110001,119.910004,119.910004,1285300.0,1285300.0,2.8,2.391,119.34,"December 04, 20",0.02391
0,2020-12-03,116.0,119.709999,114.169998,116.400002,116.400002,4002000.0,4002000.0,0.4,0.345,116.76,"December 03, 20",0.00345
0,2020-12-02,110.0,111.25,108.589996,110.010002,110.010002,993900.0,993900.0,0.01,0.009,109.95,"December 02, 20",9e-05
0,2020-12-01,107.860001,111.709999,107.860001,110.419998,110.419998,805300.0,805300.0,2.56,2.373,109.99667,"December 01, 20",0.02373
0,2020-11-30,106.940002,108.830002,105.389999,106.68,106.68,1044700.0,1044700.0,-0.26,-0.243,106.96667,"November 30, 20",-0.00243
0,2020-11-27,105.550003,106.25,104.029999,105.82,105.82,302000.0,302000.0,0.27,0.256,105.36667,"November 27, 20",0.00256
0,2020-11-25,105.419998,106.309998,103.239998,105.419998,105.419998,496000.0,496000.0,0.0,0.0,104.99,"November 25, 20",0.0
0,2020-11-24,102.010002,106.57,101.93,105.860001,105.860001,1386800.0,1386800.0,3.85,3.774,104.78667,"November 24, 20",0.03774
0,2020-11-23,104.809998,106.720001,100.18,100.68,100.68,1945900.0,1945900.0,-4.13,-3.94,102.52667,"November 23, 20",-0.0394
0,2020-11-20,105.919998,106.019997,103.349998,103.790001,103.790001,859700.0,859700.0,-2.13,-2.011,104.38667,"November 20, 20",-0.02011
0,2020-11-19,105.150002,106.25,103.620003,105.93,105.93,940900.0,940900.0,0.78,0.742,105.26667,"November 19, 20",0.00742
0,2020-11-18,105.940002,109.830002,105.459999,105.5,105.5,854500.0,854500.0,-0.44,-0.415,106.93,"November 18, 20",-0.00415
0,2020-11-17,105.330002,106.970001,102.970001,105.860001,105.860001,496400.0,496400.0,0.53,0.503,105.26667,"November 17, 20",0.00503
0,2020-11-16,106.129997,108.050003,105.25,106.339996,106.339996,967700.0,967700.0,0.21,0.198,106.54667,"November 16, 20",0.00198
0,2020-11-13,102.150002,105.419998,102.150002,104.629997,104.629997,616500.0,616500.0,2.48,2.428,104.06667,"November 13, 20",0.02428
0,2020-11-12,103.5,104.68,100.220001,101.720001,101.720001,857600.0,857600.0,-1.78,-1.72,102.20667,"November 12, 20",-0.0172
0,2020-11-11,103.0,105.809998,101.169998,104.050003,104.050003,1126300.0,1126300.0,1.05,1.019,103.67667,"November 11, 20",0.01019
0,2020-11-10,99.599998,102.059998,97.779999,101.919998,101.919998,1109400.0,1109400.0,2.32,2.329,100.58667,"November 10, 20",0.02329
0,2020-11-09,102.099998,103.349998,99.040001,99.300003,99.300003,1599100.0,1599100.0,-2.79999,-2.742,100.56333,"November 09, 20",-0.02742
0,2020-11-06,98.25,98.25,93.75,96.400002,96.400002,1341400.0,1341400.0,-1.85,-1.883,96.13333,"November 06, 20",-0.01883
0,2020-11-05,96.620003,104.879997,96.07,98.57,98.57,2405600.0,2405600.0,1.95,2.018,99.84,"November 05, 20",0.02018
0,2020-11-04,94.989998,97.370003,92.470001,94.589996,94.589996,616700.0,616700.0,-0.4,-0.421,94.81,"November 04, 20",-0.00421
0,2020-11-03,92.589996,94.879997,91.629997,94.160004,94.160004,806400.0,806400.0,1.57001,1.696,93.55667,"November 03, 20",0.01696
0,2020-11-02,90.0,91.940002,89.040001,90.43,90.43,1099900.0,1099900.0,0.43,0.478,90.47,"November 02, 20",0.00478
0,2020-10-30,88.940002,91.389999,88.389999,90.0,90.0,637000.0,637000.0,1.06,1.192,89.92667,"October 30, 20",0.01192
0,2020-10-29,88.25,90.690002,87.360001,89.230003,89.230003,681900.0,681900.0,0.98,1.11,89.09334,"October 29, 20",0.0111
0,2020-10-28,90.160004,91.589996,88.010002,88.379997,88.379997,1184100.0,1184100.0,-1.78001,-1.974,89.32667,"October 28, 20",-0.01974
0,2020-10-27,94.57,96.269997,93.779999,93.980003,93.980003,862100.0,862100.0,-0.59,-0.624,94.67667,"October 27, 20",-0.00624
0,2020-10-26,94.410004,94.650002,92.120003,94.25,94.25,1340400.0,1340400.0,-0.16,-0.169,93.67334,"October 26, 20",-0.00169
0,2020-10-23,96.559998,96.760002,94.550003,95.349998,95.349998,465500.0,465500.0,-1.21,-1.253,95.55333,"October 23, 20",-0.01253
0,2020-10-22,95.839996,97.110001,94.269997,95.940002,95.940002,876700.0,876700.0,0.10001,0.104,95.77333,"October 22, 20",0.00104
0,2020-10-21,98.0,99.080002,95.0,95.419998,95.419998,794700.0,794700.0,-2.58,-2.633,96.5,"October 21, 20",-0.02633
0,2020-10-20,96.589996,101.849998,96.230003,98.18,98.18,1176200.0,1176200.0,1.59,1.646,98.75333,"October 20, 20",0.01646
0,2020-10-19,96.599998,98.690002,95.519997,96.040001,96.040001,842700.0,842700.0,-0.56,-0.58,96.75,"October 19, 20",-0.0058
0,2020-10-16,97.510002,98.919998,94.730003,96.010002,96.010002,828000.0,828000.0,-1.5,-1.538,96.55333,"October 16, 20",-0.01538
0,2020-10-15,95.0,98.889999,95.0,97.910004,97.910004,948200.0,948200.0,2.91,3.063,97.26667,"October 15, 20",0.03063
0,2020-10-14,94.410004,98.230003,94.410004,96.209999,96.209999,959100.0,959100.0,1.79999,1.907,96.28334,"October 14, 20",0.01907
0,2020-10-13,95.519997,96.989998,94.650002,94.720001,94.720001,696500.0,696500.0,-0.8,-0.838,95.45333,"October 13, 20",-0.00838
0,2020-10-12,95.57,96.610001,94.339996,96.059998,96.059998,663600.0,663600.0,0.49,0.513,95.67,"October 12, 20",0.00513
0,2020-10-09,96.550003,97.82,94.400002,95.269997,95.269997,1088300.0,1088300.0,-1.28001,-1.326,95.83,"October 09, 20",-0.01326
0,2020-10-08,96.379997,98.190002,94.529999,95.900002,95.900002,731600.0,731600.0,-0.48,-0.498,96.20667,"October 08, 20",-0.00498
0,2020-10-07,96.610001,99.43,91.040001,95.150002,95.150002,2856200.0,2856200.0,-1.46,-1.511,95.20667,"October 07, 20",-0.01511
0,2020-10-06,94.75,96.980003,93.139999,95.260002,95.260002,2215800.0,2215800.0,0.51,0.538,95.12667,"October 06, 20",0.00538
0,2020-10-05,89.559998,95.989998,89.449997,93.480003,93.480003,2510100.0,2510100.0,3.92001,4.377,92.97333,"October 05, 20",0.04377
0,2020-10-02,83.470001,87.220001,83.330002,86.260002,86.260002,1111100.0,1111100.0,2.79,3.343,85.60334,"October 02, 20",0.03343
0,2020-10-01,85.459999,86.300003,83.949997,85.18,85.18,795000.0,795000.0,-0.28,-0.328,85.14333,"October 01, 20",-0.00328
0,2020-09-30,85.93,87.959999,83.989998,84.660004,84.660004,1082600.0,1082600.0,-1.27,-1.478,85.53667,"September 30, 20",-0.01478
0,2020-09-29,86.559998,87.5,85.459999,85.93,85.93,646300.0,646300.0,-0.63,-0.728,86.29667,"September 29, 20",-0.00728
0,2020-09-28,85.970001,87.910004,85.5,86.269997,86.269997,692500.0,692500.0,0.3,0.349,86.56,"September 28, 20",0.00349
0,2020-09-25,81.519997,85.010002,81.400002,84.190002,84.190002,672900.0,672900.0,2.67001,3.275,83.53334,"September 25, 20",0.03275
0,2020-09-24,83.279999,84.279999,80.639999,82.239998,82.239998,830200.0,830200.0,-1.04,-1.249,82.38667,"September 24, 20",-0.01249
0,2020-09-23,84.959999,86.190002,82.809998,83.040001,83.040001,875900.0,875900.0,-1.92,-2.26,84.01333,"September 23, 20",-0.0226
0,2020-09-22,84.82,85.18,81.660004,83.739998,83.739998,950100.0,950100.0,-1.08,-1.273,83.52667,"September 22, 20",-0.01273
0,2020-09-21,84.0,85.0,80.029999,83.800003,83.800003,1977900.0,1977900.0,-0.2,-0.238,82.94333,"September 21, 20",-0.00238
0,2020-09-18,90.010002,90.75,86.379997,86.690002,86.690002,2392100.0,2392100.0,-3.32,-3.688,87.94,"September 18, 20",-0.03688
0,2020-09-17,89.540001,91.639999,88.099998,90.339996,90.339996,1420800.0,1420800.0,0.79999,0.893,90.02666,"September 17, 20",0.00893
0,2020-09-16,90.07,94.400002,89.989998,92.580002,92.580002,2230100.0,2230100.0,2.51,2.787,92.32333,"September 16, 20",0.02787
0,2020-09-15,88.059998,90.279999,86.059998,89.470001,89.470001,1495200.0,1495200.0,1.41,1.601,88.60333,"September 15, 20",0.01601
0,2020-09-14,88.470001,90.919998,86.230003,87.230003,87.230003,813600.0,813600.0,-1.24,-1.402,88.12667,"September 14, 20",-0.01402
0,2020-09-11,86.889999,88.150002,85.93,87.629997,87.629997,799600.0,799600.0,0.74,0.852,87.23667,"September 11, 20",0.00852
0,2020-09-10,88.440002,88.900002,86.0,86.0,86.0,919400.0,919400.0,-2.44,-2.759,86.96667,"September 10, 20",-0.02759
0,2020-09-09,87.0,88.089996,86.230003,87.559998,87.559998,1387700.0,1387700.0,0.56,0.644,87.29333,"September 09, 20",0.00644
0,2020-09-08,85.720001,87.260002,83.190002,85.510002,85.510002,795900.0,795900.0,-0.21,-0.245,85.32,"September 08, 20",-0.00245
0,2020-09-04,87.669998,88.559998,85.089996,87.470001,87.470001,995100.0,995100.0,-0.2,-0.228,87.04,"September 04, 20",-0.00228
0,2020-09-03,90.190002,90.879997,85.690002,87.360001,87.360001,921400.0,921400.0,-2.83,-3.138,87.97667,"September 03, 20",-0.03138
0,2020-09-02,90.919998,91.739998,88.849998,90.830002,90.830002,792300.0,792300.0,-0.09,-0.099,90.47333,"September 02, 20",-0.00099
0,2020-09-01,88.300003,90.43,86.360001,90.279999,90.279999,626900.0,626900.0,1.98,2.242,89.02333,"September 01, 20",0.02242
0,2020-08-31,90.089996,90.599998,87.239998,88.269997,88.269997,821400.0,821400.0,-1.82,-2.02,88.70333,"August 31, 20",-0.0202
0,2020-08-28,89.0,90.540001,88.360001,90.290001,90.290001,947200.0,947200.0,1.29,1.449,89.73,"August 28, 20",0.01449
0,2020-08-27,87.099998,89.849998,86.669998,88.400002,88.400002,1334200.0,1334200.0,1.3,1.493,88.30667,"August 27, 20",0.01493
0,2020-08-26,85.0,86.790001,84.260002,86.360001,86.360001,692600.0,692600.0,1.36,1.6,85.80333,"August 26, 20",0.016
0,2020-08-25,86.089996,86.5,84.449997,85.0,85.0,601000.0,601000.0,-1.09,-1.266,85.31667,"August 25, 20",-0.01266
0,2020-08-24,85.370003,86.800003,85.300003,86.019997,86.019997,1126900.0,1126900.0,0.64999,0.761,86.04,"August 24, 20",0.00761
0,2020-08-21,83.139999,85.389999,82.949997,84.540001,84.540001,766200.0,766200.0,1.4,1.684,84.29333,"August 21, 20",0.01684
0,2020-08-20,82.599998,84.169998,82.150002,83.18,83.18,754700.0,754700.0,0.58,0.702,83.16667,"August 20, 20",0.00702
0,2020-08-19,83.0,86.370003,82.629997,83.639999,83.639999,1666500.0,1666500.0,0.64,0.771,84.21333,"August 19, 20",0.00771
0,2020-08-18,82.489998,83.360001,80.629997,80.959999,80.959999,988600.0,988600.0,-1.53,-1.855,81.65,"August 18, 20",-0.01855
0,2020-08-17,83.160004,84.480003,81.550003,82.699997,82.699997,951500.0,951500.0,-0.46001,-0.553,82.91,"August 17, 20",-0.00553
0,2020-08-14,85.760002,85.800003,82.43,82.959999,82.959999,1124300.0,1124300.0,-2.8,-3.265,83.73,"August 14, 20",-0.03265
0,2020-08-13,85.589996,86.900002,84.510002,85.989998,85.989998,1297000.0,1297000.0,0.4,0.467,85.8,"August 13, 20",0.00467
0,2020-08-12,84.93,87.089996,84.830002,86.410004,86.410004,1568200.0,1568200.0,1.48,1.743,86.11,"August 12, 20",0.01743
0,2020-08-11,82.550003,85.199997,82.550003,84.0,84.0,1936700.0,1936700.0,1.45,1.757,83.91667,"August 11, 20",0.01757
0,2020-08-10,81.730003,83.040001,80.519997,81.720001,81.720001,1073500.0,1073500.0,-0.01,-0.012,81.76,"August 10, 20",-0.00012
0,2020-08-07,76.93,81.2,76.89,80.9,80.9,1603400.0,1603400.0,3.97,5.161,79.66333,"August 07, 20",0.05161
0,2020-08-06,76.6,77.84,76.0,76.85,76.85,852200.0,852200.0,0.25,0.326,76.89667,"August 06, 20",0.00326
0,2020-08-05,78.78,79.2,76.16,76.97,76.97,863900.0,863900.0,-1.81,-2.298,77.44333,"August 05, 20",-0.02298
0,2020-08-04,76.22,78.74,75.63,77.72,77.72,1563500.0,1563500.0,1.5,1.968,77.36333,"August 04, 20",0.01968
0,2020-08-03,75.85,77.46,73.76,76.25,76.25,3540800.0,3540800.0,0.4,0.527,75.82333,"August 03, 20",0.00527
0,2020-07-31,84.39,85.37,72.21,75.02,75.02,7341100.0,7341100.0,-9.37,-11.103,77.53333,"July 31, 20",-0.11103
0,2020-07-30,82.96,87.21,82.25,86.62,86.62,2837300.0,2837300.0,3.66,4.412,85.36,"July 30, 20",0.04412
0,2020-07-29,81.13,84.2,80.8,84.08,84.08,1945500.0,1945500.0,2.95,3.636,83.02667,"July 29, 20",0.03636
0,2020-07-28,82.99,83.21,79.66,79.74,79.74,1403300.0,1403300.0,-3.25,-3.916,80.87,"July 28, 20",-0.03916
0,2020-07-27,79.34,83.62,79.12,83.29,83.29,2033000.0,2033000.0,3.95,4.979,82.01,"July 27, 20",0.04979
0,2020-07-24,79.55,80.57,78.22,79.25,79.25,630900.0,630900.0,-0.3,-0.377,79.34667,"July 24, 20",-0.00377
0,2020-07-23,81.3,81.49,79.08,80.0,80.0,884100.0,884100.0,-1.3,-1.599,80.19,"July 23, 20",-0.01599
0,2020-07-22,81.89,82.93,81.5,81.54,81.54,646500.0,646500.0,-0.35,-0.427,81.99,"July 22, 20",-0.00427
0,2020-07-21,80.78,82.95,80.78,82.48,82.48,771700.0,771700.0,1.7,2.104,82.07,"July 21, 20",0.02104
0,2020-07-20,81.33,81.84,80.6,81.04,81.04,665600.0,665600.0,-0.29,-0.357,81.16,"July 20, 20",-0.00357
0,2020-07-17,80.61,82.01,80.06,81.53,81.53,1043900.0,1043900.0,0.92,1.141,81.2,"July 17, 20",0.01141
0,2020-07-16,80.18,81.01,79.35,80.17,80.17,678000.0,678000.0,-0.01,-0.012,80.17667,"July 16, 20",-0.00012
0,2020-07-15,80.55,81.43,78.82,80.18,80.18,810500.0,810500.0,-0.37,-0.459,80.14333,"July 15, 20",-0.00459
0,2020-07-14,76.32,78.93,75.72,78.71,78.71,607000.0,607000.0,2.39,3.132,77.78667,"July 14, 20",0.03132
0,2020-07-13,79.3,79.53,76.01,76.29,76.29,894300.0,894300.0,-3.01,-3.796,77.27667,"July 13, 20",-0.03796
0,2020-07-10,75.44,78.54,75.44,78.45,78.45,704900.0,704900.0,3.01,3.99,77.47667,"July 10, 20",0.0399
0,2020-07-09,79.09,79.55,74.67,75.38,75.38,1151300.0,1151300.0,-3.71,-4.691,76.53333,"July 09, 20",-0.04691
0,2020-07-08,79.49,80.39,78.58,79.15,79.15,1632100.0,1632100.0,-0.34,-0.428,79.37333,"July 08, 20",-0.00428
0,2020-07-07,77.45,79.72,77.13,78.18,78.18,1220600.0,1220600.0,0.73,0.943,78.34333,"July 07, 20",0.00943
0,2020-07-06,78.23,79.08,77.58,78.37,78.37,794000.0,794000.0,0.14,0.179,78.34333,"July 06, 20",0.00179
0,2020-07-02,77.72,78.71,75.62,76.45,76.45,756300.0,756300.0,-1.27,-1.634,76.92667,"July 02, 20",-0.01634
0,2020-07-01,79.2,79.49,76.18,76.54,76.54,933000.0,933000.0,-2.66,-3.359,77.40333,"July 01, 20",-0.03359
0,2020-06-30,75.2,77.55,74.74,77.25,77.25,923000.0,923000.0,2.05,2.726,76.51333,"June 30, 20",0.02726
0,2020-06-29,73.98,75.38,73.31,75.3,75.3,618800.0,618800.0,1.32,1.784,74.66333,"June 29, 20",0.01784
0,2020-06-26,75.43,75.46,71.71,72.96,72.96,1991100.0,1991100.0,-2.47,-3.275,73.37667,"June 26, 20",-0.03275
0,2020-06-25,74.93,75.87,74.0,75.69,75.69,557700.0,557700.0,0.76,1.014,75.18667,"June 25, 20",0.01014
0,2020-06-24,77.66,78.16,75.27,75.51,75.51,784400.0,784400.0,-2.15,-2.768,76.31333,"June 24, 20",-0.02768
0,2020-06-23,81.54,81.74,78.4,78.61,78.61,1268400.0,1268400.0,-2.93,-3.593,79.58333,"June 23, 20",-0.03593
0,2020-06-22,79.0,81.52,78.11,80.99,80.99,1427900.0,1427900.0,1.99,2.519,80.20667,"June 22, 20",0.02519
0,2020-06-19,81.34,81.83,78.0,79.18,79.18,1400500.0,1400500.0,-2.16,-2.656,79.67,"June 19, 20",-0.02656
0,2020-06-18,79.65,80.98,79.09,80.49,80.49,889600.0,889600.0,0.84,1.055,80.18667,"June 18, 20",0.01055
0,2020-06-17,79.09,81.7,78.87,80.28,80.28,1629100.0,1629100.0,1.19,1.505,80.28333,"June 17, 20",0.01505
0,2020-06-16,80.82,80.93,76.35,78.71,78.71,1324800.0,1324800.0,-2.11,-2.611,78.66333,"June 16, 20",-0.02611
0,2020-06-15,72.0,77.71,71.69,77.59,77.59,1110900.0,1110900.0,5.59,7.764,75.66333,"June 15, 20",0.07764
0,2020-06-12,77.76,78.15,73.21,74.84,74.84,1115300.0,1115300.0,-2.92,-3.755,75.4,"June 12, 20",-0.03755
0,2020-06-11,75.5,76.39,72.11,73.58,73.58,1461900.0,1461900.0,-1.92,-2.543,74.02667,"June 11, 20",-0.02543
0,2020-06-10,78.88,82.44,76.88,80.88,80.88,1342000.0,1342000.0,2.0,2.535,80.06667,"June 10, 20",0.02535
0,2020-06-09,80.9,81.52,79.28,79.38,79.38,1930500.0,1930500.0,-1.52,-1.879,80.06,"June 09, 20",-0.01879
0,2020-06-08,85.46,85.94,82.5,82.97,82.97,1517900.0,1517900.0,-2.49,-2.914,83.80333,"June 08, 20",-0.02914
0,2020-06-05,85.1,87.87,82.97,83.56,83.56,1289000.0,1289000.0,-1.54,-1.81,84.8,"June 05, 20",-0.0181
0,2020-06-04,80.98,82.48,80.27,81.61,81.61,1134800.0,1134800.0,0.63,0.778,81.45333,"June 04, 20",0.00778
0,2020-06-03,80.83,82.64,80.5,81.2,81.2,1220200.0,1220200.0,0.37,0.458,81.44667,"June 03, 20",0.00458
0,2020-06-02,79.16,80.15,78.16,78.97,78.97,768500.0,768500.0,-0.19,-0.24,79.09333,"June 02, 20",-0.0024
0,2020-06-01,78.81,79.45,76.44,78.43,78.43,799300.0,799300.0,-0.38,-0.482,78.10667,"June 01, 20",-0.00482
0,2020-05-29,77.9,79.67,77.11,78.81,78.81,1465000.0,1465000.0,0.91,1.168,78.53,"May 29, 20",0.01168
0,2020-05-28,82.0,82.83,78.36,78.55,78.55,1057300.0,1057300.0,-3.45,-4.207,79.91333,"May 28, 20",-0.04207
0,2020-05-27,82.81,84.0,80.58,81.33,81.33,1590400.0,1590400.0,-1.48,-1.787,81.97,"May 27, 20",-0.01787
0,2020-05-26,79.8,82.84,79.02,80.92,80.92,1722500.0,1722500.0,1.12,1.404,80.92667,"May 26, 20",0.01404
0,2020-05-22,74.06,75.98,72.6,75.61,75.61,1163200.0,1163200.0,1.55,2.093,74.73,"May 22, 20",0.02093
0,2020-05-21,71.89,74.5,71.89,73.12,73.12,1178200.0,1178200.0,1.23,1.711,73.17,"May 21, 20",0.01711
0,2020-05-20,69.83,73.4,69.83,72.13,72.13,1260000.0,1260000.0,2.3,3.294,71.78667,"May 20, 20",0.03294
0,2020-05-19,69.54,71.34,68.3,68.33,68.33,1278900.0,1278900.0,-1.21,-1.74,69.32333,"May 19, 20",-0.0174
0,2020-05-18,69.54,70.49,67.74,69.91,69.91,2623700.0,2623700.0,0.37,0.532,69.38,"May 18, 20",0.00532
0,2020-05-15,63.21,65.49,62.5,64.32,64.32,903200.0,903200.0,1.11,1.756,64.10333,"May 15, 20",0.01756
0,2020-05-14,63.07,64.47,60.75,64.39,64.39,1208000.0,1208000.0,1.32,2.093,63.20333,"May 14, 20",0.02093
0,2020-05-13,64.51,65.28,62.63,63.81,63.81,1286800.0,1286800.0,-0.7,-1.085,63.90667,"May 13, 20",-0.01085
0,2020-05-12,69.0,69.3,64.72,64.87,64.87,925800.0,925800.0,-4.13,-5.986,66.29667,"May 12, 20",-0.05986
0,2020-05-11,66.74,69.58,65.8,68.14,68.14,1264500.0,1264500.0,1.4,2.098,67.84,"May 11, 20",0.02098
0,2020-05-08,67.07,68.81,66.56,68.4,68.4,1480700.0,1480700.0,1.33,1.983,67.92333,"May 08, 20",0.01983
0,2020-05-07,66.97,68.09,65.52,66.18,66.18,1340500.0,1340500.0,-0.79,-1.18,66.59667,"May 07, 20",-0.0118
0,2020-05-06,68.91,69.47,65.13,65.66,65.66,1887300.0,1887300.0,-3.25,-4.716,66.75333,"May 06, 20",-0.04716
0,2020-05-05,69.0,71.85,67.51,68.91,68.91,2250000.0,2250000.0,-0.09,-0.13,69.42333,"May 05, 20",-0.0013
0,2020-05-04,62.83,64.92,61.61,63.79,63.79,1138500.0,1138500.0,0.96,1.528,63.44,"May 04, 20",0.01528
0,2020-05-01,64.65,65.7,63.18,64.33,64.33,957000.0,957000.0,-0.32,-0.495,64.40333,"May 01, 20",-0.00495
0,2020-04-30,68.1,69.72,66.17,66.74,66.74,1295900.0,1295900.0,-1.36,-1.997,67.54333,"April 30, 20",-0.01997
0,2020-04-29,69.1,69.37,67.76,69.08,69.08,1685000.0,1685000.0,-0.02,-0.029,68.73667,"April 29, 20",-0.00029
0,2020-04-28,68.52,69.41,66.17,66.41,66.41,2312300.0,2312300.0,-2.11,-3.079,67.33,"April 28, 20",-0.03079
0,2020-04-27,66.87,68.15,66.22,66.47,66.47,1560400.0,1560400.0,-0.4,-0.598,66.94667,"April 27, 20",-0.00598
0,2020-04-24,64.28,66.53,63.67,66.0,66.0,2449000.0,2449000.0,1.72,2.676,65.4,"April 24, 20",0.02676
0,2020-04-23,60.86,65.6,60.84,64.06,64.06,1709400.0,1709400.0,3.2,5.258,63.5,"April 23, 20",0.05258
0,2020-04-22,59.49,62.43,58.86,60.35,60.35,1939300.0,1939300.0,0.86,1.446,60.54667,"April 22, 20",0.01446
0,2020-04-21,56.75,58.32,56.25,57.9,57.9,1037800.0,1037800.0,1.15,2.026,57.49,"April 21, 20",0.02026
0,2020-04-20,57.03,60.41,56.18,58.68,58.68,1609500.0,1609500.0,1.65,2.893,58.42333,"April 20, 20",0.02893
0,2020-04-17,57.62,59.75,55.81,58.96,58.96,3530300.0,3530300.0,1.34,2.326,58.17333,"April 17, 20",0.02326
0,2020-04-16,57.29,57.9,53.58,54.64,54.64,2428400.0,2428400.0,-2.65,-4.626,55.37333,"April 16, 20",-0.04626
0,2020-04-15,55.65,56.94,54.98,56.73,56.73,1515900.0,1515900.0,1.08,1.941,56.21667,"April 15, 20",0.01941
0,2020-04-14,60.73,62.26,57.45,58.13,58.13,2129400.0,2129400.0,-2.6,-4.281,59.28,"April 14, 20",-0.04281
0,2020-04-13,61.81,62.94,56.67,57.8,57.8,2060500.0,2060500.0,-4.01,-6.488,59.13667,"April 13, 20",-0.06488
0,2020-04-09,67.0,70.22,60.2,61.9,61.9,2447600.0,2447600.0,-5.1,-7.612,64.10667,"April 09, 20",-0.07612
0,2020-04-08,58.26,65.45,57.03,64.01,64.01,3324500.0,3324500.0,5.75,9.87,62.16333,"April 08, 20",0.0987
0,2020-04-07,54.0,60.97,53.09,56.09,56.09,2868500.0,2868500.0,2.09,3.87,56.71667,"April 07, 20",0.0387
0,2020-04-06,47.52,50.68,47.12,50.23,50.23,2782400.0,2782400.0,2.71,5.703,49.34333,"April 06, 20",0.05703
0,2020-04-03,46.3,47.14,43.82,44.29,44.29,1245400.0,1245400.0,-2.01,-4.341,45.08333,"April 03, 20",-0.04341
0,2020-04-02,45.72,47.56,44.36,46.86,46.86,1513200.0,1513200.0,1.14,2.493,46.26,"April 02, 20",0.02493
0,2020-04-01,46.54,48.99,45.01,46.2,46.2,1328100.0,1328100.0,-0.34,-0.731,46.73333,"April 01, 20",-0.00731
0,2020-03-31,51.0,52.74,47.88,48.75,48.75,1860200.0,1860200.0,-2.25,-4.412,49.79,"March 31, 20",-0.04412
0,2020-03-30,53.08,54.7,50.3,51.43,51.43,1724400.0,1724400.0,-1.65,-3.109,52.14333,"March 30, 20",-0.03109
0,2020-03-27,56.5,58.75,52.81,52.92,52.92,1300500.0,1300500.0,-3.58,-6.336,54.82667,"March 27, 20",-0.06336
0,2020-03-26,53.49,60.0,53.49,58.82,58.82,1719200.0,1719200.0,5.33,9.964,57.43667,"March 26, 20",0.09964
0,2020-03-25,48.39,55.5,43.47,53.49,53.49,2678500.0,2678500.0,5.1,10.539,50.82,"March 25, 20",0.10539
0,2020-03-24,48.29,49.65,44.1,46.19,46.19,2272500.0,2272500.0,-2.1,-4.349,46.64667,"March 24, 20",-0.04349
0,2020-03-23,40.28,47.6,38.92,44.37,44.37,2125000.0,2125000.0,4.09,10.154,43.63,"March 23, 20",0.10154
0,2020-03-20,43.35,47.32,39.73,40.69,40.69,2906800.0,2906800.0,-2.66,-6.136,42.58,"March 20, 20",-0.06136
0,2020-03-19,44.91,45.0,38.47,41.97,41.97,3117800.0,3117800.0,-2.94,-6.546,41.81333,"March 19, 20",-0.06546
0,2020-03-18,55.27,59.44,41.84,44.99,44.99,2733000.0,2733000.0,-10.28,-18.6,48.75667,"March 18, 20",-0.186
0,2020-03-17,57.23,60.61,54.19,60.16,60.16,1313400.0,1313400.0,2.93,5.12,58.32,"March 17, 20",0.0512
0,2020-03-16,53.7,56.72,52.16,54.87,54.87,1609500.0,1609500.0,1.17,2.179,54.58333,"March 16, 20",0.02179
0,2020-03-13,59.85,62.93,56.11,61.84,61.84,1952900.0,1952900.0,1.99,3.325,60.29333,"March 13, 20",0.03325
0,2020-03-12,53.49,59.74,47.46,55.52,55.52,2016300.0,2016300.0,2.03,3.795,54.24,"March 12, 20",0.03795
0,2020-03-11,61.96,63.66,58.87,59.82,59.82,1435500.0,1435500.0,-2.14,-3.454,60.78333,"March 11, 20",-0.03454
0,2020-03-10,60.49,64.57,60.0,63.9,63.9,1884700.0,1884700.0,3.41,5.637,62.82333,"March 10, 20",0.05637
0,2020-03-09,57.82,60.82,57.01,57.8,57.8,2247100.0,2247100.0,-0.02,-0.035,58.54333,"March 09, 20",-0.00035
0,2020-03-06,65.43,67.72,63.85,65.77,65.77,1340800.0,1340800.0,0.34,0.52,65.78,"March 06, 20",0.0052
0,2020-03-05,71.58,71.9,67.14,68.81,68.81,1423700.0,1423700.0,-2.77,-3.87,69.28333,"March 05, 20",-0.0387
0,2020-03-04,73.16,74.74,72.07,74.66,74.66,1461400.0,1461400.0,1.5,2.05,73.82333,"March 04, 20",0.0205
0,2020-03-03,76.95,77.21,71.01,71.41,71.41,2041500.0,2041500.0,-5.54,-7.199,73.21,"March 03, 20",-0.07199
0,2020-03-02,74.37,76.18,71.34,75.99,75.99,1739900.0,1739900.0,1.62,2.178,74.50333,"March 02, 20",0.02178
0,2020-02-28,72.27,75.14,70.64,73.97,73.97,2547800.0,2547800.0,1.7,2.352,73.25,"February 28, 20",0.02352
0,2020-02-27,80.38,80.61,74.47,76.01,76.01,2620800.0,2620800.0,-4.37,-5.437,77.03,"February 27, 20",-0.05437
0,2020-02-26,86.55,86.66,82.88,83.03,83.03,1455500.0,1455500.0,-3.52,-4.067,84.19,"February 26, 20",-0.04067
0,2020-02-25,92.46,93.39,84.22,85.64,85.64,1735900.0,1735900.0,-6.82,-7.376,87.75,"February 25, 20",-0.07376
0,2020-02-24,94.41,94.41,90.76,91.82,91.82,1423600.0,1423600.0,-2.59,-2.743,92.33,"February 24, 20",-0.02743
0,2020-02-21,98.38,99.26,97.3,98.51,98.51,581900.0,581900.0,0.13,0.132,98.35667,"February 21, 20",0.00132
0,2020-02-20,97.26,100.18,97.03,99.11,99.11,1162300.0,1162300.0,1.85,1.902,98.77333,"February 20, 20",0.01902
0,2020-02-19,98.33,99.43,97.46,97.47,97.47,1138000.0,1138000.0,-0.86,-0.875,98.12,"February 19, 20",-0.00875
0,2020-02-18,96.0,98.43,96.0,98.06,98.06,1501900.0,1501900.0,2.06,2.146,97.49667,"February 18, 20",0.02146
0,2020-02-14,94.12,95.72,94.12,95.2,95.2,1142400.0,1142400.0,1.08,1.147,95.01333,"February 14, 20",0.01147
0,2020-02-13,94.12,94.99,93.74,94.51,94.51,763500.0,763500.0,0.39,0.414,94.41333,"February 13, 20",0.00414
0,2020-02-12,93.1,95.55,92.47,94.66,94.66,1133600.0,1133600.0,1.56,1.676,94.22667,"February 12, 20",0.01676
0,2020-02-11,96.25,96.26,89.47,92.28,92.28,2535400.0,2535400.0,-3.97,-4.125,92.67,"February 11, 20",-0.04125
0,2020-02-10,93.04,94.43,92.38,94.17,94.17,905900.0,905900.0,1.13,1.215,93.66,"February 10, 20",0.01215
0,2020-02-07,92.5,94.11,91.55,93.21,93.21,954900.0,954900.0,0.71,0.768,92.95667,"February 07, 20",0.00768
0,2020-02-06,92.93,93.98,92.17,93.22,93.22,744300.0,744300.0,0.29,0.312,93.12333,"February 06, 20",0.00312
0,2020-02-05,93.95,94.44,92.18,92.25,92.25,499400.0,499400.0,-1.7,-1.809,92.95667,"February 05, 20",-0.01809
0,2020-02-04,91.77,93.56,91.37,92.84,92.84,565100.0,565100.0,1.07,1.166,92.59,"February 04, 20",0.01166
0,2020-02-03,89.55,90.51,87.9,90.19,90.19,831000.0,831000.0,0.64,0.715,89.53333,"February 03, 20",0.00715
0,2020-01-31,89.27,89.93,88.4,88.92,88.92,1053200.0,1053200.0,-0.35,-0.392,89.08333,"January 31, 20",-0.00392
0,2020-01-30,88.33,90.19,88.0,89.92,89.92,448100.0,448100.0,1.59,1.8,89.37,"January 30, 20",0.018
0,2020-01-29,90.16,91.03,89.67,89.71,89.71,543700.0,543700.0,-0.45,-0.499,90.13667,"January 29, 20",-0.00499
0,2020-01-28,90.28,90.67,89.51,89.6,89.6,516100.0,516100.0,-0.68,-0.753,89.92667,"January 28, 20",-0.00753
0,2020-01-27,88.6,90.18,87.8,89.51,89.51,1439900.0,1439900.0,0.91,1.027,89.16333,"January 27, 20",0.01027
0,2020-01-24,93.3,93.3,90.82,91.84,91.84,537400.0,537400.0,-1.46,-1.565,91.98667,"January 24, 20",-0.01565
0,2020-01-23,93.17,93.57,92.18,93.22,93.22,684200.0,684200.0,0.05,0.054,92.99,"January 23, 20",0.00054
0,2020-01-22,92.89,94.38,92.6,93.57,93.57,1565900.0,1565900.0,0.68,0.732,93.51667,"January 22, 20",0.00732
0,2020-01-21,94.34,94.5,92.5,92.54,92.54,1104300.0,1104300.0,-1.8,-1.908,93.18,"January 21, 20",-0.01908
0,2020-01-17,94.37,95.83,92.82,94.64,94.64,1649900.0,1649900.0,0.27,0.286,94.43,"January 17, 20",0.00286
0,2020-01-16,96.2,96.2,91.2,95.35,95.35,7477200.0,7477200.0,-0.85,-0.884,94.25,"January 16, 20",-0.00884
0,2020-01-15,81.54,83.48,81.07,82.82,82.82,1204000.0,1204000.0,1.28,1.57,82.45667,"January 15, 20",0.0157
0,2020-01-14,80.16,81.97,79.56,81.58,81.58,1410400.0,1410400.0,1.42,1.771,81.03667,"January 14, 20",0.01771
0,2020-01-13,78.26,79.74,78.12,79.48,79.48,704500.0,704500.0,1.22,1.559,79.11333,"January 13, 20",0.01559
0,2020-01-10,78.77,78.85,77.5,78.06,78.06,575500.0,575500.0,-0.71,-0.901,78.13667,"January 10, 20",-0.00901
0,2020-01-09,78.9,79.4,78.5,78.72,78.72,510000.0,510000.0,-0.18,-0.228,78.87333,"January 09, 20",-0.00228
0,2020-01-08,77.43,78.76,77.43,78.17,78.17,711600.0,711600.0,0.74,0.956,78.12,"January 08, 20",0.00956
0,2020-01-07,76.86,78.76,76.71,77.51,77.51,610600.0,610600.0,0.65,0.846,77.66,"January 07, 20",0.00846
0,2020-01-06,76.98,77.2,75.4,76.93,76.93,937000.0,937000.0,-0.05,-0.065,76.51,"January 06, 20",-0.00065
0,2020-01-03,79.3,79.58,77.92,78.24,78.24,857100.0,857100.0,-1.06,-1.337,78.58,"January 03, 20",-0.01337
0,2020-01-02,80.38,81.24,79.45,80.46,80.46,531200.0,531200.0,0.08,0.1,80.38333,"January 02, 20",0.001
0,2019-12-31,78.87,80.03,78.87,79.7,79.7,474600.0,474600.0,0.83,1.052,79.53333,"December 31, 19",0.01052
0,2019-12-30,80.57,80.57,79.07,79.21,79.21,342600.0,342600.0,-1.36,-1.688,79.61667,"December 30, 19",-0.01688
0,2019-12-27,80.0,81.1,79.08,80.3,80.3,570900.0,570900.0,0.3,0.375,80.16,"December 27, 19",0.00375
0,2019-12-26,79.4,79.88,78.7,79.78,79.78,386300.0,386300.0,0.38,0.479,79.45333,"December 26, 19",0.00479
0,2019-12-24,78.2,79.35,78.2,78.86,78.86,239000.0,239000.0,0.66,0.844,78.80333,"December 24, 19",0.00844
0,2019-12-23,79.13,79.57,77.87,78.13,78.13,564300.0,564300.0,-1.0,-1.264,78.52333,"December 23, 19",-0.01264
0,2019-12-20,78.61,80.1,76.62,78.62,78.62,1706700.0,1706700.0,0.01,0.013,78.44667,"December 20, 19",0.00013
0,2019-12-19,79.46,79.68,77.93,78.21,78.21,967100.0,967100.0,-1.25,-1.573,78.60667,"December 19, 19",-0.01573
0,2019-12-18,81.2,81.35,79.04,79.66,79.66,1088400.0,1088400.0,-1.54,-1.897,80.01667,"December 18, 19",-0.01897
0,2019-12-17,82.53,83.25,81.66,81.89,81.89,575000.0,575000.0,-0.64,-0.775,82.26667,"December 17, 19",-0.00775
0,2019-12-16,83.53,84.07,82.51,82.53,82.53,567300.0,567300.0,-1.0,-1.197,83.03667,"December 16, 19",-0.01197
0,2019-12-13,83.34,84.66,83.04,83.31,83.31,438200.0,438200.0,-0.03,-0.036,83.67,"December 13, 19",-0.00036
0,2019-12-12,81.76,84.07,81.3,83.48,83.48,475800.0,475800.0,1.72,2.104,82.95,"December 12, 19",0.02104
0,2019-12-11,81.09,82.14,81.09,81.76,81.76,351500.0,351500.0,0.67,0.826,81.66333,"December 11, 19",0.00826
0,2019-12-10,82.21,82.43,80.17,81.0,81.0,493500.0,493500.0,-1.21,-1.472,81.2,"December 10, 19",-0.01472
0,2019-12-09,81.78,82.83,81.69,82.55,82.55,397500.0,397500.0,0.77,0.942,82.35667,"December 09, 19",0.00942
0,2019-12-06,81.89,82.85,81.7,82.19,82.19,510400.0,510400.0,0.3,0.366,82.24667,"December 06, 19",0.00366
0,2019-12-05,81.18,81.75,80.8,81.27,81.27,601000.0,601000.0,0.09,0.111,81.27333,"December 05, 19",0.00111
0,2019-12-04,80.63,81.77,80.31,80.39,80.39,469600.0,469600.0,-0.24,-0.298,80.82333,"December 04, 19",-0.00298
0,2019-12-03,79.7,80.25,78.37,79.98,79.98,640800.0,640800.0,0.28,0.351,79.53333,"December 03, 19",0.00351
0,2019-12-02,82.95,83.53,81.23,81.27,81.27,515000.0,515000.0,-1.68,-2.025,82.01,"December 02, 19",-0.02025
0,2019-11-29,84.11,84.47,82.51,82.69,82.69,232500.0,232500.0,-1.42,-1.688,83.22333,"November 29, 19",-0.01688
0,2019-11-27,84.67,85.0,83.84,84.27,84.27,388300.0,388300.0,-0.4,-0.472,84.37,"November 27, 19",-0.00472
0,2019-11-26,84.07,84.83,83.11,84.08,84.08,600200.0,600200.0,0.01,0.012,84.00667,"November 26, 19",0.00012
0,2019-11-25,83.91,85.1,83.3,84.34,84.34,546200.0,546200.0,0.43,0.512,84.24667,"November 25, 19",0.00512
0,2019-11-22,82.41,83.38,82.07,83.3,83.3,359500.0,359500.0,0.89,1.08,82.91667,"November 22, 19",0.0108
0,2019-11-21,82.03,83.18,81.55,82.02,82.02,478300.0,478300.0,-0.01,-0.012,82.25,"November 21, 19",-0.00012
0,2019-11-20,83.12,83.76,81.8,82.25,82.25,924100.0,924100.0,-0.87,-1.047,82.60333,"November 20, 19",-0.01047
0,2019-11-19,84.88,85.2,82.91,83.52,83.52,694100.0,694100.0,-1.36,-1.602,83.87667,"November 19, 19",-0.01602
0,2019-11-18,83.08,84.69,82.34,84.51,84.51,1315300.0,1315300.0,1.43,1.721,83.84667,"November 18, 19",0.01721
0,2019-11-15,85.1,85.59,83.48,83.64,83.64,1304400.0,1304400.0,-1.46,-1.716,84.23667,"November 15, 19",-0.01716
0,2019-11-14,83.51,84.51,83.51,84.34,84.34,1173900.0,1173900.0,0.83,0.994,84.12,"November 14, 19",0.00994
0,2019-11-13,84.75,85.22,83.45,83.69,83.69,708700.0,708700.0,-1.06,-1.251,84.12,"November 13, 19",-0.01251
0,2019-11-12,85.04,86.42,84.71,85.67,85.67,1086800.0,1086800.0,0.63,0.741,85.6,"November 12, 19",0.00741
0,2019-11-11,83.83,84.93,83.65,84.19,84.19,549300.0,549300.0,0.36,0.429,84.25667,"November 11, 19",0.00429
0,2019-11-08,84.67,86.43,84.41,84.64,84.64,574200.0,574200.0,-0.03,-0.035,85.16,"November 08, 19",-0.00035
0,2019-11-07,84.27,86.47,84.18,84.69,84.69,832000.0,832000.0,0.42,0.498,85.11333,"November 07, 19",0.00498
0,2019-11-06,83.41,84.55,83.01,83.46,83.46,643000.0,643000.0,0.05,0.06,83.67333,"November 06, 19",0.0006
0,2019-11-05,82.5,83.88,82.38,83.67,83.67,867300.0,867300.0,1.17,1.418,83.31,"November 05, 19",0.01418
0,2019-11-04,80.37,82.57,80.17,82.16,82.16,913300.0,913300.0,1.79,2.227,81.63333,"November 04, 19",0.02227
0,2019-11-01,77.37,79.39,77.02,79.37,79.37,659900.0,659900.0,2.0,2.585,78.59333,"November 01, 19",0.02585
0,2019-10-31,78.86,78.86,75.51,76.4,76.4,738900.0,738900.0,-2.46,-3.119,76.92333,"October 31, 19",-0.03119
0,2019-10-30,80.79,80.8,78.31,79.17,79.17,1021900.0,1021900.0,-1.62,-2.005,79.42667,"October 30, 19",-0.02005
0,2019-10-29,80.94,81.72,78.2,81.37,81.37,1705800.0,1705800.0,0.43,0.531,80.43,"October 29, 19",0.00531
0,2019-10-28,80.14,81.19,79.86,80.4,80.4,1591700.0,1591700.0,0.26,0.324,80.48333,"October 28, 19",0.00324
0,2019-10-25,77.64,80.25,77.64,79.72,79.72,971000.0,971000.0,2.08,2.679,79.20333,"October 25, 19",0.02679
0,2019-10-24,78.31,78.73,76.68,78.18,78.18,536300.0,536300.0,-0.13,-0.166,77.86333,"October 24, 19",-0.00166
0,2019-10-23,77.35,78.69,77.01,78.2,78.2,756600.0,756600.0,0.85,1.099,77.96667,"October 23, 19",0.01099
0,2019-10-22,77.56,78.43,76.84,77.42,77.42,1195800.0,1195800.0,-0.14,-0.181,77.56333,"October 22, 19",-0.00181
0,2019-10-21,77.44,78.74,77.22,77.37,77.37,627700.0,627700.0,-0.07,-0.09,77.77667,"October 21, 19",-0.0009
0,2019-10-18,76.96,76.98,75.17,76.74,76.74,821600.0,821600.0,-0.22,-0.286,76.29667,"October 18, 19",-0.00286
0,2019-10-17,77.34,78.14,76.76,76.97,76.97,805800.0,805800.0,-0.37,-0.478,77.29,"October 17, 19",-0.00478
0,2019-10-16,76.0,77.71,76.0,76.95,76.95,783900.0,783900.0,0.95,1.25,76.88667,"October 16, 19",0.0125
0,2019-10-15,74.89,76.95,74.35,75.85,75.85,905000.0,905000.0,0.96,1.282,75.71667,"October 15, 19",0.01282
0,2019-10-14,73.98,75.27,73.12,74.68,74.68,537800.0,537800.0,0.7,0.946,74.35667,"October 14, 19",0.00946
0,2019-10-11,72.46,74.42,71.61,74.04,74.04,1032000.0,1032000.0,1.58,2.181,73.35667,"October 11, 19",0.02181
0,2019-10-10,69.34,71.42,69.34,71.04,71.04,578100.0,578100.0,1.7,2.452,70.6,"October 10, 19",0.02452
0,2019-10-09,69.33,69.67,68.79,69.4,69.4,332800.0,332800.0,0.07,0.101,69.28667,"October 09, 19",0.00101
0,2019-10-08,69.41,69.41,68.18,68.59,68.59,547000.0,547000.0,-0.82,-1.181,68.72667,"October 08, 19",-0.01181
0,2019-10-07,69.52,70.38,68.62,69.69,69.69,554900.0,554900.0,0.17,0.245,69.56333,"October 07, 19",0.00245
0,2019-10-04,69.12,70.18,67.99,70.08,70.08,680100.0,680100.0,0.96,1.389,69.41667,"October 04, 19",0.01389
0,2019-10-03,68.55,68.69,66.5,68.64,68.64,882000.0,882000.0,0.09,0.131,67.94333,"October 03, 19",0.00131
0,2019-10-02,69.19,69.33,68.09,69.04,69.04,731900.0,731900.0,-0.15,-0.217,68.82,"October 02, 19",-0.00217
0,2019-10-01,72.23,73.38,69.53,70.05,70.05,1104800.0,1104800.0,-2.18,-3.018,70.98667,"October 01, 19",-0.03018
0,2019-09-30,70.65,71.73,69.83,71.57,71.57,603300.0,603300.0,0.92,1.302,71.04333,"September 30, 19",0.01302
0,2019-09-27,70.7,71.15,69.76,70.54,70.54,693700.0,693700.0,-0.16,-0.226,70.48333,"September 27, 19",-0.00226
0,2019-09-26,71.83,71.91,70.24,70.76,70.76,713200.0,713200.0,-1.07,-1.49,70.97,"September 26, 19",-0.0149
0,2019-09-25,70.71,72.82,70.6,72.03,72.03,801900.0,801900.0,1.32,1.867,71.81667,"September 25, 19",0.01867
0,2019-09-24,71.38,72.3,70.37,70.76,70.76,791100.0,791100.0,-0.62,-0.869,71.14333,"September 24, 19",-0.00869
0,2019-09-23,71.79,72.71,70.89,71.25,71.25,773700.0,773700.0,-0.54,-0.752,71.61667,"September 23, 19",-0.00752
0,2019-09-20,73.55,74.69,71.49,71.87,71.87,1200700.0,1200700.0,-1.68,-2.284,72.68333,"September 20, 19",-0.02284
0,2019-09-19,73.78,74.02,72.58,73.06,73.06,586700.0,586700.0,-0.72,-0.976,73.22,"September 19, 19",-0.00976
0,2019-09-18,72.28,73.65,70.53,73.61,73.61,775600.0,775600.0,1.33,1.84,72.59667,"September 18, 19",0.0184
0,2019-09-17,74.11,74.22,72.54,73.91,73.91,935400.0,935400.0,-0.2,-0.27,73.55667,"September 17, 19",-0.0027
0,2019-09-16,73.86,75.23,73.34,74.56,74.56,804400.0,804400.0,0.7,0.948,74.37667,"September 16, 19",0.00948
0,2019-09-13,75.97,76.55,74.3,74.74,74.74,830200.0,830200.0,-1.23,-1.619,75.19667,"September 13, 19",-0.01619
0,2019-09-12,75.35,76.33,73.19,74.92,74.92,776600.0,776600.0,-0.43,-0.571,74.81333,"September 12, 19",-0.00571
0,2019-09-11,75.9,76.4,74.84,75.22,75.22,955800.0,955800.0,-0.68,-0.896,75.48667,"September 11, 19",-0.00896
0,2019-09-10,74.75,75.53,74.07,75.42,75.42,1214900.0,1214900.0,0.67,0.896,75.00667,"September 10, 19",0.00896
0,2019-09-09,72.44,74.91,72.3,74.75,74.75,1315300.0,1315300.0,2.31,3.189,73.98667,"September 09, 19",0.03189
0,2019-09-06,72.2,72.86,71.4,72.19,72.19,1493200.0,1493200.0,-0.01,-0.014,72.15,"September 06, 19",-0.00014
0,2019-09-05,70.0,72.68,69.91,71.83,71.83,1114300.0,1114300.0,1.83,2.614,71.47333,"September 05, 19",0.02614
0,2019-09-04,68.76,70.32,67.87,68.46,68.46,1040200.0,1040200.0,-0.3,-0.436,68.88333,"September 04, 19",-0.00436
0,2019-09-03,70.03,70.85,67.13,67.31,67.31,1002200.0,1002200.0,-2.72,-3.884,68.43,"September 03, 19",-0.03884
0,2019-08-30,70.53,72.33,70.34,70.86,70.86,1154900.0,1154900.0,0.33,0.468,71.17667,"August 30, 19",0.00468
0,2019-08-29,68.68,70.4,68.68,69.84,69.84,951900.0,951900.0,1.16,1.689,69.64,"August 29, 19",0.01689
0,2019-08-28,66.05,67.91,64.73,67.62,67.62,701200.0,701200.0,1.57,2.377,66.75333,"August 28, 19",0.02377
0,2019-08-27,68.46,68.46,65.44,66.26,66.26,1140700.0,1140700.0,-2.2,-3.214,66.72,"August 27, 19",-0.03214
0,2019-08-26,67.8,67.81,66.34,67.53,67.53,499800.0,499800.0,-0.27,-0.398,67.22667,"August 26, 19",-0.00398
0,2019-08-23,68.36,68.9,66.21,66.73,66.73,1030700.0,1030700.0,-1.63,-2.384,67.28,"August 23, 19",-0.02384
0,2019-08-22,69.5,70.58,68.74,69.36,69.36,962000.0,962000.0,-0.14,-0.201,69.56,"August 22, 19",-0.00201
0,2019-08-21,67.59,69.37,67.34,68.92,68.92,826000.0,826000.0,1.33,1.968,68.54333,"August 21, 19",0.01968
0,2019-08-20,68.27,68.76,66.66,67.08,67.08,568800.0,568800.0,-1.19,-1.743,67.5,"August 20, 19",-0.01743
0,2019-08-19,68.04,68.91,64.39,68.08,68.08,642200.0,642200.0,0.04,0.059,67.12667,"August 19, 19",0.00059
0,2019-08-16,65.71,67.67,65.66,66.83,66.83,994800.0,994800.0,1.12,1.704,66.72,"August 16, 19",0.01704
0,2019-08-15,65.92,66.12,64.39,65.04,65.04,867300.0,867300.0,-0.88,-1.335,65.18333,"August 15, 19",-0.01335
0,2019-08-14,66.52,66.52,64.25,65.44,65.44,978800.0,978800.0,-1.08,-1.624,65.40333,"August 14, 19",-0.01624
0,2019-08-13,65.23,68.68,64.72,67.56,67.56,1010100.0,1010100.0,2.33,3.572,66.98667,"August 13, 19",0.03572
0,2019-08-12,67.14,67.14,65.15,65.59,65.59,918900.0,918900.0,-1.55,-2.309,65.96,"August 12, 19",-0.02309
0,2019-08-09,69.99,70.64,67.53,67.66,67.66,1052800.0,1052800.0,-2.33,-3.329,68.61,"August 09, 19",-0.03329
0,2019-08-08,69.23,70.8,68.76,70.48,70.48,1038500.0,1038500.0,1.25,1.806,70.01333,"August 08, 19",0.01806
0,2019-08-07,66.95,68.49,65.81,68.36,68.36,815800.0,815800.0,1.41,2.106,67.55333,"August 07, 19",0.02106
0,2019-08-06,68.37,69.83,67.44,68.14,68.14,1152600.0,1152600.0,-0.23,-0.336,68.47,"August 06, 19",-0.00336
0,2019-08-05,69.94,70.0,65.13,67.3,67.3,1976800.0,1976800.0,-2.64,-3.775,67.47667,"August 05, 19",-0.03775
0,2019-08-02,68.85,74.45,66.96,71.97,71.97,4432100.0,4432100.0,3.12,4.532,71.12667,"August 02, 19",0.04532
0,2019-08-01,67.46,67.5,64.64,64.85,64.85,1696500.0,1696500.0,-2.61,-3.869,65.66333,"August 01, 19",-0.03869
0,2019-07-31,66.88,68.55,66.0,67.48,67.48,1488100.0,1488100.0,0.6,0.897,67.34333,"July 31, 19",0.00897
0,2019-07-30,66.23,67.73,65.73,67.01,67.01,1004400.0,1004400.0,0.78,1.178,66.82333,"July 30, 19",0.01178
0,2019-07-29,66.97,67.24,65.65,66.71,66.71,990200.0,990200.0,-0.26,-0.388,66.53333,"July 29, 19",-0.00388
0,2019-07-26,65.26,67.5,65.05,67.13,67.13,1008300.0,1008300.0,1.87,2.865,66.56,"July 26, 19",0.02865
0,2019-07-25,67.04,67.2,64.33,65.23,65.23,891000.0,891000.0,-1.81,-2.7,65.58667,"July 25, 19",-0.027
0,2019-07-24,65.95,68.9,65.28,67.16,67.16,1545300.0,1545300.0,1.21,1.835,67.11333,"July 24, 19",0.01835
0,2019-07-23,63.16,65.88,62.82,65.86,65.86,1558600.0,1558600.0,2.7,4.275,64.85333,"July 23, 19",0.04275
0,2019-07-22,62.28,63.9,62.04,62.53,62.53,671000.0,671000.0,0.25,0.401,62.82333,"July 22, 19",0.00401
0,2019-07-19,60.83,62.4,60.56,62.01,62.01,878600.0,878600.0,1.18,1.94,61.65667,"July 19, 19",0.0194
0,2019-07-18,59.88,61.02,59.64,60.3,60.3,883200.0,883200.0,0.42,0.701,60.32,"July 18, 19",0.00701
0,2019-07-17,61.7,61.81,59.39,59.74,59.74,1275300.0,1275300.0,-1.96,-3.177,60.31333,"July 17, 19",-0.03177
0,2019-07-16,59.78,63.71,59.77,62.21,62.21,2075800.0,2075800.0,2.43,4.065,61.89667,"July 16, 19",0.04065
0,2019-07-15,58.69,59.59,57.92,58.91,58.91,1093000.0,1093000.0,0.22,0.375,58.80667,"July 15, 19",0.00375
0,2019-07-12,55.37,59.01,55.11,58.41,58.41,1436200.0,1436200.0,3.04,5.49,57.51,"July 12, 19",0.0549
0,2019-07-11,54.22,55.16,53.54,55.02,55.02,1028500.0,1028500.0,0.8,1.475,54.57333,"July 11, 19",0.01475
0,2019-07-10,55.54,56.08,53.74,54.63,54.63,1048800.0,1048800.0,-0.91,-1.638,54.81667,"July 10, 19",-0.01638
0,2019-07-09,54.66,55.57,54.3,55.0,55.0,681800.0,681800.0,0.34,0.622,54.95667,"July 09, 19",0.00622
0,2019-07-08,56.13,56.48,54.86,55.24,55.24,684000.0,684000.0,-0.89,-1.586,55.52667,"July 08, 19",-0.01586
0,2019-07-05,57.35,58.64,56.59,56.71,56.71,761000.0,761000.0,-0.64,-1.116,57.31333,"July 05, 19",-0.01116
0,2019-07-03,56.7,57.76,56.44,57.75,57.75,499800.0,499800.0,1.05,1.852,57.31667,"July 03, 19",0.01852
0,2019-07-02,56.95,57.79,56.08,56.2,56.2,1046300.0,1046300.0,-0.75,-1.317,56.69,"July 02, 19",-0.01317
0,2019-07-01,58.98,59.74,56.66,57.09,57.09,894100.0,894100.0,-1.89,-3.204,57.83,"July 01, 19",-0.03204
0,2019-06-28,55.29,57.91,55.26,57.81,57.81,3519300.0,3519300.0,2.52,4.558,56.99333,"June 28, 19",0.04558
0,2019-06-27,53.79,55.75,53.68,55.06,55.06,936800.0,936800.0,1.27,2.361,54.83,"June 27, 19",0.02361
0,2019-06-26,52.37,53.88,51.69,53.53,53.53,1328900.0,1328900.0,1.16,2.215,53.03333,"June 26, 19",0.02215
0,2019-06-25,52.91,52.94,52.05,52.11,52.11,1200800.0,1200800.0,-0.8,-1.512,52.36667,"June 25, 19",-0.01512
0,2019-06-24,55.04,55.21,52.71,52.77,52.77,1509800.0,1509800.0,-2.27,-4.124,53.56333,"June 24, 19",-0.04124
0,2019-06-21,57.21,57.23,55.02,55.04,55.04,2223000.0,2223000.0,-2.17,-3.793,55.76333,"June 21, 19",-0.03793
0,2019-06-20,57.3,58.86,56.96,57.66,57.66,1364900.0,1364900.0,0.36,0.628,57.82667,"June 20, 19",0.00628
0,2019-06-19,57.17,57.7,56.15,56.29,56.29,1185700.0,1185700.0,-0.88,-1.539,56.71333,"June 19, 19",-0.01539
0,2019-06-18,55.73,57.73,55.4,57.19,57.19,811300.0,811300.0,1.46,2.62,56.77333,"June 18, 19",0.0262
0,2019-06-17,56.97,57.04,55.19,55.4,55.4,735900.0,735900.0,-1.57,-2.756,55.87667,"June 17, 19",-0.02756
0,2019-06-14,57.34,57.34,55.76,56.74,56.74,616700.0,616700.0,-0.6,-1.046,56.61333,"June 14, 19",-0.01046
0,2019-06-13,56.52,57.62,56.4,57.49,57.49,632400.0,632400.0,0.97,1.716,57.17,"June 13, 19",0.01716
0,2019-06-12,55.37,56.15,54.8,56.03,56.03,744900.0,744900.0,0.66,1.192,55.66,"June 12, 19",0.01192
0,2019-06-11,56.25,56.66,55.34,55.5,55.5,782400.0,782400.0,-0.75,-1.333,55.83333,"June 11, 19",-0.01333
0,2019-06-10,54.16,56.97,54.02,55.55,55.55,1063400.0,1063400.0,1.39,2.566,55.51333,"June 10, 19",0.02566
0,2019-06-07,53.65,54.53,53.39,53.78,53.78,732800.0,732800.0,0.13,0.242,53.9,"June 07, 19",0.00242
0,2019-06-06,53.71,54.0,52.59,53.32,53.32,1233000.0,1233000.0,-0.39,-0.726,53.30333,"June 06, 19",-0.00726
0,2019-06-05,55.79,56.35,52.89,53.93,53.93,959100.0,959100.0,-1.86,-3.334,54.39,"June 05, 19",-0.03334
0,2019-06-04,52.61,55.3,52.61,55.28,55.28,1329300.0,1329300.0,2.67,5.075,54.39667,"June 04, 19",0.05075
0,2019-06-03,51.79,53.28,51.32,51.84,51.84,1661200.0,1661200.0,0.05,0.097,52.14667,"June 03, 19",0.00097
0,2019-05-31,51.02,52.25,50.51,52.09,52.09,1232900.0,1232900.0,1.07,2.097,51.61667,"May 31, 19",0.02097
0,2019-05-30,53.11,53.39,51.2,52.0,52.0,1598300.0,1598300.0,-1.11,-2.09,52.19667,"May 30, 19",-0.0209
0,2019-05-29,52.59,53.47,51.54,52.97,52.97,1204400.0,1204400.0,0.38,0.723,52.66,"May 29, 19",0.00723
0,2019-05-28,52.96,53.21,50.94,52.84,52.84,2216300.0,2216300.0,-0.12,-0.227,52.33,"May 28, 19",-0.00227
0,2019-05-24,54.64,54.64,52.46,52.79,52.79,2072400.0,2072400.0,-1.85,-3.386,53.29667,"May 24, 19",-0.03386
0,2019-05-23,55.57,55.99,53.7,54.55,54.55,2099800.0,2099800.0,-1.02,-1.836,54.74667,"May 23, 19",-0.01836
0,2019-05-22,57.54,57.54,54.73,56.1,56.1,1566000.0,1566000.0,-1.44,-2.503,56.12333,"May 22, 19",-0.02503
0,2019-05-21,57.97,57.97,56.9,57.88,57.88,928500.0,928500.0,-0.09,-0.155,57.58333,"May 21, 19",-0.00155
0,2019-05-20,57.48,57.77,56.36,56.98,56.98,1129100.0,1129100.0,-0.5,-0.87,57.03667,"May 20, 19",-0.0087
0,2019-05-17,59.46,60.26,58.24,58.29,58.29,986700.0,986700.0,-1.17,-1.968,58.93,"May 17, 19",-0.01968
0,2019-05-16,58.38,60.62,58.38,60.12,60.12,1338400.0,1338400.0,1.74,2.98,59.70667,"May 16, 19",0.0298
0,2019-05-15,57.15,58.58,56.28,58.36,58.36,1333600.0,1333600.0,1.21,2.117,57.74,"May 15, 19",0.02117
0,2019-05-14,56.88,58.45,56.62,57.8,57.8,1367500.0,1367500.0,0.92,1.617,57.62333,"May 14, 19",0.01617
0,2019-05-13,60.0,60.19,56.21,56.49,56.49,2133400.0,2133400.0,-3.51,-5.85,57.63,"May 13, 19",-0.0585
0,2019-05-10,61.4,62.1,60.03,61.45,61.45,1168400.0,1168400.0,0.05,0.081,61.19333,"May 10, 19",0.00081
0,2019-05-09,61.72,62.19,60.69,61.44,61.44,1456800.0,1456800.0,-0.28,-0.454,61.44,"May 09, 19",-0.00454
0,2019-05-08,62.67,64.07,61.82,62.68,62.68,1467000.0,1467000.0,0.01,0.016,62.85667,"May 08, 19",0.00016
0,2019-05-07,64.5,64.77,61.66,62.51,62.51,1862800.0,1862800.0,-1.99,-3.085,62.98,"May 07, 19",-0.03085
0,2019-05-06,62.57,65.8,62.3,65.48,65.48,1815500.0,1815500.0,2.91,4.651,64.52667,"May 06, 19",0.04651
0,2019-05-03,65.0,65.64,64.24,64.45,64.45,5811600.0,5811600.0,-0.55,-0.846,64.77667,"May 03, 19",-0.00846
0,2019-05-02,66.92,66.92,60.82,64.1,64.1,4033000.0,4033000.0,-2.82,-4.214,63.94667,"May 02, 19",-0.04214
0,2019-05-01,67.94,69.06,67.05,67.13,67.13,2258200.0,2258200.0,-0.81,-1.192,67.74667,"May 01, 19",-0.01192
0,2019-04-30,67.11,68.22,65.84,68.08,68.08,2213400.0,2213400.0,0.97,1.445,67.38,"April 30, 19",0.01445
0,2019-04-29,67.95,68.14,65.3,66.82,66.82,2305500.0,2305500.0,-1.13,-1.663,66.75333,"April 29, 19",-0.01663
0,2019-04-26,65.88,67.96,65.19,67.83,67.83,1252400.0,1252400.0,1.95,2.96,66.99333,"April 26, 19",0.0296
0,2019-04-25,68.28,68.45,65.19,66.52,66.52,1470600.0,1470600.0,-1.76,-2.578,66.72,"April 25, 19",-0.02578
0,2019-04-24,67.2,69.29,66.69,68.97,68.97,1114600.0,1114600.0,1.77,2.634,68.31667,"April 24, 19",0.02634
0,2019-04-23,67.0,67.18,65.97,67.05,67.05,1326900.0,1326900.0,0.05,0.075,66.73333,"April 23, 19",0.00075
0,2019-04-22,65.76,67.2,65.0,66.59,66.59,1449900.0,1449900.0,0.83,1.262,66.26333,"April 22, 19",0.01262
0,2019-04-18,64.55,66.21,64.35,66.03,66.03,1540000.0,1540000.0,1.48,2.293,65.53,"April 18, 19",0.02293
0,2019-04-17,63.06,65.07,63.0,64.88,64.88,1559700.0,1559700.0,1.82,2.886,64.31667,"April 17, 19",0.02886
0,2019-04-16,62.48,62.93,61.09,62.51,62.51,1579100.0,1579100.0,0.03,0.048,62.17667,"April 16, 19",0.00048
0,2019-04-15,63.16,63.85,62.75,63.07,63.07,1804300.0,1804300.0,-0.09,-0.142,63.22333,"April 15, 19",-0.00142
0,2019-04-12,62.77,63.68,62.49,63.19,63.19,2193200.0,2193200.0,0.42,0.669,63.12,"April 12, 19",0.00669
0,2019-04-11,61.34,61.92,61.06,61.85,61.85,1624800.0,1624800.0,0.51,0.831,61.61,"April 11, 19",0.00831
0,2019-04-10,59.98,61.23,59.52,61.2,61.2,1763800.0,1763800.0,1.22,2.034,60.65,"April 10, 19",0.02034
0,2019-04-09,59.43,59.91,59.06,59.76,59.76,1702900.0,1702900.0,0.33,0.555,59.57667,"April 09, 19",0.00555
0,2019-04-08,59.4,59.96,58.46,59.84,59.84,1506600.0,1506600.0,0.44,0.741,59.42,"April 08, 19",0.00741
0,2019-04-05,59.2,59.8,58.02,59.53,59.53,2302700.0,2302700.0,0.33,0.557,59.11667,"April 05, 19",0.00557
0,2019-04-04,56.07,58.72,55.79,58.57,58.57,2688400.0,2688400.0,2.5,4.459,57.69333,"April 04, 19",0.04459
0,2019-04-03,55.63,56.62,55.55,55.98,55.98,1813200.0,1813200.0,0.35,0.629,56.05,"April 03, 19",0.00629
0,2019-04-02,55.69,55.99,54.73,55.31,55.31,1661600.0,1661600.0,-0.38,-0.682,55.34333,"April 02, 19",-0.00682
0,2019-04-01,54.48,55.93,54.2,55.42,55.42,2393700.0,2393700.0,0.94,1.725,55.18333,"April 01, 19",0.01725
0,2019-03-29,53.8,54.51,53.1,53.74,53.74,2309100.0,2309100.0,-0.06,-0.112,53.78333,"March 29, 19",-0.00112
0,2019-03-28,51.04,53.57,51.04,53.28,53.28,3155500.0,3155500.0,2.24,4.389,52.63,"March 28, 19",0.04389
0,2019-03-27,51.4,51.91,50.51,51.12,51.12,1775900.0,1775900.0,-0.28,-0.545,51.18,"March 27, 19",-0.00545
0,2019-03-26,50.16,51.69,50.14,51.34,51.34,2451100.0,2451100.0,1.18,2.352,51.05667,"March 26, 19",0.02352
0,2019-03-25,48.82,50.67,48.6,49.72,49.72,2582600.0,2582600.0,0.9,1.844,49.66333,"March 25, 19",0.01844
0,2019-03-22,51.33,51.4,49.4,49.46,49.46,2634200.0,2634200.0,-1.87,-3.643,50.08667,"March 22, 19",-0.03643
0,2019-03-21,50.06,51.53,50.01,51.48,51.48,1998000.0,1998000.0,1.42,2.837,51.00667,"March 21, 19",0.02837
0,2019-03-20,50.3,50.6,49.0,50.2,50.2,4821800.0,4821800.0,-0.1,-0.199,49.93333,"March 20, 19",-0.00199
0,2019-03-19,51.66,52.4,50.59,50.83,50.83,4582800.0,4582800.0,-0.83,-1.607,51.27333,"March 19, 19",-0.01607
0,2019-03-18,49.69,51.56,49.67,51.52,51.52,3980900.0,3980900.0,1.83,3.683,50.91667,"March 18, 19",0.03683
0,2019-03-15,50.38,50.49,49.38,49.65,49.65,19354700.0,19354700.0,-0.73,-1.449,49.84,"March 15, 19",-0.01449
0,2019-03-14,50.07,50.94,49.71,50.22,50.22,4306700.0,4306700.0,0.15,0.3,50.29,"March 14, 19",0.003
0,2019-03-13,49.43,50.74,49.33,49.86,49.86,4317100.0,4317100.0,0.43,0.87,49.97667,"March 13, 19",0.0087
0,2019-03-12,49.68,49.7,47.35,49.02,49.02,6253200.0,6253200.0,-0.66,-1.329,48.69,"March 12, 19",-0.01329
0,2019-03-11,47.76,50.2,47.51,49.85,49.85,7404500.0,7404500.0,2.09,4.376,49.18667,"March 11, 19",0.04376
0,2019-03-08,46.99,47.21,45.73,46.2,46.2,2756100.0,2756100.0,-0.79,-1.681,46.38,"March 08, 19",-0.01681
0,2019-03-07,47.27,48.79,46.92,47.59,47.59,4062800.0,4062800.0,0.32,0.677,47.76667,"March 07, 19",0.00677
0,2019-03-06,47.49,47.98,46.46,47.44,47.44,4139800.0,4139800.0,-0.05,-0.105,47.29333,"March 06, 19",-0.00105
0,2019-03-05,48.55,48.61,47.48,47.56,47.56,3592300.0,3592300.0,-0.99,-2.039,47.88333,"March 05, 19",-0.02039
0,2019-03-04,49.95,50.2,48.2,48.54,48.54,2244000.0,2244000.0,-1.41,-2.823,48.98,"March 04, 19",-0.02823
0,2019-03-01,50.62,51.4,49.36,49.71,49.71,3334300.0,3334300.0,-0.91,-1.798,50.15667,"March 01, 19",-0.01798
0,2019-02-28,48.84,50.39,48.82,50.35,50.35,3450400.0,3450400.0,1.51,3.092,49.85333,"February 28, 19",0.03092
0,2019-02-27,50.06,50.11,48.5,48.88,48.88,4737000.0,4737000.0,-1.18,-2.357,49.16333,"February 27, 19",-0.02357
0,2019-02-26,50.88,51.09,50.03,50.16,50.16,2305400.0,2305400.0,-0.72,-1.415,50.42667,"February 26, 19",-0.01415
0,2019-02-25,52.47,52.92,51.04,51.17,51.17,2946900.0,2946900.0,-1.3,-2.478,51.71,"February 25, 19",-0.02478
0,2019-02-22,53.87,53.93,50.8,52.17,52.17,4206800.0,4206800.0,-1.7,-3.156,52.3,"February 22, 19",-0.03156
0,2019-02-21,55.05,55.88,53.69,54.06,54.06,4248100.0,4248100.0,-0.99,-1.798,54.54333,"February 21, 19",-0.01798
0,2019-02-20,54.9,55.74,53.99,55.09,55.09,3523000.0,3523000.0,0.19,0.346,54.94,"February 20, 19",0.00346
0,2019-02-19,51.27,55.15,51.19,54.64,54.64,6046300.0,6046300.0,3.37,6.573,53.66,"February 19, 19",0.06573
0,2019-02-15,49.86,52.29,47.11,51.97,51.97,19269800.0,19269800.0,2.11,4.232,50.45667,"February 15, 19",0.04232
0,2019-02-14,59.18,60.29,58.52,59.55,59.55,3311300.0,3311300.0,0.37,0.625,59.45333,"February 14, 19",0.00625
0,2019-02-13,58.82,60.33,58.82,59.67,59.67,1370500.0,1370500.0,0.85,1.445,59.60667,"February 13, 19",0.01445
0,2019-02-12,58.12,59.51,57.76,58.62,58.62,2573200.0,2573200.0,0.5,0.86,58.63,"February 12, 19",0.0086
0,2019-02-11,57.6,58.26,57.17,57.73,57.73,1884300.0,1884300.0,0.13,0.226,57.72,"February 11, 19",0.00226
0,2019-02-08,58.21,59.21,56.31,57.55,57.55,2577100.0,2577100.0,-0.66,-1.134,57.69,"February 08, 19",-0.01134
0,2019-02-07,59.09,60.26,58.42,58.98,58.98,1450400.0,1450400.0,-0.11,-0.186,59.22,"February 07, 19",-0.00186
0,2019-02-06,60.09,60.49,59.14,59.31,59.31,1668300.0,1668300.0,-0.78,-1.298,59.64667,"February 06, 19",-0.01298
0,2019-02-05,60.29,61.5,60.06,60.37,60.37,1182300.0,1182300.0,0.08,0.133,60.64333,"February 05, 19",0.00133
0,2019-02-04,60.44,60.63,59.88,60.4,60.4,1486100.0,1486100.0,-0.04,-0.066,60.30333,"February 04, 19",-0.00066
0,2019-02-01,60.57,61.3,60.19,60.5,60.5,1791700.0,1791700.0,-0.07,-0.116,60.66333,"February 01, 19",-0.00116
0,2019-01-31,62.46,62.46,60.32,60.78,60.78,1232500.0,1232500.0,-1.68,-2.69,61.18667,"January 31, 19",-0.0269
0,2019-01-30,61.33,62.34,60.24,62.02,62.02,2141200.0,2141200.0,0.69,1.125,61.53333,"January 30, 19",0.01125
0,2019-01-29,61.24,61.92,58.83,60.67,60.67,2405500.0,2405500.0,-0.57,-0.931,60.47333,"January 29, 19",-0.00931
0,2019-01-28,61.41,62.55,60.71,61.57,61.57,1501900.0,1501900.0,0.16,0.261,61.61,"January 28, 19",0.00261
0,2019-01-25,61.4,62.81,60.75,62.13,62.13,2385500.0,2385500.0,0.73,1.189,61.89667,"January 25, 19",0.01189
0,2019-01-24,60.88,62.16,60.56,60.88,60.88,2310400.0,2310400.0,0.0,0.0,61.2,"January 24, 19",0.0
0,2019-01-23,63.31,63.31,59.92,61.13,61.13,1791600.0,1791600.0,-2.18,-3.443,61.45333,"January 23, 19",-0.03443
0,2019-01-22,63.58,63.75,61.93,62.99,62.99,2114300.0,2114300.0,-0.59,-0.928,62.89,"January 22, 19",-0.00928
0,2019-01-18,62.8,64.65,62.45,63.89,63.89,1875200.0,1875200.0,1.09,1.736,63.66333,"January 18, 19",0.01736
0,2019-01-17,60.78,62.61,60.51,61.79,61.79,1988300.0,1988300.0,1.01,1.662,61.63667,"January 17, 19",0.01662
0,2019-01-16,60.6,61.66,59.8,60.65,60.65,1878800.0,1878800.0,0.05,0.083,60.70333,"January 16, 19",0.00083
0,2019-01-15,60.09,61.3,59.16,60.31,60.31,2697300.0,2697300.0,0.22,0.366,60.25667,"January 15, 19",0.00366
0,2019-01-14,59.42,61.11,59.12,60.1,60.1,4566200.0,4566200.0,0.68,1.144,60.11,"January 14, 19",0.01144
0,2019-01-11,62.4,63.83,61.95,62.98,62.98,2067600.0,2067600.0,0.58,0.929,62.92,"January 11, 19",0.00929
0,2019-01-10,61.46,63.17,60.6,62.79,62.79,1873400.0,1873400.0,1.33,2.164,62.18667,"January 10, 19",0.02164
0,2019-01-09,60.53,62.42,59.67,62.04,62.04,1885700.0,1885700.0,1.51,2.495,61.37667,"January 09, 19",0.02495
0,2019-01-08,59.58,60.41,58.19,60.24,60.24,2397300.0,2397300.0,0.66,1.108,59.61333,"January 08, 19",0.01108
0,2019-01-07,57.06,59.81,56.41,59.18,59.18,3037800.0,3037800.0,2.12,3.715,58.46667,"January 07, 19",0.03715
0,2019-01-04,56.34,57.96,56.29,56.92,56.92,2751400.0,2751400.0,0.58,1.029,57.05667,"January 04, 19",0.01029
0,2019-01-03,56.57,57.26,54.63,55.33,55.33,2504500.0,2504500.0,-1.24,-2.192,55.74,"January 03, 19",-0.02192
0,2019-01-02,55.66,58.24,55.03,57.65,57.65,2818900.0,2818900.0,1.99,3.575,56.97333,"January 02, 19",0.03575
0,2018-12-31,56.15,57.12,55.6,57.04,57.04,2394300.0,2394300.0,0.89,1.585,56.58667,"December 31, 18",0.01585
0,2018-12-28,56.1,57.75,55.13,56.03,56.03,4556300.0,4556300.0,-0.07,-0.125,56.30333,"December 28, 18",-0.00125
0,2018-12-27,54.1,56.14,53.76,55.99,55.99,4729600.0,4729600.0,1.89,3.494,55.29667,"December 27, 18",0.03494
0,2018-12-26,51.19,55.77,51.19,55.57,55.57,6251700.0,6251700.0,4.38,8.556,54.17667,"December 26, 18",0.08556
0,2018-12-24,51.32,52.62,50.05,51.1,51.1,1998400.0,1998400.0,-0.22,-0.429,51.25667,"December 24, 18",-0.00429
0,2018-12-21,52.84,54.08,50.3,52.06,52.06,7090300.0,7090300.0,-0.78,-1.476,52.14667,"December 21, 18",-0.01476
0,2018-12-20,51.41,55.0,51.39,52.82,52.82,6237500.0,6237500.0,1.41,2.743,53.07,"December 20, 18",0.02743
0,2018-12-19,51.5,55.94,51.3,52.02,52.02,7633100.0,7633100.0,0.52,1.01,53.08667,"December 19, 18",0.0101
0,2018-12-18,53.78,56.82,52.15,52.25,52.25,11033400.0,11033400.0,-1.53,-2.845,53.74,"December 18, 18",-0.02845
0,2018-12-17,50.78,55.89,50.16,53.83,53.83,12086100.0,12086100.0,3.05,6.006,53.29333,"December 17, 18",0.06006
0,2018-12-14,47.87,52.41,45.59,51.55,51.55,23232400.0,23232400.0,3.68,7.687,49.85,"December 14, 18",0.07687
0,2018-12-13,58.01,59.94,41.05,44.5,44.5,39689700.0,39689700.0,-13.51,-23.289,48.49667,"December 13, 18",-0.23289
0,2018-12-12,65.5,66.25,58.33,60.27,60.27,9691600.0,9691600.0,-5.23,-7.985,61.61667,"December 12, 18",-0.07985
0,2018-12-11,67.43,70.14,65.87,66.69,66.69,3288500.0,3288500.0,-0.74,-1.097,67.56667,"December 11, 18",-0.01097
0,2018-12-10,65.71,66.38,63.68,65.87,65.87,2355600.0,2355600.0,0.16,0.243,65.31,"December 10, 18",0.00243
0,2018-12-07,70.97,72.07,66.09,66.46,66.46,2132300.0,2132300.0,-4.51,-6.355,68.20667,"December 07, 18",-0.06355
0,2018-12-06,70.16,71.81,68.55,71.22,71.22,2239600.0,2239600.0,1.06,1.511,70.52667,"December 06, 18",0.01511
0,2018-12-04,76.13,76.6,70.12,71.91,71.91,2893700.0,2893700.0,-4.22,-5.543,72.87667,"December 04, 18",-0.05543
0,2018-12-03,78.64,79.27,76.49,77.18,77.18,2895700.0,2895700.0,-1.46,-1.857,77.64667,"December 03, 18",-0.01857
0,2018-11-30,76.09,76.64,74.75,75.86,75.86,2091900.0,2091900.0,-0.23,-0.302,75.75,"November 30, 18",-0.00302
0,2018-11-29,75.97,77.25,74.82,76.34,76.34,2982400.0,2982400.0,0.37,0.487,76.13667,"November 29, 18",0.00487
0,2018-11-28,73.52,76.3,72.05,76.13,76.13,2189000.0,2189000.0,2.61,3.55,74.82667,"November 28, 18",0.0355
0,2018-11-27,73.7,74.75,71.87,73.02,73.02,1598300.0,1598300.0,-0.68,-0.923,73.21333,"November 27, 18",-0.00923
0,2018-11-26,73.4,74.79,73.07,74.16,74.16,1502700.0,1502700.0,0.76,1.035,74.00667,"November 26, 18",0.01035
0,2018-11-23,71.83,73.44,71.12,72.26,72.26,663100.0,663100.0,0.43,0.599,72.27333,"November 23, 18",0.00599
0,2018-11-21,72.31,73.43,71.82,72.34,72.34,1401900.0,1401900.0,0.03,0.041,72.53,"November 21, 18",0.00041
0,2018-11-20,71.35,73.22,69.11,71.23,71.23,2769800.0,2769800.0,-0.12,-0.168,71.18667,"November 20, 18",-0.00168
0,2018-11-19,76.43,76.96,72.56,73.7,73.7,2563400.0,2563400.0,-2.73,-3.572,74.40667,"November 19, 18",-0.03572
0,2018-11-16,78.61,79.28,75.71,76.72,76.72,2851700.0,2851700.0,-1.89,-2.404,77.23667,"November 16, 18",-0.02404
0,2018-11-15,78.25,79.9,77.01,78.82,78.82,1516600.0,1516600.0,0.57,0.728,78.57667,"November 15, 18",0.00728
0,2018-11-14,79.92,80.49,77.64,78.87,78.87,1654700.0,1654700.0,-1.05,-1.314,79.0,"November 14, 18",-0.01314
0,2018-11-13,78.6,80.07,77.41,79.02,79.02,2222700.0,2222700.0,0.42,0.534,78.83333,"November 13, 18",0.00534
0,2018-11-12,80.91,81.44,78.03,78.22,78.22,2172300.0,2172300.0,-2.69,-3.325,79.23,"November 12, 18",-0.03325
0,2018-11-09,82.55,84.01,80.49,81.03,81.03,2222700.0,2222700.0,-1.52,-1.841,81.84333,"November 09, 18",-0.01841
0,2018-11-08,87.23,87.78,82.56,83.12,83.12,1642500.0,1642500.0,-4.11,-4.712,84.48667,"November 08, 18",-0.04712
0,2018-11-07,86.2,88.06,85.43,87.97,87.97,999100.0,999100.0,1.77,2.053,87.15333,"November 07, 18",0.02053
0,2018-11-06,83.97,86.15,83.83,85.12,85.12,1653600.0,1653600.0,1.15,1.37,85.03333,"November 06, 18",0.0137
0,2018-11-05,87.78,88.03,83.56,84.42,84.42,1824200.0,1824200.0,-3.36,-3.828,85.33667,"November 05, 18",-0.03828
0,2018-11-02,88.85,90.75,86.94,88.02,88.02,1794300.0,1794300.0,-0.83,-0.934,88.57,"November 02, 18",-0.00934
0,2018-11-01,87.55,88.1,79.82,86.99,86.99,5378500.0,5378500.0,-0.56,-0.64,84.97,"November 01, 18",-0.0064
0,2018-10-31,88.79,91.17,88.66,89.38,89.38,3001000.0,3001000.0,0.59,0.664,89.73667,"October 31, 18",0.00664
0,2018-10-30,83.96,87.18,83.33,86.94,86.94,2029100.0,2029100.0,2.98,3.549,85.81667,"October 30, 18",0.03549
0,2018-10-29,88.38,88.83,81.29,82.9,82.9,2248300.0,2248300.0,-5.48,-6.2,84.34,"October 29, 18",-0.062
0,2018-10-26,88.0,88.43,85.03,86.67,86.67,2010300.0,2010300.0,-1.33,-1.511,86.71,"October 26, 18",-0.01511
0,2018-10-25,87.0,91.47,86.17,90.22,90.22,1496600.0,1496600.0,3.22,3.701,89.28667,"October 25, 18",0.03701
0,2018-10-24,91.7,91.81,85.93,86.01,86.01,2366000.0,2366000.0,-5.69,-6.205,87.91667,"October 24, 18",-0.06205
0,2018-10-23,91.5,92.91,88.69,91.63,91.63,2424400.0,2424400.0,0.13,0.142,91.07667,"October 23, 18",0.00142
0,2018-10-22,94.7,95.33,93.05,93.59,93.59,2359300.0,2359300.0,-1.11,-1.172,93.99,"October 22, 18",-0.01172
0,2018-10-19,96.26,96.88,93.48,94.7,94.7,1823500.0,1823500.0,-1.56,-1.621,95.02,"October 19, 18",-0.01621
0,2018-10-18,99.9,99.99,95.14,95.84,95.84,2280100.0,2280100.0,-4.06,-4.064,96.99,"October 18, 18",-0.04064
0,2018-10-17,103.11,103.41,99.4,100.6,100.6,1498400.0,1498400.0,-2.51,-2.434,101.13667,"October 17, 18",-0.02434
0,2018-10-16,101.63,103.8,101.15,103.59,103.59,1179400.0,1179400.0,1.96,1.929,102.84667,"October 16, 18",0.01929
0,2018-10-15,99.66,101.5,99.33,100.72,100.72,831200.0,831200.0,1.06,1.064,100.51667,"October 15, 18",0.01064
0,2018-10-12,101.21,101.94,98.08,99.7,99.7,1475700.0,1475700.0,-1.51,-1.492,99.90667,"October 12, 18",-0.01492
0,2018-10-11,101.33,103.52,99.1,99.24,99.24,2023900.0,2023900.0,-2.09,-2.063,100.62,"October 11, 18",-0.02063
0,2018-10-10,107.82,107.96,102.05,102.24,102.24,1794900.0,1794900.0,-5.58,-5.175,104.08333,"October 10, 18",-0.05175
0,2018-10-09,108.46,109.96,107.81,108.04,108.04,863000.0,863000.0,-0.42,-0.387,108.60333,"October 09, 18",-0.00387
0,2018-10-08,109.28,109.97,106.54,109.36,109.36,958400.0,958400.0,0.08,0.073,108.62333,"October 08, 18",0.00073
0,2018-10-05,111.57,112.1,108.65,110.02,110.02,1266600.0,1266600.0,-1.55,-1.389,110.25667,"October 05, 18",-0.01389
0,2018-10-04,113.48,114.58,111.07,112.04,112.04,980600.0,980600.0,-1.44,-1.269,112.56333,"October 04, 18",-0.01269
0,2018-10-03,111.5,114.15,111.43,113.1,113.1,1384000.0,1384000.0,1.6,1.435,112.89333,"October 03, 18",0.01435
0,2018-10-02,113.13,113.3,109.81,109.99,109.99,949400.0,949400.0,-3.14,-2.776,111.03333,"October 02, 18",-0.02776
0,2018-10-01,115.5,115.62,112.88,113.27,113.27,722700.0,722700.0,-2.23,-1.931,113.92333,"October 01, 18",-0.01931
0,2018-09-28,114.19,114.9,113.75,114.17,114.17,755500.0,755500.0,-0.02,-0.018,114.27333,"September 28, 18",-0.00018
0,2018-09-27,113.89,115.25,113.78,114.54,114.54,722200.0,722200.0,0.65,0.571,114.52333,"September 27, 18",0.00571
0,2018-09-26,112.63,116.27,111.43,113.65,113.65,1231400.0,1231400.0,1.02,0.906,113.78333,"September 26, 18",0.00906
0,2018-09-25,112.4,113.5,111.45,112.42,112.42,756800.0,756800.0,0.02,0.018,112.45667,"September 25, 18",0.00018
0,2018-09-24,112.4,112.84,111.24,112.37,112.37,878300.0,878300.0,-0.03,-0.027,112.15,"September 24, 18",-0.00027
0,2018-09-21,113.95,114.52,112.79,112.85,112.85,2043100.0,2043100.0,-1.1,-0.965,113.38667,"September 21, 18",-0.00965
0,2018-09-20,115.05,115.14,113.42,113.58,113.58,867100.0,867100.0,-1.47,-1.278,114.04667,"September 20, 18",-0.01278
0,2018-09-19,113.77,114.82,113.03,113.69,113.69,779600.0,779600.0,-0.08,-0.07,113.84667,"September 19, 18",-0.0007
0,2018-09-18,112.01,113.75,110.9,113.51,113.51,1148800.0,1148800.0,1.5,1.339,112.72,"September 18, 18",0.01339
0,2018-09-17,114.53,115.0,110.7,111.97,111.97,805200.0,805200.0,-2.56,-2.235,112.55667,"September 17, 18",-0.02235
0,2018-09-14,112.14,115.33,112.0,114.53,114.53,1313800.0,1313800.0,2.39,2.131,113.95333,"September 14, 18",0.02131
0,2018-09-13,111.4,112.58,110.87,111.69,111.69,827200.0,827200.0,0.29,0.26,111.71333,"September 13, 18",0.0026
0,2018-09-12,112.15,113.05,109.72,110.83,110.83,1325800.0,1325800.0,-1.32,-1.177,111.2,"September 12, 18",-0.01177
0,2018-09-11,111.27,113.53,111.01,112.27,112.27,1387000.0,1387000.0,1.0,0.899,112.27,"September 11, 18",0.00899
0,2018-09-10,106.69,112.09,106.23,112.0,112.0,1689400.0,1689400.0,5.31,4.977,110.10667,"September 10, 18",0.04977
0,2018-09-07,105.84,107.89,105.08,106.18,106.18,843800.0,843800.0,0.34,0.321,106.38333,"September 07, 18",0.00321
0,2018-09-06,106.76,107.82,106.5,106.56,106.56,849700.0,849700.0,-0.2,-0.187,106.96,"September 06, 18",-0.00187
0,2018-09-05,106.6,107.16,104.1,106.49,106.49,856400.0,856400.0,-0.11,-0.103,105.91667,"September 05, 18",-0.00103
0,2018-09-04,106.0,106.92,105.51,106.69,106.69,723800.0,723800.0,0.69,0.651,106.37333,"September 04, 18",0.00651
0,2018-08-31,106.27,106.95,105.83,106.5,106.5,674600.0,674600.0,0.23,0.216,106.42667,"August 31, 18",0.00216
0,2018-08-30,107.44,107.85,106.22,106.59,106.59,485400.0,485400.0,-0.85,-0.791,106.88667,"August 30, 18",-0.00791
0,2018-08-29,106.22,108.17,103.5,107.85,107.85,962100.0,962100.0,1.63,1.535,106.50667,"August 29, 18",0.01535
0,2018-08-28,107.77,108.02,105.66,105.96,105.96,615800.0,615800.0,-1.81,-1.68,106.54667,"August 28, 18",-0.0168
0,2018-08-27,106.0,108.61,105.95,107.41,107.41,820600.0,820600.0,1.41,1.33,107.32333,"August 27, 18",0.0133
0,2018-08-24,105.12,106.36,104.82,105.75,105.75,846500.0,846500.0,0.63,0.599,105.64333,"August 24, 18",0.00599
0,2018-08-23,105.18,106.31,104.17,104.65,104.65,1277200.0,1277200.0,-0.53,-0.504,105.04333,"August 23, 18",-0.00504
0,2018-08-22,105.72,106.53,104.87,105.28,105.28,696800.0,696800.0,-0.44,-0.416,105.56,"August 22, 18",-0.00416
0,2018-08-21,103.88,106.43,103.88,106.06,106.06,1054900.0,1054900.0,2.18,2.099,105.45667,"August 21, 18",0.02099
0,2018-08-20,101.61,104.8,101.61,104.01,104.01,1080700.0,1080700.0,2.4,2.362,103.47333,"August 20, 18",0.02362
0,2018-08-17,101.93,102.3,100.93,101.71,101.71,645300.0,645300.0,-0.22,-0.216,101.64667,"August 17, 18",-0.00216
0,2018-08-16,101.07,103.34,100.39,102.41,102.41,800700.0,800700.0,1.34,1.326,102.04667,"August 16, 18",0.01326
0,2018-08-15,101.2,101.5,98.29,99.88,99.88,1359300.0,1359300.0,-1.32,-1.304,99.89,"August 15, 18",-0.01304
0,2018-08-14,103.15,103.57,102.43,102.61,102.61,1665300.0,1665300.0,-0.54,-0.524,102.87,"August 14, 18",-0.00524
0,2018-08-13,104.33,104.62,102.72,102.97,102.97,533000.0,533000.0,-1.36,-1.304,103.43667,"August 13, 18",-0.01304
0,2018-08-10,104.69,105.5,102.82,104.64,104.64,635800.0,635800.0,-0.05,-0.048,104.32,"August 10, 18",-0.00048
0,2018-08-09,103.71,106.02,103.68,105.22,105.22,1705700.0,1705700.0,1.51,1.456,104.97333,"August 09, 18",0.01456
0,2018-08-08,104.66,104.93,103.45,103.97,103.97,619800.0,619800.0,-0.69,-0.659,104.11667,"August 08, 18",-0.00659
0,2018-08-07,103.86,104.99,103.03,104.56,104.56,2128900.0,2128900.0,0.7,0.674,104.19333,"August 07, 18",0.00674
0,2018-08-06,101.08,103.92,100.35,103.85,103.85,1378700.0,1378700.0,2.77,2.74,102.70667,"August 06, 18",0.0274
0,2018-08-03,101.03,101.51,99.67,101.43,101.43,1060300.0,1060300.0,0.4,0.396,100.87,"August 03, 18",0.00396
0,2018-08-02,96.28,101.59,96.28,100.42,100.42,2296300.0,2296300.0,4.14,4.3,99.43,"August 02, 18",0.043
0,2018-08-01,99.71,100.89,98.44,99.92,99.92,1202500.0,1202500.0,0.21,0.211,99.75,"August 01, 18",0.00211
0,2018-07-31,96.0,100.57,96.0,99.72,99.72,1116000.0,1116000.0,3.72,3.875,98.76333,"July 31, 18",0.03875
0,2018-07-30,98.55,99.5,94.81,95.71,95.71,1948400.0,1948400.0,-2.84,-2.882,96.67333,"July 30, 18",-0.02882
0,2018-07-27,99.52,99.8,97.42,98.66,98.66,1064500.0,1064500.0,-0.86,-0.864,98.62667,"July 27, 18",-0.00864
0,2018-07-26,100.81,101.0,98.59,99.22,99.22,1982200.0,1982200.0,-1.59,-1.577,99.60333,"July 26, 18",-0.01577
0,2018-07-25,99.44,101.42,99.0,101.3,101.3,1073400.0,1073400.0,1.86,1.87,100.57333,"July 25, 18",0.0187
0,2018-07-24,104.23,104.59,97.93,99.25,99.25,1917900.0,1917900.0,-4.98,-4.778,100.59,"July 24, 18",-0.04778
0,2018-07-23,101.92,103.53,100.9,103.06,103.06,851300.0,851300.0,1.14,1.119,102.49667,"July 23, 18",0.01119
0,2018-07-20,101.06,102.59,100.71,102.04,102.04,1014600.0,1014600.0,0.98,0.97,101.78,"July 20, 18",0.0097
0,2018-07-19,100.51,101.65,99.8,100.62,100.62,703500.0,703500.0,0.11,0.109,100.69,"July 19, 18",0.00109
0,2018-07-18,100.19,101.91,99.87,101.68,101.68,898900.0,898900.0,1.49,1.487,101.15333,"July 18, 18",0.01487
0,2018-07-17,98.8,100.12,98.8,99.97,99.97,961400.0,961400.0,1.17,1.184,99.63,"July 17, 18",0.01184
0,2018-07-16,102.93,103.46,97.9,99.07,99.07,1259300.0,1259300.0,-3.86,-3.75,100.14333,"July 16, 18",-0.0375
0,2018-07-13,101.65,102.87,101.21,101.75,101.75,657300.0,657300.0,0.1,0.098,101.94333,"July 13, 18",0.00098
0,2018-07-12,100.16,101.95,99.81,101.65,101.65,954600.0,954600.0,1.49,1.488,101.13667,"July 12, 18",0.01488
0,2018-07-11,101.05,102.82,98.87,99.06,99.06,1249000.0,1249000.0,-1.99,-1.969,100.25,"July 11, 18",-0.01969
0,2018-07-10,104.94,105.66,102.37,103.5,103.5,984200.0,984200.0,-1.44,-1.372,103.84333,"July 10, 18",-0.01372
0,2018-07-09,101.84,104.46,101.68,104.04,104.04,1143900.0,1143900.0,2.2,2.16,103.39333,"July 09, 18",0.0216
0,2018-07-06,100.02,101.86,99.35,101.36,101.36,952500.0,952500.0,1.34,1.34,100.85667,"July 06, 18",0.0134
0,2018-07-05,100.11,100.53,98.38,100.28,100.28,2296600.0,2296600.0,0.17,0.17,99.73,"July 05, 18",0.0017
0,2018-07-03,101.23,102.12,98.91,99.13,99.13,561200.0,561200.0,-2.1,-2.074,100.05333,"July 03, 18",-0.02074
0,2018-07-02,99.35,100.91,98.66,100.82,100.82,1181800.0,1181800.0,1.47,1.48,100.13,"July 02, 18",0.0148
0,2018-06-29,100.85,101.58,100.03,100.18,100.18,1623900.0,1623900.0,-0.67,-0.664,100.59667,"June 29, 18",-0.00664
0,2018-06-28,98.16,100.7,97.0,99.75,99.75,1743500.0,1743500.0,1.59,1.62,99.15,"June 28, 18",0.0162
0,2018-06-27,103.0,104.11,98.84,98.94,98.94,1606000.0,1606000.0,-4.06,-3.942,100.63,"June 27, 18",-0.03942
0,2018-06-26,103.75,104.25,101.55,102.23,102.23,1914200.0,1914200.0,-1.52,-1.465,102.67667,"June 26, 18",-0.01465
0,2018-06-25,108.0,108.0,102.18,103.53,103.53,1836700.0,1836700.0,-4.47,-4.139,104.57,"June 25, 18",-0.04139
0,2018-06-22,113.65,114.0,108.23,108.76,108.76,1777300.0,1777300.0,-4.89,-4.303,110.33,"June 22, 18",-0.04303
0,2018-06-21,113.32,113.53,111.8,112.14,112.14,1017200.0,1017200.0,-1.18,-1.041,112.49,"June 21, 18",-0.01041
0,2018-06-20,112.75,114.13,112.03,112.91,112.91,1076100.0,1076100.0,0.16,0.142,113.02333,"June 20, 18",0.00142
0,2018-06-19,111.15,112.33,109.58,111.81,111.81,1719900.0,1719900.0,0.66,0.594,111.24,"June 19, 18",0.00594
0,2018-06-18,112.48,114.75,111.75,114.04,114.04,1296300.0,1296300.0,1.56,1.387,113.51333,"June 18, 18",0.01387
0,2018-06-15,110.34,114.24,109.85,113.98,113.98,1933600.0,1933600.0,3.64,3.299,112.69,"June 15, 18",0.03299
0,2018-06-14,113.45,113.45,110.61,111.66,111.66,1432700.0,1432700.0,-1.79,-1.578,111.90667,"June 14, 18",-0.01578
0,2018-06-13,114.37,115.49,112.64,113.3,113.3,1505000.0,1505000.0,-1.07,-0.936,113.81,"June 13, 18",-0.00936
0,2018-06-12,112.36,114.43,112.16,114.18,114.18,1559600.0,1559600.0,1.82,1.62,113.59,"June 12, 18",0.0162
0,2018-06-11,110.39,113.03,110.33,111.51,111.51,1010200.0,1010200.0,1.12,1.015,111.62333,"June 11, 18",0.01015
0,2018-06-08,108.96,111.46,108.96,111.28,111.28,1257300.0,1257300.0,2.32,2.129,110.56667,"June 08, 18",0.02129
0,2018-06-07,109.58,110.1,107.58,109.67,109.67,1644300.0,1644300.0,0.09,0.082,109.11667,"June 07, 18",0.00082
0,2018-06-06,107.31,109.5,106.46,109.45,109.45,1320000.0,1320000.0,2.14,1.994,108.47,"June 06, 18",0.01994
0,2018-06-05,106.91,108.07,105.57,107.43,107.43,1183100.0,1183100.0,0.52,0.486,107.02333,"June 05, 18",0.00486
0,2018-06-04,107.63,108.75,106.7,107.41,107.41,1487600.0,1487600.0,-0.22,-0.204,107.62,"June 04, 18",-0.00204
0,2018-06-01,106.31,107.36,105.25,106.67,106.67,1104900.0,1104900.0,0.36,0.339,106.42667,"June 01, 18",0.00339
0,2018-05-31,109.5,110.0,104.49,105.25,105.25,6463800.0,6463800.0,-4.25,-3.881,106.58,"May 31, 18",-0.03881
0,2018-05-30,107.89,110.06,107.79,109.31,109.31,1063300.0,1063300.0,1.42,1.316,109.05333,"May 30, 18",0.01316
0,2018-05-29,108.52,109.83,106.44,107.13,107.13,952500.0,952500.0,-1.39,-1.281,107.8,"May 29, 18",-0.01281
0,2018-05-25,109.18,109.55,108.59,108.81,108.81,722500.0,722500.0,-0.37,-0.339,108.98333,"May 25, 18",-0.00339
0,2018-05-24,107.74,110.05,107.5,109.45,109.45,1023800.0,1023800.0,1.71,1.587,109.0,"May 24, 18",0.01587
0,2018-05-23,108.47,108.56,105.84,107.69,107.69,1356900.0,1356900.0,-0.78,-0.719,107.36333,"May 23, 18",-0.00719
0,2018-05-22,110.61,110.8,108.62,108.76,108.76,973000.0,973000.0,-1.85,-1.673,109.39333,"May 22, 18",-0.01673
0,2018-05-21,109.71,111.09,109.39,110.31,110.31,1047100.0,1047100.0,0.6,0.547,110.26333,"May 21, 18",0.00547
0,2018-05-18,106.57,109.09,106.53,108.4,108.4,1519900.0,1519900.0,1.83,1.717,108.00667,"May 18, 18",0.01717
0,2018-05-17,105.75,107.48,105.66,106.36,106.36,1210700.0,1210700.0,0.61,0.577,106.5,"May 17, 18",0.00577
0,2018-05-16,106.24,106.89,105.24,105.84,105.84,924600.0,924600.0,-0.4,-0.377,105.99,"May 16, 18",-0.00377
0,2018-05-15,107.36,107.53,105.9,106.67,106.67,1737700.0,1737700.0,-0.69,-0.643,106.7,"May 15, 18",-0.00643
0,2018-05-14,108.84,110.68,107.52,108.07,108.07,1139200.0,1139200.0,-0.77,-0.707,108.75667,"May 14, 18",-0.00707
0,2018-05-11,108.5,109.95,108.3,109.07,109.07,1219400.0,1219400.0,0.57,0.525,109.10667,"May 11, 18",0.00525
0,2018-05-10,106.9,108.93,106.7,108.5,108.5,1690700.0,1690700.0,1.6,1.497,108.04333,"May 10, 18",0.01497
0,2018-05-09,105.54,106.5,104.41,106.33,106.33,1307300.0,1307300.0,0.79,0.749,105.74667,"May 09, 18",0.00749
0,2018-05-08,103.86,107.47,103.58,105.46,105.46,1684400.0,1684400.0,1.6,1.541,105.50333,"May 08, 18",0.01541
0,2018-05-07,102.03,104.86,101.37,104.3,104.3,2073300.0,2073300.0,2.27,2.225,103.51,"May 07, 18",0.02225
0,2018-05-04,99.16,102.29,97.63,101.24,101.24,2459500.0,2459500.0,2.08,2.098,100.38667,"May 04, 18",0.02098
0,2018-05-03,92.4,101.18,92.0,99.93,99.93,4676000.0,4676000.0,7.53,8.149,97.70333,"May 03, 18",0.08149
0,2018-05-02,95.74,96.49,91.64,93.59,93.59,3277000.0,3277000.0,-2.15,-2.246,93.90667,"May 02, 18",-0.02246
0,2018-05-01,96.7,96.85,94.57,95.53,95.53,2091100.0,2091100.0,-1.17,-1.21,95.65,"May 01, 18",-0.0121
0,2018-04-30,98.21,99.91,96.93,97.16,97.16,1648400.0,1648400.0,-1.05,-1.069,98.0,"April 30, 18",-0.01069
0,2018-04-27,96.46,98.31,95.51,98.02,98.02,1809900.0,1809900.0,1.56,1.617,97.28,"April 27, 18",0.01617
0,2018-04-26,99.35,100.19,94.61,96.57,96.57,2739000.0,2739000.0,-2.78,-2.798,97.12333,"April 26, 18",-0.02798
0,2018-04-25,100.73,101.68,98.27,98.59,98.59,1560600.0,1560600.0,-2.14,-2.124,99.51333,"April 25, 18",-0.02124
0,2018-04-24,104.57,105.98,99.55,100.73,100.73,1320500.0,1320500.0,-3.84,-3.672,102.08667,"April 24, 18",-0.03672
0,2018-04-23,104.88,106.14,103.32,104.02,104.02,1043800.0,1043800.0,-0.86,-0.82,104.49333,"April 23, 18",-0.0082
0,2018-04-20,106.5,107.31,104.08,104.44,104.44,1396400.0,1396400.0,-2.06,-1.934,105.27667,"April 20, 18",-0.01934
0,2018-04-19,106.92,108.49,106.35,106.4,106.4,1413200.0,1413200.0,-0.52,-0.486,107.08,"April 19, 18",-0.00486
0,2018-04-18,107.77,109.06,105.28,107.09,107.09,2024400.0,2024400.0,-0.68,-0.631,107.14333,"April 18, 18",-0.00631
0,2018-04-17,104.37,106.87,103.35,106.75,106.75,1485900.0,1485900.0,2.38,2.28,105.65667,"April 17, 18",0.0228
0,2018-04-16,100.02,104.71,100.02,103.56,103.56,1783900.0,1783900.0,3.54,3.539,102.76333,"April 16, 18",0.03539
0,2018-04-13,101.77,102.13,98.66,99.01,99.01,943300.0,943300.0,-2.76,-2.712,99.93333,"April 13, 18",-0.02712
0,2018-04-12,99.0,102.23,99.0,100.75,100.75,1509300.0,1509300.0,1.75,1.768,100.66,"April 12, 18",0.01768
0,2018-04-11,97.84,99.43,97.81,98.32,98.32,828900.0,828900.0,0.48,0.491,98.52,"April 11, 18",0.00491
0,2018-04-10,98.59,99.57,97.76,98.87,98.87,1149000.0,1149000.0,0.28,0.284,98.73333,"April 10, 18",0.00284
0,2018-04-09,97.09,98.79,96.2,96.86,96.86,1223600.0,1223600.0,-0.23,-0.237,97.28333,"April 09, 18",-0.00237
0,2018-04-06,98.14,99.99,95.22,96.23,96.23,1862900.0,1862900.0,-1.91,-1.946,97.14667,"April 06, 18",-0.01946
0,2018-04-05,99.92,99.95,97.34,98.64,98.64,1349400.0,1349400.0,-1.28,-1.281,98.64333,"April 05, 18",-0.01281
0,2018-04-04,97.33,99.75,96.41,99.3,99.3,1227400.0,1227400.0,1.97,2.024,98.48667,"April 04, 18",0.02024
0,2018-04-03,98.25,100.26,96.95,99.16,99.16,1471400.0,1471400.0,0.91,0.926,98.79,"April 03, 18",0.00926
0,2018-04-02,101.32,102.73,96.01,96.76,96.76,1688000.0,1688000.0,-4.56,-4.501,98.5,"April 02, 18",-0.04501
0,2018-03-29,99.11,102.63,99.11,101.81,101.81,1517600.0,1517600.0,2.7,2.724,101.18333,"March 29, 18",0.02724
0,2018-03-28,98.42,99.85,96.7,98.23,98.23,1530100.0,1530100.0,-0.19,-0.193,98.26,"March 28, 18",-0.00193
0,2018-03-27,102.95,103.24,97.72,98.66,98.66,1509700.0,1509700.0,-4.29,-4.167,99.87333,"March 27, 18",-0.04167
0,2018-03-26,101.38,102.32,99.19,102.05,102.05,1678100.0,1678100.0,0.67,0.661,101.18667,"March 26, 18",0.00661
0,2018-03-23,102.37,103.16,99.35,99.5,99.5,1266000.0,1266000.0,-2.87,-2.804,100.67,"March 23, 18",-0.02804
0,2018-03-22,103.54,105.08,102.03,102.18,102.18,925700.0,925700.0,-1.36,-1.314,103.09667,"March 22, 18",-0.01314
0,2018-03-21,104.04,105.36,103.86,104.39,104.39,995000.0,995000.0,0.35,0.336,104.53667,"March 21, 18",0.00336
0,2018-03-20,103.09,106.0,103.0,104.46,104.46,1603400.0,1603400.0,1.37,1.329,104.48667,"March 20, 18",0.01329
0,2018-03-19,104.12,105.94,101.48,102.88,102.88,1883600.0,1883600.0,-1.24,-1.191,103.43333,"March 19, 18",-0.01191
0,2018-03-16,103.83,105.4,103.24,104.67,104.67,2858800.0,2858800.0,0.84,0.809,104.43667,"March 16, 18",0.00809
0,2018-03-15,104.25,105.07,103.33,103.75,103.75,2500700.0,2500700.0,-0.5,-0.48,104.05,"March 15, 18",-0.0048
0,2018-03-14,103.53,105.07,103.23,104.21,104.21,1816400.0,1816400.0,0.68,0.657,104.17,"March 14, 18",0.00657
0,2018-03-13,105.31,106.08,102.63,102.96,102.96,1403400.0,1403400.0,-2.35,-2.232,103.89,"March 13, 18",-0.02232
0,2018-03-12,104.73,106.2,103.35,104.49,104.49,1434800.0,1434800.0,-0.24,-0.229,104.68,"March 12, 18",-0.00229
0,2018-03-09,101.52,104.43,101.2,104.27,104.27,1818900.0,1818900.0,2.75,2.709,103.3,"March 09, 18",0.02709
0,2018-03-08,102.35,102.99,100.36,101.23,101.23,1438800.0,1438800.0,-1.12,-1.094,101.52667,"March 08, 18",-0.01094
0,2018-03-07,101.71,102.46,100.59,101.9,101.9,1636400.0,1636400.0,0.19,0.187,101.65,"March 07, 18",0.00187
0,2018-03-06,101.22,103.15,100.71,102.57,102.57,1362000.0,1362000.0,1.35,1.334,102.14333,"March 06, 18",0.01334
0,2018-03-05,98.7,101.54,97.61,100.89,100.89,1397800.0,1397800.0,2.19,2.219,100.01333,"March 05, 18",0.02219
0,2018-03-02,98.09,99.91,96.33,99.27,99.27,1673300.0,1673300.0,1.18,1.203,98.50333,"March 02, 18",0.01203
0,2018-03-01,99.09,99.67,96.74,98.98,98.98,2317800.0,2317800.0,-0.11,-0.111,98.46333,"March 01, 18",-0.00111
0,2018-02-28,98.6,100.45,98.11,98.43,98.43,1536200.0,1536200.0,-0.17,-0.172,98.99667,"February 28, 18",-0.00172
0,2018-02-27,99.12,100.42,98.09,98.09,98.09,1205700.0,1205700.0,-1.03,-1.039,98.86667,"February 27, 18",-0.01039
0,2018-02-26,98.51,99.83,97.4,99.19,99.19,1584500.0,1584500.0,0.68,0.69,98.80667,"February 26, 18",0.0069
0,2018-02-23,93.72,97.1,93.63,96.89,96.89,1451800.0,1451800.0,3.17,3.382,95.87333,"February 23, 18",0.03382
0,2018-02-22,94.61,94.88,92.07,93.56,93.56,1139100.0,1139100.0,-1.05,-1.11,93.50333,"February 22, 18",-0.0111
0,2018-02-21,91.78,95.26,91.78,93.99,93.99,1742700.0,1742700.0,2.21,2.408,93.67667,"February 21, 18",0.02408
0,2018-02-20,90.66,92.71,90.24,91.77,91.77,1024800.0,1024800.0,1.11,1.224,91.57333,"February 20, 18",0.01224
0,2018-02-16,92.0,93.15,91.36,91.43,91.43,1022600.0,1022600.0,-0.57,-0.62,91.98,"February 16, 18",-0.0062
0,2018-02-15,93.99,94.25,91.1,92.0,92.0,1982800.0,1982800.0,-1.99,-2.117,92.45,"February 15, 18",-0.02117
0,2018-02-14,91.49,93.5,90.33,93.47,93.47,1963300.0,1963300.0,1.98,2.164,92.43333,"February 14, 18",0.02164
0,2018-02-13,89.04,92.4,88.41,92.27,92.27,1882700.0,1882700.0,3.23,3.628,91.02667,"February 13, 18",0.03628
0,2018-02-12,87.02,90.49,86.52,90.2,90.2,3445700.0,3445700.0,3.18,3.654,89.07,"February 12, 18",0.03654
0,2018-02-09,86.39,88.33,82.16,86.01,86.01,2951300.0,2951300.0,-0.38,-0.44,85.5,"February 09, 18",-0.0044
0,2018-02-08,91.81,91.81,84.65,85.04,85.04,6763200.0,6763200.0,-6.77,-7.374,87.16667,"February 08, 18",-0.07374
0,2018-02-07,90.01,93.87,89.7,90.01,90.01,1985600.0,1985600.0,0.0,0.0,91.19333,"February 07, 18",0.0
0,2018-02-06,87.9,91.96,86.41,90.15,90.15,1973100.0,1973100.0,2.25,2.56,89.50667,"February 06, 18",0.0256
0,2018-02-05,92.48,93.78,89.66,89.74,89.74,1428900.0,1428900.0,-2.74,-2.963,91.06,"February 05, 18",-0.02963
0,2018-02-02,95.64,95.71,93.32,93.82,93.82,1031000.0,1031000.0,-1.82,-1.903,94.28333,"February 02, 18",-0.01903
0,2018-02-01,93.42,96.68,93.09,96.41,96.41,867000.0,867000.0,2.99,3.201,95.39333,"February 01, 18",0.03201
0,2018-01-31,95.0,96.79,94.42,94.44,94.44,1289100.0,1289100.0,-0.56,-0.589,95.21667,"January 31, 18",-0.00589
0,2018-01-30,94.75,95.81,93.76,94.04,94.04,1202700.0,1202700.0,-0.71,-0.749,94.53667,"January 30, 18",-0.00749
0,2018-01-29,96.0,98.17,95.67,95.87,95.87,817300.0,817300.0,-0.13,-0.135,96.57,"January 29, 18",-0.00135
0,2018-01-26,97.18,97.18,95.52,96.7,96.7,856000.0,856000.0,-0.48,-0.494,96.46667,"January 26, 18",-0.00494
0,2018-01-25,97.22,97.44,95.46,96.35,96.35,696500.0,696500.0,-0.87,-0.895,96.41667,"January 25, 18",-0.00895
0,2018-01-24,96.69,96.97,94.61,96.59,96.59,1564100.0,1564100.0,-0.1,-0.103,96.05667,"January 24, 18",-0.00103
0,2018-01-23,97.27,98.37,95.74,96.38,96.38,1134000.0,1134000.0,-0.89,-0.915,96.83,"January 23, 18",-0.00915
0,2018-01-22,96.34,97.14,94.8,97.12,97.12,1214900.0,1214900.0,0.78,0.81,96.35333,"January 22, 18",0.0081
0,2018-01-19,93.95,95.95,93.26,95.95,95.95,1257200.0,1257200.0,2.0,2.129,95.05333,"January 19, 18",0.02129
0,2018-01-18,94.53,94.58,93.15,93.4,93.4,1272000.0,1272000.0,-1.13,-1.195,93.71,"January 18, 18",-0.01195
0,2018-01-17,92.89,94.86,92.3,94.64,94.64,1020100.0,1020100.0,1.75,1.884,93.93333,"January 17, 18",0.01884
0,2018-01-16,95.0,95.17,91.39,92.09,92.09,1164300.0,1164300.0,-2.91,-3.063,92.88333,"January 16, 18",-0.03063
0,2018-01-12,95.26,95.35,93.71,95.01,95.01,1313700.0,1313700.0,-0.25,-0.262,94.69,"January 12, 18",-0.00262
0,2018-01-11,92.64,95.07,92.64,94.82,94.82,1190500.0,1190500.0,2.18,2.353,94.17667,"January 11, 18",0.02353
0,2018-01-10,92.38,93.78,91.76,91.94,91.94,872100.0,872100.0,-0.44,-0.476,92.49333,"January 10, 18",-0.00476
0,2018-01-09,92.65,92.77,91.28,92.61,92.61,1445000.0,1445000.0,-0.04,-0.043,92.22,"January 09, 18",-0.00043
0,2018-01-08,91.29,92.63,91.05,92.18,92.18,1297000.0,1297000.0,0.89,0.975,91.95333,"January 08, 18",0.00975
0,2018-01-05,91.63,92.0,89.85,91.08,91.08,999300.0,999300.0,-0.55,-0.6,90.97667,"January 05, 18",-0.006
0,2018-01-04,92.68,93.11,90.12,91.35,91.35,1547800.0,1547800.0,-1.33,-1.435,91.52667,"January 04, 18",-0.01435
0,2018-01-03,92.96,93.98,91.96,92.33,92.33,1155300.0,1155300.0,-0.63,-0.678,92.75667,"January 03, 18",-0.00678
0,2018-01-02,92.5,93.04,91.17,92.49,92.49,1539200.0,1539200.0,-0.01,-0.011,92.23333,"January 02, 18",-0.00011
0,2017-12-29,91.6,92.17,90.0,91.59,91.59,1293900.0,1293900.0,-0.01,-0.011,91.25333,"December 29, 17",-0.00011
0,2017-12-28,91.65,92.45,90.55,91.37,91.37,1713700.0,1713700.0,-0.28,-0.306,91.45667,"December 28, 17",-0.00306
0,2017-12-27,89.0,93.63,88.17,92.17,92.17,2678200.0,2678200.0,3.17,3.562,91.32333,"December 27, 17",0.03562
0,2017-12-26,88.99,89.99,87.19,89.03,89.03,3066200.0,3066200.0,0.04,0.045,88.73667,"December 26, 17",0.00045
0,2017-12-22,78.92,90.25,77.32,90.01,90.01,10685800.0,10685800.0,11.09,14.052,85.86,"December 22, 17",0.14052
0,2017-12-21,79.52,79.52,76.82,78.69,78.69,2607200.0,2607200.0,-0.83,-1.044,78.34333,"December 21, 17",-0.01044
0,2017-12-20,78.95,79.86,78.25,79.15,79.15,2371800.0,2371800.0,0.2,0.253,79.08667,"December 20, 17",0.00253
0,2017-12-19,77.95,78.01,76.38,77.74,77.74,911700.0,911700.0,-0.21,-0.269,77.37667,"December 19, 17",-0.00269
0,2017-12-18,77.71,78.33,76.88,77.68,77.68,1148600.0,1148600.0,-0.03,-0.039,77.63,"December 18, 17",-0.00039
0,2017-12-15,76.24,77.9,76.13,77.51,77.51,1148700.0,1148700.0,1.27,1.666,77.18,"December 15, 17",0.01666
0,2017-12-14,77.35,78.25,75.89,76.13,76.13,1476300.0,1476300.0,-1.22,-1.577,76.75667,"December 14, 17",-0.01577
0,2017-12-13,76.56,77.41,75.87,77.16,77.16,1185100.0,1185100.0,0.6,0.784,76.81333,"December 13, 17",0.00784
0,2017-12-12,76.32,76.7,75.83,76.29,76.29,856000.0,856000.0,-0.03,-0.039,76.27333,"December 12, 17",-0.00039
0,2017-12-11,77.7,77.95,76.2,76.4,76.4,1225600.0,1225600.0,-1.3,-1.673,76.85,"December 11, 17",-0.01673
0,2017-12-08,77.29,77.75,76.63,77.27,77.27,1799500.0,1799500.0,-0.02,-0.026,77.21667,"December 08, 17",-0.00026
0,2017-12-07,76.08,77.25,75.78,76.71,76.71,1260900.0,1260900.0,0.63,0.828,76.58,"December 07, 17",0.00828
0,2017-12-06,75.87,76.38,75.12,76.03,76.03,1026900.0,1026900.0,0.16,0.211,75.84333,"December 06, 17",0.00211
0,2017-12-05,75.88,77.72,75.8,76.38,76.38,1046400.0,1046400.0,0.5,0.659,76.63333,"December 05, 17",0.00659
0,2017-12-04,79.0,79.91,75.94,76.33,76.33,1789700.0,1789700.0,-2.67,-3.38,77.39333,"December 04, 17",-0.0338
0,2017-12-01,78.94,80.1,75.76,77.99,77.99,1527300.0,1527300.0,-0.95,-1.203,77.95,"December 01, 17",-0.01203
0,2017-11-30,77.34,79.65,76.42,79.03,79.03,1750800.0,1750800.0,1.69,2.185,78.36667,"November 30, 17",0.02185
0,2017-11-29,76.6,77.27,76.12,77.17,77.17,1206200.0,1206200.0,0.57,0.744,76.85333,"November 29, 17",0.00744
0,2017-11-28,77.18,77.23,75.28,76.57,76.57,1172300.0,1172300.0,-0.61,-0.79,76.36,"November 28, 17",-0.0079
0,2017-11-27,76.7,77.27,76.46,76.79,76.79,616000.0,616000.0,0.09,0.117,76.84,"November 27, 17",0.00117
0,2017-11-24,77.23,77.23,76.69,76.78,76.78,366000.0,366000.0,-0.45,-0.583,76.9,"November 24, 17",-0.00583
0,2017-11-22,77.9,77.9,76.37,76.65,76.65,835200.0,835200.0,-1.25,-1.605,76.97333,"November 22, 17",-0.01605
0,2017-11-21,76.89,77.49,76.54,77.24,77.24,1908100.0,1908100.0,0.35,0.455,77.09,"November 21, 17",0.00455
0,2017-11-20,75.0,76.58,75.0,76.53,76.53,1397500.0,1397500.0,1.53,2.04,76.03667,"November 20, 17",0.0204
0,2017-11-17,73.84,74.9,73.7,74.67,74.67,1201400.0,1201400.0,0.83,1.124,74.42333,"November 17, 17",0.01124
0,2017-11-16,72.74,74.26,72.55,74.19,74.19,1205400.0,1205400.0,1.45,1.993,73.66667,"November 16, 17",0.01993
0,2017-11-15,73.09,73.27,71.63,71.87,71.87,2163600.0,2163600.0,-1.22,-1.669,72.25667,"November 15, 17",-0.01669
0,2017-11-14,72.41,73.35,71.99,73.22,73.22,1221400.0,1221400.0,0.81,1.119,72.85333,"November 14, 17",0.01119
0,2017-11-13,72.27,72.66,71.36,72.48,72.48,888000.0,888000.0,0.21,0.291,72.16667,"November 13, 17",0.00291
0,2017-11-10,71.15,72.26,71.06,72.1,72.1,1392100.0,1392100.0,0.95,1.335,71.80667,"November 10, 17",0.01335
0,2017-11-09,72.58,73.43,70.32,71.06,71.06,2198700.0,2198700.0,-1.52,-2.094,71.60333,"November 09, 17",-0.02094
0,2017-11-08,73.28,73.74,72.35,73.55,73.55,3074200.0,3074200.0,0.27,0.368,73.21333,"November 08, 17",0.00368
0,2017-11-07,73.93,74.87,73.33,73.58,73.58,1479300.0,1479300.0,-0.35,-0.473,73.92667,"November 07, 17",-0.00473
0,2017-11-06,73.92,74.41,72.67,73.83,73.83,1225200.0,1225200.0,-0.09,-0.122,73.63667,"November 06, 17",-0.00122
0,2017-11-03,72.3,73.88,72.05,73.25,73.25,1632100.0,1632100.0,0.95,1.314,73.06,"November 03, 17",0.01314
0,2017-11-02,69.5,72.46,68.58,71.56,71.56,2654300.0,2654300.0,2.06,2.964,70.86667,"November 02, 17",0.02964
0,2017-11-01,70.13,70.82,69.09,69.7,69.7,2229500.0,2229500.0,-0.43,-0.613,69.87,"November 01, 17",-0.00613
0,2017-10-31,68.6,69.8,68.3,69.35,69.35,1349300.0,1349300.0,0.75,1.093,69.15,"October 31, 17",0.01093
0,2017-10-30,69.59,69.77,68.28,69.05,69.05,1189500.0,1189500.0,-0.54,-0.776,69.03333,"October 30, 17",-0.00776
0,2017-10-27,69.23,69.62,68.37,69.59,69.59,978300.0,978300.0,0.36,0.52,69.19333,"October 27, 17",0.0052
0,2017-10-26,68.43,70.33,68.2,69.14,69.14,1450400.0,1450400.0,0.71,1.038,69.22333,"October 26, 17",0.01038
0,2017-10-25,68.13,68.7,67.71,68.16,68.16,1791300.0,1791300.0,0.03,0.044,68.19,"October 25, 17",0.00044
0,2017-10-24,67.84,68.92,67.6,68.44,68.44,1096500.0,1096500.0,0.6,0.884,68.32,"October 24, 17",0.00884
0,2017-10-23,67.83,68.19,67.43,67.69,67.69,1103700.0,1103700.0,-0.14,-0.206,67.77,"October 23, 17",-0.00206
0,2017-10-20,66.19,67.8,66.15,67.61,67.61,1316500.0,1316500.0,1.42,2.145,67.18667,"October 20, 17",0.02145
0,2017-10-19,64.14,65.93,63.28,65.75,65.75,1486200.0,1486200.0,1.61,2.51,64.98667,"October 19, 17",0.0251
0,2017-10-18,64.66,64.92,64.12,64.76,64.76,1445800.0,1445800.0,0.1,0.155,64.6,"October 18, 17",0.00155
0,2017-10-17,66.67,66.73,64.58,64.64,64.64,1178600.0,1178600.0,-2.03,-3.045,65.31667,"October 17, 17",-0.03045
0,2017-10-16,67.69,67.77,66.3,66.74,66.74,961000.0,961000.0,-0.95,-1.403,66.93667,"October 16, 17",-0.01403
0,2017-10-13,68.31,68.38,67.02,67.2,67.2,984600.0,984600.0,-1.11,-1.625,67.53333,"October 13, 17",-0.01625
0,2017-10-12,68.0,68.5,67.25,68.12,68.12,1057100.0,1057100.0,0.12,0.176,67.95667,"October 12, 17",0.00176
0,2017-10-11,67.97,68.96,67.66,68.27,68.27,1570800.0,1570800.0,0.3,0.441,68.29667,"October 11, 17",0.00441
0,2017-10-10,67.47,68.29,67.09,67.84,67.84,1205800.0,1205800.0,0.37,0.548,67.74,"October 10, 17",0.00548
0,2017-10-09,67.26,67.59,66.72,67.2,67.2,1311100.0,1311100.0,-0.06,-0.089,67.17,"October 09, 17",-0.00089
0,2017-10-06,65.81,67.03,65.66,66.99,66.99,1119500.0,1119500.0,1.18,1.793,66.56,"October 06, 17",0.01793
0,2017-10-05,66.18,66.62,65.02,66.22,66.22,2670000.0,2670000.0,0.04,0.06,65.95333,"October 05, 17",0.0006
0,2017-10-04,67.26,67.45,66.44,66.91,66.91,1851000.0,1851000.0,-0.35,-0.52,66.93333,"October 04, 17",-0.0052
0,2017-10-03,67.26,67.64,66.84,67.3,67.3,1061600.0,1061600.0,0.04,0.059,67.26,"October 03, 17",0.00059
0,2017-10-02,67.6,67.87,65.82,67.21,67.21,1455300.0,1455300.0,-0.39,-0.577,66.96667,"October 02, 17",-0.00577
0,2017-09-29,66.66,68.15,66.63,67.78,67.78,2190600.0,2190600.0,1.12,1.68,67.52,"September 29, 17",0.0168
0,2017-09-28,64.57,66.65,64.37,66.26,66.26,2235200.0,2235200.0,1.69,2.617,65.76,"September 28, 17",0.02617
0,2017-09-27,64.07,65.12,63.75,64.79,64.79,1110600.0,1110600.0,0.72,1.124,64.55333,"September 27, 17",0.01124
0,2017-09-26,62.98,63.95,62.5,63.74,63.74,939100.0,939100.0,0.76,1.207,63.39667,"September 26, 17",0.01207
0,2017-09-25,63.99,63.99,62.23,62.77,62.77,1659100.0,1659100.0,-1.22,-1.907,62.99667,"September 25, 17",-0.01907
0,2017-09-22,63.76,64.35,63.24,64.09,64.09,934000.0,934000.0,0.33,0.518,63.89333,"September 22, 17",0.00518
0,2017-09-21,63.25,64.68,63.25,64.0,64.0,1467300.0,1467300.0,0.75,1.186,63.97667,"September 21, 17",0.01186
0,2017-09-20,61.5,63.64,61.5,63.17,63.17,1921800.0,1921800.0,1.67,2.715,62.77,"September 20, 17",0.02715
0,2017-09-19,61.64,61.99,61.1,61.54,61.54,879200.0,879200.0,-0.1,-0.162,61.54333,"September 19, 17",-0.00162
0,2017-09-18,61.05,62.01,60.72,61.34,61.34,2266500.0,2266500.0,0.29,0.475,61.35667,"September 18, 17",0.00475
0,2017-09-15,60.15,61.01,59.3,60.83,60.83,2186000.0,2186000.0,0.68,1.131,60.38,"September 15, 17",0.01131
0,2017-09-14,61.05,61.2,60.11,60.42,60.42,1246600.0,1246600.0,-0.63,-1.032,60.57667,"September 14, 17",-0.01032
0,2017-09-13,61.93,62.38,60.49,61.05,61.05,1704100.0,1704100.0,-0.88,-1.421,61.30667,"September 13, 17",-0.01421
0,2017-09-12,61.85,62.84,61.77,62.55,62.55,1062300.0,1062300.0,0.7,1.132,62.38667,"September 12, 17",0.01132
0,2017-09-11,61.89,62.42,61.49,61.77,61.77,1234500.0,1234500.0,-0.12,-0.194,61.89333,"September 11, 17",-0.00194
0,2017-09-08,59.78,61.47,59.78,61.27,61.27,1106800.0,1106800.0,1.49,2.492,60.84,"September 08, 17",0.02492
0,2017-09-07,60.98,61.19,59.39,60.04,60.04,1310300.0,1310300.0,-0.94,-1.541,60.20667,"September 07, 17",-0.01541
0,2017-09-06,62.1,62.2,60.55,60.59,60.59,1365600.0,1365600.0,-1.51,-2.432,61.11333,"September 06, 17",-0.02432
0,2017-09-05,61.69,62.17,61.08,61.92,61.92,1419700.0,1419700.0,0.23,0.373,61.72333,"September 05, 17",0.00373
0,2017-09-01,61.49,62.08,61.17,61.93,61.93,993200.0,993200.0,0.44,0.716,61.72667,"September 01, 17",0.00716
0,2017-08-31,61.74,61.82,60.39,61.2,61.2,1648600.0,1648600.0,-0.54,-0.875,61.13667,"August 31, 17",-0.00875
0,2017-08-30,59.91,61.54,59.85,61.42,61.42,1733400.0,1733400.0,1.51,2.52,60.93667,"August 30, 17",0.0252
0,2017-08-29,58.08,59.78,57.5,59.76,59.76,1219900.0,1219900.0,1.68,2.893,59.01333,"August 29, 17",0.02893
0,2017-08-28,58.63,59.06,58.09,58.71,58.71,939600.0,939600.0,0.08,0.136,58.62,"August 28, 17",0.00136
0,2017-08-25,57.12,58.7,56.95,58.46,58.46,1169700.0,1169700.0,1.34,2.346,58.03667,"August 25, 17",0.02346
0,2017-08-24,57.6,57.83,56.42,56.75,56.75,992200.0,992200.0,-0.85,-1.476,57.0,"August 24, 17",-0.01476
0,2017-08-23,57.2,57.77,56.61,57.49,57.49,1525300.0,1525300.0,0.29,0.507,57.29,"August 23, 17",0.00507
0,2017-08-22,55.9,57.87,55.9,57.76,57.76,1512500.0,1512500.0,1.86,3.327,57.17667,"August 22, 17",0.03327
0,2017-08-21,55.45,55.95,55.23,55.54,55.54,1017900.0,1017900.0,0.09,0.162,55.57333,"August 21, 17",0.00162
0,2017-08-18,55.28,55.77,54.71,55.45,55.45,1266500.0,1266500.0,0.17,0.308,55.31,"August 18, 17",0.00308
0,2017-08-17,55.96,56.6,55.26,55.32,55.32,1379600.0,1379600.0,-0.64,-1.144,55.72667,"August 17, 17",-0.01144
0,2017-08-16,56.75,56.98,55.88,55.93,55.93,1513900.0,1513900.0,-0.82,-1.445,56.26333,"August 16, 17",-0.01445
0,2017-08-15,57.37,57.39,56.44,56.58,56.58,1076200.0,1076200.0,-0.79,-1.377,56.80333,"August 15, 17",-0.01377
0,2017-08-14,56.28,57.54,55.98,57.39,57.39,2835000.0,2835000.0,1.11,1.972,56.97,"August 14, 17",0.01972
0,2017-08-11,54.5,56.03,54.34,55.63,55.63,1712800.0,1712800.0,1.13,2.073,55.33333,"August 11, 17",0.02073
0,2017-08-10,57.09,57.62,54.93,54.99,54.99,2222900.0,2222900.0,-2.1,-3.678,55.84667,"August 10, 17",-0.03678
0,2017-08-09,57.13,57.7,56.7,57.39,57.39,1805400.0,1805400.0,0.26,0.455,57.26333,"August 09, 17",0.00455
0,2017-08-08,58.11,58.32,57.38,57.68,57.68,1443700.0,1443700.0,-0.43,-0.74,57.79333,"August 08, 17",-0.0074
0,2017-08-07,57.9,58.31,57.67,58.03,58.03,1961300.0,1961300.0,0.13,0.225,58.00333,"August 07, 17",0.00225
0,2017-08-04,58.26,58.94,57.49,57.69,57.69,2239300.0,2239300.0,-0.57,-0.978,58.04,"August 04, 17",-0.00978
0,2017-08-03,59.0,60.85,57.87,58.13,58.13,2601700.0,2601700.0,-0.87,-1.475,58.95,"August 03, 17",-0.01475
0,2017-08-02,58.84,59.19,57.82,58.96,58.96,2065100.0,2065100.0,0.12,0.204,58.65667,"August 02, 17",0.00204
0,2017-08-01,60.19,60.29,58.5,58.87,58.87,1700800.0,1700800.0,-1.32,-2.193,59.22,"August 01, 17",-0.02193
0,2017-07-31,60.43,60.69,59.49,60.11,60.11,1185800.0,1185800.0,-0.32,-0.53,60.09667,"July 31, 17",-0.0053
0,2017-07-28,59.19,60.15,59.14,60.09,60.09,2054000.0,2054000.0,0.9,1.521,59.79333,"July 28, 17",0.01521
0,2017-07-27,61.63,61.79,58.51,59.29,59.29,2442500.0,2442500.0,-2.34,-3.797,59.86333,"July 27, 17",-0.03797
0,2017-07-26,61.79,62.22,61.2,61.62,61.62,1559000.0,1559000.0,-0.17,-0.275,61.68,"July 26, 17",-0.00275
0,2017-07-25,61.24,61.9,60.69,61.58,61.58,2258400.0,2258400.0,0.34,0.555,61.39,"July 25, 17",0.00555
0,2017-07-24,60.51,61.28,60.33,60.75,60.75,1422300.0,1422300.0,0.24,0.397,60.78667,"July 24, 17",0.00397
0,2017-07-21,60.28,61.09,59.56,60.67,60.67,1971200.0,1971200.0,0.39,0.647,60.44,"July 21, 17",0.00647
0,2017-07-20,61.02,61.49,60.44,60.5,60.5,8744000.0,8744000.0,-0.52,-0.852,60.81,"July 20, 17",-0.00852
0,2017-07-19,61.32,61.73,60.17,60.51,60.51,2426700.0,2426700.0,-0.81,-1.321,60.80333,"July 19, 17",-0.01321
0,2017-07-18,60.4,61.27,59.94,61.22,61.22,1745000.0,1745000.0,0.82,1.358,60.81,"July 18, 17",0.01358
0,2017-07-17,62.5,62.69,59.07,60.46,60.46,4541000.0,4541000.0,-2.04,-3.264,60.74,"July 17, 17",-0.03264
0,2017-07-14,62.96,64.09,62.96,63.84,63.84,950100.0,950100.0,0.88,1.398,63.63,"July 14, 17",0.01398
0,2017-07-13,63.17,63.53,62.51,62.96,62.96,3210800.0,3210800.0,-0.21,-0.332,63.0,"July 13, 17",-0.00332
0,2017-07-12,63.59,63.97,62.92,63.06,63.06,1231600.0,1231600.0,-0.53,-0.833,63.31667,"July 12, 17",-0.00833
0,2017-07-11,62.82,64.0,62.59,63.02,63.02,3250900.0,3250900.0,0.2,0.318,63.20333,"July 11, 17",0.00318
0,2017-07-10,63.45,63.93,62.18,62.26,62.26,1919100.0,1919100.0,-1.19,-1.875,62.79,"July 10, 17",-0.01875
0,2017-07-07,63.73,63.89,62.99,63.76,63.76,1454400.0,1454400.0,0.03,0.047,63.54667,"July 07, 17",0.00047
0,2017-07-06,63.39,64.09,62.64,63.38,63.38,2502500.0,2502500.0,-0.01,-0.016,63.37,"July 06, 17",-0.00016
0,2017-07-05,64.85,65.14,63.91,64.07,64.07,1781800.0,1781800.0,-0.78,-1.203,64.37333,"July 05, 17",-0.01203
0,2017-07-03,64.83,65.1,64.07,64.71,64.71,948300.0,948300.0,-0.12,-0.185,64.62667,"July 03, 17",-0.00185
0,2017-06-30,65.08,65.28,64.27,64.63,64.63,1098600.0,1098600.0,-0.45,-0.691,64.72667,"June 30, 17",-0.00691
0,2017-06-29,64.59,65.44,63.9,64.76,64.76,1601400.0,1601400.0,0.17,0.263,64.7,"June 29, 17",0.00263
0,2017-06-28,62.19,64.82,62.0,64.34,64.34,2602200.0,2602200.0,2.15,3.457,63.72,"June 28, 17",0.03457
0,2017-06-27,61.24,61.94,60.82,60.84,60.84,1217400.0,1217400.0,-0.4,-0.653,61.2,"June 27, 17",-0.00653
0,2017-06-26,62.58,62.85,60.89,61.16,61.16,1666800.0,1666800.0,-1.42,-2.269,61.63333,"June 26, 17",-0.02269
0,2017-06-23,61.67,63.16,61.29,62.08,62.08,11215800.0,11215800.0,0.41,0.665,62.17667,"June 23, 17",0.00665
0,2017-06-22,62.99,63.0,61.23,61.41,61.41,1808700.0,1808700.0,-1.58,-2.508,61.88,"June 22, 17",-0.02508
0,2017-06-21,62.14,63.1,61.69,62.95,62.95,1262400.0,1262400.0,0.81,1.304,62.58,"June 21, 17",0.01304
0,2017-06-20,62.95,63.3,62.06,62.34,62.34,1252500.0,1252500.0,-0.61,-0.969,62.56667,"June 20, 17",-0.00969
0,2017-06-19,62.0,63.25,61.74,63.02,63.02,1640900.0,1640900.0,1.02,1.645,62.67,"June 19, 17",0.01645
0,2017-06-16,60.54,61.75,60.42,61.52,61.52,1469500.0,1469500.0,0.98,1.619,61.23,"June 16, 17",0.01619
0,2017-06-15,60.27,61.08,59.91,61.07,61.07,1017600.0,1017600.0,0.8,1.327,60.68667,"June 15, 17",0.01327
0,2017-06-14,61.5,61.84,60.62,61.11,61.11,1706400.0,1706400.0,-0.39,-0.634,61.19,"June 14, 17",-0.00634
0,2017-06-13,59.7,61.31,59.09,61.3,61.3,2881200.0,2881200.0,1.6,2.68,60.56667,"June 13, 17",0.0268
0,2017-06-12,59.49,60.57,58.78,59.49,59.49,1820000.0,1820000.0,0.0,0.0,59.61333,"June 12, 17",0.0
0,2017-06-09,59.61,60.23,58.1,59.21,59.21,1832200.0,1832200.0,-0.4,-0.671,59.18,"June 09, 17",-0.00671
0,2017-06-08,60.23,60.52,59.3,59.42,59.42,1597600.0,1597600.0,-0.81,-1.345,59.74667,"June 08, 17",-0.01345
0,2017-06-07,59.0,60.32,58.43,59.99,59.99,2391200.0,2391200.0,0.99,1.678,59.58,"June 07, 17",0.01678
0,2017-06-06,57.25,59.18,56.7,58.9,58.9,1584800.0,1584800.0,1.65,2.882,58.26,"June 06, 17",0.02882
0,2017-06-05,54.8,58.4,54.76,57.77,57.77,3466100.0,3466100.0,2.97,5.42,56.97667,"June 05, 17",0.0542
0,2017-06-02,54.05,55.0,53.72,54.45,54.45,1810700.0,1810700.0,0.4,0.74,54.39,"June 02, 17",0.0074
0,2017-06-01,53.0,54.14,52.61,53.84,53.84,1478600.0,1478600.0,0.84,1.585,53.53,"June 01, 17",0.01585
0,2017-05-31,53.26,53.31,51.86,52.6,52.6,891600.0,891600.0,-0.66,-1.239,52.59,"May 31, 17",-0.01239
0,2017-05-30,52.88,53.44,52.45,52.81,52.81,630000.0,630000.0,-0.07,-0.132,52.9,"May 30, 17",-0.00132
0,2017-05-26,53.33,53.55,52.61,52.87,52.87,835600.0,835600.0,-0.46,-0.863,53.01,"May 26, 17",-0.00863
0,2017-05-25,53.56,54.03,52.91,53.66,53.66,1192900.0,1192900.0,0.1,0.187,53.53333,"May 25, 17",0.00187
0,2017-05-24,53.42,53.67,52.92,53.16,53.16,734900.0,734900.0,-0.26,-0.487,53.25,"May 24, 17",-0.00487
0,2017-05-23,53.56,53.68,52.71,53.09,53.09,935500.0,935500.0,-0.47,-0.878,53.16,"May 23, 17",-0.00878
0,2017-05-22,53.28,53.45,52.74,53.34,53.34,847600.0,847600.0,0.06,0.113,53.17667,"May 22, 17",0.00113
0,2017-05-19,52.83,53.53,52.63,52.79,52.79,1229700.0,1229700.0,-0.04,-0.076,52.98333,"May 19, 17",-0.00076
0,2017-05-18,52.07,53.04,51.82,52.59,52.59,1234400.0,1234400.0,0.52,0.999,52.48333,"May 18, 17",0.00999
0,2017-05-17,53.45,53.49,51.69,52.24,52.24,1308400.0,1308400.0,-1.21,-2.264,52.47333,"May 17, 17",-0.02264
0,2017-05-16,54.5,54.79,53.92,54.54,54.54,1072400.0,1072400.0,0.04,0.073,54.41667,"May 16, 17",0.00073
0,2017-05-15,53.91,54.74,53.82,54.44,54.44,894600.0,894600.0,0.53,0.983,54.33333,"May 15, 17",0.00983
0,2017-05-12,55.06,55.2,53.73,53.79,53.79,1138600.0,1138600.0,-1.27,-2.307,54.24,"May 12, 17",-0.02307
0,2017-05-11,54.31,54.82,53.01,54.69,54.69,1193400.0,1193400.0,0.38,0.7,54.17333,"May 11, 17",0.007
0,2017-05-10,55.32,55.66,54.38,54.57,54.57,1719300.0,1719300.0,-0.75,-1.356,54.87,"May 10, 17",-0.01356
0,2017-05-09,54.11,55.31,53.86,55.3,55.3,1559300.0,1559300.0,1.19,2.199,54.82333,"May 09, 17",0.02199
0,2017-05-08,54.53,54.7,53.54,54.05,54.05,1624800.0,1624800.0,-0.48,-0.88,54.09667,"May 08, 17",-0.0088
0,2017-05-05,52.71,54.53,52.62,54.52,54.52,3111800.0,3111800.0,1.81,3.434,53.89,"May 05, 17",0.03434
0,2017-05-04,50.31,52.83,50.31,52.65,52.65,3653300.0,3653300.0,2.34,4.651,51.93,"May 04, 17",0.04651
0,2017-05-03,49.86,50.18,48.68,48.77,48.77,2179800.0,2179800.0,-1.09,-2.186,49.21,"May 03, 17",-0.02186
0,2017-05-02,50.3,50.41,49.38,50.17,50.17,1137800.0,1137800.0,-0.13,-0.258,49.98667,"May 02, 17",-0.00258
0,2017-05-01,49.59,50.36,49.34,50.25,50.25,1347600.0,1347600.0,0.66,1.331,49.98333,"May 01, 17",0.01331
0,2017-04-28,50.56,50.56,49.38,49.39,49.39,808600.0,808600.0,-1.17,-2.314,49.77667,"April 28, 17",-0.02314
0,2017-04-27,50.05,50.83,49.86,50.49,50.49,1233900.0,1233900.0,0.44,0.879,50.39333,"April 27, 17",0.00879
0,2017-04-26,49.9,50.33,49.38,49.91,49.91,1006500.0,1006500.0,0.01,0.02,49.87333,"April 26, 17",0.0002
0,2017-04-25,50.0,51.11,49.63,50.0,50.0,1912200.0,1912200.0,0.0,0.0,50.24667,"April 25, 17",0.0
0,2017-04-24,49.34,50.0,49.15,49.6,49.6,1283000.0,1283000.0,0.26,0.527,49.58333,"April 24, 17",0.00527
0,2017-04-21,48.29,48.91,47.76,48.41,48.41,1414700.0,1414700.0,0.12,0.248,48.36,"April 21, 17",0.00248
0,2017-04-20,46.92,48.36,46.6,48.33,48.33,1697000.0,1697000.0,1.41,3.005,47.76333,"April 20, 17",0.03005
0,2017-04-19,46.36,46.99,46.18,46.49,46.49,1437200.0,1437200.0,0.13,0.28,46.55333,"April 19, 17",0.0028
0,2017-04-18,45.37,46.06,45.06,46.02,46.02,843600.0,843600.0,0.65,1.433,45.71333,"April 18, 17",0.01433
0,2017-04-17,45.16,45.82,44.85,45.75,45.75,643900.0,643900.0,0.59,1.306,45.47333,"April 17, 17",0.01306
0,2017-04-13,45.83,46.38,44.99,44.99,44.99,1146000.0,1146000.0,-0.84,-1.833,45.45333,"April 13, 17",-0.01833
0,2017-04-12,47.2,47.2,45.87,45.95,45.95,1212900.0,1212900.0,-1.25,-2.648,46.34,"April 12, 17",-0.02648
0,2017-04-11,48.15,48.32,46.95,47.41,47.41,1040800.0,1040800.0,-0.74,-1.537,47.56,"April 11, 17",-0.01537
0,2017-04-10,47.63,48.95,47.6,48.73,48.73,1139500.0,1139500.0,1.1,2.309,48.42667,"April 10, 17",0.02309
0,2017-04-07,47.1,47.57,46.61,47.29,47.29,466000.0,466000.0,0.19,0.403,47.15667,"April 07, 17",0.00403
0,2017-04-06,46.84,47.68,46.34,47.42,47.42,951500.0,951500.0,0.58,1.238,47.14667,"April 06, 17",0.01238
0,2017-04-05,48.31,49.28,46.59,46.67,46.67,1073600.0,1073600.0,-1.64,-3.395,47.51333,"April 05, 17",-0.03395
0,2017-04-04,47.4,47.97,47.34,47.91,47.91,544300.0,544300.0,0.51,1.076,47.74,"April 04, 17",0.01076
0,2017-04-03,47.91,48.43,47.3,47.61,47.61,1132500.0,1132500.0,-0.3,-0.626,47.78,"April 03, 17",-0.00626
0,2017-03-31,47.31,48.21,47.21,47.89,47.89,918300.0,918300.0,0.58,1.226,47.77,"March 31, 17",0.01226
0,2017-03-30,47.16,47.84,47.1,47.43,47.43,579000.0,579000.0,0.27,0.573,47.45667,"March 30, 17",0.00573
0,2017-03-29,47.23,47.37,46.8,47.19,47.19,705700.0,705700.0,-0.04,-0.085,47.12,"March 29, 17",-0.00085
0,2017-03-28,46.02,47.86,46.02,47.48,47.48,712300.0,712300.0,1.46,3.173,47.12,"March 28, 17",0.03173
0,2017-03-27,45.14,46.3,44.51,46.15,46.15,1124900.0,1124900.0,1.01,2.237,45.65333,"March 27, 17",0.02237
0,2017-03-24,46.87,47.28,45.75,46.14,46.14,882800.0,882800.0,-0.73,-1.557,46.39,"March 24, 17",-0.01557
0,2017-03-23,47.5,47.91,46.68,46.76,46.76,886500.0,886500.0,-0.74,-1.558,47.11667,"March 23, 17",-0.01558
0,2017-03-22,46.32,47.51,45.68,47.38,47.38,1007300.0,1007300.0,1.06,2.288,46.85667,"March 22, 17",0.02288
0,2017-03-21,49.16,49.47,46.37,46.41,46.41,1354800.0,1354800.0,-2.75,-5.594,47.41667,"March 21, 17",-0.05594
0,2017-03-20,49.43,49.67,48.55,48.92,48.92,836300.0,836300.0,-0.51,-1.032,49.04667,"March 20, 17",-0.01032
0,2017-03-17,50.15,50.68,49.25,49.45,49.45,1109300.0,1109300.0,-0.7,-1.396,49.79333,"March 17, 17",-0.01396
0,2017-03-16,50.39,51.07,50.09,50.15,50.15,881800.0,881800.0,-0.24,-0.476,50.43667,"March 16, 17",-0.00476
0,2017-03-15,49.65,50.51,49.59,50.33,50.33,1015000.0,1015000.0,0.68,1.37,50.14333,"March 15, 17",0.0137
0,2017-03-14,50.0,50.24,48.79,49.36,49.36,959700.0,959700.0,-0.64,-1.28,49.46333,"March 14, 17",-0.0128
0,2017-03-13,50.05,50.79,49.92,50.34,50.34,642500.0,642500.0,0.29,0.579,50.35,"March 13, 17",0.00579
0,2017-03-10,49.86,50.3,49.12,50.05,50.05,928600.0,928600.0,0.19,0.381,49.82333,"March 10, 17",0.00381
0,2017-03-09,49.95,50.69,49.01,49.35,49.35,1156200.0,1156200.0,-0.6,-1.201,49.68333,"March 09, 17",-0.01201
0,2017-03-08,50.92,51.02,49.97,50.04,50.04,681500.0,681500.0,-0.88,-1.728,50.34333,"March 08, 17",-0.01728
0,2017-03-07,51.43,51.86,50.55,50.69,50.69,894300.0,894300.0,-0.74,-1.439,51.03333,"March 07, 17",-0.01439
0,2017-03-06,51.42,52.25,51.39,51.81,51.81,1238500.0,1238500.0,0.39,0.758,51.81667,"March 06, 17",0.00758
0,2017-03-03,51.35,52.3,50.94,52.11,52.11,1697500.0,1697500.0,0.76,1.48,51.78333,"March 03, 17",0.0148
0,2017-03-02,52.28,52.49,51.15,51.19,51.19,1207400.0,1207400.0,-1.09,-2.085,51.61,"March 02, 17",-0.02085
0,2017-03-01,51.95,52.92,51.8,52.54,52.54,2176100.0,2176100.0,0.59,1.136,52.42,"March 01, 17",0.01136
0,2017-02-28,51.18,51.51,50.69,50.99,50.99,1862900.0,1862900.0,-0.19,-0.371,51.06333,"February 28, 17",-0.00371
0,2017-02-27,50.5,51.53,49.69,51.52,51.52,1848300.0,1848300.0,1.02,2.02,50.91333,"February 27, 17",0.0202
0,2017-02-24,49.0,50.41,48.83,50.4,50.4,1421200.0,1421200.0,1.4,2.857,49.88,"February 24, 17",0.02857
0,2017-02-23,49.88,51.39,49.11,49.9,49.9,2387500.0,2387500.0,0.02,0.04,50.13333,"February 23, 17",0.0004
0,2017-02-22,52.8,54.7,48.98,49.02,49.02,5134900.0,5134900.0,-3.78,-7.159,50.9,"February 22, 17",-0.07159
0,2017-02-21,49.61,49.92,48.14,48.38,48.38,2022200.0,2022200.0,-1.23,-2.479,48.81333,"February 21, 17",-0.02479
0,2017-02-17,49.54,49.85,49.11,49.22,49.22,1990200.0,1990200.0,-0.32,-0.646,49.39333,"February 17, 17",-0.00646
0,2017-02-16,50.47,50.61,48.85,49.58,49.58,1375100.0,1375100.0,-0.89,-1.763,49.68,"February 16, 17",-0.01763
0,2017-02-15,49.0,51.35,48.64,50.49,50.49,2168800.0,2168800.0,1.49,3.041,50.16,"February 15, 17",0.03041
0,2017-02-14,48.22,49.79,48.15,49.06,49.06,1956900.0,1956900.0,0.84,1.742,49.0,"February 14, 17",0.01742
0,2017-02-13,47.68,48.34,47.3,47.81,47.81,1013700.0,1013700.0,0.13,0.273,47.81667,"February 13, 17",0.00273
0,2017-02-10,46.02,47.77,45.38,47.0,47.0,1121200.0,1121200.0,0.98,2.13,46.71667,"February 10, 17",0.0213
0,2017-02-09,44.69,45.83,44.69,45.43,45.43,581400.0,581400.0,0.74,1.656,45.31667,"February 09, 17",0.01656
0,2017-02-08,44.98,45.17,43.39,44.6,44.6,751300.0,751300.0,-0.38,-0.845,44.38667,"February 08, 17",-0.00845
0,2017-02-07,46.32,46.66,44.72,45.07,45.07,929000.0,929000.0,-1.25,-2.699,45.48333,"February 07, 17",-0.02699
0,2017-02-06,45.92,46.46,45.45,45.89,45.89,747000.0,747000.0,-0.03,-0.065,45.93333,"February 06, 17",-0.00065
0,2017-02-03,45.55,46.35,45.37,46.33,46.33,636100.0,636100.0,0.78,1.712,46.01667,"February 03, 17",0.01712
0,2017-02-02,44.8,45.56,44.23,45.12,45.12,695900.0,695900.0,0.32,0.714,44.97,"February 02, 17",0.00714
0,2017-02-01,45.15,45.74,44.46,45.23,45.23,719900.0,719900.0,0.08,0.177,45.14333,"February 01, 17",0.00177
0,2017-01-31,45.0,45.19,43.65,44.74,44.74,848200.0,848200.0,-0.26,-0.578,44.52667,"January 31, 17",-0.00578
0,2017-01-30,45.93,45.93,44.29,45.38,45.38,835400.0,835400.0,-0.55,-1.197,45.2,"January 30, 17",-0.01197
0,2017-01-27,46.23,46.53,45.45,46.32,46.32,596600.0,596600.0,0.09,0.195,46.1,"January 27, 17",0.00195
0,2017-01-26,45.72,46.44,45.72,46.06,46.06,1081700.0,1081700.0,0.34,0.744,46.07333,"January 26, 17",0.00744
0,2017-01-25,44.66,46.66,44.62,46.61,46.61,1511000.0,1511000.0,1.95,4.366,45.96333,"January 25, 17",0.04366
0,2017-01-24,42.96,44.62,42.67,44.54,44.54,851100.0,851100.0,1.58,3.678,43.94333,"January 24, 17",0.03678
0,2017-01-23,43.0,43.65,42.07,42.71,42.71,620300.0,620300.0,-0.29,-0.674,42.81,"January 23, 17",-0.00674
0,2017-01-20,43.21,43.83,42.97,43.19,43.19,834700.0,834700.0,-0.02,-0.046,43.33,"January 20, 17",-0.00046
0,2017-01-19,44.32,44.97,43.0,43.22,43.22,1030200.0,1030200.0,-1.1,-2.482,43.73,"January 19, 17",-0.02482
0,2017-01-18,43.93,44.31,43.54,44.27,44.27,621700.0,621700.0,0.34,0.774,44.04,"January 18, 17",0.00774
0,2017-01-17,45.05,45.24,43.74,43.88,43.88,1136600.0,1136600.0,-1.17,-2.597,44.28667,"January 17, 17",-0.02597
0,2017-01-13,44.25,45.11,43.93,45.07,45.07,1244900.0,1244900.0,0.82,1.853,44.70333,"January 13, 17",0.01853
0,2017-01-12,44.0,44.25,43.31,44.15,44.15,770200.0,770200.0,0.15,0.341,43.90333,"January 12, 17",0.00341
0,2017-01-11,43.65,44.07,43.42,43.92,43.92,941300.0,941300.0,0.27,0.619,43.80333,"January 11, 17",0.00619
0,2017-01-10,43.28,43.76,42.75,43.65,43.65,1455200.0,1455200.0,0.37,0.855,43.38667,"January 10, 17",0.00855
0,2017-01-09,43.31,44.02,42.95,43.29,43.29,841900.0,841900.0,-0.02,-0.046,43.42,"January 09, 17",-0.00046
0,2017-01-06,44.07,44.54,43.45,43.68,43.68,640000.0,640000.0,-0.39,-0.885,43.89,"January 06, 17",-0.00885
0,2017-01-05,45.06,45.3,43.6,43.71,43.71,898600.0,898600.0,-1.35,-2.996,44.20333,"January 05, 17",-0.02996
0,2017-01-04,44.77,45.34,44.15,45.14,45.14,1420600.0,1420600.0,0.37,0.826,44.87667,"January 04, 17",0.00826
0,2017-01-03,43.75,44.83,42.95,43.7,43.7,998900.0,998900.0,-0.05,-0.114,43.82667,"January 03, 17",-0.00114
0,2016-12-30,43.8,43.8,42.91,43.16,43.16,663000.0,663000.0,-0.64,-1.461,43.29,"December 30, 16",-0.01461
0,2016-12-29,43.58,43.88,43.12,43.48,43.48,824400.0,824400.0,-0.1,-0.229,43.49333,"December 29, 16",-0.00229
0,2016-12-28,44.36,44.36,43.12,43.51,43.51,564600.0,564600.0,-0.85,-1.916,43.66333,"December 28, 16",-0.01916
0,2016-12-27,43.82,44.81,43.82,44.07,44.07,407800.0,407800.0,0.25,0.571,44.23333,"December 27, 16",0.00571
0,2016-12-23,43.76,44.16,43.65,43.99,43.99,423100.0,423100.0,0.23,0.526,43.93333,"December 23, 16",0.00526
0,2016-12-22,44.58,44.94,43.8,43.86,43.86,639400.0,639400.0,-0.72,-1.615,44.2,"December 22, 16",-0.01615
0,2016-12-21,44.53,44.98,44.2,44.46,44.46,954600.0,954600.0,-0.07,-0.157,44.54667,"December 21, 16",-0.00157
0,2016-12-20,44.5,45.43,44.39,44.92,44.92,1393800.0,1393800.0,0.42,0.944,44.91333,"December 20, 16",0.00944
0,2016-12-19,44.75,45.5,43.32,43.94,43.94,2111000.0,2111000.0,-0.81,-1.81,44.25333,"December 19, 16",-0.0181
0,2016-12-16,47.65,47.68,44.66,45.41,45.41,3256500.0,3256500.0,-2.24,-4.701,45.91667,"December 16, 16",-0.04701
0,2016-12-15,47.85,49.24,47.52,47.65,47.65,2004500.0,2004500.0,-0.2,-0.418,48.13667,"December 15, 16",-0.00418
0,2016-12-14,47.42,48.69,47.14,47.89,47.89,1346500.0,1346500.0,0.47,0.991,47.90667,"December 14, 16",0.00991
0,2016-12-13,47.72,47.95,46.21,47.59,47.59,1015800.0,1015800.0,-0.13,-0.272,47.25,"December 13, 16",-0.00272
0,2016-12-12,48.41,48.63,46.5,47.06,47.06,1302300.0,1302300.0,-1.35,-2.789,47.39667,"December 12, 16",-0.02789
0,2016-12-09,49.33,49.86,47.75,48.22,48.22,1646100.0,1646100.0,-1.11,-2.25,48.61,"December 09, 16",-0.0225
0,2016-12-08,48.36,49.44,47.35,49.35,49.35,1693600.0,1693600.0,0.99,2.047,48.71333,"December 08, 16",0.02047
0,2016-12-07,45.86,48.38,45.79,48.07,48.07,2172300.0,2172300.0,2.21,4.819,47.41333,"December 07, 16",0.04819
0,2016-12-06,44.84,45.94,44.4,45.78,45.78,1186100.0,1186100.0,0.94,2.096,45.37333,"December 06, 16",0.02096
0,2016-12-05,45.54,45.7,44.52,44.75,44.75,1059200.0,1059200.0,-0.79,-1.735,44.99,"December 05, 16",-0.01735
0,2016-12-02,44.85,45.19,44.56,44.96,44.96,757700.0,757700.0,0.11,0.245,44.90333,"December 02, 16",0.00245
0,2016-12-01,44.7,45.24,44.13,44.89,44.89,1358500.0,1358500.0,0.19,0.425,44.75333,"December 01, 16",0.00425
0,2016-11-30,44.87,45.45,44.4,44.53,44.53,1288800.0,1288800.0,-0.34,-0.758,44.79333,"November 30, 16",-0.00758
0,2016-11-29,44.12,44.98,43.61,44.23,44.23,1061200.0,1061200.0,0.11,0.249,44.27333,"November 29, 16",0.00249
0,2016-11-28,45.28,45.4,43.5,44.15,44.15,1431000.0,1431000.0,-1.13,-2.496,44.35,"November 28, 16",-0.02496
0,2016-11-25,45.61,45.83,44.59,45.28,45.28,807300.0,807300.0,-0.33,-0.724,45.23333,"November 25, 16",-0.00724
0,2016-11-23,42.87,45.77,42.87,45.55,45.55,2863100.0,2863100.0,2.68,6.251,44.73,"November 23, 16",0.06251
0,2016-11-22,42.65,42.8,42.05,42.56,42.56,818000.0,818000.0,-0.09,-0.211,42.47,"November 22, 16",-0.00211
0,2016-11-21,42.71,42.95,42.03,42.23,42.23,1210600.0,1210600.0,-0.48,-1.124,42.40333,"November 21, 16",-0.01124
0,2016-11-18,42.58,42.8,41.89,42.25,42.25,1404700.0,1404700.0,-0.33,-0.775,42.31333,"November 18, 16",-0.00775
0,2016-11-17,42.09,42.65,41.89,42.35,42.35,1681700.0,1681700.0,0.26,0.618,42.29667,"November 17, 16",0.00618
0,2016-11-16,41.94,42.23,41.55,42.0,42.0,1912300.0,1912300.0,0.06,0.143,41.92667,"November 16, 16",0.00143
0,2016-11-15,41.33,42.19,40.87,41.94,41.94,2183400.0,2183400.0,0.61,1.476,41.66667,"November 15, 16",0.01476
0,2016-11-14,40.8,41.99,40.74,41.31,41.31,2513100.0,2513100.0,0.51,1.25,41.34667,"November 14, 16",0.0125
0,2016-11-11,39.33,40.22,39.2,40.08,40.08,1958200.0,1958200.0,0.75,1.907,39.83333,"November 11, 16",0.01907
0,2016-11-10,37.37,40.25,37.28,39.66,39.66,3815300.0,3815300.0,2.29,6.128,39.06333,"November 10, 16",0.06128
0,2016-11-09,35.74,37.85,35.5,36.94,36.94,1909800.0,1909800.0,1.2,3.358,36.76333,"November 09, 16",0.03358
0,2016-11-08,36.75,37.1,35.79,36.79,36.79,1132800.0,1132800.0,0.04,0.109,36.56,"November 08, 16",0.00109
0,2016-11-07,35.67,36.61,35.43,36.58,36.58,2114100.0,2114100.0,0.91,2.551,36.20667,"November 07, 16",0.02551
0,2016-11-04,34.42,35.25,34.01,34.68,34.68,1596500.0,1596500.0,0.26,0.755,34.64667,"November 04, 16",0.00755
0,2016-11-03,34.9,35.95,33.9,34.68,34.68,4694800.0,4694800.0,-0.22,-0.63,34.84333,"November 03, 16",-0.0063
0,2016-11-02,33.33,33.37,31.74,32.6,32.6,3369100.0,3369100.0,-0.73,-2.19,32.57,"November 02, 16",-0.0219
0,2016-11-01,33.05,33.15,31.68,32.17,32.17,2069700.0,2069700.0,-0.88,-2.663,32.33333,"November 01, 16",-0.02663
0,2016-10-31,33.03,33.23,32.74,32.93,32.93,1248700.0,1248700.0,-0.1,-0.303,32.96667,"October 31, 16",-0.00303
0,2016-10-28,34.61,34.98,32.6,32.93,32.93,1995100.0,1995100.0,-1.68,-4.854,33.50333,"October 28, 16",-0.04854
0,2016-10-27,34.83,34.91,34.02,34.11,34.11,1088600.0,1088600.0,-0.72,-2.067,34.34667,"October 27, 16",-0.02067
0,2016-10-26,33.74,34.82,33.74,34.43,34.43,1011200.0,1011200.0,0.69,2.045,34.33,"October 26, 16",0.02045
0,2016-10-25,34.44,34.59,33.96,34.27,34.27,647100.0,647100.0,-0.17,-0.494,34.27333,"October 25, 16",-0.00494
0,2016-10-24,34.53,34.99,34.06,34.36,34.36,644800.0,644800.0,-0.17,-0.492,34.47,"October 24, 16",-0.00492
0,2016-10-21,33.96,34.82,33.82,34.16,34.16,836600.0,836600.0,0.2,0.589,34.26667,"October 21, 16",0.00589
0,2016-10-20,34.25,34.83,34.2,34.47,34.47,577000.0,577000.0,0.22,0.642,34.5,"October 20, 16",0.00642
0,2016-10-19,34.45,34.84,34.11,34.55,34.55,574500.0,574500.0,0.1,0.29,34.5,"October 19, 16",0.0029
0,2016-10-18,34.72,34.78,34.08,34.46,34.46,800700.0,800700.0,-0.26,-0.749,34.44,"October 18, 16",-0.00749
0,2016-10-17,33.93,34.36,33.31,34.01,34.01,1451700.0,1451700.0,0.08,0.236,33.89333,"October 17, 16",0.00236
0,2016-10-14,34.97,35.31,34.19,34.21,34.21,1002400.0,1002400.0,-0.76,-2.173,34.57,"October 14, 16",-0.02173
0,2016-10-13,35.65,35.98,34.56,34.82,34.82,1258200.0,1258200.0,-0.83,-2.328,35.12,"October 13, 16",-0.02328
0,2016-10-12,36.63,36.94,36.16,36.35,36.35,1284400.0,1284400.0,-0.28,-0.764,36.48333,"October 12, 16",-0.00764
0,2016-10-11,37.07,37.31,36.34,36.59,36.59,1281900.0,1281900.0,-0.48,-1.295,36.74667,"October 11, 16",-0.01295
0,2016-10-10,37.0,37.63,36.97,37.37,37.37,1164900.0,1164900.0,0.37,1.0,37.32333,"October 10, 16",0.01
0,2016-10-07,36.74,36.97,35.9,36.61,36.61,676300.0,676300.0,-0.13,-0.354,36.49333,"October 07, 16",-0.00354
0,2016-10-06,36.82,37.08,36.22,36.62,36.62,584900.0,584900.0,-0.2,-0.543,36.64,"October 06, 16",-0.00543
0,2016-10-05,36.77,37.25,36.34,37.06,37.06,1113400.0,1113400.0,0.29,0.789,36.88333,"October 05, 16",0.00789
0,2016-10-04,36.93,37.15,36.09,36.39,36.39,1071500.0,1071500.0,-0.54,-1.462,36.54333,"October 04, 16",-0.01462
0,2016-10-03,35.77,36.63,35.45,36.45,36.45,705300.0,705300.0,0.68,1.901,36.17667,"October 03, 16",0.01901
0,2016-09-30,36.52,37.06,36.21,36.67,36.67,1179500.0,1179500.0,0.15,0.411,36.64667,"September 30, 16",0.00411
0,2016-09-29,36.53,37.24,36.04,36.27,36.27,743500.0,743500.0,-0.26,-0.712,36.51667,"September 29, 16",-0.00712
0,2016-09-28,35.19,36.9,35.19,36.72,36.72,977300.0,977300.0,1.53,4.348,36.27,"September 28, 16",0.04348
0,2016-09-27,34.89,35.88,34.88,35.84,35.84,575800.0,575800.0,0.95,2.723,35.53333,"September 27, 16",0.02723
0,2016-09-26,34.93,35.84,34.93,35.09,35.09,647900.0,647900.0,0.16,0.458,35.28667,"September 26, 16",0.00458
0,2016-09-23,35.66,35.97,35.31,35.32,35.32,661200.0,661200.0,-0.34,-0.953,35.53333,"September 23, 16",-0.00953
0,2016-09-22,35.96,36.35,35.6,36.0,36.0,1251600.0,1251600.0,0.04,0.111,35.98333,"September 22, 16",0.00111
0,2016-09-21,34.56,35.76,34.31,35.7,35.7,1991600.0,1991600.0,1.14,3.299,35.25667,"September 21, 16",0.03299
0,2016-09-20,34.98,35.06,34.1,34.31,34.31,1235100.0,1235100.0,-0.67,-1.915,34.49,"September 20, 16",-0.01915
0,2016-09-19,34.99,35.49,34.37,34.82,34.82,934100.0,934100.0,-0.17,-0.486,34.89333,"September 19, 16",-0.00486
0,2016-09-16,34.0,34.75,33.82,34.52,34.52,1926500.0,1926500.0,0.52,1.529,34.36333,"September 16, 16",0.01529
0,2016-09-15,33.24,34.5,33.23,34.48,34.48,1556200.0,1556200.0,1.24,3.73,34.07,"September 15, 16",0.0373
0,2016-09-14,32.66,33.73,32.41,33.24,33.24,1319100.0,1319100.0,0.58,1.776,33.12667,"September 14, 16",0.01776
0,2016-09-13,33.29,33.34,32.15,32.78,32.78,1146400.0,1146400.0,-0.51,-1.532,32.75667,"September 13, 16",-0.01532
0,2016-09-12,32.59,34.31,32.41,33.98,33.98,1361000.0,1361000.0,1.39,4.265,33.56667,"September 12, 16",0.04265
0,2016-09-09,35.27,35.32,32.94,32.95,32.95,2280200.0,2280200.0,-2.32,-6.578,33.73667,"September 09, 16",-0.06578
0,2016-09-08,35.45,36.03,35.29,35.94,35.94,845600.0,845600.0,0.49,1.382,35.75333,"September 08, 16",0.01382
0,2016-09-07,35.38,35.7,35.35,35.51,35.51,814900.0,814900.0,0.13,0.367,35.52,"September 07, 16",0.00367
0,2016-09-06,35.94,36.0,35.37,35.53,35.53,733600.0,733600.0,-0.41,-1.141,35.63333,"September 06, 16",-0.01141
0,2016-09-02,36.18,36.42,35.6,35.78,35.78,990200.0,990200.0,-0.4,-1.106,35.93333,"September 02, 16",-0.01106
0,2016-09-01,35.91,36.38,35.02,35.93,35.93,1111200.0,1111200.0,0.02,0.056,35.77667,"September 01, 16",0.00056
0,2016-08-31,36.0,36.25,35.31,35.8,35.8,1028100.0,1028100.0,-0.2,-0.556,35.78667,"August 31, 16",-0.00556
0,2016-08-30,36.12,36.37,35.85,36.16,36.16,803300.0,803300.0,0.04,0.111,36.12667,"August 30, 16",0.00111
0,2016-08-29,36.37,36.7,35.85,36.07,36.07,1344600.0,1344600.0,-0.3,-0.825,36.20667,"August 29, 16",-0.00825
0,2016-08-26,36.04,36.69,35.84,36.11,36.11,1287000.0,1287000.0,0.07,0.194,36.21333,"August 26, 16",0.00194
0,2016-08-25,36.43,36.65,35.8,36.01,36.01,1296300.0,1296300.0,-0.42,-1.153,36.15333,"August 25, 16",-0.01153
0,2016-08-24,37.22,37.7,36.4,36.64,36.64,1207500.0,1207500.0,-0.58,-1.558,36.91333,"August 24, 16",-0.01558
0,2016-08-23,36.91,37.3,36.83,37.22,37.22,1490700.0,1490700.0,0.31,0.84,37.11667,"August 23, 16",0.0084
0,2016-08-22,36.71,36.84,36.18,36.46,36.46,1385200.0,1385200.0,-0.25,-0.681,36.49333,"August 22, 16",-0.00681
0,2016-08-19,35.83,37.09,35.7,36.87,36.87,1986700.0,1986700.0,1.04,2.903,36.55333,"August 19, 16",0.02903
0,2016-08-18,36.0,36.11,35.77,36.0,36.0,1374800.0,1374800.0,0.0,0.0,35.96,"August 18, 16",0.0
0,2016-08-17,35.85,36.06,35.54,36.0,36.0,1478200.0,1478200.0,0.15,0.418,35.86667,"August 17, 16",0.00418
0,2016-08-16,36.2,36.52,35.81,35.88,35.88,1069100.0,1069100.0,-0.32,-0.884,36.07,"August 16, 16",-0.00884
0,2016-08-15,36.46,36.92,35.89,36.37,36.37,2128300.0,2128300.0,-0.09,-0.247,36.39333,"August 15, 16",-0.00247
0,2016-08-12,36.21,36.29,35.8,36.2,36.2,1169600.0,1169600.0,-0.01,-0.028,36.09667,"August 12, 16",-0.00028
0,2016-08-11,36.27,36.79,35.95,36.4,36.4,1590900.0,1590900.0,0.13,0.358,36.38,"August 11, 16",0.00358
0,2016-08-10,37.01,37.01,35.88,35.97,35.97,1735100.0,1735100.0,-1.04,-2.81,36.28667,"August 10, 16",-0.0281
0,2016-08-09,37.22,37.25,36.31,36.79,36.79,2778800.0,2778800.0,-0.43,-1.155,36.78333,"August 09, 16",-0.01155
0,2016-08-08,36.79,37.94,36.35,37.01,37.01,2939900.0,2939900.0,0.22,0.598,37.1,"August 08, 16",0.00598
0,2016-08-05,33.68,36.94,33.65,36.79,36.79,5404800.0,5404800.0,3.11,9.234,35.79333,"August 05, 16",0.09234
0,2016-08-04,32.95,35.72,31.86,33.0,33.0,9492200.0,9492200.0,0.05,0.152,33.52667,"August 04, 16",0.00152
0,2016-08-03,28.67,29.21,28.43,28.94,28.94,1448800.0,1448800.0,0.27,0.942,28.86,"August 03, 16",0.00942
0,2016-08-02,29.49,29.63,27.93,28.69,28.69,1344700.0,1344700.0,-0.8,-2.713,28.75,"August 02, 16",-0.02713
0,2016-08-01,29.57,29.84,29.23,29.44,29.44,1651300.0,1651300.0,-0.13,-0.44,29.50333,"August 01, 16",-0.0044
0,2016-07-29,29.27,29.84,28.93,29.62,29.62,1027900.0,1027900.0,0.35,1.196,29.46333,"July 29, 16",0.01196
0,2016-07-28,29.13,29.39,28.61,29.34,29.34,781200.0,781200.0,0.21,0.721,29.11333,"July 28, 16",0.00721
0,2016-07-27,29.09,29.31,28.67,29.18,29.18,841300.0,841300.0,0.09,0.309,29.05333,"July 27, 16",0.00309
0,2016-07-26,28.36,29.33,28.14,29.08,29.08,1170500.0,1170500.0,0.72,2.539,28.85,"July 26, 16",0.02539
0,2016-07-25,28.75,28.8,28.24,28.3,28.3,793600.0,793600.0,-0.45,-1.565,28.44667,"July 25, 16",-0.01565
0,2016-07-22,28.18,28.89,28.07,28.75,28.75,916400.0,916400.0,0.57,2.023,28.57,"July 22, 16",0.02023
0,2016-07-21,27.75,28.24,27.75,28.1,28.1,1688200.0,1688200.0,0.35,1.261,28.03,"July 21, 16",0.01261
0,2016-07-20,27.21,28.39,26.97,27.75,27.75,1990200.0,1990200.0,0.54,1.985,27.70333,"July 20, 16",0.01985
0,2016-07-19,26.39,27.42,26.27,27.11,27.11,1339900.0,1339900.0,0.72,2.728,26.93333,"July 19, 16",0.02728
0,2016-07-18,25.09,26.95,24.32,26.81,26.81,2640800.0,2640800.0,1.72,6.855,26.02667,"July 18, 16",0.06855
0,2016-07-15,26.58,26.75,25.29,25.32,25.32,1494600.0,1494600.0,-1.26,-4.74,25.78667,"July 15, 16",-0.0474
0,2016-07-14,27.32,27.78,26.12,26.35,26.35,1906000.0,1906000.0,-0.97,-3.551,26.75,"July 14, 16",-0.03551
0,2016-07-13,27.67,27.94,27.0,27.32,27.32,1129000.0,1129000.0,-0.35,-1.265,27.42,"July 13, 16",-0.01265
0,2016-07-12,26.39,27.3,26.39,27.17,27.17,1288900.0,1288900.0,0.78,2.956,26.95333,"July 12, 16",0.02956
0,2016-07-11,26.19,26.42,25.93,26.1,26.1,1490300.0,1490300.0,-0.09,-0.344,26.15,"July 11, 16",-0.00344
0,2016-07-08,24.86,25.55,24.02,25.0,25.0,2081200.0,2081200.0,0.14,0.563,24.85667,"July 08, 16",0.00563
0,2016-07-07,26.42,26.42,24.4,24.43,24.43,1798400.0,1798400.0,-1.99,-7.532,25.08333,"July 07, 16",-0.07532
0,2016-07-06,25.65,25.94,24.98,25.49,25.49,1313100.0,1313100.0,-0.16,-0.624,25.47,"July 06, 16",-0.00624
0,2016-07-05,26.34,26.68,25.53,26.1,26.1,1206000.0,1206000.0,-0.24,-0.911,26.10333,"July 05, 16",-0.00911
0,2016-07-01,26.13,27.1,26.13,26.89,26.89,1196700.0,1196700.0,0.76,2.909,26.70667,"July 01, 16",0.02909
0,2016-06-30,25.51,26.26,24.94,26.26,26.26,1104200.0,1104200.0,0.75,2.94,25.82,"June 30, 16",0.0294
0,2016-06-29,25.1,26.11,24.82,25.31,25.31,1460900.0,1460900.0,0.21,0.837,25.41333,"June 29, 16",0.00837
0,2016-06-28,24.26,24.52,23.5,24.35,24.35,1287400.0,1287400.0,0.09,0.371,24.12333,"June 28, 16",0.00371
0,2016-06-27,24.13,24.13,22.23,23.3,23.3,3502300.0,3502300.0,-0.83,-3.44,23.22,"June 27, 16",-0.0344
0,2016-06-24,26.29,27.14,23.35,24.62,24.62,8780400.0,8780400.0,-1.67,-6.352,25.03667,"June 24, 16",-0.06352
0,2016-06-23,27.44,28.43,27.03,28.42,28.42,953900.0,953900.0,0.98,3.571,27.96,"June 23, 16",0.03571
0,2016-06-22,26.75,27.22,26.01,26.96,26.96,979400.0,979400.0,0.21,0.785,26.73,"June 22, 16",0.00785
0,2016-06-21,27.58,27.95,26.65,26.66,26.66,1465000.0,1465000.0,-0.92,-3.336,27.08667,"June 21, 16",-0.03336
0,2016-06-20,27.54,28.96,27.52,28.16,28.16,1179800.0,1179800.0,0.62,2.251,28.21333,"June 20, 16",0.02251
0,2016-06-17,26.81,27.28,26.68,26.98,26.98,1336500.0,1336500.0,0.17,0.634,26.98,"June 17, 16",0.00634
0,2016-06-16,27.4,27.63,26.47,26.67,26.67,1258900.0,1258900.0,-0.73,-2.664,26.92333,"June 16, 16",-0.02664
0,2016-06-15,27.3,28.73,27.3,27.54,27.54,818000.0,818000.0,0.24,0.879,27.85667,"June 15, 16",0.00879
0,2016-06-14,28.6,29.14,26.92,27.24,27.24,2493400.0,2493400.0,-1.36,-4.755,27.76667,"June 14, 16",-0.04755
0,2016-06-13,28.68,29.47,28.43,28.7,28.7,1125700.0,1125700.0,0.02,0.07,28.86667,"June 13, 16",0.0007
0,2016-06-10,29.43,29.88,28.75,28.97,28.97,1178000.0,1178000.0,-0.46,-1.563,29.2,"June 10, 16",-0.01563
0,2016-06-09,29.8,30.3,29.62,29.96,29.96,806900.0,806900.0,0.16,0.537,29.96,"June 09, 16",0.00537
0,2016-06-08,29.37,30.07,29.06,30.04,30.04,917000.0,917000.0,0.67,2.281,29.72333,"June 08, 16",0.02281
0,2016-06-07,29.14,29.7,28.7,29.35,29.35,616200.0,616200.0,0.21,0.721,29.25,"June 07, 16",0.00721
0,2016-06-06,27.86,29.38,27.84,29.23,29.23,748500.0,748500.0,1.37,4.917,28.81667,"June 06, 16",0.04917
0,2016-06-03,27.68,28.44,27.41,28.11,28.11,741600.0,741600.0,0.43,1.553,27.98667,"June 03, 16",0.01553
0,2016-06-02,28.36,28.61,27.92,28.27,28.27,753700.0,753700.0,-0.09,-0.317,28.26667,"June 02, 16",-0.00317
0,2016-06-01,29.26,29.98,27.65,28.49,28.49,1313100.0,1313100.0,-0.77,-2.632,28.70667,"June 01, 16",-0.02632
0,2016-05-31,29.43,29.94,29.11,29.26,29.26,700400.0,700400.0,-0.17,-0.578,29.43667,"May 31, 16",-0.00578
0,2016-05-27,29.12,29.76,28.86,29.36,29.36,506700.0,506700.0,0.24,0.824,29.32667,"May 27, 16",0.00824
0,2016-05-26,29.42,29.43,28.97,28.99,28.99,582700.0,582700.0,-0.43,-1.462,29.13,"May 26, 16",-0.01462
0,2016-05-25,28.16,29.39,28.11,29.22,29.22,1017200.0,1017200.0,1.06,3.764,28.90667,"May 25, 16",0.03764
0,2016-05-24,26.84,28.31,26.72,28.05,28.05,1513600.0,1513600.0,1.21,4.508,27.69333,"May 24, 16",0.04508
0,2016-05-23,26.83,27.03,26.41,26.72,26.72,1242800.0,1242800.0,-0.11,-0.41,26.72,"May 23, 16",-0.0041
0,2016-05-20,26.19,27.2,25.87,27.1,27.1,1775900.0,1775900.0,0.91,3.475,26.72333,"May 20, 16",0.03475
0,2016-05-19,25.49,26.36,25.49,25.97,25.97,1084200.0,1084200.0,0.48,1.883,25.94,"May 19, 16",0.01883
0,2016-05-18,25.75,26.36,25.4,25.8,25.8,1367100.0,1367100.0,0.05,0.194,25.85333,"May 18, 16",0.00194
0,2016-05-17,25.76,26.85,25.5,25.76,25.76,1478500.0,1478500.0,0.0,0.0,26.03667,"May 17, 16",0.0
0,2016-05-16,26.21,26.27,25.33,25.75,25.75,1289700.0,1289700.0,-0.46,-1.755,25.78333,"May 16, 16",-0.01755
0,2016-05-13,26.93,27.23,25.77,26.0,26.0,2323300.0,2323300.0,-0.93,-3.453,26.33333,"May 13, 16",-0.03453
0,2016-05-12,27.9,28.14,26.74,27.18,27.18,923400.0,923400.0,-0.72,-2.581,27.35333,"May 12, 16",-0.02581
0,2016-05-11,27.8,28.78,27.6,27.75,27.75,914200.0,914200.0,-0.05,-0.18,28.04333,"May 11, 16",-0.0018
0,2016-05-10,26.62,27.97,26.47,27.78,27.78,1224100.0,1224100.0,1.16,4.358,27.40667,"May 10, 16",0.04358
0,2016-05-09,26.39,26.99,26.26,26.62,26.62,1105400.0,1105400.0,0.23,0.872,26.62333,"May 09, 16",0.00872
0,2016-05-06,26.01,26.92,25.67,26.5,26.5,1526400.0,1526400.0,0.49,1.884,26.36333,"May 06, 16",0.01884
0,2016-05-05,28.33,28.37,25.74,26.13,26.13,2790600.0,2790600.0,-2.2,-7.766,26.74667,"May 05, 16",-0.07766
0,2016-05-04,30.6,31.9,27.12,27.72,27.72,3173000.0,3173000.0,-2.88,-9.412,28.91333,"May 04, 16",-0.09412
0,2016-05-03,30.6,30.76,29.47,29.96,29.96,1046300.0,1046300.0,-0.64,-2.092,30.06333,"May 03, 16",-0.02092
0,2016-05-02,30.63,31.1,29.4,31.02,31.02,1104600.0,1104600.0,0.39,1.273,30.50667,"May 02, 16",0.01273
0,2016-04-29,31.16,31.37,29.85,30.14,30.14,1073500.0,1073500.0,-1.02,-3.273,30.45333,"April 29, 16",-0.03273
0,2016-04-28,32.17,32.36,30.85,31.11,31.11,1452200.0,1452200.0,-1.06,-3.295,31.44,"April 28, 16",-0.03295
0,2016-04-27,32.83,33.03,32.15,32.67,32.67,1649800.0,1649800.0,-0.16,-0.487,32.61667,"April 27, 16",-0.00487
0,2016-04-26,31.95,32.77,31.32,32.73,32.73,1199800.0,1199800.0,0.78,2.441,32.27333,"April 26, 16",0.02441
0,2016-04-25,33.61,33.82,31.55,31.76,31.76,822400.0,822400.0,-1.85,-5.504,32.37667,"April 25, 16",-0.05504
0,2016-04-22,33.19,33.84,32.9,33.69,33.69,759200.0,759200.0,0.5,1.506,33.47667,"April 22, 16",0.01506
0,2016-04-21,33.29,33.69,32.68,32.83,32.83,982800.0,982800.0,-0.46,-1.382,33.06667,"April 21, 16",-0.01382
0,2016-04-20,34.0,34.47,33.23,33.67,33.67,1152400.0,1152400.0,-0.33,-0.971,33.79,"April 20, 16",-0.00971
0,2016-04-19,33.02,34.32,33.0,33.89,33.89,906500.0,906500.0,0.87,2.635,33.73667,"April 19, 16",0.02635
0,2016-04-18,31.82,32.95,31.68,32.79,32.79,1592700.0,1592700.0,0.97,3.048,32.47333,"April 18, 16",0.03048
0,2016-04-15,32.12,32.74,31.86,32.26,32.26,764300.0,764300.0,0.14,0.436,32.28667,"April 15, 16",0.00436
0,2016-04-14,31.82,32.46,31.67,32.3,32.3,866600.0,866600.0,0.48,1.508,32.14333,"April 14, 16",0.01508
0,2016-04-13,30.48,31.98,30.2,31.87,31.87,924600.0,924600.0,1.39,4.56,31.35,"April 13, 16",0.0456
0,2016-04-12,28.93,30.48,28.52,30.19,30.19,1625600.0,1625600.0,1.26,4.355,29.73,"April 12, 16",0.04355
0,2016-04-11,28.63,29.55,28.46,28.93,28.93,814600.0,814600.0,0.3,1.048,28.98,"April 11, 16",0.01048
0,2016-04-08,29.11,29.84,28.33,28.51,28.51,902200.0,902200.0,-0.6,-2.061,28.89333,"April 08, 16",-0.02061
0,2016-04-07,28.88,30.15,28.4,28.57,28.57,1556600.0,1556600.0,-0.31,-1.073,29.04,"April 07, 16",-0.01073
0,2016-04-06,29.45,29.58,28.29,29.22,29.22,910000.0,910000.0,-0.23,-0.781,29.03,"April 06, 16",-0.00781
0,2016-04-05,29.4,29.9,28.84,29.34,29.34,1121800.0,1121800.0,-0.06,-0.204,29.36,"April 05, 16",-0.00204
0,2016-04-04,29.95,31.11,29.58,29.6,29.6,826900.0,826900.0,-0.35,-1.169,30.09667,"April 04, 16",-0.01169
0,2016-04-01,30.23,30.31,28.76,29.96,29.96,1296500.0,1296500.0,-0.27,-0.893,29.67667,"April 01, 16",-0.00893
0,2016-03-31,30.9,31.16,30.43,30.7,30.7,792900.0,792900.0,-0.2,-0.647,30.76333,"March 31, 16",-0.00647
0,2016-03-30,31.24,32.24,30.89,30.94,30.94,1010000.0,1010000.0,-0.3,-0.96,31.35667,"March 30, 16",-0.0096
0,2016-03-29,31.03,31.37,30.3,31.15,31.15,1882400.0,1882400.0,0.12,0.387,30.94,"March 29, 16",0.00387
0,2016-03-28,32.0,32.01,31.08,31.1,31.1,1055800.0,1055800.0,-0.9,-2.813,31.39667,"March 28, 16",-0.02813
0,2016-03-24,30.62,32.03,30.58,32.01,32.01,859000.0,859000.0,1.39,4.54,31.54,"March 24, 16",0.0454
0,2016-03-23,31.1,31.4,30.8,31.03,31.03,761200.0,761200.0,-0.07,-0.225,31.07667,"March 23, 16",-0.00225
0,2016-03-22,30.75,31.5,30.55,31.17,31.17,710700.0,710700.0,0.42,1.366,31.07333,"March 22, 16",0.01366
0,2016-03-21,31.65,31.75,30.91,31.1,31.1,909200.0,909200.0,-0.55,-1.738,31.25333,"March 21, 16",-0.01738
0,2016-03-18,31.15,32.04,31.15,31.77,31.77,1375700.0,1375700.0,0.62,1.99,31.65333,"March 18, 16",0.0199
0,2016-03-17,29.63,31.47,29.5,31.02,31.02,1866600.0,1866600.0,1.39,4.691,30.66333,"March 17, 16",0.04691
0,2016-03-16,27.99,29.23,27.88,29.17,29.17,1321100.0,1321100.0,1.18,4.216,28.76,"March 16, 16",0.04216
0,2016-03-15,28.16,28.2,27.14,27.98,27.98,1282200.0,1282200.0,-0.18,-0.639,27.77333,"March 15, 16",-0.00639
0,2016-03-14,27.5,28.42,27.21,28.14,28.14,1167300.0,1167300.0,0.64,2.327,27.92333,"March 14, 16",0.02327
0,2016-03-11,26.51,27.65,26.33,27.37,27.37,955000.0,955000.0,0.86,3.244,27.11667,"March 11, 16",0.03244
0,2016-03-10,25.96,26.26,25.09,26.11,26.11,706700.0,706700.0,0.15,0.578,25.82,"March 10, 16",0.00578
0,2016-03-09,25.5,25.82,24.32,25.75,25.75,1073300.0,1073300.0,0.25,0.98,25.29667,"March 09, 16",0.0098
0,2016-03-08,26.44,26.89,25.05,25.18,25.18,1348600.0,1348600.0,-1.26,-4.766,25.70667,"March 08, 16",-0.04766
0,2016-03-07,24.86,26.72,24.4,26.42,26.42,2370700.0,2370700.0,1.56,6.275,25.84667,"March 07, 16",0.06275
0,2016-03-04,24.52,25.53,23.9,24.39,24.39,1472900.0,1472900.0,-0.13,-0.53,24.60667,"March 04, 16",-0.0053
0,2016-03-03,24.41,24.91,24.01,24.45,24.45,897900.0,897900.0,0.04,0.164,24.45667,"March 03, 16",0.00164
0,2016-03-02,24.64,24.99,23.82,24.25,24.25,1041000.0,1041000.0,-0.39,-1.583,24.35333,"March 02, 16",-0.01583
0,2016-03-01,25.03,25.34,24.49,24.73,24.73,1276700.0,1276700.0,-0.3,-1.199,24.85333,"March 01, 16",-0.01199
0,2016-02-29,24.89,25.17,24.39,24.76,24.76,1673400.0,1673400.0,-0.13,-0.522,24.77333,"February 29, 16",-0.00522
0,2016-02-26,25.36,25.59,24.22,25.01,25.01,2138800.0,2138800.0,-0.35,-1.38,24.94,"February 26, 16",-0.0138
0,2016-02-25,26.99,26.99,22.45,25.82,25.82,5104200.0,5104200.0,-1.17,-4.335,25.08667,"February 25, 16",-0.04335
0,2016-02-24,26.3,27.87,24.75,27.55,27.55,2407800.0,2407800.0,1.25,4.753,26.72333,"February 24, 16",0.04753
0,2016-02-23,26.99,27.06,25.96,26.81,26.81,1002600.0,1002600.0,-0.18,-0.667,26.61,"February 23, 16",-0.00667
0,2016-02-22,26.34,27.46,25.82,27.22,27.22,1386200.0,1386200.0,0.88,3.341,26.83333,"February 22, 16",0.03341
0,2016-02-19,26.2,26.2,25.22,26.01,26.01,1006100.0,1006100.0,-0.19,-0.725,25.81,"February 19, 16",-0.00725
0,2016-02-18,25.99,26.5,25.16,26.41,26.41,1033500.0,1033500.0,0.42,1.616,26.02333,"February 18, 16",0.01616
0,2016-02-17,25.05,27.0,24.98,25.87,25.87,1273700.0,1273700.0,0.82,3.273,25.95,"February 17, 16",0.03273
