,date,symbol,reportedCurrency,fillingDate,acceptedDate,period,revenue,costOfRevenue,grossProfit,grossProfitRatio,researchAndDevelopmentExpenses,generalAndAdministrativeExpenses,sellingAndMarketingExpenses,otherExpenses,operatingExpenses,costAndExpenses,interestExpense,depreciationAndAmortization,ebitda,ebitdaratio,operatingIncome,operatingIncomeRatio,totalOtherIncomeExpensesNet,incomeBeforeTax,incomeBeforeTaxRatio,incomeTaxExpense,netIncome,netIncomeRatio,eps,epsdiluted,weightedAverageShsOut,weightedAverageShsOutDil,link,finalLink,timestamp,est_time,est_date
0,2020-12-31,FVL.TO,USD,2020-12-31,2020-12-31,Q4,0.0,14351.0,-14351.0,0.0,0.0,-16431.0,0.0,12890.0,-12568.0,1783.0,1320.0,14351.0,51554.0,0.0,-1783.0,0.0,-831012.0,-808019.0,0.0,0.0,-808019.0,0.0,-0.002950695968272964,-0.002950695968272964,273840141.0,273840141.0,https://www.sedar.com/ModifyCompanyDocumentSearchForm.do?lang=EN&company_search=Freegold Ventures Ltd&document_selection=0&industry_group=A&FromDate=13&FromMonth=05&FromYear=2000&ToDate=13&ToMonth=11&ToYear=2020&Variable=Issuer,https://www.sedar.com/ModifyCompanyDocumentSearchForm.do?lang=EN&company_search=Freegold Ventures Ltd&document_selection=0&industry_group=A&FromDate=13&FromMonth=05&FromYear=2000&ToDate=13&ToMonth=11&ToYear=2020&Variable=Issuer,1620592344,16:32:24,20210509
1,2020-09-30,FVL.TO,USD,2020-09-30,2020-09-30,Q3,0.0,14111.0,-14111.0,0.0,0.0,181171.0,0.0,1462.0,184457.0,198568.0,1210.0,14111.0,-184457.0,0.0,-198568.0,0.0,3124.0,-192684.0,0.0,0.0,-192684.0,0.0,-0.000704,-0.000704,273840141.0,273840141.0,https://www.sedar.com/ModifyCompanyDocumentSearchForm.do?lang=EN&company_search=Freegold Ventures Ltd&document_selection=0&industry_group=A&FromDate=13&FromMonth=05&FromYear=2000&ToDate=13&ToMonth=11&ToYear=2020&Variable=Issuer,https://www.sedar.com/ModifyCompanyDocumentSearchForm.do?lang=EN&company_search=Freegold Ventures Ltd&document_selection=0&industry_group=A&FromDate=13&FromMonth=05&FromYear=2000&ToDate=13&ToMonth=11&ToYear=2020&Variable=Issuer,1620592344,16:32:24,20210509
2,2020-06-30,FVL.TO,USD,2020-06-30,2020-06-30,Q2,0.0,13520.0,-13520.0,0.0,0.0,135528.0,0.0,1992.0,138663.0,152183.0,815.0,13520.0,-138663.0,0.0,-152183.0,0.0,1547.0,-148502.0,0.0,0.0,-148502.0,0.0,-0.000638,-0.000638,232741617.0,232741617.0,https://www.sedar.com/ModifyCompanyDocumentSearchForm.do?lang=EN&company_search=Freegold Ventures Ltd&document_selection=0&industry_group=A&FromDate=13&FromMonth=05&FromYear=2000&ToDate=13&ToMonth=11&ToYear=2020&Variable=Issuer,https://www.sedar.com/ModifyCompanyDocumentSearchForm.do?lang=EN&company_search=Freegold Ventures Ltd&document_selection=0&industry_group=A&FromDate=13&FromMonth=05&FromYear=2000&ToDate=13&ToMonth=11&ToYear=2020&Variable=Issuer,1620592344,16:32:24,20210509
3,2020-03-31,FVL.TO,USD,2020-03-31,2020-03-31,Q1,0.0,13662.0,-13662.0,0.0,0.0,147352.0,0.0,2608.0,150366.0,164028.0,625.0,13662.0,-150366.0,0.0,-164028.0,0.0,6659.0,-154619.0,0.0,0.0,-154619.0,0.0,-0.000701,-0.000701,220446210.0,220446210.0,https://www.sedar.com/ModifyCompanyDocumentSearchForm.do?lang=EN&company_search=Freegold Ventures Ltd&document_selection=0&industry_group=A&FromDate=13&FromMonth=05&FromYear=2000&ToDate=13&ToMonth=11&ToYear=2020&Variable=Issuer,https://www.sedar.com/ModifyCompanyDocumentSearchForm.do?lang=EN&company_search=Freegold Ventures Ltd&document_selection=0&industry_group=A&FromDate=13&FromMonth=05&FromYear=2000&ToDate=13&ToMonth=11&ToYear=2020&Variable=Issuer,1620592344,16:32:24,20210509
4,2019-12-31,FVL.TO,USD,2019-12-31,2019-12-31,Q4,0.0,14452.0,-14452.0,0.0,0.0,-37894.0,0.0,31953.0,-34995.0,-20543.0,-46704.0,14452.0,34995.0,0.0,20543.0,0.0,-24032.0,50470.0,0.0,0.0,50470.0,0.0,0.00018430460857818504,0.00018430460857818504,273840141.0,273840141.0,https://www.sedar.com/ModifyCompanyDocumentSearchForm.do?lang=EN&company_search=Freegold Ventures Ltd&document_selection=0&industry_group=A&FromDate=13&FromMonth=05&FromYear=2000&ToDate=13&ToMonth=11&ToYear=2020&Variable=Issuer,https://www.sedar.com/ModifyCompanyDocumentSearchForm.do?lang=EN&company_search=Freegold Ventures Ltd&document_selection=0&industry_group=A&FromDate=13&FromMonth=05&FromYear=2000&ToDate=13&ToMonth=11&ToYear=2020&Variable=Issuer,1620592344,16:32:24,20210509
5,2019-09-30,FVL.TO,USD,2019-09-30,2019-09-30,Q3,0.0,14482.0,-14482.0,0.0,0.0,135817.0,0.0,107379.0,138574.0,153056.0,49507.0,14482.0,-138574.0,0.0,-153056.0,0.0,106370.0,-91882.0,0.0,0.0,-91882.0,0.0,-0.000465,-0.000465,197701768.0,197701768.0,https://www.sedar.com/ModifyCompanyDocumentSearchForm.do?lang=EN&company_search=Freegold Ventures Ltd&document_selection=0&industry_group=A&FromDate=13&FromMonth=05&FromYear=2000&ToDate=13&ToMonth=11&ToYear=2020&Variable=Issuer,https://www.sedar.com/ModifyCompanyDocumentSearchForm.do?lang=EN&company_search=Freegold Ventures Ltd&document_selection=0&industry_group=A&FromDate=13&FromMonth=05&FromYear=2000&ToDate=13&ToMonth=11&ToYear=2020&Variable=Issuer,1620592344,16:32:24,20210509
6,2019-06-30,FVL.TO,USD,2019-06-30,2019-06-30,Q2,0.0,14013.0,-14013.0,0.0,0.0,154631.0,2618.0,36370.0,159870.0,173883.0,2022.0,14013.0,-159870.0,0.0,-173883.0,0.0,56315.0,-115748.0,0.0,0.0,-115748.0,0.0,-0.000613,-0.000613,188953906.0,188953906.0,https://www.sedar.com/ModifyCompanyDocumentSearchForm.do?lang=EN&company_search=Freegold Ventures Ltd&document_selection=0&industry_group=A&FromDate=13&FromMonth=05&FromYear=2000&ToDate=13&ToMonth=11&ToYear=2020&Variable=Issuer,https://www.sedar.com/ModifyCompanyDocumentSearchForm.do?lang=EN&company_search=Freegold Ventures Ltd&document_selection=0&industry_group=A&FromDate=13&FromMonth=05&FromYear=2000&ToDate=13&ToMonth=11&ToYear=2020&Variable=Issuer,1620592344,16:32:24,20210509
7,2019-03-31,FVL.TO,USD,2019-03-31,2019-03-31,Q1,0.0,13969.0,-13969.0,0.0,0.0,155119.0,16246.0,0.0,173854.0,187823.0,2442.0,13969.0,-173854.0,0.0,-187823.0,0.0,-69.0,-190284.0,0.0,0.0,-190284.0,0.0,-0.001007,-0.001007,188953906.0,188953906.0,https://www.sedar.com/ModifyCompanyDocumentSearchForm.do?lang=EN&company_search=Freegold Ventures Ltd&document_selection=0&industry_group=A&FromDate=13&FromMonth=05&FromYear=2000&ToDate=13&ToMonth=11&ToYear=2020&Variable=Issuer,https://www.sedar.com/ModifyCompanyDocumentSearchForm.do?lang=EN&company_search=Freegold Ventures Ltd&document_selection=0&industry_group=A&FromDate=13&FromMonth=05&FromYear=2000&ToDate=13&ToMonth=11&ToYear=2020&Variable=Issuer,1620592344,16:32:24,20210509
8,2018-12-31,FVL.TO,USD,2018-12-31,2018-12-31,Q4,0.0,0.0,0.0,0.0,0.0,70794.0,24525.0,0.0,10326.0,18495.0,1448.0,2035.0,-16460.0,0.0,-18495.0,0.0,636.0,-19272.0,0.0,0.0,-19272.0,0.0,-7.037682616443e-05,-7.037682616443e-05,273840141.0,273840141.0,https://www.sedar.com/ModifyCompanyDocumentSearchForm.do?lang=EN&company_search=Freegold Ventures Ltd&document_selection=0&industry_group=A&FromDate=13&FromMonth=05&FromYear=2000&ToDate=13&ToMonth=11&ToYear=2020&Variable=Issuer,https://www.sedar.com/ModifyCompanyDocumentSearchForm.do?lang=EN&company_search=Freegold Ventures Ltd&document_selection=0&industry_group=A&FromDate=13&FromMonth=05&FromYear=2000&ToDate=13&ToMonth=11&ToYear=2020&Variable=Issuer,1620592344,16:32:24,20210509
9,2018-09-30,FVL.TO,USD,2018-09-30,2018-09-30,Q3,0.0,0.0,0.0,0.0,0.0,294087.0,18605.0,0.0,317079.0,317079.0,732.0,2043.0,-315036.0,0.0,-317079.0,0.0,-355.0,-318110.0,0.0,0.0,-318110.0,0.0,-0.001828,-0.001828,174018906.0,174018906.0,https://www.sedar.com/ModifyCompanyDocumentSearchForm.do?lang=EN&company_search=Freegold Ventures Ltd&document_selection=0&industry_group=A&FromDate=13&FromMonth=05&FromYear=2000&ToDate=13&ToMonth=11&ToYear=2020&Variable=Issuer,https://www.sedar.com/ModifyCompanyDocumentSearchForm.do?lang=EN&company_search=Freegold Ventures Ltd&document_selection=0&industry_group=A&FromDate=13&FromMonth=05&FromYear=2000&ToDate=13&ToMonth=11&ToYear=2020&Variable=Issuer,1620592344,16:32:24,20210509
10,2018-06-30,FVL.TO,USD,2018-06-30,2018-06-30,Q2,0.0,0.0,0.0,0.0,0.0,190700.0,31144.0,0.0,226231.0,226231.0,300.0,2042.0,-224189.0,0.0,-226231.0,0.0,-1755.0,-227636.0,0.0,0.0,-227636.0,0.0,-0.001308,-0.001308,174018906.0,174018906.0,https://www.sedar.com/ModifyCompanyDocumentSearchForm.do?lang=EN&company_search=Freegold Ventures Ltd&document_selection=0&industry_group=A&FromDate=13&FromMonth=05&FromYear=2000&ToDate=13&ToMonth=11&ToYear=2020&Variable=Issuer,https://www.sedar.com/ModifyCompanyDocumentSearchForm.do?lang=EN&company_search=Freegold Ventures Ltd&document_selection=0&industry_group=A&FromDate=13&FromMonth=05&FromYear=2000&ToDate=13&ToMonth=11&ToYear=2020&Variable=Issuer,1620592344,16:32:24,20210509
11,2018-03-31,FVL.TO,USD,2018-03-31,2018-03-31,Q1,0.0,0.0,0.0,0.0,0.0,185113.0,6929.0,0.0,196436.0,196436.0,349.0,2049.0,-194387.0,0.0,-196436.0,0.0,-210.0,-195963.0,0.0,0.0,-195963.0,0.0,-0.001126,-0.001126,174018906.0,174018906.0,https://www.sedar.com/ModifyCompanyDocumentSearchForm.do?lang=EN&company_search=Freegold Ventures Ltd&document_selection=0&industry_group=A&FromDate=13&FromMonth=05&FromYear=2000&ToDate=13&ToMonth=11&ToYear=2020&Variable=Issuer,https://www.sedar.com/ModifyCompanyDocumentSearchForm.do?lang=EN&company_search=Freegold Ventures Ltd&document_selection=0&industry_group=A&FromDate=13&FromMonth=05&FromYear=2000&ToDate=13&ToMonth=11&ToYear=2020&Variable=Issuer,1620592344,16:32:24,20210509
12,2017-12-31,FVL.TO,USD,2017-12-31,2017-12-31,Q4,0.0,0.0,0.0,0.0,0.0,82052.0,0.0,0.0,9804.0,9804.0,860.0,2508.0,-7296.0,0.0,-9804.0,0.0,322513.0,314516.0,0.0,0.0,314516.0,0.0,0.001148538701636149,0.001148538701636149,273840141.0,273840141.0,https://www.sedar.com/ModifyCompanyDocumentSearchForm.do?lang=EN&company_search=Freegold Ventures Ltd&document_selection=0&industry_group=A&FromDate=13&FromMonth=05&FromYear=2000&ToDate=13&ToMonth=11&ToYear=2020&Variable=Issuer,https://www.sedar.com/ModifyCompanyDocumentSearchForm.do?lang=EN&company_search=Freegold Ventures Ltd&document_selection=0&industry_group=A&FromDate=13&FromMonth=05&FromYear=2000&ToDate=13&ToMonth=11&ToYear=2020&Variable=Issuer,1620592344,16:32:24,20210509
13,2017-09-30,FVL.TO,USD,2017-09-30,2017-09-30,Q3,0.0,0.0,0.0,0.0,0.0,164689.0,6490.0,0.0,175940.0,175940.0,958.0,2512.0,-173428.0,0.0,-175940.0,0.0,-29173.0,-205347.0,0.0,0.0,-205347.0,0.0,-0.001386,-0.001386,148143379.0,148143379.0,https://www.sedar.com/ModifyCompanyDocumentSearchForm.do?lang=EN&company_search=Freegold Ventures Ltd&document_selection=0&industry_group=A&FromDate=13&FromMonth=05&FromYear=2000&ToDate=13&ToMonth=11&ToYear=2020&Variable=Issuer,https://www.sedar.com/ModifyCompanyDocumentSearchForm.do?lang=EN&company_search=Freegold Ventures Ltd&document_selection=0&industry_group=A&FromDate=13&FromMonth=05&FromYear=2000&ToDate=13&ToMonth=11&ToYear=2020&Variable=Issuer,1620592344,16:32:24,20210509
14,2017-06-30,FVL.TO,USD,2017-06-30,2017-06-30,Q2,0.0,0.0,0.0,0.0,0.0,173541.0,10631.0,0.0,188779.0,188779.0,542.0,2358.0,-186421.0,0.0,-188779.0,0.0,-187.0,-187724.0,0.0,0.0,-187724.0,0.0,-0.001294,-0.001294,145082617.0,145082617.0,https://www.sedar.com/ModifyCompanyDocumentSearchForm.do?lang=EN&company_search=Freegold Ventures Ltd&document_selection=0&industry_group=A&FromDate=13&FromMonth=05&FromYear=2000&ToDate=13&ToMonth=11&ToYear=2020&Variable=Issuer,https://www.sedar.com/ModifyCompanyDocumentSearchForm.do?lang=EN&company_search=Freegold Ventures Ltd&document_selection=0&industry_group=A&FromDate=13&FromMonth=05&FromYear=2000&ToDate=13&ToMonth=11&ToYear=2020&Variable=Issuer,1620592344,16:32:24,20210509
15,2017-03-31,FVL.TO,USD,2017-03-31,2017-03-31,Q1,0.0,0.0,0.0,0.0,0.0,206397.0,50888.0,0.0,261899.0,261899.0,489.0,2365.0,-259534.0,0.0,-261899.0,0.0,-60.0,-259980.0,0.0,0.0,-259980.0,0.0,-0.001792,-0.001792,145082617.0,145082617.0,https://www.sedar.com/ModifyCompanyDocumentSearchForm.do?lang=EN&company_search=Freegold Ventures Ltd&document_selection=0&industry_group=A&FromDate=13&FromMonth=05&FromYear=2000&ToDate=13&ToMonth=11&ToYear=2020&Variable=Issuer,https://www.sedar.com/ModifyCompanyDocumentSearchForm.do?lang=EN&company_search=Freegold Ventures Ltd&document_selection=0&industry_group=A&FromDate=13&FromMonth=05&FromYear=2000&ToDate=13&ToMonth=11&ToYear=2020&Variable=Issuer,1620592344,16:32:24,20210509
16,2016-12-31,FVL.TO,USD,2016-12-31,2016-12-31,Q4,0.0,0.0,0.0,0.0,0.0,-51520.748240999994,15364.011789,0.0,-31168.504659,-31168.504659,761.313938,2834.227039,34002.731697999996,0.0,31168.504659,0.0,35534.8224,69405.69614,0.0,0.0,69405.69614,0.0,0.00025345333188387455,0.00025345333188387455,273840141.0,273840141.0,https://www.sedar.com/ModifyCompanyDocumentSearchForm.do?lang=EN&company_search=Freegold Ventures Ltd&document_selection=0&industry_group=A&FromDate=13&FromMonth=05&FromYear=2000&ToDate=13&ToMonth=11&ToYear=2020&Variable=Issuer,https://www.sedar.com/ModifyCompanyDocumentSearchForm.do?lang=EN&company_search=Freegold Ventures Ltd&document_selection=0&industry_group=A&FromDate=13&FromMonth=05&FromYear=2000&ToDate=13&ToMonth=11&ToYear=2020&Variable=Issuer,1620592344,16:32:24,20210509
17,2016-09-30,FVL.TO,USD,2016-09-30,2016-09-30,Q3,0.0,0.0,0.0,0.0,0.0,618907.7771439999,705.077011,0.0,624406.921468,624406.921468,969.766115,2645.369842,-621761.5516260001,0.0,-624406.921468,0.0,222.095455,-619881.346264,0.0,0.0,-619881.346264,0.0,-0.007606,-0.007606,145082617.0,145082617.0,https://www.sedar.com/ModifyCompanyDocumentSearchForm.do?lang=EN&company_search=Freegold Ventures Ltd&document_selection=0&industry_group=A&FromDate=13&FromMonth=05&FromYear=2000&ToDate=13&ToMonth=11&ToYear=2020&Variable=Issuer,https://www.sedar.com/ModifyCompanyDocumentSearchForm.do?lang=EN&company_search=Freegold Ventures Ltd&document_selection=0&industry_group=A&FromDate=13&FromMonth=05&FromYear=2000&ToDate=13&ToMonth=11&ToYear=2020&Variable=Issuer,1620592344,16:32:24,20210509
18,2016-06-30,FVL.TO,USD,2016-06-30,2016-06-30,Q2,0.0,0.0,0.0,0.0,0.0,181778.200312,3827.544096,0.0,190397.130888,190397.130888,968.479958,2647.281609,-187749.84927900002,0.0,-190397.130888,0.0,-138.35428,-189665.167185,0.0,0.0,-189665.167185,0.0,-0.001543,-0.001543,122945100.0,122945100.0,https://www.sedar.com/ModifyCompanyDocumentSearchForm.do?lang=EN&company_search=Freegold Ventures Ltd&document_selection=0&industry_group=A&FromDate=13&FromMonth=05&FromYear=2000&ToDate=13&ToMonth=11&ToYear=2020&Variable=Issuer,https://www.sedar.com/ModifyCompanyDocumentSearchForm.do?lang=EN&company_search=Freegold Ventures Ltd&document_selection=0&industry_group=A&FromDate=13&FromMonth=05&FromYear=2000&ToDate=13&ToMonth=11&ToYear=2020&Variable=Issuer,1620592344,16:32:24,20210509
19,2016-03-31,FVL.TO,USD,2016-03-31,2016-03-31,Q1,0.0,0.0,0.0,0.0,0.0,188646.728914,6225.540045,0.0,199867.492527,199867.492527,573.171859,2750.300453,-197117.192074,0.0,-199867.492527,0.0,89.365505,-200144.063357,0.0,0.0,-200144.063357,0.0,-0.001918,-0.001918,104370851.0,104370851.0,https://www.sedar.com/ModifyCompanyDocumentSearchForm.do?lang=EN&company_search=Freegold Ventures Ltd&document_selection=0&industry_group=A&FromDate=13&FromMonth=05&FromYear=2000&ToDate=13&ToMonth=11&ToYear=2020&Variable=Issuer,https://www.sedar.com/ModifyCompanyDocumentSearchForm.do?lang=EN&company_search=Freegold Ventures Ltd&document_selection=0&industry_group=A&FromDate=13&FromMonth=05&FromYear=2000&ToDate=13&ToMonth=11&ToYear=2020&Variable=Issuer,1620592344,16:32:24,20210509
20,2015-12-31,FVL.TO,USD,2015-12-31,2015-12-31,Q4,0.0,0.0,0.0,0.0,0.0,-87308.90844900001,7233.81595,0.0,-66173.702467,-66173.702467,442.630722,2240.063206,68413.765673,0.0,66173.702467,0.0,-165087.754735,-98227.125097,0.0,0.0,-98227.125097,0.0,-0.00035870243397588666,-0.00035870243397588666,273840141.0,273840141.0,https://www.sedar.com/ModifyCompanyDocumentSearchForm.do?lang=EN&company_search=Freegold Ventures Ltd&document_selection=0&industry_group=A&FromDate=13&FromMonth=05&FromYear=2000&ToDate=13&ToMonth=11&ToYear=2020&Variable=Issuer,https://www.sedar.com/ModifyCompanyDocumentSearchForm.do?lang=EN&company_search=Freegold Ventures Ltd&document_selection=0&industry_group=A&FromDate=13&FromMonth=05&FromYear=2000&ToDate=13&ToMonth=11&ToYear=2020&Variable=Issuer,1620592344,16:32:24,20210509
21,2015-09-30,FVL.TO,USD,2015-09-30,2015-09-30,Q3,0.0,0.0,0.0,0.0,0.0,153906.89013,1967.970205,0.0,160198.137803,160198.137803,1052.513966,2969.832402,-157228.305401,0.0,-160198.137803,0.0,-224.208566,-175503.165736,0.0,0.0,-175503.165736,0.0,-0.001787,-0.001787,98220851.0,98220851.0,https://www.sedar.com/ModifyCompanyDocumentSearchForm.do?lang=EN&company_search=Freegold Ventures Ltd&document_selection=0&industry_group=A&FromDate=13&FromMonth=05&FromYear=2000&ToDate=13&ToMonth=11&ToYear=2020&Variable=Issuer,https://www.sedar.com/ModifyCompanyDocumentSearchForm.do?lang=EN&company_search=Freegold Ventures Ltd&document_selection=0&industry_group=A&FromDate=13&FromMonth=05&FromYear=2000&ToDate=13&ToMonth=11&ToYear=2020&Variable=Issuer,1620592344,16:32:24,20210509
22,2015-06-30,FVL.TO,USD,2015-06-30,2015-06-30,Q2,0.0,0.0,0.0,0.0,0.0,220429.22396499998,4504.112591,0.0,229277.940241,229277.940241,614.673208,3029.863612,-226248.07662900002,0.0,-229277.940241,0.0,-217.512144,-230039.232746,0.0,0.0,-230039.232746,0.0,-0.002604,-0.002604,88350934.0,88350934.0,https://www.sedar.com/ModifyCompanyDocumentSearchForm.do?lang=EN&company_search=Freegold Ventures Ltd&document_selection=0&industry_group=A&FromDate=13&FromMonth=05&FromYear=2000&ToDate=13&ToMonth=11&ToYear=2020&Variable=Issuer,https://www.sedar.com/ModifyCompanyDocumentSearchForm.do?lang=EN&company_search=Freegold Ventures Ltd&document_selection=0&industry_group=A&FromDate=13&FromMonth=05&FromYear=2000&ToDate=13&ToMonth=11&ToYear=2020&Variable=Issuer,1620592344,16:32:24,20210509
23,2015-03-31,FVL.TO,USD,2015-03-31,2015-03-31,Q1,0.0,0.0,0.0,0.0,0.0,199114.213598,12292.159647,0.0,216966.398486,216966.398486,526.896987,2921.596466,-214044.80202,0.0,-216966.398486,0.0,-448.80896,-217860.072567,0.0,0.0,-217860.072567,0.0,-0.002593623207757971,-0.002593623207757971,83998351.0,83998351.0,https://www.sedar.com/ModifyCompanyDocumentSearchForm.do?lang=EN&company_search=Freegold Ventures Ltd&document_selection=0&industry_group=A&FromDate=13&FromMonth=05&FromYear=2000&ToDate=13&ToMonth=11&ToYear=2020&Variable=Issuer,https://www.sedar.com/ModifyCompanyDocumentSearchForm.do?lang=EN&company_search=Freegold Ventures Ltd&document_selection=0&industry_group=A&FromDate=13&FromMonth=05&FromYear=2000&ToDate=13&ToMonth=11&ToYear=2020&Variable=Issuer,1620592344,16:32:24,20210509
24,2014-12-31,FVL.TO,USD,2014-12-31,2014-12-31,Q4,0.0,0.0,0.0,0.0,0.0,-72897.512219,20766.078094,0.0,-46640.800184,-46640.800184,267996.641885,3094.580319,49735.380503,0.0,46640.800184,0.0,-5498577.587145,-5442445.163167,0.0,0.0,-5442445.163167,0.0,-0.019874533891534183,-0.019874533891534183,273840141.0,273840141.0,https://www.sedar.com/ModifyCompanyDocumentSearchForm.do?lang=EN&company_search=Freegold Ventures Ltd&document_selection=0&industry_group=A&FromDate=13&FromMonth=05&FromYear=2000&ToDate=13&ToMonth=11&ToYear=2020&Variable=Issuer,https://www.sedar.com/ModifyCompanyDocumentSearchForm.do?lang=EN&company_search=Freegold Ventures Ltd&document_selection=0&industry_group=A&FromDate=13&FromMonth=05&FromYear=2000&ToDate=13&ToMonth=11&ToYear=2020&Variable=Issuer,1620592344,16:32:24,20210509
25,2014-09-30,FVL.TO,USD,2014-09-30,2014-09-30,Q3,0.0,0.0,0.0,0.0,0.0,305458.796968,18855.381748,0.0,332513.57308,332513.57308,852.013116,3517.353832,-328996.219248,0.0,-332513.57308,0.0,-20.605995,-444828.791055,0.0,0.0,-444828.791055,0.0,-0.008959,-0.008959,79745574.0,79745574.0,https://www.sedar.com/ModifyCompanyDocumentSearchForm.do?lang=EN&company_search=Freegold Ventures Ltd&document_selection=0&industry_group=A&FromDate=13&FromMonth=05&FromYear=2000&ToDate=13&ToMonth=11&ToYear=2020&Variable=Issuer,https://www.sedar.com/ModifyCompanyDocumentSearchForm.do?lang=EN&company_search=Freegold Ventures Ltd&document_selection=0&industry_group=A&FromDate=13&FromMonth=05&FromYear=2000&ToDate=13&ToMonth=11&ToYear=2020&Variable=Issuer,1620592344,16:32:24,20210509
26,2014-06-30,FVL.TO,USD,2014-06-30,2014-06-30,Q2,0.0,0.0,0.0,0.0,0.0,273183.739655,36033.705443,0.0,319505.29108,319505.29108,468.651876,3632.052039,-315873.239041,0.0,-319505.29108,0.0,2.811911,-319172.548248,0.0,0.0,-319172.548248,0.0,-0.004078968363793379,-0.004078968363793379,78248351.0,78248351.0,https://www.sedar.com/ModifyCompanyDocumentSearchForm.do?lang=EN&company_search=Freegold Ventures Ltd&document_selection=0&industry_group=A&FromDate=13&FromMonth=05&FromYear=2000&ToDate=13&ToMonth=11&ToYear=2020&Variable=Issuer,https://www.sedar.com/ModifyCompanyDocumentSearchForm.do?lang=EN&company_search=Freegold Ventures Ltd&document_selection=0&industry_group=A&FromDate=13&FromMonth=05&FromYear=2000&ToDate=13&ToMonth=11&ToYear=2020&Variable=Issuer,1620592344,16:32:24,20210509
27,2014-03-31,FVL.TO,USD,2014-03-31,2014-03-31,Q1,0.0,0.0,0.0,0.0,0.0,277756.065787,40095.713691,0.0,326200.944472,326200.944472,167565.904938,3578.859759,-322622.084713,0.0,-326200.944472,0.0,-664.929707,-493523.494183,0.0,0.0,-493523.494183,0.0,-0.009047,-0.009047,75515272.0,75515272.0,https://www.sedar.com/ModifyCompanyDocumentSearchForm.do?lang=EN&company_search=Freegold Ventures Ltd&document_selection=0&industry_group=A&FromDate=13&FromMonth=05&FromYear=2000&ToDate=13&ToMonth=11&ToYear=2020&Variable=Issuer,https://www.sedar.com/ModifyCompanyDocumentSearchForm.do?lang=EN&company_search=Freegold Ventures Ltd&document_selection=0&industry_group=A&FromDate=13&FromMonth=05&FromYear=2000&ToDate=13&ToMonth=11&ToYear=2020&Variable=Issuer,1620592344,16:32:24,20210509
28,2013-12-31,FVL.TO,USD,2013-12-31,2013-12-31,Q4,0.0,0.0,0.0,0.0,0.0,211744.404583,67110.422361,0.0,271151.377032,271151.377032,261563.725929,3868.680749,-267282.696283,0.0,-271151.377032,0.0,-61019.133316,-323698.684056,0.0,0.0,-323698.684056,0.0,-0.001182071711159395,-0.001182071711159395,273840141.0,273840141.0,https://www.sedar.com/ModifyCompanyDocumentSearchForm.do?lang=EN&company_search=Freegold Ventures Ltd&document_selection=0&industry_group=A&FromDate=13&FromMonth=05&FromYear=2000&ToDate=13&ToMonth=11&ToYear=2020&Variable=Issuer,https://www.sedar.com/ModifyCompanyDocumentSearchForm.do?lang=EN&company_search=Freegold Ventures Ltd&document_selection=0&industry_group=A&FromDate=13&FromMonth=05&FromYear=2000&ToDate=13&ToMonth=11&ToYear=2020&Variable=Issuer,1620592344,16:32:24,20210509
29,2013-09-30,FVL.TO,USD,2013-09-30,2013-09-30,Q3,0.0,0.0,0.0,0.0,0.0,313715.853351,30950.580663,0.0,353875.60829,353875.60829,2269.334419,4414.587332,-349461.020958,0.0,-353875.60829,0.0,11.632641,-351453.110762,0.0,0.0,-351453.110762,0.0,-0.009694,-0.009694,74309917.0,74309917.0,https://www.sedar.com/ModifyCompanyDocumentSearchForm.do?lang=EN&company_search=Freegold Ventures Ltd&document_selection=0&industry_group=A&FromDate=13&FromMonth=05&FromYear=2000&ToDate=13&ToMonth=11&ToYear=2020&Variable=Issuer,https://www.sedar.com/ModifyCompanyDocumentSearchForm.do?lang=EN&company_search=Freegold Ventures Ltd&document_selection=0&industry_group=A&FromDate=13&FromMonth=05&FromYear=2000&ToDate=13&ToMonth=11&ToYear=2020&Variable=Issuer,1620592344,16:32:24,20210509
30,2013-06-30,FVL.TO,USD,2013-06-30,2013-06-30,Q2,0.0,0.0,0.0,0.0,0.0,286344.282238,42255.930657,0.0,347555.504866,347555.504866,2417.883212,4228.444343,-343327.06052299996,0.0,-347555.504866,0.0,21655.451642,-323532.542579,0.0,0.0,-323532.542579,0.0,-0.004361979966315419,-0.004361979966315419,74171029.0,74171029.0,https://www.sedar.com/ModifyCompanyDocumentSearchForm.do?lang=EN&company_search=Freegold Ventures Ltd&document_selection=0&industry_group=A&FromDate=13&FromMonth=05&FromYear=2000&ToDate=13&ToMonth=11&ToYear=2020&Variable=Issuer,https://www.sedar.com/ModifyCompanyDocumentSearchForm.do?lang=EN&company_search=Freegold Ventures Ltd&document_selection=0&industry_group=A&FromDate=13&FromMonth=05&FromYear=2000&ToDate=13&ToMonth=11&ToYear=2020&Variable=Issuer,1620592344,16:32:24,20210509
31,2013-03-31,FVL.TO,USD,2013-03-31,2013-03-31,Q1,0.0,0.0,0.0,0.0,0.0,377157.599882,74968.794535,0.0,460924.861173,460924.861173,273735.318689,4309.794093,-456615.06708,0.0,-460924.861173,0.0,27489.311514,-703319.082019,0.0,0.0,-703319.082019,0.0,-0.009828,-0.009828,74133864.0,74133864.0,https://www.sedar.com/ModifyCompanyDocumentSearchForm.do?lang=EN&company_search=Freegold Ventures Ltd&document_selection=0&industry_group=A&FromDate=13&FromMonth=05&FromYear=2000&ToDate=13&ToMonth=11&ToYear=2020&Variable=Issuer,https://www.sedar.com/ModifyCompanyDocumentSearchForm.do?lang=EN&company_search=Freegold Ventures Ltd&document_selection=0&industry_group=A&FromDate=13&FromMonth=05&FromYear=2000&ToDate=13&ToMonth=11&ToYear=2020&Variable=Issuer,1620592344,16:32:24,20210509
32,2012-12-31,FVL.TO,USD,2012-12-31,2012-12-31,Q4,0.0,0.0,0.0,0.0,0.0,164720.06226,35090.240695,0.0,224394.99204,224394.99204,1352.377874,24060.392228,-200334.599812,0.0,-224394.99204,0.0,-4193118.724011,-4418594.707204,0.0,0.0,-4418594.707204,0.0,-0.016135672042339476,-0.016135672042339476,273840141.0,273840141.0,https://www.sedar.com/ModifyCompanyDocumentSearchForm.do?lang=EN&company_search=Freegold Ventures Ltd&document_selection=0&industry_group=A&FromDate=13&FromMonth=05&FromYear=2000&ToDate=13&ToMonth=11&ToYear=2020&Variable=Issuer,https://www.sedar.com/ModifyCompanyDocumentSearchForm.do?lang=EN&company_search=Freegold Ventures Ltd&document_selection=0&industry_group=A&FromDate=13&FromMonth=05&FromYear=2000&ToDate=13&ToMonth=11&ToYear=2020&Variable=Issuer,1620592344,16:32:24,20210509
33,2012-09-30,FVL.TO,USD,2012-09-30,2012-09-30,Q3,0.0,0.0,0.0,0.0,0.0,314033.020066,96899.161798,0.0,416912.369825,416912.369825,3540.767082,-2618.219755,-419530.58958,0.0,-416912.369825,0.0,10864.109728,-407402.590805,0.0,0.0,-407402.590805,0.0,-0.01016,-0.01016,64299575.0,64299575.0,https://www.sedar.com/ModifyCompanyDocumentSearchForm.do?lang=EN&company_search=Freegold Ventures Ltd&document_selection=0&industry_group=A&FromDate=13&FromMonth=05&FromYear=2000&ToDate=13&ToMonth=11&ToYear=2020&Variable=Issuer,https://www.sedar.com/ModifyCompanyDocumentSearchForm.do?lang=EN&company_search=Freegold Ventures Ltd&document_selection=0&industry_group=A&FromDate=13&FromMonth=05&FromYear=2000&ToDate=13&ToMonth=11&ToYear=2020&Variable=Issuer,1620592344,16:32:24,20210509
34,2012-06-30,FVL.TO,USD,2012-06-30,2012-06-30,Q2,0.0,0.0,0.0,0.0,0.0,510547.635434,26731.88477,0.0,543047.881231,543047.881231,157689.509389,14638.448268,-528409.4329629999,0.0,-543047.881231,0.0,23381.181791,-672311.473798,0.0,0.0,-672311.473798,0.0,-0.009832,-0.009832,61959689.0,61959689.0,https://www.sedar.com/ModifyCompanyDocumentSearchForm.do?lang=EN&company_search=Freegold Ventures Ltd&document_selection=0&industry_group=A&FromDate=13&FromMonth=05&FromYear=2000&ToDate=13&ToMonth=11&ToYear=2020&Variable=Issuer,https://www.sedar.com/ModifyCompanyDocumentSearchForm.do?lang=EN&company_search=Freegold Ventures Ltd&document_selection=0&industry_group=A&FromDate=13&FromMonth=05&FromYear=2000&ToDate=13&ToMonth=11&ToYear=2020&Variable=Issuer,1620592344,16:32:24,20210509
35,2012-03-31,FVL.TO,USD,2012-03-31,2012-03-31,Q1,0.0,0.0,0.0,0.0,0.0,365435.848092,79696.504996,3890.910184,450920.608193,450920.608193,4113.419731,5788.255104,-445132.35308900004,0.0,-450920.608193,0.0,3890.910184,0.0,0.0,0.0,-441004.901224,0.0,-0.010023,-0.010023,61279514.0,61279514.0,https://www.sedar.com/ModifyCompanyDocumentSearchForm.do?lang=EN&company_search=Freegold Ventures Ltd&document_selection=0&industry_group=A&FromDate=13&FromMonth=05&FromYear=2000&ToDate=13&ToMonth=11&ToYear=2020&Variable=Issuer,https://www.sedar.com/ModifyCompanyDocumentSearchForm.do?lang=EN&company_search=Freegold Ventures Ltd&document_selection=0&industry_group=A&FromDate=13&FromMonth=05&FromYear=2000&ToDate=13&ToMonth=11&ToYear=2020&Variable=Issuer,1620592344,16:32:24,20210509
36,2011-12-31,FVL.TO,USD,2011-12-31,2011-12-31,Q4,0.0,0.0,0.0,0.0,0.0,603655.283283,171999.033593,0.0,995728.716327,995728.716327,12086.115351,-88498.568229,-1084227.284556,0.0,-995728.716327,0.0,-1567318.544732,0.0,0.0,0.0,-2512025.619644,0.0,-0.00917332868172895,-0.00917332868172895,273840141.0,273840141.0,https://www.sedar.com/ModifyCompanyDocumentSearchForm.do?lang=EN&company_search=Freegold Ventures Ltd&document_selection=0&industry_group=A&FromDate=13&FromMonth=05&FromYear=2000&ToDate=13&ToMonth=11&ToYear=2020&Variable=Issuer,https://www.sedar.com/ModifyCompanyDocumentSearchForm.do?lang=EN&company_search=Freegold Ventures Ltd&document_selection=0&industry_group=A&FromDate=13&FromMonth=05&FromYear=2000&ToDate=13&ToMonth=11&ToYear=2020&Variable=Issuer,1620592344,16:32:24,20210509
37,2011-09-30,FVL.TO,USD,2011-09-30,2011-09-30,Q3,0.0,0.0,0.0,0.0,0.0,279486.36407400004,99274.356751,0.0,411759.660788,411759.660788,17731.521634,31549.580804,-380210.07998399995,0.0,-411759.660788,0.0,1369.374578,-422355.208634,0.0,0.0,-422355.208634,0.0,-0.009637,-0.009637,47400296.0,47400296.0,https://www.sedar.com/ModifyCompanyDocumentSearchForm.do?lang=EN&company_search=Freegold Ventures Ltd&document_selection=0&industry_group=A&FromDate=13&FromMonth=05&FromYear=2000&ToDate=13&ToMonth=11&ToYear=2020&Variable=Issuer,https://www.sedar.com/ModifyCompanyDocumentSearchForm.do?lang=EN&company_search=Freegold Ventures Ltd&document_selection=0&industry_group=A&FromDate=13&FromMonth=05&FromYear=2000&ToDate=13&ToMonth=11&ToYear=2020&Variable=Issuer,1620592344,16:32:24,20210509
38,2011-06-30,FVL.TO,USD,2011-06-30,2011-06-30,Q2,0.0,0.0,0.0,0.0,0.0,1740381.200182,24207.037542,24426.960724,1765995.539586,1765995.539586,19061.041589,35346.720758,-1730648.818828,0.0,-1765995.539586,0.0,24426.960724,0.0,0.0,0.0,-1756216.701772,0.0,-0.0413,-0.0413,43030471.0,43030471.0,https://www.sedar.com/ModifyCompanyDocumentSearchForm.do?lang=EN&company_search=Freegold Ventures Ltd&document_selection=0&industry_group=A&FromDate=13&FromMonth=05&FromYear=2000&ToDate=13&ToMonth=11&ToYear=2020&Variable=Issuer,https://www.sedar.com/ModifyCompanyDocumentSearchForm.do?lang=EN&company_search=Freegold Ventures Ltd&document_selection=0&industry_group=A&FromDate=13&FromMonth=05&FromYear=2000&ToDate=13&ToMonth=11&ToYear=2020&Variable=Issuer,1620592344,16:32:24,20210509
39,2011-03-31,FVL.TO,USD,2011-03-31,2011-03-31,Q1,0.0,0.0,0.0,0.0,0.0,355782.942865,83038.552952,-76801.349919,438854.420677,438854.420677,22295.274254,38939.819531,-399914.60114600003,0.0,-438854.420677,0.0,-76801.349919,0.0,0.0,0.0,-533288.061652,0.0,-0.010289,-0.010289,38719391.0,38719391.0,https://www.sedar.com/ModifyCompanyDocumentSearchForm.do?lang=EN&company_search=Freegold Ventures Ltd&document_selection=0&industry_group=A&FromDate=13&FromMonth=05&FromYear=2000&ToDate=13&ToMonth=11&ToYear=2020&Variable=Issuer,https://www.sedar.com/ModifyCompanyDocumentSearchForm.do?lang=EN&company_search=Freegold Ventures Ltd&document_selection=0&industry_group=A&FromDate=13&FromMonth=05&FromYear=2000&ToDate=13&ToMonth=11&ToYear=2020&Variable=Issuer,1620592344,16:32:24,20210509
40,2010-12-31,FVL.TO,USD,2010-12-31,2010-12-31,Q4,0.0,0.0,0.0,0.0,0.0,507628.753348,24302.786995,-151143.930133,538522.756576,538522.756576,169771.205942,79067.022275,-459455.734301,0.0,-538522.756576,0.0,-665909.567631,0.0,0.0,0.0,-579213.484865,0.0,-0.0021151518646968562,-0.0021151518646968562,273840141.0,273840141.0,https://www.sedar.com/ModifyCompanyDocumentSearchForm.do?lang=EN&company_search=Freegold Ventures Ltd&document_selection=0&industry_group=A&FromDate=13&FromMonth=05&FromYear=2000&ToDate=13&ToMonth=11&ToYear=2020&Variable=Issuer,https://www.sedar.com/ModifyCompanyDocumentSearchForm.do?lang=EN&company_search=Freegold Ventures Ltd&document_selection=0&industry_group=A&FromDate=13&FromMonth=05&FromYear=2000&ToDate=13&ToMonth=11&ToYear=2020&Variable=Issuer,1620592344,16:32:24,20210509
41,2010-09-30,FVL.TO,USD,2010-09-30,2010-09-30,Q3,0.0,0.0,0.0,0.0,0.0,171972.28145,2818.375654,-187546.036053,177142.857143,177142.857143,58166.311301,61262.754749,-115880.102394,0.0,-177142.857143,0.0,-187546.036053,0.0,0.0,0.0,-422855.204497,0.0,-0.029075,-0.029075,16858884.0,16858884.0,https://www.sedar.com/ModifyCompanyDocumentSearchForm.do?lang=EN&company_search=Freegold Ventures Ltd&document_selection=0&industry_group=A&FromDate=13&FromMonth=05&FromYear=2000&ToDate=13&ToMonth=11&ToYear=2020&Variable=Issuer,https://www.sedar.com/ModifyCompanyDocumentSearchForm.do?lang=EN&company_search=Freegold Ventures Ltd&document_selection=0&industry_group=A&FromDate=13&FromMonth=05&FromYear=2000&ToDate=13&ToMonth=11&ToYear=2020&Variable=Issuer,1620592344,16:32:24,20210509
42,2010-06-30,FVL.TO,USD,2010-06-30,2010-06-30,Q2,0.0,0.0,0.0,0.0,0.0,149481.073902,0.0,-94641.874585,151783.512001,151783.512001,27554.311735,59599.157988,-92184.354013,0.0,-151783.512001,0.0,-94641.874585,0.0,0.0,0.0,-273817.474623,0.0,-0.01624169917802554,-0.01624169917802554,16858918.0,16858918.0,https://www.sedar.com/ModifyCompanyDocumentSearchForm.do?lang=EN&company_search=Freegold Ventures Ltd&document_selection=0&industry_group=A&FromDate=13&FromMonth=05&FromYear=2000&ToDate=13&ToMonth=11&ToYear=2020&Variable=Issuer,https://www.sedar.com/ModifyCompanyDocumentSearchForm.do?lang=EN&company_search=Freegold Ventures Ltd&document_selection=0&industry_group=A&FromDate=13&FromMonth=05&FromYear=2000&ToDate=13&ToMonth=11&ToYear=2020&Variable=Issuer,1620592344,16:32:24,20210509
43,2010-03-31,FVL.TO,USD,2010-03-31,2010-03-31,Q1,0.0,0.0,0.0,0.0,0.0,494500.686678,20585.638611,29496.762802,517467.137532,517467.137532,23971.944281,68603.099863,-448864.03766900004,0.0,-517467.137532,0.0,29496.762802,0.0,0.0,0.0,-511942.319011,0.0,-0.058858,-0.058858,15728848.0,15728848.0,https://www.sedar.com/ModifyCompanyDocumentSearchForm.do?lang=EN&company_search=Freegold Ventures Ltd&document_selection=0&industry_group=A&FromDate=13&FromMonth=05&FromYear=2000&ToDate=13&ToMonth=11&ToYear=2020&Variable=Issuer,https://www.sedar.com/ModifyCompanyDocumentSearchForm.do?lang=EN&company_search=Freegold Ventures Ltd&document_selection=0&industry_group=A&FromDate=13&FromMonth=05&FromYear=2000&ToDate=13&ToMonth=11&ToYear=2020&Variable=Issuer,1620592344,16:32:24,20210509
44,2009-12-31,FVL.TO,USD,2009-12-31,2009-12-31,Q4,0.0,0.0,0.0,0.0,0.0,78248.618696,13933.611723,45839.119755,93354.562819,93354.562819,86249.703963,81920.760365,-11433.802454000004,0.0,-93354.562819,0.0,-167732.89363,0.0,0.0,0.0,-347133.741446,0.0,-0.001267651046988031,-0.001267651046988031,273840141.0,273840141.0,https://www.sedar.com/ModifyCompanyDocumentSearchForm.do?lang=EN&company_search=Freegold Ventures Ltd&document_selection=0&industry_group=A&FromDate=13&FromMonth=05&FromYear=2000&ToDate=13&ToMonth=11&ToYear=2020&Variable=Issuer,https://www.sedar.com/ModifyCompanyDocumentSearchForm.do?lang=EN&company_search=Freegold Ventures Ltd&document_selection=0&industry_group=A&FromDate=13&FromMonth=05&FromYear=2000&ToDate=13&ToMonth=11&ToYear=2020&Variable=Issuer,1620592344,16:32:24,20210509
45,2009-09-30,FVL.TO,USD,2009-09-30,2009-09-30,Q3,0.0,0.0,0.0,0.0,0.0,362557.76967,19646.365422,740270.37141,385102.441763,385102.441763,609253.438114,100152.230352,-284950.211411,0.0,-385102.441763,0.0,-1952916.081953,0.0,0.0,0.0,-2947271.96183,0.0,-0.280662,-0.280662,11651538.0,11651538.0,https://www.sedar.com/ModifyCompanyDocumentSearchForm.do?lang=EN&company_search=Freegold Ventures Ltd&document_selection=0&industry_group=A&FromDate=13&FromMonth=05&FromYear=2000&ToDate=13&ToMonth=11&ToYear=2020&Variable=Issuer,https://www.sedar.com/ModifyCompanyDocumentSearchForm.do?lang=EN&company_search=Freegold Ventures Ltd&document_selection=0&industry_group=A&FromDate=13&FromMonth=05&FromYear=2000&ToDate=13&ToMonth=11&ToYear=2020&Variable=Issuer,1620592344,16:32:24,20210509
46,2009-06-30,FVL.TO,USD,2009-06-30,2009-06-30,Q2,0.0,0.0,0.0,0.0,0.0,420074.077264,13590.59391,585231.922133,436333.175417,436333.175417,225187.992592,92688.588434,-343644.58698300004,0.0,-436333.175417,0.0,552002.239545,0.0,0.0,0.0,-109518.928464,0.0,-0.010005459429666788,-0.010005459429666788,10945917.0,10945917.0,https://www.sedar.com/ModifyCompanyDocumentSearchForm.do?lang=EN&company_search=Freegold Ventures Ltd&document_selection=0&industry_group=A&FromDate=13&FromMonth=05&FromYear=2000&ToDate=13&ToMonth=11&ToYear=2020&Variable=Issuer,https://www.sedar.com/ModifyCompanyDocumentSearchForm.do?lang=EN&company_search=Freegold Ventures Ltd&document_selection=0&industry_group=A&FromDate=13&FromMonth=05&FromYear=2000&ToDate=13&ToMonth=11&ToYear=2020&Variable=Issuer,1620592344,16:32:24,20210509
47,2009-03-31,FVL.TO,USD,2009-03-31,2009-03-31,Q1,0.0,0.0,0.0,0.0,0.0,454135.582482,21233.071989,-324220.321533,477822.127188,477822.127188,850304.902194,105472.400412,-372349.726776,0.0,-477822.127188,0.0,-324220.321533,0.0,0.0,0.0,-1652347.350915,0.0,-0.142551,-0.142551,10813268.0,10813268.0,https://www.sedar.com/ModifyCompanyDocumentSearchForm.do?lang=EN&company_search=Freegold Ventures Ltd&document_selection=0&industry_group=A&FromDate=13&FromMonth=05&FromYear=2000&ToDate=13&ToMonth=11&ToYear=2020&Variable=Issuer,https://www.sedar.com/ModifyCompanyDocumentSearchForm.do?lang=EN&company_search=Freegold Ventures Ltd&document_selection=0&industry_group=A&FromDate=13&FromMonth=05&FromYear=2000&ToDate=13&ToMonth=11&ToYear=2020&Variable=Issuer,1620592344,16:32:24,20210509
48,2008-12-31,FVL.TO,USD,2008-12-31,2008-12-31,Q4,0.0,0.0,0.0,0.0,0.0,0.0,0.0,0.0,-492796.609559,-492796.609559,279285.03608,69641.3795,562437.989059,0.0,492796.609559,0.0,-1155271.53722,0.0,0.0,0.0,-945993.356755,0.0,-0.0034545459745253344,-0.0034545459745253344,273840141.0,273840141.0,https://www.sedar.com/ModifyCompanyDocumentSearchForm.do?lang=EN&company_search=Freegold Ventures Ltd&document_selection=0&industry_group=A&FromDate=13&FromMonth=05&FromYear=2000&ToDate=13&ToMonth=11&ToYear=2020&Variable=Issuer,https://www.sedar.com/ModifyCompanyDocumentSearchForm.do?lang=EN&company_search=Freegold Ventures Ltd&document_selection=0&industry_group=A&FromDate=13&FromMonth=05&FromYear=2000&ToDate=13&ToMonth=11&ToYear=2020&Variable=Issuer,1620592344,16:32:24,20210509
49,2008-09-30,FVL.TO,USD,2008-09-30,2008-09-30,Q3,0.0,0.0,0.0,0.0,0.0,0.0,0.0,0.0,781985.641413,781985.641413,305240.884187,138873.039864,-643112.601549,0.0,-781985.641413,0.0,-193141.885509,0.0,0.0,0.0,-1277845.267334,0.0,-0.113357,-0.113357,11272748.0,11272748.0,https://www.sedar.com/ModifyCompanyDocumentSearchForm.do?lang=EN&company_search=Freegold Ventures Ltd&document_selection=0&industry_group=A&FromDate=13&FromMonth=05&FromYear=2000&ToDate=13&ToMonth=11&ToYear=2020&Variable=Issuer,https://www.sedar.com/ModifyCompanyDocumentSearchForm.do?lang=EN&company_search=Freegold Ventures Ltd&document_selection=0&industry_group=A&FromDate=13&FromMonth=05&FromYear=2000&ToDate=13&ToMonth=11&ToYear=2020&Variable=Issuer,1620592344,16:32:24,20210509
50,2008-06-30,FVL.TO,USD,2008-06-30,2008-06-30,Q2,0.0,0.0,0.0,0.0,0.0,0.0,0.0,0.0,845676.950285,845676.950285,7160.542346,121117.530382,-724559.419903,0.0,-845676.950285,0.0,-745.726076,0.0,0.0,0.0,-834438.003537,0.0,-0.058951,-0.058951,10750405.0,10750405.0,https://www.sedar.com/ModifyCompanyDocumentSearchForm.do?lang=EN&company_search=Freegold Ventures Ltd&document_selection=0&industry_group=A&FromDate=13&FromMonth=05&FromYear=2000&ToDate=13&ToMonth=11&ToYear=2020&Variable=Issuer,https://www.sedar.com/ModifyCompanyDocumentSearchForm.do?lang=EN&company_search=Freegold Ventures Ltd&document_selection=0&industry_group=A&FromDate=13&FromMonth=05&FromYear=2000&ToDate=13&ToMonth=11&ToYear=2020&Variable=Issuer,1620592344,16:32:24,20210509
51,2008-03-31,FVL.TO,USD,2008-03-31,2008-03-31,Q1,0.0,0.0,0.0,0.0,0.0,0.0,0.0,0.0,1301626.348003,1301626.348003,1477.703294,63862.819392,-1237763.528611,0.0,-1301626.348003,0.0,37127.173807,0.0,0.0,0.0,-1253323.617993,0.0,-0.116584,-0.116584,10750405.0,10750405.0,https://www.sedar.com/ModifyCompanyDocumentSearchForm.do?lang=EN&company_search=Freegold Ventures Ltd&document_selection=0&industry_group=A&FromDate=13&FromMonth=05&FromYear=2000&ToDate=13&ToMonth=11&ToYear=2020&Variable=Issuer,https://www.sedar.com/ModifyCompanyDocumentSearchForm.do?lang=EN&company_search=Freegold Ventures Ltd&document_selection=0&industry_group=A&FromDate=13&FromMonth=05&FromYear=2000&ToDate=13&ToMonth=11&ToYear=2020&Variable=Issuer,1620592344,16:32:24,20210509
52,2007-12-31,FVL.TO,USD,2007-12-31,2007-12-31,Q4,0.0,0.0,0.0,0.0,0.0,0.0,0.0,-51933.927713,1440031.075302,1440031.075302,3678.523641,0.0,-1186049.71375,0.0,-1440031.075302,0.0,-305915.289265,0.0,0.0,0.0,-1669392.145613,0.0,-0.006096228768787407,-0.006096228768787407,273840141.0,273840141.0,https://www.sedar.com/ModifyCompanyDocumentSearchForm.do?lang=EN&company_search=Freegold Ventures Ltd&document_selection=0&industry_group=A&FromDate=13&FromMonth=05&FromYear=2000&ToDate=13&ToMonth=11&ToYear=2020&Variable=Issuer,https://www.sedar.com/ModifyCompanyDocumentSearchForm.do?lang=EN&company_search=Freegold Ventures Ltd&document_selection=0&industry_group=A&FromDate=13&FromMonth=05&FromYear=2000&ToDate=13&ToMonth=11&ToYear=2020&Variable=Issuer,1620592344,16:32:24,20210509
53,2007-09-30,FVL.TO,USD,2007-09-30,2007-09-30,Q3,0.0,0.0,0.0,0.0,0.0,0.0,0.0,7651.087832,843986.704271,843986.704271,2259.26672,0.0,530310.233683,0.0,-843986.704271,0.0,-1366645.850121,0.0,0.0,0.0,-2198015.713135,0.0,-0.24174,-0.24174,9430570.0,9430570.0,https://www.sedar.com/ModifyCompanyDocumentSearchForm.do?lang=EN&company_search=Freegold Ventures Ltd&document_selection=0&industry_group=A&FromDate=13&FromMonth=05&FromYear=2000&ToDate=13&ToMonth=11&ToYear=2020&Variable=Issuer,https://www.sedar.com/ModifyCompanyDocumentSearchForm.do?lang=EN&company_search=Freegold Ventures Ltd&document_selection=0&industry_group=A&FromDate=13&FromMonth=05&FromYear=2000&ToDate=13&ToMonth=11&ToYear=2020&Variable=Issuer,1620592344,16:32:24,20210509
54,2007-06-30,FVL.TO,USD,2007-06-30,2007-06-30,Q2,0.0,0.0,0.0,0.0,0.0,0.0,0.0,0.0,297649.600752,297649.600752,2140.911226,0.0,-297649.600752,0.0,-297649.600752,0.0,28030.061062,0.0,0.0,0.0,-264897.134805,0.0,-0.028839,-0.028839,9185451.0,9185451.0,https://www.sedar.com/ModifyCompanyDocumentSearchForm.do?lang=EN&company_search=Freegold Ventures Ltd&document_selection=0&industry_group=A&FromDate=13&FromMonth=05&FromYear=2000&ToDate=13&ToMonth=11&ToYear=2020&Variable=Issuer,https://www.sedar.com/ModifyCompanyDocumentSearchForm.do?lang=EN&company_search=Freegold Ventures Ltd&document_selection=0&industry_group=A&FromDate=13&FromMonth=05&FromYear=2000&ToDate=13&ToMonth=11&ToYear=2020&Variable=Issuer,1620592344,16:32:24,20210509
55,2007-03-31,FVL.TO,USD,2007-03-31,2007-03-31,Q1,0.0,0.0,0.0,0.0,0.0,0.0,0.0,0.0,286391.29681,286391.29681,0.0,0.0,-286391.29681,0.0,-286391.29681,0.0,90731.622746,0.0,0.0,0.0,-237505.20111,0.0,-0.052011,-0.052011,7915719.0,7915719.0,https://www.sedar.com/ModifyCompanyDocumentSearchForm.do?lang=EN&company_search=Freegold Ventures Ltd&document_selection=0&industry_group=A&FromDate=13&FromMonth=05&FromYear=2000&ToDate=13&ToMonth=11&ToYear=2020&Variable=Issuer,https://www.sedar.com/ModifyCompanyDocumentSearchForm.do?lang=EN&company_search=Freegold Ventures Ltd&document_selection=0&industry_group=A&FromDate=13&FromMonth=05&FromYear=2000&ToDate=13&ToMonth=11&ToYear=2020&Variable=Issuer,1620592344,16:32:24,20210509
56,2006-12-31,FVL.TO,USD,2006-12-31,2006-12-31,Q4,0.0,0.0,0.0,0.0,0.0,0.0,0.0,-1483.948447,576010.178524,576010.178524,0.0,0.0,-588540.756569,0.0,-576010.178524,0.0,11046.629598,0.0,0.0,0.0,-576280.030988,0.0,-0.0021044395788125158,-0.0021044395788125158,273840141.0,273840141.0,https://www.sedar.com/ModifyCompanyDocumentSearchForm.do?lang=EN&company_search=Freegold Ventures Ltd&document_selection=0&industry_group=A&FromDate=13&FromMonth=05&FromYear=2000&ToDate=13&ToMonth=11&ToYear=2020&Variable=Issuer,https://www.sedar.com/ModifyCompanyDocumentSearchForm.do?lang=EN&company_search=Freegold Ventures Ltd&document_selection=0&industry_group=A&FromDate=13&FromMonth=05&FromYear=2000&ToDate=13&ToMonth=11&ToYear=2020&Variable=Issuer,1620592344,16:32:24,20210509
57,2006-09-30,FVL.TO,USD,2006-09-30,2006-09-30,Q3,0.0,0.0,0.0,0.0,0.0,0.0,0.0,1037.07684,248513.34408,248513.34408,0.0,0.0,49540.569586,0.0,-248513.34408,0.0,-297016.836826,0.0,0.0,0.0,-536727.565825,0.0,-0.080602,-0.080602,6466974.0,6466974.0,https://www.sedar.com/ModifyCompanyDocumentSearchForm.do?lang=EN&company_search=Freegold Ventures Ltd&document_selection=0&industry_group=A&FromDate=13&FromMonth=05&FromYear=2000&ToDate=13&ToMonth=11&ToYear=2020&Variable=Issuer,https://www.sedar.com/ModifyCompanyDocumentSearchForm.do?lang=EN&company_search=Freegold Ventures Ltd&document_selection=0&industry_group=A&FromDate=13&FromMonth=05&FromYear=2000&ToDate=13&ToMonth=11&ToYear=2020&Variable=Issuer,1620592344,16:32:24,20210509
58,2006-06-30,FVL.TO,USD,2006-06-30,2006-06-30,Q2,0.0,0.0,0.0,0.0,0.0,0.0,0.0,0.0,236355.232454,236355.232454,0.0,0.0,-236355.232454,0.0,-236355.232454,0.0,49634.715491,0.0,0.0,0.0,-175765.571711,0.0,-0.026925,-0.026925,6463641.0,6463641.0,https://www.sedar.com/ModifyCompanyDocumentSearchForm.do?lang=EN&company_search=Freegold Ventures Ltd&document_selection=0&industry_group=A&FromDate=13&FromMonth=05&FromYear=2000&ToDate=13&ToMonth=11&ToYear=2020&Variable=Issuer,https://www.sedar.com/ModifyCompanyDocumentSearchForm.do?lang=EN&company_search=Freegold Ventures Ltd&document_selection=0&industry_group=A&FromDate=13&FromMonth=05&FromYear=2000&ToDate=13&ToMonth=11&ToYear=2020&Variable=Issuer,1620592344,16:32:24,20210509
59,2006-03-31,FVL.TO,USD,2006-03-31,2006-03-31,Q1,0.0,0.0,0.0,0.0,0.0,0.0,0.0,0.0,225724.824155,225724.824155,0.0,0.0,-225724.824155,0.0,-225724.824155,0.0,0.0,0.0,0.0,0.0,-222587.064677,0.0,-0.051467,-0.051467,5518776.0,5518776.0,https://www.sedar.com/ModifyCompanyDocumentSearchForm.do?lang=EN&company_search=Freegold Ventures Ltd&document_selection=0&industry_group=A&FromDate=13&FromMonth=05&FromYear=2000&ToDate=13&ToMonth=11&ToYear=2020&Variable=Issuer,https://www.sedar.com/ModifyCompanyDocumentSearchForm.do?lang=EN&company_search=Freegold Ventures Ltd&document_selection=0&industry_group=A&FromDate=13&FromMonth=05&FromYear=2000&ToDate=13&ToMonth=11&ToYear=2020&Variable=Issuer,1620592344,16:32:24,20210509
60,2005-12-31,FVL.TO,USD,2005-12-31,2005-12-31,Q4,0.0,0.0,0.0,0.0,0.0,0.0,0.0,0.0,305510.100258,305510.100258,0.0,0.0,-305510.100258,0.0,-305510.100258,0.0,-11712.307948,0.0,0.0,0.0,-321742.363712,0.0,-0.0011749276878731962,-0.0011749276878731962,273840141.0,273840141.0,https://www.sedar.com/ModifyCompanyDocumentSearchForm.do?lang=EN&company_search=Freegold Ventures Ltd&document_selection=0&industry_group=A&FromDate=13&FromMonth=05&FromYear=2000&ToDate=13&ToMonth=11&ToYear=2020&Variable=Issuer,https://www.sedar.com/ModifyCompanyDocumentSearchForm.do?lang=EN&company_search=Freegold Ventures Ltd&document_selection=0&industry_group=A&FromDate=13&FromMonth=05&FromYear=2000&ToDate=13&ToMonth=11&ToYear=2020&Variable=Issuer,1620592344,16:32:24,20210509
61,2005-09-30,FVL.TO,USD,2005-09-30,2005-09-30,Q3,0.0,0.0,0.0,0.0,0.0,0.0,0.0,0.0,317519.459855,317519.459855,0.0,0.0,-317519.459855,0.0,-317519.459855,0.0,-31739.560487,0.0,0.0,0.0,-343354.405883,0.0,-0.068631,-0.068631,5002877.0,5002877.0,https://www.sedar.com/ModifyCompanyDocumentSearchForm.do?lang=EN&company_search=Freegold Ventures Ltd&document_selection=0&industry_group=A&FromDate=13&FromMonth=05&FromYear=2000&ToDate=13&ToMonth=11&ToYear=2020&Variable=Issuer,https://www.sedar.com/ModifyCompanyDocumentSearchForm.do?lang=EN&company_search=Freegold Ventures Ltd&document_selection=0&industry_group=A&FromDate=13&FromMonth=05&FromYear=2000&ToDate=13&ToMonth=11&ToYear=2020&Variable=Issuer,1620592344,16:32:24,20210509
62,2005-06-30,FVL.TO,USD,2005-06-30,2005-06-30,Q2,0.0,0.0,0.0,0.0,0.0,0.0,0.0,0.0,240903.970483,240903.970483,0.0,0.0,-240903.970483,0.0,-240903.970483,0.0,0.0,0.0,0.0,0.0,-236877.163195,0.0,-0.047019,-0.047019,5002877.0,5002877.0,https://www.sedar.com/ModifyCompanyDocumentSearchForm.do?lang=EN&company_search=Freegold Ventures Ltd&document_selection=0&industry_group=A&FromDate=13&FromMonth=05&FromYear=2000&ToDate=13&ToMonth=11&ToYear=2020&Variable=Issuer,https://www.sedar.com/ModifyCompanyDocumentSearchForm.do?lang=EN&company_search=Freegold Ventures Ltd&document_selection=0&industry_group=A&FromDate=13&FromMonth=05&FromYear=2000&ToDate=13&ToMonth=11&ToYear=2020&Variable=Issuer,1620592344,16:32:24,20210509
63,2005-03-31,FVL.TO,USD,2005-03-31,2005-03-31,Q1,0.0,0.0,0.0,0.0,0.0,0.0,0.0,0.0,256224.683806,256224.683806,0.0,0.0,-256224.683806,0.0,-256224.683806,0.0,0.0,0.0,0.0,0.0,-253273.538894,0.0,-0.049599,-0.049599,5002877.0,5002877.0,https://www.sedar.com/ModifyCompanyDocumentSearchForm.do?lang=EN&company_search=Freegold Ventures Ltd&document_selection=0&industry_group=A&FromDate=13&FromMonth=05&FromYear=2000&ToDate=13&ToMonth=11&ToYear=2020&Variable=Issuer,https://www.sedar.com/ModifyCompanyDocumentSearchForm.do?lang=EN&company_search=Freegold Ventures Ltd&document_selection=0&industry_group=A&FromDate=13&FromMonth=05&FromYear=2000&ToDate=13&ToMonth=11&ToYear=2020&Variable=Issuer,1620592344,16:32:24,20210509
64,2004-12-31,FVL.TO,USD,2004-12-31,2004-12-31,Q4,0.0,0.0,0.0,0.0,0.0,0.0,0.0,0.0,413380.183932,413380.183932,0.0,0.0,-413380.183932,0.0,-413380.183932,0.0,-604702.062275,0.0,0.0,0.0,-1013472.58287,0.0,-0.003700964289490342,-0.003700964289490342,273840141.0,273840141.0,https://www.sedar.com/ModifyCompanyDocumentSearchForm.do?lang=EN&company_search=Freegold Ventures Ltd&document_selection=0&industry_group=A&FromDate=13&FromMonth=05&FromYear=2000&ToDate=13&ToMonth=11&ToYear=2020&Variable=Issuer,https://www.sedar.com/ModifyCompanyDocumentSearchForm.do?lang=EN&company_search=Freegold Ventures Ltd&document_selection=0&industry_group=A&FromDate=13&FromMonth=05&FromYear=2000&ToDate=13&ToMonth=11&ToYear=2020&Variable=Issuer,1620592344,16:32:24,20210509
65,2004-09-30,FVL.TO,USD,2004-09-30,2004-09-30,Q3,0.0,0.0,0.0,0.0,0.0,0.0,0.0,0.0,308314.369762,308314.369762,0.0,0.0,-308314.369762,0.0,-308314.369762,0.0,5038.89184,0.0,0.0,0.0,-293797.921011,0.0,-0.064701,-0.064701,4539126.0,4539126.0,https://www.sedar.com/ModifyCompanyDocumentSearchForm.do?lang=EN&company_search=Freegold Ventures Ltd&document_selection=0&industry_group=A&FromDate=13&FromMonth=05&FromYear=2000&ToDate=13&ToMonth=11&ToYear=2020&Variable=Issuer,https://www.sedar.com/ModifyCompanyDocumentSearchForm.do?lang=EN&company_search=Freegold Ventures Ltd&document_selection=0&industry_group=A&FromDate=13&FromMonth=05&FromYear=2000&ToDate=13&ToMonth=11&ToYear=2020&Variable=Issuer,1620592344,16:32:24,20210509
66,2004-06-30,FVL.TO,USD,2004-06-30,2004-06-30,Q2,0.0,0.0,0.0,0.0,0.0,0.0,0.0,0.0,189302.109274,189302.109274,0.0,0.0,-189302.109274,0.0,-189302.109274,0.0,19545.290888,0.0,0.0,0.0,-153946.263014,0.0,-0.034654,-0.034654,4464126.0,4464126.0,https://www.sedar.com/ModifyCompanyDocumentSearchForm.do?lang=EN&company_search=Freegold Ventures Ltd&document_selection=0&industry_group=A&FromDate=13&FromMonth=05&FromYear=2000&ToDate=13&ToMonth=11&ToYear=2020&Variable=Issuer,https://www.sedar.com/ModifyCompanyDocumentSearchForm.do?lang=EN&company_search=Freegold Ventures Ltd&document_selection=0&industry_group=A&FromDate=13&FromMonth=05&FromYear=2000&ToDate=13&ToMonth=11&ToYear=2020&Variable=Issuer,1620592344,16:32:24,20210509
67,2004-03-31,FVL.TO,USD,2004-03-31,2004-03-31,Q1,0.0,0.0,0.0,0.0,0.0,0.0,0.0,0.0,218899.193118,218899.193118,0.0,0.0,-218899.193118,0.0,-218899.193118,0.0,16741.660438,0.0,0.0,0.0,-201261.420662,0.0,-0.04593,-0.04593,4381959.0,4381959.0,https://www.sedar.com/ModifyCompanyDocumentSearchForm.do?lang=EN&company_search=Freegold Ventures Ltd&document_selection=0&industry_group=A&FromDate=13&FromMonth=05&FromYear=2000&ToDate=13&ToMonth=11&ToYear=2020&Variable=Issuer,https://www.sedar.com/ModifyCompanyDocumentSearchForm.do?lang=EN&company_search=Freegold Ventures Ltd&document_selection=0&industry_group=A&FromDate=13&FromMonth=05&FromYear=2000&ToDate=13&ToMonth=11&ToYear=2020&Variable=Issuer,1620592344,16:32:24,20210509
68,2003-12-31,FVL.TO,USD,2003-12-31,2003-12-31,Q4,0.0,0.0,0.0,0.0,0.0,0.0,0.0,0.0,453045.347112,453045.347112,1092.800419,0.0,-453045.347112,0.0,-453045.347112,0.0,0.0,0.0,0.0,0.0,-396522.385634,0.0,-0.0014480067976374582,-0.0014480067976374582,273840141.0,273840141.0,https://www.sedar.com/ModifyCompanyDocumentSearchForm.do?lang=EN&company_search=Freegold Ventures Ltd&document_selection=0&industry_group=A&FromDate=13&FromMonth=05&FromYear=2000&ToDate=13&ToMonth=11&ToYear=2020&Variable=Issuer,https://www.sedar.com/ModifyCompanyDocumentSearchForm.do?lang=EN&company_search=Freegold Ventures Ltd&document_selection=0&industry_group=A&FromDate=13&FromMonth=05&FromYear=2000&ToDate=13&ToMonth=11&ToYear=2020&Variable=Issuer,1620592344,16:32:24,20210509
69,2003-09-30,FVL.TO,USD,2003-09-30,2003-09-30,Q3,0.0,0.0,0.0,0.0,0.0,0.0,0.0,0.0,155707.492401,155707.492401,310.611831,0.0,-155707.492401,0.0,-155707.492401,0.0,0.0,0.0,0.0,0.0,-154232.825754,0.0,-0.050142,-0.050142,3085612.0,3085612.0,https://www.sedar.com/ModifyCompanyDocumentSearchForm.do?lang=EN&company_search=Freegold Ventures Ltd&document_selection=0&industry_group=A&FromDate=13&FromMonth=05&FromYear=2000&ToDate=13&ToMonth=11&ToYear=2020&Variable=Issuer,https://www.sedar.com/ModifyCompanyDocumentSearchForm.do?lang=EN&company_search=Freegold Ventures Ltd&document_selection=0&industry_group=A&FromDate=13&FromMonth=05&FromYear=2000&ToDate=13&ToMonth=11&ToYear=2020&Variable=Issuer,1620592344,16:32:24,20210509
70,2003-06-30,FVL.TO,USD,2003-06-30,2003-06-30,Q2,0.0,0.0,0.0,0.0,0.0,0.0,0.0,0.0,233391.735586,233391.735586,0.0,0.0,-233391.735586,0.0,-233391.735586,0.0,0.0,0.0,0.0,0.0,-232938.128257,0.0,-0.075279,-0.075279,3085612.0,3085612.0,https://www.sedar.com/ModifyCompanyDocumentSearchForm.do?lang=EN&company_search=Freegold Ventures Ltd&document_selection=0&industry_group=A&FromDate=13&FromMonth=05&FromYear=2000&ToDate=13&ToMonth=11&ToYear=2020&Variable=Issuer,https://www.sedar.com/ModifyCompanyDocumentSearchForm.do?lang=EN&company_search=Freegold Ventures Ltd&document_selection=0&industry_group=A&FromDate=13&FromMonth=05&FromYear=2000&ToDate=13&ToMonth=11&ToYear=2020&Variable=Issuer,1620592344,16:32:24,20210509
71,2003-03-31,FVL.TO,USD,2003-03-31,2003-03-31,Q1,0.0,0.0,0.0,0.0,0.0,0.0,0.0,0.0,115571.81594,115571.81594,0.0,0.0,-115571.81594,0.0,-115571.81594,0.0,0.0,0.0,0.0,0.0,-115661.747673,0.0,-0.044864,-0.044864,2578078.0,2578078.0,https://www.sedar.com/ModifyCompanyDocumentSearchForm.do?lang=EN&company_search=Freegold Ventures Ltd&document_selection=0&industry_group=A&FromDate=13&FromMonth=05&FromYear=2000&ToDate=13&ToMonth=11&ToYear=2020&Variable=Issuer,https://www.sedar.com/ModifyCompanyDocumentSearchForm.do?lang=EN&company_search=Freegold Ventures Ltd&document_selection=0&industry_group=A&FromDate=13&FromMonth=05&FromYear=2000&ToDate=13&ToMonth=11&ToYear=2020&Variable=Issuer,1620592344,16:32:24,20210509
72,2002-12-31,FVL.TO,USD,2002-12-31,2002-12-31,Q4,0.0,0.0,0.0,0.0,0.0,0.0,0.0,0.0,267403.084179,267403.084179,917.618271,0.0,-267403.084179,0.0,-267403.084179,0.0,-77535.167428,0.0,0.0,0.0,-345788.630604,0.0,-0.0012627390175204446,-0.0012627390175204446,273840141.0,273840141.0,https://www.sedar.com/ModifyCompanyDocumentSearchForm.do?lang=EN&company_search=Freegold Ventures Ltd&document_selection=0&industry_group=A&FromDate=13&FromMonth=05&FromYear=2000&ToDate=13&ToMonth=11&ToYear=2020&Variable=Issuer,https://www.sedar.com/ModifyCompanyDocumentSearchForm.do?lang=EN&company_search=Freegold Ventures Ltd&document_selection=0&industry_group=A&FromDate=13&FromMonth=05&FromYear=2000&ToDate=13&ToMonth=11&ToYear=2020&Variable=Issuer,1620592344,16:32:24,20210509
73,2002-09-30,FVL.TO,USD,2002-09-30,2002-09-30,Q3,0.0,0.0,0.0,0.0,0.0,80139.882171,0.0,0.0,80139.882171,80139.882171,473.205003,0.0,-80139.882171,0.0,-80139.882171,0.0,-1719.148782,0.0,0.0,0.0,-80348.445229,0.0,-0.038137,-0.038137,2106864.0,2106864.0,https://www.sedar.com/ModifyCompanyDocumentSearchForm.do?lang=EN&company_search=Freegold Ventures Ltd&document_selection=0&industry_group=A&FromDate=13&FromMonth=05&FromYear=2000&ToDate=13&ToMonth=11&ToYear=2020&Variable=Issuer,https://www.sedar.com/ModifyCompanyDocumentSearchForm.do?lang=EN&company_search=Freegold Ventures Ltd&document_selection=0&industry_group=A&FromDate=13&FromMonth=05&FromYear=2000&ToDate=13&ToMonth=11&ToYear=2020&Variable=Issuer,1620592344,16:32:24,20210509
74,2002-06-30,FVL.TO,USD,2002-06-30,2002-06-30,Q2,0.0,0.0,0.0,0.0,0.0,86136.498516,0.0,0.0,86136.498516,86136.498516,1996.702934,0.0,-86136.498516,0.0,-86136.498516,0.0,1899.709255,0.0,0.0,0.0,-87938.015167,0.0,-0.04178,-0.04178,2104781.0,2104781.0,https://www.sedar.com/ModifyCompanyDocumentSearchForm.do?lang=EN&company_search=Freegold Ventures Ltd&document_selection=0&industry_group=A&FromDate=13&FromMonth=05&FromYear=2000&ToDate=13&ToMonth=11&ToYear=2020&Variable=Issuer,https://www.sedar.com/ModifyCompanyDocumentSearchForm.do?lang=EN&company_search=Freegold Ventures Ltd&document_selection=0&industry_group=A&FromDate=13&FromMonth=05&FromYear=2000&ToDate=13&ToMonth=11&ToYear=2020&Variable=Issuer,1620592344,16:32:24,20210509
75,2002-03-31,FVL.TO,USD,2002-03-31,2002-03-31,Q1,0.0,0.0,0.0,0.0,0.0,27085.083704,0.0,0.0,27085.083704,27085.083704,178.694589,0.0,-27085.083704,0.0,-27085.083704,0.0,36759.044454,0.0,0.0,0.0,9583.045959,0.0,0.005791,0.005791,1654780.0,1654780.0,https://www.sedar.com/ModifyCompanyDocumentSearchForm.do?lang=EN&company_search=Freegold Ventures Ltd&document_selection=0&industry_group=A&FromDate=13&FromMonth=05&FromYear=2000&ToDate=13&ToMonth=11&ToYear=2020&Variable=Issuer,https://www.sedar.com/ModifyCompanyDocumentSearchForm.do?lang=EN&company_search=Freegold Ventures Ltd&document_selection=0&industry_group=A&FromDate=13&FromMonth=05&FromYear=2000&ToDate=13&ToMonth=11&ToYear=2020&Variable=Issuer,1620592344,16:32:24,20210509
76,2001-12-31,FVL.TO,USD,2001-12-31,2001-12-31,Q4,0.0,0.0,0.0,0.0,0.0,47689.195461,0.0,0.0,54525.336619,54525.336619,1541.124108,0.0,-54525.336619,0.0,-54525.336619,0.0,-2601158.827344,0.0,0.0,0.0,-2657239.458752,0.0,-0.009703615580419964,-0.009703615580419964,273840141.0,273840141.0,https://www.sedar.com/ModifyCompanyDocumentSearchForm.do?lang=EN&company_search=Freegold Ventures Ltd&document_selection=0&industry_group=A&FromDate=13&FromMonth=05&FromYear=2000&ToDate=13&ToMonth=11&ToYear=2020&Variable=Issuer,https://www.sedar.com/ModifyCompanyDocumentSearchForm.do?lang=EN&company_search=Freegold Ventures Ltd&document_selection=0&industry_group=A&FromDate=13&FromMonth=05&FromYear=2000&ToDate=13&ToMonth=11&ToYear=2020&Variable=Issuer,1620592344,16:32:24,20210509
77,2001-09-30,FVL.TO,USD,2001-09-30,2001-09-30,Q3,0.0,0.0,0.0,0.0,0.0,18753.963221,0.0,0.0,18753.963221,18753.963221,125.554851,0.0,-18753.963221,0.0,-18753.963221,0.0,3466.708941,0.0,0.0,0.0,-15316.423589,0.0,-0.01004,-0.01004,1525613.0,1525613.0,https://www.sedar.com/ModifyCompanyDocumentSearchForm.do?lang=EN&company_search=Freegold Ventures Ltd&document_selection=0&industry_group=A&FromDate=13&FromMonth=05&FromYear=2000&ToDate=13&ToMonth=11&ToYear=2020&Variable=Issuer,https://www.sedar.com/ModifyCompanyDocumentSearchForm.do?lang=EN&company_search=Freegold Ventures Ltd&document_selection=0&industry_group=A&FromDate=13&FromMonth=05&FromYear=2000&ToDate=13&ToMonth=11&ToYear=2020&Variable=Issuer,1620592344,16:32:24,20210509
78,2001-06-30,FVL.TO,USD,2001-06-30,2001-06-30,Q2,0.66072,0.0,0.66072,1.0,0.0,59930.624381,0.0,0.0,59930.624381,59930.624381,246.448629,0.0,-59929.96366,-90704.02539653712,-59929.96366,-90704.02539653712,80469.772052,0.0,0.0,0.0,20915.758176,31656.008863058483,0.01371,0.01371,1525613.0,1525613.0,https://www.sedar.com/ModifyCompanyDocumentSearchForm.do?lang=EN&company_search=Freegold Ventures Ltd&document_selection=0&industry_group=A&FromDate=13&FromMonth=05&FromYear=2000&ToDate=13&ToMonth=11&ToYear=2020&Variable=Issuer,https://www.sedar.com/ModifyCompanyDocumentSearchForm.do?lang=EN&company_search=Freegold Ventures Ltd&document_selection=0&industry_group=A&FromDate=13&FromMonth=05&FromYear=2000&ToDate=13&ToMonth=11&ToYear=2020&Variable=Issuer,1620592344,16:32:24,20210509
79,2001-03-31,FVL.TO,USD,2001-03-31,2001-03-31,Q1,0.634518,0.0,0.634518,1.0,0.0,31008.248731,0.0,0.0,31008.248731,31008.248731,142.766497,0.0,-31007.614213,-48867.98201627062,-31007.614213,-48867.98201627062,0.0,0.0,0.0,0.0,-30806.472081,-48550.982132894576,-0.020193,-0.020193,1525613.0,1525613.0,https://www.sedar.com/ModifyCompanyDocumentSearchForm.do?lang=EN&company_search=Freegold Ventures Ltd&document_selection=0&industry_group=A&FromDate=13&FromMonth=05&FromYear=2000&ToDate=13&ToMonth=11&ToYear=2020&Variable=Issuer,https://www.sedar.com/ModifyCompanyDocumentSearchForm.do?lang=EN&company_search=Freegold Ventures Ltd&document_selection=0&industry_group=A&FromDate=13&FromMonth=05&FromYear=2000&ToDate=13&ToMonth=11&ToYear=2020&Variable=Issuer,1620592344,16:32:24,20210509
80,2000-12-31,FVL.TO,USD,2000-12-31,2000-12-31,Q4,66817.622203,0.0,66817.622203,1.0,0.0,75407.289606,0.0,0.0,83364.608712,83364.608712,340.728326,0.0,-16546.986509,-0.2476440490313806,-16546.986509,-0.2476440490313806,-1777215.717895,0.0,0.0,0.0,-1789307.459249,-26.778975369893708,-0.006534131383057534,-0.006534131383057534,273840141.0,273840141.0,https://www.sedar.com/ModifyCompanyDocumentSearchForm.do?lang=EN&company_search=Freegold Ventures Ltd&document_selection=0&industry_group=A&FromDate=13&FromMonth=05&FromYear=2000&ToDate=13&ToMonth=11&ToYear=2020&Variable=Issuer,https://www.sedar.com/ModifyCompanyDocumentSearchForm.do?lang=EN&company_search=Freegold Ventures Ltd&document_selection=0&industry_group=A&FromDate=13&FromMonth=05&FromYear=2000&ToDate=13&ToMonth=11&ToYear=2020&Variable=Issuer,1620592344,16:32:24,20210509
81,2000-09-30,FVL.TO,USD,2000-09-30,2000-09-30,Q3,0.665602,0.0,0.665602,1.0,0.0,40367.412141,0.0,279665.867945,40367.412141,40367.412141,8970.314164,0.0,159313.764643,239352.89353547615,-40366.746539,-60646.97302442,79985.356763,0.0,0.0,0.0,49462.193823,74311.9669457123,0.033633,0.033633,1470627.0,1470627.0,https://www.sedar.com/ModifyCompanyDocumentSearchForm.do?lang=EN&company_search=Freegold Ventures Ltd&document_selection=0&industry_group=A&FromDate=13&FromMonth=05&FromYear=2000&ToDate=13&ToMonth=11&ToYear=2020&Variable=Issuer,https://www.sedar.com/ModifyCompanyDocumentSearchForm.do?lang=EN&company_search=Freegold Ventures Ltd&document_selection=0&industry_group=A&FromDate=13&FromMonth=05&FromYear=2000&ToDate=13&ToMonth=11&ToYear=2020&Variable=Issuer,1620592344,16:32:24,20210509
82,2000-06-30,FVL.TO,USD,2000-06-30,2000-06-30,Q2,67515.106505,0.0,0.0,0.0,0.0,67515.106505,0.0,0.0,67515.106505,67515.106505,0.0,0.0,-202545.319515,-3.0,0.0,0.0,202545.319515,0.0,0.0,0.0,135030.21301,2.0,0.162036,0.162036,1470627.0,1470627.0,https://www.sedar.com/ModifyCompanyDocumentSearchForm.do?lang=EN&company_search=Freegold Ventures Ltd&document_selection=0&industry_group=A&FromDate=13&FromMonth=05&FromYear=2000&ToDate=13&ToMonth=11&ToYear=2020&Variable=Issuer,https://www.sedar.com/ModifyCompanyDocumentSearchForm.do?lang=EN&company_search=Freegold Ventures Ltd&document_selection=0&industry_group=A&FromDate=13&FromMonth=05&FromYear=2000&ToDate=13&ToMonth=11&ToYear=2020&Variable=Issuer,1620592344,16:32:24,20210509
83,2000-03-31,FVL.TO,USD,2000-03-31,2000-03-31,Q1,68844.919933,0.0,68844.919933,1.0,0.0,68844.919933,0.0,0.0,68844.919933,68844.919933,0.0,0.0,0.0,0.0,0.0,0.0,0.0,0.0,0.0,0.0,-68844.919933,-1.0,-0.056133,-0.056133,1226460.0,1226460.0,https://www.sedar.com/ModifyCompanyDocumentSearchForm.do?lang=EN&company_search=Freegold Ventures Ltd&document_selection=0&industry_group=A&FromDate=13&FromMonth=05&FromYear=2000&ToDate=13&ToMonth=11&ToYear=2020&Variable=Issuer,https://www.sedar.com/ModifyCompanyDocumentSearchForm.do?lang=EN&company_search=Freegold Ventures Ltd&document_selection=0&industry_group=A&FromDate=13&FromMonth=05&FromYear=2000&ToDate=13&ToMonth=11&ToYear=2020&Variable=Issuer,1620592344,16:32:24,20210509
84,1999-12-31,FVL.TO,USD,1999-12-31,1999-12-31,Q4,950.195582,0.0,0.0,0.0,0.0,72845.820405,0.0,0.0,72845.820405,72845.820405,0.0,0.0,10452.151399,10.999999996842757,-71895.624823,-75.66402768540762,-82347.776222,0.0,0.0,0.0,-223288.439124,-234.99208305517044,-0.0008153970353236123,-0.0008153970353236123,273840141.0,273840141.0,https://www.sedar.com/ModifyCompanyDocumentSearchForm.do?lang=EN&company_search=Freegold Ventures Ltd&document_selection=0&industry_group=A&FromDate=13&FromMonth=05&FromYear=2000&ToDate=13&ToMonth=11&ToYear=2020&Variable=Issuer,https://www.sedar.com/ModifyCompanyDocumentSearchForm.do?lang=EN&company_search=Freegold Ventures Ltd&document_selection=0&industry_group=A&FromDate=13&FromMonth=05&FromYear=2000&ToDate=13&ToMonth=11&ToYear=2020&Variable=Issuer,1620592344,16:32:24,20210509
85,1999-09-30,FVL.TO,USD,1999-09-30,1999-09-30,Q3,68094.842497,0.0,68094.842497,1.0,0.0,136189.684993,0.0,0.0,136189.684993,136189.684993,0.0,0.0,885232.952456,12.999999999926573,-68094.842497,-1.0,-953327.794953,0.0,0.0,0.0,-1021422.637449,-14.999999999911887,-1.143991,-1.143991,892859.0,892859.0,https://www.sedar.com/ModifyCompanyDocumentSearchForm.do?lang=EN&company_search=Freegold Ventures Ltd&document_selection=0&industry_group=A&FromDate=13&FromMonth=05&FromYear=2000&ToDate=13&ToMonth=11&ToYear=2020&Variable=Issuer,https://www.sedar.com/ModifyCompanyDocumentSearchForm.do?lang=EN&company_search=Freegold Ventures Ltd&document_selection=0&industry_group=A&FromDate=13&FromMonth=05&FromYear=2000&ToDate=13&ToMonth=11&ToYear=2020&Variable=Issuer,1620592344,16:32:24,20210509
86,1999-06-30,FVL.TO,USD,1999-06-30,1999-06-30,Q2,67834.781606,0.0,0.0,0.0,0.0,67834.781606,0.0,0.0,67834.781606,67834.781606,0.0,0.0,0.0,0.0,0.0,0.0,0.0,0.0,0.0,0.0,-67834.781606,-1.0,-0.077562,-0.077562,874585.0,874585.0,https://www.sedar.com/ModifyCompanyDocumentSearchForm.do?lang=EN&company_search=Freegold Ventures Ltd&document_selection=0&industry_group=A&FromDate=13&FromMonth=05&FromYear=2000&ToDate=13&ToMonth=11&ToYear=2020&Variable=Issuer,https://www.sedar.com/ModifyCompanyDocumentSearchForm.do?lang=EN&company_search=Freegold Ventures Ltd&document_selection=0&industry_group=A&FromDate=13&FromMonth=05&FromYear=2000&ToDate=13&ToMonth=11&ToYear=2020&Variable=Issuer,1620592344,16:32:24,20210509
87,1999-03-31,FVL.TO,USD,1999-03-31,1999-03-31,Q1,66269.930682,0.0,66269.930682,1.0,0.0,66269.930682,0.0,0.0,66269.930682,66269.930682,0.0,0.0,0.0,0.0,0.0,0.0,0.0,0.0,0.0,0.0,-66269.930682,-1.0,-0.159048,-0.159048,874585.0,874585.0,https://www.sedar.com/ModifyCompanyDocumentSearchForm.do?lang=EN&company_search=Freegold Ventures Ltd&document_selection=0&industry_group=A&FromDate=13&FromMonth=05&FromYear=2000&ToDate=13&ToMonth=11&ToYear=2020&Variable=Issuer,https://www.sedar.com/ModifyCompanyDocumentSearchForm.do?lang=EN&company_search=Freegold Ventures Ltd&document_selection=0&industry_group=A&FromDate=13&FromMonth=05&FromYear=2000&ToDate=13&ToMonth=11&ToYear=2020&Variable=Issuer,1620592344,16:32:24,20210509
88,1998-12-31,FVL.TO,USD,1998-12-31,1998-12-31,Q4,-519.408519,0.0,-519.408519,1.0,0.0,61354.066929,0.0,0.0,61354.066929,61354.066929,0.0,0.0,-61873.475448,119.12295078856803,-61873.475448,119.12295078856803,-519.408519,0.0,0.0,0.0,-126863.40201,244.24590157713607,-0.00046327540420744966,-0.00046327540420744966,273840141.0,273840141.0,https://www.sedar.com/ModifyCompanyDocumentSearchForm.do?lang=EN&company_search=Freegold Ventures Ltd&document_selection=0&industry_group=A&FromDate=13&FromMonth=05&FromYear=2000&ToDate=13&ToMonth=11&ToYear=2020&Variable=Issuer,https://www.sedar.com/ModifyCompanyDocumentSearchForm.do?lang=EN&company_search=Freegold Ventures Ltd&document_selection=0&industry_group=A&FromDate=13&FromMonth=05&FromYear=2000&ToDate=13&ToMonth=11&ToYear=2020&Variable=Issuer,1620592344,16:32:24,20210509
89,1998-09-30,FVL.TO,USD,1998-09-30,1998-09-30,Q3,65509.33508,0.0,65509.33508,1.0,0.0,131018.67016,0.0,0.0,131018.67016,131018.67016,0.0,0.0,-65509.33508,-1.0,-65509.33508,-1.0,0.0,0.0,0.0,0.0,-131018.67016,-2.0,-0.157222,-0.157222,833335.0,833335.0,https://www.sedar.com/ModifyCompanyDocumentSearchForm.do?lang=EN&company_search=Freegold Ventures Ltd&document_selection=0&industry_group=A&FromDate=13&FromMonth=05&FromYear=2000&ToDate=13&ToMonth=11&ToYear=2020&Variable=Issuer,https://www.sedar.com/ModifyCompanyDocumentSearchForm.do?lang=EN&company_search=Freegold Ventures Ltd&document_selection=0&industry_group=A&FromDate=13&FromMonth=05&FromYear=2000&ToDate=13&ToMonth=11&ToYear=2020&Variable=Issuer,1620592344,16:32:24,20210509
90,1998-06-30,FVL.TO,USD,1998-06-30,1998-06-30,Q2,68068.885712,0.0,0.0,0.0,0.0,204206.657137,0.0,0.0,204206.657137,204206.657137,0.0,0.0,-136137.771425,-2.000000000014691,-136137.771425,-2.000000000014691,0.0,0.0,0.0,0.0,-204206.657137,-3.000000000014691,-0.32673,-0.32673,625001.0,625001.0,https://www.sedar.com/ModifyCompanyDocumentSearchForm.do?lang=EN&company_search=Freegold Ventures Ltd&document_selection=0&industry_group=A&FromDate=13&FromMonth=05&FromYear=2000&ToDate=13&ToMonth=11&ToYear=2020&Variable=Issuer,https://www.sedar.com/ModifyCompanyDocumentSearchForm.do?lang=EN&company_search=Freegold Ventures Ltd&document_selection=0&industry_group=A&FromDate=13&FromMonth=05&FromYear=2000&ToDate=13&ToMonth=11&ToYear=2020&Variable=Issuer,1620592344,16:32:24,20210509
91,1998-03-31,FVL.TO,USD,1998-03-31,1998-03-31,Q1,70447.340613,0.0,0.0,0.0,0.0,140894.681226,0.0,0.0,140894.681226,140894.681226,0.0,0.0,-70447.340613,-1.0,-70447.340613,-1.0,0.0,0.0,0.0,0.0,-140894.681226,-2.0,-0.169073,-0.169073,833335.0,833335.0,https://www.sedar.com/ModifyCompanyDocumentSearchForm.do?lang=EN&company_search=Freegold Ventures Ltd&document_selection=0&industry_group=A&FromDate=13&FromMonth=05&FromYear=2000&ToDate=13&ToMonth=11&ToYear=2020&Variable=Issuer,https://www.sedar.com/ModifyCompanyDocumentSearchForm.do?lang=EN&company_search=Freegold Ventures Ltd&document_selection=0&industry_group=A&FromDate=13&FromMonth=05&FromYear=2000&ToDate=13&ToMonth=11&ToYear=2020&Variable=Issuer,1620592344,16:32:24,20210509
92,1997-12-31,FVL.TO,USD,1997-12-31,1997-12-31,Q4,-2509.126695,0.0,0.0,0.0,0.0,52317.315089,0.0,0.0,52317.315089,52317.315089,0.0,0.0,-54826.441784,21.850806455191776,-54826.441784,21.850806455191776,0.0,0.0,0.0,0.0,-404232.451568,161.10483873673027,-0.0014761621509974318,-0.0014761621509974318,273840141.0,273840141.0,https://www.sedar.com/ModifyCompanyDocumentSearchForm.do?lang=EN&company_search=Freegold Ventures Ltd&document_selection=0&industry_group=A&FromDate=13&FromMonth=05&FromYear=2000&ToDate=13&ToMonth=11&ToYear=2020&Variable=Issuer,https://www.sedar.com/ModifyCompanyDocumentSearchForm.do?lang=EN&company_search=Freegold Ventures Ltd&document_selection=0&industry_group=A&FromDate=13&FromMonth=05&FromYear=2000&ToDate=13&ToMonth=11&ToYear=2020&Variable=Issuer,1620592344,16:32:24,20210509
93,1997-09-30,FVL.TO,USD,1997-09-30,1997-09-30,Q3,72390.328652,0.0,0.0,0.0,0.0,144780.657304,0.0,0.0,144780.657304,144780.657304,0.0,0.0,-72390.328652,-1.0,-72390.328652,-1.0,0.0,0.0,0.0,0.0,-144780.657304,-2.0,-0.173736,-0.173736,833335.0,833335.0,https://www.sedar.com/ModifyCompanyDocumentSearchForm.do?lang=EN&company_search=Freegold Ventures Ltd&document_selection=0&industry_group=A&FromDate=13&FromMonth=05&FromYear=2000&ToDate=13&ToMonth=11&ToYear=2020&Variable=Issuer,https://www.sedar.com/ModifyCompanyDocumentSearchForm.do?lang=EN&company_search=Freegold Ventures Ltd&document_selection=0&industry_group=A&FromDate=13&FromMonth=05&FromYear=2000&ToDate=13&ToMonth=11&ToYear=2020&Variable=Issuer,1620592344,16:32:24,20210509
94,1997-06-30,FVL.TO,USD,1997-06-30,1997-06-30,Q2,72432.275822,0.0,72432.275822,1.0,0.0,217296.827466,0.0,0.0,217296.827466,217296.827466,0.0,0.0,-144864.551644,-2.0,-144864.551644,-2.0,0.0,0.0,0.0,0.0,-217296.827466,-3.0,-0.347674,-0.347674,625001.0,625001.0,https://www.sedar.com/ModifyCompanyDocumentSearchForm.do?lang=EN&company_search=Freegold Ventures Ltd&document_selection=0&industry_group=A&FromDate=13&FromMonth=05&FromYear=2000&ToDate=13&ToMonth=11&ToYear=2020&Variable=Issuer,https://www.sedar.com/ModifyCompanyDocumentSearchForm.do?lang=EN&company_search=Freegold Ventures Ltd&document_selection=0&industry_group=A&FromDate=13&FromMonth=05&FromYear=2000&ToDate=13&ToMonth=11&ToYear=2020&Variable=Issuer,1620592344,16:32:24,20210509
95,1997-03-31,FVL.TO,USD,1997-03-31,1997-03-31,Q1,72469.019494,0.0,72469.019494,1.0,0.0,144938.038988,0.0,0.0,144938.038988,144938.038988,0.0,0.0,-72469.019494,-1.0,-72469.019494,-1.0,0.0,0.0,0.0,0.0,-144938.038988,-2.0,-0.173925,-0.173925,833335.0,833335.0,https://www.sedar.com/ModifyCompanyDocumentSearchForm.do?lang=EN&company_search=Freegold Ventures Ltd&document_selection=0&industry_group=A&FromDate=13&FromMonth=05&FromYear=2000&ToDate=13&ToMonth=11&ToYear=2020&Variable=Issuer,https://www.sedar.com/ModifyCompanyDocumentSearchForm.do?lang=EN&company_search=Freegold Ventures Ltd&document_selection=0&industry_group=A&FromDate=13&FromMonth=05&FromYear=2000&ToDate=13&ToMonth=11&ToYear=2020&Variable=Issuer,1620592344,16:32:24,20210509
