,date,symbol,reportedCurrency,fillingDate,acceptedDate,period,revenue,costOfRevenue,grossProfit,grossProfitRatio,researchAndDevelopmentExpenses,generalAndAdministrativeExpenses,sellingAndMarketingExpenses,otherExpenses,operatingExpenses,costAndExpenses,interestExpense,depreciationAndAmortization,ebitda,ebitdaratio,operatingIncome,operatingIncomeRatio,totalOtherIncomeExpensesNet,incomeBeforeTax,incomeBeforeTaxRatio,incomeTaxExpense,netIncome,netIncomeRatio,eps,epsdiluted,weightedAverageShsOut,weightedAverageShsOutDil,link,finalLink,timestamp,est_time,est_date
0,2019-06-30,WRES.L,EUR,2019-06-30,2019-06-30,Q2,91250.0,85750.0,5500.0,0.06027397260273973,0.0,192000.0,0.0,0.0,124500.0,402250.0,300000.0,70000.0,-241000.0,-2.6410958904109587,-311000.0,-3.408219178082192,0.0,-735500.0,-8.06027397260274,0.0,-735500.0,-8.06027397260274,-0.000125,-0.000125,6018000000,6018000000,https://find-and-update.company-information.service.gov.uk/search/companies?q=W+Resources+PLC,https://find-and-update.company-information.service.gov.uk/search/companies?q=W+Resources+PLC,1620599921,18:38:41,20210509
1,2019-03-31,WRES.L,EUR,2019-03-31,2019-03-31,Q1,91250.0,85750.0,5500.0,0.06027397260273973,0.0,192000.0,0.0,0.0,124500.0,402250.0,300000.0,70000.0,-241000.0,-2.6410958904109587,-311000.0,-3.408219178082192,0.0,-735500.0,-8.06027397260274,0.0,-735500.0,-8.06027397260274,-0.000125,-0.000125,6018000000,6018000000,https://find-and-update.company-information.service.gov.uk/search/companies?q=W+Resources+PLC,https://find-and-update.company-information.service.gov.uk/search/companies?q=W+Resources+PLC,1620599921,18:38:41,20210509
2,2019-01-31,WRES.L,EUR,2019-01-31,2019-01-31,Q1,91250.0,85750.0,5500.0,0.06027397260273973,0.0,192000.0,0.0,0.0,124500.0,402250.0,300000.0,70000.0,-241000.0,-2.6410958904109587,-311000.0,-3.408219178082192,0.0,-735500.0,-8.06027397260274,0.0,-735500.0,-8.06027397260274,-0.000125,-0.000125,6018000000,6018000000,https://find-and-update.company-information.service.gov.uk/search/companies?q=W+Resources+PLC,https://find-and-update.company-information.service.gov.uk/search/companies?q=W+Resources+PLC,1620599921,18:38:41,20210509
3,2018-06-30,WRES.L,GBP,2018-06-30,2018-06-30,Q2,54354.63404725,54354.63404725,0.0,0.0,0.0,223519.5665415,0.0,0.0,0.0,277874.20058875,27177.31702375,62674.22089125,-160845.34565025,-2.9591836734735177,-223519.5665415,-4.112244897963924,0.0,-1142279.27367775,-21.015306122469276,-18857.73017975,-1123421.543498,-20.668367346957382,-0.000194,-0.000194,5423000000,5423000000,https://find-and-update.company-information.service.gov.uk/search/companies?q=W+Resources+PLC,https://find-and-update.company-information.service.gov.uk/search/companies?q=W+Resources+PLC,1620599921,18:38:41,20210509
4,2018-03-31,WRES.L,GBP,2018-03-31,2018-03-31,Q1,54354.63404725,54354.63404725,0.0,0.0,0.0,223519.5665415,0.0,0.0,0.0,277874.20058875,27177.31702375,62674.22089125,-160845.34565025,-2.9591836734735177,-223519.5665415,-4.112244897963924,0.0,-1142279.27367775,-21.015306122469276,-18857.73017975,-1123421.543498,-20.668367346957382,-0.000194,-0.000194,5423000000,5423000000,https://find-and-update.company-information.service.gov.uk/search/companies?q=W+Resources+PLC,https://find-and-update.company-information.service.gov.uk/search/companies?q=W+Resources+PLC,1620599921,18:38:41,20210509
5,2018-01-31,WRES.L,GBP,2018-01-31,2018-01-31,Q1,54354.63404725,54354.63404725,0.0,0.0,0.0,223519.5665415,0.0,0.0,0.0,277874.20058875,27177.31702375,62674.22089125,-160845.34565025,-2.9591836734735177,-223519.5665415,-4.112244897963924,0.0,-1142279.27367775,-21.015306122469276,-18857.73017975,-1123421.543498,-20.668367346957382,-0.000194,-0.000194,5423000000,5423000000,https://find-and-update.company-information.service.gov.uk/search/companies?q=W+Resources+PLC,https://find-and-update.company-information.service.gov.uk/search/companies?q=W+Resources+PLC,1620599921,18:38:41,20210509
6,2017-06-30,WRES.L,GBP,2017-06-30,2017-06-30,Q2,0.0,0.0,0.0,0.0,0.0,200226.6781085,0.0,0.0,0.0,200226.6781085,5913.86812975,59701.906834,-140524.7712745,0.0,-200226.6781085,0.0,0.0,-206140.54623825,0.0,35483.20877875,-241623.755017,0.0,-5.625e-05,-5.625e-05,4762658488,4762658488,https://find-and-update.company-information.service.gov.uk/search/companies?q=W+Resources+PLC,https://find-and-update.company-information.service.gov.uk/search/companies?q=W+Resources+PLC,1620599921,18:38:41,20210509
7,2017-03-31,WRES.L,GBP,2017-03-31,2017-03-31,Q1,0.0,0.0,0.0,0.0,0.0,200226.6781085,0.0,0.0,0.0,200226.6781085,5913.86812975,59701.906834,-140524.7712745,0.0,-200226.6781085,0.0,0.0,-206140.54623825,0.0,35483.20877875,-241623.755017,0.0,-5.625e-05,-5.625e-05,4762658488,4762658488,https://find-and-update.company-information.service.gov.uk/search/companies?q=W+Resources+PLC,https://find-and-update.company-information.service.gov.uk/search/companies?q=W+Resources+PLC,1620599921,18:38:41,20210509
8,2017-01-31,WRES.L,GBP,2017-01-31,2017-01-31,Q1,0.0,0.0,0.0,0.0,0.0,200226.6781085,0.0,0.0,0.0,200226.6781085,5913.86812975,59701.906834,-140524.7712745,0.0,-200226.6781085,0.0,0.0,-206140.54623825,0.0,35483.20877875,-241623.755017,0.0,-5.625e-05,-5.625e-05,4762658488,4762658488,https://find-and-update.company-information.service.gov.uk/search/companies?q=W+Resources+PLC,https://find-and-update.company-information.service.gov.uk/search/companies?q=W+Resources+PLC,1620599921,18:38:41,20210509
9,2016-06-30,WRES.L,GBP,2016-06-30,2016-06-30,Q2,41060.33312775,41353.6212215,-293.28809375,-0.007142857142378753,0.0,199435.903763,0.0,0.0,0.0,240789.5249845,7038.9142505,64500.0,-135229.191857,-3.2934265641797102,-199729.191857,-4.864285714282627,0.0,-250468.032079,-6.099999999993303,0.0,-250468.032079,-6.099999999993303,-5.875e-05,-5.875e-05,4004583481,4004583481,https://find-and-update.company-information.service.gov.uk/search/companies?q=W+Resources+PLC,https://find-and-update.company-information.service.gov.uk/search/companies?q=W+Resources+PLC,1620599921,18:38:41,20210509
10,2016-03-31,WRES.L,GBP,2016-03-31,2016-03-31,Q1,41060.33312775,41353.6212215,-293.28809375,-0.007142857142378753,0.0,199435.903763,0.0,0.0,0.0,240789.5249845,7038.9142505,64500.0,-135229.191857,-3.2934265641797102,-199729.191857,-4.864285714282627,0.0,-250468.032079,-6.099999999993303,0.0,-250468.032079,-6.099999999993303,-5.875e-05,-5.875e-05,4004583481,4004583481,https://find-and-update.company-information.service.gov.uk/search/companies?q=W+Resources+PLC,https://find-and-update.company-information.service.gov.uk/search/companies?q=W+Resources+PLC,1620599921,18:38:41,20210509
11,2016-01-31,WRES.L,GBP,2016-01-31,2016-01-31,Q1,41060.33312775,41353.6212215,-293.28809375,-0.007142857142378753,0.0,199435.903763,0.0,0.0,0.0,240789.5249845,7038.9142505,64500.0,-135229.191857,-3.2934265641797102,-199729.191857,-4.864285714282627,0.0,-250468.032079,-6.099999999993303,0.0,-250468.032079,-6.099999999993303,-5.875e-05,-5.875e-05,4004583481,4004583481,https://find-and-update.company-information.service.gov.uk/search/companies?q=W+Resources+PLC,https://find-and-update.company-information.service.gov.uk/search/companies?q=W+Resources+PLC,1620599921,18:38:41,20210509
12,2015-09-30,WRES.L,GBP,2015-09-30,2015-09-30,Q3,27778.97450325,96210.1068165,-68431.132313,-2.463414634150512,0.0,130764.44095475,0.0,0.0,0.0,226974.547771,6097.8236715,46000.0,-153195.57326775,-5.514803048248844,-199195.57326775,-7.170731707336609,0.0,-205293.39693925,-7.3902439024605355,0.0,-205293.39693925,-7.3902439024605355,-6.775e-05,-6.775e-05,3290674856,3290674856,https://find-and-update.company-information.service.gov.uk/search/companies?q=W+Resources+PLC,https://find-and-update.company-information.service.gov.uk/search/companies?q=W+Resources+PLC,1620599921,18:38:41,20210509
13,2015-06-30,WRES.L,GBP,2015-06-30,2015-06-30,Q2,27778.97450325,96210.1068165,-68431.132313,-2.463414634150512,0.0,130764.44095475,0.0,0.0,0.0,226974.547771,6097.8236715,46000.0,-153195.57326775,-5.514803048248844,-199195.57326775,-7.170731707336609,0.0,-205293.39693925,-7.3902439024605355,0.0,-205293.39693925,-7.3902439024605355,-6.775e-05,-6.775e-05,3290674856,3290674856,https://find-and-update.company-information.service.gov.uk/search/companies?q=W+Resources+PLC,https://find-and-update.company-information.service.gov.uk/search/companies?q=W+Resources+PLC,1620599921,18:38:41,20210509
14,2015-03-31,WRES.L,GBP,2015-03-31,2015-03-31,Q1,27778.97450325,96210.1068165,-68431.132313,-2.463414634150512,0.0,130764.44095475,0.0,0.0,0.0,226974.547771,6097.8236715,46000.0,-153195.57326775,-5.514803048248844,-199195.57326775,-7.170731707336609,0.0,-205293.39693925,-7.3902439024605355,0.0,-205293.39693925,-7.3902439024605355,-6.775e-05,-6.775e-05,3290674856,3290674856,https://find-and-update.company-information.service.gov.uk/search/companies?q=W+Resources+PLC,https://find-and-update.company-information.service.gov.uk/search/companies?q=W+Resources+PLC,1620599921,18:38:41,20210509
15,2015-01-31,WRES.L,GBP,2015-01-31,2015-01-31,Q1,27778.97450325,96210.1068165,-68431.132313,-2.463414634150512,0.0,130764.44095475,0.0,0.0,0.0,226974.547771,6097.8236715,46000.0,-153195.57326775,-5.514803048248844,-199195.57326775,-7.170731707336609,0.0,-205293.39693925,-7.3902439024605355,0.0,-205293.39693925,-7.3902439024605355,-6.775e-05,-6.775e-05,3290674856,3290674856,https://find-and-update.company-information.service.gov.uk/search/companies?q=W+Resources+PLC,https://find-and-update.company-information.service.gov.uk/search/companies?q=W+Resources+PLC,1620599921,18:38:41,20210509
16,2014-09-30,WRES.L,GBP,2014-09-30,2014-09-30,Q3,308474.598431,351353.8475905,-42879.2491595,-0.1390041493776068,0.0,112958.0220395,0.0,0.0,0.0,488951.438177,0.0,34250.0,-146226.839746,-0.4740320288599329,-180476.839746,-0.5850622406641022,0.0,-205116.40829275,-0.6649377593358978,0.0,-205116.40829275,-0.6649377593358978,-9.6e-05,-9.6e-05,2216948161,2216948161,https://find-and-update.company-information.service.gov.uk/search/companies?q=W+Resources+PLC,https://find-and-update.company-information.service.gov.uk/search/companies?q=W+Resources+PLC,1620599921,18:38:41,20210509
17,2014-06-30,WRES.L,GBP,2014-06-30,2014-06-30,Q2,308474.598431,351353.8475905,-42879.2491595,-0.1390041493776068,0.0,112958.0220395,0.0,0.0,0.0,488951.438177,0.0,34250.0,-146226.839746,-0.4740320288599329,-180476.839746,-0.5850622406641022,0.0,-205116.40829275,-0.6649377593358978,0.0,-205116.40829275,-0.6649377593358978,-9.6e-05,-9.6e-05,2216948161,2216948161,https://find-and-update.company-information.service.gov.uk/search/companies?q=W+Resources+PLC,https://find-and-update.company-information.service.gov.uk/search/companies?q=W+Resources+PLC,1620599921,18:38:41,20210509
18,2014-03-31,WRES.L,GBP,2014-03-31,2014-03-31,Q1,308474.598431,351353.8475905,-42879.2491595,-0.1390041493776068,0.0,112958.0220395,0.0,0.0,0.0,488951.438177,0.0,34250.0,-146226.839746,-0.4740320288599329,-180476.839746,-0.5850622406641022,0.0,-205116.40829275,-0.6649377593358978,0.0,-205116.40829275,-0.6649377593358978,-9.6e-05,-9.6e-05,2216948161,2216948161,https://find-and-update.company-information.service.gov.uk/search/companies?q=W+Resources+PLC,https://find-and-update.company-information.service.gov.uk/search/companies?q=W+Resources+PLC,1620599921,18:38:41,20210509
19,2014-01-31,WRES.L,GBP,2014-01-31,2014-01-31,Q1,308474.598431,351353.8475905,-42879.2491595,-0.1390041493776068,0.0,112958.0220395,0.0,0.0,0.0,488951.438177,0.0,34250.0,-146226.839746,-0.4740320288599329,-180476.839746,-0.5850622406641022,0.0,-205116.40829275,-0.6649377593358978,0.0,-205116.40829275,-0.6649377593358978,-9.6e-05,-9.6e-05,2216948161,2216948161,https://find-and-update.company-information.service.gov.uk/search/companies?q=W+Resources+PLC,https://find-and-update.company-information.service.gov.uk/search/companies?q=W+Resources+PLC,1620599921,18:38:41,20210509
20,2013-09-30,WRES.L,GBP,2013-09-30,2013-09-30,Q3,0.0,0.0,0.0,0.0,0.0,75531.19898425,0.0,0.0,0.0,75531.19898425,0.0,3881.04975025,-71650.14923400001,0.0,-75531.19898425,0.0,0.0,-75531.19898425,0.0,0.0,-75531.19898425,0.0,-4.175e-05,-4.175e-05,1844441008,1844441008,https://find-and-update.company-information.service.gov.uk/search/companies?q=W+Resources+PLC,https://find-and-update.company-information.service.gov.uk/search/companies?q=W+Resources+PLC,1620599921,18:38:41,20210509
21,2013-06-30,WRES.L,GBP,2013-06-30,2013-06-30,Q2,0.0,0.0,0.0,0.0,0.0,75531.19898425,0.0,0.0,0.0,75531.19898425,0.0,3881.04975025,-71650.14923400001,0.0,-75531.19898425,0.0,0.0,-75531.19898425,0.0,0.0,-75531.19898425,0.0,-4.175e-05,-4.175e-05,1844441008,1844441008,https://find-and-update.company-information.service.gov.uk/search/companies?q=W+Resources+PLC,https://find-and-update.company-information.service.gov.uk/search/companies?q=W+Resources+PLC,1620599921,18:38:41,20210509
22,2013-03-31,WRES.L,GBP,2013-03-31,2013-03-31,Q1,0.0,0.0,0.0,0.0,0.0,75531.19898425,0.0,0.0,0.0,75531.19898425,0.0,3881.04975025,-71650.14923400001,0.0,-75531.19898425,0.0,0.0,-75531.19898425,0.0,0.0,-75531.19898425,0.0,-4.175e-05,-4.175e-05,1844441008,1844441008,https://find-and-update.company-information.service.gov.uk/search/companies?q=W+Resources+PLC,https://find-and-update.company-information.service.gov.uk/search/companies?q=W+Resources+PLC,1620599921,18:38:41,20210509
23,2013-01-31,WRES.L,GBP,2013-01-31,2013-01-31,Q1,0.0,0.0,0.0,0.0,0.0,75531.19898425,0.0,0.0,0.0,75531.19898425,0.0,3881.04975025,-71650.14923400001,0.0,-75531.19898425,0.0,0.0,-75531.19898425,0.0,0.0,-75531.19898425,0.0,-4.175e-05,-4.175e-05,1844441008,1844441008,https://find-and-update.company-information.service.gov.uk/search/companies?q=W+Resources+PLC,https://find-and-update.company-information.service.gov.uk/search/companies?q=W+Resources+PLC,1620599921,18:38:41,20210509
24,2012-09-30,WRES.L,GBP,2012-09-30,2012-09-30,Q3,0.0,0.0,0.0,0.0,0.0,89880.901965,0.0,0.0,0.0,89880.901965,0.0,2160.36508775,-87720.53687725,0.0,-89880.901965,0.0,0.0,-123788.43076225,0.0,0.0,-123788.43076225,0.0,-9.175e-05,-9.175e-05,1177957816,1177957816,https://find-and-update.company-information.service.gov.uk/search/companies?q=W+Resources+PLC,https://find-and-update.company-information.service.gov.uk/search/companies?q=W+Resources+PLC,1620599921,18:38:41,20210509
25,2012-06-30,WRES.L,GBP,2012-06-30,2012-06-30,Q2,0.0,0.0,0.0,0.0,0.0,89880.901965,0.0,0.0,0.0,89880.901965,0.0,2160.36508775,-87720.53687725,0.0,-89880.901965,0.0,0.0,-123788.43076225,0.0,0.0,-123788.43076225,0.0,-9.175e-05,-9.175e-05,1177957816,1177957816,https://find-and-update.company-information.service.gov.uk/search/companies?q=W+Resources+PLC,https://find-and-update.company-information.service.gov.uk/search/companies?q=W+Resources+PLC,1620599921,18:38:41,20210509
26,2012-03-31,WRES.L,GBP,2012-03-31,2012-03-31,Q1,0.0,0.0,0.0,0.0,0.0,89880.901965,0.0,0.0,0.0,89880.901965,0.0,2160.36508775,-87720.53687725,0.0,-89880.901965,0.0,0.0,-123788.43076225,0.0,0.0,-123788.43076225,0.0,-9.175e-05,-9.175e-05,1177957816,1177957816,https://find-and-update.company-information.service.gov.uk/search/companies?q=W+Resources+PLC,https://find-and-update.company-information.service.gov.uk/search/companies?q=W+Resources+PLC,1620599921,18:38:41,20210509
27,2012-01-31,WRES.L,GBP,2012-01-31,2012-01-31,Q1,0.0,0.0,0.0,0.0,0.0,89880.901965,0.0,0.0,0.0,89880.901965,0.0,2160.36508775,-87720.53687725,0.0,-89880.901965,0.0,0.0,-123788.43076225,0.0,0.0,-123788.43076225,0.0,-9.175e-05,-9.175e-05,1177957816,1177957816,https://find-and-update.company-information.service.gov.uk/search/companies?q=W+Resources+PLC,https://find-and-update.company-information.service.gov.uk/search/companies?q=W+Resources+PLC,1620599921,18:38:41,20210509
28,2011-09-30,WRES.L,GBP,2011-09-30,2011-09-30,Q3,0.0,0.0,0.0,0.0,0.0,27851.41209175,0.0,59895.5098745,0.0,59596.03232525,0.0,0.0,-91340.65255875,0.0,-59596.03232525,0.0,0.0,-26054.5467955,0.0,0.0,-26054.5467955,0.0,-3e-05,-3e-05,461843544,461843544,https://find-and-update.company-information.service.gov.uk/search/companies?q=W+Resources+PLC,https://find-and-update.company-information.service.gov.uk/search/companies?q=W+Resources+PLC,1620599921,18:38:41,20210509
29,2011-06-30,WRES.L,GBP,2011-06-30,2011-06-30,Q2,0.0,0.0,0.0,0.0,0.0,27851.41209175,0.0,59895.5098745,0.0,59596.03232525,0.0,0.0,-91340.65255875,0.0,-59596.03232525,0.0,0.0,-26054.5467955,0.0,0.0,-26054.5467955,0.0,-3e-05,-3e-05,461843544,461843544,https://find-and-update.company-information.service.gov.uk/search/companies?q=W+Resources+PLC,https://find-and-update.company-information.service.gov.uk/search/companies?q=W+Resources+PLC,1620599921,18:38:41,20210509
30,2011-03-31,WRES.L,GBP,2011-03-31,2011-03-31,Q1,0.0,0.0,0.0,0.0,0.0,27851.41209175,0.0,59895.5098745,0.0,59596.03232525,0.0,0.0,-91340.65255875,0.0,-59596.03232525,0.0,0.0,-26054.5467955,0.0,0.0,-26054.5467955,0.0,-3e-05,-3e-05,461843544,461843544,https://find-and-update.company-information.service.gov.uk/search/companies?q=W+Resources+PLC,https://find-and-update.company-information.service.gov.uk/search/companies?q=W+Resources+PLC,1620599921,18:38:41,20210509
31,2011-01-31,WRES.L,GBP,2011-01-31,2011-01-31,Q1,0.0,0.0,0.0,0.0,0.0,27851.41209175,0.0,59895.5098745,0.0,59596.03232525,0.0,0.0,-91340.65255875,0.0,-59596.03232525,0.0,0.0,-26054.5467955,0.0,0.0,-26054.5467955,0.0,-3e-05,-3e-05,461843544,461843544,https://find-and-update.company-information.service.gov.uk/search/companies?q=W+Resources+PLC,https://find-and-update.company-information.service.gov.uk/search/companies?q=W+Resources+PLC,1620599921,18:38:41,20210509
32,2010-09-30,WRES.L,GBP,2010-09-30,2010-09-30,Q3,0.0,0.0,0.0,0.0,0.0,23209.655513,0.0,67308.00098775,0.0,23209.655513,0.0,0.0,-23209.655513,0.0,-23209.655513,0.0,0.0,-56863.656007,0.0,0.0,-56863.656007,0.0,-0.000145,-0.000145,406065131,406065131,https://find-and-update.company-information.service.gov.uk/search/companies?q=W+Resources+PLC,https://find-and-update.company-information.service.gov.uk/search/companies?q=W+Resources+PLC,1620599921,18:38:41,20210509
33,2010-06-30,WRES.L,GBP,2010-06-30,2010-06-30,Q2,0.0,0.0,0.0,0.0,0.0,23209.655513,0.0,67308.00098775,0.0,23209.655513,0.0,0.0,-23209.655513,0.0,-23209.655513,0.0,0.0,-56863.656007,0.0,0.0,-56863.656007,0.0,-0.000145,-0.000145,406065131,406065131,https://find-and-update.company-information.service.gov.uk/search/companies?q=W+Resources+PLC,https://find-and-update.company-information.service.gov.uk/search/companies?q=W+Resources+PLC,1620599921,18:38:41,20210509
34,2010-03-31,WRES.L,GBP,2010-03-31,2010-03-31,Q1,0.0,0.0,0.0,0.0,0.0,23209.655513,0.0,67308.00098775,0.0,23209.655513,0.0,0.0,-23209.655513,0.0,-23209.655513,0.0,0.0,-56863.656007,0.0,0.0,-56863.656007,0.0,-0.000145,-0.000145,406065131,406065131,https://find-and-update.company-information.service.gov.uk/search/companies?q=W+Resources+PLC,https://find-and-update.company-information.service.gov.uk/search/companies?q=W+Resources+PLC,1620599921,18:38:41,20210509
35,2010-01-31,WRES.L,GBP,2010-01-31,2010-01-31,Q1,0.0,0.0,0.0,0.0,0.0,23209.655513,0.0,67308.00098775,0.0,23209.655513,0.0,0.0,-23209.655513,0.0,-23209.655513,0.0,0.0,-56863.656007,0.0,0.0,-56863.656007,0.0,-0.000145,-0.000145,406065131,406065131,https://find-and-update.company-information.service.gov.uk/search/companies?q=W+Resources+PLC,https://find-and-update.company-information.service.gov.uk/search/companies?q=W+Resources+PLC,1620599921,18:38:41,20210509
36,2009-09-30,WRES.L,GBP,2009-09-30,2009-09-30,Q3,0.0,0.0,0.0,0.0,0.0,20879.0970685,0.0,0.0,0.0,20879.0970685,0.0,0.0,-20879.0970685,0.0,-20879.0970685,0.0,0.0,-20879.0970685,0.0,0.0,-20879.0970685,0.0,-8.475e-05,-8.475e-05,366065000,366065000,https://find-and-update.company-information.service.gov.uk/search/companies?q=W+Resources+PLC,https://find-and-update.company-information.service.gov.uk/search/companies?q=W+Resources+PLC,1620599921,18:38:41,20210509
37,2009-06-30,WRES.L,GBP,2009-06-30,2009-06-30,Q2,0.0,0.0,0.0,0.0,0.0,20879.0970685,0.0,0.0,0.0,20879.0970685,0.0,0.0,-20879.0970685,0.0,-20879.0970685,0.0,0.0,-20879.0970685,0.0,0.0,-20879.0970685,0.0,-8.475e-05,-8.475e-05,366065000,366065000,https://find-and-update.company-information.service.gov.uk/search/companies?q=W+Resources+PLC,https://find-and-update.company-information.service.gov.uk/search/companies?q=W+Resources+PLC,1620599921,18:38:41,20210509
38,2009-03-31,WRES.L,GBP,2009-03-31,2009-03-31,Q1,0.0,0.0,0.0,0.0,0.0,20879.0970685,0.0,0.0,0.0,20879.0970685,0.0,0.0,-20879.0970685,0.0,-20879.0970685,0.0,0.0,-20879.0970685,0.0,0.0,-20879.0970685,0.0,-8.475e-05,-8.475e-05,366065000,366065000,https://find-and-update.company-information.service.gov.uk/search/companies?q=W+Resources+PLC,https://find-and-update.company-information.service.gov.uk/search/companies?q=W+Resources+PLC,1620599921,18:38:41,20210509
39,2009-01-31,WRES.L,GBP,2009-01-31,2009-01-31,Q1,0.0,0.0,0.0,0.0,0.0,20879.0970685,0.0,0.0,0.0,20879.0970685,0.0,0.0,-20879.0970685,0.0,-20879.0970685,0.0,0.0,-20879.0970685,0.0,0.0,-20879.0970685,0.0,-8.475e-05,-8.475e-05,366065000,366065000,https://find-and-update.company-information.service.gov.uk/search/companies?q=W+Resources+PLC,https://find-and-update.company-information.service.gov.uk/search/companies?q=W+Resources+PLC,1620599921,18:38:41,20210509
40,2008-09-30,WRES.L,GBP,2008-09-30,2008-09-30,Q3,12886.296074,28928.41975775,-16042.12368375,-1.2448979591674405,0.0,1140305.70972525,0.0,0.0,-895203.0986865,1169234.129483,0.0,0.0,-1156347.833409,-0.011143961792197279,-1156347.833409,-89.7346938770173,0.0,-1156347.833409,-89.7346938770173,0.0,-1156347.833409,-89.7346938770173,-0.01041425,-0.01041425,124649000,124649000,https://find-and-update.company-information.service.gov.uk/search/companies?q=W+Resources+PLC,https://find-and-update.company-information.service.gov.uk/search/companies?q=W+Resources+PLC,1620599921,18:38:41,20210509
41,2008-06-30,WRES.L,GBP,2008-06-30,2008-06-30,Q2,12886.296074,28928.41975775,-16042.12368375,-1.2448979591674405,0.0,1140305.70972525,0.0,0.0,-895203.0986865,1169234.129483,0.0,0.0,-1156347.833409,-0.011143961792197279,-1156347.833409,-89.7346938770173,0.0,-1156347.833409,-89.7346938770173,0.0,-1156347.833409,-89.7346938770173,-0.01041425,-0.01041425,124649000,124649000,https://find-and-update.company-information.service.gov.uk/search/companies?q=W+Resources+PLC,https://find-and-update.company-information.service.gov.uk/search/companies?q=W+Resources+PLC,1620599921,18:38:41,20210509
42,2008-03-31,WRES.L,GBP,2008-03-31,2008-03-31,Q1,12886.296074,28928.41975775,-16042.12368375,-1.2448979591674405,0.0,1140305.70972525,0.0,0.0,-895203.0986865,1169234.129483,0.0,0.0,-1156347.833409,-0.011143961792197279,-1156347.833409,-89.7346938770173,0.0,-1156347.833409,-89.7346938770173,0.0,-1156347.833409,-89.7346938770173,-0.01041425,-0.01041425,124649000,124649000,https://find-and-update.company-information.service.gov.uk/search/companies?q=W+Resources+PLC,https://find-and-update.company-information.service.gov.uk/search/companies?q=W+Resources+PLC,1620599921,18:38:41,20210509
43,2008-01-31,WRES.L,GBP,2008-01-31,2008-01-31,Q1,12886.296074,28928.41975775,-16042.12368375,-1.2448979591674405,0.0,1140305.70972525,0.0,0.0,-895203.0986865,1169234.129483,0.0,0.0,-1156347.833409,-0.011143961792197279,-1156347.833409,-89.7346938770173,0.0,-1156347.833409,-89.7346938770173,0.0,-1156347.833409,-89.7346938770173,-0.01041425,-0.01041425,124649000,124649000,https://find-and-update.company-information.service.gov.uk/search/companies?q=W+Resources+PLC,https://find-and-update.company-information.service.gov.uk/search/companies?q=W+Resources+PLC,1620599921,18:38:41,20210509
44,2007-09-30,WRES.L,GBP,2007-09-30,2007-09-30,Q3,279176.63361425,340044.62072375,-60867.9871095,-0.21802679658930138,0.0,581136.256817,0.0,0.0,155740.4362915,930362.0823005,20062.63262275,434577.025285,-216608.42340125004,-0.7758830694281776,-651185.44868625,-2.332521315469475,0.0,-534210.09915725,-1.9135200974426478,0.0,-534210.09915725,-1.9135200974426478,-0.00544075,-0.00544075,98698685,98698685,https://find-and-update.company-information.service.gov.uk/search/companies?q=W+Resources+PLC,https://find-and-update.company-information.service.gov.uk/search/companies?q=W+Resources+PLC,1620599921,18:38:41,20210509
45,2007-06-30,WRES.L,GBP,2007-06-30,2007-06-30,Q2,279176.63361425,340044.62072375,-60867.9871095,-0.21802679658930138,0.0,581136.256817,0.0,0.0,155740.4362915,930362.0823005,20062.63262275,434577.025285,-216608.42340125004,-0.7758830694281776,-651185.44868625,-2.332521315469475,0.0,-534210.09915725,-1.9135200974426478,0.0,-534210.09915725,-1.9135200974426478,-0.00544075,-0.00544075,98698685,98698685,https://find-and-update.company-information.service.gov.uk/search/companies?q=W+Resources+PLC,https://find-and-update.company-information.service.gov.uk/search/companies?q=W+Resources+PLC,1620599921,18:38:41,20210509
46,2007-03-31,WRES.L,GBP,2007-03-31,2007-03-31,Q1,279176.63361425,340044.62072375,-60867.9871095,-0.21802679658930138,0.0,581136.256817,0.0,0.0,155740.4362915,930362.0823005,20062.63262275,434577.025285,-216608.42340125004,-0.7758830694281776,-651185.44868625,-2.332521315469475,0.0,-534210.09915725,-1.9135200974426478,0.0,-534210.09915725,-1.9135200974426478,-0.00544075,-0.00544075,98698685,98698685,https://find-and-update.company-information.service.gov.uk/search/companies?q=W+Resources+PLC,https://find-and-update.company-information.service.gov.uk/search/companies?q=W+Resources+PLC,1620599921,18:38:41,20210509
47,2007-01-31,WRES.L,GBP,2007-01-31,2007-01-31,Q1,279176.63361425,340044.62072375,-60867.9871095,-0.21802679658930138,0.0,581136.256817,0.0,0.0,155740.4362915,930362.0823005,20062.63262275,434577.025285,-216608.42340125004,-0.7758830694281776,-651185.44868625,-2.332521315469475,0.0,-534210.09915725,-1.9135200974426478,0.0,-534210.09915725,-1.9135200974426478,-0.00544075,-0.00544075,98698685,98698685,https://find-and-update.company-information.service.gov.uk/search/companies?q=W+Resources+PLC,https://find-and-update.company-information.service.gov.uk/search/companies?q=W+Resources+PLC,1620599921,18:38:41,20210509
48,2006-09-30,WRES.L,GBP,2006-09-30,2006-09-30,Q3,559646.42150425,347737.8626985,211908.55880575,0.3786472148542823,0.0,1220979.26177,0.0,0.0,185559.15832375,757823.602594,5566.77474975,224526.58157175,26349.400481999997,0.04708222811677515,-198177.18108975,-0.35411140583563083,0.0,-1266626.8147175,-2.2632625994694777,0.0,-1266626.8147175,-2.2632625994694777,-0.01336025,-0.01336025,95747517,95747517,https://find-and-update.company-information.service.gov.uk/search/companies?q=W+Resources+PLC,https://find-and-update.company-information.service.gov.uk/search/companies?q=W+Resources+PLC,1620599921,18:38:41,20210509
49,2006-06-30,WRES.L,GBP,2006-06-30,2006-06-30,Q2,559646.42150425,347737.8626985,211908.55880575,0.3786472148542823,0.0,1220979.26177,0.0,0.0,185559.15832375,757823.602594,5566.77474975,224526.58157175,26349.400481999997,0.04708222811677515,-198177.18108975,-0.35411140583563083,0.0,-1266626.8147175,-2.2632625994694777,0.0,-1266626.8147175,-2.2632625994694777,-0.01336025,-0.01336025,95747517,95747517,https://find-and-update.company-information.service.gov.uk/search/companies?q=W+Resources+PLC,https://find-and-update.company-information.service.gov.uk/search/companies?q=W+Resources+PLC,1620599921,18:38:41,20210509
50,2006-03-31,WRES.L,GBP,2006-03-31,2006-03-31,Q1,559646.42150425,347737.8626985,211908.55880575,0.3786472148542823,0.0,1220979.26177,0.0,0.0,185559.15832375,757823.602594,5566.77474975,224526.58157175,26349.400481999997,0.04708222811677515,-198177.18108975,-0.35411140583563083,0.0,-1266626.8147175,-2.2632625994694777,0.0,-1266626.8147175,-2.2632625994694777,-0.01336025,-0.01336025,95747517,95747517,https://find-and-update.company-information.service.gov.uk/search/companies?q=W+Resources+PLC,https://find-and-update.company-information.service.gov.uk/search/companies?q=W+Resources+PLC,1620599921,18:38:41,20210509
51,2006-01-31,WRES.L,GBP,2006-01-31,2006-01-31,Q1,559646.42150425,347737.8626985,211908.55880575,0.3786472148542823,0.0,1220979.26177,0.0,0.0,185559.15832375,757823.602594,5566.77474975,224526.58157175,26349.400481999997,0.04708222811677515,-198177.18108975,-0.35411140583563083,0.0,-1266626.8147175,-2.2632625994694777,0.0,-1266626.8147175,-2.2632625994694777,-0.01336025,-0.01336025,95747517,95747517,https://find-and-update.company-information.service.gov.uk/search/companies?q=W+Resources+PLC,https://find-and-update.company-information.service.gov.uk/search/companies?q=W+Resources+PLC,1620599921,18:38:41,20210509
52,2005-09-30,WRES.L,GBP,2005-09-30,2005-09-30,Q3,115860.9031935,155449.73845425,-39588.8352605,-0.3416927899688685,0.0,472160.42053825,0.0,0.0,479424.427008,686811.8117215,6900.80614625,51937.64625925,-519013.26226850005,-4.479623824455199,-570950.90852775,-4.927899686524984,0.0,-430029.18301325,-3.711598746084826,0.0,-430029.18301325,-3.711598746084826,-0.00508475,-0.00508475,84492000,84492000,https://find-and-update.company-information.service.gov.uk/search/companies?q=W+Resources+PLC,https://find-and-update.company-information.service.gov.uk/search/companies?q=W+Resources+PLC,1620599921,18:38:41,20210509
53,2005-06-30,WRES.L,GBP,2005-06-30,2005-06-30,Q2,115860.9031935,155449.73845425,-39588.8352605,-0.3416927899688685,0.0,472160.42053825,0.0,0.0,479424.427008,686811.8117215,6900.80614625,51937.64625925,-519013.26226850005,-4.479623824455199,-570950.90852775,-4.927899686524984,0.0,-430029.18301325,-3.711598746084826,0.0,-430029.18301325,-3.711598746084826,-0.00508475,-0.00508475,84492000,84492000,https://find-and-update.company-information.service.gov.uk/search/companies?q=W+Resources+PLC,https://find-and-update.company-information.service.gov.uk/search/companies?q=W+Resources+PLC,1620599921,18:38:41,20210509
54,2005-03-31,WRES.L,GBP,2005-03-31,2005-03-31,Q1,115860.9031935,155449.73845425,-39588.8352605,-0.3416927899688685,0.0,472160.42053825,0.0,0.0,479424.427008,686811.8117215,6900.80614625,51937.64625925,-519013.26226850005,-4.479623824455199,-570950.90852775,-4.927899686524984,0.0,-430029.18301325,-3.711598746084826,0.0,-430029.18301325,-3.711598746084826,-0.00508475,-0.00508475,84492000,84492000,https://find-and-update.company-information.service.gov.uk/search/companies?q=W+Resources+PLC,https://find-and-update.company-information.service.gov.uk/search/companies?q=W+Resources+PLC,1620599921,18:38:41,20210509
55,2005-01-31,WRES.L,GBP,2005-01-31,2005-01-31,Q1,115860.9031935,155449.73845425,-39588.8352605,-0.3416927899688685,0.0,472160.42053825,0.0,0.0,479424.427008,686811.8117215,6900.80614625,51937.64625925,-519013.26226850005,-4.479623824455199,-570950.90852775,-4.927899686524984,0.0,-430029.18301325,-3.711598746084826,0.0,-430029.18301325,-3.711598746084826,-0.00508475,-0.00508475,84492000,84492000,https://find-and-update.company-information.service.gov.uk/search/companies?q=W+Resources+PLC,https://find-and-update.company-information.service.gov.uk/search/companies?q=W+Resources+PLC,1620599921,18:38:41,20210509
56,2004-09-30,WRES.L,GBP,2004-09-30,2004-09-30,Q3,0.0,6013.388062,-6013.388062,0.0,0.0,211176.03958875,0.0,0.0,211176.03958875,224264.00184125,2122.37225725,7074.5741905,-217189.42765075,0.0,-224264.00184125,0.0,0.0,-221787.90087475,0.0,0.0,-211176.03958875,0.0,-0.008242,-0.008242,26929102,26929102,https://find-and-update.company-information.service.gov.uk/search/companies?q=W+Resources+PLC,https://find-and-update.company-information.service.gov.uk/search/companies?q=W+Resources+PLC,1620599921,18:38:41,20210509
57,2004-06-30,WRES.L,GBP,2004-06-30,2004-06-30,Q2,0.0,6013.388062,-6013.388062,0.0,0.0,211176.03958875,0.0,0.0,211176.03958875,224264.00184125,2122.37225725,7074.5741905,-217189.42765075,0.0,-224264.00184125,0.0,0.0,-221787.90087475,0.0,0.0,-211176.03958875,0.0,-0.008242,-0.008242,26929102,26929102,https://find-and-update.company-information.service.gov.uk/search/companies?q=W+Resources+PLC,https://find-and-update.company-information.service.gov.uk/search/companies?q=W+Resources+PLC,1620599921,18:38:41,20210509
58,2004-03-31,WRES.L,GBP,2004-03-31,2004-03-31,Q1,0.0,6013.388062,-6013.388062,0.0,0.0,211176.03958875,0.0,0.0,211176.03958875,224264.00184125,2122.37225725,7074.5741905,-217189.42765075,0.0,-224264.00184125,0.0,0.0,-221787.90087475,0.0,0.0,-211176.03958875,0.0,-0.008242,-0.008242,26929102,26929102,https://find-and-update.company-information.service.gov.uk/search/companies?q=W+Resources+PLC,https://find-and-update.company-information.service.gov.uk/search/companies?q=W+Resources+PLC,1620599921,18:38:41,20210509
59,2004-01-31,WRES.L,GBP,2004-01-31,2004-01-31,Q1,0.0,6013.388062,-6013.388062,0.0,0.0,211176.03958875,0.0,0.0,211176.03958875,224264.00184125,2122.37225725,7074.5741905,-217189.42765075,0.0,-224264.00184125,0.0,0.0,-221787.90087475,0.0,0.0,-211176.03958875,0.0,-0.008242,-0.008242,26929102,26929102,https://find-and-update.company-information.service.gov.uk/search/companies?q=W+Resources+PLC,https://find-and-update.company-information.service.gov.uk/search/companies?q=W+Resources+PLC,1620599921,18:38:41,20210509
60,2003-09-30,WRES.L,GBP,2003-09-30,2003-09-30,Q3,0.0,0.0,0.0,0.0,0.0,0.0,0.0,-354.4776785,0.0,0.0,0.0,0.0,354.4776785,0.0,0.0,0.0,0.0,354.4776785,0.0,0.0,354.4776785,0.0,4.25e-06,4.25e-06,83882000,83882000,https://find-and-update.company-information.service.gov.uk/search/companies?q=W+Resources+PLC,https://find-and-update.company-information.service.gov.uk/search/companies?q=W+Resources+PLC,1620599921,18:38:41,20210509
61,2003-06-30,WRES.L,GBP,2003-06-30,2003-06-30,Q2,0.0,0.0,0.0,0.0,0.0,0.0,0.0,-354.4776785,0.0,0.0,0.0,0.0,354.4776785,0.0,0.0,0.0,0.0,354.4776785,0.0,0.0,354.4776785,0.0,4.25e-06,4.25e-06,83882000,83882000,https://find-and-update.company-information.service.gov.uk/search/companies?q=W+Resources+PLC,https://find-and-update.company-information.service.gov.uk/search/companies?q=W+Resources+PLC,1620599921,18:38:41,20210509
62,2003-03-31,WRES.L,GBP,2003-03-31,2003-03-31,Q1,0.0,0.0,0.0,0.0,0.0,0.0,0.0,-354.4776785,0.0,0.0,0.0,0.0,354.4776785,0.0,0.0,0.0,0.0,354.4776785,0.0,0.0,354.4776785,0.0,4.25e-06,4.25e-06,83882000,83882000,https://find-and-update.company-information.service.gov.uk/search/companies?q=W+Resources+PLC,https://find-and-update.company-information.service.gov.uk/search/companies?q=W+Resources+PLC,1620599921,18:38:41,20210509
63,2003-01-31,WRES.L,GBP,2003-01-31,2003-01-31,Q1,0.0,0.0,0.0,0.0,0.0,0.0,0.0,-354.4776785,0.0,0.0,0.0,0.0,354.4776785,0.0,0.0,0.0,0.0,354.4776785,0.0,0.0,354.4776785,0.0,4.25e-06,4.25e-06,83882000,83882000,https://find-and-update.company-information.service.gov.uk/search/companies?q=W+Resources+PLC,https://find-and-update.company-information.service.gov.uk/search/companies?q=W+Resources+PLC,1620599921,18:38:41,20210509
