,date,symbol,reportedCurrency,fillingDate,acceptedDate,period,revenue,costOfRevenue,grossProfit,grossProfitRatio,researchAndDevelopmentExpenses,generalAndAdministrativeExpenses,sellingAndMarketingExpenses,otherExpenses,operatingExpenses,costAndExpenses,interestExpense,depreciationAndAmortization,ebitda,ebitdaratio,operatingIncome,operatingIncomeRatio,totalOtherIncomeExpensesNet,incomeBeforeTax,incomeBeforeTaxRatio,incomeTaxExpense,netIncome,netIncomeRatio,eps,epsdiluted,weightedAverageShsOut,weightedAverageShsOutDil,link,finalLink,timestamp,est_time,est_date
0,2020-03-31,CEMID,USD,2020-05-04,2020-05-04 17:22:26,Q1,6859584.0,4374442.0,2485142.0,0.36228756729271044,1958853.0,4156641.0,0.0,-662000.0,5453353.0,11276551.0,0.0,733804.0,-3683196.0,-0.5369415987908305,-4417000.0,-0.6439165990240807,-662000.0,-5079000.0,-0.7404239090883645,-79559.0,-5000000.0,-0.7289071757121132,-0.29074,-0.29074,17197301.0,17197301.0,https://www.sec.gov/Archives/edgar/data/1092662/000114036120010632/0001140361-20-010632-index.htm,https://www.sec.gov/Archives/edgar/data/1092662/000114036120010632/form10q.htm,1620590119,15:55:19,20210509
1,2019-12-31,CEMID,USD,2020-03-13,2020-03-13 17:10:04,Q4,6850741.0,4281641.0,2569100.0,0.37501052805820567,1995825.0,3572823.0,0.0,-663463.0,4905185.0,10176142.0,0.0,249519.0,-3325151481.0,-485.37106876467817,-3325401000.0,-485.4074909560878,-846831000.0,-3988864000.0,-582.2529270921204,-99953.0,-3888911000.0,-567.6628265467925,-229.37823,-229.37823,16954142.0,16954142.0,https://www.sec.gov/Archives/edgar/data/1092662/000114036120005780/0001140361-20-005780-index.htm,https://www.sec.gov/Archives/edgar/data/1092662/000114036120005780/form10k.htm,1620590119,15:55:19,20210509
2,2019-09-30,CEMID,USD,2019-11-07,2019-11-07 17:22:07,Q3,9720939.0,6649114.0,3071825.0,0.3160008513580838,2223939.0,4455588.0,0.0,-183368.0,6496159.0,13328641.0,0.0,916353.0,-3606785647.0,-371.0326386164958,-3607702000.0,-371.12690450994495,0.0,-3803672000.0,-391.28647962917984,379672000.0,-3783005000.0,-389.1604504461966,-223.67991,-223.67991,16912583.0,16912583.0,https://www.sec.gov/Archives/edgar/data/1092662/000114036119020057/0001140361-19-020057-index.htm,https://www.sec.gov/Archives/edgar/data/1092662/000114036119020057/form10q.htm,1620590119,15:55:19,20210509
3,2019-06-30,CEMID,USD,2019-08-06,2019-08-06 17:17:43,Q2,9591386.0,6693225.0,2898161.0,0.3021628990846578,2101020.0,4096942.0,0.0,-5165949.0,1032013.0,8120850.0,0.0,394854.0,-3299406146.0,-343.99680567542583,-3299801000.0,-344.0379732397382,0.0,-3293883000.0,-343.4209612667033,-107203000.0,-3186680000.0,-332.2439530637178,-188.48359,-188.48359,16906936.0,16906936.0,https://www.sec.gov/Archives/edgar/data/1092662/000114036119014369/0001140361-19-014369-index.htm,https://www.sec.gov/Archives/edgar/data/1092662/000114036119014369/form10q.htm,1620590119,15:55:19,20210509
4,2019-03-31,CEMID,USD,2019-05-02,2019-05-02 08:01:15,Q1,8300966.0,4770337.0,3530629.0,0.425327485981752,2217632.0,4013071.0,0.0,5165949.0,11396652.0,16166989.0,0.0,355468.0,-3095330532.0,-372.8879906266331,-3095686000.0,-372.93081311259436,0.0,-3089002000.0,-372.12560562228543,-272469000.0,-2816533000.0,-339.30183547312447,-164.07187,-164.07187,17166459.0,17166459.0,https://www.sec.gov/Archives/edgar/data/1092662/000114036119008232/0001140361-19-008232-index.htm,https://www.sec.gov/Archives/edgar/data/1092662/000114036119008232/form10q.htm,1620590119,15:55:19,20210509
5,2018-12-31,CEMID,USD,2019-03-18,2019-03-18 06:28:44,Q4,7595000.0,4599287.0,2995713.0,0.39443225806451615,2789991.0,3112861.0,0.0,4936932.0,10839784.0,15439071.0,0.0,239255.0,-3244544745.0,-427.1948314680711,-3244784000.0,-427.2263331138907,0.0,-3238271000.0,-426.3687952600395,-67521000.0,-3170750000.0,-417.4786043449638,-219.69506,-219.69506,14432505.0,14432505.0,https://www.sec.gov/Archives/edgar/data/1092662/000114036119005069/0001140361-19-005069-index.htm,https://www.sec.gov/Archives/edgar/data/1092662/000114036119005069/form10_k.htm,1620590119,15:55:19,20210509
6,2018-09-30,CEMID,USD,2018-11-08,2018-11-08 16:23:37,Q3,9376793.0,6774749.0,2602044.0,0.2774982875275161,1897751.0,3034129.0,0.0,6774749.0,11706629.0,18481378.0,0.0,216625.0,-2329619375.0,-248.44521735736302,-2329836000.0,-248.46831960564768,0.0,-2314181000.0,-246.7987722454788,0.0,-2314181000.0,-246.7987722454788,-166.82323,-166.82323,13872055.0,13872055.0,https://www.sec.gov/Archives/edgar/data/1092662/000114036118042769/0001140361-18-042769-index.htm,https://www.sec.gov/Archives/edgar/data/1092662/000114036118042769/form10q.htm,1620590119,15:55:19,20210509
7,2018-06-30,CEMID,USD,2018-08-08,2018-08-08 17:18:24,Q2,8720326.0,5935428.0,2784898.0,0.31935709742961443,1991412.0,2547216.0,0.0,5935428.0,10474056.0,16409484.0,-3069.0,223670.0,-1753506330.0,-201.08265791898148,-1753730000.0,-201.10830718943305,0.0,-1728375000.0,-198.20073240381151,0.0,-1728375000.0,-198.20073240381151,-125.98609,-125.98609,13718776.0,13718776.0,https://www.sec.gov/Archives/edgar/data/1092662/000114036118035995/0001140361-18-035995-index.htm,https://www.sec.gov/Archives/edgar/data/1092662/000114036118035995/form10q.htm,1620590119,15:55:19,20210509
8,2018-03-31,CEMID,USD,2018-05-09,2018-05-09 16:07:08,Q1,7717132.0,4117779.0,3599353.0,0.4664107080195078,1847102.0,2406569.0,0.0,4117779.0,8371450.0,12489229.0,3069.0,222955.0,-654095045.0,-84.7588255585106,-654318000.0,-84.78771647290729,0.0,-652343000.0,-84.53179238090006,0.0,-652343000.0,-84.53179238090006,-49.16944,-49.16944,13267246.0,13267246.0,https://www.sec.gov/Archives/edgar/data/1092662/000114036118022479/0001140361-18-022479-index.htm,https://www.sec.gov/Archives/edgar/data/1092662/000114036118022479/form10q.htm,1620590119,15:55:19,20210509
9,2017-12-31,CEMID,USD,2018-03-08,2018-03-08 17:23:09,Q4,5988073.0,3433309.0,2554764.0,0.4266420933746132,2520646.0,2118384.0,0.0,12921157.0,17560187.0,20993496.0,2945.0,265614.0,-2084000386.0,-348.0252137874739,-2084266000.0,-348.06957096214427,0.0,-2086737000.0,-348.48222458209847,-88305000.0,-1998432000.0,-333.7354103732536,-162.47374,-162.47374,12300031.0,12300031.0,https://www.sec.gov/Archives/edgar/data/1092662/000109266218000013/0001092662-18-000013-index.htm,https://www.sec.gov/Archives/edgar/data/1092662/000109266218000013/form10_k.htm,1620590119,15:55:19,20210509
10,2017-09-30,CEMID,USD,2017-11-08,2017-11-08 16:03:51,Q3,7587374.0,4064791.0,3522583.0,0.46426906067896484,1805737.0,2305359.0,0.0,0.0,4111096.0,8175887.0,0.0,237783.0,-588275217.0,-77.53344134611,-588513000.0,-77.56478064742821,0.0,-584661000.0,-77.0570951161759,0.0,-584661000.0,-77.0570951161759,-47.55746,-47.55746,12293781.0,12293781.0,https://www.sec.gov/Archives/edgar/data/1092662/000109266217000094/0001092662-17-000094-index.htm,https://www.sec.gov/Archives/edgar/data/1092662/000109266217000094/form10q.htm,1620590119,15:55:19,20210509
11,2017-06-30,CEMID,USD,2017-08-09,2017-08-09 16:07:44,Q2,4114813.0,2203842.0,1910971.0,0.4644125990658628,1982426.0,2109359.0,0.0,0.0,4091785.0,6295627.0,0.0,295816.0,-2180518184.0,-529.9191443207748,-2180814000.0,-529.9910348295293,0.0,-2173092000.0,-528.1144003384844,0.0,-2173092000.0,-528.1144003384844,-176.89017,-176.89017,12284979.0,12284979.0,https://www.sec.gov/Archives/edgar/data/1092662/000109266217000075/0001092662-17-000075-index.htm,https://www.sec.gov/Archives/edgar/data/1092662/000109266217000075/form10q.htm,1620590119,15:55:19,20210509
12,2017-03-31,CEMID,USD,2017-05-09,2017-05-09 16:03:21,Q1,6325167.0,3219215.0,3105952.0,0.491046639559082,2246572.0,2488337.0,0.0,0.0,4734909.0,7954124.0,0.0,477750.0,-1628479250.0,-257.460277333389,-1628957000.0,-257.5358089359538,0.0,-1615575000.0,-255.42013357117685,0.0,-1615575000.0,-255.42013357117685,-131.66142,-131.66142,12270679.0,12270679.0,https://www.sec.gov/Archives/edgar/data/1092662/000109266217000041/0001092662-17-000041-index.htm,https://www.sec.gov/Archives/edgar/data/1092662/000109266217000041/form10q.htm,1620590119,15:55:19,20210509
13,2016-12-31,CEMID,USD,2017-03-07,2017-03-07 16:01:27,Q4,4254876.0,2501490.0,1753386.0,0.41208862490939807,2162071.0,2164891.0,0.0,0.0,4326962.0,6828452.0,0.0,263125.0,-2573312875.0,-604.7915086127069,-2573576000.0,-604.8533494278095,0.0,-2557757000.0,-601.1354972506837,0.0,-2557757000.0,-601.1354972506837,-240.79056,-240.79056,10622331.0,10622331.0,https://www.sec.gov/Archives/edgar/data/1092662/000109266217000023/0001092662-17-000023-index.htm,https://www.sec.gov/Archives/edgar/data/1092662/000109266217000023/form10_k.htm,1620590119,15:55:19,20210509
14,2016-09-30,CEMID,USD,2016-11-10,2016-11-10 08:18:20,Q3,3746461.0,1794364.0,1952097.0,0.521050933133963,2263719.0,1832451.0,0.0,0.0,4096170.0,5890534.0,0.0,295944.0,-2143777056.0,-572.213898930217,-2144073000.0,-572.2928918784954,0.0,-2138218000.0,-570.730083670963,0.0,-2138218000.0,-570.730083670963,-210.64658,-210.64658,10150737.0,10150737.0,https://www.sec.gov/Archives/edgar/data/1092662/000109266216000221/0001092662-16-000221-index.htm,https://www.sec.gov/Archives/edgar/data/1092662/000109266216000221/form10q.htm,1620590119,15:55:19,20210509
15,2016-06-30,CEMID,USD,2016-08-11,2016-08-11 08:16:22,Q2,3266405.0,1686100.0,1580305.0,0.4838055905498553,2367466.0,1598813.0,0.0,0.0,3966279.0,5652379.0,0.0,288527.0,-2385685473.0,-730.3703836480779,-2385974000.0,-730.4587153154615,-2564.0,-2384664000.0,-730.0576627821719,5962818.0,-8347482000.0,-2555.5563379311507,-865.05882,-865.05882,9649612.0,9649612.0,https://www.sec.gov/Archives/edgar/data/1092662/000109266216000192/0001092662-16-000192-index.htm,https://www.sec.gov/Archives/edgar/data/1092662/000109266216000192/form10q.htm,1620590119,15:55:19,20210509
16,2016-03-31,CEMID,USD,2016-05-12,2016-05-12 08:21:50,Q1,6601099.0,3435551.0,3165548.0,0.47954863273524606,1634298.0,1999404.0,0.0,0.0,3633702.0,7069253.0,0.0,291632.0,-467862368.0,-70.87643557534889,-468154000.0,-70.92061488549103,2564.0,-465590000.0,-70.53219471484975,-162000.0,-303590000.0,-45.99082667901209,-31.51992,-31.51992,9631686.0,9631686.0,https://www.sec.gov/Archives/edgar/data/1092662/000109266216000168/0001092662-16-000168-index.htm,https://www.sec.gov/Archives/edgar/data/1092662/000109266216000168/form10q.htm,1620590119,15:55:19,20210509
17,2015-12-31,CEMID,USD,2016-03-08,2016-03-08 08:17:20,Q4,4420816.0,2550273.0,1870543.0,0.423121658987843,1466252.0,1605814.0,0.0,-4814000.0,3072066.0,5622339.0,87.0,390984.0,-1201132016.0,-271.6991650410241,-1201523000.0,-271.7876066318978,-4333.0,-1205856000.0,-272.7677424258327,-556873000.0,-648983000.0,-146.80163119206952,-67.4196,-67.4196,9626028.0,9626028.0,https://www.sec.gov/Archives/edgar/data/1092662/000109266216000121/0001092662-16-000121-index.htm,https://www.sec.gov/Archives/edgar/data/1092662/000109266216000121/form10_k.htm,1620590119,15:55:19,20210509
18,2015-09-30,CEMID,USD,2015-11-12,2015-11-12 08:18:54,Q3,6887374.0,3976840.0,2910534.0,0.422589799827917,1570044.0,1919551.0,0.0,0.0,3489595.0,7466435.0,749.0,315907.0,-578745093.0,-84.02986290565896,-579061000.0,-84.07573045982402,-396.0,-579457000.0,-84.1332269744608,-603370000.0,-437157000.0,-63.472231942101594,-45.41758,-45.41758,9625282.0,9625282.0,https://www.sec.gov/Archives/edgar/data/1092662/000109266215000089/0001092662-15-000089-index.htm,https://www.sec.gov/Archives/edgar/data/1092662/000109266215000089/form10q.htm,1620590119,15:55:19,20210509
19,2015-06-30,CEMID,USD,2015-08-06,2015-08-06 08:16:11,Q2,6716158.0,3697026.0,3019132.0,0.44953260480173335,1757007.0,2160096.0,0.0,0.0,3917103.0,7614129.0,0.0,319941.0,-897651059.0,-133.65544095299722,-897971000.0,-133.70307845646275,316.0,-897655000.0,-133.65602774681597,-233570.0,-664085000.0,-98.87870416389846,-69.00464,-69.00464,9623773.0,9623773.0,https://www.sec.gov/Archives/edgar/data/1092662/000109266215000067/0001092662-15-000067-index.htm,https://www.sec.gov/Archives/edgar/data/1092662/000109266215000067/form10q.htm,1620590119,15:55:19,20210509
20,2015-03-31,CEMID,USD,2015-05-07,2015-05-07 08:24:04,Q1,6231137.0,3544519.0,2686618.0,0.4311601558431471,1584536.0,1977574.0,0.0,0.0,3562110.0,7106629.0,0.0,345731.0,-875146269.0,-140.44728417943628,-875492000.0,-140.50276859584375,1175.0,-874317000.0,-140.31419947916407,-227500.0,-646817000.0,-103.80400880288782,-67.20392,-67.20392,9624691.0,9624691.0,https://www.sec.gov/Archives/edgar/data/1092662/000109266215000048/0001092662-15-000048-index.htm,https://www.sec.gov/Archives/edgar/data/1092662/000109266215000048/form10q.htm,1620590119,15:55:19,20210509
21,2014-12-31,CEMID,USD,2015-03-05,2015-03-05 08:20:36,Q4,7095306.0,4186834.0,2908472.0,0.4099149494045782,1393823.0,2186825.0,0.0,0.0,3580648.0,7767482.0,0.0,202506.0,-671973494.0,-94.7067672627509,-672176000.0,-94.7353081036956,1312.0,-670864000.0,-94.55039712170272,-175002000.0,-495862000.0,-69.88592176292326,-52.02994,-52.02994,9530320.0,9530320.0,https://www.sec.gov/Archives/edgar/data/1092662/000109266215000024/0001092662-15-000024-index.htm,https://www.sec.gov/Archives/edgar/data/1092662/000109266215000024/form10_k.htm,1620590119,15:55:19,20210509
22,2014-09-30,CEMID,USD,2014-11-06,2014-11-06 08:19:16,Q3,7314308.0,4663919.0,2650389.0,0.3623567670379754,972439.0,1940423.0,0.0,0.0,2912862.0,7576781.0,0.0,192992.0,-262280008.0,-35.85848558742673,-262473000.0,-35.88487113203327,1136.0,-261337000.0,-35.7295591052496,9284.0,-270621000.0,-36.99885211287247,-28.47718,-28.47718,9503084.0,9503084.0,https://www.sec.gov/Archives/edgar/data/1092662/000109266214000085/0001092662-14-000085-index.htm,https://www.sec.gov/Archives/edgar/data/1092662/000109266214000085/form10q.htm,1620590119,15:55:19,20210509
23,2014-06-30,CEMID,USD,2014-08-07,2014-08-07 08:18:02,Q2,7422597.0,4440046.0,2982551.0,0.4018204140680142,1268653.0,1946763.0,0.0,0.0,3215416.0,7655462.0,0.0,171097.0,-232693903.0,-31.349391998514804,-232865000.0,-31.37244282560403,-4146.0,-237011000.0,-31.93100743580717,-91030000.0,-145981000.0,-19.667105731322877,-15.45073,-15.45073,9448160.0,9448160.0,https://www.sec.gov/Archives/edgar/data/1092662/000109266214000065/0001092662-14-000065-index.htm,https://www.sec.gov/Archives/edgar/data/1092662/000109266214000065/form10q.htm,1620590119,15:55:19,20210509
24,2014-03-31,CEMID,USD,2014-05-08,2014-05-08 08:30:31,Q1,5813073.0,3540462.0,2272611.0,0.39094829877415954,1197622.0,1457728.0,0.0,0.0,2655350.0,6195812.0,0.0,172702.0,-382566298.0,-65.81136999311724,-382739000.0,-65.84107923640387,1830.0,-380909000.0,-65.52627156067024,-156170000.0,-224739000.0,-38.66096297087616,-24.0641,-24.0641,9339181.0,9339181.0,https://www.sec.gov/Archives/edgar/data/1092662/000109266214000047/0001092662-14-000047-index.htm,https://www.sec.gov/Archives/edgar/data/1092662/000109266214000047/form10q.htm,1620590119,15:55:19,20210509
25,2013-12-31,CEMID,USD,2014-03-06,2014-03-06 08:08:49,Q4,7860295.0,4591387.0,3268908.0,0.4158759944760343,1686048.0,1758902.0,0.0,0.0,3444950.0,8036337.0,0.0,161587.0,-175880413.0,-22.375803071004334,-176042000.0,-22.3963604419427,2066.0,-173976000.0,-22.13352043402951,88012.0,-261988000.0,-33.33055565980666,-29.128938145980467,-27.519840402824883,8994080.0,9519968.0,https://www.sec.gov/Archives/edgar/data/1092662/000109266214000018/0001092662-14-000018-index.htm,https://www.sec.gov/Archives/edgar/data/1092662/000109266214000018/form10_k.htm,1620590119,15:55:19,20210509
26,2013-09-30,CEMID,USD,2013-11-07,2013-11-07 16:00:36,Q3,9617639.0,5561453.0,4056186.0,0.42174446348007033,1602297.0,1379845.0,0.0,0.0,2982142.0,8543595.0,0.0,163901.0,1237945.0,0.128716101737651,1074044.0,0.11167439326845185,1477.0,1075521.0,0.11182796526257639,358850.0,716671.0,0.07451631320327161,0.08064264220606328,0.0759736512249564,8886998.0,9433152.0,https://www.sec.gov/Archives/edgar/data/1092662/000109266213000132/0001092662-13-000132-index.htm,https://www.sec.gov/Archives/edgar/data/1092662/000109266213000132/form10q.htm,1620590119,15:55:19,20210509
27,2013-06-30,CEMID,USD,2013-08-08,2013-08-08 08:23:01,Q2,5393522.0,3112347.0,2281175.0,0.42294719480146736,1500645.0,1160256.0,0.0,0.0,2660901.0,5773248.0,0.0,141575.0,-379584425.0,-70.37783937842471,-379726000.0,-70.40408846019355,8398.0,-371328000.0,-68.84703538800805,-130340000.0,-240988000.0,-44.68100806856818,-27.813331628287358,-26.106833180945614,8664478.0,9230840.0,https://www.sec.gov/Archives/edgar/data/1092662/000109266213000100/0001092662-13-000100-index.htm,https://www.sec.gov/Archives/edgar/data/1092662/000109266213000100/form10q.htm,1620590119,15:55:19,20210509
28,2013-03-31,CEMID,USD,2013-05-09,2013-05-09 08:00:46,Q1,6678153.0,3984263.0,2693890.0,0.4033884818152564,1045259.0,1162080.0,0.0,0.0,2207339.0,6191602.0,335.0,140759.0,627310.0,0.09393465528567554,486551.0,0.07285712082367685,1002.0,487553.0,0.0730071623096985,170430.0,317123.0,0.047486632905834894,0.03933072420830799,0.03645423394241936,8062984.0,8699209.0,https://www.sec.gov/Archives/edgar/data/1092662/000109266213000053/0001092662-13-000053-index.htm,https://www.sec.gov/Archives/edgar/data/1092662/000109266213000053/form10_q.htm,1620590119,15:55:19,20210509
29,2012-12-31,CEMID,USD,2013-03-07,2013-03-07 16:01:59,Q4,7866066.0,4708477.0,3157589.0,0.40141908293167133,1122483.0,1330035.0,0.0,0.0,2452518.0,7160995.0,1922.0,118708.0,823779.0,0.10472566591737216,705071.0,0.08963451361837035,603.0,705674.0,0.0897111720140665,214017.0,491657.0,0.06250354370278612,0.061564632239047436,0.05707024909273931,7986030.0,8614944.0,https://www.sec.gov/Archives/edgar/data/1092662/000109266213000024/0001092662-13-000024-index.htm,https://www.sec.gov/Archives/edgar/data/1092662/000109266213000024/form10_k.htm,1620590119,15:55:19,20210509
30,2012-09-30,CEMID,USD,2012-11-13,2012-11-13 08:47:49,Q3,5007386.0,3278471.0,1728915.0,0.3452729627793823,1005645.0,1208383.0,0.0,0.0,2214028.0,5492499.0,2815.0,134674.0,-484978326.0,-96.85259454733468,-485113000.0,-96.87948961793639,-546.0,-485659000.0,-96.98852854563239,-193310000.0,-292349000.0,-58.383555811355464,-36.660723934838366,-33.92733155025167,7974447.0,8616917.0,https://www.sec.gov/Archives/edgar/data/1092662/000109266212000082/0001092662-12-000082-index.htm,https://www.sec.gov/Archives/edgar/data/1092662/000109266212000082/form10_q.htm,1620590119,15:55:19,20210509
31,2012-06-30,CEMID,USD,2012-08-09,2012-08-09 08:32:18,Q2,6083891.0,3513268.0,2570623.0,0.4225294305897328,979043.0,1079201.0,0.0,0.0,2058244.0,5571512.0,2317.0,139949.0,652328.0,0.10722217081141,512379.0,0.0842189644752018,-719.0,511660.0,0.084100783528173,203130.0,308530.0,0.05071261138636442,0.03875657384500938,0.03624319698523512,7960714.0,8512770.0,https://www.sec.gov/Archives/edgar/data/1092662/000109266212000058/0001092662-12-000058-index.htm,https://www.sec.gov/Archives/edgar/data/1092662/000109266212000058/form10q.htm,1620590119,15:55:19,20210509
32,2012-03-31,CEMID,USD,2012-05-08,2012-05-08 08:17:24,Q1,6653252.0,3320388.0,3332864.0,0.5009375866117802,1379131.0,1233968.0,0.0,0.0,2613099.0,5933487.0,2441.0,129947.0,849712.0,0.1277137856795444,719765.0,0.10818243469509346,-922.0,718843.0,0.1080438558467348,285400.0,433443.0,0.06514753987974603,0.006828607609534399,0.006364908498171879,63474580.0,68098858.0,https://www.sec.gov/Archives/edgar/data/1092662/000109266212000026/0001092662-12-000026-index.htm,https://www.sec.gov/Archives/edgar/data/1092662/000109266212000026/form10-q.htm,1620590119,15:55:19,20210509
33,2011-12-31,CEMID,USD,2012-03-08,2012-03-08 08:06:52,Q4,6216417.0,3473467.0,2742950.0,0.4412429217666704,1180810.0,1011430.0,0.0,0.0,2192240.0,5665707.0,5278.0,116238.0,666948.0,0.1072881693747379,550710.0,0.0885896168162464,-3295.0,547415.0,0.08805956871940862,-5133229000.0,5680644.0,0.9138132142679618,0.09017123958160081,0.08298941917206402,62998402.0,68450220.0,https://www.sec.gov/Archives/edgar/data/1092662/000109266212000013/0001092662-12-000013-index.htm,https://www.sec.gov/Archives/edgar/data/1092662/000109266212000013/form10_k.htm,1620590119,15:55:19,20210509
34,2011-09-30,CEMID,USD,2011-11-03,2011-11-03 08:05:26,Q3,5921787000.0,3251054000.0,2670733000.0,0.45100119271429384,1242295000.0,949237000.0,0.0,0.0,2191532000.0,5442586000.0,-8456655.0,-216635410.0,262565590.0,0.04433891154815261,479201000.0,0.0809216879972211,5424970.0,475605000.0,0.08031443886786202,0.0,475605000.0,0.08031443886786202,7.562825332438016,7.0308053359880995,62887212.0,67645878.0,https://www.sec.gov/Archives/edgar/data/1092662/000109266211000063/0001092662-11-000063-index.htm,https://www.sec.gov/Archives/edgar/data/1092662/000109266211000063/form10_q.htm,1620590119,15:55:19,20210509
35,2011-06-30,CEMID,USD,2011-08-04,2011-08-04 07:59:14,Q2,6848184000.0,2925288000.0,3922896000.0,0.5728374120788811,2455014000.0,1438004000.0,0.0,0.0,3893018000.0,6818306000.0,3140000.0,210887000.0,245188000.0,0.035803360423726935,34301000.0,0.0050087731287593905,-5434000.0,32864000.0,0.004798936477174095,-2254000.0,36528000.0,0.005333968830276757,0.5828154360506289,0.5261865764428396,62675073.0,69420243.0,https://www.sec.gov/Archives/edgar/data/1092662/000109266211000044/0001092662-11-000044-index.htm,https://www.sec.gov/Archives/edgar/data/1092662/000109266211000044/form10_q.htm,1620590119,15:55:19,20210509
36,2011-03-31,CEMID,USD,2011-05-05,2011-05-05 07:16:23,Q1,3635681000.0,1709339000.0,1926342000.0,0.5298435148738296,1290142000.0,775371000.0,0.0,0.0,2065513000.0,3774852000.0,4436000.0,87282000.0,-51889000.0,-0.014272154240154733,-139171000.0,-0.03827921096487838,0.0,-142297000.0,-0.039139022372974966,0.0,-142297000.0,-0.039139022372974966,-2.28462,-2.28462,62284772.0,62284772.0,https://www.sec.gov/Archives/edgar/data/1092662/000129346211000025/0001293462-11-000025-index.htm,https://www.sec.gov/Archives/edgar/data/1092662/000129346211000025/form10_q.htm,1620590119,15:55:19,20210509
37,2010-12-31,CEMID,USD,2011-03-03,2011-03-03 06:36:58,Q4,5666842000.0,3175984000.0,2490858000.0,0.4395495762895807,-236147000.0,797006000.0,0.0,0.0,560859000.0,3736843000.0,4800000.0,70905000.0,2000904000.0,0.3530897808691331,1929999000.0,0.3405775209543516,0.0,1926599000.0,0.33997753951848314,45823000.0,1880776000.0,0.3318913779491293,0.03028,0.03028,62102861000.0,62102861000.0,https://www.sec.gov/Archives/edgar/data/1092662/000129346211000011/0001293462-11-000011-index.htm,https://www.sec.gov/Archives/edgar/data/1092662/000129346211000011/form10_k.htm,1620590119,15:55:19,20210509
38,2010-09-30,CEMID,USD,2010-11-04,2010-11-04 08:44:58,Q3,4505003000.0,2296502000.0,2208501000.0,0.49023296987815546,1230101000.0,801853000.0,0.0,-3923000.0,2031954000.0,4328456000.0,5665000.0,64786000.0,241333000.0,0.05356999762264309,176547000.0,0.0391890970993804,0.0,167977000.0,0.03728676762257428,0.0,167977000.0,0.03728676762257428,0.00271,0.00271,62068204000.0,62068204000.0,https://www.sec.gov/Archives/edgar/data/1092662/000109266210000099/0001092662-10-000099-index.htm,https://www.sec.gov/Archives/edgar/data/1092662/000109266210000099/form10_q.htm,1620590119,15:55:19,20210509
39,2010-06-30,CEMID,USD,2010-07-29,2010-07-28 18:30:55,Q2,3749443000.0,1654477000.0,2094966000.0,0.5587405916025394,791596000.0,680014000.0,0.0,0.0,1471610000.0,3126087000.0,2058000.0,68424000.0,691780000.0,0.1845020713743348,623356000.0,0.16625296077310683,0.0,621917000.0,0.16586917043411514,0.0,621917000.0,0.16586917043411514,0.01003,0.01003,62028450000.0,62028450000.0,https://www.sec.gov/Archives/edgar/data/1092662/000109266210000082/0001092662-10-000082-index.htm,https://www.sec.gov/Archives/edgar/data/1092662/000109266210000082/form10_q.htm,1620590119,15:55:19,20210509
40,2010-03-31,CEMID,USD,2010-05-06,2010-05-06 09:00:34,Q1,2783415000.0,1477041000.0,1306374000.0,0.46934215702653037,800758000.0,661848000.0,0.0,0.0,1462606000.0,2939647000.0,2204000.0,79628000.0,-76604000.0,-0.02752158768994203,-156232000.0,-0.056129610568312664,0.0,-157326000.0,-0.056522652928147614,0.0,-157326000.0,-0.056522652928147614,-2.53808,-2.53808,61986165.0,61986165.0,https://www.sec.gov/Archives/edgar/data/1092662/000109266210000047/0001092662-10-000047-index.htm,https://www.sec.gov/Archives/edgar/data/1092662/000109266210000047/form10_q.htm,1620590119,15:55:19,20210509
41,2009-12-31,CEMID,USD,2010-03-05,2010-03-05 06:50:35,Q4,9470563000.0,5479124000.0,3991439000.0,0.42145741493932304,2106194000.0,1875572000.0,0.0,-6696000.0,3981766000.0,9460890000.0,7921000.0,83770000.0,93443000.0,0.00986667846462771,9673000.0,0.0010213753923605175,-6696000.0,1920000.0,0.00020273345945747892,0.0,1920000.0,0.00020273345945747892,0.03099,0.03099,61946435.0,61946435.0,https://www.sec.gov/Archives/edgar/data/1092662/000109266210000007/0001092662-10-000007-index.htm,https://www.sec.gov/Archives/edgar/data/1092662/000109266210000007/form10_k.htm,1620590119,15:55:19,20210509
42,2009-09-30,CEMID,USD,2009-11-04,2009-11-04 16:00:19,Q3,990161000.0,483140000.0,507021000.0,0.5120591499766199,74516000.0,241361000.0,0.0,6696000.0,315877000.0,799017000.0,1276000.0,278568000.0,469712000.0,0.4743794191045699,191144000.0,0.19304335355563387,0.0,197201000.0,0.19916054055855562,0.0,197201000.0,0.19916054055855562,3.18349,3.18349,61944901.0,61944901.0,https://www.sec.gov/Archives/edgar/data/1092662/000109266209000100/0001092662-09-000100-index.htm,https://www.sec.gov/Archives/edgar/data/1092662/000109266209000100/form10q_3q09.htm,1620590119,15:55:19,20210509
43,2009-06-30,CEMID,USD,2009-08-06,2009-08-06 16:36:08,Q2,827926000.0,464671000.0,363255000.0,0.43875298033882254,55614000.0,-133364000.0,0.0,-6696000.0,-77750000.0,386921000.0,-2715000.0,-99449000.0,341556000.0,0.41254411626159826,441005000.0,0.5326623393878197,0.0,435171000.0,0.5256158159062525,0.0,435171000.0,0.5256158159062525,7.02513,7.02513,61944901.0,61944901.0,https://www.sec.gov/Archives/edgar/data/1092662/000109266209000080/0001092662-09-000080-index.htm,https://www.sec.gov/Archives/edgar/data/1092662/000109266209000080/form10_q.htm,1620590119,15:55:19,20210509
44,2009-03-31,CEMID,USD,2009-05-08,2009-05-07 18:26:16,Q1,2545598000.0,1546908000.0,998690000.0,0.3923203899437382,647372000.0,675813000.0,0.0,0.0,1323185000.0,2870093000.0,4121000.0,99449000.0,-225046000.0,-0.0884059462648855,-324495000.0,-0.12747299455766387,0.0,-325232000.0,-0.1277625139554635,0.0,-325232000.0,-0.1277625139554635,-0.00525,-0.00525,61944901000.0,61944901000.0,https://www.sec.gov/Archives/edgar/data/1092662/000109266209000059/0001092662-09-000059-index.htm,https://www.sec.gov/Archives/edgar/data/1092662/000109266209000059/form10_q.htm,1620590119,15:55:19,20210509
45,2008-12-31,CEMID,USD,2009-03-18,2009-03-18 16:55:23,Q4,7533407000.0,5338296000.0,2195111000.0,0.2913835665589288,1846492000.0,2183758000.0,0.0,0.0,4030250000.0,9368546000.0,3205000.0,106166000.0,-1728973000.0,-0.22950744596701067,-1835139000.0,-0.24360014001632993,95812000.0,-1711716000.0,-0.2272167161551208,0.0,-1711716000.0,-0.2272167161551208,-0.02794,-0.02794,61266954000.0,61266954000.0,https://www.sec.gov/Archives/edgar/data/1092662/000109266209000024/0001092662-09-000024-index.htm,https://www.sec.gov/Archives/edgar/data/1092662/000109266209000024/form10_k.htm,1620590119,15:55:19,20210509
46,2008-09-30,CEMID,USD,2008-11-12,2008-11-12 16:01:11,Q3,798380000.0,438579000.0,359801000.0,0.4506638442846765,191602000.0,38469000.0,0.0,0.0,230071000.0,668650000.0,-149000.0,85121000.0,214851000.0,0.2691086951075929,129730000.0,0.16249154537939328,0.0,126075000.0,0.157913524887898,0.0,126075000.0,0.157913524887898,2.03528,2.03528,61944901.0,61944901.0,https://www.sec.gov/Archives/edgar/data/1092662/000109266208000103/0001092662-08-000103-index.htm,https://www.sec.gov/Archives/edgar/data/1092662/000109266208000103/form10_q.htm,1620590119,15:55:19,20210509
47,2008-06-30,CEMID,USD,2008-08-04,2008-08-04 16:00:50,Q2,353056000.0,118169000.0,234887000.0,0.6652967234659657,-59087000.0,-152335000.0,0.0,0.0,-211422000.0,-93253000.0,-332000.0,78247000.0,524556000.0,1.485758633191335,446309000.0,1.2641309027463066,0.0,435053000.0,1.232249274902565,0.0,435053000.0,1.232249274902565,0.00718,0.00718,60616122000.0,60616122000.0,https://www.sec.gov/Archives/edgar/data/1092662/000109266208000092/0001092662-08-000092-index.htm,https://www.sec.gov/Archives/edgar/data/1092662/000109266208000092/form10_q.htm,1620590119,15:55:19,20210509
48,2008-03-31,CEMID,USD,2008-05-12,2008-05-12 16:42:50,Q1,2364728000.0,1302806000.0,1061922000.0,0.44906729230592274,626336000.0,1247154000.0,0.0,0.0,1873490000.0,3176296000.0,5593000.0,75854000.0,-735714000.0,-0.3111199258434797,-811568000.0,-0.34319718800640076,0.0,-798182000.0,-0.3375364946835323,0.0,-798182000.0,-0.3375364946835323,-0.01318,-0.01318,60537534000.0,60537534000.0,https://www.sec.gov/Archives/edgar/data/1092662/000109266208000054/0001092662-08-000054-index.htm,https://www.sec.gov/Archives/edgar/data/1092662/000109266208000054/form10q.htm,1620590119,15:55:19,20210509
49,2007-12-31,CEMID,USD,2008-03-12,2008-03-12 16:41:54,Q4,2376317000.0,1150742000.0,1225575000.0,0.5157455844485395,521580000.0,1341715000.0,0.0,-120862000.0,1863295000.0,3014037000.0,5772000.0,0.0,-637720000.0,-0.2683648688285275,-637720000.0,-0.2683648688285275,0.0,-623716000.0,-0.2624717156843973,0.0,-623716000.0,-0.2624717156843973,-0.0427,-0.0427,14608478000.0,14608478000.0,https://www.sec.gov/Archives/edgar/data/1092662/000109266208000017/0001092662-08-000017-index.htm,https://www.sec.gov/Archives/edgar/data/1092662/000109266208000017/form10ksb_2007.htm,1620590119,15:55:19,20210509
50,2007-09-30,CEMID,USD,2007-11-01,2007-11-01 17:08:26,Q3,2313538000.0,1328528000.0,985010000.0,0.42575916194158037,483189000.0,1174530000.0,0.0,0.0,1657719000.0,2986247000.0,6408000.0,-134194000.0,-806903000.0,-0.34877447441969833,-672709000.0,-0.290770672450593,0.0,-648514000.0,-0.280312663980449,0.0,-648514000.0,-0.280312663980449,-0.05106,-0.05106,12701494000.0,12701494000.0,https://www.sec.gov/Archives/edgar/data/1092662/000109266207000112/0001092662-07-000112-index.htm,https://www.sec.gov/Archives/edgar/data/1092662/000109266207000112/form10qsb.htm,1620590119,15:55:19,20210509
51,2007-06-30,CEMID,USD,2007-08-09,2007-08-09 16:45:08,Q2,2502773000.0,1510874000.0,991899000.0,0.3963200018539436,583154000.0,1063343000.0,0.0,120862000.0,1646497000.0,3157371000.0,1702000.0,66691000.0,-587907000.0,-0.23490224642826177,-654598000.0,-0.2615490897496497,-12146000.0,-625857000.0,-0.250065427427897,0.0,-625857000.0,-0.250065427427897,-0.05081,-0.05081,12318633000.0,12318633000.0,https://www.sec.gov/Archives/edgar/data/1092662/000109266207000095/0001092662-07-000095-index.htm,https://www.sec.gov/Archives/edgar/data/1092662/000109266207000095/form10qsb.htm,1620590119,15:55:19,20210509
52,2007-03-31,CEMID,USD,2007-05-11,2007-05-11 16:28:29,Q1,2038320000.0,1378501000.0,659819000.0,0.3237072687311119,318730000.0,1252226000.0,0.0,0.0,1570956000.0,2949457000.0,2997000.0,67503000.0,-843634000.0,-0.4138869264884807,-911137000.0,-0.44700390517681227,133008000.0,-728805000.0,-0.3575518073707759,0.0,-728805000.0,-0.3575518073707759,-0.0622,-0.0622,11717079000.0,11717079000.0,https://www.sec.gov/Archives/edgar/data/1092662/000109266207000063/0001092662-07-000063-index.htm,https://www.sec.gov/Archives/edgar/data/1092662/000109266207000063/form10qsb_1q07.htm,1620590119,15:55:19,20210509
53,2006-12-31,CEMID,USD,2007-03-29,2007-03-28 19:11:06,Q4,2609387000.0,1780163000.0,829224000.0,0.31778498168343755,-1026000.0,1454524000.0,0.0,0.0,1453498000.0,3233661000.0,4579000.0,63195000.0,-901258000.0,-0.34539069904157566,-964453000.0,-0.3696090307800261,0.0,-1029944000.0,-0.39470726266360645,0.0,-1029944000.0,-0.39470726266360645,-0.16496,-0.16496,6243775000.0,6243775000.0,https://www.sec.gov/Archives/edgar/data/1092662/000109266207000032/0001092662-07-000032-index.htm,https://www.sec.gov/Archives/edgar/data/1092662/000109266207000032/form10ksb2006.htm,1620590119,15:55:19,20210509
54,2006-09-30,CEMID,USD,2006-11-13,2006-11-13 16:56:34,Q3,1018190000.0,830819000.0,187371000.0,0.1840236105245583,76102000.0,1109797000.0,0.0,0.0,1185899000.0,2016718000.0,360606000.0,61556000.0,-1178918000.0,-1.1578565886524126,-1240474000.0,-1.2183128885571455,25000000.0,-1573986000.0,-1.5458666849998526,0.0,-1573986000.0,-1.5458666849998526,-0.2223,-0.2223,7080492857.0,7080492857.0,https://www.sec.gov/Archives/edgar/data/1092662/000109266206000106/0001092662-06-000106-index.htm,https://www.sec.gov/Archives/edgar/data/1092662/000109266206000106/form10qsb.htm,1620590119,15:55:19,20210509
55,2006-06-30,CEMID,USD,2006-08-11,2006-08-11 17:43:35,Q2,1637236000.0,1072802000.0,564434000.0,0.3447480998463264,64795000.0,1333322000.0,0.0,0.0,1398117000.0,2470919000.0,12312000.0,47646000.0,-1072707000.0,-0.6551938755316887,-1120353000.0,-0.6842953612063258,0.0,-1127376000.0,-0.6885849077347432,0.0,-1127376000.0,-0.6885849077347432,-0.16031,-0.16031,7032617647.0,7032617647.0,https://www.sec.gov/Archives/edgar/data/1092662/000109266206000070/0001092662-06-000070-index.htm,https://www.sec.gov/Archives/edgar/data/1092662/000109266206000070/form10qsb.htm,1620590119,15:55:19,20210509
56,2006-03-31,CEMID,USD,2006-05-12,2006-05-12 17:04:35,Q1,1237667000.0,802128000.0,435539000.0,0.3519032179091791,68597000.0,1297646000.0,0.0,0.0,1366243000.0,2168371000.0,9398000.0,37144000.0,-1217769000.0,-0.9839229776668522,-1254913000.0,-1.0139342811919523,0.0,-1263714000.0,-1.0210452407634687,0.0,-1263714000.0,-1.0210452407634687,-0.22,-0.22,5744154545.0,5744154545.0,https://www.sec.gov/Archives/edgar/data/1092662/000109266206000044/0001092662-06-000044-index.htm,https://www.sec.gov/Archives/edgar/data/1092662/000109266206000044/form10qsb.htm,1620590119,15:55:19,20210509
57,2005-12-31,CEMID,USD,2006-03-30,2006-03-30 17:11:21,Q4,1358443000.0,837837000.0,520606000.0,0.38323727973864197,2779000.0,1156205000.0,0.0,0.0,1158984000.0,1996821000.0,4414000.0,19079000.0,-927687000.0,-0.6829046194798015,-946766000.0,-0.6969493751302042,0.0,-923366000.0,-0.67972377199485,0.0,-923366000.0,-0.67972377199485,-0.24987,-0.24987,3695454545.0,3695454545.0,https://www.sec.gov/Archives/edgar/data/1092662/000109266206000023/0001092662-06-000023-index.htm,https://www.sec.gov/Archives/edgar/data/1092662/000109266206000023/form10ksb2005.htm,1620590119,15:55:19,20210509
58,2005-09-30,CEMID,USD,2005-11-14,2005-11-14 09:57:04,Q3,944713000.0,669817000.0,274896000.0,0.29098361089558417,101277000.0,823535000.0,0.0,0.0,924812000.0,1594629000.0,1044000.0,40564000.0,-800274000.0,-0.847108063507118,-840838000.0,-0.8900459716337131,0.0,-833507000.0,-0.8822859429265819,0.0,-833507000.0,-0.8822859429265819,-0.26845,-0.26845,3104845333.0,3104845333.0,https://www.sec.gov/Archives/edgar/data/1092662/000109266205000033/0001092662-05-000033-index.htm,https://www.sec.gov/Archives/edgar/data/1092662/000109266205000033/form_10qsb.htm,1620590119,15:55:19,20210509
59,2005-06-30,CEMID,USD,2005-08-12,2005-08-12 16:42:51,Q2,905689000.0,636380000.0,269309000.0,0.29735262325146933,91382000.0,729434000.0,0.0,0.0,820816000.0,1457196000.0,4247000.0,22425000.0,-864482000.0,-0.9545020420917114,-886907000.0,-0.9792621970676468,0.0,-875141000.0,-0.9662709826441527,0.0,-875141000.0,-0.9662709826441527,0.23079,0.23079,-3792000000.0,-3792000000.0,https://www.sec.gov/Archives/edgar/data/1092662/000109266205000006/0001092662-05-000006-index.htm,https://www.sec.gov/Archives/edgar/data/1092662/000109266205000006/form10qsb-2q05.htm,1620590119,15:55:19,20210509
60,2005-03-31,CEMID,USD,2005-05-13,2005-05-13 16:44:17,Q1,731885000.0,464550000.0,267335000.0,0.365269133812006,135760000.0,556061000.0,0.0,0.0,691821000.0,1156371000.0,5978000.0,16440000.0,-607036000.0,-0.8294144571893125,-623476000.0,-0.8518770025345512,0.0,-619986000.0,-0.8471084938207505,0.0,-619986000.0,-0.8471084938207505,-0.5,-0.5,1239972000.0,1239972000.0,https://www.sec.gov/Archives/edgar/data/1092662/000107878205000171/0001078782-05-000171-index.htm,https://www.sec.gov/Archives/edgar/data/1092662/000107878205000171/chembio305qsb.htm,1620590119,15:55:19,20210509
61,2004-12-31,CEMID,USD,2005-03-31,2005-03-31 10:11:35,Q4,1159309000.0,720181000.0,439128000.0,0.3787842585540179,91457000.0,753540000.0,0.0,0.0,844997000.0,1565178000.0,21221000.0,11369000.0,-840164000.0,-0.7247110131983794,-851533000.0,-0.7345177170193624,0.0,-893273000.0,-0.7705219229730814,0.0,-893273000.0,-0.7705219229730814,-0.24502,-0.24502,3645754117.0,3645754117.0,https://www.sec.gov/Archives/edgar/data/1092662/000114420405009417/0001144204-05-009417-index.htm,https://www.sec.gov/Archives/edgar/data/1092662/000114420405009417/v015259_10ksb.htm,1620590119,15:55:19,20210509
62,2004-09-30,CEMID,USD,2004-11-15,2004-11-15 17:23:10,Q3,566246000.0,674402000.0,-108156000.0,-0.19100532277490703,125875000.0,543097000.0,0.0,0.0,668972000.0,1343374000.0,13819000.0,24040000.0,-1024049000.0,-1.8084878303776097,-1048089000.0,-1.85094287641767,0.0,-1058429000.0,-1.8692034910621884,0.0,-1058429000.0,-1.8692034910621884,-0.19675,-0.19675,5379556097.0,5379556097.0,https://www.sec.gov/Archives/edgar/data/1092662/000130024804000088/0001300248-04-000088-index.htm,https://www.sec.gov/Archives/edgar/data/1092662/000130024804000088/final.htm,1620590119,15:55:19,20210509
63,2004-06-30,CEMID,USD,2004-10-27,2004-10-27 17:20:24,Q2,1580377000.0,1091010000.0,489367000.0,0.3096520640328225,339457000.0,1193661000.0,0.0,0.0,1533118000.0,2624128000.0,155518000.0,74556000.0,-1129184000.0,-0.7145029318953642,-1203740000.0,-0.7616790170952881,19920000.0,-1147189000.0,-0.7258957830947932,0.0,-1147189000.0,-0.7258957830947932,-0.22,-0.22,5214495454.0,5214495454.0,https://www.sec.gov/Archives/edgar/data/1092662/000130024804000067/0001300248-04-000067-index.htm,https://www.sec.gov/Archives/edgar/data/1092662/000130024804000067/final.htm,1620590119,15:55:19,20210509
64,2004-03-31,CEMID,USD,2004-05-14,2004-05-13 20:57:06,Q2,0.0,0.0,0.0,0.0,0.0,0.0,0.0,0.0,0.0,0.0,0.0,0.0,0.0,0.0,0.0,0.0,-19920000.0,0.0,0.0,0.0,0.0,0.0,0.018074,0.018074,5214495454.0,5214495454.0,https://www.sec.gov/Archives/edgar/data/1092662/000117347304000076/0001173473-04-000076-index.htm,https://www.sec.gov/Archives/edgar/data/1092662/000117347304000076/doc.htm,1620590119,15:55:19,20210509
65,2003-12-31,CEMID,USD,2004-08-04,2004-08-04 13:12:24,Q1,0.0,0.0,0.0,0.0,0.0,0.0,0.0,0.0,0.0,0.0,0.0,0.0,0.0,0.0,0.0,0.0,0.0,0.0,0.0,0.0,0.0,0.0,0.018074,0.018074,5214495454.0,5214495454.0,https://www.sec.gov/Archives/edgar/data/1092662/000117347304000114/0001173473-04-000114-index.htm,https://www.sec.gov/Archives/edgar/data/1092662/000117347304000114/doc.htm,1620590119,15:55:19,20210509
66,2003-06-30,CEMID,USD,2003-08-13,2003-08-13 17:12:26,Q3,0.0,0.0,0.0,0.0,0.0,0.0,0.0,0.0,0.0,0.0,0.0,0.0,0.0,0.0,0.0,0.0,-8028000.0,0.0,0.0,0.0,0.0,0.0,0.018524,0.018524,82000000.0,82000000.0,https://www.sec.gov/Archives/edgar/data/1092662/000107878203000162/0001078782-03-000162-index.htm,https://www.sec.gov/Archives/edgar/data/1092662/000107878203000162/tslu603qsb.htm,1620590119,15:55:19,20210509
67,2003-03-31,CEMID,USD,2003-06-03,2003-06-03,Q2,0.0,0.0,0.0,0.0,0.0,0.0,0.0,0.0,0.0,0.0,0.0,-90000.0,1430000.0,0.0,1520000.0,0.0,-6993000.0,1520000.0,0.0,0.0,1520000.0,0.0,0.01854,0.01854,82000000.0,82000000.0,https://www.sec.gov/Archives/edgar/data/1092662/000107878203000132/0001078782-03-000132-index.htm,https://www.sec.gov/Archives/edgar/data/1092662/000107878203000132/tslu303qsb.htm,1620590119,15:55:19,20210509
68,2001-12-31,CEMID,USD,2002-02-19,2002-02-19 00:00:00,Q3,0.0,0.0,0.0,0.0,0.0,0.0,0.0,-63407000.0,0.0,0.0,0.0,90000.0,-76008000.0,0.0,-76098000.0,0.0,-63407000.0,-317388000.0,0.0,0.0,-317388000.0,0.0,-0.06713,-0.06713,4727749000.0,4727749000.0,https://www.sec.gov/Archives/edgar/data/1092662/000107878202000022/0001078782-02-000022-index.htm,https://www.sec.gov/Archives/edgar/data/1092662/000107878202000022/tsi1201qsb.htm,1620590119,15:55:19,20210509
