,date,symbol,reportedCurrency,fillingDate,acceptedDate,period,revenue,costOfRevenue,grossProfit,grossProfitRatio,researchAndDevelopmentExpenses,generalAndAdministrativeExpenses,sellingAndMarketingExpenses,otherExpenses,operatingExpenses,costAndExpenses,interestExpense,depreciationAndAmortization,ebitda,ebitdaratio,operatingIncome,operatingIncomeRatio,totalOtherIncomeExpensesNet,incomeBeforeTax,incomeBeforeTaxRatio,incomeTaxExpense,netIncome,netIncomeRatio,eps,epsdiluted,weightedAverageShsOut,weightedAverageShsOutDil,link,finalLink,timestamp,est_time,est_date
0,2021-01-31,DYH.DE,USD,2021-01-31,2021-01-31,Q1,28339000000,20485000000.0,7854000000.0,0.27714457108578283,0.0,5448000000.0,0.0,0.0,6018000000.0,26503000000.0,106000000.0,637000000.0,2473000000,0.08726489996118424,1836000000,0.0647870425914817,0.0,1730000000.0,0.06104661420657045,350000000.0,1380000000.0,0.04869614312431631,2.76,2.73,500800000,506000000,https://www.bundesanzeiger.de/pub/de/suche;wwwsid=627BFD7A56A5CB624C47FDDEAB2FC509.web07-pub?0,https://www.bundesanzeiger.de/pub/de/suche;wwwsid=627BFD7A56A5CB624C47FDDEAB2FC509.web07-pub?0,1620591370,16:16:10,20210509
1,2020-10-31,DYH.DE,USD,2020-10-31,2020-10-31,Q4,22632000000,15509000000.0,7123000000.0,0.3147313538352775,0.0,4647000000.0,0.0,-5000000.0,5188000000.0,20697000000.0,632000000.0,603000000.0,2538000000,0.11214209968186638,1935000000,0.0854984093319194,-5000000.0,1298000000.0,0.05735242135030046,284000000.0,1014000000.0,0.04480381760339343,2.02,2.01,500600000,505400000,https://www.bundesanzeiger.de/pub/de/suche;wwwsid=627BFD7A56A5CB624C47FDDEAB2FC509.web07-pub?0,https://www.bundesanzeiger.de/pub/de/suche;wwwsid=627BFD7A56A5CB624C47FDDEAB2FC509.web07-pub?0,1620591370,16:16:10,20210509
2,2020-07-31,DYH.DE,USD,2020-07-31,2020-07-31,Q3,22975000000,15673000000.0,7302000000.0,0.31782372143634385,0.0,4460000000.0,0.0,11000000.0,5002000000.0,20675000000.0,122000000.0,604000000.0,2904000000,0.12639825897714907,2300000000,0.10010881392818281,11000000.0,2189000000.0,0.09527747551686616,499000000.0,1690000000.0,0.0735582154515778,3.38,3.35,500100000,504400000,https://www.bundesanzeiger.de/pub/de/suche;wwwsid=627BFD7A56A5CB624C47FDDEAB2FC509.web07-pub?0,https://www.bundesanzeiger.de/pub/de/suche;wwwsid=627BFD7A56A5CB624C47FDDEAB2FC509.web07-pub?0,1620591370,16:16:10,20210509
3,2020-04-30,DYH.DE,USD,2020-04-30,2020-04-30,Q2,19615000000,14510000000.0,5105000000.0,0.2602600050981392,0.0,4060000000.0,0.0,-22000000.0,4637000000.0,19147000000.0,117000000.0,641000000.0,1109000000,0.056538363497323475,468000000,0.02385929135865409,-22000000.0,329000000.0,0.01677287789956666,45000000.0,284000000.0,0.014478715268926842,0.57,0.56,501000000,505800000,https://www.bundesanzeiger.de/pub/de/suche;wwwsid=627BFD7A56A5CB624C47FDDEAB2FC509.web07-pub?0,https://www.bundesanzeiger.de/pub/de/suche;wwwsid=627BFD7A56A5CB624C47FDDEAB2FC509.web07-pub?0,1620591370,16:16:10,20210509
4,2020-01-31,DYH.DE,USD,2020-01-31,2020-01-31,Q1,23399000000,17056000000.0,6343000000.0,0.27107996068208046,0.0,4505000000.0,0.0,-29000000.0,5145000000.0,22201000000.0,118000000.0,699000000.0,1897000000,0.081071840676952,1198000000,0.051198769178170005,-29000000.0,1051000000.0,0.044916449420915425,218000000.0,834000000.0,0.03564254882687294,1.65,1.63,506200000,511900000,https://www.bundesanzeiger.de/pub/de/suche;wwwsid=627BFD7A56A5CB624C47FDDEAB2FC509.web07-pub?0,https://www.bundesanzeiger.de/pub/de/suche;wwwsid=627BFD7A56A5CB624C47FDDEAB2FC509.web07-pub?0,1620591370,16:16:10,20210509
5,2019-10-31,DYH.DE,USD,2019-10-31,2019-10-31,Q4,18665000000,12935000000.0,5730000000.0,0.30699169568711493,0.0,4153000000.0,0.0,12000000.0,4728000000.0,17663000000.0,113000000.0,638000000.0,1640000000,0.08786498794535226,1002000000,0.05368336458612376,12000000.0,901000000.0,0.048272167157781945,195000000.0,714000000.0,0.038253415483525316,1.4,1.39,509700000,514800000,https://www.bundesanzeiger.de/pub/de/suche;wwwsid=627BFD7A56A5CB624C47FDDEAB2FC509.web07-pub?0,https://www.bundesanzeiger.de/pub/de/suche;wwwsid=627BFD7A56A5CB624C47FDDEAB2FC509.web07-pub?0,1620591370,16:16:10,20210509
6,2019-07-31,DYH.DE,USD,2019-07-31,2019-07-31,Q3,18422000000,12625000000.0,5797000000.0,0.31467810226902615,0.0,3912000000.0,0.0,13000000.0,4473000000.0,17098000000.0,120000000.0,623000000.0,1947000000,0.10568885028769949,1324000000,0.07187058951253936,13000000.0,1217000000.0,0.06606231679513624,279000000.0,938000000.0,0.050917381391814134,1.83,1.82,512100000,516100000,https://www.bundesanzeiger.de/pub/de/suche;wwwsid=627BFD7A56A5CB624C47FDDEAB2FC509.web07-pub?0,https://www.bundesanzeiger.de/pub/de/suche;wwwsid=627BFD7A56A5CB624C47FDDEAB2FC509.web07-pub?0,1620591370,16:16:10,20210509
7,2019-04-30,DYH.DE,USD,2019-04-30,2019-04-30,Q2,17627000000,12248000000.0,5379000000.0,0.30515686163272254,0.0,3663000000.0,0.0,12000000.0,4244000000.0,16492000000.0,126000000.0,644000000.0,1779000000,0.1009247177625234,1135000000,0.06438985647018779,12000000.0,1021000000.0,0.05792250524763148,229000000.0,795000000.0,0.045101265104668976,1.54,1.53,515700000,519500000,https://www.bundesanzeiger.de/pub/de/suche;wwwsid=627BFD7A56A5CB624C47FDDEAB2FC509.web07-pub?0,https://www.bundesanzeiger.de/pub/de/suche;wwwsid=627BFD7A56A5CB624C47FDDEAB2FC509.web07-pub?0,1620591370,16:16:10,20210509
8,2019-01-31,DYH.DE,USD,2019-01-31,2019-01-31,Q1,22977000000,16899000000.0,6078000000.0,0.2645253949601776,0.0,4376000000.0,0.0,6000000.0,4961000000.0,21860000000.0,109000000.0,648000000.0,1765000000,0.07681594638116378,1117000000,0.048613831222526875,6000000.0,1014000000.0,0.04413108760934848,216000000.0,798000000.0,0.03473038255646951,1.54,1.52,519900000,524300000,https://www.bundesanzeiger.de/pub/de/suche;wwwsid=627BFD7A56A5CB624C47FDDEAB2FC509.web07-pub?0,https://www.bundesanzeiger.de/pub/de/suche;wwwsid=627BFD7A56A5CB624C47FDDEAB2FC509.web07-pub?0,1620591370,16:16:10,20210509
9,2018-10-31,DYH.DE,USD,2018-10-31,2018-10-31,Q4,17821000000,12535000000.0,5286000000.0,0.29661635149542676,0.0,3937000000.0,0.0,9000000.0,4467000000.0,17002000000.0,115000000.0,592000000.0,1411000000,0.07917625273553673,819000000,0.045957017002412885,9000000.0,713000000.0,0.04000897817181976,97000000.0,622000000.0,0.034902642949329446,1.18,1.17,525900000,531200000,https://www.bundesanzeiger.de/pub/de/suche;wwwsid=627BFD7A56A5CB624C47FDDEAB2FC509.web07-pub?0,https://www.bundesanzeiger.de/pub/de/suche;wwwsid=627BFD7A56A5CB624C47FDDEAB2FC509.web07-pub?0,1620591370,16:16:10,20210509
10,2018-07-31,DYH.DE,USD,2018-07-31,2018-07-31,Q3,17776000000,12239000000.0,5537000000.0,0.31148739873987397,0.0,3865000000.0,0.0,4000000.0,4404000000.0,16643000000.0,115000000.0,603000000.0,1736000000,0.09765976597659766,1133000000,0.06373762376237624,4000000.0,1022000000.0,0.057493249324932494,223000000.0,799000000.0,0.044948244824482446,1.5,1.49,531700000,536300000,https://www.bundesanzeiger.de/pub/de/suche;wwwsid=627BFD7A56A5CB624C47FDDEAB2FC509.web07-pub?0,https://www.bundesanzeiger.de/pub/de/suche;wwwsid=627BFD7A56A5CB624C47FDDEAB2FC509.web07-pub?0,1620591370,16:16:10,20210509
11,2018-04-30,DYH.DE,USD,2018-04-30,2018-04-30,Q2,16781000000,11625000000.0,5156000000.0,0.30725224956796376,0.0,3545000000.0,0.0,7000000.0,4115000000.0,15740000000.0,121000000.0,631000000.0,1672000000,0.09963649365353673,1041000000,0.0620344437161075,7000000.0,927000000.0,0.05524104642154818,210000000.0,718000000.0,0.04278648471485609,1.34,1.33,536900000,541000000,https://www.bundesanzeiger.de/pub/de/suche;wwwsid=627BFD7A56A5CB624C47FDDEAB2FC509.web07-pub?0,https://www.bundesanzeiger.de/pub/de/suche;wwwsid=627BFD7A56A5CB624C47FDDEAB2FC509.web07-pub?0,1620591370,16:16:10,20210509
12,2018-01-31,DYH.DE,USD,2018-01-31,2018-01-31,Q1,22766000000,16795000000.0,5971000000.0,0.2622770798559255,0.0,4221000000.0,0.0,0.0,4819000000.0,21614000000.0,134000000.0,661000000.0,1813000000,0.07963629974523412,1152000000,0.05060177457612229,0.0,1018000000.0,0.04471580426952473,-84000000.0,1101000000.0,0.04836159184749187,2.03,2.02,541500000,545900000,https://www.bundesanzeiger.de/pub/de/suche;wwwsid=627BFD7A56A5CB624C47FDDEAB2FC509.web07-pub?0,https://www.bundesanzeiger.de/pub/de/suche;wwwsid=627BFD7A56A5CB624C47FDDEAB2FC509.web07-pub?0,1620591370,16:16:10,20210509
13,2017-10-31,DYH.DE,USD,2017-10-31,2017-10-31,Q4,16667000000,11712000000.0,4955000000.0,0.29729405411891763,0.0,3512000000.0,0.0,0.0,4086000000.0,15798000000.0,254000000.0,633000000.0,1502000000,0.09011819763604728,869000000,0.052138957220855583,0.0,615000000.0,0.0368992620147597,137000000.0,480000000.0,0.02879942401151977,0.8815426997245179,0.8760722759627669,544500000,547900000,https://www.bundesanzeiger.de/pub/de/suche;wwwsid=627BFD7A56A5CB624C47FDDEAB2FC509.web07-pub?0,https://www.bundesanzeiger.de/pub/de/suche;wwwsid=627BFD7A56A5CB624C47FDDEAB2FC509.web07-pub?0,1620591370,16:16:10,20210509
14,2017-07-31,DYH.DE,USD,2017-07-31,2017-07-31,Q3,16429000000,11419000000.0,5010000000.0,0.3049485665591332,0.0,3382000000.0,0.0,0.0,3896000000.0,15315000000.0,135000000.0,578000000.0,1692000000,0.10298861768823422,1114000000,0.06780692677582324,0.0,979000000.0,0.05958974983261306,308000000.0,672000000.0,0.04090328078397955,1.2233752048061168,1.2176118862112701,549300000,551900000,https://www.bundesanzeiger.de/pub/de/suche;wwwsid=627BFD7A56A5CB624C47FDDEAB2FC509.web07-pub?0,https://www.bundesanzeiger.de/pub/de/suche;wwwsid=627BFD7A56A5CB624C47FDDEAB2FC509.web07-pub?0,1620591370,16:16:10,20210509
15,2017-04-30,DYH.DE,USD,2017-04-30,2017-04-30,Q2,16017000000,11134000000.0,4883000000.0,0.30486358244365364,0.0,3132000000.0,0.0,0.0,3705000000.0,14839000000.0,144000000.0,573000000.0,1751000000,0.10932134606980083,1178000000,0.07354685646500593,0.0,1034000000.0,0.06455640881563339,357000000.0,681000000.0,0.042517325341824314,1.2328023171614773,1.2265850144092219,552400000,555200000,https://www.bundesanzeiger.de/pub/de/suche;wwwsid=627BFD7A56A5CB624C47FDDEAB2FC509.web07-pub?0,https://www.bundesanzeiger.de/pub/de/suche;wwwsid=627BFD7A56A5CB624C47FDDEAB2FC509.web07-pub?0,1620591370,16:16:10,20210509
16,2017-01-31,DYH.DE,USD,2017-01-31,2017-01-31,Q1,20690000000,15115000000.0,5575000000.0,0.2694538424359594,0.0,3615000000.0,0.0,0.0,4227000000.0,19342000000.0,140000000.0,612000000.0,1960000000,0.09473175447075882,1348000000,0.06515224746254229,0.0,1208000000.0,0.058385693571773804,386000000.0,817000000.0,0.03948767520541324,1.46,1.45,559700000,564500000,https://www.bundesanzeiger.de/pub/de/suche;wwwsid=627BFD7A56A5CB624C47FDDEAB2FC509.web07-pub?0,https://www.bundesanzeiger.de/pub/de/suche;wwwsid=627BFD7A56A5CB624C47FDDEAB2FC509.web07-pub?0,1620591370,16:16:10,20210509
17,2016-10-31,DYH.DE,USD,2016-10-31,2016-10-31,Q4,16441000000,11471000000.0,4970000000.0,0.30229304786813455,0.0,3339000000.0,0.0,0.0,3909000000.0,15380000000.0,142000000.0,570000000.0,1631000000,0.0992032114834864,1061000000,0.06453378748251323,0.0,919000000.0,0.05589684325770938,311000000.0,608000000.0,0.03698071893437139,1.07,1.06,570100000,574800000,https://www.bundesanzeiger.de/pub/de/suche;wwwsid=627BFD7A56A5CB624C47FDDEAB2FC509.web07-pub?0,https://www.bundesanzeiger.de/pub/de/suche;wwwsid=627BFD7A56A5CB624C47FDDEAB2FC509.web07-pub?0,1620591370,16:16:10,20210509
18,2016-07-31,DYH.DE,USD,2016-07-31,2016-07-31,Q3,16169000000,11102000000.0,5067000000.0,0.31337745067722184,0.0,3249000000.0,0.0,0.0,3819000000.0,14921000000.0,307000000.0,570000000.0,1818000000,0.11243738017193394,1248000000,0.07718473622363782,0.0,941000000.0,0.058197785886573074,316000000.0,680000000.0,0.042055785762879584,1.17,1.16,582200000,586800000,https://www.bundesanzeiger.de/pub/de/suche;wwwsid=627BFD7A56A5CB624C47FDDEAB2FC509.web07-pub?0,https://www.bundesanzeiger.de/pub/de/suche;wwwsid=627BFD7A56A5CB624C47FDDEAB2FC509.web07-pub?0,1620591370,16:16:10,20210509
19,2016-04-30,DYH.DE,USD,2016-04-30,2016-04-30,Q2,16196000000,11185000000.0,5011000000.0,0.30939738206964684,0.0,3153000000.0,0.0,0.0,3699000000.0,14884000000.0,415000000.0,546000000.0,1858000000,0.11471968387256112,1312000000,0.08100765621141022,0.0,897000000.0,0.05538404544331934,283000000.0,632000000.0,0.039021980735984195,1.06,1.05,598300000,603800000,https://www.bundesanzeiger.de/pub/de/suche;wwwsid=627BFD7A56A5CB624C47FDDEAB2FC509.web07-pub?0,https://www.bundesanzeiger.de/pub/de/suche;wwwsid=627BFD7A56A5CB624C47FDDEAB2FC509.web07-pub?0,1620591370,16:16:10,20210509
20,2016-01-31,DYH.DE,USD,2016-01-31,2016-01-31,Q1,21626000000,15595000000.0,6031000000.0,0.27887727735133633,0.0,3920000000.0,0.0,620000000.0,4482000000.0,20077000000.0,152000000.0,562000000.0,2111000000,0.0976139831684084,1549000000,0.07162674558401924,620000000.0,2017000000.0,0.09326736335891982,596000000.0,1426000000.0,0.06593914732266716,2.33,2.32,610500000,615300000,https://www.bundesanzeiger.de/pub/de/suche;wwwsid=627BFD7A56A5CB624C47FDDEAB2FC509.web07-pub?0,https://www.bundesanzeiger.de/pub/de/suche;wwwsid=627BFD7A56A5CB624C47FDDEAB2FC509.web07-pub?0,1620591370,16:16:10,20210509
21,2015-10-31,DYH.DE,USD,2015-10-31,2015-10-31,Q4,17613000000,12440000000.0,5173000000.0,0.2937035144495543,0.0,3736000000.0,0.0,0.0,4297000000.0,16737000000.0,151000000.0,561000000.0,1437000000,0.08158746380514392,876000000,0.04973599046159087,0.0,725000000.0,0.04116277749389655,249000000.0,549000000.0,0.031170158405723045,0.88,0.87,623700000,628800000,https://www.bundesanzeiger.de/pub/de/suche;wwwsid=627BFD7A56A5CB624C47FDDEAB2FC509.web07-pub?0,https://www.bundesanzeiger.de/pub/de/suche;wwwsid=627BFD7A56A5CB624C47FDDEAB2FC509.web07-pub?0,1620591370,16:16:10,20210509
22,2015-07-31,DYH.DE,USD,2015-07-31,2015-07-31,Q3,17427000000,12051000000.0,5376000000.0,0.3084868307798244,0.0,3495000000.0,0.0,0.0,4046000000.0,16097000000.0,148000000.0,550000000.0,1880000000,0.10787857921615883,1330000000,0.07631835657313364,0.0,1182000000.0,0.0678257875710105,409000000.0,753000000.0,0.043208813909450854,1.184334696445423,1.174726989079563,635800000,641000000,https://www.bundesanzeiger.de/pub/de/suche;wwwsid=627BFD7A56A5CB624C47FDDEAB2FC509.web07-pub?0,https://www.bundesanzeiger.de/pub/de/suche;wwwsid=627BFD7A56A5CB624C47FDDEAB2FC509.web07-pub?0,1620591370,16:16:10,20210509
23,2015-04-30,DYH.DE,USD,2015-04-30,2015-04-30,Q2,17119000000,11911000000.0,5208000000.0,0.30422337753373446,0.0,3514000000.0,0.0,0.0,4054000000.0,15965000000.0,155000000.0,540000000.0,1694000000,0.09895437817629535,1154000000,0.06741047958408786,0.0,999000000.0,0.058356212395583855,348000000.0,635000000.0,0.0370932881593551,0.99,0.98,640900000,646400000,https://www.bundesanzeiger.de/pub/de/suche;wwwsid=627BFD7A56A5CB624C47FDDEAB2FC509.web07-pub?0,https://www.bundesanzeiger.de/pub/de/suche;wwwsid=627BFD7A56A5CB624C47FDDEAB2FC509.web07-pub?0,1620591370,16:16:10,20210509
24,2015-01-31,DYH.DE,USD,2015-01-31,2015-01-31,Q1,20430000000,14491000000.0,5939000000.0,0.29069995105237395,0.0,3373000000.0,0.0,0.0,3711000000.0,18202000000.0,94000000.0,338000000.0,2566000000,0.12559960841899168,2228000000,0.10905531081742535,0.0,2134000000.0,0.10445423396965248,689000000.0,-2640000000.0,-0.12922173274596183,-4.138579714688823,-4.099378881987578,637900000,644000000,https://www.bundesanzeiger.de/pub/de/suche;wwwsid=627BFD7A56A5CB624C47FDDEAB2FC509.web07-pub?0,https://www.bundesanzeiger.de/pub/de/suche;wwwsid=627BFD7A56A5CB624C47FDDEAB2FC509.web07-pub?0,1620591370,16:16:10,20210509
25,2014-10-31,DYH.DE,USD,2014-10-31,2014-10-31,Q4,17732000000,12555000000.0,5177000000.0,0.291958041958042,0.0,3894000000.0,0.0,0.0,4500000000.0,17055000000.0,165000000.0,605000000.0,1282000000,0.07229866907286261,677000000,0.03817956237311076,0.0,512000000.0,0.028874351454996616,160000000.0,352000000.0,0.019851116625310174,0.555205047318612,0.5503439649781113,634000000,639600000,https://www.bundesanzeiger.de/pub/de/suche;wwwsid=627BFD7A56A5CB624C47FDDEAB2FC509.web07-pub?0,https://www.bundesanzeiger.de/pub/de/suche;wwwsid=627BFD7A56A5CB624C47FDDEAB2FC509.web07-pub?0,1620591370,16:16:10,20210509
26,2014-07-31,DYH.DE,USD,2014-07-31,2014-07-31,Q3,17406000000,12165000000.0,5241000000.0,0.30110306790761804,0.0,3816000000.0,0.0,0.0,4422000000.0,16587000000.0,453000000.0,607000000.0,1426000000,0.08192577272204987,819000000,0.04705274043433299,0.0,366000000.0,0.02102723198896932,132000000.0,234000000.0,0.01344364012409514,0.36937647987371747,0.36654135338345867,633500000,638400000,https://www.bundesanzeiger.de/pub/de/suche;wwwsid=627BFD7A56A5CB624C47FDDEAB2FC509.web07-pub?0,https://www.bundesanzeiger.de/pub/de/suche;wwwsid=627BFD7A56A5CB624C47FDDEAB2FC509.web07-pub?0,1620591370,16:16:10,20210509
27,2014-04-30,DYH.DE,USD,2014-04-30,2014-04-30,Q2,17050000000,12067000000.0,4983000000.0,0.292258064516129,0.0,3593000000.0,0.0,0.0,4172000000.0,16239000000.0,170000000.0,579000000.0,1390000000,0.08152492668621701,811000000,0.047565982404692085,0.0,641000000.0,0.037595307917888565,223000000.0,418000000.0,0.024516129032258065,0.6600347386704564,0.6549670949545597,633300000,638200000,https://www.bundesanzeiger.de/pub/de/suche;wwwsid=627BFD7A56A5CB624C47FDDEAB2FC509.web07-pub?0,https://www.bundesanzeiger.de/pub/de/suche;wwwsid=627BFD7A56A5CB624C47FDDEAB2FC509.web07-pub?0,1620591370,16:16:10,20210509
28,2014-01-31,DYH.DE,USD,2014-01-31,2014-01-31,Q1,21515000000,15719000000.0,5796000000.0,0.26939344643272134,0.0,4235000000.0,0.0,0.0,4810000000.0,20529000000.0,161000000.0,575000000.0,1561000000,0.07255403207064838,986000000,0.0458284917499419,0.0,825000000.0,0.03834534046014409,305000000.0,520000000.0,0.02416918429003021,0.82,0.81,632300000,638100000,https://www.bundesanzeiger.de/pub/de/suche;wwwsid=627BFD7A56A5CB624C47FDDEAB2FC509.web07-pub?0,https://www.bundesanzeiger.de/pub/de/suche;wwwsid=627BFD7A56A5CB624C47FDDEAB2FC509.web07-pub?0,1620591370,16:16:10,20210509
29,2013-10-31,DYH.DE,USD,2013-10-31,2013-10-31,Q4,17258000000,12133000000.0,5125000000.0,0.29696372696720363,0.0,3853000000.0,0.0,0.0,4422000000.0,16555000000.0,165000000.0,569000000.0,1272000000,0.07370494842971376,703000000,0.04073473171862325,0.0,538000000.0,0.031173948313825472,197000000.0,341000000.0,0.0197589523699154,0.5401552352288927,0.5349858801380609,631300000,637400000,https://www.bundesanzeiger.de/pub/de/suche;wwwsid=627BFD7A56A5CB624C47FDDEAB2FC509.web07-pub?0,https://www.bundesanzeiger.de/pub/de/suche;wwwsid=627BFD7A56A5CB624C47FDDEAB2FC509.web07-pub?0,1620591370,16:16:10,20210509
30,2013-07-31,DYH.DE,USD,2013-07-31,2013-07-31,Q3,17117000000,11745000000.0,5372000000.0,0.3138400420634457,0.0,3698000000.0,0.0,0.0,4240000000.0,15985000000.0,171000000.0,543000000.0,1675000000,0.09785593269848689,1132000000,0.06613308406846995,0.0,961000000.0,0.056143015715370684,350000000.0,611000000.0,0.03569550739031372,0.96,0.95,634800000,642000000,https://www.bundesanzeiger.de/pub/de/suche;wwwsid=627BFD7A56A5CB624C47FDDEAB2FC509.web07-pub?0,https://www.bundesanzeiger.de/pub/de/suche;wwwsid=627BFD7A56A5CB624C47FDDEAB2FC509.web07-pub?0,1620591370,16:16:10,20210509
31,2013-04-30,DYH.DE,USD,2013-04-30,2013-04-30,Q2,16706000000,11563000000.0,5143000000.0,0.30785346582066325,0.0,3590000000.0,0.0,391000000.0,4126000000.0,15689000000.0,629000000.0,536000000.0,1553000000,0.0929606129534299,1017000000,0.06087633185681791,391000000.0,779000000.0,0.046629953310187953,281000000.0,498000000.0,0.029809649227822338,0.78,0.77,642100000,649500000,https://www.bundesanzeiger.de/pub/de/suche;wwwsid=627BFD7A56A5CB624C47FDDEAB2FC509.web07-pub?0,https://www.bundesanzeiger.de/pub/de/suche;wwwsid=627BFD7A56A5CB624C47FDDEAB2FC509.web07-pub?0,1620591370,16:16:10,20210509
32,2013-01-31,DYH.DE,USD,2013-01-31,2013-01-31,Q1,22726000000,16296000000.0,6430000000.0,0.2829358444072868,0.0,4228000000.0,0.0,5000000.0,4767000000.0,21063000000.0,204000000.0,539000000.0,2202000000,0.09689342603185779,1663000000,0.07317609786148024,5000000.0,1464000000.0,0.06441960749801989,503000000.0,961000000.0,0.04228636803661005,1.48,1.47,648800000,655800000,https://www.bundesanzeiger.de/pub/de/suche;wwwsid=627BFD7A56A5CB624C47FDDEAB2FC509.web07-pub?0,https://www.bundesanzeiger.de/pub/de/suche;wwwsid=627BFD7A56A5CB624C47FDDEAB2FC509.web07-pub?0,1620591370,16:16:10,20210509
33,2012-10-31,DYH.DE,USD,2012-10-31,2012-10-31,Q4,16929000000,11675000000.0,5254000000.0,0.3103550121093981,0.0,3704000000.0,0.0,156000000.0,4246000000.0,15921000000.0,192000000.0,543000000.0,1551000000,0.09161793372319688,1008000000,0.05954279638490165,156000000.0,972000000.0,0.05741626794258373,335000000.0,637000000.0,0.037627739382125346,0.97,0.96,654800000,662200000,https://www.bundesanzeiger.de/pub/de/suche;wwwsid=627BFD7A56A5CB624C47FDDEAB2FC509.web07-pub?0,https://www.bundesanzeiger.de/pub/de/suche;wwwsid=627BFD7A56A5CB624C47FDDEAB2FC509.web07-pub?0,1620591370,16:16:10,20210509
34,2012-07-31,DYH.DE,USD,2012-07-31,2012-07-31,Q3,16779000000,11405000000.0,5374000000.0,0.3202813040109661,0.0,3588000000.0,0.0,0.0,4119000000.0,15524000000.0,184000000.0,531000000.0,1786000000,0.10644257703081232,1255000000,0.07479587579712736,0.0,1071000000.0,0.06382978723404255,367000000.0,704000000.0,0.04195720841528101,1.07,1.06,656700000,662900000,https://www.bundesanzeiger.de/pub/de/suche;wwwsid=627BFD7A56A5CB624C47FDDEAB2FC509.web07-pub?0,https://www.bundesanzeiger.de/pub/de/suche;wwwsid=627BFD7A56A5CB624C47FDDEAB2FC509.web07-pub?0,1620591370,16:16:10,20210509
35,2012-04-30,DYH.DE,USD,2012-04-30,2012-04-30,Q2,16867000000,11661000000.0,5206000000.0,0.3086500266793146,0.0,3392000000.0,0.0,0.0,3921000000.0,15582000000.0,184000000.0,529000000.0,1814000000,0.10754728167427521,1285000000,0.07618426513310014,0.0,1101000000.0,0.06527538981443054,404000000.0,697000000.0,0.04132329400604731,1.05,1.04,666300000,672400000,https://www.bundesanzeiger.de/pub/de/suche;wwwsid=627BFD7A56A5CB624C47FDDEAB2FC509.web07-pub?0,https://www.bundesanzeiger.de/pub/de/suche;wwwsid=627BFD7A56A5CB624C47FDDEAB2FC509.web07-pub?0,1620591370,16:16:10,20210509
36,2012-01-31,DYH.DE,USD,2012-01-31,2012-01-31,Q1,21288000000,15149000000.0,6139000000.0,0.2883784291619692,0.0,3876000000.0,0.0,0.0,4439000000.0,19588000000.0,292000000.0,563000000.0,2263000000,0.10630402104472003,1700000000,0.07985719654265314,0.0,1408000000.0,0.06614054866591507,427000000.0,981000000.0,0.046082299887260425,1.9596484218937276,1.9596484218937276,500600000,500600000,https://www.bundesanzeiger.de/pub/de/suche;wwwsid=627BFD7A56A5CB624C47FDDEAB2FC509.web07-pub?0,https://www.bundesanzeiger.de/pub/de/suche;wwwsid=627BFD7A56A5CB624C47FDDEAB2FC509.web07-pub?0,1620591370,16:16:10,20210509
37,2011-10-31,DYH.DE,USD,2011-10-31,2011-10-31,Q4,16402000000,11274000000.0,5128000000.0,0.3126447994147055,0.0,3525000000.0,0.0,0.0,4071000000.0,15345000000.0,202000000.0,546000000.0,1603000000,0.09773198390440191,1057000000,0.06444336056578466,0.0,857000000.0,0.05224972564321424,302000000.0,555000000.0,0.03383733691013291,0.8244206773618539,0.8182220256523662,673200000,678300000,https://www.bundesanzeiger.de/pub/de/suche;wwwsid=627BFD7A56A5CB624C47FDDEAB2FC509.web07-pub?0,https://www.bundesanzeiger.de/pub/de/suche;wwwsid=627BFD7A56A5CB624C47FDDEAB2FC509.web07-pub?0,1620591370,16:16:10,20210509
38,2011-07-31,DYH.DE,USD,2011-07-31,2011-07-31,Q3,16240000000,10958000000.0,5282000000.0,0.32524630541871924,0.0,3473000000.0,0.0,0.0,3982000000.0,14940000000.0,192000000.0,510000000.0,1810000000,0.11145320197044335,1300000000,0.08004926108374384,0.0,1109000000.0,0.06828817733990147,405000000.0,704000000.0,0.04334975369458128,1.0340775558166861,1.0275872135454678,680800000,685100000,https://www.bundesanzeiger.de/pub/de/suche;wwwsid=627BFD7A56A5CB624C47FDDEAB2FC509.web07-pub?0,https://www.bundesanzeiger.de/pub/de/suche;wwwsid=627BFD7A56A5CB624C47FDDEAB2FC509.web07-pub?0,1620591370,16:16:10,20210509
39,2011-04-30,DYH.DE,USD,2011-04-30,2011-04-30,Q2,15935000000,10926000000.0,5009000000.0,0.3143395042359586,0.0,3233000000.0,0.0,0.0,3745000000.0,14671000000.0,183000000.0,512000000.0,1776000000,0.11145277690618136,1264000000,0.07932224662692187,0.0,1081000000.0,0.06783809224976467,392000000.0,689000000.0,0.04323815500470662,0.9948021946289345,0.987955262403212,692600000,697400000,https://www.bundesanzeiger.de/pub/de/suche;wwwsid=627BFD7A56A5CB624C47FDDEAB2FC509.web07-pub?0,https://www.bundesanzeiger.de/pub/de/suche;wwwsid=627BFD7A56A5CB624C47FDDEAB2FC509.web07-pub?0,1620591370,16:16:10,20210509
40,2011-01-31,DYH.DE,USD,2011-01-31,2011-01-31,Q1,20661000000,14625000000.0,6036000000.0,0.29214462029911425,0.0,3720000000.0,0.0,0.0,4259000000.0,18884000000.0,193000000.0,539000000.0,2316000000,0.11209525192391462,1777000000,0.08600745365664779,0.0,1587000000.0,0.07681138376651662,552000000.0,1035000000.0,0.050094380717293455,2.0675189772273272,2.0675189772273272,500600000,500600000,https://www.bundesanzeiger.de/pub/de/suche;wwwsid=627BFD7A56A5CB624C47FDDEAB2FC509.web07-pub?0,https://www.bundesanzeiger.de/pub/de/suche;wwwsid=627BFD7A56A5CB624C47FDDEAB2FC509.web07-pub?0,1620591370,16:16:10,20210509
41,2010-10-31,DYH.DE,USD,2010-10-31,2010-10-31,Q4,15605000000,10760000000.0,4845000000.0,0.3104774110861903,0.0,3345000000.0,0.0,0.0,3878000000.0,14638000000.0,195000000.0,533000000.0,1500000000,0.09612303748798462,967000000,0.061967318167254086,0.0,773000000.0,0.049535405318808075,238000000.0,535000000.0,0.034283883370714516,0.75,0.74,715400000,721000000,https://www.bundesanzeiger.de/pub/de/suche;wwwsid=627BFD7A56A5CB624C47FDDEAB2FC509.web07-pub?0,https://www.bundesanzeiger.de/pub/de/suche;wwwsid=627BFD7A56A5CB624C47FDDEAB2FC509.web07-pub?0,1620591370,16:16:10,20210509
42,2010-07-31,DYH.DE,USD,2010-07-31,2010-07-31,Q3,15532000000,10507000000.0,5025000000.0,0.3235256245171259,0.0,3263000000.0,0.0,0.0,3759000000.0,14266000000.0,186000000.0,496000000.0,1762000000,0.11344321400978624,1266000000,0.081509142415658,0.0,1081000000.0,0.06959824877671904,402000000.0,679000000.0,0.04371619881534896,0.93,0.92,731100000,736600000,https://www.bundesanzeiger.de/pub/de/suche;wwwsid=627BFD7A56A5CB624C47FDDEAB2FC509.web07-pub?0,https://www.bundesanzeiger.de/pub/de/suche;wwwsid=627BFD7A56A5CB624C47FDDEAB2FC509.web07-pub?0,1620591370,16:16:10,20210509
43,2010-04-30,DYH.DE,USD,2010-04-30,2010-04-30,Q2,15593000000,10692000000.0,4901000000.0,0.31430770217405246,0.0,3143000000.0,0.0,0.0,3659000000.0,14351000000.0,188000000.0,516000000.0,1758000000,0.11274289745398576,1242000000,0.07965112550503431,0.0,1055000000.0,0.06765856474058872,384000000.0,671000000.0,0.04303212980183416,0.91,0.9,739900000,745700000,https://www.bundesanzeiger.de/pub/de/suche;wwwsid=627BFD7A56A5CB624C47FDDEAB2FC509.web07-pub?0,https://www.bundesanzeiger.de/pub/de/suche;wwwsid=627BFD7A56A5CB624C47FDDEAB2FC509.web07-pub?0,1620591370,16:16:10,20210509
44,2010-01-31,DYH.DE,USD,2010-01-31,2010-01-31,Q1,20181000000,14350000000.0,5831000000.0,0.28893513701005896,0.0,3673000000.0,0.0,0.0,4209000000.0,18559000000.0,213000000.0,536000000.0,2158000000,0.10693226301967197,1622000000,0.08037262771914176,0.0,1409000000.0,0.0698181457806848,473000000.0,936000000.0,0.04638025865913483,1.8697562924490612,1.8697562924490612,500600000,500600000,https://www.bundesanzeiger.de/pub/de/suche;wwwsid=627BFD7A56A5CB624C47FDDEAB2FC509.web07-pub?0,https://www.bundesanzeiger.de/pub/de/suche;wwwsid=627BFD7A56A5CB624C47FDDEAB2FC509.web07-pub?0,1620591370,16:16:10,20210509
45,2009-10-31,DYH.DE,USD,2009-10-31,2009-10-31,Q4,15276000000,10610000000.0,4666000000.0,0.30544645195077247,0.0,3255000000.0,0.0,0.0,3792000000.0,14402000000.0,191000000.0,537000000.0,1411000000,0.09236711180937418,874000000,0.05721393034825871,0.0,683000000.0,0.04471065724011521,247000000.0,436000000.0,0.028541503011259493,0.5799414737962224,0.5769485245467778,751800000,755700000,https://www.bundesanzeiger.de/pub/de/suche;wwwsid=627BFD7A56A5CB624C47FDDEAB2FC509.web07-pub?0,https://www.bundesanzeiger.de/pub/de/suche;wwwsid=627BFD7A56A5CB624C47FDDEAB2FC509.web07-pub?0,1620591370,16:16:10,20210509
46,2009-07-31,DYH.DE,USD,2009-07-31,2009-07-31,Q3,15067000000,10302000000.0,4765000000.0,0.3162540651755492,0.0,3136000000.0,0.0,0.0,3614000000.0,13916000000.0,195000000.0,478000000.0,1629000000,0.10811707705581734,1151000000,0.07639211521868985,0.0,957000000.0,0.06351629388730338,363000000.0,594000000.0,0.039423906550740025,0.7898936170212766,0.7873806998939554,752000000,754400000,https://www.bundesanzeiger.de/pub/de/suche;wwwsid=627BFD7A56A5CB624C47FDDEAB2FC509.web07-pub?0,https://www.bundesanzeiger.de/pub/de/suche;wwwsid=627BFD7A56A5CB624C47FDDEAB2FC509.web07-pub?0,1620591370,16:16:10,20210509
47,2009-04-30,DYH.DE,USD,2009-04-30,2009-04-30,Q2,14833000000,10320000000.0,4513000000.0,0.30425402818040853,0.0,3015000000.0,0.0,0.0,3487000000.0,13807000000.0,203000000.0,472000000.0,1498000000,0.10099103350637093,1026000000,0.06917009370997101,0.0,824000000.0,0.055551810153037146,302000000.0,522000000.0,0.03519180206296771,0.6939643711778782,0.6932270916334662,752200000,753000000,https://www.bundesanzeiger.de/pub/de/suche;wwwsid=627BFD7A56A5CB624C47FDDEAB2FC509.web07-pub?0,https://www.bundesanzeiger.de/pub/de/suche;wwwsid=627BFD7A56A5CB624C47FDDEAB2FC509.web07-pub?0,1620591370,16:16:10,20210509
48,2009-01-31,DYH.DE,USD,2009-01-31,2009-01-31,Q1,19560000000,13825000000.0,5735000000.0,0.293200408997955,0.0,4104000000.0,0.0,0.0,4578000000.0,18403000000.0,0.0,474000000.0,1631000000,0.08338445807770961,1157000000,0.059151329243353784,0.0,943000000.0,0.04821063394683026,334000000.0,609000000.0,0.031134969325153375,1.2165401518178187,1.2165401518178187,500600000,500600000,https://www.bundesanzeiger.de/pub/de/suche;wwwsid=627BFD7A56A5CB624C47FDDEAB2FC509.web07-pub?0,https://www.bundesanzeiger.de/pub/de/suche;wwwsid=627BFD7A56A5CB624C47FDDEAB2FC509.web07-pub?0,1620591370,16:16:10,20210509
49,2008-10-31,DYH.DE,USD,2008-10-31,2008-10-31,Q4,15114000000,10130000000.0,4984000000.0,0.32976048696572713,0.0,3648000000.0,0.0,0.0,4117000000.0,14247000000.0,0.0,468000000.0,1335000000,0.08832870186581977,867000000,0.0573640333465661,0.0,633000000.0,0.04188169908693926,264000000.0,369000000.0,0.024414450178642317,0.48971466489714666,0.48770816812053924,753500000,756600000,https://www.bundesanzeiger.de/pub/de/suche;wwwsid=627BFD7A56A5CB624C47FDDEAB2FC509.web07-pub?0,https://www.bundesanzeiger.de/pub/de/suche;wwwsid=627BFD7A56A5CB624C47FDDEAB2FC509.web07-pub?0,1620591370,16:16:10,20210509
50,2008-07-31,DYH.DE,USD,2008-07-31,2008-07-31,Q3,15472000000,10304000000.0,5168000000.0,0.3340227507755946,0.0,3500000000.0,0.0,0.0,3948000000.0,14252000000.0,0.0,449000000.0,1669000000,0.1078722854188211,1220000000,0.07885211995863495,0.0,1003000000.0,0.06482678386763185,369000000.0,634000000.0,0.04097724922440538,0.8230559522264053,0.8192272903475901,770300000,773900000,https://www.bundesanzeiger.de/pub/de/suche;wwwsid=627BFD7A56A5CB624C47FDDEAB2FC509.web07-pub?0,https://www.bundesanzeiger.de/pub/de/suche;wwwsid=627BFD7A56A5CB624C47FDDEAB2FC509.web07-pub?0,1620591370,16:16:10,20210509
51,2008-04-30,DYH.DE,USD,2008-04-30,2008-04-30,Q2,14802000000,9898000000.0,4904000000.0,0.331306580191866,0.0,3311000000.0,0.0,0.0,3746000000.0,13644000000.0,0.0,435000000.0,1593000000,0.10762059181191731,1158000000,0.07823267126064046,-18000000.0,957000000.0,0.06465342521280908,355000000.0,602000000.0,0.04067017970544521,0.75,0.74,805500000,809600000,https://www.bundesanzeiger.de/pub/de/suche;wwwsid=627BFD7A56A5CB624C47FDDEAB2FC509.web07-pub?0,https://www.bundesanzeiger.de/pub/de/suche;wwwsid=627BFD7A56A5CB624C47FDDEAB2FC509.web07-pub?0,1620591370,16:16:10,20210509
52,2008-01-31,DYH.DE,USD,2008-01-31,2008-01-31,Q1,19871000000,13762000000.0,6109000000.0,0.3074329424789895,0.0,3829000000.0,0.0,0.0,4263000000.0,18025000000.0,0.0,434000000.0,2280000000,0.1147400734739067,1846000000,0.0928991998389613,0.0,1666000000.0,0.08384077298575814,638000000.0,1028000000.0,0.051733682250515826,2.05353575709149,2.05353575709149,500600000,500600000,https://www.bundesanzeiger.de/pub/de/suche;wwwsid=627BFD7A56A5CB624C47FDDEAB2FC509.web07-pub?0,https://www.bundesanzeiger.de/pub/de/suche;wwwsid=627BFD7A56A5CB624C47FDDEAB2FC509.web07-pub?0,1620591370,16:16:10,20210509
53,2007-10-31,DYH.DE,USD,2007-10-31,2007-10-31,Q4,14835000000,9993000000.0,4842000000.0,0.3263902932254803,0.0,3455000000.0,0.0,0.0,3884000000.0,13877000000.0,0.0,429000000.0,1387000000,0.09349511290866194,958000000,0.06457701381867206,0.0,781000000.0,0.05264577013818672,298000000.0,483000000.0,0.03255813953488372,0.57,0.56,845600000,851000000,https://www.bundesanzeiger.de/pub/de/suche;wwwsid=627BFD7A56A5CB624C47FDDEAB2FC509.web07-pub?0,https://www.bundesanzeiger.de/pub/de/suche;wwwsid=627BFD7A56A5CB624C47FDDEAB2FC509.web07-pub?0,1620591370,16:16:10,20210509
54,2007-07-31,DYH.DE,USD,2007-07-31,2007-07-31,Q3,14620000000,9621000000.0,4999000000.0,0.34192886456908345,0.0,3328000000.0,0.0,0.0,3732000000.0,13353000000.0,0.0,404000000.0,1671000000,0.11429548563611491,1267000000,0.08666210670314638,0.0,1113000000.0,0.07612859097127223,427000000.0,686000000.0,0.04692202462380301,0.81,0.8,850800000,857400000,https://www.bundesanzeiger.de/pub/de/suche;wwwsid=627BFD7A56A5CB624C47FDDEAB2FC509.web07-pub?0,https://www.bundesanzeiger.de/pub/de/suche;wwwsid=627BFD7A56A5CB624C47FDDEAB2FC509.web07-pub?0,1620591370,16:16:10,20210509
55,2007-04-30,DYH.DE,USD,2007-04-30,2007-04-30,Q2,14041000000,9356000000.0,4685000000.0,0.3336656933266861,0.0,3093000000.0,0.0,0.0,3485000000.0,12841000000.0,0.0,392000000.0,1592000000,0.11338223773235524,1200000000,0.08546399829072003,0.0,1064000000.0,0.07577807848443843,413000000.0,651000000.0,0.046364219072715616,0.76,0.75,855900000,862800000,https://www.bundesanzeiger.de/pub/de/suche;wwwsid=627BFD7A56A5CB624C47FDDEAB2FC509.web07-pub?0,https://www.bundesanzeiger.de/pub/de/suche;wwwsid=627BFD7A56A5CB624C47FDDEAB2FC509.web07-pub?0,1620591370,16:16:10,20210509
56,2007-01-31,DYH.DE,USD,2007-01-31,2007-01-31,Q1,19710000000,12837000000.0,6873000000.0,0.3487062404870624,0.0,4510000000.0,0.0,0.0,4912000000.0,17749000000.0,0.0,402000000.0,2363000000,0.11988838153221715,1961000000,0.09949264332825977,0.0,1810000000.0,0.09183155758498224,691000000.0,1119000000.0,0.056773211567732115,2.2353176188573713,2.2353176188573713,500600000,500600000,https://www.bundesanzeiger.de/pub/de/suche;wwwsid=627BFD7A56A5CB624C47FDDEAB2FC509.web07-pub?0,https://www.bundesanzeiger.de/pub/de/suche;wwwsid=627BFD7A56A5CB624C47FDDEAB2FC509.web07-pub?0,1620591370,16:16:10,20210509
57,2006-10-31,DYH.DE,USD,2006-10-31,2006-10-31,Q4,13570000000,9073000000.0,4497000000.0,0.3313927781871776,0.0,3151000000.0,0.0,0.0,3540000000.0,12613000000.0,0.0,390000000.0,1347000000,0.09926308032424466,957000000,0.0705232129697863,0.0,808000000.0,0.05954310980103169,302000000.0,506000000.0,0.03728813559322034,0.5898810911634413,0.5853771402128645,857800000,864400000,https://www.bundesanzeiger.de/pub/de/suche;wwwsid=627BFD7A56A5CB624C47FDDEAB2FC509.web07-pub?0,https://www.bundesanzeiger.de/pub/de/suche;wwwsid=627BFD7A56A5CB624C47FDDEAB2FC509.web07-pub?0,1620591370,16:16:10,20210509
58,2006-07-31,DYH.DE,USD,2006-07-31,2006-07-31,Q3,13347000000,8856000000.0,4491000000.0,0.33648010788941335,0.0,2987000000.0,0.0,0.0,3357000000.0,12213000000.0,0.0,370000000.0,1504000000,0.11268449838915112,1134000000,0.08496291301416048,0.0,994000000.0,0.07447366449389375,385000000.0,609000000.0,0.04562823106316026,0.71,0.7,860800000,867200000,https://www.bundesanzeiger.de/pub/de/suche;wwwsid=627BFD7A56A5CB624C47FDDEAB2FC509.web07-pub?0,https://www.bundesanzeiger.de/pub/de/suche;wwwsid=627BFD7A56A5CB624C47FDDEAB2FC509.web07-pub?0,1620591370,16:16:10,20210509
59,2006-04-30,DYH.DE,USD,2006-04-30,2006-04-30,Q2,12863000000,8633000000.0,4230000000.0,0.32885019046878644,0.0,2879000000.0,0.0,0.0,3213000000.0,11846000000.0,0.0,334000000.0,1351000000,0.10502993080929798,1017000000,0.07906398196377205,0.0,886000000.0,0.06887973256627536,332000000.0,554000000.0,0.04306926844437534,0.64,0.63,870700000,877600000,https://www.bundesanzeiger.de/pub/de/suche;wwwsid=627BFD7A56A5CB624C47FDDEAB2FC509.web07-pub?0,https://www.bundesanzeiger.de/pub/de/suche;wwwsid=627BFD7A56A5CB624C47FDDEAB2FC509.web07-pub?0,1620591370,16:16:10,20210509
60,2006-01-31,DYH.DE,USD,2006-01-31,2006-01-31,Q1,16947000000,11509000000.0,5438000000.0,0.3208827521095179,0.0,3463000000.0,0.0,0.0,3832000000.0,15341000000.0,0.0,369000000.0,1975000000,0.11653980055467045,1606000000,0.09476603528648138,0.0,1482000000.0,0.08744910603646663,543000000.0,939000000.0,0.05540803682067623,1.8757491010787055,1.8757491010787055,500600000,500600000,https://www.bundesanzeiger.de/pub/de/suche;wwwsid=627BFD7A56A5CB624C47FDDEAB2FC509.web07-pub?0,https://www.bundesanzeiger.de/pub/de/suche;wwwsid=627BFD7A56A5CB624C47FDDEAB2FC509.web07-pub?0,1620591370,16:16:10,20210509
61,2005-10-31,DYH.DE,USD,2005-10-31,2005-10-31,Q4,12206000000,8034000000.0,4172000000.0,0.3417991151892512,0.0,2987000000.0,0.0,0.0,3341000000.0,11375000000.0,0.0,354000000.0,1185000000,0.09708340160576766,831000000,0.06808127150581682,0.0,713000000.0,0.0584138948058332,278000000.0,435000000.0,0.03563821071604129,0.49364502950522016,0.4904171364148816,881200000,887000000,https://www.bundesanzeiger.de/pub/de/suche;wwwsid=627BFD7A56A5CB624C47FDDEAB2FC509.web07-pub?0,https://www.bundesanzeiger.de/pub/de/suche;wwwsid=627BFD7A56A5CB624C47FDDEAB2FC509.web07-pub?0,1620591370,16:16:10,20210509
62,2005-07-31,DYH.DE,USD,2005-07-31,2005-07-31,Q3,11990000000,8015000000.0,3975000000.0,0.33152627189324435,0.0,2650000000.0,0.0,0.0,2996000000.0,11011000000.0,0.0,346000000.0,1325000000,0.11050875729774812,979000000,0.081651376146789,0.0,869000000.0,0.07247706422018349,329000000.0,540000000.0,0.045037531276063386,0.6113438242952565,0.6059245960502693,883300000,891200000,https://www.bundesanzeiger.de/pub/de/suche;wwwsid=627BFD7A56A5CB624C47FDDEAB2FC509.web07-pub?0,https://www.bundesanzeiger.de/pub/de/suche;wwwsid=627BFD7A56A5CB624C47FDDEAB2FC509.web07-pub?0,1620591370,16:16:10,20210509
63,2005-04-30,DYH.DE,USD,2005-04-30,2005-04-30,Q2,11477000000,7556000000.0,3921000000.0,0.34163980134181404,0.0,2674000000.0,0.0,0.0,3014000000.0,10570000000.0,0.0,340000000.0,1247000000,0.10865208678226017,907000000,0.07902762045830793,0.0,796000000.0,0.06935610351137057,302000000.0,494000000.0,0.04304260695303651,0.56,0.55,887000000,893500000,https://www.bundesanzeiger.de/pub/de/suche;wwwsid=627BFD7A56A5CB624C47FDDEAB2FC509.web07-pub?0,https://www.bundesanzeiger.de/pub/de/suche;wwwsid=627BFD7A56A5CB624C47FDDEAB2FC509.web07-pub?0,1620591370,16:16:10,20210509
64,2005-01-31,DYH.DE,USD,2005-01-31,2005-01-31,Q1,15194000000,10348000000.0,4846000000.0,0.31894168750822693,0.0,3123000000.0,0.0,0.0,3467000000.0,13815000000.0,0.0,344000000.0,1723000000,0.11340002632618139,1379000000,0.09075951033302619,0.0,1272000000.0,0.08371725681189944,481000000.0,807000000.0,0.05311307094905884,1.6120655213743509,1.6120655213743509,500600000,500600000,https://www.bundesanzeiger.de/pub/de/suche;wwwsid=627BFD7A56A5CB624C47FDDEAB2FC509.web07-pub?0,https://www.bundesanzeiger.de/pub/de/suche;wwwsid=627BFD7A56A5CB624C47FDDEAB2FC509.web07-pub?0,1620591370,16:16:10,20210509
65,2004-10-31,DYH.DE,USD,2004-10-31,2004-10-31,Q4,10909000000,7319000000.0,3590000000.0,0.32908607571729764,0.0,2622000000.0,0.0,0.0,2946000000.0,10265000000.0,0.0,324000000.0,968000000,0.08873407278393987,644000000,0.059033825281877346,0.0,531000000.0,0.048675405628380235,201000000.0,537000000.0,0.049225410211751766,0.5892680785690771,0.5849673202614379,911300000,918000000,https://www.bundesanzeiger.de/pub/de/suche;wwwsid=627BFD7A56A5CB624C47FDDEAB2FC509.web07-pub?0,https://www.bundesanzeiger.de/pub/de/suche;wwwsid=627BFD7A56A5CB624C47FDDEAB2FC509.web07-pub?0,1620591370,16:16:10,20210509
66,2004-07-31,DYH.DE,USD,2004-07-31,2004-07-31,Q3,10556000000,7009000000.0,3547000000.0,0.33601743084501706,0.0,2453000000.0,0.0,0.0,2752000000.0,9761000000.0,0.0,246000000.0,1041000000,0.09861690034103827,795000000,0.07531261841606669,0.0,588000000.0,0.05570291777188329,222000000.0,1416000000.0,0.1341417203486169,1.55,1.54,911500000,918000000,https://www.bundesanzeiger.de/pub/de/suche;wwwsid=627BFD7A56A5CB624C47FDDEAB2FC509.web07-pub?0,https://www.bundesanzeiger.de/pub/de/suche;wwwsid=627BFD7A56A5CB624C47FDDEAB2FC509.web07-pub?0,1620591370,16:16:10,20210509
67,2004-04-30,DYH.DE,USD,2004-04-30,2004-04-30,Q2,11587000000,7556000000.0,4031000000.0,0.3478898765858289,0.0,2838000000.0,0.0,0.0,3183000000.0,10739000000.0,0.0,345000000.0,1193000000,0.10296021403296798,848000000,0.07318546647104514,0.0,704000000.0,0.060757745749546906,266000000.0,438000000.0,0.03780098386122378,0.4799474030243261,0.47582835415535035,912600000,920500000,https://www.bundesanzeiger.de/pub/de/suche;wwwsid=627BFD7A56A5CB624C47FDDEAB2FC509.web07-pub?0,https://www.bundesanzeiger.de/pub/de/suche;wwwsid=627BFD7A56A5CB624C47FDDEAB2FC509.web07-pub?0,1620591370,16:16:10,20210509
68,2004-01-31,DYH.DE,USD,2004-01-31,2004-01-31,Q1,15571000000,10404000000.0,5167000000.0,0.3318348211418663,0.0,3355000000.0,0.0,0.0,3699000000.0,14103000000.0,0.0,344000000.0,1812000000,0.1163701753259264,1468000000,0.094277824160298,0.0,1338000000.0,0.08592897052212446,506000000.0,832000000.0,0.05343266328431058,1.6620055932880544,1.6620055932880544,500600000,500600000,https://www.bundesanzeiger.de/pub/de/suche;wwwsid=627BFD7A56A5CB624C47FDDEAB2FC509.web07-pub?0,https://www.bundesanzeiger.de/pub/de/suche;wwwsid=627BFD7A56A5CB624C47FDDEAB2FC509.web07-pub?0,1620591370,16:16:10,20210509
69,2003-10-31,DYH.DE,USD,2003-10-31,2003-10-31,Q4,11286000000,7444000000.0,3842000000.0,0.34042176147439307,0.0,2900000000.0,0.0,0.0,3230000000.0,10674000000.0,0.0,330000000.0,942000000,0.0834662413609782,612000000,0.05422647527910686,0.0,481000000.0,0.042619174198121564,179000000.0,302000000.0,0.026758816232500444,0.3313947108526281,0.3289760348583878,911300000,918000000,https://www.bundesanzeiger.de/pub/de/suche;wwwsid=627BFD7A56A5CB624C47FDDEAB2FC509.web07-pub?0,https://www.bundesanzeiger.de/pub/de/suche;wwwsid=627BFD7A56A5CB624C47FDDEAB2FC509.web07-pub?0,1620591370,16:16:10,20210509
70,2003-07-31,DYH.DE,USD,2003-07-31,2003-07-31,Q3,10984000000,7245000000.0,3739000000.0,0.3404042243262928,0.0,2676000000.0,0.0,0.0,3005000000.0,10250000000.0,0.0,329000000.0,1063000000,0.09677713037144937,734000000,0.0668244719592134,0.0,578000000.0,0.05262199563000728,220000000.0,358000000.0,0.03259286234522942,0.3930610452349583,0.38993573684783794,910800000,918100000,https://www.bundesanzeiger.de/pub/de/suche;wwwsid=627BFD7A56A5CB624C47FDDEAB2FC509.web07-pub?0,https://www.bundesanzeiger.de/pub/de/suche;wwwsid=627BFD7A56A5CB624C47FDDEAB2FC509.web07-pub?0,1620591370,16:16:10,20210509
71,2003-04-30,DYH.DE,USD,2003-04-30,2003-04-30,Q2,10322000000,6764000000.0,3558000000.0,0.34470063941096685,0.0,2536000000.0,0.0,0.0,2853000000.0,9617000000.0,0.0,317000000.0,1022000000,0.09901181941484208,705000000,0.06830071691532649,0.0,563000000.0,0.054543693082735906,214000000.0,349000000.0,0.03381127688432475,0.3833900911787323,0.3813790842530871,910300000,915100000,https://www.bundesanzeiger.de/pub/de/suche;wwwsid=627BFD7A56A5CB624C47FDDEAB2FC509.web07-pub?0,https://www.bundesanzeiger.de/pub/de/suche;wwwsid=627BFD7A56A5CB624C47FDDEAB2FC509.web07-pub?0,1620591370,16:16:10,20210509
72,2003-01-31,DYH.DE,USD,2003-01-31,2003-01-31,Q1,14061000000,9562000000.0,4499000000.0,0.3199630182775052,0.0,2909000000.0,0.0,0.0,3232000000.0,12794000000.0,0.0,323000000.0,1590000000,0.11307872839769575,1267000000,0.09010738923262926,0.0,1113000000.0,0.07915510987838703,425000000.0,688000000.0,0.04892966360856269,1.374350779065122,1.374350779065122,500600000,500600000,https://www.bundesanzeiger.de/pub/de/suche;wwwsid=627BFD7A56A5CB624C47FDDEAB2FC509.web07-pub?0,https://www.bundesanzeiger.de/pub/de/suche;wwwsid=627BFD7A56A5CB624C47FDDEAB2FC509.web07-pub?0,1620591370,16:16:10,20210509
73,2002-10-31,DYH.DE,USD,2002-10-31,2002-10-31,Q4,10194000000,6736000000.0,3458000000.0,0.3392191485187365,0.0,2560000000.0,0.0,0.0,2865000000.0,9601000000.0,0.0,305000000.0,898000000,0.08809103394153424,593000000,0.05817147341573475,0.0,448000000.0,0.0439474200510104,171000000.0,277000000.0,0.02717284677261134,0.31,0.3,908500000,914000000,https://www.bundesanzeiger.de/pub/de/suche;wwwsid=627BFD7A56A5CB624C47FDDEAB2FC509.web07-pub?0,https://www.bundesanzeiger.de/pub/de/suche;wwwsid=627BFD7A56A5CB624C47FDDEAB2FC509.web07-pub?0,1620591370,16:16:10,20210509
74,2002-07-31,DYH.DE,USD,2002-07-31,2002-07-31,Q3,10068000000,6640000000.0,3428000000.0,0.3404847040127135,0.0,2420000000.0,0.0,0.0,2715000000.0,9355000000.0,0.0,295000000.0,1008000000,0.10011918951132301,713000000,0.07081843464441796,0.0,559000000.0,0.05552244735796583,215000000.0,344000000.0,0.03416765991259436,0.3788963542240335,0.37677984665936476,907900000,913000000,https://www.bundesanzeiger.de/pub/de/suche;wwwsid=627BFD7A56A5CB624C47FDDEAB2FC509.web07-pub?0,https://www.bundesanzeiger.de/pub/de/suche;wwwsid=627BFD7A56A5CB624C47FDDEAB2FC509.web07-pub?0,1620591370,16:16:10,20210509
75,2002-04-30,DYH.DE,USD,2002-04-30,2002-04-30,Q2,9594000000,6322000000.0,3272000000.0,0.3410464873879508,0.0,2292000000.0,0.0,0.0,2581000000.0,8903000000.0,0.0,289000000.0,980000000,0.10214717531790703,691000000,0.07202418178027935,0.0,556000000.0,0.0579528872211799,211000000.0,345000000.0,0.03595997498436523,0.38062665489849956,0.37717284355526404,906400000,914700000,https://www.bundesanzeiger.de/pub/de/suche;wwwsid=627BFD7A56A5CB624C47FDDEAB2FC509.web07-pub?0,https://www.bundesanzeiger.de/pub/de/suche;wwwsid=627BFD7A56A5CB624C47FDDEAB2FC509.web07-pub?0,1620591370,16:16:10,20210509
76,2002-01-31,DYH.DE,USD,2002-01-31,2002-01-31,Q1,13237000000,9150000000.0,4087000000.0,0.3087557603686636,0.0,2608000000.0,0.0,0.0,2891000000.0,12041000000.0,0.0,283000000.0,1479000000,0.11173226561909798,1196000000,0.09035279897257686,0.0,1069000000.0,0.08075848001813099,406000000.0,658000000.0,0.04970914859862507,1.3144226927686775,1.3144226927686775,500600000,500600000,https://www.bundesanzeiger.de/pub/de/suche;wwwsid=627BFD7A56A5CB624C47FDDEAB2FC509.web07-pub?0,https://www.bundesanzeiger.de/pub/de/suche;wwwsid=627BFD7A56A5CB624C47FDDEAB2FC509.web07-pub?0,1620591370,16:16:10,20210509
77,2001-10-31,DYH.DE,USD,2001-10-31,2001-10-31,Q4,9354000000,6374000000.0,2980000000.0,0.3185802865084456,0.0,2279000000.0,0.0,0.0,2560000000.0,8934000000.0,0.0,281000000.0,701000000,0.07494120162497327,420000000,0.04490057729313662,0.0,298000000.0,0.031858028650844555,113000000.0,185000000.0,0.01977763523626256,0.20503158594702428,0.20367719916327204,902300000,908300000,https://www.bundesanzeiger.de/pub/de/suche;wwwsid=627BFD7A56A5CB624C47FDDEAB2FC509.web07-pub?0,https://www.bundesanzeiger.de/pub/de/suche;wwwsid=627BFD7A56A5CB624C47FDDEAB2FC509.web07-pub?0,1620591370,16:16:10,20210509
78,2001-07-31,DYH.DE,USD,2001-07-31,2001-07-31,Q3,8952000000,6100000000.0,2852000000.0,0.3185880250223414,0.0,2045000000.0,0.0,0.0,2304000000.0,8404000000.0,0.0,259000000.0,807000000,0.09014745308310992,548000000,0.0612153708668454,0.0,439000000.0,0.04903932082216265,167000000.0,271000000.0,0.030272564789991064,0.30077691453940064,0.29816261414897127,901000000,908900000,https://www.bundesanzeiger.de/pub/de/suche;wwwsid=627BFD7A56A5CB624C47FDDEAB2FC509.web07-pub?0,https://www.bundesanzeiger.de/pub/de/suche;wwwsid=627BFD7A56A5CB624C47FDDEAB2FC509.web07-pub?0,1620591370,16:16:10,20210509
79,2001-04-30,DYH.DE,USD,2001-04-30,2001-04-30,Q2,8345000000,5622000000.0,2723000000.0,0.3263031755542241,0.0,1951000000.0,0.0,0.0,2207000000.0,7829000000.0,0.0,256000000.0,772000000,0.09251048532055123,516000000,0.06183343319352906,0.0,410000000.0,0.04913121629718394,156000000.0,254000000.0,0.030437387657279807,0.2825361512791991,0.27958172812328014,899000000,908500000,https://www.bundesanzeiger.de/pub/de/suche;wwwsid=627BFD7A56A5CB624C47FDDEAB2FC509.web07-pub?0,https://www.bundesanzeiger.de/pub/de/suche;wwwsid=627BFD7A56A5CB624C47FDDEAB2FC509.web07-pub?0,1620591370,16:16:10,20210509
80,2001-01-31,DYH.DE,USD,2001-01-31,2001-01-31,Q1,12324000000,8639000000.0,3685000000.0,0.29901006166828953,0.0,2422000000.0,0.0,0.0,2669000000.0,11308000000.0,0.0,247000000.0,1263000000,0.10248296007789678,1016000000,0.08244076598506979,0.0,895000000.0,0.07262252515417073,343000000.0,552000000.0,0.044790652385589096,1.1026767878545745,1.1026767878545745,500600000,500600000,https://www.bundesanzeiger.de/pub/de/suche;wwwsid=627BFD7A56A5CB624C47FDDEAB2FC509.web07-pub?0,https://www.bundesanzeiger.de/pub/de/suche;wwwsid=627BFD7A56A5CB624C47FDDEAB2FC509.web07-pub?0,1620591370,16:16:10,20210509
81,2000-10-31,DYH.DE,USD,2000-10-31,2000-10-31,Q4,8582000000,5860000000.0,2722000000.0,0.3171754835702633,0.0,2024000000.0,0.0,0.0,2263000000.0,8123000000.0,0.0,239000000.0,698000000,0.08133302260545328,459000000,0.05348403635516197,0.0,351000000.0,0.040899557212770915,135000000.0,217000000.0,0.02528548123980424,0.241003998223012,0.23903943599911875,900400000,907800000,https://www.bundesanzeiger.de/pub/de/suche;wwwsid=627BFD7A56A5CB624C47FDDEAB2FC509.web07-pub?0,https://www.bundesanzeiger.de/pub/de/suche;wwwsid=627BFD7A56A5CB624C47FDDEAB2FC509.web07-pub?0,1620591370,16:16:10,20210509
82,2000-07-31,DYH.DE,USD,2000-07-31,2000-07-31,Q3,8251000000,5593000000.0,2658000000.0,0.32214277057326385,0.0,1910000000.0,0.0,0.0,2140000000.0,7733000000.0,0.0,230000000.0,748000000,0.09065567809962428,518000000,0.06278026905829596,0.0,418000000.0,0.050660525996848865,161000000.0,258000000.0,0.03126893709853351,0.28457974851091994,0.28190559440559443,906600000,915200000,https://www.bundesanzeiger.de/pub/de/suche;wwwsid=627BFD7A56A5CB624C47FDDEAB2FC509.web07-pub?0,https://www.bundesanzeiger.de/pub/de/suche;wwwsid=627BFD7A56A5CB624C47FDDEAB2FC509.web07-pub?0,1620591370,16:16:10,20210509
83,2000-04-30,DYH.DE,USD,2000-04-30,2000-04-30,Q2,7746000000,5203000000.0,2543000000.0,0.32829847663310097,0.0,1834000000.0,0.0,0.0,2058000000.0,7261000000.0,0.0,224000000.0,709000000,0.09153111283242964,485000000,0.06261296152853085,0.0,389000000.0,0.05021946811257423,150000000.0,239000000.0,0.03085463465014201,0.2625219683655536,0.25944420321320016,910400000,921200000,https://www.bundesanzeiger.de/pub/de/suche;wwwsid=627BFD7A56A5CB624C47FDDEAB2FC509.web07-pub?0,https://www.bundesanzeiger.de/pub/de/suche;wwwsid=627BFD7A56A5CB624C47FDDEAB2FC509.web07-pub?0,1620591370,16:16:10,20210509
84,2000-01-31,DYH.DE,USD,2000-01-31,2000-01-31,Q1,10727000000,6387000000.0,4340000000.0,0.4045865572853547,0.0,3565000000.0,0.0,0.0,3388000000.0,9775000000.0,0.0,223000000.0,1175000000,0.10953668313601193,952000000,0.08874801901743265,0.0,853000000.0,0.07951897082129207,331000000.0,494000000.0,0.04605201827165097,0.9868158210147823,0.9868158210147823,500600000,500600000,https://www.bundesanzeiger.de/pub/de/suche;wwwsid=627BFD7A56A5CB624C47FDDEAB2FC509.web07-pub?0,https://www.bundesanzeiger.de/pub/de/suche;wwwsid=627BFD7A56A5CB624C47FDDEAB2FC509.web07-pub?0,1620591370,16:16:10,20210509
85,1999-10-31,DYH.DE,USD,1999-10-31,1999-10-31,Q4,8009000000,5799000000.0,2210000000.0,0.2759395679860157,0.0,1368000000.0,0.0,0.0,1716000000.0,7515000000.0,0.0,213000000.0,707000000,0.08827568984891997,494000000,0.06168060931452116,0.0,392000000.0,0.048944936945935824,151000000.0,232000000.0,0.028967411661880386,0.26,0.25,892307692,928000000,https://www.bundesanzeiger.de/pub/de/suche;wwwsid=627BFD7A56A5CB624C47FDDEAB2FC509.web07-pub?0,https://www.bundesanzeiger.de/pub/de/suche;wwwsid=627BFD7A56A5CB624C47FDDEAB2FC509.web07-pub?0,1620591370,16:16:10,20210509
86,1999-07-31,DYH.DE,USD,1999-07-31,1999-07-31,Q3,7752000000,5603000000.0,2149000000.0,0.277218782249742,0.0,1333000000.0,0.0,0.0,1677000000.0,7280000000.0,0.0,212000000.0,684000000,0.08823529411764706,472000000,0.0608875128998968,0.0,374000000.0,0.04824561403508772,146000000.0,224000000.0,0.02889576883384933,0.25,0.24,896000000,933333333,https://www.bundesanzeiger.de/pub/de/suche;wwwsid=627BFD7A56A5CB624C47FDDEAB2FC509.web07-pub?0,https://www.bundesanzeiger.de/pub/de/suche;wwwsid=627BFD7A56A5CB624C47FDDEAB2FC509.web07-pub?0,1620591370,16:16:10,20210509
87,1999-04-30,DYH.DE,USD,1999-04-30,1999-04-30,Q2,7214000000,5240000000.0,1974000000.0,0.27363459939007484,0.0,1224000000.0,0.0,0.0,1563000000.0,6803000000.0,0.0,206000000.0,617000000,0.08552813972830607,411000000,0.05697255336845024,0.0,317000000.0,0.04394233434987524,123000000.0,194000000.0,0.026892154144718603,0.22,0.21,881818182,923809524,https://www.bundesanzeiger.de/pub/de/suche;wwwsid=627BFD7A56A5CB624C47FDDEAB2FC509.web07-pub?0,https://www.bundesanzeiger.de/pub/de/suche;wwwsid=627BFD7A56A5CB624C47FDDEAB2FC509.web07-pub?0,1620591370,16:16:10,20210509
88,1999-01-31,DYH.DE,USD,1999-01-31,1999-01-31,Q1,10139000000,7431000000.0,2708000000.0,0.2670874839727784,0.0,1561000000.0,0.0,0.0,1906000000.0,9337000000.0,0.0,203000000.0,1005000000,0.0991222014005326,802000000,0.07910050300818622,0.0,705000000.0,0.06953348456455272,258000000.0,423000000.0,0.04172009073873163,0.8449860167798642,0.8449860167798642,500600000,500600000,https://www.bundesanzeiger.de/pub/de/suche;wwwsid=627BFD7A56A5CB624C47FDDEAB2FC509.web07-pub?0,https://www.bundesanzeiger.de/pub/de/suche;wwwsid=627BFD7A56A5CB624C47FDDEAB2FC509.web07-pub?0,1620591370,16:16:10,20210509
89,1998-10-31,DYH.DE,USD,1998-10-31,1998-10-31,Q4,7288000000,5333000000.0,1955000000.0,0.2682491767288694,0.0,1228000000.0,0.0,0.0,1549000000.0,6882000000.0,0.0,200000000.0,606000000,0.08315038419319429,406000000,0.05570801317233809,0.0,302000000.0,0.04143798024149287,119000000.0,182000000.0,0.024972557628979142,0.2,0.2,910000000,910000000,https://www.bundesanzeiger.de/pub/de/suche;wwwsid=627BFD7A56A5CB624C47FDDEAB2FC509.web07-pub?0,https://www.bundesanzeiger.de/pub/de/suche;wwwsid=627BFD7A56A5CB624C47FDDEAB2FC509.web07-pub?0,1620591370,16:16:10,20210509
90,1998-07-31,DYH.DE,USD,1998-07-31,1998-07-31,Q3,7056000000,5143000000.0,1913000000.0,0.27111678004535145,0.0,1214000000.0,0.0,0.0,1528000000.0,6671000000.0,0.0,193000000.0,578000000,0.08191609977324263,385000000,0.054563492063492064,0.0,284000000.0,0.040249433106575964,112000000.0,172000000.0,0.024376417233560092,0.19,0.18,905263158,955555556,https://www.bundesanzeiger.de/pub/de/suche;wwwsid=627BFD7A56A5CB624C47FDDEAB2FC509.web07-pub?0,https://www.bundesanzeiger.de/pub/de/suche;wwwsid=627BFD7A56A5CB624C47FDDEAB2FC509.web07-pub?0,1620591370,16:16:10,20210509
91,1998-04-30,DYH.DE,USD,1998-04-30,1998-04-30,Q2,6468000000,4727000000.0,1741000000.0,0.2691713048855906,0.0,1074000000.0,0.0,0.0,1380000000.0,6107000000.0,0.0,184000000.0,545000000,0.08426097711811997,361000000,0.05581323438466296,0.0,265000000.0,0.040970933828076685,105000000.0,158000000.0,0.02442795299938157,0.17,0.16,929411765,987500000,https://www.bundesanzeiger.de/pub/de/suche;wwwsid=627BFD7A56A5CB624C47FDDEAB2FC509.web07-pub?0,https://www.bundesanzeiger.de/pub/de/suche;wwwsid=627BFD7A56A5CB624C47FDDEAB2FC509.web07-pub?0,1620591370,16:16:10,20210509
92,1998-01-31,DYH.DE,USD,1998-01-31,1998-01-31,Q1,8953000000,6666000000.0,2287000000.0,0.25544510220037975,0.0,1307000000.0,0.0,0.0,1604000000.0,8270000000.0,0.0,173000000.0,856000000,0.09561040991846309,683000000,0.07628727800737183,0.0,588000000.0,0.0656763096168882,232000000.0,356000000.0,0.03976320786328605,0.7111466240511386,0.7111466240511386,500600000,500600000,https://www.bundesanzeiger.de/pub/de/suche;wwwsid=627BFD7A56A5CB624C47FDDEAB2FC509.web07-pub?0,https://www.bundesanzeiger.de/pub/de/suche;wwwsid=627BFD7A56A5CB624C47FDDEAB2FC509.web07-pub?0,1620591370,16:16:10,20210509
93,1997-10-31,DYH.DE,USD,1997-10-31,1997-10-31,Q4,6622000000,4815000000.0,1807000000.0,0.2728782845061915,0.0,1111000000.0,0.0,0.0,1403000000.0,6218000000.0,0.0,176000000.0,580000000,0.08758683177287828,404000000,0.06100875868317729,0.0,297000000.0,0.044850498338870434,118000000.0,160000000.0,0.024161884627000908,0.18,0.17,888888889,941176471,https://www.bundesanzeiger.de/pub/de/suche;wwwsid=627BFD7A56A5CB624C47FDDEAB2FC509.web07-pub?0,https://www.bundesanzeiger.de/pub/de/suche;wwwsid=627BFD7A56A5CB624C47FDDEAB2FC509.web07-pub?0,1620591370,16:16:10,20210509
94,1997-07-31,DYH.DE,USD,1997-07-31,1997-07-31,Q3,6293000000,4586000000.0,1707000000.0,0.2712537740346417,0.0,1080000000.0,0.0,0.0,1367000000.0,5953000000.0,0.0,174000000.0,514000000,0.08167805498172573,340000000,0.054028285396472274,0.0,233000000.0,0.03702526616875894,92000000.0,130000000.0,0.020657873828062927,0.14,0.13,928571429,1000000000,https://www.bundesanzeiger.de/pub/de/suche;wwwsid=627BFD7A56A5CB624C47FDDEAB2FC509.web07-pub?0,https://www.bundesanzeiger.de/pub/de/suche;wwwsid=627BFD7A56A5CB624C47FDDEAB2FC509.web07-pub?0,1620591370,16:16:10,20210509
95,1997-04-30,DYH.DE,USD,1997-04-30,1997-04-30,Q2,5889000000,4253000000.0,1636000000.0,0.2778060791305824,0.0,1034000000.0,0.0,0.0,1321000000.0,5574000000.0,0.0,170000000.0,485000000,0.08235693666157243,315000000,0.05348955680081508,0.0,208000000.0,0.03532008830022075,82000000.0,105000000.0,0.01782985226693836,0.11,0.11,954545455,954545455,https://www.bundesanzeiger.de/pub/de/suche;wwwsid=627BFD7A56A5CB624C47FDDEAB2FC509.web07-pub?0,https://www.bundesanzeiger.de/pub/de/suche;wwwsid=627BFD7A56A5CB624C47FDDEAB2FC509.web07-pub?0,1620591370,16:16:10,20210509
96,1997-01-31,DYH.DE,USD,1997-01-31,1997-01-31,Q1,8167000000,6030000000.0,2137000000.0,0.2616627892739072,0.0,1256000000.0,0.0,0.0,1540000000.0,7570000000.0,0.0,168000000.0,765000000,0.09366964613689237,597000000,0.07309905718133954,0.0,355000000.0,0.04346761356679319,140000000.0,214000000.0,0.026203012121954205,0.4274870155813024,0.4274870155813024,500600000,500600000,https://www.bundesanzeiger.de/pub/de/suche;wwwsid=627BFD7A56A5CB624C47FDDEAB2FC509.web07-pub?0,https://www.bundesanzeiger.de/pub/de/suche;wwwsid=627BFD7A56A5CB624C47FDDEAB2FC509.web07-pub?0,1620591370,16:16:10,20210509
97,1996-10-31,DYH.DE,USD,1996-10-31,1996-10-31,Q4,6073000000,4452000000.0,1621000000.0,0.2669191503375597,0.0,1041000000.0,0.0,0.0,1316000000.0,5768000000.0,0.0,166000000.0,471000000,0.07755639716779186,305000000,0.05022229540589494,0.0,191000000.0,0.03145068335254405,75000000.0,107000000.0,0.017618969207969702,0.12,0.12,891666667,891666667,https://www.bundesanzeiger.de/pub/de/suche;wwwsid=627BFD7A56A5CB624C47FDDEAB2FC509.web07-pub?0,https://www.bundesanzeiger.de/pub/de/suche;wwwsid=627BFD7A56A5CB624C47FDDEAB2FC509.web07-pub?0,1620591370,16:16:10,20210509
98,1996-07-31,DYH.DE,USD,1996-07-31,1996-07-31,Q3,5751000000,4197000000.0,1554000000.0,0.27021387584767864,0.0,1009000000.0,0.0,0.0,1276000000.0,5473000000.0,0.0,159000000.0,437000000,0.0759867849069727,278000000,0.04833941923143801,0.0,167000000.0,0.029038428099460962,66000000.0,101000000.0,0.017562163102069206,0.11,0.11,918181818,918181818,https://www.bundesanzeiger.de/pub/de/suche;wwwsid=627BFD7A56A5CB624C47FDDEAB2FC509.web07-pub?0,https://www.bundesanzeiger.de/pub/de/suche;wwwsid=627BFD7A56A5CB624C47FDDEAB2FC509.web07-pub?0,1620591370,16:16:10,20210509
99,1996-04-30,DYH.DE,USD,1996-04-30,1996-04-30,Q2,5380000000,3949000000.0,1431000000.0,0.26598513011152414,0.0,983000000.0,0.0,0.0,1252000000.0,5201000000.0,0.0,157000000.0,336000000,0.06245353159851301,179000000,0.03327137546468401,0.0,70000000.0,0.013011152416356878,28000000.0,41000000.0,0.007620817843866171,0.04,0.04,1025000000,1025000000,https://www.bundesanzeiger.de/pub/de/suche;wwwsid=627BFD7A56A5CB624C47FDDEAB2FC509.web07-pub?0,https://www.bundesanzeiger.de/pub/de/suche;wwwsid=627BFD7A56A5CB624C47FDDEAB2FC509.web07-pub?0,1620591370,16:16:10,20210509
100,1996-01-31,DYH.DE,USD,1996-01-31,1996-01-31,Q1,7950000000,6014000000.0,1936000000.0,0.24352201257861636,0.0,1182000000.0,0.0,0.0,1455000000.0,7469000000.0,0.0,163000000.0,644000000,0.0810062893081761,481000000,0.06050314465408805,0.0,365000000.0,0.04591194968553459,137000000.0,228000000.0,0.028679245283018868,0.4554534558529764,0.4554534558529764,500600000,500600000,https://www.bundesanzeiger.de/pub/de/suche;wwwsid=627BFD7A56A5CB624C47FDDEAB2FC509.web07-pub?0,https://www.bundesanzeiger.de/pub/de/suche;wwwsid=627BFD7A56A5CB624C47FDDEAB2FC509.web07-pub?0,1620591370,16:16:10,20210509
101,1995-10-31,DYH.DE,USD,1995-10-31,1995-10-31,Q4,5573000000,4113000000.0,1460000000.0,0.26197739099228423,0.0,1027000000.0,0.0,0.0,1278000000.0,5391000000.0,0.0,148000000.0,330000000,0.05921406782702315,182000000,0.03265745558944913,0.0,71000000.0,0.012739996411268616,27000000.0,44000000.0,0.007895209043603087,0.05,0.05,880000000,880000000,https://www.bundesanzeiger.de/pub/de/suche;wwwsid=627BFD7A56A5CB624C47FDDEAB2FC509.web07-pub?0,https://www.bundesanzeiger.de/pub/de/suche;wwwsid=627BFD7A56A5CB624C47FDDEAB2FC509.web07-pub?0,1620591370,16:16:10,20210509
102,1995-07-31,DYH.DE,USD,1995-07-31,1995-07-31,Q3,5236000000,3896000000.0,1340000000.0,0.2559205500381971,0.0,941000000.0,0.0,0.0,1185000000.0,5081000000.0,0.0,143000000.0,298000000,0.05691367456073339,155000000,0.029602750190985485,0.0,47000000.0,0.008976317799847212,19000000.0,28000000.0,0.0053475935828877,0.03,0.03,933333333,933333333,https://www.bundesanzeiger.de/pub/de/suche;wwwsid=627BFD7A56A5CB624C47FDDEAB2FC509.web07-pub?0,https://www.bundesanzeiger.de/pub/de/suche;wwwsid=627BFD7A56A5CB624C47FDDEAB2FC509.web07-pub?0,1620591370,16:16:10,20210509
103,1995-04-30,DYH.DE,USD,1995-04-30,1995-04-30,Q2,4757000000,3504000000.0,1253000000.0,0.2634013033424427,0.0,893000000.0,0.0,0.0,1128000000.0,4632000000.0,0.0,140000000.0,265000000,0.05570737859995796,125000000,0.02627706537733866,0.0,18000000.0,0.0037838974143367668,7000000.0,11000000.0,0.002312381753205802,0.01,0.01,1100000000,1100000000,https://www.bundesanzeiger.de/pub/de/suche;wwwsid=627BFD7A56A5CB624C47FDDEAB2FC509.web07-pub?0,https://www.bundesanzeiger.de/pub/de/suche;wwwsid=627BFD7A56A5CB624C47FDDEAB2FC509.web07-pub?0,1620591370,16:16:10,20210509
104,1995-01-31,DYH.DE,USD,1995-01-31,1995-01-31,Q1,6998000000,5169000000.0,1829000000.0,0.2613603886824807,0.0,1027000000.0,0.0,0.0,1262000000.0,6431000000.0,0.0,135000000.0,702000000,0.10031437553586739,567000000,0.0810231494712775,0.0,460000000.0,0.06573306659045441,181000000.0,279000000.0,0.03986853386681909,0.5573312025569317,0.5573312025569317,500600000,500600000,https://www.bundesanzeiger.de/pub/de/suche;wwwsid=627BFD7A56A5CB624C47FDDEAB2FC509.web07-pub?0,https://www.bundesanzeiger.de/pub/de/suche;wwwsid=627BFD7A56A5CB624C47FDDEAB2FC509.web07-pub?0,1620591370,16:16:10,20210509
105,1994-10-31,DYH.DE,USD,1994-10-31,1994-10-31,Q4,5046000000,3695000000.0,1351000000.0,0.2677368212445501,0.0,910000000.0,0.0,0.0,1134000000.0,4829000000.0,0.0,136000000.0,353000000,0.06995640110978993,217000000,0.04300435988902101,0.0,109000000.0,0.021601268331351564,42000000.0,67000000.0,0.013277843836702339,0.08,0.07,837500000,957142857,https://www.bundesanzeiger.de/pub/de/suche;wwwsid=627BFD7A56A5CB624C47FDDEAB2FC509.web07-pub?0,https://www.bundesanzeiger.de/pub/de/suche;wwwsid=627BFD7A56A5CB624C47FDDEAB2FC509.web07-pub?0,1620591370,16:16:10,20210509
106,1994-07-31,DYH.DE,USD,1994-07-31,1994-07-31,Q3,4802000000,3519000000.0,1283000000.0,0.2671803415243649,0.0,874000000.0,0.0,0.0,1097000000.0,4616000000.0,0.0,131000000.0,317000000,0.06601416076634735,186000000,0.038733860891295296,0.0,81000000.0,0.016867971678467306,32000000.0,49000000.0,0.01020408163265306,0.06,0.05,816666667,980000000,https://www.bundesanzeiger.de/pub/de/suche;wwwsid=627BFD7A56A5CB624C47FDDEAB2FC509.web07-pub?0,https://www.bundesanzeiger.de/pub/de/suche;wwwsid=627BFD7A56A5CB624C47FDDEAB2FC509.web07-pub?0,1620591370,16:16:10,20210509
107,1994-04-30,DYH.DE,USD,1994-04-30,1994-04-30,Q2,4465000000,3253000000.0,1212000000.0,0.27144456886898094,0.0,820000000.0,0.0,0.0,1042000000.0,4295000000.0,0.0,129000000.0,299000000,0.0669652855543113,170000000,0.03807390817469205,0.0,64000000.0,0.01433370660694289,25000000.0,39000000.0,0.008734602463605823,0.04,0.04,975000000,975000000,https://www.bundesanzeiger.de/pub/de/suche;wwwsid=627BFD7A56A5CB624C47FDDEAB2FC509.web07-pub?0,https://www.bundesanzeiger.de/pub/de/suche;wwwsid=627BFD7A56A5CB624C47FDDEAB2FC509.web07-pub?0,1620591370,16:16:10,20210509
108,1994-01-31,DYH.DE,USD,1994-01-31,1994-01-31,Q1,6281000000,4593000000.0,1688000000.0,0.2687470148065595,0.0,920000000.0,0.0,0.0,1133000000.0,5726000000.0,0.0,122000000.0,677000000,0.10778538449291514,555000000,0.08836172583983443,0.0,446000000.0,0.0710078013055246,168000000.0,278000000.0,0.04426046807833148,0.5553335996803835,0.5553335996803835,500600000,500600000,https://www.bundesanzeiger.de/pub/de/suche;wwwsid=627BFD7A56A5CB624C47FDDEAB2FC509.web07-pub?0,https://www.bundesanzeiger.de/pub/de/suche;wwwsid=627BFD7A56A5CB624C47FDDEAB2FC509.web07-pub?0,1620591370,16:16:10,20210509
109,1993-10-31,DYH.DE,USD,1993-10-31,1993-10-31,Q4,4625000000,3417000000.0,1208000000.0,0.2611891891891892,0.0,809000000.0,0.0,0.0,1021000000.0,4438000000.0,0.0,126000000.0,313000000,0.06767567567567567,187000000,0.040432432432432434,0.0,75000000.0,0.016216216216216217,32000000.0,43000000.0,0.009297297297297297,0.05,0.05,860000000,860000000,https://www.bundesanzeiger.de/pub/de/suche;wwwsid=627BFD7A56A5CB624C47FDDEAB2FC509.web07-pub?0,https://www.bundesanzeiger.de/pub/de/suche;wwwsid=627BFD7A56A5CB624C47FDDEAB2FC509.web07-pub?0,1620591370,16:16:10,20210509
110,1993-07-31,DYH.DE,USD,1993-07-31,1993-07-31,Q3,4287000000,3180000000.0,1107000000.0,0.258222533240028,0.0,748000000.0,0.0,0.0,956000000.0,4136000000.0,0.0,126000000.0,277000000,0.06461394914858876,151000000,0.03522276650338232,0.0,38000000.0,0.008864007464427339,14000000.0,24000000.0,0.005598320503848845,0.03,0.03,1000000000,1000000000,https://www.bundesanzeiger.de/pub/de/suche;wwwsid=627BFD7A56A5CB624C47FDDEAB2FC509.web07-pub?0,https://www.bundesanzeiger.de/pub/de/suche;wwwsid=627BFD7A56A5CB624C47FDDEAB2FC509.web07-pub?0,1620591370,16:16:10,20210509
111,1993-04-30,DYH.DE,USD,1993-04-30,1993-04-30,Q2,4040000000,2973000000.0,1067000000.0,0.2641089108910891,0.0,698000000.0,0.0,0.0,907000000.0,3880000000.0,0.0,124000000.0,284000000,0.0702970297029703,160000000,0.039603960396039604,0.0,48000000.0,0.011881188118811881,18000000.0,30000000.0,0.007425742574257425,0.03,0.03,1000000000,1000000000,https://www.bundesanzeiger.de/pub/de/suche;wwwsid=627BFD7A56A5CB624C47FDDEAB2FC509.web07-pub?0,https://www.bundesanzeiger.de/pub/de/suche;wwwsid=627BFD7A56A5CB624C47FDDEAB2FC509.web07-pub?0,1620591370,16:16:10,20210509
112,1993-01-31,DYH.DE,USD,1993-01-31,1993-01-31,Q1,5901000000,4331000000.0,1570000000.0,0.26605660057617353,0.0,862000000.0,0.0,0.0,1063000000.0,5394000000.0,0.0,118000000.0,625000000,0.10591425182172513,507000000,0.08591764107778342,0.0,396000000.0,0.06710726995424504,147000000.0,249000000.0,0.042196237925775294,0.4974031162604874,0.4974031162604874,500600000,500600000,https://www.bundesanzeiger.de/pub/de/suche;wwwsid=627BFD7A56A5CB624C47FDDEAB2FC509.web07-pub?0,https://www.bundesanzeiger.de/pub/de/suche;wwwsid=627BFD7A56A5CB624C47FDDEAB2FC509.web07-pub?0,1620591370,16:16:10,20210509
113,1992-10-31,DYH.DE,USD,1992-10-31,1992-10-31,Q4,4340000000,3189000000.0,1151000000.0,0.2652073732718894,0.0,756000000.0,0.0,0.0,949000000.0,4138000000.0,0.0,117000000.0,319000000,0.07350230414746543,202000000,0.046543778801843315,0.0,91000000.0,0.020967741935483872,34000000.0,57000000.0,0.013133640552995391,0.06,0.06,950000000,950000000,https://www.bundesanzeiger.de/pub/de/suche;wwwsid=627BFD7A56A5CB624C47FDDEAB2FC509.web07-pub?0,https://www.bundesanzeiger.de/pub/de/suche;wwwsid=627BFD7A56A5CB624C47FDDEAB2FC509.web07-pub?0,1620591370,16:16:10,20210509
114,1992-07-31,DYH.DE,USD,1992-07-31,1992-07-31,Q3,3967000000,2899000000.0,1068000000.0,0.2692210738593396,0.0,704000000.0,0.0,0.0,893000000.0,3792000000.0,0.0,113000000.0,288000000,0.07259894126543988,175000000,0.044113940005041596,0.0,68000000.0,0.017141416687673303,26000000.0,42000000.0,0.010587345601209983,0.05,0.05,840000000,840000000,https://www.bundesanzeiger.de/pub/de/suche;wwwsid=627BFD7A56A5CB624C47FDDEAB2FC509.web07-pub?0,https://www.bundesanzeiger.de/pub/de/suche;wwwsid=627BFD7A56A5CB624C47FDDEAB2FC509.web07-pub?0,1620591370,16:16:10,20210509
115,1992-04-30,DYH.DE,USD,1992-04-30,1992-04-30,Q2,3719000000,2710000000.0,1009000000.0,0.27130949179887065,0.0,656000000.0,0.0,0.0,845000000.0,3555000000.0,0.0,111000000.0,275000000,0.07394460876579725,164000000,0.04409787577305727,0.0,56000000.0,0.015057811239580532,21000000.0,35000000.0,0.009411132024737832,0.04,0.04,875000000,875000000,https://www.bundesanzeiger.de/pub/de/suche;wwwsid=627BFD7A56A5CB624C47FDDEAB2FC509.web07-pub?0,https://www.bundesanzeiger.de/pub/de/suche;wwwsid=627BFD7A56A5CB624C47FDDEAB2FC509.web07-pub?0,1620591370,16:16:10,20210509
116,1992-01-31,DYH.DE,USD,1992-01-31,1992-01-31,Q1,5249000000,3820000000.0,1429000000.0,0.27224233187273766,0.0,844000000.0,0.0,0.0,1023000000.0,4843000000.0,0.0,105000000.0,511000000,0.09735187654791388,406000000,0.07734806629834254,0.0,299000000.0,0.0569632310916365,107000000.0,192000000.0,0.03657839588493046,0.3835397522972433,0.3835397522972433,500600000,500600000,https://www.bundesanzeiger.de/pub/de/suche;wwwsid=627BFD7A56A5CB624C47FDDEAB2FC509.web07-pub?0,https://www.bundesanzeiger.de/pub/de/suche;wwwsid=627BFD7A56A5CB624C47FDDEAB2FC509.web07-pub?0,1620591370,16:16:10,20210509
117,1991-10-31,DYH.DE,USD,1991-10-31,1991-10-31,Q4,3955000000,2913000000.0,1042000000.0,0.2634639696586599,0.0,711000000.0,0.0,0.0,884000000.0,3797000000.0,0.0,103000000.0,261000000,0.06599241466498104,158000000,0.039949431099873575,0.0,55000000.0,0.01390644753476612,20000000.0,35000000.0,0.008849557522123894,0.04,0.04,875000000,875000000,https://www.bundesanzeiger.de/pub/de/suche;wwwsid=627BFD7A56A5CB624C47FDDEAB2FC509.web07-pub?0,https://www.bundesanzeiger.de/pub/de/suche;wwwsid=627BFD7A56A5CB624C47FDDEAB2FC509.web07-pub?0,1620591370,16:16:10,20210509
118,1991-07-31,DYH.DE,USD,1991-07-31,1991-07-31,Q3,3562000000,2598000000.0,964000000.0,0.27063447501403703,0.0,639000000.0,0.0,0.0,806000000.0,3404000000.0,0.0,98000000.0,256000000,0.07186973610331275,158000000,0.04435710275126333,0.0,64000000.0,0.017967434025828188,24000000.0,40000000.0,0.011229646266142616,0.04,0.04,1000000000,1000000000,https://www.bundesanzeiger.de/pub/de/suche;wwwsid=627BFD7A56A5CB624C47FDDEAB2FC509.web07-pub?0,https://www.bundesanzeiger.de/pub/de/suche;wwwsid=627BFD7A56A5CB624C47FDDEAB2FC509.web07-pub?0,1620591370,16:16:10,20210509
119,1991-04-30,DYH.DE,USD,1991-04-30,1991-04-30,Q2,3349000000,2420000000.0,929000000.0,0.2773962376828904,0.0,607000000.0,0.0,0.0,781000000.0,3201000000.0,0.0,104000000.0,252000000,0.07524634219169901,148000000,0.04419229620782323,0.0,54000000.0,0.016124216183935502,20000000.0,34000000.0,0.01015228426395939,0.04,0.04,850000000,850000000,https://www.bundesanzeiger.de/pub/de/suche;wwwsid=627BFD7A56A5CB624C47FDDEAB2FC509.web07-pub?0,https://www.bundesanzeiger.de/pub/de/suche;wwwsid=627BFD7A56A5CB624C47FDDEAB2FC509.web07-pub?0,1620591370,16:16:10,20210509
120,1991-01-31,DYH.DE,USD,1991-01-31,1991-01-31,Q1,4865000000,3508000000.0,1357000000.0,0.2789311408016444,0.0,724000000.0,0.0,0.0,886000000.0,4394000000.0,0.0,93000000.0,564000000,0.11593011305241521,471000000,0.09681397738951696,0.0,377000000.0,0.07749229188078109,142000000.0,235000000.0,0.048304213771839674,0.46943667598881345,0.46943667598881345,500600000,500600000,https://www.bundesanzeiger.de/pub/de/suche;wwwsid=627BFD7A56A5CB624C47FDDEAB2FC509.web07-pub?0,https://www.bundesanzeiger.de/pub/de/suche;wwwsid=627BFD7A56A5CB624C47FDDEAB2FC509.web07-pub?0,1620591370,16:16:10,20210509
121,1990-10-31,DYH.DE,USD,1990-10-31,1990-10-31,Q4,3625000000,2617000000.0,1008000000.0,0.27806896551724136,0.0,647000000.0,0.0,0.0,820000000.0,3437000000.0,0.0,107000000.0,295000000,0.08137931034482758,188000000,0.05186206896551724,0.0,93000000.0,0.025655172413793104,35000000.0,58000000.0,0.016,0.06,0.06,966666667,966666667,https://www.bundesanzeiger.de/pub/de/suche;wwwsid=627BFD7A56A5CB624C47FDDEAB2FC509.web07-pub?0,https://www.bundesanzeiger.de/pub/de/suche;wwwsid=627BFD7A56A5CB624C47FDDEAB2FC509.web07-pub?0,1620591370,16:16:10,20210509
122,1990-07-31,DYH.DE,USD,1990-07-31,1990-07-31,Q3,3242000000,2358000000.0,884000000.0,0.27267119062307216,0.0,563000000.0,0.0,0.0,713000000.0,3071000000.0,0.0,90000000.0,261000000,0.08050586057988895,171000000,0.052745219000616905,0.0,96000000.0,0.02961135101789019,37000000.0,59000000.0,0.018198642813078345,0.07,0.06,842857143,983333333,https://www.bundesanzeiger.de/pub/de/suche;wwwsid=627BFD7A56A5CB624C47FDDEAB2FC509.web07-pub?0,https://www.bundesanzeiger.de/pub/de/suche;wwwsid=627BFD7A56A5CB624C47FDDEAB2FC509.web07-pub?0,1620591370,16:16:10,20210509
123,1990-04-30,DYH.DE,USD,1990-04-30,1990-04-30,Q2,3007000000,2166000000.0,841000000.0,0.27968074492850015,0.0,544000000.0,0.0,0.0,687000000.0,2853000000.0,0.0,82000000.0,236000000,0.0784835384103758,154000000,0.05121383438643166,0.0,93000000.0,0.030927835051546393,35000000.0,58000000.0,0.01928832723644829,0.06,0.06,966666667,966666667,https://www.bundesanzeiger.de/pub/de/suche;wwwsid=627BFD7A56A5CB624C47FDDEAB2FC509.web07-pub?0,https://www.bundesanzeiger.de/pub/de/suche;wwwsid=627BFD7A56A5CB624C47FDDEAB2FC509.web07-pub?0,1620591370,16:16:10,20210509
124,1990-01-31,DYH.DE,USD,1990-01-31,1990-01-31,Q1,4485000000,3263000000.0,1222000000.0,0.27246376811594203,0.0,662000000.0,0.0,0.0,803000000.0,4066000000.0,0.0,80000000.0,499000000,0.11125975473801561,419000000,0.09342251950947603,0.0,414000000.0,0.09230769230769231,164000000.0,250000000.0,0.055741360089186176,0.49940071913703554,0.49940071913703554,500600000,500600000,https://www.bundesanzeiger.de/pub/de/suche;wwwsid=627BFD7A56A5CB624C47FDDEAB2FC509.web07-pub?0,https://www.bundesanzeiger.de/pub/de/suche;wwwsid=627BFD7A56A5CB624C47FDDEAB2FC509.web07-pub?0,1620591370,16:16:10,20210509
125,1989-10-31,DYH.DE,USD,1989-10-31,1989-10-31,Q4,3236000000,2346000000.0,890000000.0,0.27503090234857847,0.0,558000000.0,0.0,0.0,693000000.0,3039000000.0,0.0,80000000.0,277000000,0.08559950556242274,197000000,0.06087762669962917,-22000000.0,107000000.0,0.033065512978986404,43000000.0,64000000.0,0.019777503090234856,0.07,0.07,914285714,914285714,https://www.bundesanzeiger.de/pub/de/suche;wwwsid=627BFD7A56A5CB624C47FDDEAB2FC509.web07-pub?0,https://www.bundesanzeiger.de/pub/de/suche;wwwsid=627BFD7A56A5CB624C47FDDEAB2FC509.web07-pub?0,1620591370,16:16:10,20210509
126,1989-07-31,DYH.DE,USD,1989-07-31,1989-07-31,Q3,3097000000,2243000000.0,854000000.0,0.27575072650952537,0.0,561000000.0,0.0,0.0,697000000.0,2940000000.0,0.0,0.0,237000000,0.07652567000322893,157000000,0.05069422021310946,0.0,91000000.0,0.0293832741362609,35000000.0,56000000.0,0.01808201485308363,0.06,0.06,933333333,933333333,https://www.bundesanzeiger.de/pub/de/suche;wwwsid=627BFD7A56A5CB624C47FDDEAB2FC509.web07-pub?0,https://www.bundesanzeiger.de/pub/de/suche;wwwsid=627BFD7A56A5CB624C47FDDEAB2FC509.web07-pub?0,1620591370,16:16:10,20210509
127,1989-04-30,DYH.DE,USD,1989-04-30,1989-04-30,Q2,2826000000,0.0,0.0,0.0,0.0,0.0,0.0,0.0,0.0,0.0,0.0,0.0,2826000000,1.0,2826000000,1.0,0.0,0.0,0.0,0.0,0.0,0.0,0.05,0.05,1016396000,1016396000,https://www.bundesanzeiger.de/pub/de/suche;wwwsid=627BFD7A56A5CB624C47FDDEAB2FC509.web07-pub?0,https://www.bundesanzeiger.de/pub/de/suche;wwwsid=627BFD7A56A5CB624C47FDDEAB2FC509.web07-pub?0,1620591370,16:16:10,20210509
128,1989-01-31,DYH.DE,USD,1989-01-31,1989-01-31,Q1,4099800000,0.0,0.0,0.0,0.0,0.0,0.0,0.0,0.0,0.0,0.0,0.0,-7414200000,-1.8084296794965609,-7414200000,-1.8084296794965609,0.0,0.0,0.0,0.0,0.0,0.0,0.0,0.0,500600000,500600000,https://www.bundesanzeiger.de/pub/de/suche;wwwsid=627BFD7A56A5CB624C47FDDEAB2FC509.web07-pub?0,https://www.bundesanzeiger.de/pub/de/suche;wwwsid=627BFD7A56A5CB624C47FDDEAB2FC509.web07-pub?0,1620591370,16:16:10,20210509
129,1988-10-31,DYH.DE,USD,1988-10-31,1988-10-31,Q4,2867400000,0.0,0.0,0.0,0.0,0.0,0.0,0.0,0.0,0.0,0.0,0.0,2867400000,1.0,2867400000,1.0,0.0,0.0,0.0,0.0,0.0,0.0,0.05,0.05,1016396000,1016396000,https://www.bundesanzeiger.de/pub/de/suche;wwwsid=627BFD7A56A5CB624C47FDDEAB2FC509.web07-pub?0,https://www.bundesanzeiger.de/pub/de/suche;wwwsid=627BFD7A56A5CB624C47FDDEAB2FC509.web07-pub?0,1620591370,16:16:10,20210509
130,1988-07-31,DYH.DE,USD,1988-07-31,1988-07-31,Q3,2693300000,0.0,0.0,0.0,0.0,0.0,0.0,0.0,0.0,0.0,0.0,0.0,2693300000,1.0,2693300000,1.0,0.0,0.0,0.0,0.0,0.0,0.0,0.03,0.03,1023424000,1023424000,https://www.bundesanzeiger.de/pub/de/suche;wwwsid=627BFD7A56A5CB624C47FDDEAB2FC509.web07-pub?0,https://www.bundesanzeiger.de/pub/de/suche;wwwsid=627BFD7A56A5CB624C47FDDEAB2FC509.web07-pub?0,1620591370,16:16:10,20210509
131,1988-04-30,DYH.DE,USD,1988-04-30,1988-04-30,Q2,2543500000,0.0,0.0,0.0,0.0,0.0,0.0,0.0,0.0,0.0,0.0,0.0,2543500000,1.0,2543500000,1.0,0.0,0.0,0.0,0.0,0.0,0.0,0.03,0.03,1103496000,1103496000,https://www.bundesanzeiger.de/pub/de/suche;wwwsid=627BFD7A56A5CB624C47FDDEAB2FC509.web07-pub?0,https://www.bundesanzeiger.de/pub/de/suche;wwwsid=627BFD7A56A5CB624C47FDDEAB2FC509.web07-pub?0,1620591370,16:16:10,20210509
132,1988-01-31,DYH.DE,USD,1988-01-31,1988-01-31,Q1,3679100000,0.0,0.0,0.0,0.0,0.0,0.0,0.0,0.0,0.0,0.0,0.0,-6446600000,-1.752222010817863,-6446600000,-1.752222010817863,0.0,0.0,0.0,0.0,0.0,0.0,0.0,0.0,500600000,500600000,https://www.bundesanzeiger.de/pub/de/suche;wwwsid=627BFD7A56A5CB624C47FDDEAB2FC509.web07-pub?0,https://www.bundesanzeiger.de/pub/de/suche;wwwsid=627BFD7A56A5CB624C47FDDEAB2FC509.web07-pub?0,1620591370,16:16:10,20210509
133,1987-10-31,DYH.DE,USD,1987-10-31,1987-10-31,Q4,2538900000,0.0,0.0,0.0,0.0,0.0,0.0,0.0,0.0,0.0,0.0,0.0,2538900000,1.0,2538900000,1.0,0.0,0.0,0.0,0.0,0.0,0.0,0.03,0.03,1170020000,1170020000,https://www.bundesanzeiger.de/pub/de/suche;wwwsid=627BFD7A56A5CB624C47FDDEAB2FC509.web07-pub?0,https://www.bundesanzeiger.de/pub/de/suche;wwwsid=627BFD7A56A5CB624C47FDDEAB2FC509.web07-pub?0,1620591370,16:16:10,20210509
134,1987-07-31,DYH.DE,USD,1987-07-31,1987-07-31,Q3,2306200000,0.0,0.0,0.0,0.0,0.0,0.0,0.0,0.0,0.0,0.0,0.0,2306200000,1.0,2306200000,1.0,0.0,0.0,0.0,0.0,0.0,0.0,0.02,0.02,1121800000,1121800000,https://www.bundesanzeiger.de/pub/de/suche;wwwsid=627BFD7A56A5CB624C47FDDEAB2FC509.web07-pub?0,https://www.bundesanzeiger.de/pub/de/suche;wwwsid=627BFD7A56A5CB624C47FDDEAB2FC509.web07-pub?0,1620591370,16:16:10,20210509
135,1987-04-30,DYH.DE,USD,1987-04-30,1987-04-30,Q2,2153100000,0.0,0.0,0.0,0.0,0.0,0.0,0.0,0.0,0.0,0.0,0.0,2153100000,1.0,2153100000,1.0,0.0,0.0,0.0,0.0,0.0,0.0,0.04,0.04,1169248000,1169248000,https://www.bundesanzeiger.de/pub/de/suche;wwwsid=627BFD7A56A5CB624C47FDDEAB2FC509.web07-pub?0,https://www.bundesanzeiger.de/pub/de/suche;wwwsid=627BFD7A56A5CB624C47FDDEAB2FC509.web07-pub?0,1620591370,16:16:10,20210509
136,1987-01-31,DYH.DE,USD,1987-01-31,1987-01-31,Q1,3115500000,0.0,0.0,0.0,0.0,0.0,0.0,0.0,0.0,0.0,0.0,0.0,-5531900000,-1.775605841758947,-5531900000,-1.775605841758947,0.0,0.0,0.0,0.0,0.0,0.0,0.0,0.0,500600000,500600000,https://www.bundesanzeiger.de/pub/de/suche;wwwsid=627BFD7A56A5CB624C47FDDEAB2FC509.web07-pub?0,https://www.bundesanzeiger.de/pub/de/suche;wwwsid=627BFD7A56A5CB624C47FDDEAB2FC509.web07-pub?0,1620591370,16:16:10,20210509
137,1986-10-31,DYH.DE,USD,1986-10-31,1986-10-31,Q4,2215200000,0.0,0.0,0.0,0.0,0.0,0.0,0.0,0.0,0.0,0.0,0.0,2215200000,1.0,2215200000,1.0,0.0,0.0,0.0,0.0,0.0,0.0,0.05,0.05,1168804000,1168804000,https://www.bundesanzeiger.de/pub/de/suche;wwwsid=627BFD7A56A5CB624C47FDDEAB2FC509.web07-pub?0,https://www.bundesanzeiger.de/pub/de/suche;wwwsid=627BFD7A56A5CB624C47FDDEAB2FC509.web07-pub?0,1620591370,16:16:10,20210509
138,1986-07-31,DYH.DE,USD,1986-07-31,1986-07-31,Q3,2041700000,0.0,0.0,0.0,0.0,0.0,0.0,0.0,0.0,0.0,0.0,0.0,2041700000,1.0,2041700000,1.0,0.0,0.0,0.0,0.0,0.0,0.0,0.03,0.03,1168816000,1168816000,https://www.bundesanzeiger.de/pub/de/suche;wwwsid=627BFD7A56A5CB624C47FDDEAB2FC509.web07-pub?0,https://www.bundesanzeiger.de/pub/de/suche;wwwsid=627BFD7A56A5CB624C47FDDEAB2FC509.web07-pub?0,1620591370,16:16:10,20210509
139,1986-04-30,DYH.DE,USD,1986-04-30,1986-04-30,Q2,1886700000,0.0,0.0,0.0,0.0,0.0,0.0,0.0,0.0,0.0,0.0,0.0,1886700000,1.0,1886700000,1.0,0.0,0.0,0.0,0.0,0.0,0.0,0.03,0.03,1166380000,1166380000,https://www.bundesanzeiger.de/pub/de/suche;wwwsid=627BFD7A56A5CB624C47FDDEAB2FC509.web07-pub?0,https://www.bundesanzeiger.de/pub/de/suche;wwwsid=627BFD7A56A5CB624C47FDDEAB2FC509.web07-pub?0,1620591370,16:16:10,20210509
140,1986-01-31,DYH.DE,USD,1986-01-31,1986-01-31,Q1,2938700000,0.0,0.0,0.0,0.0,0.0,0.0,0.0,0.0,0.0,0.0,0.0,-5222300000,-1.77707829992854,-5222300000,-1.77707829992854,0.0,0.0,0.0,0.0,0.0,0.0,0.0,0.0,500600000,500600000,https://www.bundesanzeiger.de/pub/de/suche;wwwsid=627BFD7A56A5CB624C47FDDEAB2FC509.web07-pub?0,https://www.bundesanzeiger.de/pub/de/suche;wwwsid=627BFD7A56A5CB624C47FDDEAB2FC509.web07-pub?0,1620591370,16:16:10,20210509
141,1985-10-31,DYH.DE,USD,1985-10-31,1985-10-31,Q4,2071900000,0.0,0.0,0.0,0.0,0.0,0.0,0.0,0.0,0.0,0.0,0.0,2071900000,1.0,2071900000,1.0,0.0,0.0,0.0,0.0,0.0,0.0,0.05,0.05,1165692000,1165692000,https://www.bundesanzeiger.de/pub/de/suche;wwwsid=627BFD7A56A5CB624C47FDDEAB2FC509.web07-pub?0,https://www.bundesanzeiger.de/pub/de/suche;wwwsid=627BFD7A56A5CB624C47FDDEAB2FC509.web07-pub?0,1620591370,16:16:10,20210509
