,date,symbol,fillingDate,acceptedDate,period,cashAndCashEquivalents,shortTermInvestments,cashAndShortTermInvestments,netReceivables,inventory,otherCurrentAssets,totalCurrentAssets,propertyPlantEquipmentNet,goodwill,intangibleAssets,goodwillAndIntangibleAssets,longTermInvestments,taxAssets,otherNonCurrentAssets,totalNonCurrentAssets,otherAssets,totalAssets,accountPayables,shortTermDebt,taxPayables,deferredRevenue,otherCurrentLiabilities,totalCurrentLiabilities,longTermDebt,deferredRevenueNonCurrent,deferredTaxLiabilitiesNonCurrent,otherNonCurrentLiabilities,totalNonCurrentLiabilities,otherLiabilities,totalLiabilities,commonStock,retainedEarnings,accumulatedOtherComprehensiveIncomeLoss,othertotalStockholdersEquity,totalStockholdersEquity,totalLiabilitiesAndStockholdersEquity,totalInvestments,totalDebt,netDebt,link,finalLink
0,2020-09-30,MTD,2020-11-06,2020-11-06 09:16:22,,153686000,0.0,153686000,521777000,292329000,78528000,1046320000,0.0,541722000,199151000,740873000,0.0,37115000,184218000,1720216000,78528000,2766536000,146646000,0.0,0.0,150476000,0.0,764081000,1169136000,0.0,41979000,348273000,1559388000,0.0,2323469000,448000.0,4882287000,0.0,0.0,443067000,2323469000,0.0,1224247000,1070561000,https://www.sec.gov/Archives/edgar/data/1037646/000103764620000030/0001037646-20-000030-index.htm,https://www.sec.gov/Archives/edgar/data/1037646/000103764620000030/mtd-20200930.htm
0,2020-06-30,MTD,2020-07-31,2020-07-31 09:01:05,Q2,127277000,0.0,127277000,490429000,299746000,72356000,989808000,0.0,537624000,202131000,739755000,0.0,35777000,170914000,1689839000,72356000,2679647000,155901000,0.0,0.0,150742000,0.0,702829000,1146590000,0.0,44926000,335209000,1526725000,0.0,2229554000,448000.0,4720523000,0.0,0.0,450093000,2229554000,0.0,1200175000,1072898000,https://www.sec.gov/Archives/edgar/data/1037646/000103764620000024/0001037646-20-000024-index.htm,https://www.sec.gov/Archives/edgar/data/1037646/000103764620000024/mtd10q6302020.htm
0,2020-03-31,MTD,2020-05-08 00:00:00,2020-05-08 09:07:14,Q1,323585000,0.0,323585000,518556000,292110000,66614000,1200865000,0.0,536895000,205695000,742590000,0.0,35538000,164136000,1684915000,66614000,2885780000,168515000,0.0,0.0,144836000,0.0,679838000,1513020000,0.0,44901000,341624000,1899545000,0.0,2579383000,448000.0,4595183000,0.0,0.0,306397000,2579383000,0.0,1569418000,1245833000,https://www.sec.gov/Archives/edgar/data/1037646/000103764620000014/0001037646-20-000014-index.html,https://www.sec.gov/Archives/edgar/data/1037646/000103764620000014/mtd10q3312020.htm
0,2019-12-31,MTD,2020-02-07 00:00:00,2020-02-07 15:44:24,Q4,207785000,0.0,207785000,566256000,274285000,61321000,1109647000,0.0,535979000,206242000,742221000,0.0,36978000,151818000,1679674000,61321000,2789321000,185592000,0.0,0.0,122489000,0.0,754512000,1235350000,0.0,45267000,333412000,1614029000,0.0,2368541000,448000.0,4499288000,-563944000,0.0,420780000,2368541000,0.0,1291218000,1083433000,https://www.sec.gov/Archives/edgar/data/1037646/000103764620000005/0001037646-20-000005-index.html,https://www.sec.gov/Archives/edgar/data/1037646/000103764620000005/mtd10k12312019.htm
0,2019-09-30,MTD,2019-11-08 00:00:00,2019-11-08 11:08:00,Q3,120534000,0.0,120534000,503247000,280978000,59049000,963808000,0.0,531224000,209371000,740595000,0.0,34599000,174275000,1672061000,59049000,2635869000,148220000,0.0,0.0,126925000,495558000,719255000,1124279000,0.0,39954000,314080000,1478313000,495558000,2197568000,448000.0,4309718000,0.0,0.0,438301000,2197568000,0.0,1172856000,1052322000,https://www.sec.gov/Archives/edgar/data/1037646/000103764619000040/0001037646-19-000040-index.html,https://www.sec.gov/Archives/edgar/data/1037646/000103764619000040/mtd10q93019.htm
0,2019-06-30,MTD,2019-08-02,2019-08-02 10:01:38,Q2,124439000,0.0,124439000,498723000,286347000,71937000,981446000,0.0,534557000,211211000,745768000,0.0,35722000,169915000,1679412000,71937000,2660858000,160584000,0.0,0.0,128704000,468349000,707251000,1087874000,0.0,40282000,321365000,1449521000,468349000,2156772000,448000.0,4180323000,0.0,0.0,504086000,2156772000,0.0,1139792000,1015353000,https://www.sec.gov/Archives/edgar/data/1037646/000103764619000032/mtd10q63019.htm,https://www.sec.gov/Archives/edgar/data/1037646/000103764619000032/mtd10q63019.htm
0,2019-03-31,MTD,2019-05-10 00:00:00,2019-05-10 12:19:47,Q1,126480000,0.0,126480000,489281000,282087000,71536000,969384000,0.0,535517000,213977000,749494000,0.0,34495000,160398000,1667313000,71536000,2636697000,174639000,0.0,0.0,128962000,0.0,707964000,1008485000,0.0,39648000,318850000,1366983000,0.0,2074947000,448000.0,4053703000,0.0,0.0,561750000,2074947000,0.0,1062283000,935803000,https://www.sec.gov/Archives/edgar/data/1037646/000103764619000020/0001037646-19-000020-index.html,https://www.sec.gov/Archives/edgar/data/1037646/000103764619000020/mtd_10qx3312019.htm
0,2018-12-31,MTD,2019-02-08 00:00:00,2019-02-08 13:56:30,Q4,178110000,0.0,178110000,535528000,268821000,63401000,1045860000,0.0,534780000,217308000,752088000,0.0,35066000,68307000,1572987000,63401000,2618847000,196641000,0.0,0.0,105381000,0.0,734434000,985021000,0.0,48818000,260511000,1294350000,0.0,2028784000,448000.0,3941916000,-515662000,0.0,590063000,2028784000,0.0,1034691000,856581000,https://www.sec.gov/Archives/edgar/data/1037646/000103764619000010/0001037646-19-000010-index.html,https://www.sec.gov/Archives/edgar/data/1037646/000103764619000010/mtd_10kx12312018.htm
0,2018-09-30,MTD,2018-11-09 00:00:00,2018-11-09 10:15:11,Q3,137448000,0.0,137448000,494887000,277266000,61898000,971499000,0.0,537862000,220904000,758766000,0.0,36423000,93287000,1586165000,61898000,2557664000,156447000,0.0,0.0,123526000,0.0,697469000,988894000,0.0,50216000,289470000,1328580000,0.0,2026049000,448000.0,3763858000,0.0,0.0,531615000,2026049000,0.0,1044647000,907199000,https://www.sec.gov/Archives/edgar/data/1037646/000103764618000030/0001037646-18-000030-index.html,https://www.sec.gov/Archives/edgar/data/1037646/000103764618000030/mtd10q93018.htm
0,2018-06-30,MTD,2018-07-27 00:00:00,2018-07-27 09:03:12,Q2,183190000,0.0,183190000,486203000,270047000,63867000,1003307000,0.0,536407000,219858000,756265000,0.0,36880000,83058000,1554909000,63867000,2558216000,170865000,0.0,0.0,126835000,0.0,688817000,1020420000,0.0,46138000,270407000,1336965000,0.0,2025782000,448000.0,3637629000,0.0,0.0,532434000,2025782000,0.0,1072472000,889282000,https://www.sec.gov/Archives/edgar/data/1037646/000103764618000026/0001037646-18-000026-index.html,https://www.sec.gov/Archives/edgar/data/1037646/000103764618000026/mtd10q63018.htm
0,2018-03-31,MTD,2018-05-04 00:00:00,2018-05-04 09:42:12,Q1,98949000,0.0,98949000,483919000,278318000,66186000,927372000,0.0,544784000,224727000,769511000,0.0,41717000,76417000,1584535000,66186000,2511907000,164639000,0.0,0.0,130704000,0.0,636882000,978715000,0.0,46689000,288874000,1314278000,0.0,1951160000,448000.0,3526355000,0.0,0.0,560747000,1951160000,0.0,993598000,894649000,https://www.sec.gov/Archives/edgar/data/1037646/000103764618000011/0001037646-18-000011-index.html,https://www.sec.gov/Archives/edgar/data/1037646/000103764618000011/mtd_10qx3312018.htm
0,2017-12-31,MTD,2018-02-09 00:00:00,2018-02-08 17:34:21,Q4,148687000,0.0,148687000,528615000,255390000,74031000,1006723000,0.0,539838000,226718000,766556000,0.0,41425000,66830000,1543082000,74031000,2549805000,167627000,0.0,0.0,107166000,0.0,689673000,960170000,0.0,51230000,301452000,1312852000,0.0,2002525000,448000.0,3433282000,-509107000,0.0,547280000,2002525000,0.0,979847000,831160000,https://www.sec.gov/Archives/edgar/data/1037646/000103764618000006/0001037646-18-000006-index.html,https://www.sec.gov/Archives/edgar/data/1037646/000103764618000006/mtd10k12312017.htm
0,2017-09-30,MTD,2017-11-03 00:00:00,2017-11-03 09:35:54,Q3,169086000,0.0,169086000,483167000,263527000,70784000,986564000,0.0,538418000,229975000,768393000,0.0,43103000,57430000,1510635000,70784000,2497199000,148521000,0.0,0.0,123730000,0.0,652358000,1050681000,0.0,31090000,250091000,1331862000,0.0,1984220000,448000.0,3360315000,0.0,0.0,512979000,1984220000,0.0,1069214000,900128000,https://www.sec.gov/Archives/edgar/data/1037646/000103764617000025/0001037646-17-000025-index.html,https://www.sec.gov/Archives/edgar/data/1037646/000103764617000025/mtd10q93017.htm
0,2017-06-30,MTD,2017-07-28 00:00:00,2017-07-28 09:54:28,Q2,146334000,0.0,146334000,448098000,253734000,65587000,913753000,0.0,483757000,164134000,647891000,0.0,39326000,46080000,1334197000,65587000,2247950000,143607000,0.0,0.0,126190000,0.0,588809000,947781000,0.0,37106000,212335000,1197222000,0.0,1786031000,448000.0,3256684000,0.0,0.0,461919000,1786031000,0.0,969389000,823055000,https://www.sec.gov/Archives/edgar/data/1037646/000103764617000021/0001037646-17-000021-index.html,https://www.sec.gov/Archives/edgar/data/1037646/000103764617000021/mtd10q63017.htm
0,2017-03-31,MTD,2017-05-05 00:00:00,2017-05-05 09:13:11,Q1,164893000,0.0,164893000,439413000,242375000,66184000,912865000,0.0,478652000,165476000,644128000,0.0,38027000,36686000,1290899000,66184000,2203764000,137827000,0.0,0.0,132930000,0.0,561162000,944211000,0.0,56852000,201687000,1202750000,0.0,1763912000,448000.0,3157257000,0.0,0.0,439852000,1763912000,0.0,963687000,798794000,https://www.sec.gov/Archives/edgar/data/1037646/000103764617000009/0001037646-17-000009-index.html,https://www.sec.gov/Archives/edgar/data/1037646/000103764617000009/mtd_10qx3312017.htm
0,2016-12-31,MTD,2017-02-02 00:00:00,2017-02-02 17:24:53,Q4,158674000,0.0,158674000,454988000,222047000,61075000,896784000,0.0,476378000,167055000,643433000,0.0,33951000,28902000,1269993000,61075000,2166777000,146593000,0.0,0.0,100330000,0.0,587515000,875056000,0.0,64306000,204957000,1144319000,0.0,1731834000,448000.0,3065708000,-459470000,0.0,434943000,1731834000,0.0,894030000,735356000,https://www.sec.gov/Archives/edgar/data/1037646/000103764617000004/0001037646-17-000004-index.html,https://www.sec.gov/Archives/edgar/data/1037646/000103764617000004/mtd_10kx12312016.htm
0,2016-09-30,MTD,2016-11-04 00:00:00,2016-11-04 10:15:00,Q3,146133000,0.0,146133000,414607000,239985000,73748000,946102000,0.0,482144000,169117000,651261000,0.0,22734000,73406000,1274878000,73748000,2220980000,129650000,0.0,0.0,113340000,0.0,620849000,826022000,0.0,65341000,208251000,1099614000,0.0,1720463000,448000.0,2934167000,0.0,0.0,500517000,1720463000,0.0,847801000,701668000,https://www.sec.gov/Archives/edgar/data/1037646/000103764616000066/0001037646-16-000066-index.html,https://www.sec.gov/Archives/edgar/data/1037646/000103764616000066/mtd10q93016.htm
0,2016-06-30,MTD,2016-07-29,2016-07-29 09:33:18,Q2,114646000,0.0,114646000,407972000,234006000,72696000,900260000,0.0,444278000,114002000,558280000,0.0,22958000,65937000,1161487000,72696000,2061747000,131888000,0.0,0.0,117906000,0.0,591108000,693263000,0.0,78034000,207380000,978677000,0.0,1569785000,448000.0,2834772000,0.0,0.0,491962000,1569785000,0.0,714208000,599562000,https://www.sec.gov/Archives/edgar/data/1037646/000103764616000062/mtd10q63016.htm,https://www.sec.gov/Archives/edgar/data/1037646/000103764616000062/mtd10q63016.htm
0,2016-03-31,MTD,2016-05-06 00:00:00,2016-05-06 09:32:57,Q1,110595000,0.0,110595000,387296000,227323000,71446000,866699000,0.0,448183000,115990000,564173000,0.0,23275000,59630000,1168574000,71446000,2035273000,120536000,0.0,0.0,102771000,0.0,544792000,681872000,0.0,64089000,201187000,947148000,0.0,1491940000,448000.0,2756453000,0.0,0.0,543333000,1491940000,0.0,699253000,588658000,https://www.sec.gov/Archives/edgar/data/1037646/000103764616000051/0001037646-16-000051-index.html,https://www.sec.gov/Archives/edgar/data/1037646/000103764616000051/mtd_10qx3312016.htm
0,2015-12-31,MTD,2016-02-04 00:00:00,2016-02-04 17:18:58,Q4,98887000,0.0,98887000,411420000,214383000,70642000,862815000,0.0,446284000,115252000,561536000,0.0,22873000,54032000,1155670000,70642000,2018485000,142075000,0.0,0.0,88829000,0.0,595127000,576984000,0.0,71365000,194552000,842901000,0.0,1438028000,448000.0,2692317000,-436995000,0.0,580457000,1438028000,0.0,591472000,492585000,https://www.sec.gov/Archives/edgar/data/1037646/000103764616000043/0001037646-16-000043-index.html,https://www.sec.gov/Archives/edgar/data/1037646/000103764616000043/mtd_10kx12312015.htm
0,2015-09-30,MTD,2015-11-06 00:00:00,2015-11-06 09:03:28,Q3,123299000,0.0,123299000,390540000,225542000,66180000,868315000,0.0,448342000,114355000,562697000,0.0,27206000,81760000,1185231000,66180000,2053546000,136565000,0.0,0.0,88547000,0.0,593415000,601731000,0.0,63883000,208165000,873779000,0.0,1467194000,448000.0,2576218000,0.0,0.0,586352000,1467194000,0.0,622792000,499493000,https://www.sec.gov/Archives/edgar/data/1037646/000103764615000034/0001037646-15-000034-index.html,https://www.sec.gov/Archives/edgar/data/1037646/000103764615000034/mtd10q93015.htm
0,2015-06-30,MTD,2015-07-31 00:00:00,2015-07-31 09:08:15,Q2,149309000,0.0,149309000,402404000,223275000,74638000,912664000,0.0,442482000,109656000,552138000,0.0,27237000,82715000,1184285000,74638000,2096949000,138589000,0.0,0.0,98113000,0.0,579540000,605141000,0.0,55198000,202819000,863158000,0.0,1442698000,448000.0,2488992000,0.0,0.0,654251000,1442698000,0.0,628494000,479185000,https://www.sec.gov/Archives/edgar/data/1037646/000103764615000029/0001037646-15-000029-index.html,https://www.sec.gov/Archives/edgar/data/1037646/000103764615000029/mtd10q63015.htm
0,2015-03-31,MTD,2015-05-08 00:00:00,2015-05-08 09:04:29,Q1,75359000,0.0,75359000,382385000,218663000,75641000,814850000,0.0,437704000,110476000,548180000,0.0,26625000,75492000,1160815000,75641000,1975665000,131667000,0.0,0.0,98369000,0.0,637703000,409179000,0.0,60636000,202019000,671834000,0.0,1309537000,448000.0,2415802000,0.0,0.0,666128000,1309537000,0.0,523872000,448513000,https://www.sec.gov/Archives/edgar/data/1037646/000103764615000017/0001037646-15-000017-index.html,https://www.sec.gov/Archives/edgar/data/1037646/000103764615000017/mtd_10qx3312015.htm
0,2014-12-31,MTD,2015-02-06,2015-02-06 09:02:46,Q4,85263000,0.0,85263000,435648000,204531000,61647000,849430000,0.0,444085000,112784000,556869000,0.0,30273000,61076000,1159680000,61647000,2009110000,145896000,0.0,0.0,82219000,0.0,678890000,335790000,0.0,56727000,218108000,610625000,0.0,1289515000,448000.0,2357334000,-423310000,0.0,719595000,1289515000,0.0,451954000,366691000,https://www.sec.gov/Archives/edgar/data/1037646/000103764615000008/mtd_10kx12312014.htm,https://www.sec.gov/Archives/edgar/data/1037646/000103764615000008/mtd_10kx12312014.htm
0,2014-09-30,MTD,2014-11-07 00:00:00,2014-11-07 10:01:13,Q3,126311000,0.0,126311000,410900000,219714000,56573000,872912000,0.0,449539000,111214000,560753000,0.0,21241000,140458000,1234543000,56573000,2107455000,129172000,0.0,0.0,93014000,0.0,650884000,365007000,0.0,64751000,177873000,607631000,0.0,1258515000,448000.0,2243022000,0.0,0.0,848940000,1258515000,0.0,485032000,358721000,https://www.sec.gov/Archives/edgar/data/1037646/000103764614000029/0001037646-14-000029-index.html,https://www.sec.gov/Archives/edgar/data/1037646/000103764614000029/mtd10q9302014.htm
0,2014-06-30,MTD,2014-07-25 00:00:00,2014-07-25 09:00:59,Q2,111012000,0.0,111012000,427495000,224448000,64406000,886388000,0.0,457759000,114257000,572016000,0.0,22093000,141039000,1257032000,64406000,2143420000,140105000,0.0,0.0,97782000,0.0,640381000,345364000,0.0,61740000,188221000,595325000,0.0,1235706000,448000.0,2162428000,0.0,0.0,907714000,1235706000,0.0,466670000,355658000,https://www.sec.gov/Archives/edgar/data/1037646/000103764614000024/0001037646-14-000024-index.html,https://www.sec.gov/Archives/edgar/data/1037646/000103764614000024/mtd10q6302014.htm
0,2014-03-31,MTD,2014-05-09 00:00:00,2014-05-09 09:51:47,Q1,115804000,0.0,115804000,425161000,224420000,66015000,890105000,0.0,456942000,112919000,569861000,0.0,22204000,135281000,1245032000,66015000,2135137000,119128000,0.0,0.0,98564000,0.0,509195000,449582000,0.0,63122000,189634000,702338000,0.0,1211533000,448000.0,2091943000,0.0,0.0,923604000,1211533000,0.0,465837000,350033000,https://www.sec.gov/Archives/edgar/data/1037646/000103764614000011/0001037646-14-000011-index.html,https://www.sec.gov/Archives/edgar/data/1037646/000103764614000011/mtd_10qx3312014.htm
0,2013-12-31,MTD,2014-02-07,2014-02-07 11:21:18,Q4,111874000,0.0,111874000,466703000,210414000,67062000,913987000,0.0,455842000,114418000,570260000,0.0,24121000,130013000,1238832000,67062000,2152819000,145993000,0.0,0.0,83083000,0.0,564188000,395960000,0.0,64449000,193170000,653579000,0.0,1217767000,448000.0,2037420000,-418712000,0.0,935052000,1217767000,0.0,413027000,301153000,https://www.sec.gov/Archives/edgar/data/1037646/000103764614000005/mtd_10kx12312013.htm,https://www.sec.gov/Archives/edgar/data/1037646/000103764614000005/mtd_10kx12312013.htm
0,2013-09-30,MTD,2013-11-08 00:00:00,2013-11-08 09:31:15,Q3,92222000,0.0,92222000,402708000,219178000,74409000,848875000,0.0,452099000,114012000,566111000,0.0,126061000,105692000,1295141000,74409000,2144016000,120665000,0.0,0.0,81896000,0.0,538975000,384871000,0.0,139549000,232979000,757399000,0.0,1296374000,448000.0,1935087000,0.0,0.0,847642000,1296374000,0.0,400890000,308668000,https://www.sec.gov/Archives/edgar/data/1037646/000103764613000033/0001037646-13-000033-index.html,https://www.sec.gov/Archives/edgar/data/1037646/000103764613000033/mtd_10qx9302013.htm
0,2013-06-30,MTD,2013-07-26 00:00:00,2013-07-26 10:11:23,Q2,120217000,0.0,120217000,418031000,203288000,74696000,875376000,0.0,447166000,114496000,561662000,0.0,125090000,97259000,1258061000,74696000,2133437000,122755000,0.0,0.0,85142000,0.0,509026000,443727000,0.0,138233000,231349000,813309000,0.0,1322335000,448000.0,1863514000,0.0,0.0,811102000,1322335000,0.0,461658000,341441000,https://www.sec.gov/Archives/edgar/data/1037646/000103764613000022/0001037646-13-000022-index.html,https://www.sec.gov/Archives/edgar/data/1037646/000103764613000022/mtd_10qx6302013.htm
0,2013-03-31,MTD,2013-05-03 00:00:00,2013-05-03 09:47:37,Q1,93209000,0.0,93209000,410650000,199574000,66869000,828938000,0.0,445709000,115489000,561198000,0.0,125723000,88582000,1241668000,66869000,2070606000,116678000,0.0,0.0,82418000,0.0,478295000,421913000,0.0,137846000,232330000,792089000,0.0,1270384000,448000.0,1798295000,0.0,0.0,800222000,1270384000,0.0,439872000,346663000,https://www.sec.gov/Archives/edgar/data/1037646/000103764613000013/0001037646-13-000013-index.html,https://www.sec.gov/Archives/edgar/data/1037646/000103764613000013/mtd_10qx3312013.htm
0,2012-12-31,MTD,2013-02-08 00:00:00,2013-02-08 15:57:28,Q4,101702000,0.0,101702000,437390000,198939000,69199000,864920000,0.0,452351000,117564000,569915000,0.0,127110000,86034000,1252480000,69199000,2117400000,142362000,0.0,0.0,71435000,0.0,562677000,347131000,0.0,139487000,240886000,727504000,0.0,1290181000,448000.0,1749451000,-380005000,0.0,827219000,1290181000,0.0,388731000,287029000,https://www.sec.gov/Archives/edgar/data/1037646/000103764613000005/0001037646-13-000005-index.html,https://www.sec.gov/Archives/edgar/data/1037646/000103764613000005/mtd_10kx12312012.htm
0,2012-09-30,MTD,2012-11-02 00:00:00,2012-11-02 14:44:40,Q3,105374000,0.0,105374000,406570000,214893000,58880000,838363000,0.0,451016000,118431000,569447000,0.0,114964000,93607000,1223042000,58880000,2061405000,129982000,0.0,0.0,84769000,0.0,555238000,379060000,0.0,121863000,207000000,707923000,0.0,1263161000,448000.0,1653715000,0.0,0.0,798244000,1263161000,0.0,415630000,310256000,https://www.sec.gov/Archives/edgar/data/1037646/000103764612000055/0001037646-12-000055-index.html,https://www.sec.gov/Archives/edgar/data/1037646/000103764612000055/mtd_10qx9302012.htm
0,2012-06-30,MTD,2012-07-27 00:00:00,2012-07-27 10:28:40,Q2,134766000,0.0,134766000,397238000,217231000,60250000,860976000,0.0,446280000,118439000,564719000,0.0,114651000,87614000,1194650000,60250000,2055626000,129988000,0.0,0.0,95691000,0.0,523002000,431730000,0.0,120664000,205256000,757650000,0.0,1280652000,448000.0,1584074000,0.0,0.0,774974000,1280652000,0.0,458805000,324039000,https://www.sec.gov/Archives/edgar/data/1037646/000103764612000044/0001037646-12-000044-index.html,https://www.sec.gov/Archives/edgar/data/1037646/000103764612000044/mtd_10qx6302012.htm
0,2012-03-31,MTD,2012-05-04,2012-05-04 10:30:25,Q1,156192000,0.0,156192000,389118000,238176000,0.0,905582000,0.0,451678000,120454000,572132000,0.0,116082000,93901000,1207861000,0.0,2113443000,131984000,0.0,0.0,99706000,0.0,525419000,444858000,0.0,122983000,213210000,781051000,0.0,1306470000,448000.0,1523075000,0.0,0.0,806973000,1306470000,0.0,473675000,317483000,https://www.sec.gov/Archives/edgar/data/1037646/000103764612000027/mtd_10qx3312012.htm,https://www.sec.gov/Archives/edgar/data/1037646/000103764612000027/mtd_10qx3312012.htm
0,2011-12-31,MTD,2012-02-13 00:00:00,2012-02-13 15:30:17,Q4,235601000,0.0,235601000,425147000,241421000,0.0,1018863000,0.0,447743000,121410000,569153000,0.0,118899000,86552000,1184611000,0.0,2203474000,168109000,0.0,0.0,99584000,0.0,609844000,476715000,0.0,125833000,209945000,812493000,0.0,1422337000,448000.0,1476550000,-340745000,0.0,781137000,1422337000,0.0,505015000,269414000,https://www.sec.gov/Archives/edgar/data/1037646/000103764612000011/0001037646-12-000011-index.html,https://www.sec.gov/Archives/edgar/data/1037646/000103764612000011/mtd_10kx12312011.htm
0,2011-09-30,MTD,2011-11-04 00:00:00,2011-11-04 09:25:58,Q3,262473000,0.0,262473000,398402000,265351000,0.0,1053146000,0.0,452158000,123907000,576065000,0.0,99280000,158790000,1242291000,0.0,2295437000,167919000,0.0,0.0,103169000,0.0,617283000,550554000,0.0,130354000,177837000,858745000,0.0,1476028000,448000.0,1391781000,0.0,0.0,819409000,1476028000,0.0,581697000,319224000,https://www.sec.gov/Archives/edgar/data/1037646/000144530511003229/0001445305-11-003229-index.html,https://www.sec.gov/Archives/edgar/data/1037646/000144530511003229/mtd_10qx9302011.htm
0,2011-06-30,MTD,2011-08-01 00:00:00,2011-08-01 11:07:47,Q2,328763000,0.0,328763000,382089000,268154000,0.0,1098169000,0.0,447599000,113686000,561285000,0.0,100264000,164689000,1243110000,0.0,2341279000,151499000,0.0,0.0,107247000,0.0,565995000,621359000,0.0,129907000,185613000,936879000,0.0,1502874000,448000.0,1325007000,0.0,0.0,838405000,1502874000,0.0,633985000,305222000,https://www.sec.gov/Archives/edgar/data/1037646/000095012311070887/0000950123-11-070887-index.html,https://www.sec.gov/Archives/edgar/data/1037646/000095012311070887/l42718e10vq.htm
0,2011-03-31,MTD,2011-05-05 00:00:00,2011-05-05 09:23:19,Q1,388102000,0.0,388102000,365578000,247190000,0.0,1117197000,0.0,444181000,113223000,557404000,0.0,97001000,146501000,1181649000,0.0,2298846000,134257000,0.0,0.0,103380000,0.0,524413000,677833000,0.0,126664000,180959000,985456000,0.0,1509869000,448000.0,1267325000,0.0,0.0,788977000,1509869000,0.0,700416000,312314000,https://www.sec.gov/Archives/edgar/data/1037646/000095012311045223/0000950123-11-045223-index.html,https://www.sec.gov/Archives/edgar/data/1037646/000095012311045223/l42326e10vq.htm
0,2010-12-31,MTD,2011-02-16,2011-02-16 09:15:15,Q4,447577000,0.0,447577000,368936000,217104000,0.0,1144895000,0.0,434699000,104372000,539071000,0.0,95996000,138629000,1138168000,0.0,2283063000,138105000,0.0,0.0,86746000,0.0,542186000,670301000,0.0,124523000,174469000,969293000,0.0,1511479000,448000.0,1223130000,-318342000,0.0,771584000,1511479000,0.0,681203000,233626000,https://www.sec.gov/Archives/edgar/data/1037646/000095012311014519/l41517e10vk.htm,https://www.sec.gov/Archives/edgar/data/1037646/000095012311014519/l41517e10vk.htm
0,2010-09-30,MTD,2010-11-05 00:00:00,2010-11-05 09:05:09,Q3,142884000,0.0,142884000,331954000,215316000,0.0,786729000,0.0,448332000,106351000,554683000,0.0,101776000,129636000,1120898000,0.0,1907627000,121339000,0.0,0.0,93783000,0.0,606024000,245866000,0.0,119863000,180331000,546060000,0.0,1152084000,448000.0,1153015000,0.0,0.0,755543000,1152084000,0.0,335216000,192332000,https://www.sec.gov/Archives/edgar/data/1037646/000095012310101365/0000950123-10-101365-index.html,https://www.sec.gov/Archives/edgar/data/1037646/000095012310101365/l40666e10vq.htm
0,2010-06-30,MTD,2010-07-23 00:00:00,2010-07-23 09:58:04,Q2,111591000,0.0,111591000,310071000,185173000,0.0,690863000,0.0,439270000,106825000,546095000,0.0,92306000,113924000,1054931000,0.0,1745794000,110971000,0.0,0.0,86473000,0.0,528973000,204247000,0.0,115581000,179801000,499629000,0.0,1028602000,448000.0,1092977000,0.0,0.0,717192000,1028602000,0.0,295084000,183493000,https://www.sec.gov/Archives/edgar/data/1037646/000095012310067532/0000950123-10-067532-index.html,https://www.sec.gov/Archives/edgar/data/1037646/000095012310067532/l39913e10vq.htm
0,2010-03-31,MTD,2010-04-30 00:00:00,2010-04-30 10:01:43,Q1,85883000,0.0,85883000,304121000,177047000,0.0,649769000,0.0,442528000,108205000,550733000,0.0,92902000,111369000,1065635000,0.0,1715404000,100927000,0.0,0.0,85392000,0.0,498921000,203870000,0.0,117117000,183679000,504666000,0.0,1003587000,448000.0,1045479000,0.0,0.0,711817000,1003587000,0.0,296636000,210753000,https://www.sec.gov/Archives/edgar/data/1037646/000095012310041267/0000950123-10-041267-index.html,https://www.sec.gov/Archives/edgar/data/1037646/000095012310041267/l39555e10vq.htm
0,2009-12-31,MTD,2010-02-09 00:00:00,2010-02-09 12:51:10,Q4,85031000,0.0,85031000,312998000,168042000,0.0,646107000,0.0,440950000,105284000,546234000,0.0,95688000,114424000,1072680000,0.0,1718787000,103160000,0.0,0.0,63292000,0.0,494675000,203590000,0.0,119791000,189593000,512974000,0.0,1007649000,448000.0,1009995000,-288717000,0.0,711138000,1007649000,0.0,293558000,208527000,https://www.sec.gov/Archives/edgar/data/1037646/000095012310010287/0000950123-10-010287-index.html,https://www.sec.gov/Archives/edgar/data/1037646/000095012310010287/l38617e10vk.htm
0,2009-09-30,MTD,2009-10-30 00:00:00,2009-10-30 09:08:43,Q3,113948000,0.0,113948000,284965000,164761000,0.0,648516000,0.0,431590000,94413000,526003000,0.0,93014000,109943000,1032179000,0.0,1680695000,92010000,0.0,0.0,70071000,0.0,424422000,318785000,0.0,110819000,175285000,604889000,0.0,1029311000,448000.0,946920000,0.0,0.0,651384000,1029311000,0.0,329437000,215489000,https://www.sec.gov/Archives/edgar/data/1037646/000095012309055266/0000950123-09-055266-index.html,https://www.sec.gov/Archives/edgar/data/1037646/000095012309055266/l37902e10vq.htm
0,2009-06-30,MTD,2009-07-24 00:00:00,2009-07-24 10:40:55,Q2,119726000,0.0,119726000,286296000,157849000,0.0,643595000,0.0,430229000,95019000,525248000,0.0,91313000,106545000,1014014000,0.0,1657609000,84553000,0.0,0.0,70354000,0.0,384970000,398464000,0.0,110189000,172698000,681351000,0.0,1066321000,448000.0,907040000,0.0,0.0,591288000,1066321000,0.0,404470000,284744000,https://www.sec.gov/Archives/edgar/data/1037646/000095012309025103/0000950123-09-025103-index.html,https://www.sec.gov/Archives/edgar/data/1037646/000095012309025103/l36933e10vq.htm
0,2009-03-31,MTD,2009-05-01 00:00:00,2009-05-01 09:06:59,Q1,130770000,0.0,130770000,288893000,158212000,0.0,651899000,0.0,419518000,95665000,515183000,0.0,86628000,93332000,969897000,0.0,1621796000,77976000,0.0,0.0,67063000,0.0,360644000,467653000,0.0,104496000,168380000,740529000,0.0,1101173000,448000.0,880357000,0.0,0.0,520623000,1101173000,0.0,477353000,346583000,https://www.sec.gov/Archives/edgar/data/1037646/000136231009006259/0001362310-09-006259-index.html,https://www.sec.gov/Archives/edgar/data/1037646/000136231009006259/c84559e10vq.htm
0,2008-12-31,MTD,2009-02-13 00:00:00,2009-02-13 15:08:35,Q4,78073000,0.0,78073000,348614000,170613000,37809000,670865000,0.0,424426000,96295000,520721000,0.0,92958000,92977000,991664000,37809000,1662529000,111442000,0.0,0.0,51665000,44507000,427598000,441588000,0.0,111048000,179048000,731684000,44507000,1159282000,448000.0,848489000,-259607000,0.0,503247000,1159282000,0.0,454080000,376007000,https://www.sec.gov/Archives/edgar/data/1037646/000095015209001389/0000950152-09-001389-index.html,https://www.sec.gov/Archives/edgar/data/1037646/000095015209001389/l35224ae10vk.htm
0,2008-09-30,MTD,2008-11-07 00:00:00,2008-11-07 09:14:48,Q3,111039000,0.0,111039000,340481000,194271000,43359000,732154000,0.0,437558000,97310000,534868000,0.0,68016000,141092000,1011612000,43359000,1743766000,107059000,0.0,0.0,65318000,69332000,472314000,495632000,0.0,102695000,162528000,760855000,69332000,1233169000,448000.0,789605000,-239421000,0.0,510597000,1233169000,0.0,519680000,408641000,https://www.sec.gov/Archives/edgar/data/1037646/000095015208008906/0000950152-08-008906-index.html,https://www.sec.gov/Archives/edgar/data/1037646/000095015208008906/l34457ae10vq.htm
0,2008-06-30,MTD,2008-07-25 00:00:00,2008-07-25 09:09:14,Q2,85524000,0.0,85524000,348274000,204482000,45007000,725932000,0.0,445739000,98745000,544484000,0.0,67080000,139631000,1022640000,45007000,1748572000,107229000,0.0,0.0,75885000,64240000,453432000,468511000,0.0,105472000,172438000,746421000,64240000,1199853000,448000.0,737619000,-239421000,0.0,548719000,1199853000,0.0,483212000,397688000,https://www.sec.gov/Archives/edgar/data/1037646/000095015208005634/0000950152-08-005634-index.html,https://www.sec.gov/Archives/edgar/data/1037646/000095015208005634/l32580ae10vq.htm
0,2008-03-31,MTD,2008-04-25 00:00:00,2008-04-25 09:17:22,Q1,80684000,0.0,80684000,342867000,199872000,48638000,709971000,0.0,447931000,99802000,547733000,0.0,67160000,157245000,1028397000,48638000,1738368000,106175000,0.0,0.0,78758000,49295000,427628000,471855000,0.0,107372000,172505000,751732000,49295000,1179360000,448000.0,-754598000,-239421000,0.0,559008000,1179360000,0.0,491549000,410865000,https://www.sec.gov/Archives/edgar/data/1037646/000095015208003018/0000950152-08-003018-index.html,https://www.sec.gov/Archives/edgar/data/1037646/000095015208003018/l31082ae10vq.htm
0,2007-12-31,MTD,2008-02-15,2008-02-15 09:22:54,Q4,81222000,0.0,81222000,354596000,173725000,36023000,683209000,0.0,440767000,100020000,540787000,0.0,65129000,139484000,995005000,36023000,1678214000,127109000,0.0,0.0,52703000,42438000,447773000,385072000,0.0,101500000,162583000,649155000,42438000,1096928000,448000.0,652236000,-239421000,0.0,581286000,1096928000,0.0,396642000,315420000,https://www.sec.gov/Archives/edgar/data/1037646/000095015208001167/l29980ae10vk.htm,https://www.sec.gov/Archives/edgar/data/1037646/000095015208001167/l29980ae10vk.htm
0,2007-09-30,MTD,2007-11-02 00:00:00,2007-11-02 09:51:04,Q3,75385000,0.0,75385000,299906000,171294000,34610000,619104000,0.0,438714000,100830000,539544000,0.0,71913000,89975000,938572000,34610000,1557676000,95942000,0.0,0.0,57733000,55994000,406107000,359290000,0.0,84305000,173980000,617575000,55994000,1023682000,448000.0,595968000,-213470000,0.0,533994000,1023682000,0.0,371802000,296417000,https://www.sec.gov/Archives/edgar/data/1037646/000095015207008500/0000950152-07-008500-index.html,https://www.sec.gov/Archives/edgar/data/1037646/000095015207008500/l28576ae10vq.htm
0,2007-06-30,MTD,2007-07-27 00:00:00,2007-07-27 09:02:33,Q2,99707000,0.0,99707000,300762000,163016000,33075000,632373000,0.0,434911000,101640000,536551000,0.0,0.0,154112000,920191000,33075000,1552564000,92936000,0.0,0.0,63903000,45524000,378741000,337861000,0.0,82317000,167778000,587956000,45524000,966697000,448000.0,553417000,-213470000,0.0,585867000,966697000,0.0,353013000,253306000,https://www.sec.gov/Archives/edgar/data/1037646/000095015207006122/0000950152-07-006122-index.html,https://www.sec.gov/Archives/edgar/data/1037646/000095015207006122/l27176ae10vq.htm
0,2007-03-31,MTD,2007-04-27 00:00:00,2007-04-27 11:17:47,Q1,95530000,0.0,95530000,290671000,160590000,31693000,612945000,0.0,434457000,102296000,536753000,0.0,69573000,84078000,921127000,31693000,1534072000,90315000,0.0,0.0,61823000,37467000,352870000,330916000,0.0,82683000,167317000,580916000,37467000,933786000,448000.0,515643000,-213470000,0.0,600286000,933786000,0.0,343262000,247732000,https://www.sec.gov/Archives/edgar/data/1037646/000095015207003584/0000950152-07-003584-index.html,https://www.sec.gov/Archives/edgar/data/1037646/000095015207003584/l25797ae10vq.htm
0,2006-12-31,MTD,2007-02-16,2007-02-16 11:57:48,Q4,151269000,0.0,151269000,306879000,148372000,30196000,669770000,0.0,432871000,102750000,535621000,0.0,69083000,83473000,917315000,30196000,1587085000,95971000,0.0,0.0,41553000,49607000,384379000,345705000,0.0,82613000,143526000,571844000,49607000,956223000,448000.0,493691000,-213470000,0.0,630862000,956223000,0.0,355667000,204398000,https://www.sec.gov/Archives/edgar/data/1037646/000095015207001252/l24266ae10vk.htm,https://www.sec.gov/Archives/edgar/data/1037646/000095015207001252/l24266ae10vk.htm
0,2006-09-30,MTD,2006-11-03,2006-11-03 09:03:51,Q3,195358000,0.0,195358000,270712000,160720000,29615000,688442000,0.0,431147000,103614000,534761000,0.0,64608000,54422000,874122000,29615000,1562564000,82599000,0.0,0.0,45445000,65369000,363375000,361418000,0.0,67438000,143866000,572722000,65369000,936097000,448000.0,522587000,-190208000,0.0,626467000,936097000,0.0,369156000,173798000,https://www.sec.gov/Archives/edgar/data/1037646/000095015206008742/l23041ae10vq.htm,https://www.sec.gov/Archives/edgar/data/1037646/000095015206008742/l23041ae10vq.htm
0,2006-06-30,MTD,,,Q2,246766000,0.0,246766000,265586000,162609000,27187000,735509000,0.0,428751000,104513000,533264000,0.0,75231000,53108000,881169000,27187000,1616678000,79818000,0.0,0.0,49254000,64835000,349375000,412787000,0.0,80635000,142116000,635538000,64835000,984913000,448000.0,475547000,-190208000,0.0,631765000,984913000,0.0,420988000,174222000,,
0,2006-03-31,MTD,2006-05-04,2006-05-04 09:13:41,Q1,263397000,0.0,263397000,249628000,156472000,28755000,729896000,0.0,423734000,105253000,528987000,0.0,73835000,50263000,868161000,28755000,1598057000,73933000,0.0,0.0,50601000,53380000,322095000,425133000,0.0,78716000,137363000,641212000,53380000,963307000,474000.0,440790000,-190208000,0.0,634750000,963307000,0.0,433496000,170099000,https://www.sec.gov/Archives/edgar/data/1037646/000103764606000003/t10q0306.htm,https://www.sec.gov/Archives/edgar/data/1037646/000103764606000003/t10q0306.htm
0,2005-12-31,MTD,2006-02-21,2006-02-21 15:46:35,Q4,324578000,0.0,324578000,271915000,150201000,23755000,800659000,0.0,0.0,528209000,528209000,0.0,73042000,49344000,869114000,23755000,1669773000,88553000,0.0,0.0,34803000,59015000,353456000,443795000,0.0,78360000,135160000,657315000,59015000,1010771000,469000.0,417075000,-190208000,0.0,659002000,1010771000,0.0,450140000,125562000,https://www.sec.gov/Archives/edgar/data/1037646/000095015206001354/l17872ae10vk.htm,https://www.sec.gov/Archives/edgar/data/1037646/000095015206001354/l17872ae10vk.htm
0,2005-09-30,MTD,2005-11-04,2005-11-04 09:04:54,Q3,94396000,0.0,94396000,250588000,152379000,26232000,553355000,0.0,0.0,529984000,529984000,0.0,72585000,49416000,870060000,26232000,1423415000,70581000,0.0,0.0,34557000,70471000,338728000,223990000,0.0,77907000,124977000,426874000,70471000,765602000,448000.0,351473000,-213577000,0.0,657813000,765602000,0.0,228378000,133982000,https://www.sec.gov/Archives/edgar/data/1037646/000103764605000009/t10q0905.htm,https://www.sec.gov/Archives/edgar/data/1037646/000103764605000009/t10q0905.htm
0,2005-06-30,MTD,2005-07-29,2005-07-29 06:09:55,Q2,103864000,0.0,103864000,253760000,148856000,26426000,561386000,0.0,0.0,530088000,530088000,0.0,77934000,47381000,873844000,26426000,1435230000,69663000,0.0,0.0,41870000,63868000,327097000,257473000,0.0,70709000,124518000,452700000,63868000,779797000,448000.0,330124000,-213577000,0.0,655433000,779797000,0.0,264669000,160805000,https://www.sec.gov/Archives/edgar/data/1037646/000103764605000007/t10q0605.htm,https://www.sec.gov/Archives/edgar/data/1037646/000103764605000007/t10q0605.htm
0,2005-03-31,MTD,2005-05-04,2005-05-04 07:32:50,Q1,67780000,0.0,67780000,259512000,156424000,0.0,545744000,0.0,0.0,556119000,556119000,0.0,71546000,48388000,905455000,0.0,1451199000,66157000,0.0,0.0,47201000,58684000,331530000,217421000,0.0,73280000,129295000,419996000,58684000,751526000,448000.0,313020000,-213577000,0.0,699673000,751526000,0.0,227772000,159992000,https://www.sec.gov/Archives/edgar/data/1037646/000103764605000004/t10q0305.htm,https://www.sec.gov/Archives/edgar/data/1037646/000103764605000004/t10q0305.htm
0,2004-12-31,MTD,2005-02-25 00:00:00,2005-02-25 13:30:08,Q4,67176000,0.0,67176000,271097000,156539000,30058000,552357000,0.0,0.0,560181000,560181000,0.0,72847000,51978000,927715000,30058000,1480072000,85129000,0.0,0.0,26176000,59556000,348246000,196290000,0.0,81927000,132723000,410940000,59556000,759186000,448000.0,293093000,-213577000,0.0,720886000,759186000,0.0,203203000,136027000,https://www.sec.gov/Archives/edgar/data/1037646/000095015205001513/0000950152-05-001513-index.html,https://www.sec.gov/Archives/edgar/data/1037646/000095015205001513/l12157ae10vk.htm
0,2004-09-30,MTD,2004-11-09 00:00:00,2004-11-09 16:39:18,Q3,54048000,0.0,54048000,239939000,156038000,31854000,509685000,0.0,0.0,548670000,548670000,0.0,40117000,60494000,873528000,31854000,1383213000,60259000,0.0,0.0,31317000,59735000,341752000,185323000,0.0,46020000,136316000,367659000,59735000,709411000,448000.0,266438000,-195083000,0.0,673802000,709411000,0.0,194835000,140787000,https://www.sec.gov/Archives/edgar/data/1037646/000103764604000007/0001037646-04-000007-index.html,https://www.sec.gov/Archives/edgar/data/1037646/000103764604000007/t10q0904.htm
0,2004-06-30,MTD,2004-08-09 00:00:00,2004-08-09 16:32:55,Q2,47613000,0.0,47613000,247423000,153292000,34850000,510654000,0.0,0.0,549507000,549507000,0.0,39949000,61604000,874783000,34850000,1385437000,66214000,0.0,0.0,36821000,54019000,345487000,172806000,0.0,46179000,133849000,352834000,54019000,698321000,448000.0,244745000,-195083000,0.0,687116000,698321000,0.0,191606000,143993000,https://www.sec.gov/Archives/edgar/data/1037646/000089534504000572/0000895345-04-000572-index.html,https://www.sec.gov/Archives/edgar/data/1037646/000089534504000572/form10q.txt
0,2004-03-31,MTD,2004-05-10 00:00:00,2004-05-10 16:46:55,Q1,44768000,0.0,44768000,239321000,153924000,36785000,502071000,0.0,0.0,548657000,548657000,0.0,39869000,59967000,872178000,36785000,1374249000,64472000,0.0,0.0,38666000,48317000,331119000,211425000,0.0,45592000,133608000,390625000,48317000,721744000,447000.0,218838000,-195083000,0.0,652505000,721744000,0.0,230298000,185530000,https://www.sec.gov/Archives/edgar/data/1037646/000103764604000002/0001037646-04-000002-index.html,https://www.sec.gov/Archives/edgar/data/1037646/000103764604000002/t10q0304.htm
0,2003-12-31,MTD,2004-03-15 00:00:00,2004-03-15 15:44:57,Q4,45116000,0.0,45116000,249353000,151764000,31660000,505537000,0.0,0.0,548814000,548814000,0.0,40683000,60730000,881739000,31660000,1387276000,68243000,0.0,0.0,0.0,72106000,327909000,223239000,0.0,46519000,135613000,405371000,72106000,733280000,446000.0,200216000,-195083000,0.0,653996000,733280000,0.0,241516000,196400000,https://www.sec.gov/Archives/edgar/data/1037646/000089534504000159/0000895345-04-000159-index.html,https://www.sec.gov/Archives/edgar/data/1037646/000089534504000159/tp10k.txt
0,2003-09-30,MTD,2003-11-13 00:00:00,2003-11-13 15:54:24,Q3,35395000,0.0,35395000,226697000,160881000,42047000,499405000,0.0,0.0,542403000,542403000,0.0,0.0,75226000,836923000,42047000,1336328000,58996000,0.0,0.0,0.0,74394000,582703000,1345000.0,0.0,36945000,137544000,175834000,74394000,758537000,445000.0,167275000,-155114000,0.0,577791000,758537000,0.0,258052000,222657000,https://www.sec.gov/Archives/edgar/data/1037646/000089534503000768/0000895345-03-000768-index.html,https://www.sec.gov/Archives/edgar/data/1037646/000089534503000768/form10q.txt
0,2003-06-30,MTD,2003-08-04 00:00:00,2003-08-04 13:42:17,Q2,35150000,0.0,35150000,225410000,166313000,37807000,498969000,0.0,0.0,541721000,541721000,0.0,0.0,74271000,835348000,37807000,1334317000,64265000,0.0,0.0,0.0,63712000,601654000,1435000.0,0.0,38386000,139228000,179049000,63712000,780703000,444000.0,143093000,-155114000,0.0,553614000,780703000,0.0,291345000,256195000,https://www.sec.gov/Archives/edgar/data/1037646/000103764603000008/0001037646-03-000008-index.html,https://www.sec.gov/Archives/edgar/data/1037646/000103764603000008/t10q0603.htm
0,2003-03-31,MTD,2003-05-14 00:00:00,2003-05-14 15:41:28,Q1,32021000,0.0,32021000,221181000,156713000,36343000,480021000,0.0,0.0,535032000,535032000,0.0,0.0,73176000,824406000,36343000,1304427000,62735000,0.0,0.0,0.0,56852000,357715000,259477000,0.0,37674000,133628000,430779000,56852000,788494000,444000.0,117313000,-155114000,0.0,515933000,788494000,0.0,309899000,277878000,https://www.sec.gov/Archives/edgar/data/1037646/000089534503000322/0000895345-03-000322-index.html,https://www.sec.gov/Archives/edgar/data/1037646/000089534503000322/tp10q.txt
0,2002-12-31,MTD,2003-03-14 00:00:00,2003-03-14 12:41:34,Q4,31427000,0.0,31427000,231673000,150441000,28603000,475727000,0.0,0.0,537792000,537792000,0.0,0.0,72120000,827666000,28603000,1303393000,73072000,0.0,0.0,0.0,66511000,367664000,262093000,0.0,37650000,133600000,433343000,66511000,801007000,444000.0,104378000,-155114000,0.0,502386000,801007000,0.0,312671000,281244000,https://www.sec.gov/Archives/edgar/data/1037646/000089534503000148/0000895345-03-000148-index.html,https://www.sec.gov/Archives/edgar/data/1037646/000089534503000148/tp10k.txt
0,2002-09-30,MTD,2002-11-14 00:00:00,2002-11-14 11:38:59,Q3,28282000,0.0,28282000,221437000,150729000,39051000,439499000,0.0,414182000,130287000,544469000,0.0,0.0,55969000,808474000,39051000,1247973000,54370000,0.0,0.0,0.0,47919000,338684000,280571000,0.0,26158000,127077000,433806000,47919000,772490000,443000.0,73086000,-109176000,0.0,475483000,772490000,0.0,331198000,302916000,https://www.sec.gov/Archives/edgar/data/1037646/000089534502000565/0000895345-02-000565-index.html,https://www.sec.gov/Archives/edgar/data/1037646/000089534502000565/tp10q_mettler.txt
0,2002-06-30,MTD,2002-08-14 00:00:00,2002-08-14 11:28:44,Q2,23875000,0.0,23875000,230071000,153844000,0.0,449941000,0.0,411779000,131134000,542913000,0.0,0.0,54014000,808418000,0.0,1258359000,58313000,0.0,0.0,0.0,52754000,350410000,304444000,0.0,26403000,125944000,456791000,52754000,807201000,442000.0,50109000,-109176000,0.0,451158000,807201000,0.0,354883000,331008000,https://www.sec.gov/Archives/edgar/data/1037646/000089534502000437/0000895345-02-000437-index.html,https://www.sec.gov/Archives/edgar/data/1037646/000089534502000437/tp10q.txt
0,2002-03-31,MTD,2002-05-14 00:00:00,2002-05-14 11:29:02,Q1,23461000,0.0,23461000,221090000,141246000,0.0,423813000,0.0,401895000,131980000,533875000,0.0,0.0,55607000,779834000,0.0,1203647000,54384000,0.0,0.0,0.0,75581000,336150000,318353000,0.0,23937000,117984000,460274000,75581000,796424000,441000.0,22631000,-109176000,0.0,407223000,796424000,0.0,368609000,345148000,https://www.sec.gov/Archives/edgar/data/1037646/000089534502000264/0000895345-02-000264-index.html,https://www.sec.gov/Archives/edgar/data/1037646/000089534502000264/tp10q_mettler.txt
0,2001-12-31,MTD,2002-03-04 00:00:00,2002-03-04 00:00:00,Q4,27721000,0.0,27721000,227295000,145621000,0.0,431758000,0.0,0.0,126524000,126524000,0.0,0.0,438858000,757654000,0.0,1189412000,66327000,0.0,0.0,0.0,119737000,347587000,309479000,0.0,25053000,119109000,453641000,119737000,801228000,441000.0,3957000.0,-109176000,0.0,388184000,801228000,0.0,359718000,331997000,https://www.sec.gov/Archives/edgar/data/1037646/000089534502000103/0000895345-02-000103-index.html,https://www.sec.gov/Archives/edgar/data/1037646/000089534502000103/tp10k.txt
0,2001-09-30,MTD,2001-11-14 00:00:00,2001-11-14 00:00:00,Q3,24708000,0.0,24708000,218550000,144799000,43753000,431810000,0.0,235255000,0.0,235255000,0.0,0.0,43575000,472100000,43753000,903910000,59142000,0.0,0.0,0.0,77569000,345450000,201094000,0.0,24750000,100474000,326318000,77569000,671768000,401000.0,-26743000,-85588000,0.0,232142000,671768000,0.0,251068000,226360000,https://www.sec.gov/Archives/edgar/data/1037646/000089534501500636/0000895345-01-500636-index.html,https://www.sec.gov/Archives/edgar/data/1037646/000089534501500636/tp10q.txt
0,2001-06-30,MTD,2001-08-15 00:00:00,2001-08-15 00:00:00,Q2,23212000,0.0,23212000,210031000,137412000,40636000,411291000,0.0,221023000,0.0,221023000,0.0,0.0,39982000,443993000,40636000,855284000,67898000,0.0,0.0,0.0,65618000,333869000,200493000,0.0,22939000,96366000,319798000,65618000,653667000,400000.0,-47127000,-85588000,0.0,201617000,653667000,0.0,250423000,227211000,https://www.sec.gov/Archives/edgar/data/1037646/000103764601500010/0001037646-01-500010-index.html,https://www.sec.gov/Archives/edgar/data/1037646/000103764601500010/doc1q06.txt
0,2001-03-31,MTD,2001-05-14 00:00:00,2001-05-14 00:00:00,Q1,22985000,0.0,22985000,204430000,142749000,41470000,411634000,0.0,222511000,0.0,222511000,0.0,0.0,36421000,447314000,41470000,858948000,68022000,0.0,0.0,0.0,58928000,320766000,226816000,0.0,24157000,94337000,345310000,58928000,666076000,396000.0,-53809000,-85588000,0.0,192872000,666076000,0.0,276894000,253909000,https://www.sec.gov/Archives/edgar/data/1037646/000103764601500007/0001037646-01-500007-index.html,https://www.sec.gov/Archives/edgar/data/1037646/000103764601500007/doc1q10.txt
0,2000-12-31,MTD,2001-03-22 00:00:00,2001-03-22 00:00:00,Q4,21725000,0.0,21725000,212570000,141677000,47367000,423339000,0.0,0.0,228035000,228035000,0.0,0.0,36820000,464243000,47367000,887582000,80513000,0.0,0.0,0.0,218080000,349153000,237807000,0.0,25939000,95843000,359589000,218080000,708742000,393000.0,-68307000,-85588000,0.0,178840000,708742000,0.0,288367000,266642000,https://www.sec.gov/Archives/edgar/data/1037646/000103764601500005/0001037646-01-500005-index.html,https://www.sec.gov/Archives/edgar/data/1037646/000103764601500005/doc1k10.txt
0,2000-09-30,MTD,2000-11-15 00:00:00,2000-11-15 00:00:00,Q3,15683000,0.0,15683000,201765000,130717000,34090000,382255000,0.0,0.0,195129000,195129000,0.0,0.0,34649000,416251000,34090000,798506000,60266000,0.0,0.0,0.0,201669000,307718000,232944000,0.0,21928000,90330000,345202000,201669000,652920000,387000.0,-91607000,-74569000,0.0,145586000,652920000,0.0,278727000,263044000,https://www.sec.gov/Archives/edgar/data/1037646/000103764600000014/0001037646-00-000014-index.html,https://www.sec.gov/Archives/edgar/data/1037646/000103764600000014/0001037646-00-000014-0001.txt
0,2000-06-30,MTD,2000-08-15 00:00:00,2000-08-15 00:00:00,Q2,16051000,0.0,16051000,192671000,131328000,36133000,376183000,0.0,0.0,200392000,200392000,0.0,0.0,34983000,425921000,36133000,802104000,60392000,0.0,0.0,0.0,202855000,312186000,235873000,0.0,22666000,98184000,356723000,202855000,668909000,387000.0,-108741000,-74569000,0.0,133195000,668909000,0.0,284812000,268761000,https://www.sec.gov/Archives/edgar/data/1037646/000103764600000011/0001037646-00-000011-index.html,https://www.sec.gov/Archives/edgar/data/1037646/000103764600000011/0001037646-00-000011-0001.txt
0,2000-03-31,MTD,2000-05-15 00:00:00,2000-05-15 00:00:00,Q1,18378000,0.0,18378000,192169000,124828000,30142000,365517000,0.0,0.0,208434000,208434000,0.0,0.0,28794000,428541000,30142000,794058000,58286000,0.0,0.0,0.0,198370000,303627000,252876000,0.0,21778000,98999000,373653000,198370000,677280000,387000.0,-126672000,-66315000,0.0,116778000,677280000,0.0,299847000,281469000,https://www.sec.gov/Archives/edgar/data/1037646/000103764600000007/0001037646-00-000007-index.html,https://www.sec.gov/Archives/edgar/data/1037646/0001037646-00-000007.txt
0,1999-12-31,MTD,2000-03-24 00:00:00,2000-03-24 00:00:00,Q4,17200000,0.0,17200000,203800000,123900000,43000000,387900000,0.0,0.0,204300000,204300000,0.0,0.0,29000000,433000000,43000000,820900000,81200000,0.0,0.0,0.0,208100000,336200000,249700000,0.0,22700000,100300000,372700000,208100000,708900000,400000.0,-138400000,-69000000,0.0,112000000,708900000,0.0,296600000,279400000,https://www.sec.gov/Archives/edgar/data/1037646/000103764600000004/0001037646-00-000004-index.html,https://www.sec.gov/Archives/edgar/data/1037646/0001037646-00-000004.txt
0,1999-09-30,MTD,1999-11-15 00:00:00,1999-11-15 00:00:00,Q3,14900000,0.0,14900000,190700000,120700000,42600000,368900000,0.0,0.0,214800000,214800000,0.0,0.0,22600000,441900000,42600000,810800000,59000000,0.0,0.0,0.0,193500000,299700000,284300000,0.0,22800000,108800000,415900000,193500000,715600000,400000.0,-151300000,-72000000,0.0,95200000,715600000,0.0,331500000,316600000,https://www.sec.gov/Archives/edgar/data/1037646/000103764699000014/0001037646-99-000014-index.html,https://www.sec.gov/Archives/edgar/data/1037646/0001037646-99-000014.txt
0,1999-06-30,MTD,1999-08-16 00:00:00,1999-08-16 00:00:00,Q2,13400000,0.0,13400000,189100000,121700000,43400000,367600000,0.0,0.0,211800000,211800000,0.0,0.0,21200000,439300000,43400000,806900000,54200000,0.0,0.0,0.0,192100000,294400000,303400000,0.0,22700000,102400000,428500000,192100000,722900000,0.0,-165000000,-60300000,0.0,79600000,722900000,0.0,351500000,338100000,https://www.sec.gov/Archives/edgar/data/1037646/000103764699000012/0001037646-99-000012-index.html,https://www.sec.gov/Archives/edgar/data/1037646/0001037646-99-000012.txt
0,1999-03-31,MTD,1999-05-07 00:00:00,1999-05-07 00:00:00,Q1,16300000,0.0,16300000,174900000,111400000,28000000,330600000,0.0,0.0,206200000,206200000,0.0,0.0,18600000,434800000,28000000,765400000,47400000,0.0,0.0,0.0,169000000,263100000,310600000,0.0,23500000,100100000,434200000,169000000,697300000,0.0,-178500000,-53300000,0.0,63800000,697300000,0.0,357300000,341000000,https://www.sec.gov/Archives/edgar/data/1037646/000103764699000008/0001037646-99-000008-index.html,https://www.sec.gov/Archives/edgar/data/1037646/0001037646-99-000008.txt
0,1998-12-31,MTD,1999-03-18 00:00:00,1999-03-18 00:00:00,Q4,21200000,0.0,21200000,178500000,112100000,46400000,358200000,0.0,0.0,213800000,213800000,0.0,0.0,18100000,462200000,46400000,820400000,58700000,0.0,0.0,0.0,188300000,293400000,340200000,0.0,25600000,103200000,469000000,188300000,762400000,0.0,-186500000,-55300000,0.0,53800000,762400000,0.0,386600000,365400000,https://www.sec.gov/Archives/edgar/data/1037646/000103764699000004/0001037646-99-000004-index.html,https://www.sec.gov/Archives/edgar/data/1037646/0001037646-99-000004.txt
0,1998-09-30,MTD,1998-11-16 00:00:00,1998-11-16 00:00:00,Q3,15600000,0.0,15600000,164900000,110000000,30700000,321200000,0.0,0.0,191000000,191000000,0.0,0.0,23200000,443000000,30700000,764200000,37200000,0.0,0.0,0.0,173900000,269300000,320200000,0.0,26300000,102000000,448500000,173900000,717800000,0.0,-203400000,-56000000,0.0,42900000,717800000,0.0,378400000,362800000,https://www.sec.gov/Archives/edgar/data/1037646/000103764698000008/0001037646-98-000008-index.html,https://www.sec.gov/Archives/edgar/data/1037646/0001037646-98-000008.txt
0,1998-06-30,MTD,1998-08-12 00:00:00,1998-08-12 00:00:00,Q2,14500000,0.0,14500000,161500000,100900000,29500000,306400000,0.0,0.0,182800000,182800000,0.0,0.0,22000000,425400000,29500000,731800000,33600000,0.0,0.0,0.0,168000000,258000000,303200000,0.0,24400000,95400000,423000000,168000000,681000000,0.0,-205900000,-46600000,0.0,47300000,681000000,0.0,359600000,345100000,https://www.sec.gov/Archives/edgar/data/1037646/000089534598000451/0000895345-98-000451-index.html,https://www.sec.gov/Archives/edgar/data/1037646/0000895345-98-000451.txt
0,1998-03-31,MTD,1998-05-06 00:00:00,1998-05-06 00:00:00,Q1,21300000,0.0,21300000,152400000,101000000,32200000,306900000,0.0,0.0,182300000,182300000,0.0,0.0,21700000,428200000,32200000,735100000,32200000,0.0,0.0,0.0,175900000,263100000,319200000,0.0,24100000,91200000,434500000,175900000,697600000,0.0,-217300000,-39200000,0.0,33900000,697600000,0.0,374200000,352900000,https://www.sec.gov/Archives/edgar/data/1037646/000089534598000273/0000895345-98-000273-index.html,https://www.sec.gov/Archives/edgar/data/1037646/0000895345-98-000273.txt
0,1997-12-31,MTD,1998-03-13 00:00:00,1998-03-13 00:00:00,Q4,23600000,0.0,23600000,153600000,101000000,31700000,309900000,235300000,183300000,0.0,183300000,0.0,25400000,20900000,439400000,20900000,749300000,39300000,0.0,0.0,0.0,33300000,263600000,340300000,0.0,0.0,91000000,460300000,91000000,723900000,400000.0,-224200000,-71000000,-35500000,25400000,749300000,0.0,396800000,373200000,https://www.sec.gov/Archives/edgar/data/1037646/000089534598000141/0000895345-98-000141-index.html,https://www.sec.gov/Archives/edgar/data/1037646/0000895345-98-000141.txt
