,date,symbol,fillingDate,acceptedDate,period,cashAndCashEquivalents,shortTermInvestments,cashAndShortTermInvestments,netReceivables,inventory,otherCurrentAssets,totalCurrentAssets,propertyPlantEquipmentNet,goodwill,intangibleAssets,goodwillAndIntangibleAssets,longTermInvestments,taxAssets,otherNonCurrentAssets,totalNonCurrentAssets,otherAssets,totalAssets,accountPayables,shortTermDebt,taxPayables,deferredRevenue,otherCurrentLiabilities,totalCurrentLiabilities,longTermDebt,deferredRevenueNonCurrent,deferredTaxLiabilitiesNonCurrent,otherNonCurrentLiabilities,totalNonCurrentLiabilities,otherLiabilities,totalLiabilities,commonStock,retainedEarnings,accumulatedOtherComprehensiveIncomeLoss,othertotalStockholdersEquity,totalStockholdersEquity,totalLiabilitiesAndStockholdersEquity,totalInvestments,totalDebt,netDebt,link,finalLink
0,2020-01-31,ADXSW,2020-03-13,2020-03-13 16:10:42,Q1,34156000,0.0,34156000,0.0,0.0,2997000.0,37153000,4121000.0,0.0,4490000.0,4490000.0,0.0,0.0,5584000.0,14195000,5584000.0,51348000,444000.0,857000.0,0.0,0.0,2711000.0,4012000.0,5788000.0,0.0,0.0,0.0,5788000.0,0.0,9800000.0,60000.0,-392126000,0.0,433614000,41548000,51348000,0.0,6645000.0,-27511000,https://www.sec.gov/Archives/edgar/data/1100397/000149315220003900/0001493152-20-003900-index.htm,https://www.sec.gov/Archives/edgar/data/1100397/000149315220003900/form10-q.htm
0,2019-10-31,ADXSW,2019-12-20,2019-12-20 16:03:18,Q4,32363000,0.0,32363000,0.0,0.0,3786000.0,36149000,4350000.0,0.0,4575000.0,4575000.0,0.0,1610000.0,-1427000.0,9108000.0,183000.0,45257000,976000.0,48000.0,0.0,0.0,3497000.0,4521000.0,3478000.0,0.0,1610000.0,1205000.0,2815000.0,0.0,5726000.0,50000.0,-384269000,0.0,423750000,39531000,45257000,0.0,48000.0,-32315000,https://www.sec.gov/Archives/edgar/data/1100397/000149315219019523/0001493152-19-019523-index.htm,https://www.sec.gov/Archives/edgar/data/1100397/000149315219019523/form10-k.htm
0,2019-07-31,ADXSW,2019-09-09,2019-09-09 16:01:24,Q3,41755000,0.0,41755000,0.0,0.0,3738000.0,45493000,5592000.0,0.0,4768000.0,4768000.0,0.0,0.0,280000.0,10640000,280000.0,56133000,2010000.0,48000.0,0.0,0.0,3612000.0,5670000.0,3576000.0,0.0,0.0,1194000.0,1194000.0,0.0,6864000.0,20000.0,-374081000,0.0,423330000,49269000,56133000,0.0,48000.0,-41707000,https://www.sec.gov/Archives/edgar/data/1100397/000149315219013861/0001493152-19-013861-index.htm,https://www.sec.gov/Archives/edgar/data/1100397/000149315219013861/form10-q.htm
0,2019-04-30,ADXSW,2019-06-10,2019-06-10 16:01:28,Q2,33706000,0.0,33706000,0.0,0.0,4677000.0,38383000,6157000.0,0.0,4951000.0,4951000.0,0.0,0.0,280000.0,11388000,280000.0,49771000,1568000.0,48000.0,0.0,0.0,3802000.0,5418000.0,3589000.0,0.0,0.0,1183000.0,1183000.0,0.0,6601000.0,8000.0,-364223000,0.0,407385000,43170000,49771000,0.0,48000.0,-33658000,https://www.sec.gov/Archives/edgar/data/1100397/000149315219008929/0001493152-19-008929-index.htm,https://www.sec.gov/Archives/edgar/data/1100397/000149315219008929/form10-q.htm
0,2019-01-31,ADXSW,2019-03-12,2019-03-12 16:01:38,Q1,32710000,0.0,32710000,1521000.0,0.0,4343000.0,38574000,6444000.0,0.0,5005000.0,5005000.0,0.0,0.0,280000.0,11729000,280000.0,50303000,3201000.0,48000.0,0.0,347000.0,8036000.0,11632000,3928000.0,0.0,0.0,1171000.0,1171000.0,0.0,12803000,70000.0,-354840000,0.0,392270000,37500000,50303000,0.0,48000.0,-32662000,https://www.sec.gov/Archives/edgar/data/1100397/000149315219003181/0001493152-19-003181-index.htm,https://www.sec.gov/Archives/edgar/data/1100397/000149315219003181/form10-q.htm
0,2018-10-31,ADXSW,2019-01-11,2019-01-11 16:31:42,Q4,44141000,0.0,44141000,0.0,0.0,6324000.0,50465000,6684000.0,0.0,4838000.0,4838000.0,0.0,1898000.0,-1618000.0,11802000,280000.0,62267000,5646000.0,48000.0,0.0,4476000.0,12702000,22872000,6185000.0,14189000,1898000.0,1155000.0,17242000,0.0,38216000,70000.0,-367657000,0.0,391638000,24051000,62267000,0.0,48000.0,-44093000,https://www.sec.gov/Archives/edgar/data/1100397/000149315219000489/0001493152-19-000489-index.htm,https://www.sec.gov/Archives/edgar/data/1100397/000149315219000489/form10k.htm
0,2018-07-31,ADXSW,2018-09-10,2018-09-10 16:36:39,Q3,39434000,0.0,39434000,0.0,0.0,8346000.0,47780000,7513000.0,0.0,5277000.0,5277000.0,0.0,0.0,489000.0,13279000,489000.0,61059000,2842000.0,874000.0,0.0,4476000.0,3918000.0,12110000,3918000.0,15317000,0.0,301000.0,15618000,0.0,27728000,53000.0,-349059000,0.0,382337000,33331000,61059000,0.0,874000.0,-38560000,https://www.sec.gov/Archives/edgar/data/1100397/000149315218013055/0001493152-18-013055-index.htm,https://www.sec.gov/Archives/edgar/data/1100397/000149315218013055/form10-q.htm
0,2018-04-30,ADXSW,2018-06-07,2018-06-07 09:15:05,Q2,48876630,8988858.0,57865488,0.0,0.0,7610754.0,65476242,7748273.0,0.0,5352487.0,5352487.0,0.0,0.0,592598.0,13693358,592598000,79169600,7408687.0,47520.0,0.0,7163628.0,4236983.0,18856818,4236983000,13758091,0.0,1099373.0,14857464,0.0,33714282,52563.0,-335041765,0.0,380444520,45455318,79169600,8988858.0,47520.0,-48829110,https://www.sec.gov/Archives/edgar/data/1100397/000149315218008309/0001493152-18-008309-index.htm,https://www.sec.gov/Archives/edgar/data/1100397/000149315218008309/form10-q.htm
0,2018-01-31,ADXSW,2018-03-12,2018-03-12 16:02:16,Q1,25932403,32441933,58374336,0.0,0.0,5610717.0,63985053,7923612.0,0.0,4974995.0,4974995.0,0.0,0.0,558870.0,13457477,558870000,77442530,7088469.0,47520.0,0.0,7163628.0,7295575.0,21595192,7295575000,15504839,0.0,1071694.0,16576533,0.0,38171725,42283.0,-321634693,0.0,360863215,39270805,77442530,32441933,47520.0,-25884883,https://www.sec.gov/Archives/edgar/data/1100397/000149315218003234/0001493152-18-003234-index.htm,https://www.sec.gov/Archives/edgar/data/1100397/000149315218003234/form10-q.htm
0,2017-10-31,ADXSW,2017-12-21,2017-12-20 19:52:49,Q4,23899809,46398304,70298113,0.0,0.0,10944711,81242824,7111081.0,0.0,4856775.0,4856775.0,0.0,4452682.0,-4021584.0,12398954,431098000,93641778,5121406.0,47520.0,0.0,6995336.0,8700036.0,20864298,8700036000,0.0,2447000.0,1038555.0,3485555.0,15031758,39381611,41207.0,-301142227,0.0,355361187,54260167,93641778,46398304,47520.0,-23852289,https://www.sec.gov/Archives/edgar/data/1100397/000149315217014889/0001493152-17-014889-index.htm,https://www.sec.gov/Archives/edgar/data/1100397/000149315217014889/form10-k.htm
0,2017-07-31,ADXSW,2017-09-11,2017-09-11 16:31:23,Q3,15013455,74391856,89405311,226798.0,0.0,8251147.0,97883256,7337337.0,0.0,4942161.0,4942161.0,0.0,0.0,558914.0,12838412,558914000,110721668,2981478.0,294991000,0.0,12106973,6202680.0,21291131,6162454000,14130329,0.0,0.0,14130329,941016.0,36362476,40996.0,-277881078,0.0,352199274,74359192,110721668,74391856,6457445000,-15013455,https://www.sec.gov/Archives/edgar/data/1100397/000149315217010463/0001493152-17-010463-index.htm,https://www.sec.gov/Archives/edgar/data/1100397/000149315217010463/form10q.htm
0,2017-04-30,ADXSW,2017-06-06,2017-06-06 17:32:05,Q2,30024063,85300215,115324278,192298.0,0.0,10705108,126221684,6566061.0,0.0,4694269.0,4694269.0,0.0,0.0,412634.0,11672964,412634000,137894648,9698723.0,305047000,0.0,14047906,6132453.0,29879082,6092227000,15241016,0.0,0.0,15241016,895140.0,46015238,40397.0,-245255483,0.0,337094496,91879410,137894648,85300215,6397274000,-30024063,https://www.sec.gov/Archives/edgar/data/1100397/000149315217006268/0001493152-17-006268-index.htm,https://www.sec.gov/Archives/edgar/data/1100397/000149315217006268/form10-q.htm
0,2017-01-31,ADXSW,2017-03-10,2017-03-10 17:01:28,Q1,57566606,79295379,136861985,180964.0,0.0,5145592.0,142188541,5242857.0,0.0,4336143.0,4336143.0,0.0,0.0,426287.0,10005287,426287000,152193828,3534440.0,315104000,0.0,14047906,7727321.0,25309667,7676443000,0.0,0.0,0.0,7676443000,19515660,44825327,40187.0,-224787828,0.0,332116142,107368501,152193828,79295379,7991547000,-57566606,https://www.sec.gov/Archives/edgar/data/1100397/000149315217002328/0001493152-17-002328-index.htm,https://www.sec.gov/Archives/edgar/data/1100397/000149315217002328/form10-q.htm
0,2016-10-31,ADXSW,2017-01-09,2017-01-09 06:36:21,Q4,112750980,39336548,152087528,80142.0,0.0,7707528.0,159875198,4389074.0,0.0,4329121.0,4329121.0,0.0,2549862.0,-2099195.0,9168862.0,450667000,169044060,1720428.0,325160000,141652.0,15020576,10823733,27706389,10905003000,0.0,3295000.0,0.0,3295000.0,18740477,49741866,40057.0,-207706825,0.0,326968962,119302194,169044060,39336548,11230163000,-112750980,https://www.sec.gov/Archives/edgar/data/1100397/000149315217000250/0001493152-17-000250-index.htm,https://www.sec.gov/Archives/edgar/data/1100397/000149315217000250/form10-k.htm
0,2016-07-31,ADXSW,2016-09-08,2016-09-07 20:15:11,Q3,29742196,48975725,78717921,140171.0,0.0,5160734.0,84018826,2962264.0,0.0,3774676.0,3774676.0,0.0,0.0,468952.0,7205892.0,468952000,91224718,2576511.0,335217000,175917.0,0.0,4129386.0,6881814.0,4265077000,0.0,0.0,0.0,4265077000,742938.0,7624752.0,34509.0,-186003988,0.0,269569445,83599966,91224718,48975725,4600294000,-29742196,https://www.sec.gov/Archives/edgar/data/1100397/000149315216013178/0001493152-16-013178-index.htm,https://www.sec.gov/Archives/edgar/data/1100397/000149315216013178/form10-q.htm
0,2016-04-30,ADXSW,2016-06-08,2016-06-07 17:42:36,Q2,44924461,49651332,94575793,164576.0,0.0,3800829.0,98541198,1731395.0,0.0,3692726.0,3692726.0,0.0,0.0,334862.0,5758983.0,334862000,104300181,5555279.0,0.0,171887.0,0.0,3164618.0,8891784.0,3336505000,0.0,0.0,0.0,3336505000,215100.0,9106884.0,34293.0,-169517980,0.0,264676984,95193297,104300181,49651332,3336505000,-44924461,https://www.sec.gov/Archives/edgar/data/1100397/000149315216010602/0001493152-16-010602-index.htm,https://www.sec.gov/Archives/edgar/data/1100397/000149315216010602/form10-q.htm
0,2016-01-31,ADXSW,2016-02-26,2016-02-26 17:11:28,Q1,58670478,48130343,106800821,152307.0,0.0,540355.0,107493483,1486407.0,0.0,3467478.0,3467478.0,0.0,0.0,301218.0,5255103.0,301218000,112748586,843534.0,0.0,625091.0,0.0,6048392.0,7517017.0,6643934000,0.0,0.0,0.0,6643934000,51111.0,7568128.0,34013.0,-153899194,0.0,259045639,105180458,112748586,48130343,6643934000,-58670478,https://www.sec.gov/Archives/edgar/data/1100397/000149315216007685/0001493152-16-007685-index.htm,https://www.sec.gov/Archives/edgar/data/1100397/000149315216007685/form10-q.htm
0,2015-10-31,ADXSW,2016-01-08,2016-01-08 17:04:11,Q4,66561683,45594495,112156178,145299.0,0.0,2713096.0,115014573,1087244.0,0.0,3355033.0,3355033.0,0.0,1609349.0,-1460506.0,4591120.0,148843000,119605693,696117.0,0.0,220933.0,0.0,3000557.0,3917607.0,3191941000,0.0,2060000.0,0.0,2060000.0,0.0,4006818.0,33592.0,-134054259,0.0,249619542,115598875,119605693,45594495,3191941000,-66561683,https://www.sec.gov/Archives/edgar/data/1100397/000149315216006703/0001493152-16-006703-index.htm,https://www.sec.gov/Archives/edgar/data/1100397/000149315216006703/form10-k.htm
0,2015-07-31,ADXSW,2015-09-11,2015-09-11 16:15:58,Q3,97142340,0.0,97142340,0.0,0.0,1525327.0,98667667,375688.0,0.0,3142490.0,3142490.0,0.0,0.0,120863.0,3639041.0,120863000,102306708,2153604.0,0.0,606089.0,0.0,1717148.0,4476841.0,2293688000,0.0,0.0,0.0,2293688000,295183.0,4772024.0,31496.0,-121442293,0.0,218945481,97534684,102306708,0.0,2293688000,-97142340,https://www.sec.gov/Archives/edgar/data/1100397/000149315215004310/0001493152-15-004310-index.htm,https://www.sec.gov/Archives/edgar/data/1100397/000149315215004310/form10-q.htm
0,2015-04-30,ADXSW,2015-06-15,2015-06-12 17:42:00,Q2,45940718,0.0,45940718,0.0,0.0,2630423.0,48571141,73518.0,0.0,3002957.0,3002957.0,0.0,0.0,38438.0,3114913.0,38438000,51686054,3041852.0,0.0,119540.0,0.0,826232.0,3987624.0,916223000,0.0,0.0,0.0,916223000,327567.0,4315191.0,27508.0,-107880266,0.0,155223621,47370863,51686054,0.0,916223000,-45940718,https://www.sec.gov/Archives/edgar/data/1100397/000149315215002480/0001493152-15-002480-index.htm,https://www.sec.gov/Archives/edgar/data/1100397/000149315215002480/form10-q.htm
0,2015-01-31,ADXSW,2015-03-13,2015-03-13 16:06:48,Q1,30577964,0.0,30577964,0.0,0.0,941686.0,31519650,70467.0,0.0,2920929.0,2920929.0,0.0,0.0,38438.0,3029834.0,38438000,34549484,1524694.0,0.0,0.0,0.0,1320142.0,2844836.0,1257260000,0.0,0.0,0.0,1257260000,304331.0,3149167.0,24021.0,-94025007,0.0,125401303,31400317,34549484,0.0,1257260000,-30577964,https://www.sec.gov/Archives/edgar/data/1100397/000149315215000831/0001493152-15-000831-index.htm,https://www.sec.gov/Archives/edgar/data/1100397/000149315215000831/form10-q.htm
0,2014-10-31,ADXSW,2015-01-06,2015-01-05 20:48:48,Q4,17606860,0.0,17606860,0.0,0.0,2887201.0,20494061,77369.0,0.0,2767945.0,2767945.0,0.0,1731317.0,-1692879.0,2883752.0,38438000,23377813,1411058.0,0.0,0.0,0.0,1304678.0,2715736.0,1241796000,0.0,1134000.0,0.0,1134000.0,0.0,2747827.0,19630.0,-86991137,0.0,107601493,20629986,23377813,0.0,1241796000,-17606860,https://www.sec.gov/Archives/edgar/data/1100397/000149315215000050/0001493152-15-000050-index.htm,https://www.sec.gov/Archives/edgar/data/1100397/000149315215000050/form10k.htm
0,2014-07-31,ADXSW,2014-09-09,2014-09-08 20:54:23,Q3,22148652,0.0,22148652,0.0,0.0,1115741.0,23264393,84271.0,0.0,2687232.0,2687232.0,0.0,0.0,70791.0,2842294.0,70791000,26106687,1741287.0,62882.0,0.0,0.0,994565.0,2798734.0,994565000,0.0,0.0,0.0,994565000,35084.0,2833818.0,19513.0,-83747026,0.0,107000382,23272869,26106687,0.0,62882.0,-22085770,https://www.sec.gov/Archives/edgar/data/1100397/000149315214002907/0001493152-14-002907-index.htm,https://www.sec.gov/Archives/edgar/data/1100397/000149315214002907/form10q.htm
0,2014-04-30,ADXSW,2014-06-10,2014-06-09 19:28:06,Q2,27574332,0.0,27574332,0.0,0.0,471395.0,28045727,91174.0,0.0,2629595.0,2629595.0,0.0,0.0,100915.0,2821684.0,100915000,30867411,1607233.0,62882.0,0.0,0.0,1452060.0,3122175.0,1452060000,0.0,0.0,0.0,1452060000,245374.0,3367549.0,19103.0,-77967832,0.0,105448591,27499862,30867411,0.0,62882.0,-27511450,https://www.sec.gov/Archives/edgar/data/1100397/000149315214001851/0001493152-14-001851-index.htm,https://www.sec.gov/Archives/edgar/data/1100397/000149315214001851/form10q.htm
0,2014-01-31,ADXSW,2014-03-17,2014-03-17 16:16:51,Q1,15959266,0.0,15959266,0.0,0.0,246203.0,16205469,98077.0,0.0,2499044.0,2499044.0,0.0,0.0,131587.0,2728708.0,131587000,18934177,2305859.0,63000.0,0.0,0.0,1189248.0,3558107.0,1024269000,0.0,0.0,0.0,1024269000,516268.0,4074375.0,14009.0,0.0,0.0,14845793,14859802,18934177,0.0,63000.0,-15896266,https://www.sec.gov/Archives/edgar/data/1100397/000114420414016138/0001144204-14-016138-index.htm,https://www.sec.gov/Archives/edgar/data/1100397/000114420414016138/v371064_10q.htm
0,2013-10-31,ADXSW,2014-01-29,2014-01-29 16:58:02,Q4,20552062,0.0,20552062,0.0,0.0,257444.0,20809506,80385.0,0.0,2528551.0,2528551.0,0.0,1027688.0,-860209.0,2776415.0,167479000,23585921,3841771.0,11200.0,0.0,0.0,1084074.0,4937045.0,62882.0,0.0,1027688.0,0.0,1090570.0,0.0,5583779.0,13720.0,0.0,0.0,17988422,18002142,23585921,0.0,74082.0,-20477980,https://www.sec.gov/Archives/edgar/data/1100397/000114420414004716/0001144204-14-004716-index.htm,https://www.sec.gov/Archives/edgar/data/1100397/000114420414004716/v365567_10k.htm
0,2013-07-31,ADXSW,2013-09-16,2013-09-16 16:07:44,Q3,40.0,0.0,40.0,0.0,0.0,1411804.0,1411844.0,61442.0,0.0,2499791.0,2499791.0,0.0,0.0,390306.0,2951539.0,390306000,4363383.0,5541431.0,11200.0,0.0,0.0,3696832.0,9249463.0,1104680.0,0.0,0.0,0.0,1104680.0,736059.0,11090202,4898.0,0.0,0.0,0.0,-6726819.0,4363383.0,0.0,1115880.0,1115840.0,https://www.sec.gov/Archives/edgar/data/1100397/000114420413050970/0001144204-13-050970-index.htm,https://www.sec.gov/Archives/edgar/data/1100397/000114420413050970/v354782_10q.htm
0,2013-04-30,ADXSW,2013-06-14,2013-06-14 16:30:06,Q2,1010429.0,0.0,1010429.0,0.0,0.0,644629.0,1655058.0,68884.0,0.0,2400693.0,2400693.0,0.0,0.0,441378.0,2910955.0,441378000,4566013.0,3742873.0,11200.0,0.0,0.0,3747717.0,7501790.0,823852.0,0.0,0.0,0.0,823852.0,2533103.0,10858745,573467.0,0.0,0.0,0.0,-6292732.0,4566013.0,0.0,835052.0,-175377.0,https://www.sec.gov/Archives/edgar/data/1100397/000114420413034985/0001144204-13-034985-index.htm,https://www.sec.gov/Archives/edgar/data/1100397/000114420413034985/v347123_10q.htm
0,2013-01-31,ADXSW,2013-03-25,2013-03-25 12:21:14,Q1,100.0,0.0,100.0,0.0,0.0,969040.0,969140.0,73476.0,0.0,2418762.0,2418762.0,0.0,0.0,328841.0,2821079.0,328841000,3790219.0,3883771.0,2190205.0,0.0,-159970.0,1951406.0,7865412.0,403438.0,0.0,0.0,0.0,403438.0,3384725.0,11653575,493415.0,0.0,0.0,0.0,-7863356.0,3790219.0,0.0,2593643.0,2593543.0,https://www.sec.gov/Archives/edgar/data/1100397/000114420413017152/0001144204-13-017152-index.htm,https://www.sec.gov/Archives/edgar/data/1100397/000114420413017152/v338719_10q.htm
0,2012-10-31,ADXSW,2013-02-13,2013-02-13 17:21:52,Q4,232.0,0.0,232.0,0.0,0.0,894273.0,894505.0,78068.0,0.0,2413755.0,2413755.0,0.0,1613187.0,-1183718.0,2921292.0,429469000,3815797.0,5155797.0,-2089099.0,0.0,-174970.0,6447854.0,9339582.0,1367412000,0.0,1613187.0,0.0,1613187.0,0.0,9778521.0,394804.0,0.0,0.0,0.0,-5962724.0,3815797.0,0.0,-2089099.0,-2089331.0,https://www.sec.gov/Archives/edgar/data/1100397/000114420413008315/0001144204-13-008315-index.htm,https://www.sec.gov/Archives/edgar/data/1100397/000114420413008315/v331295_10k.htm
0,2012-07-31,ADXSW,2012-10-02,2012-10-01 21:41:05,Q3,5288.0,50000000,5288.0,0.0,0.0,73108.0,78396.0,82660.0,0.0,2405934.0,2405934.0,0.0,0.0,1556214.0,4044808.0,1556214000,4123204.0,6053853.0,18225036,0.0,-140492.0,-16301147,7837250.0,6053853000,0.0,0.0,0.0,6053853000,1285197.0,9122447.0,375135.0,0.0,0.0,0.0,-4999243.0,4123204.0,50000000,18225036,18219748,https://www.sec.gov/Archives/edgar/data/1100397/000114420412054098/0001144204-12-054098-index.htm,https://www.sec.gov/Archives/edgar/data/1100397/000114420412054098/v321792_10q.htm
0,2012-04-30,ADXSW,2012-06-14,2012-06-14 17:02:16,Q2,5628.0,240000000,5628.0,0.0,0.0,58878.0,64506.0,87252.0,0.0,2376116.0,2376116.0,0.0,0.0,1256991.0,3720359.0,1256991000,3784865.0,7472494.0,4256711000,0.0,0.0,4885079.0,12357573,99602.0,0.0,0.0,0.0,99602.0,3123710.0,15580885,287037.0,0.0,0.0,0.0,-11796020,3784865.0,240000000,99602.0,93974.0,https://www.sec.gov/Archives/edgar/data/1100397/000114420412034931/0001144204-12-034931-index.htm,https://www.sec.gov/Archives/edgar/data/1100397/000114420412034931/v314612_10q.htm
0,2012-01-31,ADXSW,2012-03-16,2012-03-16 16:34:14,Q1,588442.0,0.0,588442.0,0.0,0.0,97267.0,685709.0,0.0,0.0,2347818.0,2347818.0,0.0,0.0,1805311.0,4153129.0,1805311000,4838838.0,5866832.0,3964766000,0.0,0.0,4346092.0,10212924,108610.0,0.0,0.0,0.0,108610.0,5575622.0,15897156,278655.0,0.0,0.0,0.0,-11058318,4838838.0,0.0,108610.0,-479832.0,https://www.sec.gov/Archives/edgar/data/1100397/000114420412015647/0001144204-12-015647-index.htm,https://www.sec.gov/Archives/edgar/data/1100397/000114420412015647/v305842_10q.htm
0,2011-10-31,ADXSW,2012-01-26,2012-01-26 17:30:38,Q4,1096538.0,0.0,1096538.0,0.0,0.0,517483.0,1614021.0,0.0,0.0,2256852.0,2256852.0,0.0,0.0,1769689.0,4026541.0,1769689000,5640562.0,2420260.0,408069000,0.0,0.0,8475701.0,10895961,570802.0,0.0,0.0,0.0,570802.0,6453512.0,17920275,250173.0,0.0,0.0,0.0,-12279713,5640562.0,0.0,570802.0,-525736.0,https://www.sec.gov/Archives/edgar/data/1100397/000114420412004201/0001144204-12-004201-index.htm,https://www.sec.gov/Archives/edgar/data/1100397/000114420412004201/v244166_10k.htm
0,2011-07-31,ADXSW,2011-09-12,2011-09-12 16:24:42,Q3,1814188.0,0.0,1814188.0,0.0,0.0,78084.0,1892272.0,0.0,0.0,2265738.0,2265738.0,0.0,0.0,593835.0,2859573.0,593835000,4751845.0,2454501.0,814316000,0.0,0.0,5953714.0,8408215.0,570295.0,0.0,0.0,0.0,570295.0,7955881.0,16934391,240014.0,0.0,0.0,0.0,-12182546,4751845.0,0.0,570295.0,-1243893.0,https://www.sec.gov/Archives/edgar/data/1100397/000114420411052424/0001144204-11-052424-index.htm,https://www.sec.gov/Archives/edgar/data/1100397/000114420411052424/v233702_10q.htm
0,2011-04-30,ADXSW,2011-06-14,2011-06-14 16:59:20,Q2,927729000,0.0,927729000,0.0,0.0,138155000,1065884000,8838000.0,0.0,2251830000,2251830000,0.0,0.0,0.0,2260668000,544741000,3871293000,3406888000,1050549000,0.0,0.0,4973402000,9430839000,2096854000,0.0,0.0,0.0,2096854000,0.0,26109374000,15908302000,0.0,0.0,0.0,-22238081000,3871293000,0.0,3147403000,2219674000,https://www.sec.gov/Archives/edgar/data/1100397/000114420411035733/0001144204-11-035733-index.htm,https://www.sec.gov/Archives/edgar/data/1100397/000114420411035733/v225835_10q.htm
0,2011-01-31,ADXSW,2011-03-17,2011-03-17 17:29:14,Q1,106040000,0.0,106040000,0.0,0.0,479341000,585381000,18622000,0.0,2168544000,2168544000,0.0,0.0,0.0,2187166000,458262000,3230809000,2591341000,731794000,0.0,0.0,2529523000,5852658000,952624000,0.0,0.0,0.0,952624000,0.0,14373486000,8520828000,0.0,0.0,0.0,-11142677000,3230809000,0.0,1684418000,1578378000,https://www.sec.gov/Archives/edgar/data/1100397/000114420411015634/0001144204-11-015634-index.htm,https://www.sec.gov/Archives/edgar/data/1100397/000114420411015634/v214980_10q.htm
0,2010-10-31,ADXSW,2011-01-31,2011-01-31 16:36:37,Q4,108381000,0.0,108381000,0.0,0.0,282990000,391371000,28406000,0.0,2125991000,2125991000,0.0,0.0,0.0,2154397000,329418000,2875186000,2586008000,687034000,0.0,0.0,1398581000,4671623000,647125000,0.0,0.0,0.0,647125000,0.0,17677817000,13006194000,0.0,0.0,0.0,-14802631000,2875186000,0.0,1334159000,1225778000,https://www.sec.gov/Archives/edgar/data/1100397/000114420411004968/0001144204-11-004968-index.htm,https://www.sec.gov/Archives/edgar/data/1100397/000114420411004968/v209406_10k.htm
0,2010-07-31,ADXSW,2010-09-14,2010-09-14 14:11:25,Q3,26274000,0.0,26274000,0.0,0.0,55985000,82259000,37096000,0.0,2044065000,2044065000,0.0,0.0,0.0,2081161000,416163000,2579583000,2323383000,597509000,0.0,0.0,1457313000,4378205000,565507000,0.0,0.0,0.0,565507000,0.0,22360392000,17982187000,0.0,0.0,0.0,-19780809000,2579583000,0.0,1163016000,1136742000,https://www.sec.gov/Archives/edgar/data/1100397/000114420410049246/0001144204-10-049246-index.htm,https://www.sec.gov/Archives/edgar/data/1100397/000114420410049246/v196513_10q.htm
0,2010-04-30,ADXSW,2010-06-03,2010-06-03 16:01:45,Q2,227245000,0.0,227245000,0.0,0.0,65003000,292248000,45439000,0.0,1486336000,1486336000,0.0,0.0,0.0,1531775000,227213000,2051236000,1782895000,940653000,0.0,0.0,4822208000,7545756000,748492000,0.0,0.0,0.0,748492000,0.0,24013556000,16467800000,0.0,0.0,0.0,-21962320000,2051236000,0.0,1689145000,1461900000,https://www.sec.gov/Archives/edgar/data/1100397/000114420410031668/0001144204-10-031668-index.htm,https://www.sec.gov/Archives/edgar/data/1100397/000114420410031668/v186982_10q.htm
0,2010-01-31,ADXSW,2010-03-19,2010-03-19 15:05:26,Q1,1113956000,0.0,1113956000,0.0,0.0,42910000,1156866000,55101000,0.0,1449870000,1449870000,0.0,0.0,0.0,1504971000,257674000,2919511000,2659522000,1155757000,0.0,0.0,3319007000,7134286000,673017000,0.0,0.0,0.0,673017000,0.0,19799436000,12665150000,0.0,0.0,0.0,-16883925000,2919511000,0.0,1828774000,714818000,https://www.sec.gov/Archives/edgar/data/1100397/000114420410014625/0001144204-10-014625-index.htm,https://www.sec.gov/Archives/edgar/data/1100397/000114420410014625/v177999_10q.htm
0,2009-10-31,ADXSW,2010-02-19,2010-02-19 12:37:37,Q4,659822000,0.0,659822000,0.0,0.0,36445000,696267000,54499000,0.0,1371638000,1371638000,0.0,0.0,0.0,1426137000,591913000,2714317000,2368716000,1121094000,0.0,0.0,2996101000,6485911000,917250000,0.0,0.0,0.0,917250000,0.0,18447645000,11961734000,0.0,0.0,0.0,-15733328000,2714317000,0.0,2038344000,1378522000,https://www.sec.gov/Archives/edgar/data/1100397/000114420410008982/0001144204-10-008982-index.htm,https://www.sec.gov/Archives/edgar/data/1100397/000114420410008982/v174517_10k.htm
0,2009-07-31,ADXSW,2009-09-24,2009-09-23 17:34:28,Q3,49126000,0.0,49126000,0.0,0.0,40105000,89231000,63661000,0.0,1310078000,1310078000,0.0,0.0,0.0,1373739000,370814000,1833784000,1362832000,1094450000,0.0,0.0,1762040000,4219322000,965886000,0.0,0.0,0.0,965886000,0.0,15472916000,11253594000,0.0,0.0,0.0,-13639132000,1833784000,0.0,2060336000,2011210000,https://www.sec.gov/Archives/edgar/data/1100397/000114420409049664/0001144204-09-049664-index.htm,https://www.sec.gov/Archives/edgar/data/1100397/000114420409049664/v161002_10q.htm
0,2009-04-30,ADXSW,2009-06-22,2009-06-22 12:22:52,Q2,31488000,0.0,31488000,0.0,0.0,52382000,83870000,72823000,0.0,1219727000,1219727000,0.0,0.0,0.0,1292550000,3876000.0,1380296000,1054128000,1044978000,0.0,0.0,584520000,2683626000,584520000,0.0,0.0,0.0,584520000,0.0,2683626000,112338000,0.0,0.0,0.0,-1303330000,1380296000,0.0,1629498000,1598010000,https://www.sec.gov/Archives/edgar/data/1100397/000114420409033716/0001144204-09-033716-index.htm,https://www.sec.gov/Archives/edgar/data/1100397/000114420409033716/v152896_10q.htm
0,2009-01-31,ADXSW,2009-03-13,2009-03-13 11:25:18,Q1,199783000,0.0,199783000,0.0,0.0,27364000,227147000,81985000,0.0,1210183000,1210183000,0.0,0.0,0.0,1292168000,3876000.0,1523191000,1008652000,528042000,0.0,0.0,538331000,2075025000,538331000,0.0,0.0,0.0,538331000,0.0,2075851000,111914000,0.0,0.0,0.0,-552660000,1523191000,0.0,1066373000,866590000,https://www.sec.gov/Archives/edgar/data/1100397/000114420409013750/0001144204-09-013750-index.htm,https://www.sec.gov/Archives/edgar/data/1100397/000114420409013750/v142664_10q.htm
0,2008-10-31,ADXSW,2009-01-29,2009-01-29 17:20:47,Q4,59738000,0.0,59738000,0.0,0.0,38862000,98600000,91147000,0.0,1137397000,1137397000,0.0,0.0,0.0,1228544000,3876000.0,1331020000,998856000,563317000,0.0,0.0,603345000,2165518000,603345000,0.0,0.0,0.0,603345000,0.0,2170331000,109319000,0.0,0.0,0.0,-839311000,1331020000,0.0,1166662000,1106924000,https://www.sec.gov/Archives/edgar/data/1100397/000114420409004207/0001144204-09-004207-index.htm,https://www.sec.gov/Archives/edgar/data/1100397/000114420409004207/v138144_10ksb.htm
0,2008-07-31,ADXSW,2008-09-22,2008-09-22 16:43:33,Q3,260596000,0.0,260596000,0.0,0.0,105206000,365802000,100309000,0.0,1224882000,1224882000,0.0,0.0,0.0,1325191000,3876000.0,1694869000,900459000,64832000,0.0,6596000.0,425383000,1397270000,406804000,0.0,0.0,0.0,406804000,0.0,1405955000,109320000,0.0,0.0,179594000,288914000,1694869000,0.0,471636000,211040000,https://www.sec.gov/Archives/edgar/data/1100397/000114420408053944/0001144204-08-053944-index.htm,https://www.sec.gov/Archives/edgar/data/1100397/000114420408053944/v126995_10qsb.htm
0,2008-04-30,ADXSW,2008-06-13,2008-06-13 06:01:31,Q2,1295708000,0.0,1295708000,0.0,0.0,135975000,1431683000,108527000,0.0,1182938000,1182938000,0.0,0.0,0.0,1291465000,3876000.0,2727024000,802045000,67835000,0.0,34641000,338596000,1243117000,324028000,0.0,0.0,0.0,324028000,0.0,1255563000,109073000,0.0,0.0,1362388000,1471461000,2727024000,0.0,391863000,-903845000,https://www.sec.gov/Archives/edgar/data/1100397/000114420408034991/0001144204-08-034991-index.htm,https://www.sec.gov/Archives/edgar/data/1100397/000114420408034991/v117075_10qsb.htm
0,2008-01-31,ADXSW,2008-03-17,2008-03-17 11:59:31,Q1,2826873000,0.0,2826873000,0.0,0.0,147873000,2974746000,114617000,0.0,1125111000,1125111000,0.0,0.0,0.0,1239728000,3876000.0,4218350000,801340000,66850000,0.0,52597000,0.0,920787000,426664000,0.0,0.0,0.0,426664000,0.0,1378117000,107957000,0.0,0.0,2732276000,2840233000,4218350000,0.0,493514000,-2333359000,https://www.sec.gov/Archives/edgar/data/1100397/000114420408015589/0001144204-08-015589-index.htm,https://www.sec.gov/Archives/edgar/data/1100397/000114420408015589/v106726_10qsb.htm
0,2007-10-31,ADXSW,2008-01-16,2008-01-16 16:20:42,Q4,4041984000,0.0,4041984000,0.0,0.0,199917000,4241901000,116442000,0.0,1098135000,1098135000,0.0,0.0,0.0,1214577000,3876000.0,5460354000,787297000,80409000,0.0,0.0,305023000,1172729000,305023000,0.0,0.0,0.0,305023000,0.0,1192375000,107957000,0.0,0.0,4160022000,4267979000,5460354000,0.0,385432000,-3656552000,https://www.sec.gov/Archives/edgar/data/1100397/000114420408002607/0001144204-08-002607-index.htm,https://www.sec.gov/Archives/edgar/data/1100397/000114420408002607/v099746_10ksb.htm
0,2007-07-31,ADXSW,2007-09-14,2007-09-14 09:32:05,,115361000,0.0,115361000,0.0,0.0,43915000,159276000,0.0,0.0,938080000,938080000,0.0,0.0,0.0,938080000,204624000,1301980000,1117122000,70367000,0.0,0.0,309345000,1496834000,309345000,0.0,0.0,0.0,309345000,0.0,5536811000,821010000,0.0,0.0,0.0,-4234831000,1301980000,0.0,379712000,264351000,https://www.sec.gov/Archives/edgar/data/1100397/000114420407049354/0001144204-07-049354-index.htm,https://www.sec.gov/Archives/edgar/data/1100397/000114420407049354/v087352_10qsb.htm
0,2007-04-30,ADXSW,2007-06-14,2007-06-14 17:29:44,,889397000,0.0,889397000,0.0,0.0,49880000,939277000,128566000,0.0,813967000,813967000,0.0,0.0,0.0,942533000,101590000,1983400000,604818000,72704000,0.0,0.0,490474000,1167996000,490474000,0.0,0.0,0.0,490474000,0.0,7252348000,1215150000,0.0,0.0,0.0,-5268948000,1983400000,0.0,563178000,-326219000,https://www.sec.gov/Archives/edgar/data/1100397/000114420407031979/0001144204-07-031979-index.htm,https://www.sec.gov/Archives/edgar/data/1100397/000114420407031979/v078104_10qsb.htm
0,2007-01-31,ADXSW,2007-03-19,2007-03-19 14:17:18,,1977809000,0.0,1977809000,0.0,0.0,16718000,1994527000,133388000,0.0,959842000,959842000,0.0,0.0,0.0,1093230000,151957000,3239714000,813668000,204977000,0.0,7894000.0,528514000,1555053000,528514000,0.0,0.0,0.0,528514000,0.0,6441447000,501420000,0.0,0.0,0.0,-3201733000,3239714000,0.0,733491000,-1244318000,https://www.sec.gov/Archives/edgar/data/1100397/000114420407013419/0001144204-07-013419-index.htm,https://www.sec.gov/Archives/edgar/data/1100397/000114420407013419/v068823_10qsb.htm
0,2006-10-31,ADXSW,2007-02-13,2007-02-13 16:22:04,Q4,2761166000,0.0,2761166000,0.0,0.0,38100000,2799266000,64742000,0.0,956409000,956409000,0.0,0.0,0.0,1021151000,182287000,4002704000,810221000,191577000,0.0,20350000,522467000,1544615000,522467000,0.0,0.0,0.0,522467000,0.0,7709845000,714600000,0.0,0.0,0.0,-3707141000,4002704000,0.0,714044000,-2047122000,https://www.sec.gov/Archives/edgar/data/1100397/000114420407007215/0001144204-07-007215-index.htm,https://www.sec.gov/Archives/edgar/data/1100397/000114420407007215/v063533_10ksb.htm
0,2006-07-31,ADXSW,2006-09-13,2006-09-13 16:12:40,Q3,3347222000,0.0,3347222000,0.0,0.0,34973000,3382195000,66944000,0.0,908323000,908323000,0.0,0.0,0.0,975267000,240197000,4597659000,800541000,60568000,0.0,0.0,0.0,861109000,339981000,0.0,0.0,0.0,339981000,0.0,4818012000,266370000,0.0,0.0,0.0,-220353000,4597659000,0.0,400549000,-2946673000,https://www.sec.gov/Archives/edgar/data/1100397/000114420406038228/0001144204-06-038228-index.htm,https://www.sec.gov/Archives/edgar/data/1100397/000114420406038228/v052499_10qsb.htm
0,2006-04-30,ADXSW,2006-06-14,2006-06-14 16:39:21,Q2,3768245000,0.0,3768245000,0.0,0.0,28862000,3797107000,69928000,0.0,794429000,794429000,0.0,0.0,0.0,864357000,249647000,4911111000,606578000,59560000,0.0,0.0,214777000,880915000,214777000,0.0,0.0,0.0,214777000,0.0,4648763000,355050000,0.0,0.0,0.0,262348000,4911111000,0.0,274337000,-3493908000,https://www.sec.gov/Archives/edgar/data/1100397/000114420406024793/0001144204-06-024793-index.htm,https://www.sec.gov/Archives/edgar/data/1100397/000114420406024793/v045270_10qsb.htm
0,2006-01-31,ADXSW,2006-03-16,2006-03-16 15:04:17,Q1,1805640000,0.0,1805640000,0.0,0.0,0.0,1805640000,71166000,0.0,765245000,765245000,0.0,0.0,0.0,836411000,4600000.0,2646651000,686570000,58585000,0.0,0.0,0.0,745155000,0.0,0.0,0.0,0.0,0.0,0.0,1188155000,38167000,0.0,0.0,1420329000,1458496000,2646651000,0.0,58585000,-1747055000,https://www.sec.gov/Archives/edgar/data/1100397/000114420406010224/0001144204-06-010224-index.htm,https://www.sec.gov/Archives/edgar/data/1100397/000114420406010224/v037869_10-qsb.htm
0,2005-10-31,ADXSW,2006-01-25,2006-01-25 17:22:29,Q4,2075206000,0.0,2075206000,0.0,0.0,0.0,2075206000,73145000,0.0,751088000,751088000,0.0,0.0,0.0,824233000,4600000.0,2904039000,651887000,57577000,0.0,0.0,0.0,709464000,0.0,0.0,0.0,0.0,0.0,0.0,1152464000,37686000,0.0,0.0,2866353000,2904039000,2904039000,0.0,57577000,-2017629000,https://www.sec.gov/Archives/edgar/data/1100397/000114420406002692/0001144204-06-002692-index.htm,https://www.sec.gov/Archives/edgar/data/1100397/000114420406002692/v033650_10k.htm
0,2005-07-31,ADXSW,2005-09-14,2005-09-14 10:02:17,Q3,2517256000,0.0,2517256000,0.0,0.0,0.0,2517256000,75586000,0.0,666722000,666722000,0.0,0.0,0.0,742308000,4600000.0,3264164000,591890000,56568000,0.0,0.0,0.0,648458000,0.0,0.0,0.0,0.0,0.0,0.0,1083458000,37657000,0.0,0.0,2143049000,2180706000,3264164000,0.0,56568000,-2460688000,https://www.sec.gov/Archives/edgar/data/1100397/000114420405028744/0001144204-05-028744-index.htm,https://www.sec.gov/Archives/edgar/data/1100397/000114420405028744/v025639_10q.htm
0,2005-04-30,ADXSW,2005-06-14,,Q2,2667542000,0.0,2667542000,0.0,0.0,0.0,2667542000,58638000,0.0,665203000,665203000,0.0,0.0,0.0,723841000,2450000.0,3393833000,501677000,490560000,0.0,0.0,0.0,501677000,0.0,0.0,0.0,0.0,0.0,0.0,992237000,37145000,0.0,0.0,2364451000,2401596000,3393833000,0.0,490560000,-2176982000,https://www.sec.gov/Archives/edgar/data/1100397/000114420405018860/0001144204-05-018860-index.htm,https://www.sec.gov/Archives/edgar/data/1100397/000114420405018860/v020107_10qsb.htm
