,date,symbol,fillingDate,acceptedDate,period,netIncome,depreciationAndAmortization,deferredIncomeTax,stockBasedCompensation,changeInWorkingCapital,accountsReceivables,inventory,accountsPayables,otherWorkingCapital,otherNonCashItems,netCashProvidedByOperatingActivities,investmentsInPropertyPlantAndEquipment,acquisitionsNet,purchasesOfInvestments,salesMaturitiesOfInvestments,otherInvestingActivites,netCashUsedForInvestingActivites,debtRepayment,commonStockIssued,commonStockRepurchased,dividendsPaid,otherFinancingActivites,netCashUsedProvidedByFinancingActivities,effectOfForexChangesOnCash,netChangeInCash,cashAtEndOfPeriod,cashAtBeginningOfPeriod,operatingCashFlow,capitalExpenditure,freeCashFlow,link,finalLink
0,2020-09-30,TENB,2020-10-29,2020-10-28 21:16:31,Q3,-5858000.0,2712000.0,0.0,15300000,23666000,-5738000.0,0.0,-850000.0,82686000,0.0,24807000,-8069000.0,0.0,-65649000,43500000,0.0,-30218000,-3000.0,0.0,0.0,0.0,0.0,10205000,0.0,4898000.0,141627000,136729000,24807000,8069000.0,16738000,https://www.sec.gov/Archives/edgar/data/1660280/000166028020000129/0001660280-20-000129-index.htm,https://www.sec.gov/Archives/edgar/data/1660280/000166028020000129/tenb-20200930.htm
0,2020-06-30,TENB,2020-07-30,2020-07-30 06:06:13,Q2,-11959999.999999996,2590000.0,-41000.0,15666000,22395000,-7301000.0,0.0,-6692000.0,59020000,15797999.999999998,16999000,-10390000,0.0,-33077000,46500000,46500000,3033000.0000000014,-4000.0,0.0,6995999.999999999,0.0,37690000,8991999.999999998,-366000.0000000001,28658000,136427000,107769000,16999000,-10389999.999999998,6609000.000000001,https://www.sec.gov/Archives/edgar/data/1660280/000166028020000092/0001660280-20-000092-index.htm,https://www.sec.gov/Archives/edgar/data/1660280/000166028020000092/q22020tenablefinancial.htm
0,2020-03-31,TENB,2020-05-07 00:00:00,2020-05-07 16:42:32,Q1,-22977000,2678000.0,41000.0,13035000,1306000.0,20813000,0.0,3669000.0,36625000,13509000,4492000.0,-614000.0,0.0,-58831000,78175000,78175000,18730000,-4000.0,0.0,11285000,0.0,11281000,11281000,-1097000.0,33406000,107769000,74363000,4492000.0,-614000.0,3878000.0,https://www.sec.gov/Archives/edgar/data/1660280/000166028020000026/0001660280-20-000026-index.html,https://www.sec.gov/Archives/edgar/data/1660280/000166028020000026/q12020tenablefinancial.htm
0,2019-12-31,TENB,2020-02-28 00:00:00,2020-02-28 16:10:27,Q4,-38305000.00000001,2276000.0,4243000.0,10419000,-104505000,-12632000,0.0,352000.0,35319000,10422000,-3072000.0,-10412000,-74911000,-62356000,50109000,50109000,-97570000,-4000.0,0.0,3599999.999999998,0.0,3596000.0,3596000.0,145999.9999999999,-96899999.99999999,74403000.00000001,171303000,-3072000.0,-10411999.999999998,-13483999.999999998,https://www.sec.gov/Archives/edgar/data/1660280/000166028020000012/0001660280-20-000012-index.html,https://www.sec.gov/Archives/edgar/data/1660280/000166028020000012/q42019tenablefinancial.htm
0,2019-09-30,TENB,2019-11-14 00:00:00,2019-11-13 17:45:31,Q3,-17640000,1515000.0,0.0,10499000,-1101000.0,-12651000,0.0,-1754000.0,139824000,10733999.999999998,-4675000.0,-4927000.0,0.0,-77250000,63735000,63735000,-18442000,-4000.0,0.0,9271000.0,0.0,9267000.0,9267000.000000004,-510000.0,-14360000,171303000,185663000,-4675000.0,-4927000.000000001,-9602000.0,https://www.sec.gov/Archives/edgar/data/1660280/000166028019000036/0001660280-19-000036-index.html,https://www.sec.gov/Archives/edgar/data/1660280/000166028019000036/q32019tenablefinancial.htm
0,2019-06-30,TENB,2019-08-09,2019-08-09 17:00:22,Q2,-21627999.999999996,1467000.0,0.0,11373000,-8721000.0,-11762000,0.0,2274000.0,140925000,10635000.000000002,-2123000.0,-3029000.0,0.0,-48538000,69000000,69000000,17433000,-4000.0,0.0,2849000.0,0.0,-165121000,2844999.999999999,-457999.99999999994,17697000,185663000,167966000,-2123000.0,-3029000.0,-5152000.0,https://www.sec.gov/Archives/edgar/data/1660280/000166028019000030/q22019tenablefinancial.htm,https://www.sec.gov/Archives/edgar/data/1660280/000166028019000030/q22019tenablefinancial.htm
0,2019-03-31,TENB,2019-05-09 00:00:00,2019-05-09 17:26:39,Q1,-21440000,1622000.0,0.0,9319000.0,7162000.0,11104000,0.0,3372000.0,149646000,9035000.0,-874000.0,-2306000.0,0.0,-53915000,41750000,41750000,-14471000,-4000.0,0.0,18457000,0.0,186419000,18453000,-258000.0,2850000.0,167966000,165116000,-874000.0,-2306000.0,-3180000.0,https://www.sec.gov/Archives/edgar/data/1660280/000166028019000023/0001660280-19-000023-index.html,https://www.sec.gov/Archives/edgar/data/1660280/000166028019000023/q12019tenablefinancial.htm
0,2018-12-31,TENB,2019-03-01 00:00:00,2019-03-01 17:22:59,Q4,-19611000.000000004,1612000.0,0.0,8669000.0,-18516000,-9218000.0,0.0,-1636000.0,142484000,8428000.0,-1549000.0000000002,-1593000.0,0.0,-83374000,0.0,0.0,-84971000,-1054000.0,0.0,52000.00000002092,0.0,-1001000.0,-1000999.9999999764,-382999.9999999999,-87913999.99999999,165086000,253000000,-1549000.0000000002,-1593000.0,-3142000.0,https://www.sec.gov/Archives/edgar/data/1660280/000166028019000012/0001660280-19-000012-index.html,https://www.sec.gov/Archives/edgar/data/1660280/000166028019000012/q42018tenablefinancial.htm
0,2018-09-30,TENB,2018-11-08 00:00:00,2018-11-07 18:22:49,Q3,-20869999.999999996,1590000.0,0.0,8783000.0,256000000,-9040000.0,0.0,-396000.0,161000000,8890000.0,-1760000.0,-1162000.0,0.0,-34114000,0.0,0.0,-35270000,-137000.0,0.0,265200000,0.0,266582000,266580000,-190000.00000000006,229380000,253080000,23700000,-1760000.0,-1159999.9999999998,-2919999.9999999995,https://www.sec.gov/Archives/edgar/data/1660280/000166028018000017/0001660280-18-000017-index.html,https://www.sec.gov/Archives/edgar/data/1660280/000166028018000017/q32018tenablefinancial.htm
