,date,symbol,fillingDate,acceptedDate,period,netIncome,depreciationAndAmortization,deferredIncomeTax,stockBasedCompensation,changeInWorkingCapital,accountsReceivables,inventory,accountsPayables,otherWorkingCapital,otherNonCashItems,netCashProvidedByOperatingActivities,investmentsInPropertyPlantAndEquipment,acquisitionsNet,purchasesOfInvestments,salesMaturitiesOfInvestments,otherInvestingActivites,netCashUsedForInvestingActivites,debtRepayment,commonStockIssued,commonStockRepurchased,dividendsPaid,otherFinancingActivites,netCashUsedProvidedByFinancingActivities,effectOfForexChangesOnCash,netChangeInCash,cashAtEndOfPeriod,cashAtBeginningOfPeriod,operatingCashFlow,capitalExpenditure,freeCashFlow,link,finalLink
0,2020-09-30,WISA,2020-11-10,2020-11-10 17:29:35,Q3,-2990000.0,17000.0,0.0,662000.0,-2216000.0,-177000.0,139000.0,-290000.0,10833000,0.0,-106000.0,-5000.0,0.0,0.0,0.0,0.0,-5000.0,0.0,-127000.0,0.0,0.0,0.0,-312000.0,0.0,-2984000.0,9104000.0,12088000,-106000.0,5000.0,-111000.0,https://www.sec.gov/Archives/edgar/data/1682149/000110465920123681/0001104659-20-123681-index.htm,https://www.sec.gov/Archives/edgar/data/1682149/000110465920123681/tm2029663-1_10q.htm
0,2020-06-30,WISA,2020-08-13,2020-08-13 17:02:05,Q2,-3398000.0,23000.000000000004,0.0,72000.0,12229000,-18000.0,-65000.0,-865000.0,13049000,1602000.0,-3011999.9999999995,-8000.0,0.0,0.0,0.0,0.0,-8000.0,-2040000.0,5642000.0,14149999.999999998,-154000.0,22084000,14353000.000000002,0.0,11332999.999999998,12087999.999999998,755000.0,-3011999.9999999995,-8000.0,-3019999.9999999995,https://www.sec.gov/Archives/edgar/data/1682149/000110465920094752/0001104659-20-094752-index.htm,https://www.sec.gov/Archives/edgar/data/1682149/000110465920094752/tm2024709d1_10q.htm
0,2020-03-31,WISA,2020-05-27,2020-05-27 16:31:40,Q1,-2680000.0,23000.0,0.0,75000.0,-496000.0,57000.0,16000.0,512000.0,820000.0,93000.0,-1820000.0,-2000.0,0.0,0.0,0.0,0.0,-2000.0,0.0,725000.0,2390000.0,20000.0,0.0,2279000.0,0.0,457000.0,755000.0,298000.0,-1820000.0,-2000.0,-1822000.0,https://www.sec.gov/Archives/edgar/data/1682149/000110465920066433/0001104659-20-066433-index.htm,https://www.sec.gov/Archives/edgar/data/1682149/000110465920066433/tm2014641d1_10q.htm
0,2019-12-31,WISA,2020-03-25,2020-03-25 06:08:56,Q4,-3941000.000000001,23000.000000000007,0.0,95000.0,-268000.0,-24000.0,-630000.0,858000.0,1316000.0,1057999.9999999998,-2577999.9999999995,31000.0,0.0,0.0,0.0,-34000.0,-3000.0000000000027,0.0,1485000.0,2585000.000000001,20000.0,1114000.0,2584999.999999999,9999.999999999998,14000.000000000235,298000.00000000023,284000.0,-2577999.9999999995,-4000.0000000000036,-2581999.9999999995,https://www.sec.gov/Archives/edgar/data/1682149/000110465920037958/0001104659-20-037958-index.htm,https://www.sec.gov/Archives/edgar/data/1682149/000110465920037958/tm205294d1_10k.htm
0,2019-09-30,WISA,2019-11-14,2019-11-14 07:02:31,Q3,-2707999.999999999,22999.999999999996,0.0,10000.0,-2550000.0,-66000.0,46000.0,-322000.0,1584000.0,96000.0,-3077000.000000001,-6000.0,0.0,0.0,0.0,0.0,-5999.999999999998,-22000.0,0.0,67000.00000000017,20000.0,-2993000.0,44999.99999999993,0.0,-3038000.0000000005,283999.9999999997,3322000.0,-3077000.000000001,-5999.999999999998,-3083000.000000001,https://www.sec.gov/Archives/edgar/data/1682149/000110465919063693/0001104659-19-063693-index.htm,https://www.sec.gov/Archives/edgar/data/1682149/000110465919063693/tm1919612-1_10q.htm
0,2019-06-30,WISA,2019-08-14,2019-08-14 16:08:03,Q2,-2824000.0000000005,23000.0,0.0,-4000.0,3098000.0,37000.0,-318000.0,154000.0,4134000.0,341000.0,-2557000.0,-25000.0,0.0,0.0,0.0,11000.0,-25000.0,0.0,4664000.0,5584000.0,16000.0,3920000.0,5584000.000000001,-2000.0,3000000.0,3322000.0,322000.0,-2557000.0,-25000.0,-2582000.0,https://www.sec.gov/Archives/edgar/data/1682149/000114420419040067/0001144204-19-040067-index.htm,https://www.sec.gov/Archives/edgar/data/1682149/000114420419040067/tv527106_10q.htm
0,2019-03-31,WISA,2019-05-15,2019-05-14 19:17:16,Q1,-2565000.0,22000.0,0.0,4000.0,-2727510.0,57000.0,-381000.0,332000.0,1036000.0,-107000.0,-2820000.0,0.0,0.0,0.0,0.0,-11000.0,0.0,-65000.0,0.0,0.0,0.0,257000.0,-65000.0,-11000.0,-2896000.0,321560.0,3217560.0,-2820000.0,0.0,-2820000.0,https://www.sec.gov/Archives/edgar/data/1682149/000114420419026119/0001144204-19-026119-index.htm,https://www.sec.gov/Archives/edgar/data/1682149/000114420419026119/tv521373_10q.htm
0,2018-12-31,WISA,2019-03-29,2019-03-28 21:40:40,Q4,-2738860.0000000023,20759.999999999996,0.0,104360.0,-2639030.0,-60837.0,-212395.0,-404031.0,3763510.0,93049.99999999808,-2866090.0,-17074.0,0.0,0.0,0.0,0.0,-17070.000000000004,0.0,0.0,0.0,0.0,-6101561.0,0.0,-840.0,-2884010.0000000005,3217549.9999999995,6101560.0,-2866090.0,-17070.000000000004,-2883160.0,https://www.sec.gov/Archives/edgar/data/1682149/000114420419016754/0001144204-19-016754-index.htm,https://www.sec.gov/Archives/edgar/data/1682149/000114420419016754/tv517167_10k.htm
0,2018-09-30,WISA,2018-11-15,2018-11-15 06:07:47,Q3,-31847549.99999999,14520.000000000002,0.0,572157.0,34252540,-44531.0,-355008.0,-1091755.0,6402540.0,28459580,-3866059.9999999995,-33362.0,0.0,0.0,0.0,0.0,-29720.000000000004,-200000.0,10272679,0.0,0.0,5177416.0,9570480.0,-2280.0,5672420.000000001,6102420.000000001,430000.0,-3866059.9999999995,-29720.000000000004,-3895779.9999999995,https://www.sec.gov/Archives/edgar/data/1682149/000114420418060126/0001144204-18-060126-index.htm,https://www.sec.gov/Archives/edgar/data/1682149/000114420418060126/tv507015_10q.htm
