,date,symbol,fillingDate,acceptedDate,period,netIncome,depreciationAndAmortization,deferredIncomeTax,stockBasedCompensation,changeInWorkingCapital,accountsReceivables,inventory,accountsPayables,otherWorkingCapital,otherNonCashItems,netCashProvidedByOperatingActivities,investmentsInPropertyPlantAndEquipment,acquisitionsNet,purchasesOfInvestments,salesMaturitiesOfInvestments,otherInvestingActivites,netCashUsedForInvestingActivites,debtRepayment,commonStockIssued,commonStockRepurchased,dividendsPaid,otherFinancingActivites,netCashUsedProvidedByFinancingActivities,effectOfForexChangesOnCash,netChangeInCash,cashAtEndOfPeriod,cashAtBeginningOfPeriod,operatingCashFlow,capitalExpenditure,freeCashFlow,link,finalLink
0,2019-03-24,SFS,2019-05-03 00:00:00,2019-05-02 21:52:03,Q1,-6677000.0,23884000,628000.0,2703000.0,-74987000,-1015000.0,15036000,-30215000,-41552000,0.0,12051000,-22208000,0.0,0.0,0.0,-3929000.0,-26137000,-210000.0,0.0,-57872000,0.0,62613000,4741000.0,0.0,-9345000.0,57872000,67217000,12051000,22208000,-10157000,https://www.sec.gov/Archives/edgar/data/1563407/000110465919026566/0001104659-19-026566-index.html,https://www.sec.gov/Archives/edgar/data/1563407/000110465919026566/a19-7727_110q.htm
0,2018-12-30,SFS,2019-03-15 00:00:00,2019-03-15 06:13:48,Q4,-121822000,23721000,-9841000.0,2293000.0,15059000,1166000.0,-9975000.0,4117000.0,33435000,0.0,31760000,-20281000,0.0,0.0,0.0,-3291000.0,-23572000,0.0,0.0,-5043000.0,900000.0,1898000.0,-3145000.0,0.0,5043000.0,67217000,62174000,31760000,20281000,11479000,https://www.sec.gov/Archives/edgar/data/1563407/000104746919001282/0001047469-19-001282-index.html,https://www.sec.gov/Archives/edgar/data/1563407/000104746919001282/a2237977z10-k.htm
0,2018-10-07,SFS,2018-11-15 00:00:00,2018-11-15 06:04:06,Q3,10160000,30512000,366000.0,3615000.0,30938000,-5967000.0,-6965000.0,13732000,18376000,0.0,44140000,-37578000,0.0,0.0,0.0,-4932000.0,-42510000,0.0,0.0,2040000.0,0.0,-5710000.0,-3670000.0,0.0,-2040000.0,62174000,64214000,44140000,37578000,6562000.0,https://www.sec.gov/Archives/edgar/data/1563407/000110465918068607/0001104659-18-068607-index.html,https://www.sec.gov/Archives/edgar/data/1563407/000110465918068607/a18-19013_110q.htm
0,2018-06-17,SFS,2018-07-26 00:00:00,2018-07-26 17:00:06,Q2,6601000.0,23584000,-2062000.0,3157000.0,-4405000.0,-2403000.0,2742000.0,1129000.0,-12562000,0.0,47122000,-32835000,0.0,0.0,0.0,-3603000.0,-36438000,0.0,0.0,-8424000.0,0.0,6164000.0,-2260000.0,0.0,8424000.0,64214000,55790000,47122000,32835000,14287000,https://www.sec.gov/Archives/edgar/data/1563407/000110465918047433/0001104659-18-047433-index.html,https://www.sec.gov/Archives/edgar/data/1563407/000110465918047433/a18-14069_110q.htm
0,2018-03-25,SFS,2018-05-03 00:00:00,2018-05-02 20:01:42,Q1,-7094000.0,23751000,257000.0,3285000.0,6576000.0,3452000.0,1972000.0,-24319000,-8157000.0,0.0,18195000,-25478000,0.0,0.0,0.0,-3509000.0,-28987000,0.0,0.0,-55790000,0.0,50701000,-5089000.0,0.0,-15881000,55790000,71671000,18195000,25478000,-7283000.0,https://www.sec.gov/Archives/edgar/data/1563407/000110465918029952/0001104659-18-029952-index.html,https://www.sec.gov/Archives/edgar/data/1563407/000110465918029952/a18-8641_110q.htm
0,2017-12-31,SFS,2018-03-16 00:00:00,2018-03-16 06:14:39,Q4,-146556000,23747000,19777000,3056000.0,20850000,870000.0,-18385000,20540000,-14733000,0.0,41455000,-42269000,0.0,0.0,0.0,-4006000.0,-46275000,0.0,0.0,0.0,455000.0,15601000,15601000,0.0,10781000,71671000,60890000,41455000,42269000,-814000.0,https://www.sec.gov/Archives/edgar/data/1563407/000104746918001719/0001047469-18-001719-index.html,https://www.sec.gov/Archives/edgar/data/1563407/000104746918001719/a2234755z10-k.htm
0,2017-10-08,SFS,2017-11-16 00:00:00,2017-11-16 16:31:57,Q3,5106000.0,31645000,1030000.0,4200000.0,-29836000,-900000.0,-4758000.0,-6317000.0,-35583000,0.0,32902000,-44432000,0.0,-6879000.0,0.0,3132000.0,-48179000,0.0,0.0,-6879000.0,0.0,19821000,12942000,0.0,-56570000,60890000,117460000,32902000,44432000,-11530000,https://www.sec.gov/Archives/edgar/data/1563407/000110465917069167/0001104659-17-069167-index.html,https://www.sec.gov/Archives/edgar/data/1563407/000110465917069167/a17-20612_110q.htm
0,2017-06-18,SFS,2017-07-26 00:00:00,2017-07-26 16:19:47,Q2,7128000.0,22760000,-240000.0,2490000.0,-6820000.0,-5621000.0,129000.0,14012000,-5747000.0,0.0,73827000,-38076000,0.0,1000.0,0.0,-2694000.0,-40769000,0.0,0.0,1000.0,0.0,-20219000,-20218000,0.0,12840000,63225000,50385000,73827000,38076000,35751000,https://www.sec.gov/Archives/edgar/data/1563407/000110465917047078/0001104659-17-047078-index.html,https://www.sec.gov/Archives/edgar/data/1563407/000110465917047078/a17-13328_110q.htm
0,2017-03-26,SFS,2017-05-04 00:00:00,2017-05-03 18:40:55,Q1,-4592000.0,22128000,-284000.0,1814000.0,-32126000,2663000.0,12020000,-8453000.0,1073000.0,0.0,21311000,-24570000,0.0,-5995000.0,0.0,3201000.0,-27364000,0.0,0.0,-5995000.0,0.0,8198000.0,2203000.0,0.0,50385000,50385000,54235000,21311000,24570000,-3259000.0,https://www.sec.gov/Archives/edgar/data/1563407/000110465917029529/0001104659-17-029529-index.html,https://www.sec.gov/Archives/edgar/data/1563407/000110465917029529/a17-8867_110q.htm
0,2017-01-01,SFS,2017-03-17 00:00:00,2017-03-16 19:26:32,Q4,-253000.0,22971000,861000.0,2555000.0,-3331000.0,274000.0,-23244000,19963000,33199000,0.0,11078000,-34848000,0.0,-5526000.0,0.0,6967000.0,-33407000,38000000,0.0,-5526000.0,769000.0,-9953000.0,22521000,0.0,192000.0,54235000,54043000,11078000,34848000,-23770000,https://www.sec.gov/Archives/edgar/data/1563407/000104746917001703/0001047469-17-001703-index.html,https://www.sec.gov/Archives/edgar/data/1563407/000104746917001703/a2231069z10-k.htm
0,2016-10-09,SFS,2016-11-17 00:00:00,2016-11-17 16:41:26,Q3,7033000.0,28488000,-203000.0,3830000.0,4730000.0,-1926000.0,-9583000.0,-7100000.0,36530000,0.0,25570000,-42849000,0.0,-22894000,0.0,19726000,-46017000,-23000000,0.0,-22894000,0.0,53000000,7106000.0,0.0,-13341000,54043000,67384000,25570000,42849000,-17279000,https://www.sec.gov/Archives/edgar/data/1563407/000110465916157833/0001104659-16-157833-index.html,https://www.sec.gov/Archives/edgar/data/1563407/000110465916157833/a16-17172_110q.htm
0,2016-06-19,SFS,2016-07-29 00:00:00,2016-07-29 08:01:57,Q2,8186000.0,19894000,365000.0,1911000.0,-5034000.0,-3475000.0,-10641000,26932000,31800000,0.0,48573000,-42129000,0.0,-2112000.0,0.0,950000.0,-43291000,-15000000,0.0,-2112000.0,0.0,16141000,-971000.0,0.0,4311000.0,67384000,63073000,48573000,42129000,6444000.0,https://www.sec.gov/Archives/edgar/data/1563407/000110465916135193/0001104659-16-135193-index.html,https://www.sec.gov/Archives/edgar/data/1563407/000110465916135193/a16-11563_110q.htm
0,2016-03-27,SFS,2016-05-04 00:00:00,2016-05-04 06:02:34,Q1,-2018000.0,18173000,446000.0,1507000.0,-25247000,2401000.0,-961000.0,-8717000.0,36834000,0.0,11872000,-28217000,0.0,-2992000.0,0.0,672000.0,-30537000,0.0,0.0,-2992000.0,0.0,25403000,22411000,0.0,63073000,63073000,59327000,11872000,28217000,-16345000,https://www.sec.gov/Archives/edgar/data/1563407/000110465916117326/0001104659-16-117326-index.html,https://www.sec.gov/Archives/edgar/data/1563407/000110465916117326/a16-6648_110q.htm
0,2016-01-03,SFS,2016-03-15 00:00:00,2016-03-14 19:02:52,Q4,9961000.0,17762000,-1883000.0,1922000.0,-49910000,-4722000.0,-2071000.0,2629000.0,62081000,0.0,30837000,-31713000,0.0,-129000.0,0.0,-67346000,-99188000,0.0,0.0,122171000,0.0,-116793000,5378000.0,0.0,-62973000,59327000,122300000,30837000,31713000,-876000.0,https://www.sec.gov/Archives/edgar/data/1563407/000104746916011125/0001047469-16-011125-index.html,https://www.sec.gov/Archives/edgar/data/1563407/000104746916011125/a2227596z10-k.htm
0,2015-10-04,SFS,2015-11-12 00:00:00,2015-11-12 16:53:59,Q3,12380000,22707000,-3320000.0,3178000.0,205000.0,-1215000.0,-17652000,11231000,111991000,0.0,43543000,-41675000,0.0,0.0,0.0,-516000.0,-42191000,0.0,0.0,-947000.0,0.0,542000.0,-405000.0,0.0,947000.0,122300000,121353000,43543000,41675000,1868000.0,https://www.sec.gov/Archives/edgar/data/1563407/000110465915078348/0001104659-15-078348-index.html,https://www.sec.gov/Archives/edgar/data/1563407/000110465915078348/a15-18045_110q.htm
0,2015-06-14,SFS,2015-07-23 00:00:00,2015-07-22 20:42:14,Q2,11038000,15921000,995000.0,2519000.0,-2637000.0,-1820000.0,-3475000.0,15220000,111786000,0.0,32944000,-36430000,0.0,0.0,0.0,1947000.0,-34483000,0.0,0.0,2724000.0,0.0,-3909000.0,-1185000.0,0.0,-2724000.0,121353000,124077000,32944000,36430000,-3486000.0,https://www.sec.gov/Archives/edgar/data/1563407/000110465915052670/0001104659-15-052670-index.html,https://www.sec.gov/Archives/edgar/data/1563407/000110465915052670/a15-12162_110q.htm
0,2015-03-22,SFS,2015-04-29 00:00:00,2015-04-29 16:53:06,Q1,4883000.0,15156000,883000.0,2384000.0,-2299000.0,4120000.0,12313000,-19828000,114423000,0.0,38067000,-22920000,0.0,0.0,0.0,2166000.0,-20754000,0.0,0.0,-124077000,0.0,123994000,-83000.0,0.0,124077000,124077000,106847000,38067000,22920000,15147000,https://www.sec.gov/Archives/edgar/data/1563407/000110465915031680/0001104659-15-031680-index.html,https://www.sec.gov/Archives/edgar/data/1563407/000110465915031680/a15-7981_110q.htm
0,2014-12-28,SFS,2015-03-25,2015-03-25 17:18:25,Q4,9273000.0,15967000,444000.0,2874000.0,416000.0,-60000.0,-12362000,-43559000,116722000,0.0,24912000,-27314000,0.0,0.0,0.0,-53966000,-81280000,0.0,0.0,3221000.0,0.0,-3773000.0,-552000.0,0.0,-3221000.0,106847000,110068000,24912000,27314000,-2402000.0,https://www.sec.gov/Archives/edgar/data/1563407/000104746915002730/0001047469-15-002730-index.htm,https://www.sec.gov/Archives/edgar/data/1563407/000104746915002730/a2223829z10-k.htm
