,date,symbol,fillingDate,acceptedDate,period,netIncome,depreciationAndAmortization,deferredIncomeTax,stockBasedCompensation,changeInWorkingCapital,accountsReceivables,inventory,accountsPayables,otherWorkingCapital,otherNonCashItems,netCashProvidedByOperatingActivities,investmentsInPropertyPlantAndEquipment,acquisitionsNet,purchasesOfInvestments,salesMaturitiesOfInvestments,otherInvestingActivites,netCashUsedForInvestingActivites,debtRepayment,commonStockIssued,commonStockRepurchased,dividendsPaid,otherFinancingActivites,netCashUsedProvidedByFinancingActivities,effectOfForexChangesOnCash,netChangeInCash,cashAtEndOfPeriod,cashAtBeginningOfPeriod,operatingCashFlow,capitalExpenditure,freeCashFlow,link,finalLink
0,2019-12-31,MBI,2020-02-27,2020-02-27 16:53:02,FY,-359000000,0.0,13000000,12000000,-504000000,-16000000,0.0,0.0,1828000000,-762000000,-368000000,0.0,0.0,-106000000,857000000,516000000,1267000000,-25000000,0.0,-106000000,0.0,-965000000,-1096000000,0.0,-197000000,83000000,280000000,-368000000,0.0,-368000000,https://www.sec.gov/Archives/edgar/data/814585/000119312520052873/0001193125-20-052873-index.htm,https://www.sec.gov/Archives/edgar/data/814585/000119312520052873/d833769d10k.htm
0,2018-12-31,MBI,2019-02-28,2019-02-28 16:52:44,FY,-296000000,0.0,0.0,6000000.0,-281000000,-9000000.0,0.0,0.0,2332000000,-541000000,-319000000,-1000000.0,0.0,-44000000,329000000,921000000,1206000000,-108000000,0.0,-44000000,0.0,-600000000,-752000000,-1000000.0,134000000,280000000,146000000,-319000000,-1000000.0,-320000000,https://www.sec.gov/Archives/edgar/data/814585/000119312519057808/0001193125-19-057808-index.htm,https://www.sec.gov/Archives/edgar/data/814585/000119312519057808/d700905d10k.htm
0,2017-12-31,MBI,2018-03-01,2018-03-01 16:53:31,FY,-1605000000,0.0,940000000,10000000,-789000000,-22000000,0.0,0.0,2613000000,-915000000,-652000000,-1000000.0,0.0,-330000000,568000000,963000000,1202000000,-4000000.0,0.0,-330000000,0.0,-281000000,-589000000,-2000000.0,-41000000,146000000,187000000,-652000000,-1000000.0,-653000000,https://www.sec.gov/Archives/edgar/data/814585/000119312518067440/0001193125-18-067440-index.htm,https://www.sec.gov/Archives/edgar/data/814585/000119312518067440/d437986d10k.htm
0,2016-12-31,MBI,2017-03-01,2017-03-01 16:41:48,FY,-338000000,0.0,-5000000.0,0.0,5620000000,-10000000,0.0,0.0,3402000000,-571000000,-222000000,-1000000.0,0.0,-108000000,680000000,1851000000,2424000000,-5000000.0,0.0,-110000000,0.0,-2434000000,-2535000000,-2000000.0,-335000000,187000000,522000000,-222000000,-1000000.0,-223000000,https://www.sec.gov/Archives/edgar/data/814585/000119312517065856/0001193125-17-065856-index.htm,https://www.sec.gov/Archives/edgar/data/814585/000119312517065856/d332634d10k.htm
0,2015-12-31,MBI,2016-02-29,2016-02-29 16:52:24,FY,180000000,0.0,107000000,20000000,1044000000,-21000000,0.0,0.0,-2218000000,-588000000,-55000000,-3000000.0,0.0,-303000000,800000000,315000000,817000000,-11000000,0.0,-303000000,0.0,-700000000,-1014000000,-8000000.0,-260000000,522000000,782000000,-55000000,-3000000.0,-58000000,https://www.sec.gov/Archives/edgar/data/814585/000119312516485560/0001193125-16-485560-index.htm,https://www.sec.gov/Archives/edgar/data/814585/000119312516485560/d115445d10k.htm
0,2014-12-31,MBI,2015-03-02,2015-03-02 16:38:49,FY,569000000,0.0,50000000,18000000,116000000,-24000000,0.0,0.0,-3262000000,-916000000,-333000000,-13000000,0.0,-32000000,484000000,365000000,812000000,-17000000,0.0,-32000000,0.0,-860000000,-892000000,-8000000.0,-421000000,837000000,1258000000,-333000000,-13000000,-346000000,https://www.sec.gov/Archives/edgar/data/814585/000119312515073382/0001193125-15-073382-index.htm,https://www.sec.gov/Archives/edgar/data/814585/000119312515073382/d868514d10k.htm
0,2013-12-31,MBI,2014-03-03,2014-03-03 16:49:20,FY,250000000,0.0,157000000,11000000,3010000000,-14000000,0.0,0.0,-3378000000,-1393000000,1829000000,-3000000.0,0.0,-3849000000,3979000000,8000000.0,-6000000.0,-3000000.0,0.0,0.0,0.0,-1563000000,-1566000000,11000000,268000000,1258000000,990000000,1829000000,-3000000.0,1826000000,https://www.sec.gov/Archives/edgar/data/814585/000119312514080397/0001193125-14-080397-index.htm,https://www.sec.gov/Archives/edgar/data/814585/000119312514080397/d678198d10k.htm
0,2012-12-31,MBI,2013-02-27,2013-02-27 17:06:52,FY,1234000000,0.0,365000000,11000000,4158000000,-9000000.0,0.0,0.0,-6388000000,-122000000,-1027000000,-7000000.0,0.0,-4463000000,6873000000,4202000000,4195000000,-540000000,0.0,0.0,0.0,-1281000000,-2811000000,0.0,357000000,990000000,633000000,-1027000000,-7000000.0,-1034000000,https://www.sec.gov/Archives/edgar/data/814585/000119312513080289/0001193125-13-080289-index.htm,https://www.sec.gov/Archives/edgar/data/814585/000119312513080289/d449637d10k.htm
0,2011-12-31,MBI,2012-02-29,2012-02-29 16:55:33,FY,-1319000000,7000000.0,-935000000,13000000,-361494000000,7000000.0,0.0,0.0,-10546000000,14000000,-2976000000,-5000000.0,0.0,-50000000,11321000000,4350000000,4295000000,-65000000,0.0,-50000000,0.0,-1701000000,-1816000000,0.0,-497000000,633000000,1130000000,-2976000000,-5000000.0,-2981000000,https://www.sec.gov/Archives/edgar/data/814585/000119312512089406/0001193125-12-089406-index.htm,https://www.sec.gov/Archives/edgar/data/814585/000119312512089406/d263225d10k.htm
0,2010-12-31,MBI,2011-03-01,2011-03-01 17:16:37,FY,52500000,7600000.0,-221200000,2264000.0,-435560000000,-4700000.0,0.0,0.0,350948000000,-1285400000,-1256700000,-4713000.0,0.0,-30521000,11889605000000,5046598000,5011400000,-392477000,0.0,-30500000,-1000000.0,-3004222000,-3428200000,0.0,326500000,1129500000,803000000,-1256700000,-4700000.0,-1261400000,https://www.sec.gov/Archives/edgar/data/814585/000119312511052366/0001193125-11-052366-index.htm,https://www.sec.gov/Archives/edgar/data/814585/000119312511052366/d10k.htm
0,2009-12-31,MBI,2010-03-01,2010-03-01 17:12:57,FY,634100000,9200000.0,1091000000,6431000000,-1473348000000,-137929000000,0.0,0.0,786508000000,-2492100000,-2192200000,0.0,0.0,-6909798000000,8658320000000,0.0,4976500000,-24686000000,0.0,-15700000,-9800000.0,0.0,-4260900000,0.0,-1476500000,803500000,2280000000,-2192200000,-5900000.0,-2198100000,https://www.sec.gov/Archives/edgar/data/814585/000119312510044879/0001193125-10-044879-index.htm,https://www.sec.gov/Archives/edgar/data/814585/000119312510044879/d10k.htm
0,2008-12-31,MBI,2009-03-02,2009-03-02 16:13:53,FY,-2672700000,9600000.0,-532600000,-30618000000,2288445268000,-48367000000,0.0,0.0,2259856000000,-1088400000,-156000000,0.0,0.0,-9002363000000,21842053000000,0.0,18091200000,22702000000,1628405000000,1816700000,-42600000,0.0,-15919100000,0.0,2016100000,2280100000,264000000,-156000000,-11000000,-167000000,https://www.sec.gov/Archives/edgar/data/814585/000119312509042548/0001193125-09-042548-index.htm,https://www.sec.gov/Archives/edgar/data/814585/000119312509042548/d10k.htm
0,2007-12-31,MBI,2008-02-29,2008-02-29 06:45:52,FY,-1921900000,10200000,-1197400000,14947000,-8960094000,157212000,0.0,0.0,-28589268000,-302900000,1022100000,0.0,0.0,-26935272000,22783219000,0.0,-6310800000,3284000.0,0.0,-699900000,-172800000,0.0,5283200000,0.0,-5500000.0,263500000,269000000,1022100000,-12400000,1009700000,https://www.sec.gov/Archives/edgar/data/814585/000119312508042602/0001193125-08-042602-index.htm,https://www.sec.gov/Archives/edgar/data/814585/000119312508042602/d10k.htm
0,2006-12-31,MBI,2007-03-01,2007-02-28 21:31:32,FY,819300000,8600000.0,-29600000,20379000,-1505220000,38796000,0.0,0.0,-19629174000,15000000,661100000,0.0,0.0,-17320279000,0.0,0.0,-4802800000,-12603000,0.0,-17100000,-162900000,0.0,4189300000,0.0,47600000,280600000,233000000,661100000,-11000000,650100000,https://www.sec.gov/Archives/edgar/data/814585/000119312507043147/0001193125-07-043147-index.htm,https://www.sec.gov/Archives/edgar/data/814585/000119312507043147/d10k.htm
0,2005-12-31,MBI,2006-03-08,2006-03-08 16:07:58,FY,711000000,12300000,55300000,19421000,-2888190000,11569513000,0.0,0.0,-18123954000,95500000,779500000,0.0,0.0,-15792509000,11569513000,0.0,-2188900000,-101000000,0.0,-346500000,-147200000,0.0,1276300000,0.0,-133200000,232800000,366000000,779500000,-9400000.0,770100000,https://www.sec.gov/Archives/edgar/data/814585/000119312506048353/0001193125-06-048353-index.htm,https://www.sec.gov/Archives/edgar/data/814585/000119312506048353/d10k.htm
0,2004-12-31,MBI,2005-03-16,2005-03-16 15:41:23,FY,843000000,13900000,114100000,16701000,-279181000,8037792000,0.0,0.0,-15235764000,81600000,903600000,0.0,0.0,-9615341000,8037792000,0.0,-2332400000,-50000000,0.0,-311600000,-132100000,0.0,1567500000,0.0,138700000,320700000,182000000,903600000,-8700000.0,894900000,https://www.sec.gov/Archives/edgar/data/814585/000119312505052662/0001193125-05-052662-index.htm,https://www.sec.gov/Archives/edgar/data/814585/000119312505052662/d10k.htm
0,2003-12-31,MBI,2004-03-12,2004-03-11 21:37:13,FY,813600000,11500000,38100000,26428000,-2643040000,11235246000,0.0,0.0,-14956583000,-69200000,978700000,0.0,0.0,-13468408000,11235246000,0.0,-3872500000,293695000,0.0,-56600000,-111000000,0.0,2993000000,0.0,99200000,182200000,83000000,978700000,-11100000,967600000,https://www.sec.gov/Archives/edgar/data/814585/000119312504039476/0001193125-04-039476-index.htm,https://www.sec.gov/Archives/edgar/data/814585/000119312504039476/d10k.htm
0,2002-12-31,MBI,2003-03-31,2003-03-31 08:46:15,FY,579100000,14000000,-4400000.0,0.0,-1701543000,5901762000,0.0,0.0,-12313543000,104000000,873200000,0.0,0.0,-9553366000,9534367000,0.0,-1918700000,-100000000,0.0,-192600000,-97200000,0.0,1013700000,0.0,-31800000,83200000,115000000,873200000,-15400000,857800000,https://www.sec.gov/Archives/edgar/data/814585/000095013003002644/0000950130-03-002644-index.htm,https://www.sec.gov/Archives/edgar/data/814585/000095013003002644/d10k.htm
0,2001-12-31,MBI,,,FY,570100000,16700000,-13800000,0.0,-1736000000,0.0,0.0,0.0,-10612000000,8600000.0,721600000,0.0,0.0,0.0,0.0,0.0,-2177200000,0.0,0.0,15300000,-87100000,0.0,1476600000,0.0,21100000,115100000,94000000,721600000,-6800000.0,714800000,,
0,2000-12-31,MBI,,,FY,528600000,18300000,49600000,0.0,-814000000,0.0,0.0,0.0,-8876000000,-31400000,640300000,0.0,0.0,0.0,0.0,0.0,-1090000000,0.0,0.0,-54300000,-80700000,0.0,450000000,0.0,400000.0,94400000,94000000,640300000,-18100000,622200000,,
0,1999-12-31,MBI,,,FY,320500000,18400000,-40500000,0.0,-747000000,0.0,0.0,0.0,-8062000000,-25300000,443300000,0.0,0.0,0.0,0.0,0.0,-1351900000,0.0,0.0,-10100000,-79800000,0.0,981400000,0.0,72800000,93800000,21000000,443300000,-58700000,384600000,,
0,1998-12-31,MBI,,,FY,432700000,17299999.999999996,19900000,0.0,-1026000000,0.0,0.0,0.0,-7315000000,-22700000,682000000,0.0,0.0,0.0,0.0,0.0,-1047400000,0.0,0.0,30700000,-85700000,0.0,359800000,0.0,-5500000.0,17500000,23000000,682000000,-22900000,659100000,,
0,1997-12-31,MBI,,,FY,374200000,11800000,13400000,0.0,-581000000,0.0,0.0,0.0,-6289000000,-20400000,482100000,0.0,0.0,0.0,0.0,0.0,-654700000,0.0,0.0,139000000,-66800000,0.0,188400000,0.0,15800000,22800000,7000000.0,482100000,-13700000,468400000,,
0,1996-12-31,MBI,,,FY,322200000,9399999.999999998,9300000.0,0.0,-1049000000,0.0,0.0,0.0,-5708000000,-21000000,446400000,0.0,0.0,0.0,0.0,0.0,-1108900000,0.0,0.0,81500000,-60500000,0.0,646600000,0.0,-15900000,7100000.0,23000000,446400000,-9200000.0,437200000,,
0,1995-12-31,MBI,1996-03-29 00:00:00,1996-03-29 00:00:00,FY,271400000,9200000.0,11300000,0.0,-1206000000,0.0,0.0,0.0,-4659000000,-18500000,351100000,0.0,0.0,0.0,0.0,0.0,-1473000000,0.0,0.0,16300000,-53200000,0.0,1137200000,0.0,15300000,23300000,8000000.0,351100000,-4900000.0,346200000,https://www.sec.gov/Archives/edgar/data/814585/000081458596000001/0000814585-96-000001-index.html,https://www.sec.gov/Archives/edgar/data/814585/0000814585-96-000001.txt
0,1994-12-31,MBI,1995-03-31 00:00:00,1995-03-31 00:00:00,FY,260200000,8200000.0,19100000,0.0,-1242000000,0.0,0.0,0.0,-3453000000,600000.0,376400000,0.0,0.0,0.0,0.0,0.0,-1328500000,0.0,0.0,-12400000,-45500000,0.0,957500000,0.0,5400000.0,7400000.0,2000000.0,376400000,-4100000.0,372300000,https://www.sec.gov/Archives/edgar/data/814585/000081458595000002/0000814585-95-000002-index.html,https://www.sec.gov/Archives/edgar/data/814585/0000814585-95-000002.txt
