datetime,symbol,name,exchange,begin_date,marketCap,open,high,low,close,adjClose,volume,unadjustedVolume,change,changePercent,vwap
1989-09-01,CELG,Celgene Corporation,NASDAQ,1989-09-19,150621100,0.34,0.37,0.34,0.35,0.35,3703200.0,3703200.0,0.01,0.34488888888888886,0.34963111111111117
1989-10-01,CELG,Celgene Corporation,NASDAQ,1989-09-19,120496880,0.35,0.35,0.27,0.28,0.28,7248000.0,7248000.0,-0.060000000000000005,-0.8257272727272728,0.3140909090909091
1989-11-01,CELG,Celgene Corporation,NASDAQ,1989-09-19,129103800,0.28,0.32,0.22,0.3,0.3,10833600.0,10833600.0,0.010000000000000004,0.2282380952380952,0.2657138095238096
1989-12-01,CELG,Celgene Corporation,NASDAQ,1989-09-19,133407260,0.3,0.32,0.27,0.31,0.31,14688000.0,14688000.0,0.039999999999999994,0.72655,0.2979995
1990-01-01,CELG,Celgene Corporation,NASDAQ,1989-09-19,124800340,0.31,0.34,0.26,0.29,0.29,12489600.0,12489600.0,-1.734723475976807e-18,0.07504545454545455,0.3022722727272727
1990-02-01,CELG,Celgene Corporation,NASDAQ,1989-09-19,133407260,0.29,0.31,0.27,0.31,0.31,4216800.0,4216800.0,0.03,0.5638947368421053,0.2905268421052632
1990-03-01,CELG,Celgene Corporation,NASDAQ,1989-09-19,133407260,0.3,0.36,0.28,0.31,0.31,16171200.0,16171200.0,0.009999999999999997,0.21404545454545457,0.2924245454545453
1990-04-01,CELG,Celgene Corporation,NASDAQ,1989-09-19,124800340,0.3,0.32,0.27,0.29,0.29,5860800.0,5860800.0,0.05999999999999999,1.1266000000000003,0.27533350000000006
1990-05-01,CELG,Celgene Corporation,NASDAQ,1989-09-19,94676120,0.28,0.29,0.19,0.22,0.22,11239200.0,11239200.0,-0.039999999999999994,-0.6102727272727272,0.24666681818181813
1990-06-01,CELG,Celgene Corporation,NASDAQ,1989-09-19,120496880,0.22,0.31,0.22,0.28,0.28,4816800.0,4816800.0,0.10999999999999999,2.1056666666666666,0.23682571428571433
1990-07-01,CELG,Celgene Corporation,NASDAQ,1989-09-19,129103800,0.28,0.31,0.26,0.3,0.3,5565600.0,5565600.0,-0.02,-0.2743333333333333,0.29269809523809515
1990-08-01,CELG,Celgene Corporation,NASDAQ,1989-09-19,129103800,0.29,0.3,0.22,0.3,0.3,11647200.0,11647200.0,0.02,0.4800434782608697,0.24942000000000003
1990-09-01,CELG,Celgene Corporation,NASDAQ,1989-09-19,111889960,0.3,0.36,0.23,0.26,0.26,9451200.0,9451200.0,-0.030000000000000002,-0.43815789473684214,0.30491315789473683
1990-10-01,CELG,Celgene Corporation,NASDAQ,1989-09-19,111889960,0.27,0.31,0.24,0.26,0.26,5616000.0,5616000.0,0.09999999999999999,1.5463043478260865,0.2872465217391304
1990-11-01,CELG,Celgene Corporation,NASDAQ,1989-09-19,111889960,0.26,0.28,0.22,0.26,0.26,5551200.0,5551200.0,0.010000000000000002,0.2829047619047621,0.24619047619047624
1990-12-01,CELG,Celgene Corporation,NASDAQ,1989-09-19,116193420,0.27,0.28,0.25,0.27,0.27,15830400.0,15830400.0,-0.030000000000000006,-0.5214500000000001,0.252499
1991-01-01,CELG,Celgene Corporation,NASDAQ,1989-09-19,142014180,0.27,0.36,0.26,0.33,0.33,8822400.0,8822400.0,0.05000000000000001,0.8881363636363637,0.28878863636363633
1991-02-01,CELG,Celgene Corporation,NASDAQ,1989-09-19,185048780,0.32,0.43,0.32,0.43,0.43,20282400.0,20282400.0,0.049999999999999996,0.8960526315789473,0.36929894736842106
1991-03-01,CELG,Celgene Corporation,NASDAQ,1989-09-19,215173000,0.45,0.53,0.38,0.5,0.5,15916800.0,15916800.0,0.019999999999999997,0.2869,0.43566650000000007
1991-04-01,CELG,Celgene Corporation,NASDAQ,1989-09-19,185048780,0.5,0.52,0.4,0.43,0.43,14784000.0,14784000.0,-0.04999999999999999,-0.38849999999999985,0.4578786363636364
1991-05-01,CELG,Celgene Corporation,NASDAQ,1989-09-19,176441860,0.43,0.46,0.36,0.41,0.41,15744000.0,15744000.0,-0.029999999999999995,-0.2644090909090909,0.41772818181818194
1991-06-01,CELG,Celgene Corporation,NASDAQ,1989-09-19,167834940,0.39,0.41,0.34,0.39,0.39,9228000.0,9228000.0,0.08,1.1345500000000002,0.3829994999999999
1991-07-01,CELG,Celgene Corporation,NASDAQ,1989-09-19,172138400,0.39,0.42,0.39,0.4,0.4,6960000.0,6960000.0,-0.05,-0.5129999999999999,0.40181772727272735
1991-08-01,CELG,Celgene Corporation,NASDAQ,1989-09-19,215173000,0.4,0.52,0.37,0.5,0.5,18974400.0,18974400.0,0.14999999999999997,1.6260454545454548,0.4346972727272727
1991-09-01,CELG,Celgene Corporation,NASDAQ,1989-09-19,206566080,0.48,0.55,0.44,0.48,0.48,12290400.0,12290400.0,0.05,0.5992,0.4758335000000001
1991-10-01,CELG,Celgene Corporation,NASDAQ,1989-09-19,284028360,0.49,0.68,0.47,0.66,0.66,36547200.0,36547200.0,0.21000000000000002,1.6400869565217389,0.5407239130434782
1991-11-01,CELG,Celgene Corporation,NASDAQ,1989-09-19,253904140,0.66,0.86,0.58,0.59,0.59,90252000.0,90252000.0,8.673617379884035e-18,0.15500000000000003,0.681
1991-12-01,CELG,Celgene Corporation,NASDAQ,1989-09-19,275421440,0.58,0.69,0.55,0.64,0.64,50678400.0,50678400.0,0.060000000000000005,0.5342857142857144,0.6193652380952381
1992-01-01,CELG,Celgene Corporation,NASDAQ,1989-09-19,305545660,0.64,0.81,0.61,0.71,0.71,63336000.0,63336000.0,-0.06,-0.24095454545454525,0.7324245454545454
1992-02-01,CELG,Celgene Corporation,NASDAQ,1989-09-19,327062960,0.69,0.78,0.69,0.76,0.76,28240800.0,28240800.0,1.0408340855860843e-17,0.066,0.7326315789473684
1992-03-01,CELG,Celgene Corporation,NASDAQ,1989-09-19,245297220,0.78,0.78,0.55,0.57,0.57,37557600.0,37557600.0,-0.24,-1.5305,0.6837868181818181
1992-04-01,CELG,Celgene Corporation,NASDAQ,1989-09-19,193655700,0.57,0.57,0.41,0.45,0.45,32604000.0,32604000.0,-0.11000000000000003,-0.9793333333333335,0.4988895238095237
1992-05-01,CELG,Celgene Corporation,NASDAQ,1989-09-19,215173000,0.46,0.55,0.39,0.5,0.5,35208000.0,35208000.0,-0.06,-0.5438000000000001,0.4766659999999998
1992-06-01,CELG,Celgene Corporation,NASDAQ,1989-09-19,180745320,0.52,0.55,0.4,0.42,0.42,21816000.0,21816000.0,-0.19999999999999996,-1.8121818181818186,0.4557568181818181
1992-07-01,CELG,Celgene Corporation,NASDAQ,1989-09-19,185048780,0.44,0.44,0.39,0.43,0.43,18420000.0,18420000.0,-0.019999999999999997,-0.16627272727272727,0.41712136363636354
1992-08-01,CELG,Celgene Corporation,NASDAQ,1989-09-19,172138400,0.44,0.46,0.4,0.4,0.4,14364000.0,14364000.0,-0.04,-0.43600000000000005,0.4279366666666666
1992-09-01,CELG,Celgene Corporation,NASDAQ,1989-09-19,163531480,0.4,0.45,0.35,0.38,0.38,13896000.0,13896000.0,-0.13,-1.5107142857142857,0.4080952380952381
1992-10-01,CELG,Celgene Corporation,NASDAQ,1989-09-19,172138400,0.36,0.41,0.3,0.4,0.4,103303200.0,103303200.0,-0.05999999999999999,-0.7560909090909093,0.3446977272727272
1992-11-01,CELG,Celgene Corporation,NASDAQ,1989-09-19,206566080,0.41,0.53,0.38,0.48,0.48,45278400.0,45278400.0,0.010000000000000004,0.27219999999999994,0.461167
1992-12-01,CELG,Celgene Corporation,NASDAQ,1989-09-19,236690300,0.48,0.59,0.45,0.55,0.55,28953600.0,28953600.0,0.15000000000000002,1.4132727272727272,0.5071204545454544
1993-01-01,CELG,Celgene Corporation,NASDAQ,1989-09-19,223779920,0.56,0.58,0.49,0.52,0.52,56025600.0,56025600.0,-0.07,-0.5764999999999999,0.5294989999999999
1993-02-01,CELG,Celgene Corporation,NASDAQ,1989-09-19,167834940,0.52,0.52,0.38,0.39,0.39,26901600.0,26901600.0,-0.12000000000000001,-1.2534736842105263,0.4375431578947368
1993-03-01,CELG,Celgene Corporation,NASDAQ,1989-09-19,202262620,0.39,0.49,0.32,0.47,0.47,47145600.0,47145600.0,0.03,0.3883043478260869,0.39753652173913034
1993-04-01,CELG,Celgene Corporation,NASDAQ,1989-09-19,197959160,0.46,0.5,0.4,0.46,0.46,22783200.0,22783200.0,-0.009999999999999997,-0.06785714285714294,0.4482547619047619
1993-05-01,CELG,Celgene Corporation,NASDAQ,1989-09-19,202262620,0.47,0.5,0.43,0.47,0.47,15760800.0,15760800.0,-0.05000000000000001,-0.4800000000000001,0.46116650000000003
1993-06-01,CELG,Celgene Corporation,NASDAQ,1989-09-19,185048780,0.46,0.49,0.41,0.43,0.43,14582400.0,14582400.0,-0.030000000000000006,-0.27509090909090905,0.4489413636363636
1993-07-01,CELG,Celgene Corporation,NASDAQ,1989-09-19,189352240,0.5,0.6,0.41,0.44,0.44,39631200.0,39631200.0,-0.060000000000000005,-0.520095238095238,0.49095095238095227
1993-08-01,CELG,Celgene Corporation,NASDAQ,1989-09-19,185048780,0.46,0.47,0.42,0.43,0.43,14508000.0,14508000.0,0.009999999999999998,0.1465,0.44954545454545447
1993-09-01,CELG,Celgene Corporation,NASDAQ,1989-09-19,172138400,0.42,0.45,0.35,0.4,0.4,16276800.0,16276800.0,0.019999999999999997,0.254047619047619,0.4182538095238096
1993-10-01,CELG,Celgene Corporation,NASDAQ,1989-09-19,154924560,0.39,0.41,0.31,0.36,0.36,27175200.0,27175200.0,-0.06,-0.6524285714285715,0.3787304761904762
1993-11-01,CELG,Celgene Corporation,NASDAQ,1989-09-19,129103800,0.36,0.38,0.28,0.3,0.3,50551200.0,50551200.0,0.03,0.5536190476190477,0.3184123809523809
1993-12-01,CELG,Celgene Corporation,NASDAQ,1989-09-19,124800340,0.3,0.33,0.28,0.29,0.29,50697600.0,50697600.0,-0.01,-0.14104545454545456,0.29636363636363633
1994-01-01,CELG,Celgene Corporation,NASDAQ,1989-09-19,124800340,0.3,0.31,0.29,0.29,0.29,23908800.0,23908800.0,-0.060000000000000005,-0.9256666666666666,0.29365
1994-02-01,CELG,Celgene Corporation,NASDAQ,1989-09-19,124800340,0.29,0.3,0.27,0.29,0.29,17496000.0,17496000.0,-0.019999999999999997,-0.34442105263157896,0.28772000000000003
1994-03-01,CELG,Celgene Corporation,NASDAQ,1989-09-19,120496880,0.28,0.38,0.27,0.28,0.28,37411200.0,37411200.0,0.020000000000000004,0.3909130434782611,0.3240586956521739
1994-04-01,CELG,Celgene Corporation,NASDAQ,1989-09-19,124800340,0.27,0.35,0.26,0.29,0.29,18465600.0,18465600.0,-0.04000000000000001,-0.5958421052631581,0.2947368421052632
1994-05-01,CELG,Celgene Corporation,NASDAQ,1989-09-19,124800340,0.29,0.29,0.24,0.29,0.29,15864000.0,15864000.0,0.07,1.2971428571428572,0.26762047619047624
1994-06-01,CELG,Celgene Corporation,NASDAQ,1989-09-19,116193420,0.29,0.3,0.26,0.27,0.27,24295200.0,24295200.0,-0.03,-0.41400000000000003,0.2839386363636364
1994-07-01,CELG,Celgene Corporation,NASDAQ,1989-09-19,142014180,0.27,0.35,0.27,0.33,0.33,25142400.0,25142400.0,0.07,1.233,0.30950000000000005
1994-08-01,CELG,Celgene Corporation,NASDAQ,1989-09-19,133407260,0.33,0.36,0.28,0.31,0.31,26368800.0,26368800.0,-0.019999999999999993,-0.1862608695652174,0.3243486956521739
1994-09-01,CELG,Celgene Corporation,NASDAQ,1989-09-19,124800340,0.3,0.33,0.28,0.29,0.29,13435200.0,13435200.0,0.04,0.6304285714285716,0.30444476190476194
1994-10-01,CELG,Celgene Corporation,NASDAQ,1989-09-19,120496880,0.28,0.3,0.25,0.28,0.28,14680800.0,14680800.0,0.05,0.9369523809523811,0.28269857142857147
1994-11-01,CELG,Celgene Corporation,NASDAQ,1989-09-19,129103800,0.28,0.33,0.27,0.3,0.3,35560800.0,35560800.0,0.08999999999999998,1.5665238095238099,0.286032380952381
1994-12-01,CELG,Celgene Corporation,NASDAQ,1989-09-19,98979580,0.3,0.3,0.22,0.23,0.23,36148800.0,36148800.0,0.03,0.5740476190476191,0.25968238095238094
1995-01-01,CELG,Celgene Corporation,NASDAQ,1989-09-19,98979580,0.23,0.26,0.18,0.23,0.23,32484000.0,32484000.0,0.06999999999999999,1.719,0.22634952380952383
1995-02-01,CELG,Celgene Corporation,NASDAQ,1989-09-19,94676120,0.23,0.23,0.21,0.22,0.22,21494400.0,21494400.0,0.02,0.5095263157894737,0.22561578947368416
1995-03-01,CELG,Celgene Corporation,NASDAQ,1989-09-19,98979580,0.22,0.23,0.2,0.23,0.23,20236800.0,20236800.0,0.019999999999999997,0.46808695652173904,0.22057956521739133
1995-04-01,CELG,Celgene Corporation,NASDAQ,1989-09-19,94676120,0.23,0.24,0.2,0.22,0.22,16720800.0,16720800.0,0.03,0.8071578947368421,0.2215805263157895
1995-05-01,CELG,Celgene Corporation,NASDAQ,1989-09-19,163531480,0.22,0.38,0.21,0.38,0.38,48506400.0,48506400.0,0.12000000000000002,2.0886363636363643,0.2895449999999999
1995-06-01,CELG,Celgene Corporation,NASDAQ,1989-09-19,142014180,0.38,0.48,0.3,0.33,0.33,80908800.0,80908800.0,-0.04000000000000002,-0.16277272727272732,0.3490918181818181
1995-07-01,CELG,Celgene Corporation,NASDAQ,1989-09-19,137710720,0.33,0.36,0.3,0.32,0.32,25099200.0,25099200.0,-0.03999999999999999,-0.4617999999999999,0.33083399999999996
1995-08-01,CELG,Celgene Corporation,NASDAQ,1989-09-19,185048780,0.33,0.47,0.32,0.43,0.43,81244800.0,81244800.0,0.06,0.7698695652173914,0.37174086956521746
1995-09-01,CELG,Celgene Corporation,NASDAQ,1989-09-19,172138400,0.44,0.45,0.39,0.4,0.4,45223200.0,45223200.0,-0.04,-0.45405000000000006,0.4153320000000001
1995-10-01,CELG,Celgene Corporation,NASDAQ,1989-09-19,159228020,0.41,0.41,0.34,0.37,0.37,34569600.0,34569600.0,-0.05,-0.5272727272727272,0.3812113636363637
1995-11-01,CELG,Celgene Corporation,NASDAQ,1989-09-19,176441860,0.39,0.43,0.36,0.41,0.41,37896000.0,37896000.0,0.13,1.5815714285714286,0.4069847619047619
1995-12-01,CELG,Celgene Corporation,NASDAQ,1989-09-19,240993760,0.41,0.56,0.39,0.56,0.56,85831200.0,85831200.0,0.15000000000000002,1.70045,0.461167
1996-01-01,CELG,Celgene Corporation,NASDAQ,1989-09-19,275421440,0.56,0.64,0.46,0.64,0.64,63369600.0,63369600.0,0.02999999999999999,0.27754545454545454,0.5395463636363637
1996-02-01,CELG,Celgene Corporation,NASDAQ,1989-09-19,301242200,0.64,0.79,0.63,0.7,0.7,107486400.0,107486400.0,0.13999999999999996,1.0718,0.7085005
1996-03-01,CELG,Celgene Corporation,NASDAQ,1989-09-19,296938740,0.68,0.75,0.61,0.69,0.69,66434400.0,66434400.0,-0.04000000000000001,-0.20800000000000002,0.6734914285714284
1996-04-01,CELG,Celgene Corporation,NASDAQ,1989-09-19,271117980,0.68,0.69,0.56,0.63,0.63,47448000.0,47448000.0,-0.07000000000000002,-0.4778571428571427,0.6211114285714285
1996-05-01,CELG,Celgene Corporation,NASDAQ,1989-09-19,284028360,0.63,0.76,0.56,0.66,0.66,65685600.0,65685600.0,-0.08000000000000002,-0.4708636363636364,0.6625759090909091
1996-06-01,CELG,Celgene Corporation,NASDAQ,1989-09-19,206566080,0.67,0.68,0.46,0.48,0.48,55888800.0,55888800.0,-0.16,-1.3314499999999998,0.5821665
1996-07-01,CELG,Celgene Corporation,NASDAQ,1989-09-19,146317640,0.47,0.48,0.25,0.34,0.34,120568800.0,120568800.0,-0.26000000000000006,-3.023545454545454,0.3613636363636363
1996-08-01,CELG,Celgene Corporation,NASDAQ,1989-09-19,150621100,0.34,0.43,0.32,0.35,0.35,42432000.0,42432000.0,-0.06000000000000001,-0.557181818181818,0.3695454545454545
1996-09-01,CELG,Celgene Corporation,NASDAQ,1989-09-19,189352240,0.33,0.49,0.31,0.44,0.44,49384800.0,49384800.0,0.10999999999999999,1.5421,0.40450050000000004
1996-10-01,CELG,Celgene Corporation,NASDAQ,1989-09-19,154924560,0.44,0.49,0.33,0.36,0.36,48667200.0,48667200.0,-0.04,-0.3508695652173915,0.41376826086956514
1996-11-01,CELG,Celgene Corporation,NASDAQ,1989-09-19,172138400,0.38,0.42,0.34,0.4,0.4,51122400.0,51122400.0,0.020000000000000004,0.3364,0.3883335
1996-12-01,CELG,Celgene Corporation,NASDAQ,1989-09-19,197959160,0.41,0.51,0.4,0.46,0.46,72789600.0,72789600.0,-0.020000000000000004,-0.0024285714285716053,0.45460285714285725
1997-01-01,CELG,Celgene Corporation,NASDAQ,1989-09-19,197959160,0.45,0.52,0.41,0.46,0.46,55168800.0,55168800.0,-0.039999999999999994,-0.34659090909090917,0.4666672727272727
1997-02-01,CELG,Celgene Corporation,NASDAQ,1989-09-19,172138400,0.47,0.48,0.39,0.4,0.4,48902400.0,48902400.0,-0.08999999999999998,-1.0418947368421052,0.42649105263157905
1997-03-01,CELG,Celgene Corporation,NASDAQ,1989-09-19,129103800,0.4,0.41,0.29,0.3,0.3,34564800.0,34564800.0,-0.030000000000000006,-0.24080000000000004,0.345999
1997-04-01,CELG,Celgene Corporation,NASDAQ,1989-09-19,98979580,0.29,0.33,0.2,0.23,0.23,78962400.0,78962400.0,-0.09999999999999998,-1.6697727272727272,0.2743931818181818
1997-05-01,CELG,Celgene Corporation,NASDAQ,1989-09-19,124800340,0.24,0.32,0.22,0.29,0.29,56042400.0,56042400.0,0.009999999999999998,0.2044285714285714,0.27222238095238105
1997-06-01,CELG,Celgene Corporation,NASDAQ,1989-09-19,133407260,0.29,0.32,0.27,0.31,0.31,37197600.0,37197600.0,0.03,0.5546190476190477,0.30142809523809516
1997-07-01,CELG,Celgene Corporation,NASDAQ,1989-09-19,133407260,0.3,0.34,0.28,0.31,0.31,39926400.0,39926400.0,-0.04,-0.5019090909090909,0.31560499999999997
1997-08-01,CELG,Celgene Corporation,NASDAQ,1989-09-19,176441860,0.31,0.44,0.3,0.41,0.41,61898400.0,61898400.0,0.07,1.0213809523809523,0.390317619047619
1997-09-01,CELG,Celgene Corporation,NASDAQ,1989-09-19,197959160,0.42,0.52,0.41,0.46,0.46,168602400.0,168602400.0,-0.09,-0.733095238095238,0.44809571428571443
1997-10-01,CELG,Celgene Corporation,NASDAQ,1989-09-19,172138400,0.46,0.56,0.36,0.4,0.4,74844000.0,74844000.0,-0.05,-0.37904347826086954,0.47942
1997-11-01,CELG,Celgene Corporation,NASDAQ,1989-09-19,163531480,0.41,0.45,0.34,0.38,0.38,63012000.0,63012000.0,-0.08000000000000002,-0.9307368421052632,0.40877210526315794
1997-12-01,CELG,Celgene Corporation,NASDAQ,1989-09-19,150621100,0.39,0.39,0.32,0.35,0.35,69201600.0,69201600.0,-0.07999999999999997,-0.9410454545454544,0.3634840909090909
1998-01-01,CELG,Celgene Corporation,NASDAQ,1989-09-19,154924560,0.36,0.41,0.3,0.36,0.36,50455200.0,50455200.0,0.030000000000000013,0.55195,0.36299950000000003
1998-02-01,CELG,Celgene Corporation,NASDAQ,1989-09-19,159228020,0.36,0.39,0.29,0.37,0.37,72146400.0,72146400.0,3.469446951953614e-18,0.12268421052631584,0.3424552631578947
1998-03-01,CELG,Celgene Corporation,NASDAQ,1989-09-19,193655700,0.38,0.48,0.34,0.45,0.45,77925600.0,77925600.0,0.1,1.2450909090909092,0.39999999999999997
1998-04-01,CELG,Celgene Corporation,NASDAQ,1989-09-19,180745320,0.45,0.46,0.34,0.42,0.42,54427200.0,54427200.0,-0.030000000000000013,-0.2633809523809524,0.42412761904761903
1998-05-01,CELG,Celgene Corporation,NASDAQ,1989-09-19,176441860,0.42,0.48,0.36,0.41,0.41,53608800.0,53608800.0,0.01999999999999999,0.40540000000000004,0.4249995000000001
1998-06-01,CELG,Celgene Corporation,NASDAQ,1989-09-19,189352240,0.42,0.46,0.38,0.44,0.44,34653600.0,34653600.0,0.049999999999999996,0.5778181818181818,0.4184840909090909
1998-07-01,CELG,Celgene Corporation,NASDAQ,1989-09-19,172138400,0.44,0.63,0.37,0.4,0.4,180247200.0,180247200.0,-0.19,-1.5076363636363637,0.4681813636363636
1998-08-01,CELG,Celgene Corporation,NASDAQ,1989-09-19,107586500,0.42,0.43,0.24,0.25,0.25,67056000.0,67056000.0,-0.14,-1.835666666666667,0.38523761904761905
1998-09-01,CELG,Celgene Corporation,NASDAQ,1989-09-19,176441860,0.25,0.42,0.17,0.41,0.41,125928000.0,125928000.0,0.14,2.0867142857142857,0.3396828571428572
1998-10-01,CELG,Celgene Corporation,NASDAQ,1989-09-19,142014180,0.39,0.42,0.31,0.33,0.33,62793600.0,62793600.0,-0.14,-1.6115000000000002,0.36378727272727274
1998-11-01,CELG,Celgene Corporation,NASDAQ,1989-09-19,146317640,0.33,0.41,0.31,0.34,0.34,71620800.0,71620800.0,-0.07,-0.8430500000000001,0.3569995
1998-12-01,CELG,Celgene Corporation,NASDAQ,1989-09-19,275421440,0.35,0.72,0.33,0.64,0.64,293323200.0,293323200.0,0.10000000000000003,1.3639545454545454,0.5383331818181818
1999-01-01,CELG,Celgene Corporation,NASDAQ,1989-09-19,271117980,0.67,0.78,0.6,0.63,0.63,168823200.0,168823200.0,-0.15000000000000002,-1.0156315789473684,0.6877205263157895
1999-02-01,CELG,Celgene Corporation,NASDAQ,1989-09-19,232386840,0.62,0.64,0.47,0.54,0.54,78590400.0,78590400.0,-0.12000000000000001,-1.0256315789473684,0.5808773684210526
1999-03-01,CELG,Celgene Corporation,NASDAQ,1989-09-19,288331820,0.54,0.68,0.47,0.67,0.67,84876000.0,84876000.0,0.1,0.8254347826086956,0.553333043478261
1999-04-01,CELG,Celgene Corporation,NASDAQ,1989-09-19,339973340,0.66,0.84,0.6,0.79,0.79,101805600.0,101805600.0,0.009999999999999997,0.2,0.7430157142857144
1999-05-01,CELG,Celgene Corporation,NASDAQ,1989-09-19,296938740,0.79,0.81,0.57,0.69,0.69,116505600.0,116505600.0,-0.14,-0.8346000000000002,0.7201660000000001
1999-06-01,CELG,Celgene Corporation,NASDAQ,1989-09-19,314152580,0.7,0.75,0.63,0.73,0.73,47738400.0,47738400.0,0.04,0.3079090909090909,0.6860613636363636
1999-07-01,CELG,Celgene Corporation,NASDAQ,1989-09-19,284028360,0.73,0.76,0.63,0.66,0.66,58752000.0,58752000.0,-0.12000000000000001,-0.7947619047619047,0.6912695238095239
1999-08-01,CELG,Celgene Corporation,NASDAQ,1989-09-19,305545660,0.67,0.78,0.58,0.71,0.71,75422400.0,75422400.0,0.05,0.4004090909090909,0.6712118181818182
1999-09-01,CELG,Celgene Corporation,NASDAQ,1989-09-19,486290980,0.71,1.21,0.7,1.13,1.13,237074400.0,237074400.0,0.23000000000000004,1.5661904761904761,1.0339676190476188
1999-10-01,CELG,Celgene Corporation,NASDAQ,1989-09-19,546539420,1.13,1.27,1.03,1.27,1.27,121653600.0,121653600.0,0.04,0.2510952380952381,1.1438100000000002
1999-11-01,CELG,Celgene Corporation,NASDAQ,1989-09-19,1071561540,1.27,2.82,1.27,2.49,2.49,264895200.0,264895200.0,0.7100000000000001,2.184428571428571,1.8976185714285714
1999-12-01,CELG,Celgene Corporation,NASDAQ,1989-09-19,1256610320,2.49,3.03,2.05,2.92,2.92,184137600.0,184137600.0,0.30999999999999994,0.5760000000000001,2.604545
2000-01-01,CELG,Celgene Corporation,NASDAQ,1989-09-19,1252306860,2.92,3.4,2.29,2.91,2.91,158551200.0,158551200.0,0.53,1.08415,2.7155005
2000-02-01,CELG,Celgene Corporation,NASDAQ,1989-09-19,2969387400,2.96,7.11,2.83,6.9,6.9,317966400.0,317966400.0,3.6,4.2863500000000005,4.884999499999999
2000-03-01,CELG,Celgene Corporation,NASDAQ,1989-09-19,1785935900,6.9,7.79,3.47,4.15,4.15,276643200.0,276643200.0,-4.029999999999999,-2.680695652173913,5.807971304347825
2000-04-01,CELG,Celgene Corporation,NASDAQ,1989-09-19,2530434480,4.53,6.11,2.9,5.88,5.88,256004800.0,256004800.0,0.1299999999999998,0.585315789473684,4.307368421052632
2000-05-01,CELG,Celgene Corporation,NASDAQ,1989-09-19,1975288140,6.12,6.44,3.88,4.59,4.59,201591200.0,201591200.0,-0.5199999999999998,-0.42059090909090907,5.424848181818181
2000-06-01,CELG,Celgene Corporation,NASDAQ,1989-09-19,3167346560,4.72,8.56,4.58,7.36,7.36,192949600.0,192949600.0,0.9000000000000002,1.119818181818182,6.527423181818182
2000-07-01,CELG,Celgene Corporation,NASDAQ,1989-09-19,2792945540,7.31,7.34,5.22,6.49,6.49,160384800.0,160384800.0,-2.6200000000000006,-1.9318000000000004,6.325667
2000-08-01,CELG,Celgene Corporation,NASDAQ,1989-09-19,3980700500,6.41,9.38,6.13,9.25,9.25,137203200.0,137203200.0,1.6099999999999999,0.9397826086956521,7.465506956521739
2000-09-01,CELG,Celgene Corporation,NASDAQ,1989-09-19,3201774240,9.36,9.5,6.57,7.44,7.44,216893600.0,216893600.0,-1.69,-0.7429000000000006,8.129166500000002
2000-10-01,CELG,Celgene Corporation,NASDAQ,1989-09-19,3464285300,7.34,9.3,5.48,8.05,8.05,184932000.0,184932000.0,0.28999999999999987,0.22599999999999998,7.480150909090908
2000-11-01,CELG,Celgene Corporation,NASDAQ,1989-09-19,3068366980,8.0,9.36,6.14,7.13,7.13,187998400.0,187998400.0,-1.5499999999999998,-0.8298095238095239,7.588889523809523
2000-12-01,CELG,Celgene Corporation,NASDAQ,1989-09-19,1747204760,7.25,8.75,3.36,4.06,4.06,342899200.0,342899200.0,-4.789999999999999,-3.8636000000000004,6.046666
2001-01-01,CELG,Celgene Corporation,NASDAQ,1989-09-19,1493300620,4.15,4.19,2.34,3.47,3.47,561700000.0,561700000.0,-1.36,-1.532380952380952,3.4161909523809517
2001-02-01,CELG,Celgene Corporation,NASDAQ,1989-09-19,1407231420,3.57,3.67,2.74,3.27,3.27,144588000.0,144588000.0,-0.17,-0.07989473684210516,3.3205263157894738
2001-03-01,CELG,Celgene Corporation,NASDAQ,1989-09-19,1346982980,3.22,3.5,2.12,3.13,3.13,220736800.0,220736800.0,-0.32,-0.22331818181818164,2.894849090909091
2001-04-01,CELG,Celgene Corporation,NASDAQ,1989-09-19,951064660,3.09,3.11,1.8,2.21,2.21,483010400.0,483010400.0,-0.9700000000000001,-1.7478000000000002,2.3196664999999994
2001-05-01,CELG,Celgene Corporation,NASDAQ,1989-09-19,1527728300,2.19,3.81,1.92,3.55,3.55,432348800.0,432348800.0,0.98,1.5548636363636368,2.704395454545455
2001-06-01,CELG,Celgene Corporation,NASDAQ,1989-09-19,1553549060,3.73,4.56,3.13,3.61,3.61,447897600.0,447897600.0,-0.6500000000000001,-0.7176190476190476,3.8142861904761896
2001-07-01,CELG,Celgene Corporation,NASDAQ,1989-09-19,1407231420,3.63,3.69,3.05,3.27,3.27,180126400.0,180126400.0,-0.4799999999999999,-0.5630952380952379,3.424602857142857
2001-08-01,CELG,Celgene Corporation,NASDAQ,1989-09-19,1497604080,3.36,3.69,2.58,3.48,3.48,179925600.0,179925600.0,0.01999999999999995,0.06421739130434793,3.2386956521739134
2001-09-01,CELG,Celgene Corporation,NASDAQ,1989-09-19,1420141800,3.52,3.68,2.56,3.3,3.3,120696000.0,120696000.0,0.02,0.22253333333333294,3.132
2001-10-01,CELG,Celgene Corporation,NASDAQ,1989-09-19,1773025520,3.22,4.3,2.93,4.12,4.12,276012000.0,276012000.0,0.9199999999999999,1.2361739130434786,3.5972465217391307
2001-11-01,CELG,Celgene Corporation,NASDAQ,1989-09-19,1876308560,4.21,4.86,4.12,4.36,4.36,277528000.0,277528000.0,-0.19999999999999996,-0.14819047619047612,4.546031428571429
2001-12-01,CELG,Celgene Corporation,NASDAQ,1989-09-19,1717080540,4.39,4.63,3.6,3.99,3.99,278407200.0,278407200.0,-0.57,-0.6028999999999999,4.008667
2002-01-01,CELG,Celgene Corporation,NASDAQ,1989-09-19,1476086780,4.01,4.03,2.83,3.43,3.43,220044800.0,220044800.0,-0.6400000000000001,-0.6931428571428573,3.5257142857142854
2002-02-01,CELG,Celgene Corporation,NASDAQ,1989-09-19,1402927960,3.46,3.71,3.06,3.26,3.26,206164000.0,206164000.0,-0.18,-0.1878947368421052,3.374736842105263
2002-03-01,CELG,Celgene Corporation,NASDAQ,1989-09-19,1329769140,3.26,3.48,2.69,3.09,3.09,220514400.0,220514400.0,0.42000000000000004,0.733,3.0393334999999997
2002-04-01,CELG,Celgene Corporation,NASDAQ,1989-09-19,1062954620,3.08,3.15,2.3,2.47,2.47,152312800.0,152312800.0,-0.4600000000000001,-0.7256818181818181,2.842575909090909
2002-05-01,CELG,Celgene Corporation,NASDAQ,1989-09-19,968278500,2.48,2.68,2.19,2.25,2.25,133076000.0,133076000.0,-0.55,-0.9660454545454545,2.4174236363636363
2002-06-01,CELG,Celgene Corporation,NASDAQ,1989-09-19,821960860,2.25,2.34,1.42,1.91,1.91,175650400.0,175650400.0,-0.009999999999999981,0.11205000000000007,2.077333
2002-07-01,CELG,Celgene Corporation,NASDAQ,1989-09-19,925243900,1.91,2.25,1.42,2.15,2.15,214336800.0,214336800.0,-0.040000000000000036,-0.056818181818181795,1.758787727272727
2002-08-01,CELG,Celgene Corporation,NASDAQ,1989-09-19,933850820,2.15,2.67,1.96,2.17,2.17,131210400.0,131210400.0,0.019999999999999934,0.15490909090909086,2.311667272727273
2002-09-01,CELG,Celgene Corporation,NASDAQ,1989-09-19,908030060,2.16,2.3,1.86,2.11,2.11,100916000.0,100916000.0,0.020000000000000018,0.11970000000000003,2.1273324999999996
2002-10-01,CELG,Celgene Corporation,NASDAQ,1989-09-19,1192058420,2.11,2.79,1.88,2.77,2.77,156053600.0,156053600.0,0.52,0.9905652173913042,2.243477826086956
2002-11-01,CELG,Celgene Corporation,NASDAQ,1989-09-19,1325465680,2.78,3.19,2.61,3.08,3.08,140479200.0,140479200.0,0.6599999999999999,1.1872500000000001,2.9385004999999995
2002-12-01,CELG,Celgene Corporation,NASDAQ,1989-09-19,1153327280,3.09,3.18,2.56,2.68,2.68,133817600.0,133817600.0,0.01999999999999999,0.10942857142857139,2.7896823809523816
2003-01-01,CELG,Celgene Corporation,NASDAQ,1989-09-19,1204968800,2.69,3.13,2.59,2.8,2.8,147997600.0,147997600.0,0.29000000000000004,0.5544285714285715,2.881905238095238
2003-02-01,CELG,Celgene Corporation,NASDAQ,1989-09-19,1179148040,2.81,2.86,2.52,2.74,2.74,99313600.0,99313600.0,-0.08000000000000004,-0.1281578947368421,2.719824210526316
2003-03-01,CELG,Celgene Corporation,NASDAQ,1989-09-19,1402927960,2.73,3.49,2.73,3.26,3.26,190624000.0,190624000.0,0.5399999999999999,0.8794285714285716,3.1277780952380954
2003-04-01,CELG,Celgene Corporation,NASDAQ,1989-09-19,1433052180,3.26,3.64,3.09,3.33,3.33,267469600.0,267469600.0,-0.18000000000000002,-0.2257619047619047,3.340952380952381
2003-05-01,CELG,Celgene Corporation,NASDAQ,1989-09-19,1695563240,3.32,4.48,3.22,3.94,3.94,447925600.0,447925600.0,0.38,0.6061428571428571,3.687619523809524
2003-06-01,CELG,Celgene Corporation,NASDAQ,1989-09-19,1631011340,3.98,4.64,3.75,3.79,3.79,324723200.0,324723200.0,-0.35,-0.355952380952381,4.096666666666667
2003-07-01,CELG,Celgene Corporation,NASDAQ,1989-09-19,1966681220,3.83,4.73,3.57,4.57,4.57,251281600.0,251281600.0,0.10000000000000005,0.1780909090909092,4.14045409090909
2003-08-01,CELG,Celgene Corporation,NASDAQ,1989-09-19,2069964260,4.57,5.0,4.09,4.81,4.81,169704000.0,169704000.0,0.16000000000000006,0.17538095238095242,4.561110952380952
2003-09-01,CELG,Celgene Corporation,NASDAQ,1989-09-19,2328171860,4.81,6.11,4.75,5.41,5.41,347165600.0,347165600.0,0.46999999999999986,0.4845714285714285,5.5579357142857155
2003-10-01,CELG,Celgene Corporation,NASDAQ,1989-09-19,2242102660,5.42,5.86,4.81,5.21,5.21,320068000.0,320068000.0,-0.84,-0.6553478260869566,5.3833334782608695
2003-11-01,CELG,Celgene Corporation,NASDAQ,1989-09-19,2461579120,5.28,5.81,4.57,5.72,5.72,248871200.0,248871200.0,0.4099999999999999,0.4142631578947369,5.197017894736842
2003-12-01,CELG,Celgene Corporation,NASDAQ,1989-09-19,2414241060,5.74,6.02,5.35,5.61,5.61,225228000.0,225228000.0,-0.30999999999999994,-0.22990909090909095,5.612575909090909
2004-01-01,CELG,Celgene Corporation,NASDAQ,1989-09-19,2177550760,5.63,6.0,4.82,5.06,5.06,393834400.0,393834400.0,-0.57,-0.47265000000000024,5.3614995
2004-02-01,CELG,Celgene Corporation,NASDAQ,1989-09-19,2203371520,5.03,5.37,4.69,5.12,5.12,203434400.0,203434400.0,-0.2799999999999999,-0.27047368421052626,5.107017894736842
2004-03-01,CELG,Celgene Corporation,NASDAQ,1989-09-19,2564862160,5.15,6.12,5.14,5.96,5.96,238035200.0,238035200.0,0.9100000000000001,0.7281304347826086,5.6482604347826095
2004-04-01,CELG,Celgene Corporation,NASDAQ,1989-09-19,2775731700,5.97,7.58,5.63,6.45,6.45,338849600.0,338849600.0,1.73,1.3384285714285715,6.611588095238095
2004-05-01,CELG,Celgene Corporation,NASDAQ,1989-09-19,3068366980,6.44,7.16,6.27,7.13,7.13,215235200.0,215235200.0,0.42,0.32655,6.7783335
2004-06-01,CELG,Celgene Corporation,NASDAQ,1989-09-19,3081277360,7.11,7.54,6.64,7.16,7.16,216761600.0,216761600.0,-0.10000000000000013,-0.0559047619047619,7.076031904761904
2004-07-01,CELG,Celgene Corporation,NASDAQ,1989-09-19,2870407820,7.17,7.23,5.83,6.67,6.67,225590400.0,225590400.0,-0.07000000000000006,0.005714285714285687,6.705715238095238
2004-08-01,CELG,Celgene Corporation,NASDAQ,1989-09-19,3051153140,6.68,7.22,6.13,7.09,7.09,162944000.0,162944000.0,0.3399999999999999,0.24840909090909094,6.638788181818183
2004-09-01,CELG,Celgene Corporation,NASDAQ,1989-09-19,3132918880,7.08,7.52,6.94,7.28,7.28,151481600.0,151481600.0,0.24000000000000002,0.16423809523809527,7.24793761904762
2004-10-01,CELG,Celgene Corporation,NASDAQ,1989-09-19,3188863860,7.33,7.97,6.88,7.41,7.41,232983600.0,232983600.0,0.24000000000000005,0.1762380952380953,7.584127619047619
2004-11-01,CELG,Celgene Corporation,NASDAQ,1989-09-19,2952173560,7.38,8.15,6.58,6.86,6.86,268795200.0,268795200.0,-0.6000000000000002,-0.38766666666666666,7.2666666666666675
2004-12-01,CELG,Celgene Corporation,NASDAQ,1989-09-19,2853193980,6.94,7.45,6.44,6.63,6.63,166978000.0,166978000.0,-0.6399999999999999,-0.4053181818181818,6.904999545454547
2005-01-01,CELG,Celgene Corporation,NASDAQ,1989-09-19,2943566640,6.67,7.5,6.18,6.84,6.84,173790800.0,173790800.0,0.19999999999999993,0.18084999999999996,7.0173334999999994
2005-02-01,CELG,Celgene Corporation,NASDAQ,1989-09-19,2943566640,6.84,7.25,6.55,6.84,6.84,90869200.0,90869200.0,-0.10999999999999999,-0.06436842105263159,6.956666315789475
2005-03-01,CELG,Celgene Corporation,NASDAQ,1989-09-19,3662244460,6.86,8.81,6.82,8.51,8.51,226812800.0,226812800.0,0.22999999999999993,0.17254545454545453,8.081819090909091
2005-04-01,CELG,Celgene Corporation,NASDAQ,1989-09-19,4079680080,8.56,10.23,8.3,9.48,9.48,227358000.0,227358000.0,0.71,0.39828571428571424,9.333016190476188
2005-05-01,CELG,Celgene Corporation,NASDAQ,1989-09-19,4557364140,9.57,10.59,9.01,10.59,10.59,262813200.0,262813200.0,-0.4300000000000002,-0.20347619047619053,9.773968095238095
2005-06-01,CELG,Celgene Corporation,NASDAQ,1989-09-19,4380922280,10.65,10.81,9.75,10.18,10.18,196212800.0,196212800.0,-1.2399999999999998,-0.5270909090909092,10.15212090909091
2005-07-01,CELG,Celgene Corporation,NASDAQ,1989-09-19,5146938160,10.24,12.34,9.89,11.96,11.96,213098400.0,213098400.0,1.6599999999999997,0.7799499999999999,11.191833499999998
2005-08-01,CELG,Celgene Corporation,NASDAQ,1989-09-19,5400842300,11.97,12.55,11.4,12.55,12.55,128031600.0,128031600.0,0.54,0.2006521739130435,11.88391304347826
2005-09-01,CELG,Celgene Corporation,NASDAQ,1989-09-19,5844098680,12.56,14.71,12.54,13.58,13.58,310981200.0,310981200.0,1.21,0.4782380952380952,13.401587619047621
2005-10-01,CELG,Celgene Corporation,NASDAQ,1989-09-19,6037754380,13.0,14.07,11.3,14.03,14.03,206756000.0,206756000.0,-0.3300000000000002,-0.10604761904761906,12.856983809523808
2005-11-01,CELG,Celgene Corporation,NASDAQ,1989-09-19,6554169580,14.04,15.82,13.83,15.23,15.23,133780400.0,133780400.0,1.33,0.45290476190476187,15.022697619047616
2005-12-01,CELG,Celgene Corporation,NASDAQ,1989-09-19,6971605200,15.3,16.34,14.0,16.2,16.2,226795200.0,226795200.0,-1.12,-0.35995238095238086,15.047301428571426
2006-01-01,CELG,Celgene Corporation,NASDAQ,1989-09-19,7655855340,16.25,18.05,15.75,17.79,17.79,243446400.0,243446400.0,1.3000000000000003,0.3978,17.008166499999998
2006-02-01,CELG,Celgene Corporation,NASDAQ,1989-09-19,8176574000,17.75,19.4,16.74,19.0,19.0,124354600.0,124354600.0,0.98,0.29105263157894734,17.685615263157892
2006-03-01,CELG,Celgene Corporation,NASDAQ,1989-09-19,9514950060,19.34,22.11,18.8,22.11,22.11,132549200.0,132549200.0,2.79,0.602,20.378986086956523
2006-04-01,CELG,Celgene Corporation,NASDAQ,1989-09-19,9071693680,22.18,22.37,18.01,21.08,21.08,168279200.0,168279200.0,-2.9600000000000004,-0.7205263157894738,19.642632105263157
2006-05-01,CELG,Celgene Corporation,NASDAQ,1989-09-19,8921072580,21.04,21.77,18.64,20.73,20.73,163699400.0,163699400.0,-1.69,-0.3467272727272727,20.38893909090909
2006-06-01,CELG,Celgene Corporation,NASDAQ,1989-09-19,10207807120,20.84,24.2,20.13,23.72,23.72,176830800.0,176830800.0,0.98,0.2408181818181819,21.87697
2006-07-01,CELG,Celgene Corporation,NASDAQ,1989-09-19,10306786700,23.8,24.71,21.62,23.95,23.95,153928400.0,153928400.0,1.7200000000000002,0.3794,23.4745
2006-08-01,CELG,Celgene Corporation,NASDAQ,1989-09-19,8753237640,23.8,23.99,20.24,20.34,20.34,164175400.0,164175400.0,-3.46,-0.6620869565217393,21.80521739130435
2006-09-01,CELG,Celgene Corporation,NASDAQ,1989-09-19,9316990900,20.76,22.0,19.66,21.65,21.65,147292800.0,147292800.0,1.04,0.2651,20.872499499999996
2006-10-01,CELG,Celgene Corporation,NASDAQ,1989-09-19,11498845120,21.7,26.75,20.84,26.72,26.72,168475200.0,168475200.0,3.9400000000000004,0.7624090909090909,23.090757727272727
2006-11-01,CELG,Celgene Corporation,NASDAQ,1989-09-19,11993743020,26.71,28.38,25.0,27.87,27.87,211270800.0,211270800.0,1.97,0.3587619047619047,27.167460000000005
2006-12-01,CELG,Celgene Corporation,NASDAQ,1989-09-19,12376750960,27.74,30.06,26.75,28.76,28.76,149569400.0,149569400.0,-0.9800000000000002,-0.15739999999999996,28.8133325
2007-01-01,CELG,Celgene Corporation,NASDAQ,1989-09-19,11550486640,29.05,29.3,26.34,26.84,26.84,156505000.0,156505000.0,-0.35,-0.05510000000000002,27.605166500000003
2007-02-01,CELG,Celgene Corporation,NASDAQ,1989-09-19,11468720900,27.13,28.71,26.15,26.65,26.65,130161000.0,130161000.0,-0.35,-0.05263157894736842,27.327895263157895
2007-03-01,CELG,Celgene Corporation,NASDAQ,1989-09-19,11287975580,26.2,27.75,24.73,26.23,26.23,181209800.0,181209800.0,0.1700000000000005,0.03849999999999998,26.13939363636364
2007-04-01,CELG,Celgene Corporation,NASDAQ,1989-09-19,13159980680,26.23,31.59,26.2,30.58,30.58,169108200.0,169108200.0,3.329999999999999,0.6140499999999998,29.361333000000002
2007-05-01,CELG,Celgene Corporation,NASDAQ,1989-09-19,13168587600,30.73,33.47,29.68,30.6,30.6,183110000.0,183110000.0,-0.4899999999999998,-0.04890909090909093,31.724243181818178
2007-06-01,CELG,Celgene Corporation,NASDAQ,1989-09-19,12338019820,30.66,31.27,27.95,28.67,28.67,190085400.0,190085400.0,-3.0900000000000003,-0.48190476190476195,29.450792857142854
2007-07-01,CELG,Celgene Corporation,NASDAQ,1989-09-19,13030876880,28.75,31.55,28.25,30.28,30.28,181401600.0,181401600.0,-0.22000000000000008,-0.022428571428571433,29.492380952380948
2007-08-01,CELG,Celgene Corporation,NASDAQ,1989-09-19,13846088880,30.29,32.15,28.33,32.11,32.11,177272800.0,177272800.0,2.8899999999999997,0.42030434782608694,30.134058695652175
2007-09-01,CELG,Celgene Corporation,NASDAQ,1989-09-19,15372565200,32.0,36.12,31.72,35.65,35.65,153536000.0,153536000.0,4.13,0.6579999999999999,34.33245631578948
2007-10-01,CELG,Celgene Corporation,NASDAQ,1989-09-19,14229864000,35.69,37.72,30.13,33.0,33.0,198988200.0,198988200.0,-2.37,-0.2775217391304348,35.30840565217392
2007-11-01,CELG,Celgene Corporation,NASDAQ,1989-09-19,13292589240,32.64,33.14,30.03,30.78,30.78,177427000.0,177427000.0,-2.4399999999999995,-0.3544285714285714,31.753650952380955
2007-12-01,CELG,Celgene Corporation,NASDAQ,1989-09-19,9980238380,30.9,30.9,20.63,23.11,23.11,375362600.0,375362600.0,-7.090000000000001,-1.2530000000000001,25.696167499999994
2008-01-01,CELG,Celgene Corporation,NASDAQ,1989-09-19,12117935480,23.04,28.16,23.04,28.06,28.06,286454600.0,286454600.0,5.329999999999999,1.0224285714285715,26.2260319047619
2008-02-01,CELG,Celgene Corporation,NASDAQ,1989-09-19,11629939230,28.35,30.0,26.51,28.21,28.21,195977400.0,195977400.0,-0.3100000000000003,-0.035050000000000046,28.357334
2008-03-01,CELG,Celgene Corporation,NASDAQ,1989-09-19,12635860950,28.22,31.1,26.92,30.65,30.65,232219000.0,232219000.0,2.1300000000000003,0.39790000000000003,28.900999499999994
2008-04-01,CELG,Celgene Corporation,NASDAQ,1989-09-19,12809011410,31.0,32.72,30.65,31.07,31.07,140694600.0,140694600.0,-0.99,-0.13027272727272732,31.722575909090907
2008-05-01,CELG,Celgene Corporation,NASDAQ,1989-09-19,13007333930,31.04,32.95,28.44,30.43,30.43,193227400.0,193227400.0,-0.5999999999999998,-0.07923809523809518,30.54555619047619
2008-06-01,CELG,Celgene Corporation,NASDAQ,1989-09-19,13648510430,30.25,32.15,29.24,31.93,31.93,162223400.0,162223400.0,2.4800000000000004,0.39699999999999996,30.528412857142854
2008-07-01,CELG,Celgene Corporation,NASDAQ,1989-09-19,16132000740,32.95,38.4,32.58,37.74,37.74,282935600.0,282935600.0,4.75,0.6273636363636363,35.786364090909096
2008-08-01,CELG,Celgene Corporation,NASDAQ,1989-09-19,15149187900,37.95,38.7,34.42,34.65,34.65,148508000.0,148508000.0,-3.5500000000000003,-0.4512857142857143,36.873174761904764
2008-09-01,CELG,Celgene Corporation,NASDAQ,1989-09-19,13833197840,34.92,35.62,28.0,31.64,31.64,237339800.0,237339800.0,-7.199999999999999,-1.0115238095238095,33.257619523809524
2008-10-01,CELG,Celgene Corporation,NASDAQ,1989-09-19,14047428780,31.74,32.36,24.74,32.13,32.13,313664400.0,313664400.0,3.8099999999999996,0.7230434782608696,29.007245652173907
2008-11-01,CELG,Celgene Corporation,NASDAQ,1989-09-19,11530251000,32.19,33.25,22.72,26.05,26.05,206625800.0,206625800.0,-6.170000000000001,-1.0743684210526314,28.6221052631579
2008-12-01,CELG,Celgene Corporation,NASDAQ,1989-09-19,12234016800,25.25,27.96,22.89,27.64,27.64,225742800.0,225742800.0,1.9899999999999998,0.4221363636363634,25.98651545454545
2009-01-01,CELG,Celgene Corporation,NASDAQ,1989-09-19,11720577600,27.47,28.3,23.79,26.48,26.48,222670600.0,222670600.0,0.4799999999999994,0.14514999999999997,25.4398325
2009-02-01,CELG,Celgene Corporation,NASDAQ,1989-09-19,10471508850,26.42,28.03,22.17,22.37,22.37,204893600.0,204893600.0,-2.2800000000000002,-0.4754210526315789,26.298946315789472
2009-03-01,CELG,Celgene Corporation,NASDAQ,1989-09-19,10391931000,21.86,24.31,19.66,22.2,22.2,293020600.0,293020600.0,-0.1200000000000001,0.040227272727272695,22.361516363636362
2009-04-01,CELG,Celgene Corporation,NASDAQ,1989-09-19,9998722800,19.36,21.88,18.45,21.36,21.36,348790400.0,348790400.0,1.1200000000000003,0.27942857142857147,20.069841428571426
2009-05-01,CELG,Celgene Corporation,NASDAQ,1989-09-19,9879070080,20.92,21.38,19.25,21.12,21.12,210514200.0,210514200.0,2.41,0.6167499999999999,20.198999999999998
2009-06-01,CELG,Celgene Corporation,NASDAQ,1989-09-19,11188795280,21.21,24.39,21.0,23.92,23.92,200619800.0,200619800.0,2.4199999999999995,0.49990909090909086,22.58363545454545
2009-07-01,CELG,Celgene Corporation,NASDAQ,1989-09-19,13321776320,24.13,29.16,22.64,28.48,28.48,200185200.0,200185200.0,1.52,0.267,24.883181363636368
2009-08-01,CELG,Celgene Corporation,NASDAQ,1989-09-19,12191591520,28.65,29.08,25.66,26.08,26.08,133471000.0,133471000.0,-1.5100000000000002,-0.2542380952380952,26.870158571428576
2009-09-01,CELG,Celgene Corporation,NASDAQ,1989-09-19,13065758550,25.92,28.09,25.06,27.95,27.95,135542000.0,135542000.0,1.7999999999999998,0.3342380952380954,26.502698095238095
2009-10-01,CELG,Celgene Corporation,NASDAQ,1989-09-19,11934483570,27.77,28.73,25.05,25.53,25.53,161471400.0,161471400.0,-2.46,-0.40736363636363637,27.148788181818187
2009-11-01,CELG,Celgene Corporation,NASDAQ,1989-09-19,12959726420,25.53,27.93,24.87,27.73,27.73,126077600.0,126077600.0,2.2,0.41670000000000007,26.870000499999996
2009-12-01,CELG,Celgene Corporation,NASDAQ,1989-09-19,13011135360,28.01,28.9,25.3,27.84,27.84,188436400.0,188436400.0,-1.7200000000000002,-0.28095454545454546,27.55121181818182
2010-01-01,CELG,Celgene Corporation,NASDAQ,1989-09-19,13268180060,28.32,29.83,27.19,28.39,28.39,158549600.0,158549600.0,0.2699999999999999,0.05673684210526313,28.63508842105264
2010-02-01,CELG,Celgene Corporation,NASDAQ,1989-09-19,13908455040,28.42,30.25,27.01,29.76,29.76,119497400.0,119497400.0,1.9899999999999998,0.368,28.86298315789474
2010-03-01,CELG,Celgene Corporation,NASDAQ,1989-09-19,14478626920,30.05,32.9,29.86,30.98,30.98,128680400.0,128680400.0,-0.30999999999999994,-0.030260869565217414,31.241159565217394
2010-04-01,CELG,Celgene Corporation,NASDAQ,1989-09-19,14487974000,31.06,32.0,28.5,31.0,31.0,170745400.0,170745400.0,-2.1999999999999997,-0.3290952380952381,30.468571904761916
2010-05-01,CELG,Celgene Corporation,NASDAQ,1989-09-19,12385858460,30.88,31.16,25.82,26.38,26.38,214405400.0,214405400.0,-3.4899999999999993,-0.60445,28.71983400000001
2010-06-01,CELG,Celgene Corporation,NASDAQ,1989-09-19,11930426970,26.28,28.37,24.77,25.41,25.41,191956600.0,191956600.0,-0.23999999999999994,-0.0266363636363637,26.920909090909095
2010-07-01,CELG,Celgene Corporation,NASDAQ,1989-09-19,12949278860,25.15,27.75,24.01,27.58,27.58,164069000.0,164069000.0,0.77,0.1516666666666667,25.96365095238095
2010-08-01,CELG,Celgene Corporation,NASDAQ,1989-09-19,12085367580,27.95,29.0,24.75,25.74,25.74,145069400.0,145069400.0,-0.12999999999999984,-0.021636363636363586,27.240908636363635
2010-09-01,CELG,Celgene Corporation,NASDAQ,1989-09-19,13526784770,26.1,29.5,25.9,28.81,28.81,114732800.0,114732800.0,1.9699999999999998,0.35109523809523807,27.721904761904767
2010-10-01,CELG,Celgene Corporation,NASDAQ,1989-09-19,14559722170,29.11,31.37,28.3,31.01,31.01,133405600.0,133405600.0,0.15,0.026285714285714287,29.332539523809526
2010-11-01,CELG,Celgene Corporation,NASDAQ,1989-09-19,13939959730,30.75,31.73,29.39,29.69,29.69,108657600.0,108657600.0,0.0,0.003333333333333342,30.484761428571428
2010-12-01,CELG,Celgene Corporation,NASDAQ,1989-09-19,13883617690,30.08,30.33,27.12,29.57,29.57,170197000.0,170197000.0,-0.31999999999999973,-0.050772727272727254,29.310152272727272
2011-01-01,CELG,Celgene Corporation,NASDAQ,1989-09-19,12094757920,29.87,30.45,25.48,25.76,25.76,165650200.0,165650200.0,-3.78,-0.6667,28.464999499999998
2011-02-01,CELG,Celgene Corporation,NASDAQ,1989-09-19,12537839250,26.0,27.43,24.46,26.55,26.55,247061000.0,247061000.0,1.5100000000000002,0.3251578947368421,26.163158421052632
2011-03-01,CELG,Celgene Corporation,NASDAQ,1989-09-19,13595645650,26.61,28.87,25.71,28.79,28.79,166534600.0,166534600.0,2.3800000000000003,0.38813043478260867,27.002753913043485
2011-04-01,CELG,Celgene Corporation,NASDAQ,1989-09-19,13902598400,28.87,29.87,27.42,29.44,29.44,124471600.0,124471600.0,0.3400000000000002,0.06259999999999996,28.367499499999997
2011-05-01,CELG,Celgene Corporation,NASDAQ,1989-09-19,14345380680,29.63,30.85,28.22,30.46,30.46,123488400.0,123488400.0,0.97,0.15995238095238096,29.918888095238096
2011-06-01,CELG,Celgene Corporation,NASDAQ,1989-09-19,14204093280,30.42,30.5,28.67,30.16,30.16,106941400.0,106941400.0,0.25,0.045772727272727236,29.60742409090909
2011-07-01,CELG,Celgene Corporation,NASDAQ,1989-09-19,13963904700,30.38,31.25,29.32,29.65,29.65,108424000.0,108424000.0,-1.8499999999999999,-0.30115,30.3298335
2011-08-01,CELG,Celgene Corporation,NASDAQ,1989-09-19,13890126480,29.92,30.21,25.85,29.74,29.74,207782800.0,207782800.0,1.5799999999999998,0.269304347826087,28.023043043478264
2011-09-01,CELG,Celgene Corporation,NASDAQ,1989-09-19,14459929920,29.92,32.93,28.4,30.96,30.96,182918800.0,182918800.0,2.4200000000000004,0.4101428571428572,30.715713333333333
2011-10-01,CELG,Celgene Corporation,NASDAQ,1989-09-19,15141825840,30.8,34.13,29.66,32.42,32.42,151788000.0,151788000.0,0.06000000000000011,0.03457142857142858,32.56587285714286
2011-11-01,CELG,Celgene Corporation,NASDAQ,1989-09-19,14595071920,31.59,32.91,30.0,31.54,31.54,134598800.0,134598800.0,-0.33,-0.04642857142857142,31.654602380952376
2011-12-01,CELG,Celgene Corporation,NASDAQ,1989-09-19,15640882400,31.58,34.08,30.45,33.8,33.8,135696800.0,135696800.0,0.17999999999999997,0.030476190476190473,32.24476095238096
2012-01-01,CELG,Celgene Corporation,NASDAQ,1989-09-19,16820889800,34.26,37.56,33.14,36.35,36.35,154449800.0,154449800.0,2.99,0.42625,35.7811655
2012-02-01,CELG,Celgene Corporation,NASDAQ,1989-09-19,16445602680,36.36,38.04,35.76,36.66,36.66,116186200.0,116186200.0,0.21000000000000008,0.03304999999999997,36.905667
2012-03-01,CELG,Celgene Corporation,NASDAQ,1989-09-19,17387658480,36.78,39.42,35.65,38.76,38.76,110704000.0,110704000.0,2.1800000000000006,0.2671818181818182,37.74212090909091
2012-04-01,CELG,Celgene Corporation,NASDAQ,1989-09-19,16360369060,38.79,40.21,36.17,36.47,36.47,132506000.0,132506000.0,-0.9600000000000001,-0.12389999999999998,38.9558335
2012-05-01,CELG,Celgene Corporation,NASDAQ,1989-09-19,15259249960,36.49,36.65,33.79,34.13,34.13,140163600.0,140163600.0,-1.0599999999999996,-0.1298181818181818,35.05272772727273
2012-06-01,CELG,Celgene Corporation,NASDAQ,1989-09-19,14342711360,33.72,34.84,29.26,32.08,32.08,210418600.0,210418600.0,0.29999999999999993,0.06776190476190476,32.115079047619055
2012-07-01,CELG,Celgene Corporation,NASDAQ,1989-09-19,15303959160,32.33,35.71,30.95,34.23,34.23,131286200.0,131286200.0,1.57,0.24080952380952383,32.98984047619048
2012-08-01,CELG,Celgene Corporation,NASDAQ,1989-09-19,15972420640,34.65,36.26,33.44,36.02,36.02,119867000.0,119867000.0,0.77,0.0972173913043478,35.438985217391306
2012-09-01,CELG,Celgene Corporation,NASDAQ,1989-09-19,16939102400,35.7,39.31,35.33,38.2,38.2,94544600.0,94544600.0,1.8399999999999996,0.27089473684210524,37.67438578947368
2012-10-01,CELG,Celgene Corporation,NASDAQ,1989-09-19,16260651440,38.49,40.62,36.6,36.67,36.67,102800400.0,102800400.0,-2.96,-0.363,38.68714285714286
2012-11-01,CELG,Celgene Corporation,NASDAQ,1989-09-19,17318874840,37.01,39.9,35.62,39.29,39.29,119899600.0,119899600.0,-1.0200000000000002,-0.12623809523809518,37.78396857142858
2012-12-01,CELG,Celgene Corporation,NASDAQ,1989-09-19,17296835040,39.38,41.39,38.61,39.24,39.24,118817800.0,118817800.0,0.4199999999999999,0.05645000000000002,39.76816749999999
2013-01-01,CELG,Celgene Corporation,NASDAQ,1989-09-19,21810586080,40.06,50.06,39.88,49.48,49.48,197672600.0,197672600.0,9.96,1.056761904761905,47.20603238095238
2013-02-01,CELG,Celgene Corporation,NASDAQ,1989-09-19,22314486000,49.97,52.57,48.39,51.63,51.63,127649200.0,127649200.0,0.41000000000000036,0.05010526315789472,49.92754368421053
2013-03-01,CELG,Celgene Corporation,NASDAQ,1989-09-19,25050312000,51.63,58.47,51.25,57.96,57.96,127276600.0,127276600.0,6.910000000000001,0.64715,55.61566750000001
2013-04-01,CELG,Celgene Corporation,NASDAQ,1989-09-19,25517088000,58.26,64.26,57.26,59.04,59.04,141760000.0,141760000.0,-2.8100000000000005,-0.1955909090909091,59.88606090909091
2013-05-01,CELG,Celgene Corporation,NASDAQ,1989-09-19,26648730000,58.96,65.91,57.03,61.83,61.83,136941200.0,136941200.0,4.09,0.3129090909090908,61.89287863636364
2013-06-01,CELG,Celgene Corporation,NASDAQ,1989-09-19,25209190000,62.06,62.36,55.26,58.49,58.49,122555200.0,122555200.0,-7.190000000000001,-0.5739,58.7029995
2013-07-01,CELG,Celgene Corporation,NASDAQ,1989-09-19,31648330000,59.65,74.49,59.08,73.43,73.43,121100800.0,121100800.0,7.340000000000001,0.5053636363636363,66.369545
2013-08-01,CELG,Celgene Corporation,NASDAQ,1989-09-19,30130695000,74.09,74.96,65.76,69.99,69.99,95576600.0,95576600.0,-2.5699999999999985,-0.14613636363636368,69.96121272727272
2013-09-01,CELG,Celgene Corporation,NASDAQ,1989-09-19,33178635000,70.89,78.02,70.71,77.07,77.07,110978600.0,110978600.0,4.85,0.3356,74.049
2013-10-01,CELG,Celgene Corporation,NASDAQ,1989-09-19,31964625000,77.35,80.82,71.57,74.25,74.25,129970200.0,129970200.0,-2.229999999999999,-0.12186956521739126,77.63130391304348
2013-11-01,CELG,Celgene Corporation,NASDAQ,1989-09-19,34806967000,74.64,82.87,71.05,80.89,80.89,115882400.0,115882400.0,2.6000000000000005,0.18085000000000004,76.8391685
2013-12-01,CELG,Celgene Corporation,NASDAQ,1989-09-19,36356047000,80.93,86.9,78.59,84.49,84.49,100747800.0,100747800.0,-1.7400000000000007,-0.09476190476190477,82.9098423809524
2014-01-01,CELG,Celgene Corporation,NASDAQ,1989-09-19,32685588000,84.5,87.33,73.92,75.96,75.96,149068400.0,149068400.0,-6.039999999999999,-0.34261904761904766,82.2982533333333
2014-02-01,CELG,Celgene Corporation,NASDAQ,1989-09-19,33960550000,75.9,83.63,73.89,80.38,80.38,120668600.0,120668600.0,2.700000000000001,0.19684210526315785,79.67666631578949
2014-03-01,CELG,Celgene Corporation,NASDAQ,1989-09-19,29490500000,79.53,82.61,69.5,69.8,69.8,172668000.0,172668000.0,-14.85,-0.9184761904761904,75.90904761904763
2014-04-01,CELG,Celgene Corporation,NASDAQ,1989-09-19,31053750000,71.0,74.85,66.85,73.5,73.5,174663200.0,174663200.0,-0.06999999999999984,0.021333333333333288,71.19984095238094
2014-05-01,CELG,Celgene Corporation,NASDAQ,1989-09-19,64115380000,73.63,77.94,71.32,76.51,76.51,104454200.0,104454200.0,3.5199999999999996,0.23280952380952377,74.57095238095238
2014-06-01,CELG,Celgene Corporation,NASDAQ,1989-09-19,71967440000,76.29,87.37,76.03,85.88,85.88,100570500.0,100570500.0,7.75,0.46385714285714286,82.03095238095236
2014-07-01,CELG,Celgene Corporation,NASDAQ,1989-09-19,73031700000,86.45,90.5,82.9,87.15,87.15,107957000.0,107957000.0,1.6899999999999988,0.10186363636363635,87.3356059090909
2014-08-01,CELG,Celgene Corporation,NASDAQ,1989-09-19,79474728000,86.61,96.15,84.85,95.02,95.02,80329400.0,80329400.0,5.18,0.2822380952380953,89.97095285714288
2014-09-01,CELG,Celgene Corporation,NASDAQ,1989-09-19,79273992000,95.5,96.5,88.22,94.78,94.78,89705600.0,89705600.0,-2.6699999999999986,-0.12242857142857146,93.39365095238095
2014-10-01,CELG,Celgene Corporation,NASDAQ,1989-09-19,89570076000,95.24,109.25,83.16,107.09,107.09,142809200.0,142809200.0,9.9,0.460913043478261,95.29492782608698
2014-11-01,CELG,Celgene Corporation,NASDAQ,1989-09-19,95044840000,106.53,114.5,102.13,113.69,113.69,76292200.0,76292200.0,3.7799999999999994,0.18989473684210523,107.69719263157896
2014-12-01,CELG,Celgene Corporation,NASDAQ,1989-09-19,93514960000,113.71,119.84,103.69,111.86,111.86,128650100.0,128650100.0,-1.79,-0.05054545454545455,113.93863681818183
2015-01-01,CELG,Celgene Corporation,NASDAQ,1989-09-19,99617760000,112.88,124.6,109.46,119.16,119.16,110682500.0,110682500.0,2.02,0.09424999999999997,118.81966600000003
2015-02-01,CELG,Celgene Corporation,NASDAQ,1989-09-19,101368173000,119.57,125.45,112.78,121.53,121.53,101518800.0,101518800.0,-1.570000000000001,-0.05947368421052633,119.52245578947367
2015-03-01,CELG,Celgene Corporation,NASDAQ,1989-09-19,96155048000,122.59,129.06,114.02,115.28,115.28,128506100.0,128506100.0,-6.8999999999999995,-0.24631818181818177,120.09090863636362
2015-04-01,CELG,Celgene Corporation,NASDAQ,1989-09-19,90132846000,114.88,120.72,107.02,108.06,108.06,118651600.0,118651600.0,-4.030000000000001,-0.16223809523809524,114.98507904761904
2015-05-01,CELG,Celgene Corporation,NASDAQ,1989-09-19,94950868000,108.06,117.72,106.45,114.44,114.44,85977700.0,85977700.0,4.05,0.18435000000000007,113.7174995
2015-06-01,CELG,Celgene Corporation,NASDAQ,1989-09-19,96029478000,115.01,121.47,109.04,115.74,115.74,91973500.0,91973500.0,0.5499999999999985,0.029090909090909042,114.33409090909093
2015-07-01,CELG,Celgene Corporation,NASDAQ,1989-09-19,108898125000,117.04,140.72,115.42,131.25,131.25,120219900.0,120219900.0,3.6099999999999985,0.12972727272727272,128.02333272727273
2015-08-01,CELG,Celgene Corporation,NASDAQ,1989-09-19,97734816000,131.85,133.59,92.98,118.08,118.08,101969800.0,101969800.0,-4.09,-0.08066666666666658,126.02015809523809
2015-09-01,CELG,Celgene Corporation,NASDAQ,1989-09-19,89532309000,114.62,126.98,103.27,108.17,108.17,123358100.0,123358100.0,-11.29,-0.45052380952380955,117.8733338095238
2015-10-01,CELG,Celgene Corporation,NASDAQ,1989-09-19,101567067000,110.43,128.39,107.51,122.71,122.71,117460900.0,117460900.0,9.159999999999997,0.3896363636363635,117.91181727272725
2015-11-01,CELG,Celgene Corporation,NASDAQ,1989-09-19,90285305000,123.94,127.97,105.67,109.45,109.45,94765800.0,94765800.0,-9.600000000000001,-0.4140499999999999,115.067666
2015-12-01,CELG,Celgene Corporation,NASDAQ,1989-09-19,98790024000,110.27,123.22,106.0,119.76,119.76,99709300.0,99709300.0,2.8000000000000003,0.12240909090909091,113.65060590909088
2016-01-01,CELG,Celgene Corporation,NASDAQ,1989-09-19,82753968000,116.77,119.59,95.1,100.32,100.32,149160000.0,149160000.0,-17.31,-0.7926315789473686,107.1152642105263
2016-02-01,CELG,Celgene Corporation,NASDAQ,1989-09-19,81440391000,99.69,106.42,93.05,100.83,100.83,132239600.0,132239600.0,2.2700000000000005,0.14180000000000004,101.5253335
2016-03-01,CELG,Celgene Corporation,NASDAQ,1989-09-19,80842693000,101.83,106.14,94.39,100.09,100.09,122960000.0,122960000.0,3.22,0.15790909090909083,100.76575772727273
2016-04-01,CELG,Celgene Corporation,NASDAQ,1989-09-19,83524257000,99.59,111.9,98.81,103.41,103.41,103260400.0,103260400.0,3.0700000000000016,0.17161904761904762,106.34968238095239
2016-05-01,CELG,Celgene Corporation,NASDAQ,1989-09-19,84911944000,103.25,107.44,99.03,105.52,105.52,76789300.0,76789300.0,3.850000000000001,0.1870952380952381,102.34158761904762
2016-06-01,CELG,Celgene Corporation,NASDAQ,1989-09-19,79367561000,104.48,108.5,94.42,98.63,98.63,105012400.0,105012400.0,-3.2800000000000016,-0.14745454545454556,101.70060636363637
2016-07-01,CELG,Celgene Corporation,NASDAQ,1989-09-19,90279293000,98.53,112.43,98.25,112.19,112.19,93007800.0,93007800.0,9.350000000000001,0.4529500000000001,104.80800049999998
2016-08-01,CELG,Celgene Corporation,NASDAQ,1989-09-19,85786938000,111.69,117.9,106.3,106.74,106.74,92559000.0,92559000.0,-6.579999999999999,-0.2513043478260869,112.53724521739132
2016-09-01,CELG,Celgene Corporation,NASDAQ,1989-09-19,84010761000,107.04,111.14,102.28,104.53,104.53,81443800.0,81443800.0,-3.71,-0.15623809523809523,106.8477776190476
2016-10-01,CELG,Celgene Corporation,NASDAQ,1989-09-19,82122066000,104.15,106.36,96.93,102.18,102.18,85262700.0,85262700.0,-6.400000000000001,-0.29600000000000004,101.65428571428572
2016-11-01,CELG,Celgene Corporation,NASDAQ,1989-09-19,95199083000,102.0,127.0,100.92,118.51,118.51,120609900.0,120609900.0,15.029999999999998,0.6621904761904763,116.13206285714287
2016-12-01,CELG,Celgene Corporation,NASDAQ,1989-09-19,92981975000,119.74,119.95,110.05,115.75,115.75,85009600.0,85009600.0,-5.15,-0.20333333333333323,116.34936619047619
2017-01-01,CELG,Celgene Corporation,NASDAQ,1989-09-19,93303295000,116.5,122.39,111.06,116.15,116.15,97672000.0,97672000.0,-2.8999999999999977,-0.11550000000000002,115.79766650000002
2017-02-01,CELG,Celgene Corporation,NASDAQ,1989-09-19,100191312000,116.11,124.56,114.51,123.51,123.51,74886600.0,74886600.0,6.700000000000001,0.3011578947368421,117.9322815789474
2017-03-01,CELG,Celgene Corporation,NASDAQ,1989-09-19,100937616000,124.79,127.64,121.21,124.43,124.43,84250200.0,84250200.0,0.6499999999999999,0.03004347826086955,124.22463739130436
2017-04-01,CELG,Celgene Corporation,NASDAQ,1989-09-19,100629360000,124.92,126.66,121.71,124.05,124.05,60398400.0,60398400.0,-2.4400000000000004,-0.10084210526315787,124.36842157894738
2017-05-01,CELG,Celgene Corporation,NASDAQ,1989-09-19,92843715000,124.09,124.73,113.63,114.41,114.41,78217600.0,78217600.0,-8.840000000000002,-0.3334090909090909,119.1262113636364
2017-06-01,CELG,Celgene Corporation,NASDAQ,1989-09-19,105389505000,114.51,135.18,114.08,129.87,129.87,109361400.0,109361400.0,14.249999999999998,0.5416363636363636,124.23272681818183
2017-07-01,CELG,Celgene Corporation,NASDAQ,1989-09-19,109885215000,130.61,139.0,130.14,135.41,135.41,68712500.0,68712500.0,-0.36,-0.006,134.41333350000002
2017-08-01,CELG,Celgene Corporation,NASDAQ,1989-09-19,112894518000,135.63,139.0,126.86,138.93,138.93,72152000.0,72152000.0,2.060000000000001,0.07069565217391303,132.4717386956522
2017-09-01,CELG,Celgene Corporation,NASDAQ,1989-09-19,118493332000,139.0,146.13,137.75,145.82,145.82,70015500.0,70015500.0,8.58,0.30505000000000004,142.13166799999993
2017-10-01,CELG,Celgene Corporation,NASDAQ,1989-09-19,82048222000,146.2,147.17,94.55,100.97,100.97,240812200.0,240812200.0,-13.59,-0.4516363636363636,129.2577277272727
2017-11-01,CELG,Celgene Corporation,NASDAQ,1989-09-19,81541221000,101.89,106.13,97.73,100.83,100.83,141572400.0,141572400.0,-3.6900000000000004,-0.15847619047619044,102.31650952380953
2017-12-01,CELG,Celgene Corporation,NASDAQ,1989-09-19,84395932000,100.5,110.81,100.08,104.36,104.36,112662300.0,112662300.0,2.27,0.1274,106.02183400000001
2018-01-01,CELG,Celgene Corporation,NASDAQ,1989-09-19,81808092000,105.29,109.98,99.99,101.16,101.16,178404300.0,178404300.0,-6.010000000000002,-0.2586666666666667,104.38888952380951
2018-02-01,CELG,Celgene Corporation,NASDAQ,1989-09-19,66934296000,100.54,101.21,87.11,87.12,87.12,151978700.0,151978700.0,-9.37,-0.5032105263157894,94.71473736842104
2018-03-01,CELG,Celgene Corporation,NASDAQ,1989-09-19,68540043000,87.39,93.57,84.95,89.21,89.21,164843000.0,164843000.0,-1.7800000000000002,-0.08600000000000009,89.23539666666666
2018-04-01,CELG,Celgene Corporation,NASDAQ,1989-09-19,66918930000,88.8,92.96,84.25,87.1,87.1,124678600.0,124678600.0,-5.09,-0.25233333333333335,89.32936523809524
2018-05-01,CELG,Celgene Corporation,NASDAQ,1989-09-19,59057208000,87.08,88.88,74.13,78.68,78.68,171484400.0,171484400.0,-10.06,-0.5497272727272727,81.63590863636364
2018-06-01,CELG,Celgene Corporation,NASDAQ,1989-09-19,59612652000,78.89,80.7,76.28,79.42,79.42,138877600.0,138877600.0,-0.23999999999999977,-0.01142857142857145,78.46349285714285
2018-07-01,CELG,Celgene Corporation,NASDAQ,1989-09-19,67621554000,78.75,90.52,78.15,90.09,90.09,126618700.0,126618700.0,6.34,0.36738095238095236,84.84460428571427
2018-08-01,CELG,Celgene Corporation,NASDAQ,1989-09-19,69930780000,89.86,95.3,88.57,94.45,94.45,106541700.0,106541700.0,5.6000000000000005,0.2693913043478261,91.19507260869567
2018-09-01,CELG,Celgene Corporation,NASDAQ,1989-09-19,66258396000,93.95,94.0,86.33,89.49,89.49,76230200.0,76230200.0,-4.88,-0.27531578947368424,88.68754421052631
2018-10-01,CELG,Celgene Corporation,NASDAQ,1989-09-19,53012640000,90.18,92.68,70.09,71.6,71.6,129497700.0,129497700.0,-18.51,-0.9849130434782608,82.08290000000001
2018-11-01,CELG,Celgene Corporation,NASDAQ,1989-09-19,52995036000,72.0,76.4,66.62,72.22,72.22,146501400.0,146501400.0,-1.1000000000000005,-0.0511428571428572,71.19380952380953
2018-12-01,CELG,Celgene Corporation,NASDAQ,1989-09-19,47029242000,73.88,74.88,58.59,64.09,64.09,140091000.0,140091000.0,-10.430000000000001,-0.7747894736842106,67.17122631578948
2019-01-01,CELG,Celgene Corporation,NASDAQ,1989-09-19,64911948000,63.19,88.8,63.19,88.46,88.46,320516700.0,320516700.0,4.590000000000001,0.339952380952381,85.76047523809524
2019-02-01,CELG,Celgene Corporation,NASDAQ,1989-09-19,59887960000,88.51,91.57,82.26,83.12,83.12,197637400.0,197637400.0,3.6100000000000003,0.21384210526315792,89.02964999999999
2019-03-01,CELG,Celgene Corporation,NASDAQ,1989-09-19,67971970000,83.91,94.71,83.91,94.34,94.34,224903500.0,224903500.0,4.12,0.22661904761904764,87.56444666666665
2019-04-01,CELG,Celgene Corporation,NASDAQ,1989-09-19,68202530000,94.2,95.44,92.85,94.66,94.66,176161656.0,176161656.0,-0.20999999999999963,-0.009333333333333341,94.15793619047616
2019-05-01,CELG,Celgene Corporation,NASDAQ,1989-09-19,67875823000,94.54,97.07,93.26,93.79,93.79,102054268.0,102054268.0,4.13,0.19827272727272727,95.1683340909091
2019-06-01,CELG,Celgene Corporation,NASDAQ,1989-09-19,66898828000,94.05,98.97,91.96,92.44,92.44,95606906.0,95606906.0,-0.19999999999999993,-0.013650000000000006,95.5554995
2019-07-01,CELG,Celgene Corporation,NASDAQ,1989-09-19,66479082000,93.1,94.43,89.08,91.86,91.86,79667177.0,79667177.0,1.1700000000000002,0.06131818181818185,92.1128790909091
2019-08-01,CELG,Celgene Corporation,NASDAQ,1989-09-19,70228400000,92.0,98.1,91.81,96.8,96.8,72990913.0,72990913.0,2.6500000000000012,0.13477272727272732,94.8748490909091
2019-09-01,CELG,Celgene Corporation,NASDAQ,1989-09-19,72042150000,96.46,99.93,96.16,99.3,99.3,66603109.0,66603109.0,2.0500000000000007,0.10600000000000001,98.2748335
2019-10-01,CELG,Celgene Corporation,NASDAQ,1989-09-19,78375765000,99.51,108.63,97.3,108.03,108.03,77705538.0,77705538.0,6.419999999999999,0.2727826086956522,102.14869608695652
2019-11-01,CELG,Celgene Corporation,NASDAQ,1989-09-19,78528120000,108.35,110.7,107.21,108.24,108.24,282726717.0,282726717.0,2.0300000000000002,0.11082352941176471,89.76960823529413
