datetime,symbol,name,exchange,begin_date,marketCap,open,high,low,close,adjClose,volume,unadjustedVolume,change,changePercent,vwap
1996-03-01,PRGX,PRGX Global Inc.,NASDAQ,1996-03-27,237659000.0,80.0,110.0,76.6667,103.3333,103.3333,926800.0,926800.0,15.833299999999998,6.723333333333334,93.98147666666667
1996-04-01,PRGX,PRGX Global Inc.,NASDAQ,1996-03-27,304750000.0,105.0,148.3333,101.6667,132.5,132.5,243800.0,243800.0,36.6664,1.5977142857142856,116.42857857142859
1996-05-01,PRGX,PRGX Global Inc.,NASDAQ,1996-03-27,364500000.0,131.6667,150.0,118.3333,135.0,135.0,148500.0,148500.0,-20.8335,-0.577818181818182,136.23737318181819
1996-06-01,PRGX,PRGX Global Inc.,NASDAQ,1996-03-27,364500000.0,135.0,138.3333,121.6667,135.0,135.0,236200.0,236200.0,18.333299999999998,0.7718,129.54166049999998
1996-07-01,PRGX,PRGX Global Inc.,NASDAQ,1996-03-27,357750000.0,131.6667,135.0,118.3333,132.5,132.5,120600.0,120600.0,-17.4997,-0.6268571428571429,125.27778666666666
1996-08-01,PRGX,PRGX Global Inc.,NASDAQ,1996-03-27,386991000.0,135.0,161.6667,128.3333,143.3333,143.3333,129400.0,129400.0,-18.3334,-0.5046999999999999,144.84026649999998
1996-09-01,PRGX,PRGX Global Inc.,NASDAQ,1996-03-27,261009000.0,148.3333,148.3333,76.6667,96.6667,96.6667,643100.0,643100.0,-40.8334,-1.9480526315789468,124.53948105263161
1996-10-01,PRGX,PRGX Global Inc.,NASDAQ,1996-03-27,274509000.0,93.3333,143.3333,84.1667,101.6667,101.6667,227100.0,227100.0,-21.5625,-0.9720000000000001,111.26389549999999
1996-11-01,PRGX,PRGX Global Inc.,NASDAQ,1996-03-27,251991000.0,101.6667,101.6667,83.3333,93.3333,93.3333,212400.0,212400.0,-31.354400000000005,-1.5286000000000004,94.63715
1996-12-01,PRGX,PRGX Global Inc.,NASDAQ,1996-03-27,288009000.0,95.0,110.0,75.0,106.6667,106.6667,162400.0,162400.0,12.499999999999996,1.0634736842105263,89.00584999999998
1997-01-01,PRGX,PRGX Global Inc.,NASDAQ,1996-03-27,278991000.0,106.6667,121.6667,95.0,103.3333,103.3333,168300.0,168300.0,0.8331000000000017,0.11022727272727292,110.76388999999999
1997-02-01,PRGX,PRGX Global Inc.,NASDAQ,1996-03-27,303324000.0,98.3333,111.6667,98.3333,108.3333,108.3333,167700.0,167700.0,5.8334,0.3325,103.88888444444446
1997-03-01,PRGX,PRGX Global Inc.,NASDAQ,1996-03-27,256676000.0,101.6667,107.5,73.75,91.6667,91.6667,146600.0,146600.0,-6.2501999999999995,-0.17320000000000008,91.09722550000001
1997-04-01,PRGX,PRGX Global Inc.,NASDAQ,1996-03-27,266000000.0,85.8333,107.5,83.3333,95.0,95.0,131900.0,131900.0,5.0001000000000015,0.33181818181818196,95.08838272727274
1997-05-01,PRGX,PRGX Global Inc.,NASDAQ,1996-03-27,228676000.0,98.3333,98.3333,78.3333,81.6667,81.6667,113600.0,113600.0,-10.0001,-0.4805999999999999,89.77083699999999
1997-06-01,PRGX,PRGX Global Inc.,NASDAQ,1996-03-27,259000000.0,81.6667,101.6667,80.0,92.5,92.5,158300.0,158300.0,21.2502,1.2469047619047622,90.20999333333336
1997-07-01,PRGX,PRGX Global Inc.,NASDAQ,1996-03-27,308000000.0,92.5,120.0,90.8333,110.0,110.0,252100.0,252100.0,11.250199999999998,0.5565454545454545,110.08207363636365
1997-08-01,PRGX,PRGX Global Inc.,NASDAQ,1996-03-27,331324000.0,105.8333,120.0,96.6667,118.3333,118.3333,174300.0,174300.0,27.500000000000004,1.2719,110.04860850000003
1997-09-01,PRGX,PRGX Global Inc.,NASDAQ,1996-03-27,340676000.0,119.5833,134.1667,115.8333,121.6667,121.6667,156200.0,156200.0,2.500000000000001,0.130952380952381,123.11508666666666
1997-10-01,PRGX,PRGX Global Inc.,NASDAQ,1996-03-27,291676000.0,121.6667,130.0,101.6667,104.1667,104.1667,228700.0,228700.0,4.440892098500626e-16,0.047217391304347836,117.78381391304347
1997-11-01,PRGX,PRGX Global Inc.,NASDAQ,1996-03-27,296032000.0,104.1667,105.0,93.3333,102.0833,102.0833,103300.0,103300.0,-9.999999999976694e-05,0.046736842105263174,99.77338631578945
1997-12-01,PRGX,PRGX Global Inc.,NASDAQ,1996-03-27,343157000.0,102.5,120.8333,92.5,118.3333,118.3333,121900.0,121900.0,12.916500000000001,0.5709523809523809,106.71296190476191
1998-01-01,PRGX,PRGX Global Inc.,NASDAQ,1996-03-27,306907000.0,116.6667,116.6667,103.3333,105.8333,105.8333,45400.0,45400.0,-4.583200000000001,-0.2156666666666667,108.4876588888889
1998-02-01,PRGX,PRGX Global Inc.,NASDAQ,1996-03-27,399990000.0,108.3333,134.1667,105.0,133.3333,133.3333,209800.0,209800.0,7.083200000000001,0.3101052631578947,118.96930368421052
1998-03-01,PRGX,PRGX Global Inc.,NASDAQ,1996-03-27,432510000.0,133.3333,153.3333,125.8333,144.1667,144.1667,799100.0,799100.0,4.583199999999998,0.1741363636363637,138.97096227272726
1998-04-01,PRGX,PRGX Global Inc.,NASDAQ,1996-03-27,519990000.0,146.6667,189.1667,142.5,173.3333,173.3333,546000.0,546000.0,22.083199999999998,0.7391904761904763,171.21032047619042
1998-05-01,PRGX,PRGX Global Inc.,NASDAQ,1996-03-27,751318000.0,170.0,181.6667,145.0,163.3333,163.3333,307800.0,307800.0,-7.916600000000001,-0.17104999999999992,166.23958650000003
1998-06-01,PRGX,PRGX Global Inc.,NASDAQ,1996-03-27,856750000.0,161.25,196.6667,148.3333,186.25,186.25,378100.0,378100.0,25.625100000000003,0.7212272727272727,171.3636409090909
1998-07-01,PRGX,PRGX Global Inc.,NASDAQ,1996-03-27,835682000.0,186.6667,226.6667,174.1667,181.6667,181.6667,373200.0,373200.0,-22.916900000000002,-0.49890909090909097,204.9242386363636
1998-08-01,PRGX,PRGX Global Inc.,NASDAQ,1996-03-27,528486000.0,180.0,182.5,125.8333,125.8333,125.8333,359800.0,359800.0,-38.7499,-1.1447142857142858,161.69973857142855
1998-09-01,PRGX,PRGX Global Inc.,NASDAQ,1996-03-27,874986000.0,135.0,211.25,130.0,208.3333,208.3333,301600.0,301600.0,122.70819999999999,3.5953809523809523,183.64087047619049
1998-10-01,PRGX,PRGX Global Inc.,NASDAQ,1996-03-27,859236000.0,193.3333,222.5,134.1667,204.5833,204.5833,882800.0,882800.0,12.499999999999998,0.4392727272727273,176.08901318181816
1998-11-01,PRGX,PRGX Global Inc.,NASDAQ,1996-03-27,967500000.0,200.0,226.6667,190.0,225.0,225.0,420900.0,420900.0,23.5417,0.61485,206.78125250000002
1998-12-01,PRGX,PRGX Global Inc.,NASDAQ,1996-03-27,1073194000.0,218.3333,260.8333,211.6667,249.5833,249.5833,429200.0,429200.0,26.249999999999996,0.5917727272727272,235.30934863636364
1999-01-01,PRGX,PRGX Global Inc.,NASDAQ,1996-03-27,989000000.0,250.0,259.1667,213.3333,230.0,230.0,687600.0,687600.0,-19.166600000000003,-0.4129999999999999,230.24488999999994
1999-02-01,PRGX,PRGX Global Inc.,NASDAQ,1996-03-27,1012000000.0,230.0,243.3333,200.0,220.0,220.0,356100.0,356100.0,-9.582999999999997,-0.19768421052631585,224.0277789473684
1999-03-01,PRGX,PRGX Global Inc.,NASDAQ,1996-03-27,1211318000.0,217.5,266.6667,187.5,263.3333,263.3333,573600.0,573600.0,28.958200000000005,0.5402173913043478,217.97403739130436
1999-04-01,PRGX,PRGX Global Inc.,NASDAQ,1996-03-27,1119318000.0,260.8333,290.0,224.1667,243.3333,243.3333,675000.0,675000.0,-5.000199999999993,-0.026047619047619097,250.71428238095237
1999-05-01,PRGX,PRGX Global Inc.,NASDAQ,1996-03-27,1202558000.0,245.8333,271.6667,230.0,245.4167,245.4167,339700.0,339700.0,-23.957900000000006,-0.40779999999999994,250.12152999999995
1999-06-01,PRGX,PRGX Global Inc.,NASDAQ,1996-03-27,1545558000.0,245.0,322.5,238.3333,315.4167,315.4167,465800.0,465800.0,18.33329999999999,0.3928181818181819,291.7850313636363
1999-07-01,PRGX,PRGX Global Inc.,NASDAQ,1996-03-27,1682317000.0,315.4167,347.5,248.3333,343.3333,343.3333,648700.0,648700.0,37.0833,0.606,304.3253933333334
1999-08-01,PRGX,PRGX Global Inc.,NASDAQ,1996-03-27,1903150000.0,343.3333,404.375,303.3333,380.625,380.625,476100.0,476100.0,10.729199999999999,0.16968181818181824,336.67929272727275
1999-09-01,PRGX,PRGX Global Inc.,NASDAQ,1996-03-27,2231250000.0,380.625,455.0,368.75,446.25,446.25,601300.0,601300.0,63.4375,0.8194761904761905,400.6101195238095
1999-10-01,PRGX,PRGX Global Inc.,NASDAQ,1996-03-27,2059400000.0,440.3125,475.0,375.0,411.875,411.875,683900.0,683900.0,-30.3125,-0.28723809523809524,427.79265857142855
1999-11-01,PRGX,PRGX Global Inc.,NASDAQ,1996-03-27,1889397000.0,419.375,438.75,346.25,370.4688,370.4688,653200.0,653200.0,-30.4687,-0.30561904761904757,402.482639047619
1999-12-01,PRGX,PRGX Global Inc.,NASDAQ,1996-03-27,1354713000.0,368.125,389.375,230.0,265.625,265.625,1489000.0,1489000.0,-136.5625,-1.7339545454545453,322.7982954545455
2000-01-01,PRGX,PRGX Global Inc.,NASDAQ,1996-03-27,1383375000.0,272.8125,343.75,240.625,271.25,271.25,1072200.0,1072200.0,-46.5625,-0.5566000000000001,297.77083400000004
2000-02-01,PRGX,PRGX Global Inc.,NASDAQ,1996-03-27,943500000.0,268.75,337.5,163.75,185.0,185.0,1395900.0,1395900.0,-129.2188,-2.52705,269.320312
2000-03-01,PRGX,PRGX Global Inc.,NASDAQ,1996-03-27,943500000.0,192.1875,277.5,147.5,185.0,185.0,2796800.0,2796800.0,98.125,2.2233478260869566,230.72463826086954
2000-04-01,PRGX,PRGX Global Inc.,NASDAQ,1996-03-27,895713000.0,188.125,205.625,148.75,175.625,175.625,1360500.0,1360500.0,-22.9687,-0.48184210526315785,173.57182
2000-05-01,PRGX,PRGX Global Inc.,NASDAQ,1996-03-27,906250000.0,181.25,200.0,166.25,181.25,181.25,1057900.0,1057900.0,-7.8125,-0.141,182.70833409090912
2000-06-01,PRGX,PRGX Global Inc.,NASDAQ,1996-03-27,831250000.0,185.0,196.7188,130.0,166.25,166.25,2080300.0,2080300.0,-24.375,-0.4917727272727273,155.30539863636363
2000-07-01,PRGX,PRGX Global Inc.,NASDAQ,1996-03-27,462500000.0,165.0,188.125,83.75,92.5,92.5,1991100.0,1991100.0,-64.6875,-2.36395,148.33854200000002
2000-08-01,PRGX,PRGX Global Inc.,NASDAQ,1996-03-27,442519000.0,91.875,105.0,78.75,90.3125,90.3125,1616700.0,1616700.0,-22.1875,-0.9802608695652174,95.17210173913043
2000-09-01,PRGX,PRGX Global Inc.,NASDAQ,1996-03-27,483875000.0,92.5,110.625,91.875,98.75,98.75,808900.0,808900.0,5.3125,0.3187500000000002,103.229167
2000-10-01,PRGX,PRGX Global Inc.,NASDAQ,1996-03-27,263375000.0,99.0625,99.0625,30.625,53.75,53.75,2184900.0,2184900.0,-43.5937,-2.2246363636363635,63.2552068181818
2000-11-01,PRGX,PRGX Global Inc.,NASDAQ,1996-03-27,274230000.0,53.5938,75.625,50.0,60.9375,60.9375,475800.0,475800.0,10.312399999999998,1.1586190476190477,59.642857142857146
2000-12-01,PRGX,PRGX Global Inc.,NASDAQ,1996-03-27,286875000.0,61.4062,67.5,55.3125,63.75,63.75,461200.0,461200.0,12.5,1.08405,61.708333
2001-01-01,PRGX,PRGX Global Inc.,NASDAQ,1996-03-27,309375000.0,62.8125,76.7188,57.8125,68.75,68.75,518400.0,518400.0,15.3124,1.1751904761904763,65.65724428571428
2001-02-01,PRGX,PRGX Global Inc.,NASDAQ,1996-03-27,340512000.0,70.3125,76.25,63.125,70.9375,70.9375,598000.0,598000.0,2.5,0.252421052631579,68.42653421052633
2001-03-01,PRGX,PRGX Global Inc.,NASDAQ,1996-03-27,300000000.0,70.625,71.25,48.125,62.5,62.5,363800.0,363800.0,-0.15629999999999988,0.3738636363636363,64.93607999999999
2001-04-01,PRGX,PRGX Global Inc.,NASDAQ,1996-03-27,307200000.0,61.875,66.0,48.75,64.0,64.0,262600.0,262600.0,6.118799999999999,0.6069499999999999,59.29270550000001
2001-05-01,PRGX,PRGX Global Inc.,NASDAQ,1996-03-27,479040000.0,64.1,101.0,63.8,99.8,99.8,709400.0,709400.0,30.200000000000003,1.86,74.61818272727272
2001-06-01,PRGX,PRGX Global Inc.,NASDAQ,1996-03-27,550080000.0,100.1,140.0,95.0,114.6,114.6,881600.0,881600.0,34.599999999999994,1.6172380952380954,108.21428476190476
2001-07-01,PRGX,PRGX Global Inc.,NASDAQ,1996-03-27,552960000.0,115.0,132.9,95.5,115.2,115.2,617200.0,617200.0,12.500000000000004,0.711857142857143,109.94920523809523
2001-08-01,PRGX,PRGX Global Inc.,NASDAQ,1996-03-27,703150000.0,114.0,161.0,107.1,143.5,143.5,994400.0,994400.0,28.699999999999996,1.0509130434782612,127.69565217391305
2001-09-01,PRGX,PRGX Global Inc.,NASDAQ,1996-03-27,479220000.0,144.5,150.5,91.8,97.8,97.8,606200.0,606200.0,-38.1,-2.0674,125.63777733333335
2001-10-01,PRGX,PRGX Global Inc.,NASDAQ,1996-03-27,338100000.0,97.0,98.0,42.0,69.0,69.0,1619100.0,1619100.0,0.4000000000000017,0.5678260869565218,73.28405826086957
2001-11-01,PRGX,PRGX Global Inc.,NASDAQ,1996-03-27,374360000.0,69.2,80.0,61.3,76.4,76.4,1892200.0,1892200.0,18.1,1.2450476190476194,69.29047619047617
2001-12-01,PRGX,PRGX Global Inc.,NASDAQ,1996-03-27,399350000.0,76.7,86.0,72.3,81.5,81.5,1128100.0,1128100.0,6.199999999999999,0.4373499999999998,79.94666699999999
2002-01-01,PRGX,PRGX Global Inc.,NASDAQ,1996-03-27,484120000.0,81.1,99.3,76.1,98.8,98.8,920900.0,920900.0,24.2,1.3846666666666665,89.17936476190476
2002-02-01,PRGX,PRGX Global Inc.,NASDAQ,1996-03-27,771540000.0,96.3,101.2,89.5,100.2,100.2,560900.0,560900.0,1.5000000000000009,0.12026315789473689,93.93333315789474
2002-03-01,PRGX,PRGX Global Inc.,NASDAQ,1996-03-27,1081850000.0,100.8,141.8,99.5,140.5,140.5,1341300.0,1341300.0,52.300000000000004,2.2456500000000004,125.25833399999999
2002-04-01,PRGX,PRGX Global Inc.,NASDAQ,1996-03-27,1056440000.0,140.0,147.5,125.0,137.2,137.2,1061300.0,1061300.0,-1.700000000000001,-0.03040909090909095,137.35000000000002
2002-05-01,PRGX,PRGX Global Inc.,NASDAQ,1996-03-27,1146360000.0,137.4,162.5,132.1,139.8,139.8,1624200.0,1624200.0,3.5999999999999983,0.16268181818181823,149.03636272727275
2002-06-01,PRGX,PRGX Global Inc.,NASDAQ,1996-03-27,1009420000.0,140.1,142.4,115.5,123.1,123.1,1252200.0,1252200.0,-12.0,-0.37844999999999984,129.47666750000002
2002-07-01,PRGX,PRGX Global Inc.,NASDAQ,1996-03-27,883140000.0,122.6,125.5,88.3,107.7,107.7,1158200.0,1158200.0,-21.999999999999996,-0.7786818181818181,107.48636272727272
2002-08-01,PRGX,PRGX Global Inc.,NASDAQ,1996-03-27,1182440000.0,113.0,149.9,110.5,144.2,144.2,1933300.0,1933300.0,23.299999999999997,0.8731363636363635,132.93030318181818
2002-09-01,PRGX,PRGX Global Inc.,NASDAQ,1996-03-27,1015160000.0,145.0,145.5,107.0,123.8,123.8,1312100.0,1312100.0,-19.200000000000003,-0.63025,133.6533325
2002-10-01,PRGX,PRGX Global Inc.,NASDAQ,1996-03-27,765060000.0,124.6,124.9,73.1,93.3,93.3,1729400.0,1729400.0,-39.999999999999986,-1.5626086956521734,93.81014391304346
2002-11-01,PRGX,PRGX Global Inc.,NASDAQ,1996-03-27,700070000.0,94.7,103.5,81.7,95.9,95.9,858600.0,858600.0,5.699999999999999,0.3423500000000001,94.16666649999999
2002-12-01,PRGX,PRGX Global Inc.,NASDAQ,1996-03-27,649700000.0,96.6,99.3,86.9,89.0,89.0,1004200.0,1004200.0,-2.6,-0.10133333333333328,90.82698333333333
2003-01-01,PRGX,PRGX Global Inc.,NASDAQ,1996-03-27,603710000.0,90.0,91.8,80.3,82.7,82.7,902500.0,902500.0,-7.400000000000001,-0.38638095238095244,88.0
2003-02-01,PRGX,PRGX Global Inc.,NASDAQ,1996-03-27,556950000.0,81.6,86.3,67.2,70.5,70.5,742700.0,742700.0,-6.299999999999998,-0.39378947368421047,76.07543842105261
2003-03-01,PRGX,PRGX Global Inc.,NASDAQ,1996-03-27,569590000.0,70.9,78.2,69.7,72.1,72.1,699500.0,699500.0,9.2,0.621,73.97777666666666
2003-04-01,PRGX,PRGX Global Inc.,NASDAQ,1996-03-27,504810000.0,72.0,89.9,59.3,63.9,63.9,1344300.0,1344300.0,4.700000000000001,0.2518095238095239,78.76031666666667
2003-05-01,PRGX,PRGX Global Inc.,NASDAQ,1996-03-27,433380000.0,64.0,71.4,62.1,69.9,69.9,1170100.0,1170100.0,9.0,0.7003333333333333,65.72857238095237
2003-06-01,PRGX,PRGX Global Inc.,NASDAQ,1996-03-27,366420000.0,71.3,74.0,58.5,59.1,59.1,1365500.0,1365500.0,-11.3,-0.7820952380952381,67.4396819047619
2003-07-01,PRGX,PRGX Global Inc.,NASDAQ,1996-03-27,362080000.0,60.0,64.4,49.6,58.4,58.4,946500.0,946500.0,15.599999999999998,1.405727272727273,60.01060545454545
2003-08-01,PRGX,PRGX Global Inc.,NASDAQ,1996-03-27,384300000.0,58.5,63.9,53.5,63.0,63.0,744700.0,744700.0,7.800000000000002,0.6514285714285714,57.86825380952382
2003-09-01,PRGX,PRGX Global Inc.,NASDAQ,1996-03-27,346480000.0,62.8,68.5,55.4,56.8,56.8,542300.0,542300.0,-3.0999999999999988,-0.2359047619047619,63.61745952380953
2003-10-01,PRGX,PRGX Global Inc.,NASDAQ,1996-03-27,289750000.0,56.7,63.0,44.3,47.5,47.5,1309700.0,1309700.0,6.499999999999999,0.5909565217391304,56.757971304347826
2003-11-01,PRGX,PRGX Global Inc.,NASDAQ,1996-03-27,306900000.0,47.4,52.0,46.0,49.5,49.5,527600.0,527600.0,1.0,0.14352631578947364,48.368421052631575
2003-12-01,PRGX,PRGX Global Inc.,NASDAQ,1996-03-27,303800000.0,50.0,51.7,45.0,49.0,49.0,590600.0,590600.0,3.499999999999999,0.3788181818181818,47.94394
2004-01-01,PRGX,PRGX Global Inc.,NASDAQ,1996-03-27,273420000.0,49.1,50.5,44.1,44.1,44.1,565400.0,565400.0,-2.4,-0.25969999999999993,46.898333
2004-02-01,PRGX,PRGX Global Inc.,NASDAQ,1996-03-27,270320000.0,44.1,45.4,38.7,43.6,43.6,687400.0,687400.0,-8.600000000000003,-0.9939473684210527,42.49649105263158
2004-03-01,PRGX,PRGX Global Inc.,NASDAQ,1996-03-27,270940000.0,43.9,49.5,42.3,43.7,43.7,689000.0,689000.0,6.3,0.6796086956521741,45.79710173913044
2004-04-01,PRGX,PRGX Global Inc.,NASDAQ,1996-03-27,291400000.0,43.0,47.8,42.1,47.0,47.0,573400.0,573400.0,5.700000000000001,0.6266190476190476,44.255555238095226
2004-05-01,PRGX,PRGX Global Inc.,NASDAQ,1996-03-27,280240000.0,47.1,48.4,43.4,45.2,45.2,438100.0,438100.0,-0.8000000000000004,-0.05489999999999999,46.03999999999999
2004-06-01,PRGX,PRGX Global Inc.,NASDAQ,1996-03-27,339140000.0,43.9,55.7,43.9,54.7,54.7,399100.0,399100.0,6.6,0.6633333333333333,48.49682476190477
2004-07-01,PRGX,PRGX Global Inc.,NASDAQ,1996-03-27,315580000.0,54.1,62.1,48.7,50.9,50.9,547400.0,547400.0,1.3000000000000003,0.15176190476190474,55.241269999999986
2004-08-01,PRGX,PRGX Global Inc.,NASDAQ,1996-03-27,351540000.0,49.8,58.3,47.7,56.7,56.7,402100.0,402100.0,13.499999999999998,1.2003636363636365,52.07878818181818
2004-09-01,PRGX,PRGX Global Inc.,NASDAQ,1996-03-27,355880000.0,56.6,61.0,53.6,57.4,57.4,403200.0,403200.0,-2.220446049250313e-16,0.03442857142857142,57.43492095238095
2004-10-01,PRGX,PRGX Global Inc.,NASDAQ,1996-03-27,321160000.0,56.8,61.3,48.5,51.8,51.8,453100.0,453100.0,-1.9999999999999996,-0.0418095238095238,56.71269761904761
2004-11-01,PRGX,PRGX Global Inc.,NASDAQ,1996-03-27,334800000.0,54.0,54.4,49.6,54.0,54.0,446500.0,446500.0,2.2000000000000006,0.21428571428571427,52.377778571428564
2004-12-01,PRGX,PRGX Global Inc.,NASDAQ,1996-03-27,311860000.0,54.1,55.0,50.0,50.3,50.3,258500.0,258500.0,1.0999999999999996,0.11354545454545456,52.36666590909092
2005-01-01,PRGX,PRGX Global Inc.,NASDAQ,1996-03-27,344100000.0,50.3,57.9,45.0,55.5,55.5,425900.0,425900.0,3.0,0.32115000000000005,50.345001
2005-02-01,PRGX,PRGX Global Inc.,NASDAQ,1996-03-27,287060000.0,55.7,56.2,42.0,46.3,46.3,296100.0,296100.0,-6.0,-0.5706315789473684,49.08070105263159
2005-03-01,PRGX,PRGX Global Inc.,NASDAQ,1996-03-27,310000000.0,45.7,51.1,45.7,50.0,50.0,969200.0,969200.0,-2.599999999999999,-0.20700000000000002,49.100000454545444
2005-04-01,PRGX,PRGX Global Inc.,NASDAQ,1996-03-27,295740000.0,49.8,51.5,46.0,47.7,47.7,500100.0,500100.0,-2.200000000000001,-0.20538095238095241,48.974603333333334
2005-05-01,PRGX,PRGX Global Inc.,NASDAQ,1996-03-27,239320000.0,48.2,48.8,38.3,38.6,38.6,225000.0,225000.0,-9.4,-1.0188571428571427,43.28412619047619
2005-06-01,PRGX,PRGX Global Inc.,NASDAQ,1996-03-27,174840000.0,38.4,41.3,27.5,28.2,28.2,965800.0,965800.0,-10.500000000000002,-1.3606363636363639,33.50909045454545
2005-07-01,PRGX,PRGX Global Inc.,NASDAQ,1996-03-27,195920000.0,28.4,33.6,25.8,31.6,31.6,815200.0,815200.0,5.0,0.8965,28.734999500000004
2005-08-01,PRGX,PRGX Global Inc.,NASDAQ,1996-03-27,202740000.0,31.8,34.9,30.2,32.7,32.7,526700.0,526700.0,0.19999999999999973,0.07804347826086958,31.563768260869566
2005-09-01,PRGX,PRGX Global Inc.,NASDAQ,1996-03-27,186000000.0,32.9,33.0,28.9,30.0,30.0,276100.0,276100.0,-2.8,-0.39052380952380955,31.23015809523809
2005-10-01,PRGX,PRGX Global Inc.,NASDAQ,1996-03-27,54560000.0,30.3,33.0,7.6,8.8,8.8,1038800.0,1038800.0,-23.3,-5.410857142857143,24.706349523809525
2005-11-01,PRGX,PRGX Global Inc.,NASDAQ,1996-03-27,56420000.0,8.5,11.5,2.4,9.1,9.1,15802200.0,15802200.0,-4.3,-2.2269047619047617,5.277777619047619
2005-12-01,PRGX,PRGX Global Inc.,NASDAQ,1996-03-27,37820000.0,9.6,9.8,4.8,6.1,6.1,11855800.0,11855800.0,-5.2,-2.2892380952380953,6.77777857142857
2006-01-01,PRGX,PRGX Global Inc.,NASDAQ,1996-03-27,32860000.0,6.3,7.3,5.1,5.3,5.3,2993200.0,2993200.0,-2.2000000000000006,-1.7595000000000003,5.868333000000001
2006-02-01,PRGX,PRGX Global Inc.,NASDAQ,1996-03-27,29760000.0,5.2,6.2,4.3,4.8,4.8,4495800.0,4495800.0,-2.8000000000000003,-2.788684210526316,4.942105263157894
2006-03-01,PRGX,PRGX Global Inc.,NASDAQ,1996-03-27,37820000.0,4.9,7.6,3.9,6.1,6.1,18196900.0,18196900.0,-1.3999999999999997,-0.7239999999999999,5.271016086956521
2006-04-01,PRGX,PRGX Global Inc.,NASDAQ,1996-03-27,32860000.0,6.2,6.4,5.1,5.3,5.3,4126800.0,4126800.0,-1.1,-0.8943157894736843,5.543859473684211
2006-05-01,PRGX,PRGX Global Inc.,NASDAQ,1996-03-27,30720000.0,5.2,7.2,4.6,4.8,4.8,3177500.0,3177500.0,-1.5,-1.0708636363636364,5.659090909090909
2006-06-01,PRGX,PRGX Global Inc.,NASDAQ,1996-03-27,28800000.0,4.8,5.1,2.7,4.5,4.5,8087700.0,8087700.0,-0.49999999999999983,-0.3386818181818183,4.298484545454546
2006-07-01,PRGX,PRGX Global Inc.,NASDAQ,1996-03-27,21120000.0,4.5,4.5,3.0,3.3,3.3,1073000.0,1073000.0,-1.5000000000000004,-1.9236499999999999,3.6600005
2006-08-01,PRGX,PRGX Global Inc.,NASDAQ,1996-03-27,18942000.0,3.5,4.7,2.03,2.87,2.87,1222700.0,1222700.0,0.3400000000000001,1.046913043478261,3.2069573913043476
2006-09-01,PRGX,PRGX Global Inc.,NASDAQ,1996-03-27,38280000.0,2.73,6.38,2.5,5.8,5.8,4192100.0,4192100.0,3.869999999999999,4.9583,4.9526655
2006-10-01,PRGX,PRGX Global Inc.,NASDAQ,1996-03-27,34584000.0,5.8,6.0,4.67,5.24,5.24,1855400.0,1855400.0,-0.1000000000000002,0.06986363636363638,5.225606363636363
2006-11-01,PRGX,PRGX Global Inc.,NASDAQ,1996-03-27,57305000.0,5.15,8.36,5.15,7.85,7.85,3900800.0,3900800.0,2.7900000000000005,2.224142857142857,6.856666666666666
2006-12-01,PRGX,PRGX Global Inc.,NASDAQ,1996-03-27,58400000.0,7.81,8.2,6.76,8.0,8.0,1951800.0,1951800.0,0.34000000000000025,0.24889999999999995,7.6431675000000014
2007-01-01,PRGX,PRGX Global Inc.,NASDAQ,1996-03-27,71759000.0,8.13,10.0,7.9,9.83,9.83,2709600.0,2709600.0,2.0399999999999996,1.2058000000000002,8.589166
2007-02-01,PRGX,PRGX Global Inc.,NASDAQ,1996-03-27,123708000.0,9.89,11.26,9.15,10.14,10.14,2917600.0,2917600.0,-0.7799999999999999,-0.34900000000000003,10.425263157894737
2007-03-01,PRGX,PRGX Global Inc.,NASDAQ,1996-03-27,174338000.0,10.3,16.87,10.3,14.29,14.29,7447100.0,7447100.0,2.069999999999999,1.026272727272727,14.50030318181818
2007-04-01,PRGX,PRGX Global Inc.,NASDAQ,1996-03-27,160674000.0,14.11,15.19,13.08,13.17,13.17,3912000.0,3912000.0,-0.95,-0.27795000000000003,13.971166999999998
2007-05-01,PRGX,PRGX Global Inc.,NASDAQ,1996-03-27,148785000.0,13.11,16.87,12.94,16.35,16.35,3440600.0,3440600.0,2.24,0.7320909090909088,14.982727727272724
2007-06-01,PRGX,PRGX Global Inc.,NASDAQ,1996-03-27,144690000.0,16.49,16.5,14.4,15.9,15.9,2623900.0,2623900.0,-0.4800000000000001,-0.10685714285714293,15.747142380952383
2007-07-01,PRGX,PRGX Global Inc.,NASDAQ,1996-03-27,161798000.0,15.87,20.14,15.12,17.78,17.78,3330500.0,3330500.0,1.5099999999999998,0.4976190476190475,16.645396666666667
2007-08-01,PRGX,PRGX Global Inc.,NASDAQ,1996-03-27,146672000.0,18.0,18.23,11.58,14.24,14.24,5005200.0,5005200.0,-2.7600000000000002,-0.6007391304347826,13.731303043478261
2007-09-01,PRGX,PRGX Global Inc.,NASDAQ,1996-03-27,139874000.0,14.3,14.46,12.29,13.58,13.58,1724300.0,1724300.0,-0.24000000000000016,-0.0525263157894737,13.493684736842104
2007-10-01,PRGX,PRGX Global Inc.,NASDAQ,1996-03-27,169744000.0,13.58,16.9,13.41,16.48,16.48,2426500.0,2426500.0,2.1999999999999984,0.6924347826086956,15.824927826086958
2007-11-01,PRGX,PRGX Global Inc.,NASDAQ,1996-03-27,197285000.0,16.41,17.29,8.72,9.35,9.35,9113600.0,9113600.0,-7.37,-2.4073809523809526,11.446190476190475
2007-12-01,PRGX,PRGX Global Inc.,NASDAQ,1996-03-27,180827000.0,9.29,9.7,8.11,8.57,8.57,2729200.0,2729200.0,-0.8399999999999999,-0.4016,8.907999499999999
2008-01-01,PRGX,PRGX Global Inc.,NASDAQ,1996-03-27,168378000.0,8.52,8.61,6.77,7.98,7.98,2401900.0,2401900.0,0.19,0.21376190476190468,7.769047142857142
2008-02-01,PRGX,PRGX Global Inc.,NASDAQ,1996-03-27,200868000.0,8.04,9.57,7.18,8.81,8.81,1655300.0,1655300.0,0.8900000000000001,0.6008,7.9945
2008-03-01,PRGX,PRGX Global Inc.,NASDAQ,1996-03-27,199272000.0,8.81,9.47,7.83,8.74,8.74,1508500.0,1508500.0,0.3299999999999999,0.24684999999999996,8.7363335
2008-04-01,PRGX,PRGX Global Inc.,NASDAQ,1996-03-27,225720000.0,8.85,10.2,8.58,9.9,9.9,1407300.0,1407300.0,0.66,0.33668181818181814,9.434394545454545
2008-05-01,PRGX,PRGX Global Inc.,NASDAQ,1996-03-27,233809000.0,9.86,10.5,8.45,10.21,10.21,1419500.0,1419500.0,-0.30000000000000016,-0.11742857142857159,9.468095714285713
2008-06-01,PRGX,PRGX Global Inc.,NASDAQ,1996-03-27,215489000.0,10.18,10.72,8.87,9.41,9.41,3832100.0,3832100.0,-0.74,-0.33709523809523817,9.883334285714284
2008-07-01,PRGX,PRGX Global Inc.,NASDAQ,1996-03-27,231977000.0,9.31,10.37,8.85,10.13,10.13,2639100.0,2639100.0,0.11999999999999997,0.1108636363636364,9.543484545454543
2008-08-01,PRGX,PRGX Global Inc.,NASDAQ,1996-03-27,271170000.0,10.1,11.92,9.75,11.79,11.79,5040700.0,5040700.0,1.75,0.7882380952380951,10.814125238095238
2008-09-01,PRGX,PRGX Global Inc.,NASDAQ,1996-03-27,206080000.0,11.94,12.3,8.29,8.96,8.96,3974700.0,3974700.0,-2.69,-1.1962857142857144,10.537779047619047
2008-10-01,PRGX,PRGX Global Inc.,NASDAQ,1996-03-27,97520000.0,8.9,9.02,3.42,4.24,4.24,7476200.0,7476200.0,-3.040000000000001,-2.011086956521739,4.854636956521738
2008-11-01,PRGX,PRGX Global Inc.,NASDAQ,1996-03-27,103488000.0,4.15,5.74,3.32,4.48,4.48,3278100.0,3278100.0,0.29999999999999993,0.8565263157894736,4.553508421052632
2008-12-01,PRGX,PRGX Global Inc.,NASDAQ,1996-03-27,94248000.0,4.3,4.3,3.22,4.08,4.08,4999200.0,4999200.0,0.029999999999999916,0.365272727272727,3.6736368181818175
2009-01-01,PRGX,PRGX Global Inc.,NASDAQ,1996-03-27,72303000.0,4.09,4.69,2.95,3.13,3.13,3577700.0,3577700.0,-1.1099999999999997,-1.3862,3.6708329999999996
2009-02-01,PRGX,PRGX Global Inc.,NASDAQ,1996-03-27,86856000.0,3.12,4.91,3.1,3.76,3.76,2387000.0,2387000.0,0.43000000000000005,0.874421052631579,3.842807368421052
2009-03-01,PRGX,PRGX Global Inc.,NASDAQ,1996-03-27,65604000.0,3.7,4.06,2.74,2.84,2.84,2515500.0,2515500.0,-1.48,-1.9539545454545453,3.0742427272727273
2009-04-01,PRGX,PRGX Global Inc.,NASDAQ,1996-03-27,68376000.0,2.83,4.04,2.83,2.96,2.96,2380200.0,2380200.0,0.3800000000000003,0.7276666666666671,3.48381
2009-05-01,PRGX,PRGX Global Inc.,NASDAQ,1996-03-27,66871000.0,3.03,3.35,2.8,2.87,2.87,2430900.0,2430900.0,-0.61,-0.9798000000000002,2.9986675000000003
2009-06-01,PRGX,PRGX Global Inc.,NASDAQ,1996-03-27,62910000.0,2.88,3.22,2.48,2.7,2.7,6473600.0,6473600.0,-0.6500000000000001,-0.9961363636363636,2.8033331818181817
2009-07-01,PRGX,PRGX Global Inc.,NASDAQ,1996-03-27,88540000.0,2.73,3.85,2.6,3.8,3.8,4682700.0,4682700.0,0.9099999999999999,1.3994090909090908,3.1477263636363633
2009-08-01,PRGX,PRGX Global Inc.,NASDAQ,1996-03-27,123046000.0,3.89,5.5,3.74,5.17,5.17,3085400.0,3085400.0,0.84,0.9690476190476192,5.038253809523809
2009-09-01,PRGX,PRGX Global Inc.,NASDAQ,1996-03-27,133280000.0,5.19,6.01,4.78,5.6,5.6,4015100.0,4015100.0,-0.2,-0.1468095238095238,5.489840952380953
2009-10-01,PRGX,PRGX Global Inc.,NASDAQ,1996-03-27,123284000.0,5.62,6.98,5.13,5.18,5.18,3431700.0,3431700.0,-1.06,-0.7308181818181818,6.130757727272728
2009-11-01,PRGX,PRGX Global Inc.,NASDAQ,1996-03-27,108745000.0,5.15,5.6,4.53,4.55,4.55,2526500.0,2526500.0,-0.7699999999999999,-0.7110999999999998,4.897833
2009-12-01,PRGX,PRGX Global Inc.,NASDAQ,1996-03-27,141249000.0,4.64,6.14,4.5,5.91,5.91,2003900.0,2003900.0,0.97,0.8628636363636364,5.375757272727273
2010-01-01,PRGX,PRGX Global Inc.,NASDAQ,1996-03-27,137425000.0,5.93,6.27,5.55,5.75,5.75,1817800.0,1817800.0,-0.66,-0.572578947368421,5.914211052631579
2010-02-01,PRGX,PRGX Global Inc.,NASDAQ,1996-03-27,141000000.0,5.76,6.04,5.01,6.0,6.0,1136900.0,1136900.0,0.5399999999999999,0.5183684210526316,5.820175263157895
2010-03-01,PRGX,PRGX Global Inc.,NASDAQ,1996-03-27,137945000.0,6.0,6.02,5.37,5.87,5.87,2062100.0,2062100.0,0.38000000000000006,0.30195652173913046,5.827681739130434
2010-04-01,PRGX,PRGX Global Inc.,NASDAQ,1996-03-27,158860000.0,5.88,6.93,5.8,6.76,6.76,1190500.0,1190500.0,1.0499999999999998,0.8039523809523811,6.2712699999999995
2010-05-01,PRGX,PRGX Global Inc.,NASDAQ,1996-03-27,102340000.0,6.6,6.76,3.8,4.3,4.3,3161400.0,3161400.0,-1.7999999999999996,-1.6474999999999997,4.691333499999999
2010-06-01,PRGX,PRGX Global Inc.,NASDAQ,1996-03-27,98770000.0,4.31,4.56,3.6,4.15,4.15,1996900.0,1996900.0,-0.039999999999999925,0.057045454545454594,4.084091363636364
2010-07-01,PRGX,PRGX Global Inc.,NASDAQ,1996-03-27,131138000.0,4.14,5.68,4.0,5.51,5.51,2048000.0,2048000.0,1.3500000000000003,1.3345238095238094,4.641746666666667
2010-08-01,PRGX,PRGX Global Inc.,NASDAQ,1996-03-27,126880000.0,5.58,5.6,4.8,5.2,5.2,890600.0,890600.0,0.5900000000000001,0.5530454545454546,5.228181818181819
2010-09-01,PRGX,PRGX Global Inc.,NASDAQ,1996-03-27,138348000.0,5.32,5.75,5.16,5.67,5.67,927600.0,927600.0,0.12,0.11709523809523807,5.510951904761905
2010-10-01,PRGX,PRGX Global Inc.,NASDAQ,1996-03-27,146400000.0,5.69,6.28,5.65,6.0,6.0,2210100.0,2210100.0,0.48,0.4014761904761904,6.03079380952381
2010-11-01,PRGX,PRGX Global Inc.,NASDAQ,1996-03-27,144669000.0,6.01,6.05,5.65,5.81,5.81,1182600.0,1182600.0,0.15000000000000002,0.12723809523809523,5.896825238095238
2010-12-01,PRGX,PRGX Global Inc.,NASDAQ,1996-03-27,157617000.0,5.89,6.53,5.75,6.33,6.33,2888500.0,2888500.0,0.62,0.4694545454545454,6.019543636363637
2011-01-01,PRGX,PRGX Global Inc.,NASDAQ,1996-03-27,154878000.0,6.38,6.64,5.8,6.22,6.22,2225300.0,2225300.0,2.7755575615628914e-17,0.017899999999999937,6.2295
2011-02-01,PRGX,PRGX Global Inc.,NASDAQ,1996-03-27,139405000.0,6.14,6.6,5.41,5.69,5.69,2178700.0,2178700.0,-0.26999999999999996,-0.2411052631578947,6.081753684210526
2011-03-01,PRGX,PRGX Global Inc.,NASDAQ,1996-03-27,148715000.0,6.05,6.5,5.81,6.07,6.07,2092900.0,2092900.0,0.19000000000000003,0.14673913043478262,6.087970869565218
2011-04-01,PRGX,PRGX Global Inc.,NASDAQ,1996-03-27,192080000.0,6.07,8.07,5.99,7.84,7.84,2159600.0,2159600.0,1.5199999999999998,1.1535499999999999,6.618833
2011-05-01,PRGX,PRGX Global Inc.,NASDAQ,1996-03-27,195963000.0,7.75,8.39,7.29,7.87,7.87,1553900.0,1553900.0,0.28,0.19938095238095235,7.776667142857142
2011-06-01,PRGX,PRGX Global Inc.,NASDAQ,1996-03-27,178035000.0,7.84,7.9,6.65,7.15,7.15,4854400.0,4854400.0,-0.6000000000000001,-0.34904545454545444,7.039848636363636
2011-07-01,PRGX,PRGX Global Inc.,NASDAQ,1996-03-27,162348000.0,7.17,7.42,6.23,6.52,6.52,1708200.0,1708200.0,0.15999999999999995,0.16999999999999998,7.022833
2011-08-01,PRGX,PRGX Global Inc.,NASDAQ,1996-03-27,148176000.0,6.62,6.79,5.59,5.88,5.88,1882500.0,1882500.0,-0.45999999999999996,-0.2709565217391304,6.166087391304347
2011-09-01,PRGX,PRGX Global Inc.,NASDAQ,1996-03-27,118944000.0,5.74,5.9,4.48,4.72,4.72,1362300.0,1362300.0,-1.03,-0.9116666666666666,5.104127619047619
2011-10-01,PRGX,PRGX Global Inc.,NASDAQ,1996-03-27,134568000.0,4.68,5.93,4.07,5.34,5.34,1493300.0,1493300.0,0.10999999999999996,0.27195238095238106,5.350952857142857
2011-11-01,PRGX,PRGX Global Inc.,NASDAQ,1996-03-27,152908000.0,5.15,6.03,4.9,6.02,6.02,1228200.0,1228200.0,0.6,0.5287142857142857,5.428572380952382
2011-12-01,PRGX,PRGX Global Inc.,NASDAQ,1996-03-27,151130000.0,5.94,6.23,5.56,5.95,5.95,945500.0,945500.0,-0.32000000000000006,-0.21609523809523806,5.908253809523809
2012-01-01,PRGX,PRGX Global Inc.,NASDAQ,1996-03-27,154178000.0,6.12,6.48,5.87,6.07,6.07,1788800.0,1788800.0,-0.10000000000000002,-0.06304999999999997,6.1843309999999985
2012-02-01,PRGX,PRGX Global Inc.,NASDAQ,1996-03-27,143964000.0,6.12,6.28,5.48,5.58,5.58,1406600.0,1406600.0,-0.6200000000000001,-0.5112,5.882166
2012-03-01,PRGX,PRGX Global Inc.,NASDAQ,1996-03-27,162282000.0,5.58,6.5,5.29,6.29,6.29,1397000.0,1397000.0,0.8799999999999999,0.7083636363636364,5.901060909090909
2012-04-01,PRGX,PRGX Global Inc.,NASDAQ,1996-03-27,163056000.0,6.25,6.65,5.98,6.32,6.32,1095400.0,1095400.0,0.3999999999999999,0.34095000000000003,6.3253335
2012-05-01,PRGX,PRGX Global Inc.,NASDAQ,1996-03-27,173634000.0,6.36,7.53,5.66,6.73,6.73,1264900.0,1264900.0,1.1,0.7789545454545455,6.803938181818183
2012-06-01,PRGX,PRGX Global Inc.,NASDAQ,1996-03-27,205110000.0,6.56,8.07,6.56,7.95,7.95,1781800.0,1781800.0,1.3399999999999999,0.9037619047619048,7.258571428571429
2012-07-01,PRGX,PRGX Global Inc.,NASDAQ,1996-03-27,196080000.0,7.91,8.41,7.0,7.6,7.6,1510700.0,1510700.0,-0.07999999999999993,-0.03809523809523814,7.8328566666666655
2012-08-01,PRGX,PRGX Global Inc.,NASDAQ,1996-03-27,213556000.0,7.6,8.24,7.45,8.12,8.12,999100.0,999100.0,0.99,0.5593478260869567,7.861305652173914
2012-09-01,PRGX,PRGX Global Inc.,NASDAQ,1996-03-27,225128000.0,8.1,8.85,7.94,8.56,8.56,1237300.0,1237300.0,0.1,0.07184210526315792,8.49491210526316
2012-10-01,PRGX,PRGX Global Inc.,NASDAQ,1996-03-27,205666000.0,8.53,8.6,7.28,7.82,7.82,1033300.0,1033300.0,-0.8600000000000002,-0.4778095238095239,8.030317142857145
2012-11-01,PRGX,PRGX Global Inc.,NASDAQ,1996-03-27,170613000.0,7.85,8.03,6.26,6.39,6.39,1584800.0,1584800.0,-0.9299999999999999,-0.6029047619047619,7.215714761904762
2012-12-01,PRGX,PRGX Global Inc.,NASDAQ,1996-03-27,172215000.0,6.44,6.88,5.93,6.45,6.45,7555500.0,7555500.0,-0.54,-0.38215000000000005,6.397333
2013-01-01,PRGX,PRGX Global Inc.,NASDAQ,1996-03-27,180225000.0,6.53,7.0,6.3,6.75,6.75,3051800.0,3051800.0,0.04000000000000005,0.04104761904761901,6.733015238095239
2013-02-01,PRGX,PRGX Global Inc.,NASDAQ,1996-03-27,187200000.0,6.79,7.03,6.48,6.5,6.5,2008100.0,2008100.0,-0.43,-0.3303157894736842,6.807367368421052
2013-03-01,PRGX,PRGX Global Inc.,NASDAQ,1996-03-27,200160000.0,6.44,7.3,5.84,6.95,6.95,2791900.0,2791900.0,0.5000000000000001,0.38025000000000003,6.957500499999999
2013-04-01,PRGX,PRGX Global Inc.,NASDAQ,1996-03-27,160992000.0,6.97,7.01,4.8,5.59,5.59,4112000.0,4112000.0,-0.2699999999999999,-0.10113636363636366,6.16545590909091
2013-05-01,PRGX,PRGX Global Inc.,NASDAQ,1996-03-27,161112000.0,5.56,5.7,5.23,5.48,5.48,1797500.0,1797500.0,0.08999999999999996,0.09577272727272726,5.439698181818181
2013-06-01,PRGX,PRGX Global Inc.,NASDAQ,1996-03-27,161406000.0,5.57,5.7,5.27,5.49,5.49,2334100.0,2334100.0,0.06999999999999998,0.07140000000000002,5.480833499999998
2013-07-01,PRGX,PRGX Global Inc.,NASDAQ,1996-03-27,182280000.0,5.5,6.3,5.35,6.2,6.2,2380800.0,2380800.0,0.73,0.5847727272727273,5.738484545454545
2013-08-01,PRGX,PRGX Global Inc.,NASDAQ,1996-03-27,180886000.0,6.21,6.22,5.93,6.07,6.07,1466700.0,1466700.0,0.26,0.20209090909090907,6.0609090909090915
2013-09-01,PRGX,PRGX Global Inc.,NASDAQ,1996-03-27,186548000.0,6.11,6.73,6.04,6.26,6.26,1182400.0,1182400.0,-0.19999999999999996,-0.13789999999999997,6.3876655
2013-10-01,PRGX,PRGX Global Inc.,NASDAQ,1996-03-27,213964000.0,6.24,7.76,5.89,7.18,7.18,2639900.0,2639900.0,0.6200000000000001,0.4270434782608696,6.438115217391306
2013-11-01,PRGX,PRGX Global Inc.,NASDAQ,1996-03-27,193452000.0,7.18,7.65,6.02,6.58,6.58,3982800.0,3982800.0,-0.49999999999999994,-0.32735,6.929
2013-12-01,PRGX,PRGX Global Inc.,NASDAQ,1996-03-27,197568000.0,6.56,6.75,6.26,6.72,6.72,2174600.0,2174600.0,-0.020000000000000046,-0.012095238095238084,6.552063333333334
2014-01-01,PRGX,PRGX Global Inc.,NASDAQ,1996-03-27,195804000.0,6.67,7.42,6.4,6.66,6.66,4047400.0,4047400.0,-0.03000000000000011,0.005952380952381016,7.027461428571428
2014-02-01,PRGX,PRGX Global Inc.,NASDAQ,1996-03-27,182408000.0,6.66,6.73,5.95,6.04,6.04,3410900.0,3410900.0,-0.53,-0.4276842105263158,6.414209473684211
2014-03-01,PRGX,PRGX Global Inc.,NASDAQ,1996-03-27,209286000.0,5.95,7.24,5.82,6.93,6.93,3302500.0,3302500.0,0.66,0.5274285714285712,6.808889047619048
2014-04-01,PRGX,PRGX Global Inc.,NASDAQ,1996-03-27,194186000.0,6.9,6.9,5.95,6.43,6.43,2371000.0,2371000.0,0.13999999999999996,0.14571428571428585,6.486349047619048
2014-05-01,PRGX,PRGX Global Inc.,NASDAQ,1996-03-27,189486000.0,6.43,6.55,6.25,6.38,6.38,2670700.0,2670700.0,0.17999999999999994,0.14204761904761898,6.392698571428571
2014-06-01,PRGX,PRGX Global Inc.,NASDAQ,1996-03-27,189783000.0,6.36,6.77,6.11,6.39,6.39,2489800.0,2489800.0,0.13999999999999996,0.11723809523809521,6.415396666666667
2014-07-01,PRGX,PRGX Global Inc.,NASDAQ,1996-03-27,178794000.0,6.43,6.89,5.91,6.02,6.02,1774800.0,1774800.0,0.4500000000000002,0.3341363636363635,6.537879545454547
2014-08-01,PRGX,PRGX Global Inc.,NASDAQ,1996-03-27,172294000.0,6.02,6.6,5.92,6.22,6.22,2610900.0,2610900.0,0.43000000000000005,0.3477142857142857,6.189206190476189
2014-09-01,PRGX,PRGX Global Inc.,NASDAQ,1996-03-27,162322000.0,6.25,6.37,5.5,5.86,5.86,1757200.0,1757200.0,-0.13000000000000003,-0.08680952380952385,6.01650761904762
2014-10-01,PRGX,PRGX Global Inc.,NASDAQ,1996-03-27,146533000.0,5.81,6.05,3.97,5.29,5.29,3053400.0,3053400.0,1.4400000000000002,1.7364347826086957,5.721158260869567
2014-11-01,PRGX,PRGX Global Inc.,NASDAQ,1996-03-27,141440000.0,5.27,5.5,5.1,5.2,5.2,1279800.0,1279800.0,-0.25,-0.22989473684210532,5.299649999999999
2014-12-01,PRGX,PRGX Global Inc.,NASDAQ,1996-03-27,155584000.0,5.22,5.84,5.0,5.72,5.72,2488500.0,2488500.0,0.5199999999999998,0.45304545454545464,5.416061363636364
2015-01-01,PRGX,PRGX Global Inc.,NASDAQ,1996-03-27,141168000.0,5.73,5.77,5.09,5.19,5.19,1280300.0,1280300.0,-0.44,-0.38534999999999997,5.339333000000001
2015-02-01,PRGX,PRGX Global Inc.,NASDAQ,1996-03-27,132264000.0,5.18,5.46,4.97,5.01,5.01,1277100.0,1277100.0,-0.059999999999999956,-0.060263157894736866,5.30842
2015-03-01,PRGX,PRGX Global Inc.,NASDAQ,1996-03-27,106128000.0,5.03,5.11,3.84,4.02,4.02,3315400.0,3315400.0,-0.7499999999999998,-0.711454545454545,4.187576363636363
2015-04-01,PRGX,PRGX Global Inc.,NASDAQ,1996-03-27,111936000.0,3.98,4.32,3.65,4.24,4.24,2912700.0,2912700.0,0.38000000000000006,0.46366666666666656,3.8920642857142873
2015-05-01,PRGX,PRGX Global Inc.,NASDAQ,1996-03-27,113050000.0,4.27,4.99,4.19,4.25,4.25,5238900.0,5238900.0,0.009999999999999912,0.029749999999999964,4.587499
2015-06-01,PRGX,PRGX Global Inc.,NASDAQ,1996-03-27,116774000.0,4.24,4.8,4.05,4.39,4.39,6121500.0,6121500.0,0.16999999999999998,0.18913636363636366,4.405151363636364
2015-07-01,PRGX,PRGX Global Inc.,NASDAQ,1996-03-27,111188000.0,4.42,4.48,3.41,4.18,4.18,4101900.0,4101900.0,-0.6700000000000002,-0.7345454545454547,3.8866659090909086
2015-08-01,PRGX,PRGX Global Inc.,NASDAQ,1996-03-27,90972000.0,4.18,4.51,3.35,3.61,3.61,2704800.0,2704800.0,-0.39999999999999997,-0.4056666666666667,3.920792857142858
2015-09-01,PRGX,PRGX Global Inc.,NASDAQ,1996-03-27,95004000.0,3.53,4.33,3.5,3.77,3.77,2349400.0,2349400.0,0.21,0.3305238095238096,3.9177780952380963
2015-10-01,PRGX,PRGX Global Inc.,NASDAQ,1996-03-27,94500000.0,3.75,4.42,3.74,3.75,3.75,1039600.0,1039600.0,0.28000000000000014,0.36463636363636365,3.9360609090909096
2015-11-01,PRGX,PRGX Global Inc.,NASDAQ,1996-03-27,99822000.0,3.78,4.07,3.5,3.93,3.93,889100.0,889100.0,0.18,0.2595000000000001,3.7133339999999997
2015-12-01,PRGX,PRGX Global Inc.,NASDAQ,1996-03-27,94488000.0,3.93,4.12,3.64,3.72,3.72,1059600.0,1059600.0,-0.05999999999999997,-0.05563636363636362,3.8715159090909084
2016-01-01,PRGX,PRGX Global Inc.,NASDAQ,1996-03-27,96520000.0,3.7,4.08,3.4,3.8,3.8,898100.0,898100.0,0.3500000000000001,0.5486842105263158,3.756667368421053
2016-02-01,PRGX,PRGX Global Inc.,NASDAQ,1996-03-27,81088000.0,3.53,3.95,3.04,3.62,3.62,2033800.0,2033800.0,0.5700000000000002,0.8588000000000001,3.5066665
2016-03-01,PRGX,PRGX Global Inc.,NASDAQ,1996-03-27,105728000.0,3.97,4.9,3.93,4.72,4.72,1474100.0,1474100.0,0.8099999999999999,0.872,4.564848181818182
2016-04-01,PRGX,PRGX Global Inc.,NASDAQ,1996-03-27,108416000.0,4.79,4.87,4.56,4.84,4.84,1185400.0,1185400.0,0.16999999999999998,0.18014285714285713,4.719524285714286
2016-05-01,PRGX,PRGX Global Inc.,NASDAQ,1996-03-27,109340000.0,4.89,5.01,4.56,4.97,4.97,781600.0,781600.0,0.06999999999999997,0.08371428571428574,4.793333333333333
2016-06-01,PRGX,PRGX Global Inc.,NASDAQ,1996-03-27,114840000.0,4.97,5.81,4.87,5.22,5.22,709400.0,709400.0,0.51,0.48281818181818187,5.2546977272727275
2016-07-01,PRGX,PRGX Global Inc.,NASDAQ,1996-03-27,104500000.0,5.29,5.5,4.66,4.75,4.75,556600.0,556600.0,-0.39,-0.362,5.1348335
2016-08-01,PRGX,PRGX Global Inc.,NASDAQ,1996-03-27,105558000.0,4.73,5.39,4.58,4.82,4.82,1149000.0,1149000.0,-0.9599999999999999,-0.7821739130434782,4.817391304347826
2016-09-01,PRGX,PRGX Global Inc.,NASDAQ,1996-03-27,103149000.0,4.82,4.98,4.59,4.71,4.71,648400.0,648400.0,-0.13999999999999996,-0.1299523809523809,4.803969523809523
2016-10-01,PRGX,PRGX Global Inc.,NASDAQ,1996-03-27,99645000.0,4.7,5.3,4.25,4.55,4.55,630000.0,630000.0,-1.1099999999999999,-1.0837619047619047,4.879364761904761
2016-11-01,PRGX,PRGX Global Inc.,NASDAQ,1996-03-27,117720000.0,4.6,5.55,4.45,5.45,5.45,1333600.0,1333600.0,0.13000000000000006,0.1532380952380953,5.055872857142857
2016-12-01,PRGX,PRGX Global Inc.,NASDAQ,1996-03-27,127440000.0,5.5,6.2,5.1,5.9,5.9,857500.0,857500.0,0.4700000000000001,0.44099999999999995,5.564761904761904
2017-01-01,PRGX,PRGX Global Inc.,NASDAQ,1996-03-27,123120000.0,6.0,6.2,5.65,5.7,5.7,403900.0,403900.0,-0.2,-0.15274999999999994,5.961
2017-02-01,PRGX,PRGX Global Inc.,NASDAQ,1996-03-27,136875000.0,5.7,6.35,5.35,6.25,6.25,781500.0,781500.0,0.7300000000000002,0.6888947368421053,5.795263157894738
2017-03-01,PRGX,PRGX Global Inc.,NASDAQ,1996-03-27,140160000.0,6.2,6.59,5.92,6.4,6.4,680400.0,680400.0,0.16999999999999998,0.13947826086956522,6.29449347826087
2017-04-01,PRGX,PRGX Global Inc.,NASDAQ,1996-03-27,143445000.0,6.45,6.93,5.9,6.55,6.55,606700.0,606700.0,0.6299999999999999,0.5735263157894736,6.453157368421053
2017-05-01,PRGX,PRGX Global Inc.,NASDAQ,1996-03-27,148740000.0,6.55,6.85,5.93,6.7,6.7,647600.0,647600.0,0.6900000000000001,0.5164090909090909,6.265151818181818
2017-06-01,PRGX,PRGX Global Inc.,NASDAQ,1996-03-27,144300000.0,7.25,7.25,6.13,6.5,6.5,889300.0,889300.0,-1.1100000000000003,-0.6776818181818185,6.554848636363636
2017-07-01,PRGX,PRGX Global Inc.,NASDAQ,1996-03-27,138750000.0,6.5,6.65,5.95,6.25,6.25,348800.0,348800.0,0.79,0.6545500000000001,6.290335000000001
2017-08-01,PRGX,PRGX Global Inc.,NASDAQ,1996-03-27,153900000.0,6.35,6.78,5.4,6.75,6.75,629200.0,629200.0,0.6300000000000001,0.45921739130434786,6.231305217391304
2017-09-01,PRGX,PRGX Global Inc.,NASDAQ,1996-03-27,159600000.0,6.75,7.3,6.55,7.0,7.0,534700.0,534700.0,0.4600000000000001,0.351,6.8914995
2017-10-01,PRGX,PRGX Global Inc.,NASDAQ,1996-03-27,172140000.0,7.15,7.75,6.62,7.55,7.55,452000.0,452000.0,0.8800000000000001,0.5932272727272726,7.146362727272727
2017-11-01,PRGX,PRGX Global Inc.,NASDAQ,1996-03-27,164590000.0,7.55,7.9,6.93,7.55,7.55,372300.0,372300.0,0.19999999999999998,0.16742857142857137,7.333491904761904
2017-12-01,PRGX,PRGX Global Inc.,NASDAQ,1996-03-27,154780000.0,7.4,7.75,7.0,7.1,7.1,624500.0,624500.0,-0.3,-0.19715,7.3345005
2018-01-01,PRGX,PRGX Global Inc.,NASDAQ,1996-03-27,165680000.0,7.1,8.0,7.05,7.6,7.6,450700.0,450700.0,-0.26,-0.1436190476190476,7.612381904761903
2018-02-01,PRGX,PRGX Global Inc.,NASDAQ,1996-03-27,169500000.0,7.6,7.95,6.95,7.5,7.5,536500.0,536500.0,1.2499999999999998,0.9354736842105263,7.536491052631579
2018-03-01,PRGX,PRGX Global Inc.,NASDAQ,1996-03-27,213570000.0,7.5,9.7,7.5,9.45,9.45,2445500.0,2445500.0,0.5499999999999999,0.34609523809523807,8.71492
2018-04-01,PRGX,PRGX Global Inc.,NASDAQ,1996-03-27,221480000.0,9.45,10.3,8.65,9.8,9.8,1519400.0,1519400.0,-0.04999999999999995,-0.006333333333333312,9.635715238095239
2018-05-01,PRGX,PRGX Global Inc.,NASDAQ,1996-03-27,224845000.0,9.8,10.0,9.0,9.65,9.65,1065300.0,1065300.0,0.39999999999999997,0.20590909090909093,9.530303181818182
2018-06-01,PRGX,PRGX Global Inc.,NASDAQ,1996-03-27,226010000.0,9.65,10.2,8.62,9.7,9.7,3270800.0,3270800.0,-0.13,-0.03466666666666666,9.391588095238095
2018-07-01,PRGX,PRGX Global Inc.,NASDAQ,1996-03-27,210865000.0,9.55,9.9,8.95,9.05,9.05,737400.0,737400.0,-0.52,-0.2580476190476191,9.499999047619047
2018-08-01,PRGX,PRGX Global Inc.,NASDAQ,1996-03-27,231176850.0,9.0,9.85,8.65,9.55,9.55,1231100.0,1231100.0,-0.4,-0.17456521739130426,9.173622173913042
2018-09-01,PRGX,PRGX Global Inc.,NASDAQ,1996-03-27,210600900.0,9.55,10.02,8.35,8.7,8.7,1167600.0,1167600.0,-0.8,-0.43700000000000006,9.138597368421054
2018-10-01,PRGX,PRGX Global Inc.,NASDAQ,1996-03-27,207696060.0,8.69,9.19,7.57,8.58,8.58,1560000.0,1560000.0,-0.2499999999999999,-0.10143478260869562,8.438405652173913
2018-11-01,PRGX,PRGX Global Inc.,NASDAQ,1996-03-27,226812300.0,8.67,9.61,8.4,9.33,9.33,1211700.0,1211700.0,-0.07999999999999995,-0.015333333333333374,9.114286190476191
2018-12-01,PRGX,PRGX Global Inc.,NASDAQ,1996-03-27,230215700.0,9.45,9.59,8.77,9.47,9.47,1369900.0,1369900.0,-0.32,-0.16805263157894731,9.202455789473687
2019-01-01,PRGX,PRGX Global Inc.,NASDAQ,1996-03-27,222679600.0,9.38,9.55,8.75,9.16,9.16,957900.0,957900.0,-0.18999999999999992,-0.08800000000000005,9.066349047619047
2019-02-01,PRGX,PRGX Global Inc.,NASDAQ,1996-03-27,212081800.0,9.13,9.68,8.96,9.38,9.38,862300.0,862300.0,0.33000000000000007,0.19221052631578953,9.336490526315789
2019-03-01,PRGX,PRGX Global Inc.,NASDAQ,1996-03-27,179071200.0,9.43,9.57,7.87,7.92,7.92,949200.0,949200.0,-1.4600000000000004,-0.7978571428571426,8.492380952380952
2019-04-01,PRGX,PRGX Global Inc.,NASDAQ,1996-03-27,181332200.0,8.0,8.5,7.17,8.02,8.02,589600.0,589600.0,-0.76,-0.40357142857142864,7.727936190476191
2019-05-01,PRGX,PRGX Global Inc.,NASDAQ,1996-03-27,148642390.0,7.7,8.07,6.42,6.53,6.53,759000.0,759000.0,-0.99,-0.6033636363636363,7.309696818181816
2019-06-01,PRGX,PRGX Global Inc.,NASDAQ,1996-03-27,152967360.0,6.49,7.11,5.75,6.72,6.72,1028800.0,1028800.0,0.8700000000000002,0.7515500000000002,6.499500500000001
2019-07-01,PRGX,PRGX Global Inc.,NASDAQ,1996-03-27,127700430.0,6.74,7.37,5.22,5.61,5.61,546000.0,546000.0,-0.5200000000000001,-0.31772727272727275,6.655000000000001
2019-08-01,PRGX,PRGX Global Inc.,NASDAQ,1996-03-27,122730300.0,5.57,5.83,4.51,5.39,5.39,1403200.0,1403200.0,0.019999999999999907,0.08990909090909081,5.157879090909091
2019-09-01,PRGX,PRGX Global Inc.,NASDAQ,1996-03-27,117265500.0,5.54,6.35,4.86,5.15,5.15,927500.0,927500.0,-0.46999999999999986,-0.36974999999999997,5.511001
2019-10-01,PRGX,PRGX Global Inc.,NASDAQ,1996-03-27,113850000.0,5.34,6.0,4.62,5.0,5.0,507800.0,507800.0,-0.09000000000000002,0.011739130434782552,5.215362608695652
2019-11-01,PRGX,PRGX Global Inc.,NASDAQ,1996-03-27,101065500.0,5.06,5.17,4.37,4.5,4.5,471600.0,471600.0,-0.25,-0.2338000000000001,4.7893335
2019-12-01,PRGX,PRGX Global Inc.,NASDAQ,1996-03-27,110498280.0,4.39,5.02,3.95,4.92,4.92,1165100.0,1165100.0,0.19000000000000006,0.22604761904761905,4.498253809523809
2020-01-01,PRGX,PRGX Global Inc.,NASDAQ,1996-03-27,88937640.0,4.97,4.97,3.91,3.96,3.96,1275000.0,1275000.0,-0.83,-0.8554761904761905,4.327143333333335
2020-02-01,PRGX,PRGX Global Inc.,NASDAQ,1996-03-27,81181680.0,3.99,4.62,3.45,3.61,3.61,1689500.0,1689500.0,0.18000000000000008,0.24921052631578955,4.057894210526316
2020-03-01,PRGX,PRGX Global Inc.,NASDAQ,1996-03-27,62966400.0,3.62,3.95,2.16,2.8,2.8,1793900.0,1793900.0,0.020000000000000087,0.47299999999999986,3.0478781818181817
2020-04-01,PRGX,PRGX Global Inc.,NASDAQ,1996-03-27,90176880.0,3.0,4.69,1.77,4.01,4.01,1762200.0,1762200.0,-0.7600000000000001,-0.4017142857142855,3.120634285714285
2020-05-01,PRGX,PRGX Global Inc.,NASDAQ,1996-03-27,89501040.0,3.87,4.22,3.25,3.94,3.94,2173900.0,2173900.0,0.08000000000000011,0.2639000000000001,3.6586659999999993
2020-06-01,PRGX,PRGX Global Inc.,NASDAQ,1996-03-27,106765200.0,3.93,4.85,3.38,4.7,4.7,5334100.0,5334100.0,0.73,0.9272727272727272,3.9510604545454537
2020-07-01,PRGX,PRGX Global Inc.,NASDAQ,1996-03-27,122666400.0,4.69,5.86,4.1,5.4,5.4,1216117.0,1216117.0,-0.1400000000000001,0.010227272727272833,4.718939090909091
2020-08-01,PRGX,PRGX Global Inc.,NASDAQ,1996-03-27,125392319.99999999,5.31,6.11,5.24,5.52,5.52,842800.0,842800.0,0.06999999999999999,0.08876190476190471,5.56492
2020-09-01,PRGX,PRGX Global Inc.,NASDAQ,1996-03-27,106310880.0,5.57,5.64,4.4,4.68,4.68,273527.0,273527.0,-1.1300000000000001,-2.2003,5.044999999999999
