,date,symbol,fillingDate,acceptedDate,period,netIncome,depreciationAndAmortization,deferredIncomeTax,stockBasedCompensation,changeInWorkingCapital,accountsReceivables,inventory,accountsPayables,otherWorkingCapital,otherNonCashItems,netCashProvidedByOperatingActivities,investmentsInPropertyPlantAndEquipment,acquisitionsNet,purchasesOfInvestments,salesMaturitiesOfInvestments,otherInvestingActivites,netCashUsedForInvestingActivites,debtRepayment,commonStockIssued,commonStockRepurchased,dividendsPaid,otherFinancingActivites,netCashUsedProvidedByFinancingActivities,effectOfForexChangesOnCash,netChangeInCash,cashAtEndOfPeriod,cashAtBeginningOfPeriod,operatingCashFlow,capitalExpenditure,freeCashFlow,link,finalLink
0,2020-09-30,MEDS,2020-10-26,2020-10-26 16:18:24,Q3,138391.0,14051.0,0.0,126997.0,704817.0,2483360.0,34631.0,-80551.0,10108357,0.0,2483416.0,0.0,0.0,0.0,0.0,0.0,0.0,0.0,0.0,-2496719.0,0.0,2510022.0,13303.0,0.0,2496719.0,6647763.0,4151044.0,2483416.0,0.0,2483416.0,https://www.sec.gov/Archives/edgar/data/1382574/000149315220019949/0001493152-20-019949-index.htm,https://www.sec.gov/Archives/edgar/data/1382574/000149315220019949/form10-q.htm
0,2020-06-30,MEDS,2020-07-27,2020-07-27 16:06:54,Q2,-542580.0,1250.0,0.0,166814.0,559090.0,-2667284.0,-1450473.0,-3495.0,9403540.0,1059230.0,-3571860.0,58747.0,0.0,250000.0,0.0,0.0,308747.0,262552.0,3539424.0,21600.000000000287,0.0,-3528661.0,21600.000000000287,0.0,-3550259.9999999995,4151050.0000000005,7701310.0,-3571860.0,-58747.0,-3571860.0,https://www.sec.gov/Archives/edgar/data/1382574/000149315220014044/0001493152-20-014044-index.htm,https://www.sec.gov/Archives/edgar/data/1382574/000149315220014044/form10-q.htm
0,2020-03-31,MEDS,2020-05-04 00:00:00,2020-05-04 07:46:33,Q1,180300.0,1250.0,0.0,79089.0,5562310.0,-94047.0,-311640.0,-14376.0,8844450.0,173720.0,-410810.0,0.0,0.0,0.0,0.0,-23505.0,-23510.0,0.0,5994424.0,5996280.0,0.0,6970803.0,5263920.0,0.0,4829610.0,7701300.0,2871690.0,-410810.0,-23510.0,-434320.0,https://www.sec.gov/Archives/edgar/data/1382574/000149315220007589/0001493152-20-007589-index.html,https://www.sec.gov/Archives/edgar/data/1382574/000149315220007589/form10-q.htm
0,2019-12-31,MEDS,2020-03-30,2020-03-30 08:01:48,Q4,-495210.00000000006,1250.0000000000002,0.0,0.0,-76990.0,-87177.0,6555.0,-146102.0,3282140.0,598420.0,-182790.00000000003,-82252.0,0.0,-250000.0,0.0,-82252.0,-82249.99999999999,-222552.0,2455000.0,0.0,0.0,-487594.0,-222559.99999999965,0.0,-487590.0000000004,2871699.9999999995,3359290.0,-182790.00000000003,167750.0,-15040.00000000004,https://www.sec.gov/Archives/edgar/data/1382574/000149315220005026/0001493152-20-005026-index.htm,https://www.sec.gov/Archives/edgar/data/1382574/000149315220005026/form10-k.htm
0,2019-09-30,MEDS,2019-10-28 00:00:00,2019-10-28 16:16:32,Q3,27569.99999999998,1249.9999999999998,0.0,0.0,2492020.0,-2894.0,483500.0,4095.0,3359130.0,258890.0,404260.0,0.0,0.0,0.0,0.0,0.0,0.0,-40000.0,2455000.0,2455000.0,0.0,2819254.0,2415000.0,0.0,2819250.0000000005,3359280.0000000005,540030.0,404260.0,0.0,404260.0,https://www.sec.gov/Archives/edgar/data/1382574/000149315219016050/0001493152-19-016050-index.html,https://www.sec.gov/Archives/edgar/data/1382574/000149315219016050/form10-q.htm
0,2019-06-30,MEDS,2019-07-26 00:00:00,2019-07-26 10:30:44,Q2,57980.00000000001,1250.0,0.0,0.0,184170.0,15317.0,-484593.0,-36422.0,867110.0,145050.0,46100.000000000015,0.0,0.0,0.0,0.0,-40000.0,-40000.00000000001,0.0,0.0,0.0,0.0,540034.0,0.0,0.0,6110.000000000004,540040.0,533930.0,46100.000000000015,-40000.00000000001,6100.000000000006,https://www.sec.gov/Archives/edgar/data/1382574/000149315219011159/0001493152-19-011159-index.html,https://www.sec.gov/Archives/edgar/data/1382574/000149315219011159/form10-q.htm
0,2019-03-31,MEDS,2019-05-13 00:00:00,2019-05-13 16:34:28,Q1,125230.0,1250.0,0.0,0.0,77230.0,-295169.0,17743.0,29770.0,682940.0,86700.0,-125790.0,0.0,0.0,0.0,0.0,-210000.0,-210000.0,0.0,0.0,170.0,0.0,166.0,170.0,0.0,-335630.0,-335630.0,0.0,-125790.0,-210000.0,-335790.0,https://www.sec.gov/Archives/edgar/data/1382574/000149315219006928/0001493152-19-006928-index.html,https://www.sec.gov/Archives/edgar/data/1382574/000149315219006928/form10-q.htm
0,2018-12-31,MEDS,2019-03-22 00:00:00,2019-03-22 15:06:37,Q4,-187993.0,0.0,0.0,0.0,12945.0,100850.0,10055.0,-19039.0,605710.0,0.0,42071.0,0.0,0.0,0.0,0.0,-265279.0,-265279.0,0.0,500000.0,592765.0,0.0,-592765.0,500000.0,0.0,-408851.0,869557.0,1278408.0,42071.0,0.0,42071.0,https://www.sec.gov/Archives/edgar/data/1382574/000149315219003756/0001493152-19-003756-index.html,https://www.sec.gov/Archives/edgar/data/1382574/000149315219003756/form10-k.htm
0,2018-09-30,MEDS,2018-10-26 00:00:00,2018-10-26 10:40:46,Q3,94249.0,0.0,0.0,0.0,401292.0,-96507.0,-13865.0,-22423.0,592765.0,0.0,84859.0,0.0,0.0,0.0,0.0,0.0,0.0,0.0,300000.0,-384859.0,0.0,384859.0,300000.0,0.0,384859.0,592765.0,207906.0,84859.0,0.0,84859.0,https://www.sec.gov/Archives/edgar/data/1382574/000107878218001200/0001078782-18-001200-index.html,https://www.sec.gov/Archives/edgar/data/1382574/000107878218001200/f10q093018_10q.htm
0,2018-06-30,MEDS,2018-07-27 00:00:00,2018-07-27 10:18:57,Q2,20513.0,0.0,0.0,0.0,-10371.0,1425.0,0.0,35535.0,191473.0,0.0,79793.0,0.0,0.0,0.0,0.0,0.0,0.0,-61725.0,0.0,-18068.0,0.0,18068.0,-61725.0,0.0,18068.0,207906.0,189838.0,79793.0,0.0,79793.0,https://www.sec.gov/Archives/edgar/data/1382574/000107878218000746/0001078782-18-000746-index.html,https://www.sec.gov/Archives/edgar/data/1382574/000107878218000746/f10q063018_10q.htm
0,2018-03-31,MEDS,2018-04-27 00:00:00,2018-04-27 12:22:43,Q1,82269.0,152.0,0.0,0.0,119725.0,-7300.0,0.0,-12864.0,201844.0,0.0,66663.0,0.0,0.0,0.0,0.0,0.0,0.0,-50000.0,0.0,-189838.0,0.0,179099.0,-60739.0,0.0,5924.0,189838.0,183914.0,66663.0,0.0,66663.0,https://www.sec.gov/Archives/edgar/data/1382574/000107878218000482/0001078782-18-000482-index.html,https://www.sec.gov/Archives/edgar/data/1382574/000107878218000482/f10q033118_10q.htm
0,2017-12-31,MEDS,2018-03-02 00:00:00,2018-03-02 13:37:52,Q4,139906.0,2422.0,0.0,0.0,175689.0,-66457.0,0.0,-16718.0,82119.0,0.0,53318.0,0.0,0.0,0.0,0.0,0.0,0.0,-42734.0,0.0,-10584.0,0.0,10584.0,-42734.0,0.0,10584.0,183914.0,173330.0,53318.0,0.0,53318.0,https://www.sec.gov/Archives/edgar/data/1382574/000107878218000252/0001078782-18-000252-index.html,https://www.sec.gov/Archives/edgar/data/1382574/000107878218000252/f10k123117_10k.htm
0,2017-09-30,MEDS,2017-11-07 00:00:00,2017-11-07 10:44:04,Q3,76193.0,12209.0,0.0,0.0,138512.0,2560.0,0.0,-29876.0,-93570.0,0.0,116776.0,0.0,0.0,0.0,0.0,0.0,0.0,-46650.0,0.0,-70126.0,0.0,70126.0,-46650.0,0.0,70126.0,173330.0,103204.0,116776.0,0.0,116776.0,https://www.sec.gov/Archives/edgar/data/1382574/000107878217001499/0001078782-17-001499-index.html,https://www.sec.gov/Archives/edgar/data/1382574/000107878217001499/f10q093017_10q.htm
0,2017-06-30,MEDS,2017-08-04 00:00:00,2017-08-04 16:07:47,Q2,-6842.0,26412.0,0.0,0.0,493862.0,69175.0,0.0,11902.0,-232082.0,0.0,49859.0,0.0,0.0,0.0,0.0,0.0,0.0,-389951.0,0.0,66792.0,0.0,206508.0,-116651.0,0.0,-66792.0,103204.0,169996.0,49859.0,0.0,49859.0,https://www.sec.gov/Archives/edgar/data/1382574/000107878217001055/0001078782-17-001055-index.html,https://www.sec.gov/Archives/edgar/data/1382574/000107878217001055/10q063017_10q.htm
0,2017-03-31,MEDS,2017-05-15 00:00:00,2017-05-15 15:29:56,Q1,79726.0,47604.0,0.0,0.0,411526.0,-25632.0,0.0,-63521.0,-725944.0,0.0,-48283.0,0.0,0.0,0.0,0.0,0.0,0.0,46650.0,250000.0,-169996.0,0.0,76946.0,203600.0,0.0,155317.0,169996.0,14679.0,-48283.0,0.0,-48283.0,https://www.sec.gov/Archives/edgar/data/1382574/000107878217000677/0001078782-17-000677-index.html,https://www.sec.gov/Archives/edgar/data/1382574/000107878217000677/f10q033117_10q.htm
0,2016-12-31,MEDS,2017-03-30 00:00:00,2017-03-30 16:52:30,Q4,-443050.0,-33023.0,0.0,0.0,-646886.0,51742.0,-333062.0,-126137.0,-1137470.0,0.0,1053544.0,0.0,0.0,0.0,0.0,439500.0,439500.0,0.0,0.0,-14679.0,0.0,-776813.0,-791492.0,0.0,701552.0,14679.0,-686873.0,1053544.0,0.0,1053544.0,https://www.sec.gov/Archives/edgar/data/1382574/000107878217000381/0001078782-17-000381-index.html,https://www.sec.gov/Archives/edgar/data/1382574/000107878217000381/f10k123116_10k.htm
0,2016-09-30,MEDS,2016-11-14 00:00:00,2016-11-14 14:08:10,Q3,-842880.0,44992.0,0.0,0.0,-586689.0,6043.0,79023.0,145727.0,-490584.0,0.0,-711529.0,0.0,0.0,0.0,0.0,0.0,0.0,0.0,150000.0,0.0,0.0,336492.0,486492.0,0.0,-225037.0,94551.0,319588.0,-711529.0,0.0,-711529.0,https://www.sec.gov/Archives/edgar/data/1382574/000107878216003768/0001078782-16-003768-index.html,https://www.sec.gov/Archives/edgar/data/1382574/000107878216003768/f10q093016_10q.htm
0,2016-06-30,MEDS,2016-08-05 00:00:00,2016-08-05 16:06:18,Q2,-1101815.0,40304.0,0.0,0.0,-555436.0,-68316.0,62895.0,14526.0,96105.0,0.0,-493691.0,0.0,0.0,0.0,0.0,0.0,0.0,50000.0,150000.0,508279.0,0.0,-403279.0,305000.0,0.0,-188691.0,319588.0,508279.0,-493691.0,0.0,-493691.0,https://www.sec.gov/Archives/edgar/data/1382574/000107878216003191/0001078782-16-003191-index.html,https://www.sec.gov/Archives/edgar/data/1382574/000107878216003191/f10q063016_10q.htm
0,2016-03-31,MEDS,2016-04-20 00:00:00,2016-04-20 16:16:57,Q1,-372380.0,59015.0,0.0,0.0,-323864.0,-45248.0,191144.0,-17618.0,651541.0,0.0,-351853.0,0.0,0.0,0.0,0.0,0.0,0.0,0.0,0.0,-508279.0,0.0,508279.0,0.0,0.0,-351853.0,508279.0,860132.0,-351853.0,0.0,-351853.0,https://www.sec.gov/Archives/edgar/data/1382574/000107878216002684/0001078782-16-002684-index.html,https://www.sec.gov/Archives/edgar/data/1382574/000107878216002684/f10q033116_10q.htm
0,2015-12-31,MEDS,2016-03-28 00:00:00,2016-03-28 16:30:27,Q4,-495445.0,48294.0,0.0,0.0,595172.0,37096.0,-56443.0,24075.0,975405.0,0.0,-416157.0,0.0,0.0,0.0,0.0,0.0,0.0,0.0,0.0,-860132.0,0.0,1811799.0,951667.0,0.0,535510.0,860132.0,324622.0,-416157.0,0.0,-416157.0,https://www.sec.gov/Archives/edgar/data/1382574/000107878216002504/0001078782-16-002504-index.html,https://www.sec.gov/Archives/edgar/data/1382574/000107878216002504/f10k123115_10k.htm
0,2015-09-30,MEDS,2015-11-02 00:00:00,2015-11-02 14:14:20,Q3,-123762.0,39426.0,0.0,0.0,-65699.0,67726.0,-63898.0,-176335.0,380233.0,0.0,-89545.0,0.0,0.0,0.0,0.0,0.0,0.0,0.0,0.0,0.0,0.0,0.0,0.0,0.0,-89545.0,324622.0,414167.0,-89545.0,0.0,-89545.0,https://www.sec.gov/Archives/edgar/data/1382574/000107878215001713/0001078782-15-001713-index.html,https://www.sec.gov/Archives/edgar/data/1382574/000107878215001713/f10q093015_10q.htm
0,2015-06-30,MEDS,2015-07-30 00:00:00,2015-07-30 11:17:25,Q2,-54356.0,26549.0,0.0,0.0,107676.0,66727.0,270970.0,132635.0,445932.0,0.0,-326131.0,0.0,0.0,0.0,0.0,0.0,0.0,0.0,0.0,0.0,0.0,405000.0,405000.0,0.0,78869.0,414167.0,335298.0,-326131.0,0.0,-326131.0,https://www.sec.gov/Archives/edgar/data/1382574/000107878215001187/0001078782-15-001187-index.html,https://www.sec.gov/Archives/edgar/data/1382574/000107878215001187/f10q063015_10q.htm
0,2015-03-31,MEDS,2015-05-04 00:00:00,2015-05-04 15:30:55,Q1,-443620.0,1200.0,0.0,0.0,129460.0,1054.0,104535.0,84725.0,338256.0,0.0,-370304.0,0.0,0.0,0.0,0.0,0.0,0.0,0.0,0.0,0.0,0.0,0.0,0.0,0.0,-370304.0,335298.0,705602.0,-370304.0,0.0,-370304.0,https://www.sec.gov/Archives/edgar/data/1382574/000107878215000687/0001078782-15-000687-index.html,https://www.sec.gov/Archives/edgar/data/1382574/000107878215000687/f10q033115_10q.htm
0,2014-09-30,MEDS,2014-10-30 00:00:00,2014-10-30 17:05:09,Q3,-351883.0,1200.0,0.0,0.0,291106.0,34645.0,13019.0,16953.0,208796.0,0.0,-286887.0,0.0,0.0,0.0,0.0,0.0,0.0,-32889.0,400000.0,-200363.0,0.0,320502.0,487250.0,0.0,200363.0,270848.0,70485.0,-286887.0,0.0,-286887.0,https://www.sec.gov/Archives/edgar/data/1382574/000107878214001901/0001078782-14-001901-index.html,https://www.sec.gov/Archives/edgar/data/1382574/000107878214001901/f10q093014_10q.htm
0,2014-06-30,MEDS,2014-08-19 00:00:00,2014-08-19 14:00:12,Q2,-1223016.0,2400.0,0.0,0.0,-68963.0,44776.0,-26778.0,39417.0,-82310.0,0.0,-412443.0,0.0,0.0,0.0,0.0,0.0,0.0,42889.0,4250.0,-70485.0,0.0,421957.0,398611.0,0.0,-13832.0,70485.0,84317.0,-412443.0,0.0,-412443.0,https://www.sec.gov/Archives/edgar/data/1382574/000107878214001522/0001078782-14-001522-index.html,https://www.sec.gov/Archives/edgar/data/1382574/000107878214001522/f10q063014_10q.htm
0,2007-12-31,MEDS,2008-03-31,,Q4,-8598.0,0.0,0.0,0.0,0.0,0.0,0.0,7958.0,-13347.0,0.0,-20228.0,0.0,0.0,0.0,0.0,0.0,0.0,0.0,0.0,0.0,0.0,0.0,0.0,0.0,-640.0,1771.0,2411.0,-20228.0,0.0,-20228.0,https://www.sec.gov/Archives/edgar/data/1382574/000109690608000550/0001096906-08-000550-index.htm,https://www.sec.gov/Archives/edgar/data/1382574/000109690608000550/bluebird12310710ksba.htm
