,date,symbol,fillingDate,acceptedDate,period,netIncome,depreciationAndAmortization,deferredIncomeTax,stockBasedCompensation,changeInWorkingCapital,accountsReceivables,inventory,accountsPayables,otherWorkingCapital,otherNonCashItems,netCashProvidedByOperatingActivities,investmentsInPropertyPlantAndEquipment,acquisitionsNet,purchasesOfInvestments,salesMaturitiesOfInvestments,otherInvestingActivites,netCashUsedForInvestingActivites,debtRepayment,commonStockIssued,commonStockRepurchased,dividendsPaid,otherFinancingActivites,netCashUsedProvidedByFinancingActivities,effectOfForexChangesOnCash,netChangeInCash,cashAtEndOfPeriod,cashAtBeginningOfPeriod,operatingCashFlow,capitalExpenditure,freeCashFlow,link,finalLink
0,2020-09-30,WVE,2020-11-09,2020-11-09 08:00:06,Q3,-33100000,476000.0,0.0,3284000.0,112384000,0.0,0.0,-4200000.0,148766000,0.0,150808000,-65000.0,0.0,0.0,0.0,0.0,-65000.0,0.0,0.0,0.0,0.0,0.0,142523000,0.0,122309000,0.0,97704000,150808000,65000.0,150743000,https://www.sec.gov/Archives/edgar/data/1631574/000156459020052211/0001564590-20-052211-index.htm,https://www.sec.gov/Archives/edgar/data/1631574/000156459020052211/wve-10q_20200930.htm
0,2020-06-30,WVE,2020-08-10,2020-08-10 07:46:42,Q2,-40528000,2023999.9999999995,0.0,3794000.0,5472000.0,0.0,0.0,-2574000.0,36382000,4252000.0,-38144999.99999999,-136000.0,0.0,0.0,0.0,0.0,-136000.0,0.0,11372000,11382000,0.0,-26790000,11382000,4999.999999999999,-26894000,94055000,120949000,-38144999.99999999,-136000.0,-38280999.99999999,https://www.sec.gov/Archives/edgar/data/1631574/000156459020038620/0001564590-20-038620-index.htm,https://www.sec.gov/Archives/edgar/data/1631574/000156459020038620/wve-10q_20200630.htm
0,2020-03-31,WVE,2020-05-11,2020-05-11 07:50:20,Q1,-47493000,2039000.0,0.0,3999000.0,-36413000,0.0,0.0,7336000.0,30910000,4441000.0,-26250000,-580000.0,0.0,0.0,0.0,0.0,-580000.0,0.0,0.0,614000.0,0.0,0.0,614000.0,6000.0,-26210000,120951000,147161000,-26250000,-580000.0,-26830000,https://www.sec.gov/Archives/edgar/data/1631574/000156459020023860/0001564590-20-023860-index.htm,https://www.sec.gov/Archives/edgar/data/1631574/000156459020023860/wve-10q_20200331.htm
0,2019-12-31,WVE,2020-03-02,2020-03-02 07:45:26,Q4,-56770000.00000001,2004000.0000000005,0.0,4987000.0,-49524000,0.0,0.0,-10968000,67323000,5413000.0,-61239999.99999999,-1346000.0,0.0,0.0,0.0,0.0,-1346000.0,0.0,0.0,757000.000000005,0.0,-61052000,757000.000000005,-15000.0,-61843999.99999999,147165000,209009000,-61239999.99999999,-1346000.0,-62585999.99999999,https://www.sec.gov/Archives/edgar/data/1631574/000156459020007972/0001564590-20-007972-index.htm,https://www.sec.gov/Archives/edgar/data/1631574/000156459020007972/wve-10k_20191231.htm
0,2019-09-30,WVE,2019-11-05,2019-11-05 16:33:01,Q3,-50726000,1946999.9999999995,0.0,5020000.0,-48660000,0.0,0.0,10575000,116847000,5430999.999999999,-43681000,-465000.0,0.0,0.0,0.0,0.0,-464999.9999999999,0.0,0.0,252999.9999999859,0.0,-43644000,252999.9999999859,2000.0000000000018,-43891000.00000001,209015000,252906000,-43681000,-464999.9999999999,-44146000,https://www.sec.gov/Archives/edgar/data/1631574/000156459019040431/0001564590-19-040431-index.htm,https://www.sec.gov/Archives/edgar/data/1631574/000156459019040431/wve-10q_20190930.htm
0,2019-06-30,WVE,2019-08-06,2019-08-06 16:30:47,Q2,-41941999.99999999,1854000.0,0.0,5157000.0,-17647000,10000000,0.0,3363000.0,165507000,5552000.000000001,-32929000,-1599000.0,0.0,0.0,0.0,0.0,-1599000.0000000002,0.0,-273000.0,-156999.99999998225,0.0,-34545000,-156999.99999998225,30000.0,-34655000,252912000,287567000,-32929000,-1599000.0000000002,-34528000,https://www.sec.gov/Archives/edgar/data/1631574/000156459019029396/0001564590-19-029396-index.htm,https://www.sec.gov/Archives/edgar/data/1631574/000156459019029396/wve-10q_20190630.htm
0,2019-03-31,WVE,2019-05-10,2019-05-10 16:02:30,Q1,-44200000,1783000.0,0.0,4345000.0,110922000,0.0,0.0,-6467000.0,183154000,4726000.0,-50381000,-508000.0,0.0,0.0,0.0,0.0,-508000.0,0.0,162065000,163546000,0.0,289048000,163546000,97000.0,112754000,287573000,174819000,-50381000,-508000.0,-50889000,https://www.sec.gov/Archives/edgar/data/1631574/000156459019018521/0001564590-19-018521-index.htm,https://www.sec.gov/Archives/edgar/data/1631574/000156459019018521/wve-10q_20190331.htm
0,2018-12-31,WVE,2019-03-01,2019-03-01 09:26:55,Q4,-37886999.999999985,1714000.0000000005,0.0,4011000.0,-35134000,0.0,0.0,5217000.0,72232000,3795000.0,-32820000,-3463000.0,0.0,0.0,0.0,0.0,-3463000.000000001,0.0,0.0,646000.0000000008,0.0,-35024000,646000.0000000008,-28000.000000000004,-35664999.99999999,174824000,210489000,-32820000,-3463000.000000001,-36283000,https://www.sec.gov/Archives/edgar/data/1631574/000156459019005671/0001564590-19-005671-index.htm,https://www.sec.gov/Archives/edgar/data/1631574/000156459019005671/wve-10k_20181231.htm
0,2018-09-30,WVE,2018-11-09,2018-11-09 07:57:35,Q3,-37626000.00000001,1457000.0,0.0,3610000.0,-116534000,5000000.0,0.0,1416000.0,107366000,3598000.000000001,-29012000,-3389000.0,0.0,0.0,0.0,0.0,-3385000.0,0.0,0.0,1353999.9999999993,0.0,-29591000,1347999.9999999919,115000.0,-30934000.00000001,210466000,241400000,-29012000,-3385000.0,-32397000,https://www.sec.gov/Archives/edgar/data/1631574/000156459018028757/0001564590-18-028757-index.htm,https://www.sec.gov/Archives/edgar/data/1631574/000156459018028757/wve-10q_20180930.htm
0,2018-06-30,WVE,2018-08-09,2018-08-09 16:07:07,Q2,-35900000,1230000.0000000002,0.0,3545000.0,122200000,-64000000,0.0,1772000.0,223900000,3710000.0,71400000,-1922000.0,0.0,0.0,0.0,0.0,-1930000.0,0.0,-33500000,61560000,0.0,226000000,61560000,-90000.0,130940000,241440000,110500000,71400000,-1930000.0,69470000,https://www.sec.gov/Archives/edgar/data/1631574/000156459018021038/0001564590-18-021038-index.htm,https://www.sec.gov/Archives/edgar/data/1631574/000156459018021038/wve-10q_20180630.htm
0,2018-03-31,WVE,2018-05-09,2018-05-09 17:26:36,Q1,-35240000,1180000.0,0.0,4430000.0,-30600000,0.0,0.0,-2541000.0,101700000,4720000.0,-32430000,-1164000.0,0.0,0.0,0.0,0.0,-1160000.0,-16000.0,93500000,1550000.0,0.0,18528000,1540000.0,40000.0,-32010000,110490000,142500000,-32430000,-1160000.0,-33590000,https://www.sec.gov/Archives/edgar/data/1631574/000156459018012539/0001564590-18-012539-index.htm,https://www.sec.gov/Archives/edgar/data/1631574/000156459018012539/wve-10q_20180331.htm
0,2017-12-31,WVE,2018-03-12,2018-03-12 16:54:50,Q4,-30790000.000000007,890000.0000000001,10000.00000000001,3177000.0,-26400000,0.0,0.0,2652000.0,132300000,3690000.0000000014,-22750000,-4079000.0,0.0,0.0,0.0,-2000.0,-4080000.0,-15000.0,0.0,609999.9999999994,0.0,-25372000,579999.9999999983,280000.0,-25960000,142540000,168500000,-22750000,-4080000.0,-26830000,https://www.sec.gov/Archives/edgar/data/1631574/000156459018005308/0001564590-18-005308-index.htm,https://www.sec.gov/Archives/edgar/data/1631574/000156459018005308/wve-10k_20171231.htm
0,2017-09-30,WVE,2017-11-09,2017-11-09 16:02:16,Q3,-25500000,600000.0,770000.0,3000000.0,-26900000,0.0,0.0,1734000.0,158700000,3959999.999999999,-23410000.000000004,-5606000.0,0.0,0.0,0.0,-2000.0,-5610000.000000001,-16000.0,-5000.0,69999.99999999318,0.0,-28866000,60000.00000000228,30000.0,-28930000,168470000,197400000,-23410000.000000004,-5610000.000000001,-29020000.000000004,https://www.sec.gov/Archives/edgar/data/1631574/000156459017023225/0001564590-17-023225-index.htm,https://www.sec.gov/Archives/edgar/data/1631574/000156459017023225/wve-10q_20170930.htm
0,2017-06-30,WVE,2017-08-09,2017-08-09 16:27:15,Q2,-24589999.999999996,350000.00000000006,320000.0,2967000.0,66900000,0.0,0.0,701000.0,185600000,4070000.0,-20089999.999999996,-5567000.0,0.0,0.0,0.0,-2000.0,-5559999.999999999,-15000.0,93514000,93550000.00000001,0.0,67932000,93540000,30000.0,67920000,197420000,129500000,-20089999.999999996,-5559999.999999999,-25649999.999999996,https://www.sec.gov/Archives/edgar/data/1631574/000156459017016986/0001564590-17-016986-index.htm,https://www.sec.gov/Archives/edgar/data/1631574/000156459017016986/wve-10q_20170630.htm
0,2017-03-31,WVE,2017-05-10,2017-05-10 16:06:25,Q1,-21100000,320000.0,-190000.0,2999000.0,-21100000,0.0,0.0,-537000.0,118700000,4010000.0,-17420000,-3635000.0,0.0,0.0,0.0,-3000.0,-3640000.0,-16000.0,0.0,210000.0,0.0,129674000,190000.0,60000.0,-20810000,129490000,150300000,-17420000,-3640000.0,-21060000,https://www.sec.gov/Archives/edgar/data/1631574/000156459017010229/0001564590-17-010229-index.htm,https://www.sec.gov/Archives/edgar/data/1631574/000156459017010229/wve-10q_20170331.htm
0,2016-12-31,WVE,2017-03-16,2017-03-16 16:53:17,Q4,-18709999.999999993,250000.0,-879999.9999999999,2528000.0,-20900000,2500000.0,0.0,-188000.0,139800000,2720000.0,-13350000.000000002,-2729000.0,0.0,0.0,0.0,-2599000.0,-2729999.9999999995,-15000.0,0.0,100000.00000000143,0.0,-18707000,10000.000000001563,-110000.0,-16180000,152820000,169000000,-13350000.000000002,-2730000.0000000005,-16080000.000000002,https://www.sec.gov/Archives/edgar/data/1631574/000156459017004649/0001564590-17-004649-index.htm,https://www.sec.gov/Archives/edgar/data/1631574/000156459017004649/wve-10k_20161231.htm
0,2016-09-30,WVE,2016-11-09,2016-11-09 17:15:25,Q3,-17540000.000000004,190000.0,140000.0,2183000.0,-14600000,-2500000.0,0.0,1276000.0,160700000,2300000.0000000005,-11829999.999999998,-1275000.0,0.0,0.0,0.0,0.0,-1270000.0,-16000.0,0.0,129999.999999999,0.0,-12566000,189999.99999999773,170000.0,-12750000,169050000,181800000,-11829999.999999998,-1279999.9999999998,-13109999.999999998,https://www.sec.gov/Archives/edgar/data/1631574/000156459016028710/0001564590-16-028710-index.htm,https://www.sec.gov/Archives/edgar/data/1631574/000156459016028710/wve-10q_20160930.htm
0,2016-06-30,WVE,2016-08-15,2016-08-15 17:18:53,Q2,-11560000,190000.00000000003,50000.0,1270000.0,25100000,0.0,0.0,879000.0,175300000,1390000.0,389999.9999999997,-878000.0,0.0,0.0,0.0,4000.0,-870000.0000000001,-15000.0,30000000,30030000,0.0,27306000,28940000,-80000.0,28370000,181770000,153400000,389999.9999999997,-870000.0000000001,-480000.0000000004,https://www.sec.gov/Archives/edgar/data/1631574/000119312516682053/0001193125-16-682053-index.htm,https://www.sec.gov/Archives/edgar/data/1631574/000119312516682053/d207833d10q.htm
0,2016-03-31,WVE,2016-05-16,2016-05-16 16:46:57,Q1,-7850000.0,150000.0,-10000.0,866000.0,-7400000.0,0.0,0.0,329000.0,150200000,1000000.0,-7140000.0,-685000.0,0.0,0.0,0.0,0.0,-690000.0,-16000.0,0.0,0.0,0.0,153381000,-20000.0,10000.0,-7820000.0,153380000,161200000,-7140000.0,-690000.0,-7830000.0,https://www.sec.gov/Archives/edgar/data/1631574/000119312516591982/0001193125-16-591982-index.htm,https://www.sec.gov/Archives/edgar/data/1631574/000119312516591982/d179788d10q.htm
0,2015-12-31,WVE,2016-03-30,2016-03-30 16:44:05,Q4,-7100000.0,129999.99999999996,-140000.0,814000.0,93100000,0.0,0.0,340000.0,157600000,900000.0000000003,-6669999.999999999,-970000.0,0.0,0.0,0.0,0.0,-970000.0000000002,-14000.0,0.0,101340000.00000001,0.0,197916000,102730000,90000.00000000001,95179999.99999999,161180000,66000000,-6669999.999999999,-970000.0000000001,-7639999.999999999,https://www.sec.gov/Archives/edgar/data/1631574/000119312516523890/0001193125-16-523890-index.htm,https://www.sec.gov/Archives/edgar/data/1631574/000119312516523890/d132744d10k.htm
