,date,symbol,reportedCurrency,fillingDate,acceptedDate,period,netIncome,depreciationAndAmortization,deferredIncomeTax,stockBasedCompensation,changeInWorkingCapital,accountsReceivables,inventory,accountsPayables,otherWorkingCapital,otherNonCashItems,netCashProvidedByOperatingActivities,investmentsInPropertyPlantAndEquipment,acquisitionsNet,purchasesOfInvestments,salesMaturitiesOfInvestments,otherInvestingActivites,netCashUsedForInvestingActivites,debtRepayment,commonStockIssued,commonStockRepurchased,dividendsPaid,otherFinancingActivites,netCashUsedProvidedByFinancingActivities,effectOfForexChangesOnCash,netChangeInCash,cashAtEndOfPeriod,cashAtBeginningOfPeriod,operatingCashFlow,capitalExpenditure,freeCashFlow,link,finalLink,timestamp,est_time,est_date
0,2020-12-31,PHEC,USD,2021-03-12,2021-03-12 14:43:32,Q4,-14184000.0,48766000.0,0.0,2015000.0,-2376464000.0,0.0,0.0,-3274000.0,-2379833000.0,0.0,63202000.0,0.0,-16996000.0,5211000.0,0.0,1255000.0,-30531000.0,35200000.0,0.0,-56000.0,-49083000.0,9724000.0,-27661000.0,0.0,-73901000.0,131937000.0,136798000.0,63202000.0,0.0,63202000.0,https://www.sec.gov/Archives/edgar/data/1476204/000147620421000023/0001476204-21-000023-index.htm,https://www.sec.gov/Archives/edgar/data/1476204/000147620421000023/cik0001476204-20201231.htm,1620596542,17:42:22,20210509
1,2020-09-30,PHEC,USD,2020-11-09,2020-11-09 15:28:19,Q3,13430000.0,54579000.0,0.0,1854000.0,109514000.0,0.0,0.0,5801000.0,-3369000.0,0.0,57468000.0,0.0,0.0,0.0,0.0,0.0,-7095000.0,0.0,0.0,-5211000.0,0.0,0.0,-2776000.0,0.0,57468000.0,136798000.0,79330000.0,57468000.0,0.0,57468000.0,https://www.sec.gov/Archives/edgar/data/1476204/000147620420000081/0001476204-20-000081-index.htm,https://www.sec.gov/Archives/edgar/data/1476204/000147620420000081/cik0001476204-20200930.htm,1620596542,17:42:22,20210509
2,2020-06-30,PHEC,USD,2020-08-13,2020-08-13 15:31:25,Q2,-4983000.0,57642000.0,0.0,2141000.0,36392000.0,0.0,0.0,-3157000.0,-112883000.0,0.0,54293000.0,0.0,16996000.0,-35000.0,0.0,-4018000.0,-4053000.0,-2543000.0,0.0,-35000.0,-16291000.0,-36616000.0,-55485000.0,0.0,16730000.0,53262000.0,36532000.0,54293000.0,0.0,54293000.0,https://www.sec.gov/Archives/edgar/data/1476204/000147620420000069/0001476204-20-000069-index.htm,https://www.sec.gov/Archives/edgar/data/1476204/000147620420000069/peco_20200630-10q.htm,1620596542,17:42:22,20210509
3,2020-03-31,PHEC,USD,2020-05-12,2020-05-12 17:24:01,Q1,11199000.0,57751000.0,0.0,-149000.0,-6112000.0,0.0,0.0,-8313000.0,-149275000.0,0.0,35613000.0,0.0,0.0,-5176000.0,0.0,2763000.0,-2413000.0,-32657000.0,0.0,-5176000.0,-32792000.0,26892000.0,-43733000.0,0.0,36532000.0,36532000.0,0.0,35613000.0,0.0,35613000.0,https://www.sec.gov/Archives/edgar/data/1476204/000147620420000045/0001476204-20-000045-index.htm,https://www.sec.gov/Archives/edgar/data/1476204/000147620420000045/peco_20200331-10q.htm,1620596542,17:42:22,20210509
4,2019-12-31,PHEC,USD,2020-03-12,2020-03-11 17:45:51,Q4,-5184000.0,59740000.0,0.0,1745000.0,-86000.0,0.0,0.0,-14688000.0,-143163000.0,0.0,50993000.0,0.0,0.0,-4497000.0,0.0,77982000.0,73485000.0,-268433000.0,0.0,-4497000.0,-30651000.0,188145000.0,-115436000.0,0.0,-11696000.0,17820000.0,29516000.0,50993000.0,0.0,50993000.0,https://www.sec.gov/Archives/edgar/data/1476204/000147620420000015/0001476204-20-000015-index.htm,https://www.sec.gov/Archives/edgar/data/1476204/000147620420000015/peco201910k.htm,1620596542,17:42:22,20210509
5,2019-09-30,PHEC,USD,2019-11-07,2019-11-07 12:29:58,Q3,-35922000.0,64678000.0,0.0,2178000.0,24830000.0,0.0,0.0,13143000.0,-143077000.0,0.0,75813000.0,0.0,0.0,-18376000.0,0.0,36061000.0,17685000.0,-2442000.0,0.0,-18376000.0,-31697000.0,-7473000.0,-59988000.0,0.0,11744000.0,29516000.0,17772000.0,75813000.0,0.0,75813000.0,https://www.sec.gov/Archives/edgar/data/1476204/000147620419000104/0001476204-19-000104-index.htm,https://www.sec.gov/Archives/edgar/data/1476204/000147620419000104/peco_20190930-10q.htm,1620596542,17:42:22,20210509
6,2019-06-30,PHEC,USD,2019-08-12,2019-08-12 17:22:46,Q2,-42765000.0,59688000.0,0.0,2521000.0,-16753000.0,0.0,0.0,5916000.0,-167907000.0,0.0,58825000.0,0.0,0.0,-6358000.0,0.0,-49007000.0,-55365000.0,-2407000.0,0.0,-6358000.0,-30655000.0,1758000.0,-37662000.0,0.0,5088000.0,17772000.0,12684000.0,58825000.0,0.0,58825000.0,https://www.sec.gov/Archives/edgar/data/1476204/000147620419000053/0001476204-19-000053-index.htm,https://www.sec.gov/Archives/edgar/data/1476204/000147620419000053/peco_20190630-10q.htm,1620596542,17:42:22,20210509
7,2019-03-31,PHEC,USD,2019-05-10,2019-05-09 19:04:16,Q1,-5788000.0,61153000.0,0.0,1272000.0,6529000.0,0.0,0.0,-17921000.0,-151154000.0,0.0,41244000.0,0.0,0.0,-5444000.0,0.0,33822000.0,28378000.0,-2428000.0,0.0,-5444000.0,-30132000.0,-29164000.0,-67168000.0,0.0,12684000.0,12684000.0,0.0,41244000.0,0.0,41244000.0,https://www.sec.gov/Archives/edgar/data/1476204/000147620419000043/0001476204-19-000043-index.htm,https://www.sec.gov/Archives/edgar/data/1476204/000147620419000043/peco_20190331-10q.htm,1620596542,17:42:22,20210509
8,2018-12-31,PHEC,USD,2019-03-13,2019-03-13 17:31:43,Q4,73154000.0,54241000.0,0.0,1385000.0,-10316000.0,0.0,0.0,-1972000.0,-157683000.0,0.0,31255000.0,0.0,0.0,-2901000.0,0.0,-239711000.0,-242612000.0,-276918000.0,0.0,-2901000.0,-19603000.0,561144000.0,261722000.0,0.0,10680000.0,16791000.0,6111000.0,31255000.0,0.0,31255000.0,https://www.sec.gov/Archives/edgar/data/1476204/000147620419000026/0001476204-19-000026-index.htm,https://www.sec.gov/Archives/edgar/data/1476204/000147620419000026/peco201810k.htm,1620596542,17:42:22,20210509
9,2018-09-30,PHEC,USD,2018-11-05,2018-11-05 17:18:31,Q3,-19229000.0,45476000.0,0.0,1719000.0,-12272000.0,-506000.0,0.0,-197000.0,-147367000.0,0.0,44224000.0,0.0,0.0,-5758000.0,0.0,2771000.0,-2987000.0,-4209000.0,0.0,-5758000.0,-23306000.0,937000.0,-32336000.0,0.0,-2199000.0,6111000.0,8310000.0,44224000.0,0.0,44224000.0,https://www.sec.gov/Archives/edgar/data/1476204/000147620418000033/0001476204-18-000033-index.htm,https://www.sec.gov/Archives/edgar/data/1476204/000147620418000033/pentr_20180930-10q.htm,1620596542,17:42:22,20210509
10,2018-06-30,PHEC,USD,2018-08-10,2018-08-10 16:24:40,Q2,-14313000.0,45912000.0,0.0,1994000.0,-15382000.0,1339000.0,0.0,-785000.0,-135095000.0,0.0,54302000.0,0.0,0.0,-41619000.0,0.0,45279000.0,3660000.0,-17896000.0,0.0,-41619000.0,-19109000.0,13731000.0,-64893000.0,0.0,-6380000.0,8310000.0,14690000.0,54302000.0,0.0,54302000.0,https://www.sec.gov/Archives/edgar/data/1476204/000147620418000028/0001476204-18-000028-index.htm,https://www.sec.gov/Archives/edgar/data/1476204/000147620418000028/pentr_20180630-10q.htm,1620596542,17:42:22,20210509
11,2018-03-31,PHEC,USD,2018-05-10,2018-05-10 17:27:04,Q1,-1837000.0,46387000.0,0.0,0.0,18247000.0,-833000.0,0.0,374000.0,-119713000.0,0.0,23510000.0,0.0,0.0,-2875000.0,0.0,-14053000.0,-16928000.0,-2646000.0,0.0,-2875000.0,-18710000.0,22173000.0,-2058000.0,0.0,14690000.0,14690000.0,0.0,23510000.0,0.0,23510000.0,https://www.sec.gov/Archives/edgar/data/1476204/000147620418000018/0001476204-18-000018-index.htm,https://www.sec.gov/Archives/edgar/data/1476204/000147620418000018/pentr_20180331-10q.htm,1620596542,17:42:22,20210509
12,2017-12-31,PHEC,USD,2018-03-30,2018-03-29 17:47:21,Q4,-33399000.0,46321000.0,0.0,0.0,-76142000.0,3592000.0,0.0,-4351000.0,-137960000.0,0.0,41339000.0,0.0,-456704000.0,-1857000.0,0.0,-64777000.0,-523338000.0,-19100000.0,0.0,-1857000.0,-17972000.0,519455000.0,480526000.0,0.0,-1473000.0,5716000.0,7189000.0,41339000.0,0.0,41339000.0,https://www.sec.gov/Archives/edgar/data/1476204/000147620418000010/0001476204-18-000010-index.htm,https://www.sec.gov/Archives/edgar/data/1476204/000147620418000010/pentr_20171231-10k.htm,1620596542,17:42:22,20210509
13,2017-09-30,PHEC,USD,2017-11-09,2017-11-09 17:26:42,Q3,-8376000.0,29046000.0,0.0,0.0,-13060000.0,0.0,0.0,-583000.0,-61818000.0,0.0,18565000.0,0.0,0.0,-1375000.0,0.0,-46089000.0,-47464000.0,-25353000.0,0.0,-1375000.0,-17706000.0,75155000.0,30721000.0,0.0,1822000.0,7189000.0,5367000.0,18565000.0,0.0,18565000.0,https://www.sec.gov/Archives/edgar/data/1476204/000147620417000051/0001476204-17-000051-index.htm,https://www.sec.gov/Archives/edgar/data/1476204/000147620417000051/pentr_20170930-10q.htm,1620596542,17:42:22,20210509
14,2017-06-30,PHEC,USD,2017-06-30,2017-06-30,Q2,-1193000.0,28609000.0,0.0,-15000.0,-5592000.0,0.0,0.0,350000.0,-48758000.0,0.0,28501000.0,0.0,0.0,-2967000.0,0.0,-62361000.0,-65328000.0,-1224000.0,0.0,-2967000.0,-21864000.0,62355000.0,36300000.0,0.0,-527000.0,5367000.0,5894000.0,28501000.0,0.0,28501000.0,,,1620596542,17:42:22,20210509
15,2017-03-31,PHEC,USD,2017-03-31,2017-03-31,Q1,1134000.0,28145000.0,0.0,15000.0,252000.0,0.0,0.0,234000.0,-43166000.0,0.0,20456000.0,0.0,0.0,-40340000.0,0.0,55721000.0,15381000.0,-37710000.0,0.0,-40340000.0,-16656000.0,56539000.0,-38167000.0,0.0,-2330000.0,5894000.0,8224000.0,20456000.0,0.0,20456000.0,,,1620596542,17:42:22,20210509
16,2016-12-31,PHEC,USD,2016-12-31,2016-12-31,Q4,3800000.0,27896000.0,0.0,14000.0,-5933000.0,0.0,0.0,-9753000.0,-43418000.0,0.0,17897000.0,0.0,0.0,-13021000.0,0.0,-64388000.0,-77409000.0,-7253000.0,0.0,-13021000.0,-16734000.0,83382000.0,46374000.0,0.0,-13138000.0,8224000.0,21362000.0,17897000.0,0.0,17897000.0,,,1620596542,17:42:22,20210509
17,2016-09-30,PHEC,USD,2016-09-30,2016-09-30,Q3,2547000.0,27288000.0,0.0,10000.0,12968000.0,0.0,0.0,10476000.0,-37485000.0,0.0,28224000.0,0.0,0.0,-3532000.0,0.0,-40267000.0,-43799000.0,-46463000.0,0.0,-3532000.0,-16562000.0,97038000.0,30481000.0,0.0,14906000.0,21362000.0,6456000.0,28224000.0,0.0,28224000.0,,,1620596542,17:42:22,20210509
18,2016-06-30,PHEC,USD,2016-06-30,2016-06-30,Q2,617000.0,26102000.0,0.0,0.0,-11803000.0,0.0,0.0,-302000.0,-50453000.0,0.0,31996000.0,0.0,0.0,-2566000.0,0.0,-98240000.0,-100806000.0,-32133000.0,0.0,-2566000.0,-15909000.0,115016000.0,64408000.0,0.0,-4402000.0,6456000.0,10858000.0,31996000.0,0.0,31996000.0,,,1620596542,17:42:22,20210509
19,2016-03-31,PHEC,USD,2016-03-31,2016-03-31,Q1,2253000.0,25724000.0,0.0,0.0,-35449000.0,0.0,0.0,-1286000.0,-38650000.0,0.0,24959000.0,0.0,0.0,-1182000.0,0.0,-3021000.0,-4203000.0,-25026000.0,0.0,-1182000.0,-15064000.0,-9306000.0,-50578000.0,0.0,-29822000.0,10858000.0,40680000.0,24959000.0,0.0,24959000.0,,,1620596542,17:42:22,20210509
20,2015-12-31,PHEC,USD,2016-03-03,2016-03-03 16:22:07,Q4,-1963000.0,25873000.0,0.0,0.0,29161000.0,0.0,0.0,2936000.0,-3201000.0,0.0,15298000.0,0.0,0.0,-41934000.0,0.0,34068000.0,-7866000.0,-13024000.0,0.0,-41934000.0,-15096000.0,83552000.0,13498000.0,0.0,20930000.0,40680000.0,19750000.0,15298000.0,0.0,15298000.0,https://www.sec.gov/Archives/edgar/data/1476204/000147620416000050/0001476204-16-000050-index.htm,https://www.sec.gov/Archives/edgar/data/1476204/000147620416000050/pentr-20151231x10k.htm,1620596542,17:42:22,20210509
21,2015-09-30,PHEC,USD,2015-09-30,2015-09-30,Q3,5405000.0,26105000.0,0.0,0.0,-18002000.0,0.0,0.0,116000.0,-32362000.0,0.0,27374000.0,0.0,0.0,-26352000.0,0.0,22240000.0,-4112000.0,-18820000.0,0.0,-26352000.0,-15029000.0,23870000.0,-36331000.0,0.0,-13069000.0,19750000.0,32819000.0,27374000.0,0.0,27374000.0,,,1620596542,17:42:22,20210509
22,2015-06-30,PHEC,USD,2015-06-30,2015-06-30,Q2,5529000.0,25614000.0,0.0,0.0,12900000.0,0.0,0.0,-111000.0,-14360000.0,0.0,34730000.0,0.0,0.0,-1275000.0,0.0,-32181000.0,-33456000.0,-33826000.0,0.0,-1275000.0,-14896000.0,67381000.0,17384000.0,0.0,18658000.0,32819000.0,14161000.0,34730000.0,0.0,34730000.0,,,1620596542,17:42:22,20210509
23,2015-03-31,PHEC,USD,2015-03-31,2015-03-31,Q1,5039000.0,25038000.0,0.0,0.0,5829000.0,0.0,0.0,1204000.0,-27260000.0,0.0,28671000.0,0.0,0.0,-4908000.0,0.0,-60432000.0,-65340000.0,-11654000.0,0.0,-4908000.0,-14366000.0,66109000.0,35181000.0,0.0,-1488000.0,14161000.0,15649000.0,28671000.0,0.0,28671000.0,,,1620596542,17:42:22,20210509
24,2014-12-31,PHEC,USD,2014-12-31,2014-12-31,Q4,-22476000.0,23633000.0,0.0,0.0,-72846000.0,4800000.0,0.0,-549000.0,-33089000.0,0.0,16849000.0,0.0,0.0,-1605000.0,0.0,-130824000.0,-132429000.0,3786000.0,0.0,-1605000.0,-14302000.0,123522000.0,111401000.0,0.0,-4179000.0,15649000.0,19828000.0,16849000.0,0.0,16849000.0,,,1620596542,17:42:22,20210509
25,2014-09-30,PHEC,USD,2014-09-30,2014-09-30,Q3,2143000.0,21743000.0,0.0,0.0,1709000.0,-1182000.0,0.0,33000.0,39757000.0,0.0,23745000.0,0.0,0.0,-866000.0,0.0,-124519000.0,-125385000.0,-13730000.0,0.0,-866000.0,-14362000.0,130131000.0,101173000.0,0.0,-467000.0,19828000.0,20295000.0,23745000.0,0.0,23745000.0,,,1620596542,17:42:22,20210509
26,2014-06-30,PHEC,USD,2014-06-30,2014-06-30,Q2,-1879000.0,19438000.0,0.0,0.0,-232710000.0,-3715000.0,0.0,277000.0,38048000.0,0.0,18721000.0,0.0,0.0,-697000.0,0.0,-253131000.0,-253828000.0,-17792000.0,1000.0,-697000.0,-14249000.0,30659000.0,-2078000.0,0.0,-237185000.0,20295000.0,257480000.0,18721000.0,0.0,18721000.0,,,1620596542,17:42:22,20210509
27,2014-03-31,PHEC,USD,2014-03-31,2014-03-31,Q1,-423000.0,15686000.0,0.0,0.0,-200817000.0,97000.0,0.0,386000.0,270758000.0,0.0,16356000.0,0.0,0.0,-155000.0,0.0,-203975000.0,-204130000.0,-900000.0,2533000.0,-155000.0,-13699000.0,-2775000.0,-14996000.0,0.0,-202770000.0,257480000.0,460250000.0,16356000.0,0.0,16356000.0,,,1620596542,17:42:22,20210509
28,2013-12-31,PHEC,USD,2013-12-31,2013-12-31,Q4,-6101000.0,11341000.0,0.0,0.0,136365000.0,-2619000.0,0.0,-320000.0,471575000.0,0.0,2571000.0,0.0,0.0,-267000.0,0.0,-312642000.0,-312909000.0,-79029000.0,662996000.0,-267000.0,-9863000.0,-129481000.0,444356000.0,0.0,134018000.0,460250000.0,326232000.0,2571000.0,0.0,2571000.0,,,1620596542,17:42:22,20210509
29,2013-09-30,PHEC,USD,2013-09-30,2013-09-30,Q3,-1053000.0,8454000.0,0.0,0.0,267174000.0,-2697000.0,0.0,769000.0,335210000.0,0.0,7347000.0,0.0,0.0,-208000.0,0.0,-171774000.0,-171982000.0,-99281000.0,517336000.0,-208000.0,-5508000.0,16594000.0,428933000.0,0.0,264298000.0,326232000.0,61934000.0,7347000.0,0.0,7347000.0,,,1620596542,17:42:22,20210509
30,2013-06-30,PHEC,USD,2013-06-30,2013-06-30,Q2,-1717000.0,6476000.0,0.0,0.0,56251000.0,-2238000.0,0.0,-284000.0,68036000.0,0.0,4707000.0,0.0,0.0,-374000.0,0.0,-167434000.0,-167808000.0,-156389000.0,320632000.0,7778000.0,-2530000.0,47392000.0,216883000.0,0.0,53782000.0,61934000.0,8152000.0,4707000.0,0.0,4707000.0,,,1620596542,17:42:22,20210509
31,2013-03-31,PHEC,USD,2013-03-31,2013-03-31,Q1,-2911000.0,5439000.0,0.0,0.0,1957000.0,-726000.0,0.0,-59000.0,11785000.0,0.0,3915000.0,0.0,0.0,0.0,0.0,-123520000.0,-123520000.0,-47430000.0,85625000.0,-8152000.0,-1400000.0,91460000.0,120103000.0,0.0,498000.0,8152000.0,7654000.0,3915000.0,0.0,3915000.0,,,1620596542,17:42:22,20210509
32,2012-12-31,PHEC,USD,2012-12-31,2012-12-31,Q4,-2174000.0,3181000.0,0.0,0.0,-7613000.0,-734000.0,0.0,266000.0,9828000.0,0.0,920000.0,0.0,0.0,-10000.0,0.0,-85784000.0,-85794000.0,-51198000.0,50649000.0,-10000.0,-923000.0,78273000.0,76791000.0,0.0,-8083000.0,7654000.0,15737000.0,920000.0,0.0,920000.0,,,1620596542,17:42:22,20210509
33,2012-09-30,PHEC,USD,2012-09-30,2012-09-30,Q3,-1908000.0,2683000.0,0.0,0.0,4567000.0,-512000.0,0.0,132000.0,17441000.0,0.0,2308000.0,0.0,0.0,0.0,0.0,-54868000.0,-54868000.0,-39858000.0,30404000.0,0.0,-635000.0,66633000.0,56544000.0,0.0,3984000.0,15737000.0,11753000.0,2308000.0,0.0,2308000.0,,,1620596542,17:42:22,20210509
34,2012-06-30,PHEC,USD,2012-06-30,2012-06-30,Q2,-1388000.0,1740000.0,0.0,0.0,6067000.0,-358000.0,0.0,34000.0,12874000.0,0.0,1469000.0,0.0,0.0,-25000.0,0.0,-46352000.0,-46377000.0,-27918000.0,16937000.0,6314000.0,-460000.0,55449000.0,50322000.0,0.0,5414000.0,11753000.0,6339000.0,1469000.0,0.0,1469000.0,,,1620596542,17:42:22,20210509
35,2012-03-31,PHEC,USD,2012-03-31,2012-03-31,Q1,-443000.0,1289000.0,0.0,0.0,-901000.0,123000.0,0.0,-971000.0,6807000.0,0.0,-664000.0,0.0,0.0,0.0,0.0,-11439000.0,-11439000.0,-21176000.0,11492000.0,-6339000.0,-331000.0,27827000.0,11473000.0,0.0,-630000.0,6339000.0,6969000.0,-664000.0,0.0,-664000.0,,,1620596542,17:42:22,20210509
36,2011-12-31,PHEC,USD,2011-12-31,2011-12-31,Q4,-1223000.0,822000.0,0.0,0.0,6962000.0,-332000.0,0.0,359000.0,7708000.0,0.0,162000.0,0.0,0.0,10075000.0,0.0,-56078000.0,-46003000.0,-15525000.0,7949000.0,348000.0,-978000.0,60612000.0,52406000.0,0.0,6565000.0,6969000.0,404000.0,162000.0,0.0,162000.0,,,1620596542,17:42:22,20210509
37,2011-09-30,PHEC,USD,2011-09-30,2011-09-30,Q3,-440000.0,497000.0,0.0,0.0,280000.0,-35000.0,0.0,532000.0,746000.0,0.0,584000.0,0.0,0.0,-26000.0,0.0,0.0,-26000.0,-4650000.0,4954000.0,-188000.0,0.0,-486000.0,-370000.0,0.0,188000.0,404000.0,216000.0,584000.0,0.0,584000.0,,,1620596542,17:42:22,20210509
38,2011-06-30,PHEC,USD,2011-06-30,2011-06-30,Q2,-853000.0,686000.0,0.0,0.0,0.0,-151000.0,0.0,-183000.0,466000.0,0.0,-153000.0,0.0,0.0,-10105000.0,0.0,-15000.0,-10120000.0,-5255000.0,5713000.0,-216000.0,0.0,9540000.0,9782000.0,0.0,-491000.0,216000.0,707000.0,-153000.0,0.0,-153000.0,,,1620596542,17:42:22,20210509
