,date,symbol,reportedCurrency,fillingDate,acceptedDate,period,netIncome,depreciationAndAmortization,deferredIncomeTax,stockBasedCompensation,changeInWorkingCapital,accountsReceivables,inventory,accountsPayables,otherWorkingCapital,otherNonCashItems,netCashProvidedByOperatingActivities,investmentsInPropertyPlantAndEquipment,acquisitionsNet,purchasesOfInvestments,salesMaturitiesOfInvestments,otherInvestingActivites,netCashUsedForInvestingActivites,debtRepayment,commonStockIssued,commonStockRepurchased,dividendsPaid,otherFinancingActivites,netCashUsedProvidedByFinancingActivities,effectOfForexChangesOnCash,netChangeInCash,cashAtEndOfPeriod,cashAtBeginningOfPeriod,operatingCashFlow,capitalExpenditure,freeCashFlow,link,finalLink,timestamp,est_time,est_date
0,2019-06-30,8033.HK,HKD,2019-06-30,2019-06-30,Q2,-1494000.0,979250.0,0.0,0.0,-9952500.0,0.0,-3505250.0,0.0,0.0,-971000.0,-7351250.0,-683250.0,,-14968250.0,19010000.0,0.0,0.0,0.0,0.0,0.0,-768000.0,0.0,0.0,0.0,-3906250.0,16065750,19972000,-7351250.0,-683250.0,-8034500.0,https://www1.hkexnews.hk/search/titlesearch.xhtml,https://www1.hkexnews.hk/search/titlesearch.xhtml,1620585768,14:42:48,20210509
1,2019-03-31,8033.HK,HKD,2019-03-31,2019-03-31,Q1,-1494000.0,979250.0,0.0,0.0,-9952500.0,0.0,-3505250.0,0.0,0.0,-971000.0,-7351250.0,-683250.0,,-14968250.0,19010000.0,0.0,0.0,0.0,0.0,0.0,-768000.0,0.0,0.0,0.0,-3906250.0,16065750,19972000,-7351250.0,-683250.0,-8034500.0,https://www1.hkexnews.hk/search/titlesearch.xhtml,https://www1.hkexnews.hk/search/titlesearch.xhtml,1620585768,14:42:48,20210509
2,2019-01-31,8033.HK,HKD,2019-01-31,2019-01-31,Q1,-1494000.0,979250.0,0.0,0.0,-9952500.0,0.0,-3505250.0,0.0,0.0,-971000.0,-7351250.0,-683250.0,,-14968250.0,19010000.0,0.0,0.0,0.0,0.0,0.0,-768000.0,0.0,0.0,0.0,-3906250.0,16065750,19972000,-7351250.0,-683250.0,-8034500.0,https://www1.hkexnews.hk/search/titlesearch.xhtml,https://www1.hkexnews.hk/search/titlesearch.xhtml,1620585768,14:42:48,20210509
3,2018-06-30,8033.HK,HKD,2018-06-30,2018-06-30,Q2,193250.0,576000.0,0.0,0.0,5186750.0,0.0,848750.0,0.0,0.0,-635750.0,5175750.0,-317500.0,,-8350750.0,5366000.0,0.0,0.0,0.0,0.0,0.0,-1536000.0,0.0,0.0,0.0,1136500.0,19972000,18835500,5175750.0,-317500.0,4858250.0,https://www1.hkexnews.hk/search/titlesearch.xhtml,https://www1.hkexnews.hk/search/titlesearch.xhtml,1620585768,14:42:48,20210509
4,2018-03-31,8033.HK,HKD,2018-03-31,2018-03-31,Q1,193250.0,576000.0,0.0,0.0,5186750.0,0.0,848750.0,0.0,0.0,-635750.0,5175750.0,-317500.0,,-8350750.0,5366000.0,0.0,0.0,0.0,0.0,0.0,-1536000.0,0.0,0.0,0.0,1136500.0,19972000,18835500,5175750.0,-317500.0,4858250.0,https://www1.hkexnews.hk/search/titlesearch.xhtml,https://www1.hkexnews.hk/search/titlesearch.xhtml,1620585768,14:42:48,20210509
5,2018-01-31,8033.HK,HKD,2018-01-31,2018-01-31,Q1,193250.0,576000.0,0.0,0.0,5186750.0,0.0,848750.0,0.0,0.0,-635750.0,5175750.0,-317500.0,,-8350750.0,5366000.0,0.0,0.0,0.0,0.0,0.0,-1536000.0,0.0,0.0,0.0,1136500.0,19972000,18835500,5175750.0,-317500.0,4858250.0,https://www1.hkexnews.hk/search/titlesearch.xhtml,https://www1.hkexnews.hk/search/titlesearch.xhtml,1620585768,14:42:48,20210509
6,2017-06-30,8033.HK,HKD,2017-06-30,2017-06-30,Q2,-656000.0,419000.0,0.0,0.0,1060500.0,0.0,1090750.0,0.0,0.0,-563250.0,2864000.0,-914750.0,,-10998250.0,6324750.0,0.0,0.0,0.0,47000.0,0.0,-1536000.0,6223750.0,0.0,0.0,2805000.0,18835500,16030500,2864000.0,-914750.0,1949250.0,https://www1.hkexnews.hk/search/titlesearch.xhtml,https://www1.hkexnews.hk/search/titlesearch.xhtml,1620585768,14:42:48,20210509
7,2017-03-31,8033.HK,HKD,2017-03-31,2017-03-31,Q1,-656000.0,419000.0,0.0,0.0,1060500.0,0.0,1090750.0,0.0,0.0,-563250.0,2864000.0,-914750.0,,-10998250.0,6324750.0,0.0,0.0,0.0,47000.0,0.0,-1536000.0,6223750.0,0.0,0.0,2805000.0,18835500,16030500,2864000.0,-914750.0,1949250.0,https://www1.hkexnews.hk/search/titlesearch.xhtml,https://www1.hkexnews.hk/search/titlesearch.xhtml,1620585768,14:42:48,20210509
8,2017-01-31,8033.HK,HKD,2017-01-31,2017-01-31,Q1,-656000.0,419000.0,0.0,0.0,1060500.0,0.0,1090750.0,0.0,0.0,-563250.0,2864000.0,-914750.0,,-10998250.0,6324750.0,0.0,0.0,0.0,47000.0,0.0,-1536000.0,6223750.0,0.0,0.0,2805000.0,18835500,16030500,2864000.0,-914750.0,1949250.0,https://www1.hkexnews.hk/search/titlesearch.xhtml,https://www1.hkexnews.hk/search/titlesearch.xhtml,1620585768,14:42:48,20210509
9,2016-06-30,8033.HK,HKD,2016-06-30,2016-06-30,Q2,1853250.0,242750.0,0.0,816000.0,-7650500.0,0.0,-3576250.0,0.0,0.0,-762000.0,-5669500.0,-434250.0,,-12388250.0,15547250.0,0.0,0.0,0.0,0.0,0.0,-1534500.0,288000.0,0.0,0.0,-3343250.0,16030500,19373750,-5669500.0,-434250.0,-6103750.0,https://www1.hkexnews.hk/search/titlesearch.xhtml,https://www1.hkexnews.hk/search/titlesearch.xhtml,1620585768,14:42:48,20210509
10,2016-03-31,8033.HK,HKD,2016-03-31,2016-03-31,Q1,1853250.0,242750.0,0.0,816000.0,-7650500.0,0.0,-3576250.0,0.0,0.0,-762000.0,-5669500.0,-434250.0,,-12388250.0,15547250.0,0.0,0.0,0.0,0.0,0.0,-1534500.0,288000.0,0.0,0.0,-3343250.0,16030500,19373750,-5669500.0,-434250.0,-6103750.0,https://www1.hkexnews.hk/search/titlesearch.xhtml,https://www1.hkexnews.hk/search/titlesearch.xhtml,1620585768,14:42:48,20210509
11,2016-01-31,8033.HK,HKD,2016-01-31,2016-01-31,Q1,1853250.0,242750.0,0.0,816000.0,-7650500.0,0.0,-3576250.0,0.0,0.0,-762000.0,-5669500.0,-434250.0,,-12388250.0,15547250.0,0.0,0.0,0.0,0.0,0.0,-1534500.0,288000.0,0.0,0.0,-3343250.0,16030500,19373750,-5669500.0,-434250.0,-6103750.0,https://www1.hkexnews.hk/search/titlesearch.xhtml,https://www1.hkexnews.hk/search/titlesearch.xhtml,1620585768,14:42:48,20210509
12,2015-09-30,8033.HK,HKD,2015-09-30,2015-09-30,Q3,2163500.0,239250.0,0.0,0.0,-5120250.0,0.0,10185250.0,0.0,0.0,-821250.0,-3022250.0,-339000.0,,-33941750.0,38101750.0,296500.0,0.0,0.0,0.0,0.0,-1534500.0,107000.0,0.0,0.0,-452500.0,19373750,19826250,-3022250.0,-339000.0,-3361250.0,https://www1.hkexnews.hk/search/titlesearch.xhtml,https://www1.hkexnews.hk/search/titlesearch.xhtml,1620585768,14:42:48,20210509
13,2015-06-30,8033.HK,HKD,2015-06-30,2015-06-30,Q2,2163500.0,239250.0,0.0,0.0,-5120250.0,0.0,10185250.0,0.0,0.0,-821250.0,-3022250.0,-339000.0,,-33941750.0,38101750.0,296500.0,0.0,0.0,0.0,0.0,-1534500.0,107000.0,0.0,0.0,-452500.0,19373750,19826250,-3022250.0,-339000.0,-3361250.0,https://www1.hkexnews.hk/search/titlesearch.xhtml,https://www1.hkexnews.hk/search/titlesearch.xhtml,1620585768,14:42:48,20210509
14,2015-03-31,8033.HK,HKD,2015-03-31,2015-03-31,Q1,2163500.0,239250.0,0.0,0.0,-5120250.0,0.0,10185250.0,0.0,0.0,-821250.0,-3022250.0,-339000.0,,-33941750.0,38101750.0,296500.0,0.0,0.0,0.0,0.0,-1534500.0,107000.0,0.0,0.0,-452500.0,19373750,19826250,-3022250.0,-339000.0,-3361250.0,https://www1.hkexnews.hk/search/titlesearch.xhtml,https://www1.hkexnews.hk/search/titlesearch.xhtml,1620585768,14:42:48,20210509
15,2015-01-31,8033.HK,HKD,2015-01-31,2015-01-31,Q1,2163500.0,239250.0,0.0,0.0,-5120250.0,0.0,10185250.0,0.0,0.0,-821250.0,-3022250.0,-339000.0,,-33941750.0,38101750.0,296500.0,0.0,0.0,0.0,0.0,-1534500.0,107000.0,0.0,0.0,-452500.0,19373750,19826250,-3022250.0,-339000.0,-3361250.0,https://www1.hkexnews.hk/search/titlesearch.xhtml,https://www1.hkexnews.hk/search/titlesearch.xhtml,1620585768,14:42:48,20210509
16,2014-09-30,8033.HK,HKD,2014-09-30,2014-09-30,Q3,8046250.0,291750.0,0.0,0.0,-8964250.0,0.0,-10409000.0,0.0,0.0,-1003750.0,-3045250.0,-284750.0,,-20165250.0,16750750.0,287500.0,0.0,0.0,0.0,0.0,0.0,39750.0,0.0,0.0,-4389750.0,19826250,24216000,-3045250.0,-284750.0,-3330000.0,https://www1.hkexnews.hk/search/titlesearch.xhtml,https://www1.hkexnews.hk/search/titlesearch.xhtml,1620585768,14:42:48,20210509
17,2014-06-30,8033.HK,HKD,2014-06-30,2014-06-30,Q2,8046250.0,291750.0,0.0,0.0,-8964250.0,0.0,-10409000.0,0.0,0.0,-1003750.0,-3045250.0,-284750.0,,-20165250.0,16750750.0,287500.0,0.0,0.0,0.0,0.0,0.0,39750.0,0.0,0.0,-4389750.0,19826250,24216000,-3045250.0,-284750.0,-3330000.0,https://www1.hkexnews.hk/search/titlesearch.xhtml,https://www1.hkexnews.hk/search/titlesearch.xhtml,1620585768,14:42:48,20210509
18,2014-03-31,8033.HK,HKD,2014-03-31,2014-03-31,Q1,8046250.0,291750.0,0.0,0.0,-8964250.0,0.0,-10409000.0,0.0,0.0,-1003750.0,-3045250.0,-284750.0,,-20165250.0,16750750.0,287500.0,0.0,0.0,0.0,0.0,0.0,39750.0,0.0,0.0,-4389750.0,19826250,24216000,-3045250.0,-284750.0,-3330000.0,https://www1.hkexnews.hk/search/titlesearch.xhtml,https://www1.hkexnews.hk/search/titlesearch.xhtml,1620585768,14:42:48,20210509
19,2014-01-31,8033.HK,HKD,2014-01-31,2014-01-31,Q1,8046250.0,291750.0,0.0,0.0,-8964250.0,0.0,-10409000.0,0.0,0.0,-1003750.0,-3045250.0,-284750.0,,-20165250.0,16750750.0,287500.0,0.0,0.0,0.0,0.0,0.0,39750.0,0.0,0.0,-4389750.0,19826250,24216000,-3045250.0,-284750.0,-3330000.0,https://www1.hkexnews.hk/search/titlesearch.xhtml,https://www1.hkexnews.hk/search/titlesearch.xhtml,1620585768,14:42:48,20210509
20,2013-09-30,8033.HK,HKD,2013-09-30,2013-09-30,Q3,-66250.0,211500.0,0.0,0.0,6510750.0,0.0,-2121000.0,0.0,0.0,-888250.0,6065750.0,-363500.0,,-12626750.0,20085000.0,0.0,0.0,0.0,0.0,0.0,-3069000.0,-6504750.0,0.0,0.0,4634000.0,24216000,19582000,6065750.0,-363500.0,5702250.0,https://www1.hkexnews.hk/search/titlesearch.xhtml,https://www1.hkexnews.hk/search/titlesearch.xhtml,1620585768,14:42:48,20210509
21,2013-06-30,8033.HK,HKD,2013-06-30,2013-06-30,Q2,-66250.0,211500.0,0.0,0.0,6510750.0,0.0,-2121000.0,0.0,0.0,-888250.0,6065750.0,-363500.0,,-12626750.0,20085000.0,0.0,0.0,0.0,0.0,0.0,-3069000.0,-6504750.0,0.0,0.0,4634000.0,24216000,19582000,6065750.0,-363500.0,5702250.0,https://www1.hkexnews.hk/search/titlesearch.xhtml,https://www1.hkexnews.hk/search/titlesearch.xhtml,1620585768,14:42:48,20210509
22,2013-03-31,8033.HK,HKD,2013-03-31,2013-03-31,Q1,-66250.0,211500.0,0.0,0.0,6510750.0,0.0,-2121000.0,0.0,0.0,-888250.0,6065750.0,-363500.0,,-12626750.0,20085000.0,0.0,0.0,0.0,0.0,0.0,-3069000.0,-6504750.0,0.0,0.0,4634000.0,24216000,19582000,6065750.0,-363500.0,5702250.0,https://www1.hkexnews.hk/search/titlesearch.xhtml,https://www1.hkexnews.hk/search/titlesearch.xhtml,1620585768,14:42:48,20210509
23,2013-01-31,8033.HK,HKD,2013-01-31,2013-01-31,Q1,-66250.0,211500.0,0.0,0.0,6510750.0,0.0,-2121000.0,0.0,0.0,-888250.0,6065750.0,-363500.0,,-12626750.0,20085000.0,0.0,0.0,0.0,0.0,0.0,-3069000.0,-6504750.0,0.0,0.0,4634000.0,24216000,19582000,6065750.0,-363500.0,5702250.0,https://www1.hkexnews.hk/search/titlesearch.xhtml,https://www1.hkexnews.hk/search/titlesearch.xhtml,1620585768,14:42:48,20210509
24,2012-09-30,8033.HK,HKD,2012-09-30,2012-09-30,Q3,7839250.0,171250.0,0.0,0.0,-1015750.0,0.0,1908500.0,0.0,0.0,-1064000.0,-4352500.0,-286250.0,,-12429000.0,3909500.0,406500.0,0.0,-498750.0,0.0,0.0,-1534500.0,-1250.0,0.0,0.0,-5106000.0,19582000,24688000,-4352500.0,-286250.0,-4638750.0,https://www1.hkexnews.hk/search/titlesearch.xhtml,https://www1.hkexnews.hk/search/titlesearch.xhtml,1620585768,14:42:48,20210509
25,2012-06-30,8033.HK,HKD,2012-06-30,2012-06-30,Q2,7839250.0,171250.0,0.0,0.0,-1015750.0,0.0,1908500.0,0.0,0.0,-1064000.0,-4352500.0,-286250.0,,-12429000.0,3909500.0,406500.0,0.0,-498750.0,0.0,0.0,-1534500.0,-1250.0,0.0,0.0,-5106000.0,19582000,24688000,-4352500.0,-286250.0,-4638750.0,https://www1.hkexnews.hk/search/titlesearch.xhtml,https://www1.hkexnews.hk/search/titlesearch.xhtml,1620585768,14:42:48,20210509
26,2012-03-31,8033.HK,HKD,2012-03-31,2012-03-31,Q1,7839250.0,171250.0,0.0,0.0,-1015750.0,0.0,1908500.0,0.0,0.0,-1064000.0,-4352500.0,-286250.0,,-12429000.0,3909500.0,406500.0,0.0,-498750.0,0.0,0.0,-1534500.0,-1250.0,0.0,0.0,-5106000.0,19582000,24688000,-4352500.0,-286250.0,-4638750.0,https://www1.hkexnews.hk/search/titlesearch.xhtml,https://www1.hkexnews.hk/search/titlesearch.xhtml,1620585768,14:42:48,20210509
27,2012-01-31,8033.HK,HKD,2012-01-31,2012-01-31,Q1,7839250.0,171250.0,0.0,0.0,-1015750.0,0.0,1908500.0,0.0,0.0,-1064000.0,-4352500.0,-286250.0,,-12429000.0,3909500.0,406500.0,0.0,-498750.0,0.0,0.0,-1534500.0,-1250.0,0.0,0.0,-5106000.0,19582000,24688000,-4352500.0,-286250.0,-4638750.0,https://www1.hkexnews.hk/search/titlesearch.xhtml,https://www1.hkexnews.hk/search/titlesearch.xhtml,1620585768,14:42:48,20210509
28,2011-09-30,8033.HK,HKD,2011-09-30,2011-09-30,Q3,6564250.0,139000.0,0.0,0.0,-3436250.0,0.0,0.0,0.0,0.0,-8090250.0,-5551500.0,-193750.0,,-8376500.0,400250.0,0.0,0.0,0.0,0.0,0.0,-767250.0,-16750.0,0.0,0.0,-6373500.0,24688000,31061500,-5551500.0,-193750.0,-5745250.0,https://www1.hkexnews.hk/search/titlesearch.xhtml,https://www1.hkexnews.hk/search/titlesearch.xhtml,1620585768,14:42:48,20210509
29,2011-06-30,8033.HK,HKD,2011-06-30,2011-06-30,Q2,6564250.0,139000.0,0.0,0.0,-3436250.0,0.0,0.0,0.0,0.0,-8090250.0,-5551500.0,-193750.0,,-8376500.0,400250.0,0.0,0.0,0.0,0.0,0.0,-767250.0,-16750.0,0.0,0.0,-6373500.0,24688000,31061500,-5551500.0,-193750.0,-5745250.0,https://www1.hkexnews.hk/search/titlesearch.xhtml,https://www1.hkexnews.hk/search/titlesearch.xhtml,1620585768,14:42:48,20210509
30,2011-03-31,8033.HK,HKD,2011-03-31,2011-03-31,Q1,6564250.0,139000.0,0.0,0.0,-3436250.0,0.0,0.0,0.0,0.0,-8090250.0,-5551500.0,-193750.0,,-8376500.0,400250.0,0.0,0.0,0.0,0.0,0.0,-767250.0,-16750.0,0.0,0.0,-6373500.0,24688000,31061500,-5551500.0,-193750.0,-5745250.0,https://www1.hkexnews.hk/search/titlesearch.xhtml,https://www1.hkexnews.hk/search/titlesearch.xhtml,1620585768,14:42:48,20210509
31,2011-01-31,8033.HK,HKD,2011-01-31,2011-01-31,Q1,6564250.0,139000.0,0.0,0.0,-3436250.0,0.0,0.0,0.0,0.0,-8090250.0,-5551500.0,-193750.0,,-8376500.0,400250.0,0.0,0.0,0.0,0.0,0.0,-767250.0,-16750.0,0.0,0.0,-6373500.0,24688000,31061500,-5551500.0,-193750.0,-5745250.0,https://www1.hkexnews.hk/search/titlesearch.xhtml,https://www1.hkexnews.hk/search/titlesearch.xhtml,1620585768,14:42:48,20210509
32,2010-09-30,8033.HK,HKD,2010-09-30,2010-09-30,Q3,6197750.0,119000.0,0.0,472250.0,-820250.0,0.0,0.0,0.0,0.0,-6016500.0,-1352250.0,-190500.0,,0.0,1942750.0,0.0,0.0,0.0,0.0,0.0,-767250.0,1597750.0,0.0,0.0,7144000.0,31061500,23917500,-1352250.0,-190500.0,-1542750.0,https://www1.hkexnews.hk/search/titlesearch.xhtml,https://www1.hkexnews.hk/search/titlesearch.xhtml,1620585768,14:42:48,20210509
33,2010-06-30,8033.HK,HKD,2010-06-30,2010-06-30,Q2,6197750.0,119000.0,0.0,472250.0,-820250.0,0.0,0.0,0.0,0.0,-6016500.0,-1352250.0,-190500.0,,0.0,1942750.0,0.0,0.0,0.0,0.0,0.0,-767250.0,1597750.0,0.0,0.0,7144000.0,31061500,23917500,-1352250.0,-190500.0,-1542750.0,https://www1.hkexnews.hk/search/titlesearch.xhtml,https://www1.hkexnews.hk/search/titlesearch.xhtml,1620585768,14:42:48,20210509
34,2010-03-31,8033.HK,HKD,2010-03-31,2010-03-31,Q1,6197750.0,119000.0,0.0,472250.0,-820250.0,0.0,0.0,0.0,0.0,-6016500.0,-1352250.0,-190500.0,,0.0,1942750.0,0.0,0.0,0.0,0.0,0.0,-767250.0,1597750.0,0.0,0.0,7144000.0,31061500,23917500,-1352250.0,-190500.0,-1542750.0,https://www1.hkexnews.hk/search/titlesearch.xhtml,https://www1.hkexnews.hk/search/titlesearch.xhtml,1620585768,14:42:48,20210509
35,2010-01-31,8033.HK,HKD,2010-01-31,2010-01-31,Q1,6197750.0,119000.0,0.0,472250.0,-820250.0,0.0,0.0,0.0,0.0,-6016500.0,-1352250.0,-190500.0,,0.0,1942750.0,0.0,0.0,0.0,0.0,0.0,-767250.0,1597750.0,0.0,0.0,7144000.0,31061500,23917500,-1352250.0,-190500.0,-1542750.0,https://www1.hkexnews.hk/search/titlesearch.xhtml,https://www1.hkexnews.hk/search/titlesearch.xhtml,1620585768,14:42:48,20210509
36,2009-09-30,8033.HK,HKD,2009-09-30,2009-09-30,Q3,5822250.0,105000.0,0.0,0.0,-4738000.0,0.0,0.0,0.0,0.0,-5411250.0,-4321250.0,-31250.0,,0.0,0.0,0.0,0.0,0.0,0.0,0.0,0.0,543500.0,0.0,0.0,1427250.0,23917500,22490250,-4321250.0,-31250.0,-4352500.0,https://www1.hkexnews.hk/search/titlesearch.xhtml,https://www1.hkexnews.hk/search/titlesearch.xhtml,1620585768,14:42:48,20210509
37,2009-06-30,8033.HK,HKD,2009-06-30,2009-06-30,Q2,5822250.0,105000.0,0.0,0.0,-4738000.0,0.0,0.0,0.0,0.0,-5411250.0,-4321250.0,-31250.0,,0.0,0.0,0.0,0.0,0.0,0.0,0.0,0.0,543500.0,0.0,0.0,1427250.0,23917500,22490250,-4321250.0,-31250.0,-4352500.0,https://www1.hkexnews.hk/search/titlesearch.xhtml,https://www1.hkexnews.hk/search/titlesearch.xhtml,1620585768,14:42:48,20210509
38,2009-03-31,8033.HK,HKD,2009-03-31,2009-03-31,Q1,5822250.0,105000.0,0.0,0.0,-4738000.0,0.0,0.0,0.0,0.0,-5411250.0,-4321250.0,-31250.0,,0.0,0.0,0.0,0.0,0.0,0.0,0.0,0.0,543500.0,0.0,0.0,1427250.0,23917500,22490250,-4321250.0,-31250.0,-4352500.0,https://www1.hkexnews.hk/search/titlesearch.xhtml,https://www1.hkexnews.hk/search/titlesearch.xhtml,1620585768,14:42:48,20210509
39,2009-01-31,8033.HK,HKD,2009-01-31,2009-01-31,Q1,5822250.0,105000.0,0.0,0.0,-4738000.0,0.0,0.0,0.0,0.0,-5411250.0,-4321250.0,-31250.0,,0.0,0.0,0.0,0.0,0.0,0.0,0.0,0.0,543500.0,0.0,0.0,1427250.0,23917500,22490250,-4321250.0,-31250.0,-4352500.0,https://www1.hkexnews.hk/search/titlesearch.xhtml,https://www1.hkexnews.hk/search/titlesearch.xhtml,1620585768,14:42:48,20210509
40,2008-09-30,8033.HK,HKD,2008-09-30,2008-09-30,Q3,-5004500.0,138500.0,0.0,0.0,9306500.0,0.0,0.0,0.0,0.0,-2305500.0,2391250.0,-48250.0,,0.0,0.0,0.0,0.0,0.0,0.0,0.0,0.0,-158250.0,0.0,0.0,6179000.0,22490250,16311250,2391250.0,-48250.0,2343000.0,https://www1.hkexnews.hk/search/titlesearch.xhtml,https://www1.hkexnews.hk/search/titlesearch.xhtml,1620585768,14:42:48,20210509
41,2008-06-30,8033.HK,HKD,2008-06-30,2008-06-30,Q2,-5004500.0,138500.0,0.0,0.0,9306500.0,0.0,0.0,0.0,0.0,-2305500.0,2391250.0,-48250.0,,0.0,0.0,0.0,0.0,0.0,0.0,0.0,0.0,-158250.0,0.0,0.0,6179000.0,22490250,16311250,2391250.0,-48250.0,2343000.0,https://www1.hkexnews.hk/search/titlesearch.xhtml,https://www1.hkexnews.hk/search/titlesearch.xhtml,1620585768,14:42:48,20210509
42,2008-03-31,8033.HK,HKD,2008-03-31,2008-03-31,Q1,-5004500.0,138500.0,0.0,0.0,9306500.0,0.0,0.0,0.0,0.0,-2305500.0,2391250.0,-48250.0,,0.0,0.0,0.0,0.0,0.0,0.0,0.0,0.0,-158250.0,0.0,0.0,6179000.0,22490250,16311250,2391250.0,-48250.0,2343000.0,https://www1.hkexnews.hk/search/titlesearch.xhtml,https://www1.hkexnews.hk/search/titlesearch.xhtml,1620585768,14:42:48,20210509
43,2008-01-31,8033.HK,HKD,2008-01-31,2008-01-31,Q1,-5004500.0,138500.0,0.0,0.0,9306500.0,0.0,0.0,0.0,0.0,-2305500.0,2391250.0,-48250.0,,0.0,0.0,0.0,0.0,0.0,0.0,0.0,0.0,-158250.0,0.0,0.0,6179000.0,22490250,16311250,2391250.0,-48250.0,2343000.0,https://www1.hkexnews.hk/search/titlesearch.xhtml,https://www1.hkexnews.hk/search/titlesearch.xhtml,1620585768,14:42:48,20210509
44,2007-09-30,8033.HK,HKD,2007-09-30,2007-09-30,Q3,2119750.0,470250.0,0.0,0.0,-7694500.0,0.0,25250.0,0.0,0.0,8739500.0,-11769000.0,-88250.0,,0.0,0.0,0.0,0.0,-8881750.0,0.0,0.0,0.0,7568250.0,0.0,0.0,-10703500.0,16311250,27014750,-11769000.0,-88250.0,-11857250.0,https://www1.hkexnews.hk/search/titlesearch.xhtml,https://www1.hkexnews.hk/search/titlesearch.xhtml,1620585768,14:42:48,20210509
45,2007-06-30,8033.HK,HKD,2007-06-30,2007-06-30,Q2,2119750.0,470250.0,0.0,0.0,-7694500.0,0.0,25250.0,0.0,0.0,8739500.0,-11769000.0,-88250.0,,0.0,0.0,0.0,0.0,-8881750.0,0.0,0.0,0.0,7568250.0,0.0,0.0,-10703500.0,16311250,27014750,-11769000.0,-88250.0,-11857250.0,https://www1.hkexnews.hk/search/titlesearch.xhtml,https://www1.hkexnews.hk/search/titlesearch.xhtml,1620585768,14:42:48,20210509
46,2007-03-31,8033.HK,HKD,2007-03-31,2007-03-31,Q1,2119750.0,470250.0,0.0,0.0,-7694500.0,0.0,25250.0,0.0,0.0,8739500.0,-11769000.0,-88250.0,,0.0,0.0,0.0,0.0,-8881750.0,0.0,0.0,0.0,7568250.0,0.0,0.0,-10703500.0,16311250,27014750,-11769000.0,-88250.0,-11857250.0,https://www1.hkexnews.hk/search/titlesearch.xhtml,https://www1.hkexnews.hk/search/titlesearch.xhtml,1620585768,14:42:48,20210509
47,2007-01-31,8033.HK,HKD,2007-01-31,2007-01-31,Q1,2119750.0,470250.0,0.0,0.0,-7694500.0,0.0,25250.0,0.0,0.0,8739500.0,-11769000.0,-88250.0,,0.0,0.0,0.0,0.0,-8881750.0,0.0,0.0,0.0,7568250.0,0.0,0.0,-10703500.0,16311250,27014750,-11769000.0,-88250.0,-11857250.0,https://www1.hkexnews.hk/search/titlesearch.xhtml,https://www1.hkexnews.hk/search/titlesearch.xhtml,1620585768,14:42:48,20210509
48,2006-09-30,8033.HK,HKD,2006-09-30,2006-09-30,Q3,-5699750.0,1329750.0,0.0,0.0,16822500.0,0.0,127750.0,0.0,0.0,-17684000.0,7935750.0,-391750.0,,0.0,0.0,200000.0,0.0,-8293250.0,0.0,0.0,0.0,0.0,0.0,-923750.0,1351750.0,27014750,25663000,7935750.0,-391750.0,7544000.0,https://www1.hkexnews.hk/search/titlesearch.xhtml,https://www1.hkexnews.hk/search/titlesearch.xhtml,1620585768,14:42:48,20210509
49,2006-06-30,8033.HK,HKD,2006-06-30,2006-06-30,Q2,-5699750.0,1329750.0,0.0,0.0,16822500.0,0.0,127750.0,0.0,0.0,-17684000.0,7935750.0,-391750.0,,0.0,0.0,200000.0,0.0,-8293250.0,0.0,0.0,0.0,0.0,0.0,-923750.0,1351750.0,27014750,25663000,7935750.0,-391750.0,7544000.0,https://www1.hkexnews.hk/search/titlesearch.xhtml,https://www1.hkexnews.hk/search/titlesearch.xhtml,1620585768,14:42:48,20210509
50,2006-03-31,8033.HK,HKD,2006-03-31,2006-03-31,Q1,-5699750.0,1329750.0,0.0,0.0,16822500.0,0.0,127750.0,0.0,0.0,-17684000.0,7935750.0,-391750.0,,0.0,0.0,200000.0,0.0,-8293250.0,0.0,0.0,0.0,0.0,0.0,-923750.0,1351750.0,27014750,25663000,7935750.0,-391750.0,7544000.0,https://www1.hkexnews.hk/search/titlesearch.xhtml,https://www1.hkexnews.hk/search/titlesearch.xhtml,1620585768,14:42:48,20210509
51,2006-01-31,8033.HK,HKD,2006-01-31,2006-01-31,Q1,-5699750.0,1329750.0,0.0,0.0,16822500.0,0.0,127750.0,0.0,0.0,-17684000.0,7935750.0,-391750.0,,0.0,0.0,200000.0,0.0,-8293250.0,0.0,0.0,0.0,0.0,0.0,-923750.0,1351750.0,27014750,25663000,7935750.0,-391750.0,7544000.0,https://www1.hkexnews.hk/search/titlesearch.xhtml,https://www1.hkexnews.hk/search/titlesearch.xhtml,1620585768,14:42:48,20210509
52,2005-09-30,8033.HK,HKD,2005-09-30,2005-09-30,Q3,0.0,1919500.0,0.0,0.0,4698250.0,0.0,5404750.0,0.0,0.0,219750.0,186250.0,-1178500.0,,0.0,1399750.0,0.0,0.0,-31834500.0,0.0,0.0,0.0,0.0,0.0,0.0,-16485250.0,25663000,42148250,186250.0,-1178500.0,-992250.0,https://www1.hkexnews.hk/search/titlesearch.xhtml,https://www1.hkexnews.hk/search/titlesearch.xhtml,1620585768,14:42:48,20210509
53,2005-06-30,8033.HK,HKD,2005-06-30,2005-06-30,Q2,0.0,1919500.0,0.0,0.0,4698250.0,0.0,5404750.0,0.0,0.0,219750.0,186250.0,-1178500.0,,0.0,1399750.0,0.0,0.0,-31834500.0,0.0,0.0,0.0,0.0,0.0,0.0,-16485250.0,25663000,42148250,186250.0,-1178500.0,-992250.0,https://www1.hkexnews.hk/search/titlesearch.xhtml,https://www1.hkexnews.hk/search/titlesearch.xhtml,1620585768,14:42:48,20210509
54,2005-03-31,8033.HK,HKD,2005-03-31,2005-03-31,Q1,0.0,1919500.0,0.0,0.0,4698250.0,0.0,5404750.0,0.0,0.0,219750.0,186250.0,-1178500.0,,0.0,1399750.0,0.0,0.0,-31834500.0,0.0,0.0,0.0,0.0,0.0,0.0,-16485250.0,25663000,42148250,186250.0,-1178500.0,-992250.0,https://www1.hkexnews.hk/search/titlesearch.xhtml,https://www1.hkexnews.hk/search/titlesearch.xhtml,1620585768,14:42:48,20210509
55,2005-01-31,8033.HK,HKD,2005-01-31,2005-01-31,Q1,0.0,1919500.0,0.0,0.0,4698250.0,0.0,5404750.0,0.0,0.0,219750.0,186250.0,-1178500.0,,0.0,1399750.0,0.0,0.0,-31834500.0,0.0,0.0,0.0,0.0,0.0,0.0,-16485250.0,25663000,42148250,186250.0,-1178500.0,-992250.0,https://www1.hkexnews.hk/search/titlesearch.xhtml,https://www1.hkexnews.hk/search/titlesearch.xhtml,1620585768,14:42:48,20210509
56,2004-09-30,8033.HK,HKD,2004-09-30,2004-09-30,Q3,0.0,3845000.0,0.0,0.0,5677500.0,0.0,11531500.0,0.0,0.0,24395000.0,-7811000.0,-3018500.0,,-18089500.0,4668000.0,0.0,0.0,-4767750.0,0.0,0.0,-1534500.0,7523250.0,0.0,-1049000.0,1251750.0,42148250,40896500,-7811000.0,-3018500.0,-10829500.0,https://www1.hkexnews.hk/search/titlesearch.xhtml,https://www1.hkexnews.hk/search/titlesearch.xhtml,1620585768,14:42:48,20210509
57,2004-06-30,8033.HK,HKD,2004-06-30,2004-06-30,Q2,0.0,3845000.0,0.0,0.0,5677500.0,0.0,11531500.0,0.0,0.0,24395000.0,-7811000.0,-3018500.0,,-18089500.0,4668000.0,0.0,0.0,-4767750.0,0.0,0.0,-1534500.0,7523250.0,0.0,-1049000.0,1251750.0,42148250,40896500,-7811000.0,-3018500.0,-10829500.0,https://www1.hkexnews.hk/search/titlesearch.xhtml,https://www1.hkexnews.hk/search/titlesearch.xhtml,1620585768,14:42:48,20210509
58,2004-03-31,8033.HK,HKD,2004-03-31,2004-03-31,Q1,0.0,3845000.0,0.0,0.0,5677500.0,0.0,11531500.0,0.0,0.0,24395000.0,-7811000.0,-3018500.0,,-18089500.0,4668000.0,0.0,0.0,-4767750.0,0.0,0.0,-1534500.0,7523250.0,0.0,-1049000.0,1251750.0,42148250,40896500,-7811000.0,-3018500.0,-10829500.0,https://www1.hkexnews.hk/search/titlesearch.xhtml,https://www1.hkexnews.hk/search/titlesearch.xhtml,1620585768,14:42:48,20210509
59,2004-01-31,8033.HK,HKD,2004-01-31,2004-01-31,Q1,0.0,3845000.0,0.0,0.0,5677500.0,0.0,11531500.0,0.0,0.0,24395000.0,-7811000.0,-3018500.0,,-18089500.0,4668000.0,0.0,0.0,-4767750.0,0.0,0.0,-1534500.0,7523250.0,0.0,-1049000.0,1251750.0,42148250,40896500,-7811000.0,-3018500.0,-10829500.0,https://www1.hkexnews.hk/search/titlesearch.xhtml,https://www1.hkexnews.hk/search/titlesearch.xhtml,1620585768,14:42:48,20210509
60,2003-09-30,8033.HK,HKD,2003-09-30,2003-09-30,Q3,0.0,662000.0,0.0,0.0,-15731000.0,0.0,-9588250.0,0.0,0.0,1933750.0,-9283000.0,-1441750.0,,-1183000.0,2279250.0,0.0,0.0,-1458750.0,0.0,0.0,-2294500.0,0.0,0.0,29000.0,-12443500.0,40896500,53340000,-9283000.0,-1441750.0,-10724750.0,https://www1.hkexnews.hk/search/titlesearch.xhtml,https://www1.hkexnews.hk/search/titlesearch.xhtml,1620585768,14:42:48,20210509
61,2003-06-30,8033.HK,HKD,2003-06-30,2003-06-30,Q2,0.0,662000.0,0.0,0.0,-15731000.0,0.0,-9588250.0,0.0,0.0,1933750.0,-9283000.0,-1441750.0,,-1183000.0,2279250.0,0.0,0.0,-1458750.0,0.0,0.0,-2294500.0,0.0,0.0,29000.0,-12443500.0,40896500,53340000,-9283000.0,-1441750.0,-10724750.0,https://www1.hkexnews.hk/search/titlesearch.xhtml,https://www1.hkexnews.hk/search/titlesearch.xhtml,1620585768,14:42:48,20210509
62,2003-03-31,8033.HK,HKD,2003-03-31,2003-03-31,Q1,0.0,662000.0,0.0,0.0,-15731000.0,0.0,-9588250.0,0.0,0.0,1933750.0,-9283000.0,-1441750.0,,-1183000.0,2279250.0,0.0,0.0,-1458750.0,0.0,0.0,-2294500.0,0.0,0.0,29000.0,-12443500.0,40896500,53340000,-9283000.0,-1441750.0,-10724750.0,https://www1.hkexnews.hk/search/titlesearch.xhtml,https://www1.hkexnews.hk/search/titlesearch.xhtml,1620585768,14:42:48,20210509
63,2003-01-31,8033.HK,HKD,2003-01-31,2003-01-31,Q1,0.0,662000.0,0.0,0.0,-15731000.0,0.0,-9588250.0,0.0,0.0,1933750.0,-9283000.0,-1441750.0,,-1183000.0,2279250.0,0.0,0.0,-1458750.0,0.0,0.0,-2294500.0,0.0,0.0,29000.0,-12443500.0,40896500,53340000,-9283000.0,-1441750.0,-10724750.0,https://www1.hkexnews.hk/search/titlesearch.xhtml,https://www1.hkexnews.hk/search/titlesearch.xhtml,1620585768,14:42:48,20210509
64,2002-09-30,8033.HK,HKD,2002-09-30,2002-09-30,Q3,0.0,0.0,0.0,0.0,0.0,0.0,0.0,0.0,0.0,0.0,-8877000.0,-421750.0,,0.0,0.0,-1014000.0,0.0,0.0,0.0,0.0,0.0,7290750.0,0.0,0.0,-3022000.0,53340000,56362000,-8877000.0,-421750.0,-9298750.0,https://www1.hkexnews.hk/search/titlesearch.xhtml,https://www1.hkexnews.hk/search/titlesearch.xhtml,1620585768,14:42:48,20210509
65,2002-06-30,8033.HK,HKD,2002-06-30,2002-06-30,Q2,0.0,0.0,0.0,0.0,0.0,0.0,0.0,0.0,0.0,0.0,-8877000.0,-421750.0,,0.0,0.0,-1014000.0,0.0,0.0,0.0,0.0,0.0,7290750.0,0.0,0.0,-3022000.0,53340000,56362000,-8877000.0,-421750.0,-9298750.0,https://www1.hkexnews.hk/search/titlesearch.xhtml,https://www1.hkexnews.hk/search/titlesearch.xhtml,1620585768,14:42:48,20210509
66,2002-03-31,8033.HK,HKD,2002-03-31,2002-03-31,Q1,0.0,0.0,0.0,0.0,0.0,0.0,0.0,0.0,0.0,0.0,-8877000.0,-421750.0,,0.0,0.0,-1014000.0,0.0,0.0,0.0,0.0,0.0,7290750.0,0.0,0.0,-3022000.0,53340000,56362000,-8877000.0,-421750.0,-9298750.0,https://www1.hkexnews.hk/search/titlesearch.xhtml,https://www1.hkexnews.hk/search/titlesearch.xhtml,1620585768,14:42:48,20210509
67,2002-01-31,8033.HK,HKD,2002-01-31,2002-01-31,Q1,0.0,0.0,0.0,0.0,0.0,0.0,0.0,0.0,0.0,0.0,-8877000.0,-421750.0,,0.0,0.0,-1014000.0,0.0,0.0,0.0,0.0,0.0,7290750.0,0.0,0.0,-3022000.0,53340000,56362000,-8877000.0,-421750.0,-9298750.0,https://www1.hkexnews.hk/search/titlesearch.xhtml,https://www1.hkexnews.hk/search/titlesearch.xhtml,1620585768,14:42:48,20210509
68,2001-09-30,8033.HK,HKD,2001-09-30,2001-09-30,Q3,0.0,0.0,0.0,0.0,0.0,0.0,0.0,0.0,0.0,0.0,13754000.0,-442750.0,,-1132250.0,0.0,1586000.0,0.0,0.0,0.0,-1619000.0,0.0,167750.0,0.0,0.0,11402500.0,56362000,44959500,13754000.0,-442750.0,13311250.0,https://www1.hkexnews.hk/search/titlesearch.xhtml,https://www1.hkexnews.hk/search/titlesearch.xhtml,1620585768,14:42:48,20210509
69,2001-06-30,8033.HK,HKD,2001-06-30,2001-06-30,Q2,0.0,0.0,0.0,0.0,0.0,0.0,0.0,0.0,0.0,0.0,13754000.0,-442750.0,,-1132250.0,0.0,1586000.0,0.0,0.0,0.0,-1619000.0,0.0,167750.0,0.0,0.0,11402500.0,56362000,44959500,13754000.0,-442750.0,13311250.0,https://www1.hkexnews.hk/search/titlesearch.xhtml,https://www1.hkexnews.hk/search/titlesearch.xhtml,1620585768,14:42:48,20210509
70,2001-03-31,8033.HK,HKD,2001-03-31,2001-03-31,Q1,0.0,0.0,0.0,0.0,0.0,0.0,0.0,0.0,0.0,0.0,13754000.0,-442750.0,,-1132250.0,0.0,1586000.0,0.0,0.0,0.0,-1619000.0,0.0,167750.0,0.0,0.0,11402500.0,56362000,44959500,13754000.0,-442750.0,13311250.0,https://www1.hkexnews.hk/search/titlesearch.xhtml,https://www1.hkexnews.hk/search/titlesearch.xhtml,1620585768,14:42:48,20210509
71,2001-01-31,8033.HK,HKD,2001-01-31,2001-01-31,Q1,0.0,0.0,0.0,0.0,0.0,0.0,0.0,0.0,0.0,0.0,13754000.0,-442750.0,,-1132250.0,0.0,1586000.0,0.0,0.0,0.0,-1619000.0,0.0,167750.0,0.0,0.0,11402500.0,56362000,44959500,13754000.0,-442750.0,13311250.0,https://www1.hkexnews.hk/search/titlesearch.xhtml,https://www1.hkexnews.hk/search/titlesearch.xhtml,1620585768,14:42:48,20210509
72,2000-09-30,8033.HK,HKD,2000-09-30,2000-09-30,Q3,0.0,0.0,0.0,0.0,0.0,0.0,0.0,0.0,0.0,0.0,-14255000.0,-772250.0,,-2966500.0,0.0,-9235750.0,0.0,0.0,38466000.0,0.0,0.0,6507500.0,0.0,0.0,10053250.0,44959500,34906250,-14255000.0,-772250.0,-15027250.0,https://www1.hkexnews.hk/search/titlesearch.xhtml,https://www1.hkexnews.hk/search/titlesearch.xhtml,1620585768,14:42:48,20210509
73,2000-06-30,8033.HK,HKD,2000-06-30,2000-06-30,Q2,0.0,0.0,0.0,0.0,0.0,0.0,0.0,0.0,0.0,0.0,-14255000.0,-772250.0,,-2966500.0,0.0,-9235750.0,0.0,0.0,38466000.0,0.0,0.0,6507500.0,0.0,0.0,10053250.0,44959500,34906250,-14255000.0,-772250.0,-15027250.0,https://www1.hkexnews.hk/search/titlesearch.xhtml,https://www1.hkexnews.hk/search/titlesearch.xhtml,1620585768,14:42:48,20210509
74,2000-03-31,8033.HK,HKD,2000-03-31,2000-03-31,Q1,0.0,0.0,0.0,0.0,0.0,0.0,0.0,0.0,0.0,0.0,-14255000.0,-772250.0,,-2966500.0,0.0,-9235750.0,0.0,0.0,38466000.0,0.0,0.0,6507500.0,0.0,0.0,10053250.0,44959500,34906250,-14255000.0,-772250.0,-15027250.0,https://www1.hkexnews.hk/search/titlesearch.xhtml,https://www1.hkexnews.hk/search/titlesearch.xhtml,1620585768,14:42:48,20210509
75,2000-01-31,8033.HK,HKD,2000-01-31,2000-01-31,Q1,0.0,0.0,0.0,0.0,0.0,0.0,0.0,0.0,0.0,0.0,-14255000.0,-772250.0,,-2966500.0,0.0,-9235750.0,0.0,0.0,38466000.0,0.0,0.0,6507500.0,0.0,0.0,10053250.0,44959500,34906250,-14255000.0,-772250.0,-15027250.0,https://www1.hkexnews.hk/search/titlesearch.xhtml,https://www1.hkexnews.hk/search/titlesearch.xhtml,1620585768,14:42:48,20210509
76,1999-09-30,8033.HK,HKD,1999-09-30,1999-09-30,Q3,0.0,0.0,0.0,0.0,0.0,0.0,0.0,0.0,0.0,0.0,-5796000.0,-581500.0,,0.0,0.0,0.0,0.0,0.0,0.0,0.0,0.0,-1419500.0,0.0,0.0,8918250.0,34906250,25988000,-5796000.0,-581500.0,-6377500.0,https://www1.hkexnews.hk/search/titlesearch.xhtml,https://www1.hkexnews.hk/search/titlesearch.xhtml,1620585768,14:42:48,20210509
77,1999-06-30,8033.HK,HKD,1999-06-30,1999-06-30,Q2,0.0,0.0,0.0,0.0,0.0,0.0,0.0,0.0,0.0,0.0,-5796000.0,-581500.0,,0.0,0.0,0.0,0.0,0.0,0.0,0.0,0.0,-1419500.0,0.0,0.0,8918250.0,34906250,25988000,-5796000.0,-581500.0,-6377500.0,https://www1.hkexnews.hk/search/titlesearch.xhtml,https://www1.hkexnews.hk/search/titlesearch.xhtml,1620585768,14:42:48,20210509
78,1999-03-31,8033.HK,HKD,1999-03-31,1999-03-31,Q1,0.0,0.0,0.0,0.0,0.0,0.0,0.0,0.0,0.0,0.0,-5796000.0,-581500.0,,0.0,0.0,0.0,0.0,0.0,0.0,0.0,0.0,-1419500.0,0.0,0.0,8918250.0,34906250,25988000,-5796000.0,-581500.0,-6377500.0,https://www1.hkexnews.hk/search/titlesearch.xhtml,https://www1.hkexnews.hk/search/titlesearch.xhtml,1620585768,14:42:48,20210509
79,1999-01-31,8033.HK,HKD,1999-01-31,1999-01-31,Q1,0.0,0.0,0.0,0.0,0.0,0.0,0.0,0.0,0.0,0.0,-5796000.0,-581500.0,,0.0,0.0,0.0,0.0,0.0,0.0,0.0,0.0,-1419500.0,0.0,0.0,8918250.0,34906250,25988000,-5796000.0,-581500.0,-6377500.0,https://www1.hkexnews.hk/search/titlesearch.xhtml,https://www1.hkexnews.hk/search/titlesearch.xhtml,1620585768,14:42:48,20210509
