,date,symbol,reportedCurrency,fillingDate,acceptedDate,period,netIncome,depreciationAndAmortization,deferredIncomeTax,stockBasedCompensation,changeInWorkingCapital,accountsReceivables,inventory,accountsPayables,otherWorkingCapital,otherNonCashItems,netCashProvidedByOperatingActivities,investmentsInPropertyPlantAndEquipment,acquisitionsNet,purchasesOfInvestments,salesMaturitiesOfInvestments,otherInvestingActivites,netCashUsedForInvestingActivites,debtRepayment,commonStockIssued,commonStockRepurchased,dividendsPaid,otherFinancingActivites,netCashUsedProvidedByFinancingActivities,effectOfForexChangesOnCash,netChangeInCash,cashAtEndOfPeriod,cashAtBeginningOfPeriod,operatingCashFlow,capitalExpenditure,freeCashFlow,link,finalLink,timestamp,est_time,est_date
0,2021-03-31,THM,USD,2021-05-07,2021-05-07 08:01:32,Q1,0.0,27.0,0.0,18971.0,-782421.0,24155.0,0.0,-72012.0,11935960.0,0.0,0.0,0.0,0.0,0.0,0.0,0.0,0.0,0.0,0.0,0.0,0.0,0.0,0.0,0.0,-1051255.0,11998038.0,13049293.0,0.0,0.0,0.0,https://www.sec.gov/Archives/edgar/data/1134115/000110465921062773/0001104659-21-062773-index.htm,https://www.sec.gov/Archives/edgar/data/1134115/000110465921062773/tm2111649d1_10q.htm,1620598784,18:19:44,20210509
1,2020-12-31,THM,USD,2021-03-10,2021-03-10 08:00:43,Q4,-1995576.0,6274.0,0.0,18846.0,-873867.0,1347.0,0.0,-0.185317,12718381.0,-0.34825,-2150168.0,0.0,0.0,0.0,0.0,0.315828,0.0,0.0,1135253.0,0.0,0.0,-282482.0,852771.0,577847.0,-719550.0,13049293.0,13768843.0,-2150168.0,0.0,-2150168.0,https://www.sec.gov/Archives/edgar/data/1134115/000110465921034157/0001104659-21-034157-index.htm,https://www.sec.gov/Archives/edgar/data/1134115/000110465921034157/tm211093d1_10k.htm,1620598784,18:19:44,20210509
2,2020-09-30,THM,USD,2020-11-06,2020-11-06 07:00:42,Q3,0.0,443.0,0.0,18433.0,8146758.0,-9746.0,0.0,428977.0,13592248.0,0.0,-5481653.0,0.0,0.0,0.0,0.0,0.0,0.0,0.0,9164024.0,0.0,0.0,0.0,8965560.0,-79743.0,1447494.0,13768843.0,5490127.0,-5481653.0,0.0,-5481653.0,https://www.sec.gov/Archives/edgar/data/1134115/000110465920122133/0001104659-20-122133-index.htm,https://www.sec.gov/Archives/edgar/data/1134115/000110465920122133/tm2029537d1_10q.htm,1620598784,18:19:44,20210509
3,2020-06-30,THM,USD,2020-08-10,2020-08-10 07:00:43,Q2,-1486470.0000000002,449.99999999999994,0.0,348252.0,-907120.0,-5093.0,0.0,5368.0,5445490.0,348250.0,-1200710.0,0.0,0.0,0.0,0.0,225168.0,0.0,0.0,0.0,0.0,0.0,-975538.0,0.0,225168.0,-975530.0,5490140.0,6465670.0,-1200710.0,0.0,-1200710.0,https://www.sec.gov/Archives/edgar/data/1134115/000110465920092371/0001104659-20-092371-index.htm,https://www.sec.gov/Archives/edgar/data/1134115/000110465920092371/tm2020424-1_10q.htm,1620598784,18:19:44,20210509
4,2020-03-31,THM,USD,2020-05-08,2020-05-08 07:01:11,Q1,65090.0,440.0,0.0,0.0,-487810.0,108287.0,0.0,-92726.0,6352610.0,0.0,69040.0,0.0,0.0,0.0,0.0,-540996.0,0.0,0.0,0.0,0.0,0.0,6465665.0,0.0,-540996.0,-471960.0,6465660.0,6937620.0,69040.0,0.0,69040.0,https://www.sec.gov/Archives/edgar/data/1134115/000110465920058374/0001104659-20-058374-index.htm,https://www.sec.gov/Archives/edgar/data/1134115/000110465920058374/tm2014581d1_10q.htm,1620598784,18:19:44,20210509
5,2019-12-31,THM,USD,2020-03-10,2020-03-10 07:01:41,Q4,-760040.0,580.0,0.0,316717.0,-613490.0,-28819.0,0.0,54532.0,6840420.0,0.0,-735009.9999999999,0.0,0.0,0.0,0.0,0.0,0.0,0.0,0.0,0.0,0.0,-591212.0,0.0,143804.0,-591209.9999999998,6937620.0,7528830.0,-735009.9999999999,0.0,-735009.9999999999,https://www.sec.gov/Archives/edgar/data/1134115/000110465920030970/0001104659-20-030970-index.htm,https://www.sec.gov/Archives/edgar/data/1134115/000110465920030970/tm205292d1_10k.htm,1620598784,18:19:44,20210509
6,2019-09-30,THM,USD,2019-11-07,2019-11-07 07:01:24,Q3,-858400.0,580.0,0.0,87454.0,-625100.0,-35321.0,0.0,-162964.0,7453910.0,404170.0,-603219.9999999999,0.0,0.0,0.0,0.0,-69873.0,-69873.0,0.0,0.0,0.0,0.0,-773346.0,0.0,-100258.0,-773340.0000000001,7528840.0,8302180.0,-603219.9999999999,-69870.0,-673089.9999999999,https://www.sec.gov/Archives/edgar/data/1134115/000110465919060806/0001104659-19-060806-index.htm,https://www.sec.gov/Archives/edgar/data/1134115/000110465919060806/tm1919539d1_10q.htm,1620598784,18:19:44,20210509
7,2019-06-30,THM,USD,2019-08-09,2019-08-09 07:01:12,Q2,-1387060.0,580.0,0.0,0.0,-1257610.0,-41827.0,0.0,99928.0,8079010.0,0.0,-1358640.0000000002,0.0,0.0,0.0,0.0,-10464576.0,0.0,0.0,0.0,0.0,0.0,-1232072.0,0.0,158389.0,-1232079.9999999998,8302170.0,9534250.0,-1358640.0000000002,-31820.0,-1390460.0000000002,https://www.sec.gov/Archives/edgar/data/1134115/000127956919001727/0001279569-19-001727-index.htm,https://www.sec.gov/Archives/edgar/data/1134115/000127956919001727/tv526257_10q.htm,1620598784,18:19:44,20210509
8,2019-03-31,THM,USD,2019-05-08,2019-05-08 06:04:28,Q1,-820910.0,580.0,0.0,1686.0,-548360.0,90701.0,0.0,-206606.0,9336620.0,1690.0,-962760.0,0.0,0.0,0.0,0.0,10432757.0,0.0,0.0,64254.0,64250.0,0.0,9534251.0,64254.0,203793.0,-694710.0,9534250.0,10228960.0,-962760.0,0.0,-962760.0,https://www.sec.gov/Archives/edgar/data/1134115/000127956919001081/0001279569-19-001081-index.htm,https://www.sec.gov/Archives/edgar/data/1134115/000127956919001081/tv519889_10q.htm,1620598784,18:19:44,20210509
9,2018-12-31,THM,USD,2019-03-15,2019-03-15 06:04:19,Q4,-901770.0000000003,760.0000000000003,0.0,5040.0,-952780.0,-99480.0,0.0,136108.0,9884980.0,419470.0,-371100.0000000002,0.0,0.0,0.0,88.0,0.0,88.0,0.0,66668.0,66670.00000000023,0.0,-839493.0,66668.0,-535145.0,-839490.0000000005,10228970.0,11068460.0,-371100.0000000002,0.0,-371100.0000000002,https://www.sec.gov/Archives/edgar/data/1134115/000127956919000594/0001279569-19-000594-index.htm,https://www.sec.gov/Archives/edgar/data/1134115/000127956919000594/tv515309_10k.htm,1620598784,18:19:44,20210509
10,2018-09-30,THM,USD,2018-11-02,2018-11-02 06:05:25,Q3,-1269640.0,2280.0,0.0,5091.0,-1062240.0,0.0,0.0,31556.0,10837760.0,24300.000000000015,-1210630.0,0.0,0.0,0.0,14431.0,152372.0,0.0,0.0,0.0,4360.000000000142,0.0,-1045538.0,0.0,218361.0,-1046009.999999999,11053990.000000002,12100000.0,-1210630.0,0.0,-1210630.0,https://www.sec.gov/Archives/edgar/data/1134115/000127956918002178/0001279569-18-002178-index.htm,https://www.sec.gov/Archives/edgar/data/1134115/000127956918002178/tv505328_10q.htm,1620598784,18:19:44,20210509
11,2018-06-30,THM,USD,2018-08-10,2018-08-10 06:05:13,Q2,-950000.0,762.0,0.0,5098.0,-1100000.0,3689.0,0.0,147618.0,11900000.0,9999.999999999982,-849999.9999999999,0.0,0.0,0.0,0.0,-246975.0,0.0,0.0,114358.0,109999.99999999943,0.0,-1134595.0,40001.0,-246975.0,-1060000.0000000005,12140000.0,13200000.0,-849999.9999999999,0.0,-849999.9999999999,https://www.sec.gov/Archives/edgar/data/1134115/000127956918001672/0001279569-18-001672-index.htm,https://www.sec.gov/Archives/edgar/data/1134115/000127956918001672/tv499793_10q.htm,1620598784,18:19:44,20210509
12,2018-03-31,THM,USD,2018-05-04,2018-05-04 12:36:09,Q1,-1070000.0,762.0,0.0,174167.0,11000000.0,-3689.0,0.0,-190470.0,13000000.0,170000.0,-1060000.0,0.0,0.0,0.0,0.0,25212.0,0.0,0.0,12000000.0,12000000.0,0.0,13137211.0,11962978.0,25212.0,10930000.0,13130000.0,2200000.0,-1060000.0,0.0,-1060000.0,https://www.sec.gov/Archives/edgar/data/1134115/000127956918000936/0001279569-18-000936-index.htm,https://www.sec.gov/Archives/edgar/data/1134115/000127956918000936/tv491973_10q.htm,1620598784,18:19:44,20210509
13,2017-12-31,THM,USD,2018-03-16,2018-03-16 16:14:31,Q4,-1380000.0,1003.0,0.0,48871.0,-1000000.0,4129.0,0.0,-224331.0,2000000.0,430000.00000000006,-780000.0000000002,0.0,0.0,0.0,0.0,-411014.0,0.0,0.0,0.0,0.0,0.0,-1198320.0,-7499.0,-411014.0,-1189999.9999999977,2210000.0000000023,3400000.0,-780000.0000000002,0.0,-780000.0000000002,https://www.sec.gov/Archives/edgar/data/1134115/000127956918000460/0001279569-18-000460-index.htm,https://www.sec.gov/Archives/edgar/data/1134115/000127956918000460/tv487727_10k.htm,1620598784,18:19:44,20210509
14,2017-09-30,THM,USD,2017-11-06,2017-11-06 06:23:15,Q3,-1739999.9999999998,1006.0,0.0,0.0,-1600000.0,17304.0,0.0,379570.0,3000000.0,100000.0,-1590000.0,0.0,0.0,0.0,0.0,502409.0,0.0,0.0,0.0,0.0,0.0,-1086832.0,-147.0,502409.0,-1090000.0,3410000.0,4500000.0,-1590000.0,0.0,-1590000.0,https://www.sec.gov/Archives/edgar/data/1134115/000127956917002099/0001279569-17-002099-index.htm,https://www.sec.gov/Archives/edgar/data/1134115/000127956917002099/tv477589_10q.htm,1620598784,18:19:44,20210509
15,2017-06-30,THM,USD,2017-08-11,2017-08-11 06:08:27,Q2,-1630000.0,998.0,0.0,168.0,-1500000.0,98127.0,0.0,-475072.0,4600000.0,0.0,-2080000.0,0.0,0.0,0.0,0.0,-22944.0,0.0,0.0,0.0,0.0,0.0,-2108743.0,0.0,-22944.0,-2100000.0000000014,4499999.999999998,6600000.0,-2080000.0,0.0,-2080000.0,https://www.sec.gov/Archives/edgar/data/1134115/000127956917001659/0001279569-17-001659-index.htm,https://www.sec.gov/Archives/edgar/data/1134115/000127956917001659/v471706_10q.htm,1620598784,18:19:44,20210509
16,2017-03-31,THM,USD,2017-05-05,2017-05-05 06:07:06,Q1,-1680000.0,999.0,0.0,12959.0,-1500000.0,-115431.0,0.0,350172.0,6100000.0,10000.0,-1380000.0,0.0,0.0,0.0,0.0,281706.0,0.0,0.0,0.0,0.0,0.0,-8108454.0,-14739169.0,281706.0,-15840000.0,6660000.0,22500000.0,-1380000.0,0.0,-1380000.0,https://www.sec.gov/Archives/edgar/data/1134115/000127956917000931/0001279569-17-000931-index.htm,https://www.sec.gov/Archives/edgar/data/1134115/000127956917000931/v465338_10q.htm,1620598784,18:19:44,20210509
17,2016-12-31,THM,USD,2017-03-15,2017-03-14 20:13:33,Q4,-1110000.0000000002,10000.0,0.0,15939.0,20900000.0,10530.0,0.0,-151736.0,7600000.0,-89999.99999999997,-1320000.0000000002,0.0,0.0,0.0,0.0,177940.0,0.0,0.0,22000000.0,22000000.0,0.0,20560635.0,21853265.0,177940.0,20700000.000000004,22500000.000000004,1800000.0,-1320000.0000000002,0.0,-1320000.0000000002,https://www.sec.gov/Archives/edgar/data/1134115/000127956917000496/0001279569-17-000496-index.htm,https://www.sec.gov/Archives/edgar/data/1134115/000127956917000496/v461170_10k.htm,1620598784,18:19:44,20210509
18,2016-09-30,THM,USD,2016-11-14,2016-11-14 16:01:03,Q3,-1520000.0000000005,1323.0,0.0,16292.0,-1400000.0,53109.0,0.0,85279.0,-13300000.0,109999.99999999999,-1140000.0,0.0,0.0,0.0,0.0,479.0,0.0,0.0,15404.0,20000.0,0.0,-1129348.0,0.0,479.0,-1120000.0000000007,1779999.9999999993,2900000.0,-1140000.0,0.0,-1140000.0,https://www.sec.gov/Archives/edgar/data/1134115/000127956916004692/0001279569-16-004692-index.htm,https://www.sec.gov/Archives/edgar/data/1134115/000127956916004692/v451671_10q.htm,1620598784,18:19:44,20210509
19,2016-06-30,THM,USD,2016-08-05,2016-08-05 06:05:44,Q2,-2069999.9999999993,1325.0,0.0,15644.0,-2100000.0,-12791.0,0.0,-67472.0,-11900000.0,120000.0,-2190000.0,0.0,0.0,0.0,0.0,-15526.0,0.0,0.0,0.0,0.0,0.0,-2202101.0,0.0,-15526.0,-2210000.0,2890000.0,5100000.0,-2190000.0,0.0,-2190000.0,https://www.sec.gov/Archives/edgar/data/1134115/000127956916004085/0001279569-16-004085-index.htm,https://www.sec.gov/Archives/edgar/data/1134115/000127956916004085/v445228_10q.htm,1620598784,18:19:44,20210509
20,2016-03-31,THM,USD,2016-05-06,2016-05-06 06:03:28,Q1,-2490000.0,1315.0,0.0,60651.0,-16000000.0,-10326.0,0.0,6477.0,-9800000.0,760000.0,-1710000.0,0.0,0.0,0.0,0.0,306390.0,0.0,0.0,0.0,0.0,0.0,5090572.0,0.0,306390.0,-1400000.0,5100000.0,6500000.0,-1710000.0,0.0,-1710000.0,https://www.sec.gov/Archives/edgar/data/1134115/000127956916003375/0001279569-16-003375-index.htm,https://www.sec.gov/Archives/edgar/data/1134115/000127956916003375/v438198_10q.htm,1620598784,18:19:44,20210509
21,2015-12-31,THM,USD,2016-03-16,2016-03-16 06:04:55,Q4,-1119999.9999999998,1754.0,0.0,92158.0,-1200000.0,30689.0,0.0,-150605.0,6200000.0,10000.000000000002,-1210000.0,0.0,0.0,0.0,0.0,-202435.0,0.0,0.0,11479348.0,0.0,0.0,-12894467.0,0.0,-202435.0,-1420000.0,6480000.0,7900000.0,-1210000.0,0.0,-1210000.0,https://www.sec.gov/Archives/edgar/data/1134115/000127956916002939/0001279569-16-002939-index.htm,https://www.sec.gov/Archives/edgar/data/1134115/000127956916002939/v433296_10k.htm,1620598784,18:19:44,20210509
22,2015-09-30,THM,USD,2015-10-30,2015-10-29 18:57:33,Q3,-1000000.0,10000.0,0.0,86319.0,-1900000.0,40814.0,0.0,113836.0,7400000.0,-310000.0,-1009999.9999999998,0.0,0.0,0.0,0.0,-613587.0,0.0,0.0,0.0,0.0,0.0,-1621798.0,0.0,-613587.0,-1620000.0,7880000.0,9500000.0,-1009999.9999999998,0.0,-1009999.9999999998,https://www.sec.gov/Archives/edgar/data/1134115/000127956915002051/0001279569-15-002051-index.htm,https://www.sec.gov/Archives/edgar/data/1134115/000127956915002051/v422450_10q.htm,1620598784,18:19:44,20210509
23,2015-06-30,THM,USD,2015-08-06,2015-08-06 06:03:35,Q2,-2050000.0,1770.0,0.0,92279.0,-1700000.0,-10003.0,0.0,105299.0,9300000.0,190000.0,-1970000.0000000002,0.0,0.0,0.0,0.0,204376.0,0.0,0.0,0.0,0.0,0.0,-1764025.0,0.0,204376.0,-1760000.0000000002,9540000.0,11300000.0,-1970000.0000000002,0.0,-1970000.0000000002,https://www.sec.gov/Archives/edgar/data/1134115/000127956915001560/0001279569-15-001560-index.htm,https://www.sec.gov/Archives/edgar/data/1134115/000127956915001560/v415489_10q.htm,1620598784,18:19:44,20210509
24,2015-03-31,THM,USD,2015-05-06,2015-05-06 13:11:53,Q1,-640000.0,1769.0,0.0,269712.0,-1700000.0,54027.0,0.0,-680834.0,11000000.0,70000.0,-1150000.0,0.0,0.0,0.0,0.0,-1076553.0,0.0,0.0,0.0,0.0,0.0,11294428.0,0.0,-1076553.0,-2230000.0,11270000.0,13500000.0,-1150000.0,0.0,-1150000.0,https://www.sec.gov/Archives/edgar/data/1134115/000110465915034725/0001104659-15-034725-index.htm,https://www.sec.gov/Archives/edgar/data/1134115/000110465915034725/a15-7163_110q.htm,1620598784,18:19:44,20210509
25,2014-12-31,THM,USD,2015-03-11,2015-03-11 16:16:30,Q4,-1659999.9999999993,10000.0,0.0,144506.0,5200000.0,47490.0,0.0,499615.0,12700000.0,-240000.0,-1320000.0000000002,0.0,0.0,0.0,0.0,-308278.0,0.0,0.0,7315917.0,7320000.0,0.0,5635042.0,7291089.0,-308278.0,5659999.999999999,13559999.999999998,7900000.0,-1320000.0000000002,0.0,-1320000.0000000002,https://www.sec.gov/Archives/edgar/data/1134115/000110465915018859/0001104659-15-018859-index.htm,https://www.sec.gov/Archives/edgar/data/1134115/000110465915018859/a15-1837_110k.htm,1620598784,18:19:44,20210509
26,2014-09-30,THM,USD,2014-11-05,2014-11-05 14:39:54,Q3,-1170000.0,3950.0,0.0,233725.0,-1700000.0,-8762.0,0.0,206394.0,7500000.0,-170000.00000000015,-1019999.9999999997,0.0,0.0,0.0,0.0,-376964.0,0.0,0.0,0.0,0.0,0.0,-1396304.0,0.0,-376964.0,-1389999.9999999998,7910000.0,9300000.0,-1019999.9999999997,0.0,-1019999.9999999997,https://www.sec.gov/Archives/edgar/data/1134115/000110465914076998/0001104659-14-076998-index.htm,https://www.sec.gov/Archives/edgar/data/1134115/000110465914076998/a14-19759_110q.htm,1620598784,18:19:44,20210509
27,2014-06-30,THM,USD,2014-08-07,2014-08-07 12:00:40,Q2,-1430000.0000000007,10000.0,0.0,288572.0,-1600000.0,-15759.0,0.0,-332343.0,9200000.0,-510000.0,-2450000.0,0.0,0.0,0.0,0.0,324971.0,0.0,0.0,0.0,0.0,0.0,-2121640.0,0.0,324971.0,-2120000.0,9280000.0,11400000.0,-2450000.0,0.0,-2450000.0,https://www.sec.gov/Archives/edgar/data/1134115/000110465914058059/0001104659-14-058059-index.htm,https://www.sec.gov/Archives/edgar/data/1134115/000110465914058059/a14-14040_110q.htm,1620598784,18:19:44,20210509
28,2014-03-31,THM,USD,2014-05-07,2014-05-07 14:05:59,Q1,-3510000.0,3945.0,0.0,618582.0,-1900000.0,21775.0,0.0,-706105.0,10800000.0,2120000.0,-2050000.0,0.0,0.0,0.0,0.0,-491368.0,0.0,0.0,0.0,0.0,0.0,11379547.0,0.0,-491368.0,-2550000.0,11350000.0,13900000.0,-2050000.0,-30000.0,-2080000.0,https://www.sec.gov/Archives/edgar/data/1134115/000110465914035679/0001104659-14-035679-index.htm,https://www.sec.gov/Archives/edgar/data/1134115/000110465914035679/a14-9589_110q.htm,1620598784,18:19:44,20210509
29,2013-12-31,THM,USD,2014-03-12,2014-03-12 15:32:51,Q4,-1019999.9999999997,5439000000.0,0.0,-89951.0,-3600000.0,48011.0,0.0,357311.0,12700000.0,-1500000.0,-2130000.000000001,0.0,0.0,0.0,0.0,-555167.0,-30477.0,0.0,0.0,0.0,0.0,-2685438.0,0.0,-524690.0,-2689999.9999999995,13910000.0,16600000.0,-2130000.000000001,0.0,-2130000.000000001,https://www.sec.gov/Archives/edgar/data/1134115/000110465914018761/0001104659-14-018761-index.htm,https://www.sec.gov/Archives/edgar/data/1134115/000110465914018761/a14-2967_110k.htm,1620598784,18:19:44,20210509
30,2013-09-30,THM,USD,2013-11-06,2013-11-06 12:00:36,Q3,-4120000.0,10000.0,0.0,904343.0,-2800000.0,47292.0,0.0,-596979.0,16300000.0,899999.9999999999,-3639999.999999999,0.0,0.0,0.0,0.0,373737.0,0.0,0.0,0.0,0.0,0.0,-3263647.0,0.0,373737.0,-3260000.0,16640000.0,19900000.0,-3639999.999999999,0.0,-3639999.999999999,https://www.sec.gov/Archives/edgar/data/1134115/000110465913081558/0001104659-13-081558-index.htm,https://www.sec.gov/Archives/edgar/data/1134115/000110465913081558/a13-19497_110q.htm,1620598784,18:19:44,20210509
31,2013-06-30,THM,USD,2013-07-31,2013-07-30 19:16:38,Q2,-650000.0000000003,5453000000.0,0.0,1171853.0,-4000000.0,72052.0,0.0,-637241.0,19100000.0,-2730000.0,-4110000.0,0.0,0.0,0.0,0.0,-693204.0,0.0,0.0,0.0,0.0,0.0,-4801094.0,0.0,-693204.0,-4800000.000000001,19900000.0,24700000.0,-4110000.0,0.0,-4110000.0,https://www.sec.gov/Archives/edgar/data/1134115/000110465913058000/0001104659-13-058000-index.htm,https://www.sec.gov/Archives/edgar/data/1134115/000110465913058000/a13-13429_110q.htm,1620598784,18:19:44,20210509
32,2013-03-31,THM,USD,2013-05-08,2013-05-08 15:04:30,Q1,-4060000.0,10000.0,0.0,1578028.0,-4600000.0,226082.0,0.0,-1369439.0,23100000.0,80000.0,-4940000.0,0.0,0.0,0.0,0.0,-550323.0,0.0,0.0,0.0,0.0,0.0,24675780.0,0.0,-550323.0,-5500000.0,24700000.0,30200000.0,-4940000.0,0.0,-4940000.0,https://www.sec.gov/Archives/edgar/data/1134115/000110465913038794/0001104659-13-038794-index.htm,https://www.sec.gov/Archives/edgar/data/1134115/000110465913038794/a13-8917_110q.htm,1620598784,18:19:44,20210509
