,date,symbol,reportedCurrency,fillingDate,acceptedDate,period,netIncome,depreciationAndAmortization,deferredIncomeTax,stockBasedCompensation,changeInWorkingCapital,accountsReceivables,inventory,accountsPayables,otherWorkingCapital,otherNonCashItems,netCashProvidedByOperatingActivities,investmentsInPropertyPlantAndEquipment,acquisitionsNet,purchasesOfInvestments,salesMaturitiesOfInvestments,otherInvestingActivites,netCashUsedForInvestingActivites,debtRepayment,commonStockIssued,commonStockRepurchased,dividendsPaid,otherFinancingActivites,netCashUsedProvidedByFinancingActivities,effectOfForexChangesOnCash,netChangeInCash,cashAtEndOfPeriod,cashAtBeginningOfPeriod,operatingCashFlow,capitalExpenditure,freeCashFlow,link,finalLink,timestamp,est_time,est_date
0,2021-01-31,COUP,USD,2021-03-18,2021-03-18 17:01:32,Q4,-61387000.0,35576000.0,0.0,54572000.0,-40591000.0,-59276000.0,0.0,584000.0,87674000.0,32065000.0,20404000.0,-1933000.0,0.0,-229704000.0,49620000.0,0.0,-951493000.0,-1108000.0,0.0,0.0,0.0,0.0,3699000.0,310000.0,-927080000.0,327589000,1254669000,20404000.0,-1933000.0,18471000.0,https://www.sec.gov/Archives/edgar/data/1385867/000138586721000011/0001385867-21-000011-index.htm,https://www.sec.gov/Archives/edgar/data/1385867/000138586721000011/coup-20210131.htm,1620590586,16:03:06,20210509
1,2020-10-31,COUP,USD,2020-12-08,2020-12-08 16:53:02,Q3,-60798000.0,13609000.0,0.0,36811000.0,-560000.0,2936000.0,0.0,306000.0,559018000.0,30822000.0,19001000.0,-2531000.0,-94121000.0,-541461000.0,872995000.0,0.0,322220000.0,-4966000.0,14425000.0,0.0,0.0,0.0,7789000.0,-113000.0,348897000.0,1254669000,905772000,19001000.0,-2531000.0,16470000.0,https://www.sec.gov/Archives/edgar/data/1385867/000138586720000009/0001385867-20-000009-index.htm,https://www.sec.gov/Archives/edgar/data/1385867/000138586720000009/coup-20201031.htm,1620590586,16:03:06,20210509
2,2020-07-31,COUP,USD,2020-09-08 00:00:00,2020-09-08 17:11:53,Q2,-43116000.0,12418000.0,0.0,33843000.0,136652000.0,-7050000.0,0.0,-856000.0,559578000.0,8738000.0,23389000.0,-3429000.0,0.0,-197072000.0,169031000.0,0.0,-115204000.0,-467834000.0,0.0,0.0,0.0,0.0,701418000.0,0.0,609844000.0,905772000,295928000,23389000.0,-3429000.0,19960000.0,https://www.sec.gov/Archives/edgar/data/1385867/000156459020042822/0001564590-20-042822-index.htm,https://www.sec.gov/Archives/edgar/data/1385867/000156459020042822/coup-10q_20200731.htm,1620590586,16:03:06,20210509
3,2020-04-30,COUP,USD,2020-06-08,2020-06-08 17:08:41,Q1,-14816000.0,10502000.0,0.0,24197000.0,4363000.0,26633000.0,0.0,-885000.0,422926000.0,2818000.0,15408000.0,-3599000.0,0.0,-49514000.0,140072000.0,0.0,83355000.0,-81444000.0,0.0,0.0,0.0,0.0,-71115000.0,0.0,27648000.0,295928000,268280000,15408000.0,-3599000.0,11809000.0,https://www.sec.gov/Archives/edgar/data/1385867/000156459020028639/0001564590-20-028639-index.htm,https://www.sec.gov/Archives/edgar/data/1385867/000156459020028639/coup-10q_20200430.htm,1620590586,16:03:06,20210509
4,2020-01-31,COUP,USD,2020-03-20 00:00:00,2020-03-20 06:26:28,Q4,-24053000.0,9388000.0,0.0,21308000.0,-85311000.0,-35009000.0,0.0,406000.0,418563000.0,14709000.0,22279000.0,-2108000.0,0.0,-264392000.0,21567000.0,0.0,-344834000.0,0.0,0.0,0.0,0.0,0.0,3686000.0,0.0,-318869000.0,268280000,587149000,22279000.0,-2108000.0,20171000.0,https://www.sec.gov/Archives/edgar/data/1385867/000156459020011878/0001564590-20-011878-index.html,https://www.sec.gov/Archives/edgar/data/1385867/000156459020011878/coup-10k_20200131.htm,1620590586,16:03:06,20210509
5,2019-10-31,COUP,USD,2019-12-03 00:00:00,2019-12-03 16:55:56,Q3,-26317000.0,7835000.0,0.0,21955000.0,14820000.0,3405000.0,0.0,347000.0,503874000.0,14176000.0,25832000.0,-3689000.0,0.0,-59768000.0,0.0,0.0,-61494000.0,0.0,0.0,0.0,0.0,0.0,8835000.0,0.0,-26827000.0,587149000,613976000,25832000.0,-3689000.0,22143000.0,https://www.sec.gov/Archives/edgar/data/1385867/000156459019045166/0001564590-19-045166-index.html,https://www.sec.gov/Archives/edgar/data/1385867/000156459019045166/coup-10q_20191031.htm,1620590586,16:03:06,20210509
6,2019-07-31,COUP,USD,2019-09-05 00:00:00,2019-09-05 16:52:10,Q2,-19994000.0,7294000.0,0.0,21268000.0,459203000.0,-8955000.0,0.0,-3685000.0,489054000.0,10179000.0,1252000.0,-3519000.0,0.0,-194202000.0,0.0,0.0,-408189000.0,0.0,0.0,0.0,0.0,0.0,674399000.0,0.0,267462000.0,613976000,346514000,1252000.0,-3519000.0,-2267000.0,https://www.sec.gov/Archives/edgar/data/1385867/000156459019034183/0001564590-19-034183-index.html,https://www.sec.gov/Archives/edgar/data/1385867/000156459019034183/coup-10q_20190731.htm,1620590586,16:03:06,20210509
7,2019-04-30,COUP,USD,2019-06-04 00:00:00,2019-06-04 17:23:25,Q1,-20468000.0,4036000.0,0.0,16845000.0,-2650000.0,29405000.0,0.0,-788000.0,29851000.0,5033000.0,18793000.0,-2654000.0,0.0,-64789000.0,244110000.0,0.0,176667000.0,0.0,0.0,0.0,0.0,0.0,9735000.0,0.0,205195000.0,346514000,141319000,18793000.0,-2654000.0,16139000.0,https://www.sec.gov/Archives/edgar/data/1385867/000156459019021678/0001564590-19-021678-index.html,https://www.sec.gov/Archives/edgar/data/1385867/000156459019021678/coup-10q_20190430.htm,1620590586,16:03:06,20210509
8,2019-01-31,COUP,USD,2019-03-27 00:00:00,2019-03-27 16:59:21,Q4,-16571000.0,3722000.0,0.0,14255000.0,-105433000.0,-40884000.0,0.0,724000.0,32501000.0,5330000.0,9473000.0,-2658000.0,0.0,-93591000.0,92305000.0,0.0,-98618000.0,0.0,0.0,0.0,0.0,0.0,2790000.0,0.0,-86355000.0,141319000,227674000,9473000.0,-2658000.0,6815000.0,https://www.sec.gov/Archives/edgar/data/1385867/000156459019009608/0001564590-19-009608-index.html,https://www.sec.gov/Archives/edgar/data/1385867/000156459019009608/coup-10k_20190131.htm,1620590586,16:03:06,20210509
9,2018-10-31,COUP,USD,2018-12-10 00:00:00,2018-12-10 17:25:21,Q3,-9645000.0,2723000.0,0.0,13820000.0,-39815000.0,808000.0,0.0,503000.0,137934000.0,4587000.0,4019000.0,-1454000.0,0.0,-48831000.0,0.0,0.0,-66484000.0,0.0,0.0,0.0,0.0,0.0,8005000.0,0.0,-54460000.0,227674000,282134000,4019000.0,-1454000.0,2565000.0,https://www.sec.gov/Archives/edgar/data/1385867/000156459018030740/0001564590-18-030740-index.html,https://www.sec.gov/Archives/edgar/data/1385867/000156459018030740/coup-10q_20181031.htm,1620590586,16:03:06,20210509
10,2018-07-31,COUP,USD,2018-09-06 00:00:00,2018-09-06 17:22:54,Q2,-13854000.0,1982000.0,0.0,13558000.0,-164807000.0,-2731000.0,0.0,1421000.0,177749000.0,3821000.0,11308000.0,-2292000.0,0.0,0.0,0.0,0.0,-162792000.0,0.0,0.0,0.0,0.0,0.0,3515000.0,0.0,-147969000.0,282134000,430103000,11308000.0,-2292000.0,9016000.0,https://www.sec.gov/Archives/edgar/data/1385867/000156459018022775/0001564590-18-022775-index.html,https://www.sec.gov/Archives/edgar/data/1385867/000156459018022775/coup-10q_20180731.htm,1620590586,16:03:06,20210509
11,2018-04-30,COUP,USD,2018-06-06 00:00:00,2018-06-06 17:26:35,Q1,-15454000.0,2015000.0,0.0,11312000.0,7278000.0,14314000.0,0.0,534000.0,342556000.0,3940000.0,12636000.0,-1124000.0,0.0,0.0,0.0,0.0,-2302000.0,0.0,0.0,0.0,0.0,-639000.0,6793000.0,0.0,17127000.0,430103000,412976000,12636000.0,-1124000.0,11512000.0,https://www.sec.gov/Archives/edgar/data/1385867/000156459018015168/0001564590-18-015168-index.html,https://www.sec.gov/Archives/edgar/data/1385867/000156459018015168/coup-10q_20180430.htm,1620590586,16:03:06,20210509
12,2018-01-31,COUP,USD,2018-03-28 00:00:00,2018-03-28 17:27:30,Q4,-8723000.0,2005000.0,0.0,8911000.0,195107000.0,-26335000.0,0.0,-4340000.0,335278000.0,1332000.0,-1745000.0,-901000.0,0.0,0.0,0.0,0.0,-7383000.0,0.0,0.0,0.0,0.0,0.0,202733000.0,0.0,193605000.0,412903000,219298000,-1745000.0,-901000.0,-2646000.0,https://www.sec.gov/Archives/edgar/data/1385867/000156459018006986/0001564590-18-006986-index.html,https://www.sec.gov/Archives/edgar/data/1385867/000156459018006986/coup-10k_20180131.htm,1620590586,16:03:06,20210509
13,2017-10-31,COUP,USD,2017-12-07 00:00:00,2017-12-07 17:18:55,Q3,-11302000.0,1944000.0,0.0,7867000.0,5720000.0,3771000.0,0.0,634000.0,140171000.0,956000.0,5177000.0,-1486000.0,0.0,0.0,0.0,251000.0,-1755000.0,0.0,0.0,0.0,0.0,0.0,7536000.0,0.0,10958000.0,219298000,208340000,5177000.0,-1486000.0,3691000.0,https://www.sec.gov/Archives/edgar/data/1385867/000156459017024721/0001564590-17-024721-index.html,https://www.sec.gov/Archives/edgar/data/1385867/000156459017024721/coup-10q_20171031.htm,1620590586,16:03:06,20210509
14,2017-07-31,COUP,USD,2017-09-08 00:00:00,2017-09-08 17:21:00,Q2,-13742000.0,2077000.0,0.0,7639000.0,-43238000.0,-716000.0,0.0,-330000.0,134451000.0,1068000.0,9178000.0,-1105000.0,0.0,0.0,0.0,0.0,-40038000.0,0.0,-776000.0,0.0,0.0,0.0,1079000.0,0.0,-29781000.0,208340000,238121000,9178000.0,-965000.0,8213000.0,https://www.sec.gov/Archives/edgar/data/1385867/000156459017018518/0001564590-17-018518-index.html,https://www.sec.gov/Archives/edgar/data/1385867/000156459017018518/coup-10q_20170731.htm,1620590586,16:03:06,20210509
15,2017-04-30,COUP,USD,2017-06-09 00:00:00,2017-06-09 17:07:21,Q1,-10038000.0,1536000.0,0.0,5277000.0,24650000.0,12570000.0,0.0,31000.0,177689000.0,1145000.0,7160000.0,-996000.0,0.0,0.0,0.0,-217000.0,-1353000.0,0.0,23040000.0,0.0,0.0,0.0,30593000.0,0.0,36400000.0,238121000,201721000,7160000.0,-1136000.0,6024000.0,https://www.sec.gov/Archives/edgar/data/1385867/000156459017012407/0001564590-17-012407-index.html,https://www.sec.gov/Archives/edgar/data/1385867/000156459017012407/coup-10q_20170430.htm,1620590586,16:03:06,20210509
16,2017-01-31,COUP,USD,2017-04-03 00:00:00,2017-04-03 06:08:06,Q4,-6608000.0,1310000.0,0.0,3803000.0,-10273000.0,-23814000.0,0.0,22000.0,153039000.0,1404000.0,-10411000.0,-991000.0,0.0,0.0,0.0,0.0,-7741000.0,0.0,-5241000.0,0.0,0.0,4267000.0,-772000.0,0.0,-18924000.0,201721000,220645000,-10411000.0,-991000.0,-11402000.0,https://www.sec.gov/Archives/edgar/data/1385867/000156459017005877/0001564590-17-005877-index.html,https://www.sec.gov/Archives/edgar/data/1385867/000156459017005877/coup-10k_20170131.htm,1620590586,16:03:06,20210509
17,2016-10-31,COUP,USD,2016-10-31,2016-10-31,Q3,-6694000.0,1161000.0,0.0,2384000.0,138207000.0,2526000.0,0.0,-899000.0,163312000.0,922000.0,-2825000.0,-1044000.0,0.0,0.0,0.0,0.0,-1044000.0,0.0,0.0,0.0,0.0,-1409000.0,144571000.0,0.0,140702000.0,220645000,79943000,-2825000.0,-1044000.0,-3869000.0,,,1620590586,16:03:06,20210509
18,2016-07-31,COUP,USD,2016-07-31,2016-07-31,Q4,-12438000.0,1099000.0,0.0,1559000.0,-23496000.0,4452000.0,0.0,967000.0,25105000.0,969000.0,2507000.0,-1070000.0,0.0,0.0,0.0,0.0,-1070000.0,0.0,0.0,0.0,0.0,-2823000.0,-1008000.0,0.0,429000.0,79943000,79514000,2507000.0,-1070000.0,1437000.0,,,1620590586,16:03:06,20210509
19,2016-04-30,COUP,USD,2016-04-30,2016-04-30,Q3,-11867000.0,1005000.0,0.0,1706000.0,38676000.0,-3205000.0,0.0,134000.0,48601000.0,1064000.0,-10226000.0,-1386000.0,0.0,0.0,0.0,0.0,-1386000.0,0.0,0.0,-1616000.0,0.0,16000.0,-1222000.0,0.0,-12834000.0,79514000,92348000,-10226000.0,-1386000.0,-11612000.0,,,1620590586,16:03:06,20210509
20,2016-01-31,COUP,USD,2016-01-31,2016-01-31,Q3,-11491000.0,899000.0,0.0,1009000.0,5552000.0,-7055000.0,0.0,-182000.0,9925000.0,1003000.0,-5935000.0,-1085000.0,0.0,0.0,0.0,0.0,-1651000.0,0.0,0.0,0.0,0.0,0.0,1217000.0,0.0,-6369000.0,92348000,98717000,-5935000.0,-1085000.0,-7020000.0,,,1620590586,16:03:06,20210509
21,2015-10-31,COUP,USD,2015-10-31,2015-10-31,Q3,-9518000.0,739000.0,0.0,1526000.0,-2915000.0,-4225000.0,0.0,-856000.0,4373000.0,768000.0,-9372000.0,-921000.0,0.0,0.0,0.0,0.0,-921000.0,0.0,0.0,0.0,0.0,0.0,66000.0,0.0,-10227000.0,98717000,108944000,-9372000.0,-921000.0,-10293000.0,,,1620590586,16:03:06,20210509
