,date,symbol,reportedCurrency,fillingDate,acceptedDate,period,netIncome,depreciationAndAmortization,deferredIncomeTax,stockBasedCompensation,changeInWorkingCapital,accountsReceivables,inventory,accountsPayables,otherWorkingCapital,otherNonCashItems,netCashProvidedByOperatingActivities,investmentsInPropertyPlantAndEquipment,acquisitionsNet,purchasesOfInvestments,salesMaturitiesOfInvestments,otherInvestingActivites,netCashUsedForInvestingActivites,debtRepayment,commonStockIssued,commonStockRepurchased,dividendsPaid,otherFinancingActivites,netCashUsedProvidedByFinancingActivities,effectOfForexChangesOnCash,netChangeInCash,cashAtEndOfPeriod,cashAtBeginningOfPeriod,operatingCashFlow,capitalExpenditure,freeCashFlow,link,finalLink,timestamp,est_time,est_date
0,2020-12-31,IMMR,USD,2021-03-05,2021-03-05 08:21:19,Q4,8086000.0,250000.0,0.0,1323000.0,6786000.0,0.0,0.0,-18000.0,65570000.0,222000.0,3010000.0,-7000.0,0.0,0.0,0.0,0.0,-7000.0,0.0,0.0,0.0,0.0,0.0,558000.0,0.0,3561000.0,59522000.0,55961000.0,3010000.0,-7000.0,3003000.0,https://www.sec.gov/Archives/edgar/data/1058811/000162828021003998/0001628280-21-003998-index.htm,https://www.sec.gov/Archives/edgar/data/1058811/000162828021003998/immr-20201231.htm,1620593558,16:52:38,20210509
1,2020-09-30,IMMR,USD,2020-11-06,2020-11-05 19:54:54,Q3,2855000.0,235000.0,0.0,1339000.0,3443000.0,0.0,0.0,-304000.0,58784000.0,-350000.0,1780000.0,-10000.0,0.0,0.0,0.0,0.0,-10000.0,65000.0,71000.0,0.0,0.0,0.0,90000.0,0.0,1860000.0,55961000.0,54101000.0,1780000.0,-10000.0,1770000.0,https://www.sec.gov/Archives/edgar/data/1058811/000162828020015842/0001628280-20-015842-index.htm,https://www.sec.gov/Archives/edgar/data/1058811/000162828020015842/immr-20200930.htm,1620593558,16:52:38,20210509
2,2020-06-30,IMMR,USD,2020-08-07,2020-08-06 17:48:16,Q2,-712000.0,268000.0,0.0,1365000.0,-24034000.0,0.0,0.0,-460000.0,55341000.0,0.0,-3452000.0,-9000.0,0.0,0.0,0.0,0.0,-9000.0,0.0,0.0,-18667000.0,0.0,0.0,-18667000.0,0.0,-22128000.0,54101000.0,76229000.0,-3452000.0,-9000.0,-3461000.0,https://www.sec.gov/Archives/edgar/data/1058811/000162828020012054/0001628280-20-012054-index.htm,https://www.sec.gov/Archives/edgar/data/1058811/000162828020012054/immr-6302020x10q.htm,1620593558,16:52:38,20210509
3,2020-03-31,IMMR,USD,2020-05-08,2020-05-08 16:10:26,Q1,-4828000.0,1178000.0,0.0,729000.0,-15762000.0,0.0,0.0,122000.0,79375000.0,0.0,-1316000.0,-21000.0,0.0,0.0,3000000.0,0.0,2979000.0,0.0,63000.0,-11975000.0,0.0,0.0,-11912000.0,0.0,-10249000.0,76229000.0,86478000.0,-1316000.0,-21000.0,-1337000.0,https://www.sec.gov/Archives/edgar/data/1058811/000162828020007211/0001628280-20-007211-index.htm,https://www.sec.gov/Archives/edgar/data/1058811/000162828020007211/immr-3312020x10q.htm,1620593558,16:52:38,20210509
4,2019-12-31,IMMR,USD,2020-03-06,2020-03-06 07:34:59,Q4,979000.0,1609000.0,326000.0,1093000.0,-902000.0,0.0,0.0,-1375000.0,95137000.0,-4000.0,-3233000.0,-138000.0,0.0,0.0,6000000.0,0.0,5862000.0,0.0,0.0,0.0,0.0,0.0,-2736000.0,0.0,-107000.0,86478000.0,86585000.0,-3233000.0,-138000.0,-3371000.0,https://www.sec.gov/Archives/edgar/data/1058811/000162828020003100/0001628280-20-003100-index.htm,https://www.sec.gov/Archives/edgar/data/1058811/000162828020003100/immr-12312019x10k.htm,1620593558,16:52:38,20210509
5,2019-09-30,IMMR,USD,2019-11-07,2019-11-07 07:02:01,Q3,-1387000.0,183000.0,45000.0,1187000.0,1247000.0,0.0,0.0,-5202000.0,96039000.0,0.0,-6951000.0,-3000.0,0.0,0.0,0.0,0.0,-3000.0,0.0,56000.0,0.0,0.0,0.0,925000.0,0.0,-6029000.0,86585000.0,92614000.0,-6951000.0,-3000.0,-6954000.0,https://www.sec.gov/Archives/edgar/data/1058811/000162828019013577/0001628280-19-013577-index.htm,https://www.sec.gov/Archives/edgar/data/1058811/000162828019013577/immr-9302019x10q.htm,1620593558,16:52:38,20210509
6,2019-06-30,IMMR,USD,2019-08-14,2019-08-14 12:51:07,Q2,-8620000.0,200000.0,-57000.0,1081000.0,-8235000.0,0.0,0.0,-5001000.0,94792000.0,0.0,-16337000.0,-3000.0,0.0,0.0,6000000.0,0.0,5997000.0,0.0,0.0,0.0,0.0,0.0,300000.0,0.0,-10040000.0,92614000.0,102654000.0,-16337000.0,-3000.0,-16340000.0,https://www.sec.gov/Archives/edgar/data/1058811/000162828019010731/0001628280-19-010731-index.htm,https://www.sec.gov/Archives/edgar/data/1058811/000162828019010731/immr-6302019x10q.htm,1620593558,16:52:38,20210509
7,2019-03-31,IMMR,USD,2019-05-10,2019-05-10 16:30:08,Q1,-11016000.0,205000.0,117000.0,2103000.0,-17453000.0,0.0,0.0,8763000.0,103027000.0,0.0,-7578000.0,-6000.0,0.0,-8930000.0,8000000.0,0.0,-936000.0,0.0,109000.0,0.0,0.0,0.0,180000.0,0.0,-8334000.0,102654000.0,110988000.0,-7578000.0,-6000.0,-7584000.0,https://www.sec.gov/Archives/edgar/data/1058811/000162828019006579/0001628280-19-006579-index.htm,https://www.sec.gov/Archives/edgar/data/1058811/000162828019006579/immr-3312019x10q.htm,1620593558,16:52:38,20210509
8,2018-12-31,IMMR,USD,2019-02-27,2019-02-27 08:51:00,Q4,-3142000.0,208000.0,42000.0,2420000.0,-5322000.0,0.0,0.0,2854000.0,120480000.0,0.0,-5615000.0,-11000.0,0.0,0.0,4004000.0,0.0,3993000.0,0.0,0.0,0.0,0.0,0.0,-23000.0,0.0,-1645000.0,110988000.0,112633000.0,-5615000.0,-11000.0,-5626000.0,https://www.sec.gov/Archives/edgar/data/1058811/000162828019002045/0001628280-19-002045-index.htm,https://www.sec.gov/Archives/edgar/data/1058811/000162828019002045/immr-12312018x10k.htm,1620593558,16:52:38,20210509
9,2018-09-30,IMMR,USD,2018-11-02,2018-11-02 16:31:03,Q3,-4640000.0,208000.0,1000.0,2514000.0,-2373000.0,-234000.0,0.0,-2601000.0,125802000.0,0.0,-6422000.0,-32000.0,0.0,0.0,2500000.0,0.0,2468000.0,0.0,120000.0,0.0,0.0,0.0,150000.0,0.0,-3804000.0,112633000.0,116437000.0,-6422000.0,-32000.0,-6454000.0,https://www.sec.gov/Archives/edgar/data/1058811/000162828018013465/0001628280-18-013465-index.htm,https://www.sec.gov/Archives/edgar/data/1058811/000162828018013465/immr-9302018x10q.htm,1620593558,16:52:38,20210509
10,2018-06-30,IMMR,USD,2018-08-03,2018-08-03 16:10:19,Q2,-7758000.0,212000.0,-1000.0,2530000.0,-4054000.0,0.0,0.0,-897000.0,128175000.0,0.0,-4242000.0,-25000.0,0.0,-8832000.0,8500000.0,0.0,-357000.0,0.0,0.0,0.0,0.0,0.0,1908000.0,0.0,-2691000.0,116437000.0,119128000.0,-4242000.0,-25000.0,-4267000.0,https://www.sec.gov/Archives/edgar/data/1058811/000162828018010429/0001628280-18-010429-index.htm,https://www.sec.gov/Archives/edgar/data/1058811/000162828018010429/immr-6302018x10q.htm,1620593558,16:52:38,20210509
11,2018-03-31,IMMR,USD,2018-05-11,2018-05-11 17:10:32,Q1,69883000.0,227000.0,67000.0,1222000.0,103249000.0,0.0,0.0,-2391000.0,132229000.0,0.0,86203000.0,-6000.0,0.0,-8861000.0,11000000.0,0.0,2133000.0,0.0,98000.0,0.0,0.0,0.0,6170000.0,0.0,94506000.0,119128000.0,24622000.0,86203000.0,-6000.0,86197000.0,https://www.sec.gov/Archives/edgar/data/1058811/000162828018006703/0001628280-18-006703-index.htm,https://www.sec.gov/Archives/edgar/data/1058811/000162828018006703/immr-3312018x10q.htm,1620593558,16:52:38,20210509
12,2017-12-31,IMMR,USD,2018-02-27,2018-02-27 08:38:28,Q4,-12294000.0,259000.0,43000.0,2029000.0,-10948000.0,0.0,0.0,1812000.0,28980000.0,2029000.0,-1712000.0,-4000.0,0.0,0.0,7000000.0,0.0,6996000.0,0.0,0.0,0.0,0.0,0.0,75000.0,0.0,5359000.0,24622000.0,19263000.0,-1712000.0,-4000.0,-1716000.0,https://www.sec.gov/Archives/edgar/data/1058811/000162828018002309/0001628280-18-002309-index.htm,https://www.sec.gov/Archives/edgar/data/1058811/000162828018002309/immr-12312017x10k.htm,1620593558,16:52:38,20210509
13,2017-09-30,IMMR,USD,2017-11-03,2017-11-03 16:02:58,Q3,-5287000.0,240000.0,2000.0,1338000.0,-4929000.0,0.0,0.0,-5402000.0,39928000.0,1338000.0,-13775000.0,-11000.0,0.0,-7928000.0,8000000.0,0.0,61000.0,0.0,153000.0,0.0,0.0,0.0,-175000.0,0.0,-13889000.0,19263000.0,33152000.0,-13775000.0,-11000.0,-13786000.0,https://www.sec.gov/Archives/edgar/data/1058811/000105881117000031/0001058811-17-000031-index.htm,https://www.sec.gov/Archives/edgar/data/1058811/000105881117000031/immr-9302017x10q.htm,1620593558,16:52:38,20210509
14,2017-06-30,IMMR,USD,2017-08-04,2017-08-04 16:03:47,Q2,-14845000.0,237000.0,-77000.0,1178000.0,-14494000.0,0.0,0.0,3286000.0,44857000.0,1178000.0,-14025000.0,-27000.0,0.0,-5948000.0,10000000.0,0.0,4025000.0,0.0,0.0,0.0,0.0,0.0,42000.0,0.0,-9958000.0,33152000.0,43110000.0,-14025000.0,-27000.0,-14052000.0,https://www.sec.gov/Archives/edgar/data/1058811/000105881117000022/0001058811-17-000022-index.htm,https://www.sec.gov/Archives/edgar/data/1058811/000105881117000022/immr-6302017x10q.htm,1620593558,16:52:38,20210509
15,2017-03-31,IMMR,USD,2017-05-05,2017-05-05 16:11:08,Q1,-12865000.0,232000.0,0.0,1557000.0,-13657000.0,0.0,0.0,1000000.0,59351000.0,1557000.0,-14317000.0,-83000.0,0.0,-9931000.0,10000000.0,0.0,-14000.0,0.0,175000.0,0.0,0.0,0.0,576000.0,0.0,-13755000.0,43110000.0,56865000.0,-14317000.0,-83000.0,-14400000.0,https://www.sec.gov/Archives/edgar/data/1058811/000105881117000016/0001058811-17-000016-index.htm,https://www.sec.gov/Archives/edgar/data/1058811/000105881117000016/immr-3312017x10q.htm,1620593558,16:52:38,20210509
16,2016-12-31,IMMR,USD,2017-03-03,2017-03-03 16:03:11,Q4,-38148000.0,227000.0,0.0,1308000.0,-10616000.0,0.0,0.0,3554000.0,73008000.0,0.0,-5481000.0,-174000.0,0.0,-7453000.0,7500000.0,0.0,-127000.0,0.0,0.0,0.0,0.0,0.0,499000.0,0.0,-5109000.0,56865000.0,61974000.0,-5481000.0,-174000.0,-5655000.0,https://www.sec.gov/Archives/edgar/data/1058811/000105881117000009/0001058811-17-000009-index.htm,https://www.sec.gov/Archives/edgar/data/1058811/000105881117000009/immr-12312016x10k.htm,1620593558,16:52:38,20210509
17,2016-09-30,IMMR,USD,2016-11-04,2016-11-04 16:09:34,Q3,7018000.0,230000.0,0.0,1214000.0,37794000.0,0.0,0.0,-167000.0,83624000.0,0.0,39011000.0,-59000.0,0.0,-5474000.0,8500000.0,0.0,2967000.0,0.0,179000.0,0.0,0.0,0.0,-338000.0,0.0,41640000.0,61974000.0,20334000.0,39011000.0,-59000.0,38952000.0,https://www.sec.gov/Archives/edgar/data/1058811/000105881116000051/0001058811-16-000051-index.htm,https://www.sec.gov/Archives/edgar/data/1058811/000105881116000051/immr-9302016x10q.htm,1620593558,16:52:38,20210509
18,2016-06-30,IMMR,USD,2016-08-05,2016-08-05 16:05:42,Q2,-6205000.0,226000.0,0.0,1255000.0,-6957000.0,0.0,0.0,-393000.0,45830000.0,1255000.0,-5632000.0,-45000.0,0.0,-9941000.0,14000000.0,1000000.0,4014000.0,0.0,0.0,0.0,0.0,0.0,73000.0,0.0,-545000.0,20334000.0,20879000.0,-5632000.0,-45000.0,-5677000.0,https://www.sec.gov/Archives/edgar/data/1058811/000105881116000040/0001058811-16-000040-index.htm,https://www.sec.gov/Archives/edgar/data/1058811/000105881116000040/immr-6302016x10q.htm,1620593558,16:52:38,20210509
19,2016-03-31,IMMR,USD,2016-05-06,2016-05-06 16:03:31,Q1,-2695000.0,227000.0,0.0,2334000.0,-962000.0,0.0,0.0,2328000.0,52787000.0,2334000.0,-5856000.0,-65000.0,0.0,-9945000.0,10000000.0,0.0,-10000.0,0.0,128000.0,0.0,0.0,0.0,1732000.0,0.0,-4134000.0,20879000.0,25013000.0,-5856000.0,-65000.0,-5921000.0,https://www.sec.gov/Archives/edgar/data/1058811/000105881116000027/0001058811-16-000027-index.htm,https://www.sec.gov/Archives/edgar/data/1058811/000105881116000027/immr-3312016x10q.htm,1620593558,16:52:38,20210509
20,2015-12-31,IMMR,USD,2016-02-26,2016-02-26 16:29:44,Q4,1138000.0,226000.0,0.0,1225000.0,-1381000.0,0.0,0.0,-889000.0,53749000.0,1225000.0,-2279000.0,-47000.0,0.0,-15938000.0,10000000.0,0.0,-5985000.0,0.0,0.0,0.0,0.0,0.0,110000.0,0.0,-8154000.0,25013000.0,33167000.0,-2279000.0,-47000.0,-2326000.0,https://www.sec.gov/Archives/edgar/data/1058811/000105881116000019/0001058811-16-000019-index.htm,https://www.sec.gov/Archives/edgar/data/1058811/000105881116000019/immr-12312015x10k.htm,1620593558,16:52:38,20210509
21,2015-09-30,IMMR,USD,2015-10-30,2015-10-30 16:08:23,Q3,184000.0,226000.0,0.0,1276000.0,-7138000.0,0.0,0.0,297000.0,55130000.0,1276000.0,-4350000.0,-1094000.0,0.0,-23978000.0,9000000.0,0.0,-16072000.0,0.0,177000.0,0.0,0.0,0.0,953000.0,0.0,-19469000.0,33167000.0,52636000.0,-4350000.0,-1094000.0,-5444000.0,https://www.sec.gov/Archives/edgar/data/1058811/000105881115000010/0001058811-15-000010-index.htm,https://www.sec.gov/Archives/edgar/data/1058811/000105881115000010/immr-9302015x10q.htm,1620593558,16:52:38,20210509
22,2015-06-30,IMMR,USD,2015-07-31,2015-07-31 16:07:43,Q2,1595000.0,238000.0,0.0,1229000.0,5201000.0,0.0,0.0,-314000.0,62268000.0,1229000.0,-4824000.0,-2506000.0,0.0,0.0,19000000.0,0.0,16494000.0,0.0,0.0,0.0,0.0,0.0,611000.0,0.0,12281000.0,52636000.0,40355000.0,-4824000.0,-2506000.0,-7330000.0,https://www.sec.gov/Archives/edgar/data/1058811/000105881115000003/0001058811-15-000003-index.htm,https://www.sec.gov/Archives/edgar/data/1058811/000105881115000003/immr-6302015x10q.htm,1620593558,16:52:38,20210509
23,2015-03-31,IMMR,USD,2015-05-01,2015-05-01 16:06:33,Q1,-59000.0,326000.0,0.0,1740000.0,-958000.0,0.0,0.0,887000.0,57067000.0,1740000.0,21498000.0,-783000.0,0.0,-4994000.0,10000000.0,0.0,4223000.0,0.0,190000.0,0.0,0.0,0.0,254000.0,0.0,25975000.0,40355000.0,14380000.0,21498000.0,-783000.0,20715000.0,https://www.sec.gov/Archives/edgar/data/1058811/000119312515166274/0001193125-15-166274-index.htm,https://www.sec.gov/Archives/edgar/data/1058811/000119312515166274/d891952d10q.htm,1620593558,16:52:38,20210509
24,2014-12-31,IMMR,USD,2015-02-27,2015-02-27 16:07:45,Q4,1017000.0,148000.0,0.0,1237000.0,210000.0,0.0,0.0,-347000.0,58025000.0,1237000.0,-2791000.0,-45000.0,0.0,-4993000.0,15000000.0,0.0,9962000.0,0.0,0.0,-3005000.0,0.0,0.0,-2930000.0,0.0,4241000.0,14380000.0,10139000.0,-2791000.0,-45000.0,-2836000.0,https://www.sec.gov/Archives/edgar/data/1058811/000119312515069693/0001193125-15-069693-index.htm,https://www.sec.gov/Archives/edgar/data/1058811/000119312515069693/d826013d10k.htm,1620593558,16:52:38,20210509
25,2014-09-30,IMMR,USD,2014-10-31,2014-10-31 16:07:16,Q3,1073000.0,145000.0,0.0,1131000.0,-3043000.0,0.0,0.0,-339000.0,57815000.0,0.0,-6607000.0,-68000.0,0.0,-8991000.0,13000000.0,0.0,3941000.0,0.0,205000.0,-5004000.0,0.0,0.0,-4412000.0,0.0,-7078000.0,10139000.0,17217000.0,-6607000.0,-68000.0,-6675000.0,https://www.sec.gov/Archives/edgar/data/1058811/000119312514392032/0001193125-14-392032-index.htm,https://www.sec.gov/Archives/edgar/data/1058811/000119312514392032/d782861d10q.htm,1620593558,16:52:38,20210509
26,2014-06-30,IMMR,USD,2014-08-01,2014-08-01 16:06:22,Q2,169000.0,147000.0,0.0,1344000.0,429000.0,-593000.0,0.0,66000.0,60858000.0,1344000.0,-6750000.0,-341000.0,0.0,-18981000.0,19000000.0,0.0,-322000.0,0.0,0.0,-769000.0,0.0,0.0,-76000.0,0.0,-7148000.0,17217000.0,24365000.0,-6750000.0,-341000.0,-7091000.0,https://www.sec.gov/Archives/edgar/data/1058811/000119312514291544/0001193125-14-291544-index.htm,https://www.sec.gov/Archives/edgar/data/1058811/000119312514291544/d727735d10q.htm,1620593558,16:52:38,20210509
27,2014-03-31,IMMR,USD,2014-05-06,2014-05-06 16:02:35,Q1,1864000.0,127000.0,0.0,1583000.0,-3820000.0,-171000.0,0.0,610000.0,60429000.0,1583000.0,16439000.0,-325000.0,0.0,-9988000.0,10000000.0,0.0,-313000.0,0.0,176000.0,-6222000.0,0.0,0.0,-5897000.0,0.0,10229000.0,24365000.0,14136000.0,16439000.0,-325000.0,16114000.0,https://www.sec.gov/Archives/edgar/data/1058811/000119312514184802/0001193125-14-184802-index.htm,https://www.sec.gov/Archives/edgar/data/1058811/000119312514184802/d696299d10q.htm,1620593558,16:52:38,20210509
28,2013-12-31,IMMR,USD,2014-02-27,2014-02-27 16:06:17,Q4,35921000.0,-1160000.0,0.0,1206000.0,14802000.0,0.0,0.0,199000.0,64249000.0,1206000.0,3913000.0,-60000.0,0.0,-22976000.0,14000000.0,0.0,-6516000.0,0.0,0.0,0.0,0.0,0.0,75000.0,0.0,-2528000.0,14136000.0,16664000.0,3913000.0,2460000.0,6373000.0,https://www.sec.gov/Archives/edgar/data/1058811/000119312514072940/0001193125-14-072940-index.htm,https://www.sec.gov/Archives/edgar/data/1058811/000119312514072940/d644075d10k.htm,1620593558,16:52:38,20210509
29,2013-09-30,IMMR,USD,2013-11-06,2013-11-06 16:08:30,Q3,1205000.0,633000.0,0.0,1249000.0,1619000.0,596000.0,41000.0,-150000.0,49447000.0,1249000.0,1104000.0,-15000.0,0.0,-18984000.0,28000000.0,0.0,8251000.0,0.0,126000.0,0.0,0.0,0.0,405000.0,0.0,9760000.0,16664000.0,6904000.0,1104000.0,-765000.0,339000.0,https://www.sec.gov/Archives/edgar/data/1058811/000119312513430079/0001193125-13-430079-index.htm,https://www.sec.gov/Archives/edgar/data/1058811/000119312513430079/d588349d10q.htm,1620593558,16:52:38,20210509
30,2013-06-30,IMMR,USD,2013-08-05,2013-08-05 16:09:14,Q2,776000.0,532000.0,0.0,1152000.0,5245000.0,2461000.0,35000.0,-821000.0,47828000.0,1152000.0,-3521000.0,-83000.0,0.0,-42975000.0,20000000.0,0.0,-24134000.0,0.0,0.0,0.0,0.0,0.0,4336000.0,0.0,-23319000.0,6904000.0,30223000.0,-3521000.0,-1159000.0,-4680000.0,https://www.sec.gov/Archives/edgar/data/1058811/000119312513319064/0001193125-13-319064-index.htm,https://www.sec.gov/Archives/edgar/data/1058811/000119312513319064/d543894d10q.htm,1620593558,16:52:38,20210509
31,2013-03-31,IMMR,USD,2013-05-07,2013-05-07 16:02:31,Q1,2253000.0,658000.0,0.0,1037000.0,3943000.0,-1480000.0,65000.0,1113000.0,42583000.0,1037000.0,19656000.0,-76000.0,0.0,-9996000.0,15000000.0,0.0,4234000.0,0.0,72000.0,0.0,0.0,0.0,1775000.0,0.0,25665000.0,30223000.0,4558000.0,19656000.0,-770000.0,18886000.0,https://www.sec.gov/Archives/edgar/data/1058811/000119312513204377/0001193125-13-204377-index.htm,https://www.sec.gov/Archives/edgar/data/1058811/000119312513204377/d513302d10q.htm,1620593558,16:52:38,20210509
32,2012-12-31,IMMR,USD,2013-03-06,2013-03-06 16:04:34,Q4,-200000.0,647000.0,0.0,800000.0,-725000.0,-476000.0,218000.0,-1232000.0,38640000.0,800000.0,-2952000.0,-69000.0,0.0,-13988000.0,9000000.0,0.0,-6228000.0,0.0,0.0,-473000.0,0.0,0.0,-401000.0,0.0,-9331000.0,4558000.0,13889000.0,-2952000.0,-990000.0,-3942000.0,https://www.sec.gov/Archives/edgar/data/1058811/000119312513093838/0001193125-13-093838-index.htm,https://www.sec.gov/Archives/edgar/data/1058811/000119312513093838/d443994d10k.htm,1620593558,16:52:38,20210509
33,2012-09-30,IMMR,USD,2012-11-07,2012-11-07 16:03:08,Q3,-2990000.0,500000.0,0.0,808000.0,-6451000.0,1245000.0,44000.0,65000.0,39365000.0,-2990000.0,-331000.0,-63000.0,0.0,0.0,10000000.0,0.0,9080000.0,0.0,71000.0,-3361000.0,0.0,0.0,-3257000.0,0.0,5492000.0,13889000.0,8397000.0,-331000.0,-920000.0,-1251000.0,https://www.sec.gov/Archives/edgar/data/1058811/000119312512457380/0001193125-12-457380-index.htm,https://www.sec.gov/Archives/edgar/data/1058811/000119312512457380/d398664d10q.htm,1620593558,16:52:38,20210509
34,2012-06-30,IMMR,USD,2012-08-07,2012-08-07 16:11:04,Q2,-2155000.0,554000.0,0.0,818000.0,-4316000.0,202000.0,128000.0,-154000.0,45816000.0,-2155000.0,-2755000.0,-40000.0,0.0,-14977000.0,20000000.0,250000.0,4363000.0,0.0,0.0,0.0,0.0,0.0,-1798000.0,0.0,-190000.0,8397000.0,8587000.0,-2755000.0,-910000.0,-3665000.0,https://www.sec.gov/Archives/edgar/data/1058811/000119312512340898/0001193125-12-340898-index.htm,https://www.sec.gov/Archives/edgar/data/1058811/000119312512340898/d354989d10q.htm,1620593558,16:52:38,20210509
35,2012-03-31,IMMR,USD,2012-05-08,2012-05-08 16:15:42,Q1,-219000.0,507000.0,0.0,720000.0,612000.0,-1475000.0,-108000.0,1303000.0,50132000.0,-219000.0,1789000.0,-828000.0,0.0,-14979000.0,15000000.0,0.0,-1403000.0,0.0,51000.0,0.0,0.0,0.0,903000.0,0.0,1289000.0,8587000.0,7298000.0,1789000.0,-1424000.0,365000.0,https://www.sec.gov/Archives/edgar/data/1058811/000119312512218469/0001193125-12-218469-index.htm,https://www.sec.gov/Archives/edgar/data/1058811/000119312512218469/d326794d10q.htm,1620593558,16:52:38,20210509
36,2011-12-31,IMMR,USD,2012-03-05,2012-03-05 16:21:08,Q4,-270000.0,789000.0,0.0,850000.0,-7512000.0,0.0,156000.0,-56000.0,49520000.0,-270000.0,200000.0,-85000.0,0.0,-3995000.0,4000000.0,0.0,-1010000.0,0.0,0.0,0.0,0.0,0.0,-6401000.0,0.0,-7211000.0,7298000.0,14509000.0,200000.0,-1015000.0,-815000.0,https://www.sec.gov/Archives/edgar/data/1058811/000119312512096776/0001193125-12-096776-index.htm,https://www.sec.gov/Archives/edgar/data/1058811/000119312512096776/d274200d10k.htm,1620593558,16:52:38,20210509
37,2011-09-30,IMMR,USD,2011-11-07,2011-11-07 16:10:06,Q3,-1412000.0,556000.0,0.0,940000.0,-1381000.0,0.0,-131000.0,-218000.0,57032000.0,-1412000.0,-953000.0,-45000.0,0.0,-14983000.0,15000000.0,0.0,-912000.0,0.0,80000.0,0.0,0.0,0.0,475000.0,0.0,-1390000.0,14509000.0,15899000.0,-953000.0,-929000.0,-1882000.0,https://www.sec.gov/Archives/edgar/data/1058811/000119312511299777/0001193125-11-299777-index.htm,https://www.sec.gov/Archives/edgar/data/1058811/000119312511299777/d229759d10q.htm,1620593558,16:52:38,20210509
38,2011-06-30,IMMR,USD,2011-08-05,2011-08-05 16:32:23,Q2,-1310000.0,574000.0,0.0,981000.0,278000.0,0.0,54000.0,-18000.0,58413000.0,121000.0,-1548000.0,-12000.0,0.0,-14968000.0,15000000.0,30000.0,-624000.0,0.0,0.0,0.0,0.0,0.0,1849000.0,0.0,-323000.0,15899000.0,16222000.0,-1548000.0,-686000.0,-2234000.0,https://www.sec.gov/Archives/edgar/data/1058811/000119312511212402/0001193125-11-212402-index.htm,https://www.sec.gov/Archives/edgar/data/1058811/000119312511212402/d10q.htm,1620593558,16:52:38,20210509
39,2011-03-31,IMMR,USD,2011-05-06,2011-05-06 17:05:15,Q1,1388000.0,603000.0,0.0,784000.0,1364000.0,-247000.0,-96000.0,268000.0,58135000.0,-43000.0,4678000.0,-27000.0,0.0,-14959000.0,15000000.0,70000.0,-764000.0,0.0,65000.0,0.0,0.0,0.0,65000.0,0.0,3979000.0,16222000.0,12243000.0,4678000.0,-875000.0,3803000.0,https://www.sec.gov/Archives/edgar/data/1058811/000119312511130955/0001193125-11-130955-index.htm,https://www.sec.gov/Archives/edgar/data/1058811/000119312511130955/d10q.htm,1620593558,16:52:38,20210509
40,2010-12-31,IMMR,USD,2011-03-14,2011-03-11 18:19:24,Q4,-2320000.0,1490000.0,0.0,979000.0,-1842000.0,-46000.0,-147000.0,-587000.0,56771000.0,80000.0,-550000.0,-9000.0,0.0,-13974000.0,14000000.0,50000.0,-670000.0,0.0,0.0,0.0,0.0,0.0,335000.0,0.0,-885000.0,12243000.0,13128000.0,-550000.0,-746000.0,-1296000.0,https://www.sec.gov/Archives/edgar/data/1058811/000119312511064314/0001193125-11-064314-index.htm,https://www.sec.gov/Archives/edgar/data/1058811/000119312511064314/d10k.htm,1620593558,16:52:38,20210509
41,2010-09-30,IMMR,USD,2010-11-05,2010-11-05 16:11:43,Q3,-1133000.0,259000.0,0.0,897000.0,-1414000.0,1158000.0,265000.0,-847000.0,58613000.0,-38000.0,-1399000.0,-47000.0,0.0,-4915000.0,5000000.0,82000.0,-483000.0,0.0,0.0,0.0,0.0,0.0,23000.0,0.0,-1859000.0,13128000.0,14987000.0,-1399000.0,-650000.0,-2049000.0,https://www.sec.gov/Archives/edgar/data/1058811/000119312510250087/0001193125-10-250087-index.htm,https://www.sec.gov/Archives/edgar/data/1058811/000119312510250087/d10q.htm,1620593558,16:52:38,20210509
42,2010-06-30,IMMR,USD,2010-08-06,2010-08-06 16:06:22,Q2,180000.0,287000.0,0.0,937000.0,343000.0,305000.0,210000.0,629000.0,60027000.0,26000.0,-92000.0,-48000.0,0.0,-14987000.0,9530000.0,30000.0,-5686000.0,0.0,0.0,0.0,0.0,0.0,60000.0,0.0,-5718000.0,14987000.0,20705000.0,-92000.0,-349000.0,-441000.0,https://www.sec.gov/Archives/edgar/data/1058811/000095012310074303/0000950123-10-074303-index.htm,https://www.sec.gov/Archives/edgar/data/1058811/000095012310074303/f56482e10vq.htm,1620593558,16:52:38,20210509
43,2010-03-31,IMMR,USD,2010-05-07,2010-05-07 16:11:33,Q1,-2654000.0,296000.0,0.0,596000.0,-1321000.0,796000.0,385000.0,-97000.0,59684000.0,-108000.0,242000.0,-241000.0,0.0,-14978000.0,16434000.0,30000.0,635000.0,0.0,0.0,0.0,0.0,0.0,0.0,0.0,877000.0,20705000.0,19828000.0,242000.0,-921000.0,-679000.0,https://www.sec.gov/Archives/edgar/data/1058811/000095012310046388/0000950123-10-046388-index.htm,https://www.sec.gov/Archives/edgar/data/1058811/000095012310046388/f55656e10vq.htm,1620593558,16:52:38,20210509
44,2009-12-31,IMMR,USD,2010-03-30,2010-02-08 17:00:21,Q4,-4284000.0,355000.0,0.0,775000.0,-3352000.0,-343000.0,286000.0,-901000.0,61005000.0,23028000.0,-5287000.0,-60000.0,0.0,-28990000.0,29000000.0,30000.0,-665000.0,0.0,0.0,0.0,0.0,0.0,8000.0,0.0,-5944000.0,19828000.0,25772000.0,-5287000.0,-705000.0,-5992000.0,https://www.sec.gov/Archives/edgar/data/1058811/000095012310029996/0000950123-10-029996-index.htm,https://www.sec.gov/Archives/edgar/data/1058811/000095012310029996/f55245e10vk.htm,1620593558,16:52:38,20210509
45,2009-09-30,IMMR,USD,2010-02-08,2010-02-08 17:00:21,Q3,-9014000.0,335000.0,0.0,1098000.0,-7313000.0,1755000.0,1281000.0,1249000.0,64357000.0,-24138000.0,-3670000.0,-221000.0,0.0,-20002000.0,25000000.0,20000.0,4396000.0,0.0,0.0,0.0,0.0,0.0,-1000.0,0.0,725000.0,25772000.0,25047000.0,-3670000.0,-622000.0,-4292000.0,https://www.sec.gov/Archives/edgar/data/1058811/000095012310009962/0000950123-10-009962-index.htm,https://www.sec.gov/Archives/edgar/data/1058811/000095012310009962/f54620e10vq.htm,1620593558,16:52:38,20210509
46,2009-06-30,IMMR,USD,2010-02-08,2010-02-08 16:59:39,Q2,-7522000.0,107000.0,0.0,1410000.0,-7053000.0,-299000.0,712000.0,-1320000.0,71670000.0,-155000.0,-5521000.0,-708000.0,0.0,-15026000.0,10000000.0,187000.0,-6548000.0,0.0,0.0,0.0,0.0,0.0,67000.0,52000.0,-11950000.0,25047000.0,36997000.0,-5521000.0,-1709000.0,-7230000.0,https://www.sec.gov/Archives/edgar/data/1058811/000095012310009960/0000950123-10-009960-index.htm,https://www.sec.gov/Archives/edgar/data/1058811/000095012310009960/f54619e10vq.htm,1620593558,16:52:38,20210509
47,2009-03-31,IMMR,USD,2009-05-06,2009-05-06 13:29:11,Q1,-7459000.0,766000.0,0.0,1241000.0,-6253000.0,2242000.0,-884000.0,-469000.0,78723000.0,519000.0,-3840000.0,-580000.0,0.0,-33962000.0,11000000.0,0.0,-24084000.0,0.0,134000.0,0.0,0.0,0.0,204000.0,-52000.0,-27772000.0,36997000.0,64769000.0,-3840000.0,-1122000.0,-4962000.0,https://www.sec.gov/Archives/edgar/data/1058811/000095013409009644/0000950134-09-009644-index.htm,https://www.sec.gov/Archives/edgar/data/1058811/000095013409009644/f52234e10vq.htm,1620593558,16:52:38,20210509
48,2008-12-31,IMMR,USD,2009-03-09,2009-03-09 17:15:29,Q4,-9711000.0,561000.0,0.0,0.0,-14201000.0,0.0,1496000.0,0.0,84976000.0,1085000.0,-26197000.0,-1439000.0,0.0,-15021000.0,11000000.0,0.0,-5460000.0,0.0,85000.0,-5746000.0,0.0,6000.0,-5655000.0,-2000.0,-37314000.0,64769000.0,102083000.0,-26197000.0,-1439000.0,-27636000.0,https://www.sec.gov/Archives/edgar/data/1058811/000095013409004820/0000950134-09-004820-index.htm,https://www.sec.gov/Archives/edgar/data/1058811/000095013409004820/f51676e10vk.htm,1620593558,16:52:38,20210509
49,2008-09-30,IMMR,USD,2008-11-07,2008-11-07 14:53:42,Q3,-32298000.0,482000.0,7857000.0,0.0,-35428000.0,0.0,-546000.0,0.0,99177000.0,1290000.0,-2683000.0,-1420000.0,0.0,-12077000.0,26999000.0,0.0,13502000.0,0.0,209000.0,-6488000.0,0.0,18000.0,-6261000.0,-10000.0,4548000.0,102083000.0,97535000.0,-2683000.0,-1420000.0,-4103000.0,https://www.sec.gov/Archives/edgar/data/1058811/000095013408019838/0000950134-08-019838-index.htm,https://www.sec.gov/Archives/edgar/data/1058811/000095013408019838/f50289e10vq.htm,1620593558,16:52:38,20210509
50,2008-06-30,IMMR,USD,2008-08-08,2008-08-08 17:07:05,Q2,-3091000.0,451000.0,-224000.0,0.0,-8204000.0,0.0,-221000.0,0.0,134605000.0,896000.0,-3159000.0,-1832000.0,0.0,0.0,2322000.0,0.0,-31654000.0,0.0,462000.0,0.0,0.0,69000.0,-5624000.0,-9000.0,-40446000.0,97535000.0,137981000.0,-3159000.0,-1832000.0,-4991000.0,https://www.sec.gov/Archives/edgar/data/1058811/000095013408014772/0000950134-08-014772-index.htm,https://www.sec.gov/Archives/edgar/data/1058811/000095013408014772/f42365e10vq.htm,1620593558,16:52:38,20210509
51,2008-03-31,IMMR,USD,2008-05-09,2008-05-09 14:02:05,Q1,-2585000.0,495000.0,-251000.0,0.0,-266000.0,0.0,-369000.0,0.0,142809000.0,857000.0,1690000.0,-788000.0,0.0,0.0,49657000.0,0.0,48869000.0,0.0,827000.0,0.0,0.0,107000.0,934000.0,-5000.0,51488000.0,137981000.0,86493000.0,1690000.0,-788000.0,902000.0,https://www.sec.gov/Archives/edgar/data/1058811/000095013408009059/0000950134-08-009059-index.htm,https://www.sec.gov/Archives/edgar/data/1058811/000095013408009059/f40445e10vq.htm,1620593558,16:52:38,20210509
52,2007-12-31,IMMR,USD,2008-03-17,2008-03-17 16:53:27,Q4,-6084000.0,513000.0,-2031000.0,0.0,3899000.0,0.0,-553000.0,0.0,143075000.0,-8968000.0,-8913000.0,-938000.0,0.0,-64942000.0,0.0,0.0,-20770000.0,0.0,1921000.0,0.0,0.0,10290000.0,12211000.0,-1494000.0,-18966000.0,86493000.0,105459000.0,-8913000.0,-938000.0,-9851000.0,https://www.sec.gov/Archives/edgar/data/1058811/000095013408004925/0000950134-08-004925-index.htm,https://www.sec.gov/Archives/edgar/data/1058811/000095013408004925/f38614e10vk.htm,1620593558,16:52:38,20210509
53,2007-09-30,IMMR,USD,2007-11-08,2007-11-08 16:53:40,Q3,493000.0,474000.0,58000.0,0.0,4266000.0,0.0,13000.0,0.0,139176000.0,-969000.0,-416000.0,-1124000.0,0.0,-6864000.0,0.0,0.0,-7988000.0,0.0,2665000.0,0.0,0.0,1339000.0,2604000.0,629000.0,-5171000.0,105459000.0,110630000.0,-416000.0,-1124000.0,-1540000.0,https://www.sec.gov/Archives/edgar/data/1058811/000095013407023367/0000950134-07-023367-index.htm,https://www.sec.gov/Archives/edgar/data/1058811/000095013407023367/f35149e10vq.htm,1620593558,16:52:38,20210509
54,2007-06-30,IMMR,USD,2007-08-08,2007-08-08 15:21:52,Q2,176000.0,459000.0,99000.0,0.0,6451000.0,0.0,223000.0,0.0,134910000.0,1988000.0,-4705000.0,-940000.0,0.0,0.0,0.0,-24913000.0,-25853000.0,0.0,3933000.0,0.0,0.0,-1064000.0,2869000.0,733000.0,-26956000.0,110630000.0,137586000.0,-4705000.0,-940000.0,-5645000.0,https://www.sec.gov/Archives/edgar/data/1058811/000095013407017337/0000950134-07-017337-index.htm,https://www.sec.gov/Archives/edgar/data/1058811/000095013407017337/f32657e10vq.htm,1620593558,16:52:38,20210509
55,2007-03-31,IMMR,USD,2007-05-10,2007-05-10 15:59:47,Q1,122433000.0,467000.0,-5508000.0,0.0,94802000.0,0.0,-648000.0,0.0,128459000.0,-2307000.0,98549000.0,-549000.0,0.0,0.0,0.0,0.0,-549000.0,0.0,4536000.0,0.0,0.0,2940000.0,7476000.0,98000.0,105574000.0,137586000.0,32012000.0,98549000.0,-549000.0,98000000.0,https://www.sec.gov/Archives/edgar/data/1058811/000095013407011090/0000950134-07-011090-index.htm,https://www.sec.gov/Archives/edgar/data/1058811/000095013407011090/f30015e10vq.htm,1620593558,16:52:38,20210509
56,2006-12-31,IMMR,USD,2007-03-16,2007-03-15 20:50:10,Q4,-1982000.0,536000.0,0.0,0.0,2559000.0,0.0,-220000.0,0.0,33657000.0,1426000.0,3507000.0,-654000.0,0.0,0.0,0.0,0.0,-654000.0,0.0,481000.0,0.0,0.0,17000.0,498000.0,-376000.0,2975000.0,32012000.0,29037000.0,3507000.0,-654000.0,2853000.0,https://www.sec.gov/Archives/edgar/data/1058811/000089161807000164/0000891618-07-000164-index.htm,https://www.sec.gov/Archives/edgar/data/1058811/000089161807000164/f27349e10vk.htm,1620593558,16:52:38,20210509
57,2006-09-30,IMMR,USD,2006-11-07,2006-11-07 17:13:45,Q3,-3157000.0,437000.0,0.0,0.0,-806000.0,0.0,62000.0,0.0,31098000.0,437000.0,-1575000.0,-746000.0,0.0,0.0,0.0,0.0,-746000.0,0.0,212000.0,0.0,0.0,1000.0,213000.0,285000.0,-1823000.0,29037000.0,30860000.0,-1575000.0,-746000.0,-2321000.0,https://www.sec.gov/Archives/edgar/data/1058811/000095013406020786/0000950134-06-020786-index.htm,https://www.sec.gov/Archives/edgar/data/1058811/000095013406020786/f24698e10vq.htm,1620593558,16:52:38,20210509
58,2006-06-30,IMMR,USD,2006-08-08,2006-08-08 13:04:47,Q2,-2379000.0,390000.0,0.0,0.0,-604000.0,0.0,243000.0,0.0,31904000.0,0.0,630000.0,-866000.0,0.0,0.0,0.0,0.0,-866000.0,0.0,82000.0,0.0,0.0,2000.0,82000.0,69000.0,-85000.0,30860000.0,30945000.0,630000.0,-866000.0,-236000.0,https://www.sec.gov/Archives/edgar/data/1058811/000095013406015233/0000950134-06-015233-index.htm,https://www.sec.gov/Archives/edgar/data/1058811/000095013406015233/f22725e10vq.htm,1620593558,16:52:38,20210509
59,2006-03-31,IMMR,USD,2006-05-10,2006-05-10 16:05:42,Q1,-2906000.0,378000.0,0.0,0.0,3623000.0,0.0,-6000.0,0.0,32508000.0,0.0,2775000.0,-478000.0,0.0,0.0,0.0,0.0,-478000.0,0.0,476000.0,0.0,0.0,16000.0,489000.0,-12000.0,2774000.0,30945000.0,28171000.0,2775000.0,-478000.0,2297000.0,https://www.sec.gov/Archives/edgar/data/1058811/000089161806000205/0000891618-06-000205-index.htm,https://www.sec.gov/Archives/edgar/data/1058811/000089161806000205/f20352e10vq.htm,1620593558,16:52:38,20210509
60,2005-12-31,IMMR,USD,2006-03-10,2006-03-10 16:20:09,Q4,-2965000.0,361000.0,0.0,0.0,-203000.0,0.0,400000.0,0.0,28885000.0,0.0,-527000.0,-425000.0,0.0,0.0,0.0,-257000.0,-682000.0,0.0,725000.0,0.0,0.0,0.0,723000.0,-26000.0,-512000.0,28171000.0,28683000.0,-527000.0,-425000.0,-952000.0,https://www.sec.gov/Archives/edgar/data/1058811/000095013406004734/0000950134-06-004734-index.htm,https://www.sec.gov/Archives/edgar/data/1058811/000095013406004734/f18240e10vk.htm,1620593558,16:52:38,20210509
61,2005-09-30,IMMR,USD,2005-11-08,2005-11-08 13:41:36,Q3,-4158000.0,475000.0,0.0,0.0,-565000.0,0.0,-411000.0,0.0,29088000.0,0.0,-748000.0,-211000.0,0.0,0.0,0.0,-307000.0,-513000.0,0.0,159000.0,0.0,0.0,0.0,169000.0,353000.0,-739000.0,28683000.0,29422000.0,-748000.0,-211000.0,-959000.0,https://www.sec.gov/Archives/edgar/data/1058811/000095013405020847/0000950134-05-020847-index.htm,https://www.sec.gov/Archives/edgar/data/1058811/000095013405020847/f14123e10vq.htm,1620593558,16:52:38,20210509
62,2005-06-30,IMMR,USD,2005-08-11,2005-08-11 17:09:40,Q2,-2829000.0,566000.0,0.0,0.0,2517000.0,0.0,-673000.0,0.0,29653000.0,0.0,2850000.0,-225000.0,0.0,0.0,0.0,-215000.0,-440000.0,0.0,152000.0,0.0,0.0,26000.0,175000.0,-76000.0,2509000.0,29422000.0,26913000.0,2850000.0,-225000.0,2625000.0,https://www.sec.gov/Archives/edgar/data/1058811/000089161805000599/0000891618-05-000599-index.htm,https://www.sec.gov/Archives/edgar/data/1058811/000089161805000599/f11694e10vq.htm,1620593558,16:52:38,20210509
63,2005-03-31,IMMR,USD,2005-05-12,2005-05-11 18:20:29,Q1,-3133000.0,586000.0,0.0,0.0,4048000.0,0.0,-130000.0,0.0,27136000.0,0.0,635000.0,-106000.0,0.0,0.0,0.0,-246000.0,-352000.0,0.0,1214000.0,0.0,0.0,-94000.0,1117000.0,-25000.0,1375000.0,26913000.0,25538000.0,635000.0,-106000.0,529000.0,https://www.sec.gov/Archives/edgar/data/1058811/000095013405009819/0000950134-05-009819-index.htm,https://www.sec.gov/Archives/edgar/data/1058811/000095013405009819/f08967e10vq.htm,1620593558,16:52:38,20210509
64,2004-12-31,IMMR,USD,2005-03-11,2005-03-11 17:05:19,Q4,-2861000.0,586000.0,0.0,0.0,14501000.0,0.0,83000.0,0.0,23088000.0,0.0,-6390000.0,1315000.0,0.0,0.0,0.0,-1918000.0,-603000.0,0.0,309000.0,0.0,0.0,0.0,20304000.0,284000.0,13595000.0,25538000.0,11943000.0,-6390000.0,1315000.0,-5075000.0,https://www.sec.gov/Archives/edgar/data/1058811/000095013405004763/0000950134-05-004763-index.htm,https://www.sec.gov/Archives/edgar/data/1058811/000095013405004763/f06423e10vk.htm,1620593558,16:52:38,20210509
65,2004-09-30,IMMR,USD,2004-11-12,2004-11-12 14:56:08,Q3,-6863000.0,589000.0,0.0,0.0,-7216000.0,0.0,353000.0,0.0,8587000.0,0.0,-6061000.0,-1662000.0,0.0,0.0,0.0,0.0,-643000.0,0.0,180000.0,0.0,-69000.0,0.0,102000.0,331000.0,-6271000.0,11943000.0,18214000.0,-6061000.0,-1662000.0,-7723000.0,https://www.sec.gov/Archives/edgar/data/1058811/000095013404017385/0000950134-04-017385-index.htm,https://www.sec.gov/Archives/edgar/data/1058811/000095013404017385/f03013e10vq.htm,1620593558,16:52:38,20210509
66,2004-06-30,IMMR,USD,2004-08-13,2004-08-13 13:55:01,Q2,-4846000.0,569000.0,0.0,0.0,-1589000.0,0.0,152000.0,0.0,15803000.0,0.0,52000.0,-142000.0,0.0,0.0,0.0,-529000.0,-671000.0,0.0,160000.0,0.0,0.0,0.0,150000.0,-105000.0,-574000.0,18214000.0,18788000.0,52000.0,-142000.0,-90000.0,https://www.sec.gov/Archives/edgar/data/1058811/000095013404012244/0000950134-04-012244-index.htm,https://www.sec.gov/Archives/edgar/data/1058811/000095013404012244/f00641e10vq.htm,1620593558,16:52:38,20210509
67,2004-03-31,IMMR,USD,2004-05-14,2004-05-14 17:25:46,Q1,-6168000.0,728000.0,0.0,0.0,-4640000.0,0.0,-295000.0,0.0,17392000.0,0.0,-3151000.0,-134000.0,0.0,0.0,0.0,-490000.0,-624000.0,0.0,1108000.0,0.0,-212000.0,0.0,888000.0,-63000.0,-2950000.0,18788000.0,21738000.0,-3151000.0,-134000.0,-3285000.0,https://www.sec.gov/Archives/edgar/data/1058811/000089161804001004/0000891618-04-001004-index.htm,https://www.sec.gov/Archives/edgar/data/1058811/000089161804001004/f99001e10vq.htm,1620593558,16:52:38,20210509
68,2003-12-31,IMMR,USD,2004-03-29,2004-03-29 16:57:36,Q4,-3656000.0,837000.0,0.0,0.0,-1672000.0,0.0,26000.0,0.0,22032000.0,0.0,-4874000.0,-234000.0,0.0,0.0,0.0,-457000.0,-691000.0,0.0,219000.0,0.0,0.0,0.0,210000.0,197000.0,-5158000.0,21738000.0,26896000.0,-4874000.0,-234000.0,-5108000.0,https://www.sec.gov/Archives/edgar/data/1058811/000095013404004271/0000950134-04-004271-index.htm,https://www.sec.gov/Archives/edgar/data/1058811/000095013404004271/f97545e10vk.htm,1620593558,16:52:38,20210509
69,2003-09-30,IMMR,USD,2003-11-14,2003-11-14 17:12:50,Q3,-5217000.0,860000.0,0.0,0.0,22076000.0,0.0,190000.0,0.0,23704000.0,0.0,-2378000.0,-59000.0,0.0,0.0,0.0,-387000.0,-446000.0,0.0,649000.0,0.0,0.0,0.0,26641000.0,31000.0,23848000.0,26896000.0,3048000.0,-2378000.0,-59000.0,-2437000.0,https://www.sec.gov/Archives/edgar/data/1058811/000089161803005993/0000891618-03-005993-index.htm,https://www.sec.gov/Archives/edgar/data/1058811/000089161803005993/f94413e10vq.htm,1620593558,16:52:38,20210509
70,2003-06-30,IMMR,USD,2003-08-14,2003-08-14 14:47:00,Q2,-4444000.0,886000.0,0.0,0.0,-5007000.0,0.0,67000.0,0.0,1628000.0,0.0,-2617000.0,-68000.0,0.0,0.0,0.0,-325000.0,-393000.0,0.0,14000.0,0.0,0.0,0.0,-36000.0,327000.0,-2719000.0,3048000.0,5767000.0,-2617000.0,-68000.0,-2685000.0,https://www.sec.gov/Archives/edgar/data/1058811/000089161803004419/0000891618-03-004419-index.htm,https://www.sec.gov/Archives/edgar/data/1058811/000089161803004419/f92301e10vq.htm,1620593558,16:52:38,20210509
71,2003-03-31,IMMR,USD,2003-05-14,2003-05-14 14:58:52,Q1,-3657000.0,938000.0,0.0,0.0,-2263000.0,0.0,-254000.0,0.0,6635000.0,0.0,-2711000.0,-80000.0,0.0,0.0,0.0,-404000.0,-484000.0,0.0,11000.0,0.0,0.0,0.0,-24000.0,269000.0,-2950000.0,5767000.0,8717000.0,-2711000.0,-80000.0,-2791000.0,https://www.sec.gov/Archives/edgar/data/1058811/000089161803002536/0000891618-03-002536-index.htm,https://www.sec.gov/Archives/edgar/data/1058811/000089161803002536/f90058e10vq.htm,1620593558,16:52:38,20210509
72,2002-12-31,IMMR,USD,2003-03-28,2003-03-28 15:38:17,Q4,-6373000.0,1071000.0,0.0,0.0,-1835000.0,0.0,225000.0,0.0,8898000.0,0.0,612000.0,-61000.0,0.0,0.0,0.0,0.0,-61000.0,0.0,-48000.0,0.0,0.0,0.0,-531000.0,11000.0,31000.0,8717000.0,8686000.0,612000.0,-61000.0,551000.0,https://www.sec.gov/Archives/edgar/data/1058811/000089161803001512/0000891618-03-001512-index.htm,https://www.sec.gov/Archives/edgar/data/1058811/000089161803001512/f88245e10vk.htm,1620593558,16:52:38,20210509
73,2002-09-30,IMMR,USD,2002-11-13,2002-11-13 16:16:49,Q3,-4432000.0,1354000.0,0.0,0.0,-2493000.0,0.0,-319000.0,0.0,10733000.0,0.0,-2144000.0,-144000.0,0.0,0.0,0.0,0.0,-144000.0,0.0,40000.0,0.0,0.0,0.0,-4405000.0,1000.0,-6692000.0,8686000.0,15378000.0,-2144000.0,-144000.0,-2288000.0,https://www.sec.gov/Archives/edgar/data/1058811/000089161802005142/0000891618-02-005142-index.htm,https://www.sec.gov/Archives/edgar/data/1058811/000089161802005142/f85502e10vq.htm,1620593558,16:52:38,20210509
74,2002-06-30,IMMR,USD,2002-08-14,2002-08-14 14:44:05,Q2,-2071000.0,921000.0,0.0,0.0,3379000.0,0.0,-131000.0,0.0,13226000.0,0.0,3528000.0,-111000.0,0.0,0.0,0.0,0.0,-111000.0,0.0,71000.0,0.0,0.0,0.0,38000.0,7000.0,3462000.0,15378000.0,11916000.0,3528000.0,-111000.0,3417000.0,https://www.sec.gov/Archives/edgar/data/1058811/000089161802003895/0000891618-02-003895-index.htm,https://www.sec.gov/Archives/edgar/data/1058811/000089161802003895/f83235e10vq.htm,1620593558,16:52:38,20210509
75,2002-03-31,IMMR,USD,2002-05-15,2002-05-15 14:53:43,Q1,-3654000.0,1349000.0,0.0,0.0,-2041000.0,0.0,62000.0,0.0,9847000.0,0.0,-1108000.0,-126000.0,0.0,-5000.0,2550000.0,0.0,2419000.0,0.0,256000.0,0.0,0.0,0.0,225000.0,-1000.0,1535000.0,11916000.0,10381000.0,-1108000.0,-126000.0,-1234000.0,https://www.sec.gov/Archives/edgar/data/1058811/000089161802002448/0000891618-02-002448-index.htm,https://www.sec.gov/Archives/edgar/data/1058811/000089161802002448/f81415e10-q.htm,1620593558,16:52:38,20210509
76,2001-12-31,IMMR,USD,2002-03-28,2002-03-28 00:00:00,Q4,-2968000.0,1745000.0,0.0,0.0,-1706000.0,0.0,55000.0,0.0,11888000.0,0.0,-607000.0,-76000.0,0.0,-2544000.0,0.0,0.0,-2620000.0,0.0,220000.0,0.0,0.0,0.0,189000.0,-5000.0,-3043000.0,10381000.0,13424000.0,-607000.0,-76000.0,-683000.0,https://www.sec.gov/Archives/edgar/data/1058811/000089161802001523/0000891618-02-001523-index.htm,https://www.sec.gov/Archives/edgar/data/1058811/000089161802001523/f79567e10-k405.htm,1620593558,16:52:38,20210509
77,2001-09-30,IMMR,USD,2001-11-14 00:00:00,2001-11-14 00:00:00,Q3,-9038000.0,1732000.0,0.0,0.0,-7246000.0,0.0,-129000.0,0.0,13594000.0,0.0,-4441000.0,-58000.0,0.0,0.0,0.0,0.0,-58000.0,0.0,213000.0,0.0,0.0,0.0,182000.0,-31000.0,-4348000.0,13424000.0,17772000.0,-4441000.0,-58000.0,-4499000.0,https://www.sec.gov/Archives/edgar/data/1058811/000089161801502215/0000891618-01-502215-index.html,https://www.sec.gov/Archives/edgar/data/1058811/000089161801502215/f76848e10-q.htm,1620593558,16:52:38,20210509
78,2001-06-30,IMMR,USD,2001-08-14 00:00:00,2001-08-14 00:00:00,Q2,-5080000.0,1810000.0,0.0,0.0,-3636000.0,0.0,-124000.0,0.0,20840000.0,0.0,-3087000.0,-216000.0,0.0,-12000.0,1012000.0,0.0,784000.0,0.0,58000.0,0.0,0.0,0.0,28000.0,6000.0,-2269000.0,17772000.0,20041000.0,-3087000.0,-216000.0,-3303000.0,https://www.sec.gov/Archives/edgar/data/1058811/000109581101504155/0001095811-01-504155-index.html,https://www.sec.gov/Archives/edgar/data/1058811/000109581101504155/f74818e10-q.htm,1620593558,16:52:38,20210509
79,2001-03-31,IMMR,USD,2001-04-02 00:00:00,2001-04-02 00:00:00,Q1,-4660000.0,1679000.0,0.0,0.0,-3089000.0,0.0,-58000.0,0.0,24476000.0,0.0,-4792000.0,-262000.0,0.0,-1008000.0,2369000.0,0.0,1099000.0,0.0,272000.0,0.0,0.0,0.0,261000.0,-1000.0,-3433000.0,20041000.0,23474000.0,-4792000.0,-262000.0,-5054000.0,https://www.sec.gov/Archives/edgar/data/1058811/000089161801000265/0000891618-01-000265-index.html,https://www.sec.gov/Archives/edgar/data/1058811/000089161801000265/f70292e10-k405.txt,1620593558,16:52:38,20210509
80,2000-12-31,IMMR,USD,2001-04-02 00:00:00,2001-04-02 00:00:00,Q4,-5385000.0,2033000.0,0.0,0.0,-4132000.0,0.0,-234000.0,0.0,27565000.0,0.0,-8955000.0,-268000.0,0.0,-93000.0,5738000.0,0.0,5135000.0,0.0,22000.0,0.0,0.0,0.0,-27000.0,0.0,-1425000.0,23474000.0,24899000.0,-8955000.0,-268000.0,-9223000.0,https://www.sec.gov/Archives/edgar/data/1058811/000089161801000265/0000891618-01-000265-index.html,https://www.sec.gov/Archives/edgar/data/1058811/000089161801000265/f70292e10-k405.txt,1620593558,16:52:38,20210509
81,2000-09-30,IMMR,USD,2000-11-14 00:00:00,2000-11-14 00:00:00,Q3,-11160000.0,1975000.0,0.0,0.0,-7392000.0,0.0,-112000.0,0.0,31697000.0,0.0,-4139000.0,-616000.0,0.0,-3490000.0,10392000.0,750000.0,5809000.0,0.0,389000.0,0.0,0.0,0.0,342000.0,0.0,2060000.0,24899000.0,22839000.0,-4139000.0,-616000.0,-4755000.0,https://www.sec.gov/Archives/edgar/data/1058811/000089161800005071/0000891618-00-005071-index.html,https://www.sec.gov/Archives/edgar/data/1058811/000089161800005071/f67100e10-q.txt,1620593558,16:52:38,20210509
82,2000-06-30,IMMR,USD,2000-08-14 00:00:00,2000-08-14 00:00:00,Q2,-3063000.0,1245000.0,0.0,0.0,-9916000.0,0.0,-172000.0,0.0,39089000.0,0.0,-2663000.0,-1663000.0,0.0,-2809000.0,0.0,0.0,-3578000.0,0.0,335000.0,0.0,0.0,0.0,335000.0,0.0,-5875000.0,22839000.0,28714000.0,-2663000.0,-1663000.0,-4326000.0,https://www.sec.gov/Archives/edgar/data/1058811/000089161800004363/0000891618-00-004363-index.html,https://www.sec.gov/Archives/edgar/data/1058811/000089161800004363/e10-q.txt,1620593558,16:52:38,20210509
83,2000-03-31,IMMR,USD,2000-05-15 00:00:00,2000-05-15 00:00:00,Q1,-2564000.0,746000.0,0.0,0.0,-571000.0,0.0,-6000.0,0.0,49005000.0,0.0,-1492000.0,-292000.0,0.0,-15481000.0,0.0,0.0,-16354000.0,0.0,33000.0,0.0,0.0,0.0,33000.0,0.0,-17813000.0,28714000.0,46527000.0,-1492000.0,-292000.0,-1784000.0,https://www.sec.gov/Archives/edgar/data/1058811/000089161800002835/0000891618-00-002835-index.html,https://www.sec.gov/Archives/edgar/data/1058811/0000891618-00-002835.txt,1620593558,16:52:38,20210509
