,date,symbol,reportedCurrency,fillingDate,acceptedDate,period,netIncome,depreciationAndAmortization,deferredIncomeTax,stockBasedCompensation,changeInWorkingCapital,accountsReceivables,inventory,accountsPayables,otherWorkingCapital,otherNonCashItems,netCashProvidedByOperatingActivities,investmentsInPropertyPlantAndEquipment,acquisitionsNet,purchasesOfInvestments,salesMaturitiesOfInvestments,otherInvestingActivites,netCashUsedForInvestingActivites,debtRepayment,commonStockIssued,commonStockRepurchased,dividendsPaid,otherFinancingActivites,netCashUsedProvidedByFinancingActivities,effectOfForexChangesOnCash,netChangeInCash,cashAtEndOfPeriod,cashAtBeginningOfPeriod,operatingCashFlow,capitalExpenditure,freeCashFlow,link,finalLink,timestamp,est_time,est_date
0,2020-09-30,SENR,USD,2020-11-23,2020-11-23 15:30:49,Q3,-655700.0,41700.0,0.0,4700.0,-510400.0,-133300.0,-94300.0,160300.0,-8847300.0,79400.0,-520800.0,-131600.0,0.0,0.0,0.0,0.0,-131600.0,-60500.0,125400.0,0.0,0.0,0.0,559500.0,0.0,38700.0,197200.0,158500.0,-520800.0,-131600.0,-520800.0,https://www.sec.gov/Archives/edgar/data/1576197/000149315220022268/0001493152-20-022268-index.htm,https://www.sec.gov/Archives/edgar/data/1576197/000149315220022268/form10-q.htm,1620597755,18:02:35,20210509
1,2020-06-30,SENR,USD,2020-08-13,2020-08-13 16:50:00,Q2,-601200.0,46000.0,0.0,1200.0,-713200.0,-27400.0,34300.0,-52600.0,-8336900.0,90300.0,-520200.0,-112300.0,0.0,0.0,0.0,0.0,-112300.0,-60900.0,74700.0,0.0,0.0,0.0,641600.0,0.0,9100.0,158500.0,149400.0,-520200.0,-112300.0,-632500.0,https://www.sec.gov/Archives/edgar/data/1576197/000149315220015559/0001493152-20-015559-index.htm,https://www.sec.gov/Archives/edgar/data/1576197/000149315220015559/form10-q.htm,1620597755,18:02:35,20210509
2,2020-03-31,SENR,USD,2020-06-25,2020-05-14 21:53:31,Q1,-653400.0,44000.0,0.0,8300.0,-578600.0,384600.0,-76300.0,112300.0,-7623700.0,15800.0,-283500.0,-19300.0,0.0,0.0,0.0,0.0,-19300.0,-52500.0,0.0,0.0,0.0,0.0,97500.0,0.0,-205300.0,149400.0,354700.0,-283500.0,-19300.0,-302800.0,https://www.sec.gov/Archives/edgar/data/1576197/000149315220011828/0001493152-20-011828-index.htm,https://www.sec.gov/Archives/edgar/data/1576197/000149315220011828/form10-q.htm,1620597755,18:02:35,20210509
3,2019-12-31,SENR,USD,2020-05-15,2020-05-14 21:53:31,Q4,-603400.0,71200.0,0.0,2100.0,-555100.0,-4600.0,0.0,-251700.0,-7045100.0,7300.0,-475600.0,0.0,0.0,0.0,0.0,0.0,0.0,-84600.0,0.0,0.0,0.0,0.0,765400.0,0.0,289800.0,354700.0,64900.0,-475600.0,0.0,-475600.0,https://www.sec.gov/Archives/edgar/data/1576197/000149315220008886/0001493152-20-008886-index.htm,https://www.sec.gov/Archives/edgar/data/1576197/000149315220008886/form10-k.htm,1620597755,18:02:35,20210509
4,2019-09-30,SENR,USD,2019-11-14 00:00:00,2019-11-14 13:03:00,Q3,-516000.0,81300.0,0.0,4300.0,-330300.0,47000.0,0.0,-90900.0,-6490000.0,63400.0,-607700.0,-5600.0,0.0,0.0,0.0,0.0,-231600.0,-118800.0,0.0,0.0,0.0,0.0,797200.0,0.0,-42100.0,64900.0,107000.0,-607700.0,-5600.0,-613300.0,https://www.sec.gov/Archives/edgar/data/1576197/000149315219017314/0001493152-19-017314-index.html,https://www.sec.gov/Archives/edgar/data/1576197/000149315219017314/form10-q.htm,1620597755,18:02:35,20210509
5,2019-06-30,SENR,USD,2019-08-14,2019-06-30,Q2,-990900.0,82000.0,0.0,300.0,-765800.0,784200.0,0.0,245600.0,-6159700.0,184700.0,-400500.0,-49500.0,0.0,0.0,0.0,0.0,503300.0,-86100.0,0.0,0.0,0.0,0.0,-86100.0,0.0,16700.0,107000.0,90300.0,-400500.0,-49500.0,-450000.0,,,1620597755,18:02:35,20210509
6,2019-03-31,SENR,USD,2019-04-16 00:00:00,2019-04-16 17:10:38,Q1,-578900.0,112400.0,0.0,600.0,-40900.0,-234200.0,0.0,-155300.0,-5393900.0,-157000.0,-617000.0,-15000.0,0.0,0.0,0.0,0.0,211000.0,-119400.0,0.0,0.0,0.0,0.0,380600.0,0.0,-25400.0,90300.0,115700.0,-617000.0,-15000.0,-632000.0,https://www.sec.gov/Archives/edgar/data/1576197/000138713119002684/0001387131-19-002684-index.html,https://www.sec.gov/Archives/edgar/data/1576197/000138713119002684/seer-10k_123118.htm,1620597755,18:02:35,20210509
7,2018-12-31,SENR,USD,2019-04-16,2018-12-31,Q4,-218700.0,146000.0,0.0,14100.0,-35500.0,430500.0,0.0,143600.0,-5353000.0,70700.0,29400.0,-44700.0,0.0,0.0,0.0,0.0,405300.0,-57200.0,0.0,0.0,0.0,0.0,-357200.0,0.0,77500.0,115700.0,38200.0,29400.0,-44700.0,-15300.0,,,1620597755,18:02:35,20210509
8,2018-09-30,SENR,USD,2018-11-14 00:00:00,2018-11-14 13:58:52,Q3,-1096800.0,113500.0,0.0,27800.0,403000.0,1200.0,0.0,-290200.0,-5317500.0,382800.0,-777200.0,0.0,0.0,0.0,0.0,0.0,-15600.0,-487600.0,300000.0,0.0,0.0,0.0,612400.0,0.0,-180400.0,38200.0,218600.0,-777200.0,-15600.0,-792800.0,https://www.sec.gov/Archives/edgar/data/1576197/000138713118006185/0001387131-18-006185-index.html,https://www.sec.gov/Archives/edgar/data/1576197/000138713118006185/senr-10q_093018.htm,1620597755,18:02:35,20210509
9,2018-06-30,SENR,USD,2018-08-14 00:00:00,2018-08-14 15:02:20,Q2,-1072100.0,121200.0,0.0,24000.0,-298200.0,-566700.0,0.0,551300.0,-5720500.0,572200.0,-78900.0,0.0,0.0,0.0,0.0,0.0,223900.0,-138000.0,0.0,0.0,0.0,0.0,-138000.0,0.0,48000.0,218600.0,170600.0,-78900.0,0.0,-79000.0,https://www.sec.gov/Archives/edgar/data/1576197/000138713118003988/0001387131-18-003988-index.html,https://www.sec.gov/Archives/edgar/data/1576197/000138713118003988/senr-10q_063018.htm,1620597755,18:02:35,20210509
10,2018-03-31,SENR,USD,2018-04-18 00:00:00,2018-04-17 19:04:06,Q1,-747300.0,160600.0,0.0,35500.0,-220900.0,-3500.0,0.0,58900.0,-5422300.0,263800.0,-217900.0,0.0,0.0,0.0,0.0,0.0,0.0,-135600.0,120000.0,0.0,0.0,0.0,334400.0,0.0,116500.0,170600.0,54100.0,-217900.0,0.0,-217900.0,https://www.sec.gov/Archives/edgar/data/1576197/000138713118001627/0001387131-18-001627-index.html,https://www.sec.gov/Archives/edgar/data/1576197/000138713118001627/seer-10k_123117.htm,1620597755,18:02:35,20210509
11,2017-12-31,SENR,USD,2018-04-18,2018-04-17 19:04:06,Q4,-2520500.0,0.0,0.0,152600.0,-2312000.0,16600.0,0.0,0.0,-5201400.0,-157100.0,-594300.0,41000.0,0.0,0.0,0.0,225400.0,337600.0,-487100.0,0.0,0.0,0.0,0.0,133600.0,0.0,-95400.0,54100.0,149500.0,-594300.0,0.0,-556400.0,https://www.sec.gov/Archives/edgar/data/1576197/000138713118001627/0001387131-18-001627-index.htm,https://www.sec.gov/Archives/edgar/data/1576197/000138713118001627/seer-10k_123117.htm,1620597755,18:02:35,20210509
12,2017-09-30,SENR,USD,2017-11-14 00:00:00,2017-11-13 18:48:24,Q3,-1378100.0,186600.0,0.0,37200.0,1429200.0,-191800.0,0.0,0.0,-2889400.0,396500.0,-1662100.0,-179100.0,0.0,0.0,0.0,1985500.0,1788500.0,-423900.0,0.0,0.0,0.0,0.0,-113900.0,0.0,-137800.0,149500.0,287300.0,-1662100.0,-194600.0,-1856700.0,https://www.sec.gov/Archives/edgar/data/1576197/000138713117005443/0001387131-17-005443-index.html,https://www.sec.gov/Archives/edgar/data/1576197/000138713117005443/senr-10q_093017.htm,1620597755,18:02:35,20210509
13,2017-06-30,SENR,USD,2017-08-14 00:00:00,2017-08-14 16:42:49,Q2,-1814900.0,216800.0,0.0,39800.0,-401000.0,689800.0,0.0,0.0,-4318600.0,561000.0,-374200.0,-60400.0,0.0,0.0,0.0,0.0,-58000.0,-373400.0,0.0,0.0,0.0,0.0,-234800.0,0.0,-55300.0,287300.0,342600.0,-374200.0,-60400.0,-434600.0,https://www.sec.gov/Archives/edgar/data/1576197/000138713117004189/0001387131-17-004189-index.html,https://www.sec.gov/Archives/edgar/data/1576197/000138713117004189/senr-10q_063017.htm,1620597755,18:02:35,20210509
14,2017-03-31,SENR,USD,2017-04-14 00:00:00,2017-04-14 16:17:26,Q1,-419900.0,191900.0,0.0,17000.0,83400.0,-243700.0,0.0,0.0,-3917600.0,346600.0,-155700.0,-1300.0,0.0,0.0,0.0,0.0,-1300.0,-183600.0,0.0,0.0,0.0,0.0,266400.0,0.0,109400.0,342600.0,233200.0,-155700.0,-1300.0,-157000.0,https://www.sec.gov/Archives/edgar/data/1576197/000138713117002083/0001387131-17-002083-index.html,https://www.sec.gov/Archives/edgar/data/1576197/000138713117002083/seer-10k_123116.htm,1620597755,18:02:35,20210509
15,2016-12-31,SENR,USD,2016-12-31,2016-12-31,Q4,-2960100.0,214100.0,0.0,7500.0,-800300.0,-150400.0,0.0,0.0,-4001000.0,7500.0,-116100.0,13600.0,0.0,0.0,0.0,0.0,6000.0,-304000.0,54900.0,0.0,0.0,-54900.0,201000.0,0.0,90900.0,233200.0,142300.0,-116100.0,6000.0,-110100.0,,,1620597755,18:02:35,20210509
16,2016-09-30,SENR,USD,2016-11-14 00:00:00,2016-11-14 14:07:30,Q3,-873800.0,190800.0,0.0,11500.0,-431700.0,-882400.0,0.0,0.0,-3200700.0,2200.0,-427800.0,-21200.0,0.0,0.0,0.0,0.0,-30600.0,-104400.0,0.0,0.0,0.0,0.0,345600.0,0.0,-112800.0,142300.0,255100.0,-427800.0,-30600.0,-458400.0,https://www.sec.gov/Archives/edgar/data/1576197/000138713116007936/0001387131-16-007936-index.html,https://www.sec.gov/Archives/edgar/data/1576197/000138713116007936/senr-10q_093016.htm,1620597755,18:02:35,20210509
17,2016-06-30,SENR,USD,2016-06-30,2016-06-30,Q2,-852800.0,185800.0,0.0,42900.0,-481600.0,528900.0,0.0,0.0,-2769000.0,98300.0,-377400.0,-19400.0,0.0,0.0,0.0,19700.0,-7500.0,-330700.0,100000.0,0.0,0.0,0.0,-22800.0,0.0,-407700.0,255100.0,662800.0,-377400.0,-27200.0,-404600.0,,,1620597755,18:02:35,20210509
18,2016-03-31,SENR,USD,2016-04-14 00:00:00,2016-04-14 13:03:55,Q1,46800.0,194300.0,0.0,29600.0,404500.0,-380700.0,0.0,0.0,-2287400.0,1200.0,320900.0,-136700.0,0.0,0.0,0.0,39300.0,-117700.0,-144500.0,300000.0,0.0,0.0,0.0,202500.0,0.0,405700.0,662800.0,257100.0,320900.0,-157000.0,163900.0,https://www.sec.gov/Archives/edgar/data/1576197/000138713116004975/0001387131-16-004975-index.html,https://www.sec.gov/Archives/edgar/data/1576197/000138713116004975/seer-10k_123115.htm,1620597755,18:02:35,20210509
19,2015-12-31,SENR,USD,2016-04-14,2016-04-14 13:03:55,Q4,-1306400.0,275500.0,0.0,132000.0,-390900.0,346500.0,0.0,0.0,-2691900.0,133300.0,5000.0,-6700.0,0.0,0.0,0.0,0.0,-347000.0,-69300.0,0.0,0.0,0.0,0.0,180700.0,0.0,52500.0,257100.0,204600.0,5000.0,-347000.0,-342000.0,https://www.sec.gov/Archives/edgar/data/1576197/000138713116004975/0001387131-16-004975-index.htm,https://www.sec.gov/Archives/edgar/data/1576197/000138713116004975/seer-10k_123115.htm,1620597755,18:02:35,20210509
20,2015-09-30,SENR,USD,2015-11-13 00:00:00,2015-11-13 16:38:30,Q3,-644500.0,146600.0,0.0,27200.0,375100.0,-46000.0,0.0,0.0,-2301000.0,27200.0,-840900.0,-97500.0,0.0,0.0,0.0,0.0,-130100.0,-128500.0,0.0,0.0,0.0,0.0,871500.0,0.0,-99500.0,204600.0,304100.0,-840900.0,-130100.0,-971000.0,https://www.sec.gov/Archives/edgar/data/1576197/000138713115003361/0001387131-15-003361-index.html,https://www.sec.gov/Archives/edgar/data/1576197/000138713115003361/seer-10q_093015.htm,1620597755,18:02:35,20210509
21,2015-06-30,SENR,USD,2015-08-14 00:00:00,2015-08-14 13:08:58,Q2,-895400.0,146700.0,0.0,50600.0,-914300.0,513800.0,0.0,0.0,-2676100.0,50600.0,-33400.0,-181000.0,0.0,0.0,0.0,0.0,-190000.0,-134400.0,0.0,0.0,0.0,0.0,-134400.0,0.0,-357800.0,304100.0,661900.0,-33400.0,-190000.0,-223400.0,https://www.sec.gov/Archives/edgar/data/1576197/000138713115002499/0001387131-15-002499-index.html,https://www.sec.gov/Archives/edgar/data/1576197/000138713115002499/seer-10q_063015.htm,1620597755,18:02:35,20210509
22,2015-03-31,SENR,USD,2015-04-14 00:00:00,2015-04-13 18:30:02,Q1,-577300.0,146600.0,0.0,98000.0,-355000.0,921700.0,0.0,0.0,-1761800.0,98000.0,753700.0,-169800.0,0.0,0.0,0.0,0.0,-187100.0,-133900.0,0.0,0.0,0.0,0.0,-133900.0,0.0,432700.0,661900.0,229200.0,753700.0,-187100.0,566600.0,https://www.sec.gov/Archives/edgar/data/1576197/000138713115001271/0001387131-15-001271-index.html,https://www.sec.gov/Archives/edgar/data/1576197/000138713115001271/seer-10k_123114.htm,1620597755,18:02:35,20210509
23,2014-12-31,SENR,USD,2015-04-14,2015-04-13 18:30:02,Q4,-253200.0,0.0,0.0,234400.0,-408000.0,-905200.0,0.0,367200.0,-1406800.0,234400.0,65400.0,-551900.0,0.0,0.0,0.0,0.0,-566900.0,-86900.0,0.0,0.0,0.0,0.0,-5100.0,0.0,-506600.0,229200.0,735800.0,65400.0,-566900.0,-501500.0,https://www.sec.gov/Archives/edgar/data/1576197/000138713115001271/0001387131-15-001271-index.htm,https://www.sec.gov/Archives/edgar/data/1576197/000138713115001271/seer-10k_123114.htm,1620597755,18:02:35,20210509
24,2014-09-30,SENR,USD,2014-11-13 00:00:00,2014-11-13 15:42:49,Q3,263700.0,0.0,0.0,74600.0,-74800.0,212900.0,-10300.0,-919100.0,-998800.0,0.0,-60700.0,-548900.0,0.0,0.0,0.0,0.0,-559900.0,-28800.0,0.0,0.0,0.0,0.0,-3800.0,0.0,-624400.0,735800.0,1360200.0,-60700.0,-559900.0,-620600.0,https://www.sec.gov/Archives/edgar/data/1576197/000157619714000010/0001576197-14-000010-index.html,https://www.sec.gov/Archives/edgar/data/1576197/000157619714000010/aseer10q093014.htm,1620597755,18:02:35,20210509
25,2014-06-30,SENR,USD,2014-08-12 00:00:00,2014-08-12 15:55:09,Q2,366800.0,0.0,0.0,36700.0,-1419200.0,-1066600.0,-16600.0,941000.0,-924000.0,36700.0,471400.0,-1520100.0,0.0,0.0,0.0,0.0,-1568100.0,-66200.0,0.0,0.0,0.0,0.0,290800.0,0.0,-805900.0,1360200.0,2166100.0,471400.0,-1568100.0,-1096700.0,https://www.sec.gov/Archives/edgar/data/1576197/000138713114002838/0001387131-14-002838-index.html,https://www.sec.gov/Archives/edgar/data/1576197/000138713114002838/seer-10q_063014.htm,1620597755,18:02:35,20210509
26,2014-03-31,SENR,USD,2014-05-15 00:00:00,2014-05-15 10:25:54,Q1,-1103300.0,0.0,0.0,648700.0,-86300.0,-276500.0,0.0,-220000.0,495200.0,648700.0,-446400.0,-784900.0,0.0,0.0,0.0,0.0,-790800.0,-96800.0,0.0,0.0,0.0,0.0,984200.0,0.0,-253000.0,2166100.0,2419100.0,-446400.0,-790800.0,-1237200.0,https://www.sec.gov/Archives/edgar/data/1576197/000138713114001962/0001387131-14-001962-index.html,https://www.sec.gov/Archives/edgar/data/1576197/000138713114001962/seer-10q_033114.htm,1620597755,18:02:35,20210509
27,2013-12-31,SENR,USD,2013-12-31,2013-12-31,Q4,-432600.0,0.0,0.0,121200.0,1639800.0,286300.0,159100.0,-149000.0,581500.0,124100.0,108700.0,-813800.0,0.0,0.0,0.0,13400.0,-800400.0,-105900.0,0.0,0.0,0.0,-100000.0,2806800.0,0.0,2115100.0,2419100.0,304000.0,108700.0,-800400.0,-691700.0,,,1620597755,18:02:35,20210509
28,2013-09-30,SENR,USD,2013-11-14 00:00:00,2013-11-14 14:54:55,Q3,-122800.0,0.0,0.0,76600.0,146100.0,-31700.0,-154900.0,-133900.0,-1058300.0,76600.0,203200.0,-102200.0,0.0,0.0,0.0,0.0,-103700.0,-17500.0,0.0,0.0,0.0,100000.0,138800.0,0.0,238300.0,304000.0,65700.0,203200.0,-103700.0,99500.0,https://www.sec.gov/Archives/edgar/data/1576197/000138713113004340/0001387131-13-004340-index.html,https://www.sec.gov/Archives/edgar/data/1576197/000138713113004340/seer-10q_093013.htm,1620597755,18:02:35,20210509
