,date,symbol,reportedCurrency,fillingDate,acceptedDate,period,netIncome,depreciationAndAmortization,deferredIncomeTax,stockBasedCompensation,changeInWorkingCapital,accountsReceivables,inventory,accountsPayables,otherWorkingCapital,otherNonCashItems,netCashProvidedByOperatingActivities,investmentsInPropertyPlantAndEquipment,acquisitionsNet,purchasesOfInvestments,salesMaturitiesOfInvestments,otherInvestingActivites,netCashUsedForInvestingActivites,debtRepayment,commonStockIssued,commonStockRepurchased,dividendsPaid,otherFinancingActivites,netCashUsedProvidedByFinancingActivities,effectOfForexChangesOnCash,netChangeInCash,cashAtEndOfPeriod,cashAtBeginningOfPeriod,operatingCashFlow,capitalExpenditure,freeCashFlow,link,finalLink,timestamp,est_time,est_date
0,2020-12-31,CHMI,USD,2021-03-12,2021-03-12 16:16:38,Q4,9043000.0,0.0,0.0,0.0,-9136000.0,0.0,0.0,0.0,-987000.0,297000.0,8629000.0,0.0,0.0,-354000.0,-958000.0,0.0,219112000.0,-1534068000.0,1800000.0,-1748000.0,-7075000.0,-85000.0,-225503000.0,0.0,2238000.0,130218000.0,127980000.0,8629000.0,-21896000.0,-13267000.0,https://www.sec.gov/Archives/edgar/data/1571776/000114036121008318/0001140361-21-008318-index.htm,https://www.sec.gov/Archives/edgar/data/1571776/000114036121008318/brhc10021221_10k.htm,1620590248,15:57:28,20210509
1,2020-09-30,CHMI,USD,2020-11-09,2020-11-09 16:16:19,Q3,-7377000.0,11362000.0,0.0,0.0,1354184000.0,-1445000.0,0.0,0.0,-19171000.0,-2448000.0,22725000.0,0.0,0.0,-6569000.0,2960000.0,0.0,30378000.0,-1451977000.0,-1710000.0,1748000.0,-7158000.0,1499000.0,-52968000.0,0.0,136000.0,127980000.0,127844000.0,22725000.0,0.0,22725000.0,https://www.sec.gov/Archives/edgar/data/1571776/000114036120025034/0001140361-20-025034-index.htm,https://www.sec.gov/Archives/edgar/data/1571776/000114036120025034/brhc10016612_10q.htm,1620590248,15:57:28,20210509
2,2020-06-30,CHMI,USD,2020-08-10,2020-08-10 17:01:17,Q2,-10124000.0,0.0,0.0,0.0,143078000.0,0.0,0.0,0.0,-1373355000.0,6154000.0,6163000.0,0.0,0.0,123000.0,28442000.0,0.0,209832000.0,-1870805000.0,3356000.0,0.0,-7130000.0,-10279000.0,-224168000.0,0.0,-8174000.0,127844000.0,136018000.0,6163000.0,0.0,6163000.0,https://www.sec.gov/Archives/edgar/data/1571776/000114036120018010/0001140361-20-018010-index.htm,https://www.sec.gov/Archives/edgar/data/1571776/000114036120018010/brhc10014077_10q.htm,1620590248,15:57:28,20210509
3,2020-03-31,CHMI,USD,2020-05-11,2020-05-11 16:18:00,Q1,-44760000.0,0.0,0.0,0.0,839781000.0,0.0,0.0,0.0,-1516433000.0,21988000.0,23678000.0,0.0,0.0,-25796000.0,29956000.0,0.0,800381000.0,-3635603000.0,124000.0,-1824000.0,-9180000.0,-1167000.0,-779749000.0,0.0,44310000.0,136018000.0,91708000.0,23678000.0,0.0,23678000.0,https://www.sec.gov/Archives/edgar/data/1571776/000114036120011289/0001140361-20-011289-index.htm,https://www.sec.gov/Archives/edgar/data/1571776/000114036120011289/form10q.htm,1620590248,15:57:28,20210509
4,2019-12-31,CHMI,USD,2020-02-27,2020-02-27 16:17:54,Q4,7751000.0,0.0,0.0,0.0,-66452000.0,0.0,0.0,0.0,-2356214000.0,5550000.0,19554000.0,0.0,0.0,-33718000.0,-5661000.0,0.0,-62932000.0,-2190099000.0,39000.0,-3543000.0,-9239000.0,-2009000.0,65017000.0,0.0,21639000.0,91708000.0,70069000.0,19554000.0,0.0,19554000.0,https://www.sec.gov/Archives/edgar/data/1571776/000114036120004262/0001140361-20-004262-index.htm,https://www.sec.gov/Archives/edgar/data/1571776/000114036120004262/hc10009099x1_10k.htm,1620590248,15:57:28,20210509
5,2019-09-30,CHMI,USD,2019-11-12,2019-11-12 16:17:01,Q3,-2951000.0,0.0,0.0,0.0,-336348000.0,0.0,0.0,0.0,-2289762000.0,3873000.0,13915000.0,0.0,0.0,-19769000.0,16984000.0,0.0,-321744000.0,-2025360000.0,53000.0,0.0,-9353000.0,-515000.0,320353000.0,0.0,12524000.0,70069000.0,57545000.0,13915000.0,0.0,13915000.0,https://www.sec.gov/Archives/edgar/data/1571776/000114036119020331/0001140361-19-020331-index.htm,https://www.sec.gov/Archives/edgar/data/1571776/000114036119020331/form10q.htm,1620590248,15:57:28,20210509
6,2019-06-30,CHMI,USD,2019-08-08,2019-08-08 16:21:00,Q2,-27158000.0,0.0,0.0,0.0,-186355000.0,0.0,0.0,0.0,-1953414000.0,3455000.0,22809000.0,0.0,0.0,-14023000.0,5735000.0,5425000.0,-152038000.0,-1339571000.0,3888000.0,0.0,-11014000.0,-7528000.0,133845000.0,0.0,4616000.0,57545000.0,52929000.0,22809000.0,0.0,22809000.0,https://www.sec.gov/Archives/edgar/data/1571776/000114036119014594/0001140361-19-014594-index.htm,https://www.sec.gov/Archives/edgar/data/1571776/000114036119014594/form10q.htm,1620590248,15:57:28,20210509
7,2019-03-31,CHMI,USD,2019-05-09,2019-05-09 16:17:14,Q1,-21138000.0,0.0,0.0,0.0,-1801666000.0,0.0,0.0,0.0,-1767059000.0,2354000.0,13406000.0,0.0,0.0,-36379000.0,1735000.0,1652000.0,-220401000.0,-1788204000.0,132000.0,-103000.0,-10131000.0,-9038000.0,219905000.0,0.0,12910000.0,52929000.0,40019000.0,13406000.0,0.0,13406000.0,https://www.sec.gov/Archives/edgar/data/1571776/000114036119008846/0001140361-19-008846-index.htm,https://www.sec.gov/Archives/edgar/data/1571776/000114036119008846/form10q.htm,1620590248,15:57:28,20210509
8,2018-12-31,CHMI,USD,2019-03-18,2019-03-18 16:52:22,Q4,-38810000.0,0.0,0.0,0.0,-11331000.0,0.0,0.0,0.0,34607000.0,4355000.0,11596000.0,0.0,0.0,-37179000.0,63000.0,-2248000.0,44477000.0,-1629127000.0,8638000.0,0.0,-12157000.0,-10488000.0,-66610000.0,0.0,18631000.0,40019000.0,21388000.0,11596000.0,0.0,11596000.0,https://www.sec.gov/Archives/edgar/data/1571776/000114036119005137/0001140361-19-005137-index.htm,https://www.sec.gov/Archives/edgar/data/1571776/000114036119005137/brhc10000157x1_10k.htm,1620590248,15:57:28,20210509
9,2018-09-30,CHMI,USD,2018-11-07,2018-11-07 16:22:19,Q3,27499000.0,0.0,0.0,0.0,17236000.0,0.0,0.0,0.0,45938000.0,3789000.0,12452000.0,0.0,0.0,-44322000.0,-32000.0,-157000.0,-38889000.0,-1584071000.0,6755000.0,0.0,-9401000.0,-13154000.0,23883000.0,0.0,-2554000.0,21388000.0,23942000.0,12452000.0,0.0,12452000.0,https://www.sec.gov/Archives/edgar/data/1571776/000114036118042643/0001140361-18-042643-index.htm,https://www.sec.gov/Archives/edgar/data/1571776/000114036118042643/form10q.htm,1620590248,15:57:28,20210509
10,2018-06-30,CHMI,USD,2018-08-08,2018-08-08 16:17:18,Q2,13845000.0,0.0,0.0,0.0,-20071000.0,0.0,0.0,0.0,28702000.0,4642000.0,22941000.0,0.0,0.0,-45709000.0,0.0,-1941000.0,-276667000.0,-1507046000.0,53582000.0,0.0,-9148000.0,7697000.0,253392000.0,0.0,-334000.0,23942000.0,24276000.0,22941000.0,0.0,22941000.0,https://www.sec.gov/Archives/edgar/data/1571776/000156761918000110/0001567619-18-000110-index.htm,https://www.sec.gov/Archives/edgar/data/1571776/000156761918000110/form10q.htm,1620590248,15:57:28,20210509
11,2018-03-31,CHMI,USD,2018-05-09,2018-05-09 16:16:54,Q1,35239000.0,0.0,0.0,0.0,23497000.0,0.0,0.0,0.0,48773000.0,8479000.0,16649000.0,0.0,0.0,-53683000.0,32000.0,-810000.0,105195000.0,-2071084000.0,37000.0,0.0,-7531000.0,12850000.0,-124895000.0,0.0,-3051000.0,24276000.0,27327000.0,16649000.0,0.0,16649000.0,https://www.sec.gov/Archives/edgar/data/1571776/000114036118022486/0001140361-18-022486-index.htm,https://www.sec.gov/Archives/edgar/data/1571776/000114036118022486/form10q.htm,1620590248,15:57:28,20210509
12,2017-12-31,CHMI,USD,2018-03-16,2018-03-15 19:27:54,Q4,20233000.0,0.0,0.0,0.0,-1576000.0,0.0,0.0,0.0,25276000.0,2892000.0,12222000.0,0.0,0.0,-23143000.0,76000.0,-1061000.0,-120036000.0,-1375028000.0,59000.0,0.0,-7560000.0,-1212000.0,101242000.0,0.0,-6572000.0,27327000.0,33899000.0,12222000.0,0.0,12222000.0,https://www.sec.gov/Archives/edgar/data/1571776/000114036118013724/0001140361-18-013724-index.htm,https://www.sec.gov/Archives/edgar/data/1571776/000114036118013724/h10051549x1_10k.htm,1620590248,15:57:28,20210509
13,2017-09-30,CHMI,USD,2017-11-07,2017-11-07 16:08:06,Q3,6859000.0,0.0,0.0,0.0,26674000.0,0.0,0.0,-14872000.0,26852000.0,3012000.0,-421000.0,0.0,0.0,-26106000.0,87000.0,-1193000.0,-401214000.0,-1069667000.0,238000.0,0.0,-6896000.0,-8674000.0,405014000.0,0.0,3379000.0,33899000.0,30520000.0,-421000.0,0.0,-421000.0,https://www.sec.gov/Archives/edgar/data/1571776/000114036117041377/0001140361-17-041377-index.htm,https://www.sec.gov/Archives/edgar/data/1571776/000114036117041377/form10q.htm,1620590248,15:57:28,20210509
14,2017-06-30,CHMI,USD,2017-08-08,2017-08-08 16:35:53,Q2,-1665000.0,0.0,0.0,0.0,185075000.0,0.0,0.0,-242920000.0,178000.0,3491000.0,-230523000.0,0.0,0.0,-3800000.0,0.0,-1371000.0,-239217000.0,-489563000.0,25000.0,0.0,-6306000.0,-12197000.0,425145000.0,0.0,-44595000.0,30520000.0,75115000.0,-230523000.0,0.0,-230523000.0,https://www.sec.gov/Archives/edgar/data/1571776/000114036117030603/0001140361-17-030603-index.htm,https://www.sec.gov/Archives/edgar/data/1571776/000114036117030603/form10q.htm,1620590248,15:57:28,20210509
15,2017-03-31,CHMI,USD,2017-05-09,2017-05-09 16:38:12,Q1,22587000.0,1419000.0,0.0,0.0,-202354000.0,0.0,0.0,251590000.0,-184897000.0,391000.0,258962000.0,0.0,0.0,-32758000.0,35905000.0,-408000.0,-464008000.0,-614681000.0,80915000.0,0.0,-3778000.0,15384000.0,264337000.0,0.0,59291000.0,75115000.0,15824000.0,258962000.0,0.0,258962000.0,https://www.sec.gov/Archives/edgar/data/1571776/000114036117019149/0001140361-17-019149-index.htm,https://www.sec.gov/Archives/edgar/data/1571776/000114036117019149/form10q.htm,1620590248,15:57:28,20210509
16,2016-12-31,CHMI,USD,2017-03-15,2017-03-14 19:39:21,Q4,26602000.0,1266000.0,0.0,0.0,24753000.0,0.0,0.0,822000.0,17457000.0,69000.0,8334000.0,0.0,0.0,-4405000.0,39699000.0,-4231000.0,-123211000.0,-608515000.0,25000.0,0.0,-4891000.0,-6455000.0,118115000.0,0.0,3238000.0,15824000.0,12586000.0,8334000.0,0.0,8334000.0,https://www.sec.gov/Archives/edgar/data/1571776/000156761917000445/0001567619-17-000445-index.htm,https://www.sec.gov/Archives/edgar/data/1571776/000156761917000445/h10042041x1_10k.htm,1620590248,15:57:28,20210509
17,2016-09-30,CHMI,USD,2016-11-09,2016-11-09 16:14:06,Q3,5519000.0,998000.0,0.0,0.0,5950000.0,0.0,0.0,959000.0,-7296000.0,-577000.0,7719000.0,0.0,0.0,-2303000.0,2737000.0,-2246000.0,-10196000.0,-480428000.0,25000.0,0.0,-3756000.0,-163000.0,5243000.0,0.0,2766000.0,12586000.0,9820000.0,7719000.0,0.0,7719000.0,https://www.sec.gov/Archives/edgar/data/1571776/000114036116085592/0001140361-16-085592-index.htm,https://www.sec.gov/Archives/edgar/data/1571776/000114036116085592/form10q.htm,1620590248,15:57:28,20210509
18,2016-06-30,CHMI,USD,2016-08-09,2016-08-09 16:24:08,Q2,284000.0,998000.0,0.0,0.0,-7064000.0,0.0,0.0,0.0,-13246000.0,-100000.0,15119000.0,0.0,0.0,-11593000.0,3082000.0,-548000.0,-18771000.0,-603671000.0,37000.0,0.0,-3736000.0,-2945000.0,2823000.0,0.0,-829000.0,9820000.0,10649000.0,15119000.0,0.0,15119000.0,https://www.sec.gov/Archives/edgar/data/1571776/000114036116075473/0001140361-16-075473-index.htm,https://www.sec.gov/Archives/edgar/data/1571776/000114036116075473/form10q.htm,1620590248,15:57:28,20210509
19,2016-03-31,CHMI,USD,2016-05-10,2016-05-10 16:02:57,Q1,-7162000.0,853000.0,0.0,0.0,-284000.0,0.0,0.0,0.0,-6182000.0,-173000.0,3285000.0,0.0,0.0,-5710000.0,4912000.0,-1458000.0,6084000.0,-446109000.0,38000.0,0.0,-3735000.0,-2964000.0,-9323000.0,0.0,46000.0,10649000.0,10603000.0,3285000.0,0.0,3285000.0,https://www.sec.gov/Archives/edgar/data/1571776/000114036116064292/0001140361-16-064292-index.htm,https://www.sec.gov/Archives/edgar/data/1571776/000114036116064292/form10q.htm,1620590248,15:57:28,20210509
20,2015-12-31,CHMI,USD,2016-03-15,2016-03-15 16:16:01,Q4,9651000.0,1296000.0,0.0,0.0,-819000.0,0.0,0.0,0.0,-5898000.0,-514000.0,7400000.0,0.0,0.0,-15484000.0,1761000.0,-230000.0,51077000.0,-548493000.0,37000.0,0.0,-3739000.0,5168000.0,-60535000.0,0.0,-2058000.0,10603000.0,12661000.0,7400000.0,0.0,7400000.0,https://www.sec.gov/Archives/edgar/data/1571776/000156761916002020/0001567619-16-002020-index.htm,https://www.sec.gov/Archives/edgar/data/1571776/000156761916002020/h10035034x1_10k.htm,1620590248,15:57:28,20210509
21,2015-09-30,CHMI,USD,2015-11-09,2015-11-09 16:02:30,Q3,-5170000.0,997000.0,0.0,0.0,-21991000.0,4977000.0,0.0,0.0,-5079000.0,51000.0,11182000.0,0.0,0.0,-974000.0,3718000.0,-4005000.0,-144959000.0,-413081000.0,37000.0,0.0,-3714000.0,-4026000.0,131333000.0,0.0,-2444000.0,12661000.0,15105000.0,11182000.0,0.0,11182000.0,https://www.sec.gov/Archives/edgar/data/1571776/000114036115040195/0001140361-15-040195-index.htm,https://www.sec.gov/Archives/edgar/data/1571776/000114036115040195/form10q.htm,1620590248,15:57:28,20210509
22,2015-06-30,CHMI,USD,2015-08-10,2015-08-10 16:32:10,Q2,11308000.0,841000.0,0.0,0.0,615000.0,-4977000.0,0.0,0.0,16912000.0,277000.0,94000.0,0.0,0.0,-921000.0,4074000.0,-715000.0,-11240000.0,-394790000.0,0.0,0.0,-3865000.0,-811000.0,12579000.0,0.0,1433000.0,15105000.0,13672000.0,94000.0,0.0,94000.0,https://www.sec.gov/Archives/edgar/data/1571776/000119312515284952/0001193125-15-284952-index.htm,https://www.sec.gov/Archives/edgar/data/1571776/000119312515284952/d33690d10q.htm,1620590248,15:57:28,20210509
23,2015-03-31,CHMI,USD,2015-05-11,2015-05-11 16:04:06,Q1,-2434000.0,677000.0,0.0,0.0,1178000.0,309000.0,0.0,0.0,16297000.0,-205000.0,4699000.0,0.0,0.0,-528000.0,3999000.0,-528000.0,-8025000.0,-344575000.0,0.0,0.0,-3865000.0,-3326000.0,4551000.0,0.0,1225000.0,13672000.0,12447000.0,4699000.0,0.0,4699000.0,https://www.sec.gov/Archives/edgar/data/1571776/000119312515181881/0001193125-15-181881-index.htm,https://www.sec.gov/Archives/edgar/data/1571776/000119312515181881/d914001d10q.htm,1620590248,15:57:28,20210509
24,2014-12-31,CHMI,USD,2015-03-16,2015-03-16 08:25:36,Q4,-518000.0,725000.0,0.0,0.0,1633000.0,-309000.0,0.0,0.0,15119000.0,-65000.0,3435000.0,0.0,0.0,-1585000.0,4206000.0,-1543000.0,-33962000.0,-226559000.0,37000.0,0.0,-3865000.0,429000.0,29488000.0,0.0,-1039000.0,12447000.0,13486000.0,3435000.0,0.0,3435000.0,https://www.sec.gov/Archives/edgar/data/1571776/000119312515092416/0001193125-15-092416-index.htm,https://www.sec.gov/Archives/edgar/data/1571776/000119312515092416/d851725d10k.htm,1620590248,15:57:28,20210509
25,2014-09-30,CHMI,USD,2014-11-12,2014-11-12 16:32:09,Q3,2814000.0,516000.0,0.0,0.0,-2931000.0,0.0,0.0,0.0,13486000.0,54000.0,5065000.0,0.0,0.0,0.0,4449000.0,0.0,-35813000.0,-308011000.0,38000.0,0.0,-3864000.0,-1884000.0,29782000.0,0.0,-966000.0,13486000.0,14452000.0,5065000.0,0.0,5065000.0,https://www.sec.gov/Archives/edgar/data/1571776/000119312514409353/0001193125-14-409353-index.htm,https://www.sec.gov/Archives/edgar/data/1571776/000119312514409353/d810026d10q.htm,1620590248,15:57:28,20210509
26,2014-06-30,CHMI,USD,2014-08-12,2014-08-12 17:01:36,Q2,-655000.0,462000.0,0.0,0.0,1621000.0,0.0,0.0,0.0,16417000.0,-8000.0,3413000.0,0.0,0.0,-668000.0,4573000.0,88000.0,-19824000.0,-406957000.0,38000.0,0.0,-3773000.0,-1875000.0,18156000.0,0.0,1745000.0,14452000.0,12707000.0,3413000.0,0.0,3413000.0,https://www.sec.gov/Archives/edgar/data/1571776/000119312514306783/0001193125-14-306783-index.htm,https://www.sec.gov/Archives/edgar/data/1571776/000119312514306783/d761647d10q.htm,1620590248,15:57:28,20210509
27,2014-03-31,CHMI,USD,2014-05-13,2014-05-13 17:07:00,Q1,734000.0,355000.0,0.0,0.0,-10343000.0,7239000.0,0.0,0.0,14796000.0,399000.0,13058000.0,0.0,0.0,-1513000.0,4530000.0,-72000.0,-16208000.0,-468508000.0,67000.0,0.0,-3391000.0,127000.0,5482000.0,0.0,2332000.0,12707000.0,10375000.0,13058000.0,0.0,13058000.0,https://www.sec.gov/Archives/edgar/data/1571776/000119312514197235/0001193125-14-197235-index.htm,https://www.sec.gov/Archives/edgar/data/1571776/000119312514197235/d713595d10q.htm,1620590248,15:57:28,20210509
28,2013-12-31,CHMI,USD,2014-03-26,2014-03-26 17:30:29,Q4,21309309.0,0.0,0.0,0.0,25270309.0,0.0,0.0,0.0,25139000.0,0.0,-6052691.0,0.0,0.0,0.0,0.0,0.0,0.0,0.0,148152000.0,0.0,0.0,-5627135.0,403826865.0,0.0,10360174.0,10375000.0,14826.0,-6052691.0,0.0,-6052691.0,https://www.sec.gov/Archives/edgar/data/1571776/000119312514116862/0001193125-14-116862-index.htm,https://www.sec.gov/Archives/edgar/data/1571776/000119312514116862/d655830d10k.htm,1620590248,15:57:28,20210509
29,2013-09-30,CHMI,USD,2013-09-30,2013-09-30,Q3,-36554.0,0.0,0.0,0.0,-36554.0,0.0,0.0,0.0,-131309.0,0.0,-1554.0,0.0,0.0,0.0,0.0,0.0,0.0,0.0,0.0,0.0,0.0,1275.0,1275.0,0.0,-279.0,14826.0,15105.0,-1554.0,0.0,-1554.0,,,1620590248,15:57:28,20210509
30,2013-06-30,CHMI,USD,2013-06-30,2013-06-30,Q2,-35659.0,0.0,0.0,0.0,-35659.0,0.0,0.0,0.0,-94755.0,0.0,-25159.0,0.0,0.0,0.0,0.0,0.0,0.0,0.0,0.0,0.0,0.0,39860000.0,39860.0,0.0,14701.0,15105.0,404.0,-25159.0,0.0,-25159.0,,,1620590248,15:57:28,20210509
31,2013-03-31,CHMI,USD,2013-03-31,2013-03-31,Q4,-35096.0,0.0,0.0,0.0,34500.0,0.0,0.0,0.0,-59096.0,0.0,-596.0,0.0,0.0,0.0,0.0,0.0,0.0,0.0,0.0,0.0,0.0,0.0,0.0,0.0,-596.0,404.0,1000.0,-596.0,0.0,-596.0,,,1620590248,15:57:28,20210509
