,date,symbol,reportedCurrency,fillingDate,acceptedDate,period,netIncome,depreciationAndAmortization,deferredIncomeTax,stockBasedCompensation,changeInWorkingCapital,accountsReceivables,inventory,accountsPayables,otherWorkingCapital,otherNonCashItems,netCashProvidedByOperatingActivities,investmentsInPropertyPlantAndEquipment,acquisitionsNet,purchasesOfInvestments,salesMaturitiesOfInvestments,otherInvestingActivites,netCashUsedForInvestingActivites,debtRepayment,commonStockIssued,commonStockRepurchased,dividendsPaid,otherFinancingActivites,netCashUsedProvidedByFinancingActivities,effectOfForexChangesOnCash,netChangeInCash,cashAtEndOfPeriod,cashAtBeginningOfPeriod,operatingCashFlow,capitalExpenditure,freeCashFlow,link,finalLink,timestamp,est_time,est_date
0,2020-12-31,SEDG,USD,2021-02-19,2021-02-19 06:56:27,Q4,17655000.0,8377000.0,2525000.0,24316000.0,-79202000.0,-31506000.0,-27662000.0,38832000.0,1283242000.0,5244000.0,27226000.0,-36237000.0,0.0,-241676000.0,40087000.0,490000.0,-237336000.0,-401000.0,0.0,0.0,0.0,-82000.0,3171000.0,-14024000.0,-220963000.0,827146000.0,1048109000.0,27226000.0,-36237000.0,-9011000.0,https://www.sec.gov/Archives/edgar/data/1419612/000117891321000696/0001178913-21-000696-index.htm,https://www.sec.gov/Archives/edgar/data/1419612/000117891321000696/sedg10k2020.htm,1620597735,18:02:15,20210509
1,2020-09-30,SEDG,USD,2020-11-04,2020-11-04 12:44:22,Q3,43751000.0,8196000.0,1161000.0,16259000.0,694511000.0,1999000.0,-27769000.0,-33676000.0,1362444000.0,393000.0,28374000.0,-36847000.0,0.0,34000.0,12013000.0,-1377000.0,-26177000.0,-75000.0,0.0,0.0,0.0,-40000.0,628317000.0,-10777000.0,619737000.0,1048109000.0,428372000.0,28374000.0,-36847000.0,-8473000.0,https://www.sec.gov/Archives/edgar/data/1419612/000117891320002995/0001178913-20-002995-index.htm,https://www.sec.gov/ix?doc=/Archives/edgar/data/1419612/000117891320002995/sedg10-q0920.htm,1620597735,18:02:15,20210509
2,2020-06-30,SEDG,USD,2020-08-06 00:00:00,2020-08-06 06:07:40,Q2,36668000.0,7936000.0,-3565000.0,13961000.0,101695000.0,56625000.0,-65226000.0,15766000.0,667933000.0,-236000.0,59310000.0,-26653000.0,0.0,-4891000.0,50722000.0,27622000.0,46800000.0,113000.0,0.0,0.0,0.0,-56000.0,5681000.0,-7491000.0,104300000.0,428372000.0,324072000.0,59310000.0,-26653000.0,32657000.0,https://www.sec.gov/Archives/edgar/data/1419612/000117891320002282/0001178913-20-002282-index.htm,https://www.sec.gov/Archives/edgar/data/1419612/000117891320002282/sedg10-q0620.htm,1620597735,18:02:15,20210509
3,2020-03-31,SEDG,USD,2020-05-07 00:00:00,2020-05-07 14:52:22,Q1,42248000.0,7325000.0,-2859000.0,12773000.0,70189000.0,59420000.0,-29004000.0,-17589000.0,566238000.0,235000.0,107745000.0,-27053000.0,0.0,-31924000.0,39017000.0,36000.0,-19924000.0,-15232000.0,0.0,0.0,0.0,-56000.0,3315000.0,9035000.0,100171000.0,324072000.0,223901000.0,107745000.0,-27053000.0,80692000.0,https://www.sec.gov/Archives/edgar/data/1419612/000117891320001355/0001178913-20-001355-index.html,https://www.sec.gov/Archives/edgar/data/1419612/000117891320001355/sedg10qq1-2020.htm,1620597735,18:02:15,20210509
4,2019-12-31,SEDG,USD,2020-02-27,2020-02-27 16:08:30,Q4,52345000.0,6849000.0,-6037000.0,21668000.0,-3347000.0,-9499000.0,-38290000.0,26536000.0,496049000.0,0.0,83066000.0,-32883000.0,0.0,-56343000.0,23933000.0,-29163000.0,-94456000.0,-2875000.0,0.0,0.0,0.0,-5733000.0,-4714000.0,-7337000.0,-23441000.0,223901000.0,247342000.0,83066000.0,-72562000.0,50183000.0,https://www.sec.gov/Archives/edgar/data/1419612/000117891320000672/0001178913-20-000672-index.htm,https://www.sec.gov/Archives/edgar/data/1419612/000117891320000672/sedg10k2019.htm,1620597735,18:02:15,20210509
5,2019-09-30,SEDG,USD,2019-11-07 00:00:00,2019-11-07 16:02:40,Q3,41627000.0,7004000.0,0.0,17609000.0,62630000.0,-58010000.0,14023000.0,15808000.0,499396000.0,0.0,68700000.0,-17435000.0,0.0,-40056000.0,51355000.0,-40000.0,-6176000.0,-1715000.0,0.0,0.0,0.0,-615000.0,-922000.0,9165000.0,70767000.0,247342000.0,176575000.0,68700000.0,-17435000.0,51265000.0,https://www.sec.gov/Archives/edgar/data/1419612/000117891319002642/0001178913-19-002642-index.html,https://www.sec.gov/Archives/edgar/data/1419612/000117891319002642/zk1923594.htm,1620597735,18:02:15,20210509
6,2019-06-30,SEDG,USD,2019-08-08,2019-08-08 11:14:08,Q2,33128000.0,7201000.0,0.0,11372000.0,-32694000.0,-49183000.0,759000.0,27213000.0,436766000.0,0.0,50784000.0,-11624000.0,0.0,-48283000.0,27741000.0,0.0,-31489000.0,-3672000.0,0.0,0.0,0.0,-64487000.0,-64755000.0,-757000.0,-51714000.0,176575000.0,228289000.0,50784000.0,-11624000.0,39160000.0,https://www.sec.gov/Archives/edgar/data/1419612/000117891319002129/0001178913-19-002129-index.htm,https://www.sec.gov/Archives/edgar/data/1419612/000117891319002129/zk1923332.htm,1620597735,18:02:15,20210509
7,2019-03-31,SEDG,USD,2019-05-10,2019-05-10 10:09:23,Q1,17975000.0,5841000.0,0.0,9704000.0,17065000.0,-7379000.0,964000.0,-21720000.0,469460000.0,0.0,56450000.0,-10620000.0,0.0,-15372000.0,44575000.0,0.0,-20732000.0,-1003000.0,0.0,0.0,0.0,-1987000.0,-2630000.0,1940000.0,35028000.0,228289000.0,193261000.0,56450000.0,-10620000.0,45830000.0,https://www.sec.gov/Archives/edgar/data/1419612/000117891319001396/0001178913-19-001396-index.htm,https://www.sec.gov/Archives/edgar/data/1419612/000117891319001396/zk1923036.htm,1620597735,18:02:15,20210509
8,2018-12-31,SEDG,USD,2019-02-28,2019-02-28 15:02:02,Q4,12936000.0,4218000.0,0.0,8691000.0,-37108000.0,-18096000.0,-2058000.0,17476000.0,452395000.0,0.0,46874000.0,-8557000.0,0.0,2301000.0,57713000.0,0.0,-32057000.0,0.0,0.0,0.0,0.0,0.0,-15870000.0,-645000.0,-1698000.0,193261000.0,194959000.0,46874000.0,-8557000.0,38317000.0,https://www.sec.gov/Archives/edgar/data/1419612/000117891319000721/0001178913-19-000721-index.htm,https://www.sec.gov/Archives/edgar/data/1419612/000117891319000721/zk1922755.htm,1620597735,18:02:15,20210509
9,2018-09-30,SEDG,USD,2018-11-02,2018-11-02 10:16:02,Q3,45643000.0,3348000.0,0.0,7950000.0,27427000.0,-33215000.0,832000.0,1863000.0,489503000.0,0.0,34335000.0,-8666000.0,0.0,-61540000.0,24807000.0,0.0,-56622000.0,0.0,0.0,0.0,0.0,0.0,324000.0,333000.0,-21630000.0,194959000.0,216589000.0,34335000.0,-8666000.0,25669000.0,https://www.sec.gov/Archives/edgar/data/1419612/000117891318002784/0001178913-18-002784-index.htm,https://www.sec.gov/Archives/edgar/data/1419612/000117891318002784/zk1822196.htm,1620597735,18:02:15,20210509
10,2018-06-30,SEDG,USD,2018-08-03,2018-08-03 09:52:51,Q2,34568000.0,2623000.0,0.0,7128000.0,49473000.0,8732000.0,-3604000.0,-1452000.0,462076000.0,0.0,43891000.0,-10060000.0,0.0,-63953000.0,12325000.0,0.0,-61688000.0,0.0,0.0,0.0,0.0,0.0,2986000.0,415000.0,-14396000.0,216589000.0,230985000.0,43891000.0,-10060000.0,33831000.0,https://www.sec.gov/Archives/edgar/data/1419612/000117891318002270/0001178913-18-002270-index.htm,https://www.sec.gov/Archives/edgar/data/1419612/000117891318002270/zk1821946.htm,1620597735,18:02:15,20210509
11,2018-03-31,SEDG,USD,2018-05-10,2018-05-10 10:19:17,Q1,35686000.0,2430000.0,0.0,6849000.0,65671000.0,-17935000.0,-15348000.0,13595000.0,412603000.0,0.0,63979000.0,-11325000.0,0.0,-25436000.0,34500000.0,0.0,-2261000.0,0.0,0.0,0.0,0.0,0.0,4605000.0,-17000.0,66306000.0,230985000.0,164679000.0,63979000.0,-11325000.0,52654000.0,https://www.sec.gov/Archives/edgar/data/1419612/000117891318001580/0001178913-18-001580-index.htm,https://www.sec.gov/Archives/edgar/data/1419612/000117891318001580/zk1821618.htm,1620597735,18:02:15,20210509
12,2017-12-31,SEDG,USD,2018-02-20,2018-02-20 09:25:48,Q4,19502000.0,2223000.0,0.0,5381000.0,14777000.0,-17971000.0,-20695000.0,26788000.0,346932000.0,0.0,45775000.0,-8179000.0,0.0,-61206000.0,33756000.0,-56000.0,-35685000.0,0.0,0.0,0.0,0.0,0.0,3445000.0,180000.0,13715000.0,163163000.0,149448000.0,45775000.0,-8179000.0,37596000.0,https://www.sec.gov/Archives/edgar/data/1419612/000117891318000655/0001178913-18-000655-index.htm,https://www.sec.gov/Archives/edgar/data/1419612/000117891318000655/zk1821213.htm,1620597735,18:02:15,20210509
13,2017-09-30,SEDG,USD,2017-11-08,2017-11-08 17:16:33,Q3,27971000.0,1802000.0,0.0,4537000.0,45912000.0,-11769000.0,-6148000.0,6660000.0,332155000.0,0.0,33599000.0,-5592000.0,0.0,-8363000.0,14839000.0,-235000.0,649000.0,0.0,0.0,0.0,0.0,0.0,1672000.0,76000.0,35996000.0,149448000.0,113452000.0,33599000.0,-5592000.0,28007000.0,https://www.sec.gov/Archives/edgar/data/1419612/000117891317003075/0001178913-17-003075-index.htm,https://www.sec.gov/Archives/edgar/data/1419612/000117891317003075/zk1720724.htm,1620597735,18:02:15,20210509
14,2017-06-30,SEDG,USD,2017-08-03,2017-08-03 13:16:11,Q2,22524000.0,1610000.0,0.0,4034000.0,-4607000.0,-329000.0,4700000.0,-7727000.0,286243000.0,0.0,31625000.0,-5739000.0,0.0,-50036000.0,16009000.0,-168000.0,-39934000.0,0.0,0.0,0.0,0.0,0.0,1752000.0,76000.0,-6481000.0,113452000.0,119933000.0,31625000.0,-5739000.0,25886000.0,https://www.sec.gov/Archives/edgar/data/1419612/000117891317002265/0001178913-17-002265-index.htm,https://www.sec.gov/Archives/edgar/data/1419612/000117891317002265/zk1720325.htm,1620597735,18:02:15,20210509
15,2017-03-31,SEDG,USD,2017-05-10,2017-05-10 13:29:35,Q1,14175000.0,1520000.0,0.0,3612000.0,21550000.0,-8070000.0,6453000.0,9734000.0,290850000.0,0.0,25666000.0,-1872000.0,0.0,-24070000.0,15665000.0,-160000.0,-10437000.0,0.0,0.0,0.0,0.0,0.0,371000.0,-350000.0,15250000.0,119933000.0,104683000.0,25666000.0,-1872000.0,23794000.0,https://www.sec.gov/Archives/edgar/data/1419612/000117891317001381/0001178913-17-001381-index.htm,https://www.sec.gov/Archives/edgar/data/1419612/000117891317001381/zk1719889.htm,1620597735,18:02:15,20210509
16,2016-12-31,SEDG,USD,2017-02-21,2017-02-21 08:47:09,Q4,9799999.999999998,1499999.9999999998,1500000.0,3500000.0,24446000.0,-4543000.0,902000.0,16000.0,269300000.0,3900000.0,24700000.000000004,-7210000.0,0.0,0.0,17478000.0,0.0,-11200000.0,0.0,0.0,1000000.0,0.0,0.0,1000000.0,200000.0,14700000.0,104700000.0,90000000.0,24700000.000000004,-7210000.0,16900000.000000004,https://www.sec.gov/Archives/edgar/data/1419612/000117891317000579/0001178913-17-000579-index.htm,https://www.sec.gov/Archives/edgar/data/1419612/000117891317000579/zk1719564.htm,1620597735,18:02:15,20210509
17,2016-09-30,SEDG,USD,2016-11-09,2016-11-09 16:42:50,Q3,15616000.0,1292000.0,0.0,3100000.0,22375000.0,-12102000.0,13120000.0,-8200000.0,244854000.0,0.0,24369000.0,-3815000.0,0.0,-19928000.0,15304000.0,-47000.0,-8486000.0,0.0,0.0,0.0,0.0,0.0,273000.0,-174000.0,15982000.0,90014000.0,74032000.0,24369000.0,-3815000.0,20554000.0,https://www.sec.gov/Archives/edgar/data/1419612/000117891316006821/0001178913-16-006821-index.htm,https://www.sec.gov/Archives/edgar/data/1419612/000117891316006821/zk1619139.htm,1620597735,18:02:15,20210509
18,2016-06-30,SEDG,USD,2016-08-17,2016-08-17 14:47:36,Q2,17273000.0,1183000.0,0.0,2400000.0,14579000.0,-16590000.0,4090000.0,3354000.0,222479000.0,0.0,18035000.0,-4145000.0,0.0,-29628000.0,5350000.0,96000.0,-28327000.0,0.0,0.0,0.0,0.0,0.0,140000.0,114000.0,-10038000.0,74032000.0,84070000.0,18035000.0,-4145000.0,13890000.0,https://www.sec.gov/Archives/edgar/data/1419612/000117891316006268/0001178913-16-006268-index.htm,https://www.sec.gov/Archives/edgar/data/1419612/000117891316006268/zk1618870.htm,1620597735,18:02:15,20210509
19,2016-03-31,SEDG,USD,2016-05-10,2016-05-10 14:30:54,Q1,20799000.0,993000.0,0.0,2632000.0,8733000.0,-9413000.0,2006000.0,-16853000.0,207900000.0,0.0,15342000.0,-5909000.0,0.0,-36023000.0,0.0,2459000.0,-38473000.0,0.0,0.0,0.0,0.0,0.0,1167000.0,-116000.0,-22080000.0,84070000.0,106150000.0,15342000.0,-5909000.0,9433000.0,https://www.sec.gov/Archives/edgar/data/1419612/000117891316005371/0001178913-16-005371-index.htm,https://www.sec.gov/Archives/edgar/data/1419612/000117891316005371/zk1618453.htm,1620597735,18:02:15,20210509
20,2015-12-31,SEDG,USD,2016-02-08,2016-02-08 09:19:56,Q4,24105000.0,912000.0,0.0,2225000.0,-2857000.0,660000.0,-7496000.0,-5201000.0,199167000.0,0.0,13104000.0,-2344000.0,0.0,0.0,0.0,135000.0,-55069000.0,0.0,0.0,0.0,0.0,0.0,1455000.0,-69000.0,-40579000.0,106150000.0,146729000.0,13104000.0,-2344000.0,10760000.0,https://www.sec.gov/Archives/edgar/data/1419612/000117891316004185/0001178913-16-004185-index.htm,https://www.sec.gov/Archives/edgar/data/1419612/000117891316004185/zk1617937.htm,1620597735,18:02:15,20210509
21,2015-09-30,SEDG,USD,2015-11-06,2015-11-06 08:07:50,Q3,14432000.0,759000.0,0.0,1832000.0,17204000.0,-11928000.0,-5956000.0,-13500000.0,202024000.0,0.0,5946000.0,-3292000.0,0.0,0.0,0.0,124000.0,-3968000.0,0.0,0.0,0.0,0.0,0.0,17000.0,-16000.0,1979000.0,146729000.0,144750000.0,5946000.0,-4092000.0,1854000.0,https://www.sec.gov/Archives/edgar/data/1419612/000117891315003313/0001178913-15-003313-index.htm,https://www.sec.gov/Archives/edgar/data/1419612/000117891315003313/zk1517510.htm,1620597735,18:02:15,20210509
22,2015-06-30,SEDG,USD,2015-08-20,2015-08-20 16:08:36,Q2,9261000.0,606000.0,0.0,1206000.0,14551000.0,9660000.0,-9436000.0,42375000.0,184820000.0,0.0,15689000.0,-3511000.0,0.0,0.0,0.0,-175000.0,-3686000.0,0.0,-2542000.0,0.0,0.0,0.0,-2504000.0,47000.0,9546000.0,144750000.0,135204000.0,15689000.0,-3511000.0,12178000.0,https://www.sec.gov/Archives/edgar/data/1419612/000117891315002692/0001178913-15-002692-index.htm,https://www.sec.gov/Archives/edgar/data/1419612/000117891315002692/zk1517232.htm,1620597735,18:02:15,20210509
23,2015-03-31,SEDG,USD,2015-05-08 00:00:00,2015-05-08 06:54:34,Q1,5965000.0,544000.0,0.0,970000.0,141617000.0,-20074000.0,-16943000.0,-7311000.0,170269000.0,-336000.0,-13044000.0,-5121000.0,0.0,0.0,0.0,-159000.0,-5280000.0,-21341000.0,0.0,0.0,0.0,0.0,129800000.0,-46000.0,111430000.0,135204000.0,23774000.0,-13044000.0,-5121000.0,-18165000.0,https://www.sec.gov/Archives/edgar/data/1419612/000117891315001534/0001178913-15-001534-index.html,https://www.sec.gov/Archives/edgar/data/1419612/000117891315001534/zk1516718.htm,1620597735,18:02:15,20210509
24,2014-12-31,SEDG,USD,2014-12-31,2014-12-31,Q4,3375000.0,561000.0,0.0,460000.0,5852000.0,1646000.0,-17817000.0,-3824000.0,28652000.0,-189000.0,9667000.0,-2131000.0,0.0,0.0,0.0,-1880000.0,-4011000.0,-20106000.0,0.0,0.0,0.0,0.0,-16551000.0,-73000.0,-10968000.0,23774000.0,34742000.0,9667000.0,-2131000.0,7536000.0,,,1620597735,18:02:15,20210509
25,2014-09-30,SEDG,USD,2014-09-30,2014-09-30,Q3,2520000.0,542000.0,0.0,320000.0,26470000.0,-7565000.0,-4311000.0,9871000.0,22800000.0,-467000.0,-258000.0,-1002000.0,0.0,0.0,0.0,42000.0,-960000.0,-798000.0,0.0,0.0,0.0,0.0,26208000.0,-2000.0,24988000.0,34742000.0,9754000.0,-258000.0,-1002000.0,-1260000.0,,,1620597735,18:02:15,20210509
26,2014-06-30,SEDG,USD,2014-06-30,2014-06-30,Q2,-3042000.0,527000.0,0.0,291000.0,-5436000.0,-5809000.0,-275000.0,6064000.0,-3670000.0,-67000.0,-4958000.0,-727000.0,0.0,0.0,0.0,-165000.0,-892000.0,-4213000.0,0.0,0.0,0.0,0.0,4115000.0,17000.0,-1718000.0,9754000.0,11472000.0,-4958000.0,-727000.0,-5685000.0,,,1620597735,18:02:15,20210509
27,2014-03-31,SEDG,USD,2014-03-31,2014-03-31,Q1,-5238000.0,496000.0,0.0,278000.0,1766000.0,-247000.0,-5150000.0,1574000.0,1766000.0,22000.0,-4934000.0,-810000.0,0.0,0.0,0.0,11000.0,-799000.0,-1866000.0,0.0,0.0,0.0,0.0,7624000.0,-17000.0,1874000.0,11472000.0,9598000.0,-4934000.0,-810000.0,-5744000.0,,,1620597735,18:02:15,20210509
28,2013-12-31,SEDG,USD,2013-12-31,2013-12-31,Q4,-7800000.0,500000.0,0.0,0.0,0.0,0.0,0.0,0.0,0.0,400000.0,-4200000.0,-1000000.0,0.0,0.0,0.0,0.0,-1100000.0,0.0,0.0,0.0,0.0,0.0,4300000.000000001,0.0,-799999.9999999998,331357000.0,332157000.0,-4200000.0,-1000000.0,-5200000.0,,,1620597735,18:02:15,20210509
29,2013-09-30,SEDG,USD,2013-09-30,2013-09-30,Q3,-5300000.0,500000.0,0.0,0.0,500000.0,0.0,0.0,0.0,0.0,600000.0,-3800000.0,-500000.0,0.0,0.0,0.0,0.0,-400000.0,0.0,0.0,700000.0,0.0,0.0,1600000.0,-100000.0,-2700000.0,329457000.0,332157000.0,-3800000.0,-500000.0,-4300000.0,,,1620597735,18:02:15,20210509
