,date,symbol,reportedCurrency,fillingDate,acceptedDate,period,netIncome,depreciationAndAmortization,deferredIncomeTax,stockBasedCompensation,changeInWorkingCapital,accountsReceivables,inventory,accountsPayables,otherWorkingCapital,otherNonCashItems,netCashProvidedByOperatingActivities,investmentsInPropertyPlantAndEquipment,acquisitionsNet,purchasesOfInvestments,salesMaturitiesOfInvestments,otherInvestingActivites,netCashUsedForInvestingActivites,debtRepayment,commonStockIssued,commonStockRepurchased,dividendsPaid,otherFinancingActivites,netCashUsedProvidedByFinancingActivities,effectOfForexChangesOnCash,netChangeInCash,cashAtEndOfPeriod,cashAtBeginningOfPeriod,operatingCashFlow,capitalExpenditure,freeCashFlow,link,finalLink,timestamp,est_time,est_date
0,2019-12-31,NVBXU,USD,2020-05-20,2020-05-20 16:11:12,Q4,-1193000.0,1000.0,1510521.0,199000.0,-896000.0,-16000.0,32000.0,-57000.0,1429000.0,0.0,-1032000.0,0.0,0.0,0.0,0.0,0.0,0.0,-475000.0,50000.0,920000.0,0.0,-383000.0,112000.0,0.0,-920000.0,1338000.0,2258000.0,-1032000.0,0.0,-1032000.0,https://www.sec.gov/Archives/edgar/data/1326706/000149315220009519/0001493152-20-009519-index.htm,https://www.sec.gov/Archives/edgar/data/1326706/000149315220009519/form10-k.htm,1620595908,17:31:48,20210509
1,2019-09-30,NVBXU,USD,2019-11-19 00:00:00,2019-11-19 17:19:13,Q3,-833000.0,1000.0,0.0,110000.0,301000.0,0.0,-2000.0,-157000.0,2325000.0,0.0,-1113000.0,0.0,0.0,0.0,0.0,0.0,0.0,0.0,580000.0,113000.0,0.0,307000.0,1000000.0,0.0,-113000.0,2258000.0,2371000.0,-1113000.0,0.0,-1113000.0,https://www.sec.gov/Archives/edgar/data/1326706/000121390019024108/0001213900-19-024108-index.html,https://www.sec.gov/Archives/edgar/data/1326706/000121390019024108/f10q0919_nanovibronixinc.htm,1620595908,17:31:48,20210509
2,2019-06-30,NVBXU,USD,2019-08-14 00:00:00,2019-08-14 17:05:17,Q2,-1089000.0,2000.0,0.0,111000.0,2274000.0,0.0,39000.0,113000.0,2024000.0,0.0,-792000.0,0.0,0.0,0.0,0.0,0.0,0.0,0.0,0.0,-2187000.0,0.0,5166000.0,2979000.0,0.0,2187000.0,2371000.0,184000.0,-792000.0,0.0,-792000.0,https://www.sec.gov/Archives/edgar/data/1326706/000121390019015864/0001213900-19-015864-index.html,https://www.sec.gov/Archives/edgar/data/1326706/000121390019015864/f10q0619_nanovibronix.htm,1620595908,17:31:48,20210509
3,2019-03-31,NVBXU,USD,2019-04-15 00:00:00,2019-04-15 17:21:49,Q1,-2679000.0,0.0,0.0,1335000.0,-840000.0,0.0,-46000.0,37000.0,-250000.0,0.0,-937000.0,0.0,0.0,0.0,0.0,0.0,0.0,0.0,0.0,-184000.0,0.0,409000.0,225000.0,0.0,-712000.0,184000.0,896000.0,-937000.0,0.0,-937000.0,https://www.sec.gov/Archives/edgar/data/1326706/000161577419005785/0001615774-19-005785-index.html,https://www.sec.gov/Archives/edgar/data/1326706/000161577419005785/s116899_10k.htm,1620595908,17:31:48,20210509
4,2018-12-31,NVBXU,USD,2018-12-31,2018-12-31,Q4,-1197000.0,2000.0,0.0,223000.0,-889000.0,0.0,-10000.0,50000.0,590000.0,0.0,-881000.0,0.0,0.0,0.0,0.0,0.0,0.0,0.0,0.0,831000.0,0.0,-781000.0,50000.0,0.0,-833000.0,896000.0,1729000.0,-881000.0,0.0,-881000.0,,,1620595908,17:31:48,20210509
5,2018-09-30,NVBXU,USD,2018-11-14 00:00:00,2018-11-14 14:57:25,Q3,-1344000.0,1000.0,0.0,498000.0,-832000.0,0.0,-56000.0,67000.0,1479000.0,0.0,-798000.0,-3000.0,0.0,0.0,0.0,0.0,-3000.0,0.0,0.0,788000.0,0.0,-775000.0,13000.0,0.0,-788000.0,1727000.0,2515000.0,-798000.0,-3000.0,-801000.0,https://www.sec.gov/Archives/edgar/data/1326706/000161577418012686/0001615774-18-012686-index.html,https://www.sec.gov/Archives/edgar/data/1326706/000161577418012686/s113921_10q.htm,1620595908,17:31:48,20210509
6,2018-06-30,NVBXU,USD,2018-08-14 00:00:00,2018-08-14 13:11:15,Q2,-824000.0,1000.0,0.0,59000.0,-727000.0,0.0,-2000.0,-92000.0,2311000.0,0.0,-1004000.0,-3000.0,0.0,0.0,0.0,0.0,-3000.0,0.0,0.0,976000.0,0.0,-945000.0,31000.0,0.0,-976000.0,2515000.0,3491000.0,-1004000.0,-3000.0,-1007000.0,https://www.sec.gov/Archives/edgar/data/1326706/000161577418008014/0001615774-18-008014-index.html,https://www.sec.gov/Archives/edgar/data/1326706/000161577418008014/s111998_10q.htm,1620595908,17:31:48,20210509
7,2018-03-31,NVBXU,USD,2018-05-15 00:00:00,2018-05-15 16:26:24,Q1,-789000.0,2000.0,0.0,109000.0,-681000.0,0.0,0.0,0.0,3038000.0,0.0,-867000.0,-2000.0,0.0,0.0,0.0,0.0,-2000.0,0.0,0.0,-3491000.0,0.0,3491000.0,0.0,0.0,-869000.0,3491000.0,4360000.0,-867000.0,-2000.0,-869000.0,https://www.sec.gov/Archives/edgar/data/1326706/000161577418003863/0001615774-18-003863-index.html,https://www.sec.gov/Archives/edgar/data/1326706/000161577418003863/s110124_10q.htm,1620595908,17:31:48,20210509
8,2017-12-31,NVBXU,USD,2018-03-29 00:00:00,2018-03-29 17:27:45,Q4,-1641000.0,-1000.0,0.0,117000.0,4370000.0,5000.0,15000.0,90000.0,3719000.0,0.0,-780000.0,2000.0,0.0,0.0,0.0,0.0,2000.0,0.0,0.0,-4278000.0,0.0,9334000.0,5056000.0,0.0,4278000.0,4360000.0,82000.0,-780000.0,2000.0,-778000.0,https://www.sec.gov/Archives/edgar/data/1326706/000161577418002203/0001615774-18-002203-index.html,https://www.sec.gov/Archives/edgar/data/1326706/000161577418002203/s109456_10k.htm,1620595908,17:31:48,20210509
9,2017-09-30,NVBXU,USD,2017-11-14 00:00:00,2017-11-14 17:10:54,Q3,-1599000.0,1000.0,0.0,147000.0,-244000.0,-26000.0,-9000.0,45000.0,-651000.0,0.0,-483000.0,0.0,0.0,0.0,0.0,0.0,0.0,0.0,0.0,133000.0,0.0,217000.0,350000.0,0.0,-133000.0,82000.0,215000.0,-483000.0,0.0,-483000.0,https://www.sec.gov/Archives/edgar/data/1326706/000161577417006716/0001615774-17-006716-index.html,https://www.sec.gov/Archives/edgar/data/1326706/000161577417006716/s108103_10q.htm,1620595908,17:31:48,20210509
10,2017-06-30,NVBXU,USD,2017-08-14 00:00:00,2017-08-14 17:01:46,Q2,-848000.0,4000.0,0.0,185000.0,65000.0,1000.0,-22000.0,25000.0,-407000.0,0.0,-514000.0,-2000.0,0.0,0.0,0.0,0.0,-2000.0,0.0,0.0,-164000.0,0.0,844000.0,680000.0,0.0,164000.0,215000.0,51000.0,-514000.0,-2000.0,-516000.0,https://www.sec.gov/Archives/edgar/data/1326706/000161577417004390/0001615774-17-004390-index.html,https://www.sec.gov/Archives/edgar/data/1326706/000161577417004390/s107112_10q.htm,1620595908,17:31:48,20210509
11,2017-03-31,NVBXU,USD,2017-05-15 00:00:00,2017-05-15 16:01:01,Q1,-877000.0,1000.0,0.0,351000.0,-128000.0,2000.0,7000.0,23000.0,-472000.0,0.0,-405000.0,0.0,0.0,0.0,0.0,0.0,0.0,0.0,0.0,-51000.0,0.0,401000.0,350000.0,0.0,-55000.0,51000.0,106000.0,-405000.0,0.0,-405000.0,https://www.sec.gov/Archives/edgar/data/1326706/000114420417027429/0001144204-17-027429-index.html,https://www.sec.gov/Archives/edgar/data/1326706/000114420417027429/v466733_10q.htm,1620595908,17:31:48,20210509
12,2016-12-31,NVBXU,USD,2017-03-31 00:00:00,2017-03-31 13:54:56,Q4,-1120000.0,1000.0,0.0,224000.0,-618000.0,5000.0,-4000.0,149000.0,-344000.0,0.0,-426000.0,0.0,0.0,0.0,0.0,0.0,0.0,0.0,0.0,426000.0,0.0,-426000.0,0.0,0.0,-426000.0,106000.0,532000.0,-426000.0,0.0,-426000.0,https://www.sec.gov/Archives/edgar/data/1326706/000114420417018057/0001144204-17-018057-index.html,https://www.sec.gov/Archives/edgar/data/1326706/000114420417018057/v462181_10k.htm,1620595908,17:31:48,20210509
13,2016-09-30,NVBXU,USD,2016-11-14 00:00:00,2016-11-14 13:53:38,Q3,-606000.0,2000.0,0.0,163000.0,-397000.0,-4000.0,-4000.0,45000.0,274000.0,0.0,-267000.0,0.0,0.0,0.0,0.0,0.0,0.0,0.0,0.0,267000.0,0.0,-267000.0,0.0,0.0,-267000.0,532000.0,799000.0,-267000.0,0.0,-267000.0,https://www.sec.gov/Archives/edgar/data/1326706/000114420416133999/0001144204-16-133999-index.html,https://www.sec.gov/Archives/edgar/data/1326706/000114420416133999/v452580_10q.htm,1620595908,17:31:48,20210509
14,2016-06-30,NVBXU,USD,2016-08-15 00:00:00,2016-08-15 13:34:33,Q2,-610000.0,2000.0,0.0,56000.0,-419000.0,4000.0,17000.0,3000.0,671000.0,0.0,-478000.0,-1000.0,0.0,0.0,0.0,0.0,-1000.0,0.0,0.0,479000.0,0.0,-479000.0,0.0,0.0,-479000.0,799000.0,1278000.0,-478000.0,-1000.0,-479000.0,https://www.sec.gov/Archives/edgar/data/1326706/000114420416119226/0001144204-16-119226-index.html,https://www.sec.gov/Archives/edgar/data/1326706/000114420416119226/v446417_10-q.htm,1620595908,17:31:48,20210509
15,2016-03-31,NVBXU,USD,2016-05-16 00:00:00,2016-05-16 15:06:58,Q1,-495000.0,2000.0,0.0,65000.0,-389000.0,-6000.0,-5000.0,47000.0,1090000.0,0.0,-362000.0,-7000.0,0.0,0.0,0.0,0.0,-7000.0,0.0,0.0,-1278000.0,0.0,1311000.0,33000.0,0.0,-336000.0,1278000.0,1614000.0,-362000.0,-7000.0,-369000.0,https://www.sec.gov/Archives/edgar/data/1326706/000114420416102427/0001144204-16-102427-index.html,https://www.sec.gov/Archives/edgar/data/1326706/000114420416102427/v439721_10q.htm,1620595908,17:31:48,20210509
16,2015-12-31,NVBXU,USD,2016-03-30 00:00:00,2016-03-30 09:16:27,Q4,-781000.0,2000.0,0.0,67000.0,-402000.0,1000.0,3000.0,8000.0,1479000.0,0.0,-380000.0,0.0,0.0,0.0,0.0,0.0,0.0,0.0,0.0,380000.0,0.0,-380000.0,0.0,0.0,-380000.0,1614000.0,1994000.0,-380000.0,0.0,-380000.0,https://www.sec.gov/Archives/edgar/data/1326706/000114420416091141/0001144204-16-091141-index.html,https://www.sec.gov/Archives/edgar/data/1326706/000114420416091141/v434972_10k.htm,1620595908,17:31:48,20210509
17,2015-09-30,NVBXU,USD,2015-11-16 00:00:00,2015-11-16 10:55:16,Q3,-1039000.0,2000.0,0.0,72000.0,-277000.0,8000.0,-21000.0,5000.0,1881000.0,0.0,-264000.0,0.0,0.0,0.0,0.0,0.0,0.0,0.0,0.0,264000.0,0.0,-264000.0,0.0,0.0,-264000.0,1994000.0,2258000.0,-264000.0,0.0,-264000.0,https://www.sec.gov/Archives/edgar/data/1326706/000114420415065660/0001144204-15-065660-index.html,https://www.sec.gov/Archives/edgar/data/1326706/000114420415065660/v424237_10q.htm,1620595908,17:31:48,20210509
18,2015-06-30,NVBXU,USD,2015-08-14 00:00:00,2015-08-14 14:06:31,Q2,-434000.0,3000.0,0.0,71000.0,1234000.0,7000.0,-24000.0,-106000.0,2158000.0,0.0,-537000.0,-1000.0,0.0,0.0,0.0,0.0,-1000.0,0.0,0.0,538000.0,0.0,-538000.0,0.0,0.0,-538000.0,2258000.0,2796000.0,-537000.0,-1000.0,-538000.0,https://www.sec.gov/Archives/edgar/data/1326706/000114420415049627/0001144204-15-049627-index.html,https://www.sec.gov/Archives/edgar/data/1326706/000114420415049627/v417689_10q.htm,1620595908,17:31:48,20210509
19,2015-03-31,NVBXU,USD,2015-05-15 00:00:00,2015-05-15 10:59:31,Q1,-630000.0,2000.0,0.0,10000.0,0.0,0.0,6000.0,-12000.0,924000.0,0.0,-299000.0,0.0,0.0,0.0,0.0,0.0,0.0,0.0,0.0,-2796000.0,0.0,5801000.0,3005000.0,0.0,2706000.0,2796000.0,90000.0,-299000.0,0.0,-299000.0,https://www.sec.gov/Archives/edgar/data/1326706/000114420415031185/0001144204-15-031185-index.html,https://www.sec.gov/Archives/edgar/data/1326706/000114420415031185/v410426_10q.htm,1620595908,17:31:48,20210509
