,date,symbol,reportedCurrency,fillingDate,acceptedDate,period,netIncome,depreciationAndAmortization,deferredIncomeTax,stockBasedCompensation,changeInWorkingCapital,accountsReceivables,inventory,accountsPayables,otherWorkingCapital,otherNonCashItems,netCashProvidedByOperatingActivities,investmentsInPropertyPlantAndEquipment,acquisitionsNet,purchasesOfInvestments,salesMaturitiesOfInvestments,otherInvestingActivites,netCashUsedForInvestingActivites,debtRepayment,commonStockIssued,commonStockRepurchased,dividendsPaid,otherFinancingActivites,netCashUsedProvidedByFinancingActivities,effectOfForexChangesOnCash,netChangeInCash,cashAtEndOfPeriod,cashAtBeginningOfPeriod,operatingCashFlow,capitalExpenditure,freeCashFlow,link,finalLink,timestamp,est_time,est_date
0,2020-12-31,PBFX,USD,2021-02-18,2021-02-18 13:39:48,Q4,30997000.0,16886000.0,0.0,1697000.0,15169000.0,710000.0,0.0,-2005000.0,59593000.0,339000.0,45213000.0,-2673000.0,0.0,0.0,0.0,0.0,-2673000.0,-13000000.0,0.0,0.0,-18708000.0,-2399000.0,-34107000.0,0.0,8433000.0,36284000.0,27851000.0,45213000.0,-2673000.0,42540000.0,https://www.sec.gov/Archives/edgar/data/1582568/000158256821000014/0001582568-21-000014-index.htm,https://www.sec.gov/Archives/edgar/data/1582568/000158256821000014/pbfx-20201231.htm,1620596358,17:39:18,20210509
1,2020-09-30,PBFX,USD,2020-10-29,2020-10-29 14:03:32,Q3,44162000.0,14305000.0,0.0,995000.0,-6739000.0,-4070000.0,0.0,-6000.0,44424000.0,-13843000.0,61741000.0,-1763000.0,0.0,0.0,0.0,0.0,-1763000.0,-35000000.0,0.0,0.0,-18706000.0,11000.0,-53695000.0,0.0,6283000.0,27851000.0,21568000.0,61741000.0,-9635000.0,59978000.0,https://www.sec.gov/Archives/edgar/data/1582568/000158256820000037/0001582568-20-000037-index.htm,https://www.sec.gov/Archives/edgar/data/1582568/000158256820000037/pbf-20200930.htm,1620596358,17:39:18,20210509
2,2020-06-30,PBFX,USD,2020-07-31,2020-07-31 13:57:48,Q2,37460000.0,11234000.0,0.0,945000.0,-105402000.0,33046000.0,0.0,-11050000.0,51163000.0,1446000.0,61041000.0,-1792000.0,0.0,0.0,0.0,0.0,-1792000.0,-135000000.0,0.0,0.0,-18704000.0,0.0,-153704000.0,0.0,-94455000.0,21568000.0,116023000.0,61041000.0,-1792000.0,59249000.0,https://www.sec.gov/Archives/edgar/data/1582568/000158256820000030/0001582568-20-000030-index.htm,https://www.sec.gov/Archives/edgar/data/1582568/000158256820000030/pbf-20200630.htm,1620596358,17:39:18,20210509
3,2020-03-31,PBFX,USD,2020-05-15 00:00:00,2020-05-15 14:33:49,Q1,34813000.0,11282000.0,0.0,1302000.0,110070000.0,-38881000.0,0.0,5497000.0,156565000.0,1197000.0,18647000.0,-6080000.0,0.0,0.0,0.0,0.0,-6080000.0,0.0,0.0,0.0,-32308000.0,798000.0,68490000.0,0.0,81057000.0,116023000.0,34966000.0,18647000.0,-6080000.0,12567000.0,https://www.sec.gov/Archives/edgar/data/1582568/000158256820000020/0001582568-20-000020-index.htm,https://www.sec.gov/Archives/edgar/data/1582568/000158256820000020/pbf-20200331.htm,1620596358,17:39:18,20210509
4,2019-12-31,PBFX,USD,2020-02-20 00:00:00,2020-02-20 17:24:25,Q4,29771000.0,11947000.0,0.0,1143000.0,-6864000.0,16788000.0,0.0,1888000.0,46495000.0,164000.0,53364000.0,-8566000.0,0.0,0.0,0.0,0.0,-8566000.0,0.0,0.0,0.0,-32299000.0,-30111000.0,-62410000.0,0.0,-17612000.0,34966000.0,52578000.0,53364000.0,-8566000.0,44798000.0,https://www.sec.gov/Archives/edgar/data/1582568/000158256820000010/0001582568-20-000010-index.html,https://www.sec.gov/Archives/edgar/data/1582568/000158256820000010/pbflogistics201910-k.htm,1620596358,17:39:18,20210509
5,2019-09-30,PBFX,USD,2019-10-31 00:00:00,2019-10-31 14:38:50,Q3,30994000.0,9079000.0,0.0,1271000.0,33476000.0,-19137000.0,0.0,3899000.0,53359000.0,1166000.0,39757000.0,-8028000.0,0.0,0.0,0.0,0.0,-8028000.0,0.0,0.0,0.0,-31986000.0,835000.0,849000.0,0.0,32578000.0,52578000.0,20000000.0,39757000.0,-8028000.0,31729000.0,https://www.sec.gov/Archives/edgar/data/1582568/000158256819000040/0001582568-19-000040-index.html,https://www.sec.gov/Archives/edgar/data/1582568/000158256819000040/pbflogisticsq32019.htm,1620596358,17:39:18,20210509
6,2019-06-30,PBFX,USD,2019-08-01,2019-08-01 16:06:17,Q2,25328000.0,8854000.0,0.0,3387000.0,22970000.0,-3320000.0,0.0,-11785000.0,19883000.0,1219000.0,17677000.0,-3932000.0,0.0,0.0,0.0,0.0,-3932000.0,-89000000.0,0.0,0.0,-33674000.0,-202000000.0,-10191000.0,0.0,3554000.0,20000000.0,16446000.0,17677000.0,-3932000.0,13745000.0,https://www.sec.gov/Archives/edgar/data/1582568/000158256819000036/pbflogisticsq22019.htm,https://www.sec.gov/Archives/edgar/data/1582568/000158256819000036/pbflogisticsq22019.htm,1620596358,17:39:18,20210509
7,2019-03-31,PBFX,USD,2019-05-01 00:00:00,2019-05-01 16:43:30,Q1,22076000.0,8721000.0,0.0,964000.0,-6177000.0,-4525000.0,0.0,9917000.0,-3087000.0,1209000.0,38209000.0,-11220000.0,0.0,0.0,0.0,0.0,-11220000.0,-12000000.0,0.0,0.0,-34451000.0,-6500000.0,-30451000.0,0.0,-3462000.0,16446000.0,19908000.0,38209000.0,-11220000.0,26989000.0,https://www.sec.gov/Archives/edgar/data/1582568/000158256819000023/0001582568-19-000023-index.html,https://www.sec.gov/Archives/edgar/data/1582568/000158256819000023/pbflogisticsq12019.htm,1620596358,17:39:18,20210509
8,2018-12-31,PBFX,USD,2019-02-21 00:00:00,2019-02-21 15:27:15,Q4,26478000.0,8624000.0,0.0,1208000.0,-11994000.0,-8099000.0,0.0,-16520000.0,3090000.0,1236000.0,15559000.0,-14080000.0,0.0,0.0,0.0,0.0,-89069000.0,0.0,0.0,0.0,-30315000.0,-289000.0,75396000.0,0.0,1886000.0,19908000.0,18022000.0,15559000.0,-14080000.0,1479000.0,https://www.sec.gov/Archives/edgar/data/1582568/000158256819000011/0001582568-19-000011-index.html,https://www.sec.gov/Archives/edgar/data/1582568/000158256819000011/pbflogistics201810-k.htm,1620596358,17:39:18,20210509
9,2018-09-30,PBFX,USD,2018-10-31 00:00:00,2018-10-31 14:07:48,Q3,24647000.0,7771000.0,0.0,1052000.0,-18515000.0,-2491000.0,0.0,20864000.0,15084000.0,497000.0,50212000.0,-23106000.0,0.0,0.0,0.0,0.0,-23106000.0,-34000000.0,0.0,0.0,-30860000.0,1275000.0,-28765000.0,0.0,-1659000.0,18022000.0,19681000.0,50212000.0,-23106000.0,27106000.0,https://www.sec.gov/Archives/edgar/data/1582568/000158256818000062/0001582568-18-000062-index.html,https://www.sec.gov/Archives/edgar/data/1582568/000158256818000062/pbflogisticsq32018.htm,1620596358,17:39:18,20210509
10,2018-06-30,PBFX,USD,2018-08-02 00:00:00,2018-08-02 15:43:06,Q2,24455000.0,6919000.0,0.0,2663000.0,7610000.0,-184000.0,0.0,-10857000.0,33599000.0,396000.0,23314000.0,-59568000.0,0.0,0.0,0.0,0.0,-59568000.0,0.0,0.0,0.0,-29803000.0,-6521000.0,33926000.0,0.0,-2328000.0,19681000.0,22009000.0,23314000.0,-59568000.0,-36254000.0,https://www.sec.gov/Archives/edgar/data/1582568/000158256818000048/0001582568-18-000048-index.html,https://www.sec.gov/Archives/edgar/data/1582568/000158256818000048/pbflogisticsq22018.htm,1620596358,17:39:18,20210509
11,2018-03-31,PBFX,USD,2018-05-03 00:00:00,2018-05-03 16:04:21,Q1,25257000.0,6495000.0,0.0,834000.0,-8124000.0,8451000.0,0.0,3924000.0,25989000.0,363000.0,44056000.0,-3953000.0,0.0,0.0,0.0,0.0,-3953000.0,-9700000.0,0.0,0.0,-28058000.0,-5000000.0,-37758000.0,0.0,2345000.0,22009000.0,19664000.0,44056000.0,-3953000.0,40103000.0,https://www.sec.gov/Archives/edgar/data/1582568/000158256818000026/0001582568-18-000026-index.html,https://www.sec.gov/Archives/edgar/data/1582568/000158256818000026/pbflogisticsq12018.htm,1620596358,17:39:18,20210509
12,2017-12-31,PBFX,USD,2018-02-23 00:00:00,2018-02-22 17:41:57,Q4,26992000.0,7159000.0,0.0,830000.0,17905000.0,-5089000.0,0.0,-9570000.0,34113000.0,363000.0,21480000.0,-18098000.0,0.0,0.0,0.0,0.0,-18098000.0,-191100000.0,0.0,0.0,-26832000.0,-3706000.0,-23138000.0,0.0,-19756000.0,19664000.0,39420000.0,21480000.0,-18098000.0,3382000.0,https://www.sec.gov/Archives/edgar/data/1582568/000158256818000015/0001582568-18-000015-index.html,https://www.sec.gov/Archives/edgar/data/1582568/000158256818000015/pbflogistics201710-k.htm,1620596358,17:39:18,20210509
13,2017-09-30,PBFX,USD,2017-11-02 00:00:00,2017-11-02 16:18:11,Q3,32672000.0,5610000.0,0.0,807000.0,-4750000.0,-3860000.0,0.0,-5258000.0,16208000.0,332000.0,30312000.0,-15056000.0,0.0,0.0,0.0,0.0,-15056000.0,0.0,0.0,0.0,-26890000.0,0.0,-26890000.0,0.0,-11634000.0,39420000.0,51054000.0,30312000.0,-15056000.0,15256000.0,https://www.sec.gov/Archives/edgar/data/1582568/000158256817000050/0001582568-17-000050-index.html,https://www.sec.gov/Archives/edgar/data/1582568/000158256817000050/pbflogisticsq32017.htm,1620596358,17:39:18,20210509
14,2017-06-30,PBFX,USD,2017-08-03 00:00:00,2017-08-03 13:54:14,Q2,27131000.0,5710000.0,0.0,3028000.0,-31251000.0,-2466000.0,0.0,4621000.0,20958000.0,377000.0,36856000.0,-36918000.0,0.0,0.0,40054000.0,0.0,3136000.0,0.0,0.0,0.0,-29768000.0,0.0,-29768000.0,0.0,10224000.0,51054000.0,40830000.0,36856000.0,-36918000.0,-62000.0,https://www.sec.gov/Archives/edgar/data/1582568/000158256817000041/0001582568-17-000041-index.html,https://www.sec.gov/Archives/edgar/data/1582568/000158256817000041/pbflogisticsq22017.htm,1620596358,17:39:18,20210509
15,2017-03-31,PBFX,USD,2017-05-04 00:00:00,2017-05-04 16:14:54,Q1,28057000.0,5352000.0,0.0,680000.0,-29232000.0,10332000.0,0.0,8842000.0,52209000.0,416000.0,53797000.0,-19467000.0,0.0,-75036000.0,75006000.0,0.0,-19497000.0,-39664000.0,0.0,0.0,-23484000.0,5457000.0,-57691000.0,0.0,-23391000.0,40830000.0,64221000.0,53797000.0,-19467000.0,34330000.0,https://www.sec.gov/Archives/edgar/data/1582568/000158256817000026/0001582568-17-000026-index.html,https://www.sec.gov/Archives/edgar/data/1582568/000158256817000026/pbflogisticsq12017.htm,1620596358,17:39:18,20210509
16,2016-12-31,PBFX,USD,2017-02-24 00:00:00,2017-02-24 11:43:50,Q4,27910000.0,5234000.0,0.0,687000.0,21443000.0,-6430000.0,0.0,2947000.0,81441000.0,417000.0,30999000.0,-11653000.0,0.0,-129968000.0,149935000.0,0.0,8314000.0,-20000000.0,123000.0,0.0,-19491000.0,5000.0,-19363000.0,0.0,19950000.0,64221000.0,44271000.0,30999000.0,-11653000.0,19346000.0,https://www.sec.gov/Archives/edgar/data/1582568/000158256817000014/0001582568-17-000014-index.html,https://www.sec.gov/Archives/edgar/data/1582568/000158256817000014/pbflogistics201610-k.htm,1620596358,17:39:18,20210509
17,2016-09-30,PBFX,USD,2016-11-04 00:00:00,2016-11-04 16:00:08,Q3,18364000.0,5140000.0,0.0,963000.0,-5802000.0,-9886000.0,0.0,7936000.0,59998000.0,416000.0,25776000.0,-2625000.0,0.0,-469997000.0,546150000.0,0.0,73528000.0,-76200000.0,86680000.0,0.0,-191944000.0,0.0,-104916000.0,0.0,-5612000.0,44271000.0,49883000.0,25776000.0,-2625000.0,23151000.0,https://www.sec.gov/Archives/edgar/data/1582568/000158256816000114/0001582568-16-000114-index.html,https://www.sec.gov/Archives/edgar/data/1582568/000158256816000114/pbflogisticsq32016.htm,1620596358,17:39:18,20210509
18,2016-06-30,PBFX,USD,2016-08-04 00:00:00,2016-08-04 15:14:46,Q2,16254000.0,2142000.0,0.0,1981000.0,25170000.0,88000.0,0.0,-4521000.0,65800000.0,422000.0,16998000.0,-99963000.0,0.0,-620000000.0,718264000.0,0.0,-1699000.0,0.0,0.0,0.0,-16419000.0,0.0,5320000.0,0.0,20619000.0,49883000.0,29264000.0,16998000.0,-99963000.0,-82965000.0,https://www.sec.gov/Archives/edgar/data/1582568/000158256816000097/0001582568-16-000097-index.html,https://www.sec.gov/Archives/edgar/data/1582568/000158256816000097/pbflogisticsq22016.htm,1620596358,17:39:18,20210509
19,2016-03-31,PBFX,USD,2016-05-05 00:00:00,2016-05-05 15:50:07,Q1,19094000.0,1640000.0,0.0,729000.0,6476000.0,-505000.0,0.0,5071000.0,40630000.0,423000.0,25845000.0,-439000.0,0.0,-690000000.0,689860000.0,0.0,-579000.0,0.0,0.0,0.0,-14680000.0,0.0,-14680000.0,0.0,10586000.0,29264000.0,18678000.0,25845000.0,-439000.0,25406000.0,https://www.sec.gov/Archives/edgar/data/1582568/000158256816000085/0001582568-16-000085-index.html,https://www.sec.gov/Archives/edgar/data/1582568/000158256816000085/pbflogisticsq12016.htm,1620596358,17:39:18,20210509
20,2015-12-31,PBFX,USD,2016-02-22 00:00:00,2016-02-19 17:37:37,Q4,17273000.0,1663000.0,0.0,1851000.0,6321000.0,323000.0,0.0,-6685000.0,34154000.0,424000.0,15157000.0,-864000.0,0.0,-458000000.0,458000000.0,0.0,-864000.0,0.0,0.0,0.0,-13752000.0,-99000.0,-13851000.0,0.0,442000.0,18678000.0,18236000.0,15157000.0,-864000.0,14293000.0,https://www.sec.gov/Archives/edgar/data/1582568/000158256816000077/0001582568-16-000077-index.html,https://www.sec.gov/Archives/edgar/data/1582568/000158256816000077/pbflogistics201510-k.htm,1620596358,17:39:18,20210509
21,2015-09-30,PBFX,USD,2015-11-05 00:00:00,2015-11-05 16:00:51,Q3,20284000.0,1649000.0,0.0,815000.0,9176000.0,-3939000.0,0.0,6273000.0,27833000.0,424000.0,25401000.0,-962000.0,0.0,-229900000.0,229898000.0,0.0,-964000.0,0.0,0.0,0.0,-12861000.0,0.0,-12861000.0,0.0,11576000.0,18236000.0,6660000.0,25401000.0,-962000.0,24439000.0,https://www.sec.gov/Archives/edgar/data/1582568/000158256815000065/0001582568-15-000065-index.html,https://www.sec.gov/Archives/edgar/data/1582568/000158256815000065/pbflogisticsq32015.htm,1620596358,17:39:18,20210509
22,2015-06-30,PBFX,USD,2015-08-06 00:00:00,2015-08-06 13:29:27,Q2,20856000.0,1823000.0,0.0,683000.0,-11433000.0,-6383000.0,0.0,4171000.0,18657000.0,305000.0,21076000.0,-203000.0,0.0,-689693000.0,690388000.0,0.0,492000.0,0.0,0.0,0.0,-124526000.0,0.0,-35087000.0,0.0,-13519000.0,6660000.0,20179000.0,21076000.0,-203000.0,20873000.0,https://www.sec.gov/Archives/edgar/data/1582568/000158256815000040/0001582568-15-000040-index.html,https://www.sec.gov/Archives/edgar/data/1582568/000158256815000040/pbflogisticsq22015v2.htm,1620596358,17:39:18,20210509
23,2015-03-31,PBFX,USD,2015-05-01 00:00:00,2015-05-01 13:16:56,Q1,16709000.0,1447000.0,0.0,930000.0,8244000.0,-2320000.0,0.0,-56000.0,30090000.0,162000.0,16912000.0,-17000.0,0.0,-689693000.0,689697000.0,0.0,-13000.0,0.0,0.0,0.0,-10885000.0,0.0,-10885000.0,0.0,6014000.0,20179000.0,14165000.0,16912000.0,-17000.0,16895000.0,https://www.sec.gov/Archives/edgar/data/1582568/000158256815000025/0001582568-15-000025-index.html,https://www.sec.gov/Archives/edgar/data/1582568/000158256815000025/pbflogisticsq12015.htm,1620596358,17:39:18,20210509
24,2014-12-31,PBFX,USD,2015-02-26,2015-02-26 16:40:33,Q4,5109000.0,2570000.0,0.0,433000.0,6293000.0,-6353000.0,0.0,1230000.0,21846000.0,150000.0,3356000.0,-18489000.0,0.0,-729731000.0,759712000.0,0.0,11492000.0,-30000000.0,0.0,0.0,-144789000.0,27021000.0,-12768000.0,0.0,2080000.0,14165000.0,12085000.0,3356000.0,-18489000.0,-15133000.0,https://www.sec.gov/Archives/edgar/data/1582568/000158256815000016/pbflogistics201410-k.htm,https://www.sec.gov/Archives/edgar/data/1582568/000158256815000016/pbflogistics201410-k.htm,1620596358,17:39:18,20210509
25,2014-09-30,PBFX,USD,2014-11-13 00:00:00,2014-11-13 14:36:55,Q3,6629000.0,586000.0,0.0,458000.0,7394000.0,2505000.0,0.0,-4004000.0,15553000.0,142000.0,6296000.0,-24722000.0,0.0,-588909000.0,624009000.0,0.0,10378000.0,0.0,0.0,0.0,-140127000.0,26364000.0,-8763000.0,0.0,7911000.0,12085000.0,4174000.0,6296000.0,-24722000.0,-18426000.0,https://www.sec.gov/Archives/edgar/data/1582568/000158256814000042/0001582568-14-000042-index.html,https://www.sec.gov/Archives/edgar/data/1582568/000158256814000042/pbflogisticsq32014.htm,1620596358,17:39:18,20210509
26,2014-06-30,PBFX,USD,2014-08-13 00:00:00,2014-08-13 14:03:19,Q2,4014000.0,284000.0,0.0,0.0,0.0,0.0,0.0,0.0,8159000.0,0.0,85000.0,-2712000.0,0.0,0.0,0.0,0.0,-302722000.0,0.0,0.0,0.0,0.0,-5482000.0,306811000.0,0.0,0.0,4174000.0,0.0,85000.0,-2712000.0,-2627000.0,https://www.sec.gov/Archives/edgar/data/1582568/000158256814000017/0001582568-14-000017-index.html,https://www.sec.gov/Archives/edgar/data/1582568/000158256814000017/pbflogisticsq22014.htm,1620596358,17:39:18,20210509
