,date,symbol,reportedCurrency,fillingDate,acceptedDate,period,netIncome,depreciationAndAmortization,deferredIncomeTax,stockBasedCompensation,changeInWorkingCapital,accountsReceivables,inventory,accountsPayables,otherWorkingCapital,otherNonCashItems,netCashProvidedByOperatingActivities,investmentsInPropertyPlantAndEquipment,acquisitionsNet,purchasesOfInvestments,salesMaturitiesOfInvestments,otherInvestingActivites,netCashUsedForInvestingActivites,debtRepayment,commonStockIssued,commonStockRepurchased,dividendsPaid,otherFinancingActivites,netCashUsedProvidedByFinancingActivities,effectOfForexChangesOnCash,netChangeInCash,cashAtEndOfPeriod,cashAtBeginningOfPeriod,operatingCashFlow,capitalExpenditure,freeCashFlow,link,finalLink,timestamp,est_time,est_date
0,2020-12-31,BSGM,USD,2021-03-15,2021-03-15 17:01:35,Q4,-10931876.0,482908.0,0.0,4591669.0,-245599.0,0.0,-58283.0,0.0,0.0,-1345.0,-6104243.0,-26856.0,0.0,0.0,0.0,0.0,-26856.0,0.0,1226926.0,0.0,0.0,-75.0,1650344.0,0.0,-4480337.0,28268000.0,32748337.0,-6104243.0,-26856.0,-6131099.0,https://www.sec.gov/Archives/edgar/data/1530766/000118518521000325/0001185185-21-000325-index.htm,https://www.sec.gov/Archives/edgar/data/1530766/000118518521000325/biosig20201231_10k.htm,1620589707,15:48:27,20210509
1,2020-09-30,BSGM,USD,2020-11-05,2020-11-05 14:01:01,Q3,-13098441.0,23869.0,0.0,4828739.0,-6112232.0,0.0,-6407.0,3004915.0,28933018.0,0.0,-6273412.0,-32051.0,0.0,0.0,0.0,0.0,-32051.0,0.0,1001763.0,0.0,180341.0,0.0,2126494.0,0.0,-4178969.0,32748337.0,36927306.0,-6273412.0,-32051.0,-6305463.0,https://www.sec.gov/Archives/edgar/data/1530766/000118518520001502/0001185185-20-001502-index.htm,https://www.sec.gov/Archives/edgar/data/1530766/000118518520001502/biosig20200930_10q.htm,1620589707,15:48:27,20210509
2,2020-06-30,BSGM,USD,2020-08-06,2020-08-06 16:01:07,Q2,-22346310.0,22208.0,0.0,11332008.0,20069006.0,0.0,0.0,0.0,35045250.0,1299795.0,-8281024.0,-7615.0,0.0,0.0,0.0,0.0,-7615.0,0.0,16161980.0,0.0,0.0,0.0,29716211.0,0.0,21427572.0,36927306.0,15499734.0,-8281024.0,-7615.0,-8288639.0,https://www.sec.gov/Archives/edgar/data/1530766/000118518520001080/0001185185-20-001080-index.htm,https://www.sec.gov/Archives/edgar/data/1530766/000118518520001080/biosig20200630_10q.htm,1620589707,15:48:27,20210509
3,2020-03-31,BSGM,USD,2020-05-11,2020-05-11 17:22:12,Q1,-12763373.0,21015.0,0.0,4412584.0,4178293.0,0.0,-222310.0,0.0,14976244.0,3174550.0,-5942321.0,-20478.0,0.0,0.0,0.0,0.0,-20478.0,0.0,9052331.0,0.0,0.0,0.0,9353951.0,0.0,3391152.0,15499734.0,12108582.0,-5942321.0,-20478.0,-5962799.0,https://www.sec.gov/Archives/edgar/data/1530766/000118518520000595/0001185185-20-000595-index.htm,https://www.sec.gov/Archives/edgar/data/1530766/000118518520000595/biosig20200331_10q.htm,1620589707,15:48:27,20210509
4,2019-12-31,BSGM,USD,2020-03-13,2020-03-13 17:21:47,Q4,-15187521.0,17925.0,0.0,7481391.0,-871168.0,0.0,0.0,0.0,10797951.0,0.0,-3901296.0,-93795.0,0.0,0.0,0.0,0.0,-91046.0,0.0,1387910.0,0.0,0.0,815663.0,3792346.0,0.0,-199996.0,12108582.0,12308578.0,-3901296.0,-93795.0,-3995091.0,https://www.sec.gov/Archives/edgar/data/1530766/000118518520000296/0001185185-20-000296-index.htm,https://www.sec.gov/Archives/edgar/data/1530766/000118518520000296/biosig20191231_10k.htm,1620589707,15:48:27,20210509
5,2019-09-30,BSGM,USD,2019-10-23,2019-10-23 17:03:36,Q3,-5464004.0,18510.0,0.0,1969221.0,2442785.0,0.0,0.0,0.0,11669119.0,0.0,-3939721.0,-38056.0,0.0,0.0,0.0,0.0,-38056.0,0.0,0.0,0.0,0.0,0.0,5952389.0,0.0,1974612.0,12308578.0,10333966.0,-3939721.0,-38056.0,-3977777.0,https://www.sec.gov/Archives/edgar/data/1530766/000118518519001424/0001185185-19-001424-index.htm,https://www.sec.gov/Archives/edgar/data/1530766/000118518519001424/biosig20190930_10q.htm,1620589707,15:48:27,20210509
6,2019-06-30,BSGM,USD,2019-07-31,2019-07-31 08:43:30,Q2,-7949604.0,9979.0,0.0,3057050.0,-854545.0,0.0,0.0,0.0,9226334.0,0.0,-4119364.0,-30819.0,0.0,0.0,0.0,0.0,-83808.0,0.0,0.0,0.0,0.0,0.0,3603545.0,0.0,-599627.0,10333966.0,10933593.0,-4119364.0,-83808.0,-4203172.0,https://www.sec.gov/Archives/edgar/data/1530766/000118518519001040/0001185185-19-001040-index.htm,https://www.sec.gov/Archives/edgar/data/1530766/000118518519001040/biosig20190630_10q.htm,1620589707,15:48:27,20210509
7,2019-03-31,BSGM,USD,2019-04-15,2019-04-15 10:08:25,Q1,-5869548.0,7935.0,0.0,2670015.0,6649840.0,0.0,0.0,0.0,10080879.0,0.0,-3522601.0,-14422.0,0.0,0.0,0.0,0.0,-73024.0,0.0,8619278.0,0.0,0.0,0.0,10079058.0,0.0,6483433.0,10933593.0,4450160.0,-3522601.0,-73024.0,-3595625.0,https://www.sec.gov/Archives/edgar/data/1530766/000118518519000515/0001185185-19-000515-index.htm,https://www.sec.gov/Archives/edgar/data/1530766/000118518519000515/biosig20190331_10q.htm,1620589707,15:48:27,20210509
8,2018-12-31,BSGM,USD,2019-03-15,2019-03-15 14:46:49,Q4,-5696631.0,3597.0,0.0,2257681.0,-3274407.0,0.0,0.0,489534.0,3431039.0,0.0,-2969106.0,-16359.0,0.0,0.0,0.0,0.0,-57309.0,0.0,0.0,0.0,0.0,0.0,197055.0,0.0,-2829360.0,4450160.0,7279520.0,-2969106.0,-57309.0,-3026415.0,https://www.sec.gov/Archives/edgar/data/1530766/000118518519000363/0001185185-19-000363-index.htm,https://www.sec.gov/Archives/edgar/data/1530766/000118518519000363/biosig20181231_10k.htm,1620589707,15:48:27,20210509
9,2018-09-30,BSGM,USD,2018-11-02,2018-11-02 10:29:38,Q3,-3150929.0,2977.0,0.0,397385.0,3391429.0,0.0,0.0,243674.0,6705446.0,0.0,-2489013.0,-13463.0,0.0,0.0,0.0,0.0,16074.0,0.0,3871276.0,0.0,0.0,0.0,6079322.0,0.0,3606383.0,7279520.0,3673137.0,-2489013.0,0.0,-2472939.0,https://www.sec.gov/Archives/edgar/data/1530766/000118518518001899/0001185185-18-001899-index.htm,https://www.sec.gov/Archives/edgar/data/1530766/000118518518001899/biosig20180930_10q.htm,1620589707,15:48:27,20210509
10,2018-06-30,BSGM,USD,2018-07-27,2018-07-27 17:08:00,Q2,-5766723.0,2926.0,0.0,3556811.0,2981253.0,0.0,0.0,-119743.0,3314017.0,0.0,-2410034.0,-4567.0,0.0,0.0,0.0,0.0,-262800.0,0.0,4882975.0,0.0,0.0,0.0,5310871.0,0.0,2638037.0,3673137.0,1035100.0,-2410034.0,-262800.0,-2672834.0,https://www.sec.gov/Archives/edgar/data/1530766/000118518518001287/0001185185-18-001287-index.htm,https://www.sec.gov/Archives/edgar/data/1530766/000118518518001287/biosig10q063018.htm,1620589707,15:48:27,20210509
11,2018-03-31,BSGM,USD,2018-05-04,2018-05-04 11:15:09,Q1,-2637034.0,2903.0,0.0,388710.0,2633408.0,0.0,0.0,-134714.0,332764.0,0.0,-2387274.0,-3644.0,0.0,0.0,0.0,0.0,-3644.0,0.0,385470.0,0.0,0.0,0.0,1878439.0,0.0,-512479.0,1035100.0,1547579.0,-2387274.0,-3644.0,-2390918.0,https://www.sec.gov/Archives/edgar/data/1530766/000118518518000780/0001185185-18-000780-index.htm,https://www.sec.gov/Archives/edgar/data/1530766/000118518518000780/biosig10q033118.htm,1620589707,15:48:27,20210509
12,2017-12-31,BSGM,USD,2018-02-27,2018-02-27 15:34:48,Q4,-4544007.0,2798.0,0.0,3609989.0,1538673.0,0.0,0.0,-827772.0,-2300644.0,0.0,-2254388.0,-2648.0,0.0,0.0,0.0,0.0,-2648.0,0.0,1640370.0,0.0,0.0,0.0,3570330.0,0.0,1313294.0,1547579.0,234285.0,-2254388.0,-2648.0,-2257036.0,https://www.sec.gov/Archives/edgar/data/1530766/000118518518000331/0001185185-18-000331-index.htm,https://www.sec.gov/Archives/edgar/data/1530766/000118518518000331/biosigtech10k123117.htm,1620589707,15:48:27,20210509
13,2017-09-30,BSGM,USD,2017-11-09,2017-11-09 17:25:47,Q3,-1800549.0,2834.0,0.0,56623.0,-625968.0,0.0,0.0,59924.0,-3839317.0,0.0,-1762708.0,-5168.0,0.0,0.0,0.0,0.0,-5168.0,0.0,1121502.0,0.0,0.0,0.0,1121502.0,0.0,-646374.0,234285.0,880659.0,-1762708.0,-5168.0,-1767876.0,https://www.sec.gov/Archives/edgar/data/1530766/000118518517002301/0001185185-17-002301-index.htm,https://www.sec.gov/Archives/edgar/data/1530766/000118518517002301/biosig10q093017.htm,1620589707,15:48:27,20210509
14,2017-06-30,BSGM,USD,2017-08-10,2017-08-10 17:28:25,Q2,-3078562.0,2997.0,0.0,522112.0,-1053789.0,0.0,0.0,660720.0,-3213349.0,3210.0,-1843117.0,0.0,0.0,0.0,0.0,0.0,0.0,0.0,1479650.0,0.0,0.0,0.0,1479650.0,0.0,-363467.0,880659.0,1244126.0,-1843117.0,0.0,-1843117.0,https://www.sec.gov/Archives/edgar/data/1530766/000118518517001699/0001185185-17-001699-index.htm,https://www.sec.gov/Archives/edgar/data/1530766/000118518517001699/biosigtech10q063017.htm,1620589707,15:48:27,20210509
15,2017-03-31,BSGM,USD,2017-05-09,2017-05-09 17:02:18,Q1,-3272625.0,3069.0,0.0,560746.0,-390556.0,0.0,0.0,209466.0,-2159560.0,543927.0,-1609841.0,-1620.0,0.0,0.0,0.0,0.0,-1620.0,0.0,1799692.0,0.0,0.0,0.0,1799692.0,0.0,188231.0,1244126.0,1055895.0,-1609841.0,-1620.0,-1611461.0,https://www.sec.gov/Archives/edgar/data/1530766/000118518517001063/0001185185-17-001063-index.htm,https://www.sec.gov/Archives/edgar/data/1530766/000118518517001063/biosigtech10q033117.htm,1620589707,15:48:27,20210509
16,2016-12-31,BSGM,USD,2017-03-30,2017-03-30 15:34:08,Q4,-1374767.0,2664.0,0.0,546510.0,1329458.0,0.0,0.0,-52873.0,-1769004.0,546510.0,-1262899.0,-4160.0,0.0,0.0,0.0,0.0,-4160.0,0.0,2172500.0,0.0,0.0,0.0,2172500.0,0.0,905441.0,1055895.0,150454.0,-1262899.0,-4160.0,-1267059.0,https://www.sec.gov/Archives/edgar/data/1530766/000118518517000698/0001185185-17-000698-index.htm,https://www.sec.gov/Archives/edgar/data/1530766/000118518517000698/biosigtech10k123116.htm,1620589707,15:48:27,20210509
17,2016-09-30,BSGM,USD,2016-11-14,2016-11-14 17:26:46,Q3,-1537165.0,2570.0,0.0,311470.0,-724311.0,0.0,0.0,155571.0,-3098462.0,311470.0,-1078428.0,-6540.0,0.0,0.0,0.0,0.0,-6540.0,0.0,530081.0,0.0,0.0,0.0,530081.0,0.0,-554887.0,150454.0,705341.0,-1078428.0,-6540.0,-1084968.0,https://www.sec.gov/Archives/edgar/data/1530766/000118518516005771/0001185185-16-005771-index.htm,https://www.sec.gov/Archives/edgar/data/1530766/000118518516005771/biosigtech10q093016.htm,1620589707,15:48:27,20210509
18,2016-06-30,BSGM,USD,2016-08-12,2016-08-12 13:09:50,Q2,-6092348.0,2333.0,0.0,4022451.0,235238.0,0.0,0.0,42649.0,-2374151.0,4022451.0,-1598504.0,-5555.0,0.0,0.0,0.0,0.0,-5555.0,0.0,2171787.0,0.0,0.0,0.0,2171787.0,0.0,567728.0,705341.0,137613.0,-1598504.0,0.0,-1604059.0,https://www.sec.gov/Archives/edgar/data/1530766/000118518516005183/0001185185-16-005183-index.htm,https://www.sec.gov/Archives/edgar/data/1530766/000118518516005183/biosig10q063016.htm,1620589707,15:48:27,20210509
19,2016-03-31,BSGM,USD,2016-05-04,2016-05-04 12:01:41,Q1,-2582907.0,2908.0,0.0,1119319.0,-1123738.0,0.0,0.0,4314.0,-2609389.0,1119319.0,-1167621.0,0.0,0.0,0.0,0.0,0.0,0.0,0.0,352000.0,0.0,0.0,0.0,352000.0,0.0,-815621.0,137613.0,953234.0,-1167621.0,0.0,-1167621.0,https://www.sec.gov/Archives/edgar/data/1530766/000118518516004387/0001185185-16-004387-index.htm,https://www.sec.gov/Archives/edgar/data/1530766/000118518516004387/biosig10q033116.htm,1620589707,15:48:27,20210509
20,2015-12-31,BSGM,USD,2016-03-14,2016-03-14 17:22:44,Q4,-2024829.0,2527.0,0.0,1060613.0,695958.0,0.0,0.0,-119740.0,-1485651.0,0.0,-1092018.0,-6892.0,0.0,0.0,0.0,0.0,-6892.0,0.0,1717585.0,0.0,0.0,0.0,1717585.0,0.0,618675.0,953234.0,334559.0,-1092018.0,-6892.0,-1098910.0,https://www.sec.gov/Archives/edgar/data/1530766/000118518516003899/0001185185-16-003899-index.htm,https://www.sec.gov/Archives/edgar/data/1530766/000118518516003899/biosigtechnologies10k123115.htm,1620589707,15:48:27,20210509
21,2015-09-30,BSGM,USD,2015-11-13,2015-11-13 16:16:22,Q3,377667.0,2607.0,0.0,1566049.0,2164044.0,0.0,0.0,73742.0,-2181609.0,0.0,-862680.0,0.0,0.0,0.0,0.0,0.0,0.0,0.0,0.0,0.0,0.0,0.0,0.0,0.0,-862680.0,334559.0,1197239.0,-862680.0,0.0,-862680.0,https://www.sec.gov/Archives/edgar/data/1530766/000118518515002958/0001185185-15-002958-index.htm,https://www.sec.gov/Archives/edgar/data/1530766/000118518515002958/biosigtechnologies10q093015.htm,1620589707,15:48:27,20210509
22,2015-06-30,BSGM,USD,2015-07-28,2015-07-28 16:55:01,Q2,-4761384.0,2481.0,0.0,3706660.0,199186.0,0.0,0.0,-54341.0,-4345653.0,4291984.0,-1349071.0,-6287.0,0.0,0.0,0.0,-2612.0,-8899.0,0.0,0.0,0.0,0.0,0.0,495881.0,0.0,-862089.0,1197239.0,2059328.0,-1349071.0,-6287.0,-1355358.0,https://www.sec.gov/Archives/edgar/data/1530766/000118518515001939/0001185185-15-001939-index.htm,https://www.sec.gov/Archives/edgar/data/1530766/000118518515001939/biosigtechnologies10q063015.htm,1620589707,15:48:27,20210509
23,2015-03-31,BSGM,USD,2015-05-01,2015-05-01 12:56:54,Q1,-3052906.0,2860.0,0.0,1634714.0,-3634757.0,0.0,0.0,-233155.0,-4544839.0,1634714.0,-1219982.0,-2684.0,0.0,0.0,0.0,0.0,-2684.0,0.0,3042213.0,0.0,0.0,0.0,3042213.0,0.0,1819547.0,2059328.0,239781.0,-1219982.0,-2684.0,-1222666.0,https://www.sec.gov/Archives/edgar/data/1530766/000118518515001083/0001185185-15-001083-index.htm,https://www.sec.gov/Archives/edgar/data/1530766/000118518515001083/biosigtechnologies10q033115.htm,1620589707,15:48:27,20210509
24,2014-12-31,BSGM,USD,2015-02-20,2015-02-20 15:05:39,Q4,-2608285.0,3347.0,0.0,1781424.0,-442521.0,0.0,0.0,111580.0,-910082.0,0.0,-461214.0,0.0,0.0,0.0,0.0,0.0,0.0,0.0,432118.0,0.0,0.0,0.0,432118.0,0.0,-29096.0,239781.0,268877.0,-461214.0,0.0,-461214.0,https://www.sec.gov/Archives/edgar/data/1530766/000118518515000355/0001185185-15-000355-index.htm,https://www.sec.gov/Archives/edgar/data/1530766/000118518515000355/biosigtechnologies10k123114.htm,1620589707,15:48:27,20210509
25,2014-09-30,BSGM,USD,2014-10-17,2014-10-17 15:50:39,Q3,-3960003.0,3893.0,0.0,3405669.0,351889.0,0.0,0.0,-43687.0,-467561.0,14754.0,-573474.0,-3963.0,0.0,0.0,0.0,0.0,-3963.0,-500.0,804626.0,0.0,0.0,0.0,804126.0,0.0,226689.0,268877.0,42188.0,-573474.0,0.0,-577437.0,https://www.sec.gov/Archives/edgar/data/1530766/000118518514002746/0001185185-14-002746-index.htm,https://www.sec.gov/Archives/edgar/data/1530766/000118518514002746/biosigtech10q093014.htm,1620589707,15:48:27,20210509
26,2014-06-30,BSGM,USD,2014-06-30,2014-06-30,Q1,-787218.0,4134.0,0.0,212495.0,1895864.0,0.0,0.0,-58881.0,-819450.0,190731.0,-456621.0,0.0,0.0,0.0,0.0,0.0,0.0,-10000.0,503444.0,0.0,0.0,0.0,493444.0,0.0,36823.0,42188.0,5365.0,-456621.0,0.0,-456621.0,,,1620589707,15:48:27,20210509
27,2014-03-31,BSGM,USD,2014-03-31,2014-03-31,Q3,-1117534.0,4435.0,0.0,343837.0,-2715314.0,0.0,0.0,-119856.0,-2715314.0,388285.0,-505763.0,0.0,0.0,0.0,0.0,0.0,0.0,-20281.0,229222.0,0.0,0.0,0.0,208941.0,0.0,-296822.0,5365.0,302187.0,-505763.0,0.0,-505763.0,,,1620589707,15:48:27,20210509
28,2013-12-31,BSGM,USD,2013-12-31,2013-12-31,Q4,-1660479.0,4635.0,0.0,299572.0,0.0,0.0,0.0,515324.0,0.0,730454.0,-93549.0,0.0,0.0,0.0,0.0,0.0,0.0,16540.0,299974.0,0.0,0.0,0.0,330255.0,0.0,236706.0,302187.0,65481.0,-93549.0,0.0,-93549.0,,,1620589707,15:48:27,20210509
29,2013-09-30,BSGM,USD,2013-09-30,2013-09-30,Q3,-2594323.0,4473.0,0.0,288745.0,-11274.0,0.0,0.0,-11274.0,0.0,1790533.0,-521846.0,-1951.0,0.0,0.0,0.0,0.0,-1951.0,0.0,0.0,0.0,0.0,0.0,284340.0,0.0,-239457.0,65481.0,304938.0,-521846.0,-1951.0,-523797.0,,,1620589707,15:48:27,20210509
