,date,symbol,reportedCurrency,fillingDate,acceptedDate,period,netIncome,depreciationAndAmortization,deferredIncomeTax,stockBasedCompensation,changeInWorkingCapital,accountsReceivables,inventory,accountsPayables,otherWorkingCapital,otherNonCashItems,netCashProvidedByOperatingActivities,investmentsInPropertyPlantAndEquipment,acquisitionsNet,purchasesOfInvestments,salesMaturitiesOfInvestments,otherInvestingActivites,netCashUsedForInvestingActivites,debtRepayment,commonStockIssued,commonStockRepurchased,dividendsPaid,otherFinancingActivites,netCashUsedProvidedByFinancingActivities,effectOfForexChangesOnCash,netChangeInCash,cashAtEndOfPeriod,cashAtBeginningOfPeriod,operatingCashFlow,capitalExpenditure,freeCashFlow,link,finalLink,timestamp,est_time,est_date
0,2018-12-31,OMED,USD,2019-03-07 00:00:00,2019-03-07 16:19:06,Q4,-4666000.0,403000.0,0.0,1140000.0,-763000.0,-8000.0,0.0,-1376000.0,51083000,0.0,-13411000.0,-133000.0,0.0,-4926000.0,0.0,14824000.0,14691000.0,0.0,0.0,-1280000.0,0.0,1280000.0,0.0,0.0,1280000.0,9686000.0,8406000.0,-13411000.0,-133000.0,-13544000.0,https://www.sec.gov/Archives/edgar/data/1302573/000156459019006795/0001564590-19-006795-index.html,https://www.sec.gov/Archives/edgar/data/1302573/000156459019006795/omed-10k_20181231.htm,1620596108,17:35:08,20210509
1,2018-09-30,OMED,USD,2018-11-01 00:00:00,2018-11-01 16:21:55,Q3,6115000.0,435000.0,0.0,1592000.0,3603000.0,-306000.0,0.0,2182000.0,51846000,0.0,-8813000.0,-239000.0,0.0,-8017000.0,0.0,6850000.0,6611000.0,0.0,47000.0,2155000.0,0.0,-2108000.0,47000.0,0.0,-2155000.0,8406000.0,10561000.0,-8813000.0,-239000.0,-9052000.0,https://www.sec.gov/Archives/edgar/data/1302573/000156459018026250/0001564590-18-026250-index.html,https://www.sec.gov/Archives/edgar/data/1302573/000156459018026250/omed-10q_20180930.htm,1620596108,17:35:08,20210509
2,2018-06-30,OMED,USD,2018-08-02 00:00:00,2018-08-02 08:46:34,Q2,-3976000.0,430000.0,0.0,1832000.0,-7243000.0,148000.0,0.0,277000.0,48243000,0.0,-8236000.0,-111000.0,0.0,-15092000.0,0.0,4782000.0,4671000.0,0.0,1000.0,3564000.0,0.0,-3563000.0,1000.0,0.0,-3564000.0,10561000.0,14125000.0,-8236000.0,-111000.0,-8347000.0,https://www.sec.gov/Archives/edgar/data/1302573/000156459018018695/0001564590-18-018695-index.html,https://www.sec.gov/Archives/edgar/data/1302573/000156459018018695/omed-10q_20180630.htm,1620596108,17:35:08,20210509
3,2018-03-31,OMED,USD,2018-05-08 00:00:00,2018-05-08 16:16:24,Q1,-5574000.0,423000.0,0.0,2278000.0,43413000.0,147000.0,0.0,-1861000.0,55486000,0.0,-14402000.0,-172000.0,0.0,-54270000.0,0.0,15381000.0,15209000.0,0.0,41000.0,-14125000.0,0.0,14166000.0,41000.0,0.0,848000.0,14125000.0,13277000.0,-14402000.0,-172000.0,-14574000.0,https://www.sec.gov/Archives/edgar/data/1302573/000156459018011826/0001564590-18-011826-index.html,https://www.sec.gov/Archives/edgar/data/1302573/000156459018011826/omed-10q_20180331.htm,1620596108,17:35:08,20210509
4,2017-12-31,OMED,USD,2018-03-09 00:00:00,2018-03-08 21:31:40,Q4,9463000.0,424000.0,0.0,2136000.0,-69946000.0,-57000.0,0.0,1786000.0,12073000,0.0,-12349000.0,-101000.0,0.0,-19874000.0,0.0,8010000.0,7909000.0,0.0,1701000.0,2600000.0,0.0,-2461000.0,1840000.0,0.0,-2600000.0,13277000.0,15877000.0,-12349000.0,-101000.0,-12450000.0,https://www.sec.gov/Archives/edgar/data/1302573/000156459018005014/0001564590-18-005014-index.html,https://www.sec.gov/Archives/edgar/data/1302573/000156459018005014/omed-10k_20171231.htm,1620596108,17:35:08,20210509
5,2017-09-30,OMED,USD,2017-11-02 00:00:00,2017-11-02 16:29:27,Q3,-10692000.0,425000.0,0.0,1953000.0,-13097000.0,1642000.0,0.0,-1326000.0,82019000,0.0,-16531000.0,-20000.0,0.0,-69651000.0,0.0,22000.0,2000.0,0.0,466000.0,16063000.0,0.0,-15597000.0,466000.0,0.0,-16063000.0,15877000.0,31940000.0,-16531000.0,-20000.0,-16551000.0,https://www.sec.gov/Archives/edgar/data/1302573/000156459017021233/0001564590-17-021233-index.html,https://www.sec.gov/Archives/edgar/data/1302573/000156459017021233/omed-10q_20170930.htm,1620596108,17:35:08,20210509
6,2017-06-30,OMED,USD,2017-08-02 00:00:00,2017-08-02 16:16:42,Q2,-15225000.0,433000.0,0.0,2202000.0,-17204000.0,-338000.0,0.0,-1805000.0,95116000,0.0,-27112000.0,-64000.0,0.0,-27884000.0,0.0,19916000.0,19852000.0,0.0,5000.0,-31940000.0,0.0,31945000.0,5000.0,0.0,-5013000.0,31940000.0,36953000.0,-27112000.0,-64000.0,-27176000.0,https://www.sec.gov/Archives/edgar/data/1302573/000156459017014908/0001564590-17-014908-index.html,https://www.sec.gov/Archives/edgar/data/1302573/000156459017014908/omed-10q_20170630.htm,1620596108,17:35:08,20210509
7,2017-03-31,OMED,USD,2017-05-08 00:00:00,2017-05-08 16:44:02,Q1,-22608000.0,428000.0,0.0,3123000.0,-21410000.0,863000.0,0.0,-980000.0,112320000,0.0,-28978000.0,-400000.0,0.0,-9967000.0,0.0,29887000.0,29487000.0,0.0,1733000.0,0.0,0.0,1733000.0,1733000.0,0.0,2242000.0,39195000.0,39195000.0,-28978000.0,-400000.0,-29378000.0,https://www.sec.gov/Archives/edgar/data/1302573/000156459017009427/0001564590-17-009427-index.html,https://www.sec.gov/Archives/edgar/data/1302573/000156459017009427/omed-10q_20170331.htm,1620596108,17:35:08,20210509
8,2016-12-31,OMED,USD,2017-03-09 00:00:00,2017-03-09 17:10:31,Q4,-22338000.0,436000.0,0.0,2356000.0,-23463000.0,-267000.0,0.0,-546000.0,133730000,0.0,-22849000.0,-300000.0,0.0,-1000.0,0.0,29955000.0,29655000.0,0.0,-4739000.0,30084000.0,0.0,-25282000.0,63000.0,0.0,8360000.0,36953000.0,28593000.0,-22849000.0,-300000.0,-23149000.0,https://www.sec.gov/Archives/edgar/data/1302573/000156459017003874/0001564590-17-003874-index.html,https://www.sec.gov/Archives/edgar/data/1302573/000156459017003874/omed-10k_20161231.htm,1620596108,17:35:08,20210509
9,2016-09-30,OMED,USD,2016-11-01 00:00:00,2016-11-01 16:24:21,Q3,-25862000.0,448000.0,0.0,2828000.0,35450000.0,-227000.0,0.0,985000.0,157193000,0.0,-27171000.0,-160000.0,0.0,-77647000.0,0.0,-43721000.0,-43881000.0,0.0,62975000.0,7687000.0,0.0,-7297000.0,63365000.0,0.0,-7687000.0,30084000.0,37771000.0,-27171000.0,-160000.0,-27331000.0,https://www.sec.gov/Archives/edgar/data/1302573/000156459016026741/0001564590-16-026741-index.html,https://www.sec.gov/Archives/edgar/data/1302573/000156459016026741/omed-10q_20160930.htm,1620596108,17:35:08,20210509
10,2016-06-30,OMED,USD,2016-08-09,2016-08-09 16:45:26,Q2,-27689000.0,446000.0,0.0,2952000.0,-28195000.0,-713000.0,0.0,1239000.0,121743000,0.0,-22801000.0,-182000.0,0.0,-99635000.0,0.0,-24789000.0,-24971000.0,0.0,934000.0,46792000.0,0.0,-46746000.0,980000.0,0.0,-46792000.0,37771000.0,84563000.0,-22801000.0,-182000.0,-22983000.0,https://www.sec.gov/Archives/edgar/data/1302573/000156459016023716/0001564590-16-023716-index.htm,https://www.sec.gov/Archives/edgar/data/1302573/000156459016023716/omed-10q_20160630.htm,1620596108,17:35:08,20210509
11,2016-03-31,OMED,USD,2016-05-05 00:00:00,2016-05-05 16:34:24,Q1,-27213000.0,434000.0,0.0,2995000.0,-28676000.0,69391000.0,0.0,-3448000.0,149938000,0.0,35885000.0,-516000.0,0.0,-30000000.0,0.0,10010000.0,9494000.0,0.0,740000.0,-84563000.0,0.0,85303000.0,740000.0,0.0,46119000.0,84563000.0,38444000.0,35885000.0,-516000.0,35369000.0,https://www.sec.gov/Archives/edgar/data/1302573/000156459016018006/0001564590-16-018006-index.html,https://www.sec.gov/Archives/edgar/data/1302573/000156459016018006/omed-10q_20160331.htm,1620596108,17:35:08,20210509
12,2015-12-31,OMED,USD,2016-03-10 00:00:00,2016-03-10 16:28:03,Q4,-24778000.0,292000.0,0.0,3451000.0,39006000.0,-70384000.0,0.0,3199000.0,178614000,0.0,-17594000.0,-186000.0,0.0,-9986000.0,0.0,24850000.0,24664000.0,0.0,22200000.0,-7164000.0,0.0,-14942000.0,94000.0,0.0,7164000.0,38444000.0,31280000.0,-17594000.0,-186000.0,-17780000.0,https://www.sec.gov/Archives/edgar/data/1302573/000156459016014426/0001564590-16-014426-index.html,https://www.sec.gov/Archives/edgar/data/1302573/000156459016014426/omed-10k_20151231.htm,1620596108,17:35:08,20210509
13,2015-09-30,OMED,USD,2015-11-05 00:00:00,2015-11-05 16:30:47,Q3,-24480000.0,517000.0,0.0,2511000.0,-24451000.0,-12000.0,0.0,-2695000.0,139608000,0.0,-25513000.0,-143000.0,0.0,-88841000.0,0.0,20159000.0,20016000.0,0.0,522000.0,4975000.0,0.0,-4453000.0,522000.0,0.0,-4975000.0,31280000.0,36255000.0,-25513000.0,-143000.0,-25656000.0,https://www.sec.gov/Archives/edgar/data/1302573/000156459015009684/0001564590-15-009684-index.html,https://www.sec.gov/Archives/edgar/data/1302573/000156459015009684/omed-10q_20150930.htm,1620596108,17:35:08,20210509
14,2015-06-30,OMED,USD,2015-08-10 00:00:00,2015-08-10 16:28:19,Q2,-21620000.0,430000.0,0.0,2417000.0,-23401000.0,6000.0,0.0,3063000.0,164059000,0.0,-12394000.0,-637000.0,0.0,-19987000.0,0.0,20013000.0,19376000.0,0.0,158000.0,-7140000.0,0.0,7298000.0,158000.0,0.0,7140000.0,36255000.0,29115000.0,-12394000.0,-637000.0,-13031000.0,https://www.sec.gov/Archives/edgar/data/1302573/000119312515284927/0001193125-15-284927-index.html,https://www.sec.gov/Archives/edgar/data/1302573/000119312515284927/d96443d10q.htm,1620596108,17:35:08,20210509
15,2015-03-31,OMED,USD,2015-05-07 00:00:00,2015-05-07 16:47:55,Q1,-14529000.0,404000.0,0.0,2387000.0,-14804000.0,6000.0,0.0,-1355000.0,187460000,0.0,-19637000.0,-398000.0,0.0,-9992000.0,0.0,20008000.0,19610000.0,0.0,1004000.0,-29115000.0,0.0,30119000.0,1004000.0,0.0,977000.0,29115000.0,28138000.0,-19637000.0,-398000.0,-20035000.0,https://www.sec.gov/Archives/edgar/data/1302573/000119312515177276/0001193125-15-177276-index.html,https://www.sec.gov/Archives/edgar/data/1302573/000119312515177276/d905727d10q.htm,1620596108,17:35:08,20210509
16,2014-12-31,OMED,USD,2015-03-12,2015-03-12 16:41:39,Q4,-15056000.0,398000.0,10331000.0,1996000.0,-12963000.0,2000.0,0.0,633000.0,202264000,0.0,-15468000.0,-493000.0,0.0,-24979000.0,0.0,14051000.0,13558000.0,8200000.0,1055000.0,1857000.0,0.0,-1804000.0,53000.0,0.0,-1857000.0,28138000.0,29995000.0,-15468000.0,-493000.0,-15961000.0,https://www.sec.gov/Archives/edgar/data/1302573/000119312515089346/0001193125-15-089346-index.htm,https://www.sec.gov/Archives/edgar/data/1302573/000119312515089346/d851015d10k.htm,1620596108,17:35:08,20210509
17,2014-09-30,OMED,USD,2014-11-04 00:00:00,2014-11-04 16:16:15,Q3,-5486000.0,332000.0,0.0,2001000.0,-3595000.0,48000.0,0.0,749000.0,215227000,0.0,-18871000.0,-169000.0,0.0,-128902000.0,0.0,25098000.0,24929000.0,0.0,124000.0,-6616000.0,0.0,7174000.0,558000.0,0.0,6616000.0,29995000.0,23379000.0,-18871000.0,-169000.0,-19040000.0,https://www.sec.gov/Archives/edgar/data/1302573/000119312514396256/0001193125-14-396256-index.html,https://www.sec.gov/Archives/edgar/data/1302573/000119312514396256/d786242d10q.htm,1620596108,17:35:08,20210509
18,2014-06-30,OMED,USD,2014-08-07 00:00:00,2014-08-07 08:01:14,Q2,-15597000.0,363000.0,0.0,1507000.0,-18911000.0,-48000.0,0.0,111000.0,218822000,0.0,-17605000.0,-537000.0,0.0,-29984000.0,0.0,15015000.0,14478000.0,0.0,556000.0,2571000.0,0.0,-2015000.0,556000.0,0.0,-2571000.0,23379000.0,25950000.0,-17605000.0,-537000.0,-18142000.0,https://www.sec.gov/Archives/edgar/data/1302573/000119312514299534/0001193125-14-299534-index.html,https://www.sec.gov/Archives/edgar/data/1302573/000119312514299534/d736146d10q.htm,1620596108,17:35:08,20210509
19,2014-03-31,OMED,USD,2014-05-08 00:00:00,2014-05-08 06:08:16,Q1,-13871000.0,351000.0,0.0,690000.0,-18994000.0,0.0,0.0,-2771000.0,237733000,0.0,-32567000.0,-610000.0,0.0,-252991000.0,0.0,-150719000.0,-151329000.0,0.0,22200000.0,-25950000.0,0.0,4665000.0,915000.0,0.0,-182981000.0,25950000.0,208931000.0,-32567000.0,-610000.0,-33177000.0,https://www.sec.gov/Archives/edgar/data/1302573/000119312514188298/0001193125-14-188298-index.html,https://www.sec.gov/Archives/edgar/data/1302573/000119312514188298/d699858d10q.htm,1620596108,17:35:08,20210509
20,2013-12-31,OMED,USD,2014-03-18,2014-03-18 17:29:42,Q4,-4344000.0,338000.0,-10331000.0,754000.0,148441000.0,14000000.0,0.0,172000.0,256727000,0.0,167299000.0,-404000.0,0.0,-5003000.0,0.0,10297000.0,9893000.0,0.0,20519000.0,-197839000.0,0.0,197967000.0,20647000.0,0.0,197839000.0,208931000.0,11092000.0,167299000.0,-404000.0,166895000.0,https://www.sec.gov/Archives/edgar/data/1302573/000119312514104564/0001193125-14-104564-index.htm,https://www.sec.gov/Archives/edgar/data/1302573/000119312514104564/d669910d10k.htm,1620596108,17:35:08,20210509
21,2013-09-30,OMED,USD,2013-11-13 00:00:00,2013-11-13 16:03:12,Q3,-3485000.0,362000.0,0.0,492000.0,81056000.0,-14000000.0,0.0,2512000.0,108286000,0.0,-13061000.0,-30000.0,0.0,-102244000.0,0.0,-77244000.0,-77274000.0,0.0,-17000.0,5081000.0,0.0,80190000.0,85254000.0,0.0,-5081000.0,11092000.0,16173000.0,-13061000.0,-30000.0,-13091000.0,https://www.sec.gov/Archives/edgar/data/1302573/000119312513440170/0001193125-13-440170-index.html,https://www.sec.gov/Archives/edgar/data/1302573/000119312513440170/d607389d10q.htm,1620596108,17:35:08,20210509
