,date,symbol,reportedCurrency,fillingDate,acceptedDate,period,netIncome,depreciationAndAmortization,deferredIncomeTax,stockBasedCompensation,changeInWorkingCapital,accountsReceivables,inventory,accountsPayables,otherWorkingCapital,otherNonCashItems,netCashProvidedByOperatingActivities,investmentsInPropertyPlantAndEquipment,acquisitionsNet,purchasesOfInvestments,salesMaturitiesOfInvestments,otherInvestingActivites,netCashUsedForInvestingActivites,debtRepayment,commonStockIssued,commonStockRepurchased,dividendsPaid,otherFinancingActivites,netCashUsedProvidedByFinancingActivities,effectOfForexChangesOnCash,netChangeInCash,cashAtEndOfPeriod,cashAtBeginningOfPeriod,operatingCashFlow,capitalExpenditure,freeCashFlow,link,finalLink,timestamp,est_time,est_date
0,2020-09-30,CDXI,USD,2020-11-13,2020-11-13 16:00:52,Q3,-1354331.0,8733.0,0.0,144062.0,-973429.0,8754.0,25379.0,94650.0,-8831559.0,224567.0,-404214.0,0.0,0.0,0.0,0.0,0.0,-4722.0,-154228.0,0.0,0.0,0.0,0.0,485772.0,0.0,76836.0,107185.0,30349.0,-404214.0,-4722.0,-408936.0,https://www.sec.gov/Archives/edgar/data/1544238/000149315220021301/0001493152-20-021301-index.htm,https://www.sec.gov/Archives/edgar/data/1544238/000149315220021301/form10-q.htm,1620590092,15:54:52,20210509
1,2020-06-30,CDXI,USD,2020-08-14 00:00:00,2020-08-14 16:57:18,Q2,-1700342.0,8734.0,0.0,166562.0,-926925.0,24027.0,33312.0,11462.0,-7858130.0,887452.0,-433737.0,0.0,0.0,0.0,0.0,0.0,1595.0,-250000.0,0.0,0.0,0.0,-30000.0,411300.0,0.0,-20842.0,30349.0,51191.0,-433737.0,0.0,-432142.0,https://www.sec.gov/Archives/edgar/data/1544238/000149315220015923/0001493152-20-015923-index.htm,https://www.sec.gov/Archives/edgar/data/1544238/000149315220015923/form10-q.htm,1620590092,15:54:52,20210509
2,2020-03-31,CDXI,USD,2020-05-15 00:00:00,2020-05-15 16:32:00,Q1,-1002868.0,8733.0,0.0,177813.0,-384091.0,85385.0,61271.0,43288.0,-6931205.0,-57135.0,-568840.0,0.0,0.0,0.0,0.0,0.0,-9272.0,-150000.0,0.0,0.0,0.0,-10000.0,610000.0,0.0,31888.0,51191.0,19303.0,-568840.0,-9272.0,-578112.0,https://www.sec.gov/Archives/edgar/data/1544238/000149315220009139/0001493152-20-009139-index.htm,https://www.sec.gov/Archives/edgar/data/1544238/000149315220009139/form10-q.htm,1620590092,15:54:52,20210509
3,2019-12-31,CDXI,USD,2020-03-30 00:00:00,2020-03-30 07:48:14,Q4,-1442297.0,10467.0,0.0,173813.0,-923328.0,-170591.0,129896.0,-11473.0,-6547114.0,287745.0,-474948.0,0.0,0.0,0.0,0.0,0.0,-3219.0,0.0,0.0,0.0,0.0,0.0,490000.0,0.0,11833.0,19303.0,7470.0,-474948.0,-3219.0,-478167.0,https://www.sec.gov/Archives/edgar/data/1544238/000149315220005021/0001493152-20-005021-index.html,https://www.sec.gov/Archives/edgar/data/1544238/000149315220005021/form10-k.htm,1620590092,15:54:52,20210509
4,2019-09-30,CDXI,USD,2019-11-14 00:00:00,2019-11-14 08:01:32,Q3,-1433626.0,10074.0,0.0,175713.0,-1149789.0,-137892.0,117074.0,102039.0,-5623786.0,119797.0,-979941.0,0.0,0.0,0.0,0.0,0.0,-44040.0,0.0,0.0,0.0,0.0,0.0,1000000.0,0.0,-23981.0,7470.0,31451.0,-979941.0,-44040.0,-1023981.0,https://www.sec.gov/Archives/edgar/data/1544238/000149315219017170/0001493152-19-017170-index.html,https://www.sec.gov/Archives/edgar/data/1544238/000149315219017170/form10-q.htm,1620590092,15:54:52,20210509
5,2019-06-30,CDXI,USD,2019-08-14,2019-08-14 16:44:33,Q2,-1081694.0,7766.0,0.0,178687.0,-667445.0,148482.0,-1799.0,-78727.0,-4473997.0,0.0,-863650.0,0.0,0.0,0.0,0.0,0.0,-3254.0,0.0,200000.0,0.0,0.0,0.0,825000.0,0.0,-41904.0,31451.0,73355.0,-863650.0,-3254.0,-866904.0,https://www.sec.gov/Archives/edgar/data/1544238/000149315219012594/0001493152-19-012594-index.htm,https://www.sec.gov/Archives/edgar/data/1544238/000149315219012594/form10-q.htm,1620590092,15:54:52,20210509
6,2019-03-31,CDXI,USD,2019-05-15 00:00:00,2019-05-15 08:01:40,Q1,-1135420.0,11262.0,0.0,180375.0,70738.0,21743.0,57378.0,-373962.0,-3806552.0,0.0,-1204298.0,0.0,0.0,0.0,0.0,0.0,-11100.0,0.0,45000.0,0.0,0.0,0.0,1045000.0,0.0,-170398.0,73355.0,243753.0,-1204298.0,-11100.0,-1215398.0,https://www.sec.gov/Archives/edgar/data/1544238/000149315219007201/0001493152-19-007201-index.html,https://www.sec.gov/Archives/edgar/data/1544238/000149315219007201/form10-q.htm,1620590092,15:54:52,20210509
7,2018-12-31,CDXI,USD,2019-03-28 00:00:00,2019-03-28 08:01:43,Q4,-947349.0,6717.0,0.0,207022.0,-202308.0,375128.0,83485.0,-197536.0,-3877290.0,0.0,-488373.0,0.0,0.0,0.0,0.0,0.0,-6110.0,0.0,539662.0,0.0,0.0,0.0,539662.0,0.0,45179.0,243753.0,198574.0,-488373.0,-6110.0,-494483.0,https://www.sec.gov/Archives/edgar/data/1544238/000149315219004071/0001493152-19-004071-index.html,https://www.sec.gov/Archives/edgar/data/1544238/000149315219004071/form10-k.htm,1620590092,15:54:52,20210509
8,2018-09-30,CDXI,USD,2018-11-13 00:00:00,2018-11-13 17:01:24,Q3,-928888.0,6718.0,0.0,180562.0,47497.0,-276369.0,72888.0,5850.0,-3674982.0,0.0,-822829.0,0.0,0.0,0.0,0.0,0.0,-10155.0,0.0,704375.0,0.0,0.0,0.0,704375.0,0.0,-128609.0,198574.0,327183.0,-822829.0,-10155.0,-832984.0,https://www.sec.gov/Archives/edgar/data/1544238/000149315218015783/0001493152-18-015783-index.html,https://www.sec.gov/Archives/edgar/data/1544238/000149315218015783/form10-q.htm,1620590092,15:54:52,20210509
9,2018-06-30,CDXI,USD,2018-08-13 00:00:00,2018-08-13 17:01:21,Q2,-1100121.0,7530.0,0.0,133062.0,-974619.0,169244.0,-170828.0,106393.0,-3722479.0,0.0,-951030.0,0.0,0.0,0.0,0.0,0.0,-15090.0,0.0,0.0,0.0,0.0,0.0,0.0,0.0,-966120.0,327183.0,1293303.0,-951030.0,-15090.0,-966120.0,https://www.sec.gov/Archives/edgar/data/1544238/000149315218011544/0001493152-18-011544-index.html,https://www.sec.gov/Archives/edgar/data/1544238/000149315218011544/form10-q.htm,1620590092,15:54:52,20210509
10,2018-03-31,CDXI,USD,2018-05-09 00:00:00,2018-05-09 08:01:21,Q1,-1047864.0,9605.0,0.0,129625.0,-913872.0,-86043.0,112191.0,-61491.0,-2747860.0,0.0,-938296.0,0.0,0.0,0.0,0.0,0.0,-5238.0,0.0,0.0,0.0,0.0,0.0,0.0,0.0,-943534.0,1293303.0,2236837.0,-938296.0,-5238.0,-943534.0,https://www.sec.gov/Archives/edgar/data/1544238/000149315218006444/0001493152-18-006444-index.html,https://www.sec.gov/Archives/edgar/data/1544238/000149315218006444/form10-q.htm,1620590092,15:54:52,20210509
11,2017-12-31,CDXI,USD,2018-03-27 00:00:00,2018-03-27 08:01:17,Q4,-788199.0,7233.0,0.0,99646.0,-559612.0,239060.0,-285635.0,0.0,-1833988.0,99646.0,-683191.0,0.0,0.0,0.0,0.0,0.0,-3271.0,0.0,124979.0,0.0,0.0,0.0,124979.0,0.0,-561483.0,2236837.0,2798320.0,-683191.0,-3271.0,-686462.0,https://www.sec.gov/Archives/edgar/data/1544238/000149315218003937/0001493152-18-003937-index.html,https://www.sec.gov/Archives/edgar/data/1544238/000149315218003937/form10-k.htm,1620590092,15:54:52,20210509
12,2017-09-30,CDXI,USD,2017-11-14 00:00:00,2017-11-14 13:21:21,Q3,-363156.0,7388.0,0.0,58250.0,3165419.0,-268749.0,-45007.0,0.0,-1274376.0,58250.0,-743133.0,0.0,0.0,0.0,0.0,0.0,-8519.0,0.0,3431456.0,0.0,0.0,40000.0,3471456.0,0.0,2719804.0,2798320.0,78516.0,-743133.0,-8519.0,-751652.0,https://www.sec.gov/Archives/edgar/data/1544238/000149315217013100/0001493152-17-013100-index.html,https://www.sec.gov/Archives/edgar/data/1544238/000149315217013100/form10-q.htm,1620590092,15:54:52,20210509
13,2017-06-30,CDXI,USD,2017-08-11 00:00:00,2017-08-11 17:02:29,Q2,-383043.0,7400.0,0.0,45000.0,5902.0,9824.0,31951.0,0.0,-4439795.0,45000.0,-311010.0,0.0,0.0,0.0,0.0,0.0,-1155.0,0.0,293000.0,0.0,0.0,0.0,293000.0,0.0,-19165.0,78516.0,97681.0,-311010.0,-1155.0,-312165.0,https://www.sec.gov/Archives/edgar/data/1544238/000149315217008981/0001493152-17-008981-index.html,https://www.sec.gov/Archives/edgar/data/1544238/000149315217008981/form10-q.htm,1620590092,15:54:52,20210509
14,2017-03-31,CDXI,USD,2017-05-15 00:00:00,2017-05-15 08:22:57,Q1,-450836.0,7401.0,0.0,39250.0,-121648.0,-17378.0,-30907.0,0.0,-4445697.0,39250.0,-343289.0,0.0,0.0,0.0,0.0,0.0,-6463.0,0.0,289000.0,0.0,0.0,0.0,289000.0,0.0,-60752.0,97681.0,158433.0,-343289.0,-6463.0,-349752.0,https://www.sec.gov/Archives/edgar/data/1544238/000149315217005229/0001493152-17-005229-index.html,https://www.sec.gov/Archives/edgar/data/1544238/000149315217005229/form10-q.htm,1620590092,15:54:52,20210509
15,2016-12-31,CDXI,USD,2017-03-31 00:00:00,2017-03-31 13:40:46,Q4,-395779.0,7046.0,0.0,26750.0,-46058.0,0.0,14448.0,0.0,-4324049.0,26750.0,-398390.0,0.0,0.0,0.0,0.0,0.0,-5075.0,0.0,321000.0,0.0,0.0,0.0,321000.0,0.0,-82465.0,158433.0,240898.0,-398390.0,-5075.0,-403465.0,https://www.sec.gov/Archives/edgar/data/1544238/000149315217003138/0001493152-17-003138-index.html,https://www.sec.gov/Archives/edgar/data/1544238/000149315217003138/form10-k.htm,1620590092,15:54:52,20210509
16,2016-09-30,CDXI,USD,2016-11-14 00:00:00,2016-11-14 15:02:50,Q3,-482438.0,6619.0,0.0,116583.0,-126395.0,0.0,0.0,0.0,-4277991.0,116583.0,-398413.0,0.0,0.0,0.0,0.0,0.0,-4159.0,0.0,237000.0,0.0,0.0,0.0,237000.0,0.0,-165572.0,240898.0,406470.0,-398413.0,-4159.0,-402572.0,https://www.sec.gov/Archives/edgar/data/1544238/000149315216014895/0001493152-16-014895-index.html,https://www.sec.gov/Archives/edgar/data/1544238/000149315216014895/form10-q.htm,1620590092,15:54:52,20210509
17,2016-06-30,CDXI,USD,2016-08-15 00:00:00,2016-08-15 16:42:28,Q2,-227742.0,7688.0,0.0,0.0,334685.0,0.0,0.0,0.0,-4151596.0,0.0,-210931.0,0.0,0.0,0.0,0.0,0.0,-8261.0,0.0,563000.0,0.0,0.0,0.0,563000.0,0.0,343808.0,406470.0,62662.0,-210931.0,-8261.0,-219192.0,https://www.sec.gov/Archives/edgar/data/1544238/000149315216012459/0001493152-16-012459-index.html,https://www.sec.gov/Archives/edgar/data/1544238/000149315216012459/form10-q.htm,1620590092,15:54:52,20210509
18,2016-03-31,CDXI,USD,2016-05-13 00:00:00,2016-05-13 17:14:32,Q1,-677746.0,7748.0,0.0,87500.0,-299980.0,0.0,0.0,0.0,-4486281.0,87500.0,-249037.0,0.0,0.0,0.0,0.0,0.0,-11711.0,0.0,0.0,0.0,0.0,0.0,0.0,0.0,-260748.0,62662.0,323410.0,-249037.0,-11711.0,-260748.0,https://www.sec.gov/Archives/edgar/data/1544238/000149315216009781/0001493152-16-009781-index.html,https://www.sec.gov/Archives/edgar/data/1544238/000149315216009781/form10-q.htm,1620590092,15:54:52,20210509
19,2015-12-31,CDXI,USD,2016-03-30 00:00:00,2016-03-30 17:08:42,Q4,-1813994.0,4385.0,0.0,143660.0,-1080091.0,0.0,0.0,0.0,-4186301.0,143660.0,-435538.0,0.0,0.0,0.0,0.0,0.0,-197.0,0.0,346000.0,0.0,0.0,0.0,346000.0,0.0,-89735.0,323410.0,413145.0,-435538.0,-197.0,-435735.0,https://www.sec.gov/Archives/edgar/data/1544238/000149315216008455/0001493152-16-008455-index.html,https://www.sec.gov/Archives/edgar/data/1544238/000149315216008455/form10-k.htm,1620590092,15:54:52,20210509
20,2015-09-30,CDXI,USD,2015-11-12 00:00:00,2015-11-12 06:32:31,Q3,-743461.0,4373.0,0.0,50000.0,-153196.0,0.0,0.0,-7975.0,-3106210.0,50000.0,-501464.0,0.0,0.0,0.0,0.0,0.0,-6067.0,0.0,335000.0,0.0,0.0,0.0,335000.0,0.0,-172531.0,413145.0,585676.0,-501464.0,-6067.0,-507531.0,https://www.sec.gov/Archives/edgar/data/1544238/000149315215005299/0001493152-15-005299-index.html,https://www.sec.gov/Archives/edgar/data/1544238/000149315215005299/form10-q.htm,1620590092,15:54:52,20210509
21,2015-06-30,CDXI,USD,2015-08-11 00:00:00,2015-08-11 17:06:40,Q2,-584265.0,4376.0,0.0,138373.0,1073284.0,0.0,0.0,-110376.0,-2953014.0,138373.0,-293790.0,0.0,0.0,0.0,0.0,0.0,-8532.0,0.0,730000.0,0.0,0.0,0.0,730000.0,0.0,427678.0,585676.0,157998.0,-293790.0,-8532.0,-302322.0,https://www.sec.gov/Archives/edgar/data/1544238/000149315215003510/0001493152-15-003510-index.html,https://www.sec.gov/Archives/edgar/data/1544238/000149315215003510/form10-q.htm,1620590092,15:54:52,20210509
22,2015-03-31,CDXI,USD,2015-05-11 00:00:00,2015-05-11 16:23:51,Q1,-1116155.0,10624.0,0.0,376026.0,-371758.0,0.0,0.0,101725.0,-4026298.0,376026.0,-275445.0,0.0,0.0,0.0,0.0,0.0,2747.0,0.0,365000.0,0.0,0.0,0.0,395000.0,0.0,122302.0,157998.0,35696.0,-275445.0,-7253.0,-282698.0,https://www.sec.gov/Archives/edgar/data/1544238/000149315215001840/0001493152-15-001840-index.html,https://www.sec.gov/Archives/edgar/data/1544238/000149315215001840/form10-q.htm,1620590092,15:54:52,20210509
23,2014-12-31,CDXI,USD,2014-12-31,2014-12-31,Q4,-1808232.0,10776.0,0.0,883413.0,-920293.0,0.0,0.0,113182.0,-3654540.0,0.0,-776377.0,1.0,0.0,0.0,0.0,0.0,78754.0,0.0,0.0,0.0,0.0,0.0,0.0,0.0,-697623.0,35696.0,733319.0,-776377.0,-6250.0,-782627.0,,,1620590092,15:54:52,20210509
24,2014-09-30,CDXI,USD,2014-10-28 00:00:00,2014-10-28 16:14:53,Q3,-1880394.0,9435.0,0.0,786747.0,-1096432.0,0.0,28099.0,-56972.0,-2734247.0,0.0,-1132148.0,-1634.0,0.0,0.0,0.0,0.0,-12918.0,0.0,698.0,0.0,0.0,0.0,698.0,0.0,-1144368.0,733319.0,1877687.0,-1132148.0,-12918.0,-1145066.0,https://www.sec.gov/Archives/edgar/data/1544238/000149315214003456/0001493152-14-003456-index.html,https://www.sec.gov/Archives/edgar/data/1544238/000149315214003456/form10q.htm,1620590092,15:54:52,20210509
25,2014-06-30,CDXI,USD,2014-08-12 00:00:00,2014-08-12 15:12:35,Q2,-2021070.0,11256.0,0.0,892576.0,-1125082.0,0.0,0.0,911.0,-1637815.0,0.0,-1051752.0,0.0,0.0,0.0,0.0,0.0,-5417.0,0.0,0.0,0.0,0.0,0.0,0.0,0.0,-1057169.0,1877687.0,2934856.0,-1051752.0,-7843.0,-1059595.0,https://www.sec.gov/Archives/edgar/data/1544238/000149315214002449/0001493152-14-002449-index.html,https://www.sec.gov/Archives/edgar/data/1544238/000149315214002449/form10q.htm,1620590092,15:54:52,20210509
26,2014-03-31,CDXI,USD,2014-05-15 00:00:00,2014-05-15 16:51:56,Q1,-11284929.0,7505.0,0.0,9104625.0,-490714.0,0.0,0.0,-97449.0,-512733.0,4592.0,-2734954.0,0.0,0.0,0.0,0.0,0.0,-1292.0,-550408.0,3923100.0,0.0,0.0,0.0,5448692.0,0.0,2712446.0,2934856.0,222410.0,-2734954.0,-1292.0,-2736246.0,https://www.sec.gov/Archives/edgar/data/1544238/000149315214001558/0001493152-14-001558-index.html,https://www.sec.gov/Archives/edgar/data/1544238/000149315214001558/form10q.htm,1620590092,15:54:52,20210509
27,2013-12-31,CDXI,USD,2013-12-31,2013-12-31,Q4,-7618.0,123.0,0.0,0.0,-7495.0,0.0,0.0,5000.0,-22019.0,0.0,-2749.0,0.0,0.0,0.0,0.0,0.0,0.0,0.0,0.0,0.0,0.0,0.0,0.0,0.0,-2749.0,6420.0,9169.0,-2749.0,0.0,-2749.0,,,1620590092,15:54:52,20210509
28,2013-09-30,CDXI,USD,2013-11-19 00:00:00,2013-11-19 17:10:56,Q2,-6114.0,123.0,0.0,0.0,4009.0,0.0,0.0,-4388.0,-14524.0,0.0,-10670.0,0.0,0.0,0.0,0.0,0.0,0.0,0.0,0.0,0.0,0.0,9995.0,9995.0,0.0,-675.0,9169.0,9844.0,-10670.0,0.0,-10670.0,https://www.sec.gov/Archives/edgar/data/1544238/000114420413063130/0001144204-13-063130-index.html,https://www.sec.gov/Archives/edgar/data/1544238/000114420413063130/v360021_10q.htm,1620590092,15:54:52,20210509
29,2013-06-30,CDXI,USD,2013-09-16 00:00:00,2013-09-16 17:05:39,Q1,-5530.0,123.0,0.0,0.0,-5907.0,0.0,0.0,7650.0,-18533.0,0.0,2615.0,-500.0,0.0,0.0,0.0,0.0,-500.0,0.0,0.0,0.0,0.0,200.0,200.0,0.0,2315.0,9844.0,7529.0,2615.0,-500.0,2115.0,https://www.sec.gov/Archives/edgar/data/1544238/000114420413051028/0001144204-13-051028-index.html,https://www.sec.gov/Archives/edgar/data/1544238/000114420413051028/v355103_10q.htm,1620590092,15:54:52,20210509
30,2013-03-31,CDXI,USD,2013-06-06 00:00:00,2013-06-06 13:32:06,Q4,-40189.0,0.0,0.0,0.0,-12210.0,0.0,0.0,2351.0,-12626.0,0.0,-7973.0,0.0,0.0,0.0,0.0,0.0,-2045.0,0.0,0.0,0.0,0.0,4750.0,4750.0,0.0,-5268.0,7529.0,12797.0,-7973.0,0.0,-10018.0,https://www.sec.gov/Archives/edgar/data/1544238/000146970913000367/0001469709-13-000367-index.html,https://www.sec.gov/Archives/edgar/data/1544238/000146970913000367/koff10k_033113apg.htm,1620590092,15:54:52,20210509
31,2012-12-31,CDXI,USD,2013-02-11 00:00:00,2013-02-11 15:01:07,Q3,0.0,0.0,0.0,0.0,-7716.0,0.0,0.0,0.0,-416.0,0.0,-8673.0,0.0,0.0,0.0,0.0,0.0,0.0,0.0,0.0,0.0,0.0,0.0,11300.0,0.0,2627.0,12797.0,10170.0,-8673.0,0.0,-8673.0,https://www.sec.gov/Archives/edgar/data/1544238/000146970913000096/0001469709-13-000096-index.html,https://www.sec.gov/Archives/edgar/data/1544238/000146970913000096/koff10q_123112apg.htm,1620590092,15:54:52,20210509
32,2012-09-30,CDXI,USD,2012-11-13 00:00:00,2012-11-13 12:47:28,Q2,0.0,0.0,0.0,0.0,-17251.0,0.0,0.0,0.0,7300.0,0.0,-14724.0,0.0,0.0,0.0,0.0,0.0,0.0,0.0,0.0,0.0,0.0,0.0,0.0,0.0,-14724.0,10170.0,24894.0,-14724.0,0.0,-14724.0,https://www.sec.gov/Archives/edgar/data/1544238/000146970912000292/0001469709-12-000292-index.html,https://www.sec.gov/Archives/edgar/data/1544238/000146970912000292/koff10q_093012apg.htm,1620590092,15:54:52,20210509
33,2012-06-30,CDXI,USD,2012-06-30,2012-06-30,Q1,-1820.0,0.0,0.0,0.0,24551.0,0.0,0.0,0.0,24551.0,0.0,2475.0,0.0,0.0,0.0,0.0,0.0,0.0,0.0,0.0,0.0,0.0,0.0,0.0,0.0,2475.0,24894.0,22419.0,2475.0,0.0,2475.0,,,1620590092,15:54:52,20210509
34,2012-03-31,CDXI,USD,2012-03-31,2012-03-31,Q2,-12619.0,0.0,0.0,0.0,6463.0,0.0,0.0,0.0,0.0,0.0,-13657.0,0.0,0.0,0.0,0.0,0.0,0.0,0.0,0.0,0.0,0.0,0.0,33020.0,0.0,19363.0,22419.0,3056.0,-13657.0,0.0,-13657.0,,,1620590092,15:54:52,20210509
35,2011-12-31,CDXI,USD,2011-12-31,2011-12-31,Q2,841.0,0.0,0.0,0.0,-3689.0,0.0,0.0,0.0,-6463.0,0.0,-2848.0,0.0,0.0,0.0,0.0,0.0,0.0,0.0,0.0,0.0,0.0,0.0,-1608.0,0.0,-4456.0,3056.0,7512.0,-2848.0,0.0,-2848.0,,,1620590092,15:54:52,20210509
