,date,symbol,reportedCurrency,fillingDate,acceptedDate,period,netIncome,depreciationAndAmortization,deferredIncomeTax,stockBasedCompensation,changeInWorkingCapital,accountsReceivables,inventory,accountsPayables,otherWorkingCapital,otherNonCashItems,netCashProvidedByOperatingActivities,investmentsInPropertyPlantAndEquipment,acquisitionsNet,purchasesOfInvestments,salesMaturitiesOfInvestments,otherInvestingActivites,netCashUsedForInvestingActivites,debtRepayment,commonStockIssued,commonStockRepurchased,dividendsPaid,otherFinancingActivites,netCashUsedProvidedByFinancingActivities,effectOfForexChangesOnCash,netChangeInCash,cashAtEndOfPeriod,cashAtBeginningOfPeriod,operatingCashFlow,capitalExpenditure,freeCashFlow,link,finalLink,timestamp,est_time,est_date
0,2020-12-31,FMFG,USD,2021-03-19,2021-03-19 08:00:50,Q4,-1041027.0,-9108.0,0.0,0.0,25743589.0,-37812.0,0.0,0.0,39756002,0.0,10119959.0,148898.0,-24526935.0,24823782.0,-6711028.0,29748867.0,17860345.0,-217632.0,0.0,0.0,7292193.0,-59840589.0,-43406287.0,0.0,-5974460.0,0.0,15232585.0,10119959.0,148898.0,10268857.0,https://www.sec.gov/Archives/edgar/data/1698022/000143774921006559/0001437749-21-006559-index.htm,https://www.sec.gov/Archives/edgar/data/1698022/000143774921006559/fmfg20201231_10k.htm,1620592151,16:29:11,20210509
1,2020-09-30,FMFG,USD,2020-11-10,2020-11-10 07:53:24,Q3,-838335.0,0.0,0.0,0.0,-64556181.0,0.0,0.0,0.0,14012413,0.0,-11761045.0,0.0,0.0,-4933239.0,0.0,0.0,0.0,-838335.0,0.0,0.0,-261.0,0.0,0.0,0.0,-11761045.0,15232585.0,26993630.0,-11761045.0,0.0,-11761045.0,https://www.sec.gov/Archives/edgar/data/1698022/000143774920023297/0001437749-20-023297-index.htm,https://www.sec.gov/Archives/edgar/data/1698022/000143774920023297/fmfg20200930_10q.htm,1620592151,16:29:11,20210509
2,2020-06-30,FMFG,USD,2020-08-07,2020-08-07 15:45:05,Q2,1036055.0,-26252.0,0.0,0.0,14193351.0,0.0,0.0,0.0,78568594,0.0,2041941.0,30394.0,0.0,-13455851.0,4298765.0,-30972552.0,-40099244.0,1055967.0,0.0,0.0,-532117.0,42939248.0,42407131.0,0.0,4349828.0,26993630.0,22643802.0,2041941.0,30394.0,2072335.0,https://www.sec.gov/Archives/edgar/data/1698022/000143774920017073/0001437749-20-017073-index.htm,https://www.sec.gov/Archives/edgar/data/1698022/000143774920017073/fmfg20200630_10q.htm,1620592151,16:29:11,20210509
3,2020-03-31,FMFG,USD,2020-05-13,2020-05-13 09:01:45,Q1,843307.0,36766.0,0.0,0.0,18738655.0,0.0,0.0,0.0,64375243,0.0,-400855.0,-179292.0,0.0,-6434692.0,2412263.0,1223685.0,-2978036.0,0.0,0.0,0.0,0.0,16901341.0,16901341.0,0.0,13522450.0,22643802.0,9121352.0,-400855.0,-179292.0,-580147.0,https://www.sec.gov/Archives/edgar/data/1698022/000143774920010504/0001437749-20-010504-index.htm,https://www.sec.gov/Archives/edgar/data/1698022/000143774920010504/fmfg20200331_10q.htm,1620592151,16:29:11,20210509
4,2019-12-31,FMFG,USD,2020-03-06 00:00:00,2020-03-06 16:08:27,Q4,1060786.0,42511.0,53841.0,0.0,-15037924.0,0.0,0.0,0.0,45636588,0.0,2629081.0,-196294.0,0.0,0.0,3403583.0,-22584361.0,-19377072.0,0.0,0.0,-64152.0,-517419.0,6855857.0,6274286.0,0.0,-10473705.0,64152.0,10537857.0,2629081.0,-196294.0,2432787.0,https://www.sec.gov/Archives/edgar/data/1698022/000143774920004519/0001437749-20-004519-index.html,https://www.sec.gov/Archives/edgar/data/1698022/000143774920004519/fmfg20191231_10k.htm,1620592151,16:29:11,20210509
5,2019-09-30,FMFG,USD,2019-11-13 00:00:00,2019-11-13 09:01:33,Q3,1177910.0,40553.0,0.0,0.0,913828.0,0.0,0.0,0.0,60674512,0.0,702197.0,-14989.0,0.0,-6118248.0,2180146.0,3375801.0,-577290.0,0.0,0.0,0.0,-413.0,-3185258.0,-3185671.0,0.0,-3060764.0,19595057.0,22655821.0,702197.0,-14989.0,687208.0,https://www.sec.gov/Archives/edgar/data/1698022/000143774919022612/0001437749-19-022612-index.html,https://www.sec.gov/Archives/edgar/data/1698022/000143774919022612/fmfg20190930_10q.htm,1620592151,16:29:11,20210509
6,2019-06-30,FMFG,USD,2019-08-08 00:00:00,2019-08-08 08:34:15,Q2,1225821.0,60086.0,0.0,0.0,1330932.0,0.0,0.0,0.0,59760684,0.0,1154038.0,-11814.0,0.0,-6581206.0,1484872.0,-6344316.0,-11452464.0,0.0,0.0,0.0,-503639.0,6644705.0,6141066.0,0.0,-4157360.0,22655821.0,26813181.0,1154038.0,-11814.0,1142224.0,https://www.sec.gov/Archives/edgar/data/1698022/000143774919015897/0001437749-19-015897-index.html,https://www.sec.gov/Archives/edgar/data/1698022/000143774919015897/fmfg20190630_10q.htm,1620592151,16:29:11,20210509
7,2019-03-31,FMFG,USD,2019-05-14 00:00:00,2019-05-14 15:50:40,Q1,1096287.0,70446.0,0.0,0.0,16228995.0,0.0,0.0,0.0,58429752,0.0,1230200.0,-33464.0,0.0,-5062430.0,1438497.0,6026864.0,2369467.0,0.0,0.0,0.0,0.0,8595277.0,8595277.0,0.0,12194944.0,26813181.0,14618237.0,1230200.0,-33464.0,1196736.0,https://www.sec.gov/Archives/edgar/data/1698022/000143774919009820/0001437749-19-009820-index.html,https://www.sec.gov/Archives/edgar/data/1698022/000143774919009820/fmfg20190331_10q.htm,1620592151,16:29:11,20210509
8,2018-12-31,FMFG,USD,2019-03-21 00:00:00,2019-03-21 06:06:39,Q4,1136805.0,69100.0,111360.0,0.0,5203672.0,0.0,0.0,0.0,42200757,0.0,939232.0,-15398.0,0.0,-4007664.0,1076710.0,441528.0,-2504824.0,0.0,0.0,12554451.0,-482190.0,-8507126.0,3565135.0,0.0,1999543.0,64243.0,-1935300.0,939232.0,-15398.0,923834.0,https://www.sec.gov/Archives/edgar/data/1698022/000143774919005380/0001437749-19-005380-index.html,https://www.sec.gov/Archives/edgar/data/1698022/000143774919005380/fmfg20181231_10k.htm,1620592151,16:29:11,20210509
9,2018-09-30,FMFG,USD,2018-11-13 00:00:00,2018-11-13 08:32:21,Q3,1308688.0,62761.0,0.0,0.0,3627179.0,0.0,0.0,0.0,36997085,0.0,2652470.0,-40229.0,0.0,0.0,1192594.0,2858149.0,4010514.0,0.0,0.0,-5042914.0,0.0,3422844.0,-1620070.0,0.0,5042914.0,12618694.0,7575780.0,2652470.0,-40229.0,2612241.0,https://www.sec.gov/Archives/edgar/data/1698022/000143774918020408/0001437749-18-020408-index.html,https://www.sec.gov/Archives/edgar/data/1698022/000143774918020408/fmfg20180930_10q.htm,1620592151,16:29:11,20210509
10,2018-06-30,FMFG,USD,2018-08-10 00:00:00,2018-08-10 08:08:54,Q2,1145065.0,-9560.0,0.0,0.0,19227764.0,0.0,0.0,0.0,33369906,0.0,363300.0,-117440.0,0.0,0.0,1309580.0,-6530323.0,-5338183.0,0.0,0.0,5031604.0,-451713.0,-4636612.0,-56721.0,0.0,-5031604.0,7575780.0,12607384.0,363300.0,-117440.0,245860.0,https://www.sec.gov/Archives/edgar/data/1698022/000143774918015157/0001437749-18-015157-index.html,https://www.sec.gov/Archives/edgar/data/1698022/000143774918015157/fmfg20180630_10q.htm,1620592151,16:29:11,20210509
11,2018-03-31,FMFG,USD,2018-05-14 00:00:00,2018-05-14 16:11:34,Q1,1122118.0,134907.0,0.0,0.0,-22548890.0,0.0,0.0,0.0,14142142,0.0,1408781.0,-18677.0,0.0,0.0,1364864.0,-4724344.0,-3378157.0,0.0,1550.0,-12607384.0,0.0,19945209.0,7339375.0,0.0,5369999.0,12607384.0,7237385.0,1408781.0,-18677.0,1390104.0,https://www.sec.gov/Archives/edgar/data/1698022/000114420418028185/0001144204-18-028185-index.html,https://www.sec.gov/Archives/edgar/data/1698022/000114420418028185/tv493280_10q.htm,1620592151,16:29:11,20210509
12,2017-12-31,FMFG,USD,2018-03-28 00:00:00,2018-03-28 16:09:42,Q4,656339.0,155220.0,347446.0,0.0,-6362967.0,0.0,0.0,0.0,36691032,0.0,1683206.0,-62930.0,0.0,0.0,1412937.0,-12251795.0,-10901788.0,0.0,0.0,4739262.0,-453464.0,193522.0,4479320.0,0.0,-4739262.0,7237385.0,11976647.0,1683206.0,-62930.0,1620276.0,https://www.sec.gov/Archives/edgar/data/1698022/000114420418017536/0001144204-18-017536-index.html,https://www.sec.gov/Archives/edgar/data/1698022/000114420418017536/tv488986_10k.htm,1620592151,16:29:11,20210509
13,2017-09-30,FMFG,USD,2017-11-13 00:00:00,2017-11-13 08:06:36,Q3,1014456.0,118665.0,0.0,0.0,1204229.0,0.0,0.0,0.0,43053999,0.0,950112.0,-14023.0,0.0,0.0,1583375.0,4038364.0,5607716.0,0.0,0.0,-2843142.0,-500061.0,-371483.0,-3714686.0,0.0,2843142.0,11976647.0,9133505.0,950112.0,-14023.0,936089.0,https://www.sec.gov/Archives/edgar/data/1698022/000114420417057983/0001144204-17-057983-index.html,https://www.sec.gov/Archives/edgar/data/1698022/000114420417057983/tv478417_10q.htm,1620592151,16:29:11,20210509
14,2017-06-30,FMFG,USD,2017-08-11 00:00:00,2017-08-11 10:37:46,Q2,1134889.0,145185.0,0.0,0.0,-11000845.0,0.0,0.0,0.0,41849770,0.0,1409529.0,-8821.0,0.0,0.0,2158731.0,-13304201.0,-11154291.0,0.0,0.0,9559926.0,0.0,-9375090.0,184836.0,0.0,-9559926.0,9133505.0,18693431.0,1409529.0,-8821.0,1400708.0,https://www.sec.gov/Archives/edgar/data/1698022/000114420417042273/0001144204-17-042273-index.html,https://www.sec.gov/Archives/edgar/data/1698022/000114420417042273/v472614_10q.htm,1620592151,16:29:11,20210509
15,2017-03-31,FMFG,USD,2017-06-02 00:00:00,2017-06-02 14:44:40,Q1,983557.0,137085.0,0.0,0.0,0.0,0.0,0.0,0.0,52850615,0.0,3865386.0,-28469.0,0.0,0.0,1699637.0,-17876679.0,-16205511.0,0.0,0.0,-18693431.0,0.0,36414072.0,17720641.0,0.0,5380516.0,18693431.0,13312915.0,3865386.0,-28469.0,3836917.0,https://www.sec.gov/Archives/edgar/data/1698022/000114420417030810/0001144204-17-030810-index.html,https://www.sec.gov/Archives/edgar/data/1698022/000114420417030810/v468196_10q.htm,1620592151,16:29:11,20210509
