,date,symbol,reportedCurrency,fillingDate,acceptedDate,period,netIncome,depreciationAndAmortization,deferredIncomeTax,stockBasedCompensation,changeInWorkingCapital,accountsReceivables,inventory,accountsPayables,otherWorkingCapital,otherNonCashItems,netCashProvidedByOperatingActivities,investmentsInPropertyPlantAndEquipment,acquisitionsNet,purchasesOfInvestments,salesMaturitiesOfInvestments,otherInvestingActivites,netCashUsedForInvestingActivites,debtRepayment,commonStockIssued,commonStockRepurchased,dividendsPaid,otherFinancingActivites,netCashUsedProvidedByFinancingActivities,effectOfForexChangesOnCash,netChangeInCash,cashAtEndOfPeriod,cashAtBeginningOfPeriod,operatingCashFlow,capitalExpenditure,freeCashFlow,link,finalLink,timestamp,est_time,est_date
0,2016-09-30,LNKD,USD,2016-10-27 00:00:00,2016-10-27 16:45:57,Q3,10149000.0,148181000,0.0,140967000.0,-74499000.0,18211000.0,0.0,55931000.0,2842942000,0.0,373277000,-300617000,-15782000.0,-681436000.0,0.0,599666000.0,-398169000,0.0,2249000.0,22694000.0,0.0,-22537000.0,2406000.0,-208000.0,-22694000.0,697113000,719807000,373277000,-300617000,72660000.0,https://www.sec.gov/Archives/edgar/data/1271024/000127102416000059/0001271024-16-000059-index.html,https://www.sec.gov/Archives/edgar/data/1271024/000127102416000059/a20160930-10qdocument.htm,1620594543,17:09:03,20210509
1,2016-06-30,LNKD,USD,2016-08-04 00:00:00,2016-08-04 16:44:24,Q2,-118229000.0,146475000,0.0,144943000.0,155560000.0,20321000.0,0.0,33599000.0,2917441000,0.0,332423000,-208479000,-6654000.0,-951735000.0,0.0,758688000.0,-408180000,0.0,3114000.0,39644000.0,0.0,-5283000.0,37475000.0,-1362000.0,-39644000.0,719807000,759451000,332423000,-208479000,123944000.0,https://www.sec.gov/Archives/edgar/data/1271024/000127102416000049/0001271024-16-000049-index.html,https://www.sec.gov/Archives/edgar/data/1271024/000127102416000049/a20160630-10qdocument.htm,1620594543,17:09:03,20210509
2,2016-03-31,LNKD,USD,2016-04-29 00:00:00,2016-04-28 18:13:46,Q1,-45316000.0,149855000,0.0,146104000.0,14876000.0,11932000.0,0.0,-45086000.0,2761881000,0.0,252187000,-177480000,-40430000.0,-465424000.0,0.0,641915000.0,-41419000,0.0,1678000.0,-759451000.0,0.0,757898000.0,125000.0,2321000.0,213214000.0,759451000,546237000,252187000,-177480000,74707000.0,https://www.sec.gov/Archives/edgar/data/1271024/000127102416000043/0001271024-16-000043-index.html,https://www.sec.gov/Archives/edgar/data/1271024/000127102416000043/a20160331-10qdocument.htm,1620594543,17:09:03,20210509
3,2015-12-31,LNKD,USD,2016-02-12 00:00:00,2016-02-11 21:08:06,Q4,-13942000.0,136730000,72160000.0,134800000.0,-24198000.0,-147895000.0,0.0,33738000.0,2747005000,0.0,176606000,-178010000,-2975000.0,-915977000.0,0.0,789673000.0,-307289000,0.0,6539000.0,85488000.0,0.0,-45571000.0,46456000.0,-1261000.0,-85488000.0,546237000,631725000,176606000,-178010000,-1404000.0,https://www.sec.gov/Archives/edgar/data/1271024/000127102416000035/0001271024-16-000035-index.html,https://www.sec.gov/Archives/edgar/data/1271024/000127102416000035/a20151231-10xkdocument.htm,1620594543,17:09:03,20210509
4,2015-09-30,LNKD,USD,2015-10-29 00:00:00,2015-10-29 16:53:33,Q3,-39654000.0,123995000,0.0,126874000.0,31649000.0,-9168000.0,0.0,51954000.0,2771203000,0.0,239595000,-166653000,-20030000.0,-809448000.0,0.0,939266000.0,-56865000,0.0,3226000.0,-180734000.0,0.0,178763000.0,1255000.0,-3251000.0,180734000.0,631725000,450991000,239595000,-166653000,72942000.0,https://www.sec.gov/Archives/edgar/data/1271024/000127102415000029/0001271024-15-000029-index.html,https://www.sec.gov/Archives/edgar/data/1271024/000127102415000029/a20150930-10qdocument.htm,1620594543,17:09:03,20210509
5,2015-06-30,LNKD,USD,2015-07-31 00:00:00,2015-07-30 17:32:19,Q2,-67391000.0,105325000,0.0,145491000.0,-602223000.0,-21887000.0,0.0,55959000.0,2739554000,0.0,225642000,-72462000,-650681000.0,-632774000.0,0.0,556690000.0,-799227000,0.0,3213000.0,566296000.0,0.0,-566145000.0,3364000.0,3925000.0,-566296000.0,450991000,1017287000,225642000,-72462000,153180000.0,https://www.sec.gov/Archives/edgar/data/1271024/000127102415000020/0001271024-15-000020-index.html,https://www.sec.gov/Archives/edgar/data/1271024/000127102415000020/a20150630-10qdocument.htm,1620594543,17:09:03,20210509
6,2015-03-31,LNKD,USD,2015-05-01 00:00:00,2015-04-30 19:11:44,Q1,-42439000.0,79647000,0.0,103109000.0,102462000.0,29489000.0,0.0,-40725000.0,3341777000,0.0,165132000,-90121000,-4161000.0,-454281000.0,0.0,919867000.0,371304000,0.0,8708000.0,-1017287000.0,0.0,1035318000.0,26739000.0,-6775000.0,556400000.0,1017287000,460887000,165132000,-90121000,75011000.0,https://www.sec.gov/Archives/edgar/data/1271024/000127102415000014/0001271024-15-000014-index.html,https://www.sec.gov/Archives/edgar/data/1271024/000127102415000014/a20150331-10qdocument.htm,1620594543,17:09:03,20210509
7,2014-12-31,LNKD,USD,2015-02-12,2015-02-12 17:02:23,Q4,3422000.0,63421000,74729000.0,93626000.0,1213788000.0,-103002000.0,0.0,89656000.0,3239315000,0.0,130431000,-241611000,-2783000.0,-3431566000.0,0.0,2186200000.0,-1489760000,0.0,7022000.0,65950000.0,0.0,1226774000.0,1299746000.0,-3489000.0,-65950000.0,460887000,526837000,130431000,-241611000,-111180000.0,https://www.sec.gov/Archives/edgar/data/1271024/000127102415000008/0001271024-15-000008-index.htm,https://www.sec.gov/Archives/edgar/data/1271024/000127102415000008/a20141231-10xkdocument.htm,1620594543,17:09:03,20210509
8,2014-09-30,LNKD,USD,2014-10-30 00:00:00,2014-10-30 16:38:20,Q3,-3936000.0,59782000,0.0,82910000.0,-108821000.0,15657000.0,0.0,54017000.0,2025527000,0.0,181226000,-120721000,-160894000.0,0.0,0.0,-42730000.0,-324345000,0.0,13649000.0,118255000.0,0.0,-107040000.0,24864000.0,-4304000.0,-118255000.0,526837000,645092000,181226000,-120721000,60505000.0,https://www.sec.gov/Archives/edgar/data/1271024/000127102414000034/0001271024-14-000034-index.html,https://www.sec.gov/Archives/edgar/data/1271024/000127102414000034/a20140930-10qdocument.htm,1620594543,17:09:03,20210509
9,2014-06-30,LNKD,USD,2014-07-31 00:00:00,2014-07-31 17:18:09,Q2,-808000.0,56306000,0.0,74828000.0,55871000.0,-23462000.0,0.0,24726000.0,2134348000,0.0,128436000,-96430000,-4800000.0,0.0,0.0,69283000.0,-31947000,0.0,4759000.0,-136242000.0,0.0,171236000.0,39753000.0,853000.0,136242000.0,645092000,508850000,128436000,-96430000,32006000.0,https://www.sec.gov/Archives/edgar/data/1271024/000127102414000018/0001271024-14-000018-index.html,https://www.sec.gov/Archives/edgar/data/1271024/000127102414000018/a20140630-10qdocument.htm,1620594543,17:09:03,20210509
10,2014-03-31,LNKD,USD,2014-05-01 00:00:00,2014-05-01 16:39:01,Q1,-13319000.0,49740000,0.0,67769000.0,-35002000.0,-26764000.0,0.0,-18428000.0,2078477000,0.0,128858000,-88871000,-85061000.0,0.0,0.0,-273287000.0,-447219000,0.0,8147000.0,-508850000.0,0.0,524825000.0,24122000.0,573000.0,-294239000.0,508850000,803089000,128858000,-88871000,39987000.0,https://www.sec.gov/Archives/edgar/data/1271024/000144530514001763/0001445305-14-001763-index.html,https://www.sec.gov/Archives/edgar/data/1271024/000144530514001763/a20140331-10qdocument.htm,1620594543,17:09:03,20210509
11,2013-12-31,LNKD,USD,2014-02-13,2014-02-13 16:15:38,Q4,3782000.0,42750000,29166000.0,57177000.0,87579000.0,-94627000.0,0.0,44307000.0,2113479000,0.0,82453000,-57394000,-3894000.0,0.0,0.0,-652964000.0,-714252000,0.0,5678000.0,593203000.0,0.0,-560285000.0,38596000.0,161000.0,-593203000.0,803089000,1396292000,82453000,-57394000,25059000.0,https://www.sec.gov/Archives/edgar/data/1271024/000144530514000439/0001445305-14-000439-index.htm,https://www.sec.gov/Archives/edgar/data/1271024/000144530514000439/a20131231-10xkdocument.htm,1620594543,17:09:03,20210509
12,2013-09-30,LNKD,USD,2013-10-29 00:00:00,2013-10-29 17:04:59,Q3,-3363000.0,33767000,0.0,54445000.0,1373660000.0,-7719000.0,0.0,49591000.0,2025900000,0.0,126026000,-83158000,-8756000.0,0.0,0.0,-266503000.0,-358417000,0.0,7408000.0,-1133622000.0,0.0,2492227000.0,1366013000.0,1780000.0,1133622000.0,1396292000,262670000,126026000,-83158000,42868000.0,https://www.sec.gov/Archives/edgar/data/1271024/000127102413000055/0001271024-13-000055-index.html,https://www.sec.gov/Archives/edgar/data/1271024/000127102413000055/a20130930-10qdocument.htm,1620594543,17:09:03,20210509
13,2013-06-30,LNKD,USD,2013-08-02 00:00:00,2013-08-01 18:22:58,Q2,3734000.0,32193000,0.0,48354000.0,2880000.0,8577000.0,0.0,24313000.0,652240000,0.0,124165000,-93184000,-6321000.0,0.0,0.0,-51910000.0,-151415000,0.0,7681000.0,-262670000.0,0.0,279970000.0,24981000.0,-993000.0,-2269000.0,262670000,264939000,124165000,-93184000,30981000.0,https://www.sec.gov/Archives/edgar/data/1271024/000127102413000044/0001271024-13-000044-index.html,https://www.sec.gov/Archives/edgar/data/1271024/000127102413000044/lnkd-6302013x10q.htm,1620594543,17:09:03,20210509
14,2013-03-31,LNKD,USD,2013-05-02 00:00:00,2013-05-02 16:41:51,Q1,22616000.0,25806000,0.0,33939000.0,45942000.0,-8849000.0,0.0,-3498000.0,649360000,0.0,103829000,-44283000,-226000.0,0.0,0.0,-89418000.0,-133927000,0.0,12057000.0,0.0,0.0,12572000.0,24629000.0,-1414000.0,-5469000.0,264939000,270408000,103829000,-44283000,59546000.0,https://www.sec.gov/Archives/edgar/data/1271024/000127102413000031/0001271024-13-000031-index.html,https://www.sec.gov/Archives/edgar/data/1271024/000127102413000031/lnkd-3312013x10q.htm,1620594543,17:09:03,20210509
15,2012-12-31,LNKD,USD,2013-02-19 00:00:00,2013-02-15 21:50:51,Q4,11508000.0,24297000,3257000.0,27572000.0,57091000.0,-47993000.0,0.0,28271000.0,603418000,0.0,69254000,-32115000,-81000.0,0.0,0.0,-77145000.0,-109341000,0.0,8306000.0,0.0,0.0,31336000.0,39642000.0,22000.0,-445000.0,270408000,270853000,69254000,-32115000,37139000.0,https://www.sec.gov/Archives/edgar/data/1271024/000127102413000010/0001271024-13-000010-index.html,https://www.sec.gov/Archives/edgar/data/1271024/000127102413000010/lnkd12312012-10kdoc.htm,1620594543,17:09:03,20210509
16,2012-09-30,LNKD,USD,2012-11-01 00:00:00,2012-11-01 16:20:25,Q3,2302000.0,23122000,0.0,26798000.0,34265000.0,-20827000.0,0.0,30474000.0,546327000,0.0,87603000,-33614000,-9055000.0,179369000.0,0.0,-254992000.0,-118292000,0.0,12205000.0,-8000.0,0.0,2888000.0,15085000.0,814000.0,-15523000.0,270853000,286376000,87603000,-33614000,53989000.0,https://www.sec.gov/Archives/edgar/data/1271024/000119312512446595/0001193125-12-446595-index.html,https://www.sec.gov/Archives/edgar/data/1271024/000119312512446595/d413437d10q.htm,1620594543,17:09:03,20210509
17,2012-06-30,LNKD,USD,2012-08-06 00:00:00,2012-08-03 19:41:15,Q2,2811000.0,17548000,0.0,19323000.0,-5914000.0,-16949000.0,0.0,16144000.0,512062000,0.0,46998000,-37604000,-40297000.0,-116241000.0,0.0,62193000.0,-131949000,0.0,14214000.0,-176000.0,0.0,15828000.0,29866000.0,-787000.0,-55872000.0,286376000,342248000,46998000,-37604000,9394000.0,https://www.sec.gov/Archives/edgar/data/1271024/000119312512335359/0001193125-12-335359-index.html,https://www.sec.gov/Archives/edgar/data/1271024/000119312512335359/d351638d10q.htm,1620594543,17:09:03,20210509
18,2012-03-31,LNKD,USD,2012-05-07,2012-05-07,Q1,4989000.0,14882000,0.0,12626000.0,18708000.0,-5508000.0,0.0,10672000.0,517976000,0.0,63215000,-22087000,-7603000.0,-63324000.0,0.0,20323000.0,-72691000,0.0,9677000.0,-12000.0,0.0,2305000.0,11970000.0,706000.0,3200000.0,342248000,339048000,63215000,-22087000,41128000.0,https://www.sec.gov/Archives/edgar/data/1271024/000119312512212790/0001193125-12-212790-index.htm,https://www.sec.gov/Archives/edgar/data/1271024/000119312512212790/d326888d10q.htm,1620594543,17:09:03,20210509
19,2011-12-31,LNKD,USD,2012-03-02 00:00:00,2012-03-02 16:34:04,Q4,6919000.0,13784000,0.0,10612000.0,193436000.0,-37379000.0,0.0,16059000.0,499268000,0.0,24218000,-20694000,-5544000.0,-221910000.0,0.0,3240000.0,-244908000,0.0,8295000.0,-22000.0,0.0,185298000.0,193571000.0,-639000.0,-27758000.0,339048000,366806000,24218000,-20694000,3524000.0,https://www.sec.gov/Archives/edgar/data/1271024/000119312512094556/0001193125-12-094556-index.html,https://www.sec.gov/Archives/edgar/data/1271024/000119312512094556/d260171d10k.htm,1620594543,17:09:03,20210509
20,2011-09-30,LNKD,USD,2011-11-03 00:00:00,2011-11-03 17:10:09,Q3,-1598000.0,11555000,0.0,8498000.0,-11246000.0,-3989000.0,0.0,14384000.0,305832000,0.0,46661000,-28746000,-140000.0,-1787000.0,0.0,-569000.0,-31242000,0.0,178000.0,-15000.0,0.0,-573000.0,-410000.0,-1057000.0,13952000.0,366806000,352854000,46661000,-28746000,17915000.0,https://www.sec.gov/Archives/edgar/data/1271024/000119312511295375/0001193125-11-295375-index.html,https://www.sec.gov/Archives/edgar/data/1271024/000119312511295375/d231784d10q.htm,1620594543,17:09:03,20210509
21,2011-06-30,LNKD,USD,2011-06-30,2011-06-30,Q2,-641409000.0,-879239000,-521000000.0,-120342000.0,0.0,-13540000.0,-11000000.0,-45493000.0,317078000,0.0,-1770455000,3016462000,-1720000.0,221479000.0,0.0,-135553000.0,3100668000,4346000000.0,4651000.0,248993000.0,0.0,-5508340000.0,-908696000.0,386000.0,-2214097000.0,352854000,2566951000,-1770455000,3016462000,1246007000.0,,,1620594543,17:09:03,20210509
