,date,symbol,reportedCurrency,fillingDate,acceptedDate,period,netIncome,depreciationAndAmortization,deferredIncomeTax,stockBasedCompensation,changeInWorkingCapital,accountsReceivables,inventory,accountsPayables,otherWorkingCapital,otherNonCashItems,netCashProvidedByOperatingActivities,investmentsInPropertyPlantAndEquipment,acquisitionsNet,purchasesOfInvestments,salesMaturitiesOfInvestments,otherInvestingActivites,netCashUsedForInvestingActivites,debtRepayment,commonStockIssued,commonStockRepurchased,dividendsPaid,otherFinancingActivites,netCashUsedProvidedByFinancingActivities,effectOfForexChangesOnCash,netChangeInCash,cashAtEndOfPeriod,cashAtBeginningOfPeriod,operatingCashFlow,capitalExpenditure,freeCashFlow,link,finalLink,timestamp,est_time,est_date
0,2020-12-31,SGLBW,USD,2021-03-24,2021-03-24 16:06:06,Q4,-1488903.0,19025.0,37728.0,113634.0,-876515.0,153505.0,-85110.0,-53186.0,4332053.0,0.0,-1133273.0,-48681.0,0.0,0.0,0.0,161378.0,-48907.0,0.0,6790496.0,4510548.0,3553746.0,-12860224.0,372446.0,0.0,-809734.0,3700814.0,4510548.0,-1133273.0,-48681.0,-971395.0,https://www.sec.gov/Archives/edgar/data/788611/000149315221006709/0001493152-21-006709-index.htm,https://www.sec.gov/Archives/edgar/data/788611/000149315221006709/form10-k.htm,1620597824,18:03:44,20210509
1,2020-09-30,SGLBW,USD,2020-10-22,2020-10-22 16:05:39,Q3,-1218013.0,50167.0,0.0,58219.0,2439976.0,-198662.0,11100.0,-113098.0,5208568.0,0.0,-1241208.0,-76600.0,0.0,0.0,0.0,-74142.0,-150742.0,0.0,-4981221.0,-2064782.0,-1744471.0,5521514.0,3456732.0,0.0,2064782.0,4510548.0,2445766.0,-1241208.0,-76600.0,-1391950.0,https://www.sec.gov/Archives/edgar/data/788611/000149315220019815/0001493152-20-019815-index.htm,https://www.sec.gov/Archives/edgar/data/788611/000149315220019815/form10q.htm,1620597824,18:03:44,20210509
2,2020-06-30,SGLBW,USD,2020-07-23,2020-07-23 16:05:45,Q2,-909638.0,17971.0,0.0,270819.0,2118897.0,-166980.0,-79837.0,-188893.0,2768592.0,0.0,-909691.0,48681.0,0.0,0.0,0.0,-48181.0,-48181.0,0.0,0.0,-1814748.0,0.0,4587368.0,2772620.0,0.0,1814748.0,2445766.0,631018.0,-909691.0,48681.0,-958372.0,https://www.sec.gov/Archives/edgar/data/788611/000149315220013879/0001493152-20-013879-index.htm,https://www.sec.gov/Archives/edgar/data/788611/000149315220013879/form10-q.htm,1620597824,18:03:44,20210509
3,2020-03-31,SGLBW,USD,2020-05-14,2020-05-14 16:06:29,Q1,-1583585.0,18012.0,0.0,154170.0,748010.0,-63885.0,92915.0,-243000.0,649695.0,0.0,-1525696.0,-11474.0,0.0,0.0,0.0,-39055.0,-50529.0,0.0,0.0,-631018.0,0.0,2751342.0,2120324.0,0.0,544099.0,631018.0,86919.0,-1525696.0,-11474.0,-1576225.0,https://www.sec.gov/Archives/edgar/data/788611/000149315220008743/0001493152-20-008743-index.htm,https://www.sec.gov/Archives/edgar/data/788611/000149315220008743/form10-q.htm,1620597824,18:03:44,20210509
4,2019-12-31,SGLBW,USD,2020-03-24,2020-03-24,Q4,-1642452.0,42347.0,0.0,168472.0,-1477741.0,25663.0,113869.0,304055.0,-98315.0,0.0,-1016226.0,-33487.0,0.0,0.0,0.0,-14911.0,-14911.0,0.0,1.0,1024511.0,0.0,-1017886.0,6626.0,0.0,-1024511.0,86919.0,1111430.0,-1016226.0,-33487.0,-1032528.0,https://www.sec.gov/Archives/edgar/data/788611/000149315220004617/0001493152-20-004617-index.htm,https://www.sec.gov/Archives/edgar/data/788611/000149315220004617/form10-k.htm,1620597824,18:03:44,20210509
5,2019-09-30,SGLBW,USD,2019-11-14,2019-11-14 16:06:20,Q3,-1600794.0,52636.0,0.0,154618.0,694017.0,-43221.0,-142161.0,55004.0,1379426.0,0.0,-1760929.0,-9691.0,0.0,0.0,0.0,54724.0,45033.0,0.0,2460000.0,-415040.0,0.0,85976.0,2130936.0,0.0,415040.0,1111430.0,696390.0,-1760929.0,-9691.0,-1821418.0,https://www.sec.gov/Archives/edgar/data/788611/000149315219017457/0001493152-19-017457-index.htm,https://www.sec.gov/Archives/edgar/data/788611/000149315219017457/form10-q.htm,1620597824,18:03:44,20210509
6,2019-06-30,SGLBW,USD,2019-08-14,2019-08-14 16:06:15,Q2,-1593491.0,49203.0,0.0,219944.0,-864435.0,33968.0,-273555.0,-137828.0,685409.0,0.0,-1670881.0,-22527.0,0.0,0.0,0.0,-32564.0,-55091.0,0.0,560000.0,1210972.0,0.0,-1255972.0,515000.0,0.0,-2490754.0,696390.0,3187144.0,-1670881.0,-22527.0,-1725972.0,https://www.sec.gov/Archives/edgar/data/788611/000149315219012517/0001493152-19-012517-index.htm,https://www.sec.gov/Archives/edgar/data/788611/000149315219012517/form10-q.htm,1620597824,18:03:44,20210509
7,2019-03-31,SGLBW,USD,2019-05-15,2019-05-15 17:21:14,Q1,-1484112.0,48383.0,0.0,254206.0,497827.0,-33150.0,-56785.0,288395.0,1549844.0,0.0,-1066769.0,-1269.0,0.0,0.0,0.0,-59560.0,-60829.0,0.0,1961220.0,-1907362.0,0.0,1701320.0,1755178.0,0.0,1907362.0,1907362.0,0.0,-1066769.0,-1269.0,-1142598.0,https://www.sec.gov/Archives/edgar/data/788611/000149315219007539/0001493152-19-007539-index.htm,https://www.sec.gov/Archives/edgar/data/788611/000149315219007539/form10-q.htm,1620597824,18:03:44,20210509
8,2018-12-31,SGLBW,USD,2019-04-01,2019-04-01 08:13:07,Q4,-1693658.0,48787.0,0.0,352038.0,-1156603.0,73239.0,-3564.0,-52916.0,1052017.0,0.0,-1067032.0,-79116.0,0.0,0.0,0.0,12890.0,-66226.0,0.0,0.0,948765.0,0.0,-764272.0,184493.0,0.0,-948765.0,1279782.0,2228547.0,-1067032.0,-79116.0,-1188405.0,https://www.sec.gov/Archives/edgar/data/788611/000149315219004380/0001493152-19-004380-index.htm,https://www.sec.gov/Archives/edgar/data/788611/000149315219004380/form10-k.htm,1620597824,18:03:44,20210509
9,2018-09-30,SGLBW,USD,2018-11-14,2018-11-14 16:36:38,Q3,-1320825.0,48013.0,0.0,198577.0,-1111882.0,-48529.0,-68380.0,-17975.0,2208620.0,0.0,-1223420.0,47005.0,0.0,0.0,0.0,-60184.0,-60184.0,0.0,0.0,1291090.0,0.0,-1298576.0,-7486.0,0.0,-1291090.0,2228547.0,3519637.0,-1223420.0,47005.0,-1270425.0,https://www.sec.gov/Archives/edgar/data/788611/000149315218016138/0001493152-18-016138-index.htm,https://www.sec.gov/Archives/edgar/data/788611/000149315218016138/form10-q.htm,1620597824,18:03:44,20210509
10,2018-06-30,SGLBW,USD,2018-08-14,2018-08-14 16:11:26,Q2,-1388804.0,48253.0,0.0,433393.0,2028108.0,8685.0,-29224.0,22565.0,3320502.0,0.0,-860270.0,20605.0,0.0,0.0,0.0,86188.0,86188.0,0.0,2040100.0,-2172318.0,0.0,3078618.0,2946400.0,0.0,2172318.0,3519637.0,1347319.0,-860270.0,20605.0,-880875.0,https://www.sec.gov/Archives/edgar/data/788611/000149315218011785/0001493152-18-011785-index.htm,https://www.sec.gov/Archives/edgar/data/788611/000149315218011785/form10-q.htm,1620597824,18:03:44,20210509
11,2018-03-31,SGLBW,USD,2018-05-15,2018-05-15 16:27:51,Q1,-1170876.0,47321.0,0.0,161522.0,-981407.0,32343.0,76324.0,164930.0,1292394.0,0.0,-612249.0,39542.0,0.0,0.0,0.0,443894.0,443894.0,0.0,0.0,-1347319.0,0.0,1347319.0,0.0,0.0,1347319.0,1347319.0,0.0,-612249.0,39542.0,-651791.0,https://www.sec.gov/Archives/edgar/data/788611/000149315218007084/0001493152-18-007084-index.htm,https://www.sec.gov/Archives/edgar/data/788611/000149315218007084/form10-q.htm,1620597824,18:03:44,20210509
12,2017-12-31,SGLBW,USD,2018-04-17,2018-04-17 16:26:20,Q4,-1527900.0,506511.0,0.0,214166.0,-208255.0,1187.0,-3798.0,-13863.0,2273801.0,0.0,-989837.0,33499.0,0.0,0.0,0.0,-99814.0,-99814.0,0.0,597650.0,1175813.0,0.0,-1859625.0,-86162.0,0.0,-1175813.0,1515674.0,2691487.0,-989837.0,33499.0,-1023336.0,https://www.sec.gov/Archives/edgar/data/788611/000149315218005335/0001493152-18-005335-index.htm,https://www.sec.gov/Archives/edgar/data/788611/000149315218005335/form10-k.htm,1620597824,18:03:44,20210509
13,2017-09-30,SGLBW,USD,2017-11-14,2017-11-14 16:34:45,Q3,-1116910.0,45503.0,0.0,199225.0,-892303.0,129742.0,38920.0,-22858.0,2482056.0,0.0,-357496.0,15444.0,0.0,0.0,0.0,-33678.0,-33678.0,0.0,1.0,693012.0,0.0,-994851.0,-301838.0,0.0,-693012.0,2691487.0,3384499.0,-357496.0,15444.0,-372940.0,https://www.sec.gov/Archives/edgar/data/788611/000107878217001585/0001078782-17-001585-index.htm,https://www.sec.gov/Archives/edgar/data/788611/000107878217001585/f10q093017_10q.htm,1620597824,18:03:44,20210509
14,2017-06-30,SGLBW,USD,2017-08-14,2017-08-14 16:30:11,Q2,-988741.0,45502.0,0.0,165734.0,-759458.0,183651.0,-54318.0,-142415.0,3374359.0,0.0,-1003520.0,39495.0,0.0,0.0,0.0,-245027.0,-245027.0,0.0,0.0,1248547.0,0.0,-1248547.0,0.0,0.0,-850156.0,3384499.0,4234655.0,-1003520.0,39495.0,-1043015.0,https://www.sec.gov/Archives/edgar/data/788611/000107878217001143/0001078782-17-001143-index.htm,https://www.sec.gov/Archives/edgar/data/788611/000107878217001143/f10q063017_10q.htm,1620597824,18:03:44,20210509
15,2017-03-31,SGLBW,USD,2017-05-15,2017-05-15 17:29:13,Q1,-943965.0,46149.0,0.0,140671.0,4023018.0,-130882.0,13732.0,167845.0,4133817.0,0.0,-440553.0,-17441.0,0.0,0.0,0.0,-550441.0,-550441.0,0.0,5225649.0,-4633046.0,0.0,4633046.0,5225649.0,0.0,4234655.0,4633046.0,398391.0,-440553.0,-17441.0,-423112.0,https://www.sec.gov/Archives/edgar/data/788611/000107878217000690/0001078782-17-000690-index.htm,https://www.sec.gov/Archives/edgar/data/788611/000107878217000690/f10q033117_10q.htm,1620597824,18:03:44,20210509
16,2016-12-31,SGLBW,USD,2016-12-31,2016-12-31,Q4,-265001.0,40436.0,0.0,-586515.0,-25719.0,0.0,102582.0,-31042.0,110799.0,0.0,-639948.0,-3776.0,0.0,0.0,0.0,637.0,637.0,0.0,0.0,-260689.0,0.0,1160689.0,900000.0,0.0,260689.0,398391.0,137702.0,-639948.0,-3776.0,-636172.0,,,1620597824,18:03:44,20210509
17,2016-09-30,SGLBW,USD,2016-09-30,2016-09-30,Q3,-1461166.0,90535.0,0.0,222745.0,-1237546.0,101087.0,138587.0,-809.0,136518.0,0.0,-929338.0,25430.0,0.0,0.0,0.0,-44753.0,-19323.0,0.0,0.0,948661.0,0.0,-948661.0,0.0,0.0,-948661.0,137702.0,1086363.0,-929338.0,25430.0,-807364.0,,,1620597824,18:03:44,20210509
18,2016-03-31,SGLBW,USD,2016-03-31,2016-03-31,Q1,-470667.0,47870.0,0.0,18011.0,-411664.0,-101087.0,-74057.0,105633.0,1374064.0,0.0,-393028.0,-25430.0,0.0,0.0,0.0,-34988.0,-60418.0,0.0,0.0,-1086363.0,0.0,1086363.0,0.0,0.0,-453446.0,1086363.0,1539809.0,-393028.0,-25430.0,-453446.0,,,1620597824,18:03:44,20210509
19,2015-12-31,SGLBW,USD,2015-12-31,2015-12-31,Q4,-296904.0,44116.0,0.0,39938.0,-192915.0,0.0,91724.0,-43797.0,1785728.0,0.0,-220800.0,-14137.0,0.0,0.0,0.0,-62109.0,-76246.0,0.0,0.0,297046.0,0.0,-297046.0,0.0,0.0,-297046.0,1539809.0,1836855.0,-220800.0,-14137.0,-297046.0,,,1620597824,18:03:44,20210509
20,2015-09-30,SGLBW,USD,2015-09-30,2015-09-30,Q3,-587130.0,42439.0,0.0,221500.0,-363447.0,0.0,-35750.0,-13485.0,1978643.0,0.0,-320599.0,-46216.0,0.0,0.0,0.0,-20648.0,-66864.0,0.0,0.0,387463.0,0.0,-387463.0,0.0,0.0,-387463.0,1836855.0,2224318.0,-320599.0,-46216.0,-377463.0,,,1620597824,18:03:44,20210509
21,2015-06-30,SGLBW,USD,2015-06-30,2015-06-30,Q2,-440367.0,41515.0,0.0,134250.0,-252663.0,51729.0,-13659.0,-1614.0,2342090.0,0.0,-254581.0,-10761.0,0.0,0.0,0.0,0.0,-10761.0,0.0,0.0,265342.0,0.0,-265342.0,0.0,0.0,-265342.0,2224318.0,2489660.0,-254581.0,-10761.0,-265342.0,,,1620597824,18:03:44,20210509
22,2015-03-31,SGLBW,USD,2015-03-31,2015-03-31,Q1,-371881.0,40982.0,0.0,122750.0,-216853.0,-46845.0,-6269.0,-212409.0,2594753.0,0.0,-463705.0,-7357.0,0.0,0.0,0.0,-1347.0,-8704.0,0.0,0.0,-2489660.0,0.0,2489660.0,0.0,0.0,-472409.0,2489660.0,2962069.0,-463705.0,-7357.0,-472409.0,,,1620597824,18:03:44,20210509
23,2014-12-31,SGLBW,USD,2014-12-31,2014-12-31,Q4,-313827.0,16251.0,0.0,15600.0,-842948.0,-69719.0,-6911.0,212898.0,2811606.0,0.0,-159492.0,-552167.0,0.0,0.0,0.0,-21674.0,-573841.0,0.0,0.0,720464.0,0.0,-707595.0,12869.0,0.0,-720464.0,2962069.0,3682533.0,-159492.0,-552167.0,-733333.0,,,1620597824,18:03:44,20210509
24,2014-09-30,SGLBW,USD,2014-09-30,2014-09-30,Q3,-539438.0,2171.0,0.0,215550.0,-694994.0,19625.0,-30801.0,59229.0,3654554.0,0.0,-265605.0,-259781.0,0.0,0.0,0.0,-5116.0,-264897.0,0.0,0.0,638882.0,0.0,-747262.0,-108380.0,0.0,-638882.0,3682533.0,4321415.0,-265605.0,-259781.0,-530502.0,,,1620597824,18:03:44,20210509
25,2014-06-30,SGLBW,USD,2014-06-30,2014-06-30,Q2,-1795909.0,2113.0,0.0,326200.0,289830.0,58710.0,-14489.0,-8807.0,4349548.0,0.0,-162959.0,872.0,0.0,0.0,0.0,-872.0,-872.0,0.0,0.0,-311134.0,0.0,786099.0,474965.0,0.0,311134.0,4321415.0,4010281.0,-162959.0,872.0,-163831.0,,,1620597824,18:03:44,20210509
26,2014-03-31,SGLBW,USD,2014-03-31,2014-03-31,Q1,-466906.0,2114.0,0.0,25200.0,2878745.0,177103.0,-2807.0,-56247.0,4059718.0,0.0,-300504.0,0.0,0.0,0.0,0.0,0.0,0.0,0.0,0.0,-4010281.0,0.0,7328618.0,3318337.0,0.0,3017833.0,4010281.0,992448.0,-300504.0,0.0,-300504.0,,,1620597824,18:03:44,20210509
27,2013-12-31,SGLBW,USD,2013-12-31,2013-12-31,Q4,-229596.0,24686.0,0.0,45200.0,-109747.0,-104620.0,-1167.0,1098.0,1180973.0,0.0,-187473.0,-3254.0,0.0,0.0,0.0,-15544.0,-18798.0,0.0,0.0,224850.0,0.0,-243429.0,-18579.0,0.0,-224850.0,992448.0,1217298.0,-187473.0,-3254.0,-206271.0,,,1620597824,18:03:44,20210509
28,2013-09-30,SGLBW,USD,2013-09-30,2013-09-30,Q3,-185427.0,24256.0,0.0,96500.0,1126382.0,-45547.0,0.0,-37665.0,1290720.0,0.0,-137488.0,-8359.0,0.0,0.0,0.0,0.0,-8359.0,0.0,-1200000.0,-753565.0,0.0,2852977.0,899412.0,0.0,753565.0,1217298.0,463733.0,-137488.0,-8359.0,-145847.0,,,1620597824,18:03:44,20210509
29,2013-06-30,SGLBW,USD,2013-08-14,2013-08-14 15:10:23,Q2,-122478.0,23635.0,0.0,66700.0,-32143.0,-60429.0,0.0,59645.0,164338.0,0.0,-30748.0,0.0,0.0,0.0,0.0,0.0,0.0,0.0,1200000.0,-269252.0,0.0,-630748.0,300000.0,0.0,269252.0,463733.0,194481.0,-30748.0,0.0,-30748.0,https://www.sec.gov/Archives/edgar/data/788611/000114420413045801/0001144204-13-045801-index.htm,https://www.sec.gov/Archives/edgar/data/788611/000114420413045801/v351507_10q.htm,1620597824,18:03:44,20210509
30,2013-03-31,SGLBW,USD,2013-03-31,2013-03-31,Q1,-196616.0,27523.0,0.0,50000.0,-119093.0,180433.0,0.0,-27048.0,196481.0,0.0,44410.0,0.0,0.0,0.0,0.0,0.0,0.0,0.0,0.0,-194481.0,0.0,194481.0,0.0,0.0,44410.0,194481.0,150071.0,44410.0,0.0,44410.0,,,1620597824,18:03:44,20210509
31,2012-12-31,SGLBW,USD,2012-12-31,2012-12-31,Q4,-260374.0,-61467.0,0.0,94500.0,-13222.0,-24358.0,0.0,32123.0,315574.0,0.0,-248239.0,-8904.0,0.0,12613.0,0.0,-25773.0,-22064.0,0.0,1011765.0,12613.0,0.0,-342.0,1024036.0,0.0,753733.0,150071.0,-603662.0,-248239.0,-8904.0,-270303.0,,,1620597824,18:03:44,20210509
32,2012-09-30,SGLBW,USD,2012-09-30,2012-09-30,Q3,-15107.0,27495.0,0.0,0.0,12389.0,-71624.0,0.0,74863.0,328796.0,0.0,22277.0,0.0,0.0,0.0,0.0,0.0,0.0,0.0,0.0,0.0,0.0,0.0,0.0,0.0,22277.0,326225.0,303948.0,22277.0,0.0,22277.0,,,1620597824,18:03:44,20210509
33,2012-06-30,SGLBW,USD,2012-06-30,2012-06-30,Q2,-379911.0,27567.0,0.0,125000.0,-227344.0,-41.0,0.0,15783.0,316407.0,0.0,-212742.0,0.0,0.0,0.0,0.0,0.0,0.0,0.0,0.0,0.0,0.0,0.0,0.0,0.0,-212742.0,303948.0,516690.0,-212742.0,0.0,-212742.0,,,1620597824,18:03:44,20210509
34,2012-03-31,SGLBW,USD,2012-03-31,2012-03-31,Q1,-254737.0,27567.0,0.0,0.0,-226828.0,166243.0,0.0,-90545.0,543751.0,0.0,-136765.0,0.0,0.0,0.0,0.0,0.0,0.0,0.0,0.0,0.0,0.0,342.0,342.0,0.0,-136423.0,516690.0,653113.0,-136765.0,0.0,-136765.0,,,1620597824,18:03:44,20210509
35,2011-12-31,SGLBW,USD,2011-12-31,2011-12-31,Q4,542325.0,-1539.0,0.0,-498500.0,-160486.0,-276750.0,0.0,26340.0,770579.0,0.0,-238198.0,8904.0,0.0,-195000.0,0.0,195000.0,8904.0,0.0,-362261.0,-195000.0,0.0,300000.0,-257261.0,0.0,-486555.0,653113.0,1139668.0,-238198.0,8904.0,-229294.0,,,1620597824,18:03:44,20210509
36,2011-09-30,SGLBW,USD,2011-09-30,2011-09-30,Q3,-36789.0,5640.0,0.0,0.0,-31150.0,-20031.0,0.0,-48603.0,931065.0,0.0,-69009.0,0.0,0.0,0.0,0.0,0.0,0.0,0.0,1011765.0,1008100.0,0.0,-2019865.0,0.0,0.0,-69009.0,939091.0,1008100.0,-69009.0,0.0,-69009.0,,,1620597824,18:03:44,20210509
37,2011-06-30,SGLBW,USD,2011-06-30,2011-06-30,Q2,-927482.0,9838.0,0.0,514500.0,978201.0,115926.0,0.0,67259.0,962215.0,0.0,-221029.0,-8904.0,0.0,0.0,0.0,0.0,-8904.0,0.0,0.0,-1008100.0,0.0,2019865.0,1011765.0,0.0,781832.0,1008100.0,226268.0,-221029.0,-8904.0,-229933.0,,,1620597824,18:03:44,20210509
38,2007-12-31,SGLBW,USD,2008-03-31,2008-03-31,Q4,5445.0,0.0,0.0,0.0,0.0,0.0,0.0,2589.0,-15986.0,0.0,0.0,0.0,0.0,0.0,0.0,0.0,0.0,0.0,0.0,0.0,0.0,0.0,0.0,0.0,459.0,0.0,2430.0,0.0,0.0,0.0,https://www.sec.gov/Archives/edgar/data/788611/000107878208000378/0001078782-08-000378-index.htm,https://www.sec.gov/Archives/edgar/data/788611/000107878208000378/framewaves10ksb123107.htm,1620597824,18:03:44,20210509
