,date,symbol,reportedCurrency,fillingDate,acceptedDate,period,netIncome,depreciationAndAmortization,deferredIncomeTax,stockBasedCompensation,changeInWorkingCapital,accountsReceivables,inventory,accountsPayables,otherWorkingCapital,otherNonCashItems,netCashProvidedByOperatingActivities,investmentsInPropertyPlantAndEquipment,acquisitionsNet,purchasesOfInvestments,salesMaturitiesOfInvestments,otherInvestingActivites,netCashUsedForInvestingActivites,debtRepayment,commonStockIssued,commonStockRepurchased,dividendsPaid,otherFinancingActivites,netCashUsedProvidedByFinancingActivities,effectOfForexChangesOnCash,netChangeInCash,cashAtEndOfPeriod,cashAtBeginningOfPeriod,operatingCashFlow,capitalExpenditure,freeCashFlow,link,finalLink,timestamp,est_time,est_date
0,2020-12-31,UPLD,USD,2021-02-25,2021-02-25 17:25:51,Q4,-5669000.0,12073000.0,-4187000.0,10429000.0,17312000.0,-2785000.0,0.0,-1299000.0,196120000.0,-4841000.0,21468000.0,-281000.0,0.0,0.0,0.0,0.0,-285000.0,4217000.0,365000.0,0.0,0.0,13792000.0,-4178000.0,52000.0,17057000.0,250029000.0,232972000.0,21468000.0,-80000.0,21388000.0,https://www.sec.gov/Archives/edgar/data/1505155/000150515521000011/0001505155-21-000011-index.htm,https://www.sec.gov/Archives/edgar/data/1505155/000150515521000011/upld-20201231.htm,1620599323,18:28:43,20210509
1,2020-09-30,UPLD,USD,2020-11-06,2020-11-06 08:53:16,Q3,-11310000.0,11696000.0,1639000.0,10963000.0,141691000.0,7952000.0,0.0,4476000.0,178808000.0,1813000.0,18656000.0,-137000.0,0.0,0.0,0.0,0.0,-137000.0,-1380000.0,130133000.0,0.0,0.0,-2072000.0,126681000.0,-138000.0,145062000.0,232972000.0,87910000.0,18656000.0,-137000.0,18519000.0,https://www.sec.gov/Archives/edgar/data/1505155/000150515520000050/0001505155-20-000050-index.htm,https://www.sec.gov/Archives/edgar/data/1505155/000150515520000050/upld-20200930.htm,1620599323,18:28:43,20210509
2,2020-06-30,UPLD,USD,2020-08-07,2020-08-07 09:01:07,Q2,-14159000.0,11658000.0,-637000.0,10980000.0,1532000.0,6852000.0,0.0,-2819000.0,37117000.0,1582000.0,805000.0,-400000.0,0.0,0.0,0.0,0.0,-400000.0,-1448000.0,0.0,0.0,0.0,-9952000.0,-11400000.0,217000.0,-10778000.0,87910000.0,98688000.0,805000.0,-400000.0,405000.0,https://www.sec.gov/Archives/edgar/data/1505155/000150515520000039/0001505155-20-000039-index.htm,https://www.sec.gov/Archives/edgar/data/1505155/000150515520000039/upld-20200630.htm,1620599323,18:28:43,20210509
3,2020-03-31,UPLD,USD,2020-05-08,2020-05-08 09:29:56,Q1,-20081000.0,11737000.0,-4348000.0,9320000.0,-73928000.0,-1664000.0,0.0,-3439000.0,35585000.0,1446000.0,-5309000.0,-296000.0,0.0,0.0,0.0,0.0,-68148000.0,-1477000.0,41000.0,0.0,0.0,-1768000.0,-3204000.0,325000.0,-76336000.0,98688000.0,175024000.0,-5309000.0,-497000.0,-5806000.0,https://www.sec.gov/Archives/edgar/data/1505155/000150515520000030/0001505155-20-000030-index.htm,https://www.sec.gov/Archives/edgar/data/1505155/000150515520000030/upld-20200331.htm,1620599323,18:28:43,20210509
4,2019-12-31,UPLD,USD,2020-03-02,2020-03-02 17:13:34,Q4,-19865000.0,10899000.0,1744000.0,7038000.0,49836000.0,-3245000.0,0.0,830000.0,109513000.0,1340000.0,7022000.0,-317000.0,0.0,0.0,0.0,0.0,-110829000.0,-60380000.0,2000.0,0.0,0.0,-17358000.0,165624000.0,-99000.0,61718000.0,175024000.0,113306000.0,7022000.0,-575000.0,6447000.0,https://www.sec.gov/Archives/edgar/data/1505155/000150515520000015/0001505155-20-000015-index.htm,https://www.sec.gov/Archives/edgar/data/1505155/000150515520000015/upld-20191231.htm,1620599323,18:28:43,20210509
5,2019-09-30,UPLD,USD,2019-11-12,2019-11-12 09:29:52,Q3,-12307000.0,8570000.0,848000.0,7187000.0,10135000.0,-2005000.0,0.0,-420000.0,59677000.0,1234000.0,-342000.0,-359000.0,0.0,0.0,0.0,0.0,-23744000.0,-309611000.0,14000.0,0.0,0.0,-3843000.0,29527000.0,-496000.0,4945000.0,113306000.0,108361000.0,-342000.0,-797000.0,-1139000.0,https://www.sec.gov/Archives/edgar/data/1505155/000150515519000079/0001505155-19-000079-index.htm,https://www.sec.gov/Archives/edgar/data/1505155/000150515519000079/upld-20190930.htm,1620599323,18:28:43,20210509
6,2019-06-30,UPLD,USD,2019-08-09,2019-08-09 09:00:09,Q2,-5369000.0,7765000.0,-9213000.0,6901000.0,95140000.0,2430000.0,0.0,-214000.0,49542000.0,1216000.0,519000.0,-191000.0,0.0,0.0,0.0,0.0,-80016000.0,-11972000.0,151439000.0,0.0,0.0,-5389000.0,173417000.0,419000.0,94339000.0,108361000.0,14022000.0,519000.0,-191000.0,328000.0,https://www.sec.gov/Archives/edgar/data/1505155/000150515519000061/0001505155-19-000061-index.htm,https://www.sec.gov/Archives/edgar/data/1505155/000150515519000061/a2q1910-q.htm,1620599323,18:28:43,20210509
7,2019-03-31,UPLD,USD,2019-05-03,2019-05-03 17:26:33,Q1,-7830000.0,7387000.0,-2811000.0,4628000.0,-5237000.0,5980000.0,0.0,-269000.0,-45598000.0,1084000.0,4877000.0,-173000.0,0.0,0.0,0.0,0.0,-3172000.0,-2134000.0,96000.0,0.0,0.0,-2762000.0,-4800000.0,379000.0,-2716000.0,14022000.0,16738000.0,4877000.0,-173000.0,4704000.0,https://www.sec.gov/Archives/edgar/data/1505155/000150515519000031/0001505155-19-000031-index.htm,https://www.sec.gov/Archives/edgar/data/1505155/000150515519000031/a1q1910-q.htm,1620599323,18:28:43,20210509
8,2018-12-31,UPLD,USD,2019-03-15,2019-03-15 09:24:54,Q4,1802000.0,6743000.0,-153000.0,3750000.0,-13239000.0,-8385000.0,0.0,-2720000.0,-40361000.0,916000.0,2550000.0,-292000.0,0.0,0.0,0.0,0.0,-113193000.0,-2025000.0,-51000.0,0.0,0.0,-8520000.0,112426000.0,-1134000.0,649000.0,16738000.0,16089000.0,2550000.0,-292000.0,2258000.0,https://www.sec.gov/Archives/edgar/data/1505155/000150515519000017/0001505155-19-000017-index.htm,https://www.sec.gov/Archives/edgar/data/1505155/000150515519000017/a201810-k.htm,1620599323,18:28:43,20210509
9,2018-09-30,UPLD,USD,2018-11-09,2018-11-08 17:56:44,Q3,-4250000.0,5387000.0,146000.0,3781000.0,629000.0,210000.0,0.0,-203000.0,-27122000.0,806000.0,1057000.0,-128000.0,0.0,0.0,0.0,0.0,-2616000.0,-1419000.0,476000.0,0.0,0.0,-780000.0,-1723000.0,334000.0,-2948000.0,16089000.0,19037000.0,1057000.0,-128000.0,929000.0,https://www.sec.gov/Archives/edgar/data/1505155/000150515518000012/0001505155-18-000012-index.htm,https://www.sec.gov/Archives/edgar/data/1505155/000150515518000012/a3q1810-q.htm,1620599323,18:28:43,20210509
10,2018-06-30,UPLD,USD,2018-08-09,2018-08-08 20:49:46,Q2,-5230000.0,5045000.0,143000.0,4022000.0,-13346000.0,2408000.0,0.0,648000.0,-27751000.0,790000.0,4215000.0,-89000.0,0.0,0.0,0.0,0.0,-11131000.0,-1239000.0,295000.0,0.0,0.0,-5510000.0,-6454000.0,-98000.0,-13468000.0,19037000.0,32505000.0,4215000.0,-89000.0,4126000.0,https://www.sec.gov/Archives/edgar/data/1505155/000162828018010850/0001628280-18-010850-index.htm,https://www.sec.gov/Archives/edgar/data/1505155/000162828018010850/a2q1810-q.htm,1620599323,18:28:43,20210509
11,2018-03-31,UPLD,USD,2018-05-10,2018-05-10 17:20:37,Q1,-3161000.0,4172000.0,132000.0,2577000.0,9048000.0,555000.0,0.0,-1124000.0,-14405000.0,729000.0,-475000.0,-426000.0,0.0,0.0,0.0,0.0,-34746000.0,-1142000.0,87000.0,0.0,0.0,-2646000.0,45674000.0,-274000.0,10179000.0,32505000.0,22326000.0,-475000.0,-426000.0,-901000.0,https://www.sec.gov/Archives/edgar/data/1505155/000162828018006613/0001628280-18-006613-index.htm,https://www.sec.gov/Archives/edgar/data/1505155/000162828018006613/a1q1810-q.htm,1620599323,18:28:43,20210509
12,2017-12-31,UPLD,USD,2018-03-09,2018-03-08 19:48:16,Q4,-3794000.0,3802000.0,-960000.0,2173000.0,-39938000.0,-5463000.0,0.0,-482000.0,-23453000.0,176000.0,1908000.0,47000.0,0.0,0.0,0.0,0.0,-49169000.0,-992000.0,1168000.0,0.0,0.0,-3387000.0,16644000.0,-33000.0,-30650000.0,22326000.0,52976000.0,1908000.0,0.0,1955000.0,https://www.sec.gov/Archives/edgar/data/1505155/000162828018002967/0001628280-18-002967-index.htm,https://www.sec.gov/Archives/edgar/data/1505155/000162828018002967/a201710-k.htm,1620599323,18:28:43,20210509
13,2017-09-30,UPLD,USD,2017-11-14,2017-11-13 21:02:42,Q3,-3506000.0,3066000.0,306000.0,1884000.0,-5093000.0,-3285000.0,0.0,879000.0,16485000.0,296000.0,66000.0,-68000.0,0.0,0.0,0.0,0.0,-24135000.0,-947000.0,-72000.0,0.0,0.0,-1023000.0,19333000.0,292000.0,-4444000.0,52976000.0,57420000.0,66000.0,-68000.0,-2000.0,https://www.sec.gov/Archives/edgar/data/1505155/000162828017011505/0001628280-17-011505-index.htm,https://www.sec.gov/Archives/edgar/data/1505155/000162828017011505/a3q1710-q.htm,1620599323,18:28:43,20210509
14,2017-06-30,UPLD,USD,2017-08-14,2017-08-14 17:31:31,Q2,-5811000.0,2648000.0,214000.0,3616000.0,28972000.0,103000.0,0.0,397000.0,21578000.0,45000.0,815000.0,-27000.0,0.0,0.0,0.0,0.0,-17812000.0,-4384000.0,42603000.0,0.0,0.0,-753000.0,54847000.0,153000.0,38003000.0,57420000.0,19417000.0,815000.0,-27000.0,788000.0,https://www.sec.gov/Archives/edgar/data/1505155/000162828017008675/0001628280-17-008675-index.htm,https://www.sec.gov/Archives/edgar/data/1505155/000162828017008675/a2q1710-q.htm,1620599323,18:28:43,20210509
15,2017-03-31,UPLD,USD,2017-05-12,2017-05-12 17:24:03,Q1,-5614000.0,2398000.0,178000.0,2304000.0,-14995000.0,3935000.0,0.0,460000.0,-7394000.0,75000.0,4927000.0,-348000.0,0.0,0.0,0.0,0.0,-19659000.0,-7086000.0,98000.0,0.0,0.0,-3585000.0,5354000.0,37000.0,-9341000.0,19417000.0,28758000.0,4927000.0,-403000.0,4524000.0,https://www.sec.gov/Archives/edgar/data/1505155/000162828017005496/0001628280-17-005496-index.htm,https://www.sec.gov/Archives/edgar/data/1505155/000162828017005496/a1q1710-q.htm,1620599323,18:28:43,20210509
16,2016-12-31,UPLD,USD,2017-03-30,2017-03-30 17:23:59,Q4,-1973000.0,2295000.0,278000.0,1669000.0,12846000.0,-671000.0,0.0,-1327000.0,7601000.0,131000.0,2740000.0,216000.0,0.0,0.0,0.0,0.0,-89000.0,-5993000.0,-712000.0,0.0,0.0,-595000.0,8767000.0,-140000.0,11278000.0,28758000.0,17480000.0,2740000.0,216000.0,2956000.0,https://www.sec.gov/Archives/edgar/data/1505155/000162828017003190/0001628280-17-003190-index.htm,https://www.sec.gov/Archives/edgar/data/1505155/000162828017003190/a201610-k.htm,1620599323,18:28:43,20210509
17,2016-09-30,UPLD,USD,2016-11-14,2016-11-10 19:03:20,Q3,-2390000.0,2424000.0,149000.0,1100000.0,3323000.0,-1054000.0,0.0,1383000.0,-5245000.0,67000.0,188000.0,-35000.0,0.0,0.0,0.0,0.0,-37000.0,-850000.0,84000.0,0.0,0.0,0.0,-828000.0,-30000.0,-707000.0,17480000.0,18187000.0,188000.0,-35000.0,153000.0,https://www.sec.gov/Archives/edgar/data/1505155/000162828016021217/0001628280-16-021217-index.htm,https://www.sec.gov/Archives/edgar/data/1505155/000162828016021217/a3q1610-q.htm,1620599323,18:28:43,20210509
18,2016-06-30,UPLD,USD,2016-08-15,2016-08-15 17:22:56,Q2,-3577000.0,2560000.0,138000.0,870000.0,3175000.0,294000.0,0.0,-886000.0,-8568000.0,65000.0,1065000.0,-171000.0,0.0,0.0,0.0,0.0,-3913000.0,-1202000.0,95000.0,0.0,0.0,-1873000.0,7409000.0,41000.0,4602000.0,18187000.0,13585000.0,1065000.0,-171000.0,894000.0,https://www.sec.gov/Archives/edgar/data/1505155/000162828016019063/0001628280-16-019063-index.htm,https://www.sec.gov/Archives/edgar/data/1505155/000162828016019063/a2q1610-q.htm,1620599323,18:28:43,20210509
19,2016-03-31,UPLD,USD,2016-05-13,2016-05-13 17:28:48,Q1,-5573000.0,2515000.0,-36000.0,694000.0,-12789000.0,1070000.0,0.0,-623000.0,-11743000.0,64000.0,-118000.0,-680000.0,0.0,0.0,0.0,0.0,-9190000.0,-828000.0,18000.0,0.0,0.0,-519000.0,4177000.0,243000.0,-4888000.0,13585000.0,18473000.0,-118000.0,-1088000.0,-1206000.0,https://www.sec.gov/Archives/edgar/data/1505155/000162828016016353/0001628280-16-016353-index.htm,https://www.sec.gov/Archives/edgar/data/1505155/000162828016016353/a1q1610-q.htm,1620599323,18:28:43,20210509
20,2015-12-31,UPLD,USD,2016-03-30,2016-03-30 17:21:49,Q4,-4263000.0,2374000.0,-243000.0,751000.0,-9301000.0,-2948000.0,0.0,117000.0,1046000.0,64000.0,-3174000.0,-495000.0,0.0,0.0,0.0,0.0,-5864000.0,-568000.0,-80000.0,0.0,0.0,-350000.0,-1003000.0,-180000.0,-10221000.0,18473000.0,28694000.0,-3174000.0,-914000.0,-4088000.0,https://www.sec.gov/Archives/edgar/data/1505155/000162828016013941/0001628280-16-013941-index.htm,https://www.sec.gov/Archives/edgar/data/1505155/000162828016013941/a10-k2015.htm,1620599323,18:28:43,20210509
21,2015-09-30,UPLD,USD,2015-11-16,2015-11-16 17:24:57,Q3,-2324000.0,2037000.0,115000.0,655000.0,-638000.0,2172000.0,0.0,-374000.0,10347000.0,66000.0,799000.0,-136000.0,0.0,0.0,0.0,0.0,-30000.0,-1045000.0,-36000.0,0.0,0.0,-295000.0,-826000.0,-301000.0,-358000.0,28694000.0,29052000.0,799000.0,-136000.0,663000.0,https://www.sec.gov/Archives/edgar/data/1505155/000162828015008834/0001628280-15-008834-index.htm,https://www.sec.gov/Archives/edgar/data/1505155/000162828015008834/a3q1510-q.htm,1620599323,18:28:43,20210509
22,2015-06-30,UPLD,USD,2015-08-14,2015-08-14 16:39:36,Q2,-3334000.0,2039000.0,408000.0,781000.0,7852000.0,2029000.0,0.0,-445000.0,10985000.0,219000.0,1260000.0,-133000.0,0.0,0.0,0.0,-372000.0,-505000.0,-22087000.0,92000.0,0.0,0.0,-250000.0,1829000.0,-120000.0,2464000.0,29052000.0,26588000.0,1260000.0,-505000.0,755000.0,https://www.sec.gov/Archives/edgar/data/1505155/000162828015006649/0001628280-15-006649-index.htm,https://www.sec.gov/Archives/edgar/data/1505155/000162828015006649/a2q1510-q.htm,1620599323,18:28:43,20210509
23,2015-03-31,UPLD,USD,2015-05-15,2015-05-15 10:43:55,Q1,-3743000.0,2001000.0,-73000.0,554000.0,962000.0,-512000.0,0.0,859000.0,3133000.0,27000.0,-388000.0,-192000.0,0.0,0.0,0.0,0.0,-3012000.0,-1227000.0,6000.0,0.0,0.0,-231000.0,-1221000.0,221000.0,-4400000.0,26588000.0,30988000.0,-388000.0,-192000.0,-580000.0,https://www.sec.gov/Archives/edgar/data/1505155/000150515515000008/0001505155-15-000008-index.htm,https://www.sec.gov/Archives/edgar/data/1505155/000150515515000008/a1q1510-q.htm,1620599323,18:28:43,20210509
24,2014-12-31,UPLD,USD,2015-03-31,2015-03-31 17:27:57,Q4,-2675000.0,1994000.0,-347000.0,460000.0,39240000.0,1908000.0,0.0,-2906000.0,2171000.0,70000.0,509000.0,-317000.0,0.0,0.0,0.0,0.0,-6534000.0,-7314000.0,0.0,0.0,0.0,-502000.0,33918000.0,-95000.0,27798000.0,30988000.0,3190000.0,509000.0,-317000.0,192000.0,https://www.sec.gov/Archives/edgar/data/1505155/000162828015002099/0001628280-15-002099-index.htm,https://www.sec.gov/Archives/edgar/data/1505155/000162828015002099/uplandsoftware201410-k.htm,1620599323,18:28:43,20210509
25,2014-09-30,UPLD,USD,2014-09-30,2014-09-30,Q3,-2445000.0,1858000.0,-234000.0,250000.0,-15305000.0,-451000.0,0.0,3170000.0,-37069000.0,57000.0,371000.0,-220000.0,0.0,0.0,0.0,0.0,-220000.0,-1111000.0,0.0,0.0,0.0,0.0,89000.0,-109000.0,131000.0,3190000.0,3059000.0,371000.0,-220000.0,151000.0,,,1620599323,18:28:43,20210509
26,2014-06-30,UPLD,USD,2014-06-30,2014-06-30,Q2,-2377000.0,1807000.0,308000.0,183000.0,-10498000.0,-3306000.0,0.0,182000.0,-21764000.0,383000.0,-3925000.0,-93000.0,0.0,0.0,0.0,0.0,-93000.0,-1162000.0,0.0,0.0,0.0,-132000.0,338000.0,73000.0,-3607000.0,3059000.0,6666000.0,-3925000.0,-93000.0,-4018000.0,,,1620599323,18:28:43,20210509
27,2014-03-31,UPLD,USD,2014-03-31,2014-03-31,Q1,-12620000.0,1798000.0,-22000.0,11404000.0,-12328000.0,270000.0,0.0,193000.0,-11266000.0,79000.0,4222000.0,-231000.0,0.0,0.0,0.0,0.0,-231000.0,-1864000.0,0.0,-97000.0,0.0,-99000.0,-1961000.0,-67000.0,1963000.0,6666000.0,4703000.0,4222000.0,-231000.0,3991000.0,,,1620599323,18:28:43,20210509
28,2013-12-31,UPLD,USD,2013-12-31,2013-12-31,Q4,-5179000.0,1244000.0,643000.0,124000.0,-92000.0,-149000.0,0.0,-623000.0,1062000.0,1447000.0,-74000.0,-146000.0,0.0,0.0,0.0,-127000.0,-18104000.0,-1074000.0,0.0,0.0,0.0,19291000.0,20019000.0,225000.0,2066000.0,4703000.0,2637000.0,-74000.0,-146000.0,-220000.0,,,1620599323,18:28:43,20210509
29,2013-09-30,UPLD,USD,2013-09-30,2013-09-30,Q3,-1428000.0,1209000.0,-252000.0,125000.0,-65000.0,-1350000.0,0.0,280000.0,1154000.0,32000.0,-379000.0,-59000.0,0.0,0.0,0.0,0.0,-59000.0,-2379000.0,0.0,0.0,0.0,-58000.0,-1879000.0,-11000.0,-2328000.0,2637000.0,4965000.0,-379000.0,-59000.0,-438000.0,,,1620599323,18:28:43,20210509
