,date,symbol,reportedCurrency,fillingDate,acceptedDate,period,netIncome,depreciationAndAmortization,deferredIncomeTax,stockBasedCompensation,changeInWorkingCapital,accountsReceivables,inventory,accountsPayables,otherWorkingCapital,otherNonCashItems,netCashProvidedByOperatingActivities,investmentsInPropertyPlantAndEquipment,acquisitionsNet,purchasesOfInvestments,salesMaturitiesOfInvestments,otherInvestingActivites,netCashUsedForInvestingActivites,debtRepayment,commonStockIssued,commonStockRepurchased,dividendsPaid,otherFinancingActivites,netCashUsedProvidedByFinancingActivities,effectOfForexChangesOnCash,netChangeInCash,cashAtEndOfPeriod,cashAtBeginningOfPeriod,operatingCashFlow,capitalExpenditure,freeCashFlow,link,finalLink,timestamp,est_time,est_date
0,2020-12-31,MTNB,USD,2021-03-29,2021-03-29 06:32:18,Q4,-6340880.0,190951.0,0.0,1220210.0,373693.0,0.0,0.0,-23125.0,0.0,0.0,-4307710.0,0.0,0.0,2094243.0,6995156.0,0.0,9089399.0,-7819.0,65000.0,0.0,0.0,0.0,549567.0,0.0,5331256.0,12768481.0,7437225.0,-4307710.0,0.0,-4307710.0,https://www.sec.gov/Archives/edgar/data/1582554/000149315221006979/0001493152-21-006979-index.htm,https://www.sec.gov/Archives/edgar/data/1582554/000149315221006979/form10-k.htm,1620595381,17:23:01,20210509
1,2020-09-30,MTNB,USD,2020-11-06,2020-11-06 06:30:46,Q3,-5449513.0,188616.0,0.0,952883.0,-4436331.0,0.0,0.0,-121511.0,62364694.0,0.0,-5226800.0,0.0,0.0,-6530111.0,3750000.0,0.0,-2780111.0,-10619.0,46639210.0,0.0,682800.0,0.0,54208.0,0.0,-7952703.0,7437225.0,15389928.0,-5226800.0,0.0,-5226800.0,https://www.sec.gov/Archives/edgar/data/1582554/000149315220020630/0001493152-20-020630-index.htm,https://www.sec.gov/Archives/edgar/data/1582554/000149315220020630/form10q.htm,1620595381,17:23:01,20210509
2,2020-06-30,MTNB,USD,2020-08-10,2020-08-10 16:01:35,Q2,-5610547.0,196567.0,0.0,944516.0,-4644581.0,0.0,0.0,-458749.0,66801025.0,0.0,-3168780.0,0.0,0.0,-6458531.0,14450000.0,0.0,7991469.0,-16288.0,20000.0,0.0,0.0,0.0,3712.0,0.0,4826401.0,15389928.0,10563527.0,-3168780.0,0.0,-3168780.0,https://www.sec.gov/Archives/edgar/data/1582554/000149315220015080/0001493152-20-015080-index.htm,https://www.sec.gov/Archives/edgar/data/1582554/000149315220015080/form10-q.htm,1620595381,17:23:01,20210509
3,2020-03-31,MTNB,USD,2020-05-11,2020-05-11 16:02:42,Q1,-5045898.0,198453.0,0.0,1447178.0,44619984.0,0.0,0.0,274016.0,71445606.0,0.0,-4664546.0,-5749.0,0.0,-61211960.0,6250000.0,0.0,-54967709.0,-19947.0,46619210.0,0.0,0.0,0.0,47439344.0,0.0,-12192911.0,10563527.0,22756438.0,-4664546.0,-5749.0,-4670295.0,https://www.sec.gov/Archives/edgar/data/1582554/000149315220008222/0001493152-20-008222-index.htm,https://www.sec.gov/Archives/edgar/data/1582554/000149315220008222/form10-q.htm,1620595381,17:23:01,20210509
4,2019-12-31,MTNB,USD,2020-03-09,2020-03-09 06:16:30,Q4,-5572831.0,197912.0,0.0,687795.0,-4802952.0,0.0,0.0,-6491.0,26825622.0,0.0,-4898977.0,0.0,0.0,0.0,0.0,0.0,-5605654.0,-19888.0,0.0,0.0,0.0,0.0,10287.0,0.0,-10494344.0,22756438.0,33250782.0,-4898977.0,0.0,-4898977.0,https://www.sec.gov/Archives/edgar/data/1582554/000149315220003558/0001493152-20-003558-index.htm,https://www.sec.gov/Archives/edgar/data/1582554/000149315220003558/form10-k.htm,1620595381,17:23:01,20210509
5,2019-09-30,MTNB,USD,2019-11-13,2019-11-13 06:16:15,Q3,-4404385.0,190859.0,0.0,670889.0,-2333215.0,0.0,0.0,137672.0,31628574.0,0.0,-4073180.0,-73430.0,0.0,0.0,0.0,0.0,-73430.0,-19531.0,-1.0,0.0,0.0,0.0,-19532.0,0.0,-4166142.0,33250782.0,37416924.0,-4073180.0,-73430.0,-4146610.0,https://www.sec.gov/Archives/edgar/data/1582554/000149315219016958/0001493152-19-016958-index.htm,https://www.sec.gov/Archives/edgar/data/1582554/000149315219016958/form10-q.htm,1620595381,17:23:01,20210509
6,2019-06-30,MTNB,USD,2019-08-13,2019-08-13 06:31:38,Q2,-3344727.0,197506.0,0.0,822131.0,-2825857.0,0.0,0.0,153436.0,33961789.0,0.0,-2096697.0,-317928.0,0.0,0.0,0.0,0.0,-317928.0,-101997.0,-65000.0,0.0,0.0,0.0,-166997.0,0.0,-2581622.0,37416924.0,39998546.0,-2096697.0,-317928.0,-2414625.0,https://www.sec.gov/Archives/edgar/data/1582554/000149315219012114/0001493152-19-012114-index.htm,https://www.sec.gov/Archives/edgar/data/1582554/000149315219012114/form10-q.htm,1620595381,17:23:01,20210509
7,2019-03-31,MTNB,USD,2019-05-13,2019-04-01 16:53:50,Q1,-4050708.0,194539.0,0.0,804463.0,26542055.0,0.0,0.0,99040.0,36787646.0,36395.0,-3023212.0,-14246.0,0.0,0.0,0.0,0.0,-14246.0,-140141.0,30168307.0,0.0,0.0,0.0,30028166.0,0.0,26990708.0,39998546.0,13007838.0,-3023212.0,-14246.0,-3037458.0,https://www.sec.gov/Archives/edgar/data/1582554/000149315219006906/0001493152-19-006906-index.htm,https://www.sec.gov/Archives/edgar/data/1582554/000149315219006906/form10-q.htm,1620595381,17:23:01,20210509
8,2018-12-31,MTNB,USD,2019-04-01,2019-04-01 16:53:50,Q4,-3626458.0,61743.0,0.0,1030070.0,5359796.0,0.0,0.0,-7799.0,10245591.0,10888.0,-2619193.0,0.0,0.0,0.0,0.0,0.0,0.0,-142319.0,8500883.0,0.0,0.0,8500883.0,8358563.0,0.0,5739370.0,13007838.0,7268468.0,-2619193.0,0.0,-2619193.0,https://www.sec.gov/Archives/edgar/data/1582554/000149315219004560/0001493152-19-004560-index.htm,https://www.sec.gov/Archives/edgar/data/1582554/000149315219004560/form10-k.htm,1620595381,17:23:01,20210509
9,2018-09-30,MTNB,USD,2018-11-09,2018-11-09 17:02:26,Q3,-2935578.0,56486.0,0.0,505274.0,-2967154.0,0.0,0.0,-193937.0,4885795.0,12655.0,-2637745.0,-275310.0,0.0,0.0,0.0,0.0,-275310.0,-96660.0,0.0,0.0,0.0,0.0,642495.0,0.0,-2270560.0,7268468.0,9539028.0,-2637745.0,-275310.0,-2913055.0,https://www.sec.gov/Archives/edgar/data/1582554/000149315218015591/0001493152-18-015591-index.htm,https://www.sec.gov/Archives/edgar/data/1582554/000149315218015591/form10-q.htm,1620595381,17:23:01,20210509
10,2018-06-30,MTNB,USD,2018-08-09,2018-08-09 17:15:17,Q2,-3411033.0,52941.0,0.0,549928.0,3989085.0,0.0,0.0,23875.0,7852949.0,16681.0,-2258540.0,-158690.0,0.0,0.0,0.0,0.0,-158690.0,-54591.0,0.0,0.0,0.0,0.0,7001659.0,0.0,4584429.0,9539028.0,4954599.0,-2258540.0,-158690.0,-2417230.0,https://www.sec.gov/Archives/edgar/data/1582554/000149315218011293/0001493152-18-011293-index.htm,https://www.sec.gov/Archives/edgar/data/1582554/000149315218011293/form10-q.htm,1620595381,17:23:01,20210509
11,2018-03-31,MTNB,USD,2018-05-09,2018-05-09 17:01:25,Q1,-4110004.0,47138.0,0.0,1747816.0,-1875390.0,0.0,0.0,-109354.0,3863864.0,16926.0,-2805731.0,-101916.0,0.0,0.0,0.0,0.0,-101916.0,-135691.0,0.0,0.0,0.0,0.0,-135691.0,0.0,-3043338.0,4954599.0,7997937.0,-2805731.0,-101916.0,-2907647.0,https://www.sec.gov/Archives/edgar/data/1582554/000149315218006484/0001493152-18-006484-index.htm,https://www.sec.gov/Archives/edgar/data/1582554/000149315218006484/form10-q.htm,1620595381,17:23:01,20210509
12,2017-12-31,MTNB,USD,2018-03-16,2018-03-16 17:20:12,Q4,-3628018.0,44376.0,0.0,1358221.0,-2551447.0,0.0,0.0,241274.0,5739254.0,59934.0,-1915239.0,-118294.0,0.0,0.0,0.0,0.0,-118294.0,-135427.0,480764.0,0.0,0.0,-370902.0,339366.0,0.0,-1694167.0,7306507.0,9000674.0,-1915239.0,-118294.0,-2033533.0,https://www.sec.gov/Archives/edgar/data/1582554/000149315218003518/0001493152-18-003518-index.htm,https://www.sec.gov/Archives/edgar/data/1582554/000149315218003518/form10-k.htm,1620595381,17:23:01,20210509
13,2017-09-30,MTNB,USD,2017-11-14,2017-11-14 16:15:50,Q3,-3394714.0,31429.0,0.0,551569.0,-2113212.0,0.0,0.0,-111627.0,8290701.0,97142.0,-2784766.0,0.0,0.0,0.0,0.0,0.0,-34181.0,-88299.0,0.0,0.0,0.0,641510.0,553188.0,0.0,-2265759.0,9000674.0,11266433.0,-2784766.0,-34181.0,-2818947.0,https://www.sec.gov/Archives/edgar/data/1582554/000149315217013197/0001493152-17-013197-index.htm,https://www.sec.gov/Archives/edgar/data/1582554/000149315217013197/form10-q.htm,1620595381,17:23:01,20210509
14,2017-06-30,MTNB,USD,2017-08-08,2017-08-08 06:03:21,Q2,-3967640.0,12814.0,0.0,315956.0,-4436820.0,0.0,0.0,-794267.0,10403913.0,14.0,-3727672.0,0.0,0.0,0.0,0.0,0.0,0.0,-51011.0,0.0,0.0,0.0,23.0,-50988.0,0.0,-4568365.0,11266433.0,15834798.0,-3727672.0,0.0,-4517377.0,https://www.sec.gov/Archives/edgar/data/1582554/000114420417040982/0001144204-17-040982-index.htm,https://www.sec.gov/Archives/edgar/data/1582554/000114420417040982/v471369_10q.htm,1620595381,17:23:01,20210509
15,2017-03-31,MTNB,USD,2017-05-15,2017-05-15 16:15:09,Q1,-4496117.0,11986.0,0.0,1371734.0,11720038.0,0.0,0.0,771885.0,14840733.0,259.0,-3031760.0,0.0,0.0,0.0,0.0,0.0,0.0,-73237.0,0.0,0.0,0.0,0.0,14761107.0,0.0,11729347.0,15834798.0,4105451.0,-3031760.0,0.0,-3031760.0,https://www.sec.gov/Archives/edgar/data/1582554/000114420417027474/0001144204-17-027474-index.htm,https://www.sec.gov/Archives/edgar/data/1582554/000114420417027474/v465964_10q.htm,1620595381,17:23:01,20210509
16,2016-12-31,MTNB,USD,2017-03-31,2017-03-31 16:11:36,Q4,-1891806.0,12679.0,0.0,244789.0,-2047895.0,0.0,0.0,266139.0,3120695.0,259.0,-2115999.0,0.0,0.0,0.0,0.0,0.0,0.0,-73192.0,0.0,0.0,0.0,0.0,1809.0,0.0,-2114190.0,4105451.0,6219641.0,-2115999.0,0.0,-2115999.0,https://www.sec.gov/Archives/edgar/data/1582554/000114420417018184/0001144204-17-018184-index.htm,https://www.sec.gov/Archives/edgar/data/1582554/000114420417018184/v461054_10k.htm,1620595381,17:23:01,20210509
17,2016-09-30,MTNB,USD,2016-11-14,2016-11-14 16:23:15,Q3,-1838436.0,13667.0,0.0,480637.0,5736587.0,0.0,0.0,-266400.0,5168590.0,259.0,-1366068.0,31064.0,0.0,0.0,0.0,0.0,31064.0,0.0,0.0,0.0,0.0,0.0,6976332.0,0.0,5641328.0,6219641.0,578313.0,-1366068.0,0.0,-1335004.0,https://www.sec.gov/Archives/edgar/data/1582554/000114420416134200/0001144204-16-134200-index.htm,https://www.sec.gov/Archives/edgar/data/1582554/000114420416134200/v451401_10q.htm,1620595381,17:23:01,20210509
18,2016-06-30,MTNB,USD,2016-08-15,2016-08-15 16:06:37,Q2,-1623885.0,13407.0,0.0,400777.0,-1159557.0,0.0,0.0,-144701.0,-567997.0,749.0,-1094105.0,-31064.0,0.0,0.0,0.0,0.0,-31064.0,0.0,0.0,0.0,0.0,0.0,30297.0,0.0,-1094872.0,578313.0,1673185.0,-1094105.0,0.0,-1125169.0,https://www.sec.gov/Archives/edgar/data/1582554/000114420416119395/0001144204-16-119395-index.htm,https://www.sec.gov/Archives/edgar/data/1582554/000114420416119395/v445994_10q.htm,1620595381,17:23:01,20210509
19,2016-03-31,MTNB,USD,2016-05-13,2016-05-13 17:01:23,Q1,-2244610.0,12891.0,0.0,392694.0,-1839026.0,0.0,0.0,122722.0,591560.0,993.0,-1542551.0,0.0,0.0,0.0,0.0,0.0,0.0,-11261.0,0.0,0.0,0.0,0.0,-11261.0,0.0,-1553812.0,1673185.0,3226997.0,-1542551.0,0.0,-1542551.0,https://www.sec.gov/Archives/edgar/data/1582554/000114420416101865/0001144204-16-101865-index.htm,https://www.sec.gov/Archives/edgar/data/1582554/000114420416101865/v438102_10q.htm,1620595381,17:23:01,20210509
20,2015-12-31,MTNB,USD,2016-03-30,2016-03-30 17:29:57,Q4,-2006133.0,10844.0,0.0,426817.0,-1581408.0,0.0,0.0,215745.0,2430586.0,-62007.0,-1116667.0,0.0,0.0,0.0,0.0,0.0,-22932.0,0.0,-1485496.0,0.0,0.0,1489334.0,3838.0,0.0,-1135761.0,3226997.0,4362758.0,-1116667.0,-22932.0,-1139599.0,https://www.sec.gov/Archives/edgar/data/1582554/000114420416091635/0001144204-16-091635-index.htm,https://www.sec.gov/Archives/edgar/data/1582554/000114420416091635/v434866_10k.htm,1620595381,17:23:01,20210509
21,2015-09-30,MTNB,USD,2015-11-10,2015-11-10 07:01:07,Q3,-2154624.0,12075.0,0.0,431789.0,-1732152.0,0.0,0.0,-463454.0,4011994.0,431789.0,-2158337.0,0.0,0.0,0.0,0.0,0.0,-14513.0,0.0,0.0,0.0,0.0,-69890.0,-69890.0,0.0,-2242740.0,4362758.0,6605498.0,-2158337.0,-14513.0,-2172850.0,https://www.sec.gov/Archives/edgar/data/1582554/000114420415063966/0001144204-15-063966-index.htm,https://www.sec.gov/Archives/edgar/data/1582554/000114420415063966/v422509_10q.htm,1620595381,17:23:01,20210509
22,2015-06-30,MTNB,USD,2015-08-13,2015-08-13 16:09:33,Q2,-2404532.0,9727.0,0.0,401078.0,2211735.0,0.0,0.0,278931.0,5744146.0,401078.0,-2216572.0,-33889.0,0.0,0.0,0.0,0.0,-33889.0,0.0,5062500.0,0.0,0.0,-823070.0,4239430.0,0.0,1988969.0,6605498.0,4616529.0,-2216572.0,-33889.0,-2250461.0,https://www.sec.gov/Archives/edgar/data/1582554/000114420415048999/0001144204-15-048999-index.htm,https://www.sec.gov/Archives/edgar/data/1582554/000114420415048999/v417136_10q.htm,1620595381,17:23:01,20210509
23,2015-03-31,MTNB,USD,2015-05-15,2015-05-15 16:05:18,Q1,-2570111.0,10856.0,0.0,332683.0,1845536.0,15535.0,0.0,-104948.0,3532411.0,332683.0,-2322827.0,-4845.0,0.0,0.0,0.0,0.0,65909.0,0.0,4937500.0,0.0,0.0,-654766.0,4282734.0,0.0,2025816.0,4616529.0,2590713.0,-2322827.0,-4845.0,-2327672.0,https://www.sec.gov/Archives/edgar/data/1582554/000114420415031549/0001144204-15-031549-index.htm,https://www.sec.gov/Archives/edgar/data/1582554/000114420415031549/v410107_10q.htm,1620595381,17:23:01,20210509
24,2014-12-31,MTNB,USD,2015-03-31,2015-03-30 19:34:28,Q4,-3044322.0,-9914.0,0.0,527553.0,-2407288.0,0.0,0.0,59324.0,1686875.0,527553.0,-2416059.0,-1.0,0.0,0.0,0.0,0.0,-1.0,0.0,0.0,0.0,0.0,0.0,0.0,0.0,-2416060.0,2590713.0,5006773.0,-2416059.0,-1.0,-2416060.0,https://www.sec.gov/Archives/edgar/data/1582554/000114420415019575/0001144204-15-019575-index.htm,https://www.sec.gov/Archives/edgar/data/1582554/000114420415019575/v405277_10k.htm,1620595381,17:23:01,20210509
25,2014-09-30,MTNB,USD,2014-11-14,2014-11-14 12:15:07,Q3,-2611828.0,31564.0,0.0,899011.0,-1719150.0,0.0,0.0,-69259.0,4094163.0,0.0,-1609960.0,-30746.0,0.0,0.0,0.0,0.0,-30746.0,0.0,0.0,0.0,0.0,0.0,0.0,0.0,-1640706.0,5006773.0,6647479.0,-1609960.0,-30746.0,-1640706.0,https://www.sec.gov/Archives/edgar/data/1582554/000114420414068425/0001144204-14-068425-index.htm,https://www.sec.gov/Archives/edgar/data/1582554/000114420414068425/v393135_10q.htm,1620595381,17:23:01,20210509
26,2014-06-30,MTNB,USD,2014-08-08,2014-08-08 16:03:14,Q2,-2425871.0,10479.0,0.0,273765.0,295496.0,0.0,0.0,38763.0,5813313.0,273765.0,-1846131.0,-64495.0,0.0,0.0,0.0,0.0,-64495.0,0.0,0.0,0.0,0.0,0.0,0.0,0.0,-1910626.0,6647479.0,8558105.0,-1846131.0,-64495.0,-1910626.0,https://www.sec.gov/Archives/edgar/data/1582554/000114420414048056/0001144204-14-048056-index.htm,https://www.sec.gov/Archives/edgar/data/1582554/000114420414048056/v385154_10q.htm,1620595381,17:23:01,20210509
27,2014-03-31,MTNB,USD,2014-03-31,2014-03-31,Q1,-2139024.0,9452.0,0.0,273824.0,-233298.0,0.0,0.0,-154441.0,-116837.0,273824.0,-2089046.0,-193277.0,0.0,0.0,0.0,0.0,-193277.0,0.0,0.0,0.0,0.0,0.0,0.0,0.0,-2282323.0,8558105.0,10840428.0,-2089046.0,-193277.0,-2282323.0,,,1620595381,17:23:01,20210509
28,2013-12-31,MTNB,USD,2013-12-31,2013-12-31,Q4,-1801337.0,469.0,0.0,147720.0,-13124.0,0.0,0.0,135971.0,-557244.0,147720.0,-1666272.0,-65890.0,0.0,0.0,0.0,0.0,-65890.0,0.0,0.0,0.0,0.0,2.0,2.0,0.0,-1732160.0,10840428.0,12572588.0,-1666272.0,-65890.0,-1732162.0,,,1620595381,17:23:01,20210509
29,2013-09-30,MTNB,USD,2013-09-30,2013-09-30,Q3,-1456343.0,-2915.0,0.0,178020.0,394288.0,0.0,0.0,177558.0,198098.0,178020.0,-886950.0,-28298.0,0.0,0.0,0.0,0.0,-28298.0,0.0,0.0,0.0,0.0,-2378674.0,13026326.0,0.0,12111078.0,12572588.0,461510.0,-886950.0,0.0,-915248.0,,,1620595381,17:23:01,20210509
30,2013-06-30,MTNB,USD,2013-06-30,2013-06-30,Q2,-343314.0,3577.0,0.0,0.0,55245.0,0.0,0.0,27775.0,43368.0,0.0,-284492.0,0.0,0.0,0.0,0.0,0.0,0.0,-11250.0,0.0,0.0,0.0,-2424.0,86326.0,0.0,-198166.0,461510.0,659676.0,-284492.0,0.0,-284492.0,,,1620595381,17:23:01,20210509
31,2013-03-31,MTNB,USD,2013-03-31,2013-03-31,Q1,-112133.0,0.0,0.0,0.0,-37990.0,0.0,0.0,-4864.0,0.0,0.0,-150123.0,0.0,0.0,0.0,0.0,0.0,0.0,-12850.0,0.0,0.0,0.0,-1716.0,385435.0,0.0,235312.0,659676.0,424364.0,-150123.0,0.0,-150123.0,,,1620595381,17:23:01,20210509
