,date,symbol,reportedCurrency,fillingDate,acceptedDate,period,netIncome,depreciationAndAmortization,deferredIncomeTax,stockBasedCompensation,changeInWorkingCapital,accountsReceivables,inventory,accountsPayables,otherWorkingCapital,otherNonCashItems,netCashProvidedByOperatingActivities,investmentsInPropertyPlantAndEquipment,acquisitionsNet,purchasesOfInvestments,salesMaturitiesOfInvestments,otherInvestingActivites,netCashUsedForInvestingActivites,debtRepayment,commonStockIssued,commonStockRepurchased,dividendsPaid,otherFinancingActivites,netCashUsedProvidedByFinancingActivities,effectOfForexChangesOnCash,netChangeInCash,cashAtEndOfPeriod,cashAtBeginningOfPeriod,operatingCashFlow,capitalExpenditure,freeCashFlow,link,finalLink,timestamp,est_time,est_date
0,2020-04-30,BMSND,USD,2020-07-01,2020-07-01 16:04:32,Q1,-288123.0,-167802.0,0.0,-3000.0,-21424.0,233000.0,0.0,83709.0,-115812.0,0.0,150572.0,0.0,0.0,0.0,0.0,-301144.0,-301144.0,0.0,150000.0,0.0,0.0,150572.0,150572.0,0.0,48643.0,0.0,27712.0,150572.0,0.0,150572.0,https://www.sec.gov/Archives/edgar/data/1079282/000119983520000163/0001199835-20-000163-index.htm,https://www.sec.gov/Archives/edgar/data/1079282/000119983520000163/form-10q.htm,1620589516,15:45:16,20210509
1,2020-01-31,BMSND,USD,2020-01-31,2020-01-31,Q2,-37301.0,0.0,0.0,0.0,-17304.0,0.0,0.0,0.0,-94388.0,0.0,-9854.0,0.0,0.0,0.0,0.0,0.0,0.0,0.0,0.0,-21.0,0.0,9896.0,9875.0,0.0,21.0,999.0,978.0,-9854.0,0.0,-9854.0,,,1620589516,15:45:16,20210509
2,2019-10-31,BMSND,USD,2019-10-31,2019-10-31,Q1,-33222.0,0.0,0.0,0.0,2157599.0,0.0,0.0,295.0,-77084.0,0.0,-18044.0,0.0,0.0,0.0,0.0,0.0,0.0,0.0,0.0,-978.0,0.0,18278.0,17300.0,0.0,-744.0,978.0,1722.0,-18044.0,0.0,-18044.0,,,1620589516,15:45:16,20210509
3,2016-09-30,BMSND,USD,2016-12-27,2016-12-27,Q4,-2537329.0,13395.0,0.0,3000000.0,-75260.0,83000.0,0.0,93139.0,-2234683.0,0.0,-412376.0,173998000.0,0.0,0.0,0.0,0.0,672213000.0,-150000.0,0.0,114374.0,-108000.0,333628.0,298002.0,0.0,-114374.0,27712.0,142086.0,-412376.0,173998000.0,-412376.0,https://www.sec.gov/Archives/edgar/data/1079282/000160706216001102/0001607062-16-001102-index.htm,https://www.sec.gov/Archives/edgar/data/1079282/000160706216001102/bmsn093016form10k.htm,1620589516,15:45:16,20210509
4,2016-06-30,BMSND,USD,2016-06-30,2016-06-30,Q3,-2413667.0,6736.0,0.0,0.0,-247327.0,0.0,0.0,126837.0,-2159423.0,0.0,-421911.0,0.0,0.0,0.0,0.0,0.0,0.0,-50000.0,0.0,-23236.0,0.0,518383.0,445147.0,0.0,23236.0,142086.0,118850.0,-421911.0,0.0,-421911.0,,,1620589516,15:45:16,20210509
5,2016-03-31,BMSND,USD,2016-03-31,2016-03-31,Q2,-1361502.0,74284.0,0.0,0.0,-184940.0,0.0,0.0,-6863.0,-1912096.0,0.0,1123732.0,0.0,0.0,0.0,0.0,439670.0,439670.0,-100000.0,0.0,74536.0,0.0,-1172805.0,-1198269.0,0.0,-74536.0,118850.0,193386.0,1123732.0,0.0,1123732.0,,,1620589516,15:45:16,20210509
6,2015-12-31,BMSND,USD,2015-12-31,2015-12-31,Q1,-2152321.0,73387.0,0.0,0.0,81207.0,0.0,0.0,1792.0,-1727156.0,0.0,-2019938.0,0.0,0.0,0.0,0.0,-439670.0,-439670.0,0.0,0.0,-193386.0,0.0,2330356.0,2136970.0,0.0,117031.0,193386.0,76355.0,-2019938.0,0.0,-2019938.0,,,1620589516,15:45:16,20210509
7,2015-09-30,BMSND,USD,2015-09-30,2015-09-30,Q4,-42024781.0,150806.0,0.0,0.0,-463559.0,0.0,0.0,24314.0,-1808363.0,0.0,0.0,0.0,0.0,0.0,0.0,10421612.0,10421612.0,1066083.0,0.0,154549.0,0.0,-11796793.0,-10576161.0,0.0,-154549.0,76355.0,230904.0,0.0,0.0,0.0,,,1620589516,15:45:16,20210509
8,2015-06-30,BMSND,USD,2015-06-30,2015-06-30,Q3,-1829173.0,0.0,0.0,0.0,-363819.0,0.0,0.0,-15017.0,-1344804.0,0.0,0.0,0.0,0.0,0.0,0.0,-1743947.0,-1743947.0,453.0,0.0,358943.0,0.0,1025608.0,1385004.0,0.0,-358943.0,230904.0,589847.0,0.0,0.0,0.0,,,1620589516,15:45:16,20210509
9,2015-03-31,BMSND,USD,2015-03-31,2015-03-31,Q2,-9379473.0,0.0,0.0,0.0,629579.0,0.0,0.0,2272.0,-980985.0,0.0,0.0,0.0,0.0,0.0,0.0,-9310946.0,-9310946.0,-1055818.0,0.0,-514239.0,0.0,11395242.0,9825185.0,0.0,514239.0,589847.0,75608.0,0.0,0.0,0.0,,,1620589516,15:45:16,20210509
10,2014-12-31,BMSND,USD,2014-12-31,2014-12-31,Q1,-856892.0,0.0,0.0,0.0,-79452.0,0.0,0.0,-2085.0,-1610564.0,0.0,0.0,0.0,0.0,0.0,0.0,-822155.0,-822155.0,-217321.0,0.0,-75608.0,0.0,1190190.0,897261.0,0.0,75106.0,75608.0,502.0,0.0,0.0,0.0,,,1620589516,15:45:16,20210509
11,2014-09-30,BMSND,USD,2014-09-30,2014-09-30,Q4,-384068.0,0.0,0.0,0.0,-55768.0,0.0,0.0,14018.0,-1531112.0,0.0,0.0,0.0,0.0,0.0,0.0,-296554.0,-296554.0,-70502.0,0.0,98552.0,0.0,169952.0,198002.0,0.0,-98552.0,502.0,99054.0,0.0,0.0,0.0,,,1620589516,15:45:16,20210509
12,2014-03-31,BMSND,USD,2014-03-31,2014-03-31,Q2,-529555.0,0.0,0.0,0.0,-181447.0,0.0,0.0,-4631.0,-1475344.0,0.0,0.0,0.0,0.0,0.0,0.0,-700012.0,-700012.0,-217700.0,0.0,146082.0,0.0,1590614.0,1518996.0,0.0,-146082.0,122789.0,268871.0,0.0,0.0,0.0,,,1620589516,15:45:16,20210509
13,2013-12-31,BMSND,USD,2013-12-31,2013-12-31,Q1,-920888.0,0.0,0.0,0.0,-178255.0,0.0,0.0,9630.0,-1293897.0,0.0,0.0,0.0,0.0,0.0,0.0,-812909.0,-812909.0,-16566.0,0.0,-268871.0,0.0,285437.0,0.0,0.0,152157.0,268871.0,116714.0,0.0,0.0,0.0,,,1620589516,15:45:16,20210509
14,2013-09-30,BMSND,USD,2013-09-30,2013-09-30,Q4,-188054.0,0.0,0.0,18600.0,147493.0,0.0,0.0,-493.0,-1115642.0,0.0,0.0,0.0,0.0,0.0,0.0,-67140.0,-67140.0,-65060.0,0.0,-106432.0,0.0,345064.0,173572.0,0.0,106432.0,116714.0,10282.0,0.0,0.0,0.0,,,1620589516,15:45:16,20210509
15,2013-06-30,BMSND,USD,2013-06-30,2013-06-30,Q3,-278789.0,0.0,0.0,17400.0,272000.0,0.0,0.0,-8779.0,-1263135.0,0.0,0.0,0.0,0.0,0.0,0.0,-276037.0,-276037.0,-133862.0,0.0,402.0,0.0,409095.0,275635.0,0.0,-402.0,10282.0,10684.0,0.0,0.0,0.0,,,1620589516,15:45:16,20210509
16,2013-03-31,BMSND,USD,2013-03-31,2013-03-31,Q2,-941488.0,0.0,0.0,0.0,278063.0,0.0,0.0,10300.0,-1535135.0,0.0,0.0,0.0,0.0,0.0,0.0,-146982.0,-146982.0,58470.0,0.0,-9869.0,0.0,108250.0,156851.0,0.0,9869.0,10684.0,815.0,0.0,0.0,0.0,,,1620589516,15:45:16,20210509
17,2012-12-31,BMSND,USD,2012-12-31,2012-12-31,Q1,-596666.0,0.0,0.0,26400.0,-1293.0,0.0,0.0,4505.0,-1813198.0,0.0,0.0,0.0,0.0,0.0,0.0,-452776.0,-452776.0,263600.0,0.0,-815.0,0.0,115054.0,377839.0,0.0,-74937.0,815.0,75752.0,0.0,0.0,0.0,,,1620589516,15:45:16,20210509
18,2012-06-30,BMSND,USD,2012-06-30,2012-06-30,Q3,319325.0,0.0,0.0,0.0,-61419.0,0.0,0.0,0.0,-1811905.0,0.0,120146.0,0.0,0.0,0.0,0.0,0.0,0.0,58993.0,0.0,244.0,0.0,-179296.0,-120059.0,0.0,87.0,0.0,-87.0,120146.0,0.0,120146.0,,,1620589516,15:45:16,20210509
19,2012-03-31,BMSND,USD,2012-03-31,2012-03-31,Q2,-560067.0,0.0,0.0,0.0,-1750486.0,0.0,0.0,-1750.0,-1750486.0,0.0,-53333.0,0.0,0.0,0.0,0.0,0.0,0.0,-48143.0,0.0,10141.0,0.0,81194.0,43192.0,0.0,-10141.0,244.0,10385.0,-53333.0,0.0,-53333.0,,,1620589516,15:45:16,20210509
20,2011-12-31,BMSND,USD,2011-12-31,2011-12-31,Q1,-213673.0,0.0,0.0,0.0,1723153.0,0.0,0.0,1750.0,0.0,0.0,-66813.0,0.0,0.0,0.0,0.0,0.0,0.0,-10850.0,0.0,-10385.0,0.0,98102.0,76867.0,0.0,10054.0,10385.0,331.0,-66813.0,0.0,-66813.0,,,1620589516,15:45:16,20210509
21,2011-09-30,BMSND,USD,2011-09-30,2011-09-30,Q4,-383927.0,0.0,0.0,0.0,-167169.0,0.0,0.0,-298.0,-1723153.0,0.0,-46722.0,0.0,0.0,0.0,0.0,0.0,0.0,0.0,0.0,4751.0,0.0,37220.0,41971.0,0.0,-4751.0,331.0,5082.0,-46722.0,0.0,-46722.0,,,1620589516,15:45:16,20210509
22,2011-06-30,BMSND,USD,2011-06-30,2011-06-30,Q3,41038869.0,0.0,0.0,71440.0,-111247.0,0.0,0.0,-120723.0,-1555984.0,0.0,-822396.0,0.0,0.0,0.0,0.0,540446.0,540446.0,19699.0,0.0,-5082.0,0.0,272109.0,286726.0,0.0,4776.0,5082.0,306.0,-822396.0,0.0,-822396.0,,,1620589516,15:45:16,20210509
23,2008-09-30,BMSND,USD,2008-12-19,2008-12-19,Q4,-2018628.0,453.0,0.0,0.0,0.0,-113.0,0.0,146598.0,-1444737.0,0.0,-798777.0,-140511.0,0.0,0.0,0.0,0.0,-640511.0,0.0,0.0,0.0,0.0,0.0,1284894.0,0.0,-154394.0,8410.0,220882.0,-798777.0,-140511.0,-939288.0,https://www.sec.gov/Archives/edgar/data/1079282/000115752308010022/0001157523-08-010022-index.htm,https://www.sec.gov/Archives/edgar/data/1079282/000115752308010022/a5857904.htm,1620589516,15:45:16,20210509
