,date,symbol,reportedCurrency,fillingDate,acceptedDate,period,netIncome,depreciationAndAmortization,deferredIncomeTax,stockBasedCompensation,changeInWorkingCapital,accountsReceivables,inventory,accountsPayables,otherWorkingCapital,otherNonCashItems,netCashProvidedByOperatingActivities,investmentsInPropertyPlantAndEquipment,acquisitionsNet,purchasesOfInvestments,salesMaturitiesOfInvestments,otherInvestingActivites,netCashUsedForInvestingActivites,debtRepayment,commonStockIssued,commonStockRepurchased,dividendsPaid,otherFinancingActivites,netCashUsedProvidedByFinancingActivities,effectOfForexChangesOnCash,netChangeInCash,cashAtEndOfPeriod,cashAtBeginningOfPeriod,operatingCashFlow,capitalExpenditure,freeCashFlow,link,finalLink,timestamp,est_time,est_date
0,2021-03-31,WPK.TO,USD,2021-03-31,2021-03-31,Q1,25242000.0,11666000.0,8874000.0,0.0,-26022000.0,0.0,-11624000.0,2292000.0,2139000.0,-1671000.0,11754000.0,-9066000.0,0.0,0.0,0.0,0.0,-9169000.0,-189000.0,0.0,0.0,-1518000.0,0.0,-1707000.0,0.0,878000.0,496224000.0,495346000.0,11754000.0,-9169000.0,2585000.0,https://www.sedar.com/ModifyCompanyDocumentSearchForm.do?lang=EN&company_search=Winpak Ltd&document_selection=0&industry_group=A&FromDate=13&FromMonth=05&FromYear=2000&ToDate=13&ToMonth=11&ToYear=2020&Variable=Issuer,https://www.sedar.com/ModifyCompanyDocumentSearchForm.do?lang=EN&company_search=Winpak Ltd&document_selection=0&industry_group=A&FromDate=13&FromMonth=05&FromYear=2000&ToDate=13&ToMonth=11&ToYear=2020&Variable=Issuer,1620599906,18:38:26,20210509
1,2020-12-31,WPK.TO,USD,2020-12-31,2020-12-31,Q4,28077000.0,11826000.0,9303000.0,0.0,-9961000.0,0.0,-6175000.0,3110000.0,-3546000.0,-2135000.0,30840000.0,-19749000.0,0.0,0.0,0.0,0.0,0.0,-186000.0,0.0,0.0,-1456000.0,0.0,-1642000.0,0.0,9360000.0,495346000.0,485986000.0,30840000.0,-19838000.0,11002000.0,https://www.sedar.com/ModifyCompanyDocumentSearchForm.do?lang=EN&company_search=Winpak Ltd&document_selection=0&industry_group=A&FromDate=13&FromMonth=05&FromYear=2000&ToDate=13&ToMonth=11&ToYear=2020&Variable=Issuer,https://www.sedar.com/ModifyCompanyDocumentSearchForm.do?lang=EN&company_search=Winpak Ltd&document_selection=0&industry_group=A&FromDate=13&FromMonth=05&FromYear=2000&ToDate=13&ToMonth=11&ToYear=2020&Variable=Issuer,1620599906,18:38:26,20210509
2,2020-09-30,WPK.TO,USD,2020-09-30,2020-09-30,Q3,27372000.0,11688000.0,10295000.0,0.0,6981000.0,0.0,1452000.0,-3910000.0,2390000.0,-1110000.0,46229000.0,-14282000.0,0.0,0.0,0.0,0.0,-14320000.0,-170000.0,0.0,0.0,-1426000.0,0.0,-1596000.0,0.0,30313000.0,485986000.0,455673000.0,46229000.0,-14320000.0,31909000.0,https://www.sedar.com/ModifyCompanyDocumentSearchForm.do?lang=EN&company_search=Winpak Ltd&document_selection=0&industry_group=A&FromDate=13&FromMonth=05&FromYear=2000&ToDate=13&ToMonth=11&ToYear=2020&Variable=Issuer,https://www.sedar.com/ModifyCompanyDocumentSearchForm.do?lang=EN&company_search=Winpak Ltd&document_selection=0&industry_group=A&FromDate=13&FromMonth=05&FromYear=2000&ToDate=13&ToMonth=11&ToYear=2020&Variable=Issuer,1620599906,18:38:26,20210509
3,2020-06-30,WPK.TO,USD,2020-06-30,2020-06-30,Q2,29920000.0,11552000.0,10597000.0,0.0,8455000.0,0.0,-3797000.0,7717000.0,442000.0,-1063000.0,50700000.0,-10864000.0,0.0,0.0,0.0,0.0,-10921000.0,-97000.0,0.0,0.0,-1394000.0,0.0,-1491000.0,0.0,38288000.0,455673000.0,417385000.0,50700000.0,-10921000.0,39779000.0,https://www.sedar.com/ModifyCompanyDocumentSearchForm.do?lang=EN&company_search=Winpak Ltd&document_selection=0&industry_group=A&FromDate=13&FromMonth=05&FromYear=2000&ToDate=13&ToMonth=11&ToYear=2020&Variable=Issuer,https://www.sedar.com/ModifyCompanyDocumentSearchForm.do?lang=EN&company_search=Winpak Ltd&document_selection=0&industry_group=A&FromDate=13&FromMonth=05&FromYear=2000&ToDate=13&ToMonth=11&ToYear=2020&Variable=Issuer,1620599906,18:38:26,20210509
4,2020-03-31,WPK.TO,USD,2020-03-31,2020-03-31,Q1,23546000.0,11223000.0,8605000.0,0.0,-6775000.0,0.0,3358000.0,-7151000.0,-1226000.0,-3058000.0,28236000.0,-6387000.0,0.0,0.0,0.0,0.0,-6418000.0,-101000.0,0.0,0.0,-1491000.0,0.0,-1592000.0,0.0,20226000.0,417385000.0,397159000.0,28236000.0,-6418000.0,21818000.0,https://www.sedar.com/ModifyCompanyDocumentSearchForm.do?lang=EN&company_search=Winpak Ltd&document_selection=0&industry_group=A&FromDate=13&FromMonth=05&FromYear=2000&ToDate=13&ToMonth=11&ToYear=2020&Variable=Issuer,https://www.sedar.com/ModifyCompanyDocumentSearchForm.do?lang=EN&company_search=Winpak Ltd&document_selection=0&industry_group=A&FromDate=13&FromMonth=05&FromYear=2000&ToDate=13&ToMonth=11&ToYear=2020&Variable=Issuer,1620599906,18:38:26,20210509
5,2019-12-31,WPK.TO,USD,2019-12-31,2019-12-31,Q4,27521000.0,13021000.0,9830000.0,0.0,-1686000.0,0.0,802000.0,-2784000.0,2187000.0,-1896000.0,40601000.0,-14282000.0,0.0,0.0,0.0,0.0,-57027000.0,-124000.0,0.0,0.0,-1472000.0,0.0,-1596000.0,0.0,-18022000.0,397159000.0,415181000.0,40601000.0,-14301000.0,26300000.0,https://www.sedar.com/ModifyCompanyDocumentSearchForm.do?lang=EN&company_search=Winpak Ltd&document_selection=0&industry_group=A&FromDate=13&FromMonth=05&FromYear=2000&ToDate=13&ToMonth=11&ToYear=2020&Variable=Issuer,https://www.sedar.com/ModifyCompanyDocumentSearchForm.do?lang=EN&company_search=Winpak Ltd&document_selection=0&industry_group=A&FromDate=13&FromMonth=05&FromYear=2000&ToDate=13&ToMonth=11&ToYear=2020&Variable=Issuer,1620599906,18:38:26,20210509
6,2019-09-30,WPK.TO,USD,2019-09-30,2019-09-30,Q3,29462000.0,10948000.0,10099000.0,0.0,-4692000.0,0.0,1448000.0,-1847000.0,61000.0,-3068000.0,36312000.0,-14908000.0,0.0,0.0,0.0,0.0,-14976000.0,-112000.0,0.0,0.0,-1488000.0,0.0,-1600000.0,0.0,19736000.0,415181000.0,395445000.0,36312000.0,-14976000.0,21336000.0,https://www.sedar.com/ModifyCompanyDocumentSearchForm.do?lang=EN&company_search=Winpak Ltd&document_selection=0&industry_group=A&FromDate=13&FromMonth=05&FromYear=2000&ToDate=13&ToMonth=11&ToYear=2020&Variable=Issuer,https://www.sedar.com/ModifyCompanyDocumentSearchForm.do?lang=EN&company_search=Winpak Ltd&document_selection=0&industry_group=A&FromDate=13&FromMonth=05&FromYear=2000&ToDate=13&ToMonth=11&ToYear=2020&Variable=Issuer,1620599906,18:38:26,20210509
7,2019-06-30,WPK.TO,USD,2019-06-30,2019-06-30,Q2,31893000.0,10588000.0,11247000.0,0.0,4842000.0,0.0,-2909000.0,3995000.0,394000.0,-2238000.0,45935000.0,-11547000.0,0.0,0.0,0.0,0.0,-11564000.0,-105000.0,0.0,0.0,-1460000.0,0.0,-1565000.0,0.0,32806000.0,395445000.0,362639000.0,45935000.0,-11564000.0,34371000.0,https://www.sedar.com/ModifyCompanyDocumentSearchForm.do?lang=EN&company_search=Winpak Ltd&document_selection=0&industry_group=A&FromDate=13&FromMonth=05&FromYear=2000&ToDate=13&ToMonth=11&ToYear=2020&Variable=Issuer,https://www.sedar.com/ModifyCompanyDocumentSearchForm.do?lang=EN&company_search=Winpak Ltd&document_selection=0&industry_group=A&FromDate=13&FromMonth=05&FromYear=2000&ToDate=13&ToMonth=11&ToYear=2020&Variable=Issuer,1620599906,18:38:26,20210509
8,2019-03-31,WPK.TO,USD,2019-03-31,2019-03-31,Q1,29188000.0,10530000.0,10535000.0,0.0,-2686000.0,0.0,3619000.0,-1324000.0,-1958000.0,-4232000.0,37183000.0,-17315000.0,0.0,0.0,0.0,0.0,-17333000.0,-104000.0,0.0,0.0,-1429000.0,0.0,-1533000.0,0.0,18317000.0,362639000.0,344322000.0,37183000.0,-17333000.0,19850000.0,https://www.sedar.com/ModifyCompanyDocumentSearchForm.do?lang=EN&company_search=Winpak Ltd&document_selection=0&industry_group=A&FromDate=13&FromMonth=05&FromYear=2000&ToDate=13&ToMonth=11&ToYear=2020&Variable=Issuer,https://www.sedar.com/ModifyCompanyDocumentSearchForm.do?lang=EN&company_search=Winpak Ltd&document_selection=0&industry_group=A&FromDate=13&FromMonth=05&FromYear=2000&ToDate=13&ToMonth=11&ToYear=2020&Variable=Issuer,1620599906,18:38:26,20210509
9,2018-12-31,WPK.TO,USD,2018-12-31,2018-12-31,Q4,27241000.0,10595000.0,10059000.0,0.0,-2681000.0,0.0,-1498000.0,-2155000.0,129000.0,-1310000.0,38531000.0,-16005000.0,0.0,0.0,0.0,0.0,-16230000.0,0.0,0.0,0.0,-1508000.0,0.0,-1508000.0,0.0,20793000.0,344322000.0,323529000.0,38531000.0,-16230000.0,22301000.0,https://www.sedar.com/ModifyCompanyDocumentSearchForm.do?lang=EN&company_search=Winpak Ltd&document_selection=0&industry_group=A&FromDate=13&FromMonth=05&FromYear=2000&ToDate=13&ToMonth=11&ToYear=2020&Variable=Issuer,https://www.sedar.com/ModifyCompanyDocumentSearchForm.do?lang=EN&company_search=Winpak Ltd&document_selection=0&industry_group=A&FromDate=13&FromMonth=05&FromYear=2000&ToDate=13&ToMonth=11&ToYear=2020&Variable=Issuer,1620599906,18:38:26,20210509
10,2018-09-30,WPK.TO,USD,2018-09-30,2018-09-30,Q3,28651000.0,10502000.0,9967000.0,0.0,-15973000.0,-6654000.0,-4815000.0,-6784000.0,1811000.0,-2679000.0,27449000.0,-22208000.0,0.0,0.0,0.0,0.0,-22246000.0,0.0,0.0,0.0,-1484000.0,0.0,-1484000.0,0.0,3719000.0,323529000.0,319810000.0,27449000.0,-22246000.0,5203000.0,https://www.sedar.com/ModifyCompanyDocumentSearchForm.do?lang=EN&company_search=Winpak Ltd&document_selection=0&industry_group=A&FromDate=13&FromMonth=05&FromYear=2000&ToDate=13&ToMonth=11&ToYear=2020&Variable=Issuer,https://www.sedar.com/ModifyCompanyDocumentSearchForm.do?lang=EN&company_search=Winpak Ltd&document_selection=0&industry_group=A&FromDate=13&FromMonth=05&FromYear=2000&ToDate=13&ToMonth=11&ToYear=2020&Variable=Issuer,1620599906,18:38:26,20210509
11,2018-06-30,WPK.TO,USD,2018-06-30,2018-06-30,Q2,28818000.0,10290000.0,10791000.0,0.0,1389000.0,666000.0,-7946000.0,8589000.0,-224000.0,-1019000.0,38071000.0,-20554000.0,0.0,0.0,0.0,0.0,-20638000.0,0.0,0.0,0.0,-1513000.0,0.0,-1513000.0,0.0,15920000.0,319810000.0,303890000.0,38071000.0,-20638000.0,17433000.0,https://www.sedar.com/ModifyCompanyDocumentSearchForm.do?lang=EN&company_search=Winpak Ltd&document_selection=0&industry_group=A&FromDate=13&FromMonth=05&FromYear=2000&ToDate=13&ToMonth=11&ToYear=2020&Variable=Issuer,https://www.sedar.com/ModifyCompanyDocumentSearchForm.do?lang=EN&company_search=Winpak Ltd&document_selection=0&industry_group=A&FromDate=13&FromMonth=05&FromYear=2000&ToDate=13&ToMonth=11&ToYear=2020&Variable=Issuer,1620599906,18:38:26,20210509
12,2018-03-31,WPK.TO,USD,2018-03-31,2018-03-31,Q1,26867000.0,10267000.0,9135000.0,0.0,-10450000.0,-9438000.0,-1339000.0,539000.0,1315000.0,-2460000.0,25972000.0,-12460000.0,0.0,0.0,0.0,0.0,-12491000.0,0.0,0.0,0.0,-1550000.0,0.0,-1550000.0,0.0,11931000.0,303890000.0,291959000.0,25972000.0,-12491000.0,13481000.0,https://www.sedar.com/ModifyCompanyDocumentSearchForm.do?lang=EN&company_search=Winpak Ltd&document_selection=0&industry_group=A&FromDate=13&FromMonth=05&FromYear=2000&ToDate=13&ToMonth=11&ToYear=2020&Variable=Issuer,https://www.sedar.com/ModifyCompanyDocumentSearchForm.do?lang=EN&company_search=Winpak Ltd&document_selection=0&industry_group=A&FromDate=13&FromMonth=05&FromYear=2000&ToDate=13&ToMonth=11&ToYear=2020&Variable=Issuer,1620599906,18:38:26,20210509
13,2017-12-31,WPK.TO,USD,2017-12-31,2017-12-31,Q4,40461000.0,10232000.0,2333000.0,0.0,-4178000.0,1382000.0,-3179000.0,-4074000.0,-889000.0,-1208000.0,40838000.0,-10472000.0,0.0,0.0,0.0,0.0,-10629000.0,0.0,0.0,0.0,-1563000.0,0.0,-1563000.0,0.0,28646000.0,291959000.0,263313000.0,40838000.0,-10629000.0,30209000.0,https://www.sedar.com/ModifyCompanyDocumentSearchForm.do?lang=EN&company_search=Winpak Ltd&document_selection=0&industry_group=A&FromDate=13&FromMonth=05&FromYear=2000&ToDate=13&ToMonth=11&ToYear=2020&Variable=Issuer,https://www.sedar.com/ModifyCompanyDocumentSearchForm.do?lang=EN&company_search=Winpak Ltd&document_selection=0&industry_group=A&FromDate=13&FromMonth=05&FromYear=2000&ToDate=13&ToMonth=11&ToYear=2020&Variable=Issuer,1620599906,18:38:26,20210509
14,2017-09-30,WPK.TO,USD,2017-09-30,2017-09-30,Q3,26379000.0,9888000.0,11277000.0,0.0,-11641000.0,-2945000.0,3387000.0,-12693000.0,-100000.0,-958000.0,25949000.0,-11584000.0,0.0,0.0,0.0,0.0,-11615000.0,0.0,0.0,0.0,-1503000.0,0.0,-1503000.0,0.0,12831000.0,263313000.0,250482000.0,25949000.0,-11615000.0,14334000.0,https://www.sedar.com/ModifyCompanyDocumentSearchForm.do?lang=EN&company_search=Winpak Ltd&document_selection=0&industry_group=A&FromDate=13&FromMonth=05&FromYear=2000&ToDate=13&ToMonth=11&ToYear=2020&Variable=Issuer,https://www.sedar.com/ModifyCompanyDocumentSearchForm.do?lang=EN&company_search=Winpak Ltd&document_selection=0&industry_group=A&FromDate=13&FromMonth=05&FromYear=2000&ToDate=13&ToMonth=11&ToYear=2020&Variable=Issuer,1620599906,18:38:26,20210509
15,2017-06-30,WPK.TO,USD,2017-06-30,2017-06-30,Q2,26621000.0,9536000.0,11466000.0,0.0,655000.0,210000.0,-1749000.0,1816000.0,-99000.0,-1058000.0,31174000.0,-10781000.0,0.0,0.0,0.0,0.0,-10917000.0,0.0,0.0,0.0,-1466000.0,0.0,-1466000.0,0.0,18791000.0,250482000.0,231691000.0,31174000.0,-10917000.0,20257000.0,https://www.sedar.com/ModifyCompanyDocumentSearchForm.do?lang=EN&company_search=Winpak Ltd&document_selection=0&industry_group=A&FromDate=13&FromMonth=05&FromYear=2000&ToDate=13&ToMonth=11&ToYear=2020&Variable=Issuer,https://www.sedar.com/ModifyCompanyDocumentSearchForm.do?lang=EN&company_search=Winpak Ltd&document_selection=0&industry_group=A&FromDate=13&FromMonth=05&FromYear=2000&ToDate=13&ToMonth=11&ToYear=2020&Variable=Issuer,1620599906,18:38:26,20210509
16,2017-03-31,WPK.TO,USD,2017-03-31,2017-03-31,Q1,29249000.0,9541000.0,13755000.0,0.0,1964000.0,8546000.0,-11663000.0,7058000.0,-1005000.0,-3058000.0,40405000.0,-18247000.0,0.0,0.0,0.0,0.0,-18498000.0,0.0,0.0,0.0,-1441000.0,0.0,-1441000.0,0.0,20466000.0,231691000.0,211225000.0,40405000.0,-18498000.0,21907000.0,https://www.sedar.com/ModifyCompanyDocumentSearchForm.do?lang=EN&company_search=Winpak Ltd&document_selection=0&industry_group=A&FromDate=13&FromMonth=05&FromYear=2000&ToDate=13&ToMonth=11&ToYear=2020&Variable=Issuer,https://www.sedar.com/ModifyCompanyDocumentSearchForm.do?lang=EN&company_search=Winpak Ltd&document_selection=0&industry_group=A&FromDate=13&FromMonth=05&FromYear=2000&ToDate=13&ToMonth=11&ToYear=2020&Variable=Issuer,1620599906,18:38:26,20210509
17,2016-12-31,WPK.TO,USD,2016-12-31,2016-12-31,Q4,29611000.0,9227000.0,13184000.0,0.0,-3868000.0,-3026000.0,1787000.0,-3582000.0,-394000.0,-2983000.0,39321000.0,-24077000.0,0.0,0.0,0.0,0.0,-24336000.0,0.0,0.0,0.0,-1481000.0,0.0,-1481000.0,0.0,13504000.0,211225000.0,197721000.0,39321000.0,-24336000.0,14985000.0,https://www.sedar.com/ModifyCompanyDocumentSearchForm.do?lang=EN&company_search=Winpak Ltd&document_selection=0&industry_group=A&FromDate=13&FromMonth=05&FromYear=2000&ToDate=13&ToMonth=11&ToYear=2020&Variable=Issuer,https://www.sedar.com/ModifyCompanyDocumentSearchForm.do?lang=EN&company_search=Winpak Ltd&document_selection=0&industry_group=A&FromDate=13&FromMonth=05&FromYear=2000&ToDate=13&ToMonth=11&ToYear=2020&Variable=Issuer,1620599906,18:38:26,20210509
18,2016-09-30,WPK.TO,USD,2016-09-30,2016-09-30,Q3,25126000.0,8997000.0,11004000.0,0.0,6679000.0,-3408000.0,-1156000.0,10446000.0,-101000.0,-560000.0,42922000.0,-20002000.0,0.0,0.0,0.0,0.0,-20044000.0,0.0,0.0,0.0,-1500000.0,0.0,-1500000.0,0.0,21378000.0,197721000.0,176343000.0,42922000.0,-20044000.0,22878000.0,https://www.sedar.com/ModifyCompanyDocumentSearchForm.do?lang=EN&company_search=Winpak Ltd&document_selection=0&industry_group=A&FromDate=13&FromMonth=05&FromYear=2000&ToDate=13&ToMonth=11&ToYear=2020&Variable=Issuer,https://www.sedar.com/ModifyCompanyDocumentSearchForm.do?lang=EN&company_search=Winpak Ltd&document_selection=0&industry_group=A&FromDate=13&FromMonth=05&FromYear=2000&ToDate=13&ToMonth=11&ToYear=2020&Variable=Issuer,1620599906,18:38:26,20210509
19,2016-06-30,WPK.TO,USD,2016-06-30,2016-06-30,Q2,26164000.0,8771000.0,13315000.0,0.0,-12525000.0,-8554000.0,-6605000.0,2691000.0,-90000.0,-557000.0,22812000.0,-13100000.0,0.0,0.0,0.0,0.0,-13219000.0,0.0,0.0,0.0,-1473000.0,-1277000.0,-2750000.0,0.0,6843000.0,176343000.0,169500000.0,22812000.0,-13219000.0,9593000.0,https://www.sedar.com/ModifyCompanyDocumentSearchForm.do?lang=EN&company_search=Winpak Ltd&document_selection=0&industry_group=A&FromDate=13&FromMonth=05&FromYear=2000&ToDate=13&ToMonth=11&ToYear=2020&Variable=Issuer,https://www.sedar.com/ModifyCompanyDocumentSearchForm.do?lang=EN&company_search=Winpak Ltd&document_selection=0&industry_group=A&FromDate=13&FromMonth=05&FromYear=2000&ToDate=13&ToMonth=11&ToYear=2020&Variable=Issuer,1620599906,18:38:26,20210509
20,2016-03-31,WPK.TO,USD,2016-03-31,2016-03-31,Q1,27300000.0,8725000.0,12310000.0,0.0,-10386000.0,-1355000.0,-1044000.0,-6681000.0,-947000.0,-2737000.0,20952000.0,-15061000.0,0.0,0.0,0.0,0.0,-15071000.0,0.0,0.0,0.0,-1408000.0,0.0,-1408000.0,0.0,4473000.0,169500000.0,165027000.0,20952000.0,-15071000.0,5881000.0,https://www.sedar.com/ModifyCompanyDocumentSearchForm.do?lang=EN&company_search=Winpak Ltd&document_selection=0&industry_group=A&FromDate=13&FromMonth=05&FromYear=2000&ToDate=13&ToMonth=11&ToYear=2020&Variable=Issuer,https://www.sedar.com/ModifyCompanyDocumentSearchForm.do?lang=EN&company_search=Winpak Ltd&document_selection=0&industry_group=A&FromDate=13&FromMonth=05&FromYear=2000&ToDate=13&ToMonth=11&ToYear=2020&Variable=Issuer,1620599906,18:38:26,20210509
21,2015-12-31,WPK.TO,USD,2015-12-31,2015-12-31,Q4,28377000.0,8606000.0,11775000.0,0.0,4930000.0,-537000.0,1135000.0,2860000.0,-427000.0,-898000.0,46852000.0,-16859000.0,0.0,0.0,0.0,0.0,-16936000.0,0.0,0.0,0.0,-75318000.0,0.0,-75318000.0,0.0,-45402000.0,165027000.0,210429000.0,46852000.0,-16936000.0,29916000.0,https://www.sedar.com/ModifyCompanyDocumentSearchForm.do?lang=EN&company_search=Winpak Ltd&document_selection=0&industry_group=A&FromDate=13&FromMonth=05&FromYear=2000&ToDate=13&ToMonth=11&ToYear=2020&Variable=Issuer,https://www.sedar.com/ModifyCompanyDocumentSearchForm.do?lang=EN&company_search=Winpak Ltd&document_selection=0&industry_group=A&FromDate=13&FromMonth=05&FromYear=2000&ToDate=13&ToMonth=11&ToYear=2020&Variable=Issuer,1620599906,18:38:26,20210509
22,2015-09-30,WPK.TO,USD,2015-09-30,2015-09-30,Q3,23063000.0,8359000.0,10151000.0,0.0,1772000.0,-769000.0,2166000.0,-37000.0,-86000.0,-388000.0,37107000.0,-14553000.0,0.0,0.0,0.0,0.0,-14610000.0,0.0,0.0,0.0,-1583000.0,0.0,-1583000.0,0.0,20914000.0,210429000.0,189515000.0,37107000.0,-14610000.0,22497000.0,https://www.sedar.com/ModifyCompanyDocumentSearchForm.do?lang=EN&company_search=Winpak Ltd&document_selection=0&industry_group=A&FromDate=13&FromMonth=05&FromYear=2000&ToDate=13&ToMonth=11&ToYear=2020&Variable=Issuer,https://www.sedar.com/ModifyCompanyDocumentSearchForm.do?lang=EN&company_search=Winpak Ltd&document_selection=0&industry_group=A&FromDate=13&FromMonth=05&FromYear=2000&ToDate=13&ToMonth=11&ToYear=2020&Variable=Issuer,1620599906,18:38:26,20210509
23,2015-06-30,WPK.TO,USD,2015-06-30,2015-06-30,Q2,27639000.0,8334000.0,12634000.0,0.0,1500000.0,3701000.0,-2344000.0,4665000.0,-4503000.0,-911000.0,38818000.0,-9462000.0,0.0,0.0,0.0,0.0,-9576000.0,0.0,0.0,0.0,-1548000.0,-646000.0,-2194000.0,0.0,27048000.0,189515000.0,162467000.0,38818000.0,-9576000.0,29242000.0,https://www.sedar.com/ModifyCompanyDocumentSearchForm.do?lang=EN&company_search=Winpak Ltd&document_selection=0&industry_group=A&FromDate=13&FromMonth=05&FromYear=2000&ToDate=13&ToMonth=11&ToYear=2020&Variable=Issuer,https://www.sedar.com/ModifyCompanyDocumentSearchForm.do?lang=EN&company_search=Winpak Ltd&document_selection=0&industry_group=A&FromDate=13&FromMonth=05&FromYear=2000&ToDate=13&ToMonth=11&ToYear=2020&Variable=Issuer,1620599906,18:38:26,20210509
24,2015-03-31,WPK.TO,USD,2015-03-31,2015-03-31,Q1,22724000.0,8139000.0,10914000.0,0.0,-3293000.0,2254000.0,3131000.0,-7782000.0,36000.0,-2558000.0,33243000.0,-12804000.0,0.0,0.0,0.0,0.0,-12859000.0,0.0,0.0,0.0,-1678000.0,0.0,-1678000.0,0.0,18706000.0,162467000.0,143761000.0,33243000.0,-12859000.0,20384000.0,https://www.sedar.com/ModifyCompanyDocumentSearchForm.do?lang=EN&company_search=Winpak Ltd&document_selection=0&industry_group=A&FromDate=13&FromMonth=05&FromYear=2000&ToDate=13&ToMonth=11&ToYear=2020&Variable=Issuer,https://www.sedar.com/ModifyCompanyDocumentSearchForm.do?lang=EN&company_search=Winpak Ltd&document_selection=0&industry_group=A&FromDate=13&FromMonth=05&FromYear=2000&ToDate=13&ToMonth=11&ToYear=2020&Variable=Issuer,1620599906,18:38:26,20210509
25,2014-12-31,WPK.TO,USD,2014-12-31,2014-12-31,Q4,23756000.0,8349000.0,9954000.0,0.0,-3495000.0,-7874000.0,6957000.0,-2972000.0,12000.0,-798000.0,27822000.0,-12464000.0,0.0,0.0,0.0,0.0,-12752000.0,0.0,0.0,0.0,-1748000.0,0.0,-1748000.0,0.0,13322000.0,143761000.0,130439000.0,27822000.0,-12752000.0,15070000.0,https://www.sedar.com/ModifyCompanyDocumentSearchForm.do?lang=EN&company_search=Winpak Ltd&document_selection=0&industry_group=A&FromDate=13&FromMonth=05&FromYear=2000&ToDate=13&ToMonth=11&ToYear=2020&Variable=Issuer,https://www.sedar.com/ModifyCompanyDocumentSearchForm.do?lang=EN&company_search=Winpak Ltd&document_selection=0&industry_group=A&FromDate=13&FromMonth=05&FromYear=2000&ToDate=13&ToMonth=11&ToYear=2020&Variable=Issuer,1620599906,18:38:26,20210509
26,2014-09-30,WPK.TO,USD,2014-09-30,2014-09-30,Q3,19902000.0,8262000.0,8973000.0,0.0,-2186000.0,0.0,-7815000.0,2203000.0,-95000.0,-1713000.0,32042000.0,-13896000.0,0.0,0.0,0.0,0.0,-13945000.0,0.0,0.0,0.0,-1829000.0,0.0,-1829000.0,0.0,16268000.0,130439000.0,114171000.0,32042000.0,-13945000.0,18097000.0,https://www.sedar.com/ModifyCompanyDocumentSearchForm.do?lang=EN&company_search=Winpak Ltd&document_selection=0&industry_group=A&FromDate=13&FromMonth=05&FromYear=2000&ToDate=13&ToMonth=11&ToYear=2020&Variable=Issuer,https://www.sedar.com/ModifyCompanyDocumentSearchForm.do?lang=EN&company_search=Winpak Ltd&document_selection=0&industry_group=A&FromDate=13&FromMonth=05&FromYear=2000&ToDate=13&ToMonth=11&ToYear=2020&Variable=Issuer,1620599906,18:38:26,20210509
27,2014-06-30,WPK.TO,USD,2014-06-30,2014-06-30,Q2,19538000.0,7871000.0,9367000.0,0.0,-11878000.0,-5038000.0,-7931000.0,1118000.0,-1000.0,-3141000.0,13144000.0,-9527000.0,0.0,0.0,0.0,0.0,-9702000.0,0.0,0.0,0.0,-1763000.0,-344000.0,-2107000.0,0.0,1335000.0,114171000.0,112836000.0,13144000.0,-9702000.0,3442000.0,https://www.sedar.com/ModifyCompanyDocumentSearchForm.do?lang=EN&company_search=Winpak Ltd&document_selection=0&industry_group=A&FromDate=13&FromMonth=05&FromYear=2000&ToDate=13&ToMonth=11&ToYear=2020&Variable=Issuer,https://www.sedar.com/ModifyCompanyDocumentSearchForm.do?lang=EN&company_search=Winpak Ltd&document_selection=0&industry_group=A&FromDate=13&FromMonth=05&FromYear=2000&ToDate=13&ToMonth=11&ToYear=2020&Variable=Issuer,1620599906,18:38:26,20210509
28,2014-03-31,WPK.TO,USD,2014-03-31,2014-03-31,Q1,16456000.0,7724000.0,7235000.0,0.0,-79000.0,-4353000.0,507000.0,5719000.0,-24000.0,-4727000.0,24437000.0,-12165000.0,0.0,0.0,0.0,0.0,-12352000.0,0.0,0.0,0.0,-60339000.0,0.0,-60339000.0,0.0,-48254000.0,112836000.0,161090000.0,24437000.0,-12352000.0,12085000.0,https://www.sedar.com/ModifyCompanyDocumentSearchForm.do?lang=EN&company_search=Winpak Ltd&document_selection=0&industry_group=A&FromDate=13&FromMonth=05&FromYear=2000&ToDate=13&ToMonth=11&ToYear=2020&Variable=Issuer,https://www.sedar.com/ModifyCompanyDocumentSearchForm.do?lang=EN&company_search=Winpak Ltd&document_selection=0&industry_group=A&FromDate=13&FromMonth=05&FromYear=2000&ToDate=13&ToMonth=11&ToYear=2020&Variable=Issuer,1620599906,18:38:26,20210509
29,2013-12-31,WPK.TO,USD,2013-12-31,2013-12-31,Q4,21244000.0,7495000.0,9023000.0,0.0,4088000.0,-2532000.0,3525000.0,1706000.0,-290000.0,-3668000.0,36023000.0,-14466000.0,0.0,0.0,0.0,0.0,-14884000.0,0.0,0.0,0.0,-1892000.0,0.0,-1892000.0,0.0,19247000.0,161090000.0,141843000.0,36023000.0,-14884000.0,21139000.0,https://www.sedar.com/ModifyCompanyDocumentSearchForm.do?lang=EN&company_search=Winpak Ltd&document_selection=0&industry_group=A&FromDate=13&FromMonth=05&FromYear=2000&ToDate=13&ToMonth=11&ToYear=2020&Variable=Issuer,https://www.sedar.com/ModifyCompanyDocumentSearchForm.do?lang=EN&company_search=Winpak Ltd&document_selection=0&industry_group=A&FromDate=13&FromMonth=05&FromYear=2000&ToDate=13&ToMonth=11&ToYear=2020&Variable=Issuer,1620599906,18:38:26,20210509
30,2013-09-30,WPK.TO,USD,2013-09-30,2013-09-30,Q3,17599000.0,7003000.0,8382000.0,0.0,-1818000.0,-2312000.0,-945000.0,1391000.0,-107000.0,-2221000.0,21973000.0,-11597000.0,0.0,0.0,0.0,0.0,-11744000.0,0.0,0.0,0.0,-1854000.0,0.0,-1854000.0,0.0,8375000.0,141843000.0,133468000.0,21973000.0,-11744000.0,10229000.0,https://www.sedar.com/ModifyCompanyDocumentSearchForm.do?lang=EN&company_search=Winpak Ltd&document_selection=0&industry_group=A&FromDate=13&FromMonth=05&FromYear=2000&ToDate=13&ToMonth=11&ToYear=2020&Variable=Issuer,https://www.sedar.com/ModifyCompanyDocumentSearchForm.do?lang=EN&company_search=Winpak Ltd&document_selection=0&industry_group=A&FromDate=13&FromMonth=05&FromYear=2000&ToDate=13&ToMonth=11&ToYear=2020&Variable=Issuer,1620599906,18:38:26,20210509
31,2013-06-30,WPK.TO,USD,2013-06-30,2013-06-30,Q2,17392000.0,6568000.0,8041000.0,0.0,-5554000.0,-2894000.0,-2592000.0,668000.0,-430000.0,-1467000.0,16560000.0,-10165000.0,0.0,0.0,0.0,0.0,-10203000.0,0.0,0.0,0.0,-1919000.0,-218000.0,-2137000.0,0.0,4220000.0,133468000.0,129248000.0,16560000.0,-10203000.0,6357000.0,https://www.sedar.com/ModifyCompanyDocumentSearchForm.do?lang=EN&company_search=Winpak Ltd&document_selection=0&industry_group=A&FromDate=13&FromMonth=05&FromYear=2000&ToDate=13&ToMonth=11&ToYear=2020&Variable=Issuer,https://www.sedar.com/ModifyCompanyDocumentSearchForm.do?lang=EN&company_search=Winpak Ltd&document_selection=0&industry_group=A&FromDate=13&FromMonth=05&FromYear=2000&ToDate=13&ToMonth=11&ToYear=2020&Variable=Issuer,1620599906,18:38:26,20210509
32,2013-03-31,WPK.TO,USD,2013-03-31,2013-03-31,Q1,15850000.0,6865000.0,6862000.0,0.0,-6480000.0,-3873000.0,-2046000.0,363000.0,-186000.0,-3380000.0,13156000.0,-14996000.0,0.0,0.0,0.0,0.0,-15254000.0,0.0,0.0,0.0,-1957000.0,0.0,-1957000.0,0.0,-4055000.0,129248000.0,133303000.0,13156000.0,-15254000.0,-2098000.0,https://www.sedar.com/ModifyCompanyDocumentSearchForm.do?lang=EN&company_search=Winpak Ltd&document_selection=0&industry_group=A&FromDate=13&FromMonth=05&FromYear=2000&ToDate=13&ToMonth=11&ToYear=2020&Variable=Issuer,https://www.sedar.com/ModifyCompanyDocumentSearchForm.do?lang=EN&company_search=Winpak Ltd&document_selection=0&industry_group=A&FromDate=13&FromMonth=05&FromYear=2000&ToDate=13&ToMonth=11&ToYear=2020&Variable=Issuer,1620599906,18:38:26,20210509
33,2012-12-31,WPK.TO,USD,2012-12-31,2012-12-31,Q4,22238000.0,6795000.0,0.0,0.0,968000.0,0.0,-2721000.0,3662000.0,0.0,7064000.0,32530000.0,-17449000.0,0.0,0.0,0.0,0.0,-17507000.0,0.0,0.0,0.0,-1983000.0,0.0,-1983000.0,0.0,13040000.0,133303000.0,120263000.0,32530000.0,-17507000.0,15023000.0,https://www.sedar.com/ModifyCompanyDocumentSearchForm.do?lang=EN&company_search=Winpak Ltd&document_selection=0&industry_group=A&FromDate=13&FromMonth=05&FromYear=2000&ToDate=13&ToMonth=11&ToYear=2020&Variable=Issuer,https://www.sedar.com/ModifyCompanyDocumentSearchForm.do?lang=EN&company_search=Winpak Ltd&document_selection=0&industry_group=A&FromDate=13&FromMonth=05&FromYear=2000&ToDate=13&ToMonth=11&ToYear=2020&Variable=Issuer,1620599906,18:38:26,20210509
34,2012-09-30,WPK.TO,USD,2012-09-30,2012-09-30,Q3,17024000.0,6880000.0,7802000.0,0.0,-5402000.0,-9792000.0,5239000.0,-1246000.0,-107000.0,-1632000.0,20364000.0,-20813000.0,0.0,0.0,0.0,0.0,-20815000.0,0.0,0.0,0.0,-1915000.0,0.0,-1915000.0,0.0,-2366000.0,120263000.0,122629000.0,20364000.0,-20815000.0,-451000.0,https://www.sedar.com/ModifyCompanyDocumentSearchForm.do?lang=EN&company_search=Winpak Ltd&document_selection=0&industry_group=A&FromDate=13&FromMonth=05&FromYear=2000&ToDate=13&ToMonth=11&ToYear=2020&Variable=Issuer,https://www.sedar.com/ModifyCompanyDocumentSearchForm.do?lang=EN&company_search=Winpak Ltd&document_selection=0&industry_group=A&FromDate=13&FromMonth=05&FromYear=2000&ToDate=13&ToMonth=11&ToYear=2020&Variable=Issuer,1620599906,18:38:26,20210509
35,2012-06-30,WPK.TO,USD,2012-06-30,2012-06-30,Q2,16010000.0,6913000.0,5788000.0,0.0,-5669000.0,1707000.0,-5734000.0,-449000.0,-892000.0,-1741000.0,12615000.0,-10486000.0,0.0,0.0,0.0,0.0,-10743000.0,0.0,0.0,0.0,-1955000.0,-563000.0,-2518000.0,0.0,-646000.0,122629000.0,123275000.0,12615000.0,-10743000.0,1872000.0,https://www.sedar.com/ModifyCompanyDocumentSearchForm.do?lang=EN&company_search=Winpak Ltd&document_selection=0&industry_group=A&FromDate=13&FromMonth=05&FromYear=2000&ToDate=13&ToMonth=11&ToYear=2020&Variable=Issuer,https://www.sedar.com/ModifyCompanyDocumentSearchForm.do?lang=EN&company_search=Winpak Ltd&document_selection=0&industry_group=A&FromDate=13&FromMonth=05&FromYear=2000&ToDate=13&ToMonth=11&ToYear=2020&Variable=Issuer,1620599906,18:38:26,20210509
36,2012-03-31,WPK.TO,USD,2012-03-31,2012-03-31,Q1,17092000.0,6824000.0,0.0,0.0,-7221000.0,0.0,-9012000.0,0.0,0.0,980000.0,18398000.0,-19664000.0,0.0,0.0,0.0,0.0,-20092000.0,0.0,0.0,0.0,-1910000.0,0.0,-1910000.0,0.0,-3604000.0,123275000.0,126879000.0,18398000.0,-20092000.0,-1694000.0,https://www.sedar.com/ModifyCompanyDocumentSearchForm.do?lang=EN&company_search=Winpak Ltd&document_selection=0&industry_group=A&FromDate=13&FromMonth=05&FromYear=2000&ToDate=13&ToMonth=11&ToYear=2020&Variable=Issuer,https://www.sedar.com/ModifyCompanyDocumentSearchForm.do?lang=EN&company_search=Winpak Ltd&document_selection=0&industry_group=A&FromDate=13&FromMonth=05&FromYear=2000&ToDate=13&ToMonth=11&ToYear=2020&Variable=Issuer,1620599906,18:38:26,20210509
37,2011-12-31,WPK.TO,USD,2011-12-31,2011-12-31,Q4,18681000.0,7886000.0,0.0,0.0,15170000.0,0.0,10059000.0,3901000.0,0.0,6055000.0,42496000.0,-21089000.0,0.0,0.0,0.0,0.0,-21265000.0,0.0,0.0,0.0,-1894000.0,0.0,-1894000.0,0.0,19337000.0,126879000.0,107542000.0,42496000.0,-21265000.0,21231000.0,https://www.sedar.com/ModifyCompanyDocumentSearchForm.do?lang=EN&company_search=Winpak Ltd&document_selection=0&industry_group=A&FromDate=13&FromMonth=05&FromYear=2000&ToDate=13&ToMonth=11&ToYear=2020&Variable=Issuer,https://www.sedar.com/ModifyCompanyDocumentSearchForm.do?lang=EN&company_search=Winpak Ltd&document_selection=0&industry_group=A&FromDate=13&FromMonth=05&FromYear=2000&ToDate=13&ToMonth=11&ToYear=2020&Variable=Issuer,1620599906,18:38:26,20210509
38,2011-09-30,WPK.TO,USD,2011-09-30,2011-09-30,Q3,14635000.0,6745000.0,0.0,0.0,-1426000.0,0.0,4185000.0,0.0,0.0,10302000.0,23792000.0,-11920000.0,0.0,0.0,0.0,0.0,-11975000.0,0.0,0.0,0.0,-1976000.0,0.0,-1976000.0,0.0,9841000.0,107542000.0,97701000.0,23792000.0,-11975000.0,11817000.0,https://www.sedar.com/ModifyCompanyDocumentSearchForm.do?lang=EN&company_search=Winpak Ltd&document_selection=0&industry_group=A&FromDate=13&FromMonth=05&FromYear=2000&ToDate=13&ToMonth=11&ToYear=2020&Variable=Issuer,https://www.sedar.com/ModifyCompanyDocumentSearchForm.do?lang=EN&company_search=Winpak Ltd&document_selection=0&industry_group=A&FromDate=13&FromMonth=05&FromYear=2000&ToDate=13&ToMonth=11&ToYear=2020&Variable=Issuer,1620599906,18:38:26,20210509
39,2011-06-30,WPK.TO,USD,2011-06-30,2011-06-30,Q2,16539000.0,6672000.0,0.0,0.0,-6095000.0,0.0,-10610000.0,0.0,0.0,10168000.0,16131000.0,-9451000.0,0.0,0.0,0.0,0.0,-9509000.0,0.0,0.0,0.0,-1986000.0,-1813000.0,-3799000.0,0.0,2823000.0,97701000.0,94878000.0,16131000.0,-9509000.0,6622000.0,https://www.sedar.com/ModifyCompanyDocumentSearchForm.do?lang=EN&company_search=Winpak Ltd&document_selection=0&industry_group=A&FromDate=13&FromMonth=05&FromYear=2000&ToDate=13&ToMonth=11&ToYear=2020&Variable=Issuer,https://www.sedar.com/ModifyCompanyDocumentSearchForm.do?lang=EN&company_search=Winpak Ltd&document_selection=0&industry_group=A&FromDate=13&FromMonth=05&FromYear=2000&ToDate=13&ToMonth=11&ToYear=2020&Variable=Issuer,1620599906,18:38:26,20210509
40,2011-03-31,WPK.TO,USD,2011-03-31,2011-03-31,Q1,15054000.0,6620000.0,0.0,0.0,-9147000.0,0.0,-5577000.0,0.0,-2198000.0,-373000.0,12942000.0,-6446000.0,0.0,0.0,0.0,0.0,-6619000.0,0.0,0.0,0.0,-1933000.0,0.0,-1933000.0,0.0,4390000.0,94878000.0,90488000.0,12942000.0,-6619000.0,6323000.0,https://www.sedar.com/ModifyCompanyDocumentSearchForm.do?lang=EN&company_search=Winpak Ltd&document_selection=0&industry_group=A&FromDate=13&FromMonth=05&FromYear=2000&ToDate=13&ToMonth=11&ToYear=2020&Variable=Issuer,https://www.sedar.com/ModifyCompanyDocumentSearchForm.do?lang=EN&company_search=Winpak Ltd&document_selection=0&industry_group=A&FromDate=13&FromMonth=05&FromYear=2000&ToDate=13&ToMonth=11&ToYear=2020&Variable=Issuer,1620599906,18:38:26,20210509
41,2010-12-31,WPK.TO,USD,2010-12-31,2010-12-31,Q4,14079000.0,7601000.0,3916000.0,0.0,-2718000.0,-2644000.0,5456000.0,0.0,0.0,5103000.0,27981000.0,-12023000.0,0.0,0.0,0.0,0.0,-12066000.0,0.0,0.0,0.0,-1901000.0,0.0,-1901000.0,993000.0,15007000.0,90488000.0,75481000.0,27981000.0,-12066000.0,15915000.0,https://www.sedar.com/ModifyCompanyDocumentSearchForm.do?lang=EN&company_search=Winpak Ltd&document_selection=0&industry_group=A&FromDate=13&FromMonth=05&FromYear=2000&ToDate=13&ToMonth=11&ToYear=2020&Variable=Issuer,https://www.sedar.com/ModifyCompanyDocumentSearchForm.do?lang=EN&company_search=Winpak Ltd&document_selection=0&industry_group=A&FromDate=13&FromMonth=05&FromYear=2000&ToDate=13&ToMonth=11&ToYear=2020&Variable=Issuer,1620599906,18:38:26,20210509
42,2010-09-30,WPK.TO,USD,2010-09-30,2010-09-30,Q3,11926000.0,7035000.0,-159000.0,0.0,-1209000.0,-2337000.0,-2238000.0,0.0,0.0,419000.0,18012000.0,-7142000.0,0.0,0.0,0.0,0.0,-7231000.0,0.0,0.0,0.0,-1882000.0,-1960000.0,-3842000.0,515000.0,7454000.0,75481000.0,68027000.0,18012000.0,-7231000.0,10781000.0,https://www.sedar.com/ModifyCompanyDocumentSearchForm.do?lang=EN&company_search=Winpak Ltd&document_selection=0&industry_group=A&FromDate=13&FromMonth=05&FromYear=2000&ToDate=13&ToMonth=11&ToYear=2020&Variable=Issuer,https://www.sedar.com/ModifyCompanyDocumentSearchForm.do?lang=EN&company_search=Winpak Ltd&document_selection=0&industry_group=A&FromDate=13&FromMonth=05&FromYear=2000&ToDate=13&ToMonth=11&ToYear=2020&Variable=Issuer,1620599906,18:38:26,20210509
43,2010-06-30,WPK.TO,USD,2010-06-30,2010-06-30,Q2,14309000.0,6633000.0,-479000.0,0.0,4803000.0,-1815000.0,-457000.0,0.0,0.0,-1226000.0,24040000.0,-13395000.0,0.0,0.0,0.0,0.0,-13460000.0,0.0,0.0,0.0,-1899000.0,0.0,-1899000.0,-401000.0,8280000.0,68027000.0,59747000.0,24040000.0,-13460000.0,10580000.0,https://www.sedar.com/ModifyCompanyDocumentSearchForm.do?lang=EN&company_search=Winpak Ltd&document_selection=0&industry_group=A&FromDate=13&FromMonth=05&FromYear=2000&ToDate=13&ToMonth=11&ToYear=2020&Variable=Issuer,https://www.sedar.com/ModifyCompanyDocumentSearchForm.do?lang=EN&company_search=Winpak Ltd&document_selection=0&industry_group=A&FromDate=13&FromMonth=05&FromYear=2000&ToDate=13&ToMonth=11&ToYear=2020&Variable=Issuer,1620599906,18:38:26,20210509
44,2010-03-31,WPK.TO,USD,2010-03-31,2010-03-31,Q1,12256000.0,6766000.0,-646000.0,0.0,-13777000.0,-221000.0,-7244000.0,0.0,-2422000.0,1399000.0,5998000.0,-6457000.0,0.0,0.0,0.0,0.0,-6512000.0,0.0,0.0,0.0,-1857000.0,0.0,-1857000.0,954000.0,-1417000.0,59747000.0,61164000.0,5998000.0,-6512000.0,-514000.0,https://www.sedar.com/ModifyCompanyDocumentSearchForm.do?lang=EN&company_search=Winpak Ltd&document_selection=0&industry_group=A&FromDate=13&FromMonth=05&FromYear=2000&ToDate=13&ToMonth=11&ToYear=2020&Variable=Issuer,https://www.sedar.com/ModifyCompanyDocumentSearchForm.do?lang=EN&company_search=Winpak Ltd&document_selection=0&industry_group=A&FromDate=13&FromMonth=05&FromYear=2000&ToDate=13&ToMonth=11&ToYear=2020&Variable=Issuer,1620599906,18:38:26,20210509
45,2009-12-31,WPK.TO,USD,2009-12-31,2009-12-31,Q4,11445000.0,6824000.0,1511000.0,0.0,611000.0,-3572000.0,3515000.0,0.0,-2691000.0,1665000.0,22056000.0,-10869000.0,0.0,0.0,0.0,0.0,-11017000.0,0.0,0.0,0.0,-1786000.0,0.0,-1786000.0,1241000.0,10494000.0,61164000.0,50670000.0,22056000.0,-11017000.0,11039000.0,https://www.sedar.com/ModifyCompanyDocumentSearchForm.do?lang=EN&company_search=Winpak Ltd&document_selection=0&industry_group=A&FromDate=13&FromMonth=05&FromYear=2000&ToDate=13&ToMonth=11&ToYear=2020&Variable=Issuer,https://www.sedar.com/ModifyCompanyDocumentSearchForm.do?lang=EN&company_search=Winpak Ltd&document_selection=0&industry_group=A&FromDate=13&FromMonth=05&FromYear=2000&ToDate=13&ToMonth=11&ToYear=2020&Variable=Issuer,1620599906,18:38:26,20210509
46,2009-09-30,WPK.TO,USD,2009-09-30,2009-09-30,Q3,9889000.0,6680000.0,335000.0,0.0,-2946000.0,-542000.0,-1969000.0,0.0,-242000.0,917000.0,15434000.0,-4986000.0,0.0,0.0,0.0,0.0,-5065000.0,0.0,0.0,0.0,-1689000.0,0.0,-1689000.0,1095000.0,9775000.0,50670000.0,40895000.0,15434000.0,-5065000.0,10369000.0,https://www.sedar.com/ModifyCompanyDocumentSearchForm.do?lang=EN&company_search=Winpak Ltd&document_selection=0&industry_group=A&FromDate=13&FromMonth=05&FromYear=2000&ToDate=13&ToMonth=11&ToYear=2020&Variable=Issuer,https://www.sedar.com/ModifyCompanyDocumentSearchForm.do?lang=EN&company_search=Winpak Ltd&document_selection=0&industry_group=A&FromDate=13&FromMonth=05&FromYear=2000&ToDate=13&ToMonth=11&ToYear=2020&Variable=Issuer,1620599906,18:38:26,20210509
47,2009-06-30,WPK.TO,USD,2009-06-30,2009-06-30,Q2,11896000.0,6371000.0,-214000.0,0.0,4180000.0,1067000.0,-2227000.0,0.0,0.0,4266000.0,25940000.0,-3462000.0,0.0,0.0,0.0,0.0,-3575000.0,0.0,0.0,0.0,-1576000.0,0.0,-1576000.0,863000.0,21652000.0,40895000.0,19243000.0,25940000.0,-3575000.0,22365000.0,https://www.sedar.com/ModifyCompanyDocumentSearchForm.do?lang=EN&company_search=Winpak Ltd&document_selection=0&industry_group=A&FromDate=13&FromMonth=05&FromYear=2000&ToDate=13&ToMonth=11&ToYear=2020&Variable=Issuer,https://www.sedar.com/ModifyCompanyDocumentSearchForm.do?lang=EN&company_search=Winpak Ltd&document_selection=0&industry_group=A&FromDate=13&FromMonth=05&FromYear=2000&ToDate=13&ToMonth=11&ToYear=2020&Variable=Issuer,1620599906,18:38:26,20210509
48,2009-03-31,WPK.TO,USD,2009-03-31,2009-03-31,Q1,9661000.0,6121000.0,331000.0,0.0,5314000.0,1555000.0,3275000.0,0.0,0.0,-1522000.0,20464000.0,-2037000.0,0.0,0.0,0.0,0.0,-2141000.0,-17000000.0,0.0,0.0,-1613000.0,0.0,-18613000.0,-263000.0,-553000.0,19243000.0,19796000.0,20464000.0,-2141000.0,18323000.0,https://www.sedar.com/ModifyCompanyDocumentSearchForm.do?lang=EN&company_search=Winpak Ltd&document_selection=0&industry_group=A&FromDate=13&FromMonth=05&FromYear=2000&ToDate=13&ToMonth=11&ToYear=2020&Variable=Issuer,https://www.sedar.com/ModifyCompanyDocumentSearchForm.do?lang=EN&company_search=Winpak Ltd&document_selection=0&industry_group=A&FromDate=13&FromMonth=05&FromYear=2000&ToDate=13&ToMonth=11&ToYear=2020&Variable=Issuer,1620599906,18:38:26,20210509
49,2008-12-31,WPK.TO,USD,2008-12-31,2008-12-31,Q4,8882296.0,6109677.0,2375772.0,0.0,3720317.0,0.0,8404416.0,0.0,-1665634.0,-729076.0,24542140.0,-3247885.0,0.0,0.0,0.0,-235292.0,-3483177.0,0.0,0.0,0.0,-1887912.0,-348.0,-1887790.0,2732751.0,21904032.0,19796000.0,-2108032.0,24542140.0,-4262885.0,20279255.0,https://www.sedar.com/ModifyCompanyDocumentSearchForm.do?lang=EN&company_search=Winpak Ltd&document_selection=0&industry_group=A&FromDate=13&FromMonth=05&FromYear=2000&ToDate=13&ToMonth=11&ToYear=2020&Variable=Issuer,https://www.sedar.com/ModifyCompanyDocumentSearchForm.do?lang=EN&company_search=Winpak Ltd&document_selection=0&industry_group=A&FromDate=13&FromMonth=05&FromYear=2000&ToDate=13&ToMonth=11&ToYear=2020&Variable=Issuer,1620599906,18:38:26,20210509
50,2008-09-30,WPK.TO,USD,2008-09-30,2008-09-30,Q3,7288020.0,6564691.0,226542.0,0.0,-11022056.0,0.0,-6794559.0,0.0,-498978.0,1891537.0,4168415.0,-4332121.0,0.0,0.0,0.0,-779708.0,-5111829.0,0.0,0.0,0.0,-1930083.0,385.0,-1930659.0,208180.0,-2666153.0,-2108032.0,558121.0,4168415.0,-4332121.0,-163706.0,https://www.sedar.com/ModifyCompanyDocumentSearchForm.do?lang=EN&company_search=Winpak Ltd&document_selection=0&industry_group=A&FromDate=13&FromMonth=05&FromYear=2000&ToDate=13&ToMonth=11&ToYear=2020&Variable=Issuer,https://www.sedar.com/ModifyCompanyDocumentSearchForm.do?lang=EN&company_search=Winpak Ltd&document_selection=0&industry_group=A&FromDate=13&FromMonth=05&FromYear=2000&ToDate=13&ToMonth=11&ToYear=2020&Variable=Issuer,1620599906,18:38:26,20210509
51,2008-06-30,WPK.TO,USD,2008-06-30,2008-06-30,Q2,7230483.0,6376065.0,622043.0,0.0,-1431511.0,0.0,-5800573.0,0.0,-1137508.0,1100512.0,13264496.0,-3112231.0,0.0,0.0,0.0,0.0,-3112231.0,0.0,0.0,0.0,-1909087.0,-642.0,-1908752.0,-79282.0,8164809.0,558121.0,-7606688.0,13264496.0,-3112231.0,10152265.0,https://www.sedar.com/ModifyCompanyDocumentSearchForm.do?lang=EN&company_search=Winpak Ltd&document_selection=0&industry_group=A&FromDate=13&FromMonth=05&FromYear=2000&ToDate=13&ToMonth=11&ToYear=2020&Variable=Issuer,https://www.sedar.com/ModifyCompanyDocumentSearchForm.do?lang=EN&company_search=Winpak Ltd&document_selection=0&industry_group=A&FromDate=13&FromMonth=05&FromYear=2000&ToDate=13&ToMonth=11&ToYear=2020&Variable=Issuer,1620599906,18:38:26,20210509
52,2008-03-31,WPK.TO,USD,2008-03-31,2008-03-31,Q1,5951201.0,6356567.0,186643.0,0.0,-8440750.0,0.0,1159716.0,0.0,-2512880.0,-973.0,5297949.0,-4119763.0,0.0,0.0,0.0,0.0,-4119763.0,0.0,0.0,0.0,-1988918.0,2940605.0,-4048799.0,301351.0,-2569262.0,-7606688.0,-5037426.0,5297949.0,-4119763.0,1178186.0,https://www.sedar.com/ModifyCompanyDocumentSearchForm.do?lang=EN&company_search=Winpak Ltd&document_selection=0&industry_group=A&FromDate=13&FromMonth=05&FromYear=2000&ToDate=13&ToMonth=11&ToYear=2020&Variable=Issuer,https://www.sedar.com/ModifyCompanyDocumentSearchForm.do?lang=EN&company_search=Winpak Ltd&document_selection=0&industry_group=A&FromDate=13&FromMonth=05&FromYear=2000&ToDate=13&ToMonth=11&ToYear=2020&Variable=Issuer,1620599906,18:38:26,20210509
53,2007-12-31,WPK.TO,USD,2007-12-31,2007-12-31,Q4,6156944.0,6508247.0,-1559863.0,0.0,2132299.0,0.0,5120456.0,0.0,-5078.0,-2594083.0,14084433.0,-8202022.0,0.0,0.0,0.0,0.0,-8202022.0,0.0,0.0,0.0,-1959981.0,0.0,-1959981.0,-168777.0,3753747.0,-5036754.0,-8790501.0,14084433.0,-8202022.0,5882411.0,https://www.sedar.com/ModifyCompanyDocumentSearchForm.do?lang=EN&company_search=Winpak Ltd&document_selection=0&industry_group=A&FromDate=13&FromMonth=05&FromYear=2000&ToDate=13&ToMonth=11&ToYear=2020&Variable=Issuer,https://www.sedar.com/ModifyCompanyDocumentSearchForm.do?lang=EN&company_search=Winpak Ltd&document_selection=0&industry_group=A&FromDate=13&FromMonth=05&FromYear=2000&ToDate=13&ToMonth=11&ToYear=2020&Variable=Issuer,1620599906,18:38:26,20210509
54,2007-09-30,WPK.TO,USD,2007-09-30,2007-09-30,Q3,5073154.0,6217670.0,814488.0,0.0,-5561044.0,0.0,-278833.0,0.0,-3248335.0,884062.0,7524762.0,-6646480.0,0.0,0.0,0.0,0.0,-6646480.0,0.0,0.0,0.0,-1829984.0,0.0,-1829984.0,-684609.0,-1634469.0,-8790501.0,-7156032.0,7524762.0,-6646480.0,878282.0,https://www.sedar.com/ModifyCompanyDocumentSearchForm.do?lang=EN&company_search=Winpak Ltd&document_selection=0&industry_group=A&FromDate=13&FromMonth=05&FromYear=2000&ToDate=13&ToMonth=11&ToYear=2020&Variable=Issuer,https://www.sedar.com/ModifyCompanyDocumentSearchForm.do?lang=EN&company_search=Winpak Ltd&document_selection=0&industry_group=A&FromDate=13&FromMonth=05&FromYear=2000&ToDate=13&ToMonth=11&ToYear=2020&Variable=Issuer,1620599906,18:38:26,20210509
55,2007-06-30,WPK.TO,USD,2007-06-30,2007-06-30,Q2,5223878.0,5876599.0,-159802.0,0.0,4519635.0,0.0,4088259.0,0.0,-196361.0,0.0,16415178.0,-10098370.0,0.0,0.0,0.0,0.0,-10098370.0,0.0,0.0,0.0,-847450.0,0.0,-847450.0,-1102715.0,4364086.0,-7156032.0,-11520118.0,16415178.0,-10098370.0,6316808.0,https://www.sedar.com/ModifyCompanyDocumentSearchForm.do?lang=EN&company_search=Winpak Ltd&document_selection=0&industry_group=A&FromDate=13&FromMonth=05&FromYear=2000&ToDate=13&ToMonth=11&ToYear=2020&Variable=Issuer,https://www.sedar.com/ModifyCompanyDocumentSearchForm.do?lang=EN&company_search=Winpak Ltd&document_selection=0&industry_group=A&FromDate=13&FromMonth=05&FromYear=2000&ToDate=13&ToMonth=11&ToYear=2020&Variable=Issuer,1620599906,18:38:26,20210509
56,2007-03-31,WPK.TO,USD,2007-03-31,2007-03-31,Q1,7504336.0,5535033.0,631287.0,0.0,-16693548.0,0.0,-6488033.0,0.0,-3759973.0,0.0,-2154873.0,-11010232.0,0.0,0.0,0.0,0.0,-11010232.0,0.0,0.0,0.0,-833333.0,0.0,-833333.0,-515956.0,-14514395.0,-11520118.0,2994277.0,-2154873.0,-11010232.0,-13165105.0,https://www.sedar.com/ModifyCompanyDocumentSearchForm.do?lang=EN&company_search=Winpak Ltd&document_selection=0&industry_group=A&FromDate=13&FromMonth=05&FromYear=2000&ToDate=13&ToMonth=11&ToYear=2020&Variable=Issuer,https://www.sedar.com/ModifyCompanyDocumentSearchForm.do?lang=EN&company_search=Winpak Ltd&document_selection=0&industry_group=A&FromDate=13&FromMonth=05&FromYear=2000&ToDate=13&ToMonth=11&ToYear=2020&Variable=Issuer,1620599906,18:38:26,20210509
57,2006-12-31,WPK.TO,USD,2006-12-31,2006-12-31,Q4,6579050.0,5408883.0,-673487.0,0.0,11045708.0,0.0,728922.0,0.0,-197554.0,871144.0,23132763.0,-11877468.0,0.0,0.0,0.0,858.0,-11870970.0,0.0,0.0,0.0,-870338.0,-1754.0,-2871387.0,362369.0,8754291.0,2994248.0,-5760043.0,23132763.0,-11877468.0,11255295.0,https://www.sedar.com/ModifyCompanyDocumentSearchForm.do?lang=EN&company_search=Winpak Ltd&document_selection=0&industry_group=A&FromDate=13&FromMonth=05&FromYear=2000&ToDate=13&ToMonth=11&ToYear=2020&Variable=Issuer,https://www.sedar.com/ModifyCompanyDocumentSearchForm.do?lang=EN&company_search=Winpak Ltd&document_selection=0&industry_group=A&FromDate=13&FromMonth=05&FromYear=2000&ToDate=13&ToMonth=11&ToYear=2020&Variable=Issuer,1620599906,18:38:26,20210509
58,2006-09-30,WPK.TO,USD,2006-09-30,2006-09-30,Q3,7841153.0,5325832.0,-1551724.0,0.0,-5541349.0,0.0,-2197588.0,0.0,-2296069.0,2481169.0,7826205.0,-10505138.0,0.0,0.0,0.0,0.0,-10505130.0,0.0,0.0,0.0,-871717.0,-14999552.0,-15871269.0,-116284.0,-18666363.0,-5760043.0,12906320.0,7826205.0,-10505138.0,-2678933.0,https://www.sedar.com/ModifyCompanyDocumentSearchForm.do?lang=EN&company_search=Winpak Ltd&document_selection=0&industry_group=A&FromDate=13&FromMonth=05&FromYear=2000&ToDate=13&ToMonth=11&ToYear=2020&Variable=Issuer,https://www.sedar.com/ModifyCompanyDocumentSearchForm.do?lang=EN&company_search=Winpak Ltd&document_selection=0&industry_group=A&FromDate=13&FromMonth=05&FromYear=2000&ToDate=13&ToMonth=11&ToYear=2020&Variable=Issuer,1620599906,18:38:26,20210509
59,2006-06-30,WPK.TO,USD,2006-06-30,2006-06-30,Q2,11710835.0,5176444.0,754997.0,0.0,-3221670.0,0.0,-5268495.0,0.0,-308417.0,0.0,9746588.0,-9298483.0,0.0,0.0,0.0,-281751.0,-948230.0,0.0,0.0,0.0,-832720.0,0.0,-832720.0,-84527.0,7880200.0,12906320.0,5026120.0,9746588.0,-9298483.0,448105.0,https://www.sedar.com/ModifyCompanyDocumentSearchForm.do?lang=EN&company_search=Winpak Ltd&document_selection=0&industry_group=A&FromDate=13&FromMonth=05&FromYear=2000&ToDate=13&ToMonth=11&ToYear=2020&Variable=Issuer,https://www.sedar.com/ModifyCompanyDocumentSearchForm.do?lang=EN&company_search=Winpak Ltd&document_selection=0&industry_group=A&FromDate=13&FromMonth=05&FromYear=2000&ToDate=13&ToMonth=11&ToYear=2020&Variable=Issuer,1620599906,18:38:26,20210509
60,2006-03-31,WPK.TO,USD,2006-03-31,2006-03-31,Q1,6445149.0,4967886.0,-590049.0,0.0,-4248523.0,0.0,6743170.0,0.0,-1820674.0,0.0,7822215.0,-7250150.0,0.0,0.0,0.0,281751.0,-6968399.0,0.0,0.0,0.0,-840969.0,0.0,-840969.0,71080.0,83926.0,5026120.0,4942194.0,7822215.0,-7250150.0,572065.0,https://www.sedar.com/ModifyCompanyDocumentSearchForm.do?lang=EN&company_search=Winpak Ltd&document_selection=0&industry_group=A&FromDate=13&FromMonth=05&FromYear=2000&ToDate=13&ToMonth=11&ToYear=2020&Variable=Issuer,https://www.sedar.com/ModifyCompanyDocumentSearchForm.do?lang=EN&company_search=Winpak Ltd&document_selection=0&industry_group=A&FromDate=13&FromMonth=05&FromYear=2000&ToDate=13&ToMonth=11&ToYear=2020&Variable=Issuer,1620599906,18:38:26,20210509
61,2005-12-31,WPK.TO,USD,2005-12-31,2005-12-31,Q4,6191668.0,5037778.0,-2220722.0,0.0,901988.0,0.0,-3535949.0,0.0,0.0,2150665.0,13337910.0,-9210463.0,0.0,0.0,0.0,8852008.0,-6431636.0,0.0,0.0,0.0,-841546.0,1.0,-15841115.0,-137567.0,-9070959.0,4941955.0,14012914.0,13337910.0,-9210463.0,4127447.0,https://www.sedar.com/ModifyCompanyDocumentSearchForm.do?lang=EN&company_search=Winpak Ltd&document_selection=0&industry_group=A&FromDate=13&FromMonth=05&FromYear=2000&ToDate=13&ToMonth=11&ToYear=2020&Variable=Issuer,https://www.sedar.com/ModifyCompanyDocumentSearchForm.do?lang=EN&company_search=Winpak Ltd&document_selection=0&industry_group=A&FromDate=13&FromMonth=05&FromYear=2000&ToDate=13&ToMonth=11&ToYear=2020&Variable=Issuer,1620599906,18:38:26,20210509
62,2005-09-30,WPK.TO,USD,2005-09-30,2005-09-30,Q3,5321832.0,4996871.0,1472645.0,0.0,-417856.0,0.0,1204475.0,0.0,0.0,0.0,8944117.0,-5534200.0,0.0,0.0,0.0,0.0,-5534019.0,0.0,0.0,0.0,-792298.0,0.0,-792729.0,474138.0,3090639.0,14012914.0,10922275.0,8944117.0,-5534200.0,3409917.0,https://www.sedar.com/ModifyCompanyDocumentSearchForm.do?lang=EN&company_search=Winpak Ltd&document_selection=0&industry_group=A&FromDate=13&FromMonth=05&FromYear=2000&ToDate=13&ToMonth=11&ToYear=2020&Variable=Issuer,https://www.sedar.com/ModifyCompanyDocumentSearchForm.do?lang=EN&company_search=Winpak Ltd&document_selection=0&industry_group=A&FromDate=13&FromMonth=05&FromYear=2000&ToDate=13&ToMonth=11&ToYear=2020&Variable=Issuer,1620599906,18:38:26,20210509
63,2005-06-30,WPK.TO,USD,2005-06-30,2005-06-30,Q2,6306352.0,4841681.0,-2422609.0,0.0,695811.0,0.0,-639672.0,0.0,2.0,0.0,13995453.0,-3872594.0,0.0,0.0,0.0,0.0,2200406.0,0.0,0.0,0.0,-799417.0,0.0,-799417.0,401040.0,15797399.0,10922275.0,-4875124.0,13995453.0,-3872594.0,10122859.0,https://www.sedar.com/ModifyCompanyDocumentSearchForm.do?lang=EN&company_search=Winpak Ltd&document_selection=0&industry_group=A&FromDate=13&FromMonth=05&FromYear=2000&ToDate=13&ToMonth=11&ToYear=2020&Variable=Issuer,https://www.sedar.com/ModifyCompanyDocumentSearchForm.do?lang=EN&company_search=Winpak Ltd&document_selection=0&industry_group=A&FromDate=13&FromMonth=05&FromYear=2000&ToDate=13&ToMonth=11&ToYear=2020&Variable=Issuer,1620599906,18:38:26,20210509
64,2005-03-31,WPK.TO,USD,2005-03-31,2005-03-31,Q1,5306814.0,4852795.0,1291763.0,0.0,-15936156.0,0.0,-5597089.0,0.0,-1.0,-1632483.0,-4836255.0,-5702117.0,0.0,0.0,0.0,0.0,-5702117.0,0.0,0.0,0.0,-812934.0,0.0,-5812934.0,-177804.0,-16529110.0,-4875124.0,11653986.0,-4836255.0,-5702117.0,-10538372.0,https://www.sedar.com/ModifyCompanyDocumentSearchForm.do?lang=EN&company_search=Winpak Ltd&document_selection=0&industry_group=A&FromDate=13&FromMonth=05&FromYear=2000&ToDate=13&ToMonth=11&ToYear=2020&Variable=Issuer,https://www.sedar.com/ModifyCompanyDocumentSearchForm.do?lang=EN&company_search=Winpak Ltd&document_selection=0&industry_group=A&FromDate=13&FromMonth=05&FromYear=2000&ToDate=13&ToMonth=11&ToYear=2020&Variable=Issuer,1620599906,18:38:26,20210509
65,2004-12-31,WPK.TO,USD,2004-12-31,2004-12-31,Q4,7511097.0,4980987.0,309563.0,0.0,3647881.0,0.0,-4380647.0,0.0,0.0,2044646.0,16383017.0,-14297265.0,0.0,0.0,0.0,-1170931.0,-15468196.0,0.0,0.0,0.0,-762572.0,-1.0,3237765.0,0.0,5348249.0,11654305.0,6306056.0,16383017.0,-14297265.0,2085752.0,https://www.sedar.com/ModifyCompanyDocumentSearchForm.do?lang=EN&company_search=Winpak Ltd&document_selection=0&industry_group=A&FromDate=13&FromMonth=05&FromYear=2000&ToDate=13&ToMonth=11&ToYear=2020&Variable=Issuer,https://www.sedar.com/ModifyCompanyDocumentSearchForm.do?lang=EN&company_search=Winpak Ltd&document_selection=0&industry_group=A&FromDate=13&FromMonth=05&FromYear=2000&ToDate=13&ToMonth=11&ToYear=2020&Variable=Issuer,1620599906,18:38:26,20210509
66,2004-09-30,WPK.TO,USD,2004-09-30,2004-09-30,Q3,6429093.0,4782800.0,2741176.0,0.0,2526715.0,0.0,1489427.0,0.0,0.0,-2044561.0,14173557.0,-14334345.0,0.0,0.0,0.0,0.0,-14334345.0,0.0,0.0,0.0,-721677.0,0.0,278403.0,0.0,117043.0,6306056.0,6189013.0,14173557.0,-14334345.0,-160788.0,https://www.sedar.com/ModifyCompanyDocumentSearchForm.do?lang=EN&company_search=Winpak Ltd&document_selection=0&industry_group=A&FromDate=13&FromMonth=05&FromYear=2000&ToDate=13&ToMonth=11&ToYear=2020&Variable=Issuer,https://www.sedar.com/ModifyCompanyDocumentSearchForm.do?lang=EN&company_search=Winpak Ltd&document_selection=0&industry_group=A&FromDate=13&FromMonth=05&FromYear=2000&ToDate=13&ToMonth=11&ToYear=2020&Variable=Issuer,1620599906,18:38:26,20210509
67,2004-06-30,WPK.TO,USD,2004-06-30,2004-06-30,Q2,7272338.0,4602113.0,-122454.0,0.0,4866510.0,0.0,52022.0,0.0,0.0,198980.0,18610676.0,-10737504.0,0.0,0.0,0.0,0.0,-10737504.0,0.0,0.0,0.0,-739600.0,0.0,-739600.0,0.0,7133661.0,6189013.0,-944648.0,18610676.0,-10737504.0,7873172.0,https://www.sedar.com/ModifyCompanyDocumentSearchForm.do?lang=EN&company_search=Winpak Ltd&document_selection=0&industry_group=A&FromDate=13&FromMonth=05&FromYear=2000&ToDate=13&ToMonth=11&ToYear=2020&Variable=Issuer,https://www.sedar.com/ModifyCompanyDocumentSearchForm.do?lang=EN&company_search=Winpak Ltd&document_selection=0&industry_group=A&FromDate=13&FromMonth=05&FromYear=2000&ToDate=13&ToMonth=11&ToYear=2020&Variable=Issuer,1620599906,18:38:26,20210509
68,2004-03-31,WPK.TO,USD,2004-03-31,2004-03-31,Q1,4824642.0,4643184.0,722019.0,0.0,-7858341.0,0.0,-2397072.0,0.0,0.0,-198231.0,3382129.0,-5416285.0,0.0,0.0,0.0,0.0,-5416285.0,0.0,0.0,0.0,-755566.0,0.0,-755566.0,0.0,-2789723.0,-944648.0,1845075.0,3382129.0,-5416285.0,-2034156.0,https://www.sedar.com/ModifyCompanyDocumentSearchForm.do?lang=EN&company_search=Winpak Ltd&document_selection=0&industry_group=A&FromDate=13&FromMonth=05&FromYear=2000&ToDate=13&ToMonth=11&ToYear=2020&Variable=Issuer,https://www.sedar.com/ModifyCompanyDocumentSearchForm.do?lang=EN&company_search=Winpak Ltd&document_selection=0&industry_group=A&FromDate=13&FromMonth=05&FromYear=2000&ToDate=13&ToMonth=11&ToYear=2020&Variable=Issuer,1620599906,18:38:26,20210509
69,2003-12-31,WPK.TO,USD,2003-12-31,2003-12-31,Q4,9630515.0,5386384.0,3231988.0,0.0,-6151897.0,0.0,-1543335.0,0.0,0.0,0.0,13319308.0,-8859514.0,0.0,0.0,0.0,0.0,-8859514.0,0.0,0.0,0.0,-861936.0,0.0,-966104.0,0.0,3586543.0,1861512.0,-1725031.0,13319308.0,-8859514.0,4459794.0,https://www.sedar.com/ModifyCompanyDocumentSearchForm.do?lang=EN&company_search=Winpak Ltd&document_selection=0&industry_group=A&FromDate=13&FromMonth=05&FromYear=2000&ToDate=13&ToMonth=11&ToYear=2020&Variable=Issuer,https://www.sedar.com/ModifyCompanyDocumentSearchForm.do?lang=EN&company_search=Winpak Ltd&document_selection=0&industry_group=A&FromDate=13&FromMonth=05&FromYear=2000&ToDate=13&ToMonth=11&ToYear=2020&Variable=Issuer,1620599906,18:38:26,20210509
70,2003-09-30,WPK.TO,USD,2003-09-30,2003-09-30,Q3,4486037.0,4578306.0,1118718.0,0.0,-5021695.0,0.0,1121905.0,0.0,0.0,0.0,5838154.0,-5614533.0,0.0,0.0,0.0,0.0,-5614533.0,0.0,0.0,0.0,-721955.0,0.0,-722114.0,0.0,-498351.0,-1725031.0,-1226680.0,5838154.0,-5614533.0,223621.0,https://www.sedar.com/ModifyCompanyDocumentSearchForm.do?lang=EN&company_search=Winpak Ltd&document_selection=0&industry_group=A&FromDate=13&FromMonth=05&FromYear=2000&ToDate=13&ToMonth=11&ToYear=2020&Variable=Issuer,https://www.sedar.com/ModifyCompanyDocumentSearchForm.do?lang=EN&company_search=Winpak Ltd&document_selection=0&industry_group=A&FromDate=13&FromMonth=05&FromYear=2000&ToDate=13&ToMonth=11&ToYear=2020&Variable=Issuer,1620599906,18:38:26,20210509
71,2003-06-30,WPK.TO,USD,2003-06-30,2003-06-30,Q2,7415990.0,4921857.0,932929.0,0.0,443661.0,0.0,-811023.0,0.0,0.0,0.0,14514473.0,-9991808.0,0.0,0.0,0.0,0.0,-9991808.0,0.0,0.0,0.0,-779917.0,0.0,-2926793.0,0.0,1749972.0,-1226680.0,-2976652.0,14514473.0,-9991808.0,4522665.0,https://www.sedar.com/ModifyCompanyDocumentSearchForm.do?lang=EN&company_search=Winpak Ltd&document_selection=0&industry_group=A&FromDate=13&FromMonth=05&FromYear=2000&ToDate=13&ToMonth=11&ToYear=2020&Variable=Issuer,https://www.sedar.com/ModifyCompanyDocumentSearchForm.do?lang=EN&company_search=Winpak Ltd&document_selection=0&industry_group=A&FromDate=13&FromMonth=05&FromYear=2000&ToDate=13&ToMonth=11&ToYear=2020&Variable=Issuer,1620599906,18:38:26,20210509
72,2003-03-31,WPK.TO,USD,2003-03-31,2003-03-31,Q1,5490436.0,4255667.0,-412497.0,0.0,-8475938.0,0.0,-5608876.0,0.0,-1.0,0.0,1438296.0,-5510857.0,0.0,0.0,0.0,0.0,-5510857.0,0.0,0.0,0.0,-663672.0,0.0,-663672.0,0.0,-4736233.0,-2976652.0,1759581.0,1438296.0,-5510857.0,-4072561.0,https://www.sedar.com/ModifyCompanyDocumentSearchForm.do?lang=EN&company_search=Winpak Ltd&document_selection=0&industry_group=A&FromDate=13&FromMonth=05&FromYear=2000&ToDate=13&ToMonth=11&ToYear=2020&Variable=Issuer,https://www.sedar.com/ModifyCompanyDocumentSearchForm.do?lang=EN&company_search=Winpak Ltd&document_selection=0&industry_group=A&FromDate=13&FromMonth=05&FromYear=2000&ToDate=13&ToMonth=11&ToYear=2020&Variable=Issuer,1620599906,18:38:26,20210509
73,2002-12-31,WPK.TO,USD,2002-12-31,2002-12-31,Q4,7239985.0,4410907.0,1853656.0,0.0,-1530955.0,0.0,2863260.0,0.0,0.0,0.0,13058599.0,-4732299.0,0.0,0.0,0.0,1.0,-4956862.0,0.0,0.0,0.0,-425426.0,0.0,-4515574.0,0.0,3668708.0,1642626.0,-2026082.0,13058599.0,-4732299.0,8326300.0,https://www.sedar.com/ModifyCompanyDocumentSearchForm.do?lang=EN&company_search=Winpak Ltd&document_selection=0&industry_group=A&FromDate=13&FromMonth=05&FromYear=2000&ToDate=13&ToMonth=11&ToYear=2020&Variable=Issuer,https://www.sedar.com/ModifyCompanyDocumentSearchForm.do?lang=EN&company_search=Winpak Ltd&document_selection=0&industry_group=A&FromDate=13&FromMonth=05&FromYear=2000&ToDate=13&ToMonth=11&ToYear=2020&Variable=Issuer,1620599906,18:38:26,20210509
74,2002-09-30,WPK.TO,USD,2002-09-30,2002-09-30,Q3,6656853.0,2905580.0,25706.0,0.0,5355168.0,0.0,1920910.0,0.0,0.0,0.0,15447549.0,-2166312.0,0.0,0.0,0.0,-25985006.0,-28151318.0,0.0,0.0,0.0,-575335.0,0.0,12403882.0,0.0,-753727.0,-2026082.0,-1272355.0,15447549.0,-2166312.0,13281237.0,https://www.sedar.com/ModifyCompanyDocumentSearchForm.do?lang=EN&company_search=Winpak Ltd&document_selection=0&industry_group=A&FromDate=13&FromMonth=05&FromYear=2000&ToDate=13&ToMonth=11&ToYear=2020&Variable=Issuer,https://www.sedar.com/ModifyCompanyDocumentSearchForm.do?lang=EN&company_search=Winpak Ltd&document_selection=0&industry_group=A&FromDate=13&FromMonth=05&FromYear=2000&ToDate=13&ToMonth=11&ToYear=2020&Variable=Issuer,1620599906,18:38:26,20210509
75,2002-06-30,WPK.TO,USD,2002-06-30,2002-06-30,Q2,7906991.0,3525997.0,315308.0,0.0,2291818.0,0.0,-2515888.0,0.0,-3.0,2.0,14350425.0,-3170378.0,0.0,0.0,0.0,0.0,-3170378.0,0.0,0.0,0.0,-449958.0,0.0,-12246170.0,0.0,-576315.0,-1272355.0,-696040.0,14350425.0,-3170378.0,11180047.0,https://www.sedar.com/ModifyCompanyDocumentSearchForm.do?lang=EN&company_search=Winpak Ltd&document_selection=0&industry_group=A&FromDate=13&FromMonth=05&FromYear=2000&ToDate=13&ToMonth=11&ToYear=2020&Variable=Issuer,https://www.sedar.com/ModifyCompanyDocumentSearchForm.do?lang=EN&company_search=Winpak Ltd&document_selection=0&industry_group=A&FromDate=13&FromMonth=05&FromYear=2000&ToDate=13&ToMonth=11&ToYear=2020&Variable=Issuer,1620599906,18:38:26,20210509
76,2002-03-31,WPK.TO,USD,2002-03-31,2002-03-31,Q1,5698236.0,3306973.0,548547.0,0.0,-3989832.0,0.0,-734953.0,0.0,1.0,-1.0,5887152.0,-2988138.0,0.0,0.0,0.0,0.0,-2988138.0,0.0,0.0,0.0,-407958.0,0.0,-13110525.0,0.0,-10211511.0,-696040.0,9515471.0,5887152.0,-2988138.0,2899014.0,https://www.sedar.com/ModifyCompanyDocumentSearchForm.do?lang=EN&company_search=Winpak Ltd&document_selection=0&industry_group=A&FromDate=13&FromMonth=05&FromYear=2000&ToDate=13&ToMonth=11&ToYear=2020&Variable=Issuer,https://www.sedar.com/ModifyCompanyDocumentSearchForm.do?lang=EN&company_search=Winpak Ltd&document_selection=0&industry_group=A&FromDate=13&FromMonth=05&FromYear=2000&ToDate=13&ToMonth=11&ToYear=2020&Variable=Issuer,1620599906,18:38:26,20210509
77,2001-12-31,WPK.TO,USD,2001-12-31,2001-12-31,Q4,4771406.0,3687024.0,2496928.0,0.0,2552945.0,0.0,5054413.0,0.0,0.0,0.0,13588952.0,-5864220.0,0.0,0.0,0.0,0.0,-5864220.0,0.0,0.0,0.0,-397708.0,-1.0,-443216.0,0.0,7330661.0,9524438.0,2193777.0,13588952.0,-5864220.0,7724732.0,https://www.sedar.com/ModifyCompanyDocumentSearchForm.do?lang=EN&company_search=Winpak Ltd&document_selection=0&industry_group=A&FromDate=13&FromMonth=05&FromYear=2000&ToDate=13&ToMonth=11&ToYear=2020&Variable=Issuer,https://www.sedar.com/ModifyCompanyDocumentSearchForm.do?lang=EN&company_search=Winpak Ltd&document_selection=0&industry_group=A&FromDate=13&FromMonth=05&FromYear=2000&ToDate=13&ToMonth=11&ToYear=2020&Variable=Issuer,1620599906,18:38:26,20210509
78,2001-09-30,WPK.TO,USD,2001-09-30,2001-09-30,Q3,3048106.0,3247670.0,741918.0,0.0,9147574.0,0.0,1069846.0,0.0,-2.0,0.0,16544631.0,-8554146.0,0.0,0.0,0.0,0.0,-8554146.0,0.0,0.0,0.0,-376386.0,0.0,2698704.0,0.0,10935267.0,2193777.0,-8741490.0,16544631.0,-8554146.0,7990485.0,https://www.sedar.com/ModifyCompanyDocumentSearchForm.do?lang=EN&company_search=Winpak Ltd&document_selection=0&industry_group=A&FromDate=13&FromMonth=05&FromYear=2000&ToDate=13&ToMonth=11&ToYear=2020&Variable=Issuer,https://www.sedar.com/ModifyCompanyDocumentSearchForm.do?lang=EN&company_search=Winpak Ltd&document_selection=0&industry_group=A&FromDate=13&FromMonth=05&FromYear=2000&ToDate=13&ToMonth=11&ToYear=2020&Variable=Issuer,1620599906,18:38:26,20210509
79,2001-06-30,WPK.TO,USD,2001-06-30,2001-06-30,Q2,4664303.0,4087164.0,397559.0,0.0,1191907.0,0.0,691711.0,0.0,0.0,0.0,10654354.0,-9484050.0,0.0,0.0,0.0,0.0,-9484050.0,0.0,0.0,0.0,-446971.0,-1.0,2955194.0,0.0,3885215.0,-8741490.0,-12626705.0,10654354.0,-9484050.0,1170304.0,https://www.sedar.com/ModifyCompanyDocumentSearchForm.do?lang=EN&company_search=Winpak Ltd&document_selection=0&industry_group=A&FromDate=13&FromMonth=05&FromYear=2000&ToDate=13&ToMonth=11&ToYear=2020&Variable=Issuer,https://www.sedar.com/ModifyCompanyDocumentSearchForm.do?lang=EN&company_search=Winpak Ltd&document_selection=0&industry_group=A&FromDate=13&FromMonth=05&FromYear=2000&ToDate=13&ToMonth=11&ToYear=2020&Variable=Issuer,1620599906,18:38:26,20210509
80,2001-03-31,WPK.TO,USD,2001-03-31,2001-03-31,Q1,3154456.0,3686648.0,494767.0,0.0,-11710117.0,0.0,-4945132.0,0.0,1.0,-1.0,-4198541.0,-8701554.0,0.0,0.0,0.0,0.0,-8701554.0,0.0,0.0,0.0,-412306.0,1.0,5989217.0,0.0,-6910879.0,-12626705.0,-5715826.0,-4198541.0,-8701554.0,-12900095.0,https://www.sedar.com/ModifyCompanyDocumentSearchForm.do?lang=EN&company_search=Winpak Ltd&document_selection=0&industry_group=A&FromDate=13&FromMonth=05&FromYear=2000&ToDate=13&ToMonth=11&ToYear=2020&Variable=Issuer,https://www.sedar.com/ModifyCompanyDocumentSearchForm.do?lang=EN&company_search=Winpak Ltd&document_selection=0&industry_group=A&FromDate=13&FromMonth=05&FromYear=2000&ToDate=13&ToMonth=11&ToYear=2020&Variable=Issuer,1620599906,18:38:26,20210509
81,2000-12-31,WPK.TO,USD,2000-12-31,2000-12-31,Q4,4531359.0,3770397.0,1228835.0,0.0,1629547.0,0.0,721442.0,0.0,0.0,0.0,6079439.0,0.0,0.0,0.0,0.0,-7565.0,-7260660.0,0.0,0.0,0.0,-436072.0,974544.0,5877384.0,0.0,4686523.0,-6008134.0,-10694657.0,6079439.0,0.0,6079439.0,https://www.sedar.com/ModifyCompanyDocumentSearchForm.do?lang=EN&company_search=Winpak Ltd&document_selection=0&industry_group=A&FromDate=13&FromMonth=05&FromYear=2000&ToDate=13&ToMonth=11&ToYear=2020&Variable=Issuer,https://www.sedar.com/ModifyCompanyDocumentSearchForm.do?lang=EN&company_search=Winpak Ltd&document_selection=0&industry_group=A&FromDate=13&FromMonth=05&FromYear=2000&ToDate=13&ToMonth=11&ToYear=2020&Variable=Issuer,1620599906,18:38:26,20210509
82,2000-09-30,WPK.TO,USD,2000-09-30,2000-09-30,Q3,3375578.0,3401100.0,211087.0,0.0,1127487.0,0.0,0.0,0.0,0.0,0.0,8322436.0,0.0,0.0,0.0,0.0,-3659591.0,-12296164.0,0.0,0.0,0.0,-419114.0,252719.0,645423.0,0.0,-3329792.0,-10694657.0,-7364865.0,8322436.0,0.0,18457571.0,https://www.sedar.com/ModifyCompanyDocumentSearchForm.do?lang=EN&company_search=Winpak Ltd&document_selection=0&industry_group=A&FromDate=13&FromMonth=05&FromYear=2000&ToDate=13&ToMonth=11&ToYear=2020&Variable=Issuer,https://www.sedar.com/ModifyCompanyDocumentSearchForm.do?lang=EN&company_search=Winpak Ltd&document_selection=0&industry_group=A&FromDate=13&FromMonth=05&FromYear=2000&ToDate=13&ToMonth=11&ToYear=2020&Variable=Issuer,1620599906,18:38:26,20210509
83,2000-06-30,WPK.TO,USD,2000-06-30,2000-06-30,Q2,4876324.0,4044473.0,46527.0,0.0,-4723429.0,0.0,0.0,0.0,-4723429.0,0.0,3910266.0,-7652205.0,0.0,0.0,0.0,0.0,-7652205.0,0.0,0.0,0.0,-395586.0,-5612.0,6005097.0,0.0,2359944.0,-7364865.0,-9724809.0,3910266.0,-7652205.0,-3741939.0,https://www.sedar.com/ModifyCompanyDocumentSearchForm.do?lang=EN&company_search=Winpak Ltd&document_selection=0&industry_group=A&FromDate=13&FromMonth=05&FromYear=2000&ToDate=13&ToMonth=11&ToYear=2020&Variable=Issuer,https://www.sedar.com/ModifyCompanyDocumentSearchForm.do?lang=EN&company_search=Winpak Ltd&document_selection=0&industry_group=A&FromDate=13&FromMonth=05&FromYear=2000&ToDate=13&ToMonth=11&ToYear=2020&Variable=Issuer,1620599906,18:38:26,20210509
84,2000-03-31,WPK.TO,USD,2000-03-31,2000-03-31,Q1,2758811.0,3793365.0,1034554.0,0.0,-10276571.0,0.0,0.0,0.0,-10276571.0,0.0,-2896752.0,-2482930.0,0.0,0.0,0.0,0.0,-2482930.0,0.0,0.0,0.0,-482792.0,275882.0,413822.0,0.0,-4896890.0,-9724809.0,-4827919.0,-2896752.0,-2482930.0,-5379682.0,https://www.sedar.com/ModifyCompanyDocumentSearchForm.do?lang=EN&company_search=Winpak Ltd&document_selection=0&industry_group=A&FromDate=13&FromMonth=05&FromYear=2000&ToDate=13&ToMonth=11&ToYear=2020&Variable=Issuer,https://www.sedar.com/ModifyCompanyDocumentSearchForm.do?lang=EN&company_search=Winpak Ltd&document_selection=0&industry_group=A&FromDate=13&FromMonth=05&FromYear=2000&ToDate=13&ToMonth=11&ToYear=2020&Variable=Issuer,1620599906,18:38:26,20210509
85,1999-12-31,WPK.TO,USD,1999-12-31,1999-12-31,Q4,1115933.0,6027554.0,827523.0,0.0,-1574440.0,0.0,0.0,0.0,0.0,-206392.0,6257350.0,-4197533.0,0.0,0.0,0.0,0.0,-4197533.0,0.0,0.0,0.0,-434239.0,4008149.0,-196426.0,0.0,1771733.0,-4838598.0,-6610331.0,6257350.0,-4197533.0,2059817.0,https://www.sedar.com/ModifyCompanyDocumentSearchForm.do?lang=EN&company_search=Winpak Ltd&document_selection=0&industry_group=A&FromDate=13&FromMonth=05&FromYear=2000&ToDate=13&ToMonth=11&ToYear=2020&Variable=Issuer,https://www.sedar.com/ModifyCompanyDocumentSearchForm.do?lang=EN&company_search=Winpak Ltd&document_selection=0&industry_group=A&FromDate=13&FromMonth=05&FromYear=2000&ToDate=13&ToMonth=11&ToYear=2020&Variable=Issuer,1620599906,18:38:26,20210509
86,1999-09-30,WPK.TO,USD,1999-09-30,1999-09-30,Q3,3063168.0,3540300.0,68246.0,0.0,0.0,0.0,0.0,0.0,0.0,9067943.0,7016746.0,-3943560.0,0.0,0.0,0.0,0.0,-3943560.0,0.0,-1854.0,0.0,-476612.0,-68147.0,-959500.0,0.0,2184924.0,-6610331.0,-8795255.0,7016746.0,-3943560.0,3073186.0,https://www.sedar.com/ModifyCompanyDocumentSearchForm.do?lang=EN&company_search=Winpak Ltd&document_selection=0&industry_group=A&FromDate=13&FromMonth=05&FromYear=2000&ToDate=13&ToMonth=11&ToYear=2020&Variable=Issuer,https://www.sedar.com/ModifyCompanyDocumentSearchForm.do?lang=EN&company_search=Winpak Ltd&document_selection=0&industry_group=A&FromDate=13&FromMonth=05&FromYear=2000&ToDate=13&ToMonth=11&ToYear=2020&Variable=Issuer,1620599906,18:38:26,20210509
87,1999-06-30,WPK.TO,USD,1999-06-30,1999-06-30,Q2,4380417.0,3712146.0,0.0,0.0,0.0,0.0,0.0,0.0,0.0,-3766276.0,4121746.0,-9147610.0,0.0,0.0,0.0,0.0,-9147610.0,0.0,1170144.0,0.0,-422613.0,0.0,4430159.0,0.0,-845603.0,-8795255.0,-7949652.0,4121746.0,-9147610.0,-5025864.0,https://www.sedar.com/ModifyCompanyDocumentSearchForm.do?lang=EN&company_search=Winpak Ltd&document_selection=0&industry_group=A&FromDate=13&FromMonth=05&FromYear=2000&ToDate=13&ToMonth=11&ToYear=2020&Variable=Issuer,https://www.sedar.com/ModifyCompanyDocumentSearchForm.do?lang=EN&company_search=Winpak Ltd&document_selection=0&industry_group=A&FromDate=13&FromMonth=05&FromYear=2000&ToDate=13&ToMonth=11&ToYear=2020&Variable=Issuer,1620599906,18:38:26,20210509
88,1999-03-31,WPK.TO,USD,1999-03-31,1999-03-31,Q1,2914872.0,3378602.0,0.0,0.0,0.0,0.0,0.0,0.0,0.0,-5233520.0,1059954.0,-9738324.0,0.0,0.0,0.0,0.0,-9738324.0,0.0,2716131.0,0.0,-463730.0,66248.0,6955946.0,0.0,-1589930.0,-7949652.0,-6359722.0,1059954.0,-9738324.0,-8678370.0,https://www.sedar.com/ModifyCompanyDocumentSearchForm.do?lang=EN&company_search=Winpak Ltd&document_selection=0&industry_group=A&FromDate=13&FromMonth=05&FromYear=2000&ToDate=13&ToMonth=11&ToYear=2020&Variable=Issuer,https://www.sedar.com/ModifyCompanyDocumentSearchForm.do?lang=EN&company_search=Winpak Ltd&document_selection=0&industry_group=A&FromDate=13&FromMonth=05&FromYear=2000&ToDate=13&ToMonth=11&ToYear=2020&Variable=Issuer,1620599906,18:38:26,20210509
89,1998-12-31,WPK.TO,USD,1998-12-31,1998-12-31,Q4,3082363.0,3571700.0,-67576.0,0.0,0.0,0.0,0.0,0.0,0.0,0.0,5447397.0,-6598375.0,0.0,0.0,0.0,0.0,-6598375.0,0.0,0.0,0.0,-372762.0,1485141.0,-4995286.0,0.0,0.0,-6137347.0,0.0,5447397.0,-6598375.0,-1150978.0,https://www.sedar.com/ModifyCompanyDocumentSearchForm.do?lang=EN&company_search=Winpak Ltd&document_selection=0&industry_group=A&FromDate=13&FromMonth=05&FromYear=2000&ToDate=13&ToMonth=11&ToYear=2020&Variable=Issuer,https://www.sedar.com/ModifyCompanyDocumentSearchForm.do?lang=EN&company_search=Winpak Ltd&document_selection=0&industry_group=A&FromDate=13&FromMonth=05&FromYear=2000&ToDate=13&ToMonth=11&ToYear=2020&Variable=Issuer,1620599906,18:38:26,20210509
90,1998-09-30,WPK.TO,USD,1998-09-30,1998-09-30,Q3,2420867.0,3138014.0,125333.0,0.0,0.0,0.0,0.0,0.0,0.0,3753885.0,9307406.0,-6339346.0,0.0,0.0,0.0,0.0,-6339346.0,0.0,0.0,0.0,-422579.0,1241587.0,1829707.0,0.0,0.0,0.0,-4829932.0,9307406.0,-6339346.0,2968060.0,https://www.sedar.com/ModifyCompanyDocumentSearchForm.do?lang=EN&company_search=Winpak Ltd&document_selection=0&industry_group=A&FromDate=13&FromMonth=05&FromYear=2000&ToDate=13&ToMonth=11&ToYear=2020&Variable=Issuer,https://www.sedar.com/ModifyCompanyDocumentSearchForm.do?lang=EN&company_search=Winpak Ltd&document_selection=0&industry_group=A&FromDate=13&FromMonth=05&FromYear=2000&ToDate=13&ToMonth=11&ToYear=2020&Variable=Issuer,1620599906,18:38:26,20210509
91,1998-06-30,WPK.TO,USD,1998-06-30,1998-06-30,Q2,3065037.0,3073789.0,65557.0,0.0,0.0,0.0,0.0,0.0,0.0,-497507.0,5706876.0,-5208674.0,0.0,0.0,0.0,0.0,-5208674.0,0.0,0.0,0.0,-390875.0,0.0,140994.0,0.0,598337.0,-4829932.0,-5428269.0,5706876.0,-5208674.0,498202.0,https://www.sedar.com/ModifyCompanyDocumentSearchForm.do?lang=EN&company_search=Winpak Ltd&document_selection=0&industry_group=A&FromDate=13&FromMonth=05&FromYear=2000&ToDate=13&ToMonth=11&ToYear=2020&Variable=Issuer,https://www.sedar.com/ModifyCompanyDocumentSearchForm.do?lang=EN&company_search=Winpak Ltd&document_selection=0&industry_group=A&FromDate=13&FromMonth=05&FromYear=2000&ToDate=13&ToMonth=11&ToYear=2020&Variable=Issuer,1620599906,18:38:26,20210509
92,1998-03-31,WPK.TO,USD,1998-03-31,1998-03-31,Q1,1832922.0,3524850.0,70497.0,0.0,0.0,0.0,0.0,0.0,0.0,-5216778.0,211491.0,-4723299.0,0.0,0.0,0.0,0.0,-4723299.0,0.0,0.0,0.0,-493479.0,70497.0,-140994.0,0.0,-4582305.0,-5428269.0,-845964.0,211491.0,-4723299.0,-4511808.0,https://www.sedar.com/ModifyCompanyDocumentSearchForm.do?lang=EN&company_search=Winpak Ltd&document_selection=0&industry_group=A&FromDate=13&FromMonth=05&FromYear=2000&ToDate=13&ToMonth=11&ToYear=2020&Variable=Issuer,https://www.sedar.com/ModifyCompanyDocumentSearchForm.do?lang=EN&company_search=Winpak Ltd&document_selection=0&industry_group=A&FromDate=13&FromMonth=05&FromYear=2000&ToDate=13&ToMonth=11&ToYear=2020&Variable=Issuer,1620599906,18:38:26,20210509
93,1997-12-31,WPK.TO,USD,1997-12-31,1997-12-31,Q4,2459699.0,3145847.0,214767.0,0.0,0.0,0.0,0.0,0.0,0.0,3424008.0,9244321.0,-24166700.0,0.0,0.0,0.0,0.0,-24166700.0,0.0,0.0,0.0,-370697.0,-2451.0,15127339.0,0.0,174231.0,-839454.0,-1013685.0,9244321.0,-24166700.0,-14922379.0,https://www.sedar.com/ModifyCompanyDocumentSearchForm.do?lang=EN&company_search=Winpak Ltd&document_selection=0&industry_group=A&FromDate=13&FromMonth=05&FromYear=2000&ToDate=13&ToMonth=11&ToYear=2020&Variable=Issuer,https://www.sedar.com/ModifyCompanyDocumentSearchForm.do?lang=EN&company_search=Winpak Ltd&document_selection=0&industry_group=A&FromDate=13&FromMonth=05&FromYear=2000&ToDate=13&ToMonth=11&ToYear=2020&Variable=Issuer,1620599906,18:38:26,20210509
94,1997-09-30,WPK.TO,USD,1997-09-30,1997-09-30,Q3,2097593.0,2893095.0,84.0,0.0,0.0,0.0,0.0,0.0,0.0,2536814.0,7527586.0,-4847386.0,0.0,0.0,0.0,0.0,-4847386.0,0.0,0.0,0.0,-506297.0,0.0,-579290.0,0.0,2174028.0,-1013685.0,-3187713.0,7527586.0,-4847386.0,2680200.0,https://www.sedar.com/ModifyCompanyDocumentSearchForm.do?lang=EN&company_search=Winpak Ltd&document_selection=0&industry_group=A&FromDate=13&FromMonth=05&FromYear=2000&ToDate=13&ToMonth=11&ToYear=2020&Variable=Issuer,https://www.sedar.com/ModifyCompanyDocumentSearchForm.do?lang=EN&company_search=Winpak Ltd&document_selection=0&industry_group=A&FromDate=13&FromMonth=05&FromYear=2000&ToDate=13&ToMonth=11&ToYear=2020&Variable=Issuer,1620599906,18:38:26,20210509
95,1997-06-30,WPK.TO,USD,1997-06-30,1997-06-30,Q2,2034070.0,2761542.0,-72678.0,0.0,0.0,0.0,0.0,0.0,0.0,-1747501.0,2975433.0,-2259701.0,0.0,0.0,0.0,0.0,-2259701.0,0.0,0.0,0.0,-436299.0,-72218.0,-577512.0,0.0,134306.0,-3187713.0,-3322019.0,2975433.0,-2259701.0,715732.0,https://www.sedar.com/ModifyCompanyDocumentSearchForm.do?lang=EN&company_search=Winpak Ltd&document_selection=0&industry_group=A&FromDate=13&FromMonth=05&FromYear=2000&ToDate=13&ToMonth=11&ToYear=2020&Variable=Issuer,https://www.sedar.com/ModifyCompanyDocumentSearchForm.do?lang=EN&company_search=Winpak Ltd&document_selection=0&industry_group=A&FromDate=13&FromMonth=05&FromYear=2000&ToDate=13&ToMonth=11&ToYear=2020&Variable=Issuer,1620599906,18:38:26,20210509
96,1997-03-31,WPK.TO,USD,1997-03-31,1997-03-31,Q1,1733227.0,2672059.0,-72218.0,0.0,0.0,0.0,0.0,0.0,0.0,-2744276.0,1588792.0,-4333069.0,0.0,0.0,0.0,0.0,-4333069.0,0.0,0.0,0.0,-505525.0,72218.0,649960.0,0.0,-2166534.0,-3322019.0,-1155485.0,1588792.0,-4333069.0,-2744277.0,https://www.sedar.com/ModifyCompanyDocumentSearchForm.do?lang=EN&company_search=Winpak Ltd&document_selection=0&industry_group=A&FromDate=13&FromMonth=05&FromYear=2000&ToDate=13&ToMonth=11&ToYear=2020&Variable=Issuer,https://www.sedar.com/ModifyCompanyDocumentSearchForm.do?lang=EN&company_search=Winpak Ltd&document_selection=0&industry_group=A&FromDate=13&FromMonth=05&FromYear=2000&ToDate=13&ToMonth=11&ToYear=2020&Variable=Issuer,1620599906,18:38:26,20210509
97,1996-12-31,WPK.TO,USD,1996-12-31,1996-12-31,Q4,2951093.0,3002354.0,-365312.0,0.0,0.0,0.0,0.0,0.0,0.0,4320914.0,10204772.0,-3049274.0,0.0,0.0,0.0,0.0,-3049274.0,0.0,0.0,0.0,-428150.0,0.0,-6817679.0,0.0,374959.0,-1167457.0,-1542416.0,10204772.0,-3049274.0,7155498.0,https://www.sedar.com/ModifyCompanyDocumentSearchForm.do?lang=EN&company_search=Winpak Ltd&document_selection=0&industry_group=A&FromDate=13&FromMonth=05&FromYear=2000&ToDate=13&ToMonth=11&ToYear=2020&Variable=Issuer,https://www.sedar.com/ModifyCompanyDocumentSearchForm.do?lang=EN&company_search=Winpak Ltd&document_selection=0&industry_group=A&FromDate=13&FromMonth=05&FromYear=2000&ToDate=13&ToMonth=11&ToYear=2020&Variable=Issuer,1620599906,18:38:26,20210509
98,1996-09-30,WPK.TO,USD,1996-09-30,1996-09-30,Q3,1550559.0,3316035.0,220086.0,0.0,0.0,0.0,0.0,0.0,0.0,-1543967.0,3468360.0,-3249695.0,0.0,0.0,0.0,0.0,-3249695.0,0.0,0.0,0.0,-515819.0,0.0,-1091257.0,0.0,-955863.0,-1542416.0,-586553.0,3468360.0,-3249695.0,218665.0,https://www.sedar.com/ModifyCompanyDocumentSearchForm.do?lang=EN&company_search=Winpak Ltd&document_selection=0&industry_group=A&FromDate=13&FromMonth=05&FromYear=2000&ToDate=13&ToMonth=11&ToYear=2020&Variable=Issuer,https://www.sedar.com/ModifyCompanyDocumentSearchForm.do?lang=EN&company_search=Winpak Ltd&document_selection=0&industry_group=A&FromDate=13&FromMonth=05&FromYear=2000&ToDate=13&ToMonth=11&ToYear=2020&Variable=Issuer,1620599906,18:38:26,20210509
99,1996-06-30,WPK.TO,USD,1996-06-30,1996-06-30,Q2,2779925.0,3068983.0,-73071.0,0.0,0.0,0.0,0.0,0.0,0.0,-217724.0,5486283.0,-2687501.0,0.0,0.0,0.0,0.0,-2687501.0,0.0,0.0,0.0,-438178.0,-73567.0,-1785712.0,0.0,1179062.0,-586553.0,-1765615.0,5486283.0,-2687501.0,2798782.0,https://www.sedar.com/ModifyCompanyDocumentSearchForm.do?lang=EN&company_search=Winpak Ltd&document_selection=0&industry_group=A&FromDate=13&FromMonth=05&FromYear=2000&ToDate=13&ToMonth=11&ToYear=2020&Variable=Issuer,https://www.sedar.com/ModifyCompanyDocumentSearchForm.do?lang=EN&company_search=Winpak Ltd&document_selection=0&industry_group=A&FromDate=13&FromMonth=05&FromYear=2000&ToDate=13&ToMonth=11&ToYear=2020&Variable=Issuer,1620599906,18:38:26,20210509
100,1996-03-31,WPK.TO,USD,1996-03-31,1996-03-31,Q1,1839182.0,3089826.0,-73567.0,0.0,0.0,0.0,0.0,0.0,0.0,-662106.0,3751931.0,-7503862.0,0.0,0.0,0.0,0.0,-7503862.0,0.0,0.0,0.0,-514971.0,73567.0,7724564.0,0.0,3899065.0,-1765615.0,-5664680.0,3751931.0,-7503862.0,-3751931.0,https://www.sedar.com/ModifyCompanyDocumentSearchForm.do?lang=EN&company_search=Winpak Ltd&document_selection=0&industry_group=A&FromDate=13&FromMonth=05&FromYear=2000&ToDate=13&ToMonth=11&ToYear=2020&Variable=Issuer,https://www.sedar.com/ModifyCompanyDocumentSearchForm.do?lang=EN&company_search=Winpak Ltd&document_selection=0&industry_group=A&FromDate=13&FromMonth=05&FromYear=2000&ToDate=13&ToMonth=11&ToYear=2020&Variable=Issuer,1620599906,18:38:26,20210509
101,1995-12-31,WPK.TO,USD,1995-12-31,1995-12-31,Q4,1591060.0,2589096.0,75735.0,0.0,0.0,0.0,0.0,0.0,0.0,5727443.0,9763312.0,-4076573.0,0.0,0.0,0.0,733406.0,-3343167.0,0.0,0.0,0.0,-416100.0,-74538.0,-1464419.0,0.0,5086222.0,-5647231.0,-10733453.0,9763312.0,-4076573.0,5686739.0,https://www.sedar.com/ModifyCompanyDocumentSearchForm.do?lang=EN&company_search=Winpak Ltd&document_selection=0&industry_group=A&FromDate=13&FromMonth=05&FromYear=2000&ToDate=13&ToMonth=11&ToYear=2020&Variable=Issuer,https://www.sedar.com/ModifyCompanyDocumentSearchForm.do?lang=EN&company_search=Winpak Ltd&document_selection=0&industry_group=A&FromDate=13&FromMonth=05&FromYear=2000&ToDate=13&ToMonth=11&ToYear=2020&Variable=Issuer,1620599906,18:38:26,20210509
102,1995-09-30,WPK.TO,USD,1995-09-30,1995-09-30,Q3,11863029.0,14551938.0,-249076.0,0.0,0.0,0.0,0.0,0.0,0.0,-10294036.0,15771855.0,-19331604.0,0.0,0.0,0.0,0.0,-19331604.0,0.0,0.0,0.0,-2790757.0,74537.0,-1649076.0,0.0,-24233453.0,-10733453.0,13500000.0,15771855.0,0.0,4740251.0,https://www.sedar.com/ModifyCompanyDocumentSearchForm.do?lang=EN&company_search=Winpak Ltd&document_selection=0&industry_group=A&FromDate=13&FromMonth=05&FromYear=2000&ToDate=13&ToMonth=11&ToYear=2020&Variable=Issuer,https://www.sedar.com/ModifyCompanyDocumentSearchForm.do?lang=EN&company_search=Winpak Ltd&document_selection=0&industry_group=A&FromDate=13&FromMonth=05&FromYear=2000&ToDate=13&ToMonth=11&ToYear=2020&Variable=Issuer,1620599906,18:38:26,20210509
103,1995-06-30,WPK.TO,USD,1995-06-30,1995-06-30,Q2,-2900000.0,-3400000.0,0.0,0.0,0.0,0.0,0.0,0.0,0.0,2700000.0,-3500000.0,4600000.0,0.0,0.0,0.0,0.0,4600000.0,0.0,0.0,0.0,-600000.0,200000.0,800000.0,0.0,2000000.0,13500000.0,11500000.0,-3500000.0,0.0,-3500000.0,https://www.sedar.com/ModifyCompanyDocumentSearchForm.do?lang=EN&company_search=Winpak Ltd&document_selection=0&industry_group=A&FromDate=13&FromMonth=05&FromYear=2000&ToDate=13&ToMonth=11&ToYear=2020&Variable=Issuer,https://www.sedar.com/ModifyCompanyDocumentSearchForm.do?lang=EN&company_search=Winpak Ltd&document_selection=0&industry_group=A&FromDate=13&FromMonth=05&FromYear=2000&ToDate=13&ToMonth=11&ToYear=2020&Variable=Issuer,1620599906,18:38:26,20210509
104,1995-03-31,WPK.TO,USD,1995-03-31,1995-03-31,Q1,-3000000.0,-3400000.0,100000.0,0.0,0.0,0.0,0.0,0.0,0.0,2600000.0,-3700000.0,3700000.0,0.0,0.0,0.0,0.0,3700000.0,0.0,0.0,0.0,-700000.0,0.0,700000.0,0.0,600000.0,11500000.0,10900000.0,-3700000.0,0.0,-3700000.0,https://www.sedar.com/ModifyCompanyDocumentSearchForm.do?lang=EN&company_search=Winpak Ltd&document_selection=0&industry_group=A&FromDate=13&FromMonth=05&FromYear=2000&ToDate=13&ToMonth=11&ToYear=2020&Variable=Issuer,https://www.sedar.com/ModifyCompanyDocumentSearchForm.do?lang=EN&company_search=Winpak Ltd&document_selection=0&industry_group=A&FromDate=13&FromMonth=05&FromYear=2000&ToDate=13&ToMonth=11&ToYear=2020&Variable=Issuer,1620599906,18:38:26,20210509
105,1994-12-31,WPK.TO,USD,1994-12-31,1994-12-31,Q4,-3100000.0,-3300000.0,-1100000.0,0.0,0.0,0.0,0.0,0.0,0.0,6000000.0,-1500000.0,5000000.0,0.0,0.0,0.0,-1000000.0,4900000.0,0.0,0.0,0.0,-600000.0,0.0,800000.0,0.0,4200000.0,10900000.0,6700000.0,-1500000.0,0.0,-1500000.0,https://www.sedar.com/ModifyCompanyDocumentSearchForm.do?lang=EN&company_search=Winpak Ltd&document_selection=0&industry_group=A&FromDate=13&FromMonth=05&FromYear=2000&ToDate=13&ToMonth=11&ToYear=2020&Variable=Issuer,https://www.sedar.com/ModifyCompanyDocumentSearchForm.do?lang=EN&company_search=Winpak Ltd&document_selection=0&industry_group=A&FromDate=13&FromMonth=05&FromYear=2000&ToDate=13&ToMonth=11&ToYear=2020&Variable=Issuer,1620599906,18:38:26,20210509
106,1994-09-30,WPK.TO,USD,1994-09-30,1994-09-30,Q3,-2700000.0,-3300000.0,0.0,0.0,0.0,0.0,0.0,0.0,0.0,-1700000.0,-7800000.0,6100000.0,0.0,0.0,0.0,100000.0,5300000.0,0.0,0.0,0.0,-700000.0,0.0,100000.0,0.0,-2400000.0,6700000.0,9100000.0,-7800000.0,0.0,-7800000.0,https://www.sedar.com/ModifyCompanyDocumentSearchForm.do?lang=EN&company_search=Winpak Ltd&document_selection=0&industry_group=A&FromDate=13&FromMonth=05&FromYear=2000&ToDate=13&ToMonth=11&ToYear=2020&Variable=Issuer,https://www.sedar.com/ModifyCompanyDocumentSearchForm.do?lang=EN&company_search=Winpak Ltd&document_selection=0&industry_group=A&FromDate=13&FromMonth=05&FromYear=2000&ToDate=13&ToMonth=11&ToYear=2020&Variable=Issuer,1620599906,18:38:26,20210509
107,1994-06-30,WPK.TO,USD,1994-06-30,1994-06-30,Q2,-3000000.0,-3100000.0,0.0,0.0,0.0,0.0,0.0,0.0,0.0,3700000.0,-2200000.0,2200000.0,0.0,0.0,0.0,0.0,2200000.0,0.0,0.0,0.0,-600000.0,100000.0,2600000.0,0.0,2500000.0,9100000.0,6600000.0,-2200000.0,0.0,-2200000.0,https://www.sedar.com/ModifyCompanyDocumentSearchForm.do?lang=EN&company_search=Winpak Ltd&document_selection=0&industry_group=A&FromDate=13&FromMonth=05&FromYear=2000&ToDate=13&ToMonth=11&ToYear=2020&Variable=Issuer,https://www.sedar.com/ModifyCompanyDocumentSearchForm.do?lang=EN&company_search=Winpak Ltd&document_selection=0&industry_group=A&FromDate=13&FromMonth=05&FromYear=2000&ToDate=13&ToMonth=11&ToYear=2020&Variable=Issuer,1620599906,18:38:26,20210509
108,1994-03-31,WPK.TO,USD,1994-03-31,1994-03-31,Q1,-1900000.0,-3100000.0,-100000.0,0.0,0.0,0.0,0.0,0.0,0.0,-600000.0,-5700000.0,1500000.0,0.0,0.0,0.0,0.0,1500000.0,0.0,0.0,0.0,-700000.0,-100000.0,5000000.0,0.0,800000.0,6600000.0,5800000.0,-5700000.0,0.0,-5700000.0,https://www.sedar.com/ModifyCompanyDocumentSearchForm.do?lang=EN&company_search=Winpak Ltd&document_selection=0&industry_group=A&FromDate=13&FromMonth=05&FromYear=2000&ToDate=13&ToMonth=11&ToYear=2020&Variable=Issuer,https://www.sedar.com/ModifyCompanyDocumentSearchForm.do?lang=EN&company_search=Winpak Ltd&document_selection=0&industry_group=A&FromDate=13&FromMonth=05&FromYear=2000&ToDate=13&ToMonth=11&ToYear=2020&Variable=Issuer,1620599906,18:38:26,20210509
109,1993-12-31,WPK.TO,USD,1993-12-31,1993-12-31,Q4,-2300000.0,-3200000.0,-700000.0,0.0,0.0,0.0,0.0,0.0,0.0,4200000.0,-2300000.0,3000000.0,0.0,0.0,0.0,0.0,3000000.0,0.0,-1000000.0,0.0,-700000.0,-100000.0,700000.0,0.0,1500000.0,5800000.0,4300000.0,-2300000.0,0.0,-2300000.0,https://www.sedar.com/ModifyCompanyDocumentSearchForm.do?lang=EN&company_search=Winpak Ltd&document_selection=0&industry_group=A&FromDate=13&FromMonth=05&FromYear=2000&ToDate=13&ToMonth=11&ToYear=2020&Variable=Issuer,https://www.sedar.com/ModifyCompanyDocumentSearchForm.do?lang=EN&company_search=Winpak Ltd&document_selection=0&industry_group=A&FromDate=13&FromMonth=05&FromYear=2000&ToDate=13&ToMonth=11&ToYear=2020&Variable=Issuer,1620599906,18:38:26,20210509
110,1993-09-30,WPK.TO,USD,1993-09-30,1993-09-30,Q3,-2500000.0,-2900000.0,-300000.0,0.0,0.0,0.0,0.0,0.0,0.0,200000.0,-5500000.0,2600000.0,0.0,0.0,0.0,0.0,2600000.0,0.0,0.0,0.0,-600000.0,-17600000.0,2600000.0,0.0,-300000.0,4300000.0,4600000.0,-5500000.0,0.0,-5500000.0,https://www.sedar.com/ModifyCompanyDocumentSearchForm.do?lang=EN&company_search=Winpak Ltd&document_selection=0&industry_group=A&FromDate=13&FromMonth=05&FromYear=2000&ToDate=13&ToMonth=11&ToYear=2020&Variable=Issuer,https://www.sedar.com/ModifyCompanyDocumentSearchForm.do?lang=EN&company_search=Winpak Ltd&document_selection=0&industry_group=A&FromDate=13&FromMonth=05&FromYear=2000&ToDate=13&ToMonth=11&ToYear=2020&Variable=Issuer,1620599906,18:38:26,20210509
111,1993-06-30,WPK.TO,USD,1993-06-30,1993-06-30,Q2,-2400000.0,-2800000.0,-300000.0,0.0,0.0,0.0,0.0,0.0,0.0,2100000.0,-3400000.0,3200000.0,0.0,0.0,0.0,0.0,3200000.0,0.0,0.0,0.0,-600000.0,-100000.0,2800000.0,0.0,2700000.0,4600000.0,1900000.0,-3400000.0,0.0,-3400000.0,https://www.sedar.com/ModifyCompanyDocumentSearchForm.do?lang=EN&company_search=Winpak Ltd&document_selection=0&industry_group=A&FromDate=13&FromMonth=05&FromYear=2000&ToDate=13&ToMonth=11&ToYear=2020&Variable=Issuer,https://www.sedar.com/ModifyCompanyDocumentSearchForm.do?lang=EN&company_search=Winpak Ltd&document_selection=0&industry_group=A&FromDate=13&FromMonth=05&FromYear=2000&ToDate=13&ToMonth=11&ToYear=2020&Variable=Issuer,1620599906,18:38:26,20210509
112,1993-03-31,WPK.TO,USD,1993-03-31,1993-03-31,Q1,-1500000.0,-2800000.0,-200000.0,0.0,0.0,0.0,0.0,0.0,0.0,-500000.0,-4900000.0,59200000.0,0.0,0.0,0.0,0.0,59200000.0,0.0,0.0,0.0,-500000.0,100000.0,-54900000.0,0.0,-700000.0,1900000.0,2600000.0,-4900000.0,0.0,-4900000.0,https://www.sedar.com/ModifyCompanyDocumentSearchForm.do?lang=EN&company_search=Winpak Ltd&document_selection=0&industry_group=A&FromDate=13&FromMonth=05&FromYear=2000&ToDate=13&ToMonth=11&ToYear=2020&Variable=Issuer,https://www.sedar.com/ModifyCompanyDocumentSearchForm.do?lang=EN&company_search=Winpak Ltd&document_selection=0&industry_group=A&FromDate=13&FromMonth=05&FromYear=2000&ToDate=13&ToMonth=11&ToYear=2020&Variable=Issuer,1620599906,18:38:26,20210509
