,date,symbol,reportedCurrency,fillingDate,acceptedDate,period,netIncome,depreciationAndAmortization,deferredIncomeTax,stockBasedCompensation,changeInWorkingCapital,accountsReceivables,inventory,accountsPayables,otherWorkingCapital,otherNonCashItems,netCashProvidedByOperatingActivities,investmentsInPropertyPlantAndEquipment,acquisitionsNet,purchasesOfInvestments,salesMaturitiesOfInvestments,otherInvestingActivites,netCashUsedForInvestingActivites,debtRepayment,commonStockIssued,commonStockRepurchased,dividendsPaid,otherFinancingActivites,netCashUsedProvidedByFinancingActivities,effectOfForexChangesOnCash,netChangeInCash,cashAtEndOfPeriod,cashAtBeginningOfPeriod,operatingCashFlow,capitalExpenditure,freeCashFlow,link,finalLink,timestamp,est_time,est_date
0,2019-09-30,SNHN,USD,2019-09-30,2019-09-30,Q3,-25111000.0,72947000,0.0,0.0,102429000.0,0.0,0.0,0.0,-539538000.0,0.0,69796000,0.0,0.0,-259000.0,0.0,75659000.0,75400000.0,0.0,0.0,-259000.0,-35661000,-106993000.0,-142913000.0,0.0,1429000.0,49462000.0,48033000.0,69796000,0.0,69796000,,,1620598097,18:08:17,20210509
1,2019-06-30,SNHN,USD,2019-06-30,2019-06-30,Q2,-34394000.0,73888000,0.0,0.0,-456842000.0,0.0,0.0,0.0,-641967000.0,0.0,84359000,-49155000.0,0.0,-33000.0,0.0,-9138000.0,-58326000.0,0.0,0.0,-33000.0,-35659000,16073000.0,-19619000.0,0.0,8158000.0,48033000.0,39875000.0,84359000,-49155000.0,35204000,,,1620598097,18:08:17,20210509
2,2019-03-31,SNHN,USD,2019-03-31,2019-03-31,Q1,31504000.0,72357000,0.0,0.0,-243128000.0,0.0,0.0,0.0,-185125000.0,0.0,41515000,0.0,0.0,0.0,0.0,-43308000.0,-43308000.0,0.0,0.0,0.0,-92714000,79188000.0,-13526000.0,0.0,39875000.0,39875000.0,0.0,41515000,0.0,41515000,,,1620598097,18:08:17,20210509
3,2018-12-31,SNHN,USD,2018-12-31,2018-12-31,Q4,-113001000.0,72080000,0.0,2224000.0,205346000.0,0.0,0.0,0.0,58003000.0,0.0,106818000,0.0,0.0,-4000.0,0.0,-37848000.0,-37852000.0,0.0,0.0,-4000.0,-92715000,-62168000.0,-154887000.0,0.0,7319000.0,54976000.0,47657000.0,106818000,0.0,106818000,,,1620598097,18:08:17,20210509
4,2018-09-30,SNHN,USD,2018-09-30,2018-09-30,Q3,49987000.0,71794000,0.0,0.0,-114000000.0,0.0,0.0,0.0,-147343000.0,0.0,106898000,0.0,0.0,-317000.0,0.0,-24575000.0,-24892000.0,0.0,0.0,-317000.0,-92681000,27623000.0,-65375000.0,0.0,17000000.0,47657000.0,30657000.0,106898000,0.0,106898000,,,1620598097,18:08:17,20210509
5,2018-06-30,SNHN,USD,2018-06-30,2018-06-30,Q2,123587000.0,72426000,0.0,0.0,-17504000.0,0.0,0.0,0.0,-33343000.0,0.0,95090000,0.0,0.0,0.0,0.0,81486000.0,81486000.0,0.0,0.0,0.0,-92676000,2220000.0,-90456000.0,0.0,-8504000.0,30657000.0,39161000.0,95090000,0.0,95090000,,,1620598097,18:08:17,20210509
6,2018-03-31,SNHN,USD,2018-03-31,2018-03-31,Q1,237405000.0,70369000,0.0,0.0,386172000.0,0.0,0.0,0.0,-15839000.0,0.0,84034000,0.0,0.0,-90000.0,0.0,80439000.0,80349000.0,-4296000.0,0.0,-90000.0,-92674000,-61403000.0,-158463000.0,0.0,39161000.0,39161000.0,0.0,84034000,0.0,84034000,,,1620598097,18:08:17,20210509
7,2017-12-31,SNHN,USD,2017-12-31,2017-12-31,Q4,65000000.0,67244000,0.0,2155000.0,-95312000.0,0.0,0.0,0.0,-402011000.0,0.0,82660000,0.0,0.0,0.0,0.0,-97498000.0,-97498000.0,-9000.0,0.0,0.0,-92676000,109891000.0,17206000.0,0.0,2368000.0,31238000.0,28870000.0,82660000,0.0,82660000,,,1620598097,18:08:17,20210509
8,2017-09-30,SNHN,USD,2017-09-30,2017-09-30,Q3,34413000.0,66513000,0.0,0.0,-28169000.0,0.0,0.0,0.0,-306699000.0,0.0,122840000,0.0,0.0,-330000.0,0.0,-51394000.0,-51724000.0,-6836000.0,0.0,-330000.0,-92648000,30408000.0,-69406000.0,0.0,1710000.0,28870000.0,27160000.0,122840000,0.0,122840000,,,1620598097,18:08:17,20210509
9,2017-06-30,SNHN,USD,2017-06-30,2017-06-30,Q2,16042000.0,69694000,0.0,0.0,-344354000.0,0.0,0.0,0.0,-278530000.0,0.0,86772000,0.0,0.0,-11000.0,0.0,-27705000.0,-27716000.0,0.0,0.0,32261000.0,-92642000,-3787000.0,-64168000.0,0.0,-5112000.0,27160000.0,32272000.0,86772000,0.0,86772000,,,1620598097,18:08:17,20210509
10,2017-03-31,SNHN,USD,2017-03-31,2017-03-31,Q1,32281000.0,73343000,0.0,0.0,245463000.0,0.0,0.0,0.0,65824000.0,0.0,114778000,0.0,0.0,0.0,0.0,-44497000.0,-44497000.0,0.0,0.0,-32272000.0,-92642000,55156000.0,-69758000.0,0.0,523000.0,32272000.0,31749000.0,114778000,0.0,114778000,,,1620598097,18:08:17,20210509
11,2016-12-31,SNHN,USD,2016-12-31,2016-12-31,Q4,42886000.0,73204000,0.0,2195000.0,-105475000.0,0.0,0.0,0.0,-179639000.0,0.0,84411000,0.0,0.0,-36000.0,0.0,-61034000.0,-61070000.0,0.0,0.0,-36000.0,-92643000,60314000.0,-32365000.0,0.0,-9024000.0,31749000.0,40773000.0,84411000,0.0,84411000,,,1620598097,18:08:17,20210509
12,2016-09-30,SNHN,USD,2016-09-30,2016-09-30,Q3,27902000.0,72596000,0.0,0.0,567522000.0,0.0,0.0,0.0,-74164000.0,0.0,126225000,0.0,0.0,-416000.0,0.0,-4855000.0,-5271000.0,-3366000.0,0.0,25217000.0,-92618000,-35047000.0,-105814000.0,0.0,15140000.0,40773000.0,25633000.0,126225000,0.0,126225000,,,1620598097,18:08:17,20210509
13,2016-06-30,SNHN,USD,2016-06-30,2016-06-30,Q2,39235000.0,71494000,0.0,0.0,-185847000.0,0.0,0.0,0.0,-641686000.0,0.0,93360000,0.0,0.0,0.0,0.0,-180348000.0,-180348000.0,-133000.0,0.0,13566000.0,-92614000,152603000.0,73422000.0,0.0,-13566000.0,25633000.0,39199000.0,93360000,0.0,93360000,,,1620598097,18:08:17,20210509
14,2016-03-31,SNHN,USD,2016-03-31,2016-03-31,Q1,31272000.0,71325000,0.0,0.0,230033000.0,0.0,0.0,0.0,-455839000.0,0.0,122811000,0.0,0.0,0.0,0.0,-46180000.0,-46180000.0,-8517000.0,0.0,-39199000.0,-92614000,65242000.0,-75088000.0,0.0,1543000.0,39199000.0,37656000.0,122811000,0.0,122811000,,,1620598097,18:08:17,20210509
15,2015-12-31,SNHN,USD,2015-12-31,2015-12-31,Q4,9543000.0,72351000,0.0,1373000.0,-292609000.0,0.0,0.0,0.0,-685872000.0,0.0,84680000,0.0,0.0,-17286000.0,0.0,196000.0,-17090000.0,-173000.0,0.0,0.0,-92620000,1451000.0,-91342000.0,0.0,-23752000.0,37656000.0,61408000.0,84680000,0.0,84680000,,,1620598097,18:08:17,20210509
16,2015-09-30,SNHN,USD,2015-09-30,2015-09-30,Q3,38249000.0,70376000,0.0,0.0,149178000.0,0.0,0.0,0.0,-393263000.0,0.0,104306000,0.0,0.0,-212000.0,0.0,-48532000.0,-48744000.0,63673000.0,-6000.0,52019000.0,-92585000,-69486000.0,-46385000.0,0.0,9177000.0,61408000.0,52231000.0,104306000,0.0,104306000,,,1620598097,18:08:17,20210509
17,2015-06-30,SNHN,USD,2015-06-30,2015-06-30,Q2,36387000.0,62779000,0.0,0.0,-645676000.0,0.0,0.0,0.0,-542441000.0,0.0,112398000,539000000.0,0.0,0.0,0.0,-1165127000.0,-626127000.0,-65848000.0,-248000.0,25563000.0,-91655000,620354000.0,488166000.0,0.0,-25563000.0,52231000.0,77794000.0,112398000,539000000.0,651398000,,,1620598097,18:08:17,20210509
18,2015-03-31,SNHN,USD,2015-03-31,2015-03-31,Q1,39789000.0,54159000,0.0,0.0,131648000.0,0.0,0.0,0.0,103235000.0,0.0,104137000,-539000000.0,0.0,0.0,0.0,17866000.0,-521134000.0,-583000.0,659750000.0,-77794000.0,-79530000,-34646000.0,467197000.0,0.0,50200000.0,77794000.0,27594000.0,104137000,-539000000.0,-434863000,,,1620598097,18:08:17,20210509
19,2014-12-31,SNHN,USD,2014-12-31,2014-12-31,Q4,45287000.0,50657000,0.0,1914000.0,-118646000.0,0.0,0.0,0.0,-28413000.0,0.0,69378000,-46315000.0,0.0,0.0,0.0,-35422000.0,-81737000.0,0.0,-155000.0,53156000.0,-79515000,-14283000.0,-40797000.0,0.0,-53156000.0,27594000.0,80750000.0,69378000,-46315000.0,23063000,,,1620598097,18:08:17,20210509
20,2014-09-30,SNHN,USD,2014-09-30,2014-09-30,Q3,37114000.0,50509000,0.0,0.0,-3909000.0,0.0,0.0,0.0,90233000.0,0.0,102521000,0.0,0.0,0.0,0.0,-18688000.0,-18688000.0,-1000.0,98000.0,-1358000.0,-79469000,-1745000.0,-82475000.0,0.0,1358000.0,80750000.0,79392000.0,102521000,0.0,102521000,,,1620598097,18:08:17,20210509
21,2014-06-30,SNHN,USD,2014-06-30,2014-06-30,Q2,37656000.0,47689000,0.0,0.0,179018000.0,0.0,0.0,0.0,94142000.0,0.0,88885000,-1158078000.0,0.0,0.0,0.0,59230000.0,-1098848000.0,-4792000.0,322864000.0,-46425000.0,-73397000,858138000.0,1056388000.0,0.0,46425000.0,79392000.0,32967000.0,88885000,-1158078000.0,-1069193000,,,1620598097,18:08:17,20210509
22,2014-03-31,SNHN,USD,2014-03-31,2014-03-31,Q1,38580000.0,40533000,0.0,0.0,-53187000.0,0.0,0.0,0.0,-84876000.0,0.0,90117000,0.0,0.0,0.0,0.0,-64751000.0,-64751000.0,-3246000.0,0.0,-32967000.0,-73386000,77967000.0,-31632000.0,0.0,-6266000.0,32967000.0,39233000.0,90117000,0.0,90117000,,,1620598097,18:08:17,20210509
23,2013-12-31,SNHN,USD,2013-12-31,2013-12-31,Q4,72207000.0,40897000,0.0,1961000.0,13681000.0,0.0,0.0,0.0,-31689000.0,0.0,58523000,0.0,0.0,0.0,0.0,30022000.0,30022000.0,-74000.0,0.0,13025000.0,-73386000,-41135000.0,-101570000.0,0.0,-13025000.0,39233000.0,52258000.0,58523000,0.0,58523000,,,1620598097,18:08:17,20210509
24,2013-09-30,SNHN,USD,2013-09-30,2013-09-30,Q3,38124000.0,41825000,0.0,0.0,-52706000.0,0.0,0.0,0.0,-45370000.0,0.0,97248000,0.0,0.0,0.0,0.0,-84370000.0,-84370000.0,-3004000.0,0.0,-14922000.0,-73353000,93323000.0,2044000.0,0.0,14922000.0,52258000.0,37336000.0,97248000,0.0,97248000,,,1620598097,18:08:17,20210509
25,2013-06-30,SNHN,USD,2013-06-30,2013-06-30,Q2,5598000.0,40439000,0.0,0.0,-17977000.0,0.0,0.0,0.0,7336000.0,0.0,77236000,0.0,0.0,0.0,0.0,-22004000.0,-22004000.0,-27000.0,-46000.0,1653000.0,-73349000,14884000.0,-56885000.0,0.0,-44035000.0,37336000.0,81371000.0,77236000,0.0,77236000,,,1620598097,18:08:17,20210509
26,2013-03-31,SNHN,USD,2013-03-31,2013-03-31,Q1,35235000.0,40362000,0.0,0.0,147754000.0,0.0,0.0,0.0,25313000.0,0.0,73696000,0.0,0.0,0.0,0.0,-76671000.0,-76671000.0,-221000.0,261859000.0,-38989000.0,-68857000,-154210000.0,-418000.0,0.0,38989000.0,38989000.0,0.0,73696000,0.0,73696000,,,1620598097,18:08:17,20210509
27,2012-12-31,SNHN,USD,2012-12-31,2012-12-31,Q4,44636000.0,38653000,0.0,1827000.0,-88426000.0,0.0,0.0,0.0,-122441000.0,0.0,44290000,0.0,0.0,0.0,0.0,-81486000.0,-81486000.0,-422000.0,0.0,-21397000.0,-68857000,149269000.0,58593000.0,0.0,21397000.0,42382000.0,20985000.0,44290000,0.0,44290000,,,1620598097,18:08:17,20210509
28,2012-09-30,SNHN,USD,2012-09-30,2012-09-30,Q3,25645000.0,38266000,0.0,0.0,305580000.0,0.0,0.0,0.0,-34015000.0,0.0,92483000,0.0,0.0,0.0,0.0,-140491000.0,-140491000.0,-11892000.0,287052000.0,-580000.0,-67061000,-158931000.0,48588000.0,0.0,580000.0,20985000.0,20405000.0,92483000,0.0,92483000,,,1620598097,18:08:17,20210509
29,2012-06-30,SNHN,USD,2012-06-30,2012-06-30,Q2,33251000.0,35983000,0.0,0.0,-99897000.0,0.0,0.0,0.0,-339595000.0,0.0,74155000,0.0,0.0,0.0,0.0,-73032000.0,-73032000.0,-225000.0,0.0,4897000.0,-61813000,51121000.0,-6020000.0,0.0,-4897000.0,20405000.0,25302000.0,74155000,0.0,74155000,,,1620598097,18:08:17,20210509
30,2012-03-31,SNHN,USD,2012-03-31,2012-03-31,Q1,32352000.0,35478000,0.0,0.0,-276570000.0,0.0,0.0,0.0,-239698000.0,0.0,72374000,0.0,0.0,0.0,0.0,-32850000.0,-32850000.0,-69000.0,0.0,-25302000.0,-61806000,49395000.0,-37782000.0,0.0,25302000.0,25302000.0,0.0,72374000,0.0,72374000,,,1620598097,18:08:17,20210509
31,2011-12-31,SNHN,USD,2011-12-31,2011-12-31,Q4,38600000.0,33187000,0.0,1659000.0,220027000.0,0.0,0.0,0.0,36872000.0,0.0,83589000,0.0,0.0,0.0,0.0,-287875000.0,-287875000.0,-3887000.0,184734000.0,3285000.0,-61805000,78674000.0,201001000.0,0.0,-3285000.0,23560000.0,26845000.0,83589000,0.0,83589000,,,1620598097,18:08:17,20210509
32,2011-09-30,SNHN,USD,2011-09-30,2011-09-30,Q3,29996000.0,29983000,0.0,0.0,-27237000.0,0.0,0.0,0.0,-183155000.0,0.0,38787000,0.0,0.0,0.0,0.0,-254137000.0,-254137000.0,-269000.0,247602000.0,1237000.0,-56748000,22291000.0,214113000.0,0.0,9629000.0,26845000.0,17216000.0,38787000,0.0,38787000,,,1620598097,18:08:17,20210509
33,2011-06-30,SNHN,USD,2011-06-30,2011-06-30,Q2,51048000.0,27853000,0.0,0.0,-145728000.0,0.0,0.0,0.0,-155918000.0,0.0,68122000,0.0,0.0,0.0,0.0,-151545000.0,-151545000.0,-7627000.0,-103000.0,-13272000.0,-52490000,170187000.0,96695000.0,0.0,13272000.0,28082000.0,14810000.0,68122000,0.0,68122000,,,1620598097,18:08:17,20210509
34,2011-03-31,SNHN,USD,2011-03-31,2011-03-31,Q1,31775000.0,27216000,0.0,0.0,77695000.0,0.0,0.0,0.0,-10190000.0,0.0,65061000,0.0,0.0,0.0,0.0,-148525000.0,-148525000.0,-1977000.0,0.0,-14810000.0,-52486000,156681000.0,87408000.0,0.0,3944000.0,14810000.0,10866000.0,65061000,0.0,65061000,,,1620598097,18:08:17,20210509
35,2010-12-31,SNHN,USD,2010-12-31,2010-12-31,Q4,33864000.0,24055000,0.0,0.0,-84398000.0,0.0,0.0,0.0,-87885000.0,0.0,53894000,0.0,0.0,0.0,0.0,-399306000.0,-399306000.0,-3340000.0,281986000.0,-2353000.0,-47168000,118640000.0,347765000.0,0.0,2353000.0,10866000.0,8513000.0,53894000,0.0,53894000,,,1620598097,18:08:17,20210509
36,2010-09-30,SNHN,USD,2010-09-30,2010-09-30,Q3,28078000.0,23376000,0.0,0.0,-28717000.0,0.0,0.0,0.0,-3487000.0,0.0,54709000,0.0,0.0,0.0,0.0,-35428000.0,-35428000.0,-69000.0,0.0,16717000.0,-45868000,-6778000.0,-35998000.0,0.0,-16717000.0,8513000.0,25230000.0,54709000,0.0,54709000,,,1620598097,18:08:17,20210509
37,2010-06-30,SNHN,USD,2010-06-30,2010-06-30,Q2,63898592.0,46327108,0.0,-233992.0,0.0,0.0,0.0,-1509729.0,25230000.0,0.0,111568288,0.0,0.0,0.0,0.0,-31338500.0,-31338500.0,-1252000.0,0.0,-18678207.0,-91721000,48571268.0,-63079939.0,18075.0,17167924.0,25230000.0,8062076.0,111568288,0.0,111568288,,,1620598097,18:08:17,20210509
