,date,symbol,reportedCurrency,fillingDate,acceptedDate,period,netIncome,depreciationAndAmortization,deferredIncomeTax,stockBasedCompensation,changeInWorkingCapital,accountsReceivables,inventory,accountsPayables,otherWorkingCapital,otherNonCashItems,netCashProvidedByOperatingActivities,investmentsInPropertyPlantAndEquipment,acquisitionsNet,purchasesOfInvestments,salesMaturitiesOfInvestments,otherInvestingActivites,netCashUsedForInvestingActivites,debtRepayment,commonStockIssued,commonStockRepurchased,dividendsPaid,otherFinancingActivites,netCashUsedProvidedByFinancingActivities,effectOfForexChangesOnCash,netChangeInCash,cashAtEndOfPeriod,cashAtBeginningOfPeriod,operatingCashFlow,capitalExpenditure,freeCashFlow,link,finalLink,timestamp,est_time,est_date
0,2016-03-31,CHEV,USD,2016-05-06 00:00:00,2016-05-06 10:28:44,Q1,4000.0,240000.0,158000.0,0.0,22213000.0,-32000.0,0.0,-356000.0,112155000.0,0.0,462000.0,-2000.0,0.0,-17613000.0,15000000.0,6061000.0,6059000.0,0.0,0.0,0.0,-681000.0,-9506000.0,-10187000.0,0.0,-3666000.0,39339000,43005000,462000.0,-2000.0,460000.0,https://www.sec.gov/Archives/edgar/data/1528843/000157104916014925/0001571049-16-014925-index.html,https://www.sec.gov/Archives/edgar/data/1528843/000157104916014925/t1600265_10q.htm,1620590231,15:57:11,20210509
1,2015-12-31,CHEV,USD,2016-03-11 00:00:00,2016-03-11 14:38:23,Q4,2200000.0,632000.0,-589000.0,25000.0,-55482000.0,34000.0,0.0,1109000.0,89942000.0,0.0,5684000.0,-484000.0,0.0,-1441000.0,-61965000.0,34857000.0,32932000.0,0.0,-544000.0,-1441000.0,-399000.0,-26439000.0,-28823000.0,0.0,9793000.0,43005000,33212000,5684000.0,-484000.0,5200000.0,https://www.sec.gov/Archives/edgar/data/1528843/000157104916012941/0001571049-16-012941-index.html,https://www.sec.gov/Archives/edgar/data/1528843/000157104916012941/t1600127_10k.htm,1620590231,15:57:11,20210509
2,2015-09-30,CHEV,USD,2015-11-09 00:00:00,2015-11-09 14:10:53,Q3,330000.0,221000.0,-102000.0,0.0,-11964000.0,-4000.0,0.0,-1162000.0,145424000.0,0.0,-117000.0,-20000.0,0.0,-5000000.0,26280000.0,11384000.0,11364000.0,0.0,0.0,0.0,-681000.0,-4048000.0,-4729000.0,0.0,6518000.0,52973000,46455000,-117000.0,-20000.0,-137000.0,https://www.sec.gov/Archives/edgar/data/1528843/000157104915009006/0001571049-15-009006-index.html,https://www.sec.gov/Archives/edgar/data/1528843/000157104915009006/t83460_10q.htm,1620590231,15:57:11,20210509
3,2015-06-30,CHEV,USD,2015-08-07 00:00:00,2015-08-07 10:06:22,Q2,548000.0,306000.0,-266000.0,0.0,-10213000.0,-33000.0,0.0,1539000.0,157388000.0,0.0,999000.0,-98000.0,0.0,0.0,20685000.0,5595000.0,5497000.0,0.0,490000.0,0.0,-679000.0,7595000.0,7406000.0,0.0,13902000.0,46455000,32553000,999000.0,-98000.0,901000.0,https://www.sec.gov/Archives/edgar/data/1528843/000157104915006386/0001571049-15-006386-index.html,https://www.sec.gov/Archives/edgar/data/1528843/000157104915006386/t82870_10q.htm,1620590231,15:57:11,20210509
4,2015-03-31,CHEV,USD,2015-05-07 00:00:00,2015-05-07 14:25:49,Q1,1000.0,219000.0,-22000.0,0.0,40198000.0,3000.0,0.0,-980000.0,167601000.0,0.0,-1096000.0,-56000.0,0.0,-24996000.0,15000000.0,-9983000.0,-10039000.0,0.0,45000.0,0.0,-608000.0,1812000.0,1249000.0,0.0,-9886000.0,32553000,42439000,-1096000.0,-56000.0,-1152000.0,https://www.sec.gov/Archives/edgar/data/1528843/000157104915003769/0001571049-15-003769-index.html,https://www.sec.gov/Archives/edgar/data/1528843/000157104915003769/t82207_10q.htm,1620590231,15:57:11,20210509
5,2014-12-31,CHEV,USD,2015-03-12,2015-03-12 15:26:26,Q4,-811000.0,1182000.0,325000.0,37000.0,112358000.0,-127000.0,0.0,-1579000.0,127403000.0,0.0,3805000.0,-1188000.0,0.0,-7131000.0,-30000000.0,23047000.0,14728000.0,0.0,0.0,-7131000.0,-612000.0,-7978000.0,-15721000.0,0.0,2812000.0,42439000,39627000,3805000.0,-1188000.0,2617000.0,https://www.sec.gov/Archives/edgar/data/1528843/000157104915001868/0001571049-15-001868-index.htm,https://www.sec.gov/Archives/edgar/data/1528843/000157104915001868/t81688_10k.htm,1620590231,15:57:11,20210509
6,2014-09-30,CHEV,USD,2014-11-12 00:00:00,2014-11-12 12:45:54,Q3,901000.0,319000.0,-438000.0,0.0,-22460000.0,14000.0,0.0,-453000.0,15045000.0,0.0,1064000.0,-13000.0,0.0,0.0,0.0,-15157000.0,-15170000.0,0.0,0.0,0.0,-603000.0,-8050000.0,-8653000.0,0.0,-22759000.0,16298000,39057000,1064000.0,-13000.0,1051000.0,https://www.sec.gov/Archives/edgar/data/1528843/000157104914006172/0001571049-14-006172-index.html,https://www.sec.gov/Archives/edgar/data/1528843/000157104914006172/t80660_10q.htm,1620590231,15:57:11,20210509
7,2014-06-30,CHEV,USD,2014-08-12 00:00:00,2014-08-12 16:24:29,Q2,527000.0,425000.0,-59000.0,0.0,-920000.0,58000.0,0.0,-57000.0,37505000.0,0.0,183000.0,-19000.0,0.0,-1022000.0,15000000.0,6454000.0,5413000.0,0.0,0.0,-1022000.0,-610000.0,-4723000.0,-6355000.0,0.0,-759000.0,39057000,39816000,183000.0,-19000.0,164000.0,https://www.sec.gov/Archives/edgar/data/1528843/000157104914003919/0001571049-14-003919-index.html,https://www.sec.gov/Archives/edgar/data/1528843/000157104914003919/t79929_10q.htm,1620590231,15:57:11,20210509
8,2014-03-31,CHEV,USD,2014-05-14 00:00:00,2014-05-14 09:14:16,Q1,815000.0,259000.0,-346000.0,0.0,33005000.0,55000.0,0.0,397000.0,38425000.0,0.0,1877000.0,-9000.0,0.0,-428000.0,15000000.0,22200000.0,21763000.0,0.0,0.0,-428000.0,-612000.0,-4896000.0,-5936000.0,0.0,17704000.0,39816000,22112000,1877000.0,-9000.0,1868000.0,https://www.sec.gov/Archives/edgar/data/1528843/000157104914001821/0001571049-14-001821-index.html,https://www.sec.gov/Archives/edgar/data/1528843/000157104914001821/t79231_10q.htm,1620590231,15:57:11,20210509
9,2013-12-31,CHEV,USD,2014-03-11,2014-03-11 16:46:39,Q4,2278000.0,766000.0,-119000.0,36000.0,-9621000.0,-94000.0,0.0,3623000.0,5420000.0,0.0,8337000.0,-1845000.0,-20728000.0,8560000.0,0.0,-70149000.0,-63434000.0,0.0,0.0,8560000.0,-454000.0,36206000.0,44312000.0,0.0,-10785000.0,22112000,32897000,8337000.0,-1845000.0,6492000.0,https://www.sec.gov/Archives/edgar/data/1528843/000118811214000653/0001188112-14-000653-index.htm,https://www.sec.gov/Archives/edgar/data/1528843/000118811214000653/t78478_10k.htm,1620590231,15:57:11,20210509
10,2013-09-30,CHEV,USD,2013-11-12 00:00:00,2013-11-12 14:46:55,Q3,21000.0,1353000.0,-93000.0,0.0,-13244000.0,29000.0,0.0,265000.0,15041000.0,0.0,-6024000.0,-107000.0,0.0,0.0,0.0,69000.0,-38000.0,0.0,0.0,8560000.0,-615000.0,-6106000.0,-6721000.0,0.0,-12783000.0,15873000,28656000,-6024000.0,-107000.0,-6131000.0,https://www.sec.gov/Archives/edgar/data/1528843/000118811213003332/0001188112-13-003332-index.html,https://www.sec.gov/Archives/edgar/data/1528843/000118811213003332/t77742_10q.htm,1620590231,15:57:11,20210509
11,2013-06-30,CHEV,USD,2013-08-12 00:00:00,2013-08-12 15:06:37,Q2,265000.0,154000.0,-149000.0,0.0,-20096000.0,28000.0,0.0,4000.0,28285000.0,0.0,2856000.0,-505000.0,0.0,-6011000.0,45000000.0,683000.0,-5833000.0,0.0,0.0,-6011000.0,-619000.0,-10325000.0,-16955000.0,0.0,-19932000.0,28656000,48588000,2856000.0,-505000.0,2351000.0,https://www.sec.gov/Archives/edgar/data/1528843/000118811213002387/0001188112-13-002387-index.html,https://www.sec.gov/Archives/edgar/data/1528843/000118811213002387/t77081_10q.htm,1620590231,15:57:11,20210509
12,2013-03-31,CHEV,USD,2013-05-10 00:00:00,2013-05-10 09:01:37,Q1,791000.0,-83000.0,-335000.0,0.0,35446000.0,37000.0,0.0,-1774000.0,48381000.0,0.0,2006000.0,-599000.0,0.0,-2549000.0,61175000.0,34918000.0,31770000.0,0.0,0.0,-2549000.0,-663000.0,-7090000.0,-10302000.0,0.0,23474000.0,48588000,25114000,2006000.0,-599000.0,1407000.0,https://www.sec.gov/Archives/edgar/data/1528843/000118811213001451/0001188112-13-001451-index.html,https://www.sec.gov/Archives/edgar/data/1528843/000118811213001451/t76428_10q.htm,1620590231,15:57:11,20210509
13,2012-12-31,CHEV,USD,2013-03-12 00:00:00,2013-03-12 17:28:38,Q4,777000.0,-461000.0,-673000.0,34000.0,-23607000.0,-208000.0,0.0,-1425000.0,12935000.0,0.0,2752000.0,571000.0,-4200000.0,1496000.0,13000000.0,47012000.0,44879000.0,-1490000.0,0.0,1496000.0,-241000.0,-11104000.0,-10857000.0,0.0,36774000.0,25114000,-11660000,2752000.0,571000.0,3323000.0,https://www.sec.gov/Archives/edgar/data/1528843/000118811213000640/0001188112-13-000640-index.html,https://www.sec.gov/Archives/edgar/data/1528843/000118811213000640/t75790_10k.htm,1620590231,15:57:11,20210509
14,2012-09-30,CHEV,USD,2012-11-14 00:00:00,2012-11-14 09:57:25,Q3,499000.0,16000.0,71000.0,0.0,-4165000.0,37000.0,0.0,733000.0,36542000.0,0.0,3441000.0,-899000.0,-599000.0,-56058000.0,35236000.0,-3822000.0,-4721000.0,0.0,0.0,0.0,-607000.0,-1327000.0,-1934000.0,0.0,-3214000.0,35357000,38571000,3441000.0,-899000.0,2542000.0,https://www.sec.gov/Archives/edgar/data/1528843/000118811212003393/0001188112-12-003393-index.html,https://www.sec.gov/Archives/edgar/data/1528843/000118811212003393/t74914_10q.htm,1620590231,15:57:11,20210509
15,2012-06-30,CHEV,USD,2012-08-14 00:00:00,2012-08-14 14:51:01,Q2,1207000.0,70000.0,-290000.0,0.0,-6894000.0,63000.0,0.0,-553000.0,40707000.0,0.0,184000.0,-575000.0,3875000.0,-59979000.0,46714000.0,-253000.0,-828000.0,0.0,0.0,0.0,-608000.0,-5963000.0,-6571000.0,0.0,-7215000.0,38571000,45786000,184000.0,-575000.0,-391000.0,https://www.sec.gov/Archives/edgar/data/1528843/000118811212002556/0001188112-12-002556-index.html,https://www.sec.gov/Archives/edgar/data/1528843/000118811212002556/t74339_10q.htm,1620590231,15:57:11,20210509
16,2012-03-31,CHEV,USD,2012-05-15 00:00:00,2012-05-14 21:56:17,Q1,883000.0,-18000.0,-149000.0,0.0,-115674000.0,108000.0,0.0,-786000.0,47601000.0,0.0,-159000.0,-333000.0,-80000.0,-1496000.0,39350000.0,-21245000.0,-23074000.0,0.0,0.0,-1496000.0,-607000.0,25982000.0,23879000.0,0.0,646000.0,45786000,45140000,-159000.0,-333000.0,-492000.0,https://www.sec.gov/Archives/edgar/data/1528843/000118811212001614/0001188112-12-001614-index.html,https://www.sec.gov/Archives/edgar/data/1528843/000118811212001614/t73538_10q.htm,1620590231,15:57:11,20210509
17,2011-12-31,CHEV,USD,2012-01-17 00:00:00,2012-01-17 16:44:28,Q4,942000.0,314000.0,-64000.0,0.0,29702000.0,20000.0,0.0,485000.0,163275000.0,0.0,3448000.0,-323000.0,0.0,-60943000.0,-44050000.0,26247000.0,-18126000.0,0.0,0.0,61000.0,-357000.0,14913000.0,14617000.0,0.0,-61000.0,45140000,45201000,3448000.0,-323000.0,3125000.0,https://www.sec.gov/Archives/edgar/data/1248124/000118811212000103/0001188112-12-000103-index.html,https://www.sec.gov/Archives/edgar/data/1248124/000118811212000103/t72337_10q.htm,1620590231,15:57:11,20210509
18,2011-09-30,CHEV,USD,2011-11-14 00:00:00,2011-11-14 15:54:05,Q3,-21769000.0,-28866000.0,1086000.0,-4399000.0,0.0,13213000.0,9439000.0,-6291000.0,133573000.0,0.0,-42237000.0,15164000.0,23877000.0,0.0,44050000.0,-4555000.0,78536000.0,3592000.0,0.0,95032000.0,-1224000.0,-204447000.0,-107047000.0,-23000.0,-70771000.0,45201000,115972000,-42237000.0,15164000.0,-27073000.0,https://www.sec.gov/Archives/edgar/data/1528843/000118811211003208/0001188112-11-003208-index.html,https://www.sec.gov/Archives/edgar/data/1528843/000118811211003208/t71924_10q.htm,1620590231,15:57:11,20210509
