,date,symbol,reportedCurrency,fillingDate,acceptedDate,period,netIncome,depreciationAndAmortization,deferredIncomeTax,stockBasedCompensation,changeInWorkingCapital,accountsReceivables,inventory,accountsPayables,otherWorkingCapital,otherNonCashItems,netCashProvidedByOperatingActivities,investmentsInPropertyPlantAndEquipment,acquisitionsNet,purchasesOfInvestments,salesMaturitiesOfInvestments,otherInvestingActivites,netCashUsedForInvestingActivites,debtRepayment,commonStockIssued,commonStockRepurchased,dividendsPaid,otherFinancingActivites,netCashUsedProvidedByFinancingActivities,effectOfForexChangesOnCash,netChangeInCash,cashAtEndOfPeriod,cashAtBeginningOfPeriod,operatingCashFlow,capitalExpenditure,freeCashFlow,link,finalLink,timestamp,est_time,est_date
0,2020-12-31,INTV,USD,2021-02-12,2021-02-12 16:07:19,Q2,-200083.0,67220.0,0.0,0.0,-191074.0,0.0,0.0,-50747.0,-152154.0,75024.0,-211526.0,-171605.0,0.0,-852570.0,959502.0,0.0,-64673.0,0.0,0.0,0.0,0.0,0.0,226816.0,0.0,-49383.0,53052.0,102435.0,-211526.0,-171605.0,-383131.0,https://www.sec.gov/Archives/edgar/data/1520118/000147793221000810/0001477932-21-000810-index.htm,https://www.sec.gov/Archives/edgar/data/1520118/000147793221000810/intv_10q.htm,1620593673,16:54:33,20210509
1,2020-09-30,INTV,USD,2020-11-13,2020-11-13 16:05:45,Q1,-388778.0,110572.0,0.0,0.0,87218.0,0.0,0.0,-34239.0,-559282.0,0.0,102435.0,-209638.0,0.0,0.0,0.0,0.0,-12819.0,0.0,0.0,0.0,0.0,0.0,319000.0,0.0,95760.0,102435.0,6675.0,102435.0,-209638.0,-107203.0,https://www.sec.gov/Archives/edgar/data/1520118/000147793220006510/0001477932-20-006510-index.htm,https://www.sec.gov/Archives/edgar/data/1520118/000147793220006510/intv_10q.htm,1620593673,16:54:33,20210509
2,2020-06-30,INTV,USD,2020-09-23,2020-09-23 16:05:36,Q4,-508195.0,718801.0,0.0,0.0,112614.0,0.0,0.0,47436.0,-646500.0,0.0,-32022.0,0.0,0.0,372586.0,0.0,-442809.0,-70223.0,0.0,53250.0,94662.0,0.0,-140329.0,7583.0,0.0,-94662.0,6675.0,101337.0,-32022.0,0.0,-32022.0,https://www.sec.gov/Archives/edgar/data/1520118/000147793220005565/0001477932-20-005565-index.htm,https://www.sec.gov/Archives/edgar/data/1520118/000147793220005565/intv_10k.htm,1620593673,16:54:33,20210509
3,2020-03-31,INTV,USD,2020-05-12,2020-05-11 18:17:36,Q3,-444671.0,-286547.0,0.0,0.0,106872.0,0.0,0.0,2285.0,-759114.0,0.0,-281727.0,-5395.0,0.0,0.0,0.0,224254.0,229649.0,130308.0,0.0,-26114.0,0.0,-26002.0,78192.0,0.0,26114.0,101337.0,75223.0,-281727.0,5395.0,-276332.0,https://www.sec.gov/Archives/edgar/data/1520118/000147793220002505/0001477932-20-002505-index.htm,https://www.sec.gov/Archives/edgar/data/1520118/000147793220002505/intv_10q.htm,1620593673,16:54:33,20210509
4,2019-12-31,INTV,USD,2020-02-11,2020-02-11 16:01:16,Q2,-398412.0,301045.0,0.0,0.0,208752.0,0.0,0.0,-4229.0,-865986.0,0.0,-170691.0,-7673.0,0.0,0.0,0.0,98402.0,106075.0,0.0,0.0,-13884.0,0.0,92384.0,78500.0,0.0,13884.0,75223.0,61339.0,-170691.0,7673.0,-163018.0,https://www.sec.gov/Archives/edgar/data/1520118/000147793220000546/0001477932-20-000546-index.htm,https://www.sec.gov/Archives/edgar/data/1520118/000147793220000546/intv_10q.htm,1620593673,16:54:33,20210509
5,2019-09-30,INTV,USD,2019-11-14,2019-11-14 16:16:38,Q1,269503.0,427002.0,0.0,0.0,1053990.0,0.0,0.0,-77.0,-1074738.0,0.0,-186661.0,-110281.0,0.0,0.0,0.0,-157591.0,-47310.0,0.0,0.0,-61339.0,0.0,308339.0,247000.0,0.0,13029.0,61339.0,48310.0,-186661.0,110281.0,-76380.0,https://www.sec.gov/Archives/edgar/data/1520118/000147793219006554/0001477932-19-006554-index.htm,https://www.sec.gov/Archives/edgar/data/1520118/000147793219006554/intv_10q.htm,1620593673,16:54:33,20210509
6,2019-06-30,INTV,USD,2019-09-30,2019-09-30 16:16:31,Q4,-7795674.0,255493.0,0.0,1897.0,-1018036.0,0.0,0.0,1179.0,-2128728.0,0.0,-224204.0,0.0,0.0,0.0,-203563.0,146888.0,28219.0,0.0,4950.0,33985.0,0.0,123065.0,162000.0,0.0,-33985.0,48310.0,82295.0,-224204.0,84894.0,-139310.0,https://www.sec.gov/Archives/edgar/data/1520118/000147793219005609/0001477932-19-005609-index.htm,https://www.sec.gov/Archives/edgar/data/1520118/000147793219005609/intv_10k.htm,1620593673,16:54:33,20210509
7,2019-03-31,INTV,USD,2019-05-15,2019-05-15 09:31:50,Q3,-546151.0,191859.0,0.0,1.0,-30642.0,0.0,0.0,8362.0,-1110692.0,0.0,-128156.0,0.0,0.0,0.0,43824.0,0.0,43824.0,0.0,0.0,-30668.0,0.0,145668.0,115000.0,0.0,30668.0,82295.0,51627.0,-128156.0,0.0,-128156.0,https://www.sec.gov/Archives/edgar/data/1520118/000147793219002729/0001477932-19-002729-index.htm,https://www.sec.gov/Archives/edgar/data/1520118/000147793219002729/intv_10q.htm,1620593673,16:54:33,20210509
8,2018-12-31,INTV,USD,2019-02-14,2019-02-14 16:02:21,Q2,528776.0,172783.0,0.0,25159.0,689872.0,0.0,0.0,-203.0,-1080050.0,0.0,-200453.0,-5301.0,0.0,0.0,58285.0,0.0,52984.0,0.0,0.0,147469.0,0.0,-147469.0,0.0,0.0,-147469.0,51627.0,199096.0,-200453.0,-5301.0,-205754.0,https://www.sec.gov/Archives/edgar/data/1520118/000147793219000493/0001477932-19-000493-index.htm,https://www.sec.gov/Archives/edgar/data/1520118/000147793219000493/intv_10q.htm,1620593673,16:54:33,20210509
9,2018-09-30,INTV,USD,2019-01-24,2019-01-24 09:31:34,Q1,-1700222.0,112995.0,0.0,55000.0,1023901.0,0.0,0.0,2717.0,-1769922.0,0.0,-155227.0,-37146.0,0.0,0.0,101454.0,0.0,64308.0,0.0,0.0,-199096.0,0.0,448041.0,248945.0,0.0,158026.0,199096.0,41070.0,-155227.0,-37146.0,-192373.0,https://www.sec.gov/Archives/edgar/data/1520118/000147793219000247/0001477932-19-000247-index.htm,https://www.sec.gov/Archives/edgar/data/1520118/000147793219000247/intv_10q.htm,1620593673,16:54:33,20210509
10,2018-06-30,INTV,USD,2018-12-27,2018-12-27 16:02:47,Q4,-5017803.0,70936.0,0.0,400000.0,-3388089.0,15000.0,92803.0,20715.0,-2793823.0,0.0,-168620.0,-232291.0,0.0,0.0,40030.0,375000.0,182739.0,0.0,720000.0,151202.0,0.0,-996202.0,-125000.0,0.0,-110881.0,749.0,111630.0,-168620.0,-232291.0,-400911.0,https://www.sec.gov/Archives/edgar/data/1520118/000147793218006154/0001477932-18-006154-index.htm,https://www.sec.gov/Archives/edgar/data/1520118/000147793218006154/intv_10k.htm,1620593673,16:54:33,20210509
11,2018-03-31,INTV,USD,2018-05-15,2018-05-15 09:01:24,Q3,-97090.0,19766.0,0.0,0.0,607375.0,-15000.0,538320.0,-2073.0,594266.0,0.0,-715155.0,-69312.0,0.0,0.0,95357.0,0.0,26045.0,0.0,0.0,-30890.0,0.0,750890.0,720000.0,0.0,30890.0,151951.0,121061.0,-715155.0,-69312.0,-784467.0,https://www.sec.gov/Archives/edgar/data/1520118/000147793218002438/0001477932-18-002438-index.htm,https://www.sec.gov/Archives/edgar/data/1520118/000147793218002438/intv_10q.htm,1620593673,16:54:33,20210509
12,2017-12-31,INTV,USD,2018-02-14,2018-02-14 10:01:19,Q2,-235961.0,35690.0,0.0,400000.0,325991.0,0.0,17730.0,-5311.0,-13109.0,0.0,-118066.0,-29075.0,0.0,0.0,27660.0,-9651.0,-11066.0,0.0,0.0,-30868.0,0.0,190868.0,160000.0,0.0,30868.0,121061.0,90193.0,-118066.0,-29075.0,-147141.0,https://www.sec.gov/Archives/edgar/data/1520118/000147793218000827/0001477932-18-000827-index.htm,https://www.sec.gov/Archives/edgar/data/1520118/000147793218000827/intv_10q.htm,1620593673,16:54:33,20210509
13,2017-09-30,INTV,USD,2017-11-06,2017-11-06 09:31:14,Q1,-226596.0,49205.0,0.0,9000.0,-130470.0,0.0,0.0,4484.0,-339100.0,0.0,-145661.0,-281757.0,0.0,0.0,551800.0,-49880.0,220163.0,0.0,0.0,-90193.0,0.0,90193.0,0.0,0.0,74502.0,90193.0,15691.0,-145661.0,-281757.0,-427418.0,https://www.sec.gov/Archives/edgar/data/1520118/000147793217005380/0001477932-17-005380-index.htm,https://www.sec.gov/Archives/edgar/data/1520118/000147793217005380/intv_10q.htm,1620593673,16:54:33,20210509
14,2017-06-30,INTV,USD,2017-09-14,2017-09-14 17:30:34,Q4,280080.0,179728.0,0.0,24433.0,709295.0,0.0,0.0,-14416.0,-208630.0,0.0,-88190.0,0.0,0.0,0.0,52800.0,0.0,52800.0,0.0,52800.0,15391.0,0.0,-48191.0,20000.0,0.0,-15390.0,15691.0,31081.0,-88190.0,0.0,-88190.0,https://www.sec.gov/Archives/edgar/data/1520118/000147793217004487/0001477932-17-004487-index.htm,https://www.sec.gov/Archives/edgar/data/1520118/000147793217004487/intv_10k.htm,1620593673,16:54:33,20210509
15,2017-03-31,INTV,USD,2017-06-01,2017-06-01 15:40:59,Q3,314232.0,282164.0,0.0,19360.0,-216507.0,0.0,0.0,5476.0,-917925.0,0.0,-19785.0,0.0,0.0,0.0,0.0,0.0,0.0,0.0,0.0,-2559.0,0.0,24902.0,22343.0,0.0,2558.0,31082.0,28524.0,-19785.0,0.0,-19785.0,https://www.sec.gov/Archives/edgar/data/1520118/000147793217002658/0001477932-17-002658-index.htm,https://www.sec.gov/Archives/edgar/data/1520118/000147793217002658/emsf_10q.htm,1620593673,16:54:33,20210509
16,2016-12-31,INTV,USD,2017-02-14,2017-02-14 10:32:43,Q2,-74960.0,3611.0,0.0,58500.0,235806.0,0.0,0.0,-3363.0,-701418.0,0.0,-67337.0,0.0,0.0,0.0,0.0,0.0,0.0,0.0,0.0,-17254.0,0.0,101845.0,84591.0,0.0,17254.0,28523.0,11269.0,-67337.0,0.0,-67337.0,https://www.sec.gov/Archives/edgar/data/1520118/000147793217000749/0001477932-17-000749-index.htm,https://www.sec.gov/Archives/edgar/data/1520118/000147793217000749/emsf_10q.htm,1620593673,16:54:33,20210509
17,2016-09-30,INTV,USD,2016-09-30,2016-09-30,Q1,-186477.0,15843.0,0.0,643950.0,550410.0,0.0,0.0,30656.0,-937224.0,0.0,-90371.0,0.0,0.0,0.0,0.0,0.0,0.0,0.0,0.0,-11269.0,0.0,110935.0,99666.0,0.0,9295.0,11269.0,1974.0,-90371.0,0.0,-90371.0,,,1620593673,16:54:33,20210509
18,2016-06-30,INTV,USD,2016-06-30,2016-06-30,Q4,-1774331.0,23575.0,0.0,383422.0,-1027989.0,0.0,0.0,7082.0,-1487634.0,0.0,-10186.0,0.0,0.0,0.0,0.0,0.0,0.0,0.0,227500.0,10386.0,0.0,-238086.0,-200.0,0.0,-10386.0,1974.0,12360.0,-10186.0,0.0,-10186.0,,,1620593673,16:54:33,20210509
19,2016-03-31,INTV,USD,2016-05-16,2016-05-16 16:36:43,Q3,-2482599.0,46.0,0.0,2342097.0,17358.0,0.0,0.0,4.0,-459645.0,0.0,-72583.0,0.0,0.0,0.0,0.0,0.0,0.0,0.0,0.0,73739.0,0.0,-74895.0,-1156.0,0.0,-73739.0,12360.0,86099.0,-72583.0,0.0,-72583.0,https://www.sec.gov/Archives/edgar/data/1520118/000147793216010380/0001477932-16-010380-index.htm,https://www.sec.gov/Archives/edgar/data/1520118/000147793216010380/emsf_10q.htm,1620593673,16:54:33,20210509
20,2015-12-31,INTV,USD,2015-12-31,2015-12-31,Q2,-538251.0,47.0,0.0,323984.0,-496804.0,0.0,0.0,-12679.0,-477003.0,0.0,-233469.0,0.0,0.0,0.0,0.0,0.0,0.0,0.0,0.0,2969.0,0.0,227531.0,230500.0,0.0,-2969.0,86099.0,89068.0,-233469.0,0.0,-233469.0,,,1620593673,16:54:33,20210509
21,2015-09-30,INTV,USD,2015-09-30,2015-09-30,Q1,-235402.0,47.0,0.0,0.0,154740.0,0.0,0.0,-1037.0,19801.0,0.0,-161775.0,0.0,0.0,0.0,0.0,0.0,0.0,0.0,55000.0,-89068.0,0.0,239068.0,205000.0,0.0,43225.0,89068.0,45843.0,-161775.0,0.0,-161775.0,,,1620593673,16:54:33,20210509
22,2015-06-30,INTV,USD,2015-06-30,2015-06-30,Q4,0.0,0.0,0.0,0.0,-134939.0,0.0,0.0,0.0,-134939.0,0.0,0.0,0.0,0.0,0.0,0.0,45843.0,45843.0,0.0,0.0,-45843.0,0.0,45843.0,0.0,0.0,45843.0,45843.0,0.0,0.0,0.0,0.0,,,1620593673,16:54:33,20210509
23,2015-03-31,INTV,USD,2015-07-24,2015-07-23 21:36:45,Q4,29936.0,0.0,0.0,0.0,90724.0,0.0,0.0,-28000.0,0.0,0.0,28000.0,0.0,0.0,0.0,0.0,0.0,0.0,0.0,0.0,0.0,0.0,-28000.0,-28000.0,0.0,0.0,0.0,0.0,28000.0,0.0,28000.0,https://www.sec.gov/Archives/edgar/data/1520118/000151712615000173/0001517126-15-000173-index.htm,https://www.sec.gov/Archives/edgar/data/1520118/000151712615000173/form10ka.htm,1620593673,16:54:33,20210509
24,2014-12-31,INTV,USD,2014-12-31,2014-12-31,Q3,-10935.0,0.0,0.0,0.0,-10935.0,0.0,0.0,16712.0,-90724.0,0.0,-16712.0,0.0,0.0,0.0,0.0,0.0,0.0,0.0,0.0,0.0,0.0,16712.0,16712.0,0.0,0.0,0.0,0.0,-16712.0,0.0,-16712.0,,,1620593673,16:54:33,20210509
25,2014-09-30,INTV,USD,2014-09-30,2014-09-30,Q2,-11780.0,0.0,0.0,0.0,-11780.0,0.0,0.0,4702.0,-79789.0,0.0,-4702.0,0.0,0.0,0.0,0.0,0.0,0.0,0.0,0.0,0.0,0.0,4702.0,4702.0,0.0,0.0,0.0,0.0,-4702.0,0.0,-4702.0,,,1620593673,16:54:33,20210509
26,2014-06-30,INTV,USD,2014-06-30,2014-06-30,Q1,-7221.0,0.0,0.0,0.0,-7221.0,0.0,0.0,6586.0,-68009.0,0.0,-6586.0,0.0,0.0,0.0,0.0,0.0,0.0,0.0,0.0,0.0,0.0,6586.0,6586.0,0.0,0.0,0.0,0.0,-6586.0,0.0,-6586.0,,,1620593673,16:54:33,20210509
27,2014-03-31,INTV,USD,2014-03-31,2014-03-31,Q4,-6883.0,0.0,0.0,0.0,-6883.0,0.0,0.0,7723.0,-60788.0,0.0,-7723.0,0.0,0.0,0.0,0.0,0.0,0.0,0.0,0.0,0.0,0.0,7723.0,7723.0,0.0,0.0,0.0,0.0,-7723.0,0.0,-7723.0,,,1620593673,16:54:33,20210509
28,2013-12-31,INTV,USD,2013-12-31,2013-12-31,Q3,-9943.0,0.0,0.0,0.0,-9943.0,0.0,0.0,3150.0,-53905.0,0.0,-3150.0,0.0,0.0,0.0,0.0,0.0,0.0,0.0,0.0,0.0,0.0,3150.0,3150.0,0.0,0.0,0.0,0.0,-3150.0,0.0,-3150.0,,,1620593673,16:54:33,20210509
29,2013-09-30,INTV,USD,2013-09-30,2013-09-30,Q2,-13225.0,0.0,0.0,0.0,-13225.0,0.0,0.0,5474.0,-43962.0,0.0,-5474.0,0.0,0.0,0.0,0.0,0.0,0.0,0.0,0.0,0.0,0.0,5474.0,5474.0,0.0,0.0,0.0,0.0,-5474.0,0.0,-5474.0,,,1620593673,16:54:33,20210509
30,2013-06-30,INTV,USD,2013-06-30,2013-06-30,Q1,-5307.0,0.0,0.0,0.0,-30737.0,0.0,0.0,14599.0,-30737.0,0.0,-15208.0,0.0,0.0,0.0,0.0,609.0,0.0,0.0,0.0,0.0,0.0,14599.0,14599.0,0.0,0.0,0.0,0.0,-15208.0,0.0,-15208.0,,,1620593673,16:54:33,20210509
31,2013-03-31,INTV,USD,2013-03-31,2013-03-31,Q4,28565.0,0.0,0.0,0.0,19811.0,0.0,0.0,4373.0,0.0,0.0,32938.0,0.0,0.0,0.0,0.0,5903.0,0.0,0.0,0.0,0.0,0.0,-38841.0,0.0,0.0,0.0,0.0,0.0,32938.0,0.0,32938.0,,,1620593673,16:54:33,20210509
32,2012-12-31,INTV,USD,2012-12-31,2012-12-31,Q3,-10433.0,0.0,0.0,0.0,-5933.0,0.0,0.0,70.0,-19811.0,0.0,-10363.0,0.0,0.0,0.0,0.0,5832.0,0.0,0.0,0.0,0.0,0.0,4531.0,4531.0,0.0,0.0,5928.0,5928.0,-10363.0,0.0,-10363.0,,,1620593673,16:54:33,20210509
33,2012-09-30,INTV,USD,2012-09-30,2012-09-30,Q2,-10606.0,0.0,0.0,0.0,3394.0,0.0,0.0,-2363.0,-13878.0,0.0,-12493.0,0.0,0.0,0.0,0.0,-11760.0,0.0,0.0,0.0,0.0,0.0,24253.0,24253.0,0.0,0.0,11760.0,11760.0,-12493.0,0.0,-12493.0,,,1620593673,16:54:33,20210509
34,2012-06-30,INTV,USD,2012-06-30,2012-06-30,Q1,-7526.0,0.0,0.0,0.0,-7526.0,0.0,0.0,-2080.0,-17272.0,0.0,-10082.0,0.0,0.0,0.0,0.0,25.0,0.0,0.0,0.0,0.0,0.0,10057.0,10057.0,0.0,0.0,0.0,0.0,-10082.0,0.0,-10082.0,,,1620593673,16:54:33,20210509
35,2012-03-31,INTV,USD,2012-03-31,2012-03-31,Q4,-5562.0,0.0,0.0,0.0,-5562.0,0.0,0.0,4523.0,-9746.0,0.0,-1039.0,0.0,0.0,0.0,0.0,1001.0,0.0,0.0,-38000.0,0.0,0.0,38038.0,38.0,0.0,0.0,25.0,25.0,-1039.0,0.0,-1039.0,,,1620593673,16:54:33,20210509
36,2011-12-31,INTV,USD,2011-12-31,2011-12-31,Q3,-6166.0,0.0,0.0,0.0,3834.0,0.0,0.0,0.0,-4184.0,0.0,-11814.0,0.0,0.0,0.0,0.0,-1026.0,0.0,0.0,10000.0,2840.0,0.0,-2840.0,10000.0,0.0,-2840.0,1026.0,3866.0,-11814.0,0.0,-11814.0,,,1620593673,16:54:33,20210509
37,2011-09-30,INTV,USD,2011-09-30,2011-09-30,Q2,-36018.0,0.0,0.0,0.0,0.0,0.0,0.0,0.0,-8018.0,0.0,-30370.0,0.0,0.0,0.0,0.0,0.0,0.0,0.0,28000.0,-2840.0,0.0,8050.0,13045.0,0.0,2840.0,2840.0,0.0,-30370.0,0.0,-30370.0,,,1620593673,16:54:33,20210509
