,date,symbol,reportedCurrency,fillingDate,acceptedDate,period,netIncome,depreciationAndAmortization,deferredIncomeTax,stockBasedCompensation,changeInWorkingCapital,accountsReceivables,inventory,accountsPayables,otherWorkingCapital,otherNonCashItems,netCashProvidedByOperatingActivities,investmentsInPropertyPlantAndEquipment,acquisitionsNet,purchasesOfInvestments,salesMaturitiesOfInvestments,otherInvestingActivites,netCashUsedForInvestingActivites,debtRepayment,commonStockIssued,commonStockRepurchased,dividendsPaid,otherFinancingActivites,netCashUsedProvidedByFinancingActivities,effectOfForexChangesOnCash,netChangeInCash,cashAtEndOfPeriod,cashAtBeginningOfPeriod,operatingCashFlow,capitalExpenditure,freeCashFlow,link,finalLink,timestamp,est_time,est_date
0,2020-09-30,MEPW,USD,2020-11-03,2020-11-03 12:46:13,Q3,-1759.0,0.0,0.0,0.0,3705.0,0.0,0.0,6908.0,-64467.0,0.0,3415.0,0.0,0.0,0.0,0.0,0.0,0.0,0.0,2049.0,0.0,0.0,0.0,-3600.0,0.0,0.0,0.0,0.0,3415.0,0.0,3415.0,https://www.sec.gov/Archives/edgar/data/1627452/000101738620000453/0001017386-20-000453-index.htm,https://www.sec.gov/Archives/edgar/data/1627452/000101738620000453/mepw_20200930-10q.htm,1620594913,17:15:13,20210509
1,2020-06-30,MEPW,USD,2020-10-06,2020-10-06 12:41:57,Q2,-2270.0,0.0,0.0,0.0,-221.0,0.0,0.0,2549.0,-68172.0,0.0,-3600.0,0.0,0.0,0.0,0.0,0.0,0.0,0.0,2049.0,0.0,0.0,3600.0,3600.0,0.0,0.0,0.0,0.0,-3600.0,0.0,-3600.0,https://www.sec.gov/Archives/edgar/data/1627452/000101738620000409/0001017386-20-000409-index.htm,https://www.sec.gov/Archives/edgar/data/1627452/000101738620000409/mepw_20200630-10q.htm,1620594913,17:15:13,20210509
2,2020-03-31,MEPW,USD,2020-10-05,2020-10-05 15:36:44,Q1,-5366.0,0.0,0.0,0.0,-5366.0,0.0,0.0,500.0,-67951.0,0.0,0.0,0.0,0.0,0.0,0.0,0.0,0.0,0.0,0.0,0.0,0.0,0.0,0.0,0.0,0.0,0.0,0.0,0.0,0.0,0.0,https://www.sec.gov/Archives/edgar/data/1627452/000101738620000406/0001017386-20-000406-index.htm,https://www.sec.gov/Archives/edgar/data/1627452/000101738620000406/mepw_20200331-10q.htm,1620594913,17:15:13,20210509
3,2019-12-31,MEPW,USD,2020-09-30,2019-12-31,Q4,-2740.0,0.0,0.0,0.0,-2740.0,0.0,0.0,1440.0,-62585.0,0.0,0.0,0.0,0.0,0.0,0.0,0.0,0.0,0.0,0.0,0.0,0.0,0.0,0.0,0.0,0.0,0.0,0.0,0.0,0.0,0.0,https://www.sec.gov/Archives/edgar/data/1627452/000101738620000389/0001017386-20-000389-index.htm,https://www.sec.gov/Archives/edgar/data/1627452/000101738620000389/mepw_20191231-10k.htm,1620594913,17:15:13,20210509
4,2019-09-30,MEPW,USD,2020-09-29,2019-09-30,Q3,6500.0,0.0,0.0,0.0,-1300.0,0.0,0.0,-500.0,-59845.0,0.0,0.0,0.0,0.0,0.0,0.0,0.0,0.0,0.0,0.0,0.0,0.0,0.0,0.0,0.0,0.0,0.0,0.0,0.0,0.0,0.0,https://www.sec.gov/Archives/edgar/data/1627452/000101738620000387/0001017386-20-000387-index.htm,https://www.sec.gov/Archives/edgar/data/1627452/000101738620000387/mepw_20190930-10q.htm,1620594913,17:15:13,20210509
5,2019-06-30,MEPW,USD,2020-09-29,2019-06-30,Q2,-1300.0,0.0,0.0,0.0,-1300.0,0.0,0.0,1500.0,-58545.0,0.0,0.0,0.0,0.0,0.0,0.0,0.0,0.0,0.0,0.0,0.0,0.0,0.0,0.0,0.0,0.0,0.0,0.0,0.0,0.0,0.0,https://www.sec.gov/Archives/edgar/data/1627452/000101738620000386/0001017386-20-000386-index.htm,https://www.sec.gov/Archives/edgar/data/1627452/000101738620000386/mepw_20190630-10q.htm,1620594913,17:15:13,20210509
6,2019-03-31,MEPW,USD,2020-09-29,2020-09-29 12:10:55,Q1,-1300.0,0.0,0.0,0.0,-1300.0,0.0,0.0,500.0,-57245.0,0.0,0.0,0.0,0.0,0.0,0.0,0.0,0.0,0.0,0.0,0.0,0.0,0.0,0.0,0.0,0.0,0.0,0.0,0.0,0.0,0.0,https://www.sec.gov/Archives/edgar/data/1627452/000101738620000385/0001017386-20-000385-index.htm,https://www.sec.gov/Archives/edgar/data/1627452/000101738620000385/mepw_20190331-10q.htm,1620594913,17:15:13,20210509
7,2018-12-31,MEPW,USD,2020-09-24,2018-12-31,Q4,-2740.0,0.0,0.0,0.0,-2740.0,0.0,0.0,1440.0,-55945.0,0.0,0.0,0.0,0.0,0.0,0.0,0.0,0.0,0.0,0.0,0.0,0.0,0.0,0.0,0.0,0.0,0.0,0.0,0.0,0.0,0.0,https://www.sec.gov/Archives/edgar/data/1627452/000101738620000379/0001017386-20-000379-index.htm,https://www.sec.gov/Archives/edgar/data/1627452/000101738620000379/mepw_20181231-10k.htm,1620594913,17:15:13,20210509
8,2018-09-30,MEPW,USD,2020-09-24,2018-09-30,Q3,6500.0,0.0,0.0,0.0,-1300.0,0.0,0.0,-500.0,-53205.0,0.0,0.0,0.0,0.0,0.0,0.0,0.0,0.0,0.0,0.0,0.0,0.0,0.0,0.0,0.0,0.0,0.0,0.0,0.0,0.0,0.0,https://www.sec.gov/Archives/edgar/data/1627452/000101738620000377/0001017386-20-000377-index.htm,https://www.sec.gov/Archives/edgar/data/1627452/000101738620000377/mepw_20180930-10q.htm,1620594913,17:15:13,20210509
9,2018-06-30,MEPW,USD,2020-09-24,2020-09-24 12:00:29,Q2,-1300.0,0.0,0.0,0.0,-1300.0,0.0,0.0,1500.0,-51905.0,0.0,0.0,0.0,0.0,0.0,0.0,0.0,0.0,0.0,0.0,0.0,0.0,0.0,0.0,0.0,0.0,0.0,0.0,0.0,0.0,0.0,https://www.sec.gov/Archives/edgar/data/1627452/000101738620000375/0001017386-20-000375-index.htm,https://www.sec.gov/Archives/edgar/data/1627452/000101738620000375/mepw_20180630-10q.htm,1620594913,17:15:13,20210509
10,2018-03-31,MEPW,USD,2020-09-24,2020-09-24 11:57:09,Q1,-1300.0,0.0,0.0,0.0,-1300.0,0.0,0.0,500.0,-50605.0,0.0,0.0,0.0,0.0,0.0,0.0,0.0,0.0,0.0,0.0,0.0,0.0,0.0,0.0,0.0,0.0,0.0,0.0,0.0,0.0,0.0,https://www.sec.gov/Archives/edgar/data/1627452/000101738620000374/0001017386-20-000374-index.htm,https://www.sec.gov/Archives/edgar/data/1627452/000101738620000374/mepw_20180331-10q.htm,1620594913,17:15:13,20210509
11,2017-12-31,MEPW,USD,2020-09-23,2020-09-23 13:02:42,Q4,-2740.0,0.0,0.0,0.0,-2740.0,0.0,0.0,1440.0,-49305.0,0.0,0.0,0.0,0.0,0.0,0.0,0.0,0.0,0.0,0.0,0.0,0.0,0.0,0.0,0.0,0.0,0.0,0.0,0.0,0.0,0.0,https://www.sec.gov/Archives/edgar/data/1627452/000101738620000370/0001017386-20-000370-index.htm,https://www.sec.gov/Archives/edgar/data/1627452/000101738620000370/mepw_20171231-10k.htm,1620594913,17:15:13,20210509
12,2017-09-30,MEPW,USD,2020-09-23,2020-09-23 12:58:31,Q3,-1000.0,0.0,0.0,0.0,-1000.0,0.0,0.0,500.0,-46565.0,0.0,0.0,0.0,0.0,0.0,0.0,0.0,0.0,0.0,0.0,0.0,0.0,0.0,0.0,0.0,0.0,0.0,0.0,0.0,0.0,0.0,https://www.sec.gov/Archives/edgar/data/1627452/000101738620000368/0001017386-20-000368-index.htm,https://www.sec.gov/Archives/edgar/data/1627452/000101738620000368/mepw_20170930-10q.htm,1620594913,17:15:13,20210509
13,2017-06-30,MEPW,USD,2020-09-23,2020-09-23 12:55:21,Q2,-1300.0,0.0,0.0,0.0,-1300.0,0.0,0.0,500.0,-45565.0,0.0,0.0,0.0,0.0,0.0,0.0,0.0,0.0,0.0,0.0,0.0,0.0,0.0,0.0,0.0,0.0,0.0,0.0,0.0,0.0,0.0,https://www.sec.gov/Archives/edgar/data/1627452/000101738620000366/0001017386-20-000366-index.htm,https://www.sec.gov/Archives/edgar/data/1627452/000101738620000366/mepw_20170630-10q.htm,1620594913,17:15:13,20210509
14,2017-03-31,MEPW,USD,2020-09-23,2020-09-23 12:53:24,Q1,-1000.0,0.0,0.0,0.0,-20479.0,0.0,0.0,500.0,-44265.0,0.0,0.0,0.0,0.0,0.0,0.0,0.0,0.0,0.0,0.0,0.0,0.0,0.0,0.0,0.0,0.0,0.0,0.0,0.0,0.0,0.0,https://www.sec.gov/Archives/edgar/data/1627452/000101738620000364/0001017386-20-000364-index.htm,https://www.sec.gov/Archives/edgar/data/1627452/000101738620000364/mepw_20170331-10q.htm,1620594913,17:15:13,20210509
15,2016-12-31,MEPW,USD,2016-12-31,2016-12-31,Q4,-8477.0,0.0,0.0,0.0,-8477.0,0.0,0.0,58.0,-23786.0,0.0,-5919.0,0.0,0.0,0.0,0.0,0.0,0.0,0.0,0.0,889.0,0.0,4141.0,5030.0,0.0,-889.0,18646.0,19535.0,-5919.0,0.0,-5919.0,,,1620594913,17:15:13,20210509
16,2016-09-30,MEPW,USD,2016-09-30,2016-09-30,Q3,-13494.0,0.0,0.0,0.0,-13494.0,0.0,0.0,-1042.0,-15309.0,0.0,-12036.0,0.0,0.0,0.0,0.0,0.0,0.0,0.0,0.0,4154.0,0.0,3728.0,7882.0,0.0,-4154.0,19535.0,23689.0,-12036.0,0.0,-12036.0,,,1620594913,17:15:13,20210509
17,2016-06-30,MEPW,USD,2016-06-30,2016-06-30,Q2,-11206.0,823.0,0.0,0.0,-2050.0,0.0,0.0,1472.0,-1815.0,0.0,-6411.0,0.0,0.0,0.0,0.0,0.0,0.0,0.0,0.0,-23454.0,0.0,53319.0,29865.0,0.0,23454.0,23689.0,235.0,-6411.0,0.0,-6411.0,,,1620594913,17:15:13,20210509
18,2016-03-31,MEPW,USD,2016-03-31,2016-03-31,Q1,-6076.0,109.0,0.0,0.0,-14300.0,0.0,0.0,0.0,235.0,0.0,-14300.0,0.0,0.0,0.0,0.0,0.0,0.0,0.0,0.0,-235.0,0.0,235.0,0.0,0.0,-14300.0,235.0,14535.0,-14300.0,0.0,-14300.0,,,1620594913,17:15:13,20210509
19,2015-12-31,MEPW,USD,2015-12-31,2015-12-31,Q4,-5614.0,109.0,0.0,0.0,2295.0,0.0,0.0,0.0,14535.0,0.0,-5505.0,0.0,0.0,0.0,0.0,0.0,0.0,0.0,0.0,-2295.0,0.0,10095.0,7800.0,0.0,2295.0,14535.0,12240.0,-5505.0,0.0,-5505.0,,,1620594913,17:15:13,20210509
20,2015-09-30,MEPW,USD,2015-09-30,2015-09-30,Q3,-14655.0,109.0,0.0,0.0,-346.0,0.0,0.0,0.0,12240.0,0.0,-16546.0,0.0,0.0,0.0,0.0,0.0,0.0,0.0,16200.0,346.0,0.0,-346.0,16200.0,0.0,-346.0,12240.0,12586.0,-16546.0,0.0,-16546.0,,,1620594913,17:15:13,20210509
21,2015-06-30,MEPW,USD,2015-06-30,2015-06-30,Q2,-8594.0,157.0,0.0,0.0,0.0,0.0,0.0,0.0,12586.0,0.0,-6437.0,0.0,0.0,0.0,0.0,-2614.0,0.0,0.0,11300.0,-12586.0,0.0,15586.0,11300.0,0.0,6556.0,12586.0,6030.0,-6437.0,1307.0,-5130.0,,,1620594913,17:15:13,20210509
