,date,symbol,reportedCurrency,fillingDate,acceptedDate,period,netIncome,depreciationAndAmortization,deferredIncomeTax,stockBasedCompensation,changeInWorkingCapital,accountsReceivables,inventory,accountsPayables,otherWorkingCapital,otherNonCashItems,netCashProvidedByOperatingActivities,investmentsInPropertyPlantAndEquipment,acquisitionsNet,purchasesOfInvestments,salesMaturitiesOfInvestments,otherInvestingActivites,netCashUsedForInvestingActivites,debtRepayment,commonStockIssued,commonStockRepurchased,dividendsPaid,otherFinancingActivites,netCashUsedProvidedByFinancingActivities,effectOfForexChangesOnCash,netChangeInCash,cashAtEndOfPeriod,cashAtBeginningOfPeriod,operatingCashFlow,capitalExpenditure,freeCashFlow,link,finalLink,timestamp,est_time,est_date
0,2020-04-30,LRDG,USD,2020-06-22 00:00:00,2020-06-22 15:09:20,Q3,-14734.0,110.0,0.0,1064155.0,183266.0,0.0,-11386.0,17716.0,-1094461.0,0.0,-301287.0,0.0,0.0,0.0,0.0,0.0,0.0,-89687.0,0.0,526.0,0.0,389922.0,300761.0,0.0,-526.0,161.0,687.0,-301287.0,0.0,-301287.0,https://www.sec.gov/Archives/edgar/data/1569568/000149315220011576/0001493152-20-011576-index.html,https://www.sec.gov/Archives/edgar/data/1569568/000149315220011576/form10-q.htm,1620594602,17:10:02,20210509
1,2020-01-31,LRDG,USD,2020-03-20 00:00:00,2020-03-20 11:13:41,Q2,-80733.0,14149.0,0.0,1000.0,-92122.0,0.0,0.0,13424.0,-1277727.0,0.0,-19878.0,0.0,0.0,0.0,0.0,-14440.0,-14440.0,-90522.0,0.0,-225.0,0.0,125290.0,34544.0,0.0,225.0,687.0,462.0,-19878.0,0.0,-19878.0,https://www.sec.gov/Archives/edgar/data/1569568/000149315220004396/0001493152-20-004396-index.html,https://www.sec.gov/Archives/edgar/data/1569568/000149315220004396/form10-q.htm,1620594602,17:10:02,20210509
2,2019-10-31,LRDG,USD,2019-12-09 00:00:00,2019-12-09 15:26:48,Q1,-1204543.0,11401.0,0.0,1080000.0,28280.0,0.0,0.0,7490.0,-1185605.0,0.0,-5715.0,0.0,0.0,0.0,0.0,0.0,0.0,-6011.0,0.0,-462.0,0.0,12165.0,5691.0,0.0,-23.0,462.0,485.0,-5715.0,0.0,-5715.0,https://www.sec.gov/Archives/edgar/data/1569568/000149315219018899/0001493152-19-018899-index.html,https://www.sec.gov/Archives/edgar/data/1569568/000149315219018899/form10-k.htm,1620594602,17:10:02,20210509
3,2019-07-31,LRDG,USD,2019-12-09,2019-12-09 15:26:48,Q4,-150404.0,2742.0,0.0,-19404.0,-169366.0,0.0,0.0,85114.0,-1213885.0,0.0,-33969.0,0.0,0.0,0.0,0.0,0.0,0.0,-2700.0,0.0,11312.0,0.0,14045.0,22657.0,0.0,-11312.0,485.0,11797.0,-33969.0,0.0,-33969.0,https://www.sec.gov/Archives/edgar/data/1569568/000149315219018899/0001493152-19-018899-index.htm,https://www.sec.gov/Archives/edgar/data/1569568/000149315219018899/form10-k.htm,1620594602,17:10:02,20210509
4,2019-04-30,LRDG,USD,2019-06-19 00:00:00,2019-06-19 12:41:38,Q3,-209189.0,97472.0,0.0,-2154.0,-54048.0,0.0,0.0,39020.0,-1044519.0,0.0,-18557.0,0.0,0.0,0.0,0.0,0.0,0.0,-16776.0,0.0,6729.0,0.0,21875.0,11828.0,0.0,-6729.0,11797.0,18526.0,-18557.0,0.0,-18557.0,https://www.sec.gov/Archives/edgar/data/1569568/000149315219009426/0001493152-19-009426-index.html,https://www.sec.gov/Archives/edgar/data/1569568/000149315219009426/form10-q.htm,1620594602,17:10:02,20210509
5,2019-01-31,LRDG,USD,2019-03-25 00:00:00,2019-03-25 15:32:31,Q2,-176744.0,73187.0,0.0,29756.0,25869.0,0.0,0.0,32068.0,-990471.0,0.0,-39953.0,0.0,0.0,0.0,0.0,0.0,0.0,-26849.0,0.0,-3198.0,0.0,73198.0,43151.0,0.0,3198.0,18526.0,15328.0,-39953.0,0.0,-39953.0,https://www.sec.gov/Archives/edgar/data/1569568/000149315219003849/0001493152-19-003849-index.html,https://www.sec.gov/Archives/edgar/data/1569568/000149315219003849/form10-q.htm,1620594602,17:10:02,20210509
6,2018-10-31,LRDG,USD,2018-11-13 00:00:00,2018-11-13 17:18:28,Q1,45622.0,27591.0,0.0,8647.0,127390.0,0.0,0.0,38385.0,-1016340.0,0.0,-44258.0,0.0,0.0,0.0,0.0,0.0,0.0,-36284.0,0.0,-15328.0,0.0,110611.0,58999.0,0.0,14741.0,15328.0,587.0,-44258.0,0.0,-44258.0,https://www.sec.gov/Archives/edgar/data/1569568/000149315218015796/0001493152-18-015796-index.html,https://www.sec.gov/Archives/edgar/data/1569568/000149315218015796/form10-k.htm,1620594602,17:10:02,20210509
7,2018-07-31,LRDG,USD,2018-11-13,2018-11-13 17:18:28,Q4,-759691.0,21529.0,0.0,5532456.0,-199557.0,1000.0,4054.0,68494.0,-1143730.0,0.0,-28548.0,0.0,0.0,0.0,0.0,0.0,0.0,-45483.0,0.0,-5.0,0.0,74041.0,28553.0,0.0,5.0,587.0,582.0,-28548.0,0.0,-28548.0,https://www.sec.gov/Archives/edgar/data/1569568/000149315218015796/0001493152-18-015796-index.htm,https://www.sec.gov/Archives/edgar/data/1569568/000149315218015796/form10-k.htm,1620594602,17:10:02,20210509
8,2018-04-30,LRDG,USD,2018-06-22 00:00:00,2018-06-22 15:12:16,Q3,-124108.0,45591.0,0.0,0.0,-12866.0,0.0,0.0,2379.0,-944173.0,0.0,-8652.0,0.0,0.0,0.0,0.0,0.0,0.0,35749.0,0.0,3047.0,0.0,-33191.0,5605.0,0.0,-3047.0,582.0,3629.0,-8652.0,0.0,-8652.0,https://www.sec.gov/Archives/edgar/data/1569568/000149315218009104/0001493152-18-009104-index.html,https://www.sec.gov/Archives/edgar/data/1569568/000149315218009104/form10q.htm,1620594602,17:10:02,20210509
9,2018-01-31,LRDG,USD,2018-03-26 00:00:00,2018-03-26 12:18:44,Q2,-301337.0,41689.0,0.0,0.0,-191732.0,0.0,1400.0,15697.0,-931307.0,0.0,-44795.0,0.0,0.0,0.0,0.0,0.0,0.0,-124661.0,0.0,-3337.0,0.0,176130.0,48132.0,0.0,3337.0,3629.0,292.0,-44795.0,0.0,-44795.0,https://www.sec.gov/Archives/edgar/data/1569568/000149315218003859/0001493152-18-003859-index.html,https://www.sec.gov/Archives/edgar/data/1569568/000149315218003859/form10-q.htm,1620594602,17:10:02,20210509
10,2017-10-31,LRDG,USD,2017-11-15 00:00:00,2017-11-14 20:29:20,Q1,-5248147.0,64596.0,0.0,0.0,81180.0,3000.0,-4354.0,-7207.0,-739575.0,0.0,-41640.0,-1085.0,0.0,0.0,0.0,0.0,-1085.0,-49815.0,0.0,-292.0,0.0,92019.0,41912.0,0.0,-813.0,292.0,1105.0,-41640.0,-1085.0,-42725.0,https://www.sec.gov/Archives/edgar/data/1569568/000107878217001591/0001078782-17-001591-index.html,https://www.sec.gov/Archives/edgar/data/1569568/000107878217001591/f10k073117_10k.htm,1620594602,17:10:02,20210509
11,2017-07-31,LRDG,USD,2017-11-15,2017-11-14 20:29:20,Q4,-1627983.0,33209.0,0.0,0.0,-113751.0,-78500.0,-9706.0,32550.0,-820755.0,0.0,-37097.0,0.0,0.0,0.0,0.0,-1962.0,0.0,-18649.0,0.0,22887.0,0.0,9972.0,14210.0,0.0,-22887.0,1105.0,23992.0,-37097.0,1962.0,-35135.0,https://www.sec.gov/Archives/edgar/data/1569568/000107878217001591/0001078782-17-001591-index.htm,https://www.sec.gov/Archives/edgar/data/1569568/000107878217001591/f10k073117_10k.htm,1620594602,17:10:02,20210509
12,2017-04-30,LRDG,USD,2017-06-19 00:00:00,2017-06-19 13:43:04,Q3,-98131.0,-30000.0,0.0,-750000.0,-99112.0,0.0,2025.0,-14386.0,-707004.0,0.0,-72179.0,0.0,0.0,0.0,0.0,0.0,0.0,-35561.0,0.0,5239.0,0.0,98243.0,67921.0,0.0,-5239.0,23992.0,29231.0,-72179.0,-981.0,-73160.0,https://www.sec.gov/Archives/edgar/data/1569568/000107878217000879/0001078782-17-000879-index.html,https://www.sec.gov/Archives/edgar/data/1569568/000107878217000879/f10q043017_10q.htm,1620594602,17:10:02,20210509
13,2017-01-31,LRDG,USD,2017-03-16 00:00:00,2017-03-16 16:45:58,Q2,-784024.0,10000.0,0.0,750000.0,-34024.0,0.0,512.0,625.0,-607892.0,0.0,-19071.0,0.0,0.0,0.0,0.0,0.0,0.0,15578.0,0.0,-28721.0,0.0,60935.0,47792.0,0.0,28721.0,29231.0,510.0,-19071.0,0.0,-19071.0,https://www.sec.gov/Archives/edgar/data/1569568/000107878217000319/0001078782-17-000319-index.html,https://www.sec.gov/Archives/edgar/data/1569568/000107878217000319/f10q013117_10q.htm,1620594602,17:10:02,20210509
14,2016-10-31,LRDG,USD,2016-12-09 00:00:00,2016-12-09 16:07:21,Q1,-259775.0,0.0,0.0,250000.0,-9775.0,0.0,777.0,0.0,-573868.0,0.0,-5712.0,0.0,0.0,0.0,0.0,0.0,0.0,0.0,0.0,-510.0,0.0,6080.0,5570.0,0.0,-142.0,510.0,652.0,-5712.0,0.0,-5712.0,https://www.sec.gov/Archives/edgar/data/1569568/000107878216003927/0001078782-16-003927-index.html,https://www.sec.gov/Archives/edgar/data/1569568/000107878216003927/f10k073116_10k.htm,1620594602,17:10:02,20210509
15,2016-07-31,LRDG,USD,2016-07-31,2016-07-31,Q4,-300315.0,0.0,0.0,250000.0,38886.0,0.0,717.0,24582.0,-564093.0,0.0,-21602.0,0.0,0.0,0.0,0.0,-1855.0,0.0,0.0,60500.0,20651.0,0.0,-80200.0,22584.0,0.0,-22506.0,652.0,23158.0,-21602.0,0.0,-21602.0,,,1620594602,17:10:02,20210509
16,2016-04-30,LRDG,USD,2016-06-14 00:00:00,2016-06-14 14:56:49,Q3,-19573.0,0.0,0.0,0.0,11726.0,0.0,0.0,-2765.0,-602979.0,0.0,-17497.0,0.0,0.0,0.0,0.0,1855.0,0.0,0.0,0.0,-21110.0,0.0,59717.0,16974.0,0.0,22965.0,21303.0,-1662.0,-17497.0,0.0,-17497.0,https://www.sec.gov/Archives/edgar/data/1569568/000107878216002974/0001078782-16-002974-index.html,https://www.sec.gov/Archives/edgar/data/1569568/000107878216002974/f10q043016_10q.htm,1620594602,17:10:02,20210509
17,2016-01-31,LRDG,USD,2016-03-21 00:00:00,2016-03-21 15:11:21,Q2,-11265.0,422.0,0.0,0.0,-10842.0,0.0,0.0,2765.0,-614705.0,0.0,-3238.0,0.0,0.0,0.0,0.0,0.0,0.0,0.0,0.0,238.0,0.0,2762.0,3000.0,0.0,-238.0,193.0,431.0,-3238.0,0.0,-3238.0,https://www.sec.gov/Archives/edgar/data/1569568/000107878216002447/0001078782-16-002447-index.html,https://www.sec.gov/Archives/edgar/data/1569568/000107878216002447/f10q013116_10q.htm,1620594602,17:10:02,20210509
18,2015-10-31,LRDG,USD,2015-11-24 00:00:00,2015-11-23 17:45:22,Q1,-14209.0,462.0,0.0,0.0,-13748.0,0.0,2209.0,0.0,-603863.0,0.0,-11116.0,0.0,0.0,0.0,0.0,0.0,0.0,0.0,0.0,-431.0,0.0,11757.0,11326.0,0.0,210.0,431.0,221.0,-11116.0,0.0,-11116.0,https://www.sec.gov/Archives/edgar/data/1569568/000107878215001929/0001078782-15-001929-index.html,https://www.sec.gov/Archives/edgar/data/1569568/000107878215001929/f10k073115_10k.htm,1620594602,17:10:02,20210509
19,2015-07-31,LRDG,USD,2015-07-31,2015-07-31,Q4,-24749.0,462.0,0.0,0.0,-24287.0,-460.0,0.0,-190.0,-590115.0,0.0,-19185.0,0.0,0.0,0.0,0.0,0.0,0.0,0.0,0.0,96.0,0.0,18993.0,19089.0,0.0,-96.0,221.0,317.0,-19185.0,0.0,-19185.0,,,1620594602,17:10:02,20210509
20,2015-04-30,LRDG,USD,2015-06-17 00:00:00,2015-06-16 20:15:34,Q3,-6595.0,462.0,0.0,0.0,-6133.0,412.0,-164.0,-920.0,-565828.0,0.0,-2460.0,0.0,0.0,0.0,0.0,0.0,0.0,0.0,0.0,1991.0,0.0,-1522.0,469.0,0.0,-1991.0,317.0,2308.0,-2460.0,0.0,-2460.0,https://www.sec.gov/Archives/edgar/data/1569568/000107878215000979/0001078782-15-000979-index.html,https://www.sec.gov/Archives/edgar/data/1569568/000107878215000979/f10q043015_10q.htm,1620594602,17:10:02,20210509
21,2015-01-31,LRDG,USD,2015-01-31,2015-01-31,Q2,-13954.0,924.0,0.0,0.0,0.0,-91.0,-5.0,1110.0,-559695.0,0.0,-2144.0,0.0,0.0,0.0,0.0,0.0,0.0,0.0,0.0,-2308.0,0.0,5383.0,2425.0,0.0,931.0,2308.0,1377.0,-2144.0,0.0,-2144.0,,,1620594602,17:10:02,20210509
