,date,symbol,reportedCurrency,fillingDate,acceptedDate,period,netIncome,depreciationAndAmortization,deferredIncomeTax,stockBasedCompensation,changeInWorkingCapital,accountsReceivables,inventory,accountsPayables,otherWorkingCapital,otherNonCashItems,netCashProvidedByOperatingActivities,investmentsInPropertyPlantAndEquipment,acquisitionsNet,purchasesOfInvestments,salesMaturitiesOfInvestments,otherInvestingActivites,netCashUsedForInvestingActivites,debtRepayment,commonStockIssued,commonStockRepurchased,dividendsPaid,otherFinancingActivites,netCashUsedProvidedByFinancingActivities,effectOfForexChangesOnCash,netChangeInCash,cashAtEndOfPeriod,cashAtBeginningOfPeriod,operatingCashFlow,capitalExpenditure,freeCashFlow,link,finalLink,timestamp,est_time,est_date
0,2020-02-29,EMMSV,USD,2020-05-14,2020-05-14 11:58:10,Q4,-9489000.0,337000.0,-8226000.0,345000.0,1646000.0,874000.0,0.0,-9007000.0,91122000.0,0.0,-8203000.0,-219000.0,0.0,0.0,0.0,33000.0,-186000.0,-1933000.0,0.0,18309000.0,0.0,-18211000.0,-1835000.0,0.0,-10224000.0,102743000.0,112967000.0,-8203000.0,-219000.0,-8422000.0,https://www.sec.gov/Archives/edgar/data/783005/000156459020025335/0001564590-20-025335-index.htm,https://www.sec.gov/Archives/edgar/data/783005/000156459020025335/emms-10k_20200229.htm,1620591617,16:20:17,20210509
1,2019-11-30,EMMSV,USD,2019-11-30,2019-11-30,Q3,54282000.0,344000.0,16388000.0,341000.0,93037000.0,-2139000.0,0.0,7467000.0,89476000.0,0.0,-6889000.0,-10000.0,0.0,0.0,0.0,130127000.0,130117000.0,-15343000.0,0.0,-109771000.0,0.0,110064000.0,-15050000.0,0.0,108178000.0,112967000.0,4789000.0,-6889000.0,-10000.0,-6899000.0,,,1620591617,16:20:17,20210509
2,2019-08-31,EMMSV,USD,2019-08-31,2019-08-31,Q2,8691000.0,-49000.0,1666000.0,371000.0,1851000.0,1228000.0,0.0,-743000.0,-3561000.0,0.0,4169000.0,155000.0,0.0,0.0,0.0,-373000.0,-218000.0,-2226000.0,0.0,1186000.0,-1121000.0,-3377000.0,-3296000.0,0.0,-7287000.0,3077000.0,10364000.0,4169000.0,155000.0,4324000.0,,,1620591617,16:20:17,20210509
3,2019-05-31,EMMSV,USD,2019-05-31,2019-05-31,Q1,2516000.0,889000.0,-396000.0,395000.0,21960000.0,-1501000.0,0.0,507000.0,-5412000.0,0.0,-1730000.0,-244000.0,0.0,0.0,0.0,0.0,-244000.0,-27050000.0,0.0,-2760000.0,-1121000.0,29097000.0,-1834000.0,0.0,4134000.0,4134000.0,0.0,-1730000.0,-244000.0,-1974000.0,,,1620591617,16:20:17,20210509
4,2019-02-28,EMMSV,USD,2019-02-28,2019-02-28,Q4,2255000.0,1109000.0,2445000.0,266000.0,-4718000.0,4656000.0,0.0,-1267000.0,-27372000.0,0.0,4659000.0,-363000.0,0.0,0.0,0.0,0.0,-363000.0,-4688000.0,0.0,3178000.0,-1462000.0,-3357000.0,-6329000.0,0.0,-2033000.0,7942000.0,9975000.0,4659000.0,-363000.0,4296000.0,,,1620591617,16:20:17,20210509
5,2018-11-30,EMMSV,USD,2018-11-30,2018-11-30,Q3,3108000.0,1006000.0,-171000.0,387000.0,809000.0,-2048000.0,0.0,1677000.0,-22654000.0,0.0,4043000.0,-50000.0,0.0,0.0,0.0,171000.0,121000.0,-1671000.0,0.0,-1466000.0,-1068000.0,1627000.0,-2578000.0,0.0,1586000.0,9975000.0,8389000.0,4043000.0,-50000.0,3993000.0,,,1620591617,16:20:17,20210509
6,2018-08-31,EMMSV,USD,2018-08-31,2018-08-31,Q2,1186000.0,1114000.0,-284000.0,438000.0,-1660000.0,-2123000.0,0.0,-109000.0,-23463000.0,0.0,-152000.0,-85000.0,0.0,0.0,0.0,0.0,-85000.0,-1646000.0,0.0,3306000.0,-1003000.0,-3607000.0,-2950000.0,0.0,-3187000.0,8389000.0,11576000.0,-152000.0,-85000.0,-237000.0,,,1620591617,16:20:17,20210509
7,2018-05-31,EMMSV,USD,2018-05-31,2018-05-31,Q1,24239000.0,1264000.0,4181000.0,463000.0,-48899000.0,2518000.0,0.0,-5146000.0,-21803000.0,0.0,-811000.0,-20000.0,0.0,0.0,0.0,60000000.0,59980000.0,-54533000.0,0.0,-10456000.0,-1721000.0,13002000.0,-53708000.0,0.0,11576000.0,11576000.0,0.0,-811000.0,-20000.0,-831000.0,,,1620591617,16:20:17,20210509
8,2018-02-28,EMMSV,USD,2018-02-28,2018-02-28,Q4,15348000.0,1414000.0,14015000.0,638000.0,24202000.0,2724000.0,0.0,1820000.0,27096000.0,0.0,3705000.0,-618000.0,0.0,0.0,0.0,108000.0,-510000.0,-2552000.0,0.0,-4107000.0,-1315000.0,4989000.0,-2985000.0,0.0,210000.0,4107000.0,3897000.0,3705000.0,-618000.0,3087000.0,,,1620591617,16:20:17,20210509
9,2017-11-30,EMMSV,USD,2017-11-30,2017-11-30,Q3,2079000.0,1425000.0,-481000.0,620000.0,-950000.0,2073000.0,0.0,1434000.0,2894000.0,0.0,3166000.0,-353000.0,0.0,0.0,0.0,162000.0,-191000.0,-9507000.0,0.0,0.0,-1302000.0,7013000.0,-3796000.0,0.0,-821000.0,3897000.0,4718000.0,3166000.0,-353000.0,2813000.0,,,1620591617,16:20:17,20210509
10,2017-08-31,EMMSV,USD,2017-08-31,2017-08-31,Q2,71604000.0,1696000.0,-1425000.0,707000.0,2763000.0,1744000.0,0.0,-2374000.0,3844000.0,0.0,3628000.0,-441000.0,0.0,0.0,0.0,79968000.0,79527000.0,-84290000.0,0.0,2190000.0,-1182000.0,2655000.0,-80627000.0,0.0,2528000.0,4718000.0,2190000.0,3628000.0,-441000.0,3187000.0,,,1620591617,16:20:17,20210509
11,2017-05-31,EMMSV,USD,2017-05-31,2017-05-31,Q1,572000.0,1629000.0,25000.0,689000.0,9227000.0,-1350000.0,0.0,-10581000.0,1081000.0,0.0,-10258000.0,-397000.0,0.0,0.0,0.0,0.0,-397000.0,-4484000.0,0.0,-2190000.0,-1072000.0,9242000.0,1496000.0,0.0,-9159000.0,2190000.0,11349000.0,-10258000.0,-397000.0,-10655000.0,,,1620591617,16:20:17,20210509
12,2017-02-28,EMMSV,USD,2017-02-28,2017-02-28,Q4,-7477000.0,1451000.0,2078000.0,703000.0,-22704000.0,6192000.0,0.0,7859000.0,-8146000.0,0.0,9350000.0,-1447000.0,0.0,5000.0,0.0,7564000.0,6122000.0,-10108000.0,0.0,-11344000.0,-1314000.0,16586000.0,-6180000.0,0.0,9292000.0,11349000.0,2057000.0,9350000.0,-1447000.0,7903000.0,,,1620591617,16:20:17,20210509
13,2016-11-30,EMMSV,USD,2016-11-30,2016-11-30,Q3,18153000.0,1548000.0,-633000.0,701000.0,4467000.0,726000.0,0.0,-520000.0,14558000.0,0.0,3613000.0,-692000.0,0.0,0.0,0.0,23436000.0,22744000.0,-32697000.0,0.0,0.0,-2189000.0,4892000.0,-29994000.0,0.0,-3637000.0,2057000.0,5694000.0,3613000.0,-692000.0,2921000.0,,,1620591617,16:20:17,20210509
14,2016-08-31,EMMSV,USD,2016-08-31,2016-08-31,Q2,231000.0,1709000.0,-633000.0,660000.0,3052000.0,-1438000.0,0.0,325000.0,10091000.0,0.0,4020000.0,-309000.0,0.0,-5000.0,0.0,326000.0,12000.0,-5675000.0,0.0,4279000.0,-887000.0,-339000.0,-2622000.0,0.0,1410000.0,5694000.0,4284000.0,4020000.0,-309000.0,3711000.0,,,1620591617,16:20:17,20210509
15,2016-05-31,EMMSV,USD,2016-05-31,2016-05-31,Q1,3315000.0,1759000.0,-634000.0,856000.0,6633000.0,-2020000.0,0.0,-2533000.0,7039000.0,0.0,2069000.0,-402000.0,0.0,0.0,0.0,23000.0,-379000.0,-7490000.0,0.0,-4284000.0,-1187000.0,11099000.0,-1862000.0,0.0,-172000.0,4284000.0,4456000.0,2069000.0,-402000.0,1667000.0,,,1620591617,16:20:17,20210509
16,2016-02-29,EMMSV,USD,2016-02-29,2016-02-29,Q4,-11771000.0,1834000.0,423000.0,235000.0,-14561000.0,5172000.0,0.0,3058000.0,406000.0,0.0,8414000.0,-1445000.0,0.0,0.0,0.0,-16000.0,-1461000.0,-7206000.0,0.0,-140000.0,-1455000.0,1988000.0,-6813000.0,0.0,140000.0,4456000.0,4316000.0,8414000.0,-1445000.0,6969000.0,,,1620591617,16:20:17,20210509
17,2015-11-30,EMMSV,USD,2015-11-30,2015-11-30,Q3,7122000.0,1955000.0,-840000.0,904000.0,753000.0,-1459000.0,0.0,-2270000.0,14967000.0,0.0,4621000.0,-662000.0,0.0,0.0,0.0,16000.0,-646000.0,-7194000.0,0.0,2435000.0,-1904000.0,253000.0,-6410000.0,0.0,-2435000.0,4316000.0,6751000.0,4621000.0,-662000.0,3959000.0,,,1620591617,16:20:17,20210509
18,2015-08-31,EMMSV,USD,2015-08-31,2015-08-31,Q2,5548000.0,1830000.0,-842000.0,1661000.0,284000.0,7000.0,0.0,1235000.0,14214000.0,0.0,10390000.0,-860000.0,0.0,0.0,0.0,84000.0,-776000.0,-8172000.0,0.0,-3481000.0,-851000.0,6371000.0,-6133000.0,0.0,3481000.0,6751000.0,3270000.0,10390000.0,-860000.0,9530000.0,,,1620591617,16:20:17,20210509
19,2015-05-31,EMMSV,USD,2015-05-31,2015-05-31,Q1,2158000.0,1845000.0,-841000.0,2104000.0,805000.0,-1924000.0,0.0,-3259000.0,13930000.0,0.0,1689000.0,-421000.0,0.0,0.0,0.0,23000.0,-398000.0,-1656000.0,0.0,-3270000.0,-1636000.0,4872000.0,-1690000.0,0.0,-399000.0,3270000.0,3669000.0,1689000.0,-421000.0,1268000.0,,,1620591617,16:20:17,20210509
20,2015-02-28,EMMSV,USD,2015-02-28,2015-02-28,Q4,-102524000.0,1869000.0,-27817000.0,685000.0,-11576000.0,4172000.0,0.0,2762000.0,13125000.0,0.0,7854000.0,-949000.0,57729000.0,0.0,0.0,-60611000.0,-3831000.0,-5166000.0,0.0,554000.0,-1441000.0,1476000.0,-4577000.0,0.0,-554000.0,3669000.0,4223000.0,7854000.0,-949000.0,6905000.0,,,1620591617,16:20:17,20210509
21,2014-11-30,EMMSV,USD,2014-11-30,2014-11-30,Q3,6377000.0,1826000.0,-4453000.0,597000.0,595000.0,-1407000.0,0.0,-560000.0,24701000.0,0.0,6833000.0,-890000.0,-185000.0,0.0,0.0,137000.0,-938000.0,-7655000.0,0.0,2175000.0,-1457000.0,-1133000.0,-8070000.0,0.0,-2175000.0,4223000.0,6398000.0,6833000.0,-890000.0,5943000.0,,,1620591617,16:20:17,20210509
22,2014-08-31,EMMSV,USD,2014-08-31,2014-08-31,Q2,5903000.0,1914000.0,-2099000.0,583000.0,11365000.0,-522000.0,0.0,-5571000.0,24106000.0,0.0,4623000.0,-1050000.0,-57544000.0,0.0,0.0,-76038000.0,-134632000.0,-60635000.0,0.0,-3529000.0,-881000.0,198583000.0,133538000.0,0.0,3529000.0,6398000.0,2869000.0,4623000.0,-1050000.0,3573000.0,,,1620591617,16:20:17,20210509
23,2014-05-31,EMMSV,USD,2014-05-31,2014-05-31,Q1,2667000.0,1544000.0,-2344000.0,948000.0,7979000.0,-9197000.0,0.0,2996000.0,12741000.0,0.0,-854000.0,-625000.0,0.0,0.0,0.0,-192000.0,-817000.0,-6085000.0,0.0,-2869000.0,-1649000.0,9839000.0,-764000.0,0.0,-2435000.0,2869000.0,5304000.0,-854000.0,-625000.0,-1479000.0,,,1620591617,16:20:17,20210509
24,2014-02-28,EMMSV,USD,2014-02-28,2014-02-28,Q4,38335000.0,1446000.0,35113000.0,1331000.0,-3651000.0,2102000.0,0.0,1829000.0,4762000.0,0.0,8646000.0,-780000.0,0.0,0.0,0.0,-447000.0,-1227000.0,-7061000.0,0.0,15000.0,-1006000.0,610000.0,-7442000.0,0.0,-15000.0,5304000.0,5319000.0,8646000.0,-780000.0,7866000.0,,,1620591617,16:20:17,20210509
25,2013-11-30,EMMSV,USD,2013-11-30,2013-11-30,Q3,8503000.0,1869000.0,-649000.0,471000.0,1340000.0,1522000.0,0.0,-391000.0,8413000.0,0.0,6147000.0,-420000.0,0.0,0.0,0.0,10000.0,-410000.0,-5050000.0,0.0,1502000.0,-1798000.0,-1893000.0,-7239000.0,0.0,-1502000.0,5319000.0,6821000.0,6147000.0,-420000.0,5727000.0,,,1620591617,16:20:17,20210509
26,2013-08-31,EMMSV,USD,2013-08-31,2013-08-31,Q2,5406000.0,988000.0,-639000.0,2419000.0,-248000.0,-2428000.0,0.0,1751000.0,7073000.0,0.0,8399000.0,-841000.0,0.0,0.0,0.0,-812000.0,-1653000.0,-5032000.0,0.0,-1862000.0,-859000.0,2847000.0,-4906000.0,22000.0,1862000.0,6821000.0,4959000.0,8399000.0,-841000.0,7558000.0,,,1620591617,16:20:17,20210509
27,2013-05-31,EMMSV,USD,2013-05-31,2013-05-31,Q1,4957000.0,1401000.0,-649000.0,663000.0,1520000.0,-4452000.0,0.0,-1485000.0,7321000.0,0.0,1503000.0,-1016000.0,0.0,0.0,0.0,-1057000.0,-2073000.0,-6983000.0,0.0,-4959000.0,-957000.0,9723000.0,-3176000.0,-30000.0,-3776000.0,4959000.0,8735000.0,1503000.0,-1016000.0,487000.0,,,1620591617,16:20:17,20210509
28,2013-02-28,EMMSV,USD,2013-02-28,2013-02-28,Q4,8947000.0,5675000.0,6519000.0,618000.0,5801000.0,632000.0,0.0,-4501000.0,5801000.0,0.0,1845000.0,-3364000.0,0.0,0.0,0.0,117517000.0,114153000.0,-279716000.0,0.0,-8735000.0,-5103000.0,180672000.0,-112882000.0,167000.0,3116000.0,8735000.0,5619000.0,1845000.0,-3364000.0,-1519000.0,,,1620591617,16:20:17,20210509
29,2012-05-31,EMMSV,USD,2012-05-31,2012-05-31,Q1,0.0,0.0,0.0,0.0,0.0,0.0,0.0,0.0,0.0,0.0,0.0,0.0,0.0,0.0,0.0,0.0,0.0,0.0,0.0,0.0,0.0,0.0,0.0,0.0,0.0,0.0,0.0,0.0,0.0,0.0,,,1620591617,16:20:17,20210509
30,2012-02-29,EMMSV,USD,2012-02-29,2012-02-29,Q4,0.0,0.0,0.0,0.0,0.0,0.0,0.0,0.0,0.0,0.0,0.0,0.0,0.0,0.0,0.0,0.0,0.0,0.0,0.0,0.0,0.0,0.0,0.0,0.0,0.0,0.0,0.0,0.0,0.0,0.0,,,1620591617,16:20:17,20210509
31,2011-11-30,EMMSV,USD,2011-11-30,2011-11-30,Q3,0.0,0.0,0.0,0.0,0.0,0.0,0.0,0.0,0.0,0.0,0.0,0.0,0.0,0.0,0.0,0.0,0.0,0.0,0.0,0.0,0.0,0.0,0.0,0.0,0.0,0.0,0.0,0.0,0.0,0.0,,,1620591617,16:20:17,20210509
32,2011-08-31,EMMSV,USD,2011-08-31,2011-08-31,Q2,0.0,0.0,0.0,0.0,0.0,0.0,0.0,0.0,0.0,0.0,0.0,0.0,0.0,0.0,0.0,0.0,0.0,0.0,0.0,0.0,0.0,0.0,0.0,0.0,0.0,0.0,0.0,0.0,0.0,0.0,,,1620591617,16:20:17,20210509
