,date,symbol,reportedCurrency,fillingDate,acceptedDate,period,netIncome,depreciationAndAmortization,deferredIncomeTax,stockBasedCompensation,changeInWorkingCapital,accountsReceivables,inventory,accountsPayables,otherWorkingCapital,otherNonCashItems,netCashProvidedByOperatingActivities,investmentsInPropertyPlantAndEquipment,acquisitionsNet,purchasesOfInvestments,salesMaturitiesOfInvestments,otherInvestingActivites,netCashUsedForInvestingActivites,debtRepayment,commonStockIssued,commonStockRepurchased,dividendsPaid,otherFinancingActivites,netCashUsedProvidedByFinancingActivities,effectOfForexChangesOnCash,netChangeInCash,cashAtEndOfPeriod,cashAtBeginningOfPeriod,operatingCashFlow,capitalExpenditure,freeCashFlow,link,finalLink,timestamp,est_time,est_date
0,2020-06-30,IDIV,USD,2020-08-13,2020-08-13 16:44:26,Q2,4720141.0,18581.0,0.0,0.0,359746.0,-400813.0,0.0,0.0,637507.0,0.0,-11908952.0,0.0,0.0,42964919.0,0.0,645750.0,645750.0,0.0,0.0,-445795.0,-773875.0,-973830.0,-645750.0,0.0,-11908952.0,1221237.0,13130189.0,-11908952.0,0.0,-11908952.0,https://www.sec.gov/Archives/edgar/data/1688487/000121390020021914/0001213900-20-021914-index.htm,https://www.sec.gov/Archives/edgar/data/1688487/000121390020021914/f10q0620_metaurusequity.htm,1620593436,16:50:36,20210509
1,2020-03-31,IDIV,USD,2020-05-14 00:00:00,2020-05-14 14:50:59,Q1,-4841071.0,89443.0,0.0,0.0,118716.0,0.0,0.0,0.0,277761.0,0.0,11995881.0,0.0,0.0,0.0,0.0,773875.0,773875.0,0.0,0.0,-163750.0,-773875.0,163750.0,-773875.0,0.0,11995881.0,13130189.0,1134308.0,11995881.0,0.0,11995881.0,https://www.sec.gov/Archives/edgar/data/1688487/000121390020012205/0001213900-20-012205-index.htm,https://www.sec.gov/Archives/edgar/data/1688487/000121390020012205/f10q0320_metaurusequity.htm,1620593436,16:50:36,20210509
2,2019-12-31,IDIV,USD,2020-03-30 00:00:00,2020-03-30 16:57:06,Q4,2254672.0,122004.0,0.0,0.0,-492896.0,0.0,0.0,-58747.0,159045.0,0.0,-554328.0,0.0,0.0,0.0,0.0,0.0,0.0,0.0,1.0,360126.0,-656000.0,295874.0,1.0,0.0,-554327.0,1134308.0,1688635.0,-554328.0,0.0,-554328.0,https://www.sec.gov/Archives/edgar/data/1688487/000121390020008034/0001213900-20-008034-index.html,https://www.sec.gov/Archives/edgar/data/1688487/000121390020008034/f10k2019_metaurusequity.htm,1620593436,16:50:36,20210509
3,2019-09-30,IDIV,USD,2019-11-14 00:00:00,2019-11-14 15:15:41,Q3,596720.0,290445.0,0.0,0.0,339335.0,0.0,0.0,58747.0,651941.0,0.0,313446.0,0.0,0.0,0.0,0.0,0.0,0.0,0.0,475.0,-313921.0,-665125.0,979046.0,475.0,0.0,313921.0,470261.0,156340.0,313446.0,0.0,313446.0,https://www.sec.gov/Archives/edgar/data/1688487/000121390019023429/0001213900-19-023429-index.html,https://www.sec.gov/Archives/edgar/data/1688487/000121390019023429/f10q0919_metaurus.htm,1620593436,16:50:36,20210509
4,2019-06-30,IDIV,USD,2019-08-14 00:00:00,2019-08-14 17:08:58,Q2,761724.0,0.0,0.0,0.0,25211.0,0.0,0.0,0.0,312606.0,0.0,-9067044.0,0.0,0.0,0.0,0.0,0.0,0.0,0.0,8968870.0,98174.0,-120750.0,22576.0,8968870.0,0.0,-98174.0,156340.0,254514.0,-9067044.0,0.0,-9067044.0,https://www.sec.gov/Archives/edgar/data/1688487/000121390019015871/0001213900-19-015871-index.html,https://www.sec.gov/Archives/edgar/data/1688487/000121390019015871/f10q0619_metaurusequity.htm,1620593436,16:50:36,20210509
5,2019-03-31,IDIV,USD,2019-04-01 00:00:00,2019-04-01 14:13:20,Q1,1863513.0,0.0,0.0,0.0,208758.0,0.0,0.0,0.0,287395.0,0.0,184884.0,0.0,0.0,0.0,0.0,0.0,0.0,0.0,0.0,-254514.0,-103250.0,357764.0,0.0,0.0,184884.0,254514.0,69630.0,184884.0,0.0,184884.0,https://www.sec.gov/Archives/edgar/data/1688487/000121390019005422/0001213900-19-005422-index.html,https://www.sec.gov/Archives/edgar/data/1688487/000121390019005422/f10k2018_metaurusequity.htm,1620593436,16:50:36,20210509
6,2018-12-31,IDIV,USD,2019-04-01 00:00:00,2019-04-01 14:13:20,Q4,-1516339.0,0.0,0.0,0.0,-130602.0,0.0,0.0,0.0,78637.0,0.0,13104424.0,0.0,0.0,0.0,0.0,69631.0,69631.0,0.0,-13144112.0,95557.0,0.0,-95557.0,-13144112.0,0.0,29943.0,69630.0,39687.0,13104424.0,0.0,13104424.0,https://www.sec.gov/Archives/edgar/data/1688487/000121390019005422/0001213900-19-005422-index.html,https://www.sec.gov/Archives/edgar/data/1688487/000121390019005422/f10k2018_metaurusequity.htm,1620593436,16:50:36,20210509
7,2018-09-30,IDIV,USD,2018-11-14 00:00:00,2018-11-14 16:07:36,Q3,1126107.0,0.0,0.0,0.0,19217.0,0.0,0.0,0.0,209239.0,0.0,9901.0,0.0,0.0,0.0,0.0,-1.0,-1.0,0.0,-2.0,-9898.0,0.0,9898.0,-2.0,0.0,9898.0,165187.0,155289.0,9901.0,0.0,9901.0,https://www.sec.gov/Archives/edgar/data/1688487/000121390018015779/0001213900-18-015779-index.html,https://www.sec.gov/Archives/edgar/data/1688487/000121390018015779/f10q0918_metaurusequity.htm,1620593436,16:50:36,20210509
8,2018-06-30,IDIV,USD,2018-08-14 00:00:00,2018-08-14 17:30:03,Q2,390232.0,0.0,0.0,0.0,-8981.0,0.0,0.0,0.0,190022.0,0.0,-13114325.0,0.0,0.0,0.0,0.0,-295928.0,-295928.0,0.0,13144114.0,140639.0,0.0,-140639.0,13144114.0,0.0,-266139.0,155289.0,421428.0,-13114325.0,0.0,-13114325.0,https://www.sec.gov/Archives/edgar/data/1688487/000121390018011087/0001213900-18-011087-index.html,https://www.sec.gov/Archives/edgar/data/1688487/000121390018011087/f10q0618_metaurusequity.htm,1620593436,16:50:36,20210509
