,date,symbol,reportedCurrency,fillingDate,acceptedDate,period,netIncome,depreciationAndAmortization,deferredIncomeTax,stockBasedCompensation,changeInWorkingCapital,accountsReceivables,inventory,accountsPayables,otherWorkingCapital,otherNonCashItems,netCashProvidedByOperatingActivities,investmentsInPropertyPlantAndEquipment,acquisitionsNet,purchasesOfInvestments,salesMaturitiesOfInvestments,otherInvestingActivites,netCashUsedForInvestingActivites,debtRepayment,commonStockIssued,commonStockRepurchased,dividendsPaid,otherFinancingActivites,netCashUsedProvidedByFinancingActivities,effectOfForexChangesOnCash,netChangeInCash,cashAtEndOfPeriod,cashAtBeginningOfPeriod,operatingCashFlow,capitalExpenditure,freeCashFlow,link,finalLink,timestamp,est_time,est_date
0,2020-12-31,ICGL,USD,2021-03-31,2021-03-31 06:26:41,Q4,-7821.0,0.0,0.0,0.0,-7821.0,0.0,0.0,-28601.0,-809702.0,-3610.0,2760363.0,0.0,0.0,0.0,0.0,0.0,0.0,0.0,0.0,0.0,0.0,0.0,0.0,0.0,0.0,0.0,0.0,2760363.0,0.0,2760363.0,https://www.sec.gov/Archives/edgar/data/1598924/000149315221007289/0001493152-21-007289-index.htm,https://www.sec.gov/Archives/edgar/data/1598924/000149315221007289/form10-k.htm,1620593405,16:50:05,20210509
1,2020-09-30,ICGL,USD,2020-11-16,2020-11-16 06:16:54,Q3,-2836.0,0.0,0.0,0.0,-2831.0,0.0,0.0,0.0,-801881.0,0.0,2836.0,0.0,0.0,0.0,0.0,0.0,0.0,0.0,0.0,0.0,0.0,0.0,0.0,0.0,0.0,0.0,0.0,2836.0,0.0,2836.0,https://www.sec.gov/Archives/edgar/data/1598924/000149315220021400/0001493152-20-021400-index.htm,https://www.sec.gov/Archives/edgar/data/1598924/000149315220021400/form10-q.htm,1620593405,16:50:05,20210509
2,2020-06-30,ICGL,USD,2020-08-07,2020-08-07 10:48:17,Q2,-2840.0000000000023,0.0,0.0,0.0,-2840.0,0.0,0.0,2836.0,-799050.0,0.0,-2763199.0,0.0,0.0,0.0,0.0,0.0,0.0,0.0,0.0,0.0,0.0,0.0,0.0,0.0,0.0,0.0,0.0,-2763199.0,0.0,-2763199.0,https://www.sec.gov/Archives/edgar/data/1598924/000149315220014934/0001493152-20-014934-index.htm,https://www.sec.gov/Archives/edgar/data/1598924/000149315220014934/form10-q.htm,1620593405,16:50:05,20210509
3,2020-03-31,ICGL,USD,2020-05-11 00:00:00,2020-05-11 12:51:14,Q1,-29370.0,0.0,0.0,0.0,-256617.0,0.0,0.0,25765.0,-796210.0,3610.0,0.0,0.0,0.0,0.0,0.0,0.0,0.0,0.0,0.0,0.0,0.0,0.0,0.0,0.0,0.0,0.0,0.0,0.0,0.0,0.0,https://www.sec.gov/Archives/edgar/data/1598924/000149315220008198/0001493152-20-008198-index.html,https://www.sec.gov/Archives/edgar/data/1598924/000149315220008198/form10q.htm,1620593405,16:50:05,20210509
4,2019-12-31,ICGL,USD,2020-02-18 00:00:00,2020-02-18 07:05:18,Q4,-18679.999999999807,0.0,0.0,0.0,208567.0,0.0,0.0,11476.0,-539593.0,7200.000000000095,0.0,0.0,0.0,0.0,0.0,0.0,0.0,0.0,0.0,0.0,0.0,0.0,0.0,0.0,0.0,0.0,0.0,0.0,0.0,0.0,https://www.sec.gov/Archives/edgar/data/1598924/000149315220002635/0001493152-20-002635-index.html,https://www.sec.gov/Archives/edgar/data/1598924/000149315220002635/form10-k.htm,1620593405,16:50:05,20210509
5,2019-09-30,ICGL,USD,2019-11-06 00:00:00,2019-11-06 12:54:39,Q3,-18900.00000000036,0.0,0.0,0.0,-18900.0,0.0,0.0,15632.0,-748160.0,3270.000000000106,0.0,0.0,0.0,0.0,0.0,0.0,0.0,0.0,0.0,0.0,0.0,0.0,0.0,0.0,0.0,0.0,0.0,0.0,0.0,0.0,https://www.sec.gov/Archives/edgar/data/1598924/000149315219016527/0001493152-19-016527-index.html,https://www.sec.gov/Archives/edgar/data/1598924/000149315219016527/form10-q.htm,1620593405,16:50:05,20210509
6,2019-06-30,ICGL,USD,2019-08-14,2019-08-14 14:27:00,Q2,-33049.9999999998,0.0,0.0,0.0,-33050.0,0.0,0.0,11696.0,-729260.0,21349.99999999998,0.0,0.0,0.0,0.0,0.0,0.0,0.0,0.0,0.0,0.0,0.0,0.0,0.0,0.0,0.0,0.0,0.0,0.0,0.0,0.0,https://www.sec.gov/Archives/edgar/data/1598924/000149315219012421/0001493152-19-012421-index.htm,https://www.sec.gov/Archives/edgar/data/1598924/000149315219012421/form10-q.htm,1620593405,16:50:05,20210509
7,2019-03-31,ICGL,USD,2019-05-15 00:00:00,2019-05-15 15:02:49,Q1,-2845580.0,0.0,0.0,0.0,-53780.0,0.0,0.0,0.0,-696210.0,2845580.0,0.0,0.0,0.0,0.0,0.0,0.0,0.0,0.0,0.0,0.0,0.0,0.0,0.0,0.0,0.0,0.0,0.0,0.0,0.0,0.0,https://www.sec.gov/Archives/edgar/data/1598924/000149315219007324/0001493152-19-007324-index.html,https://www.sec.gov/Archives/edgar/data/1598924/000149315219007324/form10-q.htm,1620593405,16:50:05,20210509
8,2018-12-31,ICGL,USD,2019-03-26 00:00:00,2019-03-25 18:10:09,Q4,-907550.0,51470.000000000015,0.0,0.0,9327570.0,23664.0,-569.0,-95017.0,-642430.0,958230.0,8270.0,1692.0,0.0,0.0,0.0,-16332.0,-13780.000000000015,227.0,0.0,0.0,0.0,-16525.0,1480.000000000009,-10820.0,-14859.999999999998,5140.000000000002,20000.0,8270.0,1692.0,10819.999999999996,https://www.sec.gov/Archives/edgar/data/1598924/000149315219003894/0001493152-19-003894-index.html,https://www.sec.gov/Archives/edgar/data/1598924/000149315219003894/form10-k.htm,1620593405,16:50:05,20210509
9,2018-09-30,ICGL,USD,2018-11-26 00:00:00,2018-11-26 14:28:42,Q3,-330000.00000000006,70000.0,0.0,0.0,90000.0,-1327.0,-1082.0,89007.0,-9970000.0,0.0,-180000.0,-3149.0,0.0,0.0,0.0,0.0,0.0,431.0,0.0,0.0,0.0,147486.0,159999.99999999997,10000.0,-10000.000000000002,19999.999999999996,30000.0,-180000.0,-3149.0,-180000.0,https://www.sec.gov/Archives/edgar/data/1598924/000149315218016712/0001493152-18-016712-index.html,https://www.sec.gov/Archives/edgar/data/1598924/000149315218016712/form10q.htm,1620593405,16:50:05,20210509
10,2018-06-30,ICGL,USD,2018-08-22 00:00:00,2018-08-21 20:36:13,Q2,-350000.0,79999.99999999999,0.0,0.0,-900000.0,81122.0,83649.0,-489450.0,-10060000.0,0.0,-370000.0,-2430.0,0.0,0.0,0.0,0.0,-9999.999999999982,313699.0,0.0,0.0,0.0,85743.0,380000.0,0.0,10000.000000000002,20000.000000000004,10000.0,-370000.0,-2430.0,-380000.0,https://www.sec.gov/Archives/edgar/data/1598924/000149315218012446/0001493152-18-012446-index.html,https://www.sec.gov/Archives/edgar/data/1598924/000149315218012446/form10-q.htm,1620593405,16:50:05,20210509
11,2018-03-31,ICGL,USD,2018-04-17 00:00:00,2018-04-17 16:43:32,Q1,-250000.0,69999.99999999999,0.0,0.0,540000.0,-18289.0,-32405.0,676244.0,-9160000.0,70000.0,430000.0,-143560.0,0.0,0.0,0.0,0.0,-140000.0,-334109.0,0.0,0.0,0.0,14526.0,-330000.0,0.0,-50000.0,10000.0,60000.0,430000.0,-143560.0,290000.0,https://www.sec.gov/Archives/edgar/data/1598924/000149315218005344/0001493152-18-005344-index.html,https://www.sec.gov/Archives/edgar/data/1598924/000149315218005344/form10-k.htm,1620593405,16:50:05,20210509
12,2017-12-31,ICGL,USD,2018-04-17,2018-04-17 16:43:32,Q4,1657360000.0,900000.0,0.0,1660400000.0,-9370000.0,0.0,312612.0,1313066.0,-9700000.0,-1659150000.0,-380000.0,-148065.0,0.0,0.0,0.0,-520818.0,-670000.0,-1087344.0,0.0,0.0,0.0,2266468.0,1120000.0,0.0,60000.0,60000.0,0.0,-380000.0,-148065.0,-1010000.0,https://www.sec.gov/Archives/edgar/data/1598924/000149315218005344/0001493152-18-005344-index.htm,https://www.sec.gov/Archives/edgar/data/1598924/000149315218005344/form10-k.htm,1620593405,16:50:05,20210509
13,2017-09-30,ICGL,USD,2017-11-13 00:00:00,2017-11-13 10:31:53,Q3,-1660520000.0,0.0,0.0,-1660400000.0,-130000.0,0.0,0.0,0.0,-330000.0,1660400000.0,-140000.0,0.0,0.0,0.0,0.0,0.0,0.0,144126.0,0.0,0.0,0.0,0.0,140000.0,0.0,0.0,0.0,0.0,-140000.0,0.0,-140000.0,https://www.sec.gov/Archives/edgar/data/1598924/000149315217012834/0001493152-17-012834-index.html,https://www.sec.gov/Archives/edgar/data/1598924/000149315217012834/form10-q.htm,1620593405,16:50:05,20210509
14,2017-06-30,ICGL,USD,2017-08-14 00:00:00,2017-08-14 08:33:43,Q2,-159999.99999999997,0.0,0.0,0.0,-160000.0,0.0,0.0,-6591.0,-200000.0,10000.0,-1000000.0,0.0,0.0,0.0,0.0,0.0,80000.0,163155.0,0.0,0.0,0.0,0.0,919999.9999999999,0.0,0.0,0.0,0.0,-1000000.0,0.0,-1000000.0,https://www.sec.gov/Archives/edgar/data/1598924/000149315217009059/0001493152-17-009059-index.html,https://www.sec.gov/Archives/edgar/data/1598924/000149315217009059/form10-q.htm,1620593405,16:50:05,20210509
15,2017-03-31,ICGL,USD,2017-04-18 00:00:00,2017-04-18 17:21:13,Q1,-50000.0,50000.0,0.0,0.0,5890000.0,0.0,0.0,6591.0,-40000.0,-10000.0,780000.0,-80000.0,0.0,0.0,0.0,0.0,-80000.0,55130.0,0.0,0.0,0.0,0.0,-700000.0,0.0,0.0,0.0,0.0,780000.0,-80000.0,700000.0,https://www.sec.gov/Archives/edgar/data/1598924/000149315217004104/0001493152-17-004104-index.html,https://www.sec.gov/Archives/edgar/data/1598924/000149315217004104/form10-k.htm,1620593405,16:50:05,20210509
16,2016-12-31,ICGL,USD,2017-11-03,2017-11-03 06:16:31,Q4,-760000.0,550000.0,0.0,9363637.0,-6970000.0,443173.0,255725.0,94375.0,-5930000.0,-290000.0,-70000.0,306.0,0.0,0.0,0.0,0.0,-2030000.0,0.0,0.0,0.0,0.0,-263162.0,1770000.0,-10000.0,-340000.0,-290000.0,50000.0,-70000.0,306.0,-2190000.0,https://www.sec.gov/Archives/edgar/data/1598924/000149315217012364/0001493152-17-012364-index.htm,https://www.sec.gov/Archives/edgar/data/1598924/000149315217012364/form10-ka.htm,1620593405,16:50:05,20210509
17,2016-09-30,ICGL,USD,2016-11-14 00:00:00,2016-11-14 16:39:51,Q3,-60000.0,0.0,0.0,0.0,-40000.0,42.0,12466.0,27556.0,1040000.0,129999.99999999999,70000.0,216.0,0.0,0.0,0.0,0.0,0.0,0.0,0.0,0.0,0.0,-11043.0,-70000.0,0.0,0.0,70000.0,70000.0,70000.0,216.0,70000.0,https://www.sec.gov/Archives/edgar/data/1598924/000149315216014925/0001493152-16-014925-index.html,https://www.sec.gov/Archives/edgar/data/1598924/000149315216014925/form10-q.htm,1620593405,16:50:05,20210509
18,2016-06-30,ICGL,USD,2016-06-30,2016-06-30,Q2,-320000.0,0.0,0.0,0.0,-20000.0,-431803.0,-227935.0,80695.0,1080000.0,130000.0,-200000.0,0.0,0.0,0.0,0.0,0.0,0.0,0.0,0.0,0.0,0.0,306965.0,200000.0,0.0,0.0,110000.0,110000.0,-200000.0,0.0,-200000.0,,,1620593405,16:50:05,20210509
19,2016-03-31,ICGL,USD,2016-04-14 00:00:00,2016-04-14 17:24:51,Q1,-60000.0,0.0,0.0,0.0,1450000.0,-11412.0,-40256.0,-202626.0,1100000.0,30000.0,-30000.0,-522.0,0.0,0.0,0.0,0.0,0.0,0.0,0.0,0.0,0.0,62673.0,30000.0,0.0,0.0,0.0,0.0,-30000.0,-522.0,-30000.0,https://www.sec.gov/Archives/edgar/data/1598924/000149315216008937/0001493152-16-008937-index.html,https://www.sec.gov/Archives/edgar/data/1598924/000149315216008937/form10-k.htm,1620593405,16:50:05,20210509
20,2015-12-31,ICGL,USD,2016-04-14,2016-04-14 17:24:51,Q4,-1500000.0,0.0,0.0,4681819.0,-740000.0,47042.0,802586.0,-495695.0,-350000.0,5990000.0,6750000.0,2154.0,0.0,0.0,0.0,0.0,-1470000.0,0.0,-5168120.0,0.0,0.0,-57397.0,-5340000.0,0.0,-70000.0,120000.0,190000.0,6750000.0,2154.0,6750000.0,https://www.sec.gov/Archives/edgar/data/1598924/000149315216008937/0001493152-16-008937-index.htm,https://www.sec.gov/Archives/edgar/data/1598924/000149315216008937/form10-k.htm,1620593405,16:50:05,20210509
21,2015-09-30,ICGL,USD,2015-11-16 00:00:00,2015-11-16 16:07:00,Q3,-1409999.9999999993,10000.0,0.0,-4681819.0,-730000.0,-57431.0,-807636.0,346642.0,390000.0,-3580000.0,-5550000.0,-14249.0,0.0,0.0,0.0,0.0,-19999.99999999999,0.0,5296724.0,5300000.0,0.0,-191325.0,5300000.0,80000.0,-190000.0,190000.0,380000.0,-5550000.0,-14249.0,-5570000.0,https://www.sec.gov/Archives/edgar/data/1598924/000149315215005551/0001493152-15-005551-index.html,https://www.sec.gov/Archives/edgar/data/1598924/000149315215005551/form10-q.htm,1620593405,16:50:05,20210509
22,2015-06-30,ICGL,USD,2015-08-19 00:00:00,2015-08-19 13:54:02,Q2,-4910000.0,10000.0,0.0,4681819.0,1120000.0,12819.0,-406847.0,54952.0,1120000.0,4730000.0,-2050000.0,-201718.0,0.0,0.0,0.0,0.0,-10000.00000000001,0.0,2449160.0,2450000.0,0.0,327208.0,2450000.0,-80000.0,320000.0,320000.0,0.0,-2050000.0,-201718.0,-2060000.0,https://www.sec.gov/Archives/edgar/data/1598924/000114420415050637/0001144204-15-050637-index.html,https://www.sec.gov/Archives/edgar/data/1598924/000114420415050637/v418372_10q.htm,1620593405,16:50:05,20210509
23,2015-03-31,ICGL,USD,2015-05-18 00:00:00,2015-05-18 06:31:14,Q1,-30000.0,0.0,0.0,0.0,810000.0,0.0,0.0,3064.0,0.0,-30000.0,140000.0,-190000.0,0.0,0.0,0.0,0.0,-190000.0,0.0,0.0,0.0,0.0,267.0,0.0,0.0,-60000.0,10000.0,70000.0,140000.0,-190000.0,-50000.0,https://www.sec.gov/Archives/edgar/data/1598924/000147793215003331/0001477932-15-003331-index.html,https://www.sec.gov/Archives/edgar/data/1598924/000147793215003331/hgwt_10q.htm,1620593405,16:50:05,20210509
24,2014-12-31,ICGL,USD,2014-12-31,2014-12-31,Q4,-300000.0,10000.0,0.0,0.0,-860000.0,0.0,0.0,3931.0,-810000.0,650000.0,-10000.0,-60000.0,0.0,0.0,0.0,-769.0,-80000.0,0.0,0.0,-40000.0,0.0,-45712.0,-40000.0,40000.0,-90000.0,-40000.0,50000.0,-10000.0,-60000.0,-70000.0,,,1620593405,16:50:05,20210509
25,2014-09-30,ICGL,USD,2014-11-14 00:00:00,2014-11-13 20:57:42,Q3,-10000.0,0.0,0.0,0.0,30000.0,-3500.0,0.0,-5424.0,50000.0,0.0,-10000.0,0.0,0.0,0.0,0.0,-1987.0,0.0,0.0,0.0,40000.0,0.0,47283.0,40000.0,0.0,30000.0,50000.0,20000.0,-10000.0,0.0,-10000.0,https://www.sec.gov/Archives/edgar/data/1598924/000147793214006085/0001477932-14-006085-index.html,https://www.sec.gov/Archives/edgar/data/1598924/000147793214006085/havegun_10q.htm,1620593405,16:50:05,20210509
26,2014-06-30,ICGL,USD,2014-08-08 00:00:00,2014-08-08 11:21:44,Q2,10000.0,0.0,0.0,0.0,-10000.0,3500.0,0.0,1479.0,20000.0,0.0,0.0,0.0,0.0,0.0,0.0,-2359.0,0.0,0.0,0.0,0.0,0.0,36248.0,0.0,0.0,0.0,0.0,0.0,0.0,0.0,0.0,https://www.sec.gov/Archives/edgar/data/1598924/000147793214004150/0001477932-14-004150-index.html,https://www.sec.gov/Archives/edgar/data/1598924/000147793214004150/havegun_10q.htm,1620593405,16:50:05,20210509
