,date,symbol,reportedCurrency,fillingDate,acceptedDate,period,netIncome,depreciationAndAmortization,deferredIncomeTax,stockBasedCompensation,changeInWorkingCapital,accountsReceivables,inventory,accountsPayables,otherWorkingCapital,otherNonCashItems,netCashProvidedByOperatingActivities,investmentsInPropertyPlantAndEquipment,acquisitionsNet,purchasesOfInvestments,salesMaturitiesOfInvestments,otherInvestingActivites,netCashUsedForInvestingActivites,debtRepayment,commonStockIssued,commonStockRepurchased,dividendsPaid,otherFinancingActivites,netCashUsedProvidedByFinancingActivities,effectOfForexChangesOnCash,netChangeInCash,cashAtEndOfPeriod,cashAtBeginningOfPeriod,operatingCashFlow,capitalExpenditure,freeCashFlow,link,finalLink,timestamp,est_time,est_date
0,2021-03-31,AB,USD,2021-04-29,2021-04-29 06:33:24,Q1,81087.0,0.0,0.0,0.0,-880.821,0.0,0.0,0.0,0.0,0.0,104141.0,0.0,0.0,0.0,0.0,0.0,-1914.0,0.0,0.0,0.0,0.0,0.0,-102227.0,0.0,0.0,0.0,0.0,104141.0,0.0,104141.0,https://www.sec.gov/Archives/edgar/data/825313/000082531321000021/0000825313-21-000021-index.htm,https://www.sec.gov/Archives/edgar/data/825313/000082531321000021/ab-20210331.htm,1620586031,14:47:11,20210509
1,2020-12-31,AB,USD,2021-02-11,2021-02-11 06:35:08,Q4,93196000.0,0.0,0.0,107366000.0,880.821,0.0,0.0,0.0,880.821,0.0,66411000.0,0.0,0.0,0.0,0.0,0.0,0.0,0.0,0.0,0.0,-66413000.0,2000.0,-66411000.0,0.0,0.0,0.0,0.0,66411000.0,0.0,66411000.0,https://www.sec.gov/Archives/edgar/data/825313/000082531321000006/0000825313-21-000006-index.htm,https://www.sec.gov/Archives/edgar/data/825313/000082531321000006/ab-20201231.htm,1620586031,14:47:11,20210509
2,2020-09-30,AB,USD,2020-10-22,2020-10-22 06:34:11,Q3,66999000.0,0.0,0.0,0.0,0.0,0.0,0.0,0.0,0.0,0.0,59044000.0,0.0,0.0,0.0,0.0,0.0,0.0,0.0,0.0,0.0,-58938000.0,-106000.0,-59044000.0,0.0,0.0,0.0,0.0,59044000.0,0.0,59044000.0,https://www.sec.gov/Archives/edgar/data/825313/000082531320000067/0000825313-20-000067-index.htm,https://www.sec.gov/Archives/edgar/data/825313/000082531320000067/ab-20200930.htm,1620586031,14:47:11,20210509
3,2020-06-30,AB,USD,2020-07-23,2020-07-23 06:37:12,Q2,56926000.0,0.0,0.0,0.0,0.0,0.0,0.0,0.0,0.0,0.0,61553000.0,0.0,0.0,0.0,0.0,0.0,0.0,0.0,0.0,0.0,-61825000.0,272000.0,-61553000.0,0.0,0.0,0.0,0.0,61553000.0,0.0,61553000.0,https://www.sec.gov/Archives/edgar/data/825313/000082531320000046/0000825313-20-000046-index.htm,https://www.sec.gov/Archives/edgar/data/825313/000082531320000046/ab-20200630x10q.htm,1620586031,14:47:11,20210509
4,2020-03-31,AB,USD,2020-04-28,2020-04-28 06:49:33,Q1,62259000.0,0.0,0.0,0.0,-902756000.0,0.0,0.0,0.0,0.0,0.0,83006000.0,0.0,0.0,0.0,0.0,0.0,-147000.0,0.0,0.0,0.0,-83705000.0,846000.0,-82859000.0,0.0,0.0,0.0,0.0,83006000.0,0.0,83006000.0,https://www.sec.gov/Archives/edgar/data/825313/000082531320000030/0000825313-20-000030-index.htm,https://www.sec.gov/Archives/edgar/data/825313/000082531320000030/ab-20200331x10q.htm,1620586031,14:47:11,20210509
5,2019-12-31,AB,USD,2020-02-12,2020-02-12 06:24:52,Q4,80022000.0,0.0,0.0,0.0,902756000.0,0.0,0.0,0.0,902756000.0,0.0,60090000.0,0.0,0.0,0.0,0.0,0.0,-1869000.0,0.0,0.0,0.0,-60290000.0,2069000.0,-58221000.0,0.0,0.0,0.0,0.0,60090000.0,0.0,60090000.0,https://www.sec.gov/Archives/edgar/data/825313/000082531320000012/0000825313-20-000012-index.htm,https://www.sec.gov/Archives/edgar/data/825313/000082531320000012/ab-20191231x10k.htm,1620586031,14:47:11,20210509
6,2019-09-30,AB,USD,2019-10-24,2019-10-24 06:38:20,Q3,59828000.0,0.0,0.0,0.0,0.0,0.0,0.0,0.0,0.0,0.0,54003000.0,0.0,0.0,0.0,0.0,0.0,-691000.0,0.0,0.0,0.0,-54027000.0,715000.0,-53312000.0,0.0,0.0,0.0,0.0,54003000.0,0.0,54003000.0,https://www.sec.gov/Archives/edgar/data/825313/000082531319000058/0000825313-19-000058-index.htm,https://www.sec.gov/Archives/edgar/data/825313/000082531319000058/ab-20190930x10q.htm,1620586031,14:47:11,20210509
7,2019-06-30,AB,USD,2019-07-25,2019-07-25 06:54:04,Q2,52274000.0,0.0,0.0,0.0,0.0,0.0,0.0,0.0,0.0,0.0,48786000.0,0.0,0.0,0.0,0.0,0.0,-1569000.0,0.0,0.0,0.0,-47361000.0,144000.0,-47217000.0,0.0,0.0,0.0,0.0,48786000.0,0.0,48786000.0,https://www.sec.gov/Archives/edgar/data/825313/000082531319000044/0000825313-19-000044-index.htm,https://www.sec.gov/Archives/edgar/data/825313/000082531319000044/ab-2019630x10q.htm,1620586031,14:47:11,20210509
8,2019-03-31,AB,USD,2019-04-25,2019-04-25 06:50:51,Q1,46439000.0,0.0,0.0,0.0,-757241000.0,0.0,0.0,0.0,0.0,0.0,59876000.0,0.0,0.0,0.0,0.0,0.0,-7382000.0,0.0,0.0,0.0,-60807000.0,8313000.0,-52494000.0,0.0,0.0,0.0,0.0,59876000.0,0.0,59876000.0,https://www.sec.gov/Archives/edgar/data/825313/000082531319000021/0000825313-19-000021-index.htm,https://www.sec.gov/Archives/edgar/data/825313/000082531319000021/ab-20190331x10q.htm,1620586031,14:47:11,20210509
9,2018-12-31,AB,USD,2019-02-13,2019-02-13 07:17:51,Q4,59880000.0,0.0,0.0,0.0,757241000.0,0.0,0.0,0.0,757241000.0,0.0,65975000.0,0.0,0.0,0.0,0.0,0.0,-5787000.0,0.0,0.0,0.0,-66052000.0,5864000.0,-60188000.0,0.0,0.0,0.0,0.0,65975000.0,0.0,65975000.0,https://www.sec.gov/Archives/edgar/data/825313/000082531319000006/0000825313-19-000006-index.htm,https://www.sec.gov/Archives/edgar/data/825313/000082531319000006/ab-20181231x10k.htm,1620586031,14:47:11,20210509
10,2018-09-30,AB,USD,2018-10-24,2018-10-24 06:53:39,Q3,65900000.0,0.0,0.0,0.0,0.0,0.0,0.0,0.0,0.0,0.0,60440000.0,0.0,0.0,0.0,0.0,0.0,-2488000.0,0.0,0.0,0.0,-60606000.0,2654000.0,-57952000.0,0.0,0.0,0.0,0.0,60440000.0,0.0,60440000.0,https://www.sec.gov/Archives/edgar/data/825313/000082531318000058/0000825313-18-000058-index.htm,https://www.sec.gov/Archives/edgar/data/825313/000082531318000058/ab-20180930x10q.htm,1620586031,14:47:11,20210509
11,2018-06-30,AB,USD,2018-07-26,2018-07-26 06:53:39,Q2,58457000.0,0.0,0.0,0.0,0.0,0.0,0.0,0.0,0.0,0.0,72762000.0,0.0,0.0,0.0,0.0,0.0,-4306000.0,0.0,0.0,0.0,-72263000.0,3807000.0,-68456000.0,0.0,0.0,0.0,0.0,72762000.0,0.0,72762000.0,https://www.sec.gov/Archives/edgar/data/825313/000082531318000042/0000825313-18-000042-index.htm,https://www.sec.gov/Archives/edgar/data/825313/000082531318000042/ab-20180630x10q.htm,1620586031,14:47:11,20210509
12,2018-03-31,AB,USD,2018-04-26,2018-04-26 06:49:13,Q1,58160000.0,0.0,0.0,0.0,-300690000.0,0.0,0.0,0.0,0.0,0.0,80105000.0,0.0,0.0,0.0,0.0,0.0,-4008000.0,0.0,0.0,0.0,-81801000.0,5704000.0,-76097000.0,0.0,0.0,0.0,0.0,80105000.0,0.0,80105000.0,https://www.sec.gov/Archives/edgar/data/825313/000082531318000023/0000825313-18-000023-index.htm,https://www.sec.gov/Archives/edgar/data/825313/000082531318000023/ab-20180331x10q.htm,1620586031,14:47:11,20210509
13,2017-12-31,AB,USD,2018-02-13,2018-02-13 07:02:10,Q4,78593000.0,0.0,0.0,0.0,300690000.0,0.0,0.0,0.0,300690000.0,0.0,47619000.0,0.0,0.0,0.0,0.0,0.0,-2438000.0,0.0,0.0,0.0,-47332000.0,2151000.0,-45181000.0,0.0,0.0,0.0,0.0,47619000.0,0.0,47619000.0,https://www.sec.gov/Archives/edgar/data/825313/000082531318000011/0000825313-18-000011-index.htm,https://www.sec.gov/Archives/edgar/data/825313/000082531318000011/ab-20171231x10k.htm,1620586031,14:47:11,20210509
14,2017-09-30,AB,USD,2017-10-25,2017-10-25 06:51:07,Q3,43178000.0,0.0,0.0,0.0,0.0,0.0,0.0,0.0,0.0,0.0,46009000.0,0.0,0.0,0.0,0.0,0.0,-8426000.0,0.0,0.0,0.0,-45685000.0,8102000.0,-37583000.0,0.0,0.0,0.0,0.0,46009000.0,0.0,46009000.0,https://www.sec.gov/Archives/edgar/data/825313/000082531317000063/0000825313-17-000063-index.htm,https://www.sec.gov/Archives/edgar/data/825313/000082531317000063/ab-20170930x10q.htm,1620586031,14:47:11,20210509
15,2017-06-30,AB,USD,2017-07-27,2017-07-27 06:52:04,Q2,41741000.0,0.0,0.0,0.0,0.0,0.0,0.0,0.0,0.0,0.0,44463000.0,0.0,0.0,0.0,0.0,0.0,-4778000.0,0.0,0.0,0.0,-44534000.0,4849000.0,-39685000.0,0.0,0.0,0.0,0.0,44463000.0,0.0,44463000.0,https://www.sec.gov/Archives/edgar/data/825313/000082531317000040/0000825313-17-000040-index.htm,https://www.sec.gov/Archives/edgar/data/825313/000082531317000040/ab-20170630x10q.htm,1620586031,14:47:11,20210509
16,2017-03-31,AB,USD,2017-04-27,2017-04-27 06:59:18,Q1,43910000.0,0.0,0.0,0.0,-515528000.0,0.0,0.0,0.0,0.0,0.0,64319000.0,0.0,0.0,0.0,0.0,0.0,-4468000.0,0.0,0.0,0.0,-64837000.0,4986000.0,-59851000.0,0.0,0.0,0.0,0.0,64319000.0,0.0,64319000.0,https://www.sec.gov/Archives/edgar/data/825313/000082531317000024/0000825313-17-000024-index.htm,https://www.sec.gov/Archives/edgar/data/825313/000082531317000024/ab-20170331x10q.htm,1620586031,14:47:11,20210509
17,2016-12-31,AB,USD,2017-02-14,2017-02-14 06:55:23,Q4,72664000.0,0.0,0.0,0.0,515528000.0,0.0,0.0,0.0,515528000.0,0.0,42528000.0,0.0,0.0,0.0,0.0,0.0,-3737000.0,0.0,0.0,0.0,-42383000.0,3592000.0,-38791000.0,0.0,0.0,0.0,0.0,42528000.0,0.0,42528000.0,https://www.sec.gov/Archives/edgar/data/825313/000082531317000008/0000825313-17-000008-index.htm,https://www.sec.gov/Archives/edgar/data/825313/000082531317000008/ab-20161231x10k.htm,1620586031,14:47:11,20210509
18,2016-09-30,AB,USD,2016-10-26,2016-10-26 06:49:54,Q3,48471000.0,0.0,0.0,0.0,0.0,0.0,0.0,0.0,0.0,0.0,38791000.0,0.0,0.0,0.0,0.0,0.0,6000.0,0.0,0.0,0.0,-38493000.0,-304000.0,-38797000.0,0.0,0.0,0.0,0.0,38791000.0,0.0,38791000.0,https://www.sec.gov/Archives/edgar/data/825313/000082531316000095/0000825313-16-000095-index.htm,https://www.sec.gov/Archives/edgar/data/825313/000082531316000095/ab-20160930x10q.htm,1620586031,14:47:11,20210509
19,2016-06-30,AB,USD,2016-07-28,2016-07-28 06:49:54,Q2,39904000.0,0.0,0.0,0.0,0.0,0.0,0.0,0.0,0.0,0.0,32252000.0,0.0,0.0,0.0,0.0,0.0,-920000.0,0.0,0.0,0.0,-39010000.0,7678000.0,-31332000.0,0.0,0.0,0.0,0.0,32252000.0,0.0,32252000.0,https://www.sec.gov/Archives/edgar/data/825313/000082531316000078/0000825313-16-000078-index.htm,https://www.sec.gov/Archives/edgar/data/825313/000082531316000078/ab-20160630x10q.htm,1620586031,14:47:11,20210509
20,2016-03-31,AB,USD,2016-04-28,2016-04-28 06:51:10,Q1,55547000.0,0.0,0.0,0.0,-95521000.0,0.0,0.0,0.0,0.0,0.0,55960000.0,0.0,0.0,0.0,0.0,0.0,-1457000.0,0.0,0.0,0.0,-49845000.0,-4658000.0,-54503000.0,0.0,0.0,0.0,0.0,55960000.0,0.0,55960000.0,https://www.sec.gov/Archives/edgar/data/825313/000082531316000059/0000825313-16-000059-index.htm,https://www.sec.gov/Archives/edgar/data/825313/000082531316000059/ab-20160331x10q.htm,1620586031,14:47:11,20210509
21,2015-12-31,AB,USD,2016-02-11,2016-02-11 06:50:23,Q4,51682000.0,0.0,0.0,0.0,95521000.0,0.0,0.0,0.0,95521000.0,0.0,43001000.0,0.0,0.0,0.0,0.0,0.0,-254000.0,0.0,0.0,0.0,-41778000.0,-969000.0,-42747000.0,0.0,0.0,0.0,0.0,43001000.0,0.0,43001000.0,https://www.sec.gov/Archives/edgar/data/825313/000082531316000046/0000825313-16-000046-index.htm,https://www.sec.gov/Archives/edgar/data/825313/000082531316000046/ab-20151231x10k.htm,1620586031,14:47:11,20210509
22,2015-09-30,AB,USD,2015-10-22,2015-10-22 06:47:15,Q3,42687000.0,0.0,0.0,0.0,0.0,0.0,0.0,0.0,0.0,0.0,47141000.0,0.0,0.0,0.0,0.0,0.0,0.0,0.0,0.0,0.0,-48010000.0,869000.0,-47141000.0,0.0,0.0,0.0,0.0,47141000.0,0.0,47141000.0,https://www.sec.gov/Archives/edgar/data/825313/000082531315000028/0000825313-15-000028-index.htm,https://www.sec.gov/Archives/edgar/data/825313/000082531315000028/ab-20150930x10q.htm,1620586031,14:47:11,20210509
23,2015-06-30,AB,USD,2015-07-30,2015-07-30 07:04:01,Q2,48224000.0,0.0,0.0,0.0,0.0,0.0,0.0,0.0,0.0,0.0,39460000.0,0.0,0.0,0.0,0.0,0.0,-5078000.0,0.0,0.0,0.0,-45343000.0,10961000.0,-34382000.0,0.0,0.0,0.0,0.0,39460000.0,0.0,39460000.0,https://www.sec.gov/Archives/edgar/data/825313/000082531315000009/0000825313-15-000009-index.htm,https://www.sec.gov/Archives/edgar/data/825313/000082531315000009/ab-20150630x10q.htm,1620586031,14:47:11,20210509
24,2015-03-31,AB,USD,2015-04-30,2015-04-30 07:07:51,Q1,45585000.0,0.0,0.0,0.0,-43922000.0,0.0,0.0,0.0,0.0,0.0,63187000.0,0.0,0.0,0.0,0.0,0.0,-3901000.0,0.0,0.0,0.0,-57168000.0,-2118000.0,-59286000.0,0.0,0.0,0.0,0.0,63187000.0,0.0,63187000.0,https://www.sec.gov/Archives/edgar/data/825313/000114036115016912/0001140361-15-016912-index.htm,https://www.sec.gov/Archives/edgar/data/825313/000114036115016912/form10q.htm,1620586031,14:47:11,20210509
25,2014-12-31,AB,USD,2015-02-12,2015-02-12 07:14:17,Q4,57667000.0,0.0,0.0,0.0,43922000.0,0.0,0.0,0.0,43922000.0,0.0,43243000.0,0.0,0.0,0.0,0.0,0.0,-6106000.0,0.0,0.0,0.0,-43646000.0,6509000.0,-37137000.0,0.0,0.0,0.0,0.0,43243000.0,0.0,43243000.0,https://www.sec.gov/Archives/edgar/data/825313/000114036115005663/0001140361-15-005663-index.htm,https://www.sec.gov/Archives/edgar/data/825313/000114036115005663/form10k.htm,1620586031,14:47:11,20210509
26,2014-09-30,AB,USD,2014-10-23,2014-10-23 07:22:39,Q3,44134000.0,0.0,0.0,0.0,0.0,0.0,0.0,0.0,0.0,0.0,43162000.0,0.0,0.0,0.0,0.0,0.0,-823000.0,0.0,0.0,0.0,-43718000.0,1379000.0,-42339000.0,0.0,0.0,0.0,0.0,43162000.0,0.0,43162000.0,https://www.sec.gov/Archives/edgar/data/825313/000114036114038823/0001140361-14-038823-index.htm,https://www.sec.gov/Archives/edgar/data/825313/000114036114038823/form10q.htm,1620586031,14:47:11,20210509
27,2014-06-30,AB,USD,2014-07-30,2014-07-30 08:04:40,Q2,42854000.0,0.0,0.0,0.0,0.0,0.0,0.0,0.0,0.0,0.0,31045000.0,0.0,0.0,0.0,0.0,0.0,-7344000.0,0.0,0.0,0.0,-37698000.0,13997000.0,-23701000.0,0.0,0.0,0.0,0.0,31045000.0,0.0,31045000.0,https://www.sec.gov/Archives/edgar/data/825313/000114036114029802/0001140361-14-029802-index.htm,https://www.sec.gov/Archives/edgar/data/825313/000114036114029802/form10q.htm,1620586031,14:47:11,20210509
28,2014-03-31,AB,USD,2014-04-30,2014-04-30 07:21:20,Q1,36159000.0,0.0,0.0,0.0,-451580000.0,0.0,0.0,0.0,0.0,0.0,63460000.0,0.0,0.0,0.0,0.0,0.0,-4682000.0,0.0,0.0,0.0,-57662000.0,-1116000.0,-58778000.0,0.0,0.0,0.0,0.0,63460000.0,0.0,63460000.0,https://www.sec.gov/Archives/edgar/data/825313/000114036114017906/0001140361-14-017906-index.htm,https://www.sec.gov/Archives/edgar/data/825313/000114036114017906/form10q.htm,1620586031,14:47:11,20210509
29,2013-12-31,AB,USD,2014-02-12,2014-02-12 07:18:17,Q4,57472000.0,0.0,0.0,0.0,451580000.0,0.0,0.0,0.0,451580000.0,0.0,32525000.0,0.0,0.0,0.0,0.0,0.0,-2368000.0,0.0,0.0,0.0,-35709000.0,5552000.0,-30157000.0,0.0,0.0,0.0,0.0,32525000.0,0.0,32525000.0,https://www.sec.gov/Archives/edgar/data/825313/000114036114006056/0001140361-14-006056-index.htm,https://www.sec.gov/Archives/edgar/data/825313/000114036114006056/form10k.htm,1620586031,14:47:11,20210509
30,2013-09-30,AB,USD,2013-10-24,2013-10-24 07:27:49,Q3,29523000.0,0.0,0.0,0.0,0.0,0.0,0.0,0.0,0.0,0.0,40475000.0,0.0,0.0,0.0,0.0,0.0,-1694000.0,0.0,0.0,0.0,-36652000.0,-2129000.0,-38781000.0,0.0,0.0,0.0,0.0,40475000.0,0.0,40475000.0,https://www.sec.gov/Archives/edgar/data/825313/000114036113039415/0001140361-13-039415-index.htm,https://www.sec.gov/Archives/edgar/data/825313/000114036113039415/form10q.htm,1620586031,14:47:11,20210509
31,2013-06-30,AB,USD,2013-07-31,2013-07-31 07:22:50,Q2,40276000.0,0.0,0.0,0.0,0.0,0.0,0.0,0.0,0.0,0.0,40277000.0,0.0,0.0,0.0,0.0,0.0,-12581000.0,0.0,0.0,0.0,-34335000.0,6639000.0,-27696000.0,0.0,0.0,0.0,0.0,40277000.0,0.0,40277000.0,https://www.sec.gov/Archives/edgar/data/825313/000114036113029562/0001140361-13-029562-index.htm,https://www.sec.gov/Archives/edgar/data/825313/000114036113029562/form10q.htm,1620586031,14:47:11,20210509
32,2013-03-31,AB,USD,2013-05-01,2013-05-01 07:20:55,Q1,38231000.0,0.0,0.0,0.0,-1052250000.0,0.0,0.0,0.0,0.0,40077000.0,42185000.0,0.0,0.0,0.0,0.0,0.0,-12571000.0,0.0,0.0,0.0,-36256000.0,6642000.0,-29614000.0,0.0,0.0,0.0,0.0,42185000.0,0.0,42185000.0,https://www.sec.gov/Archives/edgar/data/825313/000114036113018035/0001140361-13-018035-index.htm,https://www.sec.gov/Archives/edgar/data/825313/000114036113018035/form10q.htm,1620586031,14:47:11,20210509
33,2012-12-31,AB,USD,2013-02-12,2013-02-12 07:01:07,Q4,26189000.0,0.0,0.0,0.0,1052250000.0,0.0,0.0,0.0,1052250000.0,43121000.0,37864000.0,0.0,0.0,0.0,0.0,0.0,-5524000.0,0.0,0.0,0.0,-32340000.0,0.0,-32340000.0,0.0,0.0,0.0,0.0,37864000.0,0.0,37864000.0,https://www.sec.gov/Archives/edgar/data/825313/000114036113005892/0001140361-13-005892-index.htm,https://www.sec.gov/Archives/edgar/data/825313/000114036113005892/form10k.htm,1620586031,14:47:11,20210509
34,2012-09-30,AB,USD,2012-10-24,2012-10-24 16:16:21,Q3,-23142000.0,0.0,0.0,0.0,0.0,0.0,0.0,0.0,0.0,27346000.0,22116000.0,0.0,0.0,0.0,0.0,0.0,-2614000.0,0.0,0.0,0.0,-19502000.0,0.0,-19502000.0,0.0,0.0,0.0,0.0,22116000.0,0.0,22116000.0,https://www.sec.gov/Archives/edgar/data/825313/000114036112044579/0001140361-12-044579-index.htm,https://www.sec.gov/Archives/edgar/data/825313/000114036112044579/form10q.htm,1620586031,14:47:11,20210509
35,2012-06-30,AB,USD,2012-08-02,2012-08-02 07:31:16,Q2,21339000.0,0.0,0.0,0.0,0.0,0.0,0.0,0.0,0.0,32603000.0,28207000.0,0.0,0.0,0.0,0.0,0.0,-3457000.0,0.0,0.0,0.0,-24750000.0,0.0,-24750000.0,0.0,0.0,0.0,0.0,28207000.0,0.0,28207000.0,https://www.sec.gov/Archives/edgar/data/825313/000114036112034708/0001140361-12-034708-index.htm,https://www.sec.gov/Archives/edgar/data/825313/000114036112034708/form10q.htm,1620586031,14:47:11,20210509
36,2012-03-31,AB,USD,2012-05-02,2012-05-02 07:31:09,Q1,26699000.0,0.0,0.0,0.0,-911806000.0,-6127000.0,0.0,0.0,0.0,17880000.0,11756000.0,0.0,0.0,0.0,0.0,0.0,0.0,0.0,0.0,0.0,-11756000.0,0.0,-11756000.0,0.0,0.0,0.0,0.0,11756000.0,0.0,11756000.0,https://www.sec.gov/Archives/edgar/data/825313/000114036112022253/0001140361-12-022253-index.htm,https://www.sec.gov/Archives/edgar/data/825313/000114036112022253/form10q.htm,1620586031,14:47:11,20210509
37,2011-12-31,AB,USD,2012-02-10,2012-02-10 07:26:09,Q4,-199463000.0,0.0,0.0,0.0,911806000.0,-1823000.0,0.0,0.0,911806000.0,0.0,24981000.0,0.0,0.0,0.0,0.0,0.0,-2000.0,0.0,0.0,0.0,-24981000.0,0.0,-24979000.0,0.0,0.0,0.0,0.0,24981000.0,0.0,24981000.0,https://www.sec.gov/Archives/edgar/data/825313/000114036112006703/0001140361-12-006703-index.htm,https://www.sec.gov/Archives/edgar/data/825313/000114036112006703/form10k.htm,1620586031,14:47:11,20210509
38,2011-09-30,AB,USD,2011-10-26,2011-10-26 07:42:27,Q3,27003000.0,0.0,0.0,0.0,0.0,-2070000.0,0.0,0.0,0.0,43121000.0,34163000.0,0.0,0.0,0.0,0.0,0.0,0.0,0.0,0.0,0.0,-34163000.0,0.0,-34163000.0,0.0,0.0,0.0,0.0,34163000.0,0.0,34163000.0,https://www.sec.gov/Archives/edgar/data/825313/000114036111050382/0001140361-11-050382-index.htm,https://www.sec.gov/Archives/edgar/data/825313/000114036111050382/form10q.htm,1620586031,14:47:11,20210509
39,2011-06-30,AB,USD,2011-07-29,2011-07-29 07:31:42,Q2,35512000.0,0.0,0.0,0.0,0.0,7387000.0,0.0,0.0,0.0,50484000.0,42747000.0,0.0,0.0,0.0,0.0,0.0,-1027000.0,0.0,0.0,0.0,-42747000.0,0.0,-41720000.0,0.0,0.0,0.0,0.0,42747000.0,0.0,42747000.0,https://www.sec.gov/Archives/edgar/data/825313/000114036111038432/0001140361-11-038432-index.htm,https://www.sec.gov/Archives/edgar/data/825313/000114036111038432/form10q.htm,1620586031,14:47:11,20210509
40,2011-03-31,AB,USD,2011-05-02,2011-05-02 07:36:28,Q1,43680000.0,0.0,0.0,0.0,-687031000.0,-7696000.0,0.0,0.0,0.0,51497000.0,43805000.0,0.0,0.0,0.0,0.0,0.0,-449000.0,0.0,0.0,0.0,-43805000.0,0.0,-43356000.0,0.0,0.0,0.0,0.0,43805000.0,0.0,43805000.0,https://www.sec.gov/Archives/edgar/data/825313/000114036111024152/0001140361-11-024152-index.htm,https://www.sec.gov/Archives/edgar/data/825313/000114036111024152/form10q.htm,1620586031,14:47:11,20210509
41,2010-12-31,AB,USD,2011-02-10,2011-02-10 16:40:40,Q4,42925000.0,0.0,0.0,0.0,687031000.0,0.0,0.0,0.0,687031000.0,0.0,175822000.0,0.0,0.0,0.0,0.0,0.0,-164196000.0,0.0,0.0,0.0,-11811000.0,0.0,-11626000.0,0.0,0.0,0.0,0.0,175822000.0,0.0,175822000.0,https://www.sec.gov/Archives/edgar/data/825313/000114036111007854/0001140361-11-007854-index.htm,https://www.sec.gov/Archives/edgar/data/825313/000114036111007854/form10k.htm,1620586031,14:47:11,20210509
42,2010-09-30,AB,USD,2010-10-28,2010-10-27 20:56:29,Q3,12215000.0,0.0,0.0,0.0,0.0,0.0,0.0,0.0,0.0,0.0,-8387000.0,0.0,0.0,0.0,0.0,38842000.0,38841000.0,0.0,0.0,0.0,-30455000.0,0.0,-30454000.0,0.0,0.0,0.0,0.0,-8387000.0,0.0,-8387000.0,https://www.sec.gov/Archives/edgar/data/825313/000114036110042468/0001140361-10-042468-index.htm,https://www.sec.gov/Archives/edgar/data/825313/000114036110042468/form10q.htm,1620586031,14:47:11,20210509
43,2010-06-30,AB,USD,2010-08-02,2010-08-02 08:03:22,Q2,31772000.0,0.0,0.0,0.0,0.0,0.0,0.0,0.0,0.0,0.0,-7839000.0,0.0,0.0,0.0,0.0,54145000.0,51295000.0,0.0,0.0,0.0,-46306000.0,0.0,-43456000.0,0.0,0.0,0.0,0.0,-7839000.0,0.0,-7839000.0,https://www.sec.gov/Archives/edgar/data/825313/000114036110030919/0001140361-10-030919-index.htm,https://www.sec.gov/Archives/edgar/data/825313/000114036110030919/form10q.htm,1620586031,14:47:11,20210509
44,2010-03-31,AB,USD,2010-05-03,2010-05-03 16:27:47,Q1,47246000.0,0.0,0.0,0.0,-706933000.0,0.0,0.0,0.0,0.0,0.0,-8237000.0,0.0,0.0,0.0,0.0,71024000.0,65773000.0,0.0,0.0,0.0,-62787000.0,0.0,-57536000.0,0.0,0.0,0.0,0.0,-8237000.0,0.0,-8237000.0,https://www.sec.gov/Archives/edgar/data/825313/000114036110018534/0001140361-10-018534-index.htm,https://www.sec.gov/Archives/edgar/data/825313/000114036110018534/form10q.htm,1620586031,14:47:11,20210509
45,2009-12-31,AB,USD,2010-02-11,2010-02-11 17:08:37,Q4,59671000.0,0.0,0.0,0.0,706933000.0,0.0,0.0,0.0,706933000.0,0.0,-6550000.0,0.0,0.0,0.0,0.0,68732000.0,68732000.0,0.0,0.0,0.0,-62182000.0,0.0,-62182000.0,0.0,0.0,0.0,0.0,-6550000.0,0.0,-6550000.0,https://www.sec.gov/Archives/edgar/data/825313/000114036110005696/0001140361-10-005696-index.htm,https://www.sec.gov/Archives/edgar/data/825313/000114036110005696/form10k.htm,1620586031,14:47:11,20210509
46,2009-09-30,AB,USD,2009-10-29,2009-10-29 16:09:28,Q3,62530000.0,0.0,0.0,0.0,0.0,0.0,0.0,0.0,0.0,0.0,-6633000.0,0.0,0.0,0.0,0.0,44501000.0,44501000.0,0.0,0.0,0.0,-37868000.0,0.0,-37868000.0,0.0,0.0,0.0,0.0,-6633000.0,0.0,-6633000.0,https://www.sec.gov/Archives/edgar/data/825313/000114036109024050/0001140361-09-024050-index.htm,https://www.sec.gov/Archives/edgar/data/825313/000114036109024050/form10q.htm,1620586031,14:47:11,20210509
47,2009-06-30,AB,USD,2009-07-30,2009-07-30 16:34:21,Q2,38253000.0,0.0,0.0,0.0,0.0,0.0,0.0,0.0,0.0,0.0,-6456000.0,0.0,0.0,0.0,0.0,12874000.0,12874000.0,0.0,0.0,0.0,-6418000.0,0.0,-6418000.0,0.0,0.0,0.0,0.0,-6456000.0,0.0,-6456000.0,https://www.sec.gov/Archives/edgar/data/825313/000114036109017339/0001140361-09-017339-index.htm,https://www.sec.gov/Archives/edgar/data/825313/000114036109017339/form10q.htm,1620586031,14:47:11,20210509
48,2009-03-31,AB,USD,2009-05-08,2009-05-08 16:12:54,Q1,6735000.0,0.0,0.0,0.0,-2262437000.0,0.0,0.0,0.0,0.0,0.0,-7402000.0,0.0,0.0,0.0,0.0,34007000.0,34007000.0,0.0,0.0,0.0,-26605000.0,0.0,-26605000.0,0.0,0.0,0.0,0.0,-7402000.0,0.0,-7402000.0,https://www.sec.gov/Archives/edgar/data/825313/000114036109011563/0001140361-09-011563-index.htm,https://www.sec.gov/Archives/edgar/data/825313/000114036109011563/form10q.htm,1620586031,14:47:11,20210509
49,2008-12-31,AB,USD,2009-02-23,2009-02-20 19:21:09,Q4,24018000.0,0.0,0.0,0.0,2262437000.0,0.0,0.0,0.0,2262437000.0,0.0,-8845000.0,0.0,0.0,0.0,0.0,61321000.0,61149000.0,0.0,0.0,0.0,-52476000.0,0.0,-52304000.0,0.0,0.0,0.0,0.0,-8845000.0,0.0,-8845000.0,https://www.sec.gov/Archives/edgar/data/825313/000114036109004725/0001140361-09-004725-index.htm,https://www.sec.gov/Archives/edgar/data/825313/000114036109004725/form10-k.htm,1620586031,14:47:11,20210509
50,2008-09-30,AB,USD,2008-10-31,2008-10-31 16:53:33,Q3,64361000.0,0.0,0.0,0.0,0.0,0.0,0.0,0.0,0.0,0.0,-8882000.0,0.0,0.0,0.0,0.0,92830000.0,92036000.0,0.0,0.0,0.0,-83948000.0,0.0,-83154000.0,0.0,0.0,0.0,0.0,-8882000.0,0.0,-8882000.0,https://www.sec.gov/Archives/edgar/data/825313/000114036108024145/0001140361-08-024145-index.htm,https://www.sec.gov/Archives/edgar/data/825313/000114036108024145/form10q.htm,1620586031,14:47:11,20210509
51,2008-06-30,AB,USD,2008-08-01,2008-08-01 16:44:57,Q2,83911000.0,0.0,0.0,0.0,0.0,0.0,0.0,0.0,0.0,0.0,-9717000.0,0.0,0.0,0.0,0.0,82211000.0,74233000.0,0.0,0.0,0.0,-72494000.0,0.0,-64516000.0,0.0,0.0,0.0,0.0,-9717000.0,0.0,-9717000.0,https://www.sec.gov/Archives/edgar/data/825313/000114036108018066/0001140361-08-018066-index.htm,https://www.sec.gov/Archives/edgar/data/825313/000114036108018066/form10q.htm,1620586031,14:47:11,20210509
52,2008-03-31,AB,USD,2008-05-05,2008-05-02 18:23:17,Q1,72436000.0,0.0,0.0,0.0,-1980544000.0,0.0,0.0,0.0,0.0,0.0,-9628000.0,0.0,0.0,0.0,0.0,102086000.0,97505000.0,0.0,0.0,0.0,-92458000.0,0.0,-87877000.0,0.0,0.0,0.0,0.0,-9628000.0,0.0,-9628000.0,https://www.sec.gov/Archives/edgar/data/825313/000114036108011027/0001140361-08-011027-index.htm,https://www.sec.gov/Archives/edgar/data/825313/000114036108011027/form10q.htm,1620586031,14:47:11,20210509
53,2007-12-31,AB,USD,2008-02-25,2008-02-22 21:39:34,Q4,92152000.0,0.0,0.0,0.0,1980544000.0,0.0,0.0,0.0,1980544000.0,0.0,-10841000.0,0.0,0.0,0.0,0.0,114560000.0,105955000.0,0.0,0.0,0.0,-103719000.0,0.0,-95114000.0,0.0,0.0,0.0,0.0,-10841000.0,0.0,-10841000.0,https://www.sec.gov/Archives/edgar/data/825313/000114036108004917/0001140361-08-004917-index.htm,https://www.sec.gov/Archives/edgar/data/825313/000114036108004917/form10-k.htm,1620586031,14:47:11,20210509
54,2007-09-30,AB,USD,2007-11-05,2007-11-02 18:29:21,Q3,104828000.0,0.0,0.0,0.0,0.0,0.0,0.0,0.0,0.0,0.0,-9943000.0,0.0,0.0,0.0,0.0,110094000.0,105449000.0,0.0,0.0,0.0,-100151000.0,0.0,-95506000.0,0.0,0.0,0.0,0.0,-9943000.0,0.0,-9943000.0,https://www.sec.gov/Archives/edgar/data/825313/000114036107020919/0001140361-07-020919-index.htm,https://www.sec.gov/Archives/edgar/data/825313/000114036107020919/form10q.htm,1620586031,14:47:11,20210509
55,2007-06-30,AB,USD,2007-08-03,2007-08-03 16:59:09,Q2,100647000.0,0.0,0.0,0.0,0.0,0.0,0.0,0.0,0.0,0.0,-8954000.0,0.0,0.0,0.0,0.0,87191000.0,67898000.0,0.0,0.0,0.0,-78237000.0,0.0,-58944000.0,0.0,0.0,0.0,0.0,-8954000.0,0.0,-8954000.0,https://www.sec.gov/Archives/edgar/data/825313/000114036107015383/0001140361-07-015383-index.htm,https://www.sec.gov/Archives/edgar/data/825313/000114036107015383/form10q.htm,1620586031,14:47:11,20210509
56,2007-03-31,AB,USD,2007-05-04,2007-05-04 17:10:54,Q1,78525000.0,0.0,0.0,0.0,-364000.0,0.0,0.0,0.0,0.0,0.0,-10859000.0,0.0,0.0,0.0,0.0,137475000.0,119967000.0,0.0,0.0,0.0,-126616000.0,0.0,-109108000.0,0.0,0.0,0.0,0.0,-10859000.0,0.0,-10859000.0,https://www.sec.gov/Archives/edgar/data/825313/000114036107009152/0001140361-07-009152-index.htm,https://www.sec.gov/Archives/edgar/data/825313/000114036107009152/form10q.htm,1620586031,14:47:11,20210509
57,2006-12-31,AB,USD,2007-02-28,2007-02-27 21:00:19,Q4,109429000.0,0.0,0.0,0.0,364000.0,0.0,0.0,0.0,364000.0,0.0,-8105000.0,0.0,0.0,0.0,0.0,81612000.0,44388000.0,0.0,0.0,0.0,-73507000.0,0.0,-36283000.0,0.0,0.0,0.0,0.0,-8105000.0,0.0,-8105000.0,https://www.sec.gov/Archives/edgar/data/825313/000114036107004463/0001140361-07-004463-index.htm,https://www.sec.gov/Archives/edgar/data/825313/000114036107004463/form10k.htm,1620586031,14:47:11,20210509
58,2006-09-30,AB,USD,2006-11-08,2006-11-08 17:13:58,Q3,74003000.0,0.0,0.0,0.0,0.0,0.0,0.0,0.0,0.0,0.0,-8843000.0,0.0,0.0,0.0,0.0,83481000.0,65867000.0,0.0,0.0,0.0,-74638000.0,0.0,-57024000.0,0.0,0.0,0.0,0.0,-8843000.0,0.0,-8843000.0,https://www.sec.gov/Archives/edgar/data/825313/000114036106015755/0001140361-06-015755-index.htm,https://www.sec.gov/Archives/edgar/data/825313/000114036106015755/form10q.htm,1620586031,14:47:11,20210509
59,2006-06-30,AB,USD,2006-08-07,2006-08-07 08:50:03,Q2,76005000.0,0.0,0.0,0.0,0.0,0.0,0.0,0.0,0.0,0.0,-7949000.0,0.0,0.0,0.0,0.0,0.0,67498000.0,0.0,0.0,0.0,-65325000.0,0.0,-59549000.0,0.0,0.0,0.0,0.0,-7949000.0,0.0,-7949000.0,https://www.sec.gov/Archives/edgar/data/825313/000114036106011209/0001140361-06-011209-index.htm,https://www.sec.gov/Archives/edgar/data/825313/000114036106011209/form10-q.htm,1620586031,14:47:11,20210509
60,2006-03-31,AB,USD,2006-05-08,2006-05-08 16:28:22,Q1,65559000.0,0.0,0.0,0.0,-89000.0,0.0,0.0,0.0,0.0,0.0,-8777000.0,0.0,0.0,0.0,0.0,0.0,53813000.0,0.0,0.0,0.0,-84980000.0,39855000.0,-45125000.0,0.0,0.0,0.0,89000.0,-8777000.0,0.0,-8777000.0,https://www.sec.gov/Archives/edgar/data/825313/000110465906032089/0001104659-06-032089-index.htm,https://www.sec.gov/Archives/edgar/data/825313/000110465906032089/a06-9380_110q.htm,1620586031,14:47:11,20210509
61,2005-12-31,AB,USD,2006-02-24,2006-02-24 16:22:21,Q4,84536000.0,0.0,0.0,0.0,89000.0,0.0,0.0,0.0,89000.0,-197552000.0,48763000.0,0.0,0.0,0.0,0.0,0.0,0.0,0.0,0.0,0.0,-60251000.0,0.0,-48674000.0,0.0,0.0,89000.0,0.0,48763000.0,0.0,48763000.0,https://www.sec.gov/Archives/edgar/data/825313/000110465906011930/0001104659-06-011930-index.htm,https://www.sec.gov/Archives/edgar/data/825313/000110465906011930/a06-1959_110k.htm,1620586031,14:47:11,20210509
62,2005-09-30,AB,USD,2005-11-07,2005-11-07 08:37:14,Q3,60570000.0,0.0,0.0,0.0,-104.0,0.0,0.0,0.0,0.0,58761000.0,51908000.0,0.0,0.0,0.0,0.0,0.0,0.0,0.0,0.0,0.0,-55356000.0,0.0,-52012000.0,0.0,0.0,0.0,104000.0,51908000.0,0.0,51908000.0,https://www.sec.gov/Archives/edgar/data/825313/000110465905052867/0001104659-05-052867-index.htm,https://www.sec.gov/Archives/edgar/data/825313/000110465905052867/a05-18085_110q.htm,1620586031,14:47:11,20210509
63,2005-06-30,AB,USD,2005-08-05,2005-08-05 11:34:57,Q2,56124000.0,0.0,0.0,0.0,104.0,0.0,0.0,0.0,104.0,40411000.0,35211000.0,0.0,0.0,0.0,0.0,0.0,0.0,0.0,0.0,0.0,-45941000.0,0.0,-35107000.0,0.0,0.0,104000.0,0.0,35211000.0,0.0,35211000.0,https://www.sec.gov/Archives/edgar/data/825313/000110465905036713/0001104659-05-036713-index.htm,https://www.sec.gov/Archives/edgar/data/825313/000110465905036713/a05-12726_110q.htm,1620586031,14:47:11,20210509
64,2005-03-31,AB,USD,2005-05-06,2005-05-06 16:28:17,Q1,46834000.0,0.0,0.0,0.0,-1213777000.0,0.0,0.0,0.0,0.0,55975000.0,48533000.0,0.0,0.0,0.0,0.0,0.0,0.0,0.0,0.0,0.0,-65183000.0,0.0,-48533000.0,0.0,0.0,0.0,0.0,48533000.0,0.0,48533000.0,https://www.sec.gov/Archives/edgar/data/825313/000110465905021225/0001104659-05-021225-index.htm,https://www.sec.gov/Archives/edgar/data/825313/000110465905021225/a05-8080_110q.htm,1620586031,14:47:11,20210509
65,2004-12-31,AB,USD,2005-03-15,2005-03-15 08:44:34,Q4,64675000.0,0.0,0.0,0.0,1213777410.0,0.0,0.0,0.0,1213777000.0,38190000.0,32361000.0,0.0,0.0,0.0,0.0,0.0,0.0,0.0,0.0,0.0,-41439000.0,0.0,-32361000.0,0.0,0.0,0.0,0.0,32361000.0,0.0,32361000.0,https://www.sec.gov/Archives/edgar/data/825313/000110465905010988/0001104659-05-010988-index.htm,https://www.sec.gov/Archives/edgar/data/825313/000110465905010988/a05-4728_110k.htm,1620586031,14:47:11,20210509
66,2004-09-30,AB,USD,2004-11-08,2004-11-08 16:43:51,Q3,41758000.0,0.0,0.0,0.0,48.0,0.0,0.0,0.0,-410.0,44309000.0,37683000.0,0.0,0.0,0.0,0.0,0.0,0.0,0.0,0.0,0.0,-42074000.0,0.0,-37683000.0,0.0,0.0,0.0,0.0,37683000.0,0.0,37683000.0,https://www.sec.gov/Archives/edgar/data/825313/000110465904034320/0001104659-04-034320-index.htm,https://www.sec.gov/Archives/edgar/data/825313/000110465904034320/a04-12886_110q.htm,1620586031,14:47:11,20210509
67,2004-06-30,AB,USD,2004-08-06,2004-08-06 16:16:37,Q2,42379000.0,0.0,0.0,0.0,6300.0,0.0,0.0,0.0,-458.0,19002000.0,7062000.0,0.0,0.0,0.0,0.0,0.0,0.0,0.0,0.0,0.0,-11932000.0,0.0,-7062000.0,0.0,0.0,0.0,0.0,7062000.0,0.0,7062000.0,https://www.sec.gov/Archives/edgar/data/825313/000110465904023018/0001104659-04-023018-index.htm,https://www.sec.gov/Archives/edgar/data/825313/000110465904023018/a04-8985_110q.htm,1620586031,14:47:11,20210509
68,2004-03-31,AB,USD,2004-05-07,2004-05-07 15:57:17,Q1,46361000.0,0.0,0.0,0.0,-761104758.0,0.0,0.0,0.0,-6758.0,-28366000.0,-28366000.0,0.0,0.0,0.0,0.0,0.0,0.0,0.0,0.0,0.0,0.0,0.0,28366000.0,0.0,0.0,0.0,0.0,-28366000.0,0.0,-28366000.0,https://www.sec.gov/Archives/edgar/data/825313/000110465904013223/0001104659-04-013223-index.htm,https://www.sec.gov/Archives/edgar/data/825313/000110465904013223/a04-5527_110q.htm,1620586031,14:47:11,20210509
69,2003-12-31,AB,USD,2004-03-10,2004-03-10 11:31:16,Q4,10094000.0,0.0,0.0,0.0,761098375.0,0.0,0.0,0.0,761098000.0,40812000.0,35056000.0,0.0,0.0,0.0,0.0,0.0,0.0,0.0,0.0,0.0,-43828000.0,0.0,-35056000.0,0.0,0.0,0.0,0.0,35056000.0,0.0,35056000.0,https://www.sec.gov/Archives/edgar/data/825313/000104746904007255/0001047469-04-007255-index.htm,https://www.sec.gov/Archives/edgar/data/825313/000104746904007255/a2128266z10-k.htm,1620586031,14:47:11,20210509
70,2003-09-30,AB,USD,2003-11-17,2003-11-17 07:31:34,Q3,272000.0,0.0,0.0,0.0,-30.0,0.0,0.0,0.0,-375.0,40780000.0,35281000.0,0.0,0.0,0.0,0.0,0.0,0.0,0.0,0.0,0.0,-39340000.0,0.0,-35281000.0,0.0,0.0,0.0,0.0,35281000.0,0.0,35281000.0,https://www.sec.gov/Archives/edgar/data/825313/000110465903026767/0001104659-03-026767-index.htm,https://www.sec.gov/Archives/edgar/data/825313/000110465903026767/a03-5056_110q.htm,1620586031,14:47:11,20210509
71,2003-06-30,AB,USD,2003-08-13,2003-08-13 14:32:49,Q2,39895000.0,0.0,0.0,0.0,4690.0,0.0,0.0,0.0,-345.0,26650000.0,22040000.0,0.0,0.0,0.0,0.0,0.0,0.0,0.0,0.0,0.0,-28478000.0,0.0,-22040000.0,0.0,0.0,0.0,0.0,22040000.0,0.0,22040000.0,https://www.sec.gov/Archives/edgar/data/825313/000110465903018092/0001104659-03-018092-index.htm,https://www.sec.gov/Archives/edgar/data/825313/000110465903018092/a03-2234_110q.htm,1620586031,14:47:11,20210509
72,2003-03-31,AB,USD,2003-05-14,2003-05-14 10:16:53,Q1,28344000.0,0.0,0.0,0.0,-1174048035.0,0.0,0.0,0.0,-5035.0,42713000.0,37556000.0,0.0,0.0,0.0,0.0,0.0,0.0,0.0,0.0,0.0,-39848000.0,0.0,-37556000.0,0.0,0.0,0.0,0.0,37556000.0,0.0,37556000.0,https://www.sec.gov/Archives/edgar/data/825313/000110465903009632/0001104659-03-009632-index.htm,https://www.sec.gov/Archives/edgar/data/825313/000110465903009632/j0270_10q.htm,1620586031,14:47:11,20210509
73,2002-12-31,AB,USD,2003-03-27,2003-03-27 12:19:36,Q4,39161000.0,0.0,0.0,0.0,1174043173.0,0.0,0.0,0.0,1174043000.0,36537000.0,31084000.0,0.0,0.0,0.0,0.0,0.0,0.0,0.0,0.0,0.0,-34946000.0,0.0,-31084000.0,0.0,0.0,0.0,0.0,31084000.0,0.0,31084000.0,https://www.sec.gov/Archives/edgar/data/825313/000110465903005082/0001104659-03-005082-index.htm,https://www.sec.gov/Archives/edgar/data/825313/000110465903005082/j8697_10k.htm,1620586031,14:47:11,20210509
74,2002-09-30,AB,USD,2002-11-14,2002-11-13 19:03:24,Q3,34339000.0,0.0,0.0,0.0,323.0,0.0,0.0,0.0,-173.0,48010000.0,42572000.0,0.0,0.0,0.0,0.0,0.0,0.0,0.0,0.0,0.0,-43971000.0,0.0,-42572000.0,0.0,0.0,0.0,0.0,42572000.0,0.0,42572000.0,https://www.sec.gov/Archives/edgar/data/825313/000110465902005956/0001104659-02-005956-index.htm,https://www.sec.gov/Archives/edgar/data/825313/000110465902005956/j5150_10q.htm,1620586031,14:47:11,20210509
75,2002-06-30,AB,USD,2002-08-14,2002-08-14 12:11:38,Q2,43819000.0,0.0,0.0,0.0,5536.0,0.0,0.0,0.0,-496.0,42892000.0,36840000.0,0.0,0.0,0.0,0.0,0.0,0.0,0.0,0.0,0.0,-44620000.0,0.0,-36840000.0,0.0,0.0,0.0,0.0,36840000.0,0.0,36840000.0,https://www.sec.gov/Archives/edgar/data/825313/000110465902003985/0001104659-02-003985-index.htm,https://www.sec.gov/Archives/edgar/data/825313/000110465902003985/j4413_10q.htm,1620586031,14:47:11,20210509
76,2002-03-31,AB,USD,2002-05-13,2002-05-13 17:08:56,Q1,44723000.0,0.0,0.0,0.0,-1220626032.0,0.0,0.0,0.0,-6032.0,47366000.0,42129000.0,0.0,0.0,0.0,0.0,0.0,0.0,0.0,0.0,0.0,-51145000.0,0.0,-42129000.0,0.0,0.0,0.0,0.0,42129000.0,0.0,42129000.0,https://www.sec.gov/Archives/edgar/data/825313/000110465902002116/0001104659-02-002116-index.htm,https://www.sec.gov/Archives/edgar/data/825313/000110465902002116/j3403_10q.htm,1620586031,14:47:11,20210509
77,2001-12-31,AB,USD,2002-03-28,2002-03-28 00:00:00,Q4,39043000.0,0.0,0.0,0.0,1220621213.0,0.0,0.0,0.0,1220620000.0,73097000.0,66480000.0,0.0,0.0,0.0,0.0,0.0,0.0,0.0,0.0,0.0,-49201000.0,0.0,-42368000.0,0.0,0.0,0.0,0.0,66480000.0,0.0,66480000.0,https://www.sec.gov/Archives/edgar/data/825313/000110465902001048/0001104659-02-001048-index.htm,https://www.sec.gov/Archives/edgar/data/825313/000110465902001048/j3006_10k.htm,1620586031,14:47:11,20210509
78,2001-09-30,AB,USD,2001-11-14,2001-11-14 00:00:00,Q3,38990000.0,0.0,0.0,0.0,-699.0,0.0,0.0,0.0,-1213.0,52030000.0,47519000.0,0.0,0.0,0.0,0.0,0.0,0.0,0.0,0.0,0.0,-53265000.0,0.0,-47519000.0,0.0,0.0,0.0,0.0,47519000.0,0.0,47519000.0,https://www.sec.gov/Archives/edgar/data/825313/000110465901503403/0001104659-01-503403-index.htm,https://www.sec.gov/Archives/edgar/data/825313/000110465901503403/j1901_10q.htm,1620586031,14:47:11,20210509
79,2001-06-30,AB,USD,2001-08-02,2001-08-02 00:00:00,Q2,42094000.0,0.0,0.0,0.0,1047.0,0.0,0.0,0.0,-514.0,52526000.0,47360000.0,0.0,0.0,0.0,0.0,0.0,0.0,0.0,0.0,0.0,-50212000.0,0.0,-47360000.0,0.0,0.0,0.0,0.0,47360000.0,0.0,47360000.0,https://www.sec.gov/Archives/edgar/data/825313/000110465901501114/0001104659-01-501114-index.htm,https://www.sec.gov/Archives/edgar/data/825313/000110465901501114/j1324_10q.htm,1620586031,14:47:11,20210509
80,2001-03-31,AB,USD,2001-05-14,2001-04-02 00:00:00,Q1,39164000.0,0.0,0.0,0.0,-1067695561.0,0.0,0.0,0.0,-1561.0,54706000.0,48700000.0,0.0,0.0,0.0,0.0,0.0,0.0,0.0,0.0,0.0,-57381000.0,0.0,-48700000.0,0.0,0.0,0.0,0.0,48700000.0,0.0,48700000.0,https://www.sec.gov/Archives/edgar/data/825313/000110465901500635/0001104659-01-500635-index.htm,https://www.sec.gov/Archives/edgar/data/825313/000110465901500635/j0718_10q.htm,1620586031,14:47:11,20210509
81,2000-12-31,AB,USD,2001-04-02 00:00:00,2001-04-02 00:00:00,Q4,36868000.0,0.0,0.0,0.0,1067694000.0,0.0,0.0,0.0,1067694000.0,205700000.0,244106000.0,0.0,0.0,0.0,0.0,0.0,-189939000.0,0.0,0.0,0.0,-59613000.0,0.0,-54167000.0,0.0,0.0,0.0,0.0,244106000.0,0.0,244106000.0,https://www.sec.gov/Archives/edgar/data/825313/000110465901500264/0001104659-01-500264-index.html,https://www.sec.gov/Archives/edgar/data/825313/000110465901500264/j0172-10k.htm,1620586031,14:47:11,20210509
82,2000-09-30,AB,USD,2000-11-07 00:00:00,2000-11-07 00:00:00,Q3,63777000.0,0.0,0.0,0.0,0.0,0.0,0.0,0.0,0.0,-68314000.0,-5089000.0,0.0,0.0,0.0,0.0,0.0,56156000.0,0.0,0.0,0.0,-54485000.0,0.0,-51067000.0,0.0,0.0,0.0,0.0,-5089000.0,0.0,-5089000.0,https://www.sec.gov/Archives/edgar/data/825313/000110465900000640/0001104659-00-000640-index.html,https://www.sec.gov/Archives/edgar/data/825313/000110465900000640/0001104659-00-000640-0001.txt,1620586031,14:47:11,20210509
83,2000-06-30,AB,USD,2000-08-14 00:00:00,2000-08-14 00:00:00,Q2,57399000.0,0.0,0.0,0.0,0.0,0.0,0.0,0.0,0.0,-62430000.0,-5423000.0,0.0,0.0,0.0,0.0,0.0,55214000.0,0.0,0.0,0.0,-53510000.0,0.0,-49791000.0,0.0,0.0,0.0,0.0,-5423000.0,0.0,-5423000.0,https://www.sec.gov/Archives/edgar/data/825313/000110465900000478/0001104659-00-000478-index.html,https://www.sec.gov/Archives/edgar/data/825313/000110465900000478/0001104659-00-000478-0001.txt,1620586031,14:47:11,20210509
84,2000-03-31,AB,USD,2000-05-15 00:00:00,2000-05-15 00:00:00,Q1,65926000.0,0.0,0.0,0.0,0.0,0.0,0.0,0.0,0.0,-71151000.0,-4351000.0,0.0,0.0,0.0,0.0,0.0,58840000.0,0.0,0.0,0.0,-61635000.0,0.0,-54489000.0,0.0,0.0,0.0,0.0,-4351000.0,0.0,-4351000.0,https://www.sec.gov/Archives/edgar/data/825313/000110465900000260/0001104659-00-000260-index.html,https://www.sec.gov/Archives/edgar/data/825313/0001104659-00-000260.txt,1620586031,14:47:11,20210509
85,1999-12-31,AB,USD,1999-12-31,1999-12-31,Q4,85920000.0,17244000.0,0.0,0.0,676100000.0,0.0,0.0,0.0,0.0,-50793000.0,-2107000.0,0.0,0.0,-10390000.0,177000000.0,-1936000.0,161654000.0,-453499000.0,0.0,0.0,-1000.0,30000.0,-170373000.0,0.0,-10826000.0,75312000.0,86138000.0,-2107000.0,-2878000.0,-4985000.0,,,1620586031,14:47:11,20210509
86,1999-09-30,AB,USD,1999-09-30,1999-09-30,Q3,101654000.0,49240000.0,0.0,0.0,-42700000.0,0.0,0.0,0.0,-676100000.0,6909000.0,134503000.0,0.0,0.0,-363252000.0,296280000.0,0.0,-87267000.0,-819000000.0,0.0,0.0,-93380000.0,90000.0,-49616000.0,0.0,-2163000.0,86138000.0,88301000.0,134503000.0,-20295000.0,114208000.0,,,1620586031,14:47:11,20210509
87,1999-06-30,AB,USD,1999-06-30,1999-06-30,Q2,97214000.0,45799000.0,0.0,0.0,57900000.0,0.0,0.0,0.0,-633400000.0,5225000.0,1324000.0,0.0,0.0,-270807000.0,281847000.0,0.0,-656000.0,-446000000.0,0.0,0.0,-93316000.0,90000.0,-28164000.0,0.0,-27496000.0,88301000.0,115797000.0,1324000.0,-11696000.0,-10372000.0,,,1620586031,14:47:11,20210509
88,1999-03-31,AB,USD,1999-05-14,1999-05-14 00:00:00,Q1,98054000.0,40352000.0,0.0,0.0,-179200000.0,0.0,0.0,0.0,-691300000.0,4114000.0,125188000.0,0.0,0.0,-243731000.0,145003000.0,-142000.0,-114464000.0,-297375000.0,0.0,0.0,-74048000.0,476000.0,29887000.0,0.0,40611000.0,115797000.0,75186000.0,125188000.0,-15594000.0,109594000.0,https://www.sec.gov/Archives/edgar/data/825313/0001047469-99-020549-index.html,https://www.sec.gov/Archives/edgar/data/825313/,1620586031,14:47:11,20210509
89,1998-12-31,AB,USD,1998-12-31,1998-12-31,Q4,77843000.0,36499000.0,0.0,0.0,-4300000.0,0.0,0.0,0.0,-512100000.0,2093000.0,-31998000.0,0.0,0.0,-167366000.0,137105000.0,0.0,-41399000.0,-254000000.0,0.0,0.0,-67071000.0,387000.0,-77353000.0,563000.0,-150187000.0,75186000.0,225373000.0,-31998000.0,-8227000.0,-40225000.0,,,1620586031,14:47:11,20210509
90,1998-09-30,AB,USD,1998-11-16,1998-11-16 00:00:00,Q3,70248000.0,34580000.0,0.0,0.0,-16700000.0,0.0,0.0,0.0,-507800000.0,4835000.0,98466000.0,0.0,0.0,-97800000.0,98154000.0,0.0,-6676000.0,-209000000.0,0.0,0.0,-72200000.0,109000.0,-31252000.0,0.0,60484000.0,225373000.0,164889000.0,98466000.0,-7030000.0,91436000.0,https://www.sec.gov/Archives/edgar/data/825313/0001047469-98-041229-index.html,https://www.sec.gov/Archives/edgar/data/825313/,1620586031,14:47:11,20210509
91,1998-06-30,AB,USD,1998-06-30,1998-06-30,Q2,75841000.0,30677000.0,0.0,0.0,-85100000.0,0.0,0.0,0.0,-491100000.0,2468000.0,117817000.0,0.0,0.0,-102652000.0,88003000.0,0.0,-25292000.0,-174000000.0,0.0,0.0,-65095000.0,110000.0,-19591000.0,0.0,72934000.0,164889000.0,91955000.0,117817000.0,-10643000.0,107174000.0,,,1620586031,14:47:11,20210509
92,1998-03-31,AB,USD,1998-03-31,1998-03-31,Q1,68984000.0,27618000.0,0.0,0.0,-110000000.0,0.0,0.0,0.0,-406000000.0,3477000.0,73740000.0,0.0,0.0,-109008000.0,107004000.0,0.0,-8014000.0,-189375000.0,0.0,0.0,-70078000.0,110000.0,-37532000.0,0.0,28194000.0,91955000.0,63761000.0,73740000.0,-6010000.0,67730000.0,,,1620586031,14:47:11,20210509
93,1997-12-31,AB,USD,1997-12-31,1997-12-31,Q4,73520000.0,25544000.0,0.0,0.0,41100000.0,0.0,0.0,0.0,-296000000.0,2152000.0,-17696000.0,0.0,0.0,-199108000.0,215971000.0,0.0,9846000.0,-40007000.0,0.0,0.0,-63099000.0,318000.0,-28272000.0,0.0,-37616000.0,63761000.0,101377000.0,-17696000.0,-7017000.0,-24713000.0,,,1620586031,14:47:11,20210509
94,1997-09-30,AB,USD,1997-09-30,1997-09-30,Q3,66209000.0,23186000.0,0.0,0.0,-52900000.0,0.0,0.0,0.0,-337100000.0,2056000.0,89553000.0,0.0,0.0,-173222000.0,126524000.0,0.0,-54668000.0,-15048000.0,0.0,0.0,-54504000.0,148000.0,-12813000.0,0.0,22072000.0,101377000.0,79305000.0,89553000.0,-7970000.0,81583000.0,,,1620586031,14:47:11,20210509
95,1997-06-30,AB,USD,1997-08-14 00:00:00,1997-08-14 00:00:00,Q2,-64122000.0,23012000.0,0.0,0.0,-8800000.0,0.0,0.0,0.0,-284200000.0,121740000.0,59297000.0,0.0,0.0,-98483000.0,105594000.0,0.0,-954000.0,-9000.0,0.0,0.0,-50988000.0,147000.0,-48630000.0,0.0,9737000.0,79305000.0,69568000.0,59297000.0,-8065000.0,51232000.0,https://www.sec.gov/Archives/edgar/data/825313/000091205797028056/0000912057-97-028056-index.html,https://www.sec.gov/Archives/edgar/data/825313/0000912057-97-028056.txt,1620586031,14:47:11,20210509
96,1997-03-31,AB,USD,1997-03-31,1997-03-31,Q1,53349000.0,21031000.0,0.0,0.0,-50200000.0,0.0,0.0,0.0,-275400000.0,1522000.0,64483000.0,0.0,0.0,-45907000.0,58027000.0,0.0,-169000.0,-5387000.0,0.0,0.0,-50013000.0,148000.0,-52187000.0,0.0,12127000.0,69568000.0,57441000.0,64483000.0,-12289000.0,52194000.0,,,1620586031,14:47:11,20210509
97,1996-12-31,AB,USD,1996-12-31,1996-12-31,Q4,52292000.0,20688000.0,0.0,0.0,46700000.0,0.0,0.0,0.0,-225200000.0,2213000.0,8323000.0,0.0,0.0,-52993000.0,45098000.0,0.0,-19486000.0,0.0,0.0,0.0,-46532000.0,820000.0,-44197000.0,-365000.0,-55725000.0,57441000.0,113166000.0,8323000.0,-11715000.0,-3392000.0,,,1620586031,14:47:11,20210509
98,1996-09-30,AB,USD,1996-11-12 00:00:00,1996-11-12 17:16:00,Q3,48957000.0,19686000.0,0.0,0.0,-40300000.0,0.0,0.0,0.0,-271900000.0,2021000.0,93138000.0,0.0,0.0,-35261000.0,15966000.0,0.0,-33030000.0,0.0,0.0,0.0,-44757000.0,0.0,-42682000.0,4000.0,17430000.0,113166000.0,95736000.0,93138000.0,-4760000.0,88378000.0,https://www.sec.gov/Archives/edgar/data/825313/000091205796025776/0000912057-96-025776-index.html,https://www.sec.gov/Archives/edgar/data/825313/0000912057-96-025776.txt,1620586031,14:47:11,20210509
99,1996-06-30,AB,USD,1996-08-08 00:00:00,1996-08-08 15:26:00,Q2,47030000.0,19054000.0,0.0,0.0,-5700000.0,0.0,0.0,0.0,-231600000.0,1993000.0,51367000.0,0.0,0.0,-42545000.0,46999000.0,0.0,-3199000.0,-15000.0,0.0,0.0,-43244000.0,0.0,-42360000.0,1000.0,5809000.0,95736000.0,89927000.0,51367000.0,-2407000.0,48960000.0,https://www.sec.gov/Archives/edgar/data/825313/000091205796016665/0000912057-96-016665-index.html,https://www.sec.gov/Archives/edgar/data/825313/0000912057-96-016665.txt,1620586031,14:47:11,20210509
100,1996-03-31,AB,USD,1996-05-15 00:00:00,1996-05-15 14:58:00,Q1,45067000.0,17465000.0,0.0,0.0,-61100000.0,0.0,0.0,0.0,-225900000.0,2168000.0,71402000.0,0.0,0.0,-1209000.0,23522000.0,0.0,-65292000.0,-15000.0,0.0,0.0,-41001000.0,143000.0,-40165000.0,-274000.0,-34329000.0,89927000.0,124256000.0,71402000.0,-2275000.0,69127000.0,https://www.sec.gov/Archives/edgar/data/825313/000095010396000877/0000950103-96-000877-index.html,https://www.sec.gov/Archives/edgar/data/825313/0000950103-96-000877.txt,1620586031,14:47:11,20210509
101,1995-12-31,AB,USD,1995-12-31,1995-12-31,Q4,43096000.0,16368000.0,0.0,0.0,19100000.0,0.0,0.0,0.0,-164800000.0,1529000.0,8750000.0,0.0,0.0,-60461000.0,76028000.0,0.0,13647000.0,-37000.0,0.0,0.0,-39332000.0,311000.0,-37483000.0,-436000.0,-15522000.0,124256000.0,139778000.0,8750000.0,-1920000.0,6830000.0,,,1620586031,14:47:11,20210509
102,1995-09-30,AB,USD,1995-11-09 00:00:00,1995-11-09 15:22:00,Q3,41007000.0,17256000.0,0.0,0.0,-27100000.0,0.0,0.0,0.0,-183900000.0,1487000.0,71616000.0,0.0,0.0,-28576000.0,5070000.0,0.0,-24576000.0,-29000.0,0.0,0.0,-35150000.0,152000.0,-33078000.0,-3000.0,13959000.0,139778000.0,125819000.0,71616000.0,-1070000.0,70546000.0,https://www.sec.gov/Archives/edgar/data/825313/000091205795009528/0000912057-95-009528-index.html,https://www.sec.gov/Archives/edgar/data/825313/0000912057-95-009528.txt,1620586031,14:47:11,20210509
103,1995-06-30,AB,USD,1995-08-14 00:00:00,1995-08-14 14:00:00,Q2,37099000.0,16728000.0,0.0,0.0,-4500000.0,0.0,0.0,0.0,-156800000.0,1414000.0,59668000.0,0.0,0.0,-5100000.0,16000000.0,0.0,9461000.0,-71000.0,0.0,0.0,-33454000.0,152000.0,-32056000.0,14000.0,37087000.0,125819000.0,88732000.0,59668000.0,-1439000.0,58229000.0,https://www.sec.gov/Archives/edgar/data/825313/000091205795006472/0000912057-95-006472-index.html,https://www.sec.gov/Archives/edgar/data/825313/0000912057-95-006472.txt,1620586031,14:47:11,20210509
104,1995-03-31,AB,USD,1995-05-15 00:00:00,1995-05-15 11:07:00,Q1,34185000.0,16998000.0,0.0,0.0,-19200000.0,0.0,0.0,0.0,-152300000.0,1488000.0,60553000.0,0.0,0.0,-410000.0,12040000.0,0.0,8415000.0,-41000.0,0.0,0.0,-33383000.0,166000.0,-32437000.0,2000.0,36533000.0,88732000.0,52199000.0,60553000.0,-3215000.0,57338000.0,https://www.sec.gov/Archives/edgar/data/825313/000091205795003741/0000912057-95-003741-index.html,https://www.sec.gov/Archives/edgar/data/825313/0000912057-95-003741.txt,1620586031,14:47:11,20210509
105,1994-12-31,AB,USD,1995-03-30 00:00:00,1995-03-30 15:21:00,Q4,35109000.0,17643000.0,0.0,0.0,57900000.0,0.0,0.0,0.0,-133100000.0,0.0,2160000.0,0.0,0.0,-20541000.0,3001000.0,0.0,-23401000.0,-58000.0,0.0,0.0,-32865000.0,-149703000.0,-31541000.0,612000.0,-52170000.0,52199000.0,104369000.0,2160000.0,-5987000.0,-3827000.0,https://www.sec.gov/Archives/edgar/data/825313/000091205795001962/0000912057-95-001962-index.html,https://www.sec.gov/Archives/edgar/data/825313/000091205795001962/0000912057-95-001962.txt,1620586031,14:47:11,20210509
106,1994-09-30,AB,USD,1994-11-10 00:00:00,1994-11-10 13:12:00,Q3,34685000.0,17396000.0,0.0,0.0,-12600000.0,0.0,0.0,0.0,-191000000.0,0.0,50801000.0,0.0,0.0,-5028000.0,13517000.0,87000.0,2525000.0,-135034000.0,0.0,0.0,-31233000.0,100133000.0,-35047000.0,1000.0,18280000.0,104369000.0,86089000.0,50801000.0,-6051000.0,44750000.0,https://www.sec.gov/Archives/edgar/data/825313/000091205794003781/0000912057-94-003781-index.html,https://www.sec.gov/Archives/edgar/data/825313/0000912057-94-003781.txt,1620586031,14:47:11,20210509
107,1994-06-30,AB,USD,1994-08-08 00:00:00,1994-08-08 14:34:00,Q2,32271000.0,16827000.0,0.0,0.0,39400000.0,0.0,0.0,0.0,-178400000.0,1620000.0,41902000.0,0.0,0.0,-3869000.0,7393000.0,0.0,-4407000.0,-50084000.0,0.0,0.0,-29962000.0,50132000.0,-28260000.0,-1000.0,9234000.0,86089000.0,76855000.0,41902000.0,-4787000.0,37115000.0,https://www.sec.gov/Archives/edgar/data/825313/000091205794002533/0000912057-94-002533-index.html,https://www.sec.gov/Archives/edgar/data/825313/0000912057-94-002533.txt,1620586031,14:47:11,20210509
108,1994-03-31,AB,USD,1994-05-13 00:00:00,1994-05-13 10:44:00,Q1,31424000.0,15824000.0,0.0,0.0,-217800000.0,0.0,0.0,0.0,-217800000.0,991000.0,22901000.0,0.0,0.0,-21540000.0,33227000.0,0.0,-63337000.0,-20058000.0,0.0,0.0,-29925000.0,133000.0,20964000.0,12000.0,-19460000.0,76855000.0,96315000.0,22901000.0,-4385000.0,18516000.0,https://www.sec.gov/Archives/edgar/data/825313/000091205794001695/0000912057-94-001695-index.html,https://www.sec.gov/Archives/edgar/data/825313/0000912057-94-001695.txt,1620586031,14:47:11,20210509
109,1993-12-31,AB,USD,1993-12-31,1993-12-31,Q4,32500000.0,13900000.0,0.0,0.0,0.0,0.0,0.0,0.0,0.0,-74800000.0,-5800000.0,0.0,0.0,-8700000.0,34200000.0,0.0,24000000.0,-19700000.0,0.0,0.0,-29100000.0,51400000.0,-46800000.0,-200000.0,0.0,0.0,0.0,-5800000.0,-1500000.0,-7300000.0,,,1620586031,14:47:11,20210509
110,1993-09-30,AB,USD,1993-09-30,1993-09-30,Q3,24600000.0,14600000.0,0.0,0.0,0.0,0.0,0.0,0.0,0.0,-200000.0,36000000.0,0.0,0.0,-21300000.0,4200000.0,0.0,-19300000.0,-400000.0,0.0,0.0,-20200000.0,300000.0,31900000.0,300000.0,0.0,0.0,0.0,36000000.0,-2100000.0,33900000.0,,,1620586031,14:47:11,20210509
111,1992-03-31,AB,USD,1992-03-31,1992-03-31,Q1,19300000.0,10500000.0,0.0,0.0,0.0,0.0,0.0,0.0,0.0,1700000.0,6500000.0,0.0,0.0,-20000000.0,3000000.0,0.0,-18100000.0,-100100000.0,0.0,0.0,-17100000.0,100000.0,8500000.0,-100000.0,100000.0,0.0,51400000.0,6500000.0,-1100000.0,5400000.0,,,1620586031,14:47:11,20210509
112,1991-12-31,AB,USD,1991-12-31,1991-12-31,Q4,18400000.0,9500000.0,0.0,0.0,0.0,0.0,0.0,0.0,0.0,1700000.0,-6900000.0,0.0,0.0,-10100000.0,24000000.0,0.0,11600000.0,-100000.0,0.0,0.0,-15300000.0,200000.0,-14900000.0,0.0,0.0,0.0,0.0,-6900000.0,-700000.0,-7600000.0,,,1620586031,14:47:11,20210509
113,1991-09-30,AB,USD,1991-09-30,1991-09-30,Q3,17500000.0,8100000.0,0.0,0.0,0.0,0.0,0.0,0.0,0.0,1300000.0,41800000.0,0.0,0.0,-16700000.0,4000000.0,0.0,-13500000.0,0.0,0.0,0.0,-14200000.0,-100000.0,-6300000.0,0.0,0.0,0.0,0.0,41800000.0,-800000.0,41000000.0,,,1620586031,14:47:11,20210509
114,1991-06-30,AB,USD,1991-06-30,1991-06-30,Q2,14100000.0,6900000.0,0.0,0.0,0.0,0.0,0.0,0.0,0.0,2200000.0,-5200000.0,0.0,0.0,-15500000.0,14600000.0,0.0,-2200000.0,-100000.0,0.0,0.0,-13600000.0,200000.0,5200000.0,0.0,0.0,0.0,0.0,-5200000.0,-1300000.0,-6500000.0,,,1620586031,14:47:11,20210509
115,1991-03-31,AB,USD,1991-03-31,1991-03-31,Q1,12300000.0,5900000.0,0.0,0.0,-12200000.0,0.0,0.0,0.0,0.0,2900000.0,8900000.0,0.0,0.0,-21800000.0,8100000.0,0.0,-15300000.0,-100000.0,0.0,0.0,-14100000.0,100000.0,-5100000.0,-200000.0,0.0,0.0,53300000.0,8900000.0,-1600000.0,7300000.0,,,1620586031,14:47:11,20210509
