,date,symbol,reportedCurrency,fillingDate,acceptedDate,period,netIncome,depreciationAndAmortization,deferredIncomeTax,stockBasedCompensation,changeInWorkingCapital,accountsReceivables,inventory,accountsPayables,otherWorkingCapital,otherNonCashItems,netCashProvidedByOperatingActivities,investmentsInPropertyPlantAndEquipment,acquisitionsNet,purchasesOfInvestments,salesMaturitiesOfInvestments,otherInvestingActivites,netCashUsedForInvestingActivites,debtRepayment,commonStockIssued,commonStockRepurchased,dividendsPaid,otherFinancingActivites,netCashUsedProvidedByFinancingActivities,effectOfForexChangesOnCash,netChangeInCash,cashAtEndOfPeriod,cashAtBeginningOfPeriod,operatingCashFlow,capitalExpenditure,freeCashFlow,link,finalLink,timestamp,est_time,est_date
0,2021-03-31,ICBK,USD,2021-05-07,2021-05-07 13:02:21,Q1,3928000.0,309000.0,656000.0,273000.0,-1680000.0,-646000.0,0.0,0.0,17404000.0,0.0,33361000.0,0.0,0.0,-50504000.0,7961000.0,0.0,-60269000.0,0.0,72000.0,0.0,-620000.0,0.0,25228000.0,0.0,-200000.0,17820000,19500000,33361000.0,0.0,33361000.0,https://www.sec.gov/Archives/edgar/data/1470205/000156459021025423/0001564590-21-025423-index.htm,https://www.sec.gov/Archives/edgar/data/1470205/000156459021025423/icbk-10q_20210331.htm,1620593397,16:49:57,20210509
1,2020-12-31,ICBK,USD,2021-03-12,2021-03-12 15:06:01,Q4,4518000.0,360000.0,1972000.0,182000.0,-33783000.0,-1170000.0,0.0,-5733000.0,19084000.0,-434000.0,-34858000.0,317000.0,0.0,-61560000.0,6925000.0,-78000.0,21860000.0,-119508000.0,163000.0,-2492000.0,-708000.0,0.0,-20785000.0,0.0,-33783000.0,19500000,53283000,-34858000.0,1063000.0,-34541000.0,https://www.sec.gov/Archives/edgar/data/1470205/000156459021012831/0001564590-21-012831-index.htm,https://www.sec.gov/Archives/edgar/data/1470205/000156459021012831/icbk-10k_20201231.htm,1620593397,16:49:57,20210509
2,2020-09-30,ICBK,USD,2020-11-06,2020-11-06 12:19:57,Q3,3415000.0,370000.0,-32000.0,189000.0,1107486000.0,-341000.0,0.0,3500000.0,52867000.0,105000.0,15997000.0,294000.0,0.0,-85256000.0,13444000.0,323000.0,-61056000.0,-8800000.0,195000.0,-1671000.0,-526000.0,0.0,-29090000.0,0.0,-74149000.0,53283000,127432000,15997000.0,0.0,16291000.0,https://www.sec.gov/Archives/edgar/data/1470205/000156459020051796/0001564590-20-051796-index.htm,https://www.sec.gov/Archives/edgar/data/1470205/000156459020051796/icbk-10q_20200930.htm,1620593397,16:49:57,20210509
3,2020-06-30,ICBK,USD,2020-08-07,2020-08-10 12:30:34,Q2,2734000.0,377000.0,13000.0,182000.0,67286000.0,448000.0,0.0,686000.0,-1054619000.0,-150000.0,7286000.0,-1973000.0,0.0,-10884000.0,35475000.0,-237000.0,-52009000.0,-278399000.0,0.0,-2560000.0,-554000.0,0.0,150610000.0,0.0,105887000.0,127432000,21545000,7286000.0,-1973000.0,5313000.0,https://www.sec.gov/Archives/edgar/data/1470205/000156459020038762/0001564590-20-038762-index.htm,https://www.sec.gov/Archives/edgar/data/1470205/000156459020038762/icbk-10q_20200630.htm,1620593397,16:49:57,20210509
4,2020-03-31,ICBK,USD,2020-05-08,2020-05-08 13:23:35,Q1,-5188000.0,399000.0,-253000.0,314000.0,-69264000.0,-1103000.0,0.0,-2314000.0,-1121905000.0,-114000.0,-12577000.0,-1849000.0,0.0,-89455000.0,5315000.0,-12365000.0,-73574000.0,-188601000.0,195000.0,-5853000.0,-574000.0,0.0,-21315000.0,0.0,-107466000.0,21545000,129011000,-12577000.0,910000.0,-14426000.0,https://www.sec.gov/Archives/edgar/data/1470205/000156459020023407/0001564590-20-023407-index.htm,https://www.sec.gov/Archives/edgar/data/1470205/000156459020023407/icbk-10q_20200331.htm,1620593397,16:49:57,20210509
5,2019-12-31,ICBK,USD,2020-03-13,2020-03-13 16:25:52,Q4,3304000.0,417000.0,-51000.0,256000.0,27106000.0,745000.0,0.0,2197000.0,-1052641000.0,-153000.0,8018000.0,-117000.0,0.0,-10122000.0,5561000.0,2284000.0,41833000.0,-6000.0,85000.0,0.0,-453000.0,0.0,-41685000.0,0.0,8166000.0,129011000,120845000,8018000.0,2450000.0,7901000.0,https://www.sec.gov/Archives/edgar/data/1470205/000156459020010841/0001564590-20-010841-index.htm,https://www.sec.gov/Archives/edgar/data/1470205/000156459020010841/icbk-10k_20191231.htm,1620593397,16:49:57,20210509
6,2019-09-30,ICBK,USD,2019-11-07,2019-11-07 12:22:14,Q3,5682000.0,416000.0,690000.0,177000.0,80334000.0,207000.0,0.0,1338000.0,-1079747000.0,82000.0,9063000.0,-215000.0,0.0,0.0,4658000.0,1832000.0,73301000.0,-15009000.0,120000.0,0.0,-457000.0,0.0,-77770000.0,0.0,4594000.0,120845000,116251000,9063000.0,1282000.0,8848000.0,https://www.sec.gov/Archives/edgar/data/1470205/000156459019041490/0001564590-19-041490-index.htm,https://www.sec.gov/Archives/edgar/data/1470205/000156459019041490/icbk-10q_20190930.htm,1620593397,16:49:57,20210509
7,2019-06-30,ICBK,USD,2019-08-08,2019-08-08 12:37:24,Q2,3704000.0,421000.0,364000.0,144000.0,64710000.0,-107000.0,0.0,690000.0,-1160081000.0,-66000.0,979000.0,-243000.0,0.0,0.0,36276000.0,1032000.0,65943000.0,-62603000.0,60000.0,0.0,-454000.0,0.0,-13097000.0,0.0,53825000.0,116251000,62426000,979000.0,212000.0,736000.0,https://www.sec.gov/Archives/edgar/data/1470205/000156459019030557/0001564590-19-030557-index.htm,https://www.sec.gov/Archives/edgar/data/1470205/000156459019030557/icbk-10q_20190630.htm,1620593397,16:49:57,20210509
8,2019-03-31,ICBK,USD,2019-05-09,2019-05-09 14:34:27,Q1,3762000.0,425000.0,398000.0,118000.0,37335000.0,-1250000.0,0.0,-228000.0,-1224791000.0,-208000.0,3893000.0,-84000.0,0.0,0.0,7234000.0,2812000.0,33383000.0,-82415000.0,0.0,0.0,-452000.0,0.0,-35937000.0,0.0,1339000.0,62426000,61087000,3893000.0,2832000.0,3809000.0,https://www.sec.gov/Archives/edgar/data/1470205/000156459019017847/0001564590-19-017847-index.htm,https://www.sec.gov/Archives/edgar/data/1470205/000156459019017847/icbk-10q_20190331.htm,1620593397,16:49:57,20210509
9,2018-12-31,ICBK,USD,2019-03-14,2019-03-14 15:13:53,Q4,2830000.0,499000.0,327000.0,123000.0,9378000.0,1185000.0,0.0,-240000.0,-1262126000.0,-128000.0,17844000.0,-390000.0,0.0,-9674000.0,6396000.0,1305000.0,-7931000.0,-79011000.0,205000.0,0.0,-580000.0,0.0,1178000.0,0.0,11091000.0,61087000,49996000,17844000.0,1045000.0,17454000.0,https://www.sec.gov/Archives/edgar/data/1470205/000156459019007775/0001564590-19-007775-index.htm,https://www.sec.gov/Archives/edgar/data/1470205/000156459019007775/icbk-10k_20181231.htm,1620593397,16:49:57,20210509
10,2018-09-30,ICBK,USD,2018-11-08,2018-11-08 12:46:52,Q3,3517000.0,384000.0,-437000.0,91000.0,-25348000.0,-185000.0,0.0,1880000.0,-1271504000.0,-94000.0,4174000.0,-1813000.0,0.0,-9778000.0,5032000.0,818000.0,-27133000.0,-26803000.0,47000.0,0.0,-574000.0,0.0,-8089000.0,0.0,-31048000.0,49996000,81044000,4174000.0,702000.0,2361000.0,https://www.sec.gov/Archives/edgar/data/1470205/000156459018028396/0001564590-18-028396-index.htm,https://www.sec.gov/Archives/edgar/data/1470205/000156459018028396/icbk-10q_20180930.htm,1620593397,16:49:57,20210509
11,2018-06-30,ICBK,USD,2018-08-08,2018-08-08 15:02:47,Q2,3850000.0,394000.0,-186000.0,142000.0,-36232000.0,-993000.0,0.0,762000.0,-1246156000.0,-245000.0,-617000.0,-397000.0,0.0,-51629000.0,5010000.0,2661000.0,-63057000.0,-12700000.0,100000.0,0.0,-568000.0,0.0,54042000.0,0.0,-9632000.0,81044000,90676000,-617000.0,-397000.0,-1014000.0,https://www.sec.gov/Archives/edgar/data/1470205/000156459018020388/0001564590-18-020388-index.htm,https://www.sec.gov/Archives/edgar/data/1470205/000156459018020388/icbk-10q_20180630.htm,1620593397,16:49:57,20210509
12,2018-03-31,ICBK,USD,2018-05-09,2018-05-09 12:29:27,Q1,4054000.0,384000.0,-187000.0,117000.0,-37395000.0,-64000.0,0.0,77000.0,-1209924000.0,-95000.0,4775000.0,-5067000.0,0.0,-25055000.0,6948000.0,230000.0,-41667000.0,-64058000.0,107000.0,0.0,-565000.0,0.0,60797000.0,0.0,23905000.0,90676000,66771000,4775000.0,-5067000.0,-292000.0,https://www.sec.gov/Archives/edgar/data/1470205/000156459018012197/0001564590-18-012197-index.htm,https://www.sec.gov/Archives/edgar/data/1470205/000156459018012197/icbk-10q_20180331.htm,1620593397,16:49:57,20210509
13,2017-12-31,ICBK,USD,2018-03-15,2018-03-15 17:12:32,Q4,2131000.0,385000.0,2218000.0,162000.0,-41624000.0,-695000.0,0.0,-684000.0,-1172529000.0,-88000.0,-76000.0,-330000.0,0.0,-42988000.0,23063000.0,1704000.0,-41643000.0,-6853000.0,263000.0,-202000.0,-497000.0,0.0,36695000.0,0.0,-5024000.0,66771000,71795000,-76000.0,1533000.0,-406000.0,https://www.sec.gov/Archives/edgar/data/1470205/000156459018005877/0001564590-18-005877-index.htm,https://www.sec.gov/Archives/edgar/data/1470205/000156459018005877/icbk-10k_20171231.htm,1620593397,16:49:57,20210509
14,2017-09-30,ICBK,USD,2017-11-08,2017-11-08 14:17:14,Q3,3604000.0,386000.0,658000.0,154000.0,-33344000.0,-395000.0,0.0,1857000.0,-1130905000.0,-57000.0,12385000.0,-517000.0,0.0,-472000.0,8112000.0,390000.0,-43597000.0,-40091000.0,216000.0,0.0,-489000.0,0.0,67068000.0,0.0,35856000.0,71795000,35939000,12385000.0,165000.0,11868000.0,https://www.sec.gov/Archives/edgar/data/1470205/000156459017022633/0001564590-17-022633-index.htm,https://www.sec.gov/Archives/edgar/data/1470205/000156459017022633/icbk-10q_20170930.htm,1620593397,16:49:57,20210509
15,2017-06-30,ICBK,USD,2017-08-08,2017-08-08 06:07:31,Q2,2058000.0,389000.0,-324000.0,130000.0,-28746000.0,-59000.0,0.0,-1986000.0,-1097561000.0,-124000.0,-2798000.0,-659000.0,0.0,-7284000.0,7596000.0,-383000.0,-27298000.0,-50337000.0,324000.0,0.0,-482000.0,0.0,34850000.0,0.0,4754000.0,35939000,31185000,-2798000.0,27000.0,-3457000.0,https://www.sec.gov/Archives/edgar/data/1470205/000156459017016223/0001564590-17-016223-index.htm,https://www.sec.gov/Archives/edgar/data/1470205/000156459017016223/icbk-10q_20170630.htm,1620593397,16:49:57,20210509
16,2017-03-31,ICBK,USD,2017-05-09,2017-05-09 14:09:09,Q1,2632000.0,372000.0,-289000.0,109000.0,-17694000.0,-163000.0,0.0,107000.0,-1068815000.0,-453000.0,1820000.0,-1252000.0,0.0,-2352000.0,10438000.0,-2884000.0,-18988000.0,-82627000.0,321000.0,0.0,-479000.0,0.0,5674000.0,0.0,-11494000.0,31185000,42679000,1820000.0,1052000.0,568000.0,https://www.sec.gov/Archives/edgar/data/1470205/000156459017009743/0001564590-17-009743-index.htm,https://www.sec.gov/Archives/edgar/data/1470205/000156459017009743/icbk-10q_20170331.htm,1620593397,16:49:57,20210509
17,2016-12-31,ICBK,USD,2017-03-23,2017-03-23 17:22:22,Q4,3471000.0,403000.0,373000.0,112000.0,-33197000.0,-559000.0,0.0,-19000.0,-1051121000.0,-31000.0,6430000.0,-261000.0,0.0,-5940000.0,4478000.0,175000.0,-39865000.0,-25066000.0,646000.0,0.0,-410000.0,0.0,23238000.0,0.0,-10197000.0,42679000,52876000,6430000.0,40000.0,6169000.0,https://www.sec.gov/Archives/edgar/data/1470205/000156459017005165/0001564590-17-005165-index.htm,https://www.sec.gov/Archives/edgar/data/1470205/000156459017005165/icbk-10k_20161231.htm,1620593397,16:49:57,20210509
18,2016-09-30,ICBK,USD,2016-11-10,2016-11-10 16:39:56,Q3,3102000.0,488000.0,-499000.0,59000.0,-22248000.0,36000.0,0.0,2325000.0,-1017924000.0,-105000.0,8900000.0,-133000.0,0.0,-1454000.0,5293000.0,239000.0,-28510000.0,-512684000.0,438000.0,0.0,-406000.0,0.0,51262000.0,0.0,31652000.0,52876000,21224000,8900000.0,273000.0,8767000.0,https://www.sec.gov/Archives/edgar/data/1470205/000156459016028960/0001564590-16-028960-index.htm,https://www.sec.gov/Archives/edgar/data/1470205/000156459016028960/icbk-10q_20160930.htm,1620593397,16:49:57,20210509
19,2016-06-30,ICBK,USD,2016-08-12,2016-08-12 16:02:06,Q2,1945000.0,272000.0,1360000.0,108000.0,-231090000.0,1544000.0,0.0,-1731000.0,-995676000.0,-163000.0,2343000.0,-195000.0,0.0,-5310000.0,5831000.0,268000.0,-30869000.0,-161055000.0,63000.0,-70000.0,-405000.0,0.0,29936000.0,0.0,1410000.0,21224000,19814000,2343000.0,-195000.0,2148000.0,https://www.sec.gov/Archives/edgar/data/1470205/000156459016024176/0001564590-16-024176-index.htm,https://www.sec.gov/Archives/edgar/data/1470205/000156459016024176/icbk-10q_20160630.htm,1620593397,16:49:57,20210509
20,2016-03-31,ICBK,USD,2016-05-12,2016-05-12 14:46:57,Q1,2176000.0,177000.0,-402000.0,128000.0,-28993000.0,-69000.0,0.0,-102000.0,-764586000.0,-72000.0,7929000.0,-1188000.0,0.0,0.0,4128000.0,-217000.0,-25081000.0,-28738000.0,33000.0,-15000000.0,-391000.0,0.0,22059000.0,0.0,4907000.0,19814000,14907000,7929000.0,-1188000.0,6741000.0,https://www.sec.gov/Archives/edgar/data/1470205/000156459016019211/0001564590-16-019211-index.htm,https://www.sec.gov/Archives/edgar/data/1470205/000156459016019211/icbk-10q_20160331.htm,1620593397,16:49:57,20210509
21,2015-12-31,ICBK,USD,2016-03-23,2016-03-23 16:37:16,Q4,2900000.0,148000.0,244000.0,94000.0,-35619000.0,98000.0,0.0,-501000.0,-735593000.0,-80000.0,7502000.0,-1544000.0,0.0,0.0,1744000.0,84000.0,-43601000.0,-389189000.0,474000.0,-154000.0,-349000.0,0.0,37980000.0,0.0,1881000.0,14907000,13026000,7502000.0,-1544000.0,5958000.0,https://www.sec.gov/Archives/edgar/data/1470205/000156459016015188/0001564590-16-015188-index.htm,https://www.sec.gov/Archives/edgar/data/1470205/000156459016015188/icbk-10k_20151231.htm,1620593397,16:49:57,20210509
22,2015-09-30,ICBK,USD,2015-11-12,2015-11-10 18:06:24,Q3,3330000.0,146000.0,-65000.0,109000.0,-61377000.0,-443000.0,0.0,2122000.0,-699974000.0,-100000.0,-5076000.0,-1466000.0,0.0,-3446000.0,1777000.0,-339000.0,-53795000.0,-359010000.0,0.0,0.0,-347000.0,0.0,57794000.0,0.0,-1077000.0,13026000,14103000,-5076000.0,-1466000.0,-6542000.0,https://www.sec.gov/Archives/edgar/data/1470205/000156459015010378/0001564590-15-010378-index.htm,https://www.sec.gov/Archives/edgar/data/1470205/000156459015010378/icbk-10q_20150930.htm,1620593397,16:49:57,20210509
23,2015-06-30,ICBK,USD,2015-08-14,2015-08-14 10:58:12,Q2,2218000.0,147000.0,7000.0,104000.0,-13840000.0,87000.0,0.0,-1150000.0,-638597000.0,-161000.0,6738000.0,-103000.0,0.0,-6267000.0,2903000.0,2049000.0,-21313000.0,-10752000.0,-83000.0,0.0,-360000.0,0.0,-1065000.0,0.0,-15640000.0,14103000,29743000,6738000.0,-103000.0,6635000.0,https://www.sec.gov/Archives/edgar/data/1470205/000156459015007344/0001564590-15-007344-index.htm,https://www.sec.gov/Archives/edgar/data/1470205/000156459015007344/icbk-10q_20150630.htm,1620593397,16:49:57,20210509
24,2015-03-31,ICBK,USD,2015-05-14,2015-05-14 16:12:00,Q1,2526000.0,151000.0,194000.0,53000.0,-624757000.0,-120000.0,0.0,391000.0,-624757000.0,302000.0,-2095000.0,-54000.0,0.0,-1561000.0,2011000.0,1275000.0,14966000.0,-18211000.0,16978000.0,0.0,-347000.0,0.0,6392000.0,0.0,19263000.0,29743000,10480000,-2095000.0,-39000.0,-2149000.0,https://www.sec.gov/Archives/edgar/data/1470205/000156459015004304/0001564590-15-004304-index.htm,https://www.sec.gov/Archives/edgar/data/1470205/000156459015004304/icbk-10q_20150331.htm,1620593397,16:49:57,20210509
25,2014-12-31,ICBK,USD,2014-12-31,2014-12-31,Q4,2282000.0,150000.0,-141000.0,44000.0,0.0,-455000.0,0.0,369000.0,0.0,-30000.0,572000.0,-59000.0,0.0,-6821000.0,3214000.0,507000.0,-59977000.0,-490000.0,306000.0,-77000.0,-118000.0,0.0,26159000.0,0.0,-33246000.0,10480000,43726000,572000.0,-59000.0,513000.0,,,1620593397,16:49:57,20210509
26,2014-09-30,ICBK,USD,2014-09-30,2014-09-30,Q3,2071000.0,155000.0,234000.0,51000.0,0.0,-269000.0,0.0,1313000.0,0.0,99000.0,4822000.0,-90000.0,0.0,-4874000.0,2516000.0,3978000.0,-5171000.0,-2254000.0,506000.0,-687000.0,-116000.0,0.0,-18258000.0,0.0,-18607000.0,43726000,62333000,4822000.0,-90000.0,4732000.0,,,1620593397,16:49:57,20210509
27,2014-06-30,ICBK,USD,2014-06-30,2014-06-30,Q2,2167000.0,159000.0,638000.0,63000.0,0.0,3000.0,0.0,-516000.0,0.0,-10000.0,8011000.0,-680000.0,0.0,-5229000.0,3175000.0,3059000.0,-21002000.0,-2043000.0,0.0,0.0,-118000.0,0.0,18409000.0,0.0,5418000.0,62333000,56915000,8011000.0,-680000.0,7331000.0,,,1620593397,16:49:57,20210509
28,2014-03-31,ICBK,USD,2014-03-31,2014-03-31,Q1,1690000.0,147000.0,0.0,-4000.0,0.0,314000.0,0.0,-313000.0,0.0,-67000.0,2051000.0,-209000.0,0.0,-2740000.0,2661000.0,1255000.0,5092000.0,-5525000.0,0.0,-125000.0,-118000.0,0.0,-22008000.0,0.0,-14865000.0,56915000,71780000,2051000.0,-209000.0,1842000.0,,,1620593397,16:49:57,20210509
29,2013-12-31,ICBK,USD,2013-12-31,2013-12-31,Q4,1120000.0,120000.0,-15000.0,65000.0,-5760000.0,46000.0,0.0,-392000.0,0.0,-177000.0,-1680000.0,-431000.0,0.0,-9524000.0,3399000.0,7049000.0,9610000.0,-2491000.0,69000.0,-598000.0,-118000.0,0.0,10889000.0,0.0,18819000.0,71780000,52961000,-1680000.0,-431000.0,-2111000.0,,,1620593397,16:49:57,20210509
