,date,symbol,reportedCurrency,fillingDate,acceptedDate,period,netIncome,depreciationAndAmortization,deferredIncomeTax,stockBasedCompensation,changeInWorkingCapital,accountsReceivables,inventory,accountsPayables,otherWorkingCapital,otherNonCashItems,netCashProvidedByOperatingActivities,investmentsInPropertyPlantAndEquipment,acquisitionsNet,purchasesOfInvestments,salesMaturitiesOfInvestments,otherInvestingActivites,netCashUsedForInvestingActivites,debtRepayment,commonStockIssued,commonStockRepurchased,dividendsPaid,otherFinancingActivites,netCashUsedProvidedByFinancingActivities,effectOfForexChangesOnCash,netChangeInCash,cashAtEndOfPeriod,cashAtBeginningOfPeriod,operatingCashFlow,capitalExpenditure,freeCashFlow,link,finalLink,timestamp,est_time,est_date
0,2019-09-30,0342.HK,HKD,2019-09-30,2019-09-30,Q3,160543750.0,62424750.0,0.0,0.0,-18963250.0,0.0,63151500.0,0.0,0.0,84447000.0,278303750.0,-24614250.0,,0.0,0.0,-144560250.0,0.0,-6069149000.0,0.0,0.0,0.0,5771500.0,0.0,0.0,-1778250.0,572171000.0,573949250.0,278303750.0,-24614250.0,253689500.0,https://www1.hkexnews.hk/search/titlesearch.xhtml,https://www1.hkexnews.hk/search/titlesearch.xhtml,1620584679,14:24:39,20210509
1,2019-06-30,0342.HK,HKD,2019-06-30,2019-06-30,Q2,160543750.0,62424750.0,0.0,0.0,-18963250.0,0.0,63151500.0,0.0,0.0,84447000.0,278303750.0,-24614250.0,,0.0,0.0,-144560250.0,0.0,-6069149000.0,0.0,0.0,0.0,5771500.0,0.0,0.0,-1778250.0,572171000.0,573949250.0,278303750.0,-24614250.0,253689500.0,https://www1.hkexnews.hk/search/titlesearch.xhtml,https://www1.hkexnews.hk/search/titlesearch.xhtml,1620584679,14:24:39,20210509
2,2019-03-31,0342.HK,HKD,2019-03-31,2019-03-31,Q1,160543750.0,62424750.0,0.0,0.0,-18963250.0,0.0,63151500.0,0.0,0.0,84447000.0,278303750.0,-24614250.0,,0.0,0.0,-144560250.0,0.0,-6069149000.0,0.0,0.0,0.0,5771500.0,0.0,0.0,-1778250.0,572171000.0,573949250.0,278303750.0,-24614250.0,253689500.0,https://www1.hkexnews.hk/search/titlesearch.xhtml,https://www1.hkexnews.hk/search/titlesearch.xhtml,1620584679,14:24:39,20210509
3,2019-01-31,0342.HK,HKD,2019-01-31,2019-01-31,Q1,160543750.0,62424750.0,0.0,0.0,-18963250.0,0.0,63151500.0,0.0,0.0,84447000.0,278303750.0,-24614250.0,,0.0,0.0,-144560250.0,0.0,-6069149000.0,0.0,0.0,0.0,5771500.0,0.0,0.0,-1778250.0,572171000.0,573949250.0,278303750.0,-24614250.0,253689500.0,https://www1.hkexnews.hk/search/titlesearch.xhtml,https://www1.hkexnews.hk/search/titlesearch.xhtml,1620584679,14:24:39,20210509
4,2018-09-30,0342.HK,HKD,2018-09-30,2018-09-30,Q3,189760500.0,49918500.0,0.0,0.0,-617214000.0,0.0,-132684750.0,0.0,0.0,55580500.0,-284570500.0,-31555750.0,,0.0,0.0,28346000.0,0.0,-5056465750.0,0.0,-1949250.0,0.0,0.0,0.0,0.0,126651500.0,573949250.0,447297750.0,-284570500.0,-31555750.0,-316126250.0,https://www1.hkexnews.hk/search/titlesearch.xhtml,https://www1.hkexnews.hk/search/titlesearch.xhtml,1620584679,14:24:39,20210509
5,2018-06-30,0342.HK,HKD,2018-06-30,2018-06-30,Q2,189760500.0,49918500.0,0.0,0.0,-617214000.0,0.0,-132684750.0,0.0,0.0,55580500.0,-284570500.0,-31555750.0,,0.0,0.0,28346000.0,0.0,-5056465750.0,0.0,-1949250.0,0.0,0.0,0.0,0.0,126651500.0,573949250.0,447297750.0,-284570500.0,-31555750.0,-316126250.0,https://www1.hkexnews.hk/search/titlesearch.xhtml,https://www1.hkexnews.hk/search/titlesearch.xhtml,1620584679,14:24:39,20210509
6,2018-03-31,0342.HK,HKD,2018-03-31,2018-03-31,Q1,189760500.0,49918500.0,0.0,0.0,-617214000.0,0.0,-132684750.0,0.0,0.0,55580500.0,-284570500.0,-31555750.0,,0.0,0.0,28346000.0,0.0,-5056465750.0,0.0,-1949250.0,0.0,0.0,0.0,0.0,126651500.0,573949250.0,447297750.0,-284570500.0,-31555750.0,-316126250.0,https://www1.hkexnews.hk/search/titlesearch.xhtml,https://www1.hkexnews.hk/search/titlesearch.xhtml,1620584679,14:24:39,20210509
7,2018-01-31,0342.HK,HKD,2018-01-31,2018-01-31,Q1,189760500.0,49918500.0,0.0,0.0,-617214000.0,0.0,-132684750.0,0.0,0.0,55580500.0,-284570500.0,-31555750.0,,0.0,0.0,28346000.0,0.0,-5056465750.0,0.0,-1949250.0,0.0,0.0,0.0,0.0,126651500.0,573949250.0,447297750.0,-284570500.0,-31555750.0,-316126250.0,https://www1.hkexnews.hk/search/titlesearch.xhtml,https://www1.hkexnews.hk/search/titlesearch.xhtml,1620584679,14:24:39,20210509
8,2017-09-30,0342.HK,HKD,2017-09-30,2017-09-30,Q3,208907750.0,45660000.0,0.0,0.0,-391786500.0,0.0,-173925750.0,0.0,0.0,37336500.0,-98610750.0,-76385500.0,,0.0,0.0,-56720250.0,0.0,-3647112000.0,0.0,-4357250.0,0.0,2101000.0,0.0,0.0,-17101500.0,447297750.0,464399250.0,-98610750.0,-76385500.0,-174996250.0,https://www1.hkexnews.hk/search/titlesearch.xhtml,https://www1.hkexnews.hk/search/titlesearch.xhtml,1620584679,14:24:39,20210509
9,2017-06-30,0342.HK,HKD,2017-06-30,2017-06-30,Q2,208907750.0,45660000.0,0.0,0.0,-391786500.0,0.0,-173925750.0,0.0,0.0,37336500.0,-98610750.0,-76385500.0,,0.0,0.0,-56720250.0,0.0,-3647112000.0,0.0,-4357250.0,0.0,2101000.0,0.0,0.0,-17101500.0,447297750.0,464399250.0,-98610750.0,-76385500.0,-174996250.0,https://www1.hkexnews.hk/search/titlesearch.xhtml,https://www1.hkexnews.hk/search/titlesearch.xhtml,1620584679,14:24:39,20210509
10,2017-03-31,0342.HK,HKD,2017-03-31,2017-03-31,Q1,208907750.0,45660000.0,0.0,0.0,-391786500.0,0.0,-173925750.0,0.0,0.0,37336500.0,-98610750.0,-76385500.0,,0.0,0.0,-56720250.0,0.0,-3647112000.0,0.0,-4357250.0,0.0,2101000.0,0.0,0.0,-17101500.0,447297750.0,464399250.0,-98610750.0,-76385500.0,-174996250.0,https://www1.hkexnews.hk/search/titlesearch.xhtml,https://www1.hkexnews.hk/search/titlesearch.xhtml,1620584679,14:24:39,20210509
11,2017-01-31,0342.HK,HKD,2017-01-31,2017-01-31,Q1,208907750.0,45660000.0,0.0,0.0,-391786500.0,0.0,-173925750.0,0.0,0.0,37336500.0,-98610750.0,-76385500.0,,0.0,0.0,-56720250.0,0.0,-3647112000.0,0.0,-4357250.0,0.0,2101000.0,0.0,0.0,-17101500.0,447297750.0,464399250.0,-98610750.0,-76385500.0,-174996250.0,https://www1.hkexnews.hk/search/titlesearch.xhtml,https://www1.hkexnews.hk/search/titlesearch.xhtml,1620584679,14:24:39,20210509
12,2016-09-30,0342.HK,HKD,2016-09-30,2016-09-30,Q3,187349250.0,38198250.0,0.0,0.0,-35825750.0,0.0,-197588500.0,0.0,0.0,31697000.0,225940250.0,-172284500.0,,0.0,18214000.0,202996000.0,0.0,-2806943750.0,0.0,0.0,-9252500.0,11663750.0,0.0,0.0,71915000.0,464399250.0,392484250.0,225940250.0,-172284500.0,53655750.0,https://www1.hkexnews.hk/search/titlesearch.xhtml,https://www1.hkexnews.hk/search/titlesearch.xhtml,1620584679,14:24:39,20210509
13,2016-06-30,0342.HK,HKD,2016-06-30,2016-06-30,Q2,187349250.0,38198250.0,0.0,0.0,-35825750.0,0.0,-197588500.0,0.0,0.0,31697000.0,225940250.0,-172284500.0,,0.0,18214000.0,202996000.0,0.0,-2806943750.0,0.0,0.0,-9252500.0,11663750.0,0.0,0.0,71915000.0,464399250.0,392484250.0,225940250.0,-172284500.0,53655750.0,https://www1.hkexnews.hk/search/titlesearch.xhtml,https://www1.hkexnews.hk/search/titlesearch.xhtml,1620584679,14:24:39,20210509
14,2016-03-31,0342.HK,HKD,2016-03-31,2016-03-31,Q1,187349250.0,38198250.0,0.0,0.0,-35825750.0,0.0,-197588500.0,0.0,0.0,31697000.0,225940250.0,-172284500.0,,0.0,18214000.0,202996000.0,0.0,-2806943750.0,0.0,0.0,-9252500.0,11663750.0,0.0,0.0,71915000.0,464399250.0,392484250.0,225940250.0,-172284500.0,53655750.0,https://www1.hkexnews.hk/search/titlesearch.xhtml,https://www1.hkexnews.hk/search/titlesearch.xhtml,1620584679,14:24:39,20210509
15,2016-01-31,0342.HK,HKD,2016-01-31,2016-01-31,Q1,187349250.0,38198250.0,0.0,0.0,-35825750.0,0.0,-197588500.0,0.0,0.0,31697000.0,225940250.0,-172284500.0,,0.0,18214000.0,202996000.0,0.0,-2806943750.0,0.0,0.0,-9252500.0,11663750.0,0.0,0.0,71915000.0,464399250.0,392484250.0,225940250.0,-172284500.0,53655750.0,https://www1.hkexnews.hk/search/titlesearch.xhtml,https://www1.hkexnews.hk/search/titlesearch.xhtml,1620584679,14:24:39,20210509
16,2015-09-30,0342.HK,HKD,2015-09-30,2015-09-30,Q3,189160750.0,35914250.0,0.0,0.0,-86794750.0,0.0,48049250.0,0.0,0.0,21036250.0,172312500.0,-12818000.0,,0.0,13280000.0,455038250.0,0.0,-3075926250.0,0.0,0.0,-24426500.0,1198000.0,0.0,0.0,-42171000.0,392484250.0,434655250.0,172312500.0,-12818000.0,159494500.0,https://www1.hkexnews.hk/search/titlesearch.xhtml,https://www1.hkexnews.hk/search/titlesearch.xhtml,1620584679,14:24:39,20210509
17,2015-06-30,0342.HK,HKD,2015-06-30,2015-06-30,Q2,189160750.0,35914250.0,0.0,0.0,-86794750.0,0.0,48049250.0,0.0,0.0,21036250.0,172312500.0,-12818000.0,,0.0,13280000.0,455038250.0,0.0,-3075926250.0,0.0,0.0,-24426500.0,1198000.0,0.0,0.0,-42171000.0,392484250.0,434655250.0,172312500.0,-12818000.0,159494500.0,https://www1.hkexnews.hk/search/titlesearch.xhtml,https://www1.hkexnews.hk/search/titlesearch.xhtml,1620584679,14:24:39,20210509
18,2015-03-31,0342.HK,HKD,2015-03-31,2015-03-31,Q1,189160750.0,35914250.0,0.0,0.0,-86794750.0,0.0,48049250.0,0.0,0.0,21036250.0,172312500.0,-12818000.0,,0.0,13280000.0,455038250.0,0.0,-3075926250.0,0.0,0.0,-24426500.0,1198000.0,0.0,0.0,-42171000.0,392484250.0,434655250.0,172312500.0,-12818000.0,159494500.0,https://www1.hkexnews.hk/search/titlesearch.xhtml,https://www1.hkexnews.hk/search/titlesearch.xhtml,1620584679,14:24:39,20210509
19,2015-01-31,0342.HK,HKD,2015-01-31,2015-01-31,Q1,189160750.0,35914250.0,0.0,0.0,-86794750.0,0.0,48049250.0,0.0,0.0,21036250.0,172312500.0,-12818000.0,,0.0,13280000.0,455038250.0,0.0,-3075926250.0,0.0,0.0,-24426500.0,1198000.0,0.0,0.0,-42171000.0,392484250.0,434655250.0,172312500.0,-12818000.0,159494500.0,https://www1.hkexnews.hk/search/titlesearch.xhtml,https://www1.hkexnews.hk/search/titlesearch.xhtml,1620584679,14:24:39,20210509
20,2014-09-30,0342.HK,HKD,2014-09-30,2014-09-30,Q3,225067500.0,30930500.0,0.0,0.0,-454320250.0,0.0,91109750.0,0.0,0.0,-1254750.0,-205904500.0,-45730750.0,,0.0,5533250.0,63313250.0,0.0,-3032538750.0,0.0,-2887500.0,-21138500.0,2322500.0,0.0,0.0,-2247750.0,434655250.0,436903000.0,-205904500.0,-45730750.0,-251635250.0,https://www1.hkexnews.hk/search/titlesearch.xhtml,https://www1.hkexnews.hk/search/titlesearch.xhtml,1620584679,14:24:39,20210509
21,2014-06-30,0342.HK,HKD,2014-06-30,2014-06-30,Q2,225067500.0,30930500.0,0.0,0.0,-454320250.0,0.0,91109750.0,0.0,0.0,-1254750.0,-205904500.0,-45730750.0,,0.0,5533250.0,63313250.0,0.0,-3032538750.0,0.0,-2887500.0,-21138500.0,2322500.0,0.0,0.0,-2247750.0,434655250.0,436903000.0,-205904500.0,-45730750.0,-251635250.0,https://www1.hkexnews.hk/search/titlesearch.xhtml,https://www1.hkexnews.hk/search/titlesearch.xhtml,1620584679,14:24:39,20210509
22,2014-03-31,0342.HK,HKD,2014-03-31,2014-03-31,Q1,225067500.0,30930500.0,0.0,0.0,-454320250.0,0.0,91109750.0,0.0,0.0,-1254750.0,-205904500.0,-45730750.0,,0.0,5533250.0,63313250.0,0.0,-3032538750.0,0.0,-2887500.0,-21138500.0,2322500.0,0.0,0.0,-2247750.0,434655250.0,436903000.0,-205904500.0,-45730750.0,-251635250.0,https://www1.hkexnews.hk/search/titlesearch.xhtml,https://www1.hkexnews.hk/search/titlesearch.xhtml,1620584679,14:24:39,20210509
23,2014-01-31,0342.HK,HKD,2014-01-31,2014-01-31,Q1,225067500.0,30930500.0,0.0,0.0,-454320250.0,0.0,91109750.0,0.0,0.0,-1254750.0,-205904500.0,-45730750.0,,0.0,5533250.0,63313250.0,0.0,-3032538750.0,0.0,-2887500.0,-21138500.0,2322500.0,0.0,0.0,-2247750.0,434655250.0,436903000.0,-205904500.0,-45730750.0,-251635250.0,https://www1.hkexnews.hk/search/titlesearch.xhtml,https://www1.hkexnews.hk/search/titlesearch.xhtml,1620584679,14:24:39,20210509
24,2013-09-30,0342.HK,HKD,2013-09-30,2013-09-30,Q3,195827000.0,27882750.0,0.0,0.0,-343506000.0,0.0,-5534000.0,0.0,0.0,16435500.0,-99438500.0,-51518000.0,,0.0,0.0,34153000.0,0.0,-3290880250.0,196530750.0,0.0,-14092250.0,1271750.0,0.0,0.0,137867250.0,436903000.0,299035750.0,-99438500.0,-51518000.0,-150956500.0,https://www1.hkexnews.hk/search/titlesearch.xhtml,https://www1.hkexnews.hk/search/titlesearch.xhtml,1620584679,14:24:39,20210509
25,2013-06-30,0342.HK,HKD,2013-06-30,2013-06-30,Q2,195827000.0,27882750.0,0.0,0.0,-343506000.0,0.0,-5534000.0,0.0,0.0,16435500.0,-99438500.0,-51518000.0,,0.0,0.0,34153000.0,0.0,-3290880250.0,196530750.0,0.0,-14092250.0,1271750.0,0.0,0.0,137867250.0,436903000.0,299035750.0,-99438500.0,-51518000.0,-150956500.0,https://www1.hkexnews.hk/search/titlesearch.xhtml,https://www1.hkexnews.hk/search/titlesearch.xhtml,1620584679,14:24:39,20210509
26,2013-03-31,0342.HK,HKD,2013-03-31,2013-03-31,Q1,195827000.0,27882750.0,0.0,0.0,-343506000.0,0.0,-5534000.0,0.0,0.0,16435500.0,-99438500.0,-51518000.0,,0.0,0.0,34153000.0,0.0,-3290880250.0,196530750.0,0.0,-14092250.0,1271750.0,0.0,0.0,137867250.0,436903000.0,299035750.0,-99438500.0,-51518000.0,-150956500.0,https://www1.hkexnews.hk/search/titlesearch.xhtml,https://www1.hkexnews.hk/search/titlesearch.xhtml,1620584679,14:24:39,20210509
27,2013-01-31,0342.HK,HKD,2013-01-31,2013-01-31,Q1,195827000.0,27882750.0,0.0,0.0,-343506000.0,0.0,-5534000.0,0.0,0.0,16435500.0,-99438500.0,-51518000.0,,0.0,0.0,34153000.0,0.0,-3290880250.0,196530750.0,0.0,-14092250.0,1271750.0,0.0,0.0,137867250.0,436903000.0,299035750.0,-99438500.0,-51518000.0,-150956500.0,https://www1.hkexnews.hk/search/titlesearch.xhtml,https://www1.hkexnews.hk/search/titlesearch.xhtml,1620584679,14:24:39,20210509
28,2012-09-30,0342.HK,HKD,2012-09-30,2012-09-30,Q3,202733500.0,30367750.0,0.0,0.0,327681750.0,0.0,-124047750.0,0.0,0.0,36299000.0,491955250.0,-57848750.0,,-40370250.0,0.0,39079250.0,0.0,-3035128500.0,0.0,0.0,-7508750.0,-10000000.0,0.0,0.0,79637000.0,299035750.0,219398750.0,491955250.0,-57848750.0,434106500.0,https://www1.hkexnews.hk/search/titlesearch.xhtml,https://www1.hkexnews.hk/search/titlesearch.xhtml,1620584679,14:24:39,20210509
29,2012-06-30,0342.HK,HKD,2012-06-30,2012-06-30,Q2,202733500.0,30367750.0,0.0,0.0,327681750.0,0.0,-124047750.0,0.0,0.0,36299000.0,491955250.0,-57848750.0,,-40370250.0,0.0,39079250.0,0.0,-3035128500.0,0.0,0.0,-7508750.0,-10000000.0,0.0,0.0,79637000.0,299035750.0,219398750.0,491955250.0,-57848750.0,434106500.0,https://www1.hkexnews.hk/search/titlesearch.xhtml,https://www1.hkexnews.hk/search/titlesearch.xhtml,1620584679,14:24:39,20210509
30,2012-03-31,0342.HK,HKD,2012-03-31,2012-03-31,Q1,202733500.0,30367750.0,0.0,0.0,327681750.0,0.0,-124047750.0,0.0,0.0,36299000.0,491955250.0,-57848750.0,,-40370250.0,0.0,39079250.0,0.0,-3035128500.0,0.0,0.0,-7508750.0,-10000000.0,0.0,0.0,79637000.0,299035750.0,219398750.0,491955250.0,-57848750.0,434106500.0,https://www1.hkexnews.hk/search/titlesearch.xhtml,https://www1.hkexnews.hk/search/titlesearch.xhtml,1620584679,14:24:39,20210509
31,2012-01-31,0342.HK,HKD,2012-01-31,2012-01-31,Q1,202733500.0,30367750.0,0.0,0.0,327681750.0,0.0,-124047750.0,0.0,0.0,36299000.0,491955250.0,-57848750.0,,-40370250.0,0.0,39079250.0,0.0,-3035128500.0,0.0,0.0,-7508750.0,-10000000.0,0.0,0.0,79637000.0,299035750.0,219398750.0,491955250.0,-57848750.0,434106500.0,https://www1.hkexnews.hk/search/titlesearch.xhtml,https://www1.hkexnews.hk/search/titlesearch.xhtml,1620584679,14:24:39,20210509
32,2011-09-30,0342.HK,HKD,2011-09-30,2011-09-30,Q3,76539750.0,15434250.0,0.0,0.0,-220288750.0,0.0,9710000.0,0.0,0.0,-9550000.0,-126462500.0,-87168250.0,,0.0,11603250.0,-573924000.0,0.0,-2199068750.0,0.0,0.0,-3264500.0,2523750.0,0.0,0.0,124353500.0,219398750.0,95045250.0,-126462500.0,-87168250.0,-213630750.0,https://www1.hkexnews.hk/search/titlesearch.xhtml,https://www1.hkexnews.hk/search/titlesearch.xhtml,1620584679,14:24:39,20210509
33,2011-06-30,0342.HK,HKD,2011-06-30,2011-06-30,Q2,76539750.0,15434250.0,0.0,0.0,-220288750.0,0.0,9710000.0,0.0,0.0,-9550000.0,-126462500.0,-87168250.0,,0.0,11603250.0,-573924000.0,0.0,-2199068750.0,0.0,0.0,-3264500.0,2523750.0,0.0,0.0,124353500.0,219398750.0,95045250.0,-126462500.0,-87168250.0,-213630750.0,https://www1.hkexnews.hk/search/titlesearch.xhtml,https://www1.hkexnews.hk/search/titlesearch.xhtml,1620584679,14:24:39,20210509
34,2011-03-31,0342.HK,HKD,2011-03-31,2011-03-31,Q1,76539750.0,15434250.0,0.0,0.0,-220288750.0,0.0,9710000.0,0.0,0.0,-9550000.0,-126462500.0,-87168250.0,,0.0,11603250.0,-573924000.0,0.0,-2199068750.0,0.0,0.0,-3264500.0,2523750.0,0.0,0.0,124353500.0,219398750.0,95045250.0,-126462500.0,-87168250.0,-213630750.0,https://www1.hkexnews.hk/search/titlesearch.xhtml,https://www1.hkexnews.hk/search/titlesearch.xhtml,1620584679,14:24:39,20210509
35,2011-01-31,0342.HK,HKD,2011-01-31,2011-01-31,Q1,76539750.0,15434250.0,0.0,0.0,-220288750.0,0.0,9710000.0,0.0,0.0,-9550000.0,-126462500.0,-87168250.0,,0.0,11603250.0,-573924000.0,0.0,-2199068750.0,0.0,0.0,-3264500.0,2523750.0,0.0,0.0,124353500.0,219398750.0,95045250.0,-126462500.0,-87168250.0,-213630750.0,https://www1.hkexnews.hk/search/titlesearch.xhtml,https://www1.hkexnews.hk/search/titlesearch.xhtml,1620584679,14:24:39,20210509
36,2010-09-30,0342.HK,HKD,2010-09-30,2010-09-30,Q3,34161750.0,0.0,0.0,0.0,0.0,0.0,0.0,0.0,0.0,0.0,-4547000.0,-31208500.0,,-881500.0,2055750.0,-166791500.0,0.0,-1698083500.0,66750000.0,0.0,-2889500.0,0.0,0.0,0.0,46366250.0,95045250.0,48679000.0,-4547000.0,-31208500.0,-35755500.0,https://www1.hkexnews.hk/search/titlesearch.xhtml,https://www1.hkexnews.hk/search/titlesearch.xhtml,1620584679,14:24:39,20210509
37,2010-06-30,0342.HK,HKD,2010-06-30,2010-06-30,Q2,34161750.0,0.0,0.0,0.0,0.0,0.0,0.0,0.0,0.0,0.0,-4547000.0,-31208500.0,,-881500.0,2055750.0,-166791500.0,0.0,-1698083500.0,66750000.0,0.0,-2889500.0,0.0,0.0,0.0,46366250.0,95045250.0,48679000.0,-4547000.0,-31208500.0,-35755500.0,https://www1.hkexnews.hk/search/titlesearch.xhtml,https://www1.hkexnews.hk/search/titlesearch.xhtml,1620584679,14:24:39,20210509
38,2010-03-31,0342.HK,HKD,2010-03-31,2010-03-31,Q1,34161750.0,0.0,0.0,0.0,0.0,0.0,0.0,0.0,0.0,0.0,-4547000.0,-31208500.0,,-881500.0,2055750.0,-166791500.0,0.0,-1698083500.0,66750000.0,0.0,-2889500.0,0.0,0.0,0.0,46366250.0,95045250.0,48679000.0,-4547000.0,-31208500.0,-35755500.0,https://www1.hkexnews.hk/search/titlesearch.xhtml,https://www1.hkexnews.hk/search/titlesearch.xhtml,1620584679,14:24:39,20210509
39,2010-01-31,0342.HK,HKD,2010-01-31,2010-01-31,Q1,34161750.0,0.0,0.0,0.0,0.0,0.0,0.0,0.0,0.0,0.0,-4547000.0,-31208500.0,,-881500.0,2055750.0,-166791500.0,0.0,-1698083500.0,66750000.0,0.0,-2889500.0,0.0,0.0,0.0,46366250.0,95045250.0,48679000.0,-4547000.0,-31208500.0,-35755500.0,https://www1.hkexnews.hk/search/titlesearch.xhtml,https://www1.hkexnews.hk/search/titlesearch.xhtml,1620584679,14:24:39,20210509
40,2009-09-30,0342.HK,HKD,2009-09-30,2009-09-30,Q3,28112750.0,11914000.0,0.0,0.0,-61899500.0,0.0,-71937000.0,0.0,0.0,12982000.0,-19187000.0,-4725000.0,,0.0,0.0,-182066750.0,0.0,-1131740000.0,48125000.0,0.0,-722500.0,10000000.0,0.0,0.0,13191500.0,48679000.0,35487500.0,-19187000.0,-4725000.0,-23912000.0,https://www1.hkexnews.hk/search/titlesearch.xhtml,https://www1.hkexnews.hk/search/titlesearch.xhtml,1620584679,14:24:39,20210509
41,2009-06-30,0342.HK,HKD,2009-06-30,2009-06-30,Q2,28112750.0,11914000.0,0.0,0.0,-61899500.0,0.0,-71937000.0,0.0,0.0,12982000.0,-19187000.0,-4725000.0,,0.0,0.0,-182066750.0,0.0,-1131740000.0,48125000.0,0.0,-722500.0,10000000.0,0.0,0.0,13191500.0,48679000.0,35487500.0,-19187000.0,-4725000.0,-23912000.0,https://www1.hkexnews.hk/search/titlesearch.xhtml,https://www1.hkexnews.hk/search/titlesearch.xhtml,1620584679,14:24:39,20210509
42,2009-03-31,0342.HK,HKD,2009-03-31,2009-03-31,Q1,28112750.0,11914000.0,0.0,0.0,-61899500.0,0.0,-71937000.0,0.0,0.0,12982000.0,-19187000.0,-4725000.0,,0.0,0.0,-182066750.0,0.0,-1131740000.0,48125000.0,0.0,-722500.0,10000000.0,0.0,0.0,13191500.0,48679000.0,35487500.0,-19187000.0,-4725000.0,-23912000.0,https://www1.hkexnews.hk/search/titlesearch.xhtml,https://www1.hkexnews.hk/search/titlesearch.xhtml,1620584679,14:24:39,20210509
43,2009-01-31,0342.HK,HKD,2009-01-31,2009-01-31,Q1,28112750.0,11914000.0,0.0,0.0,-61899500.0,0.0,-71937000.0,0.0,0.0,12982000.0,-19187000.0,-4725000.0,,0.0,0.0,-182066750.0,0.0,-1131740000.0,48125000.0,0.0,-722500.0,10000000.0,0.0,0.0,13191500.0,48679000.0,35487500.0,-19187000.0,-4725000.0,-23912000.0,https://www1.hkexnews.hk/search/titlesearch.xhtml,https://www1.hkexnews.hk/search/titlesearch.xhtml,1620584679,14:24:39,20210509
44,2008-09-30,0342.HK,HKD,2008-09-30,2008-09-30,Q3,13227750.0,10724250.0,0.0,0.0,-62008500.0,0.0,-2685250.0,0.0,0.0,24823500.0,-48131750.0,-20392000.0,,0.0,0.0,5794000.0,0.0,-1305950250.0,36125750.0,0.0,-1324500.0,0.0,0.0,0.0,8995500.0,35487500.0,26492000.0,-48131750.0,-20392000.0,-68523750.0,https://www1.hkexnews.hk/search/titlesearch.xhtml,https://www1.hkexnews.hk/search/titlesearch.xhtml,1620584679,14:24:39,20210509
45,2008-06-30,0342.HK,HKD,2008-06-30,2008-06-30,Q2,13227750.0,10724250.0,0.0,0.0,-62008500.0,0.0,-2685250.0,0.0,0.0,24823500.0,-48131750.0,-20392000.0,,0.0,0.0,5794000.0,0.0,-1305950250.0,36125750.0,0.0,-1324500.0,0.0,0.0,0.0,8995500.0,35487500.0,26492000.0,-48131750.0,-20392000.0,-68523750.0,https://www1.hkexnews.hk/search/titlesearch.xhtml,https://www1.hkexnews.hk/search/titlesearch.xhtml,1620584679,14:24:39,20210509
46,2008-03-31,0342.HK,HKD,2008-03-31,2008-03-31,Q1,13227750.0,10724250.0,0.0,0.0,-62008500.0,0.0,-2685250.0,0.0,0.0,24823500.0,-48131750.0,-20392000.0,,0.0,0.0,5794000.0,0.0,-1305950250.0,36125750.0,0.0,-1324500.0,0.0,0.0,0.0,8995500.0,35487500.0,26492000.0,-48131750.0,-20392000.0,-68523750.0,https://www1.hkexnews.hk/search/titlesearch.xhtml,https://www1.hkexnews.hk/search/titlesearch.xhtml,1620584679,14:24:39,20210509
47,2008-01-31,0342.HK,HKD,2008-01-31,2008-01-31,Q1,13227750.0,10724250.0,0.0,0.0,-62008500.0,0.0,-2685250.0,0.0,0.0,24823500.0,-48131750.0,-20392000.0,,0.0,0.0,5794000.0,0.0,-1305950250.0,36125750.0,0.0,-1324500.0,0.0,0.0,0.0,8995500.0,35487500.0,26492000.0,-48131750.0,-20392000.0,-68523750.0,https://www1.hkexnews.hk/search/titlesearch.xhtml,https://www1.hkexnews.hk/search/titlesearch.xhtml,1620584679,14:24:39,20210509
48,2007-09-30,0342.HK,HKD,2007-09-30,2007-09-30,Q3,12613500.0,5652750.0,0.0,0.0,-16269000.0,0.0,-16269000.0,0.0,0.0,-54963000.0,-49310250.0,-33139250.0,,0.0,0.0,-80554250.0,0.0,-538852000.0,0.0,0.0,-1204250.0,-2258750.0,0.0,0.0,-11266500.0,26492000.0,37758500.0,-49310250.0,-33139250.0,-82449500.0,https://www1.hkexnews.hk/search/titlesearch.xhtml,https://www1.hkexnews.hk/search/titlesearch.xhtml,1620584679,14:24:39,20210509
49,2007-06-30,0342.HK,HKD,2007-06-30,2007-06-30,Q2,12613500.0,5652750.0,0.0,0.0,-16269000.0,0.0,-16269000.0,0.0,0.0,-54963000.0,-49310250.0,-33139250.0,,0.0,0.0,-80554250.0,0.0,-538852000.0,0.0,0.0,-1204250.0,-2258750.0,0.0,0.0,-11266500.0,26492000.0,37758500.0,-49310250.0,-33139250.0,-82449500.0,https://www1.hkexnews.hk/search/titlesearch.xhtml,https://www1.hkexnews.hk/search/titlesearch.xhtml,1620584679,14:24:39,20210509
50,2007-03-31,0342.HK,HKD,2007-03-31,2007-03-31,Q1,12613500.0,5652750.0,0.0,0.0,-16269000.0,0.0,-16269000.0,0.0,0.0,-54963000.0,-49310250.0,-33139250.0,,0.0,0.0,-80554250.0,0.0,-538852000.0,0.0,0.0,-1204250.0,-2258750.0,0.0,0.0,-11266500.0,26492000.0,37758500.0,-49310250.0,-33139250.0,-82449500.0,https://www1.hkexnews.hk/search/titlesearch.xhtml,https://www1.hkexnews.hk/search/titlesearch.xhtml,1620584679,14:24:39,20210509
51,2007-01-31,0342.HK,HKD,2007-01-31,2007-01-31,Q1,12613500.0,5652750.0,0.0,0.0,-16269000.0,0.0,-16269000.0,0.0,0.0,-54963000.0,-49310250.0,-33139250.0,,0.0,0.0,-80554250.0,0.0,-538852000.0,0.0,0.0,-1204250.0,-2258750.0,0.0,0.0,-11266500.0,26492000.0,37758500.0,-49310250.0,-33139250.0,-82449500.0,https://www1.hkexnews.hk/search/titlesearch.xhtml,https://www1.hkexnews.hk/search/titlesearch.xhtml,1620584679,14:24:39,20210509
52,2006-09-30,0342.HK,HKD,2006-09-30,2006-09-30,Q3,11032500.0,0.0,0.0,0.0,0.0,0.0,0.0,0.0,0.0,0.0,50483500.0,-61810750.0,,0.0,12307250.0,-35530000.0,0.0,-235488000.0,0.0,0.0,-1445000.0,-726250.0,0.0,0.0,23388750.0,37758500.0,14369750.0,50483500.0,-61810750.0,-11327250.0,https://www1.hkexnews.hk/search/titlesearch.xhtml,https://www1.hkexnews.hk/search/titlesearch.xhtml,1620584679,14:24:39,20210509
53,2006-06-30,0342.HK,HKD,2006-06-30,2006-06-30,Q2,11032500.0,0.0,0.0,0.0,0.0,0.0,0.0,0.0,0.0,0.0,50483500.0,-61810750.0,,0.0,12307250.0,-35530000.0,0.0,-235488000.0,0.0,0.0,-1445000.0,-726250.0,0.0,0.0,23388750.0,37758500.0,14369750.0,50483500.0,-61810750.0,-11327250.0,https://www1.hkexnews.hk/search/titlesearch.xhtml,https://www1.hkexnews.hk/search/titlesearch.xhtml,1620584679,14:24:39,20210509
54,2006-03-31,0342.HK,HKD,2006-03-31,2006-03-31,Q1,11032500.0,0.0,0.0,0.0,0.0,0.0,0.0,0.0,0.0,0.0,50483500.0,-61810750.0,,0.0,12307250.0,-35530000.0,0.0,-235488000.0,0.0,0.0,-1445000.0,-726250.0,0.0,0.0,23388750.0,37758500.0,14369750.0,50483500.0,-61810750.0,-11327250.0,https://www1.hkexnews.hk/search/titlesearch.xhtml,https://www1.hkexnews.hk/search/titlesearch.xhtml,1620584679,14:24:39,20210509
55,2006-01-31,0342.HK,HKD,2006-01-31,2006-01-31,Q1,11032500.0,0.0,0.0,0.0,0.0,0.0,0.0,0.0,0.0,0.0,50483500.0,-61810750.0,,0.0,12307250.0,-35530000.0,0.0,-235488000.0,0.0,0.0,-1445000.0,-726250.0,0.0,0.0,23388750.0,37758500.0,14369750.0,50483500.0,-61810750.0,-11327250.0,https://www1.hkexnews.hk/search/titlesearch.xhtml,https://www1.hkexnews.hk/search/titlesearch.xhtml,1620584679,14:24:39,20210509
56,2005-09-30,0342.HK,HKD,2005-09-30,2005-09-30,Q3,8477500.0,3986250.0,0.0,0.0,-9409250.0,0.0,-9409250.0,0.0,0.0,-2700000.0,1286250.0,-3603750.0,,-4730750.0,0.0,-55320000.0,0.0,-26690250.0,0.0,0.0,-1204250.0,0.0,0.0,0.0,385500.0,14369750.0,13984250.0,1286250.0,-3603750.0,-2317500.0,https://www1.hkexnews.hk/search/titlesearch.xhtml,https://www1.hkexnews.hk/search/titlesearch.xhtml,1620584679,14:24:39,20210509
57,2005-06-30,0342.HK,HKD,2005-06-30,2005-06-30,Q2,8477500.0,3986250.0,0.0,0.0,-9409250.0,0.0,-9409250.0,0.0,0.0,-2700000.0,1286250.0,-3603750.0,,-4730750.0,0.0,-55320000.0,0.0,-26690250.0,0.0,0.0,-1204250.0,0.0,0.0,0.0,385500.0,14369750.0,13984250.0,1286250.0,-3603750.0,-2317500.0,https://www1.hkexnews.hk/search/titlesearch.xhtml,https://www1.hkexnews.hk/search/titlesearch.xhtml,1620584679,14:24:39,20210509
58,2005-03-31,0342.HK,HKD,2005-03-31,2005-03-31,Q1,8477500.0,3986250.0,0.0,0.0,-9409250.0,0.0,-9409250.0,0.0,0.0,-2700000.0,1286250.0,-3603750.0,,-4730750.0,0.0,-55320000.0,0.0,-26690250.0,0.0,0.0,-1204250.0,0.0,0.0,0.0,385500.0,14369750.0,13984250.0,1286250.0,-3603750.0,-2317500.0,https://www1.hkexnews.hk/search/titlesearch.xhtml,https://www1.hkexnews.hk/search/titlesearch.xhtml,1620584679,14:24:39,20210509
59,2005-01-31,0342.HK,HKD,2005-01-31,2005-01-31,Q1,8477500.0,3986250.0,0.0,0.0,-9409250.0,0.0,-9409250.0,0.0,0.0,-2700000.0,1286250.0,-3603750.0,,-4730750.0,0.0,-55320000.0,0.0,-26690250.0,0.0,0.0,-1204250.0,0.0,0.0,0.0,385500.0,14369750.0,13984250.0,1286250.0,-3603750.0,-2317500.0,https://www1.hkexnews.hk/search/titlesearch.xhtml,https://www1.hkexnews.hk/search/titlesearch.xhtml,1620584679,14:24:39,20210509
60,2004-09-30,0342.HK,HKD,2004-09-30,2004-09-30,Q3,5044500.0,4206250.0,0.0,0.0,-13786750.0,0.0,-250500.0,0.0,0.0,1900750.0,6107000.0,-6547000.0,,-3349000.0,0.0,-209250.0,0.0,-12317750.0,0.0,0.0,-963250.0,23649000.0,0.0,0.0,11480750.0,13984250.0,2503500.0,6107000.0,-6547000.0,-440000.0,https://www1.hkexnews.hk/search/titlesearch.xhtml,https://www1.hkexnews.hk/search/titlesearch.xhtml,1620584679,14:24:39,20210509
61,2004-06-30,0342.HK,HKD,2004-06-30,2004-06-30,Q2,5044500.0,4206250.0,0.0,0.0,-13786750.0,0.0,-250500.0,0.0,0.0,1900750.0,6107000.0,-6547000.0,,-3349000.0,0.0,-209250.0,0.0,-12317750.0,0.0,0.0,-963250.0,23649000.0,0.0,0.0,11480750.0,13984250.0,2503500.0,6107000.0,-6547000.0,-440000.0,https://www1.hkexnews.hk/search/titlesearch.xhtml,https://www1.hkexnews.hk/search/titlesearch.xhtml,1620584679,14:24:39,20210509
62,2004-03-31,0342.HK,HKD,2004-03-31,2004-03-31,Q1,5044500.0,4206250.0,0.0,0.0,-13786750.0,0.0,-250500.0,0.0,0.0,1900750.0,6107000.0,-6547000.0,,-3349000.0,0.0,-209250.0,0.0,-12317750.0,0.0,0.0,-963250.0,23649000.0,0.0,0.0,11480750.0,13984250.0,2503500.0,6107000.0,-6547000.0,-440000.0,https://www1.hkexnews.hk/search/titlesearch.xhtml,https://www1.hkexnews.hk/search/titlesearch.xhtml,1620584679,14:24:39,20210509
63,2004-01-31,0342.HK,HKD,2004-01-31,2004-01-31,Q1,5044500.0,4206250.0,0.0,0.0,-13786750.0,0.0,-250500.0,0.0,0.0,1900750.0,6107000.0,-6547000.0,,-3349000.0,0.0,-209250.0,0.0,-12317750.0,0.0,0.0,-963250.0,23649000.0,0.0,0.0,11480750.0,13984250.0,2503500.0,6107000.0,-6547000.0,-440000.0,https://www1.hkexnews.hk/search/titlesearch.xhtml,https://www1.hkexnews.hk/search/titlesearch.xhtml,1620584679,14:24:39,20210509
64,2003-09-30,0342.HK,HKD,2003-09-30,2003-09-30,Q3,4262750.0,2624500.0,0.0,0.0,-1764750.0,0.0,898000.0,0.0,0.0,-156750.0,2467750.0,-550500.0,,0.0,0.0,-150750.0,0.0,-644500.0,0.0,0.0,0.0,12165500.0,0.0,0.0,107500.0,2503500.0,2396000.0,2467750.0,-550500.0,1917250.0,https://www1.hkexnews.hk/search/titlesearch.xhtml,https://www1.hkexnews.hk/search/titlesearch.xhtml,1620584679,14:24:39,20210509
65,2003-06-30,0342.HK,HKD,2003-06-30,2003-06-30,Q2,4262750.0,2624500.0,0.0,0.0,-1764750.0,0.0,898000.0,0.0,0.0,-156750.0,2467750.0,-550500.0,,0.0,0.0,-150750.0,0.0,-644500.0,0.0,0.0,0.0,12165500.0,0.0,0.0,107500.0,2503500.0,2396000.0,2467750.0,-550500.0,1917250.0,https://www1.hkexnews.hk/search/titlesearch.xhtml,https://www1.hkexnews.hk/search/titlesearch.xhtml,1620584679,14:24:39,20210509
66,2003-03-31,0342.HK,HKD,2003-03-31,2003-03-31,Q1,4262750.0,2624500.0,0.0,0.0,-1764750.0,0.0,898000.0,0.0,0.0,-156750.0,2467750.0,-550500.0,,0.0,0.0,-150750.0,0.0,-644500.0,0.0,0.0,0.0,12165500.0,0.0,0.0,107500.0,2503500.0,2396000.0,2467750.0,-550500.0,1917250.0,https://www1.hkexnews.hk/search/titlesearch.xhtml,https://www1.hkexnews.hk/search/titlesearch.xhtml,1620584679,14:24:39,20210509
67,2003-01-31,0342.HK,HKD,2003-01-31,2003-01-31,Q1,4262750.0,2624500.0,0.0,0.0,-1764750.0,0.0,898000.0,0.0,0.0,-156750.0,2467750.0,-550500.0,,0.0,0.0,-150750.0,0.0,-644500.0,0.0,0.0,0.0,12165500.0,0.0,0.0,107500.0,2503500.0,2396000.0,2467750.0,-550500.0,1917250.0,https://www1.hkexnews.hk/search/titlesearch.xhtml,https://www1.hkexnews.hk/search/titlesearch.xhtml,1620584679,14:24:39,20210509
