,date,symbol,reportedCurrency,fillingDate,acceptedDate,period,netIncome,depreciationAndAmortization,deferredIncomeTax,stockBasedCompensation,changeInWorkingCapital,accountsReceivables,inventory,accountsPayables,otherWorkingCapital,otherNonCashItems,netCashProvidedByOperatingActivities,investmentsInPropertyPlantAndEquipment,acquisitionsNet,purchasesOfInvestments,salesMaturitiesOfInvestments,otherInvestingActivites,netCashUsedForInvestingActivites,debtRepayment,commonStockIssued,commonStockRepurchased,dividendsPaid,otherFinancingActivites,netCashUsedProvidedByFinancingActivities,effectOfForexChangesOnCash,netChangeInCash,cashAtEndOfPeriod,cashAtBeginningOfPeriod,operatingCashFlow,capitalExpenditure,freeCashFlow,link,finalLink,timestamp,est_time,est_date
0,2020-12-31,SQFT,USD,2021-03-30,2021-03-30 16:55:33,Q4,-2337277.0,1535075.0,0.0,563407.0,-121580741.0,0.0,0.0,177980.0,-88249548.0,-2073842.0,797276.0,0.0,0.0,0.0,0.0,42810.0,5511927.0,37623924.0,0.0,0.0,-963456.0,1145118.0,-4774312.0,0.0,1534891.0,11540917.0,10006026.0,797276.0,-22303874.0,797276.0,https://www.sec.gov/Archives/edgar/data/1080657/000143774921007660/0001437749-21-007660-index.htm,https://www.sec.gov/Archives/edgar/data/1080657/000143774921007660/sqft20201125_10k.htm,1620598247,18:10:47,20210509
1,2020-09-30,SQFT,USD,2020-11-05,2020-09-30,Q3,-1384468.0,1600735.0,0.0,180622.0,1688747.0,0.0,0.0,-113409.0,33331193.0,825799.0,2695423.0,0.0,0.0,0.0,0.0,-42810.0,1552140.0,-8228457.0,0.0,-18000.0,0.0,-838691.0,-2899526.0,0.0,1348037.0,10006026.0,8657989.0,2695423.0,1594950.0,2695423.0,https://www.sec.gov/Archives/edgar/data/1080657/000143774920022782/0001437749-20-022782-index.htm,https://www.sec.gov/Archives/edgar/data/1080657/000143774920022782/sqft20200903_10q.htm,1620598247,18:10:47,20210509
2,2020-06-30,SQFT,USD,2020-08-12,2020-08-12 17:10:32,Q2,-1607534.0,1593909.0,0.0,203872.0,2670613.0,0.0,0.0,751657.0,31642446.0,599999.0,674793.0,0.0,0.0,0.0,0.0,0.0,490061.0,-4367235.0,0.0,0.0,0.0,71076.0,-1489544.0,0.0,-324690.0,8657989.0,8982679.0,674793.0,585212.0,674793.0,https://www.sec.gov/Archives/edgar/data/1080657/000108065720000051/0001080657-20-000051-index.htm,https://www.sec.gov/ix?doc=/Archives/edgar/data/1080657/000108065720000051/sqft-20200630.htm,1620598247,18:10:47,20210509
3,2020-03-31,SQFT,USD,2020-05-15,2020-05-15 14:52:54,Q1,-932119.0,1544602.0,0.0,157371.0,-18982995.0,0.0,0.0,-2612649.0,28971833.0,648044.0,-474075.0,0.0,0.0,0.0,0.0,0.0,20123712.0,-25028232.0,0.0,0.0,0.0,-377503.0,-21058233.0,0.0,-1408596.0,8982679.0,10391275.0,-474075.0,20123712.0,-474075.0,https://www.sec.gov/Archives/edgar/data/1080657/000108065720000022/0001080657-20-000022-index.htm,https://www.sec.gov/ix?doc=/Archives/edgar/data/1080657/000108065720000022/sqft-20200331.htm,1620598247,18:10:47,20210509
4,2019-12-31,SQFT,USD,2020-06-12,2020-06-12 11:15:06,Q4,-142043.0,1617694.0,0.0,-122994.0,231797.0,0.0,0.0,-522649.0,47954828.0,673138.0,1413068.0,0.0,0.0,0.0,0.0,0.0,-5271320.0,-2453255.0,0.0,-12222.0,-2.0,960065.0,3178088.0,0.0,-680164.0,10391275.0,11071439.0,1413068.0,-5271320.0,1413068.0,https://www.sec.gov/Archives/edgar/data/1080657/000119312520167360/0001193125-20-167360-index.htm,https://www.sec.gov/Archives/edgar/data/1080657/000119312520167360/d939250d10ka.htm,1620598247,18:10:47,20210509
5,2019-09-30,SQFT,USD,2019-11-12,2019-11-08 17:43:32,Q3,2953588.0,1721687.0,0.0,173369.0,4912651.0,0.0,0.0,-1770010.0,47723031.0,223937.0,-35014.0,0.0,0.0,0.0,0.0,0.0,13841761.0,-9783645.0,0.0,-16095248.0,-1082946.0,-564932.0,-14388172.0,0.0,-581425.0,11071439.0,11652864.0,-35014.0,13841761.0,-35014.0,https://www.sec.gov/Archives/edgar/data/1080657/000108065719000009/0001080657-19-000009-index.htm,https://www.sec.gov/ix?doc=/Archives/edgar/data/1080657/000108065719000009/sqft-20190930.htm,1620598247,18:10:47,20210509
6,2019-06-30,SQFT,USD,2019-08-19,2019-08-19 14:29:33,Q2,-1076674.0,1714841.0,0.0,202473.0,-1406827.0,0.0,0.0,1985120.0,42810380.0,178346.0,1095067.0,0.0,0.0,0.0,0.0,-509498.0,-4577187.0,-3257011.0,0.0,-119958.0,0.0,195178.0,2295757.0,0.0,-1186363.0,11652864.0,12839227.0,1095067.0,-4067689.0,1095067.0,https://www.sec.gov/Archives/edgar/data/1080657/000156459019032556/0001564590-19-032556-index.htm,https://www.sec.gov/Archives/edgar/data/1080657/000156459019032556/sqft-10q_20190630.htm,1620598247,18:10:47,20210509
7,2019-03-31,SQFT,USD,2019-05-13,2019-05-13 15:25:03,Q1,-961937.0,2179937.0,0.0,433285.0,33194018.0,0.0,0.0,-459901.0,44217207.0,212518.0,1317815.0,0.0,0.0,0.0,0.0,-151903.0,7987793.0,-7682670.0,0.0,-900000.0,-1075521.0,-258708.0,-6242596.0,0.0,3063012.0,12839227.0,9776215.0,1317815.0,8139696.0,1317815.0,https://www.sec.gov/Archives/edgar/data/1080657/000156459019018792/0001564590-19-018792-index.htm,https://www.sec.gov/Archives/edgar/data/1080657/000156459019018792/sqft-10q_20190331.htm,1620598247,18:10:47,20210509
8,2018-12-31,SQFT,USD,2019-03-25,2019-03-22 21:42:39,Q4,9699570.0,1402210.0,0.0,31378.0,9168485.0,0.0,0.0,-1142063.0,11023189.0,565569.0,-1823893.0,0.0,0.0,0.0,0.0,-131773.0,35136826.0,-20311617.0,0.0,-13800000.0,0.0,-97053.0,-35377818.0,0.0,-2064885.0,9776215.0,11841100.0,-1823893.0,35268599.0,-1823893.0,https://www.sec.gov/Archives/edgar/data/1080657/000156459019009076/0001564590-19-009076-index.htm,https://www.sec.gov/Archives/edgar/data/1080657/000156459019009076/sqft-10k_20181231.htm,1620598247,18:10:47,20210509
9,2018-09-30,SQFT,USD,2018-11-14,2018-11-14 15:56:10,Q3,-1598787.0,2268895.0,0.0,143091.0,-1402085.0,0.0,0.0,-292325.0,1854704.0,131372.0,1536043.0,0.0,0.0,0.0,0.0,-234244.0,-1409298.0,-3272961.0,0.0,0.0,0.0,-973085.0,-736595.0,0.0,-609850.0,11841100.0,12450950.0,1536043.0,-1175054.0,1536043.0,https://www.sec.gov/Archives/edgar/data/1080657/000156459018029548/0001564590-18-029548-index.htm,https://www.sec.gov/Archives/edgar/data/1080657/000156459018029548/sqft-10q_20180930.htm,1620598247,18:10:47,20210509
10,2018-06-30,SQFT,USD,2018-08-09,2018-08-09 14:07:53,Q2,-2496999.0,2265889.0,0.0,114342.0,960821.0,0.0,0.0,351506.0,3256789.0,136480.0,-15376.0,0.0,0.0,0.0,0.0,-181167.0,-334227.0,-6538518.0,0.0,0.0,0.0,159771.0,6699151.0,0.0,6349548.0,12450950.0,6101402.0,-15376.0,0.0,8473543.0,https://www.sec.gov/Archives/edgar/data/1080657/000156459018020912/0001564590-18-020912-index.htm,https://www.sec.gov/Archives/edgar/data/1080657/000156459018020912/sqft-10q_20180630.htm,1620598247,18:10:47,20210509
11,2018-03-31,SQFT,USD,2018-05-11,2018-05-11 16:05:53,Q1,-1151061.0,2339044.0,0.0,171840.0,2250040.0,0.0,0.0,-100175.0,2295968.0,-112556.0,735678.0,-8488919.0,0.0,0.0,0.0,-167412.0,-7802723.0,-1251678.0,0.0,0.0,0.0,1017739.0,4857872.0,0.0,-2209173.0,6101402.0,8310575.0,735678.0,-8488919.0,-7753241.0,https://www.sec.gov/Archives/edgar/data/1080657/000156459018013219/0001564590-18-013219-index.htm,https://www.sec.gov/Archives/edgar/data/1080657/000156459018013219/sqft-10q_20180331.htm,1620598247,18:10:47,20210509
12,2017-12-31,SQFT,USD,2018-03-20,2018-03-20 16:08:37,Q4,-486155.0,2363625.0,0.0,147974.0,-75905.0,0.0,0.0,0.0,45928.0,-172135.0,1257501.0,-1214498.0,0.0,0.0,0.0,-530624.0,2404936.0,-2463616.0,0.0,100498.0,-1.0,-650678.0,-3060041.0,0.0,4874044.0,8310575.0,3436531.0,1257501.0,-1214498.0,43003.0,https://www.sec.gov/Archives/edgar/data/1080657/000156459018006319/0001564590-18-006319-index.htm,https://www.sec.gov/Archives/edgar/data/1080657/000156459018006319/sqft-10k_20171231.htm,1620598247,18:10:47,20210509
13,2017-09-30,SQFT,USD,2017-11-08,2017-11-08 17:16:14,Q3,-1576366.0,2399307.0,0.0,136920.0,-2044648.0,0.0,0.0,0.0,121833.0,-135037.0,2296400.0,-8453595.0,0.0,0.0,0.0,-983195.0,-6916080.0,-1422775.0,0.0,0.0,-1236481.0,588250.0,2208842.0,0.0,-2410838.0,3436531.0,5847369.0,2296400.0,-8453595.0,-6157195.0,https://www.sec.gov/Archives/edgar/data/1080657/000156459017022838/0001564590-17-022838-index.htm,https://www.sec.gov/Archives/edgar/data/1080657/000156459017022838/sqft-10q_20170930.htm,1620598247,18:10:47,20210509
14,2017-06-30,SQFT,USD,2017-08-11,2017-08-11 16:03:10,Q2,164626.0,2443817.0,0.0,136920.0,1404481.0,0.0,0.0,0.0,2166481.0,-146412.0,824482.0,-10550931.0,0.0,0.0,0.0,227531.0,-1599528.0,-5003537.0,0.0,-1157139.0,-1212417.0,397861.0,2087914.0,0.0,1312868.0,5847369.0,4534501.0,824482.0,-10550931.0,-9726449.0,https://www.sec.gov/Archives/edgar/data/1080657/000156459017017399/0001564590-17-017399-index.htm,https://www.sec.gov/Archives/edgar/data/1080657/000156459017017399/netr-10q_20170630.htm,1620598247,18:10:47,20210509
15,2017-03-31,SQFT,USD,2017-05-11,2017-05-11 15:25:15,Q1,-944185.0,2503516.0,0.0,136920.0,1011096.0,0.0,0.0,0.0,762000.0,-170978.0,1207315.0,-963445.0,0.0,0.0,0.0,764689.0,5020220.0,-3229748.0,0.0,-1013755.0,-1171981.0,606303.0,-4809181.0,0.0,1418354.0,4534501.0,3116147.0,1207315.0,-963445.0,243870.0,https://www.sec.gov/Archives/edgar/data/1080657/000156459017010501/0001564590-17-010501-index.htm,https://www.sec.gov/Archives/edgar/data/1080657/000156459017010501/netr-10q_20170331.htm,1620598247,18:10:47,20210509
16,2016-12-31,SQFT,USD,2017-04-20,2017-04-20 17:09:39,Q4,-1668558.0,2532813.0,0.0,131976.0,-621555.0,0.0,0.0,0.0,-249096.0,0.0,-55272.0,-8329267.0,0.0,0.0,0.0,-725213.0,-7846420.0,-1049188.0,0.0,-8.0,-1169597.0,1431896.0,6314839.0,0.0,-1586853.0,3116147.0,4703000.0,-55272.0,-8329267.0,-8384539.0,https://www.sec.gov/Archives/edgar/data/1080657/000156459017006783/0001564590-17-006783-index.htm,https://www.sec.gov/Archives/edgar/data/1080657/000156459017006783/netr-10ka_20161231.htm,1620598247,18:10:47,20210509
17,2016-09-30,SQFT,USD,2016-09-30,2016-09-30,Q3,-1908495.0,2564211.0,0.0,129534.0,-2755246.0,0.0,0.0,0.0,372459.0,0.0,2049579.0,-9388397.0,0.0,0.0,0.0,689065.0,-5426252.0,-3702571.0,0.0,-2300000.0,-1201973.0,-14025.0,2561469.0,0.0,-815204.0,4703000.0,5518204.0,2049579.0,-9388397.0,-7338818.0,,,1620598247,18:10:47,20210509
18,2016-06-30,SQFT,USD,2016-06-30,2016-06-30,Q2,-828386.0,2499630.0,0.0,129534.0,733801.0,0.0,0.0,0.0,3127705.0,0.0,618245.0,-1950547.0,0.0,0.0,0.0,1218795.0,3299374.0,-4582043.0,0.0,-49200.0,-1080805.0,-2145848.0,-3771136.0,0.0,146483.0,5518204.0,5371721.0,618245.0,-1950547.0,-1332302.0,,,1620598247,18:10:47,20210509
19,2016-03-31,SQFT,USD,2016-03-31,2016-03-31,Q1,-1165644.0,2659531.0,0.0,129534.0,-5209632.0,0.0,0.0,0.0,2393904.0,0.0,1109530.0,-8149537.0,0.0,0.0,0.0,374292.0,-6519094.0,-932433.0,0.0,-5823.0,-1064912.0,1045243.0,4154862.0,0.0,-1254702.0,5371721.0,6626423.0,1109530.0,-8149537.0,-7040007.0,,,1620598247,18:10:47,20210509
20,2015-12-31,SQFT,USD,2015-12-31,2015-12-31,Q4,-2904753.0,2224392.0,0.0,114813.0,-6153362.0,0.0,0.0,0.0,7603536.0,0.0,1294803.0,-25824280.0,0.0,0.0,0.0,-477257.0,-25647243.0,-1110760.0,0.0,-28687.0,-831752.0,4369825.0,19832810.0,0.0,-4519630.0,6626423.0,11146053.0,1294803.0,-25824280.0,-24529477.0,,,1620598247,18:10:47,20210509
21,2015-09-30,SQFT,USD,2015-09-30,2015-09-30,Q3,-1450417.0,1884193.0,0.0,112467.0,-22883155.0,0.0,0.0,0.0,13756898.0,0.0,3486283.0,-37634026.0,0.0,0.0,0.0,2201987.0,-34875242.0,-5017397.0,0.0,0.0,-1280819.0,13308388.0,31063207.0,0.0,-325752.0,11146053.0,11471805.0,3486283.0,-37634026.0,-34147743.0,,,1620598247,18:10:47,20210509
22,2015-06-30,SQFT,USD,2015-06-30,2015-06-30,Q2,4157197.0,1814786.0,0.0,112467.0,37012096.0,0.0,0.0,0.0,36640053.0,0.0,-1425539.0,-2326048.0,0.0,0.0,0.0,-3874692.0,29728953.0,-20932091.0,0.0,0.0,-1013983.0,-633939.0,-21307209.0,0.0,6996205.0,11471805.0,4475600.0,-1425539.0,-2326048.0,-3751587.0,,,1620598247,18:10:47,20210509
23,2015-03-31,SQFT,USD,2015-03-31,2015-03-31,Q1,-1829525.0,2027192.0,0.0,125080.0,-928082.0,0.0,0.0,0.0,-372043.0,0.0,413435.0,-4923177.0,0.0,0.0,0.0,-1162330.0,-5470693.0,-3774416.0,49999.0,-147774.0,-997176.0,662192.0,3896856.0,0.0,-1160402.0,4475600.0,5636002.0,413435.0,-4923177.0,-4509742.0,,,1620598247,18:10:47,20210509
24,2014-12-31,SQFT,USD,2014-12-31,2014-12-31,Q4,745261.0,1420653.0,0.0,157273.0,1950798.0,0.0,0.0,0.0,556039.0,0.0,163817.0,-42142496.0,0.0,0.0,0.0,5976534.0,-26973095.0,-9944689.0,0.0,0.0,-966346.0,-3254638.0,20552093.0,0.0,-6257185.0,5636002.0,11893187.0,163817.0,-42142496.0,-41978679.0,,,1620598247,18:10:47,20210509
