,date,symbol,reportedCurrency,fillingDate,acceptedDate,period,netIncome,depreciationAndAmortization,deferredIncomeTax,stockBasedCompensation,changeInWorkingCapital,accountsReceivables,inventory,accountsPayables,otherWorkingCapital,otherNonCashItems,netCashProvidedByOperatingActivities,investmentsInPropertyPlantAndEquipment,acquisitionsNet,purchasesOfInvestments,salesMaturitiesOfInvestments,otherInvestingActivites,netCashUsedForInvestingActivites,debtRepayment,commonStockIssued,commonStockRepurchased,dividendsPaid,otherFinancingActivites,netCashUsedProvidedByFinancingActivities,effectOfForexChangesOnCash,netChangeInCash,cashAtEndOfPeriod,cashAtBeginningOfPeriod,operatingCashFlow,capitalExpenditure,freeCashFlow,link,finalLink,timestamp,est_time,est_date
0,2020-12-31,AVCO,USD,2021-03-30,2021-03-30 17:03:36,Q4,-3100316.0,82008.0,0.0,1528869.0,-1020061.0,-112551.0,0.0,0.0,-1306056.0,32857.0,-1360902.0,0.0,0.0,0.0,0.0,0.0,-140591.0,0.0,-7199049.0,0.0,0.0,491895.0,822498.0,10062.0,-668933.0,726577.0,1395510.0,-1360902.0,0.0,-1360902.0,https://www.sec.gov/Archives/edgar/data/1630212/000121390021018744/0001213900-21-018744-index.htm,https://www.sec.gov/Archives/edgar/data/1630212/000121390021018744/f10k2020_avalonglobocare.htm,1620588957,15:35:57,20210509
1,2020-09-30,AVCO,USD,2020-11-09,2020-11-09 17:00:49,Q3,-3251959.0,80193.0,0.0,1516416.0,509810.0,-56420.0,0.0,0.0,-285995.0,-32857.0,-2260296.0,0.0,0.0,0.0,0.0,0.0,-157.0,0.0,2529788.0,0.0,0.0,-129948.0,2399840.0,7022.0,146409.0,1395510.0,1249101.0,-2260296.0,0.0,-2260296.0,https://www.sec.gov/Archives/edgar/data/1630212/000121390020035963/0001213900-20-035963-index.htm,https://www.sec.gov/Archives/edgar/data/1630212/000121390020035963/f10q0920_avalonglobocarecorp.htm,1620588957,15:35:57,20210509
2,2020-06-30,AVCO,USD,2020-08-07,2020-08-07 16:34:03,Q2,-3056382.0,76044.0,0.0,1259647.0,888844.0,97338.0,0.0,0.0,-795805.0,0.0,-1926106.0,0.0,0.0,0.0,0.0,0.0,-28437.0,0.0,3080306.0,0.0,0.0,-313240.0,2567066.0,1307.0,613830.0,1249101.0,635271.0,-1926106.0,0.0,-1926106.0,https://www.sec.gov/Archives/edgar/data/1630212/000121390020020912/0001213900-20-020912-index.htm,https://www.sec.gov/Archives/edgar/data/1630212/000121390020020912/f10q0620_avalonglobocare.htm,1620588957,15:35:57,20210509
3,2020-03-31,AVCO,USD,2020-05-14,2020-05-14 17:11:57,Q1,-3270781.0,76535.0,0.0,1189101.0,-420281.0,79187.0,0.0,0.0,-1684649.0,0.0,-1998796.0,0.0,0.0,0.0,0.0,0.0,0.0,0.0,1623584.0,0.0,0.0,-48707.0,1874877.0,-5701.0,-129620.0,635271.0,764891.0,-1998796.0,0.0,-1998796.0,https://www.sec.gov/Archives/edgar/data/1630212/000121390020012325/0001213900-20-012325-index.htm,https://www.sec.gov/Archives/edgar/data/1630212/000121390020012325/f10q0320_avalonglob.htm,1620588957,15:35:57,20210509
4,2019-12-31,AVCO,USD,2020-04-06,2020-04-06 16:49:50,Q4,-4792351.0,76705.0,0.0,2206070.0,1260673.0,-102825.0,0.0,0.0,-1264368.0,862200.0,-1761706.0,1825.0,0.0,0.0,0.0,0.0,-14599.0,0.0,273736.0,0.0,0.0,-1412530.0,1461206.0,7650.0,-307449.0,764891.0,1072340.0,-1761706.0,0.0,-1759881.0,https://www.sec.gov/Archives/edgar/data/1630212/000121390020008655/0001213900-20-008655-index.htm,https://www.sec.gov/Archives/edgar/data/1630212/000121390020008655/f10k2019_avalonglobocare.htm,1620588957,15:35:57,20210509
5,2019-09-30,AVCO,USD,2019-11-14,2019-11-14 17:18:40,Q3,-4334058.0,145545.0,0.0,2285170.0,-5482627.0,-110684.0,0.0,0.0,-2525041.0,0.0,-1397907.0,-238879.0,0.0,0.0,0.0,0.0,-387380.0,-410000.0,0.0,0.0,0.0,0.0,-410000.0,-133677.0,-2328964.0,1072340.0,3401304.0,-1397907.0,-5733.0,-1636786.0,https://www.sec.gov/Archives/edgar/data/1630212/000121390019023552/0001213900-19-023552-index.htm,https://www.sec.gov/Archives/edgar/data/1630212/000121390019023552/f10q0919a1_avalonglobocare.htm,1620588957,15:35:57,20210509
6,2019-06-30,AVCO,USD,2019-08-15,2019-08-15 09:01:47,Q2,-4438823.0,145363.0,0.0,2445160.0,2697937.0,-72255.0,3873.0,7206.0,2957586.0,0.0,-2497947.0,-64367.0,0.0,0.0,0.0,0.0,-63617.0,0.0,0.0,0.0,0.0,0.0,4103704.0,89873.0,1632013.0,3401304.0,1769291.0,-2497947.0,750.0,-2562314.0,https://www.sec.gov/Archives/edgar/data/1630212/000121390019015968/0001213900-19-015968-index.htm,https://www.sec.gov/Archives/edgar/data/1630212/000121390019015968/f10q0619_avalonglobocare.htm,1620588957,15:35:57,20210509
7,2019-03-31,AVCO,USD,2019-05-14,2019-05-14 16:59:37,Q1,-4504929.0,139131.0,0.0,2272747.0,-2224063.0,-6878.0,-3947.0,34080.0,259649.0,0.0,-1422311.0,-76033.0,0.0,0.0,0.0,0.0,-87371.0,0.0,0.0,0.0,0.0,0.0,1000000.0,26686.0,-482996.0,1769291.0,2252287.0,-1422311.0,-11338.0,-1498344.0,https://www.sec.gov/Archives/edgar/data/1630212/000121390019008592/0001213900-19-008592-index.htm,https://www.sec.gov/Archives/edgar/data/1630212/000121390019008592/f10q0319_avalonglobocare.htm,1620588957,15:35:57,20210509
8,2018-12-31,AVCO,USD,2019-03-26,2019-03-26 16:29:54,Q4,-2754261.0,139232.0,0.0,868012.0,-1670065.0,366169.0,15264.0,-17823.0,2483712.0,0.0,-855328.0,-63199.0,0.0,0.0,0.0,0.0,-665293.0,0.0,0.0,0.0,0.0,0.0,0.0,-37231.0,-1557852.0,2252287.0,3810139.0,-855328.0,1065.0,-918527.0,https://www.sec.gov/Archives/edgar/data/1630212/000121390019004862/0001213900-19-004862-index.htm,https://www.sec.gov/Archives/edgar/data/1630212/000121390019004862/f10k2018_avalonglobo.htm,1620588957,15:35:57,20210509
9,2018-09-30,AVCO,USD,2018-11-13,2018-11-13 17:30:54,Q3,-2403251.0,135628.0,0.0,1142046.0,3115810.0,-152182.0,-5984.0,16365.0,4153777.0,0.0,-1340654.0,-39757.0,0.0,0.0,0.0,0.0,-444567.0,0.0,2113763.0,0.0,0.0,-105689.0,2008074.0,-56030.0,166823.0,3810139.0,3643316.0,-1340654.0,-227416.0,-1380411.0,https://www.sec.gov/Archives/edgar/data/1630212/000161577418012584/0001615774-18-012584-index.htm,https://www.sec.gov/Archives/edgar/data/1630212/000161577418012584/s113994_10qa.htm,1620588957,15:35:57,20210509
10,2018-06-30,AVCO,USD,2018-08-14,2018-08-14 17:09:21,Q2,-1343815.0,124596.0,0.0,556575.0,4522849.0,-222064.0,-12520.0,1770.0,1037967.0,0.0,-1783808.0,-2340.0,0.0,0.0,0.0,0.0,-190101.0,0.0,0.0,0.0,0.0,0.0,3556643.0,-65074.0,1517660.0,3643316.0,2125656.0,-1783808.0,-165155.0,-1786148.0,https://www.sec.gov/Archives/edgar/data/1630212/000161577418008088/0001615774-18-008088-index.htm,https://www.sec.gov/Archives/edgar/data/1630212/000161577418008088/s111931_10q.htm,1620588957,15:35:57,20210509
11,2018-03-31,AVCO,USD,2018-05-11,2018-05-11 17:01:40,Q1,-1550969.0,123379.0,0.0,526348.0,-1359675.0,3948.0,-7372.0,-30.0,-3484882.0,0.0,-416234.0,-7852.0,0.0,0.0,0.0,0.0,-7852.0,0.0,0.0,-522500.0,0.0,0.0,-522500.0,45209.0,-901377.0,2125656.0,3027033.0,-416234.0,-7852.0,-424086.0,https://www.sec.gov/Archives/edgar/data/1630212/000161577418003636/0001615774-18-003636-index.htm,https://www.sec.gov/Archives/edgar/data/1630212/000161577418003636/s110081_10q.htm,1620588957,15:35:57,20210509
12,2017-12-31,AVCO,USD,2018-03-13,2018-03-13 07:59:20,Q4,-2359075.0,123159.0,0.0,0.0,3169611.0,171617.0,0.0,-21572.0,-2125207.0,1712111.0,-592636.0,-2818.0,0.0,0.0,0.0,-876087.0,-954883.0,0.0,0.0,0.0,0.0,-357275.0,4192725.0,25005.0,2670211.0,3027033.0,356822.0,-592636.0,-878905.0,-1471541.0,https://www.sec.gov/Archives/edgar/data/1630212/000161577418001839/0001615774-18-001839-index.htm,https://www.sec.gov/Archives/edgar/data/1630212/000161577418001839/s109269_10k.htm,1620588957,15:35:57,20210509
13,2017-09-30,AVCO,USD,2017-11-14,2017-11-14 14:58:42,Q3,-710729.0,24322.0,0.0,0.0,-362434.0,38695.0,0.0,-1046.0,-5294818.0,335757.0,-146203.0,-23210.0,0.0,0.0,0.0,0.0,-23210.0,0.0,0.0,0.0,0.0,140000.0,140000.0,4281.0,-25132.0,356822.0,381954.0,-146203.0,-23210.0,-169413.0,https://www.sec.gov/Archives/edgar/data/1630212/000161577417006671/0001615774-17-006671-index.htm,https://www.sec.gov/Archives/edgar/data/1630212/000161577417006671/s108067_10q.htm,1620588957,15:35:57,20210509
14,2017-06-30,AVCO,USD,2017-08-14,2017-08-14 15:57:58,Q2,-430508.0,34130.0,0.0,128133.0,-8003629.0,-186944.0,0.0,-22813.0,-4932384.0,128133.0,-188039.0,-25784.0,0.0,0.0,0.0,-7008571.0,-7034355.0,0.0,0.0,0.0,0.0,69500.0,2169500.0,3620.0,-5049274.0,381954.0,5431228.0,-188039.0,-7006571.0,-215823.0,https://www.sec.gov/Archives/edgar/data/1630212/000161577417004366/0001615774-17-004366-index.htm,https://www.sec.gov/Archives/edgar/data/1630212/000161577417004366/s107144_10q.htm,1620588957,15:35:57,20210509
15,2017-03-31,AVCO,USD,2017-05-12,2017-05-12 13:25:37,Q1,-549333.0,26.0,0.0,138334.0,-474651.0,547.0,0.0,45459.0,3071245.0,138334.0,-412814.0,-2000.0,0.0,0.0,0.0,0.0,-2000.0,0.0,0.0,0.0,0.0,3000000.0,3000000.0,-40147.0,2545039.0,5431228.0,2886189.0,-412814.0,-2000.0,-412814.0,https://www.sec.gov/Archives/edgar/data/1630212/000161577417002319/0001615774-17-002319-index.htm,https://www.sec.gov/Archives/edgar/data/1630212/000161577417002319/s106148_10q.htm,1620588957,15:35:57,20210509
16,2016-12-31,AVCO,USD,2017-03-28,2017-03-27 21:08:16,Q4,82125.0,0.0,0.0,0.0,3545896.0,0.0,0.0,0.0,3545896.0,0.0,41428.0,0.0,0.0,0.0,0.0,0.0,0.0,0.0,0.0,0.0,0.0,3748750.0,3757750.0,0.0,0.0,2886189.0,0.0,41428.0,0.0,41094.0,https://www.sec.gov/Archives/edgar/data/1630212/000161577417001269/0001615774-17-001269-index.htm,https://www.sec.gov/Archives/edgar/data/1630212/000161577417001269/s105658_10k.htm,1620588957,15:35:57,20210509
17,2016-09-30,AVCO,USD,2016-09-30,2016-09-30,Q3,-1104.0,0.0,0.0,0.0,30846.0,0.0,0.0,0.0,0.0,0.0,-6054.0,0.0,0.0,0.0,0.0,0.0,0.0,0.0,0.0,0.0,0.0,5950.0,5950.0,0.0,0.0,0.0,104.0,-6054.0,0.0,-6054.0,,,1620588957,15:35:57,20210509
18,2016-06-30,AVCO,USD,2016-06-30,2016-06-30,Q2,-6750.0,0.0,0.0,0.0,-6750.0,0.0,0.0,0.0,-30846.0,0.0,-7300.0,0.0,0.0,0.0,0.0,0.0,0.0,0.0,0.0,0.0,0.0,7250.0,7250.0,0.0,-50.0,104.0,154.0,-7300.0,0.0,-7300.0,,,1620588957,15:35:57,20210509
19,2016-03-31,AVCO,USD,2016-03-31,2016-03-31,Q1,-18690.0,0.0,0.0,0.0,-18690.0,0.0,0.0,0.0,-24096.0,0.0,-14090.0,0.0,0.0,0.0,0.0,0.0,0.0,0.0,0.0,0.0,0.0,14050.0,14050.0,0.0,-40.0,154.0,194.0,-14090.0,0.0,-14090.0,,,1620588957,15:35:57,20210509
20,2015-12-31,AVCO,USD,2016-02-24,2016-02-24 15:55:01,Q4,-6941.0,0.0,0.0,0.0,-4841.0,0.0,0.0,0.0,-5406.0,0.0,-8041.0,0.0,0.0,0.0,0.0,0.0,0.0,0.0,13600.0,0.0,0.0,-31400.0,4600.0,0.0,-3441.0,194.0,3635.0,-8041.0,0.0,-8041.0,https://www.sec.gov/Archives/edgar/data/1630212/000155889116000191/0001558891-16-000191-index.htm,https://www.sec.gov/Archives/edgar/data/1630212/000155889116000191/glbl-20151231_10k.htm,1620588957,15:35:57,20210509
21,2015-09-30,AVCO,USD,2015-09-30,2015-09-30,Q3,-12265.0,0.0,0.0,0.0,14135.0,0.0,0.0,0.0,-565.0,0.0,-13765.0,0.0,0.0,0.0,0.0,0.0,0.0,0.0,0.0,0.0,0.0,26400.0,16400.0,0.0,2635.0,3635.0,1000.0,-13765.0,0.0,-13765.0,,,1620588957,15:35:57,20210509
22,2015-06-30,AVCO,USD,2015-06-30,2015-06-30,Q2,-4750.0,0.0,0.0,0.0,-4750.0,0.0,0.0,0.0,-14700.0,0.0,-4750.0,0.0,0.0,0.0,0.0,0.0,0.0,0.0,0.0,0.0,0.0,0.0,5750.0,0.0,0.0,1000.0,0.0,-4750.0,0.0,-4750.0,,,1620588957,15:35:57,20210509
23,2015-03-31,AVCO,USD,2015-03-31,2015-03-31,Q1,-7050.0,0.0,0.0,0.0,-7050.0,0.0,0.0,0.0,-9950.0,0.0,-3550.0,0.0,0.0,0.0,0.0,0.0,0.0,0.0,0.0,0.0,0.0,-6500.0,3550.0,0.0,0.0,0.0,0.0,-3550.0,0.0,-3550.0,,,1620588957,15:35:57,20210509
24,2014-09-30,AVCO,USD,2014-09-30,2014-09-30,Q3,-3500.0,0.0,0.0,0.0,-2900.0,0.0,0.0,0.0,-2900.0,0.0,-3500.0,0.0,0.0,0.0,0.0,0.0,0.0,0.0,0.0,0.0,0.0,0.0,3500.0,0.0,0.0,0.0,0.0,-3500.0,0.0,-3500.0,,,1620588957,15:35:57,20210509
25,2014-06-30,AVCO,USD,2014-06-30,2014-06-30,Q1,0.0,0.0,0.0,0.0,0.0,0.0,0.0,0.0,0.0,0.0,0.0,0.0,0.0,0.0,0.0,0.0,0.0,0.0,0.0,0.0,0.0,0.0,0.0,0.0,0.0,0.0,0.0,0.0,0.0,0.0,,,1620588957,15:35:57,20210509
26,2014-03-31,AVCO,USD,2014-03-31,2014-03-31,Q1,0.0,0.0,0.0,0.0,0.0,0.0,0.0,0.0,0.0,0.0,0.0,0.0,0.0,0.0,0.0,0.0,0.0,0.0,0.0,0.0,0.0,0.0,0.0,0.0,0.0,0.0,0.0,0.0,0.0,0.0,,,1620588957,15:35:57,20210509
