,date,symbol,reportedCurrency,fillingDate,acceptedDate,period,netIncome,depreciationAndAmortization,deferredIncomeTax,stockBasedCompensation,changeInWorkingCapital,accountsReceivables,inventory,accountsPayables,otherWorkingCapital,otherNonCashItems,netCashProvidedByOperatingActivities,investmentsInPropertyPlantAndEquipment,acquisitionsNet,purchasesOfInvestments,salesMaturitiesOfInvestments,otherInvestingActivites,netCashUsedForInvestingActivites,debtRepayment,commonStockIssued,commonStockRepurchased,dividendsPaid,otherFinancingActivites,netCashUsedProvidedByFinancingActivities,effectOfForexChangesOnCash,netChangeInCash,cashAtEndOfPeriod,cashAtBeginningOfPeriod,operatingCashFlow,capitalExpenditure,freeCashFlow,link,finalLink,timestamp,est_time,est_date
0,2021-03-31,MRCC,USD,2021-05-04,2021-05-04 16:51:57,Q1,7055000.0,0.0,0.0,0.0,-2162000.0,0.0,0.0,0.0,0.0,-1430000.0,33817000.0,0.0,0.0,0.0,0.0,0.0,0.0,-284550000.0,0.0,0.0,-5326000.0,0.0,-50314000.0,-41000.0,-16538000.0,15888000.0,32426000.0,33817000.0,0.0,33817000.0,https://www.sec.gov/Archives/edgar/data/1512931/000110465921061049/0001104659-21-061049-index.htm,https://www.sec.gov/Archives/edgar/data/1512931/000110465921061049/tm2111729d1_10q.htm,1620595278,17:21:18,20210509
1,2020-12-31,MRCC,USD,2021-03-02,2021-03-02,Q4,20065.0,-1253.0,0.0,0.0,-1033101000.0,4083.0,0.0,-186.0,-1033131000.0,3216.0,43736.0,0.0,0.0,-143358.0,0.0,0.0,0.0,88185.0,0.0,0.0,-10652.0,0.0,-32165.0,18.0,11589.0,32426.0,20836.0,43736.0,0.0,43736.0,https://www.sec.gov/Archives/edgar/data/1512931/000110465921030862/0001104659-21-030862-index.htm,https://www.sec.gov/Archives/edgar/data/1512931/000110465921030862/tm2111751d1_10k.htm,1620595278,17:21:18,20210509
2,2020-06-30,MRCC,USD,2020-08-06,2020-08-05 19:26:11,Q2,14234000.0,0.0,0.0,0.0,-2764000.0,0.0,0.0,0.0,-30000.0,-2280000.0,47552000.0,0.0,0.0,0.0,0.0,0.0,0.0,-49500000.0,0.0,0.0,-5257000.0,0.0,-45929000.0,1000.0,1624000.0,20836000.0,19212000.0,47552000.0,0.0,47552000.0,https://www.sec.gov/Archives/edgar/data/1512931/000110465920090986/0001104659-20-090986-index.htm,https://www.sec.gov/Archives/edgar/data/1512931/000110465920090986/tm2024618-1_10q.htm,1620595278,17:21:18,20210509
3,2020-03-31,MRCC,USD,2020-05-08,2020-05-08 16:26:53,Q1,-36850000.0,0.0,0.0,0.0,9960000.0,0.0,0.0,0.0,2734000.0,-936000.0,-16357000.0,0.0,0.0,0.0,0.0,0.0,0.0,-38600000.0,0.0,0.0,-7155000.0,0.0,5945000.0,-19000.0,-10431000.0,19212000.0,29643000.0,-16357000.0,0.0,-16357000.0,https://www.sec.gov/Archives/edgar/data/1512931/000110465920058828/0001104659-20-058828-index.htm,https://www.sec.gov/Archives/edgar/data/1512931/000110465920058828/tm2015461d1_10q.htm,1620595278,17:21:18,20210509
4,2019-12-31,MRCC,USD,2020-03-03 00:00:00,2020-03-03 16:58:30,Q4,4128000.0,0.0,0.0,0.0,1053000.0,0.0,0.0,0.0,-7226000.0,-1409000.0,50719000.0,0.0,0.0,0.0,0.0,0.0,0.0,-63600000.0,0.0,0.0,-7156000.0,0.0,-45053000.0,2000.0,5668000.0,29643000.0,23975000.0,50719000.0,0.0,50719000.0,https://www.sec.gov/Archives/edgar/data/1512931/000110465920028643/0001104659-20-028643-index.html,https://www.sec.gov/Archives/edgar/data/1512931/000110465920028643/tm208259-1_10k.htm,1620595278,17:21:18,20210509
5,2019-09-30,MRCC,USD,2019-11-06 00:00:00,2019-11-06 16:34:34,Q3,3653000.0,0.0,0.0,0.0,553000.0,0.0,0.0,0.0,-8279000.0,-1509000.0,-24157000.0,0.0,0.0,0.0,0.0,0.0,0.0,-16200000.0,0.0,0.0,-7156000.0,0.0,21264000.0,-1000.0,-2894000.0,23975000.0,26869000.0,-24157000.0,0.0,-24157000.0,https://www.sec.gov/Archives/edgar/data/1512931/000110465919060540/0001104659-19-060540-index.html,https://www.sec.gov/Archives/edgar/data/1512931/000110465919060540/tv531272_10q.htm,1620595278,17:21:18,20210509
6,2019-06-30,MRCC,USD,2019-08-06 00:00:00,2019-08-06 17:15:14,Q2,3992000.0,0.0,0.0,0.0,-31477000.0,0.0,0.0,0.0,-8832000.0,-1186000.0,-30779000.0,0.0,0.0,0.0,0.0,0.0,0.0,-10800000.0,0.0,0.0,-7156000.0,0.0,35644000.0,-1000.0,4864000.0,26869000.0,22005000.0,-30779000.0,0.0,-30779000.0,https://www.sec.gov/Archives/edgar/data/1512931/000114420419037921/0001144204-19-037921-index.html,https://www.sec.gov/Archives/edgar/data/1512931/000114420419037921/tv526446_10q.htm,1620595278,17:21:18,20210509
7,2019-03-31,MRCC,USD,2019-05-07 00:00:00,2019-05-07 16:51:56,Q1,7441000.0,0.0,0.0,0.0,4443000.0,0.0,0.0,0.0,22645000.0,-1047000.0,-35028000.0,0.0,0.0,0.0,0.0,0.0,0.0,-200950000.0,0.0,0.0,-7156000.0,0.0,39308000.0,-1000.0,4279000.0,22005000.0,17726000.0,-35028000.0,0.0,-35028000.0,https://www.sec.gov/Archives/edgar/data/1512931/000114420419024268/0001144204-19-024268-index.html,https://www.sec.gov/Archives/edgar/data/1512931/000114420419024268/tv520552_10q.htm,1620595278,17:21:18,20210509
8,2018-12-31,MRCC,USD,2019-03-05 00:00:00,2019-03-05 17:07:01,Q4,1171000.0,0.0,0.0,0.0,7420000.0,0.0,0.0,0.0,18202000.0,-825000.0,-69920000.0,0.0,0.0,0.0,0.0,0.0,0.0,-23300000.0,0.0,0.0,-7156000.0,0.0,77744000.0,-5000.0,7819000.0,17726000.0,9907000.0,-69920000.0,0.0,-69920000.0,https://www.sec.gov/Archives/edgar/data/1512931/000114420419012276/0001144204-19-012276-index.html,https://www.sec.gov/Archives/edgar/data/1512931/000114420419012276/tv514438_10k.htm,1620595278,17:21:18,20210509
9,2018-09-30,MRCC,USD,2018-11-06 00:00:00,2018-11-06 17:15:18,Q3,-993000.0,0.0,0.0,0.0,3373000.0,0.0,0.0,0.0,10782000.0,-659000.0,15164000.0,0.0,0.0,0.0,0.0,0.0,0.0,-92700000.0,2193000.0,0.0,-7156000.0,0.0,-12277000.0,-11000.0,2876000.0,9907000.0,7031000.0,15164000.0,0.0,15164000.0,https://www.sec.gov/Archives/edgar/data/1512931/000114420418057670/0001144204-18-057670-index.html,https://www.sec.gov/Archives/edgar/data/1512931/000114420418057670/tv506143_10q.htm,1620595278,17:21:18,20210509
10,2018-06-30,MRCC,USD,2018-08-07 00:00:00,2018-08-07 16:18:36,Q2,4280000.0,0.0,0.0,0.0,-2751000.0,0.0,0.0,0.0,7409000.0,-536000.0,832000.0,0.0,0.0,0.0,0.0,0.0,0.0,-41600000.0,209000.0,0.0,-6786000.0,0.0,-3979000.0,-9000.0,-3156000.0,7031000.0,10187000.0,832000.0,0.0,832000.0,https://www.sec.gov/Archives/edgar/data/1512931/000114420418042447/0001144204-18-042447-index.html,https://www.sec.gov/Archives/edgar/data/1512931/000114420418042447/tv500095_10q.htm,1620595278,17:21:18,20210509
11,2018-03-31,MRCC,USD,2018-05-08 00:00:00,2018-05-08 16:13:07,Q1,1390000.0,0.0,0.0,0.0,226359000.0,0.0,0.0,0.0,10160000.0,-1080000.0,-1191000.0,0.0,0.0,0.0,0.0,0.0,0.0,-16750000.0,0.0,0.0,-7084000.0,0.0,4167000.0,12000.0,2988000.0,10187000.0,7199000.0,-1191000.0,0.0,-1191000.0,https://www.sec.gov/Archives/edgar/data/1512931/000114420418026132/0001144204-18-026132-index.html,https://www.sec.gov/Archives/edgar/data/1512931/000114420418026132/tv493069_10q.htm,1620595278,17:21:18,20210509
12,2017-12-31,MRCC,USD,2018-03-14 00:00:00,2018-03-14 16:14:37,Q4,2241000.0,0.0,0.0,0.0,-68109000.0,0.0,0.0,0.0,-216199000.0,-666000.0,-68329000.0,0.0,0.0,0.0,0.0,0.0,0.0,-34800000.0,0.0,0.0,-7084000.0,0.0,66118000.0,0.0,-2211000.0,7199000.0,9410000.0,-68329000.0,0.0,-68329000.0,https://www.sec.gov/Archives/edgar/data/1512931/000114420418014651/0001144204-18-014651-index.html,https://www.sec.gov/Archives/edgar/data/1512931/000114420418014651/v487730_10k.htm,1620595278,17:21:18,20210509
13,2017-09-30,MRCC,USD,2017-11-07 00:00:00,2017-11-07 16:18:15,Q3,6318000.0,0.0,0.0,0.0,13804000.0,0.0,0.0,0.0,-148090000.0,-603000.0,28203000.0,0.0,0.0,0.0,0.0,0.0,0.0,-58500000.0,0.0,0.0,-7084000.0,0.0,-34041000.0,0.0,-5838000.0,9410000.0,15248000.0,28203000.0,0.0,28203000.0,https://www.sec.gov/Archives/edgar/data/1512931/000114420417056906/0001144204-17-056906-index.html,https://www.sec.gov/Archives/edgar/data/1512931/000114420417056906/tv478517_10q.htm,1620595278,17:21:18,20210509
14,2017-06-30,MRCC,USD,2017-08-08 00:00:00,2017-08-08 16:07:22,Q2,1024000.0,0.0,0.0,0.0,18103000.0,0.0,0.0,0.0,-161894000.0,-508000.0,-26015000.0,0.0,0.0,0.0,0.0,0.0,0.0,-72254000.0,50485000.0,0.0,-6807000.0,0.0,25225000.0,0.0,-790000.0,15248000.0,16038000.0,-26015000.0,0.0,-26015000.0,https://www.sec.gov/Archives/edgar/data/1512931/000114420417041205/0001144204-17-041205-index.html,https://www.sec.gov/Archives/edgar/data/1512931/000114420417041205/v472516_10q.htm,1620595278,17:21:18,20210509
15,2017-03-31,MRCC,USD,2017-05-09 00:00:00,2017-05-09 16:02:54,Q1,2569000.0,0.0,0.0,0.0,-7276000.0,0.0,0.0,0.0,-179997000.0,-770000.0,-3426000.0,0.0,0.0,0.0,0.0,0.0,0.0,-32500000.0,1736000.0,0.0,-5549000.0,0.0,11133000.0,0.0,7707000.0,16038000.0,8331000.0,-3426000.0,0.0,-3426000.0,https://www.sec.gov/Archives/edgar/data/1512931/000114420417025597/0001144204-17-025597-index.html,https://www.sec.gov/Archives/edgar/data/1512931/000114420417025597/v466081_10q.htm,1620595278,17:21:18,20210509
16,2016-12-31,MRCC,USD,2017-03-07 00:00:00,2017-03-07 17:16:02,Q4,7532000.0,0.0,0.0,0.0,-34734000.0,0.0,0.0,0.0,-172721000.0,-799000.0,-29523000.0,0.0,0.0,0.0,0.0,0.0,0.0,-16813000.0,-35000.0,0.0,-5734000.0,0.0,29639000.0,0.0,2357000.0,8331000.0,5974000.0,-29523000.0,0.0,-29523000.0,https://www.sec.gov/Archives/edgar/data/1512931/000114420417013273/0001144204-17-013273-index.html,https://www.sec.gov/Archives/edgar/data/1512931/000114420417013273/v460451_10k.htm,1620595278,17:21:18,20210509
17,2016-09-30,MRCC,USD,2016-11-07 00:00:00,2016-11-07 16:04:36,Q3,3612000.0,0.0,0.0,0.0,16750000.0,0.0,0.0,0.0,-137987000.0,-761000.0,-28839000.0,0.0,0.0,0.0,0.0,5898000.0,5898000.0,-63325000.0,52555000.0,0.0,-5730000.0,0.0,23432000.0,0.0,491000.0,5974000.0,5483000.0,-28839000.0,0.0,-28839000.0,https://www.sec.gov/Archives/edgar/data/1512931/000114420416132052/0001144204-16-132052-index.html,https://www.sec.gov/Archives/edgar/data/1512931/000114420416132052/v451647_10q.htm,1620595278,17:21:18,20210509
18,2016-06-30,MRCC,USD,2016-06-30,2016-06-30,Q2,5277000.0,0.0,0.0,0.0,1484000.0,0.0,0.0,0.0,-154737000.0,-650000.0,6086000.0,0.0,0.0,0.0,0.0,6606000.0,6606000.0,-11577000.0,0.0,0.0,-4553000.0,0.0,-12979000.0,0.0,-287000.0,5483000.0,5770000.0,6086000.0,0.0,6086000.0,,,1620595278,17:21:18,20210509
19,2016-03-31,MRCC,USD,2016-05-10 00:00:00,2016-05-10 16:11:42,Q1,7944000.0,0.0,0.0,0.0,1082000.0,0.0,0.0,0.0,-156221000.0,-553000.0,402000.0,0.0,0.0,0.0,0.0,-6157000.0,-6157000.0,-9200000.0,0.0,0.0,-4553000.0,0.0,6247000.0,0.0,492000.0,5770000.0,5278000.0,402000.0,0.0,402000.0,https://www.sec.gov/Archives/edgar/data/1512931/000114420416100434/0001144204-16-100434-index.html,https://www.sec.gov/Archives/edgar/data/1512931/000114420416100434/v438367_10q.htm,1620595278,17:21:18,20210509
20,2015-12-31,MRCC,USD,2016-03-04 00:00:00,2016-03-04 07:46:31,Q4,4212000.0,0.0,0.0,0.0,-6959000.0,0.0,0.0,0.0,-157303000.0,-615000.0,-1643000.0,0.0,0.0,0.0,0.0,0.0,0.0,-17400000.0,5009000.0,0.0,-4554000.0,0.0,6400000.0,0.0,-3831000.0,5278000.0,9109000.0,-1643000.0,0.0,-1643000.0,https://www.sec.gov/Archives/edgar/data/1512931/000114420416085951/0001144204-16-085951-index.html,https://www.sec.gov/Archives/edgar/data/1512931/000114420416085951/v432483_10k.htm,1620595278,17:21:18,20210509
21,2015-09-30,MRCC,USD,2015-11-09 00:00:00,2015-11-09 07:37:54,Q3,4740000.0,0.0,0.0,0.0,-43749000.0,0.0,0.0,0.0,-150344000.0,-576000.0,-60186000.0,0.0,0.0,0.0,0.0,0.0,0.0,-4650000.0,3073000.0,0.0,-4432000.0,0.0,64366000.0,0.0,4180000.0,9109000.0,4929000.0,-60186000.0,0.0,-60186000.0,https://www.sec.gov/Archives/edgar/data/1512931/000114420415063482/0001144204-15-063482-index.html,https://www.sec.gov/Archives/edgar/data/1512931/000114420415063482/v423294_10q.htm,1620595278,17:21:18,20210509
22,2015-06-30,MRCC,USD,2015-08-10 00:00:00,2015-08-10 16:04:02,Q2,5064000.0,0.0,0.0,0.0,10971000.0,0.0,0.0,0.0,-106595000.0,-591000.0,-5813000.0,0.0,0.0,0.0,0.0,0.0,0.0,-67900000.0,39853000.0,0.0,-4357000.0,0.0,2101000.0,0.0,-3712000.0,4929000.0,8641000.0,-5813000.0,0.0,-5813000.0,https://www.sec.gov/Archives/edgar/data/1512931/000114420415047716/0001144204-15-047716-index.html,https://www.sec.gov/Archives/edgar/data/1512931/000114420415047716/v416759_10q.htm,1620595278,17:21:18,20210509
23,2015-03-31,MRCC,USD,2015-05-11 00:00:00,2015-05-11 16:11:55,Q1,3876000.0,0.0,0.0,0.0,-16887000.0,0.0,0.0,0.0,-117566000.0,-561000.0,-15102000.0,0.0,0.0,0.0,0.0,0.0,0.0,-15150000.0,1684000.0,0.0,-3371000.0,0.0,18006000.0,0.0,2904000.0,8641000.0,5737000.0,-15102000.0,0.0,-15102000.0,https://www.sec.gov/Archives/edgar/data/1512931/000114420415029268/0001144204-15-029268-index.html,https://www.sec.gov/Archives/edgar/data/1512931/000114420415029268/v409075_10q.htm,1620595278,17:21:18,20210509
24,2014-12-31,MRCC,USD,2014-12-31,2014-12-31,Q4,4202000.0,0.0,0.0,0.0,-90879000.0,0.0,0.0,0.0,-100679000.0,-484000.0,-1027000.0,0.0,0.0,0.0,0.0,0.0,0.0,-28990000.0,0.0,0.0,-3236000.0,0.0,-7733000.0,0.0,-8760000.0,5737000.0,14497000.0,-1027000.0,0.0,-1027000.0,,,1620595278,17:21:18,20210509
25,2014-09-30,MRCC,USD,2014-11-10 00:00:00,2014-11-10 07:14:29,Q3,3373000.0,0.0,0.0,0.0,95171000.0,0.0,0.0,0.0,-9800000.0,-310000.0,13175000.0,0.0,0.0,0.0,0.0,0.0,0.0,-33526000.0,0.0,-550000.0,-3236000.0,0.0,-3575000.0,0.0,9600000.0,14497000.0,4897000.0,13175000.0,0.0,13175000.0,https://www.sec.gov/Archives/edgar/data/1512931/000114420414066215/0001144204-14-066215-index.html,https://www.sec.gov/Archives/edgar/data/1512931/000114420414066215/v392651_10q.htm,1620595278,17:21:18,20210509
26,2014-06-30,MRCC,USD,2014-08-11 00:00:00,2014-08-11 07:46:43,Q2,2666000.0,0.0,0.0,0.0,-239618000.0,0.0,0.0,0.0,-104971000.0,-215000.0,-8915000.0,0.0,0.0,0.0,0.0,0.0,0.0,-16029000.0,0.0,-1408000.0,-3252000.0,0.0,4417000.0,0.0,-4498000.0,4897000.0,9395000.0,-8915000.0,0.0,-8915000.0,https://www.sec.gov/Archives/edgar/data/1512931/000114420414048225/0001144204-14-048225-index.html,https://www.sec.gov/Archives/edgar/data/1512931/000114420414048225/v385394_10q.htm,1620595278,17:21:18,20210509
27,2014-03-31,MRCC,USD,2014-05-12 00:00:00,2014-05-12 08:01:22,Q1,3668000.0,0.0,0.0,0.0,204904000.0,0.0,0.0,0.0,134647000.0,-158000.0,-14750000.0,0.0,0.0,0.0,0.0,0.0,0.0,-9818000.0,0.0,-3836000.0,-3304000.0,0.0,9542000.0,0.0,-5208000.0,9395000.0,14603000.0,-14750000.0,0.0,-14750000.0,https://www.sec.gov/Archives/edgar/data/1512931/000114420414029295/0001144204-14-029295-index.html,https://www.sec.gov/Archives/edgar/data/1512931/000114420414029295/v377000_10q.htm,1620595278,17:21:18,20210509
28,2013-12-31,MRCC,USD,2013-12-31,2013-12-31,Q4,2512000.0,0.0,0.0,0.0,-40691000.0,0.0,0.0,0.0,-70257000.0,-134000.0,-34338000.0,0.0,0.0,0.0,0.0,0.0,0.0,-16202000.0,0.0,0.0,-3401000.0,0.0,17184000.0,0.0,-17154000.0,14603000.0,31757000.0,-34338000.0,0.0,-34338000.0,,,1620595278,17:21:18,20210509
29,2013-09-30,MRCC,USD,2013-11-12 00:00:00,2013-11-12 08:02:36,Q3,1966000.0,0.0,0.0,0.0,-114991000.0,0.0,0.0,0.0,-29566000.0,51000.0,-23973000.0,0.0,0.0,0.0,0.0,0.0,0.0,-50715000.0,0.0,0.0,-3402000.0,0.0,53327000.0,0.0,29354000.0,31757000.0,2403000.0,-23973000.0,0.0,-23973000.0,https://www.sec.gov/Archives/edgar/data/1512931/000119312513437029/0001193125-13-437029-index.html,https://www.sec.gov/Archives/edgar/data/1512931/000119312513437029/d621861d10q.htm,1620595278,17:21:18,20210509
30,2013-06-30,MRCC,USD,2013-08-13 00:00:00,2013-08-13 07:30:53,Q2,1988000.0,0.0,0.0,0.0,135066000.0,0.0,0.0,0.0,85425000.0,40000.0,-7050000.0,0.0,0.0,0.0,0.0,0.0,0.0,-10586000.0,0.0,0.0,-1542000.0,0.0,2950000.0,0.0,-4100000.0,2403000.0,6503000.0,-7050000.0,0.0,-7050000.0,https://www.sec.gov/Archives/edgar/data/1512931/000119312513331793/0001193125-13-331793-index.html,https://www.sec.gov/Archives/edgar/data/1512931/000119312513331793/d578355d10q.htm,1620595278,17:21:18,20210509
31,2013-03-31,MRCC,USD,2013-05-14 00:00:00,2013-05-14 08:31:02,Q1,3300000.0,0.0,0.0,0.0,626000.0,0.0,0.0,0.0,-49641000.0,32000.0,2476000.0,0.0,0.0,0.0,0.0,0.0,0.0,-13000000.0,215000.0,0.0,-1955000.0,0.0,-33000.0,0.0,2443000.0,6503000.0,4060000.0,2476000.0,0.0,2476000.0,https://www.sec.gov/Archives/edgar/data/1512931/000119312513218238/0001193125-13-218238-index.html,https://www.sec.gov/Archives/edgar/data/1512931/000119312513218238/d537101d10q.htm,1620595278,17:21:18,20210509
