,date,symbol,reportedCurrency,fillingDate,acceptedDate,period,netIncome,depreciationAndAmortization,deferredIncomeTax,stockBasedCompensation,changeInWorkingCapital,accountsReceivables,inventory,accountsPayables,otherWorkingCapital,otherNonCashItems,netCashProvidedByOperatingActivities,investmentsInPropertyPlantAndEquipment,acquisitionsNet,purchasesOfInvestments,salesMaturitiesOfInvestments,otherInvestingActivites,netCashUsedForInvestingActivites,debtRepayment,commonStockIssued,commonStockRepurchased,dividendsPaid,otherFinancingActivites,netCashUsedProvidedByFinancingActivities,effectOfForexChangesOnCash,netChangeInCash,cashAtEndOfPeriod,cashAtBeginningOfPeriod,operatingCashFlow,capitalExpenditure,freeCashFlow,link,finalLink,timestamp,est_time,est_date
0,2020-12-31,BSTG,USD,2021-04-13,,Q4,-1024000.0,45000.0,0.0,140000.0,-928000.0,293000.0,0.0,-40000.0,921000.0,0.0,-1022000.0,0.0,0.0,0.0,0.0,0.0,0.0,0.0,-559000.0,-4000.0,0.0,0.0,0.0,0.0,-1022000.0,1076000.0,2098000.0,-1022000.0,0.0,-1022000.0,https://www.sec.gov/Archives/edgar/data/1563665/000110465921049804/0001104659-21-049804-index.htm,https://www.sec.gov/Archives/edgar/data/1563665/000110465921049804/tm211070d1_10k.htm,1620589729,15:48:49,20210509
1,2020-09-30,BSTG,USD,2020-11-13,2020-11-13 16:33:56,Q3,-660000.0,-5000.0,0.0,151000.0,1772000.0,-370000.0,0.0,-70000.0,1849000.0,0.0,-855000.0,-7000.0,0.0,0.0,0.0,0.0,-7000.0,0.0,499000.0,4000.0,0.0,0.0,2292000.0,0.0,1430000.0,2098000.0,668000.0,-855000.0,-7000.0,-862000.0,https://www.sec.gov/Archives/edgar/data/1563665/000110465920125113/0001104659-20-125113-index.htm,https://www.sec.gov/Archives/edgar/data/1563665/000110465920125113/tm2029528-1_10q.htm,1620589729,15:48:49,20210509
2,2020-06-30,BSTG,USD,2020-08-13,2020-08-13 16:32:56,Q2,-1185000.0,71000.0,0.0,265000.0,-116000.0,0.0,0.0,-86000.0,77000.0,0.0,-1070000.0,0.0,0.0,0.0,0.0,0.0,0.0,0.0,559000.0,0.0,0.0,0.0,882000.0,0.0,-188000.0,668000.0,856000.0,-1070000.0,0.0,-1070000.0,https://www.sec.gov/Archives/edgar/data/1563665/000110465920094718/0001104659-20-094718-index.htm,https://www.sec.gov/Archives/edgar/data/1563665/000110465920094718/tm2020413-1_10q.htm,1620589729,15:48:49,20210509
3,2020-03-31,BSTG,USD,2020-05-14,2020-05-14 16:16:19,Q1,-1996000.0,73000.0,0.0,588000.0,-400000.0,0.0,0.0,-14000.0,193000.0,0.0,-1094000.0,0.0,0.0,0.0,0.0,0.0,0.0,0.0,559000.0,0.0,0.0,0.0,987000.0,0.0,-107000.0,856000.0,963000.0,-1094000.0,0.0,-1094000.0,https://www.sec.gov/Archives/edgar/data/1563665/000110465920061610/0001104659-20-061610-index.htm,https://www.sec.gov/Archives/edgar/data/1563665/000110465920061610/tm2014560d1_10q.htm,1620589729,15:48:49,20210509
4,2019-12-31,BSTG,USD,2020-03-27,2020-03-27 16:37:04,Q4,-1599000.0,75000.0,0.0,301000.0,-21000.0,0.0,0.0,-29000.0,593000.0,0.0,-1443000.0,-11000.0,0.0,0.0,0.0,0.0,-11000.0,0.0,530000.0,0.0,0.0,0.0,1269000.0,0.0,-185000.0,963000.0,1148000.0,-1443000.0,-11000.0,-1454000.0,https://www.sec.gov/Archives/edgar/data/1563665/000110465920039631/0001104659-20-039631-index.htm,https://www.sec.gov/Archives/edgar/data/1563665/000110465920039631/tm205241d1_10k.htm,1620589729,15:48:49,20210509
5,2019-09-30,BSTG,USD,2019-11-13,2019-11-13 16:32:11,Q3,-2377000.0,98000.0,0.0,529000.0,-531000.0,0.0,0.0,54000.0,614000.0,0.0,-1363000.0,-40000.0,0.0,0.0,0.0,0.0,-40000.0,0.0,0.0,0.0,0.0,0.0,1250000.0,0.0,-153000.0,1148000.0,1301000.0,-1363000.0,-40000.0,-1403000.0,https://www.sec.gov/Archives/edgar/data/1563665/000110465919063349/0001104659-19-063349-index.htm,https://www.sec.gov/Archives/edgar/data/1563665/000110465919063349/tm1919507d1_10q.htm,1620589729,15:48:49,20210509
6,2019-06-30,BSTG,USD,2019-08-13,2019-08-13 16:02:22,Q2,-2429000.0,54000.0,0.0,531000.0,373000.0,0.0,0.0,-71000.0,1145000.0,0.0,-2037000.0,-54000.0,0.0,0.0,0.0,0.0,-54000.0,0.0,1277000.0,0.0,0.0,0.0,2277000.0,0.0,186000.0,1301000.0,1115000.0,-2037000.0,-54000.0,-2091000.0,https://www.sec.gov/Archives/edgar/data/1563665/000114420419039520/0001144204-19-039520-index.htm,https://www.sec.gov/Archives/edgar/data/1563665/000114420419039520/tv526666_10q.htm,1620589729,15:48:49,20210509
7,2019-03-31,BSTG,USD,2019-05-14,2019-05-14 16:03:24,Q1,-1927000.0,84000.0,0.0,293000.0,-720000.0,0.0,0.0,127000.0,772000.0,0.0,-1216000.0,-24000.0,0.0,0.0,0.0,0.0,-24000.0,0.0,0.0,0.0,0.0,0.0,1000000.0,0.0,-240000.0,1115000.0,1355000.0,-1216000.0,-24000.0,-1240000.0,https://www.sec.gov/Archives/edgar/data/1563665/000114420419025987/0001144204-19-025987-index.htm,https://www.sec.gov/Archives/edgar/data/1563665/000114420419025987/tv520740_10q.htm,1620589729,15:48:49,20210509
8,2018-12-31,BSTG,USD,2019-03-29,2019-03-29 16:57:33,Q4,-1835000.0,67000.0,0.0,294000.0,-1476000.0,0.0,0.0,-42000.0,1492000.0,0.0,-2184000.0,-4000.0,0.0,0.0,0.0,0.0,-4000.0,0.0,0.0,0.0,0.0,0.0,0.0,0.0,-2188000.0,1355000.0,3543000.0,-2184000.0,-4000.0,-2188000.0,https://www.sec.gov/Archives/edgar/data/1563665/000114420419017039/0001144204-19-017039-index.htm,https://www.sec.gov/Archives/edgar/data/1563665/000114420419017039/tv515852_10k.htm,1620589729,15:48:49,20210509
9,2018-09-30,BSTG,USD,2018-11-09,2018-11-09 16:03:21,Q3,-2089000.0,66000.0,0.0,194000.0,-1866000.0,0.0,0.0,38000.0,2968000.0,0.0,-2225000.0,-38000.0,0.0,0.0,0.0,0.0,-38000.0,0.0,0.0,0.0,0.0,0.0,0.0,0.0,-2263000.0,3543000.0,5806000.0,-2225000.0,-38000.0,-2263000.0,https://www.sec.gov/Archives/edgar/data/1563665/000114420418058731/0001144204-18-058731-index.htm,https://www.sec.gov/Archives/edgar/data/1563665/000114420418058731/tv506123_10q.htm,1620589729,15:48:49,20210509
10,2018-06-30,BSTG,USD,2018-08-14,2018-08-14 16:12:34,Q2,-2060000.0,65000.0,0.0,192000.0,2372000.0,0.0,0.0,-61000.0,4834000.0,0.0,-1169000.0,-86000.0,0.0,0.0,0.0,0.0,-71000.0,0.0,4227000.0,0.0,0.0,0.0,4227000.0,0.0,2987000.0,5806000.0,2819000.0,-1169000.0,-86000.0,-1255000.0,https://www.sec.gov/Archives/edgar/data/1563665/000114420418044672/0001144204-18-044672-index.htm,https://www.sec.gov/Archives/edgar/data/1563665/000114420418044672/tv500135_10q.htm,1620589729,15:48:49,20210509
11,2018-03-31,BSTG,USD,2018-05-11,2018-04-02 17:27:57,Q1,-1545000.0,63000.0,0.0,75000.0,-329000.0,0.0,0.0,-698000.0,2462000.0,0.0,-2060000.0,-3000.0,0.0,0.0,0.0,0.0,46000.0,0.0,1095000.0,0.0,0.0,-300000.0,795000.0,0.0,-1219000.0,2819000.0,4038000.0,-2060000.0,-3000.0,-2063000.0,https://www.sec.gov/Archives/edgar/data/1563665/000114420418027643/0001144204-18-027643-index.htm,https://www.sec.gov/Archives/edgar/data/1563665/000114420418027643/tv493805_10q.htm,1620589729,15:48:49,20210509
12,2017-12-31,BSTG,USD,2018-04-02,2018-04-02 17:27:57,Q4,-1229000.0,79000.0,0.0,102000.0,3189000.0,0.0,0.0,-289000.0,2791000.0,0.0,-1654000.0,4000.0,0.0,0.0,0.0,0.0,4000.0,0.0,-9000.0,0.0,0.0,0.0,4378000.0,0.0,2728000.0,4038000.0,1310000.0,-1654000.0,0.0,-1650000.0,https://www.sec.gov/Archives/edgar/data/1563665/000114420418018724/0001144204-18-018724-index.htm,https://www.sec.gov/Archives/edgar/data/1563665/000114420418018724/tv489092_10k.htm,1620589729,15:48:49,20210509
13,2017-09-30,BSTG,USD,2017-12-15,2017-12-15 17:27:52,Q3,-3243000.0,98000.0,0.0,194000.0,-721000.0,0.0,0.0,521000.0,-398000.0,-9000.0,-3167000.0,-15000.0,0.0,0.0,0.0,0.0,-15000.0,0.0,9000.0,0.0,0.0,0.0,1068000.0,0.0,-2114000.0,1310000.0,3424000.0,-3167000.0,-15000.0,-3182000.0,https://www.sec.gov/Archives/edgar/data/1563665/000114420417064038/0001144204-17-064038-index.htm,https://www.sec.gov/Archives/edgar/data/1563665/000114420417064038/tv481065_10q.htm,1620589729,15:48:49,20210509
14,2017-06-30,BSTG,USD,2017-08-14,2017-08-14 17:26:49,Q2,-3603000.0,115000.0,0.0,206000.0,-151000.0,37000.0,0.0,-26000.0,323000.0,-124000.0,-3138000.0,-20000.0,0.0,0.0,0.0,0.0,-20000.0,0.0,0.0,0.0,0.0,0.0,0.0,0.0,-3158000.0,3424000.0,6582000.0,-3138000.0,-20000.0,-3158000.0,https://www.sec.gov/Archives/edgar/data/1563665/000114420417043270/0001144204-17-043270-index.htm,https://www.sec.gov/Archives/edgar/data/1563665/000114420417043270/v472448_10q.htm,1620589729,15:48:49,20210509
15,2017-03-31,BSTG,USD,2017-05-11,2017-05-11 17:28:33,Q1,-3841000.0,121000.0,0.0,191000.0,-235000.0,5000.0,0.0,-249000.0,474000.0,793000.0,-3055000.0,-105000.0,0.0,0.0,0.0,0.0,-105000.0,0.0,6801000.0,0.0,0.0,0.0,6801000.0,0.0,3641000.0,6582000.0,2941000.0,-3055000.0,-105000.0,-3160000.0,https://www.sec.gov/Archives/edgar/data/1563665/000114420417026530/0001144204-17-026530-index.htm,https://www.sec.gov/Archives/edgar/data/1563665/000114420417026530/v466273_10q.htm,1620589729,15:48:49,20210509
16,2016-12-31,BSTG,USD,2017-03-17,2017-03-16 21:49:11,Q4,-3342000.0,114000.0,0.0,300000.0,-3089000.0,24000.0,41000.0,54000.0,709000.0,-241000.0,-2988000.0,-77000.0,0.0,0.0,0.0,0.0,-77000.0,0.0,0.0,0.0,0.0,0.0,0.0,0.0,-3065000.0,2941000.0,6006000.0,-2988000.0,-77000.0,-3065000.0,https://www.sec.gov/Archives/edgar/data/1563665/000114420417015232/0001144204-17-015232-index.htm,https://www.sec.gov/Archives/edgar/data/1563665/000114420417015232/v461044_10k.htm,1620589729,15:48:49,20210509
17,2016-09-30,BSTG,USD,2016-11-10,2016-11-10 16:07:40,Q3,-3053000.0,116000.0,0.0,362000.0,-2602000.0,-26000.0,6000.0,188000.0,3798000.0,-96000.0,-2086000.0,-8000.0,0.0,0.0,0.0,0.0,-8000.0,0.0,0.0,0.0,0.0,0.0,0.0,0.0,-2094000.0,6006000.0,8100000.0,-2086000.0,-8000.0,-2094000.0,https://www.sec.gov/Archives/edgar/data/1563665/000114420416133281/0001144204-16-133281-index.htm,https://www.sec.gov/Archives/edgar/data/1563665/000114420416133281/v452040_10q.htm,1620589729,15:48:49,20210509
18,2016-06-30,BSTG,USD,2016-08-11,2016-08-11 17:25:04,Q2,-2712000.0,113000.0,0.0,318000.0,1358000.0,-22000.0,32000.0,367000.0,6400000.0,318000.0,-1504000.0,-89000.0,0.0,0.0,0.0,0.0,-89000.0,0.0,4845000.0,0.0,0.0,0.0,4845000.0,0.0,3252000.0,8100000.0,4848000.0,-1504000.0,-89000.0,-1593000.0,https://www.sec.gov/Archives/edgar/data/1563665/000114420416118421/0001144204-16-118421-index.htm,https://www.sec.gov/Archives/edgar/data/1563665/000114420416118421/v446200_10q.htm,1620589729,15:48:49,20210509
19,2016-03-31,BSTG,USD,2016-05-12,2016-05-12 08:43:51,Q1,-2472000.0,111000.0,0.0,347000.0,-2186000.0,3000.0,-4000.0,-137000.0,5042000.0,347000.0,-2480000.0,-128000.0,0.0,0.0,0.0,0.0,-128000.0,0.0,0.0,0.0,0.0,0.0,0.0,0.0,-2608000.0,4848000.0,7456000.0,-2480000.0,-128000.0,-2608000.0,https://www.sec.gov/Archives/edgar/data/1563665/000114420416101014/0001144204-16-101014-index.htm,https://www.sec.gov/Archives/edgar/data/1563665/000114420416101014/v439267_10q.htm,1620589729,15:48:49,20210509
20,2015-12-31,BSTG,USD,2016-03-30,2016-03-30 17:36:42,Q4,-2290000.0,131000.0,0.0,354000.0,-924000.0,38000.0,69000.0,0.0,7228000.0,354000.0,-1624000.0,-1000.0,0.0,0.0,0.0,0.0,-1000.0,0.0,884000.0,0.0,0.0,0.0,884000.0,-1000.0,-742000.0,7456000.0,8198000.0,-1624000.0,-1000.0,-1625000.0,https://www.sec.gov/Archives/edgar/data/1563665/000114420416091643/0001144204-16-091643-index.htm,https://www.sec.gov/Archives/edgar/data/1563665/000114420416091643/v435009_10k.htm,1620589729,15:48:49,20210509
21,2015-09-30,BSTG,USD,2015-11-16,2015-11-13 17:45:28,Q3,-2292000.0,121000.0,0.0,429000.0,-1840000.0,22000.0,57000.0,0.0,8152000.0,429000.0,-1852000.0,-154000.0,0.0,0.0,0.0,0.0,-154000.0,0.0,77000.0,0.0,0.0,0.0,77000.0,0.0,-1929000.0,8198000.0,10127000.0,-1852000.0,-154000.0,-2006000.0,https://www.sec.gov/Archives/edgar/data/1563665/000114420415065441/0001144204-15-065441-index.htm,https://www.sec.gov/Archives/edgar/data/1563665/000114420415065441/v424270_10q.htm,1620589729,15:48:49,20210509
22,2015-06-30,BSTG,USD,2015-08-14,2015-08-14 16:57:20,Q2,-4499000.0,114000.0,0.0,2445000.0,-1983000.0,0.0,11000.0,26000.0,9992000.0,2445000.0,-2023000.0,-15000.0,0.0,0.0,0.0,0.0,-15000.0,0.0,0.0,0.0,0.0,0.0,0.0,1000.0,-2037000.0,10127000.0,12164000.0,-2023000.0,-15000.0,-2038000.0,https://www.sec.gov/Archives/edgar/data/1563665/000114420415049940/0001144204-15-049940-index.htm,https://www.sec.gov/Archives/edgar/data/1563665/000114420415049940/v417630_10q.htm,1620589729,15:48:49,20210509
23,2015-03-31,BSTG,USD,2015-05-13,2015-05-13 17:01:37,Q1,-2623000.0,112000.0,0.0,738000.0,6857000.0,0.0,-5000.0,-109000.0,11975000.0,850000.0,-1687000.0,-6000.0,0.0,0.0,0.0,-6000.0,-6000.0,0.0,3237000.0,0.0,0.0,0.0,8594000.0,-9000.0,6892000.0,12164000.0,5272000.0,-1687000.0,-6000.0,-1693000.0,https://www.sec.gov/Archives/edgar/data/1563665/000114420415030212/0001144204-15-030212-index.htm,https://www.sec.gov/Archives/edgar/data/1563665/000114420415030212/v410092_10q.htm,1620589729,15:48:49,20210509
24,2014-12-31,BSTG,USD,2015-03-27,2015-03-26 18:37:57,Q4,-2842000.0,107000.0,0.0,639000.0,-2224000.0,0.0,-50000.0,116000.0,5118000.0,746000.0,-2322000.0,-131000.0,0.0,0.0,0.0,0.0,-131000.0,0.0,2000.0,0.0,0.0,0.0,2000.0,1000.0,-2450000.0,5272000.0,7722000.0,-2322000.0,-131000.0,-2453000.0,https://www.sec.gov/Archives/edgar/data/1563665/000114420415018746/0001144204-15-018746-index.htm,https://www.sec.gov/Archives/edgar/data/1563665/000114420415018746/v404965_10k.htm,1620589729,15:48:49,20210509
25,2014-09-30,BSTG,USD,2014-11-14,2014-11-13 19:28:51,Q3,-2680000.0,105000.0,0.0,455000.0,-2482000.0,0.0,-11000.0,-61000.0,7342000.0,560000.0,-1862000.0,-538000.0,0.0,0.0,0.0,-538000.0,-538000.0,0.0,60000.0,0.0,0.0,0.0,60000.0,-3000.0,-2343000.0,7722000.0,10065000.0,-1862000.0,-538000.0,-2400000.0,https://www.sec.gov/Archives/edgar/data/1563665/000114420414067953/0001144204-14-067953-index.htm,https://www.sec.gov/Archives/edgar/data/1563665/000114420414067953/v393708_10q.htm,1620589729,15:48:49,20210509
26,2014-06-30,BSTG,USD,2014-08-13,2014-08-13 17:01:14,Q2,-2533000.0,95000.0,0.0,295000.0,-2404000.0,0.0,-17000.0,-91000.0,9824000.0,390000.0,-2400000.0,-253000.0,0.0,0.0,0.0,-253000.0,-253000.0,0.0,111000.0,0.0,0.0,0.0,111000.0,0.0,-2542000.0,10065000.0,12607000.0,-2400000.0,-253000.0,-2653000.0,https://www.sec.gov/Archives/edgar/data/1563665/000114420414049404/0001144204-14-049404-index.htm,https://www.sec.gov/Archives/edgar/data/1563665/000114420414049404/v386033_10q.htm,1620589729,15:48:49,20210509
27,2014-03-31,BSTG,USD,2014-05-15,2014-05-15 17:01:43,Q1,-3006000.0,56000.0,0.0,1176000.0,-1766000.0,0.0,-91000.0,162000.0,12228000.0,1232000.0,-1409000.0,-242000.0,0.0,0.0,0.0,-242000.0,-242000.0,0.0,247000.0,0.0,0.0,0.0,247000.0,3000.0,-1401000.0,12607000.0,14008000.0,-1409000.0,-242000.0,-1651000.0,https://www.sec.gov/Archives/edgar/data/1563665/000114420414031376/0001144204-14-031376-index.htm,https://www.sec.gov/Archives/edgar/data/1563665/000114420414031376/v378175_10q.htm,1620589729,15:48:49,20210509
28,2013-12-31,BSTG,USD,2014-03-31,2014-03-31 06:01:40,Q4,-2648000.0,35000.0,0.0,856000.0,14340000.0,0.0,0.0,118000.0,13994000.0,856000.0,-2089000.0,-150000.0,0.0,0.0,0.0,0.0,-150000.0,0.0,0.0,0.0,0.0,16244000.0,16247000.0,0.0,0.0,14008000.0,0.0,-2089000.0,-150000.0,-2239000.0,https://www.sec.gov/Archives/edgar/data/1563665/000114420414018938/0001144204-14-018938-index.htm,https://www.sec.gov/Archives/edgar/data/1563665/000114420414018938/v371822_10k.htm,1620589729,15:48:49,20210509
29,2013-09-30,BSTG,USD,2013-11-27 00:00:00,2013-11-27 16:15:40,Q3,-2060000.0,40000.0,0.0,220000.0,65000.0,0.0,0.0,-18000.0,-346000.0,220000.0,-1764000.0,-94000.0,0.0,0.0,0.0,0.0,-94000.0,0.0,0.0,0.0,0.0,1858000.0,1858000.0,0.0,0.0,0.0,0.0,-1764000.0,-94000.0,-1858000.0,https://www.sec.gov/Archives/edgar/data/1563665/000114420413064622/0001144204-13-064622-index.html,https://www.sec.gov/Archives/edgar/data/1563665/000114420413064622/v361077_10q.htm,1620589729,15:48:49,20210509
30,2013-06-30,BSTG,USD,2013-06-30,2013-06-30,Q2,-2089000.0,45000.0,0.0,158000.0,-256000.0,0.0,0.0,-48000.0,-411000.0,158000.0,-1901000.0,-33000.0,0.0,0.0,0.0,0.0,-33000.0,0.0,0.0,0.0,0.0,1934000.0,1934000.0,0.0,0.0,0.0,0.0,-1901000.0,-33000.0,-1934000.0,,,1620589729,15:48:49,20210509
31,2013-03-31,BSTG,USD,2013-03-31,2013-03-31,Q1,-2020000.0,38000.0,0.0,136000.0,10000.0,0.0,0.0,13000.0,-155000.0,136000.0,-1932000.0,-18000.0,0.0,0.0,0.0,0.0,-18000.0,0.0,0.0,0.0,0.0,1950000.0,1950000.0,0.0,0.0,0.0,0.0,-1932000.0,-18000.0,-1950000.0,,,1620589729,15:48:49,20210509
32,2012-12-31,BSTG,USD,2012-12-31,2012-12-31,Q4,-1966000.0,21000.0,0.0,162000.0,-165000.0,0.0,0.0,156000.0,-165000.0,162000.0,-1527000.0,-164000.0,0.0,0.0,0.0,0.0,-164000.0,0.0,0.0,0.0,0.0,1691000.0,1691000.0,0.0,0.0,0.0,0.0,-1527000.0,-164000.0,-1691000.0,,,1620589729,15:48:49,20210509
33,2012-09-30,BSTG,USD,2012-09-30,2012-09-30,Q3,-4750000.0,40000.0,0.0,0.0,0.0,0.0,0.0,30000.0,0.0,350000.0,-4370000.0,-150000.0,0.0,0.0,0.0,0.0,-150000.0,0.0,0.0,0.0,0.0,0.0,4520000.0,0.0,0.0,0.0,0.0,-4370000.0,-150000.0,-4520000.0,,,1620589729,15:48:49,20210509
34,2011-12-31,BSTG,USD,2011-12-31,2011-12-31,Q2,-1251000.0,14000.0,0.0,87000.0,0.0,0.0,0.0,-128000.0,0.0,0.0,-1243000.0,-88000.0,0.0,0.0,0.0,0.0,-88000.0,0.0,0.0,0.0,0.0,1331000.0,1331000.0,0.0,0.0,0.0,0.0,-1243000.0,-88000.0,-1331000.0,,,1620589729,15:48:49,20210509
35,2011-09-30,BSTG,USD,2011-09-30,2011-09-30,Q1,-2500000.0,10000.0,0.0,0.0,-10000.0,0.0,0.0,0.0,0.0,170000.0,-2330000.0,-120000.0,0.0,0.0,0.0,0.0,-120000.0,0.0,0.0,0.0,0.0,0.0,2450000.0,0.0,0.0,806000.0,806000.0,-2330000.0,-120000.0,-2450000.0,,,1620589729,15:48:49,20210509
