,date,symbol,reportedCurrency,fillingDate,acceptedDate,period,netIncome,depreciationAndAmortization,deferredIncomeTax,stockBasedCompensation,changeInWorkingCapital,accountsReceivables,inventory,accountsPayables,otherWorkingCapital,otherNonCashItems,netCashProvidedByOperatingActivities,investmentsInPropertyPlantAndEquipment,acquisitionsNet,purchasesOfInvestments,salesMaturitiesOfInvestments,otherInvestingActivites,netCashUsedForInvestingActivites,debtRepayment,commonStockIssued,commonStockRepurchased,dividendsPaid,otherFinancingActivites,netCashUsedProvidedByFinancingActivities,effectOfForexChangesOnCash,netChangeInCash,cashAtEndOfPeriod,cashAtBeginningOfPeriod,operatingCashFlow,capitalExpenditure,freeCashFlow,link,finalLink,timestamp,est_time,est_date
0,2021-03-31,HRTG,USD,2021-05-07,2021-05-07 07:31:30,Q1,-5148000.0,917000.0,-4893000.0,260000.0,70980000.0,-6941000.0,0.0,0.0,404369000.0,0.0,39227000.0,-421000.0,389000.0,-113890000.0,40470000.0,0.0,-73664000.0,0.0,0.0,0.0,-1670000.0,0.0,-3749000.0,0.0,-38186000.0,408197000,446383000,39227000.0,-421000.0,38806000.0,https://www.sec.gov/Archives/edgar/data/1598665/000156459021025308/0001564590-21-025308-index.htm,https://www.sec.gov/Archives/edgar/data/1598665/000156459021025308/hrtg-10q_20210331.htm,1620593233,16:47:13,20210509
1,2020-12-31,HRTG,USD,2021-03-09,2021-03-09 17:01:40,Q4,2807000.0,1952000.0,6171000.0,622000.0,-93262000.0,61525000.0,0.0,-78939000.0,333389000.0,0.0,51650000.0,-127000.0,-3125000.0,-195952000.0,82291000.0,-792000.0,-114580000.0,-1950000.0,0.0,9997000.0,-1683000.0,-2087000.0,-5720000.0,0.0,-68650000.0,446383000,515033000,51650000.0,-127000.0,51523000.0,https://www.sec.gov/Archives/edgar/data/1598665/000156459021011792/0001564590-21-011792-index.htm,https://www.sec.gov/Archives/edgar/data/1598665/000156459021011792/hrtg-10k_20201231.htm,1620593233,16:47:13,20210509
2,2020-09-30,HRTG,USD,2020-11-05,2020-11-05 16:15:23,Q3,-5233000.0,2110000.0,-4371000.0,1359000.0,1716144000.0,-53313000.0,0.0,-55749000.0,426651000.0,0.0,-13236000.0,-512000.0,-8929000.0,-89463000.0,322853000.0,779000.0,233657000.0,-3822000.0,0.0,0.0,-1693000.0,-64000.0,-5579000.0,0.0,214842000.0,515033000,300191000,-13236000.0,-512000.0,-13748000.0,https://www.sec.gov/Archives/edgar/data/1598665/000156459020051323/0001564590-20-051323-index.htm,https://www.sec.gov/Archives/edgar/data/1598665/000156459020051323/hrtg-10q_20200930.htm,1620593233,16:47:13,20210509
3,2020-06-30,HRTG,USD,2020-08-04,2020-08-04 16:12:59,Q2,4132000.0,2015000.0,8890000.0,1357000.0,-981673000.0,-2988000.0,0.0,194646000.0,-1289493000.0,0.0,46100000.0,-41000.0,0.0,-101191000.0,29688000.0,14000.0,-71531000.0,-71000.0,0.0,-2011000.0,-1726000.0,0.0,-3808000.0,0.0,-29238000.0,300191000,329429000,46100000.0,-41000.0,46059000.0,https://www.sec.gov/Archives/edgar/data/1598665/000156459020036121/0001564590-20-036121-index.htm,https://www.sec.gov/Archives/edgar/data/1598665/000156459020036121/hrtg-10q_20200630.htm,1620593233,16:47:13,20210509
4,2020-03-31,HRTG,USD,2020-05-08 00:00:00,2020-05-08 16:12:06,Q1,7620000.0,2024000.0,-4452000.0,1345000.0,126518000.0,54651000.0,0.0,-54391000.0,-307820000.0,0.0,85697000.0,-75000.0,0.0,-83897000.0,58488000.0,-1000.0,-25484000.0,-3822000.0,0.0,-7986000.0,-1750000.0,-233000.0,-13791000.0,0.0,46421000.0,329429000,283008000,85697000.0,-75000.0,85622000.0,https://www.sec.gov/Archives/edgar/data/1598665/000156459020023563/0001564590-20-023563-index.html,https://www.sec.gov/Archives/edgar/data/1598665/000156459020023563/hrtg-10q_20200331.htm,1620593233,16:47:13,20210509
5,2019-12-31,HRTG,USD,2020-03-10 00:00:00,2020-03-10 16:17:38,Q4,12818000.0,2162000.0,-1083000.0,1345000.0,-100723000.0,-160357000.0,0.0,-97801000.0,-434338000.0,290000.0,3504000.0,-51000.0,0.0,-27751000.0,74570000.0,293000.0,47061000.0,-1946000.0,0.0,-4290000.0,-1771000.0,-3335000.0,-11342000.0,0.0,39223000.0,283008000,243785000,3504000.0,-51000.0,3453000.0,https://www.sec.gov/Archives/edgar/data/1598665/000156459020009748/0001564590-20-009748-index.html,https://www.sec.gov/Archives/edgar/data/1598665/000156459020009748/hrtg-10k_20191231.htm,1620593233,16:47:13,20210509
6,2019-09-30,HRTG,USD,2019-11-06 00:00:00,2019-11-06 16:12:03,Q3,8133000.0,2782000.0,-4340000.0,1345000.0,131539000.0,55220000.0,0.0,-70682000.0,-333615000.0,97000.0,39738000.0,-446000.0,0.0,-108954000.0,45532000.0,-6000.0,-63874000.0,-1943000.0,0.0,-4549000.0,-1792000.0,-68000.0,-8352000.0,0.0,-32488000.0,243785000,276273000,39738000.0,-446000.0,39292000.0,https://www.sec.gov/Archives/edgar/data/1598665/000156459019041012/0001564590-19-041012-index.html,https://www.sec.gov/Archives/edgar/data/1598665/000156459019041012/hrtg-10q_20190930.htm,1620593233,16:47:13,20210509
7,2019-06-30,HRTG,USD,2019-08-07 00:00:00,2019-08-07 16:06:50,Q2,721000.0,2796000.0,8623000.0,1344000.0,-257248000.0,-69089000.0,0.0,210571000.0,-465154000.0,-97000.0,-8907000.0,-493000.0,0.0,-62150000.0,60042000.0,0.0,-2601000.0,-68000.0,0.0,-2333000.0,-1795000.0,0.0,-4196000.0,0.0,-15704000.0,276273000,291977000,-8907000.0,-493000.0,-9400000.0,https://www.sec.gov/Archives/edgar/data/1598665/000156459019030047/0001564590-19-030047-index.html,https://www.sec.gov/Archives/edgar/data/1598665/000156459019030047/hrtg-10q_20190630.htm,1620593233,16:47:13,20210509
8,2019-03-31,HRTG,USD,2019-05-08 00:00:00,2019-05-08 17:06:10,Q1,6964000.0,2696000.0,-4098000.0,1345000.0,169914000.0,56568000.0,0.0,-52712000.0,-207906000.0,48000.0,85322000.0,-3994000.0,0.0,-58025000.0,27777000.0,71000.0,-34171000.0,-14814000.0,0.0,-5011000.0,-1601000.0,-118000.0,-21544000.0,0.0,29607000.0,291977000,262370000,85322000.0,-3994000.0,81328000.0,https://www.sec.gov/Archives/edgar/data/1598665/000156459019017314/0001564590-19-017314-index.html,https://www.sec.gov/Archives/edgar/data/1598665/000156459019017314/hrtg-10q_20190331.htm,1620593233,16:47:13,20210509
9,2018-12-31,HRTG,USD,2019-03-12 00:00:00,2019-03-12 16:22:55,Q4,3928000.0,5662000.0,-4262000.0,1344000.0,72935000.0,18985000.0,0.0,-50047000.0,-377820000.0,5864000.0,35085000.0,-856000.0,0.0,-6560000.0,12647000.0,0.0,5231000.0,-119059000.0,0.0,0.0,-1591000.0,0.0,-11720000.0,0.0,28596000.0,262370000,233774000,35085000.0,-856000.0,34229000.0,https://www.sec.gov/Archives/edgar/data/1598665/000156459019007360/0001564590-19-007360-index.html,https://www.sec.gov/Archives/edgar/data/1598665/000156459019007360/hrtg-10k_20181231.htm,1620593233,16:47:13,20210509
10,2018-09-30,HRTG,USD,2018-11-06 00:00:00,2018-11-06 16:07:29,Q3,5989000.0,7367000.0,-1722000.0,1317000.0,181313000.0,142110000.0,0.0,-59485000.0,-450755000.0,4468000.0,12011000.0,-1058000.0,0.0,-79801000.0,69055000.0,0.0,-11804000.0,-65000.0,0.0,0.0,-1595000.0,0.0,-1660000.0,0.0,-1453000.0,233774000,235227000,12011000.0,-1058000.0,10953000.0,https://www.sec.gov/Archives/edgar/data/1598665/000156459018027397/0001564590-18-027397-index.html,https://www.sec.gov/Archives/edgar/data/1598665/000156459018027397/hrtg-10q_20180930.htm,1620593233,16:47:13,20210509
11,2018-06-30,HRTG,USD,2018-08-08 00:00:00,2018-08-08 17:01:15,Q2,2409000.0,7000000.0,-2319000.0,1306000.0,-86721000.0,84532000.0,0.0,220499000.0,-632068000.0,0.0,60464000.0,-284000.0,0.0,-60808000.0,36283000.0,0.0,-24809000.0,-13311000.0,0.0,-1000.0,-1593000.0,0.0,-14905000.0,0.0,20750000.0,235227000,214477000,60464000.0,-284000.0,60180000.0,https://www.sec.gov/Archives/edgar/data/1598665/000156459018020554/0001564590-18-020554-index.html,https://www.sec.gov/Archives/edgar/data/1598665/000156459018020554/hrtg-10q_20180630.htm,1620593233,16:47:13,20210509
12,2018-03-31,HRTG,USD,2018-05-09 00:00:00,2018-05-09 16:50:59,Q1,14829000.0,7041000.0,-13260000.0,1306000.0,-109597000.0,-195443000.0,0.0,38431000.0,-545347000.0,0.0,-12132000.0,-83000.0,0.0,-71498000.0,127328000.0,0.0,55747000.0,-68000.0,0.0,-1999000.0,-1601000.0,0.0,-3668000.0,0.0,39947000.0,214477000,174530000,-12132000.0,-83000.0,-12215000.0,https://www.sec.gov/Archives/edgar/data/1598665/000156459018012484/0001564590-18-012484-index.html,https://www.sec.gov/Archives/edgar/data/1598665/000156459018012484/hrtg-10q_20180331.htm,1620593233,16:47:13,20210509
13,2017-12-31,HRTG,USD,2018-03-15 00:00:00,2018-03-15 17:25:34,Q4,-5048000.0,1838000.0,20995000.0,1204000.0,-209181000.0,78163000.0,0.0,-140561000.0,-435750000.0,-5680000.0,-91137000.0,-190000.0,0.0,-204142000.0,253439000.0,0.0,-91812000.0,0.0,0.0,-1598000.0,-1459000.0,-504000.0,-15675000.0,0.0,-198624000.0,153697000,352321000,-91137000.0,-190000.0,-91327000.0,https://www.sec.gov/Archives/edgar/data/1598665/000156459018005881/0001564590-18-005881-index.html,https://www.sec.gov/Archives/edgar/data/1598665/000156459018005881/hrtg-10k_20171231.htm,1620593233,16:47:13,20210509
14,2017-09-30,HRTG,USD,2017-11-02 00:00:00,2017-11-02 16:18:55,Q3,-8696000.0,2106000.0,-239000.0,1203000.0,-258657000.0,-367117000.0,0.0,-66685000.0,-226569000.0,3521000.0,63199000.0,-45000.0,0.0,82160000.0,-2574000.0,0.0,79541000.0,0.0,0.0,-53017000.0,-3223000.0,131645000.0,75405000.0,0.0,218145000.0,352321000,134176000,63199000.0,-45000.0,63154000.0,https://www.sec.gov/Archives/edgar/data/1598665/000156459017021213/0001564590-17-021213-index.html,https://www.sec.gov/Archives/edgar/data/1598665/000156459017021213/hrtg-10q_20170930.htm,1620593233,16:47:13,20210509
15,2017-06-30,HRTG,USD,2017-08-09 00:00:00,2017-08-09 06:05:12,Q2,6642000.0,957000.0,-716000.0,1204000.0,-158531000.0,-4380000.0,0.0,183883000.0,32088000.0,0.0,29048000.0,-2000.0,0.0,-46153000.0,52433000.0,0.0,6278000.0,0.0,0.0,-4101000.0,-1784000.0,0.0,-5885000.0,0.0,29441000.0,134176000,104735000,29048000.0,-2000.0,29046000.0,https://www.sec.gov/Archives/edgar/data/1598665/000156459017016717/0001564590-17-016717-index.html,https://www.sec.gov/Archives/edgar/data/1598665/000156459017016717/hrtg-10q_20170630.htm,1620593233,16:47:13,20210509
16,2017-03-31,HRTG,USD,2017-05-09 00:00:00,2017-05-09 16:11:45,Q1,5983000.0,2841000.0,-421000.0,1204000.0,73471000.0,8140000.0,0.0,-55743000.0,190619000.0,0.0,6456000.0,-148000.0,0.0,-47709000.0,46608000.0,0.0,-1249000.0,0.0,0.0,-4506000.0,-1783000.0,0.0,-6289000.0,0.0,-1082000.0,104735000,105817000,6456000.0,-148000.0,6308000.0,https://www.sec.gov/Archives/edgar/data/1598665/000156459017009851/0001564590-17-009851-index.html,https://www.sec.gov/Archives/edgar/data/1598665/000156459017009851/hrtg-10q_20170331.htm,1620593233,16:47:13,20210509
17,2016-12-31,HRTG,USD,2017-03-15 00:00:00,2017-03-15 17:11:38,Q4,-2855000.0,2901000.0,-7966000.0,1203000.0,-566421000.0,-7560000.0,0.0,-81200000.0,117148000.0,0.0,-24465000.0,18000.0,0.0,-114575000.0,44388000.0,0.0,-70169000.0,0.0,0.0,-5977000.0,-1578000.0,0.0,69616000.0,0.0,-25018000.0,105817000,130835000,-24465000.0,0.0,-24447000.0,https://www.sec.gov/Archives/edgar/data/1598665/000156459017004457/0001564590-17-004457-index.html,https://www.sec.gov/Archives/edgar/data/1598665/000156459017004457/hrtg-10k_20161231.htm,1620593233,16:47:13,20210509
18,2016-09-30,HRTG,USD,2016-11-08 00:00:00,2016-11-08 16:08:23,Q3,10929000.0,2464000.0,259000.0,1204000.0,-12450000.0,-583000.0,0.0,-59153000.0,683569000.0,0.0,-4678000.0,-126000.0,0.0,-48573000.0,45481000.0,0.0,-1630000.0,0.0,0.0,-4000000.0,-1809000.0,0.0,-5809000.0,0.0,-12117000.0,130835000,142952000,-4678000.0,-126000.0,-4804000.0,https://www.sec.gov/Archives/edgar/data/1598665/000156459016028325/0001564590-16-028325-index.html,https://www.sec.gov/Archives/edgar/data/1598665/000156459016028325/hrtg-10q_20160930.htm,1620593233,16:47:13,20210509
19,2016-06-30,HRTG,USD,2016-08-08,2016-08-08 16:12:00,Q2,18368000.0,3213000.0,1576000.0,1204000.0,42481000.0,-3214000.0,0.0,209394000.0,696019000.0,0.0,47263000.0,-760000.0,0.0,-92097000.0,30042000.0,0.0,-64403000.0,0.0,0.0,-6927000.0,-1840000.0,0.0,-8767000.0,0.0,-25907000.0,142952000,168859000,47263000.0,-760000.0,46503000.0,https://www.sec.gov/Archives/edgar/data/1598665/000156459016023281/hrtg-10q_20160630.htm,https://www.sec.gov/Archives/edgar/data/1598665/000156459016023281/hrtg-10q_20160630.htm,1620593233,16:47:13,20210509
20,2016-03-31,HRTG,USD,2016-05-10 00:00:00,2016-05-10 16:23:21,Q1,7423000.0,398000.0,9234000.0,1204000.0,14913000.0,603000.0,0.0,-32584000.0,653538000.0,0.0,57010000.0,-753000.0,0.0,-62421000.0,60279000.0,0.0,-113214000.0,0.0,0.0,-9635000.0,-1579000.0,0.0,-11214000.0,0.0,-67418000.0,168859000,236277000,57010000.0,-753000.0,56257000.0,https://www.sec.gov/Archives/edgar/data/1598665/000156459016018962/0001564590-16-018962-index.html,https://www.sec.gov/Archives/edgar/data/1598665/000156459016018962/hrtg-10q_20160331.htm,1620593233,16:47:13,20210509
21,2015-12-31,HRTG,USD,2016-03-08 00:00:00,2016-03-08 17:24:33,Q4,20243000.0,424000.0,-2429000.0,774000.0,30456000.0,-3726000.0,0.0,-75379000.0,638625000.0,0.0,36322000.0,89000.0,0.0,-36061000.0,32126000.0,0.0,-3846000.0,0.0,0.0,0.0,0.0,0.0,2531000.0,0.0,35007000.0,236277000,201270000,36322000.0,0.0,36411000.0,https://www.sec.gov/Archives/edgar/data/1598665/000156459016014232/0001564590-16-014232-index.html,https://www.sec.gov/Archives/edgar/data/1598665/000156459016014232/hrtg-10k_20151231.htm,1620593233,16:47:13,20210509
22,2015-09-30,HRTG,USD,2015-11-06 00:00:00,2015-11-06 16:17:59,Q3,16813000.0,324000.0,1662000.0,25000.0,48588000.0,-263000.0,0.0,-42264000.0,608169000.0,0.0,32439000.0,-394000.0,0.0,-57284000.0,91308000.0,0.0,33730000.0,0.0,0.0,0.0,0.0,0.0,3375000.0,0.0,69544000.0,201270000,131726000,32439000.0,-394000.0,32045000.0,https://www.sec.gov/Archives/edgar/data/1598665/000119312515370194/0001193125-15-370194-index.html,https://www.sec.gov/Archives/edgar/data/1598665/000119312515370194/d72046d10q.htm,1620593233,16:47:13,20210509
23,2015-06-30,HRTG,USD,2015-08-07 00:00:00,2015-08-07 16:07:16,Q2,25400000.0,308000.0,1123000.0,398000.0,11087000.0,-3541000.0,0.0,161530000.0,559581000.0,0.0,12736000.0,72000.0,0.0,-59103000.0,14376000.0,0.0,-44605000.0,0.0,0.0,0.0,0.0,0.0,2782000.0,0.0,-29087000.0,131726000,160813000,12736000.0,0.0,12808000.0,https://www.sec.gov/Archives/edgar/data/1598665/000119312515283066/0001193125-15-283066-index.html,https://www.sec.gov/Archives/edgar/data/1598665/000119312515283066/d937049d10q.htm,1620593233,16:47:13,20210509
24,2015-03-31,HRTG,USD,2015-05-08 00:00:00,2015-05-08 16:19:31,Q1,30056000.0,294000.0,660000.0,1450000.0,434800000.0,-2757000.0,0.0,-790000.0,548494000.0,0.0,72363000.0,-941000.0,0.0,-85498000.0,13497000.0,0.0,-72243000.0,0.0,0.0,0.0,0.0,212000.0,212000.0,0.0,332000.0,160813000,160481000,72363000.0,-941000.0,71422000.0,https://www.sec.gov/Archives/edgar/data/1598665/000119312515179618/0001193125-15-179618-index.html,https://www.sec.gov/Archives/edgar/data/1598665/000119312515179618/d895745d10q.htm,1620593233,16:47:13,20210509
25,2014-12-31,HRTG,USD,2015-03-18,2015-03-18 17:15:16,Q4,19677000.0,265000.0,-7668000.0,3261000.0,4238000.0,27946000.0,0.0,-37217000.0,113694000.0,62000.0,140885000.0,-678000.0,0.0,-89894000.0,9312000.0,0.0,-82046000.0,0.0,0.0,0.0,0.0,0.0,0.0,0.0,58839000.0,160481000,101642000,140885000.0,-678000.0,140207000.0,https://www.sec.gov/Archives/edgar/data/1598665/000119312515097128/d859722d10k.htm,https://www.sec.gov/Archives/edgar/data/1598665/000119312515097128/d859722d10k.htm,1620593233,16:47:13,20210509
26,2014-09-30,HRTG,USD,2014-11-06 00:00:00,2014-11-06 16:32:46,Q3,9966000.0,240000.0,-1954000.0,40000.0,109456000.0,-4792000.0,0.0,-27043000.0,109456000.0,0.0,17617000.0,-3146000.0,0.0,-99624000.0,4679000.0,0.0,-98091000.0,0.0,0.0,0.0,0.0,0.0,0.0,0.0,-80474000.0,101642000,182116000,17617000.0,-3146000.0,14471000.0,https://www.sec.gov/Archives/edgar/data/1598665/000119312514401113/0001193125-14-401113-index.html,https://www.sec.gov/Archives/edgar/data/1598665/000119312514401113/d772507d10q.htm,1620593233,16:47:13,20210509
27,2014-06-30,HRTG,USD,2014-06-30,2014-06-30,Q2,9566000.0,168000.0,7266000.0,0.0,0.0,-31076000.0,0.0,77873000.0,0.0,0.0,11683000.0,-1940000.0,0.0,-11501000.0,7997000.0,0.0,-5444000.0,0.0,78670000.0,0.0,0.0,0.0,101185000.0,0.0,107424000.0,182116000,74692000,11683000.0,-1940000.0,9743000.0,,,1620593233,16:47:13,20210509
28,2014-03-31,HRTG,USD,2014-03-31,2014-03-31,Q1,7888000.0,104000.0,-1408000.0,0.0,0.0,-2009000.0,0.0,-26091000.0,0.0,0.0,24011000.0,-1165000.0,0.0,-30051000.0,16750000.0,0.0,-14466000.0,0.0,88000.0,0.0,0.0,0.0,88000.0,0.0,9633000.0,74692000,65059000,24011000.0,-1165000.0,22846000.0,,,1620593233,16:47:13,20210509
29,2013-12-31,HRTG,USD,2013-12-31,2013-12-31,Q4,814000.0,28000.0,1446000.0,5158000.0,-46355000.0,-1815000.0,0.0,-24079000.0,0.0,5490000.0,22256000.0,-649000.0,0.0,-58951000.0,2301000.0,-6063000.0,-63362000.0,0.0,33630000.0,0.0,0.0,-33300000.0,330000.0,0.0,-40776000.0,65059000,105835000,22256000.0,-649000.0,21607000.0,,,1620593233,16:47:13,20210509
30,2013-09-30,HRTG,USD,2013-09-30,2013-09-30,Q3,5326000.0,95000.0,-1551000.0,0.0,92710000.0,-3251000.0,0.0,-7759000.0,46355000.0,0.0,76281000.0,-404000.0,0.0,-11248000.0,2508000.0,0.0,-9144000.0,0.0,-33300000.0,0.0,0.0,0.0,-1000000.0,0.0,66137000.0,105835000,39698000,76281000.0,-404000.0,75877000.0,,,1620593233,16:47:13,20210509
31,2013-06-30,HRTG,USD,2013-06-30,2013-06-30,Q2,21019000.0,15000.0,-1480000.0,0.0,-46355000.0,-3559000.0,0.0,53926000.0,-46355000.0,0.0,1317000.0,-9751000.0,0.0,-4249000.0,2344000.0,0.0,-11656000.0,0.0,1987000.0,0.0,0.0,0.0,1987000.0,0.0,-8352000.0,39698000,48050000,1317000.0,-9751000.0,-8434000.0,,,1620593233,16:47:13,20210509
32,2013-03-31,HRTG,USD,2013-03-31,2013-03-31,Q1,7054000.0,12000.0,692000.0,575000.0,-3250000.0,-1602000.0,0.0,-1484000.0,0.0,0.0,5197000.0,-80000.0,0.0,-52523000.0,271000.0,0.0,-52332000.0,0.0,31313000.0,0.0,0.0,0.0,31313000.0,0.0,-15822000.0,48050000,63872000,5197000.0,-80000.0,5117000.0,,,1620593233,16:47:13,20210509
