,date,symbol,reportedCurrency,fillingDate,acceptedDate,period,netIncome,depreciationAndAmortization,deferredIncomeTax,stockBasedCompensation,changeInWorkingCapital,accountsReceivables,inventory,accountsPayables,otherWorkingCapital,otherNonCashItems,netCashProvidedByOperatingActivities,investmentsInPropertyPlantAndEquipment,acquisitionsNet,purchasesOfInvestments,salesMaturitiesOfInvestments,otherInvestingActivites,netCashUsedForInvestingActivites,debtRepayment,commonStockIssued,commonStockRepurchased,dividendsPaid,otherFinancingActivites,netCashUsedProvidedByFinancingActivities,effectOfForexChangesOnCash,netChangeInCash,cashAtEndOfPeriod,cashAtBeginningOfPeriod,operatingCashFlow,capitalExpenditure,freeCashFlow,link,finalLink,timestamp,est_time,est_date
0,2021-01-01,TRMB,USD,2021-02-26,2021-02-26 16:47:39,FY,390000000.0,39000000.0,-52000000.0,83000000.0,-51500000.0,-14000000.0,16000000.0,-15000000.0,-30000000,0.0,672000000.0,-56000000.0,-201000000.0,0.0,0.0,0.0,-231000000.0,-1486000000.0,10000000.0,-81000000.0,-21000000.0,0.0,-400000000.0,0.0,48000000.0,237000000.0,189000000,672000000.0,-56000000.0,616000000.0,https://www.sec.gov/Archives/edgar/data/864749/000086474921000029/0000864749-21-000029-index.htm,https://www.sec.gov/Archives/edgar/data/864749/000086474921000029/trmb-20210101.htm,1620599024,18:23:44,20210509
1,2020-01-03,TRMB,USD,2020-02-28,2020-02-28 15:46:26,FY,514300000.0,207200000.00000003,-220200000.0,75000000.0,-12400000.0,-96000000.0,-21300000.0,14500000.0,21500000,72700000.0,585000000.0,-69000000.0,-220800000.0,-179800000.0,0.0,194300000.0,-275300000.0,-1322900000.0,29100000.0,-150700000.0,-7000000.0,1181000000.0,-292600000.0,-400000.0,16700000.0,189200000.0,172500000,585000000.0,-69000000.0,516000000.0,https://www.sec.gov/Archives/edgar/data/864749/000086474920000029/0000864749-20-000029-index.htm,https://www.sec.gov/Archives/edgar/data/864749/000086474920000029/trmb201910k.htm,1620599024,18:23:44,20210509
2,2018-12-28,TRMB,USD,2019-02-22,2019-02-21 20:05:10,FY,282800000.0,215200000.0,0.0,76900000.0,-504400000.0,-51000000.0,-45000000.0,-2000000.0,33900000,93500000.0,486700000.0,-67600000.0,-1763500000.0,-117000000.0,203000000.0,95500000.0,-1649600000.0,-1925100000.0,40200000.0,-52800000.0,0.0,2967300000.0,989400000.0,-12500000.0,-186000000.0,172500000.0,358500000,486700000.0,-67600000.0,419100000.0,https://www.sec.gov/Archives/edgar/data/864749/000086474919000006/0000864749-19-000006-index.htm,https://www.sec.gov/Archives/edgar/data/864749/000086474919000006/trmb201810k.htm,1620599024,18:23:44,20210509
3,2017-12-29,TRMB,USD,2018-02-27,2018-02-26 18:52:15,FY,118400000.0,183400000.0,1000000.0,64800000.0,247800000.0,-41600000.0,-38700000.0,25900000.0,538300000,52100000.0,429700000.0,-43700000.0,-293100000.0,-573300000.0,219800000.0,324300000.0,-371200000.0,-495400000.0,73800000.0,-211500000.0,-18000000.0,786000000.0,66500000.0,17400000.0,142400000.0,358500000.0,216100000,429700000.0,-43700000.0,386000000.0,https://www.sec.gov/Archives/edgar/data/864749/000086474918000010/0000864749-18-000010-index.htm,https://www.sec.gov/Archives/edgar/data/864749/000086474918000010/trmb201710k.htm,1620599024,18:23:44,20210509
4,2016-12-30,TRMB,USD,2017-02-24,2017-02-24 17:27:06,FY,132400000.0,187800000.0,0.0,52600000.0,153000000.0,1200000.0,24000000.0,10900000.0,290500000,71000000.0,431100000.0,-26000000.0,-38800000.0,-232800000.0,2400000.0,150800000.0,-146900000.0,-465300000.0,67500000.0,-52000000.0,-17000000.0,361500000.0,-177300000.0,-6800000.0,100100000.0,216100000.0,116000000,431100000.0,-26000000.0,405100000.0,https://www.sec.gov/Archives/edgar/data/864749/000086474917000007/0000864749-17-000007-index.htm,https://www.sec.gov/Archives/edgar/data/864749/000086474917000007/trmb201610k.htm,1620599024,18:23:44,20210509
5,2016-01-01,TRMB,USD,2016-02-24,2016-02-24 16:56:02,FY,121100000.0,199100000.00000003,900000.0,50100000.0,-176500000.0,300000.0,-2900000.0,-6400000.0,137500000,50400000.0,354900000.0,-43900000.0,-156300000.0,-234400000.0,0.0,262200000.0,-172400000.0,-555200000.0,29700000.0,-204700000.0,-20000000.0,557100000.0,-202800000.0,-11700000.0,-32000000.0,116000000.0,148000000,354900000.0,-43900000.0,310900000.0,https://www.sec.gov/Archives/edgar/data/864749/000086474916000092/0000864749-16-000092-index.htm,https://www.sec.gov/Archives/edgar/data/864749/000086474916000092/trmb201510k.htm,1620599024,18:23:44,20210509
6,2015-01-02,TRMB,USD,2015-02-25,2015-02-24 20:09:12,FY,214100000.0,191600000.0,-1700000.0,43398000.0,54000000.0,-10882000.0,-31778000.0,-7185000.0,314000000,18000000.0,407100000.0,-47312000.0,-307945000.0,-97757000.0,0.0,108968000.0,-344000000.0,-900126000.0,56094000.0,-41700000.0,-32231000.0,890265000.0,-51500000.0,-10700000.0,800000.0,148000000.0,147200000,407100000.0,-47312000.0,352200000.0,https://www.sec.gov/Archives/edgar/data/864749/000086474915000002/0000864749-15-000002-index.htm,https://www.sec.gov/Archives/edgar/data/864749/000086474915000002/trmb201410k.htm,1620599024,18:23:44,20210509
7,2014-01-03,TRMB,USD,2014-02-25,2014-02-25 14:06:18,FY,218900000.0,189500000.0,-15000000.0,36442000.0,-87300000.0,-4070000.0,-11351000.0,-15834000.0,260000000,8100000.0,414600000.0,-70877000.0,-258797000.0,0.0,0.0,4910000.0,-324800000.0,-567344000.0,47707000.0,47700000.0,-7672000.0,568445000.0,-98400000.0,-2000000.0,-10500000.0,147300000.0,157800000,414600000.0,-70877000.0,343700000.0,https://www.sec.gov/Archives/edgar/data/864749/000086474914000021/0000864749-14-000021-index.htm,https://www.sec.gov/Archives/edgar/data/864749/000086474914000021/trmb201310k.htm,1620599024,18:23:44,20210509
8,2012-12-28,TRMB,USD,2013-02-25,2013-02-25 17:07:39,FY,191100000.0,149400000.0,-1400000.0,32660000.0,25500000.0,-24388000.0,-8402000.0,25985000.0,347300000,-20600000.0,340700000.0,-54071000.0,-728114000.0,4913000.0,0.0,17899000.0,-764300000.0,-857477000.0,59187000.0,59200000.0,-13178000.0,1224697000.0,426400000.0,300000.0,3200000.0,157800000.0,154600000,340700000.0,-54071000.0,285500000.0,https://www.sec.gov/Archives/edgar/data/864749/000086474913000005/0000864749-13-000005-index.htm,https://www.sec.gov/Archives/edgar/data/864749/000086474913000005/trmb201210k.htm,1620599024,18:23:44,20210509
9,2011-12-30,TRMB,USD,2012-02-28,2012-02-27 21:55:03,FY,150800000.0,106400000.0,-26300000.0,28451000.0,-140755000.0,-31874000.0,-30139000.0,-4310000.0,321800000,10800000.0,241600000.0,-23278000.0,-759737000.0,-3267000.0,0.0,9450000.0,-773600000.0,330689000.0,45869000.0,45900000.0,-12398000.0,242230000.0,464200000.0,1600000.0,-66200000.0,154600000.0,220800000,241600000.0,-23278000.0,216700000.0,https://www.sec.gov/Archives/edgar/data/864749/000119312512082672/0001193125-12-082672-index.htm,https://www.sec.gov/Archives/edgar/data/864749/000119312512082672/d265370d10k.htm,1620599024,18:23:44,20210509
10,2010-12-31,TRMB,USD,2011-03-01,2011-02-28 19:01:18,FY,103660000.0,75837000.0,-14918000.0,23125000.0,-4345000.0,-7376000.0,-45549000.0,13577000.0,462555000,106075000.0,124030000.0,-25196000.0,0.0,-8192000.0,0.0,13433000.0,-156374000.0,-499000.0,44549000.0,-73853000.0,0.0,9639000.0,-20164000.0,-552000.0,-53060000.0,220788000.0,273848000,124030000.0,-25196000.0,98834000.0,https://www.sec.gov/Archives/edgar/data/864749/000119312511050403/0001193125-11-050403-index.htm,https://www.sec.gov/Archives/edgar/data/864749/000119312511050403/d10k.htm,1620599024,18:23:44,20210509
11,2010-01-01,TRMB,USD,2010-02-26,2010-02-26 17:24:06,FY,63400000.0,71500000.0,-7500000.0,18659000.0,101800000.0,-3935000.0,3530000.0,2631000.0,466900000,21600000.0,194600000.0,-12706000.0,-52018000.0,5000000.0,0.0,0.0,-83900000.0,-183000.0,0.0,14900000.0,-2896000.0,0.0,16100000.0,4500000.0,131300000.0,273800000.0,142500000,194600000.0,-12706000.0,155100000.0,https://www.sec.gov/Archives/edgar/data/864749/000114036110008828/0001140361-10-008828-index.htm,https://www.sec.gov/Archives/edgar/data/864749/000114036110008828/form10-k.htm,1620599024,18:23:44,20210509
12,2009-01-02,TRMB,USD,2009-03-03,2009-03-02 20:36:00,FY,141500000.0,64100000.0,-17400000.0,16166000.0,58700000.0,33414000.0,4426000.0,-20898000.0,365100000,9700000.0,176100000.0,-16196000.0,-115137000.0,0.0,0.0,0.0,-126700000.0,-60314000.0,0.0,-103100000.0,-10648000.0,0.0,-6400000.0,-3600000.0,39300000.0,142500000.0,103200000,176100000.0,-16196000.0,159900000.0,https://www.sec.gov/Archives/edgar/data/864749/000114036109005551/0001140361-09-005551-index.htm,https://www.sec.gov/Archives/edgar/data/864749/000114036109005551/form10k.htm,1620599024,18:23:44,20210509
13,2007-12-28,TRMB,USD,2008-02-26,2008-02-26 14:33:13,FY,117400000.0,55900000.00000001,6400000.0,15016000.0,28400000.0,-35696000.0,4352000.0,-3521000.0,306400000,4700000.0,187000000.0,-13187000.0,-295848000.0,-5576000.0,0.0,0.0,-311400000.0,-190457000.0,0.0,31900000.0,-2888000.0,0.0,103800000.0,-5800000.0,-26400000.0,103200000.0,129600000,187000000.0,-13187000.0,173800000.0,https://www.sec.gov/Archives/edgar/data/864749/000114036108005047/0001140361-08-005047-index.htm,https://www.sec.gov/Archives/edgar/data/864749/000114036108005047/form10k.htm,1620599024,18:23:44,20210509
14,2006-12-29,TRMB,USD,2007-02-23,2007-02-23 16:19:45,FY,103700000.0,26800000.0,10400000.0,12571000.0,64380000.0,-12185000.0,-374000.0,-4487000.0,278000000,7200000.0,135800000.0,-16529000.0,-99887000.0,0.0,0.0,0.0,-114200000.0,0.0,0.0,26600000.0,0.0,0.0,34200000.0,0.0,55800000.0,129700000.0,73900000,135800000.0,-16529000.0,119300000.0,https://www.sec.gov/Archives/edgar/data/864749/000114036107004196/0001140361-07-004196-index.htm,https://www.sec.gov/Archives/edgar/data/864749/000114036107004196/form10-k.htm,1620599024,18:23:44,20210509
15,2006-03-10,TRMB,USD,2006-03-10,2006-03-10 14:47:18,FY,84855000.0,10671000.0,14242000.0,3408000.0,20000.0,-19017000.0,-17888000.0,1078000.0,213620000,0.0,92880000.0,-23436000.0,-51379000.0,0.0,0.0,0.0,-74918000.0,-44250000.0,0.0,0.0,0.0,0.0,-13402000.0,0.0,1981000.0,73853000.0,71872000,92880000.0,-23436000.0,69444000.0,https://www.sec.gov/Archives/edgar/data/864749/000086474906000016/0000864749-06-000016-index.htm,https://www.sec.gov/Archives/edgar/data/864749/000086474906000016/form10k-fy2005.htm,1620599024,18:23:44,20210509
16,2005-12-30,TRMB,USD,2005-12-30,2005-12-30,FY,84900000.0,17700000.0,14200000.0,0.0,25110000.0,-21200000.0,-20200000.0,-1600000.0,213600000,6300000.0,92400000.0,-23400000.0,-51000000.0,0.0,0.0,0.0,-74400000.0,0.0,0.0,24500000.0,0.0,0.0,-13400000.0,-2600000.0,2000000.0,73900000.0,71900000,92400000.0,-23400000.0,69000000.0,,,1620599024,18:23:44,20210509
17,2004-12-31,TRMB,USD,2004-12-31,2004-12-31,FY,67680000.0,17871000.0,-1482000.0,0.0,52390000.0,0.0,-15529000.0,0.0,188490000,0.0,73115000.0,-12750000.0,0.0,0.0,0.0,-1541000.0,-25133000.0,0.0,26805000.0,0.0,0.0,0.0,-24159000.0,2633000.0,26456000.0,71872000.0,45416000,73115000.0,-12750000.0,60365000.0,,,1620599024,18:23:44,20210509
18,2004-01-02,TRMB,USD,2004-01-02,2004-01-02,FY,38500000.0,16800000.0,-6500000.0,0.0,71100000.0,-25000000.0,-9700000.0,4700000.0,136100000,6000000.0,29600000.0,-11600000.0,0.0,0.0,0.0,0.0,-22700000.0,0.0,0.0,50500000.0,0.0,0.0,100000.0,9800000.0,16700000.0,45400000.0,28700000,29600000.0,-11600000.0,18000000.0,,,1620599024,18:23:44,20210509
19,2003-01-03,TRMB,USD,2003-01-03,2003-01-03,FY,10300000.0,19100000.0,1500000.0,0.0,45700000.0,-7900000.0,-9300000.0,-9200000.0,65000000,6200000.0,32300000.0,-8900000.0,0.0,0.0,0.0,0.0,-5800000.0,0.0,0.0,21400000.0,0.0,0.0,-31700000.0,2800000.0,-2400000.0,28700000.0,31100000,32300000.0,-8900000.0,23400000.0,,,1620599024,18:23:44,20210509
20,2001-12-28,TRMB,USD,2001-12-28,2001-12-28,FY,-22900000.0,41500000.0,-900000.0,0.0,29700000.0,11900000.0,7200000.0,4900000.0,19300000,3800000.0,25100000.0,-8200000.0,0.0,0.0,0.0,0.0,-11400000.0,0.0,0.0,36400000.0,0.0,0.0,-23500000.0,0.0,-9800000.0,31100000.0,40900000,25100000.0,-8200000.0,16900000.0,,,1620599024,18:23:44,20210509
21,2000-12-29,TRMB,USD,2000-12-29,2000-12-29,FY,14200000.0,23400000.0,-900000.0,0.0,-122200000.0,-47600000.0,-42600000.0,-14700000.0,-10400000,-3400000.0,19800000.0,-8500000.0,0.0,0.0,0.0,0.0,-167200000.0,0.0,0.0,12000000.0,0.0,0.0,139000000.0,0.0,-8400000.0,40900000.0,49300000,19800000.0,-8500000.0,11300000.0,,,1620599024,18:23:44,20210509
22,1999-12-31,TRMB,USD,1999-12-31,1999-12-31,FY,21600000.0,9100000.0,0.0,0.0,29800000.0,0.0,6700000.0,0.0,111800000,0.0,23600000.0,-6400000.0,0.0,-54800000.0,18400000.0,-2000000.0,-17900000.0,0.0,4500000.0,0.0,0.0,0.0,2700000.0,0.0,8400000.0,49300000.0,40900000,23600000.0,-6400000.0,17200000.0,,,1620599024,18:23:44,20210509
23,1999-01-01,TRMB,USD,1999-01-01,1999-01-01,FY,-53400000.0,12500000.0,0.0,0.0,-49300000.0,15700000.0,5200000.0,5700000.0,82000000,-3600000.0,7000000.0,-12500000.0,0.0,0.0,0.0,0.0,22500000.0,0.0,0.0,-11200000.0,0.0,0.0,-8500000.0,0.0,20900000.0,40900000.0,20000000,7000000.0,-12500000.0,-5500000.0,,,1620599024,18:23:44,20210509
24,1998-01-02,TRMB,USD,1998-01-02,1998-01-02,FY,9300000.0,12200000.0,0.0,0.0,6800000.0,-14700000.0,-3500000.0,-4900000.0,131300000,-10200000.0,-2100000.0,-11300000.0,0.0,0.0,0.0,0.0,-7100000.0,0.0,0.0,7100000.0,0.0,0.0,6400000.0,0.0,-2700000.0,20000000.0,22700000,-2100000.0,-11300000.0,-13400000.0,,,1620599024,18:23:44,20210509
25,1996-12-31,TRMB,USD,1996-12-31,1996-12-31,FY,-11300000.0,10100000.0,1200000.0,0.0,-4100000.0,0.0,-7100000.0,0.0,124500000,200000.0,-3900000.0,-10400000.0,0.0,-75700000.0,83200000.0,-600000.0,-3500000.0,0.0,5800000.0,-3500000.0,0.0,0.0,400000.0,0.0,0.0,0.0,29700000,-3900000.0,-10400000.0,-14300000.0,,,1620599024,18:23:44,20210509
