,date,symbol,reportedCurrency,fillingDate,acceptedDate,period,netIncome,depreciationAndAmortization,deferredIncomeTax,stockBasedCompensation,changeInWorkingCapital,accountsReceivables,inventory,accountsPayables,otherWorkingCapital,otherNonCashItems,netCashProvidedByOperatingActivities,investmentsInPropertyPlantAndEquipment,acquisitionsNet,purchasesOfInvestments,salesMaturitiesOfInvestments,otherInvestingActivites,netCashUsedForInvestingActivites,debtRepayment,commonStockIssued,commonStockRepurchased,dividendsPaid,otherFinancingActivites,netCashUsedProvidedByFinancingActivities,effectOfForexChangesOnCash,netChangeInCash,cashAtEndOfPeriod,cashAtBeginningOfPeriod,operatingCashFlow,capitalExpenditure,freeCashFlow,link,finalLink,timestamp,est_time,est_date
0,2020-12-31,IOVA,USD,2021-02-25,2021-02-25 17:15:37,FY,-259581000.0,1140000.0,0.0,40887000.0,303820000.0,0.0,0.0,-2964000.0,581229000.0,7572000.0,-205134000.0,-46791000.0,0.0,-947663000.0,676601000.0,0.0,-317853000.0,0.0,567043000.0,0.0,0.0,-284000.0,576422000.0,0.0,53435000.0,72854000.0,19419000.0,-205134000.0,-46791000.0,-251925000.0,https://www.sec.gov/Archives/edgar/data/1425205/000155837021001858/0001558370-21-001858-index.htm,https://www.sec.gov/Archives/edgar/data/1425205/000155837021001858/iova-20201231x10k.htm,1620593697,16:54:57,20210509
1,2019-12-31,IOVA,USD,2020-02-25 00:00:00,2020-02-25 17:11:58,FY,-197556000.0,1169000.0,0.0,24277000.0,-183567000.0,0.0,0.0,12706000.0,277409000.0,6618000.0,-158889000.0,-6917000.0,0.0,-417659000.0,514601000.0,0.0,90025000.0,0.0,0.0,0.0,0.0,-312000.0,6131000.0,0.0,-62733000.0,19419000.0,82152000.0,-158889000.0,-6917000.0,-165806000.0,https://www.sec.gov/Archives/edgar/data/1425205/000110465920024830/0001104659-20-024830-index.html,https://www.sec.gov/Archives/edgar/data/1425205/000110465920024830/iova-20191231x10kab9a30.htm,1620593697,16:54:57,20210509
2,2018-12-31,IOVA,USD,2019-02-28 00:00:00,2019-02-27 20:30:42,FY,-123580000.0,956000.0,0.0,20027000.0,321578000.0,0.0,0.0,1507000.0,460976000.0,0.0,-101249000.0,-1198000.0,0.0,-426081000.0,41000000.0,0.0,-386279000.0,0.0,0.0,0.0,0.0,-223000.0,424307000.0,0.0,-63221000.0,82152000.0,145373000.0,-101249000.0,-1198000.0,-102447000.0,https://www.sec.gov/Archives/edgar/data/1425205/000114420419010702/0001144204-19-010702-index.html,https://www.sec.gov/Archives/edgar/data/1425205/000114420419010702/tv513795_10k.htm,1620593697,16:54:57,20210509
3,2017-12-31,IOVA,USD,2018-03-12 00:00:00,2018-03-12 17:16:24,FY,-92064000.0,952000.0,0.0,11968000.0,-25146000.0,0.0,0.0,369000.0,139398000.0,0.0,-78709000.0,-1028000.0,0.0,0.0,59705000.0,0.0,58677000.0,0.0,0.0,0.0,0.0,-1252000.0,58688000.0,0.0,38656000.0,145373000.0,106717000.0,-78709000.0,-1028000.0,-79737000.0,https://www.sec.gov/Archives/edgar/data/1425205/000114420418014151/0001144204-18-014151-index.html,https://www.sec.gov/Archives/edgar/data/1425205/000114420418014151/tv485173_10k.htm,1620593697,16:54:57,20210509
4,2016-12-31,IOVA,USD,2017-03-09 00:00:00,2017-03-08 19:10:53,FY,-52894000.0,978000.0,0.0,18904000.0,62197000.0,0.0,0.0,-250000.0,164544000.0,0.0,-32668000.0,-1521000.0,0.0,-110249000.0,120664000.0,0.0,8894000.0,0.0,0.0,0.0,0.0,-642000.0,96904000.0,0.0,73130000.0,106717000.0,33587000.0,-32668000.0,-1521000.0,-34189000.0,https://www.sec.gov/Archives/edgar/data/1425205/000114420417013535/0001144204-17-013535-index.html,https://www.sec.gov/Archives/edgar/data/1425205/000114420417013535/v460270_10k.htm,1620593697,16:54:57,20210509
5,2015-12-31,IOVA,USD,2016-03-11 00:00:00,2016-03-11 15:32:58,FY,-27660000.0,999000.0,0.0,0.0,59033479.0,0.0,0.0,-32000.0,102347000.0,1771000.0,-18381000.0,-1143000.0,0.0,-160610000.0,70600000.0,0.0,-91153000.0,0.0,68307000.0,0.0,0.0,0.0,78267000.0,0.0,-31267000.0,13642000.0,44909000.0,-18381000.0,-1143000.0,-19524000.0,https://www.sec.gov/Archives/edgar/data/1425205/000114420416087506/0001144204-16-087506-index.html,https://www.sec.gov/Archives/edgar/data/1425205/000114420416087506/v432870_10k.htm,1620593697,16:54:57,20210509
6,2014-12-31,IOVA,USD,2015-03-16,2015-03-16 16:01:57,FY,-12034709.0,88221.0,0.0,0.0,25737560.0,0.0,0.0,-354941.0,43313521.0,1255319.0,-8633247.0,-1592030.0,0.0,0.0,0.0,0.0,-1592030.0,0.0,32240422.0,0.0,0.0,0.0,35462247.0,0.0,25236970.0,44909147.0,19672177.0,-8633247.0,-1592030.0,-10225277.0,https://www.sec.gov/Archives/edgar/data/1425205/000114420415016315/v403564_10k.htm,https://www.sec.gov/Archives/edgar/data/1425205/000114420415016315/v403564_10k.htm,1620593697,16:54:57,20210509
7,2013-12-31,IOVA,USD,2014-03-28,2014-03-27 17:55:52,FY,-25381363.0,7087.0,0.0,0.0,28917575.0,0.0,0.0,-543560.0,17575961.0,21229101.0,-3662192.0,-12705.0,0.0,0.0,0.0,0.0,-12705.0,0.0,7126813.0,0.0,0.0,0.0,23347073.0,0.0,0.0,19672177.0,0.0,-3662192.0,-12705.0,-3674897.0,https://www.sec.gov/Archives/edgar/data/1425205/000151316014000023/lion10k2013.htm,https://www.sec.gov/Archives/edgar/data/1425205/000151316014000023/lion10k2013.htm,1620593697,16:54:57,20210509
8,2012-12-31,IOVA,USD,2013-09-23,2013-09-23 17:10:55,FY,-3307619.0,6211.0,0.0,0.0,1483653.0,0.0,0.0,908223.0,-11341614.0,2688161.0,-2241467.0,0.0,0.0,0.0,0.0,0.0,0.0,0.0,250000.0,0.0,0.0,0.0,1731250.0,0.0,0.0,0.0,510217.0,-2241467.0,0.0,-2241467.0,https://www.sec.gov/Archives/edgar/data/1425205/000151316013000055/gnbp10k2012.htm,https://www.sec.gov/Archives/edgar/data/1425205/000151316013000055/gnbp10k2012.htm,1620593697,16:54:57,20210509
9,2011-12-31,IOVA,USD,2012-03-30 00:00:00,2012-03-30 14:16:55,FY,-25694100.0,2704.0,0.0,0.0,-13303316.0,0.0,0.0,0.0,-12825267.0,-11711785.0,-6189199.0,-31053.0,0.0,0.0,0.0,-50000.0,-81053.0,0.0,873000.0,0.0,0.0,0.0,5488000.0,0.0,-782252.0,510217.0,1292469.0,-6189199.0,-31053.0,-6220252.0,https://www.sec.gov/Archives/edgar/data/1425205/000114420412018611/0001144204-12-018611-index.html,https://www.sec.gov/Archives/edgar/data/1425205/000114420412018611/v307730_10k.htm,1620593697,16:54:57,20210509
10,2010-12-31,IOVA,USD,2011-04-14,2011-04-14 15:38:48,FY,-1607988.0,58597.0,0.0,0.0,492762.0,0.0,0.0,0.0,478049.0,677364.0,-620805.0,0.0,0.0,0.0,0.0,0.0,0.0,0.0,1910000.0,0.0,0.0,-4983.0,1905017.0,0.0,1284212.0,1292469.0,8257.0,-620805.0,0.0,-620805.0,https://www.sec.gov/Archives/edgar/data/1425205/000114420411021982/v218522_10k.htm,https://www.sec.gov/Archives/edgar/data/1425205/000114420411021982/v218522_10k.htm,1620593697,16:54:57,20210509
11,2009-12-31,IOVA,USD,2010-03-31 00:00:00,2010-03-31 17:09:05,FY,-15772.0,1332.0,0.0,0.0,-14440.0,0.0,0.0,0.0,-14713.0,0.0,-14448.0,0.0,0.0,0.0,0.0,0.0,0.0,0.0,0.0,0.0,0.0,19800.0,19800.0,0.0,5352.0,8257.0,2905.0,-14448.0,0.0,-14448.0,https://www.sec.gov/Archives/edgar/data/1425205/000114420410017594/0001144204-10-017594-index.html,https://www.sec.gov/Archives/edgar/data/1425205/000114420410017594/v179506_10k.htm,1620593697,16:54:57,20210509
12,2008-12-31,IOVA,USD,2009-02-17 00:00:00,2009-02-17 09:06:07,FY,-57140.0,1332.0,0.0,0.0,-1495.0,0.0,0.0,0.0,-273.0,0.0,-57303.0,0.0,0.0,0.0,0.0,0.0,0.0,0.0,0.0,0.0,0.0,0.0,0.0,0.0,-57303.0,2905.0,60208.0,-57303.0,0.0,-57303.0,https://www.sec.gov/Archives/edgar/data/1425205/000116552709000090/0001165527-09-000090-index.html,https://www.sec.gov/Archives/edgar/data/1425205/000116552709000090/g2923.txt,1620593697,16:54:57,20210509
