,date,symbol,reportedCurrency,fillingDate,acceptedDate,period,netIncome,depreciationAndAmortization,deferredIncomeTax,stockBasedCompensation,changeInWorkingCapital,accountsReceivables,inventory,accountsPayables,otherWorkingCapital,otherNonCashItems,netCashProvidedByOperatingActivities,investmentsInPropertyPlantAndEquipment,acquisitionsNet,purchasesOfInvestments,salesMaturitiesOfInvestments,otherInvestingActivites,netCashUsedForInvestingActivites,debtRepayment,commonStockIssued,commonStockRepurchased,dividendsPaid,otherFinancingActivites,netCashUsedProvidedByFinancingActivities,effectOfForexChangesOnCash,netChangeInCash,cashAtEndOfPeriod,cashAtBeginningOfPeriod,operatingCashFlow,capitalExpenditure,freeCashFlow,link,finalLink,timestamp,est_time,est_date
0,2019-12-31,ABRN,USD,2020-02-14,2020-02-14 16:16:34,FY,155238000,7510000.0,150000.0,9514000.0,394392000.0,0.0,0.0,0.0,299687000,0.0,-226537000.0,0.0,0.0,-2712354000.0,0.0,0.0,-994740000.0,0.0,260383000.0,-11574000.0,0.0,0.0,1391170000.0,0.0,169893000.0,510562000,340669000,-226537000.0,0.0,-226537000.0,https://www.sec.gov/Archives/edgar/data/1253986/000104746920000885/0001047469-20-000885-index.htm,https://www.sec.gov/Archives/edgar/data/1253986/000104746920000885/a2240688z10-k.htm,1620586075,14:47:55,20210509
1,2018-12-31,ABRN,USD,2019-02-15,2019-02-15 08:34:07,FY,108312000,64868000.0,12033000.0,6095000.0,32208000.0,0.0,0.0,0.0,-94705000,0.0,-37735000.0,0.0,0.0,-10066000.0,0.0,-671809000.0,-681875000.0,-20499000.0,156417000.0,-10066000.0,-68083000.0,758738000.0,816507000.0,0.0,96897000.0,340669000,243772000,-37735000.0,0.0,-37735000.0,https://www.sec.gov/Archives/edgar/data/1253986/000104746919000508/0001047469-19-000508-index.htm,https://www.sec.gov/Archives/edgar/data/1253986/000104746919000508/a2237674z10-k.htm,1620586075,14:47:55,20210509
2,2017-12-31,ABRN,USD,2018-02-23,2018-02-23 08:18:51,FY,65835000,59269000.0,7399000.0,4840000.0,-190301855.0,0.0,0.0,0.0,-126913000,0.0,460834000.0,0.0,0.0,-1867393000.0,0.0,-907949000.0,-907949000.0,-24576000.0,76225000.0,-104374000.0,-42612000.0,508181000.0,412844000.0,0.0,-34271000.0,104374000,138645000,460834000.0,0.0,460834000.0,https://www.sec.gov/Archives/edgar/data/1253986/000104746918000985/0001047469-18-000985-index.htm,https://www.sec.gov/Archives/edgar/data/1253986/000104746918000985/a2234227z10-k.htm,1620586075,14:47:55,20210509
3,2016-12-31,ABRN,USD,2017-03-03,2017-03-03 08:18:55,FY,42796132,31289683.0,1532084.0,3513540.0,21106065.0,0.0,0.0,0.0,63388855,0.0,-197617076.0,0.0,-68356323.0,-870166040000.0,0.0,-133560929.0,-201917252.0,-10617358.0,0.0,-138645430.0,-31797993.0,530531852.0,349471071.0,0.0,138645430.0,138645430,188708687000,-197617076.0,0.0,-197617076.0,https://www.sec.gov/Archives/edgar/data/1253986/000104746917001214/0001047469-17-001214-index.htm,https://www.sec.gov/Archives/edgar/data/1253986/000104746917001214/a2231130z10-k.htm,1620586075,14:47:55,20210509
4,2015-12-31,ABRN,USD,2016-02-26,2016-02-26 08:15:49,FY,53428814,7011689.0,0.0,3442683.0,134816863.0,0.0,0.0,0.0,42282790,0.0,36347689.0,0.0,0.0,-1551716.0,0.0,26285788.0,24734072.0,-10776263.0,0.0,-188708687.0,-29495314.0,306189445.0,77209181.0,0.0,138290942.0,188708687,50417745,36347689.0,0.0,36347689.0,https://www.sec.gov/Archives/edgar/data/1253986/000104746916010477/0001047469-16-010477-index.htm,https://www.sec.gov/Archives/edgar/data/1253986/000104746916010477/a2227477z10-k.htm,1620586075,14:47:55,20210509
5,2014-12-31,ABRN,USD,2015-02-13,2015-02-13 08:14:07,FY,85792235,7186276.0,0.0,1989439.0,34697607.0,0.0,0.0,0.0,-92534073,0.0,30795356.0,0.0,0.0,-908769736000.0,663684.0,144288221.0,144951905.0,-10573245.0,6800000.0,-50417745.0,-26029540.0,-105498538.0,-185719068.0,0.0,-9971807.0,50417745,60389552,30795356.0,0.0,30795356.0,https://www.sec.gov/Archives/edgar/data/1253986/000104746915000780/0001047469-15-000780-index.htm,https://www.sec.gov/Archives/edgar/data/1253986/000104746915000780/a2223024z10-k.htm,1620586075,14:47:55,20210509
6,2013-12-31,ABRN,USD,2014-02-14,2014-02-14 08:39:25,FY,16667955,4123508.0,0.0,1600142.0,75916973.0,0.0,0.0,0.0,-127231680,0.0,22522344.0,0.0,0.0,-594127146000.0,0.0,-200076986.0,-200076986.0,-5037806.0,134176328.0,-60389552.0,-21326517.0,161332852.0,208755305.0,0.0,31200663.0,60389552,29188889,22522344.0,0.0,22522344.0,https://www.sec.gov/Archives/edgar/data/1253986/000104746914000903/0001047469-14-000903-index.htm,https://www.sec.gov/Archives/edgar/data/1253986/000104746914000903/a2218253z10-k.htm,1620586075,14:47:55,20210509
7,2012-12-31,ABRN,USD,2013-02-15,2013-02-15 08:51:59,FY,21500888,7538499.0,21567.0,578190.0,-89361311.0,0.0,0.0,0.0,-203148653,0.0,20166051.0,0.0,0.0,-684764.0,0.0,-45848914.0,-46533678.0,-2819710.0,39200000.0,-684764.0,-8031029.0,-27344460.0,320037.0,0.0,-26047590.0,29188889,55236479,20166051.0,0.0,20166051.0,https://www.sec.gov/Archives/edgar/data/1253986/000104746913001165/0001047469-13-001165-index.htm,https://www.sec.gov/Archives/edgar/data/1253986/000104746913001165/a2212389z10-k.htm,1620586075,14:47:55,20210509
8,2011-12-31,ABRN,USD,2012-03-02,2012-03-02 08:27:09,FY,-40311713,16119480.0,0.0,1407700.0,27342489658.0,0.0,0.0,0.0,-113787342,0.0,-389622.0,0.0,0.0,-5746567.0,0.0,-34602406.0,-40348973.0,-731921.0,0.0,-5746567.0,-14500.0,1343498.0,-5149490.0,0.0,-45888085.0,55236479,101124564,-389622.0,0.0,-389622.0,https://www.sec.gov/Archives/edgar/data/1253986/000104746912002036/0001047469-12-002036-index.htm,https://www.sec.gov/Archives/edgar/data/1253986/000104746912002036/a2207726z10-k.htm,1620586075,14:47:55,20210509
9,2010-12-31,ABRN,USD,2011-03-04,2011-03-04 08:00:39,FY,113125954000,0.0,0.0,0.0,360261787000.0,0.0,0.0,0.0,-27456277000,0.0,0.0,0.0,0.0,0.0,0.0,0.0,0.0,0.0,0.0,0.0,0.0,0.0,0.0,0.0,36500289000.0,101124564000,64624275000,0.0,0.0,0.0,https://www.sec.gov/Archives/edgar/data/1253986/000104746911001737/0001047469-11-001737-index.htm,https://www.sec.gov/Archives/edgar/data/1253986/000104746911001737/a2202433z10-k.htm,1620586075,14:47:55,20210509
10,2009-12-31,ABRN,USD,2010-03-09,2010-03-08 19:46:45,FY,-307583578000,0.0,0.0,0.0,207008465000.0,0.0,0.0,0.0,-387718064000,0.0,0.0,0.0,0.0,0.0,0.0,0.0,0.0,0.0,0.0,0.0,0.0,0.0,-137344928000.0,0.0,63792234000.0,64624275000,832041000,0.0,0.0,0.0,https://www.sec.gov/Archives/edgar/data/1253986/000095012310022203/0000950123-10-022203-index.htm,https://www.sec.gov/Archives/edgar/data/1253986/000095012310022203/y83076e10vk.htm,1620586075,14:47:55,20210509
11,2008-12-31,ABRN,USD,2009-03-09,2009-03-09 14:42:46,FY,-74442775000,751859000.0,0.0,3047479000.0,56337401000.0,0.0,0.0,0.0,-594726529000,0.0,50403079000.0,0.0,0.0,-401391738000.0,0.0,0.0,231166105000.0,0.0,0.0,0.0,0.0,0.0,-302956684000.0,0.0,-21387500000.0,832041000,22219541000,50403079000.0,0.0,50403079000.0,https://www.sec.gov/Archives/edgar/data/1253986/000095012309004280/0000950123-09-004280-index.htm,https://www.sec.gov/Archives/edgar/data/1253986/000095012309004280/y75056e10vk.htm,1620586075,14:47:55,20210509
12,2007-12-31,ABRN,USD,2008-03-05,2008-03-05 16:32:25,FY,84533878000,1587481000.0,-2200000000.0,2454957000.0,-564246547000.0,0.0,0.0,0.0,-651063930000,0.0,159688381000.0,0.0,0.0,-1926833770000.0,0.0,0.0,-609993583000.0,0.0,74655000000.0,0.0,0.0,0.0,464767886000.0,0.0,14462684000.0,22219541000,7756857000,159688381000.0,0.0,159688381000.0,https://www.sec.gov/Archives/edgar/data/1253986/000095012308002566/0000950123-08-002566-index.htm,https://www.sec.gov/Archives/edgar/data/1253986/000095012308002566/y50514e10vk.htm,1620586075,14:47:55,20210509
13,2006-12-31,ABRN,USD,2007-02-28,2007-02-28 17:30:12,FY,50413807000,-219820000.0,0.0,2329689000.0,9155685000.0,0.0,0.0,0.0,-86817383000,0.0,65094371000.0,0.0,0.0,-1449405924000.0,0.0,0.0,-788223618000.0,0.0,0.0,0.0,0.0,0.0,711458795000.0,0.0,-11670452000.0,7756857000,19427309000,65094371000.0,0.0,65094371000.0,https://www.sec.gov/Archives/edgar/data/1253986/000095012307002959/0000950123-07-002959-index.htm,https://www.sec.gov/Archives/edgar/data/1253986/000095012307002959/y30963e10vk.htm,1620586075,14:47:55,20210509
14,2005-12-31,ABRN,USD,2006-03-15,2006-03-15 17:29:02,FY,50387023000,-165906000.0,0.0,1590898000.0,-95087965000.0,0.0,0.0,0.0,-95973068000,0.0,73235970000.0,0.0,0.0,-989797797000.0,0.0,0.0,-445635904000.0,0.0,0.0,0.0,0.0,0.0,385425542000.0,0.0,13025608000.0,19427309000,6401701000,73235970000.0,0.0,73235970000.0,https://www.sec.gov/Archives/edgar/data/1253986/000095012306003216/0000950123-06-003216-index.htm,https://www.sec.gov/Archives/edgar/data/1253986/000095012306003216/y17899e10vk.htm,1620586075,14:47:55,20210509
15,2004-12-31,ABRN,USD,2005-03-31,2005-03-31 10:24:07,FY,25072682000,-1431146000.0,0.0,324343000.0,0.0,0.0,0.0,0.0,-885103000,0.0,28073662000.0,0.0,0.0,-733136181000.0,0.0,0.0,-565076338000.0,0.0,0.0,0.0,0.0,0.0,537288852000.0,0.0,286176000.0,6401701000,6115525000,28073662000.0,0.0,28073662000.0,https://www.sec.gov/Archives/edgar/data/1253986/000095012305003868/0000950123-05-003868-index.htm,https://www.sec.gov/Archives/edgar/data/1253986/000095012305003868/y07196e10vk.htm,1620586075,14:47:55,20210509
