,date,symbol,reportedCurrency,fillingDate,acceptedDate,period,netIncome,depreciationAndAmortization,deferredIncomeTax,stockBasedCompensation,changeInWorkingCapital,accountsReceivables,inventory,accountsPayables,otherWorkingCapital,otherNonCashItems,netCashProvidedByOperatingActivities,investmentsInPropertyPlantAndEquipment,acquisitionsNet,purchasesOfInvestments,salesMaturitiesOfInvestments,otherInvestingActivites,netCashUsedForInvestingActivites,debtRepayment,commonStockIssued,commonStockRepurchased,dividendsPaid,otherFinancingActivites,netCashUsedProvidedByFinancingActivities,effectOfForexChangesOnCash,netChangeInCash,cashAtEndOfPeriod,cashAtBeginningOfPeriod,operatingCashFlow,capitalExpenditure,freeCashFlow,link,finalLink,timestamp,est_time,est_date
0,2020-12-31,BMY,USD,2021-02-10,2021-02-10 15:13:50,FY,-8995000000,10380000000,983000000.0,779000000.0,62000000,-646000000.0,2672000000,188000000.0,11112000000,10646000000.0,14052000000,0.0,-13084000000.0,-4172000000.0,6280000000.0,0.0,-10859000000,-2750000000.0,0.0,-1546000000.0,-4075000000,542000000.0,-1151000000,111000000.0,2153000000.0,14973000000.0,12820000000,14052000000,-753000000,13299000000,https://www.sec.gov/Archives/edgar/data/14272/000001427221000066/0000014272-21-000066-index.htm,https://www.sec.gov/Archives/edgar/data/14272/000001427221000066/bmy-20201231.htm,1620589524,15:45:24,20210509
1,2019-12-31,BMY,USD,2020-02-24,2020-02-24 16:10:27,FY,3439000000,1746000000,-924000000.0,441000000.0,4544000000,752000000.0,463000000,229000000.0,11050000000,2214000000.0,8067000000,-836000000.0,-8925000000.0,-3961000000.0,3809000000.0,0.0,-9770000000,-9256000000.0,0.0,-7300000000.0,-2679000000,-53000000.0,7621000000,-9000000.0,5909000000.0,12820000000.0,6911000000,8067000000,-836000000,7231000000,https://www.sec.gov/Archives/edgar/data/14272/000001427220000082/0000014272-20-000082-index.htm,https://www.sec.gov/Archives/edgar/data/14272/000001427220000082/bmy-20191231x10xk.htm,1620589524,15:45:24,20210509
2,2018-12-31,BMY,USD,2019-02-25 00:00:00,2019-02-25 16:52:22,FY,4920000000,637000000,86000000.0,221000000.0,1215000000,0.0,-216000000,-59000000.0,6506000000,227000000.0,5940000000,-951000000.0,-1123000000.0,-2305000000.0,2379000000.0,0.0,-874000000,-5000000.0,0.0,-320000000.0,-2613000000,-54000000.0,-3535000000,-41000000.0,1490000000.0,6911000000.0,5421000000,5940000000,-951000000,4989000000,https://www.sec.gov/Archives/edgar/data/14272/000001427219000047/0000014272-19-000047-index.html,https://www.sec.gov/Archives/edgar/data/14272/000001427219000047/bmy-20181231x10xk.htm,1620589524,15:45:24,20210509
3,2017-12-31,BMY,USD,2018-02-13 00:00:00,2018-02-13 09:26:31,FY,1007000000,789000000,1010000000.0,199000000.0,428000000,0.0,-29000000,320000000.0,5291000000,1088000000.0,5275000000,-1055000000.0,10000000.0,-5437000000.0,6412000000.0,0.0,-66000000,-1224000000.0,0.0,-2469000000.0,-2577000000,-22000000.0,-4077000000,52000000.0,1184000000.0,5421000000.0,4237000000,5275000000,-1055000000,4220000000,https://www.sec.gov/Archives/edgar/data/14272/000001427218000055/0000014272-18-000055-index.html,https://www.sec.gov/Archives/edgar/data/14272/000001427218000055/bmy-20171231x10xk.htm,1620589524,15:45:24,20210509
4,2016-12-31,BMY,USD,2017-02-21 00:00:00,2017-02-21 12:04:14,FY,4457000000,382000000,-204000000.0,205000000.0,2465000000,0.0,-152000000,104000000.0,4863000000,399000000.0,2850000000,-1215000000.0,975000000.0,-3089000000.0,4809000000.0,0.0,1480000000,-15000000.0,181000000.0,-231000000.0,-2547000000,42000000.0,-2445000000,-33000000.0,1852000000.0,4237000000.0,2385000000,2850000000,-1215000000,1635000000,https://www.sec.gov/Archives/edgar/data/14272/000001427217000047/0000014272-17-000047-index.html,https://www.sec.gov/Archives/edgar/data/14272/000001427217000047/bmy-20161231x10xk.htm,1620589524,15:45:24,20210509
5,2015-12-31,BMY,USD,2016-02-12 00:00:00,2016-02-12 08:02:37,FY,1565000000,376000000,-347000000.0,235000000.0,-3749000000,0.0,97000000,-919000000.0,2398000000,773000000.0,1832000000,-820000000.0,-403000000.0,-3143000000.0,2794000000.0,0.0,-1572000000,-1957000000.0,266000000.0,0.0,-2477000000,-2000000.0,-3351000000,-95000000.0,-3186000000.0,2385000000.0,5571000000,1832000000,-820000000,1012000000,https://www.sec.gov/Archives/edgar/data/14272/000001427216000288/0000014272-16-000288-index.html,https://www.sec.gov/Archives/edgar/data/14272/000001427216000288/bmy-20151231x10xk.htm,1620589524,15:45:24,20210509
6,2014-12-31,BMY,USD,2015-02-13,2015-02-13 09:38:42,FY,2004000000,467000000,-542000000.0,213000000.0,-329000000,0.0,-254000000,-44000000.0,6147000000,946000000.0,3148000000,-526000000.0,3366000000.0,-5719000000.0,4095000000.0,0.0,1216000000,-676000000.0,288000000.0,0.0,-2398000000,105000000.0,-2437000000,58000000.0,1985000000.0,5571000000.0,3586000000,3148000000,-526000000,2622000000,https://www.sec.gov/Archives/edgar/data/14272/000001427215000055/bmy-20141231x10xk.htm,https://www.sec.gov/Archives/edgar/data/14272/000001427215000055/bmy-20141231x10xk.htm,1620589524,15:45:24,20210509
7,2013-12-31,BMY,USD,2014-02-14,2014-02-14 09:37:38,FY,2563000000,763000000,-491000000.0,191000000.0,5234000000,0.0,-45000000,412000000.0,6476000000,-26000000.0,3545000000,-537000000.0,9000000.0,-1859000000.0,1815000000.0,0.0,-572000000,-597000000.0,564000000.0,-433000000.0,-2309000000,20000000.0,-1068000000,25000000.0,1930000000.0,3586000000.0,1656000000,3545000000,-537000000,3008000000,https://www.sec.gov/Archives/edgar/data/14272/000001427214000054/bmy-20131231x10xk.htm,https://www.sec.gov/Archives/edgar/data/14272/000001427214000054/bmy-20131231x10xk.htm,1620589524,15:45:24,20210509
8,2012-12-31,BMY,USD,2013-02-15 00:00:00,2013-02-15 08:55:25,FY,1960000000,681000000,-1230000000.0,154000000.0,-6296000000,0.0,-103000000,-232000000.0,1242000000,2994000000.0,6941000000,-548000000.0,-7462000000.0,-3607000000.0,4890000000.0,0.0,-6727000000,-2108000000.0,463000000.0,-2403000000.0,-2286000000,2000000.0,-4333000000,-1000000.0,-4120000000.0,1656000000.0,5776000000,6941000000,-548000000,6393000000,https://www.sec.gov/Archives/edgar/data/14272/000119312513061678/0001193125-13-061678-index.html,https://www.sec.gov/Archives/edgar/data/14272/000119312513061678/d450621d10k.htm,1620589524,15:45:24,20210509
9,2011-12-31,BMY,USD,2012-02-17 00:00:00,2012-02-17 08:44:56,FY,3709000000,801000000,415000000.0,161000000.0,1004000000,0.0,-193000000,593000000.0,7538000000,-1698000000.0,4840000000,-367000000.0,-211000000.0,-6819000000.0,5960000000.0,0.0,-1437000000,-79000000.0,601000000.0,-1221000000.0,-2254000000,296000000.0,-2657000000,-3000000.0,743000000.0,5776000000.0,5033000000,4840000000,-367000000,4473000000,https://www.sec.gov/Archives/edgar/data/14272/000119312512066416/0001193125-12-066416-index.html,https://www.sec.gov/Archives/edgar/data/14272/000119312512066416/d302058d10k.htm,1620589524,15:45:24,20210509
10,2010-12-31,BMY,USD,2011-02-18,2011-02-18 13:34:50,FY,3102000000,744000000,422000000.0,193000000.0,-1111000000,0.0,156000000,315000000.0,6534000000,0.0,4491000000,-424000000.0,-762000000.0,-5823000000.0,3197000000.0,0.0,-3812000000,-969000000.0,252000000.0,-576000000.0,-2202000000,146000000.0,-3343000000,14000000.0,-2650000000.0,5033000000.0,7683000000,4491000000,-424000000,4067000000,https://www.sec.gov/Archives/edgar/data/14272/000119312511040120/d10k.htm,https://www.sec.gov/Archives/edgar/data/14272/000119312511040120/d10k.htm,1620589524,15:45:24,20210509
11,2009-12-31,BMY,USD,2010-02-19 00:00:00,2010-02-19 15:38:21,FY,10612000000,707000000,163000000.0,183000000.0,-408000000,0.0,82000000,472000000.0,7645000000,-7642000000.0,4065000000,-730000000.0,-2232000000.0,-3489000000.0,2075000000.0,-561000000.0,-4380000000,-238000000.0,827000000.0,0.0,-2483000000,194000000.0,-17000000,39000000.0,-293000000.0,7683000000.0,7976000000,4065000000,-730000000,3335000000,https://www.sec.gov/Archives/edgar/data/14272/000119312510035167/0001193125-10-035167-index.html,https://www.sec.gov/Archives/edgar/data/14272/000119312510035167/d10k.htm,1620589524,15:45:24,20210509
12,2008-12-31,BMY,USD,2009-02-20 00:00:00,2009-02-20 06:11:29,FY,5247000000,816000000,1430000000.0,181000000.0,6349000000,0.0,130000000,253000000.0,8053000000,32000000.0,3707000000,-941000000.0,4339000000.0,-422000000.0,1567000000.0,0.0,5079000000,-1917000000.0,5000000.0,0.0,-2461000000,211000000.0,-2582000000,-29000000.0,6175000000.0,7976000000.0,1801000000,3707000000,-941000000,2766000000,https://www.sec.gov/Archives/edgar/data/14272/000119312509033538/0001193125-09-033538-index.html,https://www.sec.gov/Archives/edgar/data/14272/000119312509033538/d10k.htm,1620589524,15:45:24,20210509
13,2007-12-31,BMY,USD,2008-02-22,2008-02-21 20:40:21,FY,2165000000,892000000,-416000000.0,0.0,-2102000000,0.0,-54000000,0.0,1704000000,929000000.0,3153000000,-843000000.0,-432000000.0,-19878000000.0,20634000000.0,0.0,-202000000,0.0,333000000.0,0.0,-2213000000,0.0,-3213000000,45000000.0,-217000000.0,1801000000.0,2018000000,3153000000,-843000000,2310000000,https://www.sec.gov/Archives/edgar/data/14272/000119312508035566/d10k.htm,https://www.sec.gov/Archives/edgar/data/14272/000119312508035566/d10k.htm,1620589524,15:45:24,20210509
14,2006-12-31,BMY,USD,2007-02-26,2007-02-26 17:25:27,FY,1585000000,927000000,-236000000.0,0.0,-1587000000,0.0,78000000,0.0,3806000000,628000000.0,2083000000,-793000000.0,226000000.0,0.0,762000000.0,-280000000.0,206000000,0.0,170000000.0,0.0,-2199000000,-158000000.0,-3351000000,30000000.0,-1032000000.0,2018000000.0,3050000000,2083000000,-793000000,1290000000,https://www.sec.gov/Archives/edgar/data/14272/000119312507039915/d10k.htm,https://www.sec.gov/Archives/edgar/data/14272/000119312507039915/d10k.htm,1620589524,15:45:24,20210509
15,2005-12-31,BMY,USD,2006-03-14,2006-03-13 17:34:51,FY,3000000000,929000000,-812000000.0,0.0,435000000,0.0,-370000000,0.0,5393000000,219000000.0,1836000000,-738000000.0,843000000.0,-30000000.0,1043000000.0,0.0,1191000000,0.0,166000000.0,0.0,-2186000000,0.0,-3637000000,-20000000.0,-630000000.0,3050000000.0,3680000000,1836000000,-738000000,1098000000,https://www.sec.gov/Archives/edgar/data/14272/000119312506052456/d10k.htm,https://www.sec.gov/Archives/edgar/data/14272/000119312506052456/d10k.htm,1620589524,15:45:24,20210509
16,2004-12-31,BMY,USD,2005-03-04,2005-03-03 17:41:09,FY,2388000000,909000000,286000000.0,0.0,570000000,0.0,-133000000,0.0,4958000000,503000000.0,3176000000,-809000000.0,0.0,-779000000.0,0.0,-283000000.0,-1622000000,0.0,141000000.0,0.0,-2174000000,0.0,-463000000,40000000.0,1131000000.0,3680000000.0,2549000000,3176000000,-809000000,2367000000,https://www.sec.gov/Archives/edgar/data/14272/000119312505041808/d10k.htm,https://www.sec.gov/Archives/edgar/data/14272/000119312505041808/d10k.htm,1620589524,15:45:24,20210509
17,2003-12-31,BMY,USD,2004-03-15,2004-03-15 06:53:11,FY,3106000000,789000000,249000000.0,0.0,2633000000,0.0,127000000,0.0,4388000000,-603000000.0,3512000000,-990000000.0,0.0,-23918000000.0,22448000000.0,0.0,-2419000000,0.0,44000000.0,0.0,-2169000000,0.0,-1052000000,36000000.0,77000000.0,2444000000.0,2367000000,3512000000,-990000000,2522000000,https://www.sec.gov/Archives/edgar/data/14272/000119312504041353/d10k.htm,https://www.sec.gov/Archives/edgar/data/14272/000119312504041353/d10k.htm,1620589524,15:45:24,20210509
18,2002-12-31,BMY,USD,2002-12-31,2002-12-31,FY,2066000000,735000000,0.0,0.0,-1768000000,0.0,206000000,0.0,1755000000,1285000000.0,957000000,-997000000.0,0.0,-381000000.0,383000000.0,-109000000.0,-1379000000,0.0,138000000.0,-164000000.0,-2168000000,0.0,-1117000000,17000000.0,-1522000000.0,3978000000.0,5500000000,957000000,-997000000,-40000000,,,1620589524,15:45:24,20210509
19,2001-12-31,BMY,USD,2002-04-01,2002-04-01 00:00:00,FY,5245000000,781000000,0.0,0.0,-669000000,0.0,-10000000,0.0,3523000000,3525000000.0,5402000000,-1023000000.0,0.0,-2582000000.0,1412000000.0,-266000000.0,-4864000000,0.0,251000000.0,-1589000000.0,-2137000000,0.0,1768000000,12000000.0,2318000000.0,5500000000.0,3182000000,5402000000,-1023000000,4379000000,https://www.sec.gov/Archives/edgar/data/14272/000091205702013034/a2074555z10-k405.htm,https://www.sec.gov/Archives/edgar/data/14272/000091205702013034/a2074555z10-k405.htm,1620589524,15:45:24,20210509
20,2000-12-31,BMY,USD,2001-04-02 00:00:00,2001-04-02 00:00:00,FY,4711000000,746000000,0.0,0.0,462000000,0.0,75000000,0.0,4192000000,0.0,4652000000,-589000000.0,0.0,-10000000.0,45000000.0,-82000000.0,16000000,0.0,352000000.0,-2338000000.0,-1930000000,0.0,-4157000000,-49000000.0,462000000.0,3182000000.0,2720000000,4652000000,-589000000,4063000000,https://www.sec.gov/Archives/edgar/data/14272/000001427201500006/0000014272-01-500006-index.html,https://www.sec.gov/Archives/edgar/data/14272/000001427201500006/r10k1231.htm,1620589524,15:45:24,20210509
21,1999-12-31,BMY,USD,1999-12-31,1999-12-31,FY,4167000000,678000000,0.0,0.0,739000000,0.0,-317000000,0.0,3730000000,0.0,4470000000,-709000000.0,0.0,-4000000.0,51000000.0,35000000.0,-759000000,0.0,8000000.0,-1419000000.0,-1707000000,0.0,-3198000000,-37000000.0,476000000.0,2720000000.0,2244000000,4470000000,-709000000,3761000000,,,1620589524,15:45:24,20210509
22,1998-12-31,BMY,USD,1999-03-30 00:00:00,1999-03-30 00:00:00,FY,3141000000,625000000,0.0,0.0,287000000,0.0,-139000000,0.0,2991000000,0.0,4120000000,-788000000.0,0.0,-256000000.0,309000000.0,65000000.0,-346000000,0.0,140000000.0,-1561000000.0,-1551000000,0.0,-2980000000,-6000000.0,788000000.0,2244000000.0,1456000000,4120000000,-788000000,3332000000,https://www.sec.gov/Archives/edgar/data/14272/000001427299000002/0000014272-99-000002-index.html,https://www.sec.gov/Archives/edgar/data/14272/0000014272-99-000002.txt,1620589524,15:45:24,20210509
23,1997-12-31,BMY,USD,1998-03-31 00:00:00,1998-03-31 00:00:00,FY,3205000000,591000000,0.0,0.0,226000000,0.0,-288000000,0.0,2704000000,0.0,2476000000,-767000000.0,0.0,-363000000.0,530000000.0,-48000000.0,-532000000,0.0,117000000.0,-1162000000.0,-1515000000,0.0,-2151000000,-18000000.0,-225000000.0,1456000000.0,1681000000,2476000000,-767000000,1709000000,https://www.sec.gov/Archives/edgar/data/14272/000001427298000002/0000014272-98-000002-index.html,https://www.sec.gov/Archives/edgar/data/14272/0000014272-98-000002.txt,1620589524,15:45:24,20210509
24,1996-12-31,BMY,USD,1997-03-31 00:00:00,1997-03-31 00:00:00,FY,2850000000,519000000,0.0,0.0,266000000,0.0,-227000000,0.0,2478000000,0.0,2641000000,-601000000.0,0.0,-379000000.0,406000000.0,-40000000.0,-717000000,0.0,206000000.0,-852000000.0,-1507000000,0.0,-1885000000,-3000000.0,36000000.0,1681000000.0,1645000000,2641000000,-601000000,2040000000,https://www.sec.gov/Archives/edgar/data/14272/000001427297000008/0000014272-97-000008-index.html,https://www.sec.gov/Archives/edgar/data/14272/0000014272-97-000008.txt,1620589524,15:45:24,20210509
25,1995-12-31,BMY,USD,1996-03-28 00:00:00,1996-03-28 00:00:00,FY,1812000000,448000000,0.0,0.0,-224000000,0.0,-50000000,0.0,2212000000,0.0,2499000000,-513000000.0,0.0,-80000000.0,349000000.0,-37000000.0,-631000000,0.0,71000000.0,-244000000.0,-1495000000,0.0,-1859000000,-6000000.0,3000000.0,1645000000.0,1642000000,2499000000,-513000000,1986000000,https://www.sec.gov/Archives/edgar/data/14272/000001427296000002/0000014272-96-000002-index.html,https://www.sec.gov/Archives/edgar/data/14272/0000014272-96-000002.txt,1620589524,15:45:24,20210509
26,1994-12-31,BMY,USD,1995-03-29 00:00:00,1995-03-29 00:00:00,FY,1842000000,328000000,0.0,0.0,-1069000000,0.0,-36000000,0.0,2436000000,0.0,2301000000,-573000000.0,0.0,-482000000.0,35000000.0,-22000000.0,-1424000000,0.0,24000000.0,-701000000.0,-1485000000,0.0,-1639000000,-17000000.0,-779000000.0,1642000000.0,2421000000,2301000000,-573000000,1728000000,https://www.sec.gov/Archives/edgar/data/14272/000001427295000004/0000014272-95-000004-index.html,https://www.sec.gov/Archives/edgar/data/14272/0000014272-95-000004.txt,1620589524,15:45:24,20210509
27,1993-12-31,BMY,USD,1993-12-31,1993-12-31,FY,1959000000,308000000,-27000000.0,0.0,184000000,0.0,129000000,0.0,3505000000,49000000.0,2580000000,-570000000.0,0.0,-1049000000.0,993000000.0,-69000000.0,-597000000,0.0,38000000.0,-419000000.0,-1485000000,0.0,-1700000000,1000000.0,0.0,0.0,2137000000,2580000000,-570000000,2010000000,,,1620589524,15:45:24,20210509
28,1992-12-31,BMY,USD,1992-12-31,1992-12-31,FY,1962000000,295000000,-196000000.0,0.0,506000000,0.0,-163000000,0.0,3321000000,-15000000.0,2028000000,-647000000.0,0.0,-269000000.0,169000000.0,27000000.0,430000000,0.0,37000000.0,-228000000.0,-1428000000,0.0,-1748000000,-8000000.0,0.0,0.0,1435000000,2028000000,-647000000,1381000000,,,1620589524,15:45:24,20210509
29,1991-12-31,BMY,USD,1991-12-31,1991-12-31,FY,2056000000,246000000,-31000000.0,0.0,-34000000,0.0,-114000000,0.0,2815000000,38000000.0,1835000000,-628000000.0,0.0,-2865000000.0,4090000000.0,-26000000.0,571000000,0.0,46000000.0,-447000000.0,-1249000000,0.0,-1577000000,10000000.0,0.0,0.0,596000000,1835000000,-628000000,1207000000,,,1620589524,15:45:24,20210509
30,1990-12-31,BMY,USD,1990-12-31,1990-12-31,FY,1748000000,244000000,85000000.0,0.0,-44000000,0.0,-168000000,0.0,2849000000,38000000.0,1752000000,-513000000.0,0.0,-1330000000.0,1733000000.0,-54000000.0,-164000000,0.0,145000000.0,-562000000.0,-1116000000,0.0,-1494000000,-8000000.0,0.0,0.0,510000000,1752000000,-513000000,1239000000,,,1620589524,15:45:24,20210509
31,1989-12-31,BMY,USD,1989-12-31,1989-12-31,FY,747000000,196000000,0.0,0.0,-624000000,0.0,-123000000,0.0,2893000000,871000000.0,1190000000,-555000000.0,0.0,-8679000000.0,7639000000.0,-35000000.0,-1630000000,0.0,197000000.0,-51000000.0,-722000000,0.0,-1008000000,-8000000.0,0.0,0.0,1966000000,1190000000,-555000000,635000000,,,1620589524,15:45:24,20210509
