,date,symbol,reportedCurrency,fillingDate,acceptedDate,period,netIncome,depreciationAndAmortization,deferredIncomeTax,stockBasedCompensation,changeInWorkingCapital,accountsReceivables,inventory,accountsPayables,otherWorkingCapital,otherNonCashItems,netCashProvidedByOperatingActivities,investmentsInPropertyPlantAndEquipment,acquisitionsNet,purchasesOfInvestments,salesMaturitiesOfInvestments,otherInvestingActivites,netCashUsedForInvestingActivites,debtRepayment,commonStockIssued,commonStockRepurchased,dividendsPaid,otherFinancingActivites,netCashUsedProvidedByFinancingActivities,effectOfForexChangesOnCash,netChangeInCash,cashAtEndOfPeriod,cashAtBeginningOfPeriod,operatingCashFlow,capitalExpenditure,freeCashFlow,link,finalLink,timestamp,est_time,est_date
0,2020-12-31,TPL,USD,2021-02-25,2021-02-25 16:26:54,FY,176049000.0,14395000.0,-2099000.0,0.0,-209053000.0,18828000.0,0.0,-6291000.0,240198000.0,0.0,0.0,-5086000.0,0.0,0.0,0.0,0.0,-25998000.0,46619000.0,0.0,0.0,-201660000.0,0.0,-201660000.0,0.0,-20621000.0,283024000.0,303645000.0,0.0,-5086000.0,-5086000.0,https://www.sec.gov/Archives/edgar/data/1811074/000181107421000013/0001811074-21-000013-index.htm,https://www.sec.gov/Archives/edgar/data/1811074/000181107421000013/tpl-20201231.htm,1620598978,18:22:58,20210509
1,2019-12-31,TPL,USD,2020-02-27,2020-02-27 17:26:18,FY,318728000.0,0.0,25924000.0,0.0,273076000.0,-13802000.0,0.0,7960000.0,449251000.0,-22000000.0,342790000.0,-32209000.0,0.0,0.0,0.0,0.0,-111692000.0,0.0,0.0,-4353000.0,-46546000.0,0.0,-50899000.0,0.0,180199000.0,303645000.0,123446000.0,342790000.0,-74583000.0,305564000.0,https://www.sec.gov/Archives/edgar/data/97517/000009751720000017/0000097517-20-000017-index.htm,https://www.sec.gov/Archives/edgar/data/97517/000009751720000017/tpl-20191231.htm,1620598978,18:22:58,20210509
2,2018-12-31,TPL,USD,2019-02-28,2019-02-28 16:37:49,FY,209736000.0,2583000.0,14789000.0,0.0,82965000.0,-37824000.0,0.0,4783000.0,176175000.0,0.0,191649000.0,-47878000.0,0.0,0.0,0.0,0.0,-81533000.0,0.0,0.0,-38397000.0,-31652000.0,0.0,-70049000.0,0.0,40067000.0,119647000.0,79580000.0,191649000.0,-9377000.0,119468000.0,https://www.sec.gov/Archives/edgar/data/97517/000009751719000015/0000097517-19-000015-index.htm,https://www.sec.gov/Archives/edgar/data/97517/000009751719000015/tpl12-31x201810k.htm,1620598978,18:22:58,20210509
3,2017-12-31,TPL,USD,2018-02-28,2018-02-28 16:07:21,FY,76361000.0,376000.0,-3117000.0,0.0,39086468.0,-12226000.0,0.0,5093000.0,93210000.0,0.0,93830000.0,-18747000.0,0.0,0.0,0.0,0.0,-18720000.0,0.0,0.0,-34267000.0,-10681000.0,0.0,-44948000.0,0.0,30162000.0,79580000.0,49418000.0,93830000.0,-18747000.0,75083000.0,https://www.sec.gov/Archives/edgar/data/97517/000143774918003528/0001437749-18-003528-index.htm,https://www.sec.gov/Archives/edgar/data/97517/000143774918003528/tpl20171231_10k.htm,1620598978,18:22:58,20210509
4,2016-12-31,TPL,USD,2017-02-28,2017-02-28 14:59:45,FY,37239550.0,43290.0,-4038001.0,0.0,5741322.0,-2874439.0,0.0,9219234.0,54123532.0,0.0,40957841.0,-976871.0,0.0,0.0,0.0,0.0,-958871.0,0.0,0.0,-33085867.0,-2507183.0,0.0,-35593050.0,0.0,4405920.0,49417889.0,45011969.0,40957841.0,-976871.0,39980970.0,https://www.sec.gov/Archives/edgar/data/97517/000143774917003418/0001437749-17-003418-index.htm,https://www.sec.gov/Archives/edgar/data/97517/000143774917003418/tpl20161231_10k.htm,1620598978,18:22:58,20210509
5,2015-12-31,TPL,USD,2016-02-29,2016-02-29 12:28:39,FY,50038507.0,25374.0,-129927.0,0.0,16878238.0,-563991.0,0.0,-1629956.0,48382210.0,0.0,49567199.0,-221456.0,0.0,0.0,0.0,0.0,-196456.0,0.0,0.0,-28771073.0,-2402460.0,0.0,-31173533.0,0.0,18197210.0,45011969.0,26814759.0,49567199.0,-221456.0,49345743.0,https://www.sec.gov/Archives/edgar/data/97517/000143774916026297/0001437749-16-026297-index.htm,https://www.sec.gov/Archives/edgar/data/97517/000143774916026297/tpl20151201_10k.htm,1620598978,18:22:58,20210509
6,2014-12-31,TPL,USD,2015-02-27,2015-02-27 13:42:36,FY,34765020.0,19730.0,-1380735.0,0.0,10902091.0,689129.0,0.0,2553084.0,31503972.0,0.0,38852423.0,-53788.0,0.0,0.0,0.0,0.0,-32788.0,0.0,0.0,-22963786.0,-2280301.0,0.0,-25244087.0,0.0,13575548.0,26814759.0,13239211.0,38852423.0,-53788.0,38798635.0,https://www.sec.gov/Archives/edgar/data/97517/000143774915003635/0001437749-15-003635-index.htm,https://www.sec.gov/Archives/edgar/data/97517/000143774915003635/tpl20141231_10k.htm,1620598978,18:22:58,20210509
7,2013-12-31,TPL,USD,2014-02-28,2014-02-28 14:35:12,FY,27218508.0,16286.0,-600621.0,0.0,988153.0,-1240703.0,0.0,-344671.0,20601881.0,0.0,30065354.0,-54610.0,0.0,0.0,0.0,0.0,-34110.0,0.0,0.0,-25216940.0,0.0,0.0,-25216940.0,0.0,4814304.0,13239211.0,8424907.0,30065354.0,-54610.0,30010744.0,https://www.sec.gov/Archives/edgar/data/97517/000143774914003082/0001437749-14-003082-index.htm,https://www.sec.gov/Archives/edgar/data/97517/000143774914003082/tpl20131231_10k.htm,1620598978,18:22:58,20210509
8,2012-12-31,TPL,USD,2013-03-11,2013-03-11 13:49:21,FY,19647818.0,16504.0,-679207.0,0.0,-3253949.0,92408.0,0.0,404585.0,19613728.0,0.0,19911490.0,-50405.0,0.0,0.0,0.0,0.0,-36905.0,0.0,0.0,-20183747.0,-4295509.0,0.0,-24479256.0,0.0,-4604671.0,8424907.0,13029578.0,19911490.0,-50405.0,19861085.0,https://www.sec.gov/Archives/edgar/data/97517/000143774913002599/0001437749-13-002599-index.htm,https://www.sec.gov/Archives/edgar/data/97517/000143774913002599/tplt_10k-123112.htm,1620598978,18:22:58,20210509
9,2011-12-31,TPL,USD,2012-03-12,2012-03-12 17:12:04,FY,20594769.0,12675.0,-1329030.0,0.0,19672922.0,-637244.0,0.0,0.0,22867677.0,20594769.0,23931208.0,-37261.0,0.0,0.0,0.0,0.0,-20011.0,0.0,0.0,-16030938.0,-2000233.0,0.0,-18031171.0,0.0,5880026.0,13029578.0,7149552.0,23931208.0,-37261.0,23893947.0,https://www.sec.gov/Archives/edgar/data/97517/000143774912002194/0001437749-12-002194-index.htm,https://www.sec.gov/Archives/edgar/data/97517/000143774912002194/tplt_10k-123111.htm,1620598978,18:22:58,20210509
10,2010-12-31,TPL,USD,2011-03-11,2011-03-11 15:30:25,FY,11308711.0,15391.0,-444773.0,0.0,-147991.0,0.0,0.0,0.0,3194755.0,0.0,11696619.0,-27670.0,0.0,0.0,0.0,0.0,-15170.0,0.0,0.0,-10715045.0,-1968061.0,0.0,-12683106.0,0.0,-1001657.0,7149552.0,8151209.0,11696619.0,-27670.0,11668949.0,https://www.sec.gov/Archives/edgar/data/97517/000093244011000107/0000932440-11-000107-index.htm,https://www.sec.gov/Archives/edgar/data/97517/000093244011000107/form10k_278932.htm,1620598978,18:22:58,20210509
11,2009-12-31,TPL,USD,2010-03-12,2010-03-12 13:45:21,FY,6914043.0,42142.0,-413769.0,0.0,-19634117.0,-451198.0,0.0,0.0,3342746.0,0.0,9392938.0,-29663.0,0.0,0.0,0.0,0.0,-20663.0,0.0,0.0,-8945001.0,-1930444.0,0.0,-10875445.0,0.0,-1503170.0,8151209.0,9654379.0,9392938.0,-29663.0,9363275.0,https://www.sec.gov/Archives/edgar/data/97517/000093244010000057/0000932440-10-000057-index.htm,https://www.sec.gov/Archives/edgar/data/97517/000093244010000057/form10k_271569.htm,1620598978,18:22:58,20210509
12,2008-12-31,TPL,USD,2009-03-16,2009-03-16 11:17:44,FY,10939773.0,36803.0,-823569.0,0.0,14379916.0,370447.0,0.0,0.0,22976863.0,0.0,11440963.0,-6379.0,0.0,0.0,0.0,0.0,-6379.0,0.0,0.0,-10048739.0,-1884668.0,0.0,-11933407.0,0.0,-498823.0,9654379.0,10153202.0,11440963.0,-6379.0,11434584.0,https://www.sec.gov/Archives/edgar/data/97517/000093244009000215/0000932440-09-000215-index.htm,https://www.sec.gov/Archives/edgar/data/97517/000093244009000215/form10k_263150.htm,1620598978,18:22:58,20210509
13,2007-12-31,TPL,USD,2008-03-14,2008-03-14 16:29:50,FY,8249688.0,35999.0,-443838.0,0.0,1141563.0,800570.0,0.0,475614.0,8596947.0,0.0,9534794.0,-27272.0,0.0,0.0,0.0,0.0,-27272.0,0.0,0.0,-6181717.0,-1696780.0,0.0,-7878497.0,0.0,1629025.0,10153202.0,8524177.0,9534794.0,-27272.0,9507522.0,https://www.sec.gov/Archives/edgar/data/97517/000093244008000195/0000932440-08-000195-index.htm,https://www.sec.gov/Archives/edgar/data/97517/000093244008000195/tplt10k_252062-dec312007.htm,1620598978,18:22:58,20210509
14,2006-12-31,TPL,USD,2007-03-15,2007-03-15 15:13:51,FY,11569862.0,37134.0,-399808.0,0.0,-1116705.0,-1529656.0,0.0,186163.0,7455384.0,0.0,10367363.0,-62828.0,0.0,0.0,0.0,0.0,-62828.0,0.0,0.0,-5534661.0,-5872681.0,0.0,-11407342.0,0.0,-1102807.0,8524177.0,9626984.0,10367363.0,-62828.0,10304535.0,https://www.sec.gov/Archives/edgar/data/97517/000093244007000218/0000932440-07-000218-index.htm,https://www.sec.gov/Archives/edgar/data/97517/000093244007000218/tplt10k_yedec31-06.htm,1620598978,18:22:58,20210509
15,2005-12-31,TPL,USD,2006-03-16,2006-03-16 11:19:39,FY,8512587.0,28791.0,-1029153.0,0.0,8572089.0,2729079.0,0.0,265056.0,8572089.0,0.0,10332061.0,-55486.0,0.0,0.0,0.0,11640.0,-43846.0,0.0,0.0,-5400790.0,-1203386.0,0.0,-6604176.0,0.0,3684039.0,9626984.0,5942945.0,10332061.0,-55486.0,10276575.0,https://www.sec.gov/Archives/edgar/data/97517/000093244006000125/0000932440-06-000125-index.htm,https://www.sec.gov/Archives/edgar/data/97517/000093244006000125/tplt10k-2005.htm,1620598978,18:22:58,20210509
16,2004-12-31,TPL,USD,2004-12-31,2004-12-31,FY,17412958.0,38174.0,3778233.0,0.0,-5037145000.0,-12075489.0,0.0,531421.0,0.0,715712.0,10161477.0,-33110.0,0.0,0.0,0.0,0.0,-33110.0,0.0,0.0,-3737308.0,-4961364.0,0.0,-8698672.0,0.0,1429695.0,5942945.0,4513250.0,10161477.0,-33110.0,10128367.0,,,1620598978,18:22:58,20210509
17,2004-12-04,TPL,USD,2005-03-16,2005-03-16 12:29:19,FY,17412958000.0,38174000.0,3778233000.0,0.0,5032826434.0,-14992021000.0,0.0,531421000.0,5037145000.0,0.0,0.0,0.0,0.0,0.0,0.0,0.0,-33110000.0,0.0,0.0,0.0,-4961364000.0,0.0,-8698672000.0,0.0,0.0,0.0,4513250000.0,0.0,0.0,0.0,https://www.sec.gov/Archives/edgar/data/97517/000093244005000113/0000932440-05-000113-index.htm,https://www.sec.gov/Archives/edgar/data/97517/000093244005000113/texpac10k_march05.htm,1620598978,18:22:58,20210509
18,2003-12-31,TPL,USD,2004-03-15,2004-03-15 10:29:57,FY,5330151.0,50929.0,-527041.0,0.0,4318566.0,1325830.0,0.0,21314.0,4318566.0,232372.0,6518021.0,-30220.0,0.0,0.0,0.0,0.0,-30220.0,0.0,0.0,-3604427.0,-1717870.0,0.0,-5322297.0,0.0,1165504.0,4513250.0,3347746.0,6518021.0,-30220.0,6487801.0,https://www.sec.gov/Archives/edgar/data/97517/000093244004000089/0000932440-04-000089-index.htm,https://www.sec.gov/Archives/edgar/data/97517/000093244004000089/texaspacfic_mar04-10k.htm,1620598978,18:22:58,20210509
19,2002-12-31,TPL,USD,2002-12-31,2002-12-31,FY,4900786.0,49965.0,183970.0,0.0,0.0,-599019.0,0.0,2583.0,0.0,98165.0,4921214.0,-55224.0,0.0,0.0,0.0,0.0,-43224.0,0.0,0.0,-3158314.0,-956995.0,0.0,-4115309.0,0.0,762681.0,3347746.0,2585065.0,4921214.0,-55224.0,4865990.0,,,1620598978,18:22:58,20210509
20,2001-12-31,TPL,USD,2001-12-31,2001-12-31,FY,6886513.0,52116.0,496803.0,0.0,0.0,-2632892.0,0.0,-44174.0,0.0,0.0,6067015.0,-151606.0,0.0,0.0,0.0,13000.0,-138606.0,0.0,0.0,-3953656.0,-1003522.0,0.0,-4957178.0,0.0,971231.0,2585065.0,1613834.0,6067015.0,-151606.0,5915409.0,,,1620598978,18:22:58,20210509
21,2000-12-31,TPL,USD,2000-12-31,2000-12-31,FY,3758069.0,44413.0,-116125.0,0.0,0.0,-159351.0,0.0,-28939.0,0.0,0.0,4023158.0,-61005.0,0.0,0.0,0.0,15674.0,-45331.0,0.0,0.0,-3202690.0,-1033842.0,0.0,-4236532.0,0.0,-258705.0,1613834.0,1872539.0,4023158.0,-61005.0,3962153.0,,,1620598978,18:22:58,20210509
22,1999-12-31,TPL,USD,1999-12-31,1999-12-31,FY,2937827.0,48026.0,-818677.0,0.0,5200000.0,2300000.0,0.0,100000.0,0.0,37827.0,4150368.0,-57941.0,0.0,0.0,0.0,15500.0,-42441.0,0.0,0.0,-3800000.0,-1067202.0,34439.0,-4832763.0,0.0,-724836.0,1872539.0,2597375.0,4150368.0,-57941.0,4092427.0,,,1620598978,18:22:58,20210509
23,1998-12-31,TPL,USD,1998-12-31,1998-12-31,FY,6033261.0,60321.0,548623.0,0.0,-700000.0,-1500000.0,0.0,-100000.0,-5200000.0,33261.0,5340801.0,-56243.0,0.0,0.0,0.0,12987.0,-43256.0,0.0,0.0,0.0,-1102802.0,-3509959.0,-4612761.0,0.0,684784.0,2597375.0,1912591.0,5340801.0,-56243.0,5284558.0,,,1620598978,18:22:58,20210509
24,1997-12-31,TPL,USD,1997-12-31,1997-12-31,FY,6706741.0,49201.0,903474.0,0.0,-900000.0,-2800000.0,0.0,0.0,-4500000.0,6741.0,4793115.0,-78731.0,0.0,0.0,0.0,14500.0,-64231.0,0.0,0.0,0.0,-1134882.0,-3476309.0,-4611191.0,0.0,117693.0,1912591.0,1794898.0,4793115.0,-78731.0,4714384.0,,,1620598978,18:22:58,20210509
25,1996-12-31,TPL,USD,1996-12-31,1996-12-31,FY,4264273.0,15726.0,94065.0,0.0,0.0,-1800000.0,0.0,0.0,-3600000.0,-35727.0,3294438.0,-108653.0,0.0,0.0,0.0,19373.0,-89280.0,0.0,0.0,0.0,-1178802.0,-3254443.0,-4433245.0,0.0,-1228087.0,1794898.0,3022985.0,3294438.0,-108653.0,3185785.0,,,1620598978,18:22:58,20210509
26,1995-12-31,TPL,USD,1995-12-31,1995-12-31,FY,3328901.0,11314.0,-472129.0,0.0,1844904.0,1800000.0,0.0,0.0,-3600000.0,28901.0,4712990.0,-19394.0,0.0,0.0,0.0,0.0,-19394.0,0.0,0.0,0.0,-1222802.0,-2680652.0,-3903454.0,0.0,790142.0,3022985.0,2232843.0,4712990.0,-19394.0,4693596.0,,,1620598978,18:22:58,20210509
