,date,symbol,reportedCurrency,fillingDate,acceptedDate,period,netIncome,depreciationAndAmortization,deferredIncomeTax,stockBasedCompensation,changeInWorkingCapital,accountsReceivables,inventory,accountsPayables,otherWorkingCapital,otherNonCashItems,netCashProvidedByOperatingActivities,investmentsInPropertyPlantAndEquipment,acquisitionsNet,purchasesOfInvestments,salesMaturitiesOfInvestments,otherInvestingActivites,netCashUsedForInvestingActivites,debtRepayment,commonStockIssued,commonStockRepurchased,dividendsPaid,otherFinancingActivites,netCashUsedProvidedByFinancingActivities,effectOfForexChangesOnCash,netChangeInCash,cashAtEndOfPeriod,cashAtBeginningOfPeriod,operatingCashFlow,capitalExpenditure,freeCashFlow,link,finalLink,timestamp,est_time,est_date
0,2020-05-30,RELL,USD,2020-08-03,2020-08-03 13:59:46,FY,-1838000.0,3386000.0,-7000.0,683000.0,-4913000.0,3895000.0,-5452000.0,631000.0,97485000,1699000.0,1923000.0,-1776000.0,0.0,-29000000.0,0.0,-8000000.0,-9776000.0,-166000.0,59000.0,59000.0,-3101000.0,30369000.0,-3208000.0,-423000.0,-11484000.0,30535000.0,42019000.0,1923000.0,-1776000.0,147000.0,https://www.sec.gov/Archives/edgar/data/355948/000156459020035424/0001564590-20-035424-index.htm,https://www.sec.gov/Archives/edgar/data/355948/000156459020035424/rell-10k_20200530.htm,1620597183,17:53:03,20210509
1,2019-06-01,RELL,USD,2019-08-05,2019-08-05 15:01:49,FY,-7328000.0,3173000.0,315000.0,697000.0,-5480000.0,-2030000.0,-4242000.0,-2424000.0,102398000,8128000.0,-2563000.0,-3874000.0,0.0,-17800000.0,0.0,-8000000.0,-11874000.0,0.0,259000.0,259000.0,-3076000.0,42019000.0,-2817000.0,-1192000.0,-18446000.0,42019000.0,60465000.0,-2563000.0,-3874000.0,-6437000.0,https://www.sec.gov/Archives/edgar/data/355948/000156459019028701/0001564590-19-028701-index.htm,https://www.sec.gov/Archives/edgar/data/355948/000156459019028701/rell-10k_20190601.htm,1620597183,17:53:03,20210509
2,2018-06-02,RELL,USD,2018-08-02,2018-08-02 17:09:32,FY,3822000.0,2993000.0,319000.0,533000.0,3765000.0,-1764000.0,773000.0,3457000.0,107878000,847000.0,2952000.0,-5239000.0,0.0,-3943000.0,0.0,0.0,4152000.0,0.0,97000.0,97000.0,-3048000.0,0.0,-2951000.0,985000.0,5138000.0,60465000.0,55327000.0,2952000.0,-5239000.0,-2287000.0,https://www.sec.gov/Archives/edgar/data/355948/000138713118003556/0001387131-18-003556-index.htm,https://www.sec.gov/Archives/edgar/data/355948/000138713118003556/rell-10k_060218.htm,1620597183,17:53:03,20210509
3,2017-05-27,RELL,USD,2017-07-31,2017-07-31 12:30:19,FY,-6928000.0,2740000.0,-55000.0,437000.0,-7781000.0,4167000.0,456000.0,1037000.0,104113000,678000.0,1809000.0,-5221000.0,0.0,-2136000.0,0.0,0.0,-3787000.0,0.0,30000.0,30000.0,-3031000.0,0.0,-3001000.0,-148000.0,-5127000.0,55327000.0,60454000.0,1809000.0,-5221000.0,-3412000.0,https://www.sec.gov/Archives/edgar/data/355948/000138713117003807/0001387131-17-003807-index.htm,https://www.sec.gov/Archives/edgar/data/355948/000138713117003807/rell-10k_052717.htm,1620597183,17:53:03,20210509
4,2016-05-28,RELL,USD,2016-07-29,2016-07-29 13:29:43,FY,-6766000.0,2381000.0,201000.0,548000.0,-23372000.0,-3521000.0,-5175000.0,-899000.0,111894000,305000.0,-13584000.0,-4813000.0,-12000000.0,-2151000.0,0.0,0.0,8235000.0,0.0,142000.0,-4873000.0,-3079000.0,0.0,-7956000.0,-776000.0,-14081000.0,60454000.0,74535000.0,-13584000.0,-4813000.0,-18397000.0,https://www.sec.gov/Archives/edgar/data/355948/000138713116006220/0001387131-16-006220-index.htm,https://www.sec.gov/Archives/edgar/data/355948/000138713116006220/rell_10k-052816.htm,1620597183,17:53:03,20210509
5,2015-05-30,RELL,USD,2015-07-28,2015-07-27 17:41:31,FY,-5559000.0,1707000.0,-1604000.0,726000.0,-35409000.0,-4495000.0,-7519000.0,4207000.0,135266000,694000.0,-9780000.0,-4737000.0,0.0,-3945000.0,0.0,1764000.0,-6918000.0,0.0,324000.0,-3621000.0,-3260000.0,3000.0,-6878000.0,-4641000.0,-28217000.0,74583000.0,102800000.0,-9780000.0,-4737000.0,-14517000.0,https://www.sec.gov/Archives/edgar/data/355948/000162828015005470/0001628280-15-005470-index.htm,https://www.sec.gov/Archives/edgar/data/355948/000162828015005470/rell-2015530x10xk.htm,1620597183,17:53:03,20210509
6,2014-05-31,RELL,USD,2014-07-25,2014-07-25 16:33:24,FY,-515000.0,1094000.0,-1005000.0,759000.0,-8225000.0,195000.0,1517000.0,-2072000.0,170675000,0.0,4613000.0,0.0,-1000000.0,-331199000.0,342455000.0,98000.0,7600000.0,0.0,190000.0,-8739000.0,-3341000.0,37000.0,-11853000.0,390000.0,750000.0,102752000.0,102002000.0,4613000.0,-2781000.0,1832000.0,https://www.sec.gov/Archives/edgar/data/355948/000035594814000015/0000355948-14-000015-index.htm,https://www.sec.gov/Archives/edgar/data/355948/000035594814000015/rell-2014531x10xk.htm,1620597183,17:53:03,20210509
7,2013-06-01,RELL,USD,2013-07-26,2013-07-26 15:02:08,FY,1200000.0,1060000.0,150000.0,619000.0,-13100000.0,1814000.0,2490000.0,1482000.0,178900000,1210000.0,8630000.0,-1640000.0,-2557000.0,-15024000.0,0.0,86426000.0,67210000.0,0.0,198000.0,-14830000.0,-3570000.0,0.0,-18400000.0,680000.0,58110000.0,102010000.0,43900000.0,8630000.0,-1640000.0,6990000.0,https://www.sec.gov/Archives/edgar/data/355948/000119312513304525/0001193125-13-304525-index.htm,https://www.sec.gov/Archives/edgar/data/355948/000119312513304525/d550018d10k.htm,1620597183,17:53:03,20210509
8,2012-06-02,RELL,USD,2012-07-27,2012-07-27 16:00:58,FY,8500000.0,1110000.0,2860000.0,481000.0,-18800000.0,4112000.0,-4941000.0,-4712000.0,192000000,-5660000.0,-48720000.0,-218000.0,-2291000.0,-23991000.0,0.0,-22897000.0,-49400000.0,0.0,807000.0,-23180000.0,-3320000.0,-75000.0,-26570000.0,-2390000.0,-127080000.0,43920000.0,171000000.0,-48720000.0,-218000.0,-48940000.0,https://www.sec.gov/Archives/edgar/data/355948/000119312512319450/0001193125-12-319450-index.htm,https://www.sec.gov/Archives/edgar/data/355948/000119312512319450/d354915d10k.htm,1620597183,17:53:03,20210509
9,2011-05-28,RELL,USD,2011-07-22,2011-07-22 17:17:44,FY,87900000.0,1960000.0,250000.0,1188000.0,85700000.0,-6611000.0,1926000.0,2043000.0,210800000,-108280000.0,2130000.0,-530000.0,229000000.0,-186000.0,0.0,0.0,160010000.0,-181800000.0,5434000.0,-3060000.0,-1950000.0,0.0,-24520000.0,4310000.0,141940000.0,170940000.0,29000000.0,2130000.0,-530000.0,1600000.0,https://www.sec.gov/Archives/edgar/data/355948/000119312511194885/0001193125-11-194885-index.htm,https://www.sec.gov/Archives/edgar/data/355948/000119312511194885/d10k.htm,1620597183,17:53:03,20210509
10,2010-05-29,RELL,USD,2010-07-22,2010-07-22 17:17:00,FY,16100000.0,4050000.0,-150000.0,657000.0,-28800000.0,-8002000.0,1260000.0,9070000.0,125100000,3280000.0,24300000.0,-1330000.0,0.0,-186000.0,0.0,0.0,-2320000.0,-45100000.0,680000.0,-1510000.0,-1400000.0,0.0,-35720000.0,-1110000.0,-14850000.0,29050000.0,43900000.0,24300000.0,-1330000.0,22970000.0,https://www.sec.gov/Archives/edgar/data/355948/000119312510163943/0001193125-10-163943-index.htm,https://www.sec.gov/Archives/edgar/data/355948/000119312510163943/d10k.htm,1620597183,17:53:03,20210509
11,2009-05-30,RELL,USD,2009-07-23,2009-07-23 16:22:19,FY,-12200000.0,4550000.0,-130000.0,630000.0,-15263000.0,12219000.0,9835000.0,-4950000.0,153900000,16940000.0,11080000.0,-1200000.0,0.0,-161000.0,0.0,0.0,-1010000.0,-120000000.0,5000.0,10000.0,-1410000.0,0.0,-3770000.0,-2460000.0,3850000.0,43850000.0,40000000.0,11080000.0,-1200000.0,9880000.0,https://www.sec.gov/Archives/edgar/data/355948/000119312509154049/0001193125-09-154049-index.htm,https://www.sec.gov/Archives/edgar/data/355948/000119312509154049/d10k.htm,1620597183,17:53:03,20210509
12,2008-05-31,RELL,USD,2008-07-31,2008-07-31 17:22:26,FY,-8426000.0,5257000.0,-3026000.0,687000.0,21763000.0,3535000.0,23403000.0,2344000.0,169163000,0.0,27916000.0,0.0,0.0,-196000.0,583000.0,-256000.0,-3196000.0,-263340000.0,69000.0,0.0,-2107000.0,61804000.0,-5874000.0,3760000.0,22606000.0,40042000.0,17436000.0,27916000.0,-4464000.0,23452000.0,https://www.sec.gov/Archives/edgar/data/355948/000119312508162766/0001193125-08-162766-index.htm,https://www.sec.gov/Archives/edgar/data/355948/000119312508162766/d10k.htm,1620597183,17:53:03,20210509
13,2007-06-02,RELL,USD,2007-08-16,2007-08-16 16:05:33,FY,40700000.0,6130000.0,310000.0,845000.0,-10800000.0,-3635000.0,-9836000.0,2637000.0,147400000,-41590000.0,-8960000.0,-6400000.0,78000000.0,-274000.0,0.0,0.0,79600000.0,-250419000.0,1948000.0,1950000.0,-2760000.0,0.0,-71160000.0,950000.0,430000.0,17430000.0,17000000.0,-8960000.0,-6400000.0,-15360000.0,https://www.sec.gov/Archives/edgar/data/355948/000119312507184605/0001193125-07-184605-index.htm,https://www.sec.gov/Archives/edgar/data/355948/000119312507184605/d10k.htm,1620597183,17:53:03,20210509
14,2006-06-03,RELL,USD,2006-08-31,2006-08-31 13:14:37,FY,-2600000.0,6240000.0,1460000.0,0.0,4400000.0,0.0,0.0,0.0,158200000,0.0,5620000.0,-6210000.0,-7000000.0,0.0,0.0,0.0,-12890000.0,0.0,0.0,710000.0,-2740000.0,0.0,-590000.0,580000.0,-7290000.0,17010000.0,24300000.0,5620000.0,-6210000.0,-590000.0,https://www.sec.gov/Archives/edgar/data/355948/000119312506183404/0001193125-06-183404-index.htm,https://www.sec.gov/Archives/edgar/data/355948/000119312506183404/d10k.htm,1620597183,17:53:03,20210509
15,2005-05-28,RELL,USD,2005-08-26,2005-08-26 17:05:40,FY,-16000000.0,5300000.0,18280000.0,0.0,-20569000.0,0.0,0.0,0.0,153800000,-9920000.0,-2010000.0,31821000.0,-1000000.0,0.0,0.0,0.0,2980000.0,0.0,0.0,29730000.0,-2720000.0,0.0,6250000.0,510000.0,7730000.0,24630000.0,16900000.0,-2010000.0,31821000.0,-8990000.0,https://www.sec.gov/Archives/edgar/data/355948/000119312505175538/0001193125-05-175538-index.htm,https://www.sec.gov/Archives/edgar/data/355948/000119312505175538/d10k.htm,1620597183,17:53:03,20210509
16,2004-08-10,RELL,USD,2004-08-11,2004-08-11 16:58:25,FY,6033000.0,4898000.0,1190000.0,0.0,-31000.0,-19306000.0,4691000.0,9699000.0,174369000,0.0,11978000.0,0.0,0.0,-3946000.0,0.0,0.0,-10968000.0,-53416000.0,1656000.0,0.0,-2206000.0,0.0,-1861000.0,0.0,53000.0,16927000.0,16874000.0,11978000.0,0.0,11978000.0,https://www.sec.gov/Archives/edgar/data/355948/000035594804000028/0000355948-04-000028-index.htm,https://www.sec.gov/Archives/edgar/data/355948/000035594804000028/form10k.htm,1620597183,17:53:03,20210509
17,2004-05-29,RELL,USD,2004-05-29,2004-05-29,FY,5500000.0,4990000.0,1330000.0,0.0,-10083000.0,-20700000.0,3600000.0,-9800000.0,174400000,580000.0,12560000.0,-5470000.0,0.0,0.0,0.0,0.0,-11620000.0,0.0,0.0,1660000.0,-2210000.0,0.0,-1860000.0,890000.0,-40000.0,16860000.0,16900000.0,12560000.0,-5470000.0,7090000.0,,,1620597183,17:53:03,20210509
18,2003-05-31,RELL,USD,2003-08-29,2003-08-29 16:07:39,FY,-27558000.0,5364000.0,-1825000.0,0.0,-2260000.0,0.0,2484000.0,0.0,184483000,0.0,8209000.0,-6125000.0,0.0,0.0,0.0,-23000.0,-7256000.0,0.0,1134000.0,0.0,-2694000.0,-304000.0,-966000.0,2026000.0,2013000.0,17498000.0,15485000.0,8209000.0,-6125000.0,2084000.0,https://www.sec.gov/Archives/edgar/data/355948/000035594803000038/0000355948-03-000038-index.htm,https://www.sec.gov/Archives/edgar/data/355948/000035594803000038/form10k.htm,1620597183,17:53:03,20210509
19,2002-05-31,RELL,USD,2002-08-29,2002-08-29 15:38:25,FY,-11270000.0,5875000.0,-5780000.0,0.0,-38693000.0,0.0,14455000.0,0.0,186743000,0.0,34209000.0,-5727000.0,0.0,0.0,0.0,480000.0,-7771000.0,0.0,1606000.0,0.0,-2144000.0,0.0,-26899000.0,0.0,-461000.0,15485000.0,15946000.0,34209000.0,-5727000.0,28482000.0,https://www.sec.gov/Archives/edgar/data/355948/000035594802000027/0000355948-02-000027-index.htm,https://www.sec.gov/Archives/edgar/data/355948/000035594802000027/tenkform.htm,1620597183,17:53:03,20210509
20,2001-05-31,RELL,USD,2001-08-29,2001-08-29 00:00:00,FY,17734000.0,5776000.0,885000.0,0.0,51166000.0,0.0,-25094000.0,0.0,225436000,0.0,-19562000.0,-7883000.0,0.0,0.0,0.0,1283000.0,-14916000.0,0.0,4044000.0,0.0,-2084000.0,0.0,38592000.0,0.0,4114000.0,15946000.0,11832000.0,-19562000.0,-7883000.0,-27445000.0,https://www.sec.gov/Archives/edgar/data/355948/000035594801500020/0000355948-01-500020-index.htm,https://www.sec.gov/Archives/edgar/data/355948/000035594801500020/tenkform.htm,1620597183,17:53:03,20210509
21,2000-05-31,RELL,USD,2000-08-29 00:00:00,2000-08-29 00:00:00,FY,13104000.0,5159000.0,1292000.0,0.0,12570000.0,0.0,-11307000.0,0.0,174270000,0.0,4114000.0,-7026000.0,0.0,0.0,0.0,-885000.0,-10267000.0,0.0,2716000.0,-11000.0,-1964000.0,0.0,5416000.0,0.0,-737000.0,11832000.0,12569000.0,4114000.0,-7026000.0,-2912000.0,https://www.sec.gov/Archives/edgar/data/355948/000035594800500002/0000355948-00-500002-index.html,https://www.sec.gov/Archives/edgar/data/355948/000035594800500002/0000355948-00-500002-0001.txt,1620597183,17:53:03,20210509
22,1999-05-31,RELL,USD,1999-08-30 00:00:00,1999-08-30 00:00:00,FY,8400000.0,4200000.0,1200000.0,0.0,12100000.0,0.0,-11000000.0,0.0,161700000,0.0,4100000.0,-11400000.0,0.0,0.0,0.0,-2600000.0,-14000000.0,0.0,400000.0,-11500000.0,-2200000.0,0.0,14500000.0,0.0,4600000.0,12600000.0,8000000.0,4100000.0,-11400000.0,-7300000.0,https://www.sec.gov/Archives/edgar/data/355948/000035594899000013/0000355948-99-000013-index.html,https://www.sec.gov/Archives/edgar/data/355948/0000355948-99-000013.txt,1620597183,17:53:03,20210509
23,1998-05-31,RELL,USD,1998-08-28 00:00:00,1998-08-28 00:00:00,FY,9700000.0,4100000.0,2800000.0,0.0,8800000.0,0.0,-3700000.0,0.0,149600000,100000.0,6300000.0,-4100000.0,0.0,-10200000.0,0.0,0.0,-14300000.0,0.0,26900000.0,0.0,-2000000.0,0.0,6000000.0,0.0,0.0,0.0,10000000.0,6300000.0,-4100000.0,2200000.0,https://www.sec.gov/Archives/edgar/data/355948/000035594898000015/0000355948-98-000015-index.html,https://www.sec.gov/Archives/edgar/data/355948/0000355948-98-000015.txt,1620597183,17:53:03,20210509
24,1997-05-31,RELL,USD,1997-08-29 00:00:00,1997-08-29 00:00:00,FY,-1500000.0,3900000.0,-3300000.0,0.0,7700000.0,0.0,400000.0,0.0,140800000,0.0,3600000.0,-4000000.0,0.0,-3600000.0,3600000.0,-10300000.0,-14300000.0,0.0,500000.0,0.0,-1900000.0,0.0,13900000.0,0.0,0.0,0.0,6800000.0,3600000.0,-4000000.0,-400000.0,https://www.sec.gov/Archives/edgar/data/355948/000035594897000022/0000355948-97-000022-index.html,https://www.sec.gov/Archives/edgar/data/355948/0000355948-97-000022.txt,1620597183,17:53:03,20210509
25,1996-05-31,RELL,USD,1996-08-29 00:00:00,1996-08-29 00:00:00,FY,8100000.0,3100000.0,2300000.0,0.0,26900000.0,0.0,-12900000.0,0.0,133100000,-100000.0,-7900000.0,-2400000.0,0.0,-6700000.0,11400000.0,-1100000.0,1200000.0,0.0,1700000.0,0.0,-1800000.0,0.0,2400000.0,0.0,0.0,0.0,11200000.0,-7900000.0,-2400000.0,-10300000.0,https://www.sec.gov/Archives/edgar/data/355948/000035594896000022/0000355948-96-000022-index.html,https://www.sec.gov/Archives/edgar/data/355948/0000355948-96-000022.txt,1620597183,17:53:03,20210509
26,1995-05-31,RELL,USD,1995-08-29 00:00:00,1995-08-29 00:00:00,FY,3000000.0,3100000.0,1300000.0,0.0,9700000.0,0.0,-5600000.0,0.0,106200000,-100000.0,-6700000.0,-2700000.0,0.0,-11300000.0,22100000.0,400000.0,8500000.0,0.0,100000.0,0.0,-1800000.0,100000.0,-400000.0,0.0,0.0,0.0,9700000.0,-6700000.0,-2700000.0,-9400000.0,https://www.sec.gov/Archives/edgar/data/355948/000035594895000011/0000355948-95-000011-index.html,https://www.sec.gov/Archives/edgar/data/355948/0000355948-95-000011.txt,1620597183,17:53:03,20210509
27,1994-05-31,RELL,USD,1994-08-26 00:00:00,1994-08-26 00:00:00,FY,-19800000.0,5800000.0,-6700000.0,0.0,-8100000.0,0.0,1200000.0,0.0,96500000,-100000.0,-2300000.0,-2200000.0,0.0,0.0,11500000.0,200000.0,9500000.0,0.0,100000.0,0.0,-1800000.0,-100000.0,-4600000.0,0.0,0.0,0.0,7100000.0,-2300000.0,-2200000.0,-4500000.0,https://www.sec.gov/Archives/edgar/data/355948/000035594894000014/0000355948-94-000014-index.html,https://www.sec.gov/Archives/edgar/data/355948/0000355948-94-000014.txt,1620597183,17:53:03,20210509
