,date,symbol,reportedCurrency,fillingDate,acceptedDate,period,netIncome,depreciationAndAmortization,deferredIncomeTax,stockBasedCompensation,changeInWorkingCapital,accountsReceivables,inventory,accountsPayables,otherWorkingCapital,otherNonCashItems,netCashProvidedByOperatingActivities,investmentsInPropertyPlantAndEquipment,acquisitionsNet,purchasesOfInvestments,salesMaturitiesOfInvestments,otherInvestingActivites,netCashUsedForInvestingActivites,debtRepayment,commonStockIssued,commonStockRepurchased,dividendsPaid,otherFinancingActivites,netCashUsedProvidedByFinancingActivities,effectOfForexChangesOnCash,netChangeInCash,cashAtEndOfPeriod,cashAtBeginningOfPeriod,operatingCashFlow,capitalExpenditure,freeCashFlow,link,finalLink,timestamp,est_time,est_date
0,2020-12-31,DTE,USD,2021-02-19,2021-02-19 13:40:44,FY,1368000000,1443000000.0,407000000.0,0.0,1718000000.0,111000000.0,45000000.0,0.0,807000000,12000000.0,3697000000,-3857000000,0.0,-2350000000.0,2350000000.0,-74000000.0,-4070000000,-882000000.0,2000000.0,0.0,-760000000,-466000000.0,796000000.0,0.0,423000000.0,516000000,93000000.0,3697000000,-3857000000,-160000000,https://www.sec.gov/Archives/edgar/data/936340/000093634021000112/0000936340-21-000112-index.htm,https://www.sec.gov/ix?doc=/Archives/edgar/data/28385/000093634021000112/dte-20201231.htm,1620591305,16:15:05,20210509
1,2019-12-31,DTE,USD,2020-02-05 00:00:00,2020-02-05 15:13:51,FY,1169000000,1263000000.0,329000000.0,0.0,267000000.0,49000000.0,59000000.0,-288000000.0,-911000000,36000000.0,2649000000,-2997000000,-2470000000.0,-794000000.0,788000000.0,-120000000.0,-5732000000,-821000000.0,2288000000.0,0.0,-692000000,-400000000.0,3100000000.0,0.0,17000000.0,93000000,76000000.0,2649000000,-2997000000,-348000000,https://www.sec.gov/Archives/edgar/data/28385/000093634020000127/0000936340-20-000127-index.html,https://www.sec.gov/Archives/edgar/data/28385/000093634020000127/dteenergy2019123110k.htm,1620591305,16:15:05,20210509
2,2018-12-31,DTE,USD,2019-02-07,2019-02-07 12:52:11,FY,1120000000,1124000000.0,114000000.0,0.0,-1447000000.0,-44000000.0,-32000000.0,146000000.0,-1178000000,17000000.0,2680000000,-2713000000,0.0,-1188000000.0,1203000000.0,-21000000.0,-3347000000,-105000000.0,0.0,0.0,-620000000,-41000000.0,654000000.0,0.0,-13000000.0,76000000,89000000.0,2680000000,-2713000000,-33000000,https://www.sec.gov/Archives/edgar/data/936340/000093634019000086/dteenergy2018123110k.htm,https://www.sec.gov/Archives/edgar/data/936340/000093634019000086/dteenergy2018123110k.htm,1620591305,16:15:05,20210509
3,2017-12-31,DTE,USD,2018-02-16,2018-02-16 11:02:58,FY,1134000000,1030000000.0,196000000.0,0.0,-56000000.0,-252000000.0,-4000000.0,129000000.0,269000000,30000000.0,2117000000,-2250000000,0.0,-1226000000.0,1240000000.0,-39000000.0,-2564000000,-385000000.0,0.0,-51000000.0,-592000000,-71000000.0,421000000.0,0.0,-26000000.0,66000000,92000000.0,2117000000,-2250000000,-133000000,https://www.sec.gov/Archives/edgar/data/936340/000093634018000082/dteenergy2017123110k.htm,https://www.sec.gov/Archives/edgar/data/936340/000093634018000082/dteenergy2017123110k.htm,1620591305,16:15:05,20210509
4,2016-12-31,DTE,USD,2017-02-09,2017-02-09 14:04:11,FY,868000000,976000000.0,265000000.0,0.0,278000000.0,-226000000.0,37000000.0,145000000.0,325000000,37000000.0,2084000000,-2045000000,-1147000000.0,-1463000000.0,1457000000.0,38000000.0,-3388000000,-866000000.0,654000000.0,-33000000.0,-531000000,100000000.0,1359000000.0,0.0,55000000.0,92000000,37000000.0,2084000000,-2045000000,39000000,https://www.sec.gov/Archives/edgar/data/936340/000093634017000064/dteenergy2016123110k.htm,https://www.sec.gov/Archives/edgar/data/936340/000093634017000064/dteenergy2016123110k.htm,1620591305,16:15:05,20210509
5,2015-12-31,DTE,USD,2016-02-10,2016-02-10 15:39:15,FY,727000000,852000000.0,237000000.0,0.0,-463000000.0,259000000.0,1000000.0,-158000000.0,47000000,25000000.0,1911000000,-2020000000,-241000000.0,-898000000.0,885000000.0,149000000.0,-2204000000,-286000000.0,9000000.0,0.0,-501000000,3000000.0,282000000.0,0.0,-11000000.0,37000000,48000000.0,1911000000,-2020000000,-109000000,https://www.sec.gov/Archives/edgar/data/936340/000093634016000243/dteenergy2015123110k.htm,https://www.sec.gov/Archives/edgar/data/936340/000093634016000243/dteenergy2015123110k.htm,1620591305,16:15:05,20210509
6,2014-12-31,DTE,USD,2015-02-13,2015-02-13 15:27:38,FY,905000000,1145000000.0,356000000.0,0.0,893000000.0,48000000.0,-177000000.0,128000000.0,510000000,27000000.0,1839000000,-2049000000,0.0,-1156000000.0,1146000000.0,-1000000.0,-2060000000,-1237000000.0,0.0,-52000000.0,-470000000,-27000000.0,217000000.0,0.0,-4000000.0,48000000,52000000.0,1839000000,-2049000000,-210000000,https://www.sec.gov/Archives/edgar/data/936340/000093634015000014/dteenergy2014123110k.htm,https://www.sec.gov/Archives/edgar/data/936340/000093634015000014/dteenergy2014123110k.htm,1620591305,16:15:05,20210509
7,2013-12-31,DTE,USD,2014-02-14,2014-02-14 15:54:03,FY,661000000,0.0,164000000.0,0.0,-530000000.0,-154000000.0,123000000.0,14000000.0,-383000000,23000000.0,2154000000,-1876000000,0.0,-1134000000.0,1118000000.0,-14000000.0,-1906000000,-961000000.0,39000000.0,0.0,-445000000,-19000000.0,-261000000.0,0.0,-13000000.0,52000000,65000000.0,2154000000,-1876000000,278000000,https://www.sec.gov/Archives/edgar/data/936340/000093634014000014/dteenergy2013123110k.htm,https://www.sec.gov/Archives/edgar/data/936340/000093634014000014/dteenergy2013123110k.htm,1620591305,16:15:05,20210509
8,2012-12-31,DTE,USD,2013-02-20 00:00:00,2013-02-20 17:30:10,FY,610000000,0.0,47000000.0,0.0,-421000000.0,52000000.0,35000000.0,40000000.0,147000000,1000000.0,2209000000,-1820000000,57000000.0,-102000000.0,97000000.0,-1000000.0,-1769000000,-639000000.0,39000000.0,0.0,-407000000,-16000000.0,-443000000.0,0.0,-3000000.0,65000000,68000000.0,2209000000,-1820000000,389000000,https://www.sec.gov/Archives/edgar/data/936340/000093634013000028/0000936340-13-000028-index.html,https://www.sec.gov/Archives/edgar/data/936340/000093634013000028/dteenergy2012123110k.htm,1620591305,16:15:05,20210509
9,2011-12-31,DTE,USD,2012-02-16 00:00:00,2012-02-16 17:18:05,FY,711000000,0.0,220000000.0,0.0,150000000.0,71000000.0,-129000000.0,-23000000.0,568000000,0.0,2008000000,-1484000000,0.0,-100000000.0,80000000.0,-56000000.0,-1560000000,-1455000000.0,0.0,-18000000.0,-389000000,-31000000.0,-445000000.0,0.0,3000000.0,68000000,65000000.0,2008000000,-1484000000,524000000,https://www.sec.gov/Archives/edgar/data/936340/000093634012000004/0000936340-12-000004-index.html,https://www.sec.gov/Archives/edgar/data/936340/000093634012000004/dteenergy2011123110k.htm,1620591305,16:15:05,20210509
10,2010-12-31,DTE,USD,2011-02-18,2011-02-18 17:12:00,FY,630000000,0.0,457000000.0,0.0,186000000.0,79000000.0,-133000000.0,12000000.0,418000000,0.0,1825000000,-1099000000,0.0,-459000000.0,377000000.0,-101000000.0,-1226000000,-840000000.0,36000000.0,0.0,-360000000,-36000000.0,-586000000.0,0.0,13000000.0,65000000,52000000.0,1825000000,-1099000000,726000000,https://www.sec.gov/Archives/edgar/data/936340/000095012311015771/k49859e10vk.htm,https://www.sec.gov/Archives/edgar/data/936340/000095012311015771/k49859e10vk.htm,1620591305,16:15:05,20210509
11,2009-12-31,DTE,USD,2010-02-23 00:00:00,2010-02-23 17:23:23,FY,532000000,0.0,205000000.0,0.0,-83000000.0,167000000.0,28000000.0,-162000000.0,232000000,0.0,1819000000,-1035000000,0.0,-409000000.0,295000000.0,85000000.0,-1064000000,-903000000.0,35000000.0,0.0,-348000000,0.0,-789000000.0,0.0,-34000000.0,52000000,86000000.0,1819000000,-1035000000,784000000,https://www.sec.gov/Archives/edgar/data/936340/000095012310015829/0000950123-10-015829-index.html,https://www.sec.gov/Archives/edgar/data/936340/000095012310015829/k48696e10vk.htm,1620591305,16:15:05,20210509
12,2008-12-31,DTE,USD,2009-02-27 00:00:00,2009-02-27 16:38:46,FY,546000000,0.0,348000000.0,0.0,551000000.0,0.0,96000000.0,0.0,315000000,16000000.0,1559000000,-1373000000,337000000.0,0.0,0.0,-332000000.0,-1523000000,0.0,0.0,-16000000.0,-344000000,-10000000.0,-84000000.0,0.0,-48000000.0,86000000,134000000.0,1559000000,-1373000000,186000000,https://www.sec.gov/Archives/edgar/data/936340/000095015209001957/0000950152-09-001957-index.html,https://www.sec.gov/Archives/edgar/data/936340/000095015209001957/k47322e10vk.htm,1620591305,16:15:05,20210509
13,2007-12-31,DTE,USD,2008-03-07,2008-03-07 16:47:25,FY,971000000,0.0,144000000.0,0.0,-33000000.0,0.0,80000000.0,0.0,-236000000,45000000.0,1125000000,-1299000000,1709000000.0,0.0,0.0,-251000000.0,330000000,0.0,0.0,-708000000.0,-364000000,-6000000.0,-1468000000.0,0.0,-13000000.0,123000000,136000000.0,1125000000,-1299000000,-174000000,https://www.sec.gov/Archives/edgar/data/936340/000095012408001093/k23278e10vk.htm,https://www.sec.gov/Archives/edgar/data/936340/000095012408001093/k23278e10vk.htm,1620591305,16:15:05,20210509
14,2006-12-31,DTE,USD,2007-03-01,2007-03-01 17:20:45,FY,433000000,0.0,28000000.0,0.0,35000000.0,0.0,-49000000.0,0.0,-203000000,76000000.0,1456000000,-1403000000,204000000.0,0.0,0.0,-62000000.0,-1194000000,0.0,17000000.0,-61000000.0,-365000000,-10000000.0,-203000000.0,0.0,59000000.0,147000000,88000000.0,1456000000,-1403000000,53000000,https://www.sec.gov/Archives/edgar/data/936340/000095012407001240/k12582e10vk.htm,https://www.sec.gov/Archives/edgar/data/936340/000095012407001240/k12582e10vk.htm,1620591305,16:15:05,20210509
15,2005-12-31,DTE,USD,2006-03-08,2006-03-08 09:20:35,FY,537000000,0.0,147000000.0,0.0,-225000000.0,0.0,-6000000.0,0.0,-238000000,0.0,1001000000,-1065000000,299000000.0,-66000000.0,0.0,-80000000.0,-802000000,0.0,172000000.0,-13000000.0,-360000000,-6000000.0,-167000000.0,0.0,32000000.0,88000000,56000000.0,1001000000,-1065000000,-64000000,https://www.sec.gov/Archives/edgar/data/936340/000095012406001039/k01978e10vk.htm,https://www.sec.gov/Archives/edgar/data/936340/000095012406001039/k01978e10vk.htm,1620591305,16:15:05,20210509
16,2004-12-31,DTE,USD,2005-03-15,2005-03-15 17:27:54,FY,431000000,0.0,129000000.0,0.0,154000000.0,0.0,-40000000.0,0.0,-13000000,0.0,995000000,-904000000,0.0,0.0,0.0,-102000000.0,-681000000,0.0,41000000.0,0.0,-354000000,-9000000.0,-312000000.0,0.0,2000000.0,56000000,54000000.0,995000000,-904000000,91000000,https://www.sec.gov/Archives/edgar/data/936340/000095012405001542/k91838e10vk.htm,https://www.sec.gov/Archives/edgar/data/936340/000095012405001542/k91838e10vk.htm,1620591305,16:15:05,20210509
17,2003-12-31,DTE,USD,2004-03-03,2004-03-02 21:46:08,FY,521000000,0.0,-220000000.0,0.0,282000000.0,0.0,-61000000.0,0.0,-167000000,0.0,950000000,-751000000,0.0,0.0,0.0,3000000.0,10000000,0.0,44000000.0,-3000000.0,-346000000,0.0,-1039000000.0,0.0,-79000000.0,54000000,133000000.0,950000000,-751000000,199000000,https://www.sec.gov/Archives/edgar/data/936340/000095012404000639/k81862e10vk.htm,https://www.sec.gov/Archives/edgar/data/936340/000095012404000639/k81862e10vk.htm,1620591305,16:15:05,20210509
18,2002-12-31,DTE,USD,2003-03-24,2003-03-24 15:48:08,FY,632000000,0.0,-208000000.0,0.0,-97000000.0,0.0,-71000000.0,0.0,-449000000,-13000000.0,974000000,-984000000,0.0,0.0,0.0,-172000000.0,-1115000000,0.0,445000000.0,-189000000.0,-338000000,22000000.0,6000000.0,0.0,-135000000.0,133000000,268000000.0,974000000,-984000000,-10000000,https://www.sec.gov/Archives/edgar/data/936340/000095012403000824/k74326e10vk.htm,https://www.sec.gov/Archives/edgar/data/936340/000095012403000824/k74326e10vk.htm,1620591305,16:15:05,20210509
19,2001-12-31,DTE,USD,2002-03-29,2002-03-29 00:00:00,FY,332000000,0.0,-7000000.0,0.0,7000000.0,0.0,-76000000.0,0.0,-352000000,-128000000.0,811000000,-1096000000,0.0,22000000.0,0.0,0.0,-2286000000,0.0,0.0,-438000000.0,-325000000,0.0,1679000000.0,0.0,204000000.0,268000000,64000000.0,811000000,-1096000000,-285000000,https://www.sec.gov/Archives/edgar/data/936340/000095012402001121/k68272e10-k405.htm,https://www.sec.gov/Archives/edgar/data/936340/000095012402001121/k68272e10-k405.htm,1620591305,16:15:05,20210509
20,2000-12-31,DTE,USD,2000-12-31,2000-12-31,FY,468000000,0.0,0.0,0.0,-65000000.0,0.0,13000000.0,0.0,-359000000,0.0,1018000000,-587000000,0.0,0.0,0.0,0.0,-587000000,0.0,0.0,0.0,-319000000,0.0,-411000000.0,0.0,20000000.0,24000000,4000000.0,1018000000,-587000000,431000000,,,1620591305,16:15:05,20210509
21,1999-12-31,DTE,USD,1999-12-31,1999-12-31,FY,483000000,0.0,0.0,0.0,-134000000.0,0.0,-5000000.0,0.0,-294000000,0.0,1097000000,-739000000,0.0,0.0,0.0,-29000000.0,-768000000,0.0,0.0,0.0,-299000000,0.0,-426000000.0,0.0,-97000000.0,33000000,130000000.0,1097000000,-739000000,358000000,,,1620591305,16:15:05,20210509
22,1998-12-31,DTE,USD,1998-12-31,1998-12-31,FY,443000000,0.0,0.0,0.0,-78000000.0,0.0,-40000000.0,0.0,-160000000,661000000.0,868000000,-555000000,0.0,0.0,0.0,-482000000.0,-1037000000,0.0,0.0,-150000000.0,-299000000,6000000.0,254000000.0,0.0,85000000.0,130000000,45000000.0,868000000,-555000000,313000000,,,1620591305,16:15:05,20210509
23,1997-12-31,DTE,USD,1998-02-24,1998-02-24 00:00:00,FY,417000000,0.0,0.0,0.0,9600000.0,0.0,-36000000.0,0.0,-82000000,660000000.0,1006000000,-667000000,0.0,0.0,0.0,-74000000.0,-741000000,0.0,0.0,0.0,-299000000,-6000000.0,-219000000.0,0.0,46000000.0,99000000,53000000.0,1006000000,-667000000,339000000,https://www.sec.gov/Archives/edgar/data/936340/0000950124-98-000894-index.html,https://www.sec.gov/Archives/edgar/data/28385/,1620591305,16:15:05,20210509
24,1996-12-31,DTE,USD,1996-12-31,1996-12-31,FY,309300000,0.0,1900000.0,0.0,-4900000.0,0.0,41800000.0,0.0,-91600000,624200000.0,1078600000,-530500000,0.0,-8200000.0,0.0,-78100000.0,-616800000,0.0,0.0,-185000000.0,-298900000,-11000000.0,-473700000.0,0.0,-11900000.0,53000000,64900000.0,1078600000,-530500000,548100000,,,1620591305,16:15:05,20210509
25,1995-12-31,DTE,USD,1995-12-31,1995-12-31,FY,405900000,0.0,62500000.0,0.0,-192300000.0,0.0,-18800000.0,0.0,-86700000,587600000.0,912900000,-453800000,0.0,0.0,1900000.0,-70500000.0,-522400000,0.0,0.0,-1000000.0,-298500000,194900000.0,-333700000.0,0.0,56800000.0,64900000,8100000.0,912900000,-453800000,459100000,,,1620591305,16:15:05,20210509
