,date,symbol,reportedCurrency,fillingDate,acceptedDate,period,netIncome,depreciationAndAmortization,deferredIncomeTax,stockBasedCompensation,changeInWorkingCapital,accountsReceivables,inventory,accountsPayables,otherWorkingCapital,otherNonCashItems,netCashProvidedByOperatingActivities,investmentsInPropertyPlantAndEquipment,acquisitionsNet,purchasesOfInvestments,salesMaturitiesOfInvestments,otherInvestingActivites,netCashUsedForInvestingActivites,debtRepayment,commonStockIssued,commonStockRepurchased,dividendsPaid,otherFinancingActivites,netCashUsedProvidedByFinancingActivities,effectOfForexChangesOnCash,netChangeInCash,cashAtEndOfPeriod,cashAtBeginningOfPeriod,operatingCashFlow,capitalExpenditure,freeCashFlow,link,finalLink,timestamp,est_time,est_date
0,2020-12-31,MUSA,USD,2021-02-19,2021-02-19 16:30:57,FY,386100000,161000000,2500000.0,0.0,-111700000.0,4900000.0,-51700000.0,8300000.0,94100000.0,28500000.0,563700000,-230700000,0.0,0.0,0.0,6400000.0,-224300000,-38900000.0,0.0,-399600000.0,-6900000.0,-10700000.0,-456100000.0,0.0,-116700000.0,163600000,280300000,563700000,-230700000,333000000,https://www.sec.gov/Archives/edgar/data/1573516/000157351621000017/0001573516-21-000017-index.htm,https://www.sec.gov/Archives/edgar/data/1573516/000157351621000017/musa-20201231.htm,1620595419,17:23:39,20210509
1,2019-12-31,MUSA,USD,2020-02-18 00:00:00,2020-02-18 16:37:29,FY,154800000,152200000,23700000.0,0.0,113800000.0,-33400000.0,-6100000.0,0.0,205800000.0,16600000.0,313300000,-204800000,0.0,0.0,0.0,1700000.0,-203100000,-573400000.0,0.0,-165800000.0,0.0,-19000000.0,-14400000.0,0.0,95800000.0,280300000,184500000,313300000,-204800000,108500000,https://www.sec.gov/Archives/edgar/data/1573516/000157351620000007/0001573516-20-000007-index.html,https://www.sec.gov/Archives/edgar/data/1573516/000157351620000007/musa1231201910-kdoc.htm,1620595419,17:23:39,20210509
2,2018-12-31,MUSA,USD,2019-02-19 00:00:00,2019-02-19 16:40:06,FY,213600000,134000000,37900000.0,0.0,11057000.0,86600000.0,-39000000.0,-56700000.0,92000000.0,9800000.0,398700000,-204300000,0.0,0.0,0.0,-4800000.0,-209100000,-21300000.0,0.0,-144400000.0,0.0,-9400000.0,-175100000.0,0.0,14500000.0,184500000,170000000,398700000,-204300000,194400000,https://www.sec.gov/Archives/edgar/data/1573516/000157351619000012/0001573516-19-000012-index.html,https://www.sec.gov/Archives/edgar/data/1573516/000157351619000012/musa_12312018x10-kxdoc.htm,1620595419,17:23:39,20210509
3,2017-12-31,MUSA,USD,2018-02-20 00:00:00,2018-02-20 16:47:09,FY,245264000,116966000,-50411000.0,0.0,79949000.0,-41673000.0,-16344000.0,26841000.0,80943000.0,4810000.0,283625000,-258257000,0.0,0.0,0.0,-3850000.0,-262107000,-131412000.0,0.0,-205992000.0,0.0,-6649000.0,-5303000.0,0.0,16215000.0,170028000,153813000,283625000,-258257000,25368000,https://www.sec.gov/Archives/edgar/data/1573516/000157351618000010/0001573516-18-000010-index.html,https://www.sec.gov/Archives/edgar/data/1573516/000157351618000010/musa_12312017x10-kxdoc.htm,1620595419,17:23:39,20210509
4,2016-12-31,MUSA,USD,2017-02-22 00:00:00,2017-02-22 08:53:21,FY,221492000,98610000,40407000.0,0.0,-42381000.0,-47203000.0,2143000.0,83384000.0,994000.0,11417000.0,337440000,-262144000,2000000.0,0.0,0.0,124935000.0,-137209000,-20438000.0,0.0,-323272000.0,0.0,-7398000.0,-151108000.0,0.0,51478000.0,153813000,102335000,337440000,-262144000,75296000,https://www.sec.gov/Archives/edgar/data/1573516/000157351617000006/0001573516-17-000006-index.html,https://www.sec.gov/Archives/edgar/data/1573516/000157351617000006/musa_12312016x10-kxdoc.htm,1620595419,17:23:39,20210509
5,2015-12-31,MUSA,USD,2016-02-26 00:00:00,2016-02-26 06:58:13,FY,176340000,86568000,40556000.0,0.0,-209427000.0,2857000.0,1121000.0,1043000.0,43375000.0,10938000.0,215838000,-205225000,86000000.0,0.0,0.0,-70731000.0,-275956000,-146000.0,0.0,-248695000.0,0.0,-3133000.0,-251974000.0,0.0,-225770000.0,102335000,328105000,215838000,-205225000,10613000,https://www.sec.gov/Archives/edgar/data/1573516/000157351616000051/0001573516-16-000051-index.html,https://www.sec.gov/Archives/edgar/data/1573516/000157351616000051/musa_12312015x10-kxdoc.htm,1620595419,17:23:39,20210509
6,2014-12-31,MUSA,USD,2015-02-27,2015-02-27 09:49:34,FY,243863000,79234000,-1032000.0,0.0,96903000.0,59171000.0,-3858000.0,-50972000.0,252802000.0,16824000.0,305582000,-138888000,-4000000.0,0.0,0.0,-10255000.0,-150512000,-70000000.0,0.0,-51348000.0,0.0,-1455000.0,-122803000.0,0.0,33364000.0,328105000,294741000,305582000,-140257000,165325000,https://www.sec.gov/Archives/edgar/data/1573516/000157351615000008/musa-20141231x10k.htm,https://www.sec.gov/Archives/edgar/data/1573516/000157351615000008/musa-20141231x10k.htm,1620595419,17:23:39,20210509
7,2013-12-31,MUSA,USD,2014-02-28,2014-02-28 12:15:47,FY,235033000,74130000,-7262000.0,0.0,67846000.0,331679000.0,20532000.0,-272371000.0,155899000.0,14886000.0,356698000,-164536000,170000000.0,0.0,0.0,6165000.0,-159097000,-81170000.0,0.0,0.0,-685609000.0,-6693000.0,-132222000.0,0.0,237368000.0,294741000,57373000,356698000,-165262000,191436000,https://www.sec.gov/Archives/edgar/data/1573516/000157351614000005/musa-20131231x10k.htm,https://www.sec.gov/Archives/edgar/data/1573516/000157351614000005/musa-20131231x10k.htm,1620595419,17:23:39,20210509
8,2012-12-31,MUSA,USD,2012-12-31,2012-12-31,FY,83568000,76622000,-13604000.0,0.0,-7748000.0,-172340000.0,-33289000.0,235420000.0,88053000.0,617000.0,237427000,-111593000,0.0,0.0,0.0,0.0,-112088000,-42000.0,0.0,0.0,-104811000.0,0.0,-104853000.0,0.0,20486000.0,57373000,36887000,237427000,-112452000,124975000,,,1620595419,17:23:39,20210509
9,2011-12-31,MUSA,USD,2011-12-31,2011-12-31,FY,324020000,64879000,22948000.0,0.0,124522000.0,244828000.0,20181000.0,-452491000.0,95801000.0,3552000.0,188373000,-99819000,0.0,0.0,0.0,2816000.0,812880000,-42000.0,0.0,0.0,-1021038000.0,0.0,-1021080000.0,0.0,-19827000.0,36887000,56714000,188373000,-99819000,88554000,,,1620595419,17:23:39,20210509
10,2010-12-31,MUSA,USD,2010-12-31,2010-12-31,FY,157441000,60698000,-4851000.0,0.0,53446000.0,-183772000.0,-4731000.0,263206000.0,-28721000.0,-1617000.0,355883000,-221698000,0.0,0.0,0.0,43000.0,-376661000,-82037000.0,0.0,0.0,0.0,109377000.0,27340000.0,0.0,6562000.0,56714000,50152000,355883000,-221997000,133886000,,,1620595419,17:23:39,20210509
