,date,symbol,reportedCurrency,fillingDate,acceptedDate,period,netIncome,depreciationAndAmortization,deferredIncomeTax,stockBasedCompensation,changeInWorkingCapital,accountsReceivables,inventory,accountsPayables,otherWorkingCapital,otherNonCashItems,netCashProvidedByOperatingActivities,investmentsInPropertyPlantAndEquipment,acquisitionsNet,purchasesOfInvestments,salesMaturitiesOfInvestments,otherInvestingActivites,netCashUsedForInvestingActivites,debtRepayment,commonStockIssued,commonStockRepurchased,dividendsPaid,otherFinancingActivites,netCashUsedProvidedByFinancingActivities,effectOfForexChangesOnCash,netChangeInCash,cashAtEndOfPeriod,cashAtBeginningOfPeriod,operatingCashFlow,capitalExpenditure,freeCashFlow,link,finalLink,timestamp,est_time,est_date
0,2020-12-31,CSU,USD,2021-03-31,2021-03-31 17:24:32,FY,-295368000.0,60302000.0,76000.0,1724000.0,-263882000.0,-1021000.0,0.0,6124000.0,-329694000.0,0.0,-6793000.0,0.0,0.0,0.0,0.0,0.0,8514000.0,-375000.0,0.0,0.0,0.0,0.0,-15917000.0,0.0,-14196000.0,22867000.0,37063000.0,-6793000.0,0.0,-6793000.0,https://www.sec.gov/Archives/edgar/data/1043000/000156459021017126/0001564590-21-017126-index.htm,https://www.sec.gov/Archives/edgar/data/1043000/000156459021017126/csu-10k_20201231.htm,1620590764,16:06:04,20210509
1,2019-12-31,CSU,USD,2020-03-31 00:00:00,2020-03-31 17:27:54,FY,-36030000.0,64190000.0,157000.0,2509000.0,-54240000.0,-1326000.0,0.0,-715000.0,-65812000.0,2290000.0,5229000.0,-20306000.0,0.0,0.0,0.0,68084000.0,47778000.0,-96593000.0,0.0,0.0,0.0,-1170000.0,-60264000.0,0.0,-7257000.0,37063000.0,44320000.0,5229000.0,-20306000.0,-15077000.0,https://www.sec.gov/Archives/edgar/data/1043000/000156459020014583/0001564590-20-014583-index.html,https://www.sec.gov/Archives/edgar/data/1043000/000156459020014583/csu-10k_20191231.htm,1620590764,16:06:04,20210509
2,2018-12-31,CSU,USD,2019-03-01 00:00:00,2019-03-01 17:23:42,FY,-53596000.0,62824000.0,-2245000.0,8428000.0,11382000.0,-3173000.0,0.0,1294000.0,-11572000.0,15092000.0,36870000.0,-21965000.0,0.0,0.0,0.0,57000.0,-21908000.0,-207244000.0,0.0,0.0,0.0,-3263000.0,-1666000.0,0.0,13296000.0,44320000.0,31024000.0,36870000.0,-21965000.0,14905000.0,https://www.sec.gov/Archives/edgar/data/1043000/000156459019005842/0001564590-19-005842-index.html,https://www.sec.gov/Archives/edgar/data/1043000/000156459019005842/csu-10k_20181231.htm,1620590764,16:06:04,20210509
3,2017-12-31,CSU,USD,2018-03-02 00:00:00,2018-03-02 15:13:15,FY,-44168000.0,66199000.0,1941000.0,7682000.0,-23592000.0,-8159000.0,0.0,2750000.0,-22954000.0,18283000.0,55594000.0,-39959000.0,-85000000.0,0.0,0.0,19000.0,-124940000.0,-22968000.0,0.0,0.0,0.0,-1263000.0,52966000.0,0.0,-16380000.0,17646000.0,34026000.0,55594000.0,-39959000.0,15635000.0,https://www.sec.gov/Archives/edgar/data/1043000/000156459018004240/0001564590-18-004240-index.html,https://www.sec.gov/Archives/edgar/data/1043000/000156459018004240/csu-10k_20171231.htm,1620590764,16:06:04,20210509
4,2016-12-31,CSU,USD,2017-03-01 00:00:00,2017-03-01 16:30:50,FY,-28017000.0,60398000.0,0.0,11645000.0,-26088000.0,-2505000.0,0.0,1695000.0,638000.0,8278000.0,52279000.0,-62371000.0,-139000000.0,0.0,0.0,72000.0,-201049000.0,-18994000.0,67000.0,-2496000.0,0.0,-2666000.0,126709000.0,0.0,-22061000.0,34026000.0,56087000.0,52279000.0,-62371000.0,-10092000.0,https://www.sec.gov/Archives/edgar/data/1043000/000119312517065814/0001193125-17-065814-index.html,https://www.sec.gov/Archives/edgar/data/1043000/000119312517065814/d285899d10k.htm,1620590764,16:06:04,20210509
5,2015-12-31,CSU,USD,2016-02-26 00:00:00,2016-02-26 16:45:17,FY,-14284000.0,53017000.0,0.0,8833000.0,14968000.0,-2928000.0,0.0,815000.0,26726000.0,7003000.0,48895000.0,-42430000.0,-162000000.0,0.0,0.0,43463000.0,-161427000.0,-116874000.0,42000.0,0.0,0.0,-4702000.0,129410000.0,0.0,16878000.0,56087000.0,39209000.0,48895000.0,-42430000.0,6465000.0,https://www.sec.gov/Archives/edgar/data/1043000/000119312516482142/0001193125-16-482142-index.html,https://www.sec.gov/Archives/edgar/data/1043000/000119312516482142/d107659d10k.htm,1620590764,16:06:04,20210509
6,2014-12-31,CSU,USD,2015-02-27,2015-02-27 16:17:15,FY,-24126000.0,49487000.0,0.0,7262000.0,17650000.0,-2457000.0,0.0,-1267000.0,11758000.0,11875000.0,46312000.0,-18742000.0,-158000000.0,0.0,102000.0,796000.0,-175417000.0,-141921000.0,170000.0,0.0,0.0,-4366000.0,154703000.0,0.0,25598000.0,39209000.0,13611000.0,46312000.0,-18742000.0,27570000.0,https://www.sec.gov/Archives/edgar/data/1043000/000119312515069799/d856102d10k.htm,https://www.sec.gov/Archives/edgar/data/1043000/000119312515069799/d856102d10k.htm,1620590764,16:06:04,20210509
7,2013-12-31,CSU,USD,2014-03-03,2014-03-03 17:16:08,FY,-16504000.0,43238000.0,10793000.0,4322000.0,-180000.0,1317000.0,0.0,-3166000.0,-5892000.0,3317000.0,42644000.0,-13562000.0,-150000000.0,0.0,0.0,1460000.0,-162296000.0,-24410000.0,3163000.0,0.0,0.0,-4464000.0,114526000.0,0.0,-5126000.0,13611000.0,18737000.0,42644000.0,-13562000.0,29082000.0,https://www.sec.gov/Archives/edgar/data/1043000/000119312514080558/d649287d10k.htm,https://www.sec.gov/Archives/edgar/data/1043000/000119312514080558/d649287d10k.htm,1620590764,16:06:04,20210509
8,2012-12-31,CSU,USD,2013-03-08 00:00:00,2013-03-08 17:20:11,FY,-3119000.0,35130000.0,-3532000.0,2444000.0,-26498000.0,-1497000.0,0.0,4369000.0,-5712000.0,-275000.0,46395000.0,-12302000.0,-178000000.0,-243000.0,21000.0,19000.0,-190615000.0,-16399000.0,165000.0,0.0,0.0,-3505000.0,140674000.0,0.0,-3546000.0,18737000.0,22283000.0,46395000.0,-12302000.0,34093000.0,https://www.sec.gov/Archives/edgar/data/1043000/000119312513098934/0001193125-13-098934-index.html,https://www.sec.gov/Archives/edgar/data/1043000/000119312513098934/d444572d10k.htm,1620590764,16:06:04,20210509
9,2011-12-31,CSU,USD,2012-03-12 00:00:00,2012-03-12 17:28:46,FY,3025000.0,18299000.0,-2493000.0,1497000.0,-10648000.0,-833000.0,0.0,660000.0,20786000.0,356000.0,14084000.0,-10472000.0,-68000000.0,0.0,0.0,15844000.0,-77437000.0,-6737000.0,505000.0,0.0,0.0,-2905000.0,54388000.0,0.0,-8965000.0,22283000.0,31248000.0,14084000.0,-10472000.0,3612000.0,https://www.sec.gov/Archives/edgar/data/1043000/000119312512110105/0001193125-12-110105-index.html,https://www.sec.gov/Archives/edgar/data/1043000/000119312512110105/d296892d10k.htm,1620590764,16:06:04,20210509
10,2010-12-31,CSU,USD,2011-03-14,2011-03-14 16:10:20,FY,4254000.0,14030000.0,4221000.0,919000.0,12638000.0,-1098000.0,0.0,-86000.0,31434000.0,-3544000.0,15550000.0,-10447000.0,-2000000.0,0.0,0.0,5165000.0,-5282000.0,-10154000.0,359000.0,0.0,0.0,-4189000.0,-7992000.0,0.0,2276000.0,31248000.0,28972000.0,15550000.0,-10447000.0,5103000.0,https://www.sec.gov/Archives/edgar/data/1043000/000095012311025187/d79809e10vk.htm,https://www.sec.gov/Archives/edgar/data/1043000/000095012311025187/d79809e10vk.htm,1620590764,16:06:04,20210509
11,2009-12-31,CSU,USD,2010-03-11 00:00:00,2010-03-11 17:10:32,FY,2759000.0,13262000.0,3125000.0,1201000.0,4997000.0,853000.0,0.0,117000.0,18796000.0,-2301000.0,19635000.0,-8049000.0,0.0,0.0,744000.0,0.0,-7304000.0,-8324000.0,223000.0,-934000.0,0.0,-2167000.0,-9239000.0,0.0,3092000.0,28972000.0,25880000.0,19635000.0,-8049000.0,11586000.0,https://www.sec.gov/Archives/edgar/data/1043000/000095012310023657/0000950123-10-023657-index.html,https://www.sec.gov/Archives/edgar/data/1043000/000095012310023657/d71354e10vk.htm,1620590764,16:06:04,20210509
12,2008-12-31,CSU,USD,2009-03-12 00:00:00,2009-03-12 16:44:19,FY,3724000.0,13350000.0,1706000.0,0.0,660000.0,0.0,0.0,0.0,13799000.0,1726000.0,15012000.0,-8065000.0,0.0,-704000.0,0.0,0.0,-7372000.0,0.0,232000.0,0.0,0.0,27000.0,-5119000.0,0.0,2521000.0,25880000.0,23359000.0,15012000.0,-8065000.0,6947000.0,https://www.sec.gov/Archives/edgar/data/1043000/000095013409005183/0000950134-09-005183-index.html,https://www.sec.gov/Archives/edgar/data/1043000/000095013409005183/d66091e10vk.htm,1620590764,16:06:04,20210509
13,2007-12-31,CSU,USD,2008-03-12,2008-03-12 15:45:16,FY,4360000.0,12215000.0,2300000.0,0.0,-2268000.0,0.0,0.0,0.0,13139000.0,1493000.0,12453000.0,-8637000.0,0.0,-1014000.0,0.0,0.0,-7332000.0,0.0,503000.0,0.0,0.0,-582000.0,-7331000.0,0.0,-2210000.0,23359000.0,25569000.0,12453000.0,-8637000.0,3816000.0,https://www.sec.gov/Archives/edgar/data/1043000/000095013408004629/d54752e10vk.htm,https://www.sec.gov/Archives/edgar/data/1043000/000095013408004629/d54752e10vk.htm,1620590764,16:06:04,20210509
14,2006-12-31,CSU,USD,2007-03-16,2007-03-16 16:12:44,FY,-2600000.0,13329000.0,-7312000.0,0.0,4547000.0,0.0,0.0,0.0,15407000.0,2899000.0,-4647000.0,-6650000.0,0.0,0.0,0.0,-3889000.0,29958000.0,0.0,399000.0,0.0,0.0,-3803000.0,-21573000.0,0.0,3738000.0,25569000.0,21831000.0,-4647000.0,-6650000.0,-11297000.0,https://www.sec.gov/Archives/edgar/data/1043000/000095013407005957/d42757e10vk.htm,https://www.sec.gov/Archives/edgar/data/1043000/000095013407005957/d42757e10vk.htm,1620590764,16:06:04,20210509
15,2005-12-31,CSU,USD,2006-03-31,2006-03-31 17:37:07,FY,-5354000.0,13793000.0,-2213000.0,0.0,32469000.0,0.0,0.0,0.0,10860000.0,0.0,1978000.0,-3236000.0,0.0,0.0,0.0,6378000.0,3142000.0,0.0,977000.0,0.0,-233000.0,-2498000.0,-2804000.0,0.0,2316000.0,21831000.0,19515000.0,1978000.0,-3236000.0,-1258000.0,https://www.sec.gov/Archives/edgar/data/1043000/000095013406006443/d33119e10vk.htm,https://www.sec.gov/Archives/edgar/data/1043000/000095013406006443/d33119e10vk.htm,1620590764,16:06:04,20210509
16,2004-12-31,CSU,USD,2005-03-10 00:00:00,2005-03-10 16:48:35,FY,-6758000.0,12912000.0,-714000.0,0.0,-8774000.0,0.0,0.0,0.0,-21609000.0,0.0,4223000.0,-2391000.0,0.0,0.0,0.0,596000.0,-7596000.0,0.0,32525000.0,0.0,0.0,5577000.0,16294000.0,0.0,12921000.0,19515000.0,6594000.0,4223000.0,-2391000.0,1832000.0,https://www.sec.gov/Archives/edgar/data/1043000/000095013405004620/0000950134-05-004620-index.html,https://www.sec.gov/Archives/edgar/data/1043000/000095013405004620/d22781e10vk.htm,1620590764,16:06:04,20210509
17,2003-12-31,CSU,USD,2004-03-29 00:00:00,2004-03-29 15:51:23,FY,4990000.0,8871000.0,1605000.0,0.0,-15808000.0,0.0,0.0,0.0,-12835000.0,0.0,2541000.0,-1591000.0,0.0,0.0,0.0,2316000.0,725000.0,0.0,256000.0,0.0,-296000.0,4966000.0,-8440000.0,0.0,-5174000.0,6594000.0,11768000.0,2541000.0,-1591000.0,950000.0,https://www.sec.gov/Archives/edgar/data/1043000/000095013404004249/0000950134-04-004249-index.html,https://www.sec.gov/Archives/edgar/data/1043000/000095013404004249/d13783e10vk.htm,1620590764,16:06:04,20210509
18,2002-12-31,CSU,USD,2003-03-28 00:00:00,2003-03-28 16:58:41,FY,4682000.0,6713000.0,2805000.0,0.0,5256000.0,0.0,0.0,0.0,2973000.0,14000.0,13912000.0,-2199000.0,0.0,0.0,0.0,-15106000.0,-4831000.0,0.0,35000.0,0.0,0.0,-5323000.0,-7288000.0,0.0,1793000.0,11768000.0,9975000.0,13912000.0,-2199000.0,11713000.0,https://www.sec.gov/Archives/edgar/data/1043000/000095013403004867/0000950134-03-004867-index.html,https://www.sec.gov/Archives/edgar/data/1043000/000095013403004867/d04242e10vk.txt,1620590764,16:06:04,20210509
19,2001-12-31,CSU,USD,2002-03-28 00:00:00,2002-03-28 00:00:00,FY,2756000.0,7979000.0,-230000.0,0.0,-29305000.0,0.0,0.0,0.0,-2283000.0,0.0,14334000.0,-2138000.0,0.0,0.0,0.0,-18351000.0,-15702000.0,0.0,0.0,0.0,0.0,-8620000.0,-11532000.0,0.0,-12900000.0,9975000.0,22875000.0,14334000.0,-2138000.0,12196000.0,https://www.sec.gov/Archives/edgar/data/1043000/000095013402002869/0000950134-02-002869-index.html,https://www.sec.gov/Archives/edgar/data/1043000/000095013402002869/d95315e10-k.txt,1620590764,16:06:04,20210509
20,2000-12-31,CSU,USD,2001-03-21 00:00:00,2001-03-21 00:00:00,FY,1239000.0,5681000.0,346000.0,0.0,-19978000.0,0.0,0.0,0.0,27022000.0,0.0,19703000.0,-3121000.0,0.0,0.0,0.0,-15612000.0,-116243000.0,0.0,0.0,0.0,0.0,-7688000.0,87527000.0,0.0,-9013000.0,23975000.0,32988000.0,19703000.0,-3121000.0,16582000.0,https://www.sec.gov/Archives/edgar/data/1043000/000095013401002395/0000950134-01-002395-index.html,https://www.sec.gov/Archives/edgar/data/1043000/000095013401002395/d84858e10-k.txt,1620590764,16:06:04,20210509
21,1999-12-31,CSU,USD,2000-03-30 00:00:00,2000-03-30 00:00:00,FY,4800000.0,5200000.0,0.0,0.0,55800000.0,0.0,0.0,0.0,47000000.0,-200000.0,3100000.0,-1900000.0,0.0,0.0,0.0,-17300000.0,-16500000.0,0.0,0.0,0.0,-1200000.0,-800000.0,10500000.0,0.0,-2800000.0,33000000.0,35800000.0,3100000.0,-1900000.0,1200000.0,https://www.sec.gov/Archives/edgar/data/1043000/000091205700015091/0000912057-00-015091-index.html,https://www.sec.gov/Archives/edgar/data/1043000/0000912057-00-015091.txt,1620590764,16:06:04,20210509
22,1998-12-31,CSU,USD,1999-03-31 00:00:00,1999-03-31 00:00:00,FY,12000000.0,2900000.0,-300000.0,0.0,-51700000.0,0.0,0.0,0.0,-8800000.0,-100000.0,6700000.0,-73800000.0,0.0,-1700000.0,0.0,-11700000.0,-86500000.0,0.0,0.0,-100000.0,0.0,2000000.0,67500000.0,0.0,0.0,0.0,48100000.0,6700000.0,-73800000.0,-67100000.0,https://www.sec.gov/Archives/edgar/data/1043000/000095013499002333/0000950134-99-002333-index.html,https://www.sec.gov/Archives/edgar/data/1043000/0000950134-99-002333.txt,1620590764,16:06:04,20210509
23,1997-12-31,CSU,USD,1998-03-31 00:00:00,1998-03-31 00:00:00,FY,3700000.0,2100000.0,0.0,0.0,2000000.0,0.0,0.0,0.0,42900000.0,0.0,9700000.0,-2400000.0,0.0,-79800000.0,0.0,-8300000.0,-81500000.0,0.0,110300000.0,-1000000.0,-700000.0,0.0,109100000.0,0.0,0.0,0.0,10800000.0,9700000.0,-2400000.0,7300000.0,https://www.sec.gov/Archives/edgar/data/1043000/000095013498002766/0000950134-98-002766-index.html,https://www.sec.gov/Archives/edgar/data/1043000/0000950134-98-002766.txt,1620590764,16:06:04,20210509
