,date,symbol,reportedCurrency,fillingDate,acceptedDate,period,netIncome,depreciationAndAmortization,deferredIncomeTax,stockBasedCompensation,changeInWorkingCapital,accountsReceivables,inventory,accountsPayables,otherWorkingCapital,otherNonCashItems,netCashProvidedByOperatingActivities,investmentsInPropertyPlantAndEquipment,acquisitionsNet,purchasesOfInvestments,salesMaturitiesOfInvestments,otherInvestingActivites,netCashUsedForInvestingActivites,debtRepayment,commonStockIssued,commonStockRepurchased,dividendsPaid,otherFinancingActivites,netCashUsedProvidedByFinancingActivities,effectOfForexChangesOnCash,netChangeInCash,cashAtEndOfPeriod,cashAtBeginningOfPeriod,operatingCashFlow,capitalExpenditure,freeCashFlow,link,finalLink,timestamp,est_time,est_date
0,2020-12-31,FMBI,USD,2021-03-01,2021-03-01,FY,107898000.0,27658000.0,-8729000.0,14740000.0,11689797000.0,-30974000.0,0.0,-30345000.0,-273172000.0,-4375000.0,135041000.0,-11279000.0,142282000.0,-1610882000,1557182000,7442000.0,-1095409000,-123876000.0,0.0,-22557000.0,-72585000.0,-34888000.0,1778391000.0,0.0,818023000.0,1117244000.0,299221000,135041000.0,-11279000.0,123762000.0,https://www.sec.gov/Archives/edgar/data/702325/000162828021003667/0001628280-21-003667-index.htm,https://www.sec.gov/Archives/edgar/data/702325/000162828021003667/fmbi-20201231.htm,1620592140,16:29:00,20210509
1,2019-12-31,FMBI,USD,2020-02-28 00:00:00,2020-02-28 15:53:58,FY,199738000.0,26847000.0,11308000.0,13183000.0,-1391261000.0,-146968000.0,0.0,108956000.0,-11962969000.0,-32120000.0,227109000.0,-20330000.0,-14000000.0,-919419000,628824000,-14205000.0,-1054193000,0.0,0.0,-33928000.0,-56540000.0,-3830000.0,837047000.0,0.0,9963000.0,299221000.0,289258000,227109000.0,10645000.0,206779000.0,https://www.sec.gov/Archives/edgar/data/702325/000070232520000010/0000702325-20-000010-index.html,https://www.sec.gov/Archives/edgar/data/702325/000070232520000010/fmbi-20191231.htm,1620592140,16:29:00,20210509
2,2018-12-31,FMBI,USD,2019-03-01 00:00:00,2019-03-01 13:21:37,FY,157870000.0,23309000.0,26567000.0,12062000.0,-922932000.0,-44246000.0,0.0,-4346000.0,-10571708000.0,17037000.0,253184000.0,-27800000.0,160000000.0,-735701000,359584000,6864000.0,-1002386000,0.0,0.0,0.0,-44293000.0,-4421000.0,691890000.0,0.0,-57312000.0,289258000.0,346570000,253184000.0,16953000.0,225384000.0,https://www.sec.gov/Archives/edgar/data/702325/000070232519000020/0000702325-19-000020-index.html,https://www.sec.gov/Archives/edgar/data/702325/000070232519000020/fmbi1231201810-k.htm,1620592140,16:29:00,20210509
3,2017-12-31,FMBI,USD,2018-02-28 00:00:00,2018-02-28 12:07:33,FY,98387000.0,21860000.0,-3728000.0,11223000.0,-1921169000.0,121577000.0,0.0,-55762000.0,-9648776000.0,-142000.0,234559000.0,-16123000.0,42000000.0,-733455000,987833000,13718000.0,-145780000,-164124000.0,0.0,0.0,-37129000.0,-3952000.0,-4357000.0,0.0,84422000.0,346570000.0,262148000,234559000.0,19326000.0,218436000.0,https://www.sec.gov/Archives/edgar/data/702325/000070232518000012/0000702325-18-000012-index.html,https://www.sec.gov/Archives/edgar/data/702325/000070232518000012/fmbi1231201710-k.htm,1620592140,16:29:00,20210509
4,2016-12-31,FMBI,USD,2017-02-28 00:00:00,2017-02-28 16:38:42,FY,92349000.0,17486000.0,-2052000.0,7879000.0,-1090450000.0,-76902000.0,0.0,47118000.0,-7727607000.0,5988000.0,121046000.0,-19083000.0,57000000.0,-938669000,421566000,-9149000.0,-1049338000,-153500000.0,0.0,0.0,-29198000.0,-1988000.0,809238000.0,0.0,-119054000.0,262148000.0,381202000,121046000.0,7539000.0,101963000.0,https://www.sec.gov/Archives/edgar/data/702325/000070232517000018/0000702325-17-000018-index.html,https://www.sec.gov/Archives/edgar/data/702325/000070232517000018/fmbi1231201610-k.htm,1620592140,16:29:00,20210509
5,2015-12-31,FMBI,USD,2016-02-23 00:00:00,2016-02-23 16:09:13,FY,82064000.0,17287000.0,15697000.0,7242000.0,-314934000.0,10023000.0,0.0,-1042000.0,-6637157000.0,-2632000.0,158513000.0,-11269000.0,-16000000.0,-510723000,421318000,18464000.0,-498390000,0.0,0.0,-120000.0,-27036000.0,-2096000.0,114817000.0,0.0,-225060000.0,381202000.0,606262000,158513000.0,18572000.0,147244000.0,https://www.sec.gov/Archives/edgar/data/702325/000070232516000114/0000702325-16-000114-index.html,https://www.sec.gov/Archives/edgar/data/702325/000070232516000114/fmbi1231201510-k.htm,1620592140,16:29:00,20210509
6,2014-12-31,FMBI,USD,2015-03-02,2015-03-02 16:15:21,FY,69306000.0,15113000.0,-106000.0,5926000.0,-986924000.0,-10651000.0,0.0,22367000.0,-6322223000.0,-4402000.0,122927000.0,-14085000.0,201000000.0,-28494000,204481000,21856000.0,111672000,-117897000.0,0.0,0.0,-22568000.0,-1869000.0,-215578000.0,0.0,19021000.0,606262000.0,587241000,122927000.0,22368000.0,108842000.0,https://www.sec.gov/Archives/edgar/data/702325/000070232515000014/fmbi1231201410-k.htm,https://www.sec.gov/Archives/edgar/data/702325/000070232515000014/fmbi1231201410-k.htm,1620592140,16:29:00,20210509
7,2013-12-31,FMBI,USD,2014-03-03,2014-03-03 15:45:50,FY,79306000.0,14316000.0,-10000.0,5903000.0,-217503000.0,30696000.0,0.0,-21859000.0,-5335299000.0,8951000.0,133368000.0,-11030000.0,0.0,-352512000,305137000,39262000.0,-369296000,-24094000.0,0.0,0.0,-7508000.0,-1528000.0,106903000.0,0.0,-129025000.0,587241000.0,716266000,133368000.0,25797000.0,122338000.0,https://www.sec.gov/Archives/edgar/data/702325/000104746914001679/a2218602z10-k.htm,https://www.sec.gov/Archives/edgar/data/702325/000104746914001679/a2218602z10-k.htm,1620592140,16:29:00,20210509
8,2012-12-31,FMBI,USD,2013-03-01 00:00:00,2013-03-01 15:17:47,FY,-21054000.0,14246000.0,170000.0,6004000.0,-43158000.0,2409000.0,0.0,-1135000.0,-5117796000.0,-1307000.0,169824000.0,-8764000.0,0.0,-637428000,582364000,90601000.0,-144607000,-66376000.0,0.0,0.0,-2977000.0,-1490000.0,49519000.0,0.0,74736000.0,716266000.0,641530000,169824000.0,50566000.0,161060000.0,https://www.sec.gov/Archives/edgar/data/702325/000104746913002060/0001047469-13-002060-index.html,https://www.sec.gov/Archives/edgar/data/702325/000104746913002060/a2213251z10-k.htm,1620592140,16:29:00,20210509
9,2011-12-31,FMBI,USD,2012-02-28 00:00:00,2012-02-28 17:08:01,FY,36563000.0,14797000.0,1981000.0,6362000.0,623112000.0,0.0,0.0,0.0,-5074638000.0,4090000.0,167121000.0,-11018000.0,0.0,-453533000,543180000,5739000.0,113344000,-98603000.0,0.0,-193910000.0,-12838000.0,105290000.0,-224711000.0,0.0,55754000.0,641530000.0,585776000,167121000.0,37731000.0,156103000.0,https://www.sec.gov/Archives/edgar/data/702325/000104746912001782/0001047469-12-001782-index.html,https://www.sec.gov/Archives/edgar/data/702325/000104746912001782/a2207583z10-k.htm,1620592140,16:29:00,20210509
10,2010-12-31,FMBI,USD,2011-03-01,2011-03-01 17:00:16,FY,-9684000.0,15676000.0,-15057000.0,5638000.0,-6495943000.0,0.0,0.0,0.0,-5697750000.0,-6740000.0,193569000.0,-22265000.0,0.0,-440668000,718345000,181386000.0,413195000,-411466000.0,196035000.0,0.0,-12422000.0,-189000.0,-148367000.0,0.0,458397000.0,585776000.0,127379000,193569000.0,-22265000.0,171304000.0,https://www.sec.gov/Archives/edgar/data/702325/000119312511052317/d10k.htm,https://www.sec.gov/Archives/edgar/data/702325/000119312511052317/d10k.htm,1620592140,16:29:00,20210509
11,2009-12-31,FMBI,USD,2010-03-01 00:00:00,2010-03-01 17:16:01,FY,-25750000.0,14846000.0,-34458000.0,3516000.0,-57600000.0,0.0,0.0,0.0,798193000.0,4076000.0,84541000.0,-4682000.0,0.0,-267747000,1250517000,31419000.0,915774000,-1041429000.0,0.0,0.0,-12423000.0,-177000.0,-987244000.0,0.0,13071000.0,127379000.0,114308000,84541000.0,-4682000.0,79859000.0,https://www.sec.gov/Archives/edgar/data/702325/000119312510044892/0001193125-10-044892-index.html,https://www.sec.gov/Archives/edgar/data/702325/000119312510044892/d10k.htm,1620592140,16:29:00,20210509
12,2008-12-31,FMBI,USD,2009-02-27 00:00:00,2009-02-27 15:13:57,FY,49336000.0,15822000.0,-13248000.0,4545000.0,190510000.0,0.0,0.0,0.0,855793000.0,2485000.0,155721000.0,-6245000.0,0.0,-713775000,561120000,2633000.0,-610021000,0.0,0.0,-138000.0,-60298000.0,-37000.0,373771000.0,0.0,-80529000.0,114308000.0,194837000,155721000.0,-6245000.0,149476000.0,https://www.sec.gov/Archives/edgar/data/702325/000119312509040811/0001193125-09-040811-index.html,https://www.sec.gov/Archives/edgar/data/702325/000119312509040811/d10k.htm,1620592140,16:29:00,20210509
13,2007-12-31,FMBI,USD,2008-02-28,2008-02-28 17:06:20,FY,80159000.0,14644000.0,-28221000.0,0.0,-21585000.0,0.0,0.0,0.0,665283000.0,8486000.0,121463000.0,0.0,0.0,-415775000,671495000,29425000.0,280013000,0.0,0.0,0.0,-58499000.0,361000.0,-421545000.0,0.0,-20069000.0,194837000.0,214906000,121463000.0,-5132000.0,116331000.0,https://www.sec.gov/Archives/edgar/data/702325/000119312508041963/d10k.htm,https://www.sec.gov/Archives/edgar/data/702325/000119312508041963/d10k.htm,1620592140,16:29:00,20210509
14,2006-12-31,FMBI,USD,2007-03-01,2007-03-01 13:17:50,FY,117246000.0,10847000.0,5459000.0,0.0,108714000.0,0.0,0.0,0.0,686868000.0,12787000.0,114142000.0,0.0,-221000000.0,-587867000,860119000,-158325000.0,-119899000,-211860000.0,0.0,0.0,-53757000.0,924000.0,61986000.0,0.0,56229000.0,214906000.0,158677000,114142000.0,-12859000.0,101283000.0,https://www.sec.gov/Archives/edgar/data/702325/000119312507043977/d10k.htm,https://www.sec.gov/Archives/edgar/data/702325/000119312507043977/d10k.htm,1620592140,16:29:00,20210509
15,2005-12-31,FMBI,USD,2006-03-02,2006-03-02 16:27:59,FY,101377000.0,15244000.0,-951000.0,0.0,13485000.0,0.0,0.0,0.0,578154000.0,11609000.0,123676000.0,0.0,0.0,-818095000,679712000,-179555000.0,-333147000,0.0,0.0,0.0,-44828000.0,0.0,247938000.0,0.0,38467000.0,158677000.0,120210000,123676000.0,-15209000.0,108467000.0,https://www.sec.gov/Archives/edgar/data/702325/000119312506043930/d10k.htm,https://www.sec.gov/Archives/edgar/data/702325/000119312506043930/d10k.htm,1620592140,16:29:00,20210509
16,2004-12-31,FMBI,USD,2005-03-07,2005-03-07 17:16:18,FY,99136000.0,17878000.0,2522000.0,0.0,12279000.0,0.0,0.0,0.0,564669000.0,24169000.0,148593000.0,0.0,0.0,-1063028000,1066339000,-84288000.0,-87939000,-155993000.0,0.0,0.0,-41000000.0,0.0,-133133000.0,0.0,-72479000.0,120210000.0,192689000,148593000.0,-6962000.0,141631000.0,https://www.sec.gov/Archives/edgar/data/702325/000119312505043742/d10k.htm,https://www.sec.gov/Archives/edgar/data/702325/000119312505043742/d10k.htm,1620592140,16:29:00,20210509
17,2003-12-31,FMBI,USD,2004-03-09,2004-03-09 16:29:32,FY,92778000.0,25905000.0,3606000.0,0.0,77254000.0,0.0,0.0,0.0,552390000.0,24860000.0,124510000.0,0.0,0.0,-1950452000,1718939000,-648644000.0,-982890000,0.0,0.0,0.0,-35560000.0,0.0,844171000.0,0.0,-14209000.0,192689000.0,206898000,124510000.0,-19824000.0,104686000.0,https://www.sec.gov/Archives/edgar/data/702325/000119312504037282/d10k.htm,https://www.sec.gov/Archives/edgar/data/702325/000119312504037282/d10k.htm,1620592140,16:29:00,20210509
18,2002-12-31,FMBI,USD,2003-03-07,2003-03-07 10:18:30,FY,90150000.0,19815000.0,554000.0,0.0,475136000.0,0.0,0.0,0.0,475136000.0,9409000.0,131707000.0,0.0,0.0,-1097526000,911388000,-50010000.0,-250831000,0.0,0.0,0.0,-32879000.0,0.0,165866000.0,0.0,46742000.0,206898000.0,160156000,131707000.0,-14683000.0,117024000.0,https://www.sec.gov/Archives/edgar/data/702325/000095013103001174/d10k.htm,https://www.sec.gov/Archives/edgar/data/702325/000095013103001174/d10k.htm,1620592140,16:29:00,20210509
19,2001-12-31,FMBI,USD,2002-03-06,2002-03-06 00:00:00,FY,82138000.0,13911000.0,1239000.0,0.0,0.0,0.0,0.0,0.0,0.0,3313000.0,87151000.0,0.0,0.0,-791030000,1166876000,-154517000.0,214458000,0.0,0.0,0.0,-32297000.0,0.0,-325946000.0,0.0,-24337000.0,160156000.0,184493000,87151000.0,-6871000.0,80280000.0,https://www.sec.gov/Archives/edgar/data/702325/000095013102000787/d10k405.htm,https://www.sec.gov/Archives/edgar/data/702325/000095013102000787/d10k405.htm,1620592140,16:29:00,20210509
20,2000-12-31,FMBI,USD,2000-12-31,2000-12-31,FY,75540000.0,8132000.0,-2642000.0,0.0,0.0,0.0,0.0,0.0,0.0,-2993000.0,76545000.0,0.0,0.0,-825317000,760904000,-253653000.0,-329060000,0.0,0.0,0.0,-29598000.0,0.0,280035000.0,0.0,27520000.0,184493000.0,156973000,76545000.0,-10994000.0,65551000.0,,,1620592140,16:29:00,20210509
21,1999-12-31,FMBI,USD,1999-12-31,1999-12-31,FY,70900000.0,9100000.0,3300000.0,0.0,0.0,0.0,0.0,0.0,0.0,67300000.0,151000000.0,0.0,0.0,-970200000,824900000,-302700000.0,-459900000,0.0,0.0,0.0,-27200000.0,0.0,309400000.0,0.0,-100000.0,157000000.0,156500000,151000000.0,-11900000.0,139100000.0,,,1620592140,16:29:00,20210509
22,1998-12-31,FMBI,USD,1999-03-05 00:00:00,1999-03-05 00:00:00,FY,54700000.0,24700000.0,-1400000.0,0.0,0.0,0.0,0.0,0.0,0.0,4600000.0,-84500000.0,0.0,0.0,-2782100000,2507500000,130300000.0,-155100000,0.0,0.0,0.0,-27500000.0,0.0,196000000.0,0.0,0.0,0.0,200100000,-84500000.0,-10800000.0,-95300000.0,https://www.sec.gov/Archives/edgar/data/702325/000095013199001320/0000950131-99-001320-index.html,https://www.sec.gov/Archives/edgar/data/702325/0000950131-99-001320.txt,1620592140,16:29:00,20210509
23,1997-12-31,FMBI,USD,1997-12-31,1997-12-31,FY,38800000.0,9800000.0,-2200000.0,0.0,3263000000.0,0.0,0.0,0.0,0.0,8500000.0,-33600000.0,0.0,0.0,-860500000,831000000,20200000.0,-19000000,0.0,0.0,0.0,-16800000.0,-200000.0,59400000.0,0.0,0.0,0.0,142200000,-33600000.0,-9700000.0,-43300000.0,,,1620592140,16:29:00,20210509
24,1996-12-31,FMBI,USD,1996-12-31,1996-12-31,FY,33700000.0,5500000.0,2600000.0,0.0,-305000000.0,0.0,0.0,0.0,-3263000000.0,7400000.0,116100000.0,0.0,0.0,-1233900000,1443800000,-148500000.0,53200000,0.0,0.0,0.0,-12000000.0,-100000.0,-187900000.0,0.0,0.0,0.0,149300000,116100000.0,-8200000.0,107900000.0,,,1620592140,16:29:00,20210509
25,1995-12-31,FMBI,USD,1996-03-08,1996-03-08 00:00:00,FY,25700000.0,6500000.0,-2800000.0,0.0,-2958000000.0,0.0,0.0,0.0,-2958000000.0,11100000.0,22400000.0,0.0,0.0,-863700000,1006500000,-190800000.0,-59000000,0.0,0.0,0.0,-10300000.0,400000.0,55400000.0,0.0,100000.0,0.0,130400000,22400000.0,-11000000.0,11400000.0,https://www.sec.gov/Archives/edgar/data/702325/0000950131-96-000991-index.html,https://www.sec.gov/Archives/edgar/data/702325/,1620592140,16:29:00,20210509
26,1994-12-31,FMBI,USD,1994-12-31,1994-12-31,FY,20400000.0,5400000.0,-1400000.0,0.0,0.0,0.0,0.0,0.0,0.0,8200000.0,30100000.0,0.0,0.0,-468800000,458200000,-200200000.0,-217600000,0.0,0.0,0.0,-8300000.0,0.0,192100000.0,0.0,0.0,0.0,118300000,30100000.0,-6800000.0,23300000.0,,,1620592140,16:29:00,20210509
27,1993-12-31,FMBI,USD,1993-12-31,1993-12-31,FY,20800000.0,9300000.0,-1000000.0,0.0,0.0,0.0,0.0,0.0,0.0,6800000.0,39600000.0,0.0,0.0,-694100000,446000000,-132900000.0,-388100000,0.0,0.0,0.0,-7400000.0,0.0,360000000.0,0.0,100000.0,0.0,106700000,39600000.0,-7100000.0,32500000.0,,,1620592140,16:29:00,20210509
28,1992-12-31,FMBI,USD,1992-12-31,1992-12-31,FY,17900000.0,5700000.0,0.0,0.0,0.0,0.0,0.0,0.0,0.0,15300000.0,59700000.0,0.0,0.0,-882800000,957500000,-107800000.0,-42100000,0.0,0.0,0.0,-6500000.0,100000.0,-31200000.0,0.0,0.0,0.0,120400000,59700000.0,-9000000.0,50700000.0,,,1620592140,16:29:00,20210509
29,1991-12-31,FMBI,USD,1991-12-31,1991-12-31,FY,17800000.0,3400000.0,-3800000.0,0.0,0.0,0.0,0.0,0.0,0.0,-1300000.0,22800000.0,0.0,0.0,-918400000,1010700000,-71200000.0,15700000,0.0,0.0,0.0,-6500000.0,0.0,-72200000.0,0.0,0.0,0.0,154100000,22800000.0,-5400000.0,17400000.0,,,1620592140,16:29:00,20210509
30,1990-12-31,FMBI,USD,1990-12-31,1990-12-31,FY,22600000.0,3300000.0,-500000.0,0.0,0.0,0.0,0.0,0.0,0.0,-6000000.0,7400000.0,0.0,0.0,-1188700000,1222200000,-67500000.0,-37900000,-12100000.0,0.0,0.0,-6700000.0,-100000.0,38000000.0,0.0,0.0,0.0,146600000,7400000.0,-3900000.0,3500000.0,,,1620592140,16:29:00,20210509
31,1989-12-31,FMBI,USD,1989-12-31,1989-12-31,FY,24800000.0,3500000.0,-1800000.0,0.0,-14400000.0,0.0,0.0,0.0,0.0,-11600000.0,800000.0,0.0,0.0,-1116500000,918500000,-132100000.0,-334000000,-1300000.0,0.0,0.0,-6200000.0,0.0,269100000.0,0.0,100000.0,0.0,210600000,800000.0,-3900000.0,-3100000.0,,,1620592140,16:29:00,20210509
