,date,symbol,reportedCurrency,fillingDate,acceptedDate,period,netIncome,depreciationAndAmortization,deferredIncomeTax,stockBasedCompensation,changeInWorkingCapital,accountsReceivables,inventory,accountsPayables,otherWorkingCapital,otherNonCashItems,netCashProvidedByOperatingActivities,investmentsInPropertyPlantAndEquipment,acquisitionsNet,purchasesOfInvestments,salesMaturitiesOfInvestments,otherInvestingActivites,netCashUsedForInvestingActivites,debtRepayment,commonStockIssued,commonStockRepurchased,dividendsPaid,otherFinancingActivites,netCashUsedProvidedByFinancingActivities,effectOfForexChangesOnCash,netChangeInCash,cashAtEndOfPeriod,cashAtBeginningOfPeriod,operatingCashFlow,capitalExpenditure,freeCashFlow,link,finalLink,timestamp,est_time,est_date
0,2020-11-30,CCEL,USD,2021-03-01,2021-03-01 17:21:40,FY,3624596.0,635975.0,-1283973.0,622120.0,2183399.0,-828594.0,454943.0,-411721.0,2141581.0,-1855143.0,8466603.0,-99962.0,0.0,0.0,807447.0,0.0,357485.0,-3100000.0,0.0,0.0,0.0,-1945000.0,-5004000.0,0.0,3820088.0,10361125.0,6541037.0,8466603.0,-449962.0,8016641.0,https://www.sec.gov/Archives/edgar/data/862692/000156459021009945/0001564590-21-009945-index.htm,https://www.sec.gov/Archives/edgar/data/862692/000156459021009945/ccel-10k_20201130.htm,1620590017,15:53:37,20210509
1,2019-11-30,CCEL,USD,2020-02-28,2020-02-28 16:50:18,FY,2290774.0,401311.0,-1517289.0,397770.0,-14147303.0,-997124.0,-27423.0,107458.0,-41818.0,-630276.0,6323207.0,-662295.0,0.0,-28364.0,0.0,0.0,-690659.0,-4100000.0,0.0,-992244.0,0.0,-45000.0,-5131544.0,0.0,501004.0,6541037.0,6040033.0,6323207.0,-662295.0,5660912.0,https://www.sec.gov/Archives/edgar/data/862692/000119312520056695/0001193125-20-056695-index.htm,https://www.sec.gov/Archives/edgar/data/862692/000119312520056695/d807043d10k.htm,1620590017,15:53:37,20210509
2,2018-11-30,CCEL,USD,2019-02-28,2019-02-28 17:18:18,FY,-854824.0,317326.0,2378491.0,478378.0,15308410.0,-1347773.0,316650.0,-666889.0,14105485.0,-305988.0,5333330.0,-446163.0,-11000000.0,0.0,0.0,-10500000.0,-11282411.0,-3291665.0,0.0,0.0,0.0,-169300.0,5709960.0,0.0,-239121.0,6040033.0,6279154.0,5333330.0,-646163.0,4687167.0,https://www.sec.gov/Archives/edgar/data/862692/000119312519057945/0001193125-19-057945-index.htm,https://www.sec.gov/Archives/edgar/data/862692/000119312519057945/d653307d10k.htm,1620590017,15:53:37,20210509
3,2017-11-30,CCEL,USD,2018-02-28,2018-02-28 16:58:09,FY,2315100.0,229995.0,-774806.0,971730.0,2896836.0,-1149875.0,46576.0,443112.0,-1202925.0,125434.0,5718173.0,-98333.0,0.0,0.0,0.0,0.0,93025.0,-2650000.0,0.0,-446621.0,0.0,0.0,-3031925.0,0.0,2779273.0,6279154.0,3499881.0,5718173.0,-98333.0,5619840.0,https://www.sec.gov/Archives/edgar/data/862692/000119312518064199/0001193125-18-064199-index.htm,https://www.sec.gov/Archives/edgar/data/862692/000119312518064199/d497800d10k.htm,1620590017,15:53:37,20210509
4,2016-11-30,CCEL,USD,2017-02-28,2017-02-28 17:27:17,FY,-1320800.0,286650.0,-1911828.0,1772306.0,-4028937.0,-1624462.0,114466.0,329560.0,-4099761.0,48435.0,4987975.0,-342982.0,0.0,0.0,0.0,204344.0,-369728.0,-1509107.0,0.0,-10806409.0,0.0,-3778785.0,-5270528.0,0.0,-652281.0,3499881.0,4152162.0,4987975.0,-342982.0,4644993.0,https://www.sec.gov/Archives/edgar/data/862692/000119312517062739/0001193125-17-062739-index.htm,https://www.sec.gov/Archives/edgar/data/862692/000119312517062739/d272195d10k.htm,1620590017,15:53:37,20210509
5,2015-11-30,CCEL,USD,2016-02-29,2016-02-29 17:40:49,FY,8106343.0,241208.0,-7369513.0,602978.0,564378.0,313936.0,117231.0,335709.0,-70824.0,1286978.0,4851462.0,-108480.0,0.0,0.0,0.0,-203.0,-719349.0,-123633.0,0.0,-3205435.0,0.0,0.0,-3259218.0,0.0,872895.0,4152162.0,3279267.0,4851462.0,-108480.0,4742982.0,https://www.sec.gov/Archives/edgar/data/862692/000119312516485790/0001193125-16-485790-index.htm,https://www.sec.gov/Archives/edgar/data/862692/000119312516485790/d244143d10k.htm,1620590017,15:53:37,20210509
6,2014-11-30,CCEL,USD,2015-03-02,2015-03-02 17:23:03,FY,553623.0,377008.0,0.0,404233.0,-250266.0,-2038973.0,0.0,-201915.0,-635202.0,404233.0,1554821.0,-120517.0,0.0,-64764.0,0.0,763989.0,391208.0,0.0,0.0,-2671060.0,0.0,0.0,-2591918.0,0.0,-645889.0,3279267.0,3925156.0,1554821.0,-120517.0,1434304.0,https://www.sec.gov/Archives/edgar/data/862692/000119312515073665/0001193125-15-073665-index.htm,https://www.sec.gov/Archives/edgar/data/862692/000119312515073665/d832967d10k.htm,1620590017,15:53:37,20210509
7,2013-11-30,CCEL,USD,2014-02-28,2014-02-28 17:13:29,FY,27436.0,394502.0,0.0,271961.0,963953.0,-1316135.0,0.0,-15148.0,-384936.0,271961.0,821980.0,-349784.0,0.0,-24250.0,0.0,1571021.0,1149462.0,0.0,0.0,-738618.0,0.0,0.0,-723668.0,0.0,1247774.0,3925156.0,2677382.0,821980.0,-397309.0,424671.0,https://www.sec.gov/Archives/edgar/data/862692/000119312514077783/0001193125-14-077783-index.htm,https://www.sec.gov/Archives/edgar/data/862692/000119312514077783/d647848d10k.htm,1620590017,15:53:37,20210509
8,2012-11-30,CCEL,USD,2013-02-28,2013-02-28 17:16:52,FY,-6308470.0,466736.0,1718919.0,1325196.0,-4838867.0,-522366.0,0.0,199036.0,-1348889.0,52536.0,360901.0,-133538.0,0.0,-13660.0,1008404.0,123156.0,962356.0,0.0,0.0,-1702970.0,0.0,-3248000.0,-4950970.0,0.0,-3627713.0,2677382.0,6305095.0,360901.0,-155544.0,205357.0,https://www.sec.gov/Archives/edgar/data/862692/000119312513084813/0001193125-13-084813-index.htm,https://www.sec.gov/Archives/edgar/data/862692/000119312513084813/d444105d10k.htm,1620590017,15:53:37,20210509
9,2011-11-30,CCEL,USD,2012-02-28,2012-02-28 17:20:29,FY,-2095526.0,579847.0,0.0,329001.0,-1116094.0,-2046177.0,0.0,0.0,3489978.0,-2095526.0,819122.0,-505715.0,0.0,0.0,130000.0,-2500000.0,-2964500.0,0.0,80936.0,0.0,0.0,0.0,80936.0,0.0,-2064442.0,6305095.0,8369537.0,819122.0,-594500.0,224622.0,https://www.sec.gov/Archives/edgar/data/862692/000119312512085810/0001193125-12-085810-index.htm,https://www.sec.gov/Archives/edgar/data/862692/000119312512085810/d262352d10k.htm,1620590017,15:53:37,20210509
10,2010-11-30,CCEL,USD,2011-02-28,2011-02-28 16:20:38,FY,3410661.0,580192.0,-1788241.0,0.0,1982281.0,-624777.0,0.0,303059.0,4606072.0,642764.0,2338396.0,-398897.0,0.0,-1283727.0,863000.0,0.0,-819624.0,0.0,0.0,0.0,0.0,0.0,0.0,0.0,1518772.0,8369537.0,6850765.0,2338396.0,-398897.0,1939499.0,https://www.sec.gov/Archives/edgar/data/862692/000119312511049956/0001193125-11-049956-index.htm,https://www.sec.gov/Archives/edgar/data/862692/000119312511049956/d10k.htm,1620590017,15:53:37,20210509
11,2009-11-30,CCEL,USD,2010-03-01,2010-03-01 17:27:50,FY,1424705.0,671821.0,0.0,0.0,1954675.0,-484315.0,0.0,0.0,2623791.0,606365.0,3747854.0,-449499.0,0.0,-1010000.0,1175000.0,0.0,-463455.0,0.0,0.0,0.0,0.0,0.0,0.0,0.0,3284399.0,6850765.0,3566366.0,3747854.0,-628455.0,3119399.0,https://www.sec.gov/Archives/edgar/data/862692/000119312510044939/0001193125-10-044939-index.htm,https://www.sec.gov/Archives/edgar/data/862692/000119312510044939/d10k.htm,1620590017,15:53:37,20210509
12,2008-11-30,CCEL,USD,2009-03-02,2009-03-02 17:23:34,FY,-760419.0,678151.0,0.0,0.0,368735.0,245524.0,0.0,0.0,669116.0,476499.0,614163.0,-133167.0,0.0,-1125000.0,1003434.0,0.0,-413858.0,0.0,0.0,0.0,0.0,0.0,1350.0,0.0,201655.0,3566366.0,3364711.0,614163.0,-292292.0,321871.0,https://www.sec.gov/Archives/edgar/data/862692/000119312509042762/0001193125-09-042762-index.htm,https://www.sec.gov/Archives/edgar/data/862692/000119312509042762/d10k.htm,1620590017,15:53:37,20210509
13,2007-11-30,CCEL,USD,2008-02-11,2008-02-11 15:21:02,FY,-5005415.0,741770.0,0.0,0.0,-3706029.0,0.0,0.0,0.0,300381.0,573606.0,-3404396.0,-668690.0,0.0,-1001993.0,1000000.0,0.0,-670683.0,0.0,25650.0,0.0,0.0,0.0,25650.0,0.0,-4049429.0,3364711.0,7414140.0,-3404396.0,-668690.0,-4073086.0,https://www.sec.gov/Archives/edgar/data/862692/000119312508025633/0001193125-08-025633-index.htm,https://www.sec.gov/Archives/edgar/data/862692/000119312508025633/d10k.htm,1620590017,15:53:37,20210509
14,2006-11-30,CCEL,USD,2007-02-28,2007-02-28 17:11:21,FY,-2811368.0,724524.0,0.0,0.0,-1512016.0,0.0,0.0,0.0,4006410.0,562025.0,924901.0,-995557.0,0.0,-989581.0,490000.0,0.0,-1490138.0,0.0,0.0,0.0,0.0,0.0,0.0,0.0,-565237.0,7414140.0,7979377.0,924901.0,-995557.0,-70656.0,https://www.sec.gov/Archives/edgar/data/862692/000119312507042798/0001193125-07-042798-index.htm,https://www.sec.gov/Archives/edgar/data/862692/000119312507042798/d10ksb.htm,1620590017,15:53:37,20210509
15,2005-11-30,CCEL,USD,2006-02-28,2006-02-28 17:17:49,FY,1033406.0,597366.0,0.0,0.0,2685917.0,0.0,0.0,0.0,5518426.0,0.0,3218576.0,-709125.0,0.0,0.0,596000.0,0.0,-86924.0,0.0,203996.0,0.0,0.0,-93639.0,110357.0,0.0,3242009.0,7979377.0,4737368.0,3218576.0,-709125.0,2509451.0,https://www.sec.gov/Archives/edgar/data/862692/000119312506041449/0001193125-06-041449-index.htm,https://www.sec.gov/Archives/edgar/data/862692/000119312506041449/d10ksb.htm,1620590017,15:53:37,20210509
16,2004-11-30,CCEL,USD,2005-02-25,2005-02-25 17:22:28,FY,2840354.0,657383.0,0.0,0.0,2668462.0,0.0,0.0,0.0,2832509.0,0.0,4647542.0,-2242057.0,0.0,-619000.0,600000.0,0.0,-2254853.0,0.0,26400.0,0.0,0.0,11273.0,-107327.0,0.0,2285362.0,4737368.0,2452006.0,4647542.0,-2242057.0,2405485.0,https://www.sec.gov/Archives/edgar/data/862692/000119312505037484/0001193125-05-037484-index.htm,https://www.sec.gov/Archives/edgar/data/862692/000119312505037484/d10ksb.htm,1620590017,15:53:37,20210509
17,2003-11-30,CCEL,USD,2004-03-01,2004-03-01 17:29:59,FY,-7521636.0,452577.0,0.0,0.0,-4477975.0,0.0,0.0,0.0,164047.0,0.0,-1674114.0,-186349.0,0.0,-300272.0,2299048.0,0.0,1929188.0,0.0,0.0,0.0,0.0,116400.0,261400.0,0.0,516474.0,2452006.0,1935532.0,-1674114.0,-186349.0,-1860463.0,https://www.sec.gov/Archives/edgar/data/862692/000119312504032394/0001193125-04-032394-index.htm,https://www.sec.gov/Archives/edgar/data/862692/000119312504032394/d10ksb.htm,1620590017,15:53:37,20210509
18,2002-11-30,CCEL,USD,2003-06-27,2003-06-27 16:58:32,FY,-5327485.0,802445.0,0.0,0.0,-2488288.0,0.0,0.0,0.0,4642022.0,2.0,201556.0,-1137885.0,0.0,-3079661.0,0.0,-3108.0,-4220654.0,0.0,434830.0,0.0,0.0,-46268.0,413879.0,0.0,-3605219.0,1935532.0,5540751.0,201556.0,-1137885.0,-936329.0,https://www.sec.gov/Archives/edgar/data/862692/000102140803009217/0001021408-03-009217-index.htm,https://www.sec.gov/Archives/edgar/data/862692/000102140803009217/d10ksba.htm,1620590017,15:53:37,20210509
19,2001-11-30,CCEL,USD,2001-11-30,2001-11-30,FY,899634.0,512628.0,0.0,0.0,3528335.0,0.0,0.0,0.0,7130310.0,0.0,1257987.0,-666609.0,0.0,0.0,52101.0,-650000.0,-1264508.0,0.0,2393040.0,0.0,0.0,0.0,2851477.0,0.0,2844956.0,5540750.0,2695794.0,1257987.0,-666609.0,591378.0,,,1620590017,15:53:37,20210509
20,2000-11-30,CCEL,USD,2000-11-30,2000-11-30,FY,-1490678.0,313488.0,0.0,0.0,1401975.0,0.0,0.0,0.0,3601975.0,0.0,239530.0,-510422.0,0.0,-2500.0,0.0,-1200000.0,-1712922.0,0.0,0.0,0.0,0.0,2621600.0,2613996.0,0.0,1140604.0,2695794.0,1555190.0,239530.0,-510422.0,-270892.0,,,1620590017,15:53:37,20210509
21,1999-11-30,CCEL,USD,1999-11-30,1999-11-30,FY,-600000.0,100000.0,0.0,0.0,2900000.0,0.0,0.0,0.0,2200000.0,100000.0,-500000.0,-400000.0,0.0,0.0,0.0,-100000.0,-500000.0,0.0,300000.0,0.0,0.0,2300000.0,2000000.0,0.0,1100000.0,1600000.0,500000.0,-500000.0,-400000.0,-900000.0,,,1620590017,15:53:37,20210509
22,1998-11-30,CCEL,USD,1998-11-30,1998-11-30,FY,-2300000.0,200000.0,0.0,0.0,-1000000.0,0.0,0.0,0.0,-700000.0,100000.0,-1600000.0,-300000.0,0.0,0.0,500000.0,0.0,200000.0,0.0,400000.0,0.0,0.0,0.0,1100000.0,0.0,0.0,0.0,800000.0,-1600000.0,-300000.0,-1900000.0,,,1620590017,15:53:37,20210509
23,1997-11-30,CCEL,USD,1997-11-30,1997-11-30,FY,-1600000.0,100000.0,0.0,0.0,-1000000.0,0.0,0.0,0.0,300000.0,-100000.0,-1000000.0,-600000.0,0.0,0.0,0.0,300000.0,-300000.0,0.0,500000.0,0.0,0.0,0.0,1000000.0,0.0,0.0,0.0,1100000.0,-1000000.0,-600000.0,-1600000.0,,,1620590017,15:53:37,20210509
24,1996-11-30,CCEL,USD,1996-11-30,1996-11-30,FY,600000.0,100000.0,0.0,0.0,100000.0,0.0,0.0,0.0,1300000.0,100000.0,1200000.0,-100000.0,0.0,0.0,200000.0,-100000.0,0.0,0.0,0.0,0.0,0.0,-100000.0,-100000.0,0.0,0.0,0.0,0.0,1200000.0,-100000.0,1100000.0,,,1620590017,15:53:37,20210509
