,date,symbol,reportedCurrency,fillingDate,acceptedDate,period,netIncome,depreciationAndAmortization,deferredIncomeTax,stockBasedCompensation,changeInWorkingCapital,accountsReceivables,inventory,accountsPayables,otherWorkingCapital,otherNonCashItems,netCashProvidedByOperatingActivities,investmentsInPropertyPlantAndEquipment,acquisitionsNet,purchasesOfInvestments,salesMaturitiesOfInvestments,otherInvestingActivites,netCashUsedForInvestingActivites,debtRepayment,commonStockIssued,commonStockRepurchased,dividendsPaid,otherFinancingActivites,netCashUsedProvidedByFinancingActivities,effectOfForexChangesOnCash,netChangeInCash,cashAtEndOfPeriod,cashAtBeginningOfPeriod,operatingCashFlow,capitalExpenditure,freeCashFlow,link,finalLink,timestamp,est_time,est_date
0,2018-12-31,EXPEZ,USD,2018-12-31,2018-12-31,FY,406000000,1001000000,308000000.0,203000000,-116000000.0,-282000000,0.0,-134000000,-2979000000,0.0,1975000000,-878000000,-53000000.0,-2726000000,2137000000.0,961000000,-559000000,-500000000.0,0.0,-923000000,0.0,-66000000,-1489000000,-139000000,-212000000,2705000000,2917000000,1975000000,-878000000,1097000000,,,1620591905,16:25:05,20210509
1,2017-12-31,EXPEZ,USD,2017-12-31,2017-12-31,FY,377964000,889544000,103308000.0,149350000,-523899000.0,-455668000,0.0,315989000,-2863000000,0.0,1799154000,-710330000,-170639000.0,-2123444000,1096404000.0,325619000,-1582390000,0.0,0.0,-312089000,0.0,999603000,687514000,145640000,1049918000,2846729000,1796811000,1799154000,-710330000,1088824000,,,1620591905,16:25:05,20210509
2,2016-12-31,EXPEZ,USD,2016-12-31,2016-12-31,FY,281848000,794202000,14088000.0,242417000,337846000.0,-276154000,0.0,184398000,-2339101000,0.0,1564334000,-749348000,-777000.0,-501098000,60935000.0,471967000,-718321000,0.0,0.0,-455746000,0.0,-234873000,-690619000,-34882000,120512000,1796811000,1676299000,1564334000,-749348000,814986000,,,1620591905,16:25:05,20210509
3,2015-12-31,EXPEZ,USD,2015-12-31,2015-12-31,FY,764465000,500345000,0.0,178068000,270309000.0,-198262000,0.0,194458000,-2676947000,0.0,1368045000,-787041000,-2063649000.0,-60546000,0.0,412591000,-2498645000,0.0,0.0,-60546000,0.0,1464745000,1404199000,-127385000,273599000,1676299000,1402700000,1368045000,-787041000,581004000,,,1620591905,16:25:05,20210509
4,2014-12-31,EXPEZ,USD,2014-12-31,2014-12-31,FY,398097000,345432000,0.0,85011000,-1685130000.0,-157957000,0.0,110603000,-2947256000,0.0,1366959000,-328387000,-560668000.0,-537861000,0.0,393475000,-1033441000,0.0,0.0,-537861000,0.0,586010000,48149000,-109184000,381667000,1402700000,1021033000,1366959000,-328387000,1038572000,,,1620591905,16:25:05,20210509
5,2013-12-31,EXPEZ,USD,2013-12-31,2013-12-31,FY,232850000,283475000,0.0,130173000,-187032000.0,-127327000,0.0,91503000,-1262126000,0.0,763200000,-308581000,-541247000.0,-522900000,0.0,829916000,-542812000,0.0,0.0,-522900000,0.0,30384000,-492516000,-30936000,-272128000,1021033000,1293161000,763200000,-308581000,454619000,,,1620591905,16:25:05,20210509
6,2012-12-31,EXPEZ,USD,2012-12-31,2012-12-31,FY,280171000,195952000,55120000.0,64596000,-707285000.0,-84017000,0.0,345938000,-1075094000,0.0,1237182000,-235697000,-199360000.0,-2291090000,1955955000.0,402367000,-367825000,0.0,0.0,-417571000,0.0,144784000,-272787000,15064000,604027000,1293161000,689134000,1237182000,-235697000,1001485000,,,1620591905,16:25:05,20210509
7,2011-12-31,EXPEZ,USD,2011-12-31,2011-12-31,FY,472294000,154934000,-9942000.0,63847000,-88881000.0,-70012000,0.0,65152000,-367809000,0.0,825729000,-207837000,-35221000.0,-2017377000,1507240000.0,289735000,-463460000,0.0,0.0,-294027000,-76550000.0,17083000,-353494000,-17743000,67935000,689134000,621199000,825729000,-207837000,617892000,,,1620591905,16:25:05,20210509
8,2010-12-31,EXPEZ,USD,2010-12-31,2010-12-31,FY,421500000,155525000,-23581000.0,59690000,0.0,-35382000,0.0,18282000,-278928000,0.0,777483000,-155189000,-50465000.0,-1492422000,366036000.0,514344000,-817696000,0.0,0.0,-501993000,-79076000.0,712950000,131881000,-19880000,71788000,714332000,642544000,777483000,-155189000,622294000,,,1620591905,16:25:05,20210509
