,date,symbol,reportedCurrency,fillingDate,acceptedDate,period,netIncome,depreciationAndAmortization,deferredIncomeTax,stockBasedCompensation,changeInWorkingCapital,accountsReceivables,inventory,accountsPayables,otherWorkingCapital,otherNonCashItems,netCashProvidedByOperatingActivities,investmentsInPropertyPlantAndEquipment,acquisitionsNet,purchasesOfInvestments,salesMaturitiesOfInvestments,otherInvestingActivites,netCashUsedForInvestingActivites,debtRepayment,commonStockIssued,commonStockRepurchased,dividendsPaid,otherFinancingActivites,netCashUsedProvidedByFinancingActivities,effectOfForexChangesOnCash,netChangeInCash,cashAtEndOfPeriod,cashAtBeginningOfPeriod,operatingCashFlow,capitalExpenditure,freeCashFlow,link,finalLink,timestamp,est_time,est_date
0,2020-03-31,ABMD,USD,2020-05-21,2020-05-21 16:08:19,FY,203009000.0,20430000.0,32953000.0,39781000.0,-67221000.0,5551000.0,-13237000.0,2581000.0,503978000.0,3533000.0,314920000.0,-44006000.0,0.0,-632237000.0,550788000.0,0.0,-125455000.0,0.0,0.0,-84879000.0,0.0,-41687000.0,-117715000.0,-430000.0,71320000.0,192341000.0,121021000.0,314920000.0,-44006000.0,270914000.0,https://www.sec.gov/Archives/edgar/data/815094/000156459020026547/0001564590-20-026547-index.htm,https://www.sec.gov/Archives/edgar/data/815094/000156459020026547/abmd-10k_20200331.htm,1620586065,14:47:45,20210509
1,2019-03-31,ABMD,USD,2019-05-23,2019-05-23 16:07:01,FY,259016000.0,14121000.0,-7745000.0,54494000.0,161610000.0,-22023000.0,-37181000.0,7976000.0,571199000.0,-915000.0,252197000.0,-44004000.0,0.0,-404337000.0,331886000.0,0.0,-116455000.0,0.0,0.0,0.0,0.0,-71776000.0,-55775000.0,-1921000.0,78046000.0,121021000.0,42975000.0,252197000.0,-44004000.0,208193000.0,https://www.sec.gov/Archives/edgar/data/815094/000156459019020329/0001564590-19-020329-index.htm,https://www.sec.gov/Archives/edgar/data/815094/000156459019020329/abmd-10k_20190331.htm,1620586065,14:47:45,20210509
2,2018-03-31,ABMD,USD,2018-05-24,2018-05-24 16:11:43,FY,112170000.0,11005000.0,42624000.0,40353000.0,152248000.0,-15289000.0,-15686000.0,4412000.0,409589000.0,1337000.0,192546000.0,-55863000.0,0.0,-331808000.0,206909000.0,0.0,-180762000.0,-517000.0,0.0,0.0,0.0,-20317000.0,-9137000.0,1288000.0,3935000.0,42975000.0,39040000.0,192546000.0,-55863000.0,136683000.0,https://www.sec.gov/Archives/edgar/data/815094/000156459018014310/0001564590-18-014310-index.htm,https://www.sec.gov/Archives/edgar/data/815094/000156459018014310/abmd-10k_20180331.htm,1620586065,14:47:45,20210509
3,2017-03-31,ABMD,USD,2017-05-25,2017-05-25 16:08:18,FY,52116000.0,6202000.0,25803000.0,32866000.0,15490000.0,-11550000.0,-12284000.0,7565000.0,257341000.0,1590000.0,115116000.0,-50415000.0,0.0,-281400000.0,205482000.0,0.0,-126333000.0,-446000.0,0.0,0.0,0.0,-8067000.0,3867000.0,-1841000.0,-9191000.0,39040000.0,48231000.0,115116000.0,-50415000.0,64701000.0,https://www.sec.gov/Archives/edgar/data/815094/000156459017011690/0001564590-17-011690-index.htm,https://www.sec.gov/Archives/edgar/data/815094/000156459017011690/abmd-10k_20170331.htm,1620586065,14:47:45,20210509
4,2016-03-31,ABMD,USD,2016-05-26,2016-05-26 16:09:12,FY,38147000.0,3277000.0,22296000.0,29053000.0,61031000.0,-10930000.0,-11473000.0,-2645000.0,241851000.0,1053000.0,76795000.0,-15624000.0,0.0,-261725000.0,219639000.0,0.0,-57710000.0,0.0,0.0,0.0,0.0,-3746000.0,7160000.0,-415000.0,25830000.0,48231000.0,22401000.0,76795000.0,-15624000.0,61171000.0,https://www.sec.gov/Archives/edgar/data/815094/000156459016020014/0001564590-16-020014-index.htm,https://www.sec.gov/Archives/edgar/data/815094/000156459016020014/abmd-10k_20160331.htm,1620586065,14:47:45,20210509
5,2015-03-31,ABMD,USD,2015-05-28,2015-05-28 17:05:36,FY,113688000.0,2770000.0,-87094000.0,16520000.0,93265000.0,-7970000.0,-6967000.0,3372000.0,180820000.0,510000.0,43290000.0,-5188000.0,-16000000.0,-100508000.0,71530000.0,0.0,-49863000.0,0.0,0.0,0.0,0.0,-2199000.0,9523000.0,-1465000.0,1485000.0,22401000.0,20916000.0,43290000.0,-5188000.0,38102000.0,https://www.sec.gov/Archives/edgar/data/815094/000119312515204302/0001193125-15-204302-index.htm,https://www.sec.gov/Archives/edgar/data/815094/000119312515204302/d863915d10k.htm,1620586065,14:47:45,20210509
6,2014-03-31,ABMD,USD,2014-05-28,2014-05-28 15:17:02,FY,7351000.0,2508000.0,860000.0,11218000.0,-1994000.0,-1312000.0,-622000.0,-54000.0,87555000.0,0.0,23466000.0,-2761000.0,0.0,-87776000.0,68265000.0,0.0,-22272000.0,0.0,0.0,-425000.0,0.0,0.0,9632000.0,639000.0,11465000.0,20916000.0,9451000.0,23466000.0,-2761000.0,20705000.0,https://www.sec.gov/Archives/edgar/data/815094/000119312514214835/0001193125-14-214835-index.htm,https://www.sec.gov/Archives/edgar/data/815094/000119312514214835/d707960d10k.htm,1620586065,14:47:45,20210509
7,2013-03-31,ABMD,USD,2013-05-28,2013-05-28 16:33:09,FY,15014000.0,2723000.0,755000.0,9501000.0,1425000.0,-2586000.0,-5315000.0,1183000.0,89549000.0,0.0,26399000.0,-2836000.0,0.0,-49429000.0,42000000.0,0.0,-10265000.0,0.0,0.0,-15302000.0,0.0,0.0,-11811000.0,-862000.0,3461000.0,9451000.0,5990000.0,26399000.0,-2836000.0,23563000.0,https://www.sec.gov/Archives/edgar/data/815094/000119312513237523/0001193125-13-237523-index.htm,https://www.sec.gov/Archives/edgar/data/815094/000119312513237523/d505388d10k.htm,1620586065,14:47:45,20210509
8,2012-03-31,ABMD,USD,2012-06-04,2012-06-04 15:34:33,FY,1495000.0,4336000.0,789000.0,7773000.0,25730000.0,-5284000.0,-6229000.0,287000.0,88124000.0,3328000.0,3634000.0,-1745000.0,0.0,-24502000.0,8767000.0,0.0,-17480000.0,0.0,423000.0,0.0,0.0,0.0,14680000.0,-675000.0,159000.0,5990000.0,5831000.0,3634000.0,-1745000.0,1889000.0,https://www.sec.gov/Archives/edgar/data/815094/000119312512258595/0001193125-12-258595-index.htm,https://www.sec.gov/Archives/edgar/data/815094/000119312512258595/d303434d10k.htm,1620586065,14:47:45,20210509
9,2011-03-31,ABMD,USD,2011-06-02,2011-06-02 17:12:41,FY,-11755000.0,3948000.0,970000.0,5421000.0,-2210000.0,-1923000.0,-1508000.0,2480000.0,62394000.0,2920000.0,1574000.0,-1804000.0,0.0,-8004000.0,7000000.0,456000.0,-2352000.0,0.0,313000.0,0.0,0.0,1061000.0,1374000.0,447000.0,1043000.0,5831000.0,4788000.0,1574000.0,-1804000.0,-230000.0,https://www.sec.gov/Archives/edgar/data/815094/000119312511157312/0001193125-11-157312-index.htm,https://www.sec.gov/Archives/edgar/data/815094/000119312511157312/d10k.htm,1620586065,14:47:45,20210509
10,2010-03-31,ABMD,USD,2010-06-08,2010-06-08 17:05:40,FY,-19024000.0,4898000.0,954000.0,5365000.0,-6306000.0,2210000.0,927000.0,-1387000.0,64604000.0,3558000.0,-7362000.0,-1800000.0,-2000000.0,-11869000.0,17848000.0,0.0,8818000.0,0.0,340000.0,0.0,0.0,0.0,979000.0,568000.0,3003000.0,4788000.0,1785000.0,-7362000.0,-1800000.0,-9162000.0,https://www.sec.gov/Archives/edgar/data/815094/000119312510134997/0001193125-10-134997-index.htm,https://www.sec.gov/Archives/edgar/data/815094/000119312510134997/d10k.htm,1620586065,14:47:45,20210509
11,2009-03-31,ABMD,USD,2009-06-08,2009-06-08 16:58:56,FY,-31597000.0,5016000.0,721000.0,8834000.0,18883000.0,-2539000.0,-1598000.0,-2402000.0,70910000.0,1882000.0,-18305000.0,-3751000.0,0.0,-60180000.0,37126000.0,0.0,-26805000.0,0.0,42233000.0,0.0,0.0,-711000.0,46230000.0,-1377000.0,-257000.0,1785000.0,2042000.0,-18305000.0,-3751000.0,-22056000.0,https://www.sec.gov/Archives/edgar/data/815094/000119312509127074/0001193125-09-127074-index.htm,https://www.sec.gov/Archives/edgar/data/815094/000119312509127074/d10k.htm,1620586065,14:47:45,20210509
12,2008-03-31,ABMD,USD,2008-06-16,2008-06-16 16:10:30,FY,-40930000.0,6124000.0,527000.0,0.0,-31458000.0,0.0,-11078000.0,0.0,52027000.0,11544000.0,-28874000.0,-3829000.0,0.0,-66390000.0,34454000.0,-5140000.0,-40905000.0,0.0,3938000.0,-1868000.0,0.0,0.0,2070000.0,105000.0,-67604000.0,2042000.0,69646000.0,-28874000.0,-3829000.0,-32703000.0,https://www.sec.gov/Archives/edgar/data/815094/000119312508134401/0001193125-08-134401-index.htm,https://www.sec.gov/Archives/edgar/data/815094/000119312508134401/d10k.htm,1620586065,14:47:45,20210509
13,2007-03-31,ABMD,USD,2007-06-13,2007-06-13 17:27:24,FY,-27881000.0,3915000.0,475000.0,0.0,45781000.0,0.0,-4095000.0,0.0,83485000.0,6137000.0,-19820000.0,-2420000.0,0.0,-17663000.0,35187000.0,0.0,15095000.0,0.0,66607000.0,-50000.0,0.0,0.0,66557000.0,-18000.0,61814000.0,69646000.0,7832000.0,-19820000.0,-2420000.0,-22240000.0,https://www.sec.gov/Archives/edgar/data/815094/000119312507134975/0001193125-07-134975-index.htm,https://www.sec.gov/Archives/edgar/data/815094/000119312507134975/d10k.htm,1620586065,14:47:45,20210509
14,2006-03-31,ABMD,USD,2006-06-14,2006-06-14 17:16:40,FY,-29449000.0,2742000.0,310000.0,0.0,-12638000.0,0.0,-177000.0,0.0,37704000.0,371000.0,-9339000.0,-3064000.0,-3000000.0,-29021000.0,42016000.0,0.0,7369000.0,0.0,2159000.0,-66000.0,0.0,0.0,2093000.0,91000.0,214000.0,7832000.0,7618000.0,-9339000.0,-3064000.0,-12403000.0,https://www.sec.gov/Archives/edgar/data/815094/000119312506129882/0001193125-06-129882-index.htm,https://www.sec.gov/Archives/edgar/data/815094/000119312506129882/d10k.htm,1620586065,14:47:45,20210509
15,2005-03-31,ABMD,USD,2005-06-14,2005-06-14 17:30:23,FY,-2342000.0,1240000.0,0.0,0.0,18188000.0,0.0,-1166000.0,0.0,50342000.0,0.0,-5164000.0,-697000.0,0.0,-39520000.0,42169000.0,-36000.0,1916000.0,0.0,4087000.0,0.0,0.0,0.0,4087000.0,-56000.0,783000.0,7618000.0,6835000.0,-5164000.0,-697000.0,-5861000.0,https://www.sec.gov/Archives/edgar/data/815094/000110465905028230/0001104659-05-028230-index.htm,https://www.sec.gov/Archives/edgar/data/815094/000110465905028230/a05-10742_110k.htm,1620586065,14:47:45,20210509
16,2004-03-31,ABMD,USD,2004-05-27,2004-05-27 09:16:27,FY,-9446000.0,1388000.0,0.0,0.0,-25182000.0,0.0,198000.0,0.0,32154000.0,-156000.0,-10136000.0,-429000.0,0.0,-38968000.0,10197000.0,-41000.0,-29229000.0,0.0,1589000.0,0.0,0.0,0.0,1589000.0,97000.0,-37679000.0,6893000.0,44572000.0,-10136000.0,-429000.0,-10565000.0,https://www.sec.gov/Archives/edgar/data/815094/000110465904015644/0001104659-04-015644-index.htm,https://www.sec.gov/Archives/edgar/data/815094/000110465904015644/a04-6490_110k.htm,1620586065,14:47:45,20210509
17,2003-03-31,ABMD,USD,2003-06-06,2003-06-06 08:14:44,FY,-18171000.0,1704000.0,0.0,0.0,-16185000.0,0.0,1377000.0,0.0,57336000.0,0.0,-16184000.0,-840000.0,0.0,-14648000.0,30425000.0,-153000.0,14810000.0,0.0,333000.0,0.0,0.0,0.0,279000.0,0.0,-1095000.0,44572000.0,45667000.0,-16184000.0,-840000.0,-17024000.0,https://www.sec.gov/Archives/edgar/data/815094/000104746903020694/0001047469-03-020694-index.htm,https://www.sec.gov/Archives/edgar/data/815094/000104746903020694/a2112402z10-k.htm,1620586065,14:47:45,20210509
18,2002-03-31,ABMD,USD,2002-03-31,2002-03-31,FY,-21676000.0,1771000.0,0.0,0.0,-24478000.0,0.0,-689000.0,0.0,73521000.0,0.0,-20068000.0,-1624000.0,0.0,-38009000.0,14391000.0,0.0,-25242000.0,0.0,1007000.0,0.0,0.0,0.0,515000.0,0.0,-44795000.0,45667000.0,90462000.0,-20068000.0,-1624000.0,-21692000.0,,,1620586065,14:47:45,20210509
19,2001-03-31,ABMD,USD,2001-06-28 00:00:00,2001-06-28 00:00:00,FY,-11401000.0,2968000.0,0.0,0.0,-10999000.0,0.0,-128000.0,0.0,97999000.0,0.0,-11959000.0,-2555000.0,0.0,-26991000.0,29422000.0,0.0,-124000.0,0.0,864000.0,0.0,0.0,0.0,628000.0,0.0,-11455000.0,90462000.0,101917000.0,-11959000.0,-2555000.0,-14514000.0,https://www.sec.gov/Archives/edgar/data/815094/000091205701521860/0000912057-01-521860-index.html,https://www.sec.gov/Archives/edgar/data/815094/000091205701521860/a2052868z10-k.txt,1620586065,14:47:45,20210509
20,2000-03-31,ABMD,USD,2000-06-23 00:00:00,2000-06-23 00:00:00,FY,-10454000.0,1685000.0,0.0,0.0,86853542.0,0.0,-650000.0,0.0,108998000.0,0.0,-7306000.0,-1358000.0,0.0,-8313000.0,12748000.0,0.0,3077000.0,0.0,96306000.0,0.0,0.0,0.0,96867000.0,0.0,92638000.0,101917000.0,9279000.0,-7306000.0,-1358000.0,-8664000.0,https://www.sec.gov/Archives/edgar/data/815094/000091205700029599/0000912057-00-029599-index.html,https://www.sec.gov/Archives/edgar/data/815094/000091205700029599/a10-k.txt,1620586065,14:47:45,20210509
21,1999-03-31,ABMD,USD,1999-03-31,1999-03-31,FY,-6712201.0,1385988.0,0.0,0.0,-7215750.0,0.0,-568415.0,0.0,22144458.0,0.0,-7430419.0,-1551893.0,0.0,-25548051.0,40360661.0,0.0,13260717.0,0.0,765761.0,0.0,0.0,0.0,765761.0,0.0,6596059.0,9279210.0,2683151.0,-7430419.0,-1551893.0,-8982312.0,,,1620586065,14:47:45,20210509
22,1998-03-31,ABMD,USD,1998-03-31,1998-03-31,FY,-2507764.0,876939.0,0.0,0.0,16509923.0,0.0,-858704.0,0.0,29360208.0,0.0,-687354.0,-15969977.0,0.0,0.0,0.0,-2540168.0,-18510145.0,0.0,20300678.0,0.0,0.0,0.0,20300678.0,0.0,1103179.0,2683151.0,1579972.0,-687354.0,-15969977.0,-16657331.0,,,1620586065,14:47:45,20210509
23,1997-03-31,ABMD,USD,1997-06-26 00:00:00,1997-06-26 00:00:00,FY,735264.0,429612.0,0.0,0.0,115686.0,0.0,-167271.0,0.0,12850285.0,0.0,-236892.0,-1594484.0,0.0,-35554.0,0.0,0.0,-1630038.0,0.0,545294.0,0.0,0.0,0.0,545294.0,0.0,-1321636.0,1616696.0,2938332.0,-236892.0,-1594484.0,-1831376.0,https://www.sec.gov/Archives/edgar/data/815094/000092701697001801/0000927016-97-001801-index.html,https://www.sec.gov/Archives/edgar/data/815094/0000927016-97-001801.txt,1620586065,14:47:45,20210509
24,1996-03-31,ABMD,USD,1996-06-24 00:00:00,1996-06-24 00:00:00,FY,491124.0,349756.0,0.0,0.0,6434599.0,0.0,-244232.0,0.0,12734599.0,0.0,566908.0,-322642.0,0.0,0.0,2701323.0,-770000.0,1608681.0,0.0,148652.0,0.0,0.0,0.0,148652.0,0.0,2324241.0,2938332.0,614091.0,566908.0,-322642.0,244266.0,https://www.sec.gov/Archives/edgar/data/815094/000095010996004013/0000950109-96-004013-index.html,https://www.sec.gov/Archives/edgar/data/815094/0000950109-96-004013.txt,1620586065,14:47:45,20210509
25,1995-03-31,ABMD,USD,1995-06-27 00:00:00,1995-06-27 00:00:00,FY,-400000.0,400000.0,0.0,0.0,300000.0,0.0,800000.0,0.0,6300000.0,-200000.0,900000.0,-100000.0,0.0,-1300000.0,0.0,700000.0,-700000.0,0.0,0.0,0.0,0.0,0.0,0.0,0.0,0.0,0.0,500000.0,900000.0,-100000.0,800000.0,https://www.sec.gov/Archives/edgar/data/815094/000095010995002477/0000950109-95-002477-index.html,https://www.sec.gov/Archives/edgar/data/815094/0000950109-95-002477.txt,1620586065,14:47:45,20210509
26,1994-03-31,ABMD,USD,1994-03-31,1994-03-31,FY,-2000000.0,300000.0,0.0,0.0,-4800000.0,0.0,-700000.0,0.0,6000000.0,100000.0,-3400000.0,-200000.0,0.0,-2900000.0,6200000.0,0.0,3100000.0,0.0,100000.0,0.0,0.0,0.0,100000.0,0.0,0.0,0.0,700000.0,-3400000.0,-200000.0,-3600000.0,,,1620586065,14:47:45,20210509
27,1993-03-31,ABMD,USD,1993-03-31,1993-03-31,FY,-3900000.0,300000.0,0.0,0.0,-8000000.0,0.0,-700000.0,0.0,10800000.0,100000.0,-4300000.0,-300000.0,0.0,-4300000.0,4900000.0,100000.0,400000.0,0.0,100000.0,0.0,0.0,-100000.0,0.0,0.0,0.0,0.0,4700000.0,-4300000.0,-300000.0,-4600000.0,,,1620586065,14:47:45,20210509
28,1992-03-31,ABMD,USD,1992-03-31,1992-03-31,FY,-5100000.0,600000.0,0.0,0.0,-4300000.0,0.0,300000.0,0.0,18800000.0,100000.0,-3400000.0,-100000.0,0.0,0.0,0.0,0.0,-100000.0,0.0,100000.0,0.0,0.0,0.0,100000.0,0.0,0.0,0.0,8000000.0,-3400000.0,-100000.0,-3500000.0,,,1620586065,14:47:45,20210509
29,1991-03-31,ABMD,USD,1991-03-31,1991-03-31,FY,-6600000.0,300000.0,0.0,0.0,-700000.0,0.0,-100000.0,0.0,23100000.0,3000000.0,-4000000.0,-200000.0,0.0,0.0,5500000.0,-100000.0,5200000.0,0.0,1400000.0,0.0,0.0,0.0,1400000.0,0.0,0.0,0.0,5400000.0,-4000000.0,-200000.0,-4200000.0,,,1620586065,14:47:45,20210509
