,date,symbol,reportedCurrency,fillingDate,acceptedDate,period,netIncome,depreciationAndAmortization,deferredIncomeTax,stockBasedCompensation,changeInWorkingCapital,accountsReceivables,inventory,accountsPayables,otherWorkingCapital,otherNonCashItems,netCashProvidedByOperatingActivities,investmentsInPropertyPlantAndEquipment,acquisitionsNet,purchasesOfInvestments,salesMaturitiesOfInvestments,otherInvestingActivites,netCashUsedForInvestingActivites,debtRepayment,commonStockIssued,commonStockRepurchased,dividendsPaid,otherFinancingActivites,netCashUsedProvidedByFinancingActivities,effectOfForexChangesOnCash,netChangeInCash,cashAtEndOfPeriod,cashAtBeginningOfPeriod,operatingCashFlow,capitalExpenditure,freeCashFlow,link,finalLink,timestamp,est_time,est_date
0,2020-12-31,MLM,USD,2021-02-19,2021-02-19 16:36:13,FY,721000000,393000000.0,43800000.0,30000000.0,580800000.0,6100000.0,-19300000.0,-34000000.0,1169000000,2100000.0,1050100000,-359700000,77000000.0,0.0,0.0,-127200000.0,-409700000,-780600000.0,0.0,-64500000.0,-140300000,-2000000.0,-357000000,0.0,283400000.0,304400000.0,21000000.0,1050100000,-359700000,690400000.0,https://www.sec.gov/Archives/edgar/data/916076/000156459021006959/0001564590-21-006959-index.htm,https://www.sec.gov/Archives/edgar/data/916076/000156459021006959/mlm-10k_20201231.htm,1620595099,17:18:19,20210509
1,2019-12-31,MLM,USD,2020-02-21 00:00:00,2020-02-21 16:57:43,FY,611900000,0.0,29400000.0,34100000.0,9134000.0,-50400000.0,-27700000.0,25900000.0,588200000,8600000.0,966100000,-393500000,8000000.0,0.0,0.0,-800000.0,-385900000,-986100000.0,0.0,-126300000.0,-129800000,-600000.0,-604100000,0.0,-23900000.0,21000000.0,44900000.0,966100000,-393500000,572600000.0,https://www.sec.gov/Archives/edgar/data/916076/000156459020005784/0001564590-20-005784-index.html,https://www.sec.gov/Archives/edgar/data/916076/000156459020005784/mlm-10k_20191231.htm,1620595099,17:18:19,20210509
2,2018-12-31,MLM,USD,2019-02-25 00:00:00,2019-02-25 16:38:50,FY,469998000,0.0,85063000.0,29253000.0,-1357878000.0,-10617000.0,-21984000.0,20148000.0,579066000,8079000.0,705148000,-375954000,-1573000000.0,0.0,0.0,771000.0,-1948206000,-913538000.0,0.0,-112242000.0,-116436000,-23399000.0,-158414000,0.0,-1401472000.0,44892000.0,1446364000.0,705148000,-375954000,329194000.0,https://www.sec.gov/Archives/edgar/data/916076/000119312519049961/0001193125-19-049961-index.html,https://www.sec.gov/Archives/edgar/data/916076/000119312519049961/d640896d10k.htm,1620595099,17:18:19,20210509
3,2017-12-31,MLM,USD,2018-02-23 00:00:00,2018-02-23 15:41:37,FY,713342000,0.0,-239056000.0,30460000.0,1397147000.0,-29329000.0,-78966000.0,-17874000.0,1936944000,-13157000.0,657878000,-410325000,24000000.0,0.0,0.0,0.0,-386479000,-1068591000.0,0.0,-111804000.0,-108852000,-4766000.0,1124927000,0.0,1396326000.0,1446364000.0,50038000.0,657878000,-410325000,247553000.0,https://www.sec.gov/Archives/edgar/data/916076/000119312518055887/0001193125-18-055887-index.html,https://www.sec.gov/Archives/edgar/data/916076/000119312518055887/d529448d10k.htm,1620595099,17:18:19,20210509
4,2016-12-31,MLM,USD,2017-02-24 00:00:00,2017-02-24 16:02:10,FY,425386000,0.0,67050000.0,20481000.0,-175180000.0,-25072000.0,-47381000.0,-8116000.0,539797000,-17730000.0,678654000,-387267000,-168000000.0,0.0,0.0,0.0,-555313000,-452670000.0,21321000.0,-259228000.0,-105036000,4136000.0,-241712000,0.0,-118371000.0,50038000.0,168409000.0,678654000,-387267000,291387000.0,https://www.sec.gov/Archives/edgar/data/916076/000119312517056282/0001193125-17-056282-index.html,https://www.sec.gov/Archives/edgar/data/916076/000119312517056282/d344578d10k.htm,1620595099,17:18:19,20210509
5,2015-12-31,MLM,USD,2016-02-23 00:00:00,2016-02-23 17:09:11,FY,288792000,0.0,85225000.0,13589000.0,-177191000.0,12309000.0,-21525000.0,-40053000.0,714977000,-5972000.0,573151000,-318232000,405000000.0,0.0,0.0,0.0,88546000,-251320000.0,37078000.0,-519962000.0,-107462000,-325000.0,-601939000,0.0,59758000.0,168409000.0,108651000.0,573151000,-318232000,254919000.0,https://www.sec.gov/Archives/edgar/data/916076/000119312516473754/0001193125-16-473754-index.html,https://www.sec.gov/Archives/edgar/data/916076/000119312516473754/d147147d10k.htm,1620595099,17:18:19,20210509
6,2014-12-31,MLM,USD,2015-02-24,2015-02-24 16:07:58,FY,155601000,0.0,50292000.0,8993000.0,347351000.0,-16650000.0,-12020000.0,5303000.0,892168000,4795000.0,381658000,-232183000,182000000.0,0.0,0.0,0.0,-49325000,-1060364000.0,39714000.0,0.0,-91304000,-20554000.0,-266119000,0.0,66214000.0,108651000.0,42437000.0,381658000,-232183000,149475000.0,https://www.sec.gov/Archives/edgar/data/916076/000119312515060008/d877241d10k.htm,https://www.sec.gov/Archives/edgar/data/916076/000119312515060008/d877241d10k.htm,1620595099,17:18:19,20210509
7,2013-12-31,MLM,USD,2014-02-24,2014-02-24 16:07:22,FY,121337000,0.0,24113000.0,7008000.0,17751000.0,-22523000.0,-11639000.0,20063000.0,544817000,-429000.0,308951000,-155233000,-56000000.0,0.0,0.0,-3402000.0,-214549000,-621170000.0,11691000.0,0.0,-74197000,-656000.0,-77359000,0.0,17043000.0,42437000.0,25394000.0,308951000,-155233000,153718000.0,https://www.sec.gov/Archives/edgar/data/916076/000119312514064999/d654417d10k.htm,https://www.sec.gov/Archives/edgar/data/916076/000119312514064999/d654417d10k.htm,1620595099,17:18:19,20210509
8,2012-12-31,MLM,USD,2013-02-22 00:00:00,2013-02-22 10:39:51,FY,84474000,0.0,13929000.0,7781000.0,42928000.0,-20302000.0,-9640000.0,-8673000.0,527066000,2073000.0,222689000,-151023000,10000000.0,0.0,0.0,-2000000.0,-143210000,-193655000.0,6959000.0,0.0,-73767000,-644000.0,-80107000,0.0,-628000.0,25394000.0,26022000.0,222689000,-151023000,71666000.0,https://www.sec.gov/Archives/edgar/data/916076/000119312513070711/0001193125-13-070711-index.html,https://www.sec.gov/Archives/edgar/data/916076/000119312513070711/d460152d10k.htm,1620595099,17:18:19,20210509
9,2011-12-31,MLM,USD,2012-02-29 00:00:00,2012-02-29 12:40:16,FY,82379000,0.0,11324000.0,11522000.0,173420000.0,-19375000.0,-5107000.0,30387000.0,484138000,1598000.0,259094000,-155363000,-84000000.0,0.0,0.0,0.0,-238924000,-472573000.0,1473000.0,0.0,-73648000,-14723000.0,-64471000,0.0,-44301000.0,26022000.0,70323000.0,259094000,-155363000,103731000.0,https://www.sec.gov/Archives/edgar/data/916076/000119312512088047/0001193125-12-088047-index.html,https://www.sec.gov/Archives/edgar/data/916076/000119312512088047/d265076d10k.htm,1620595099,17:18:19,20210509
10,2010-12-31,MLM,USD,2011-02-25,2011-02-25 16:55:10,FY,97012000,0.0,1708000.0,14675000.0,-172589000.0,-20546000.0,1241000.0,8223000.0,310718000,4629000.0,269808000,-135916000,-38000000.0,0.0,0.0,5000000.0,-174182000,-419988000.0,3047000.0,0.0,-73550000,1211000.0,-288894000,0.0,-193268000.0,70323000.0,263591000.0,269808000,-135916000,133892000.0,https://www.sec.gov/Archives/edgar/data/916076/000095012311018849/g25580e10vk.htm,https://www.sec.gov/Archives/edgar/data/916076/000095012311018849/g25580e10vk.htm,1620595099,17:18:19,20210509
11,2009-12-31,MLM,USD,2010-02-26 00:00:00,2010-02-26 15:16:41,FY,85459000,175367000.0,8685000.0,20552000.0,166915000.0,48521000.0,-12525000.0,-10452000.0,483307000,-1018000.0,318368000,-139230000,-42000000.0,0.0,0.0,3792000.0,-185031000,-439083000.0,294177000.0,0.0,-71178000,-21456000.0,92460000,0.0,225797000.0,263591000.0,37794000.0,318368000,-139230000,179138000.0,https://www.sec.gov/Archives/edgar/data/916076/000095012310018035/0000950123-10-018035-index.html,https://www.sec.gov/Archives/edgar/data/916076/000095012310018035/g22182e10vk.htm,1620595099,17:18:19,20210509
12,2008-12-31,MLM,USD,2009-02-17 00:00:00,2009-02-17 16:47:38,FY,176256000,166485000.0,23848000.0,21865000.0,196998000.0,34242000.0,-25182000.0,-24411000.0,316392000,-2675000.0,341745000,-258246000,-193000000.0,0.0,0.0,26028000.0,-450762000,-207992000.0,3271000.0,-24017000.0,-62511000,-7815000.0,126773000,0.0,17756000.0,37794000.0,20038000.0,341745000,-258246000,83499000.0,https://www.sec.gov/Archives/edgar/data/916076/000095014409001377/0000950144-09-001377-index.html,https://www.sec.gov/Archives/edgar/data/916076/000095014409001377/g17638e10vk.htm,1620595099,17:18:19,20210509
13,2007-12-31,MLM,USD,2008-02-25,2008-02-25 16:13:59,FY,262749000,150338000.0,8741000.0,0.0,-157888000.0,0.0,-31514000.0,0.0,119394000,-3591000.0,395568000,-264923000,9000000.0,0.0,0.0,0.0,-256027000,0.0,14623000.0,-551164000.0,-53610000,22471000.0,-151785000,0.0,-12244000.0,20038000.0,32282000.0,395568000,-264923000,130645000.0,https://www.sec.gov/Archives/edgar/data/916076/000095014408001341/g11819e10vk.htm,https://www.sec.gov/Archives/edgar/data/916076/000095014408001341/g11819e10vk.htm,1620595099,17:18:19,20210509
14,2006-12-31,MLM,USD,2007-02-28,2007-02-28 06:44:59,FY,245422000,141429000.0,17156000.0,0.0,-124637000.0,0.0,-33681000.0,0.0,277282000,-4029000.0,338192000,-265976000,28000000.0,0.0,25000000.0,0.0,-213423000,0.0,31535000.0,-172888000.0,-46421000,17467000.0,-169232000,0.0,-44463000.0,32282000.0,76745000.0,338192000,-265976000,72216000.0,https://www.sec.gov/Archives/edgar/data/916076/000095014407001677/g05626e10vk.htm,https://www.sec.gov/Archives/edgar/data/916076/000095014407001677/g05626e10vk.htm,1620595099,17:18:19,20210509
15,2005-12-31,MLM,USD,2006-02-27,2006-02-27 14:43:40,FY,192666000,138251000.0,5711000.0,0.0,-18521000.0,0.0,-10952000.0,0.0,401919000,0.0,317784000,-221401000,33000000.0,-25000000.0,0.0,-400000.0,-213869000,0.0,33266000.0,-178787000.0,-39953000,-467000.0,-188790000,0.0,-84875000.0,76745000.0,161620000.0,317784000,-221401000,96383000.0,https://www.sec.gov/Archives/edgar/data/916076/000095014406001538/g99743e10vk.htm,https://www.sec.gov/Archives/edgar/data/916076/000095014406001538/g99743e10vk.htm,1620595099,17:18:19,20210509
16,2004-12-31,MLM,USD,2005-02-25,2005-02-25 13:20:55,FY,129163000,132859000.0,38544000.0,0.0,19085000.0,0.0,786000.0,0.0,420440000,0.0,266841000,-163445000,0.0,0.0,0.0,0.0,-123325000,0.0,3787000.0,-71507000.0,-36507000,-1737000.0,-107029000,0.0,36487000.0,161620000.0,125133000.0,266841000,-163445000,103396000.0,https://www.sec.gov/Archives/edgar/data/916076/000095014405001851/g93420e10vk.htm,https://www.sec.gov/Archives/edgar/data/916076/000095014405001851/g93420e10vk.htm,1620595099,17:18:19,20210509
17,2003-12-31,MLM,USD,2004-03-15,2004-03-15 12:35:05,FY,93623000,139606000.0,22629000.0,0.0,73033000.0,0.0,18039000.0,0.0,401355000,0.0,277169000,-120638000,0.0,0.0,0.0,29478000.0,-99778000,0.0,1037000.0,-13253000.0,-33714000,12581000.0,-66756000,0.0,110635000.0,125133000.0,14498000.0,277169000,-120638000,156531000.0,https://www.sec.gov/Archives/edgar/data/916076/000095014404002492/g87608ke10vk.htm,https://www.sec.gov/Archives/edgar/data/916076/000095014404002492/g87608ke10vk.htm,1620595099,17:18:19,20210509
18,2002-12-31,MLM,USD,2003-03-27,2003-03-27 16:08:17,FY,86315000,138696000.0,24489000.0,0.0,24127000.0,0.0,-14329000.0,0.0,328322000,0.0,203560000,-152680000,0.0,0.0,0.0,0.0,-200650000,0.0,640000.0,0.0,-28278000,0.0,-102324000,0.0,-1683000.0,-304000.0,1379000.0,203560000,-152680000,50880000.0,https://www.sec.gov/Archives/edgar/data/916076/000095014403003919/g81353e10vk.htm,https://www.sec.gov/Archives/edgar/data/916076/000095014403003919/g81353e10vk.htm,1620595099,17:18:19,20210509
19,2001-12-31,MLM,USD,2001-12-31,2001-12-31,FY,105362000,154635000.0,14356000.0,0.0,68307000.0,0.0,0.0,0.0,304195000,0.0,252943000,-194386000,0.0,0.0,0.0,45973000.0,-370185000,0.0,2621000.0,0.0,-26927000,0.0,123399000,0.0,6157000.0,1379000.0,-4778000.0,252943000,-194386000,58557000.0,,,1620595099,17:18:19,20210509
20,2000-12-31,MLM,USD,2000-12-31,2000-12-31,FY,112027000,136373000.0,9457000.0,0.0,15188000.0,0.0,0.0,0.0,235888000,0.0,212880000,-170805000,0.0,0.0,0.0,8326000.0,-201806000,0.0,2039000.0,0.0,-25248000,0.0,-19255000,0.0,-8181000.0,-4778000.0,3403000.0,212880000,-170805000,42075000.0,,,1620595099,17:18:19,20210509
21,1999-12-31,MLM,USD,1999-12-31,1999-12-31,FY,125800000,124800000.0,-3300000.0,0.0,3500000.0,0.0,0.0,0.0,220700000,0.0,223700000,-214900000,0.0,0.0,0.0,300000.0,-214600000,0.0,2000000.0,-12700000.0,-24300000,0.0,-20300000,0.0,-11200000.0,3400000.0,14600000.0,223700000,-214900000,8800000.0,,,1620595099,17:18:19,20210509
22,1998-12-31,MLM,USD,1998-12-31,1998-12-31,FY,115600000,98800000.0,-3500000.0,0.0,3400000.0,0.0,0.0,0.0,217200000,100000.0,222600000,-471800000,0.0,0.0,0.0,-34000000.0,-505800000,0.0,1900000.0,0.0,-23200000,-1800000.0,279200000,0.0,0.0,0.0,18700000.0,222600000,-471800000,-249200000.0,,,1620595099,17:18:19,20210509
23,1997-12-31,MLM,USD,1997-12-31,1997-12-31,FY,98500000,79700000.0,7100000.0,0.0,30700000.0,0.0,0.0,0.0,213800000,0.0,195600000,-365500000,0.0,0.0,0.0,32100000.0,-333400000,0.0,200000.0,0.0,-22100000,-900000.0,160700000,0.0,0.0,0.0,-4300000.0,195600000,-365500000,-169900000.0,,,1620595099,17:18:19,20210509
24,1996-12-31,MLM,USD,1996-12-31,1996-12-31,FY,78600000,61200000.0,100000.0,0.0,-900000.0,0.0,0.0,0.0,183100000,-100000.0,134900000,-83200000,0.0,0.0,0.0,71800000.0,-11400000,0.0,0.0,0.0,-21200000,0.0,-124900000,0.0,0.0,0.0,-2900000.0,134900000,-83200000,51700000.0,,,1620595099,17:18:19,20210509
