,date,symbol,reportedCurrency,fillingDate,acceptedDate,period,netIncome,depreciationAndAmortization,deferredIncomeTax,stockBasedCompensation,changeInWorkingCapital,accountsReceivables,inventory,accountsPayables,otherWorkingCapital,otherNonCashItems,netCashProvidedByOperatingActivities,investmentsInPropertyPlantAndEquipment,acquisitionsNet,purchasesOfInvestments,salesMaturitiesOfInvestments,otherInvestingActivites,netCashUsedForInvestingActivites,debtRepayment,commonStockIssued,commonStockRepurchased,dividendsPaid,otherFinancingActivites,netCashUsedProvidedByFinancingActivities,effectOfForexChangesOnCash,netChangeInCash,cashAtEndOfPeriod,cashAtBeginningOfPeriod,operatingCashFlow,capitalExpenditure,freeCashFlow,link,finalLink,timestamp,est_time,est_date
0,2020-10-31,ADI,USD,2020-11-24,2020-11-24 08:08:16,FY,1220761000.0,810923000.0,-113948000.0,149518000.0,676208000.0,-101626000.0,1760000.0,103104000.0,1152702000.0,45418000.0,2008487000,-165692000,-14196000.0,0.0,0.0,-635000.0,-180523000,-1100000000.0,0.0,-244487000.0,-886155000.0,-4015000.0,-1420608000.0,182000.0,407538000.0,1055860000.0,648322000.0,2008487000,-165692000,1842795000.0,https://www.sec.gov/Archives/edgar/data/6281/000000628120000156/0000006281-20-000156-index.htm,https://www.sec.gov/Archives/edgar/data/6281/000000628120000156/adi-20201031.htm,1620586174,14:49:34,20210509
1,2019-11-02,ADI,USD,2019-11-26 00:00:00,2019-11-26 16:26:04,FY,1363011000.0,811251000.0,-91253000.0,150300000.0,-229506000.0,5890000.0,-42771000.0,-6371000.0,476494000.0,205374000.0,2253100000,-275372000,-11170000.0,-613005000.0,0.0,606361000.0,-293186000,-850000000.0,0.0,-496482000.0,-777481000.0,-736308000.0,-2126794000.0,-1389000.0,-168269000.0,-20269000.0,148000000.0,2253100000,-275372000,1977728000.0,https://www.sec.gov/Archives/edgar/data/6281/000000628119000144/0000006281-19-000144-index.html,https://www.sec.gov/Archives/edgar/data/6281/000000628119000144/adi-20191102.htm,1620586174,14:49:34,20210509
2,2018-11-03,ADI,USD,2018-11-27 00:00:00,2018-11-27 08:17:08,FY,1506980000.0,799063000.0,-730376000.0,151165000.0,-49006000.0,45979000.0,-34636000.0,-5069000.0,706000000.0,187734000.0,2442361000,-254876000,-52839000.0,-225977000.0,0.0,219694000.0,-313998000,-2275000000.0,0.0,-126950000.0,-703307000.0,-1428758000.0,-2358042000.0,-1568000.0,-231247000.0,-5087000.0,226160000.0,2442361000,-254876000,2187485000.0,https://www.sec.gov/Archives/edgar/data/6281/000000628118000126/0000006281-18-000126-index.html,https://www.sec.gov/Archives/edgar/data/6281/000000628118000126/adi-1132018x10k.htm,1620586174,14:49:34,20210509
3,2017-10-28,ADI,USD,2017-11-22 00:00:00,2017-11-22 16:09:02,FY,805379000.0,584059000.0,-810398000.0,104188000.0,755006000.0,-65669000.0,-47354000.0,192249000.0,755006000.0,452041000.0,1154365000,-204098000,-9632568000.0,-46533000.0,3362792000.0,-97607000.0,-6618014000,-5625000.0,0.0,86769000.0,-602119000.0,6282855000.0,5586805000.0,3550000.0,126706000.0,194583000.0,67877000.0,1154365000,-204098000,950267000.0,https://www.sec.gov/Archives/edgar/data/6281/000000628117000144/0000006281-17-000144-index.html,https://www.sec.gov/Archives/edgar/data/6281/000000628117000144/adi-10282017x10k.htm,1620586174,14:49:34,20210509
4,2016-10-29,ADI,USD,2016-11-22 00:00:00,2016-11-22 08:18:52,FY,861664000.0,209790000.0,8124000.0,63421000.0,-2965718000.0,-9392000.0,38221000.0,85502000.0,0.0,91281000.0,1291348000,-127397000,-83170000.0,-370061000.0,6375361000.0,-7013003000.0,-1218270000,-26583000.0,0.0,-308565000.0,-513180000.0,886907000.0,-33370000.0,-2929000.0,36779000.0,920779000.0,884000000.0,1291348000,-127397000,1163951000.0,https://www.sec.gov/Archives/edgar/data/6281/000000628116000097/0000006281-16-000097-index.html,https://www.sec.gov/Archives/edgar/data/6281/000000628116000097/adi-10292016x10k.htm,1620586174,14:49:34,20210509
5,2015-10-31,ADI,USD,2015-11-24 00:00:00,2015-11-24 08:12:56,FY,696878000.0,222240000.0,-52214000.0,68919000.0,-137282000.0,-71198000.0,-35557000.0,56614000.0,2965718000.0,6974000.0,907798000,-153960000,-7000000.0,-6083999000.0,6236174000.0,-8275000.0,-17125000,0.0,0.0,-226953000.0,-491059000.0,23778000.0,-571603000.0,-3950000.0,315120000.0,884353000.0,569233000.0,907798000,-153960000,753838000.0,https://www.sec.gov/Archives/edgar/data/6281/000000628115000044/0000006281-15-000044-index.html,https://www.sec.gov/Archives/edgar/data/6281/000000628115000044/adi-10312015x10k.htm,1620586174,14:49:34,20210509
6,2014-11-01,ADI,USD,2014-12-10 00:00:00,2014-12-10 16:45:07,FY,629300000.0,142000000.0,-77700000.0,50812000.0,-1798000000.0,-36460000.0,24642000.0,58373000.0,3103000000.0,33000000.0,871600000,-177913000,-1945887000.0,-356346000.0,7318877000.0,-4956579000.0,-114800000,-1995398000.0,0.0,-156200000.0,-454200000.0,2229359000.0,-576600000.0,-3100000.0,177100000.0,569100000.0,392000000.0,871600000,-177913000,693700000.0,https://www.sec.gov/Archives/edgar/data/6281/000000628114000039/0000006281-14-000039-index.html,https://www.sec.gov/Archives/edgar/data/6281/000000628114000039/adi-1112014x10k.htm,1620586174,14:49:34,20210509
7,2013-11-02,ADI,USD,2013-11-26 00:00:00,2013-11-26 16:22:18,FY,673500000.0,110400000.0,-17700000.0,56886000.0,730000000.0,12377000.0,28527000.0,17487000.0,4901000000.0,-34700000.0,912300000,-123074000,-2475000.0,-60529000.0,6970885000.0,-7733339000.0,-949900000,-101090000.0,0.0,245700000.0,-406000000.0,467017000.0,-100600000.0,1400000.0,-136700000.0,392300000.0,529000000.0,912300000,-123074000,789200000.0,https://www.sec.gov/Archives/edgar/data/6281/000000628113000040/0000006281-13-000040-index.html,https://www.sec.gov/Archives/edgar/data/6281/000000628113000040/adi-1122013x10k.htm,1620586174,14:49:34,20210509
8,2012-11-03,ADI,USD,2012-11-27 00:00:00,2012-11-27 16:14:09,FY,651200000.0,109800000.0,-9800000.0,53500000.0,310000000.0,5774000.0,-18592000.0,60000.0,4171000000.0,37100000.0,814500000,-132176000,-24158000.0,-160536000.0,6543795000.0,-7566615000.0,-1339700000,56500000.0,0.0,30700000.0,-344700000.0,99110000.0,-349600000.0,-1500000.0,-876300000.0,528700000.0,1405000000.0,814500000,-132176000,682300000.0,https://www.sec.gov/Archives/edgar/data/6281/000000628112000010/0000006281-12-000010-index.html,https://www.sec.gov/Archives/edgar/data/6281/000000628112000010/adi-1132012x10k.htm,1620586174,14:49:34,20210509
9,2011-10-29,ADI,USD,2011-11-22 00:00:00,2011-11-22 10:51:07,FY,867400000.0,118200000.0,1700000.0,52358000.0,1025000000.0,40025000.0,-17603000.0,-90323000.0,3861000000.0,1800000.0,900500000,-122996000,-4000000.0,-4289304000.0,3436284000.0,0.0,-703700000,0.0,0.0,-113100000.0,-281600000.0,0.0,138600000.0,-300000.0,335100000.0,1405100000.0,1070000000.0,900500000,-122996000,777500000.0,https://www.sec.gov/Archives/edgar/data/6281/000095012311099928/0000950123-11-099928-index.html,https://www.sec.gov/Archives/edgar/data/6281/000095012311099928/b87841e10vk.htm,1620586174,14:49:34,20210509
10,2010-10-30,ADI,USD,2010-11-22 00:00:00,2010-11-22 16:19:46,FY,712100000.0,120899999.99999999,-9900000.0,51752000.0,731977000.0,-82380000.0,-24274000.0,190043000.0,2836000000.0,52700000.0,991200000,-111557000,63000000.0,-3478025000.0,2801727000.0,0.0,-485800000,0.0,0.0,176300000.0,-250000000.0,0.0,-72600000.0,-2400000.0,430300000.0,1070300000.0,640000000.0,991200000,-111557000,879600000.0,https://www.sec.gov/Archives/edgar/data/6281/000095012310107816/0000950123-10-107816-index.html,https://www.sec.gov/Archives/edgar/data/6281/000095012310107816/b81293e10vk.htm,1620586174,14:49:34,20210509
11,2009-10-31,ADI,USD,2009-11-24 00:00:00,2009-11-24 15:37:04,FY,247772000.0,139870000.0,11595000.0,48613000.0,583023000.0,16561000.0,67347000.0,-100064000.0,2104023000.0,17131000.0,432148000,-56095000,-10000000.0,-2787141000.0,2324181000.0,-5661000.0,-534729000,0.0,0.0,-3762000.0,-232988000.0,12397000.0,145997000.0,2714000.0,46130000.0,639729000.0,593599000.0,432148000,-56095000,376053000.0,https://www.sec.gov/Archives/edgar/data/6281/000095012309065635/0000950123-09-065635-index.html,https://www.sec.gov/Archives/edgar/data/6281/000095012309065635/b76910e10vk.htm,1620586174,14:49:34,20210509
12,2008-11-01,ADI,USD,2008-11-25 00:00:00,2008-11-25 16:26:02,FY,786300000.0,153500000.0,-11400000.0,50247000.0,90000000.0,48903000.0,16784000.0,-60736000.0,1521000000.0,-216400000.0,669400000,-157408000,400000000.0,-1831363000.0,1774391000.0,0.0,188400000,0.0,0.0,-475700000.0,-222500000.0,0.0,-680000000.0,-9100000.0,168600000.0,593600000.0,425000000.0,669400000,-157408000,512000000.0,https://www.sec.gov/Archives/edgar/data/6281/000095013508007596/0000950135-08-007596-index.html,https://www.sec.gov/Archives/edgar/data/6281/000095013508007596/b72976ade10vk.htm,1620586174,14:49:34,20210509
13,2007-11-03,ADI,USD,2007-11-30 00:00:00,2007-11-30 16:08:24,FY,496900000.0,154799999.99999997,-2900000.0,72652000.0,-1089000000.0,-27011000.0,16549000.0,53693000.0,1431000000.0,24900000.0,820400000,-141810000,-9000000.0,-1807476000.0,2943468000.0,0.0,984600000,0.0,0.0,-1538100000.0,-228300000.0,0.0,-1725500000.0,1500000.0,81000000.0,425000000.0,344000000.0,820400000,-141810000,678600000.0,https://www.sec.gov/Archives/edgar/data/6281/000095013507007253/0000950135-07-007253-index.html,https://www.sec.gov/Archives/edgar/data/6281/000095013507007253/b67578ade10vk.htm,1620586174,14:49:34,20210509
14,2006-10-28,ADI,USD,2006-11-20,2006-11-20 16:01:56,FY,549500000.0,172200000.00000003,-28500000.0,75429000.0,-393000000.0,-6705000.0,-52043000.0,5682000.0,2520000000.0,-96600000.0,621100000,-129297000,-157017000.0,-2483123000.0,2788717000.0,0.0,44800000,0.0,0.0,-930600000.0,-201500000.0,0.0,-950900000.0,1300000.0,-283600000.0,344400000.0,628000000.0,621100000,-129297000,491800000.0,https://www.sec.gov/Archives/edgar/data/6281/000095013506007047/b63086ade10vk.htm,https://www.sec.gov/Archives/edgar/data/6281/000095013506007047/b63086ade10vk.htm,1620586174,14:49:34,20210509
15,2005-10-29,ADI,USD,2005-11-21,2005-11-21 17:31:32,FY,414800000.0,155600000.0,14600000.0,0.0,-49000000.0,5298000.0,22797000.0,-5529000.0,2913000000.0,57100000.0,672700000,-85457000,0.0,-3457017000.0,3526871000.0,0.0,-10000000,0.0,0.0,-436100000.0,-119000000.0,0.0,-555100000.0,1000000.0,108700000.0,627700000.0,519000000.0,672700000,-85457000,587200000.0,https://www.sec.gov/Archives/edgar/data/6281/000095013505006610/b57812ade10vk.htm,https://www.sec.gov/Archives/edgar/data/6281/000095013505006610/b57812ade10vk.htm,1620586174,14:49:34,20210509
16,2004-10-30,ADI,USD,2004-11-30,2004-11-30 16:01:23,FY,570700000.0,152600000.0,26900000.0,0.0,539000000.0,-32771000.0,-58401000.0,73203000.0,2962000000.0,31200000.0,778000000,-146245000,0.0,-4013786000.0,3445015000.0,0.0,-689900000,0.0,0.0,-13000000.0,-75000000.0,0.0,-88000000.0,900000.0,1100000.0,519100000.0,518000000.0,778000000,-146245000,631800000.0,https://www.sec.gov/Archives/edgar/data/6281/000095013504005529/b52531ade10vk.htm,https://www.sec.gov/Archives/edgar/data/6281/000095013504005529/b52531ade10vk.htm,1620586174,14:49:34,20210509
17,2003-11-01,ADI,USD,2003-12-23,2003-12-23 14:52:54,FY,298300000.0,168299999.99999997,2200000.0,0.0,-717000000.0,-63070000.0,18202000.0,-22796000.0,2423000000.0,33900000.0,433000000,-67735000,0.0,-4666572000.0,4317703000.0,0.0,-346000000,-4178000.0,0.0,70800000.0,0.0,0.0,-1183600000.0,700000.0,-1095900000.0,518100000.0,1614000000.0,433000000,-67735000,365300000.0,https://www.sec.gov/Archives/edgar/data/6281/000095013503006138/b48618aie10vk.htm,https://www.sec.gov/Archives/edgar/data/6281/000095013503006138/b48618aie10vk.htm,1620586174,14:49:34,20210509
18,2002-11-02,ADI,USD,2003-01-29,2003-01-29 16:55:03,FY,105300000.0,238000000.0,-40600000.0,0.0,233000000.0,-10771000.0,-59382000.0,-45285000.0,3140000000.0,26400000.0,226100000,-57412000,-5245000.0,-3405217000.0,3555238000.0,0.0,90200000,-7830000.0,0.0,-60400000.0,0.0,0.0,-68700000.0,1200000.0,248800000.0,1613800000.0,1365000000.0,226100000,-57412000,168700000.0,https://www.sec.gov/Archives/edgar/data/6281/000095013503000473/b45351ade10vk.htm,https://www.sec.gov/Archives/edgar/data/6281/000095013503000473/b45351ade10vk.htm,1620586174,14:49:34,20210509
19,2001-11-03,ADI,USD,2002-01-28 00:00:00,2002-01-28 00:00:00,FY,356400000.0,210500000.0,-29900000.0,0.0,389000000.0,246000000.0,85000000.0,133000000.0,2907000000.0,86100000.0,843600000,-297200000,0.0,0.0,0.0,0.0,-1220400000,0.0,0.0,18100000.0,0.0,0.0,1900000.0,3400000.0,-371500000.0,1364500000.0,1736000000.0,843600000,-297200000,546400000.0,https://www.sec.gov/Archives/edgar/data/6281/000095013502000307/0000950135-02-000307-index.html,https://www.sec.gov/Archives/edgar/data/6281/000095013502000307/b40733ade10-k.htm,1620586174,14:49:34,20210509
20,2000-10-28,ADI,USD,2001-01-26 00:00:00,2001-01-26 00:00:00,FY,607100000.0,156700000.0,-12500000.0,0.0,1618000000.0,-197000000.0,-83000000.0,-110000000.0,2518000000.0,-43900000.0,704500000,-274800000,0.0,0.0,0.0,0.0,-456200000,0.0,0.0,42900000.0,0.0,0.0,1130300000.0,2000000.0,1380500000.0,1736500000.0,356000000.0,704500000,-274800000,429700000.0,https://www.sec.gov/Archives/edgar/data/6281/000095013501000177/0000950135-01-000177-index.html,https://www.sec.gov/Archives/edgar/data/6281/000095013501000177/b37980ade10-k.txt,1620586174,14:49:34,20210509
21,1999-10-30,ADI,USD,1999-10-30,1999-10-30,FY,196800000.0,142600000.0,16600000.0,0.0,317400000.0,-60000000.0,26000000.0,-44000000.0,900000000.0,6300000.0,427300000,-77500000,0.0,0.0,0.0,0.0,-358000000,0.0,0.0,34200000.0,0.0,0.0,21800000.0,1500000.0,92600000.0,355600000.0,263000000.0,427300000,-77500000,349800000.0,,,1620586174,14:49:34,20210509
22,1998-10-31,ADI,USD,1998-10-31,1998-10-31,FY,82400000.0,127600000.0,-12400000.0,0.0,-38400000.0,0.0,-48900000.0,0.0,582600000.0,-100000.0,224700000,-166900000,0.0,-199500000.0,152900000.0,-500000.0,-187000000,0.0,27600000.0,-84200000.0,0.0,0.0,-62000000.0,-2000000.0,-26300000.0,263300000.0,289600000.0,224700000,-166900000,57800000.0,,,1620586174,14:49:34,20210509
23,1997-11-01,ADI,USD,1997-11-01,1997-11-01,FY,178200000.0,103600000.0,-6100000.0,0.0,71000000.0,-14000000.0,-7000000.0,-8000000.0,621000000.0,-100000.0,297200000,-179400000,0.0,0.0,0.0,0.0,-237300000,0.0,0.0,19300000.0,0.0,0.0,15100000.0,4400000.0,79500000.0,289500000.0,210000000.0,297200000,-179400000,117800000.0,,,1620586174,14:49:34,20210509
24,1996-11-02,ADI,USD,1997-01-29 00:00:00,1997-01-29 00:00:00,FY,171900000.0,83800000.0,6600000.0,0.0,278000000.0,-61000000.0,-75000000.0,10000000.0,550000000.0,-600000.0,143700000,-234100000,0.0,0.0,0.0,0.0,-305500000,0.0,0.0,26100000.0,0.0,0.0,301500000.0,1100000.0,140800000.0,209800000.0,69000000.0,143700000,-234100000,-90400000.0,https://www.sec.gov/Archives/edgar/data/6281/000095013597000278/0000950135-97-000278-index.html,https://www.sec.gov/Archives/edgar/data/6281/0000950135-97-000278.txt,1620586174,14:49:34,20210509
25,1995-10-28,ADI,USD,1995-10-28,1995-10-28,FY,119300000.0,64100000.0,1800000.0,0.0,-27000000.0,-19000000.0,-13000000.0,-25000000.0,272000000.0,200000.0,210300000,-212700000,0.0,0.0,0.0,0.0,-238700000,0.0,0.0,10100000.0,0.0,0.0,-10900000.0,-500000.0,-39800000.0,69200000.0,109000000.0,210300000,-212700000,-2400000.0,,,1620586174,14:49:34,20210509
26,1994-10-29,ADI,USD,1995-01-24 00:00:00,1995-01-24 00:00:00,FY,74500000.0,61300000.0,-5400000.0,0.0,28600000.0,-16000000.0,19000000.0,-26000000.0,299000000.0,2200000.0,186600000,-90900000,0.0,0.0,0.0,0.0,-166800000,0.0,0.0,9800000.0,0.0,0.0,10000000.0,-1400000.0,28400000.0,109400000.0,81000000.0,186600000,-90900000,95700000.0,https://www.sec.gov/Archives/edgar/data/6281/000095013595000029/0000950135-95-000029-index.html,https://www.sec.gov/Archives/edgar/data/6281/0000950135-95-000029.txt,1620586174,14:49:34,20210509
27,1993-10-31,ADI,USD,1993-10-31,1993-10-31,FY,44500000.0,59800000.0,-4100000.0,0.0,73000000.0,0.0,-6300000.0,0.0,270400000.0,2800000.0,89500000,-67200000,0.0,0.0,0.0,0.0,-67200000,0.0,10000000.0,0.0,0.0,0.0,39600000.0,1000000.0,0.0,0.0,17700000.0,89500000,-67200000,22300000.0,,,1620586174,14:49:34,20210509
28,1992-10-31,ADI,USD,1992-10-31,1992-10-31,FY,14900000.0,55000000.0,1000000.0,0.0,45500000.0,0.0,-24700000.0,0.0,197400000.0,4100000.0,33500000,-65700000,0.0,0.0,0.0,0.0,-65700000,0.0,3200000.0,0.0,0.0,100000.0,33700000.0,-300000.0,0.0,0.0,16500000.0,33500000,-65700000,-32200000.0,,,1620586174,14:49:34,20210509
29,1991-10-31,ADI,USD,1991-10-31,1991-10-31,FY,8200000.0,52700000.0,800000.0,0.0,25800000.0,0.0,-10500000.0,0.0,151900000.0,4000000.0,51000000,-52300000,0.0,0.0,0.0,0.0,-52300000,0.0,3200000.0,-900000.0,0.0,0.0,10000000.0,-500000.0,0.0,0.0,8300000.0,51000000,-52300000,-1300000.0,,,1620586174,14:49:34,20210509
30,1990-10-31,ADI,USD,1990-10-31,1990-10-31,FY,-12900000.0,46800000.0,-1300000.0,0.0,-33700000.0,0.0,16100000.0,0.0,126100000.0,2600000.0,82200000,-38200000,0.0,-400000.0,0.0,-60500000.0,-99100000,0.0,0.0,-14200000.0,0.0,2000000.0,-4900000.0,-100000.0,0.0,0.0,30100000.0,82200000,-38200000,44000000.0,,,1620586174,14:49:34,20210509
31,1989-10-31,ADI,USD,1989-10-31,1989-10-31,FY,27900000.0,41500000.0,1200000.0,0.0,-6300000.0,0.0,-2500000.0,0.0,159800000.0,2300000.0,74400000,-51000000,0.0,-1500000.0,0.0,-100000.0,-52600000,0.0,2200000.0,-8700000.0,0.0,100000.0,-14200000.0,-200000.0,0.0,0.0,22700000.0,74400000,-51000000,23400000.0,,,1620586174,14:49:34,20210509
