,date,symbol,reportedCurrency,fillingDate,acceptedDate,period,netIncome,depreciationAndAmortization,deferredIncomeTax,stockBasedCompensation,changeInWorkingCapital,accountsReceivables,inventory,accountsPayables,otherWorkingCapital,otherNonCashItems,netCashProvidedByOperatingActivities,investmentsInPropertyPlantAndEquipment,acquisitionsNet,purchasesOfInvestments,salesMaturitiesOfInvestments,otherInvestingActivites,netCashUsedForInvestingActivites,debtRepayment,commonStockIssued,commonStockRepurchased,dividendsPaid,otherFinancingActivites,netCashUsedProvidedByFinancingActivities,effectOfForexChangesOnCash,netChangeInCash,cashAtEndOfPeriod,cashAtBeginningOfPeriod,operatingCashFlow,capitalExpenditure,freeCashFlow,link,finalLink,timestamp,est_time,est_date
0,2019-12-29,WMGIZ,USD,2020-02-24,2020-02-24 17:04:55,FY,-114225000,151588000,2464000.0,32600000.0,-242456000.0,-6989000.0,-32866000.0,-15866000.0,-106350000,0.0,41607000.0,-99286000.0,722000.0,0.0,0.0,-4682000.0,-103246000,-4695000.0,0.0,0.0,0.0,42101000,37406000.0,-262000.0,-24495000,166856000,191351000.0,41607000.0,-99286000.0,-66127000.0,https://www.sec.gov/Archives/edgar/data/1492658/000149265820000003/0001492658-20-000003-index.htm,https://www.sec.gov/Archives/edgar/data/1492658/000149265820000003/a10kwmgi-12292019.htm,1620599877,18:37:57,20210509
1,2018-12-30,WMGIZ,USD,2019-02-27,2019-02-26 18:34:09,FY,-169505000,141212000,4543000.0,26100000.0,-15493000.0,-8223000.0,-35887000.0,6022000.0,136106000,0.0,-63729000.0,-71467000.0,-434289000.0,-2000000.0,0.0,-2483000.0,-510239000,-38637000.0,0.0,-191351000.0,0.0,828128000,598140000.0,-561000.0,23611000,191351000,167740000.0,-63729000.0,-71467000.0,-137679000.0,https://www.sec.gov/Archives/edgar/data/1492658/000149265819000009/0001492658-19-000009-index.htm,https://www.sec.gov/Archives/edgar/data/1492658/000149265819000009/wmgi-12302018x10k.htm,1620599877,18:37:57,20210509
2,2017-12-31,WMGIZ,USD,2018-02-28,2018-02-27 19:44:35,FY,-202598000,135607000,13791000.0,19400000.0,-133508000.0,2483000.0,-29526000.0,6260000.0,151599000,0.0,-184810000.0,-63474000.0,-44128000.0,0.0,0.0,-1819000.0,-109421000,-11517000.0,0.0,-167740000.0,0.0,226073000,46816000.0,2890000.0,-244525000,167740000,412265000.0,-184810000.0,-63474000.0,-250383000.0,https://www.sec.gov/Archives/edgar/data/1492658/000149265818000012/0001492658-18-000012-index.htm,https://www.sec.gov/Archives/edgar/data/1492658/000149265818000012/wmgi-12312017x10k.htm,1620599877,18:37:57,20210509
3,2016-12-25,WMGIZ,USD,2017-02-23,2017-02-23 14:43:08,FY,-432373000,167952000,15014000.0,14400000.0,-67839000.0,-1118000.0,-187000.0,1495000.0,285107000,0.0,37824000.0,-50099000.0,0.0,0.0,0.0,15858000.0,-34241000,-202790000.0,0.0,-262265000.0,0.0,735472000,270417000.0,-1539000.0,272461000,262265000,-10196000.0,37824000.0,-50099000.0,-17120000.0,https://www.sec.gov/Archives/edgar/data/1492658/000149265817000007/0001492658-17-000007-index.htm,https://www.sec.gov/Archives/edgar/data/1492658/000149265817000007/wmgi-12252016x10k.htm,1620599877,18:37:57,20210509
4,2015-12-27,WMGIZ,USD,2016-02-23,2016-02-23 17:29:54,FY,-298701000,74003000,4714000.0,25000000.0,227706000.0,-13078000.0,-24695000.0,-2919000.0,352946000,0.0,-195870000.0,-43666000.0,-4905000.0,0.0,0.0,32601000.0,-15970000,-226210000.0,0.0,-139804000.0,0.0,492876000,126862000.0,0.0,139804000,139804000,0.0,-195870000.0,-43666000.0,-239618000.0,https://www.sec.gov/Archives/edgar/data/1492658/000149265816000016/0001492658-16-000016-index.htm,https://www.sec.gov/Archives/edgar/data/1492658/000149265816000016/wmgi-12272015x10k.htm,1620599877,18:37:57,20210509
5,2014-12-28,WMGIZ,USD,2015-02-24,2015-02-24 17:28:09,FY,-29471000,41975000,7893000.0,9701000.0,-24969000.0,-11100000.0,-21619000.0,12489000.0,125240000,0.0,1008000.0,-83000.0,-2000000.0,0.0,0.0,-32245000.0,-34328000,-1092000.0,283000.0,-27940000.0,0.0,31449000,2700000.0,1776000.0,-28844000,27940000,56784000.0,1008000.0,-83000.0,925000.0,https://www.sec.gov/Archives/edgar/data/1492658/000119312515060236/0001193125-15-060236-index.htm,https://www.sec.gov/Archives/edgar/data/1492658/000119312515060236/d845440d10k.htm,1620599877,18:37:57,20210509
6,2013-12-29,WMGIZ,USD,2014-02-21,2014-02-21 09:23:59,FY,-36426000,43443000,-3566000.0,8300000.0,13517000.0,-1084000.0,-9186000.0,7421000.0,150209000,0.0,24982000.0,-2935000.0,-10148000.0,0.0,0.0,-34630000.0,-47713000,-54095000.0,78952000.0,-56784000.0,0.0,78950000,47023000.0,1384000.0,25676000,56784000,31108000.0,24982000.0,-2935000.0,22047000.0,https://www.sec.gov/Archives/edgar/data/1492658/000119312514061865/0001193125-14-061865-index.htm,https://www.sec.gov/Archives/edgar/data/1492658/000119312514061865/d652113d10k.htm,1620599877,18:37:57,20210509
7,2012-12-30,WMGIZ,USD,2013-03-01,2013-03-01 14:51:08,FY,-21744000,32749000,4506000.0,6830000.0,3294000.0,2188000.0,3057000.0,87000.0,136692000,0.0,14431000.0,-1410000.0,-102612000.0,0.0,0.0,-21773000.0,-125795000,-28684000.0,0.0,-31108000.0,0.0,146458000,86666000.0,1100000.0,31108000,31108000,0.0,14431000.0,-1410000.0,13021000.0,https://www.sec.gov/Archives/edgar/data/1492658/000119312513087359/0001193125-13-087359-index.htm,https://www.sec.gov/Archives/edgar/data/1492658/000119312513087359/d447071d10k.htm,1620599877,18:37:57,20210509
8,2012-01-01,WMGIZ,USD,2012-03-06,2012-03-06 13:18:39,FY,-30456000,30357000,11619000.0,6547000.0,0.0,-4673000.0,-7939000.0,2573000.0,133398000,0.0,23166000.0,-6599000.0,-3142000.0,0.0,0.0,-19734000.0,-29475000,-8147000.0,171577000.0,-54706000.0,0.0,-69614000,39110000.0,-2933000.0,54706000,54706000,0.0,23166000.0,-6599000.0,16567000.0,https://www.sec.gov/Archives/edgar/data/1492658/000110465912015864/0001104659-12-015864-index.htm,https://www.sec.gov/Archives/edgar/data/1492658/000110465912015864/a12-1398_410k.htm,1620599877,18:37:57,20210509
