,date,symbol,reportedCurrency,fillingDate,acceptedDate,period,netIncome,depreciationAndAmortization,deferredIncomeTax,stockBasedCompensation,changeInWorkingCapital,accountsReceivables,inventory,accountsPayables,otherWorkingCapital,otherNonCashItems,netCashProvidedByOperatingActivities,investmentsInPropertyPlantAndEquipment,acquisitionsNet,purchasesOfInvestments,salesMaturitiesOfInvestments,otherInvestingActivites,netCashUsedForInvestingActivites,debtRepayment,commonStockIssued,commonStockRepurchased,dividendsPaid,otherFinancingActivites,netCashUsedProvidedByFinancingActivities,effectOfForexChangesOnCash,netChangeInCash,cashAtEndOfPeriod,cashAtBeginningOfPeriod,operatingCashFlow,capitalExpenditure,freeCashFlow,link,finalLink,timestamp,est_time,est_date
0,2020-12-31,EW,USD,2021-02-12,2021-02-12 16:58:56,FY,823400000.0,107200000,-49400000.0,92600000.0,115500000.0,41000000.0,-120600000.0,-84000000.0,2197100000,38300000.0,1054300000,0.0,0.0,-851700000.0,777000000.0,-49100000.0,-531100000.0,-17000000.0,0.0,-625400000.0,0.0,-1200000.0,-486900000,-20500000.0,15800000.0,1200200000.0,1184400000.0,1054300000,-407300000,647000000,https://www.sec.gov/Archives/edgar/data/1099800/000109980021000007/0001099800-21-000007-index.htm,https://www.sec.gov/Archives/edgar/data/1099800/000109980021000007/ew-20201231.htm,1620591873,16:24:33,20210509
1,2019-12-31,EW,USD,2020-02-14,2020-02-14 16:13:26,FY,1046900000.0,89300000,12100000.0,81300000.0,671300000.0,0.0,-105400000.0,0.0,2081600000,40400000.0,1179400000,0.0,-100000000.0,-568100000.0,409900000.0,-59000000.0,-595800000.0,-28900000.0,160500000.0,-263300000.0,0.0,-2800000.0,-115600000,-3000000.0,465000000.0,1179100000.0,714100000.0,1179400000,-278400000,901000000,https://www.sec.gov/Archives/edgar/data/1099800/000109980020000005/0001099800-20-000005-index.htm,https://www.sec.gov/Archives/edgar/data/1099800/000109980020000005/ew10-kq42019.htm,1620591873,16:24:33,20210509
2,2018-12-31,EW,USD,2019-02-15,2019-02-15 16:22:49,FY,722200000.0,77400000,-27300000.0,71000000.0,281100000.0,0.0,-65700000.0,0.0,1410300000,7300000.0,926800000,0.0,0.0,-471900000.0,801300000.0,-4800000.0,76700000.0,-1125300000.0,147000000.0,-795500000.0,0.0,-15400000.0,-1101200000,-6500000.0,-104200000.0,714100000.0,818300000.0,926800000,-241700000,685100000,https://www.sec.gov/Archives/edgar/data/1099800/000109980019000004/0001099800-19-000004-index.htm,https://www.sec.gov/Archives/edgar/data/1099800/000109980019000004/ew10-kq42018.htm,1620591873,16:24:33,20210509
3,2017-12-31,EW,USD,2018-02-16,2018-02-16 16:10:41,FY,583600000.0,81900000,17800000.0,61600000.0,-578300000.0,0.0,-124000000.0,0.0,1129200000,-9400000.0,1000700000,0.0,-193000000.0,-1347400000.0,1103400000.0,-43100000.0,-647200000.0,-818400000.0,113800000.0,-763300000.0,0.0,0.0,-473200000,7900000.0,-111800000.0,818300000.0,930100000.0,1000700000,-175500000,825200000,https://www.sec.gov/Archives/edgar/data/1099800/000109980018000007/0001099800-18-000007-index.htm,https://www.sec.gov/Archives/edgar/data/1099800/000109980018000007/ew10-kq42017.htm,1620591873,16:24:33,20210509
4,2016-12-31,EW,USD,2017-02-17,2017-02-17 17:01:03,FY,569500000.0,71200000,-37400000.0,56900000.0,135800000.0,0.0,-65600000.0,0.0,1707500000,42400000.0,704400000,0.0,0.0,-1074900000.0,1085100000.0,1200000.0,-211700000.0,-31400000.0,103300000.0,-662300000.0,0.0,68400000.0,-268500000,-12500000.0,211700000.0,930100000.0,718400000.0,704400000,-217400000,487000000,https://www.sec.gov/Archives/edgar/data/1099800/000109980017000008/0001099800-17-000008-index.htm,https://www.sec.gov/Archives/edgar/data/1099800/000109980017000008/ew10-kq42016.htm,1620591873,16:24:33,20210509
5,2015-12-31,EW,USD,2016-02-19,2016-02-19 16:17:10,FY,494900000.0,65800000,-95000000.0,49900000.0,-288500000.0,0.0,-67700000.0,0.0,1571700000,11000000.0,549700000,0.0,-332000000.0,-1318000000.0,1439700000.0,2400000.0,-316100000.0,-29500000.0,87200000.0,-280100000.0,0.0,32400000.0,-158600000,-10400000.0,64600000.0,718400000.0,653800000.0,549700000,-106500000,443200000,https://www.sec.gov/Archives/edgar/data/1099800/000109980016000044/0001099800-16-000044-index.htm,https://www.sec.gov/Archives/edgar/data/1099800/000109980016000044/ew10-k2015.htm,1620591873,16:24:33,20210509
6,2014-12-31,EW,USD,2015-02-20,2015-02-20 16:03:43,FY,811100000.0,68600000,-71100000.0,48300000.0,480000000.0,0.0,-30500000.0,0.0,1860200000,24500000.0,1022300000,0.0,-15000000.0,-2131200000.0,1612900000.0,3100000.0,-633000000.0,-239000000.0,113300000.0,-300900000.0,0.0,47300000.0,-153000000,-2900000.0,233400000.0,653800000.0,420400000.0,1022300000,-93700000,928600000,https://www.sec.gov/Archives/edgar/data/1099800/000104746915000998/0001047469-15-000998-index.htm,https://www.sec.gov/Archives/edgar/data/1099800/000104746915000998/a2223057z10-k.htm,1620591873,16:24:33,20210509
7,2013-12-31,EW,USD,2014-02-28,2014-02-28 16:35:10,FY,391700000.0,68700000,100000.0,47400000.0,435700000.0,0.0,-44400000.0,0.0,1380200000,17800000.0,472700000,0.0,0.0,-824600000.0,526400000.0,-1700000.0,-412700000.0,-895400000.0,45500000.0,-496900000.0,0.0,76700000.0,34900000,14600000.0,109500000.0,420400000.0,310900000.0,472700000,-110100000,362600000,https://www.sec.gov/Archives/edgar/data/1099800/000104746914001583/0001047469-14-001583-index.htm,https://www.sec.gov/Archives/edgar/data/1099800/000104746914001583/a2218406z10-k.htm,1620591873,16:24:33,20210509
8,2012-12-31,EW,USD,2013-02-28,2013-02-28 16:41:02,FY,293200000.0,57300000,8100000.0,42100000.0,111200000.0,0.0,-21700000.0,0.0,944500000,18800000.0,373800000,0.0,-37000000.0,-593200000.0,662300000.0,3900000.0,-90500000.0,-367500000.0,100100000.0,-344100000.0,0.0,48900000.0,-155600000,12000000.0,139700000.0,310900000.0,171200000.0,373800000,-127700000,246100000,https://www.sec.gov/Archives/edgar/data/1099800/000104746913001954/0001047469-13-001954-index.htm,https://www.sec.gov/Archives/edgar/data/1099800/000104746913001954/a2213019z10-k.htm,1620591873,16:24:33,20210509
9,2011-12-31,EW,USD,2012-02-27,2012-02-27 16:28:20,FY,236700000.0,58000000,-600000.0,35000000.0,138500000.0,-53700000.0,-57000000.0,0.0,833300000,235600000.0,314500000,0.0,-43000000.0,-645600000.0,362100000.0,3900000.0,-412800000.0,-421700000.0,59500000.0,-303400000.0,0.0,4300000.0,-135200000,8600000.0,-224900000.0,171200000.0,396100000.0,314500000,-90600000,223900000,https://www.sec.gov/Archives/edgar/data/1099800/000104746912001617/0001047469-12-001617-index.htm,https://www.sec.gov/Archives/edgar/data/1099800/000104746912001617/a2207417z10-k.htm,1620591873,16:24:33,20210509
10,2010-12-31,EW,USD,2011-02-28,2011-02-28 17:01:48,FY,218000000.0,56500000,-11200000.0,29300000.0,96100000.0,-34200000.0,-36800000.0,0.0,694800000,-5000000.0,251400000,0.0,0.0,-7300000.0,2200000.0,6600000.0,-61500000.0,-302800000.0,92100000.0,-200000000.0,0.0,52400000.0,-103900000,-24000000.0,62000000.0,396100000.0,334100000.0,251400000,-63000000,188400000,https://www.sec.gov/Archives/edgar/data/1099800/000104746911001550/0001047469-11-001550-index.htm,https://www.sec.gov/Archives/edgar/data/1099800/000104746911001550/a2202139z10-k.htm,1620591873,16:24:33,20210509
11,2009-12-31,EW,USD,2010-02-26,2010-02-26 16:29:24,FY,229100000.0,58700000,-4000000.0,28300000.0,165300000.0,-51600000.0,-13100000.0,0.0,598700000,800000.0,165300000,0.0,0.0,-7400000.0,13700000.0,97800000.0,40100000.0,-213900000.0,66700000.0,-95500000.0,0.0,21600000.0,-91800000,1800000.0,115400000.0,334100000.0,218700000.0,165300000,-64000000,101300000,https://www.sec.gov/Archives/edgar/data/1099800/000104746910001539/0001047469-10-001539-index.htm,https://www.sec.gov/Archives/edgar/data/1099800/000104746910001539/a2196662z10-k.htm,1620591873,16:24:33,20210509
12,2008-12-31,EW,USD,2009-03-02,2009-02-27 21:08:50,FY,128900000.0,55600000,-23500000.0,28700000.0,227100000.0,-68500000.0,-17800000.0,0.0,433400000,-300000.0,153200000,0.0,0.0,-1300000.0,41000000.0,100000.0,58800000.0,-112100000.0,63800000.0,-306500000.0,0.0,14400000.0,-134100000,-1000000.0,76900000.0,218700000.0,141800000.0,153200000,-78000000,75200000,https://www.sec.gov/Archives/edgar/data/1099800/000104746909002037/0001047469-09-002037-index.htm,https://www.sec.gov/Archives/edgar/data/1099800/000104746909002037/a2190912z10-k.htm,1620591873,16:24:33,20210509
13,2007-12-31,EW,USD,2008-02-29,2008-02-28 20:20:37,FY,113000000.0,54800000,-5600000.0,0.0,-99100000.0,0.0,-9000000.0,0.0,206300000,42600000.0,210200000,-62500000.0,-37000000.0,-57300000.0,5600000.0,-500000.0,-144500000.0,0.0,38700000.0,-130900000.0,0.0,12000000.0,-108100000,1400000.0,-41000000.0,141800000.0,182800000.0,210200000,-62500000,147700000,https://www.sec.gov/Archives/edgar/data/1099800/000104746908001956/0001047469-08-001956-index.htm,https://www.sec.gov/Archives/edgar/data/1099800/000104746908001956/a2183020z10-k.htm,1620591873,16:24:33,20210509
14,2006-12-31,EW,USD,2007-03-01,2007-02-28 21:49:32,FY,130500000.0,56800000,7100000.0,0.0,-14600000.0,0.0,-12800000.0,0.0,305400000,45900000.0,230800000,-59400000.0,0.0,-1800000.0,0.0,3300000.0,-35700000.0,0.0,33500000.0,-145900000.0,0.0,4700000.0,-193600000,2700000.0,4200000.0,182800000.0,178600000.0,230800000,-59400000,171400000,https://www.sec.gov/Archives/edgar/data/1099800/000104746907001507/0001047469-07-001507-index.htm,https://www.sec.gov/Archives/edgar/data/1099800/000104746907001507/a2176362z10-k.htm,1620591873,16:24:33,20210509
15,2005-12-31,EW,USD,2006-03-09,2006-03-09 17:19:26,FY,79300000.0,56200000,-13800000.0,0.0,147900000.0,0.0,-12900000.0,0.0,320000000,0.0,136800000,-48500000.0,0.0,0.0,0.0,-1900000.0,-27200000.0,0.0,26200000.0,-53500000.0,0.0,-2800000.0,29000000,-8900000.0,129700000.0,178600000.0,48900000.0,136800000,-48500000,88300000,https://www.sec.gov/Archives/edgar/data/1099800/000104746906003132/0001047469-06-003132-index.htm,https://www.sec.gov/Archives/edgar/data/1099800/000104746906003132/a2168124z10-k.htm,1620591873,16:24:33,20210509
16,2004-12-31,EW,USD,2005-03-07,2005-03-07 16:28:52,FY,1700000.0,55700000,800000.0,0.0,-20900000.0,0.0,-7100000.0,0.0,172100000,0.0,180600000,-42500000.0,0.0,0.0,0.0,-12000000.0,-177100000.0,0.0,30500000.0,-59100000.0,0.0,1000000.0,-20500000,4800000.0,-12200000.0,48900000.0,61100000.0,180600000,-42500000,138100000,https://www.sec.gov/Archives/edgar/data/1099800/000104746905005556/0001047469-05-005556-index.htm,https://www.sec.gov/Archives/edgar/data/1099800/000104746905005556/a2152327z10-k.htm,1620591873,16:24:33,20210509
17,2003-12-31,EW,USD,2004-03-12,2004-03-12 16:59:11,FY,79000000.0,45600000,5300000.0,0.0,64500000.0,0.0,4200000.0,0.0,193000000,0.0,122300000,-37900000.0,0.0,0.0,0.0,-33100000.0,-63300000.0,0.0,36600000.0,-49400000.0,0.0,1800000.0,-15000000,-17100000.0,26900000.0,61100000.0,34200000.0,122300000,-37900000,84400000,https://www.sec.gov/Archives/edgar/data/1099800/000104746904007726/0001047469-04-007726-index.htm,https://www.sec.gov/Archives/edgar/data/1099800/000104746904007726/a2130472z10-k.htm,1620591873,16:24:33,20210509
18,2002-12-31,EW,USD,2003-03-14,2003-03-14 17:15:05,FY,55700000.0,40400000,-13800000.0,0.0,19500000.0,0.0,13300000.0,0.0,128500000,0.0,120600000,-40700000.0,0.0,0.0,0.0,-12700000.0,-68300000.0,0.0,13700000.0,-30800000.0,0.0,29700000.0,-69500000,3700000.0,-13500000.0,34200000.0,47700000.0,120600000,-40700000,79900000,https://www.sec.gov/Archives/edgar/data/1099800/000104746903008802/0001047469-03-008802-index.htm,https://www.sec.gov/Archives/edgar/data/1099800/000104746903008802/a2105469z10-k.htm,1620591873,16:24:33,20210509
19,2001-12-31,EW,USD,2002-03-22,2002-03-22 00:00:00,FY,-12000000.0,57000000,-30000000.0,0.0,46000000.0,0.0,-7000000.0,0.0,109000000,8000000.0,101000000,-38000000.0,0.0,0.0,0.0,-21000000.0,-4000000.0,0.0,0.0,0.0,0.0,13000000.0,-78000000,1000000.0,20000000.0,48000000.0,28000000.0,101000000,-38000000,63000000,https://www.sec.gov/Archives/edgar/data/1099800/000091205702011188/0000912057-02-011188-index.htm,https://www.sec.gov/Archives/edgar/data/1099800/000091205702011188/a2073215z10-k405.htm,1620591873,16:24:33,20210509
20,2000-12-31,EW,USD,2001-03-27 00:00:00,2001-03-27 00:00:00,FY,-272000000.0,74000000,0.0,0.0,-137000000.0,0.0,15000000.0,0.0,63000000,0.0,137000000,-46000000.0,0.0,0.0,0.0,-41000000.0,-75000000.0,0.0,4000000.0,0.0,0.0,-482000000.0,-37000000,3000000.0,0.0,28000000.0,0.0,137000000,-46000000,91000000,https://www.sec.gov/Archives/edgar/data/1099800/000091205701008463/0000912057-01-008463-index.html,https://www.sec.gov/Archives/edgar/data/1099800/000091205701008463/a2041482z10-k.txt,1620591873,16:24:33,20210509
21,1999-12-31,EW,USD,1999-12-31,1999-12-31,FY,82000000.0,84000000,0.0,0.0,-1000000.0,0.0,-14000000.0,0.0,200000000,11000000.0,176000000,0.0,0.0,0.0,0.0,0.0,-49000000.0,0.0,0.0,0.0,0.0,-127000000.0,-127000000,0.0,0.0,0.0,0.0,176000000,-42000000,134000000,,,1620591873,16:24:33,20210509
