,date,symbol,reportedCurrency,fillingDate,acceptedDate,period,netIncome,depreciationAndAmortization,deferredIncomeTax,stockBasedCompensation,changeInWorkingCapital,accountsReceivables,inventory,accountsPayables,otherWorkingCapital,otherNonCashItems,netCashProvidedByOperatingActivities,investmentsInPropertyPlantAndEquipment,acquisitionsNet,purchasesOfInvestments,salesMaturitiesOfInvestments,otherInvestingActivites,netCashUsedForInvestingActivites,debtRepayment,commonStockIssued,commonStockRepurchased,dividendsPaid,otherFinancingActivites,netCashUsedProvidedByFinancingActivities,effectOfForexChangesOnCash,netChangeInCash,cashAtEndOfPeriod,cashAtBeginningOfPeriod,operatingCashFlow,capitalExpenditure,freeCashFlow,link,finalLink,timestamp,est_time,est_date
0,2020-12-31,THMO,USD,2021-03-17,2021-03-17 16:29:14,FY,-16351000.0,742000.0,0.0,880000.0,-8176000.0,-90000.0,-6582000.0,-76000.0,-468000.0,5558000.0,-14393000.0,0.0,0.0,0.0,0.0,0.0,-23000.0,-33000.0,12522000.0,0.0,0.0,0.0,17422000.0,-2000.0,3004000.0,7161000.0,4157000.0,-14393000.0,-23000.0,-14416000.0,https://www.sec.gov/Archives/edgar/data/811212/000143774921006335/0001437749-21-006335-index.htm,https://www.sec.gov/Archives/edgar/data/811212/000143774921006335/thmo20201231_10k.htm,1620598786,18:19:46,20210509
1,2019-12-31,THMO,USD,2020-03-24 00:00:00,2020-03-23 20:32:04,FY,-9497000.0,805000.0,0.0,614000.0,915000.0,301000.0,610000.0,-966000.0,3176000.0,2349000.0,-3260000.0,0.0,0.0,0.0,0.0,0.0,-182000.0,-24000.0,756000.0,0.0,0.0,0.0,4199000.0,0.0,757000.0,4157000.0,3400000.0,-3260000.0,-182000.0,-3442000.0,https://www.sec.gov/Archives/edgar/data/811212/000143774920005945/0001437749-20-005945-index.html,https://www.sec.gov/Archives/edgar/data/811212/000143774920005945/thmo20191231_10k.htm,1620598786,18:19:46,20210509
2,2018-12-31,THMO,USD,2019-03-26 00:00:00,2019-03-26 14:16:55,FY,-39716000.0,670000.0,-4730000.0,652000.0,-3729000.0,1045000.0,61000.0,214000.0,2261000.0,1174000.0,-6983000.0,0.0,0.0,0.0,0.0,0.0,-1238000.0,-45000.0,6629000.0,0.0,0.0,0.0,7111000.0,-3000.0,-1113000.0,3400000.0,4513000.0,-6983000.0,-1238000.0,-8221000.0,https://www.sec.gov/Archives/edgar/data/811212/000143774919005676/0001437749-19-005676-index.html,https://www.sec.gov/Archives/edgar/data/811212/000143774919005676/kool20181231_10k.htm,1620598786,18:19:46,20210509
3,2017-12-31,THMO,USD,2018-03-22,2018-03-22 16:40:20,FY,-2283000.0,322000.0,-2238000.0,291000.0,-668000.0,987000.0,-162000.0,469000.0,5990000.0,336000.0,-3317000.0,-296000.0,2528000.0,0.0,0.0,3513000.0,-1296000.0,-29000.0,2368000.0,2331000.0,0.0,3513000.0,5502000.0,1000.0,890000.0,4513000.0,3623000.0,-3317000.0,-296000.0,-3613000.0,https://www.sec.gov/Archives/edgar/data/811212/000143774918005244/kool20171231_10kt.htm,https://www.sec.gov/Archives/edgar/data/811212/000143774918005244/kool20171231_10kt.htm,1620598786,18:19:46,20210509
4,2017-06-30,THMO,USD,2017-09-22 00:00:00,2017-09-21 20:05:37,FY,-29095000.0,830000.0,-673000.0,1461000.0,-643000.0,-522000.0,615000.0,-1062000.0,6658000.0,20384000.0,-7215000.0,0.0,0.0,0.0,0.0,0.0,-375000.0,-84000.0,2092000.0,-134000.0,0.0,3500000.0,5374000.0,4000.0,-2212000.0,3623000.0,5835000.0,-7215000.0,-375000.0,-7590000.0,https://www.sec.gov/Archives/edgar/data/811212/000143774917016219/0001437749-17-016219-index.html,https://www.sec.gov/Archives/edgar/data/811212/000143774917016219/kool20170630_10k.htm,1620598786,18:19:46,20210509
5,2016-06-30,THMO,USD,2016-09-21,2016-09-20 19:38:10,FY,-18588000.0,1168000.0,0.0,742000.0,1996000.0,1956000.0,375000.0,-2420000.0,7301000.0,7958000.0,-9625000.0,0.0,0.0,0.0,0.0,0.0,-710000.0,-6511000.0,2463000.0,-8000.0,0.0,-159000.0,12824000.0,-11000.0,2478000.0,5835000.0,3357000.0,-9625000.0,-710000.0,-10335000.0,https://www.sec.gov/Archives/edgar/data/811212/000143774916038939/kool20160630_10k.htm,https://www.sec.gov/Archives/edgar/data/811212/000143774916038939/kool20160630_10k.htm,1620598786,18:19:46,20210509
6,2015-06-30,THMO,USD,2015-09-17 00:00:00,2015-09-17 17:06:13,FY,-14852000.0,1351000.0,0.0,1247000.0,-13642000.0,-459000.0,416000.0,1410000.0,5305000.0,1364000.0,-10649000.0,0.0,0.0,0.0,0.0,0.0,-587000.0,-60000.0,0.0,-129000.0,0.0,-60000.0,-189000.0,-29000.0,-11454000.0,3357000.0,14811000.0,-10649000.0,-587000.0,-11236000.0,https://www.sec.gov/Archives/edgar/data/811212/000143774915017442/0001437749-15-017442-index.html,https://www.sec.gov/Archives/edgar/data/811212/000143774915017442/kool20150630_10k.htm,1620598786,18:19:46,20210509
7,2014-06-30,THMO,USD,2014-09-29 00:00:00,2014-09-29 16:19:33,FY,-8631000.0,993000.0,-403000.0,679000.0,7822000.0,515000.0,-1279000.0,-295000.0,18947000.0,679000.0,-7836000.0,0.0,0.0,0.0,0.0,0.0,-51000.0,-150000.0,16004000.0,-68000.0,0.0,0.0,15807000.0,7000.0,7927000.0,14811000.0,6884000.0,-7836000.0,-402000.0,-8238000.0,https://www.sec.gov/Archives/edgar/data/811212/000114036114036655/0001140361-14-036655-index.html,https://www.sec.gov/Archives/edgar/data/811212/000114036114036655/form10k.htm,1620598786,18:19:46,20210509
8,2013-06-30,THMO,USD,2013-09-04 00:00:00,2013-09-03 18:29:47,FY,-3086000.0,538000.0,0.0,563000.0,-2909000.0,-340000.0,795000.0,619000.0,11125000.0,727000.0,-3082000.0,0.0,3000000.0,0.0,0.0,0.0,2144000.0,0.0,0.0,-57000.0,0.0,0.0,-57000.0,0.0,-995000.0,6884000.0,7879000.0,-3082000.0,-391000.0,-3473000.0,https://www.sec.gov/Archives/edgar/data/811212/000114036113034895/0001140361-13-034895-index.html,https://www.sec.gov/Archives/edgar/data/811212/000114036113034895/form10k.htm,1620598786,18:19:46,20210509
9,2012-06-30,THMO,USD,2012-09-21 00:00:00,2012-09-20 19:24:07,FY,-4986000.0,604000.0,0.0,791000.0,-4942000.0,-655000.0,120000.0,696000.0,14034000.0,-4986000.0,-3885000.0,0.0,0.0,0.0,0.0,0.0,-545000.0,0.0,0.0,0.0,0.0,0.0,0.0,0.0,-4430000.0,7879000.0,12309000.0,-3885000.0,-545000.0,-4430000.0,https://www.sec.gov/Archives/edgar/data/811212/000114036112041105/0001140361-12-041105-index.html,https://www.sec.gov/Archives/edgar/data/811212/000114036112041105/form10k.htm,1620598786,18:19:46,20210509
10,2011-06-30,THMO,USD,2011-09-13 00:00:00,2011-09-12 20:29:34,FY,-2567000.0,466000.0,0.0,960000.0,2389000.0,2132000.0,-1338000.0,-592000.0,18976000.0,-2567000.0,-2092000.0,0.0,0.0,0.0,0.0,0.0,-249000.0,-2000.0,3914000.0,0.0,0.0,0.0,3919000.0,0.0,1578000.0,12309000.0,10731000.0,-2092000.0,-266000.0,-2358000.0,https://www.sec.gov/Archives/edgar/data/811212/000114036111045555/0001140361-11-045555-index.html,https://www.sec.gov/Archives/edgar/data/811212/000114036111045555/form10k.htm,1620598786,18:19:46,20210509
11,2010-06-30,THMO,USD,2010-09-15 00:00:00,2010-09-14 21:08:02,FY,-5193000.0,492000.0,0.0,518000.0,-4297000.0,-1797000.0,34000.0,602000.0,16587000.0,-2000.0,-4428000.0,0.0,0.0,-6741000.0,15719000.0,0.0,8508000.0,-4000.0,0.0,0.0,0.0,0.0,-4000.0,0.0,4076000.0,10731000.0,6655000.0,-4428000.0,-470000.0,-4898000.0,https://www.sec.gov/Archives/edgar/data/811212/000095012310086166/0000950123-10-086166-index.html,https://www.sec.gov/Archives/edgar/data/811212/000095012310086166/f56815e10vk.htm,1620598786,18:19:46,20210509
12,2009-06-30,THMO,USD,2009-09-11 00:00:00,2009-09-10 20:18:24,FY,-8550000.0,474000.0,0.0,479000.0,-9102000.0,1741000.0,-102000.0,-2405000.0,20884000.0,-161000.0,-8757000.0,0.0,0.0,-25957000.0,38045000.0,0.0,11041000.0,-13000.0,0.0,0.0,0.0,0.0,-13000.0,0.0,2271000.0,6655000.0,4384000.0,-8757000.0,-1047000.0,-9804000.0,https://www.sec.gov/Archives/edgar/data/811212/000095012309042510/0000950123-09-042510-index.html,https://www.sec.gov/Archives/edgar/data/811212/000095012309042510/f53489e10vk.htm,1620598786,18:19:46,20210509
13,2008-06-30,THMO,USD,2008-09-11 00:00:00,2008-09-11 14:31:21,FY,-9181000.0,543000.0,0.0,0.0,-7773000.0,0.0,-200000.0,0.0,29986000.0,1003000.0,-8451000.0,-514000.0,0.0,-44336000.0,52000000.0,0.0,7150000.0,0.0,266000.0,-293000.0,0.0,0.0,-45000.0,0.0,-1346000.0,4384000.0,5730000.0,-8451000.0,-514000.0,-8965000.0,https://www.sec.gov/Archives/edgar/data/811212/000095013408016472/0000950134-08-016472-index.html,https://www.sec.gov/Archives/edgar/data/811212/000095013408016472/f43550e10vk.htm,1620598786,18:19:46,20210509
14,2007-06-30,THMO,USD,2007-09-13 00:00:00,2007-09-12 19:40:39,FY,-6776000.0,549000.0,0.0,0.0,-4583000.0,0.0,-2307000.0,0.0,37759000.0,-165000.0,-7762000.0,-621000.0,0.0,-51420000.0,60500000.0,0.0,8459000.0,0.0,1522000.0,0.0,0.0,0.0,1506000.0,0.0,2203000.0,5730000.0,3527000.0,-7762000.0,-621000.0,-8383000.0,https://www.sec.gov/Archives/edgar/data/811212/000095013407019901/0000950134-07-019901-index.html,https://www.sec.gov/Archives/edgar/data/811212/000095013407019901/f33641e10vk.htm,1620598786,18:19:46,20210509
15,2006-06-30,THMO,USD,2006-09-07,2006-09-07 14:13:18,FY,-6142000.0,117000.0,0.0,0.0,29257000.0,0.0,336000.0,0.0,42342000.0,1160000.0,-2998000.0,-565000.0,0.0,-35192000.0,0.0,0.0,-35757000.0,0.0,32924000.0,0.0,0.0,0.0,32714000.0,0.0,-6041000.0,3527000.0,9568000.0,-2998000.0,-565000.0,-3563000.0,https://www.sec.gov/Archives/edgar/data/811212/000095013406017420/f23377e10vk.htm,https://www.sec.gov/Archives/edgar/data/811212/000095013406017420/f23377e10vk.htm,1620598786,18:19:46,20210509
16,2005-06-30,THMO,USD,2005-06-30,2005-06-30,FY,-8220000.0,367000.0,0.0,0.0,-6713000.0,0.0,-970000.0,0.0,13085000.0,0.0,-7931000.0,-232000.0,0.0,0.0,0.0,0.0,-211000.0,0.0,1136000.0,0.0,0.0,0.0,1098000.0,0.0,-7044000.0,9568000.0,16612000.0,-7931000.0,-232000.0,-8163000.0,,,1620598786,18:19:46,20210509
17,2004-06-30,THMO,USD,2004-06-30,2004-06-30,FY,-4777000.0,302000.0,0.0,0.0,9672000.0,0.0,16000.0,0.0,19798000.0,0.0,-4478000.0,-849000.0,0.0,0.0,0.0,0.0,-849000.0,0.0,15141000.0,0.0,0.0,0.0,15124000.0,0.0,9797000.0,16612000.0,6815000.0,-4478000.0,-849000.0,-5327000.0,,,1620598786,18:19:46,20210509
18,2003-06-30,THMO,USD,2003-06-30,2003-06-30,FY,-5603000.0,266000.0,0.0,0.0,495000.0,0.0,185000.0,0.0,10126000.0,0.0,-5713000.0,-92000.0,0.0,0.0,2013000.0,0.0,1921000.0,0.0,5919000.0,0.0,0.0,0.0,5894000.0,0.0,2102000.0,6815000.0,4713000.0,-5713000.0,-92000.0,-5805000.0,,,1620598786,18:19:46,20210509
19,2002-06-30,THMO,USD,2002-09-27 00:00:00,2002-09-26 21:31:19,FY,-5038000.0,434000.0,0.0,0.0,2533000.0,0.0,-1044000.0,0.0,9631000.0,0.0,-5459000.0,-175000.0,0.0,-2013000.0,1822000.0,0.0,-366000.0,0.0,7006000.0,-12000.0,0.0,0.0,6994000.0,0.0,1169000.0,4713000.0,3544000.0,-5459000.0,-175000.0,-5634000.0,https://www.sec.gov/Archives/edgar/data/811212/000100127702000435/0001001277-02-000435-index.html,https://www.sec.gov/Archives/edgar/data/811212/000100127702000435/forfye063002.txt,1620598786,18:19:46,20210509
20,2001-06-30,THMO,USD,2001-06-30,2001-06-30,FY,-6153000.0,485000.0,0.0,0.0,2485000.0,0.0,432000.0,0.0,7098000.0,0.0,-4294000.0,-235000.0,0.0,-1822000.0,1740000.0,0.0,-317000.0,0.0,5525000.0,0.0,0.0,0.0,7345000.0,0.0,2734000.0,3544000.0,810000.0,-4294000.0,-235000.0,-4529000.0,,,1620598786,18:19:46,20210509
21,2000-06-30,THMO,USD,2000-09-27 00:00:00,2000-09-27 00:00:00,FY,-5818000.0,677000.0,0.0,0.0,-487000.0,0.0,442000.0,0.0,4613000.0,0.0,-4312000.0,-145000.0,0.0,-1740000.0,0.0,0.0,-1885000.0,0.0,4712000.0,0.0,0.0,0.0,4680000.0,0.0,-1517000.0,810000.0,2327000.0,-4312000.0,-145000.0,-4457000.0,https://www.sec.gov/Archives/edgar/data/811212/000100127700000282/0001001277-00-000282-index.html,https://www.sec.gov/Archives/edgar/data/811212/000100127700000282/0001001277-00-000282-0001.txt,1620598786,18:19:46,20210509
22,1999-06-30,THMO,USD,1999-06-30,1999-06-30,FY,-6100000.0,600000.0,0.0,0.0,1400000.0,0.0,-400000.0,0.0,5100000.0,-100000.0,-6500000.0,-100000.0,0.0,0.0,0.0,0.0,-100000.0,0.0,6900000.0,0.0,0.0,0.0,6900000.0,0.0,300000.0,2300000.0,2000000.0,-6500000.0,-100000.0,-6600000.0,,,1620598786,18:19:46,20210509
23,1998-06-30,THMO,USD,1998-06-30,1998-06-30,FY,-9600000.0,500000.0,0.0,0.0,-2700000.0,0.0,-100000.0,0.0,3700000.0,0.0,-8000000.0,-400000.0,0.0,0.0,0.0,0.0,-400000.0,0.0,0.0,0.0,0.0,100000.0,6900000.0,0.0,0.0,0.0,3500000.0,-8000000.0,-400000.0,-8400000.0,,,1620598786,18:19:46,20210509
24,1997-06-30,THMO,USD,1997-09-29 00:00:00,1997-09-29 00:00:00,FY,-4800000.0,300000.0,0.0,0.0,2800000.0,0.0,-400000.0,0.0,6400000.0,-100000.0,-4700000.0,-900000.0,0.0,0.0,0.0,0.0,-900000.0,0.0,8000000.0,0.0,0.0,-100000.0,7800000.0,0.0,0.0,0.0,1200000.0,-4700000.0,-900000.0,-5600000.0,https://www.sec.gov/Archives/edgar/data/811212/000081121297000017/0000811212-97-000017-index.html,https://www.sec.gov/Archives/edgar/data/811212/0000811212-97-000017.txt,1620598786,18:19:46,20210509
25,1996-06-30,THMO,USD,1996-06-30,1996-06-30,FY,-600000.0,200000.0,0.0,0.0,-1500000.0,0.0,-1100000.0,0.0,3600000.0,200000.0,-1700000.0,-200000.0,0.0,0.0,0.0,0.0,-200000.0,0.0,2900000.0,0.0,0.0,0.0,2800000.0,0.0,0.0,0.0,300000.0,-1700000.0,-200000.0,-1900000.0,,,1620598786,18:19:46,20210509
