,date,symbol,reportedCurrency,fillingDate,acceptedDate,period,netIncome,depreciationAndAmortization,deferredIncomeTax,stockBasedCompensation,changeInWorkingCapital,accountsReceivables,inventory,accountsPayables,otherWorkingCapital,otherNonCashItems,netCashProvidedByOperatingActivities,investmentsInPropertyPlantAndEquipment,acquisitionsNet,purchasesOfInvestments,salesMaturitiesOfInvestments,otherInvestingActivites,netCashUsedForInvestingActivites,debtRepayment,commonStockIssued,commonStockRepurchased,dividendsPaid,otherFinancingActivites,netCashUsedProvidedByFinancingActivities,effectOfForexChangesOnCash,netChangeInCash,cashAtEndOfPeriod,cashAtBeginningOfPeriod,operatingCashFlow,capitalExpenditure,freeCashFlow,link,finalLink,timestamp,est_time,est_date
0,2020-12-31,NVTA,USD,2021-02-26,2021-02-26 16:07:59,FY,-602170000.0,39050000.0,-112100000.0,158747000.0,-28351000.0,-2814000.0,-7832000.0,10186000.0,332187000,201998000.0,-298502000.0,-22865000.0,-384000000.0,-280258000.0,290319000.0,-4026000.0,-400583000.0,0.0,547891000.0,0.0,0.0,-4112000.0,672993000,0.0,-26092000.0,131480000,157572000.0,-298502000.0,-22865000.0,-321367000.0,https://www.sec.gov/Archives/edgar/data/1501134/000150113421000012/0001501134-21-000012-index.htm,https://www.sec.gov/Archives/edgar/data/1501134/000150113421000012/nvta-20201231.htm,1620595929,17:32:09,20210509
1,2019-12-31,NVTA,USD,2020-03-02 00:00:00,2020-02-28 21:38:37,FY,-241965000.0,16206000.0,-18450000.0,75948000.0,231411000.0,-6131000.0,0.0,1558000.0,360538000,5511000.0,-145053000.0,-20047000.0,-34000000.0,-260917000.0,34500000.0,0.0,-280310000.0,-77075000.0,213494000.0,0.0,0.0,-11548000.0,464771000,0.0,39408000.0,157572000,118164000.0,-145053000.0,-20047000.0,-165100000.0,https://www.sec.gov/Archives/edgar/data/1501134/000150113420000013/0001501134-20-000013-index.html,https://www.sec.gov/Archives/edgar/data/1501134/000150113420000013/nvta-12312019x10k.htm,1620595929,17:32:09,20210509
2,2018-12-31,NVTA,USD,2019-02-28 00:00:00,2019-02-28 17:00:35,FY,-129355000.0,13540000.0,-2862000.0,20850000.0,75833000.0,-5291000.0,0.0,-417000.0,129127000,1168000.0,-92220000.0,-5970000.0,0.0,-9680000.0,52423000.0,-1000000.0,35773000.0,-62100000.0,129952000.0,0.0,0.0,-4609000.0,157152000,0.0,100705000.0,118164000,17459000.0,-92220000.0,-5970000.0,-98190000.0,https://www.sec.gov/Archives/edgar/data/1501134/000150113419000022/0001501134-19-000022-index.html,https://www.sec.gov/Archives/edgar/data/1501134/000150113419000022/nvta-10k.htm,1620595929,17:32:09,20210509
3,2017-12-31,NVTA,USD,2018-03-06 00:00:00,2018-03-05 19:33:03,FY,-123380000.0,9181000.0,-1856000.0,19221000.0,-33753000.0,-1963000.0,0.0,-535000.0,53294000,1810000.0,-97981000.0,-6675000.0,3000000.0,-101867000.0,68768000.0,0.0,-36953000.0,-33409000.0,74619000.0,0.0,0.0,0.0,80871000,0.0,-54063000.0,17459000,71522000.0,-97981000.0,-6675000.0,-104656000.0,https://www.sec.gov/Archives/edgar/data/1501134/000156459018004430/0001564590-18-004430-index.html,https://www.sec.gov/Archives/edgar/data/1501134/000156459018004430/nvta-10k_20171231.htm,1620595929,17:32:09,20210509
4,2016-12-31,NVTA,USD,2017-03-16 00:00:00,2017-03-16 16:18:38,FY,-100256000.0,6553000.0,0.0,10699000.0,-33386000.0,0.0,0.0,-111000.0,87047000,0.0,-76317000.0,-11625000.0,0.0,-90236000.0,117922000.0,134000.0,16195000.0,-4027000.0,47102000.0,0.0,0.0,0.0,53709000,0.0,-6413000.0,66825000,73238000.0,-76317000.0,-11625000.0,-87942000.0,https://www.sec.gov/Archives/edgar/data/1501134/000156459017004633/0001564590-17-004633-index.html,https://www.sec.gov/Archives/edgar/data/1501134/000156459017004633/nvta-10k_20161231.htm,1620595929,17:32:09,20210509
5,2015-12-31,NVTA,USD,2016-03-10 00:00:00,2016-03-10 17:10:07,FY,-89782000.0,5321000.0,0.0,3477000.0,18413000.0,0.0,0.0,508000.0,120433000,0.0,-80655000.0,-6464000.0,0.0,-216994000.0,162567000.0,-4681000.0,-65572000.0,-2423000.0,107120000.0,0.0,0.0,0.0,112438000,0.0,-33789000.0,73238000,107027000.0,-80655000.0,-6464000.0,-87119000.0,https://www.sec.gov/Archives/edgar/data/1501134/000104746916010990/0001047469-16-010990-index.html,https://www.sec.gov/Archives/edgar/data/1501134/000104746916010990/a2227619z10-k.htm,1620595929,17:32:09,20210509
6,2014-12-31,NVTA,USD,2015-03-30,2015-03-27 18:54:04,FY,-47492000.0,2315000.0,0.0,971000.0,60443000.0,0.0,0.0,2072000.0,102020000,0.0,-42440000.0,-6686000.0,0.0,0.0,0.0,-30000.0,-6716000.0,-1376000.0,0.0,0.0,0.0,-1451000.0,113113000,0.0,63957000.0,107027000,43070000.0,-42440000.0,-6686000.0,-49126000.0,https://www.sec.gov/Archives/edgar/data/1501134/000104746915002895/0001047469-15-002895-index.htm,https://www.sec.gov/Archives/edgar/data/1501134/000104746915002895/a2223955z10-k.htm,1620595929,17:32:09,20210509
7,2013-12-31,NVTA,USD,2013-12-31,2013-12-31,FY,-24838000.0,928000.0,0.0,260000.0,20534000.0,0.0,0.0,220000.0,41577000,0.0,-23030000.0,-4520000.0,0.0,0.0,0.0,-60000.0,-4580000.0,-1007000.0,0.0,0.0,0.0,0.0,48879000,0.0,21269000.0,43070000,21801000.0,-23030000.0,-4520000.0,-27550000.0,,,1620595929,17:32:09,20210509
8,2012-12-31,NVTA,USD,2012-12-31,2012-12-31,FY,-8602000.0,277000.0,0.0,65000.0,-894000.0,0.0,0.0,174000.0,21043000,0.0,-9154000.0,-766000.0,0.0,0.0,0.0,-60000.0,-826000.0,-609000.0,0.0,0.0,0.0,0.0,28802000,0.0,18822000.0,21801000,2979000.0,-9154000.0,-766000.0,-9920000.0,,,1620595929,17:32:09,20210509
