,date,symbol,reportedCurrency,fillingDate,acceptedDate,period,netIncome,depreciationAndAmortization,deferredIncomeTax,stockBasedCompensation,changeInWorkingCapital,accountsReceivables,inventory,accountsPayables,otherWorkingCapital,otherNonCashItems,netCashProvidedByOperatingActivities,investmentsInPropertyPlantAndEquipment,acquisitionsNet,purchasesOfInvestments,salesMaturitiesOfInvestments,otherInvestingActivites,netCashUsedForInvestingActivites,debtRepayment,commonStockIssued,commonStockRepurchased,dividendsPaid,otherFinancingActivites,netCashUsedProvidedByFinancingActivities,effectOfForexChangesOnCash,netChangeInCash,cashAtEndOfPeriod,cashAtBeginningOfPeriod,operatingCashFlow,capitalExpenditure,freeCashFlow,link,finalLink,timestamp,est_time,est_date
0,2020-12-31,GORO,USD,2021-02-24,2021-02-24 17:15:14,FY,4359000.0,17601000.0,3508000.0,3039000.0,8108000.0,4136000.0,1036000.0,-588000.0,30788000.0,0.0,35397000.0,0.0,0.0,0.0,0.0,0.0,-14453000.0,2734000.0,25795000.0,0.0,-2790000.0,-28226000.0,-5221000.0,-528000.0,15195000.0,25405000.0,10210000.0,35397000.0,-12811000.0,22586000.0,https://www.sec.gov/Archives/edgar/data/1160791/000155837021001637/0001558370-21-001637-index.htm,https://www.sec.gov/Archives/edgar/data/1160791/000155837021001637/goro-20201231x10k.htm,1620592721,16:38:41,20210509
1,2019-12-31,GORO,USD,2020-03-02 00:00:00,2020-03-02 16:07:40,FY,5832000.0,23318000.0,2940000.0,1932000.0,9181000.0,-6618000.0,-7846000.0,3802000.0,22680000.0,115000.0,21416000.0,0.0,0.0,0.0,0.0,2000.0,-39472000.0,-1231000.0,24449000.0,0.0,-1491000.0,0.0,21825000.0,-455000.0,3314000.0,11076000.0,7762000.0,21416000.0,-39474000.0,-18058000.0,https://www.sec.gov/Archives/edgar/data/1160791/000155837020001884/0001558370-20-001884-index.html,https://www.sec.gov/Archives/edgar/data/1160791/000155837020001884/goro-20191231x10k.htm,1620592721,16:38:41,20210509
2,2018-12-31,GORO,USD,2019-02-26 00:00:00,2019-02-26 16:07:12,FY,9288000.0,15169000.0,-501000.0,1497000.0,-13982000.0,-220000.0,-2820000.0,1489000.0,13499000.0,113000.0,22256000.0,0.0,0.0,0.0,0.0,6000.0,-40070000.0,-979000.0,4319000.0,0.0,-1149000.0,0.0,3452000.0,-266000.0,-14628000.0,7762000.0,22390000.0,22256000.0,-40076000.0,-17820000.0,https://www.sec.gov/Archives/edgar/data/1160791/000155837019001080/0001558370-19-001080-index.html,https://www.sec.gov/Archives/edgar/data/1160791/000155837019001080/goro-20181231x10k.htm,1620592721,16:38:41,20210509
3,2017-12-31,GORO,USD,2018-03-08 00:00:00,2018-03-08 16:07:29,FY,4150000.0,14998000.0,14991000.0,1192000.0,7161000.0,-2254000.0,-2797000.0,1636000.0,27481000.0,1285000.0,35633000.0,0.0,0.0,0.0,0.0,-257000.0,-25689000.0,-257000.0,0.0,0.0,-1137000.0,0.0,-1394000.0,-326000.0,8224000.0,22390000.0,14166000.0,35633000.0,-25432000.0,10201000.0,https://www.sec.gov/Archives/edgar/data/1160791/000155837018001714/0001558370-18-001714-index.html,https://www.sec.gov/Archives/edgar/data/1160791/000155837018001714/goro-20171231x10k.htm,1620592721,16:38:41,20210509
4,2016-12-31,GORO,USD,2017-02-28 00:00:00,2017-02-28 16:17:33,FY,4387000.0,0.0,-1555000.0,1240000.0,2604000.0,-309000.0,-738000.0,-3579000.0,20320000.0,298000.0,17899000.0,0.0,0.0,0.0,749000.0,9000.0,-14693000.0,-606000.0,0.0,0.0,-1670000.0,0.0,-1885000.0,23000.0,1344000.0,14166000.0,12822000.0,17899000.0,-15140000.0,2759000.0,https://www.sec.gov/Archives/edgar/data/1160791/000155837017001146/0001558370-17-001146-index.html,https://www.sec.gov/Archives/edgar/data/1160791/000155837017001146/goro-20161231x10k.htm,1620592721,16:38:41,20210509
5,2015-12-31,GORO,USD,2016-03-09 00:00:00,2016-03-08 18:06:35,FY,3062000.0,0.0,5133000.0,3472000.0,-11622000.0,1095000.0,-555000.0,3357000.0,17716000.0,2999000.0,20170000.0,0.0,0.0,0.0,37000.0,-92000.0,-26740000.0,-1501000.0,0.0,0.0,-6502000.0,0.0,-8003000.0,-146000.0,-14719000.0,12822000.0,27541000.0,20170000.0,-26685000.0,-6515000.0,https://www.sec.gov/Archives/edgar/data/1160791/000155837016003907/0001558370-16-003907-index.html,https://www.sec.gov/Archives/edgar/data/1160791/000155837016003907/goro-20151231x10k.htm,1620592721,16:38:41,20210509
6,2014-12-31,GORO,USD,2015-03-20,2015-03-19 17:31:55,FY,16245000.0,0.0,2226000.0,4951000.0,-4293000.0,891000.0,-231000.0,-2832000.0,29338000.0,596000.0,37653000.0,0.0,1000000.0,-1805000.0,32000.0,0.0,-16617000.0,-1469000.0,0.0,0.0,-6494000.0,0.0,-7863000.0,-605000.0,12568000.0,27541000.0,14973000.0,37653000.0,-17898000.0,19755000.0,https://www.sec.gov/Archives/edgar/data/1160791/000116079115000010/goro-20141231x10k.htm,https://www.sec.gov/Archives/edgar/data/1160791/000116079115000010/goro-20141231x10k.htm,1620592721,16:38:41,20210509
7,2013-12-31,GORO,USD,2014-04-01 00:00:00,2014-04-01 15:52:24,FY,85000.0,2626000.0,2044000.0,7617000.0,-12328000.0,4368000.0,-32000.0,-37000.0,33631000.0,112000.0,6643000.0,0.0,0.0,-1050000.0,1316000.0,0.0,-6437000.0,-645000.0,0.0,0.0,-25514000.0,0.0,-21013000.0,0.0,-20807000.0,14973000.0,35780000.0,6643000.0,-6703000.0,-60000.0,https://www.sec.gov/Archives/edgar/data/1160791/000116079114000004/0001160791-14-000004-index.html,https://www.sec.gov/Archives/edgar/data/1160791/000116079114000004/goro-20131231x10k.htm,1620592721,16:38:41,20210509
8,2012-12-31,GORO,USD,2013-03-18 00:00:00,2013-03-18 14:27:20,FY,33671000.0,1540000.0,-3046000.0,6600000.0,-13382000.0,8305000.0,-4098000.0,1397000.0,45959000.0,345000.0,31204000.0,0.0,0.0,-5164000.0,1897000.0,0.0,-7728000.0,0.0,0.0,-3931000.0,-35940000.0,0.0,-39871000.0,215000.0,-16180000.0,35780000.0,51960000.0,31204000.0,-4461000.0,26743000.0,https://www.sec.gov/Archives/edgar/data/1160791/000116079113000003/0001160791-13-000003-index.html,https://www.sec.gov/Archives/edgar/data/1160791/000116079113000003/c791-20121231x10k.htm,1620592721,16:38:41,20210509
9,2011-12-31,GORO,USD,2012-02-29 00:00:00,2012-02-29 16:31:10,FY,58369000.0,856000.0,-30635000.0,6570000.0,8110000.0,-13096000.0,-1180000.0,-758000.0,59341000.0,82000.0,42417000.0,-2977000.0,0.0,0.0,0.0,0.0,-9302000.0,0.0,0.0,-1954000.0,-26484000.0,0.0,-28438000.0,-299000.0,4378000.0,51960000.0,47582000.0,42417000.0,-9302000.0,33115000.0,https://www.sec.gov/Archives/edgar/data/1160791/000119312512089264/0001193125-12-089264-index.html,https://www.sec.gov/Archives/edgar/data/1160791/000119312512089264/d263218d10k.htm,1620592721,16:38:41,20210509
10,2010-12-31,GORO,USD,2011-03-15,2011-03-15 17:19:23,FY,-23074000.0,324000.0,0.0,2694000.0,31254034.0,-1185000.0,-2838000.0,0.0,51231000.0,387000.0,-22929000.0,0.0,0.0,0.0,0.0,11436000.0,7876000.0,0.0,63393000.0,0.0,-7740000.0,0.0,55653000.0,230000.0,40830000.0,47582000.0,6752000.0,-22929000.0,-3560000.0,-26489000.0,https://www.sec.gov/Archives/edgar/data/1160791/000107997311000188/goro_10k.htm,https://www.sec.gov/Archives/edgar/data/1160791/000107997311000188/goro_10k.htm,1620592721,16:38:41,20210509
11,2009-12-31,GORO,USD,2010-03-15 00:00:00,2010-03-15 17:24:29,FY,-34129307.0,166993.0,0.0,2843506.0,17992783.0,0.0,0.0,0.0,19976966.0,1991987.0,-44875201.0,0.0,0.0,0.0,0.0,0.0,-1204253.0,0.0,48990000.0,0.0,0.0,0.0,49174000.0,123201.0,3217747.0,6752325.0,3534578.0,-44875201.0,-1204253.0,-46079454.0,https://www.sec.gov/Archives/edgar/data/1160791/000107997310000319/0001079973-10-000319-index.html,https://www.sec.gov/Archives/edgar/data/1160791/000107997310000319/goro_10k.htm,1620592721,16:38:41,20210509
12,2008-12-31,GORO,USD,2008-12-31,2008-12-31,FY,-26015203.0,123948.0,0.0,0.0,-19298521.0,0.0,0.0,0.0,1984183.0,2062812.0,-23005822.0,-657816.0,0.0,0.0,0.0,0.0,-657816.0,0.0,5191000.0,0.0,0.0,0.0,5191000.0,0.0,-18472638.0,3534578.0,22007216.0,-23005822.0,-657816.0,-23663638.0,,,1620592721,16:38:41,20210509
13,2007-12-31,GORO,USD,2008-04-14,2008-04-14 14:30:34,FY,-8076342.0,47480.0,0.0,0.0,13867497.0,0.0,0.0,0.0,21282704.0,640511.0,-6908890.0,-456152.0,0.0,0.0,0.0,0.0,-456152.0,0.0,21712000.0,0.0,0.0,0.0,21712000.0,0.0,14346958.0,22007216.0,7660258.0,-6908890.0,-456152.0,-7365042.0,https://www.sec.gov/Archives/edgar/data/1160791/000107997308000414/grc_10k-123107.htm,https://www.sec.gov/Archives/edgar/data/1160791/000107997308000414/grc_10k-123107.htm,1620592721,16:38:41,20210509
14,2006-12-31,GORO,USD,2007-04-02,2007-04-02 17:04:44,FY,-2686762.0,18039.0,0.0,0.0,7257655.0,0.0,0.0,0.0,7415207.0,646444.0,-1795858.0,-59966.0,0.0,0.0,0.0,0.0,-59966.0,0.0,9339900.0,0.0,0.0,0.0,9339900.0,0.0,7484076.0,7660258.0,176182.0,-1795858.0,-59966.0,-1855824.0,https://www.sec.gov/Archives/edgar/data/1160791/000107997407000227/goldres10ksbfye2006_3302007.htm,https://www.sec.gov/Archives/edgar/data/1160791/000107997407000227/goldres10ksbfye2006_3302007.htm,1620592721,16:38:41,20210509
15,2005-12-31,GORO,USD,2005-12-31,2005-12-31,FY,-1217911.0,7248.0,0.0,0.0,906468.0,0.0,0.0,0.0,157552.0,407500.0,-1179278.0,-61600.0,0.0,0.0,0.0,0.0,-61600.0,0.0,1407500.0,0.0,0.0,0.0,1407500.0,0.0,166622.0,176182.0,9560.0,-1179278.0,-61600.0,-1240878.0,,,1620592721,16:38:41,20210509
16,2004-12-31,GORO,USD,2004-12-31,2004-12-31,FY,-853593.0,0.0,0.0,0.0,862593.0,0.0,0.0,0.0,-748916.0,0.0,-378289.0,0.0,0.0,0.0,0.0,0.0,0.0,0.0,152000.0,0.0,0.0,100000.0,252000.0,0.0,-126289.0,9560.0,135849.0,-378289.0,0.0,-378289.0,,,1620592721,16:38:41,20210509
