,date,symbol,reportedCurrency,fillingDate,acceptedDate,period,netIncome,depreciationAndAmortization,deferredIncomeTax,stockBasedCompensation,changeInWorkingCapital,accountsReceivables,inventory,accountsPayables,otherWorkingCapital,otherNonCashItems,netCashProvidedByOperatingActivities,investmentsInPropertyPlantAndEquipment,acquisitionsNet,purchasesOfInvestments,salesMaturitiesOfInvestments,otherInvestingActivites,netCashUsedForInvestingActivites,debtRepayment,commonStockIssued,commonStockRepurchased,dividendsPaid,otherFinancingActivites,netCashUsedProvidedByFinancingActivities,effectOfForexChangesOnCash,netChangeInCash,cashAtEndOfPeriod,cashAtBeginningOfPeriod,operatingCashFlow,capitalExpenditure,freeCashFlow,link,finalLink,timestamp,est_time,est_date
0,2020-12-31,CDW,USD,2021-02-26,2021-02-26 16:02:24,FY,788500000,425600000.0,-20200000.0,42500000.0,1212500000,-226400000.0,-71400000.0,253700000.0,2055200000.0,42100000.0,1314300000.0,0.0,-43000000.0,0.0,0.0,0.0,-201000000.0,-1697500000.0,0.0,-340600000.0,-219600000.0,72500000.0,138800000.0,4100000.0,1256200000.0,1410200000.0,154000000.0,1314300000.0,-158000000.0,1156300000.0,https://www.sec.gov/Archives/edgar/data/1402057/000140205721000022/0001402057-21-000022-index.htm,https://www.sec.gov/Archives/edgar/data/1402057/000140205721000022/cdw-20201231.htm,1620590090,15:54:50,20210509
1,2019-12-31,CDW,USD,2020-02-28 00:00:00,2020-02-28 16:33:20,FY,736800000,267100000.0,-87900000.0,48500000.0,-151000000,-244800000.0,-153000000.0,194100000.0,842700000.0,29000000.0,1027200000.0,0.0,-95000000.0,0.0,0.0,0.0,-331400000.0,-2957000000.0,0.0,-657200000.0,-183400000.0,2300000.0,-749800000.0,2200000.0,-51800000.0,154000000.0,205800000.0,1027200000.0,-236300000.0,790900000.0,https://www.sec.gov/Archives/edgar/data/1402057/000140205720000042/0001402057-20-000042-index.html,https://www.sec.gov/Archives/edgar/data/1402057/000140205720000042/cdw-20191231x10k.htm,1620590090,15:54:50,20210509
2,2018-12-31,CDW,USD,2019-02-27 00:00:00,2019-02-27 16:44:54,FY,643000000,265600000.0,-56100000.0,40700000.0,130200000,-365100000.0,-46800000.0,271200000.0,993700000.0,10900000.0,905900000.0,0.0,0.0,0.0,0.0,0.0,-86100000.0,-708300000.0,0.0,-522300000.0,-139400000.0,-71500000.0,-754800000.0,-3400000.0,61600000.0,205800000.0,144200000.0,905900000.0,-86100000.0,819800000.0,https://www.sec.gov/Archives/edgar/data/1402057/000140205719000046/0001402057-19-000046-index.html,https://www.sec.gov/Archives/edgar/data/1402057/000140205719000046/cdw-20181231x10k.htm,1620590090,15:54:50,20210509
3,2017-12-31,CDW,USD,2018-03-01 00:00:00,2018-02-28 17:42:02,FY,523000000,260900000.0,-172700000.0,43700000.0,-93900000,-128400000.0,8500000.0,231500000.0,863500000.0,5600000.0,777700000.0,0.0,0.0,0.0,0.0,0.0,-81100000.0,-3698200000.0,0.0,-534000000.0,-106900000.0,-142800000.0,-818700000.0,2600000.0,-119500000.0,144200000.0,263700000.0,777700000.0,-81100000.0,696600000.0,https://www.sec.gov/Archives/edgar/data/1402057/000140205718000038/0001402057-18-000038-index.html,https://www.sec.gov/Archives/edgar/data/1402057/000140205718000038/cdw-20171231x10k.htm,1620590090,15:54:50,20210509
4,2016-12-31,CDW,USD,2017-03-01 00:00:00,2017-02-28 17:54:47,FY,424400000,254500000.0,-97200000.0,39200000.0,53900000,-179900000.0,-68500000.0,225100000.0,957400000.0,6900000.0,604000000.0,0.0,0.0,-2400000.0,0.0,-2400000.0,-65900000.0,-1850400000.0,0.0,-367400000.0,-78700000.0,137700000.0,-304600000.0,-7400000.0,226100000.0,263700000.0,37600000.0,604000000.0,-63500000.0,540500000.0,https://www.sec.gov/Archives/edgar/data/1402057/000140205717000007/0001402057-17-000007-index.html,https://www.sec.gov/Archives/edgar/data/1402057/000140205717000007/cdw-20161231x10k.htm,1620590090,15:54:50,20210509
5,2015-12-31,CDW,USD,2016-02-25 00:00:00,2016-02-24 17:48:36,FY,403100000,227400000.0,-54500000.0,31200000.0,-81900000,-342600000.0,-31500000.0,100500000.0,903500000.0,8800000.0,277500000.0,0.0,-264000000.0,-500000.0,0.0,-500000.0,-354400000.0,-872600000.0,0.0,-241300000.0,-52900000.0,89700000.0,-226500000.0,-3500000.0,-306900000.0,37600000.0,344500000.0,277500000.0,-90100000.0,187400000.0,https://www.sec.gov/Archives/edgar/data/1402057/000140205716000057/0001402057-16-000057-index.html,https://www.sec.gov/Archives/edgar/data/1402057/000140205716000057/cdw-20151231x10k.htm,1620590090,15:54:50,20210509
6,2014-12-31,CDW,USD,2015-02-26,2015-02-26 07:01:35,FY,244900000,207900000.0,-89100000.0,16400000.0,174500000,-117600000.0,44200000.0,43700000.0,985400000.0,6900000.0,435000000.0,0.0,0.0,-2100000.0,0.0,-20900000.0,-164800000.0,-1314400000.0,0.0,0.0,-33600000.0,53900000.0,-112000000.0,-1800000.0,156400000.0,344500000.0,188100000.0,435000000.0,-55000000.0,380000000.0,https://www.sec.gov/Archives/edgar/data/1402057/000140205715000003/cdw-20141231x10k.htm,https://www.sec.gov/Archives/edgar/data/1402057/000140205715000003/cdw-20141231x10k.htm,1620590090,15:54:50,20210509
7,2013-12-31,CDW,USD,2014-03-05 00:00:00,2014-03-05 08:33:33,FY,132800000,208200000.0,-48700000.0,46600000.0,144400000,-170800000.0,-67500000.0,146100000.0,810900000.0,10400000.0,366300000.0,0.0,0.0,0.0,0.0,0.0,-47100000.0,-2161500000.0,424700000.0,-200000.0,-7300000.0,-22200000.0,-168300000.0,-700000.0,150200000.0,188100000.0,37900000.0,366300000.0,-47100000.0,319200000.0,https://www.sec.gov/Archives/edgar/data/1402057/000140205714000002/0001402057-14-000002-index.html,https://www.sec.gov/Archives/edgar/data/1402057/000140205714000002/cdw-20131231x10k.htm,1620590090,15:54:50,20210509
8,2012-12-31,CDW,USD,2013-03-08 00:00:00,2013-03-08 14:26:31,FY,119000000,210200000.0,-56300000.0,22100000.0,128400000,-10400000.0,7100000.0,800000.0,666500000.0,13600000.0,317400000.0,0.0,0.0,-300000.0,0.0,-300000.0,-41700000.0,-733200000.0,0.0,-700000.0,0.0,-28800000.0,-338000000.0,300000.0,-62000000.0,37900000.0,99900000.0,317400000.0,-41400000.0,276000000.0,https://www.sec.gov/Archives/edgar/data/1402057/000140205713000003/0001402057-13-000003-index.html,https://www.sec.gov/Archives/edgar/data/1402057/000140205713000003/cdw-20121231x10k1.htm,1620590090,15:54:50,20210509
9,2011-12-31,CDW,USD,2012-03-09 00:00:00,2012-03-09 14:23:58,FY,17100000,204900000.0,-10200000.0,19500000.0,-137300000,-165300000.0,-29000000.0,-19800000.0,538100000.0,-600000.0,214700000.0,0.0,0.0,-10300000.0,0.0,0.0,-56000000.0,-2790200000.0,0.0,-400000.0,0.0,225200000.0,-95400000.0,0.0,63300000.0,99900000.0,36600000.0,214700000.0,-45700000.0,169000000.0,https://www.sec.gov/Archives/edgar/data/1402057/000140205712000006/0001402057-12-000006-index.html,https://www.sec.gov/Archives/edgar/data/1402057/000140205712000006/cdw-20111231x10k.htm,1620590090,15:54:50,20210509
10,2010-12-31,CDW,USD,2011-03-04,2011-03-04 15:43:42,FY,-29200000,209400000.0,-4300000.0,11500000.0,-247900000,-81500000.0,-34900000.0,272500000.0,675400000.0,-600000.0,426900000.0,0.0,0.0,-84100000.0,0.0,200000.0,-125400000.0,-1609800000.0,0.0,0.0,0.0,-14300000.0,-353300000.0,400000.0,-51400000.0,36600000.0,88000000.0,426900000.0,-41500000.0,385400000.0,https://www.sec.gov/Archives/edgar/data/1402057/000119312511056194/d10k.htm,https://www.sec.gov/Archives/edgar/data/1402057/000119312511056194/d10k.htm,1620590090,15:54:50,20210509
11,2009-12-31,CDW,USD,2009-12-31,2009-12-31,FY,-373400000,218200000.0,-94400000.0,15900000.0,-96855000,-131300000.0,-15000000.0,76500000.0,923300000.0,0.0,107600000.0,0.0,0.0,-92200000.0,20000000.0,5200000.0,-82600000.0,-11600000.0,0.0,0.0,0.0,-20300000.0,-31900000.0,500000.0,-6400000.0,88000000.0,94400000.0,107600000.0,-15600000.0,92000000.0,,,1620590090,15:54:50,20210509
12,2008-12-31,CDW,USD,2008-12-31,2008-12-31,FY,-1765100000,218400000.0,-39900000.0,17800000.0,-113327000,116700000.0,78600000.0,-199100000.0,1020155000.0,0.0,174200000.0,0.0,0.0,-19200000.0,0.0,0.0,-60300000.0,-1263300000.0,0.0,0.0,0.0,-48000000.0,-34600000.0,-500000.0,78800000.0,94400000.0,15600000.0,174200000.0,-41100000.0,133100000.0,,,1620590090,15:54:50,20210509
13,2006-12-31,CDW,USD,2006-12-31,2006-12-31,FY,266080000,28138000.0,-13726000.0,0.0,96563000,0.0,-17813000.0,0.0,1133482000.0,-1298000.0,216713000.0,-85567000.0,0.0,-407323000.0,849748000.0,-275723000.0,-99607000.0,0.0,0.0,-227669000.0,-40723000.0,95390000.0,-170214000.0,-61000.0,-53169000.0,148081000.0,201250000.0,216713000.0,-85567000.0,131146000.0,,,1620590090,15:54:50,20210509
14,2005-12-31,CDW,USD,2005-12-31,2005-12-31,FY,272092000,21493000.0,1059000.0,0.0,50474000,0.0,-30342000.0,0.0,1036919000.0,14499000.0,303660000.0,-49062000.0,0.0,-422058000.0,467099000.0,0.0,-4021000.0,0.0,29683000.0,-258298000.0,-35114000.0,0.0,-247308000.0,115000.0,52446000.0,201250000.0,148804000.0,303660000.0,-49062000.0,254598000.0,,,1620590090,15:54:50,20210509
15,2004-12-31,CDW,USD,2004-12-31,2004-12-31,FY,241445000,16998000.0,2217000.0,0.0,139503000,0.0,-29332000.0,0.0,986445000.0,19931000.0,184206000.0,-22113000.0,0.0,-638820000.0,520986000.0,0.0,-139947000.0,0.0,34866000.0,-86010000.0,-30027000.0,0.0,-118137000.0,257000.0,-73621000.0,148804000.0,222425000.0,184206000.0,-22113000.0,162093000.0,,,1620590090,15:54:50,20210509
16,2003-12-31,CDW,USD,2003-12-31,2003-12-31,FY,175186000,15135000.0,1773000.0,0.0,151156000,0.0,-17025000.0,0.0,846942000.0,37061000.0,125418000.0,-11380000.0,0.0,-2380034000.0,2386539000.0,-13490000.0,-21983000.0,0.0,22879000.0,-76324000.0,-24867000.0,3013000.0,-38333000.0,183000.0,65285000.0,222425000.0,157140000.0,125418000.0,-11380000.0,114038000.0,,,1620590090,15:54:50,20210509
17,2002-12-31,CDW,USD,2002-12-31,2002-12-31,FY,185249000,15564000.0,-1446000.0,0.0,134089000,0.0,-31668000.0,0.0,695786000.0,71615000.0,231408000.0,-10579000.0,0.0,-1889033000.0,1789267000.0,19020000.0,-109791000.0,0.0,17837000.0,-128291000.0,0.0,0.0,-110454000.0,0.0,11163000.0,157140000.0,145977000.0,231408000.0,-10579000.0,220829000.0,,,1620590090,15:54:50,20210509
18,2001-12-31,CDW,USD,2001-12-31,2001-12-31,FY,168686000,15383000.0,-3438000.0,0.0,221580000,0.0,-8915000.0,0.0,561697000.0,65299000.0,302404000.0,-22490000.0,0.0,-1990056000.0,1900790000.0,744000.0,-111012000.0,0.0,9136000.0,-98215000.0,0.0,0.0,-89079000.0,0.0,102313000.0,145977000.0,43664000.0,302404000.0,-22490000.0,279914000.0,,,1620590090,15:54:50,20210509
19,2000-12-31,CDW,USD,2000-12-31,2000-12-31,FY,162269000,10478000.0,-1866000.0,0.0,111387000,0.0,16015000.0,0.0,340117000.0,80515000.0,141823000.0,-33015000.0,0.0,-247179000.0,154380000.0,44978000.0,-125031000.0,0.0,7125000.0,0.0,0.0,0.0,7125000.0,0.0,23917000.0,43664000.0,19747000.0,141823000.0,-33015000.0,108808000.0,,,1620590090,15:54:50,20210509
20,1999-12-31,CDW,USD,1999-12-31,1999-12-31,FY,98085000,6788000.0,-1573000.0,0.0,61309000,0.0,-61825000.0,0.0,228730000.0,20832000.0,22511000.0,-9161000.0,0.0,-131587000.0,137834000.0,0.0,-9413000.0,0.0,2419000.0,0.0,0.0,0.0,2419000.0,0.0,15517000.0,19747000.0,4230000.0,22511000.0,-9161000.0,13350000.0,,,1620590090,15:54:50,20210509
21,1998-12-31,CDW,USD,1998-12-31,1998-12-31,FY,65841000,4758000.0,-720000.0,0.0,43807000,0.0,-2451000.0,0.0,167421000.0,7240000.0,4524000.0,-15110000.0,0.0,-114932000.0,112463000.0,0.0,-17579000.0,0.0,1141000.0,0.0,0.0,-2089000.0,-948000.0,0.0,-14003000.0,4230000.0,18233000.0,4524000.0,-15110000.0,-10586000.0,,,1620590090,15:54:50,20210509
22,1997-12-31,CDW,USD,1997-12-31,1997-12-31,FY,51001000,2672000.0,-1351000.0,0.0,24414000,0.0,-20479000.0,0.0,123614000.0,5229000.0,19540000.0,-17081000.0,0.0,-101155000.0,100467000.0,0.0,-17769000.0,0.0,0.0,0.0,0.0,0.0,0.0,0.0,1771000.0,18233000.0,16462000.0,19540000.0,-17081000.0,2459000.0,,,1620590090,15:54:50,20210509
23,1996-12-31,CDW,USD,1996-12-31,1996-12-31,FY,34400000,1975000.0,-3228000.0,0.0,50000000,0.0,-14040000.0,0.0,99200000.0,14490000.0,28774000.0,-11078000.0,0.0,-111482000.0,96032000.0,0.0,-26528000.0,0.0,0.0,0.0,0.0,0.0,0.0,0.0,2246000.0,16462000.0,14216000.0,28774000.0,-11078000.0,17696000.0,,,1620590090,15:54:50,20210509
24,1995-12-31,CDW,USD,1995-12-31,1995-12-31,FY,20100000,-2200000.0,-500000.0,0.0,32800000,-16000000.0,-4300000.0,3200000.0,49200000.0,4400000.0,11200000.0,-2100000.0,0.0,-63100000.0,39400000.0,0.0,-25800000.0,0.0,0.0,0.0,0.0,25800000.0,25800000.0,0.0,0.0,0.0,3000000.0,11200000.0,-2100000.0,9100000.0,,,1620590090,15:54:50,20210509
25,1994-12-31,CDW,USD,1994-12-31,1994-12-31,FY,12100000,-1700000.0,-300000.0,0.0,16400000,-11500000.0,-13900000.0,9200000.0,16400000.0,3500000.0,3600000.0,-2600000.0,0.0,-46900000.0,28100000.0,0.0,-21400000.0,0.0,0.0,0.0,0.0,16000000.0,16000000.0,0.0,0.0,0.0,4800000.0,3600000.0,-2600000.0,1000000.0,,,1620590090,15:54:50,20210509
26,1993-12-31,CDW,USD,1993-12-31,1993-12-31,FY,12600000,-1000000.0,-4100000.0,0.0,-12000000,-5000000.0,-2500000.0,-200000.0,0.0,2000000.0,-2500000.0,-200000.0,0.0,0.0,0.0,-100000.0,-300000.0,0.0,0.0,0.0,-600000.0,6900000.0,6300000.0,0.0,0.0,0.0,2200000.0,-2500000.0,-200000.0,-2700000.0,,,1620590090,15:54:50,20210509
