,date,symbol,reportedCurrency,fillingDate,acceptedDate,period,netIncome,depreciationAndAmortization,deferredIncomeTax,stockBasedCompensation,changeInWorkingCapital,accountsReceivables,inventory,accountsPayables,otherWorkingCapital,otherNonCashItems,netCashProvidedByOperatingActivities,investmentsInPropertyPlantAndEquipment,acquisitionsNet,purchasesOfInvestments,salesMaturitiesOfInvestments,otherInvestingActivites,netCashUsedForInvestingActivites,debtRepayment,commonStockIssued,commonStockRepurchased,dividendsPaid,otherFinancingActivites,netCashUsedProvidedByFinancingActivities,effectOfForexChangesOnCash,netChangeInCash,cashAtEndOfPeriod,cashAtBeginningOfPeriod,operatingCashFlow,capitalExpenditure,freeCashFlow,link,finalLink,timestamp,est_time,est_date
0,2020-12-31,INUV,USD,2021-02-11,2021-02-11 17:00:41,FY,-7304569.0,3237930.0,0.0,858683.0,7537467.538,1317508.0,0.0,-2271578.0,5802.537999999999,0.0,-5599335.0,0.0,0.0,0.0,0.0,0.0,-1185335.0,-432830.0,16432190.0,0.0,0.0,0.0,14302346.0,0.0,7517676.0,7890665.0,372989.0,-5599335.0,0.0,-5599335.0,https://www.sec.gov/Archives/edgar/data/829323/000082932321000010/0000829323-21-000010-index.htm,https://www.sec.gov/Archives/edgar/data/829323/000082932321000010/inuv-20201231.htm,1620593676,16:54:36,20210509
1,2019-12-31,INUV,USD,2020-05-12,2020-05-12 16:34:13,FY,-4488107.0,3422385.0,-334394.0,789914.0,-644454.0,0.0,0.0,0.0,-7531665.0,-3420150.0,-5338383.0,-1194164.0,0.0,0.0,0.0,0.0,-1194164.0,-448960.0,4414123.0,0.0,0.0,1511417.0,6676580.0,0.0,144033.0,372989.0,228956.0,-5338383.0,-1194164.0,-6532547.0,https://www.sec.gov/Archives/edgar/data/829323/000082932320000042/inuv-20191231.htm,https://www.sec.gov/Archives/edgar/data/829323/000082932320000042/inuv-20191231.htm,1620593676,16:54:36,20210509
2,2018-12-31,INUV,USD,2019-03-15 00:00:00,2019-03-15 16:32:13,FY,-5890832.0,3181619.0,7931.0,915469.0,-729469.0,4058591.0,0.0,-4114512.0,-6887211.0,40382.0,-2100167.0,-1634919.0,0.0,0.0,0.0,0.0,-1634919.0,-5111671.0,2000583.0,0.0,0.0,1740444.0,-120644.0,0.0,-3855730.0,228956.0,4084686.0,-2100167.0,-1634919.0,-3735086.0,https://www.sec.gov/Archives/edgar/data/829323/000082932319000032/0000829323-19-000032-index.html,https://www.sec.gov/Archives/edgar/data/829323/000082932319000032/a10-kdecember312018.htm,1620593676,16:54:36,20210509
3,2017-12-31,INUV,USD,2018-02-08 00:00:00,2018-02-08 17:06:41,FY,-3057700.0,3029801.0,-1406600.0,1279807.0,-6013369.0,-1216611.0,0.0,437241.0,-6157742.0,26709.0,-1148281.0,-1558693.0,0.0,0.0,0.0,0.0,-1322930.0,-158782.0,0.0,-44772.0,0.0,-2087353.0,2609093.0,0.0,137882.0,4084686.0,3946804.0,-1148281.0,-1558693.0,-2706974.0,https://www.sec.gov/Archives/edgar/data/829323/000082932318000008/0000829323-18-000008-index.html,https://www.sec.gov/Archives/edgar/data/829323/000082932318000008/a10-kdecember312017.htm,1620593676,16:54:36,20210509
4,2016-12-31,INUV,USD,2017-02-16 00:00:00,2017-02-16 16:39:08,FY,-772584.0,2209738.0,-61100.0,1264266.0,1484940.0,-583082.0,0.0,-622548.0,-144373.0,-151388.0,1053019.0,-1116371.0,0.0,0.0,0.0,0.0,-1116371.0,-7996313.0,0.0,-22499.0,0.0,-178236.0,-247048.0,0.0,-310400.0,3946804.0,4257204.0,1053019.0,-1116371.0,-63352.0,https://www.sec.gov/Archives/edgar/data/829323/000082932317000010/0000829323-17-000010-index.html,https://www.sec.gov/Archives/edgar/data/829323/000082932317000010/a10-kdecember312016.htm,1620593676,16:54:36,20210509
5,2015-12-31,INUV,USD,2016-02-12 00:00:00,2016-02-12 11:26:54,FY,2339774.0,1807350.0,-172973.0,707544.0,-394988.0,-2001613.0,0.0,4545906.0,-1629313.0,-39947.0,6106272.0,-1525888.0,0.0,0.0,0.0,0.0,-1525888.0,-7702697.0,0.0,0.0,0.0,-335008.0,-4037705.0,0.0,542679.0,4257204.0,3714525.0,6106272.0,-1525888.0,4580384.0,https://www.sec.gov/Archives/edgar/data/829323/000082932316000064/0000829323-16-000064-index.html,https://www.sec.gov/Archives/edgar/data/829323/000082932316000064/a10-kdecember312015.htm,1620593676,16:54:36,20210509
6,2014-12-31,INUV,USD,2015-02-09,2015-02-09 15:47:17,FY,2105114.0,1749538.0,0.0,991948.0,2653349.0,-1519421.0,0.0,-518881.0,-1234325.0,26369.0,3943793.0,-839867.0,0.0,0.0,0.0,0.0,-839867.0,-7120449.0,0.0,0.0,0.0,43895.0,-2526554.0,0.0,577372.0,3714525.0,3137153.0,3943793.0,-839867.0,3103926.0,https://www.sec.gov/Archives/edgar/data/829323/000082932315000014/a10-kdecember312014.htm,https://www.sec.gov/Archives/edgar/data/829323/000082932315000014/a10-kdecember312014.htm,1620593676,16:54:36,20210509
7,2013-12-31,INUV,USD,2014-03-10,2014-03-10 17:19:40,FY,477216.0,3055182.0,-310097.0,686745.0,-421996.0,1961574.0,0.0,-3501924.0,-3887674.0,-426140.0,1809623.0,-677526.0,0.0,0.0,0.0,0.0,-677526.0,-8939302.0,0.0,0.0,0.0,336658.0,-1375544.0,-418.0,-243865.0,3137153.0,3381018.0,1809623.0,-677526.0,1132097.0,https://www.sec.gov/Archives/edgar/data/829323/000082932314000012/a10-kdecember312013.htm,https://www.sec.gov/Archives/edgar/data/829323/000082932314000012/a10-kdecember312013.htm,1620593676,16:54:36,20210509
8,2012-12-31,INUV,USD,2013-03-13 00:00:00,2013-03-13 17:24:34,FY,-7022845.0,7321679.0,-444000.0,842752.0,-1451041.0,1811832.0,0.0,244396.0,-3465678.0,98223.0,990674.0,-894415.0,2000000.0,0.0,0.0,0.0,-1527342.0,-5995315.0,0.0,0.0,0.0,-400572.0,3912855.0,418.0,3376605.0,3381018.0,4413.0,990674.0,-3959984.0,-2969310.0,https://www.sec.gov/Archives/edgar/data/829323/000144530513000597/0001445305-13-000597-index.html,https://www.sec.gov/Archives/edgar/data/829323/000144530513000597/inuv-20121231x10k.htm,1620593676,16:54:36,20210509
9,2011-12-31,INUV,USD,2012-03-29 00:00:00,2012-03-29 17:20:16,FY,-8976371.0,4213771.0,0.0,1530487.0,2312942.0,-1008991.0,0.0,0.0,-2014637.0,605993.0,-522236.0,-462114.0,0.0,0.0,0.0,0.0,-3029143.0,-6373296.0,2635796.0,0.0,0.0,-130025.0,3437231.0,0.0,-114148.0,4413.0,118561.0,-522236.0,-3029143.0,-3551379.0,https://www.sec.gov/Archives/edgar/data/829323/000135448812001498/0001354488-12-001498-index.html,https://www.sec.gov/Archives/edgar/data/829323/000135448812001498/inuv_10k.htm,1620593676,16:54:36,20210509
10,2010-12-31,INUV,USD,2011-03-30,2011-03-30 11:02:53,FY,-5006249.0,5067982.0,0.0,790304.0,-6194219.0,-320384.0,0.0,1048511.0,-4327579.0,492290.0,3346984.0,-659451.0,0.0,0.0,0.0,0.0,-1649108.0,-46489443.0,0.0,0.0,0.0,0.0,-6422443.0,0.0,-4724567.0,118561.0,4843128.0,3346984.0,-3104049.0,242935.0,https://www.sec.gov/Archives/edgar/data/829323/000135448811000983/inuv_10k.htm,https://www.sec.gov/Archives/edgar/data/829323/000135448811000983/inuv_10k.htm,1620593676,16:54:36,20210509
11,2009-12-31,INUV,USD,2010-03-31 00:00:00,2010-03-31 09:50:44,FY,-5391114.0,5704004.0,0.0,434827.0,-238120.0,2548432.0,0.0,-587317.0,1866640.0,304598.0,4677543.0,-1376790.0,0.0,0.0,0.0,749985.0,-2726702.0,-44126517.0,4674433.0,0.0,0.0,0.0,2531972.0,0.0,4482813.0,4843128.0,360315.0,4677543.0,-1376790.0,3300753.0,https://www.sec.gov/Archives/edgar/data/829323/000111650210000266/0001116502-10-000266-index.html,https://www.sec.gov/Archives/edgar/data/829323/000111650210000266/inuv_10k.htm,1620593676,16:54:36,20210509
12,2008-12-31,INUV,USD,2009-03-31 00:00:00,2009-03-31 08:01:24,FY,-82850281.0,8210433.0,-3022347.0,-823673.0,-6343281.0,403443.0,0.0,2167685.0,2104760.0,1986664.0,6055906.0,-2230173.0,0.0,0.0,0.0,9082.0,-5479002.0,-42742295.0,0.0,-160375.0,0.0,13000.0,-2788442.0,-6393.0,-2217931.0,360315.0,2578246.0,6055906.0,-2230173.0,3825733.0,https://www.sec.gov/Archives/edgar/data/829323/000111650209000485/0001116502-09-000485-index.html,https://www.sec.gov/Archives/edgar/data/829323/000111650209000485/kowabunga10k.htm,1620593676,16:54:36,20210509
13,2007-12-31,INUV,USD,2008-03-31,2008-03-31 06:16:02,FY,-1107825.0,8748398.0,-1623801.0,0.0,2425329.0,0.0,0.0,0.0,8448041.0,900801.0,3981958.0,-5717744.0,-3000000.0,0.0,0.0,-89418.0,-5807162.0,0.0,229845.0,0.0,-279917.0,950133.0,1347858.0,24104.0,-453242.0,2578246.0,3031488.0,3981958.0,-5717744.0,-1735786.0,https://www.sec.gov/Archives/edgar/data/829323/000135448808000411/thinkpartnership10k.htm,https://www.sec.gov/Archives/edgar/data/829323/000135448808000411/thinkpartnership10k.htm,1620593676,16:54:36,20210509
14,2006-12-31,INUV,USD,2007-03-29,2007-03-29 16:14:23,FY,565191.0,6427826.0,679647.0,0.0,4408607.0,0.0,0.0,0.0,6022712.0,-1022358.0,1687748.0,-3831235.0,-29000000.0,0.0,0.0,393178.0,-30473293.0,0.0,24881895.0,0.0,-1112944.0,1432444.0,29211970.0,-4051.0,422374.0,3031488.0,2609114.0,1687748.0,-3831235.0,-2143487.0,https://www.sec.gov/Archives/edgar/data/829323/000135448807000385/f10kver5.htm,https://www.sec.gov/Archives/edgar/data/829323/000135448807000385/f10kver5.htm,1620593676,16:54:36,20210509
15,2005-12-31,INUV,USD,2006-03-31,2006-03-31 16:54:11,FY,-3621.0,2226462.0,-73788.0,0.0,-17572516.0,0.0,0.0,0.0,1614105.0,0.0,239221.0,-1702401.0,-19000000.0,0.0,0.0,-308088.0,-21326279.0,0.0,0.0,-61209.0,0.0,0.0,6535652.0,0.0,-14551406.0,2609114.0,17160520.0,239221.0,-1702401.0,-1463180.0,https://www.sec.gov/Archives/edgar/data/829323/000110465906021360/a06-8019_110ksb.htm,https://www.sec.gov/Archives/edgar/data/829323/000110465906021360/a06-8019_110ksb.htm,1620593676,16:54:36,20210509
16,2004-12-31,INUV,USD,2006-01-31,2006-01-31 10:25:27,FY,2939966.0,297961.0,1115669.0,0.0,18826451.0,0.0,0.0,0.0,19186621.0,0.0,2584273.0,-1203136.0,0.0,0.0,0.0,524690.0,-678446.0,0.0,17149266.0,0.0,0.0,0.0,14951549.0,0.0,16857376.0,17160520.0,303144.0,2584273.0,-1203136.0,1381137.0,https://www.sec.gov/Archives/edgar/data/829323/000110465906004910/a06-3893_110ksba.htm,https://www.sec.gov/Archives/edgar/data/829323/000110465906004910/a06-3893_110ksba.htm,1620593676,16:54:36,20210509
17,2003-12-31,INUV,USD,2003-12-31,2003-12-31,FY,319567.0,26470.0,-725733.0,0.0,908680.0,0.0,0.0,0.0,360170.0,0.0,217983.0,-3285.0,0.0,-100000.0,58014.0,0.0,-45271.0,0.0,100769.0,0.0,0.0,-25485.0,61487.0,0.0,234199.0,303144.0,68945.0,217983.0,-3285.0,214698.0,,,1620593676,16:54:36,20210509
18,2002-12-31,INUV,USD,2002-12-31,2002-12-31,FY,-2468741.0,2496150.0,-579578.0,0.0,-1014718.0,0.0,31686.0,0.0,-548510.0,0.0,-468232.0,-39174.0,0.0,0.0,0.0,-190000.0,-256723.0,0.0,134040.0,-140000.0,0.0,0.0,720782.0,0.0,-4173.0,68945.0,73118.0,-468232.0,-39174.0,-507406.0,,,1620593676,16:54:36,20210509
