,date,symbol,reportedCurrency,fillingDate,acceptedDate,period,netIncome,depreciationAndAmortization,deferredIncomeTax,stockBasedCompensation,changeInWorkingCapital,accountsReceivables,inventory,accountsPayables,otherWorkingCapital,otherNonCashItems,netCashProvidedByOperatingActivities,investmentsInPropertyPlantAndEquipment,acquisitionsNet,purchasesOfInvestments,salesMaturitiesOfInvestments,otherInvestingActivites,netCashUsedForInvestingActivites,debtRepayment,commonStockIssued,commonStockRepurchased,dividendsPaid,otherFinancingActivites,netCashUsedProvidedByFinancingActivities,effectOfForexChangesOnCash,netChangeInCash,cashAtEndOfPeriod,cashAtBeginningOfPeriod,operatingCashFlow,capitalExpenditure,freeCashFlow,link,finalLink,timestamp,est_time,est_date
0,2020-12-31,GWW,USD,2021-02-24,2021-02-24 17:03:46,FY,695000000,182000000,-5000000.0,46000000.0,601000000,-121000000.0,-158000000.0,80000000.0,2478000000,0.0,1123000000,-197000000.0,20000000.0,0.0,0.0,-2000000.0,-179000000,-1435000000.0,0.0,-601000000.0,-338000000,-18000000.0,-726000000,7000000.0,225000000.0,585000000.0,360000000.0,1123000000,-197000000,926000000,https://www.sec.gov/Archives/edgar/data/277135/000027713521000007/0000277135-21-000007-index.htm,https://www.sec.gov/Archives/edgar/data/277135/000027713521000007/gww-20201231.htm,1620592910,16:41:50,20210509
1,2019-12-31,GWW,USD,2020-02-20,2020-02-20 07:54:17,FY,849000000,229000000,4000000.0,40000000.0,-179000000,-42000000.0,-106000000.0,32000000.0,1877000000,0.0,1042000000,0.0,17000000.0,0.0,0.0,17000000.0,-202000000,-57000000.0,0.0,-700000000.0,-328000000,-7000000.0,-1023000000,5000000.0,-178000000.0,360000000.0,538000000.0,1042000000,-221000000,821000000,https://www.sec.gov/Archives/edgar/data/277135/000027713520000007/0000277135-20-000007-index.htm,https://www.sec.gov/Archives/edgar/data/277135/000027713520000007/gww20191231-10k.htm,1620592910,16:41:50,20210509
2,2018-12-31,GWW,USD,2019-02-28,2019-02-28 16:51:08,FY,782000000,257000000,7000000.0,47000000.0,356672000,-79000000.0,-129000000.0,-51000000.0,2056000000,8000000.0,1057000000,-239000000.0,86000000.0,0.0,0.0,86000000.0,-166000000,-127000000.0,0.0,-425000000.0,-316000000,-9000000.0,-670000000,-10000000.0,211000000.0,538000000.0,327000000.0,1057000000,-239000000,818000000,https://www.sec.gov/Archives/edgar/data/277135/000027713519000010/0000277135-19-000010-index.htm,https://www.sec.gov/Archives/edgar/data/277135/000027713519000010/gww20181231-10k.htm,1620592910,16:41:50,20210509
3,2017-12-31,GWW,USD,2018-02-26,2018-02-26 17:02:16,FY,585730000,264064000,-5048000.0,32661000.0,308036000,-103126000.0,-4915000.0,72332000.0,1699328000,-400000.0,1056557000,-237283000.0,0.0,0.0,0.0,125954000.0,-146083000,-452323000.0,0.0,-605431000.0,-304473000,-27884000.0,-867148000,9404000.0,52730000.0,326876000.0,274146000.0,1056557000,-237283000,819274000,https://www.sec.gov/Archives/edgar/data/277135/000027713518000007/0000277135-18-000007-index.htm,https://www.sec.gov/Archives/edgar/data/277135/000027713518000007/gww20171231-10k.htm,1620592910,16:41:50,20210509
4,2016-12-31,GWW,USD,2017-02-28,2017-02-28 17:20:59,FY,605928000,248857000,-5884000.0,35735000.0,131184000,-45600000.0,-4403000.0,72882000.0,1391292000,-10281000.0,1002976000,-284249000.0,0.0,0.0,0.0,56247000.0,-262264000,-299606000.0,0.0,-789773000.0,-302971000,11905000.0,-754532000,-2170000.0,-15990000.0,274146000.0,290136000.0,1002976000,-284249000,718727000,https://www.sec.gov/Archives/edgar/data/277135/000027713517000007/0000277135-17-000007-index.htm,https://www.sec.gov/Archives/edgar/data/277135/000027713517000007/gww20161231-10k.htm,1620592910,16:41:50,20210509
5,2015-12-31,GWW,USD,2016-02-29,2016-02-29 12:10:31,FY,768996000,227967000,4076000.0,46861000.0,-445725000,-3085000.0,-37737000.0,23130000.0,1260108000,-5872000.0,989904000,-373868000.0,-464000000.0,0.0,0.0,15323000.0,-843358000,-131397000.0,0.0,-1400071000.0,-306474000,27553000.0,-62551000,-20503000.0,63492000.0,290136000.0,226644000.0,989904000,-373868000,616036000,https://www.sec.gov/Archives/edgar/data/277135/000027713516000037/0000277135-16-000037-index.htm,https://www.sec.gov/Archives/edgar/data/277135/000027713516000037/gww20151231-10k.htm,1620592910,16:41:50,20210509
6,2014-12-31,GWW,USD,2015-02-27,2015-02-27 14:22:14,FY,801729000,208326000,-13732000.0,49032000.0,-142662000,-122580000.0,-92443000.0,32019000.0,1705833000,-1421000.0,959814000,-387390000.0,-31000000.0,0.0,0.0,34045000.0,-384058000,-288184000.0,0.0,-525120000.0,-291395000,33772000.0,-758123000,-21633000.0,-204000000.0,226644000.0,430644000.0,959814000,-387390000,572424000,https://www.sec.gov/Archives/edgar/data/277135/000027713515000005/0000277135-15-000005-index.htm,https://www.sec.gov/Archives/edgar/data/277135/000027713515000005/gww20141231-10k.htm,1620592910,16:41:50,20210509
7,2013-12-31,GWW,USD,2014-02-27,2014-02-27 11:26:35,FY,797036000,180613000,-9319000.0,55590000.0,27858000,-126465000.0,-23636000.0,71118000.0,1848495000,-3361000.0,986498000,-272145000.0,-154000000.0,0.0,0.0,-68000.0,-399427000,-171131000.0,0.0,-438473000.0,-255466000,59984000.0,-590869000,-17621000.0,-21419000.0,430644000.0,452063000.0,986498000,-272145000,714353000,https://www.sec.gov/Archives/edgar/data/277135/000027713514000008/0000277135-14-000008-index.htm,https://www.sec.gov/Archives/edgar/data/277135/000027713514000008/gww20131231-10k.htm,1620592910,16:41:50,20210509
8,2012-12-31,GWW,USD,2013-02-28,2013-02-27 18:32:43,FY,689881000,159049000,12343000.0,55500000.0,513662000,-45953000.0,-14872000.0,-54314000.0,1820637000,9970000.0,816195000,-249860000.0,-65000000.0,0.0,0.0,482000.0,-305656000,-424956000.0,0.0,-340532000.0,-220077000,57885000.0,-394436000,469000.0,116572000.0,452063000.0,335491000.0,816195000,-249860000,566335000,https://www.sec.gov/Archives/edgar/data/277135/000027713513000009/0000277135-13-000009-index.htm,https://www.sec.gov/Archives/edgar/data/277135/000027713513000009/gww20121231-10k.htm,1620592910,16:41:50,20210509
9,2011-12-31,GWW,USD,2012-02-28,2012-02-27 17:34:36,FY,658423000,149200000,1666000.0,54020000.0,-61793000,-85083000.0,-219680000.0,86395000.0,1306975000,7059000.0,746108000,-196942000.0,-359000000.0,0.0,0.0,13892000.0,-535068000,-373621000.0,0.0,-151082000.0,-180527000,52098000.0,-177446000,-11557000.0,22037000.0,335491000.0,313454000.0,746108000,-196942000,549166000,https://www.sec.gov/Archives/edgar/data/277135/000027713512000008/0000277135-12-000008-index.htm,https://www.sec.gov/Archives/edgar/data/277135/000027713512000008/gww20111231-10k.htm,1620592910,16:41:50,20210509
10,2010-12-31,GWW,USD,2011-02-28,2011-02-28 16:12:08,FY,510865000,149678000,-5553000.0,49796000.0,14052000,-127790000.0,-80545000.0,36219000.0,1368768000,3663000.0,596445000,-120616000.0,-62000000.0,0.0,0.0,13529000.0,-169159000,-268921000.0,0.0,-504803000.0,-152338000,25650000.0,-578587000,4884000.0,-146417000.0,313454000.0,459871000.0,596445000,-120616000,475829000,https://www.sec.gov/Archives/edgar/data/277135/000027713511000011/0000277135-11-000011-index.htm,https://www.sec.gov/Archives/edgar/data/277135/000027713511000011/form10k123110.htm,1620592910,16:41:50,20210509
11,2009-12-31,GWW,USD,2010-02-25,2010-02-25 11:09:46,FY,430466000,147531000,21683000.0,40407000.0,-27659000,2794000.0,175286000.0,-16736000.0,1354716000,-35198000.0,732396000,-142414000.0,-123000000.0,0.0,0.0,1260000.0,-262563000,-62439000.0,0.0,-372727000.0,-134684000,19030000.0,-413530000,7278000.0,63581000.0,459871000.0,396290000.0,732396000,-142414000,589982000,https://www.sec.gov/Archives/edgar/data/277135/000027713510000011/0000277135-10-000011-index.htm,https://www.sec.gov/Archives/edgar/data/277135/000027713510000011/form10k123109.htm,1620592910,16:41:50,20210509
12,2008-12-31,GWW,USD,2009-02-27,2009-02-26 18:07:55,FY,475355000,139570000,5182000.0,45945000.0,407961000,-5592000.0,-92518000.0,-6960000.0,1382375000,19956000.0,530066000,-182678000.0,-34000000.0,-6487000.0,19848000.0,-351000.0,-202635000,-111384000.0,0.0,-394247000.0,-121504000,13533000.0,-36810000,-7768000.0,282853000.0,396290000.0,113437000.0,530066000,-194975000,335091000,https://www.sec.gov/Archives/edgar/data/277135/000027713509000005/0000277135-09-000005-index.htm,https://www.sec.gov/Archives/edgar/data/277135/000027713509000005/form10k123108.htm,1620592910,16:41:50,20210509
13,2007-12-31,GWW,USD,2008-02-27,2008-02-27 15:16:41,FY,420120000,131999000,-18632000.0,0.0,-181349000,0.0,-97234000.0,0.0,974414000,54180000.0,468875000,-197423000.0,-9000000.0,-17079000.0,12765000.0,-2606000.0,-196957000,0.0,0.0,-647293000.0,-113093000,144196000.0,-513887000,6935000.0,-235034000.0,113437000.0,348471000.0,468875000,-197423000,271452000,https://www.sec.gov/Archives/edgar/data/277135/000027713508000006/0000277135-08-000006-index.htm,https://www.sec.gov/Archives/edgar/data/277135/000027713508000006/form10k2007.htm,1620592910,16:41:50,20210509
14,2006-12-31,GWW,USD,2007-02-27,2007-02-27 16:08:54,FY,383399000,118568000,9858000.0,0.0,-115141000,0.0,-33839000.0,0.0,1155763000,41374000.0,436753000,-136764000.0,-34000000.0,-13187000.0,27843000.0,-562000.0,-139746000,0.0,64437000.0,-472787000.0,-97896000,13373000.0,-492873000,-557000.0,-196423000.0,348471000.0,544894000.0,436753000,-136764000,299989000,https://www.sec.gov/Archives/edgar/data/277135/000027713507000010/0000277135-07-000010-index.htm,https://www.sec.gov/Archives/edgar/data/277135/000027713507000010/form10k2006.htm,1620592910,16:41:50,20210509
15,2005-12-31,GWW,USD,2006-03-06,2006-03-03 19:12:50,FY,346324000,108782000,23663000.0,0.0,178625000,0.0,-84031000.0,0.0,1270904000,7733000.0,432543000,-112297000.0,-25000000.0,0.0,0.0,-40908000.0,-162985000,0.0,65997000.0,-137473000.0,-82663000,0.0,-154139000,229000.0,115648000.0,544894000.0,429246000.0,432543000,-112297000,320246000,https://www.sec.gov/Archives/edgar/data/277135/000027713506000013/0000277135-06-000013-index.htm,https://www.sec.gov/Archives/edgar/data/277135/000027713506000013/form10k2005.htm,1620592910,16:41:50,20210509
16,2004-12-31,GWW,USD,2005-02-28,2005-02-28 16:22:08,FY,286923000,98256000,-4450000.0,0.0,165506000,0.0,-30728000.0,0.0,1092279000,3034000.0,406487000,-128276000.0,0.0,0.0,50000.0,-31782000.0,-142392000,0.0,72275000.0,-100872000.0,-71243000,0.0,-240640000,2967000.0,26422000.0,429246000.0,402824000.0,406487000,-128276000,278211000,https://www.sec.gov/Archives/edgar/data/277135/000027713505000008/0000277135-05-000008-index.htm,https://www.sec.gov/Archives/edgar/data/277135/000027713505000008/form10k2004.htm,1620592910,16:41:50,20210509
17,2003-12-31,GWW,USD,2004-03-10,2004-03-10 16:27:20,FY,226971000,90253000,5382000.0,0.0,28092000,0.0,83530000.0,0.0,926773000,1938000.0,394108000,-74064000.0,0.0,0.0,6115000.0,-12763000.0,-105281000,0.0,15171000.0,-41204000.0,-67281000,0.0,-97878000,3347000.0,194296000.0,402824000.0,208528000.0,394108000,-74064000,320044000,https://www.sec.gov/Archives/edgar/data/277135/000027713504000007/0000277135-04-000007-index.htm,https://www.sec.gov/Archives/edgar/data/277135/000027713504000007/form10k2003.htm,1620592910,16:41:50,20210509
18,2002-12-31,GWW,USD,2003-03-20,2003-03-20 08:40:11,FY,211567000,93488000,-6480000.0,0.0,59881000,0.0,-97297000.0,0.0,898681000,4009000.0,303470000,-133978000.0,0.0,0.0,15957000.0,-3895000.0,-105758000,0.0,17076000.0,-99882000.0,-66467000,0.0,-158053000,23000.0,39682000.0,208528000.0,168846000.0,303470000,-133978000,169492000,https://www.sec.gov/Archives/edgar/data/277135/000027713503000003/0000277135-03-000003-index.htm,https://www.sec.gov/Archives/edgar/data/277135/000027713503000003/form10k2002.htm,1620592910,16:41:50,20210509
19,2001-12-31,GWW,USD,2001-12-31,2001-12-31,FY,174530000,103209000,-6853000.0,0.0,103122000,0.0,66446000.0,0.0,838800000,3970000.0,510794000,-100451000.0,0.0,0.0,1015000.0,-12301000.0,-115677000,0.0,32347000.0,-74631000.0,-65445000,-91000.0,-287082000,-2573000.0,105462000.0,168846000.0,63384000.0,510794000,-100451000,410343000,,,1620592910,16:41:50,20210509
20,2000-12-31,GWW,USD,2000-12-31,2000-12-31,FY,192903000,106893000,-21077000.0,0.0,135078000,0.0,54468000.0,0.0,735678000,2322000.0,277757000,-94913000.0,0.0,-5000000.0,31665000.0,-27636000.0,-94183000,0.0,6011000.0,-947000.0,-62863000,100000.0,-181067000,-1806000.0,701000.0,63384000.0,62683000.0,277757000,-94913000,182844000,,,1620592910,16:41:50,20210509
21,1999-12-31,GWW,USD,1999-12-31,1999-12-31,FY,180700000,98200000,-5300000.0,0.0,58700000,0.0,-135800000.0,0.0,600600000,0.0,29700000,-114100000.0,0.0,-18500000.0,0.0,-21200000.0,-149400000,0.0,1200000.0,-15300000.0,-58800000,3400000.0,139200000,0.0,19500000.0,62700000.0,43200000.0,29700000,-114100000,-84400000,,,1620592910,16:41:50,20210509
22,1998-12-31,GWW,USD,1999-03-26 00:00:00,1999-03-26 00:00:00,FY,238500000,78900000,-7900000.0,0.0,-107200000,0.0,-14600000.0,0.0,541900000,1300000.0,334600000,-130200000.0,0.0,0.0,0.0,-50400000.0,-176300000,0.0,4600000.0,-194000000.0,-56700000,0.0,-162100000,0.0,-3800000.0,43100000.0,46900000.0,334600000,-130200000,204400000,https://www.sec.gov/Archives/edgar/data/277135/000027713599000003/0000277135-99-000003-index.html,https://www.sec.gov/Archives/edgar/data/277135/0000277135-99-000003.txt,1620592910,16:41:50,20210509
23,1997-12-31,GWW,USD,1997-12-31,1997-12-31,FY,231800000,79700000,2200000.0,0.0,-55000000,0.0,74800000.0,0.0,649100000,2400000.0,426100000,-108300000.0,0.0,0.0,0.0,2100000.0,-103100000,0.0,2200000.0,-346800000.0,-53900000,3800000.0,-402900000,0.0,0.0,0.0,126900000.0,426100000,-108300000,317800000,,,1620592910,16:41:50,20210509
24,1996-12-31,GWW,USD,1996-12-31,1996-12-31,FY,208500000,74300000,100000.0,0.0,85500000,0.0,-7400000.0,0.0,704100000,2300000.0,271400000,-62100000.0,0.0,0.0,0.0,-138000000.0,-191100000,0.0,2900000.0,-32100000.0,-50000000,3600000.0,35100000,0.0,0.0,0.0,11500000.0,271400000,-62100000,209300000,,,1620592910,16:41:50,20210509
25,1995-12-31,GWW,USD,1996-03-25 00:00:00,1996-03-25 00:00:00,FY,186700000,70900000,-5500000.0,0.0,114100000,0.0,-82700000.0,0.0,618600000,200000.0,126300000,-111900000.0,0.0,0.0,0.0,400000.0,-106600000,0.0,2100000.0,0.0,-45200000,2700000.0,-23500000,0.0,0.0,0.0,15300000.0,126300000,-111900000,14400000,https://www.sec.gov/Archives/edgar/data/277135/000027713596000004/0000277135-96-000004-index.html,https://www.sec.gov/Archives/edgar/data/277135/0000277135-96-000004.txt,1620592910,16:41:50,20210509
26,1994-12-31,GWW,USD,1995-03-27 00:00:00,1995-03-27 00:00:00,FY,127900000,66700000,-31800000.0,0.0,-49800000,0.0,-70100000.0,0.0,504500000,100000.0,191400000,-120400000.0,0.0,0.0,0.0,-200000.0,-118000000,0.0,1200000.0,0.0,-39600000,1400000.0,-60600000,0.0,0.0,0.0,2600000.0,191400000,-120400000,71000000,https://www.sec.gov/Archives/edgar/data/277135/000027713595000007/0000277135-95-000007-index.html,https://www.sec.gov/Archives/edgar/data/277135/0000277135-95-000007.txt,1620592910,16:41:50,20210509
