,date,symbol,reportedCurrency,fillingDate,acceptedDate,period,netIncome,depreciationAndAmortization,deferredIncomeTax,stockBasedCompensation,changeInWorkingCapital,accountsReceivables,inventory,accountsPayables,otherWorkingCapital,otherNonCashItems,netCashProvidedByOperatingActivities,investmentsInPropertyPlantAndEquipment,acquisitionsNet,purchasesOfInvestments,salesMaturitiesOfInvestments,otherInvestingActivites,netCashUsedForInvestingActivites,debtRepayment,commonStockIssued,commonStockRepurchased,dividendsPaid,otherFinancingActivites,netCashUsedProvidedByFinancingActivities,effectOfForexChangesOnCash,netChangeInCash,cashAtEndOfPeriod,cashAtBeginningOfPeriod,operatingCashFlow,capitalExpenditure,freeCashFlow,link,finalLink,timestamp,est_time,est_date
0,2019-12-31,GCC,USD,2020-02-21 00:00:00,2020-02-21 16:07:18,FY,9581641.0,0.0,0.0,0.0,188302.0,0.0,0.0,-15502.0,1730680.0,0.0,23580732.0,0.0,0.0,0.0,0.0,10193423.0,10193423.0,0.0,0.0,-5922177.0,0.0,-21929801.0,-27851978.0,0.0,5922177.0,5922177.0,0.0,23580732.0,0.0,23580732.0,https://www.sec.gov/Archives/edgar/data/1379606/000119312520044721/0001193125-20-044721-index.html,https://www.sec.gov/Archives/edgar/data/1379527/000119312520044721/d878394d10k.htm,1620592425,16:33:45,20210509
1,2018-12-31,GCC,USD,2019-02-28 00:00:00,2019-02-28 16:11:22,FY,-15942978.0,0.0,0.0,0.0,-2611902.0,0.0,0.0,-1920.0,1542378.0,0.0,-8132418.0,0.0,0.0,0.0,0.0,0.0,0.0,0.0,0.0,-10193423.0,0.0,17286272.0,7092849.0,0.0,-1039569.0,10193423.0,11232992.0,-8132418.0,0.0,-8132418.0,https://www.sec.gov/Archives/edgar/data/1379606/000119312519057435/0001193125-19-057435-index.html,https://www.sec.gov/Archives/edgar/data/1379527/000119312519057435/d658324d10k.htm,1620592425,16:33:45,20210509
2,2017-12-31,GCC,USD,2018-02-28 00:00:00,2018-02-28 16:06:03,FY,-1452058.0,0.0,0.0,0.0,-4584242.0,0.0,0.0,-61360.0,4154280.0,0.0,52907005.0,0.0,0.0,0.0,0.0,0.0,0.0,0.0,0.0,-11232992.0,0.0,-52019236.0,-63252228.0,0.0,-10345223.0,11232992.0,21578215.0,52907005.0,0.0,52907005.0,https://www.sec.gov/Archives/edgar/data/1379606/000119312518063946/0001193125-18-063946-index.html,https://www.sec.gov/Archives/edgar/data/1379527/000119312518063946/d529925d10k.htm,1620592425,16:33:45,20210509
3,2016-12-31,GCC,USD,2017-02-27 00:00:00,2017-02-27 17:24:15,FY,8864877.0,0.0,0.0,0.0,-74701485.0,0.0,0.0,-8316.0,8738522.0,0.0,-48138985.0,0.0,0.0,0.0,0.0,0.0,0.0,0.0,0.0,-21578215.0,0.0,7855408.0,-13722807.0,0.0,-61861792.0,21578215.0,83440007.0,-48138985.0,0.0,-48138985.0,https://www.sec.gov/Archives/edgar/data/1379606/000119312517059316/0001193125-17-059316-index.html,https://www.sec.gov/Archives/edgar/data/1379527/000119312517059316/d280074d10k.htm,1620592425,16:33:45,20210509
4,2015-12-31,GCC,USD,2016-03-15 00:00:00,2016-03-15 12:14:26,FY,-38779345.0,0.0,0.0,0.0,-10993067.0,0.0,0.0,0.0,83440007.0,0.0,-15669420.0,0.0,0.0,0.0,0.0,0.0,0.0,0.0,0.0,-83440007.0,0.0,69124902.0,-14315105.0,0.0,-29984525.0,83440007.0,113424532.0,-15669420.0,0.0,-15669420.0,https://www.sec.gov/Archives/edgar/data/1379606/000157104916013038/0001571049-16-013038-index.html,https://www.sec.gov/Archives/edgar/data/1379527/000157104916013038/t1600116_10k.htm,1620592425,16:33:45,20210509
5,2014-12-31,GCC,USD,2014-12-31,2014-12-31,FY,-49238972.0,0.0,0.0,0.0,-29984525.0,0.0,0.0,0.0,94433074.0,0.0,211911239.0,0.0,0.0,0.0,0.0,0.0,0.0,0.0,0.0,-94433074.0,0.0,-15271192.0,-109704266.0,0.0,102206973.0,94433074.0,-7773899.0,211911239.0,0.0,211911239.0,,,1620592425,16:33:45,20210509
6,2013-12-31,GCC,USD,2014-03-04,2014-03-04 16:27:35,FY,-27402292.0,0.0,0.0,0.0,102206973.0,0.0,0.0,0.0,124417599.0,0.0,-520551140.0,0.0,0.0,0.0,0.0,0.0,0.0,0.0,0.0,-124417599.0,0.0,48099871.0,-76317728.0,0.0,-596868868.0,124417599.0,721286467.0,-520551140.0,0.0,-520551140.0,https://www.sec.gov/Archives/edgar/data/1379606/000118811214000573/0001188112-14-000573-index.htm,https://www.sec.gov/Archives/edgar/data/1379527/000118811214000573/t78171_10k.htm,1620592425,16:33:45,20210509
7,2012-12-31,GCC,USD,2013-02-26 00:00:00,2013-02-26 16:35:17,FY,0.0,0.0,0.0,0.0,-596868868.0,0.0,0.0,0.0,22210626.0,0.0,-517721244.0,0.0,0.0,0.0,0.0,0.0,0.0,0.0,0.0,-22210626.0,0.0,-56936998.0,-79147624.0,0.0,-596868868.0,22210626.0,619079494.0,-517721244.0,0.0,-517721244.0,https://www.sec.gov/Archives/edgar/data/1379606/000118811213000497/0001188112-13-000497-index.html,https://www.sec.gov/Archives/edgar/data/1379527/000118811213000497/t75465_10k.htm,1620592425,16:33:45,20210509
8,2011-12-31,GCC,USD,2012-02-28 00:00:00,2012-02-28 17:27:09,FY,-73765925.0,0.0,0.0,0.0,0.0,0.0,0.0,0.0,619079494.0,0.0,492031089.0,0.0,0.0,0.0,0.0,0.0,0.0,0.0,0.0,-619079494.0,0.0,739640380.0,120560886.0,0.0,612591975.0,619079494.0,6487519.0,492031089.0,0.0,492031089.0,https://www.sec.gov/Archives/edgar/data/1379606/000118811212000528/0001188112-12-000528-index.html,https://www.sec.gov/Archives/edgar/data/1379527/000118811212000528/t72436_10k.htm,1620592425,16:33:45,20210509
