,date,symbol,reportedCurrency,fillingDate,acceptedDate,period,netIncome,depreciationAndAmortization,deferredIncomeTax,stockBasedCompensation,changeInWorkingCapital,accountsReceivables,inventory,accountsPayables,otherWorkingCapital,otherNonCashItems,netCashProvidedByOperatingActivities,investmentsInPropertyPlantAndEquipment,acquisitionsNet,purchasesOfInvestments,salesMaturitiesOfInvestments,otherInvestingActivites,netCashUsedForInvestingActivites,debtRepayment,commonStockIssued,commonStockRepurchased,dividendsPaid,otherFinancingActivites,netCashUsedProvidedByFinancingActivities,effectOfForexChangesOnCash,netChangeInCash,cashAtEndOfPeriod,cashAtBeginningOfPeriod,operatingCashFlow,capitalExpenditure,freeCashFlow,link,finalLink,timestamp,est_time,est_date
0,2020-12-31,DGX,USD,2021-02-22,2021-02-22 16:14:53,FY,1431000000.0,361000000,85000000.0,97000000.0,782000000.0,-455000000.0,0.0,452000000.0,1282000000,-81000000.0,2005000000,3000000.0,-330000000.0,-27000000.0,0.0,0.0,-772000000,-1554000000.0,0.0,-325000000.0,-297000000.0,-29000000.0,-1267000000,0.0,-34000000.0,1158000000.0,1192000000,2005000000,-418000000,1587000000,https://www.sec.gov/Archives/edgar/data/1022079/000102207921000029/0001022079-21-000029-index.htm,https://www.sec.gov/Archives/edgar/data/1022079/000102207921000029/dgx-20201231.htm,1620591105,16:11:45,20210509
1,2019-12-31,DGX,USD,2020-02-20,2020-02-20 16:45:36,FY,858000000.0,329000000,15000000.0,56000000.0,595000000.0,-63000000.0,0.0,73000000.0,500000000,-39000000.0,1243000000,0.0,-58000000.0,-44000000.0,0.0,0.0,-411000000,-1449000000.0,0.0,-353000000.0,-286000000.0,-87000000.0,225000000,0.0,1057000000.0,1192000000.0,135000000,1243000000,-400000000,843000000,https://www.sec.gov/Archives/edgar/data/1022079/000102207920000017/0001022079-20-000017-index.htm,https://www.sec.gov/Archives/edgar/data/1022079/000102207920000017/dgx1231201910-k.htm,1620591105,16:11:45,20210509
2,2018-12-31,DGX,USD,2019-02-21,2019-02-21 16:15:34,FY,736000000.0,309000000,73000000.0,61000000.0,-344000000.0,-65000000.0,0.0,-19000000.0,-95000000,8000000.0,1200000000,0.0,-421000000.0,0.0,1000000.0,0.0,-801000000,-1966000000.0,0.0,-322000000.0,-266000000.0,-36000000.0,-401000000,0.0,-2000000.0,135000000.0,137000000,1200000000,-383000000,817000000,https://www.sec.gov/Archives/edgar/data/1022079/000102207919000030/0001022079-19-000030-index.htm,https://www.sec.gov/Archives/edgar/data/1022079/000102207919000030/dgx1231201810-k.htm,1620591105,16:11:45,20210509
3,2017-12-31,DGX,USD,2018-02-23,2018-02-23 16:19:47,FY,772000000.0,270000000,9000000.0,79000000.0,-301000000.0,-298000000.0,0.0,-8000000.0,249000000,-6000000.0,1175000000,0.0,-580000000.0,0.0,2000000.0,0.0,-805000000,-182000000.0,0.0,-465000000.0,-247000000.0,-33000000.0,-592000000,0.0,-222000000.0,137000000.0,359000000,1175000000,-252000000,923000000,https://www.sec.gov/Archives/edgar/data/1022079/000102207918000038/0001022079-18-000038-index.htm,https://www.sec.gov/Archives/edgar/data/1022079/000102207918000038/dgx1231201710-k.htm,1620591105,16:11:45,20210509
4,2016-12-31,DGX,USD,2017-02-22,2017-02-22 16:11:38,FY,645000000.0,249000000,37000000.0,69000000.0,222000000.0,-343000000.0,0.0,56000000.0,550000000,-6000000.0,1069000000,0.0,-139000000.0,0.0,10000000.0,0.0,-152000000,-1724000000.0,0.0,-590000000.0,-223000000.0,-96000000.0,-691000000,0.0,226000000.0,359000000.0,133000000,1069000000,-293000000,776000000,https://www.sec.gov/Archives/edgar/data/1022079/000102207917000032/0001022079-17-000032-index.htm,https://www.sec.gov/Archives/edgar/data/1022079/000102207917000032/dgx1231201610-k.htm,1620591105,16:11:45,20210509
5,2015-12-31,DGX,USD,2016-02-26,2016-02-26 16:05:35,FY,709000000.0,304000000,112000000.0,52000000.0,434000000.0,-262000000.0,0.0,-31000000.0,328000000,6000000.0,810000000,0.0,-67000000.0,0.0,1000000.0,0.0,-362000000,-2537000000.0,0.0,-224000000.0,-212000000.0,-47000000.0,-507000000,0.0,-59000000.0,133000000.0,192000000,810000000,-263000000,547000000,https://www.sec.gov/Archives/edgar/data/1022079/000102207916000195/0001022079-16-000195-index.htm,https://www.sec.gov/Archives/edgar/data/1022079/000102207916000195/dgx1231201510-k.htm,1620591105,16:11:45,20210509
6,2014-12-31,DGX,USD,2015-02-24,2015-02-24 16:33:19,FY,556000000.0,314000000,23000000.0,51000000.0,-357000000.0,-312000000.0,0.0,68000000.0,-106000000,-12000000.0,938000000,0.0,-728000000.0,0.0,11000000.0,0.0,-1025000000,-1647000000.0,0.0,-132000000.0,-187000000.0,-38000000.0,92000000,0.0,5000000.0,192000000.0,187000000,938000000,-308000000,630000000,https://www.sec.gov/Archives/edgar/data/1022079/000102207915000034/0001022079-15-000034-index.htm,https://www.sec.gov/Archives/edgar/data/1022079/000102207915000034/dgx1231201410-k.htm,1620591105,16:11:45,20210509
7,2013-12-31,DGX,USD,2014-02-18,2014-02-18 08:04:30,FY,849000000.0,283000000,19000000.0,28000000.0,-262394000.0,-247000000.0,0.0,-21000000.0,251000000,2000000.0,652000000,0.0,83000000.0,0.0,2000000.0,0.0,328000000,-900000000.0,0.0,-1037000000.0,-185000000.0,-18000000.0,-1106000000,0.0,-109000000.0,187000000.0,296000000,652000000,-231000000,421000000,https://www.sec.gov/Archives/edgar/data/1022079/000102207914000013/0001022079-14-000013-index.htm,https://www.sec.gov/Archives/edgar/data/1022079/000102207914000013/dgx1231201310-k.htm,1620591105,16:11:45,20210509
8,2012-12-31,DGX,USD,2013-02-27,2013-02-27 16:38:49,FY,555721000.0,286596000,6535000.0,50332000.0,673293000.0,-243019000.0,0.0,-13156000.0,513394000,-7781000.0,1187168000,0.0,-51000000.0,0.0,15669000.0,0.0,-217139000,-1369410000.0,0.0,-199996000.0,-108136000.0,-21649000.0,-822095000,0.0,130700000.0,295586000.0,164886000,1187168000,-182234000,1004934000,https://www.sec.gov/Archives/edgar/data/1022079/000102207913000014/0001022079-13-000014-index.htm,https://www.sec.gov/Archives/edgar/data/1022079/000102207913000014/dgx1231201210-k.htm,1620591105,16:11:45,20210509
9,2011-12-31,DGX,USD,2012-02-16,2012-02-16 16:39:21,FY,470567000.0,281102000,28624000.0,71906000.0,-551048000.0,-306652000.0,0.0,0.0,-159899000,244627000.0,895474000,0.0,-1299000000.0,0.0,216745000.0,0.0,-1243435000,-1710308000.0,0.0,-934994000.0,-64662000.0,-52714000.0,63546000,0.0,-284415000.0,164886000.0,449301000,895474000,-161556000,733918000,https://www.sec.gov/Archives/edgar/data/1022079/000093041312000949/0000930413-12-000949-index.htm,https://www.sec.gov/Archives/edgar/data/1022079/000093041312000949/c68209_10k.htm,1620591105,16:11:45,20210509
10,2010-12-31,DGX,USD,2011-02-16,2011-02-16 16:10:16,FY,720894000.0,253964000,-18878000.0,53927000.0,-229064000.0,-309932000.0,0.0,0.0,391149000,291737000.0,1118047000,0.0,0.0,-11100000.0,0.0,0.0,-216510000,-169491000.0,0.0,-750000000.0,-108060000.0,-7476000.0,-986492000,0.0,-84955000.0,449301000.0,534256000,1118047000,-205400000,912647000,https://www.sec.gov/Archives/edgar/data/1022079/000093041311001115/0000930413-11-001115-index.htm,https://www.sec.gov/Archives/edgar/data/1022079/000093041311001115/c64010_10-k.htm,1620591105,16:11:45,20210509
11,2009-12-31,DGX,USD,2010-02-17,2010-02-17 16:21:03,FY,729111000.0,256687000,83120000.0,75059000.0,348155000.0,-314102000.0,0.0,0.0,620213000,350673000.0,997418000,0.0,-18000000.0,-10681000.0,0.0,0.0,-195904000,-1230632000.0,0.0,-499991000.0,-110272000.0,-12954000.0,-521204000,0.0,280310000.0,534256000.0,253946000,997418000,-166928000,830490000,https://www.sec.gov/Archives/edgar/data/1022079/000093041310000862/0000930413-10-000862-index.htm,https://www.sec.gov/Archives/edgar/data/1022079/000093041310000862/c60319_10k.htm,1620591105,16:11:45,20210509
12,2008-12-31,DGX,USD,2009-02-17,2009-02-17 16:22:26,FY,581490000.0,264593000,549000.0,70581000.0,185998000.0,-282634000.0,0.0,0.0,272058000,444355000.0,1063049000,0.0,8000000.0,0.0,5732000.0,21900000.0,-198883000,-481870000.0,0.0,-253997000.0,-110895000.0,1307000.0,-777814000,0.0,86352000.0,253946000.0,167594000,1063049000,-212681000,850368000,https://www.sec.gov/Archives/edgar/data/1022079/000093041309000848/0000930413-09-000848-index.htm,https://www.sec.gov/Archives/edgar/data/1022079/000093041309000848/c56618_10-k.htm,1620591105,16:11:45,20210509
13,2007-12-31,DGX,USD,2008-02-22,2008-02-22 16:59:24,FY,339939000.0,237879000,-1575000.0,0.0,45912000.0,0.0,0.0,0.0,86060000,581879000.0,926924000,-219101000.0,-1536000000.0,-4266000.0,0.0,0.0,-1759193000,0.0,80928000.0,-145660000.0,-77327000.0,-56839000.0,850223000,0.0,17954000.0,167594000.0,149640000,926924000,-219101000,707823000,https://www.sec.gov/Archives/edgar/data/1022079/000093041308001152/0000930413-08-001152-index.htm,https://www.sec.gov/Archives/edgar/data/1022079/000093041308001152/c52267_10-k.htm,1620591105,16:11:45,20210509
14,2006-12-31,DGX,USD,2007-03-01,2007-03-01 13:34:18,FY,586421000.0,197398000,-46280000.0,0.0,71943000.0,0.0,0.0,0.0,40148000,322016000.0,951896000,-193422000.0,-237000000.0,0.0,15563000.0,0.0,-414402000,0.0,102324000.0,-472325000.0,-77135000.0,8360000.0,-479984000,0.0,57510000.0,149640000.0,92130000,951896000,-193422000,758474000,https://www.sec.gov/Archives/edgar/data/1022079/000093041307001855/0000930413-07-001855-index.htm,https://www.sec.gov/Archives/edgar/data/1022079/000093041307001855/c46960_10k.htm,1620591105,16:11:45,20210509
15,2005-12-31,DGX,USD,2006-02-28,2006-02-28 16:17:28,FY,546277000.0,176124000,661000.0,0.0,80913000.0,0.0,0.0,0.0,-31795000,0.0,851583000,-224270000.0,-814000000.0,0.0,0.0,-41389000.0,-1079793000,0.0,98335000.0,-390163000.0,-69673000.0,-27755000.0,247038000,0.0,18828000.0,92130000.0,73302000,851583000,-224270000,627313000,https://www.sec.gov/Archives/edgar/data/1022079/000095011706000951/0000950117-06-000951-index.htm,https://www.sec.gov/Archives/edgar/data/1022079/000095011706000951/a41430.htm,1620591105,16:11:45,20210509
16,2004-12-31,DGX,USD,2005-03-10 00:00:00,2005-03-10 16:53:17,FY,499195000.0,168726000,52451000.0,0.0,-384694000.0,0.0,0.0,0.0,-112708000,0.0,798780000,-176125000.0,0.0,0.0,0.0,-5151000.0,-173700000,0.0,109116000.0,-734577000.0,-61387000.0,-18791000.0,-706736000,0.0,-81656000.0,73302000.0,154958000,798780000,-176125000,622655000,https://www.sec.gov/Archives/edgar/data/1022079/000095011705000922/0000950117-05-000922-index.html,https://www.sec.gov/Archives/edgar/data/1022079/000095011705000922/a39336.txt,1620591105,16:11:45,20210509
17,2003-12-31,DGX,USD,2004-02-27 00:00:00,2004-02-27 17:21:27,FY,436717000.0,153903000,33853000.0,0.0,83520000.0,0.0,0.0,0.0,271986000,10790000.0,662799000,-174641000.0,0.0,0.0,0.0,-13842000.0,-417050000,0.0,29887000.0,-257548000.0,0.0,-18189000.0,-187568000,0.0,58181000.0,154958000.0,96777000,662799000,-174641000,488158000,https://www.sec.gov/Archives/edgar/data/1022079/000095011704000798/0000950117-04-000798-index.html,https://www.sec.gov/Archives/edgar/data/1022079/000095011704000798/a37115.txt,1620591105,16:11:45,20210509
18,2002-12-31,DGX,USD,2003-02-28 00:00:00,2003-02-28 16:33:38,FY,322154000.0,131391000,90401000.0,0.0,-29425000.0,0.0,0.0,0.0,188466000,0.0,596371000,-155196000.0,0.0,0.0,0.0,932000.0,-477212000,0.0,27034000.0,0.0,0.0,-12707000.0,-144714000,0.0,-25555000.0,96777000.0,122332000,596371000,-155196000,441175000,https://www.sec.gov/Archives/edgar/data/1022079/000095011703000883/0000950117-03-000883-index.html,https://www.sec.gov/Archives/edgar/data/1022079/000095011703000883/a34631.txt,1620591105,16:11:45,20210509
19,2001-12-31,DGX,USD,2001-12-31,2001-12-31,FY,162303000.0,147727000,-560000.0,0.0,192192000.0,0.0,0.0,0.0,217891000,21609000.0,465803000,-148986000.0,0.0,-20428000.0,0.0,2989000.0,-296616000,0.0,25631000.0,-1000000.0,-8954000.0,-28459000.0,-218332000,0.0,-49145000.0,122332000.0,171477000,465803000,-148986000,316817000,,,1620591105,16:11:45,20210509
20,2000-12-31,DGX,USD,2001-04-02 00:00:00,2001-04-02 00:00:00,FY,102052000.0,134296000,33837000.0,0.0,-145801000.0,0.0,0.0,0.0,25699000,0.0,369455000,-116450000.0,0.0,-27415000.0,0.0,0.0,-48015000,0.0,22147000.0,0.0,-6900000.0,-1732000.0,-177247000,0.0,144193000.0,171477000.0,27284000,369455000,-116450000,253005000,https://www.sec.gov/Archives/edgar/data/1022079/000095012301500486/0000950123-01-500486-index.html,https://www.sec.gov/Archives/edgar/data/1022079/000095012301500486/y47180e10-k.txt,1620591105,16:11:45,20210509
21,1999-12-31,DGX,USD,1999-12-31,1999-12-31,FY,-3400000.0,90800000,-29500000.0,0.0,-97200000.0,0.0,0.0,0.0,171500000,0.0,249500000,-1101000000.0,0.0,-2300000.0,0.0,-9700000.0,-1108000000,0.0,4400000.0,-1100000.0,-100000.0,-41200000.0,682800000,0.0,-175600000.0,27300000.0,202900000,249500000,-1101000000,-851500000,,,1620591105,16:11:45,20210509
22,1998-12-31,DGX,USD,1999-03-31 00:00:00,1999-03-31 00:00:00,FY,26900000.0,68800000,12300000.0,0.0,-8100000.0,0.0,0.0,0.0,268700000,-10700000.0,141400000,-40500000.0,0.0,-2200000.0,0.0,0.0,-39700000,0.0,100000.0,-13000000.0,-100000.0,2500000.0,-60400000,0.0,0.0,0.0,161700000,141400000,-40500000,100900000,https://www.sec.gov/Archives/edgar/data/1022079/000095014699000670/0000950146-99-000670-index.html,https://www.sec.gov/Archives/edgar/data/1022079/0000950146-99-000670.txt,1620591105,16:11:45,20210509
23,1997-12-31,DGX,USD,1998-03-20 00:00:00,1998-03-20 00:00:00,FY,-22300000.0,76400000,-1100000.0,0.0,15267000.0,0.0,0.0,0.0,276800000,100000.0,176300000,-46800000.0,0.0,0.0,1300000.0,0.0,-35100000,0.0,0.0,0.0,-100000.0,0.0,-21500000,0.0,0.0,0.0,42000000,176300000,-46800000,129500000,https://www.sec.gov/Archives/edgar/data/1022079/000095014698000451/0000950146-98-000451-index.html,https://www.sec.gov/Archives/edgar/data/1022079/0000950146-98-000451.txt,1620591105,16:11:45,20210509
24,1996-12-31,DGX,USD,1997-03-19 00:00:00,1997-03-19 00:00:00,FY,-625960000.0,99098000,-4472000.0,0.0,-337492000.0,0.0,0.0,0.0,261533000,780340000.0,-88486000,0.0,0.0,0.0,0.0,0.0,-63674000,-538859000.0,0.0,0.0,-1172000.0,138363000.0,157674000,0.0,5514000.0,41960000.0,36446000,-88486000,-70396000,-158882000,https://www.sec.gov/Archives/edgar/data/1022079/000095014697000404/0000950146-97-000404-index.html,https://www.sec.gov/Archives/edgar/data/1022079/0000950146-97-000404.txt,1620591105,16:11:45,20210509
