,date,symbol,reportedCurrency,fillingDate,acceptedDate,period,netIncome,depreciationAndAmortization,deferredIncomeTax,stockBasedCompensation,changeInWorkingCapital,accountsReceivables,inventory,accountsPayables,otherWorkingCapital,otherNonCashItems,netCashProvidedByOperatingActivities,investmentsInPropertyPlantAndEquipment,acquisitionsNet,purchasesOfInvestments,salesMaturitiesOfInvestments,otherInvestingActivites,netCashUsedForInvestingActivites,debtRepayment,commonStockIssued,commonStockRepurchased,dividendsPaid,otherFinancingActivites,netCashUsedProvidedByFinancingActivities,effectOfForexChangesOnCash,netChangeInCash,cashAtEndOfPeriod,cashAtBeginningOfPeriod,operatingCashFlow,capitalExpenditure,freeCashFlow,link,finalLink,timestamp,est_time,est_date
0,2020-12-31,KWR,USD,2021-03-01,2021-03-01 16:55:09,FY,39658000.0,83246000.0,-37206000.0,10996000.0,53729000.0,17170000.0,-3854000.0,0.0,409767000.0,-7800000.0,178389000.0,-17901000.0,0.0,0.0,0.0,2702000.0,-71385000.0,-49761000.0,0.0,0.0,-27563000.0,-1798000.0,-75255000.0,6591000.0,38340000.0,181895000.0,143555000.0,178389000.0,-17901000.0,160488000.0,https://www.sec.gov/Archives/edgar/data/81362/000008136221000004/0000081362-21-000004-index.htm,https://www.sec.gov/ix?doc=/Archives/edgar/data/81362/000008136221000004/kwr-20201231.htm,1620594284,17:04:44,20210509
1,2019-12-31,KWR,USD,2020-03-20,2020-03-20 07:35:03,FY,31622000.0,44895000.0,-22428000.0,4861000.0,88998000.0,19926000.0,10844000.0,-8915000.0,356038000.0,25135000.0,82374000.0,-15545000.0,-14414000.0,0.0,0.0,103000.0,-908632000.0,-8798000.0,0.0,0.0,-21830000.0,-23747000.0,844130000.0,1258000.0,19130000.0,143555000.0,124425000.0,82374000.0,-15545000.0,66829000.0,https://www.sec.gov/Archives/edgar/data/81362/000008136220000002/0000081362-20-000002-index.htm,https://www.sec.gov/Archives/edgar/data/81362/000008136220000002/kwr-20191231.htm,1620594284,17:04:44,20210509
2,2018-12-31,KWR,USD,2019-02-28,2019-02-28 16:56:43,FY,59473000.0,19714000.0,-73000.0,3724000.0,15197000.0,-2822000.0,-10548000.0,190000.0,267040000.0,1672000.0,78779000.0,-12886000.0,-1000000.0,0.0,0.0,866000.0,-12358000.0,-26791000.0,0.0,0.0,-19319000.0,-877000.0,-46905000.0,-6141000.0,13375000.0,124425000.0,111050000.0,78779000.0,-12886000.0,65893000.0,https://www.sec.gov/Archives/edgar/data/81362/000008136219000002/0000081362-19-000002-index.htm,https://www.sec.gov/Archives/edgar/data/81362/000008136219000002/maindocument001.htm,1620594284,17:04:44,20210509
3,2017-12-31,KWR,USD,2018-02-28,2018-02-28 16:51:09,FY,20278000.0,19966000.0,18762000.0,4190000.0,2786000.0,-1941000.0,-6135000.0,12381000.0,251843000.0,4190000.0,64762000.0,-10872000.0,-5000000.0,0.0,0.0,2289000.0,-13896000.0,-2853000.0,0.0,0.0,-18613000.0,-31787000.0,-55209000.0,5404000.0,1061000.0,89879000.0,88818000.0,64762000.0,-10872000.0,53890000.0,https://www.sec.gov/Archives/edgar/data/81362/000008136218000003/0000081362-18-000003-index.htm,https://www.sec.gov/Archives/edgar/data/81362/000008136218000003/maindocument001.htm,1620594284,17:04:44,20210509
4,2016-12-31,KWR,USD,2017-02-28,2017-02-28 16:31:51,FY,61403000.0,19566000.0,2282000.0,6349000.0,7759000.0,-11705000.0,-1870000.0,14566000.0,249057000.0,-1462000.0,73753000.0,-9954000.0,-15000000.0,0.0,0.0,1177000.0,-23769000.0,-14513000.0,0.0,-5859000.0,-17625000.0,678000.0,-38130000.0,-4089000.0,7765000.0,88818000.0,81053000.0,73753000.0,-9954000.0,63799000.0,https://www.sec.gov/Archives/edgar/data/81362/000008136217000006/0000081362-17-000006-index.htm,https://www.sec.gov/Archives/edgar/data/81362/000008136217000006/form10k.htm,1620594284,17:04:44,20210509
5,2015-12-31,KWR,USD,2016-02-25,2016-02-25 17:26:47,FY,51180000.0,19206000.0,-3523000.0,5919000.0,14681000.0,-188000.0,1292000.0,-9040000.0,241298000.0,6030000.0,73432000.0,-11033000.0,-24000000.0,0.0,0.0,860000.0,-34196000.0,-477000.0,0.0,-7276000.0,-16513000.0,158000.0,-16897000.0,-6017000.0,16322000.0,81053000.0,64731000.0,73432000.0,-11033000.0,62399000.0,https://www.sec.gov/Archives/edgar/data/81362/000008136216000025/0000081362-16-000025-index.htm,https://www.sec.gov/Archives/edgar/data/81362/000008136216000025/form10k.htm,1620594284,17:04:44,20210509
6,2014-12-31,KWR,USD,2015-02-26,2015-02-26 16:58:23,FY,56492000.0,16631000.0,-249000.0,5309000.0,28626000.0,-24944000.0,-5484000.0,2999000.0,226617000.0,-1907000.0,54690000.0,-13052000.0,-74000000.0,0.0,0.0,2064000.0,-84471000.0,-1368000.0,0.0,0.0,-14562000.0,-13484000.0,30161000.0,-4141000.0,-3761000.0,64731000.0,68492000.0,54690000.0,-13052000.0,41638000.0,https://www.sec.gov/Archives/edgar/data/81362/000008136215000004/0000081362-15-000004-index.htm,https://www.sec.gov/Archives/edgar/data/81362/000008136215000004/form10k.htm,1620594284,17:04:44,20210509
7,2013-12-31,KWR,USD,2014-02-28,2014-02-28 06:27:16,FY,56339000.0,15784000.0,-1856000.0,4161000.0,27973000.0,-11837000.0,406000.0,11301000.0,197991000.0,-788000.0,73801000.0,-11439000.0,-2000000.0,0.0,0.0,1449000.0,-12416000.0,-12791000.0,0.0,0.0,-13018000.0,-90000.0,-26206000.0,766000.0,35945000.0,68492000.0,32547000.0,73801000.0,-11439000.0,62362000.0,https://www.sec.gov/Archives/edgar/data/81362/000008136214000006/0000081362-14-000006-index.htm,https://www.sec.gov/Archives/edgar/data/81362/000008136214000006/form10k.htm,1620594284,17:04:44,20210509
8,2012-12-31,KWR,USD,2013-03-06,2013-03-06 17:02:11,FY,47405000.0,15358000.0,947000.0,3807000.0,1013000.0,779000.0,3228000.0,-2562000.0,170018000.0,-3300000.0,62893000.0,-12735000.0,-6000000.0,0.0,0.0,1567000.0,-16734000.0,-17632000.0,0.0,0.0,-12616000.0,946000.0,-30541000.0,20000.0,15638000.0,32547000.0,16909000.0,62893000.0,-12735000.0,50158000.0,https://www.sec.gov/Archives/edgar/data/81362/000008136213000005/0000081362-13-000005-index.htm,https://www.sec.gov/Archives/edgar/data/81362/000008136213000005/form10k.htm,1620594284,17:04:44,20210509
9,2012-09-30,KWR,USD,2012-09-30,2012-10-30 16:18:35,FY,0.0,0.0,0.0,0.0,169005000.0,0.0,0.0,0.0,169005000.0,0.0,0.0,0.0,-6000000.0,0.0,0.0,30172000.0,30172000.0,0.0,0.0,-30172000.0,0.0,30172000.0,0.0,0.0,30172000.0,30172000.0,0.0,0.0,0.0,0.0,,,1620594284,17:04:44,20210509
10,2012-06-28,KWR,USD,2012-06-28,2012-07-30 16:48:20,FY,0.0,0.0,0.0,0.0,-152900000.0,0.0,0.0,0.0,0.0,0.0,0.0,0.0,-6000000.0,0.0,0.0,0.0,0.0,0.0,0.0,0.0,0.0,0.0,0.0,0.0,0.0,0.0,0.0,0.0,0.0,0.0,,,1620594284,17:04:44,20210509
11,2011-12-31,KWR,USD,2012-03-07,2012-03-07 16:51:20,FY,43569000.0,13793000.0,2431000.0,3513000.0,1976000.0,-31558000.0,-9281000.0,0.0,152900000.0,2493000.0,19666000.0,0.0,-25000000.0,0.0,0.0,2153000.0,-35361000.0,-27364000.0,48143000.0,0.0,-11586000.0,-891000.0,9153000.0,-2315000.0,-8857000.0,16909000.0,25766000.0,19666000.0,-12117000.0,7549000.0,https://www.sec.gov/Archives/edgar/data/81362/000008136212000005/0000081362-12-000005-index.htm,https://www.sec.gov/Archives/edgar/data/81362/000008136212000005/form10k.htm,1620594284,17:04:44,20210509
12,2011-09-30,KWR,USD,2011-09-30,2011-10-25 16:41:22,FY,0.0,0.0,0.0,0.0,8385000.0,0.0,0.0,0.0,150924000.0,0.0,0.0,-12000000.0,-25000000.0,0.0,0.0,20579000.0,20579000.0,0.0,0.0,-20579000.0,0.0,20579000.0,0.0,0.0,20579000.0,20579000.0,0.0,0.0,0.0,0.0,,,1620594284,17:04:44,20210509
13,2011-06-30,KWR,USD,2011-06-30,2011-07-27 16:39:48,FY,0.0,0.0,0.0,0.0,28248000.0,0.0,0.0,0.0,142539000.0,0.0,0.0,-12000000.0,-25000000.0,0.0,0.0,23541000.0,23541000.0,0.0,0.0,-23541000.0,0.0,23541000.0,0.0,0.0,23541000.0,23541000.0,0.0,0.0,0.0,0.0,,,1620594284,17:04:44,20210509
14,2010-12-31,KWR,USD,2011-03-02,2011-03-02 16:49:34,FY,31807000.0,10855000.0,1849000.0,3096000.0,15360000.0,-4469000.0,-7153000.0,0.0,114291000.0,-3398000.0,37547000.0,0.0,-36000000.0,-1124000.0,5122000.0,-35909000.0,-41036000.0,-2092000.0,0.0,0.0,-10449000.0,1537000.0,4337000.0,-133000.0,715000.0,25766000.0,25051000.0,37547000.0,-9354000.0,28193000.0,https://www.sec.gov/Archives/edgar/data/81362/000119312511053672/0001193125-11-053672-index.htm,https://www.sec.gov/Archives/edgar/data/81362/000119312511053672/d10k.htm,1620594284,17:04:44,20210509
15,2009-12-31,KWR,USD,2010-03-03,2010-03-03 16:54:50,FY,16220000.0,10603000.0,-505000.0,2130000.0,-18031000.0,-6816000.0,9765000.0,0.0,98931000.0,2599000.0,41603000.0,0.0,-2000000.0,0.0,0.0,3993000.0,-6612000.0,-25728000.0,0.0,0.0,-10111000.0,-890000.0,-32817000.0,1985000.0,4159000.0,25051000.0,20892000.0,41603000.0,-13834000.0,27769000.0,https://www.sec.gov/Archives/edgar/data/81362/000119312510046944/0001193125-10-046944-index.htm,https://www.sec.gov/Archives/edgar/data/81362/000119312510046944/d10k.htm,1620594284,17:04:44,20210509
16,2008-12-31,KWR,USD,2009-03-05,2009-03-05 13:22:26,FY,11132000.0,12056000.0,1014000.0,0.0,9812000.0,0.0,-73000.0,0.0,116962000.0,2764000.0,13391000.0,-11742000.0,-2000000.0,0.0,0.0,-6725000.0,-20149000.0,0.0,11919000.0,0.0,-9503000.0,-404000.0,9354000.0,-1899000.0,697000.0,20892000.0,20195000.0,13391000.0,-11742000.0,1649000.0,https://www.sec.gov/Archives/edgar/data/81362/000119312509045897/0001193125-09-045897-index.htm,https://www.sec.gov/Archives/edgar/data/81362/000119312509045897/d10k.htm,1620594284,17:04:44,20210509
17,2007-12-31,KWR,USD,2008-03-07,2008-03-07 12:51:04,FY,15471000.0,12883000.0,-354000.0,0.0,11088000.0,0.0,-5182000.0,0.0,107150000.0,-554000.0,27501000.0,-9165000.0,-2000000.0,0.0,0.0,1854000.0,-9425000.0,0.0,3309000.0,0.0,-8654000.0,-1265000.0,-15903000.0,1960000.0,4133000.0,20195000.0,16062000.0,27501000.0,-9165000.0,18336000.0,https://www.sec.gov/Archives/edgar/data/81362/000119312508049776/0001193125-08-049776-index.htm,https://www.sec.gov/Archives/edgar/data/81362/000119312508049776/d10k.htm,1620594284,17:04:44,20210509
18,2006-12-31,KWR,USD,2007-03-09,2007-03-09 10:51:53,FY,11667000.0,11563000.0,404000.0,0.0,16957000.0,0.0,-4146000.0,0.0,96062000.0,-4441000.0,8183000.0,-12379000.0,-2000000.0,0.0,0.0,544000.0,-13455000.0,0.0,1235000.0,0.0,-8444000.0,-1490000.0,4157000.0,1056000.0,-59000.0,16062000.0,16121000.0,8183000.0,-12379000.0,-4196000.0,https://www.sec.gov/Archives/edgar/data/81362/000119312507050444/0001193125-07-050444-index.htm,https://www.sec.gov/Archives/edgar/data/81362/000119312507050444/d10k.htm,1620594284,17:04:44,20210509
19,2005-12-31,KWR,USD,2006-03-13,2006-03-13 13:12:35,FY,1688000.0,10531000.0,-4476000.0,0.0,33536000.0,0.0,-5821000.0,0.0,79105000.0,0.0,11289000.0,-6989000.0,-7000000.0,0.0,0.0,234000.0,-8548000.0,0.0,436000.0,0.0,-8340000.0,-56901000.0,-14846000.0,-852000.0,-12957000.0,16121000.0,29078000.0,11289000.0,-6989000.0,4300000.0,https://www.sec.gov/Archives/edgar/data/81362/000119312506052033/0001193125-06-052033-index.htm,https://www.sec.gov/Archives/edgar/data/81362/000119312506052033/d10k.htm,1620594284,17:04:44,20210509
20,2004-12-31,KWR,USD,2005-03-14,2005-03-14 14:50:42,FY,8974000.0,9767000.0,-1872000.0,0.0,7850000.0,0.0,-7559000.0,0.0,45569000.0,0.0,3357000.0,-8643000.0,0.0,0.0,0.0,213000.0,-6550000.0,0.0,1009000.0,0.0,-8241000.0,-1956000.0,7380000.0,2976000.0,7163000.0,29078000.0,21915000.0,3357000.0,-8643000.0,-5286000.0,https://www.sec.gov/Archives/edgar/data/81362/000119312505049314/0001193125-05-049314-index.htm,https://www.sec.gov/Archives/edgar/data/81362/000119312505049314/d10k.htm,1620594284,17:04:44,20210509
21,2003-12-31,KWR,USD,2004-03-12,2004-03-12 15:03:31,FY,14833000.0,7637000.0,1389000.0,0.0,190000.0,0.0,-4692000.0,0.0,37719000.0,0.0,8377000.0,-12608000.0,0.0,0.0,0.0,-11990000.0,-24366000.0,0.0,4328000.0,0.0,-7916000.0,-2391000.0,22032000.0,2015000.0,8058000.0,21915000.0,13857000.0,8377000.0,-12608000.0,-4231000.0,https://www.sec.gov/Archives/edgar/data/81362/000119312504040386/0001193125-04-040386-index.htm,https://www.sec.gov/Archives/edgar/data/81362/000119312504040386/d10k.htm,1620594284,17:04:44,20210509
22,2002-12-31,KWR,USD,2002-12-31,2002-12-31,FY,14297000.0,6237000.0,328000.0,0.0,-9895000.0,0.0,-3101000.0,0.0,37529000.0,0.0,24398000.0,-10837000.0,0.0,0.0,0.0,1871000.0,-30251000.0,0.0,2951000.0,0.0,-10387000.0,0.0,-1263000.0,424000.0,-6692000.0,13857000.0,20549000.0,24398000.0,-10837000.0,13561000.0,,,1620594284,17:04:44,20210509
23,2001-12-31,KWR,USD,2001-12-31,2001-12-31,FY,7665000.0,6380000.0,-627000.0,0.0,-5557000.0,0.0,2762000.0,0.0,47424000.0,0.0,22604000.0,-8036000.0,0.0,0.0,0.0,1468000.0,-8027000.0,0.0,2902000.0,0.0,-7410000.0,-2101000.0,-9556000.0,-1024000.0,3997000.0,20549000.0,16552000.0,22604000.0,-8036000.0,14568000.0,,,1620594284,17:04:44,20210509
24,2000-12-31,KWR,USD,2000-12-31,2000-12-31,FY,17163000.0,6812000.0,-1821000.0,0.0,1481000.0,0.0,-650000.0,0.0,52981000.0,0.0,21393000.0,-6126000.0,0.0,0.0,0.0,-624000.0,-4044000.0,0.0,810000.0,-1961000.0,-6989000.0,-295000.0,-8753000.0,-721000.0,7875000.0,16552000.0,8677000.0,21393000.0,-6126000.0,15267000.0,,,1620594284,17:04:44,20210509
25,1999-12-31,KWR,USD,1999-12-31,1999-12-31,FY,15700000.0,7000000.0,1000000.0,0.0,5800000.0,0.0,-600000.0,0.0,51500000.0,-200000.0,14200000.0,-5700000.0,0.0,0.0,0.0,-700000.0,-6400000.0,0.0,600000.0,0.0,-6800000.0,-100000.0,-7400000.0,-2100000.0,-1500000.0,8700000.0,10200000.0,14200000.0,-5700000.0,8500000.0,,,1620594284,17:04:44,20210509
26,1998-12-31,KWR,USD,1998-12-31,1998-12-31,FY,10700000.0,7100000.0,-100000.0,0.0,-4600000.0,0.0,-1100000.0,0.0,45700000.0,0.0,12600000.0,-17500000.0,0.0,0.0,0.0,700000.0,-16800000.0,0.0,1600000.0,0.0,-6500000.0,-100000.0,-3400000.0,-600000.0,0.0,0.0,18400000.0,12600000.0,-17500000.0,-4900000.0,,,1620594284,17:04:44,20210509
27,1997-12-31,KWR,USD,1997-12-31,1997-12-31,FY,12600000.0,7300000.0,700000.0,0.0,27700000.0,0.0,-1900000.0,0.0,50300000.0,0.0,15200000.0,-5600000.0,0.0,0.0,0.0,-400000.0,-1400000.0,0.0,900000.0,0.0,-6200000.0,100000.0,-2600000.0,-1300000.0,0.0,0.0,8500000.0,15200000.0,-5600000.0,9600000.0,,,1620594284,17:04:44,20210509
28,1996-12-31,KWR,USD,1996-12-31,1996-12-31,FY,-7600000.0,8700000.0,-3700000.0,0.0,-3400000.0,0.0,100000.0,0.0,22600000.0,600000.0,28000000.0,-6900000.0,0.0,0.0,0.0,-200000.0,-6300000.0,0.0,1000000.0,-1600000.0,-5900000.0,-100000.0,-18800000.0,-1600000.0,0.0,0.0,7200000.0,28000000.0,-6900000.0,21100000.0,,,1620594284,17:04:44,20210509
29,1995-12-31,KWR,USD,1996-03-29 00:00:00,1996-03-29 00:00:00,FY,6700000.0,8600000.0,-500000.0,0.0,-14000000.0,0.0,-2800000.0,0.0,26000000.0,100000.0,7300000.0,-9800000.0,0.0,-2000000.0,600000.0,-8300000.0,-17500000.0,0.0,1400000.0,-3600000.0,-6000000.0,100000.0,6100000.0,0.0,0.0,0.0,11300000.0,7300000.0,-9800000.0,-2500000.0,https://www.sec.gov/Archives/edgar/data/81362/000089155496000183/0000891554-96-000183-index.html,https://www.sec.gov/Archives/edgar/data/81362/0000891554-96-000183.txt,1620594284,17:04:44,20210509
30,1994-12-31,KWR,USD,1995-03-30 00:00:00,1995-03-30 00:00:00,FY,9400000.0,7300000.0,-200000.0,0.0,-1800000.0,0.0,-2100000.0,0.0,40000000.0,-4300000.0,4400000.0,-9300000.0,0.0,-4500000.0,1000000.0,10600000.0,400000.0,0.0,0.0,-7600000.0,-5700000.0,0.0,-14200000.0,1400000.0,0.0,0.0,19300000.0,4400000.0,-9300000.0,-4900000.0,https://www.sec.gov/Archives/edgar/data/81362/000092004995000033/0000920049-95-000033-index.html,https://www.sec.gov/Archives/edgar/data/81362/0000920049-95-000033.txt,1620594284,17:04:44,20210509
31,1993-12-31,KWR,USD,1993-12-31,1993-12-31,FY,-1800000.0,7600000.0,-500000.0,0.0,-15700000.0,0.0,400000.0,0.0,41800000.0,100000.0,16800000.0,-9000000.0,0.0,-900000.0,800000.0,-11600000.0,-14200000.0,0.0,1000000.0,0.0,-5500000.0,-100000.0,-6200000.0,-1500000.0,0.0,0.0,24400000.0,16800000.0,-9000000.0,7800000.0,,,1620594284,17:04:44,20210509
32,1992-12-31,KWR,USD,1992-12-31,1992-12-31,FY,12100000.0,7800000.0,100000.0,0.0,11400000.0,0.0,1400000.0,0.0,57500000.0,-400000.0,23700000.0,-7200000.0,0.0,0.0,4100000.0,-12900000.0,-14700000.0,0.0,2500000.0,0.0,-5100000.0,-100000.0,-2800000.0,-2800000.0,0.0,0.0,21000000.0,23700000.0,-7200000.0,16500000.0,,,1620594284,17:04:44,20210509
33,1991-12-31,KWR,USD,1991-12-31,1991-12-31,FY,10800000.0,6700000.0,500000.0,0.0,1700000.0,0.0,1400000.0,0.0,46100000.0,500000.0,10200000.0,-8400000.0,0.0,0.0,5000000.0,-1600000.0,-5000000.0,0.0,1300000.0,0.0,-4800000.0,-100000.0,-1200000.0,-1000000.0,0.0,0.0,18000000.0,10200000.0,-8400000.0,1800000.0,,,1620594284,17:04:44,20210509
34,1990-12-31,KWR,USD,1990-12-31,1990-12-31,FY,14100000.0,5900000.0,0.0,0.0,-3100000.0,0.0,-1600000.0,0.0,44400000.0,0.0,19700000.0,-12700000.0,0.0,-2400000.0,0.0,-400000.0,-15500000.0,0.0,200000.0,-8000000.0,-4300000.0,-200000.0,-5800000.0,2100000.0,0.0,0.0,17500000.0,19700000.0,-12700000.0,7000000.0,,,1620594284,17:04:44,20210509
35,1989-12-31,KWR,USD,1989-12-31,1989-12-31,FY,12800000.0,4800000.0,0.0,0.0,5100000.0,0.0,-900000.0,0.0,47500000.0,400000.0,14300000.0,-7600000.0,0.0,0.0,2100000.0,800000.0,-4700000.0,0.0,100000.0,-2900000.0,-3800000.0,-300000.0,-6300000.0,300000.0,0.0,0.0,13800000.0,14300000.0,-7600000.0,6700000.0,,,1620594284,17:04:44,20210509
36,1988-12-31,KWR,USD,1988-12-31,1988-12-31,FY,11700000.0,4500000.0,0.0,0.0,5300000.0,0.0,0.0,0.0,42400000.0,0.0,0.0,0.0,0.0,0.0,0.0,0.0,0.0,0.0,0.0,0.0,0.0,0.0,0.0,0.0,0.0,0.0,0.0,0.0,0.0,0.0,,,1620594284,17:04:44,20210509
37,1986-12-31,KWR,USD,1986-12-31,1986-12-31,FY,8500000.0,3100000.0,0.0,0.0,-5200000.0,0.0,0.0,0.0,37100000.0,0.0,0.0,0.0,0.0,0.0,0.0,0.0,0.0,0.0,0.0,0.0,0.0,0.0,0.0,0.0,0.0,0.0,0.0,0.0,0.0,0.0,,,1620594284,17:04:44,20210509
38,1985-12-31,KWR,USD,1985-12-31,1985-12-31,FY,7600000.0,2600000.0,0.0,0.0,0.0,0.0,0.0,0.0,42300000.0,0.0,0.0,0.0,0.0,0.0,0.0,0.0,0.0,0.0,0.0,0.0,0.0,0.0,0.0,0.0,0.0,0.0,0.0,0.0,0.0,0.0,,,1620594284,17:04:44,20210509
