,date,symbol,reportedCurrency,fillingDate,acceptedDate,period,netIncome,depreciationAndAmortization,deferredIncomeTax,stockBasedCompensation,changeInWorkingCapital,accountsReceivables,inventory,accountsPayables,otherWorkingCapital,otherNonCashItems,netCashProvidedByOperatingActivities,investmentsInPropertyPlantAndEquipment,acquisitionsNet,purchasesOfInvestments,salesMaturitiesOfInvestments,otherInvestingActivites,netCashUsedForInvestingActivites,debtRepayment,commonStockIssued,commonStockRepurchased,dividendsPaid,otherFinancingActivites,netCashUsedProvidedByFinancingActivities,effectOfForexChangesOnCash,netChangeInCash,cashAtEndOfPeriod,cashAtBeginningOfPeriod,operatingCashFlow,capitalExpenditure,freeCashFlow,link,finalLink,timestamp,est_time,est_date
0,2020-12-31,INS,USD,2021-03-04,2021-03-04 16:01:33,FY,8161000.0,2138000.0,543000.0,386000.0,2541000.0,5489000.0,0.0,311000.0,32427000.0,-131000.0,20966000.0,-6875000.0,0.0,0.0,135000.0,-1000000.0,-7740000.0,1826000.0,0.0,-1639000.0,0.0,0.0,-1639000.0,-46000.0,11541000.0,37956000.0,26415000.0,20966000.0,-6875000.0,14091000.0,https://www.sec.gov/Archives/edgar/data/320340/000143774921004982/0001437749-21-004982-index.htm,https://www.sec.gov/Archives/edgar/data/320340/000143774921004982/ins20201231_10k.htm,1620593651,16:54:11,20210509
1,2019-12-31,INS,USD,2020-03-16 00:00:00,2020-03-16 16:03:05,FY,10969000.0,1012000.0,555000.0,191000.0,8376000.0,-5028000.0,0.0,131000.0,29886000.0,-49000.0,10585000.0,-1676000.0,0.0,0.0,379000.0,-2000000.0,-3297000.0,0.0,0.0,0.0,0.0,0.0,210000.0,-2000.0,7496000.0,26415000.0,18919000.0,10585000.0,-1676000.0,8909000.0,https://www.sec.gov/Archives/edgar/data/320340/000143774920005308/0001437749-20-005308-index.html,https://www.sec.gov/Archives/edgar/data/320340/000143774920005308/ins20191231_10k.htm,1620593651,16:54:11,20210509
2,2018-12-31,INS,USD,2019-03-13 00:00:00,2019-03-13 07:41:09,FY,6244000.0,614000.0,-280000.0,62000.0,5726000.0,-2523000.0,0.0,-49000.0,21510000.0,-59000.0,6656000.0,-865000.0,0.0,0.0,0.0,-1035000.0,-1900000.0,0.0,0.0,0.0,0.0,0.0,111000.0,28000.0,4895000.0,18919000.0,14024000.0,6656000.0,-865000.0,5791000.0,https://www.sec.gov/Archives/edgar/data/320340/000143774919004719/0001437749-19-004719-index.html,https://www.sec.gov/Archives/edgar/data/320340/000143774919004719/ins20181231_10k.htm,1620593651,16:54:11,20210509
3,2017-12-31,INS,USD,2018-03-15 00:00:00,2018-03-15 09:12:52,FY,473000.0,330000.0,0.0,52000.0,-1176000.0,121000.0,0.0,20000.0,15784000.0,-16000.0,-2467000.0,-894000.0,0.0,0.0,0.0,-1250000.0,-1208000.0,0.0,0.0,0.0,0.0,0.0,0.0,-25000.0,-3700000.0,14024000.0,17724000.0,-2467000.0,-894000.0,-3361000.0,https://www.sec.gov/Archives/edgar/data/320340/000143774918004712/0001437749-18-004712-index.html,https://www.sec.gov/Archives/edgar/data/320340/000143774918004712/ins20171231_10k.htm,1620593651,16:54:11,20210509
4,2016-12-31,INS,USD,2017-03-17 00:00:00,2017-03-17 12:02:01,FY,-1112000.0,248000.0,0.0,31000.0,-4712000.0,-367000.0,0.0,223000.0,16960000.0,0.0,-1377000.0,-313000.0,0.0,0.0,0.0,0.0,4085000.0,0.0,0.0,0.0,-3056000.0,0.0,-3042000.0,-1000.0,-335000.0,17724000.0,18059000.0,-1377000.0,-313000.0,-1690000.0,https://www.sec.gov/Archives/edgar/data/320340/000143774917004786/0001437749-17-004786-index.html,https://www.sec.gov/Archives/edgar/data/320340/000143774917004786/ins20161231_10k.htm,1620593651,16:54:11,20210509
5,2015-12-31,INS,USD,2016-03-16 00:00:00,2016-03-16 12:10:38,FY,18020000.0,217000.0,0.0,19000.0,17463000.0,-461000.0,0.0,-12000.0,21672000.0,0.0,-2255000.0,-272000.0,0.0,0.0,0.0,0.0,-702000.0,0.0,0.0,-692000.0,0.0,0.0,-684000.0,-6000.0,15435000.0,18059000.0,2624000.0,-2255000.0,-272000.0,-2527000.0,https://www.sec.gov/Archives/edgar/data/320340/000143774916027785/0001437749-16-027785-index.html,https://www.sec.gov/Archives/edgar/data/320340/000143774916027785/ins20151231_10k.htm,1620593651,16:54:11,20210509
6,2014-12-31,INS,USD,2015-02-18,2015-02-18 16:32:41,FY,-76000.0,398000.0,0.0,49000.0,-725000.0,650000.0,64000.0,-192000.0,4209000.0,0.0,-581000.0,-277000.0,0.0,-132000.0,0.0,0.0,-238000.0,0.0,0.0,0.0,0.0,0.0,0.0,10000.0,-809000.0,2624000.0,3433000.0,-581000.0,-277000.0,-858000.0,https://www.sec.gov/Archives/edgar/data/320340/000143774915002956/ins20141231_10k.htm,https://www.sec.gov/Archives/edgar/data/320340/000143774915002956/ins20141231_10k.htm,1620593651,16:54:11,20210509
7,2013-12-31,INS,USD,2014-03-17,2014-03-17 16:45:09,FY,1084000.0,435000.0,0.0,82000.0,629000.0,611000.0,-77000.0,178000.0,4934000.0,-1000.0,1535000.0,-559000.0,0.0,-67000.0,4000.0,250000.0,-438000.0,0.0,0.0,0.0,0.0,0.0,0.0,-11000.0,1086000.0,3433000.0,2347000.0,1535000.0,-565000.0,970000.0,https://www.sec.gov/Archives/edgar/data/320340/000143774914004359/ins20131231_10k.htm,https://www.sec.gov/Archives/edgar/data/320340/000143774914004359/ins20131231_10k.htm,1620593651,16:54:11,20210509
8,2012-12-31,INS,USD,2013-03-22 00:00:00,2013-03-22 13:50:00,FY,534000.0,523000.0,0.0,79000.0,-49000.0,-534000.0,-58000.0,-169000.0,4305000.0,-10000.0,-285000.0,-399000.0,0.0,-42000.0,0.0,250000.0,-511000.0,0.0,0.0,0.0,0.0,0.0,0.0,-9000.0,-805000.0,2347000.0,3152000.0,-285000.0,-419000.0,-704000.0,https://www.sec.gov/Archives/edgar/data/320340/000143774913003364/0001437749-13-003364-index.html,https://www.sec.gov/Archives/edgar/data/320340/000143774913003364/ins_10k-123112.htm,1620593651,16:54:11,20210509
9,2011-12-31,INS,USD,2012-03-22 00:00:00,2012-03-22 15:09:07,FY,657000.0,435000.0,0.0,43000.0,771000.0,-277000.0,9000.0,141000.0,4354000.0,-16000.0,397000.0,-464000.0,0.0,-222000.0,0.0,600000.0,-86000.0,0.0,0.0,0.0,0.0,0.0,0.0,-101000.0,210000.0,3152000.0,2942000.0,397000.0,-464000.0,-67000.0,https://www.sec.gov/Archives/edgar/data/320340/000143774912002661/0001437749-12-002661-index.html,https://www.sec.gov/Archives/edgar/data/320340/000143774912002661/isc_10k-123111.htm,1620593651,16:54:11,20210509
10,2010-12-31,INS,USD,2011-03-22,2011-03-22 14:58:10,FY,-187000.0,502000.0,0.0,8000.0,578000.0,-547000.0,131000.0,-254000.0,3583000.0,-63000.0,581000.0,-349000.0,0.0,0.0,0.0,0.0,-349000.0,-116000.0,0.0,0.0,0.0,0.0,-116000.0,31000.0,147000.0,2942000.0,2795000.0,581000.0,-349000.0,232000.0,https://www.sec.gov/Archives/edgar/data/320340/000095012311027689/c14368e10vk.htm,https://www.sec.gov/Archives/edgar/data/320340/000095012311027689/c14368e10vk.htm,1620593651,16:54:11,20210509
11,2009-12-31,INS,USD,2010-03-23 00:00:00,2010-03-23 14:59:22,FY,-1213000.0,552000.0,0.0,11000.0,2374000.0,-110000.0,87000.0,-346000.0,3005000.0,-72000.0,-935000.0,-179000.0,0.0,0.0,352000.0,-100000.0,73000.0,-759000.0,0.0,0.0,0.0,0.0,2562000.0,21000.0,1721000.0,2795000.0,1074000.0,-935000.0,-179000.0,-1114000.0,https://www.sec.gov/Archives/edgar/data/320340/000095012310027168/0000950123-10-027168-index.html,https://www.sec.gov/Archives/edgar/data/320340/000095012310027168/c98121e10vk.htm,1620593651,16:54:11,20210509
12,2008-12-31,INS,USD,2009-03-27 00:00:00,2009-03-27 13:53:45,FY,-823000.0,511000.0,0.0,20000.0,756000.0,569000.0,372000.0,-124000.0,631000.0,-51000.0,-3762000.0,-171000.0,4000000.0,0.0,7000.0,4747000.0,4401000.0,-2300000.0,0.0,0.0,0.0,0.0,-154000.0,35000.0,520000.0,1074000.0,554000.0,-3762000.0,-171000.0,-3933000.0,https://www.sec.gov/Archives/edgar/data/320340/000136231009004445/0001362310-09-004445-index.html,https://www.sec.gov/Archives/edgar/data/320340/000136231009004445/c83067e10vk.htm,1620593651,16:54:11,20210509
13,2007-12-31,INS,USD,2008-03-31,2008-03-31 12:33:31,FY,-2424000.0,485000.0,0.0,0.0,-2974000.0,0.0,-519000.0,0.0,-125000.0,26000.0,-4175000.0,-1355000.0,0.0,0.0,131000.0,3251000.0,2027000.0,0.0,0.0,0.0,0.0,0.0,578000.0,-12000.0,-1582000.0,554000.0,2136000.0,-4175000.0,-1355000.0,-5530000.0,https://www.sec.gov/Archives/edgar/data/320340/000136231008001689/c72804e10ksb.htm,https://www.sec.gov/Archives/edgar/data/320340/000136231008001689/c72804e10ksb.htm,1620593651,16:54:11,20210509
14,2006-12-31,INS,USD,2007-03-23,2007-03-23 09:15:24,FY,4469000.0,546000.0,0.0,0.0,7186000.0,0.0,-134000.0,0.0,2849000.0,12000.0,-2928000.0,-523000.0,2000000.0,0.0,3418000.0,43000.0,4838000.0,0.0,3000.0,0.0,0.0,0.0,-97000.0,-55000.0,1758000.0,2136000.0,378000.0,-2928000.0,-523000.0,-3451000.0,https://www.sec.gov/Archives/edgar/data/320340/000095014407002577/g06209e10ksb.htm,https://www.sec.gov/Archives/edgar/data/320340/000095014407002577/g06209e10ksb.htm,1620593651,16:54:11,20210509
15,2005-12-31,INS,USD,2006-03-31,2006-03-31 08:41:17,FY,-1626000.0,525000.0,0.0,0.0,-1299000.0,0.0,-117000.0,0.0,-4337000.0,0.0,-2231000.0,-511000.0,0.0,0.0,312000.0,-4000.0,2040000.0,0.0,0.0,0.0,0.0,0.0,-167000.0,66000.0,-292000.0,378000.0,670000.0,-2231000.0,-511000.0,-2742000.0,https://www.sec.gov/Archives/edgar/data/320340/000095014406002971/g00519e10ksb.htm,https://www.sec.gov/Archives/edgar/data/320340/000095014406002971/g00519e10ksb.htm,1620593651,16:54:11,20210509
16,2004-12-31,INS,USD,2005-03-30,2005-03-30 14:34:27,FY,2563000.0,598000.0,0.0,0.0,-1140000.0,0.0,113000.0,0.0,-3038000.0,0.0,-3982000.0,-399000.0,0.0,-47000.0,268000.0,15000.0,3566000.0,0.0,3000.0,0.0,0.0,0.0,20000.0,-67000.0,-463000.0,670000.0,1133000.0,-3982000.0,-399000.0,-4381000.0,https://www.sec.gov/Archives/edgar/data/320340/000095014405003264/g94136e10ksb.htm,https://www.sec.gov/Archives/edgar/data/320340/000095014405003264/g94136e10ksb.htm,1620593651,16:54:11,20210509
17,2003-12-31,INS,USD,2004-03-30,2004-03-30 11:31:05,FY,-4798000.0,759000.0,0.0,0.0,-3388000.0,0.0,-95000.0,0.0,-1898000.0,0.0,-5448000.0,-434000.0,0.0,-160000.0,4540000.0,-168000.0,3778000.0,0.0,0.0,-22000.0,0.0,0.0,228000.0,-69000.0,-1511000.0,1133000.0,2644000.0,-5448000.0,-434000.0,-5882000.0,https://www.sec.gov/Archives/edgar/data/320340/000095014404003222/g88120e10vk.htm,https://www.sec.gov/Archives/edgar/data/320340/000095014404003222/g88120e10vk.htm,1620593651,16:54:11,20210509
18,2002-12-31,INS,USD,2002-12-31,2002-12-31,FY,-12257000.0,1031000.0,0.0,0.0,-8716000.0,0.0,-124000.0,0.0,1490000.0,0.0,-9081000.0,-335000.0,0.0,-2880000.0,2659000.0,218000.0,-299000.0,0.0,0.0,-6000.0,0.0,0.0,-6000.0,4000.0,-9382000.0,2644000.0,12026000.0,-9081000.0,-335000.0,-9416000.0,,,1620593651,16:54:11,20210509
19,2001-12-31,INS,USD,2001-12-31,2001-12-31,FY,9113000.0,6595000.0,0.0,0.0,6911000.0,0.0,-72000.0,0.0,10206000.0,0.0,-2017000.0,-95000.0,0.0,-2806000.0,20540000.0,3018000.0,20738000.0,0.0,14000.0,-5803000.0,0.0,4000.0,-7289000.0,0.0,11432000.0,12026000.0,594000.0,-2017000.0,-95000.0,-2112000.0,,,1620593651,16:54:11,20210509
20,2000-12-31,INS,USD,2000-12-31,2000-12-31,FY,8215000.0,314000.0,0.0,0.0,3343000.0,0.0,-149000.0,0.0,3295000.0,0.0,-410000.0,-111000.0,0.0,0.0,10291000.0,-4151000.0,2401000.0,0.0,194000.0,-3068000.0,0.0,0.0,-2134000.0,0.0,-143000.0,594000.0,737000.0,-410000.0,-111000.0,-521000.0,,,1620593651,16:54:11,20210509
21,1999-12-31,INS,USD,1999-12-31,1999-12-31,FY,259000.0,347000.0,0.0,0.0,1852000.0,0.0,279000.0,0.0,-48000.0,0.0,-182000.0,-13000.0,0.0,0.0,2365000.0,-247000.0,1317000.0,0.0,23000.0,0.0,0.0,93000.0,-859000.0,0.0,276000.0,737000.0,461000.0,-182000.0,-13000.0,-195000.0,,,1620593651,16:54:11,20210509
22,1998-12-31,INS,USD,1998-12-31,1998-12-31,FY,-1500000.0,1500000.0,0.0,0.0,-800000.0,0.0,-100000.0,0.0,-1900000.0,-100000.0,-5300000.0,0.0,0.0,0.0,5500000.0,0.0,6300000.0,0.0,0.0,0.0,0.0,0.0,-600000.0,0.0,0.0,0.0,0.0,-5300000.0,0.0,-5300000.0,,,1620593651,16:54:11,20210509
23,1997-12-31,INS,USD,1997-12-31,1997-12-31,FY,-7200000.0,2200000.0,0.0,0.0,-9700000.0,0.0,0.0,0.0,-1100000.0,-100000.0,1000000.0,-2000000.0,0.0,0.0,3700000.0,-7600000.0,-4800000.0,0.0,100000.0,-200000.0,0.0,0.0,1400000.0,0.0,0.0,0.0,2400000.0,1000000.0,-2000000.0,-1000000.0,,,1620593651,16:54:11,20210509
24,1996-12-31,INS,USD,1996-12-31,1996-12-31,FY,4200000.0,1000000.0,0.0,0.0,4600000.0,0.0,-200000.0,0.0,8600000.0,-100000.0,-500000.0,-1400000.0,0.0,-1100000.0,0.0,7000000.0,4500000.0,0.0,0.0,-600000.0,0.0,-100000.0,-2200000.0,0.0,0.0,0.0,500000.0,-500000.0,-1400000.0,-1900000.0,,,1620593651,16:54:11,20210509
25,1995-12-31,INS,USD,1995-12-31,1995-12-31,FY,100000.0,1500000.0,0.0,0.0,-2100000.0,0.0,-200000.0,0.0,4000000.0,-100000.0,-1100000.0,-800000.0,0.0,0.0,1300000.0,-600000.0,-100000.0,0.0,0.0,-500000.0,0.0,100000.0,800000.0,0.0,0.0,0.0,1000000.0,-1100000.0,-800000.0,-1900000.0,,,1620593651,16:54:11,20210509
26,1994-12-31,INS,USD,1994-12-31,1994-12-31,FY,-7700000.0,3900000.0,0.0,0.0,-8900000.0,0.0,0.0,0.0,6100000.0,-100000.0,-1900000.0,-3000000.0,0.0,-3300000.0,0.0,3600000.0,3100000.0,0.0,0.0,-1800000.0,0.0,100000.0,-1500000.0,0.0,0.0,0.0,1300000.0,-1900000.0,-3000000.0,-4900000.0,,,1620593651,16:54:11,20210509
27,1993-12-31,INS,USD,1993-12-31,1993-12-31,FY,-400000.0,1800000.0,0.0,0.0,4500000.0,0.0,1000000.0,0.0,15000000.0,0.0,2500000.0,-1400000.0,0.0,-400000.0,0.0,-300000.0,-1800000.0,0.0,0.0,0.0,0.0,-300000.0,-1300000.0,0.0,0.0,0.0,2400000.0,2500000.0,-1400000.0,1100000.0,,,1620593651,16:54:11,20210509
28,1992-12-31,INS,USD,1992-12-31,1992-12-31,FY,-3700000.0,1700000.0,0.0,0.0,-3400000.0,0.0,-1900000.0,0.0,10500000.0,100000.0,-2200000.0,-800000.0,0.0,0.0,1100000.0,100000.0,400000.0,0.0,0.0,-100000.0,0.0,-300000.0,-200000.0,0.0,0.0,0.0,4500000.0,-2200000.0,-800000.0,-3000000.0,,,1620593651,16:54:11,20210509
29,1991-12-31,INS,USD,1991-12-31,1991-12-31,FY,-1900000.0,2100000.0,0.0,0.0,4000000.0,0.0,1000000.0,0.0,13900000.0,-5100000.0,-5400000.0,-500000.0,0.0,0.0,0.0,4600000.0,10200000.0,0.0,100000.0,0.0,0.0,-200000.0,-1400000.0,0.0,0.0,0.0,1100000.0,-5400000.0,-500000.0,-5900000.0,,,1620593651,16:54:11,20210509
30,1990-12-31,INS,USD,1990-12-31,1990-12-31,FY,-11200000.0,2900000.0,0.0,0.0,-12200000.0,0.0,5200000.0,0.0,9900000.0,5500000.0,-600000.0,-200000.0,0.0,0.0,0.0,-5900000.0,-6100000.0,0.0,0.0,-1200000.0,0.0,0.0,-1500000.0,0.0,0.0,0.0,9300000.0,-600000.0,-200000.0,-800000.0,,,1620593651,16:54:11,20210509
31,1989-12-31,INS,USD,1989-12-31,1989-12-31,FY,-4000000.0,1900000.0,0.0,0.0,11600000.0,0.0,9100000.0,0.0,22100000.0,200000.0,3800000.0,-700000.0,0.0,0.0,0.0,-6500000.0,4400000.0,0.0,0.0,-2200000.0,-900000.0,0.0,-2300000.0,0.0,0.0,0.0,3500000.0,3800000.0,-700000.0,3100000.0,,,1620593651,16:54:11,20210509
