,date,symbol,reportedCurrency,fillingDate,acceptedDate,period,netIncome,depreciationAndAmortization,deferredIncomeTax,stockBasedCompensation,changeInWorkingCapital,accountsReceivables,inventory,accountsPayables,otherWorkingCapital,otherNonCashItems,netCashProvidedByOperatingActivities,investmentsInPropertyPlantAndEquipment,acquisitionsNet,purchasesOfInvestments,salesMaturitiesOfInvestments,otherInvestingActivites,netCashUsedForInvestingActivites,debtRepayment,commonStockIssued,commonStockRepurchased,dividendsPaid,otherFinancingActivites,netCashUsedProvidedByFinancingActivities,effectOfForexChangesOnCash,netChangeInCash,cashAtEndOfPeriod,cashAtBeginningOfPeriod,operatingCashFlow,capitalExpenditure,freeCashFlow,link,finalLink,timestamp,est_time,est_date
0,2020-12-31,L,USD,2021-02-09,2021-02-09 15:58:18,FY,-931000000,734000000,-235000000,0,49208000000,-425000000,0,0,2504000000,61000000,1745000000,-710000000,-58000000,-10721000000,10446000000,-610000000,-1414000000,-1726000000,0,-923000000,-70000000,-138000000,-198000000,9000000,142000000,478000000,336000000,1745000000,-710000000,1035000000,https://www.sec.gov/Archives/edgar/data/60086/000114036121003906/0001140361-21-003906-index.htm,https://www.sec.gov/Archives/edgar/data/60086/000114036121003906/brhc10019732_10k.htm,1620594296,17:04:56,20210509
1,2019-12-31,L,USD,2020-02-12 00:00:00,2020-02-11 18:44:28,FY,932000000,943000000,70000000,0,37000000,0,0,0,-46704000000,87000000,1741000000,-1041000000,-257000000,-8661000000,8782000000,-178000000,-671000000,-1956000000,0,-1051000000,-76000000,-137000000,-1144000000,5000000,-69000000,336000000,405000000,1741000000,-1041000000,700000000,https://www.sec.gov/Archives/edgar/data/60086/000119312520031657/0001193125-20-031657-index.html,https://www.sec.gov/Archives/edgar/data/60086/000119312520031657/d816698d10k.htm,1620594296,17:04:56,20210509
2,2018-12-31,L,USD,2019-02-13 00:00:00,2019-02-13 15:42:38,FY,636000000,912000000,86000000,0,1916000000,0,0,0,-46741000000,72000000,4222000000,-995000000,-37000000,-10785000000,10439000000,-229000000,-1444000000,-1043000000,0,-2530000000,-80000000,-47000000,-2835000000,-10000000,-67000000,405000000,472000000,4222000000,-995000000,3227000000,https://www.sec.gov/Archives/edgar/data/60086/000119312519037854/0001193125-19-037854-index.html,https://www.sec.gov/Archives/edgar/data/60086/000119312519037854/d685868d10k.htm,1620594296,17:04:56,20210509
3,2017-12-31,L,USD,2018-02-15 00:00:00,2018-02-15 10:26:25,FY,1164000000,874000000,-47000000,0,-1221000000,0,0,0,-48657000000,164000000,2590000000,-1031000000,-1139000000,-9232000000,9079000000,-373000000,-2655000000,-2411000000,0,-216000000,-84000000,-155000000,201000000,9000000,145000000,472000000,327000000,2590000000,-1031000000,1559000000,https://www.sec.gov/Archives/edgar/data/60086/000119312518046681/0001193125-18-046681-index.html,https://www.sec.gov/Archives/edgar/data/60086/000119312518046681/d522464d10k.htm,1620594296,17:04:56,20210509
4,2016-12-31,L,USD,2017-02-16 00:00:00,2017-02-16 14:38:36,FY,654000000,841000000,102000000,0,1049000000,0,0,0,-47436000000,73000000,2253000000,-1450000000,-79000000,-9827000000,8709000000,158000000,-2187000000,-3418000000,0,-134000000,-84000000,-144000000,-166000000,-13000000,-113000000,327000000,440000000,2253000000,-1450000000,803000000,https://www.sec.gov/Archives/edgar/data/60086/000119312517046521/0001193125-17-046521-index.html,https://www.sec.gov/Archives/edgar/data/60086/000119312517046521/d284597d10k.htm,1620594296,17:04:56,20210509
5,2015-12-31,L,USD,2016-02-19 00:00:00,2016-02-19 17:12:22,FY,260000000,955000000,-225000000,0,-95000000,0,0,0,-48485000000,105000000,3547000000,-1555000000,-157000000,-8737000000,8662000000,-167000000,-1935000000,-1929000000,7000000,-1265000000,-90000000,-76000000,-1525000000,-11000000,76000000,440000000,364000000,3547000000,-1555000000,1992000000,https://www.sec.gov/Archives/edgar/data/60086/000119312516470141/0001193125-16-470141-index.html,https://www.sec.gov/Archives/edgar/data/60086/000119312516470141/d90277d10k.htm,1620594296,17:04:56,20210509
6,2014-12-31,L,USD,2015-02-24,2015-02-23 21:36:03,FY,591000000,899000000,11000000,0,1790000000,0,0,0,-48390000000,198000000,2990000000,-2753000000,-448000000,-9448000000,10324000000,-72000000,-1470000000,-2269000000,6000000,-622000000,-95000000,-466000000,-1442000000,-8000000,70000000,364000000,294000000,2990000000,-2753000000,237000000,https://www.sec.gov/Archives/edgar/data/60086/000119312515058679/d841155d10k.htm,https://www.sec.gov/Archives/edgar/data/60086/000119312515058679/d841155d10k.htm,1620594296,17:04:56,20210509
7,2013-12-31,L,USD,2014-02-24,2014-02-24 15:59:00,FY,595000000,871000000,6000000,0,963000000,0,0,0,-50180000000,-297000000,2097000000,-1737000000,-53000000,-11375000000,10243000000,-257000000,-3298000000,-1494000000,5000000,-228000000,-97000000,-170000000,1271000000,-3000000,67000000,295000000,228000000,2097000000,-1737000000,360000000,https://www.sec.gov/Archives/edgar/data/60086/000119312514064964/d620046d10k.htm,https://www.sec.gov/Archives/edgar/data/60086/000119312514064964/d620046d10k.htm,1620594296,17:04:56,20210509
8,2012-12-31,L,USD,2013-02-22 00:00:00,2013-02-22 10:00:53,FY,568000000,905000000,-22000000,0,-8750000000,0,0,0,-51143000000,-48000000,2854000000,-1405000000,-987000000,-10545000000,9908000000,-142000000,-3095000000,-2910000000,13000000,-212000000,-99000000,392000000,336000000,4000000,99000000,228000000,129000000,2854000000,-1405000000,1449000000,https://www.sec.gov/Archives/edgar/data/60086/000119312513070611/0001193125-13-070611-index.html,https://www.sec.gov/Archives/edgar/data/60086/000119312513070611/d464015d10k.htm,1620594296,17:04:56,20210509
9,2011-12-31,L,USD,2012-02-22 00:00:00,2012-02-22 16:47:11,FY,1064000000,833000000,0,0,-596000000,0,0,0,-42393000000,400000000,3965000000,-857000000,-548000000,-12532000000,12285000000,-473000000,-1903000000,-2832000000,4000000,-732000000,-101000000,-713000000,-2053000000,0,9000000,129000000,120000000,3965000000,-857000000,3108000000,https://www.sec.gov/Archives/edgar/data/60086/000119312512072891/0001193125-12-072891-index.html,https://www.sec.gov/Archives/edgar/data/60086/000119312512072891/d257213d10k.htm,1620594296,17:04:56,20210509
10,2010-12-31,L,USD,2011-02-23,2011-02-23 13:45:57,FY,1288000000,816000000,0,0,-54041000000,0,0,0,-41797000000,234000000,-47000000,-917000000,0,-17394000000,18087000000,7000000,664000000,-659000000,352000000,-405000000,-105000000,-516000000,-688000000,1000000,-70000000,120000000,190000000,-47000000,-917000000,-964000000,https://www.sec.gov/Archives/edgar/data/60086/000119312511043352/d10k.htm,https://www.sec.gov/Archives/edgar/data/60086/000119312511043352/d10k.htm,1620594296,17:04:56,20210509
11,2009-12-31,L,USD,2010-02-24 00:00:00,2010-02-24 14:21:07,FY,564000000,585000000,0,0,4682000000,0,0,0,12244000000,1847000000,4591000000,-2529000000,0,-26078000000,23598000000,38000000,-4863000000,-902000000,8000000,-334000000,-756000000,177000000,321000000,10000000,59000000,190000000,131000000,4591000000,-2529000000,2062000000,https://www.sec.gov/Archives/edgar/data/60086/000119312510038679/0001193125-10-038679-index.html,https://www.sec.gov/Archives/edgar/data/60086/000119312510038679/d10k.htm,1620594296,17:04:56,20210509
12,2008-12-31,L,USD,2009-02-25 00:00:00,2009-02-25 13:00:30,FY,4530000000,393000000,0,0,-5151000000,0,0,0,7562000000,2789000000,3371000000,-3997000000,0,-48931000000,49004000000,0,-3214000000,-1282000000,4000000,-103000000,-732000000,-345000000,-173000000,-13000000,-29000000,131000000,160000000,3371000000,-3997000000,-626000000,https://www.sec.gov/Archives/edgar/data/60086/000006008609000008/0000060086-09-000008-index.html,https://www.sec.gov/Archives/edgar/data/60086/000006008609000008/form10k.htm,1620594296,17:04:56,20210509
13,2007-12-31,L,USD,2008-02-27,2008-02-27 16:35:45,FY,2489000000,221000000,-43000000,0,2737000000,2940000000,0,-575000000,12713000000,653000000,5671000000,-2297000000,-4029000000,-73396000000,76371000000,-3501000000,-6815000000,-5000000,543000000,-672000000,-785000000,-98000000,1125000000,5000000,-14000000,160000000,174000000,5671000000,-2297000000,3374000000,https://www.sec.gov/Archives/edgar/data/60086/000006008608000018/form10k.htm,https://www.sec.gov/Archives/edgar/data/60086/000006008608000018/form10k.htm,1620594296,17:04:56,20210509
14,2007-02-23,L,USD,2007-02-26,2007-02-23 17:39:13,FY,165000000,-407000000,254000000,0,-6293700000,2489000000,0,0,9976000000,0,1725000000,-2210000000,-4029000000,0,0,0,0,0,0,0,0,0,0,0,0,0,0,1725000000,0,1725000000,https://www.sec.gov/Archives/edgar/data/60086/000006008607000015/0000060086-07-000015-index.htm,https://www.sec.gov/Archives/edgar/data/60086/000006008607000015/form10-k.htm,1620594296,17:04:56,20210509
15,2006-12-31,L,USD,2006-12-31,2006-12-31,FY,2491300000,-8000000,254500000,0,1038100000,1254300000,0,-708600000,16269700000,2423100000,1714700000,-934600000,0,-66320600000,61724300000,2870200000,-2636700000,-730200000,2071500000,-509800000,-445400000,-569000000,914000000,0,-8000000,174000000,182000000,1714700000,-934600000,780100000,,,1620594296,17:04:56,20210509
16,2005-12-31,L,USD,2006-03-10,2006-03-09 20:29:19,FY,1211600000,174500000,-109600000,0,-428900000,3536200000,0,-2275000000,15231600000,225500000,3367100000,-477800000,57000000,-81855100000,80387800000,113300000,-1774500000,-3277700000,703900000,0,-261900000,-269000000,-1644600000,0,-52000000,182000000,234000000,3367100000,-477800000,2889300000,https://www.sec.gov/Archives/edgar/data/60086/000006008606000024/body.htm,https://www.sec.gov/Archives/edgar/data/60086/000006008606000024/body.htm,1620594296,17:04:56,20210509
17,2004-12-31,L,USD,2004-12-31,2004-12-31,FY,1231300000,329300000,52700000,0,2977700000,-627100000,0,824700000,15660500000,313700000,2821100000,-267000000,0,-77935200000,74160400000,1123200000,-3977300000,-606000000,287800000,-18100000,-231600000,15300000,1195300000,0,39100000,219900000,180800000,2821100000,-267000000,2554100000,,,1620594296,17:04:56,20210509
18,2003-12-31,L,USD,2003-12-31,2003-12-31,FY,-610700000,192000000,179900000,0,-888800000,-4250000000,0,7240500000,12682800000,-313900000,2783800000,-446400000,0,-73377000000,71327800000,320800000,-2871600000,-807500000,399700000,-17900000,-218200000,22200000,84700000,0,-3100000,180800000,183900000,2783800000,-446400000,2337400000,,,1620594296,17:04:56,20210509
19,2002-12-31,L,USD,2002-12-31,2002-12-31,FY,912000000,139000000,-7300000,0,1401600000,1001000000,0,-201900000,13571600000,-602800000,1789200000,-514400000,0,-85961200000,85742500000,-1227600000,-1932500000,-352900000,1070100000,-394200000,-197000000,-43600000,147400000,0,4100000,185400000,181300000,1789200000,-514400000,1274800000,,,1620594296,17:04:56,20210509
20,2001-12-31,L,USD,2002-03-08 00:00:00,2002-03-08 00:00:00,FY,-589100000,58700000,76400000,0,-1476100000,817400000,0,1397300000,12170000000,956900000,538900000,-502500000,0,-76437800000,77369000000,-643100000,64000000,-1138200000,49600000,-320000000,-144000000,-64300000,-616800000,0,-13900000,181300000,195200000,538900000,-502500000,36400000,https://www.sec.gov/Archives/edgar/data/60086/000006008602000008/0000060086-02-000008-index.html,https://www.sec.gov/Archives/edgar/data/60086/000006008602000008/lc01k.txt,1620594296,17:04:56,20210509
21,2000-12-31,L,USD,2000-12-31,2000-12-31,FY,1876700000,-13900000,532700000,0,1324600000,-16551000,0,-1464349000,13646100000,2149349000,-466700000,-667200000,0,-63485300000,65508900000,-338900000,1017500000,-166600000,0,-433600000,-133200000,-283000000,-539500000,0,11300000,195200000,183900000,-466700000,-667200000,-1133900000,,,1620594296,17:04:56,20210509
22,1999-12-31,L,USD,1999-12-31,1999-12-31,FY,363200000,298000000,153500000,0,-509200000,-449800000,0,397700000,12321500000,-743400000,-1776900000,-708200000,0,-60108100000,62496500000,1067800000,2748000000,-478100000,0,-601600000,-149000000,-71000000,-1074600000,0,-103500000,183900000,287400000,-1776900000,-708200000,-2485100000,,,1620594296,17:04:56,20210509
23,1998-12-31,L,USD,1998-12-31,1998-12-31,FY,464800000,219700000,51800000,0,754200000,-799500000,0,187900000,12830700000,811700000,-236200000,-644000000,0,-71214100000,71823900000,426800000,392600000,-861900000,0,-409100000,-155300000,-14300000,-366800000,0,-210400000,287400000,497800000,-236200000,-644000000,-880200000,,,1620594296,17:04:56,20210509
24,1997-12-31,L,USD,1997-12-31,1997-12-31,FY,793600000,226500000,59300000,0,1762000000,692200000,0,-410300000,12076500000,-158000000,227800000,-702400000,0,-48767000000,48573000000,-395500000,-1282000000,-271400000,0,0,-115000000,-18300000,1246300000,0,192100000,497800000,305700000,227800000,-702400000,-474600000,,,1620594296,17:04:56,20210509
25,1996-12-31,L,USD,1996-12-31,1996-12-31,FY,1383900000,107400000,474900000,0,-252400000,-130500000,0,1012300000,10314500000,-1817100000,943700000,-545500000,0,-44614600000,44769300000,-225800000,-562200000,-574200000,0,-215700000,-116200000,-29600000,-317500000,0,64000000,305700000,241700000,943700000,-545500000,398200000,,,1620594296,17:04:56,20210509
26,1995-12-31,L,USD,1995-12-31,1995-12-31,FY,1765700000,84400000,302300000,0,53353900000,-205900000,0,290300000,10566900000,-829800000,1295900000,-257900000,0,-30754600000,32264000000,-3517700000,-2249700000,-8800000,0,-6000000,-73800000,-11600000,1034900000,0,81100000,241700000,160600000,1295900000,-257900000,1038000000,,,1620594296,17:04:56,20210509
27,1994-12-31,L,USD,1995-03-27 00:00:00,1995-03-27 00:00:00,FY,267834000,40700000,-112071000,0,-1144584000,-605700000,0,78800000,-42787000000,2447406000,1499251000,-209092000,0,-36135612000,30939175000,4142258000,-1165533000,-54463000,0,-225074000,-60240000,10396000,-328864000,0,4854000,160557000,155703000,1499251000,-209092000,1290159000,https://www.sec.gov/Archives/edgar/data/60086/000006008695000007/0000060086-95-000007-index.html,https://www.sec.gov/Archives/edgar/data/60086/0000060086-95-000007.txt,1620594296,17:04:56,20210509
