,date,symbol,reportedCurrency,fillingDate,acceptedDate,period,netIncome,depreciationAndAmortization,deferredIncomeTax,stockBasedCompensation,changeInWorkingCapital,accountsReceivables,inventory,accountsPayables,otherWorkingCapital,otherNonCashItems,netCashProvidedByOperatingActivities,investmentsInPropertyPlantAndEquipment,acquisitionsNet,purchasesOfInvestments,salesMaturitiesOfInvestments,otherInvestingActivites,netCashUsedForInvestingActivites,debtRepayment,commonStockIssued,commonStockRepurchased,dividendsPaid,otherFinancingActivites,netCashUsedProvidedByFinancingActivities,effectOfForexChangesOnCash,netChangeInCash,cashAtEndOfPeriod,cashAtBeginningOfPeriod,operatingCashFlow,capitalExpenditure,freeCashFlow,link,finalLink,timestamp,est_time,est_date
0,2020-12-31,FVE,USD,2021-02-25,2021-02-25 16:51:12,FY,-7589000.0,10997000.0,0.0,513000.0,105332000.0,23636000.0,0.0,-6986000.0,84400000.0,633000.0,51381000.0,-5427000.0,0.0,-5750000.0,10408000.0,0.0,2243000.0,-387000.0,-559000.0,0.0,0.0,-619000.0,-1006000.0,0.0,52618000.0,109597000,56979000.0,51381000.0,-5427000.0,45954000.0,https://www.sec.gov/Archives/edgar/data/1159281/000115928121000019/0001159281-21-000019-index.htm,https://www.sec.gov/Archives/edgar/data/1159281/000115928121000019/fve-20201231.htm,1620592343,16:32:23,20210509
1,2019-12-31,FVE,USD,2020-03-02,2020-03-02 17:20:41,FY,-19995000.0,16640000.0,0.0,439000.0,70708000.0,-1323000.0,0.0,0.0,-20932000.0,-13494000.0,-4109000.0,-57494000.0,0.0,-2991000.0,5193000.0,0.0,62981000.0,-56849000.0,0.0,0.0,0.0,-1297000.0,-53146000.0,0.0,5721000.0,56979000,51258000.0,-4109000.0,-754000.0,-61603000.0,https://www.sec.gov/Archives/edgar/data/1159281/000115928120000016/0001159281-20-000016-index.htm,https://www.sec.gov/Archives/edgar/data/1159281/000115928120000016/a12312019-10kxdocument.htm,1620592343,16:32:23,20210509
2,2018-12-31,FVE,USD,2019-03-06,2019-03-06 15:13:41,FY,-74083000.0,35939000.0,0.0,616000.0,-70183000.0,-3989000.0,0.0,0.0,-91640000.0,1192000.0,-54223000.0,-48980000.0,0.0,-5297000.0,9438000.0,0.0,4936000.0,-25509000.0,0.0,0.0,0.0,-11000.0,50964000.0,0.0,1677000.0,50155000,48478000.0,-54223000.0,31819000.0,-103203000.0,https://www.sec.gov/Archives/edgar/data/1159281/000115928119000009/0001159281-19-000009-index.htm,https://www.sec.gov/Archives/edgar/data/1159281/000115928119000009/a12312018-10kxdocument.htm,1620592343,16:32:23,20210509
3,2017-12-31,FVE,USD,2018-03-21,2018-03-21 16:18:47,FY,-20902000.0,38192000.0,0.0,1094000.0,22149000.0,-5046000.0,0.0,0.0,-21457000.0,295000.0,17119000.0,-71095000.0,0.0,-14409000.0,22382000.0,-5255000.0,11249000.0,-81766000.0,0.0,0.0,0.0,-1955000.0,-18721000.0,0.0,9647000.0,26255000,16608000.0,17119000.0,39076000.0,-53976000.0,https://www.sec.gov/Archives/edgar/data/1159281/000115928118000007/0001159281-18-000007-index.htm,https://www.sec.gov/Archives/edgar/data/1159281/000115928118000007/a12312017-10kxdocument.htm,1620592343,16:32:23,20210509
4,2016-12-31,FVE,USD,2017-03-03,2017-03-03 14:18:06,FY,-21813000.0,38052000.0,0.0,1194000.0,88245000.0,-4528000.0,0.0,0.0,-43606000.0,-638000.0,-23442000.0,-55419000.0,0.0,-8388000.0,17905000.0,101504000.0,77039000.0,-76260000.0,0.0,0.0,0.0,-386000.0,-51646000.0,0.0,1936000.0,16608000,14672000.0,-23442000.0,-55419000.0,-78861000.0,https://www.sec.gov/Archives/edgar/data/1159281/000115928117000010/0001159281-17-000010-index.htm,https://www.sec.gov/Archives/edgar/data/1159281/000115928117000010/a12312016-10kxdocument.htm,1620592343,16:32:23,20210509
5,2015-12-31,FVE,USD,2016-03-02,2016-03-02 15:36:42,FY,-43083000.0,33672000.0,0.0,1618000.0,-38240000.0,-3661000.0,0.0,0.0,-131851000.0,27107000.0,38389000.0,-57480000.0,-9000000.0,-17870000.0,10857000.0,-737000.0,-53298000.0,-30998000.0,0.0,0.0,0.0,-390000.0,8612000.0,0.0,-6316000.0,14672000,20988000.0,38389000.0,-9200000.0,-19282000.0,https://www.sec.gov/Archives/edgar/data/1159281/000155837016003783/0001558370-16-003783-index.htm,https://www.sec.gov/Archives/edgar/data/1159281/000155837016003783/fve-20151231x10k.htm,1620592343,16:32:23,20210509
6,2014-12-31,FVE,USD,2015-03-16,2015-03-16 17:23:08,FY,-85406000.0,33470000.0,55334000.0,1485000.0,-45967000.0,-6651000.0,0.0,13387000.0,-93611000.0,2074000.0,27856000.0,-49916000.0,-6000000.0,-22431000.0,10876000.0,13683000.0,-28735000.0,-21979000.0,0.0,0.0,0.0,-47000.0,-2026000.0,0.0,-2640000.0,20988000,23628000.0,27856000.0,-5926000.0,-22060000.0,https://www.sec.gov/Archives/edgar/data/1159281/000155837015000369/0001558370-15-000369-index.htm,https://www.sec.gov/Archives/edgar/data/1159281/000155837015000369/fve-20141231x10k.htm,1620592343,16:32:23,20210509
7,2013-12-31,FVE,USD,2014-09-17,2014-09-17 17:20:38,FY,-2340000.0,28109000.0,-2793000.0,1410000.0,-998000.0,-4147000.0,0.0,0.0,-47644000.0,1596000.0,28777000.0,-53766000.0,0.0,-13974000.0,6285000.0,-84000.0,-36898000.0,-75965000.0,0.0,0.0,0.0,0.0,1501000.0,0.0,-1010000.0,23628000,24638000.0,28777000.0,-53766000.0,-24989000.0,https://www.sec.gov/Archives/edgar/data/1159281/000104746914007708/0001047469-14-007708-index.htm,https://www.sec.gov/Archives/edgar/data/1159281/000104746914007708/a2220170z10-k.htm,1620592343,16:32:23,20210509
8,2012-12-31,FVE,USD,2013-02-19,2013-02-19 17:07:31,FY,24945000.0,25064000.0,10556000.0,1267000.0,1169000.0,-1921000.0,0.0,15482000.0,-46646000.0,1267000.0,50737000.0,-57386000.0,0.0,-5076000.0,4163000.0,-9784000.0,-3265000.0,-113708000.0,0.0,0.0,0.0,0.0,-51208000.0,0.0,-3736000.0,24638000,28374000.0,50737000.0,-57386000.0,-6649000.0,https://www.sec.gov/Archives/edgar/data/1159281/000104746913001251/0001047469-13-001251-index.htm,https://www.sec.gov/Archives/edgar/data/1159281/000104746913001251/a2212875z10-k.htm,1620592343,16:32:23,20210509
9,2011-12-31,FVE,USD,2012-02-17,2012-02-17 14:47:04,FY,64201000.0,21127000.0,-54699000.0,1271000.0,-40990000.0,-6568000.0,0.0,0.0,-47815000.0,0.0,44258000.0,-60926000.0,-108000000.0,-2776000.0,10896000.0,0.0,-127302000.0,-55305000.0,53953000.0,0.0,0.0,0.0,90648000.0,0.0,7604000.0,28374000,20770000.0,44258000.0,-60926000.0,-16668000.0,https://www.sec.gov/Archives/edgar/data/1159281/000104746912001151/0001047469-12-001151-index.htm,https://www.sec.gov/Archives/edgar/data/1159281/000104746912001151/a2207076z10-k.htm,1620592343,16:32:23,20210509
10,2010-12-31,FVE,USD,2011-02-23,2011-02-23 13:20:37,FY,23492000.0,16802000.0,0.0,0.0,-17398000.0,-9947000.0,0.0,0.0,-6825000.0,6559000.0,107480000.0,-54585000.0,-13000000.0,-4347000.0,3081000.0,0.0,-37189000.0,-65187000.0,0.0,0.0,0.0,0.0,-54538000.0,0.0,15753000.0,20770000,5017000.0,107480000.0,-54585000.0,52895000.0,https://www.sec.gov/Archives/edgar/data/1159281/000104746911001188/0001047469-11-001188-index.htm,https://www.sec.gov/Archives/edgar/data/1159281/000104746911001188/a2202117z10-k.htm,1620592343,16:32:23,20210509
11,2009-12-31,FVE,USD,2010-02-19,2010-02-19 17:25:26,FY,38330000.0,16379000.0,0.0,0.0,25451000.0,5037000.0,0.0,2512000.0,10573000.0,-172000.0,28244000.0,-63311000.0,-1000000.0,-5134000.0,4775000.0,0.0,-19228000.0,-81870000.0,8960000.0,0.0,0.0,0.0,-13855000.0,0.0,-4839000.0,11299000,16138000.0,28244000.0,-63311000.0,-35067000.0,https://www.sec.gov/Archives/edgar/data/1159281/000104746910001032/0001047469-10-001032-index.htm,https://www.sec.gov/Archives/edgar/data/1159281/000104746910001032/a2196365z10-k.htm,1620592343,16:32:23,20210509
12,2008-12-31,FVE,USD,2009-03-02,2009-03-02 13:43:55,FY,-4496000.0,14719000.0,0.0,0.0,-96832000.0,-8385000.0,0.0,0.0,-14878000.0,1456000.0,44791000.0,-80822000.0,-62000000.0,0.0,0.0,-5733000.0,-78850000.0,-19677000.0,0.0,0.0,0.0,0.0,19198000.0,0.0,-14861000.0,16138000,30999000.0,44791000.0,-80822000.0,-36031000.0,https://www.sec.gov/Archives/edgar/data/1159281/000104746909002090/0001047469-09-002090-index.htm,https://www.sec.gov/Archives/edgar/data/1159281/000104746909002090/a2190951z10-k.htm,1620592343,16:32:23,20210509
13,2007-12-31,FVE,USD,2008-03-05,2008-03-05 15:11:05,FY,23326000.0,13595000.0,0.0,0.0,9123000.0,0.0,0.0,0.0,81954000.0,-4660000.0,38582000.0,-73423000.0,0.0,0.0,0.0,760000.0,-24995000.0,0.0,0.0,0.0,0.0,0.0,-28829000.0,0.0,-15242000.0,30999000,46241000.0,38582000.0,-73423000.0,-34841000.0,https://www.sec.gov/Archives/edgar/data/1159281/000110465908015442/0001104659-08-015442-index.htm,https://www.sec.gov/Archives/edgar/data/1159281/000110465908015442/a08-6993_110k.htm,1620592343,16:32:23,20210509
14,2006-12-31,FVE,USD,2007-03-07,2007-03-07 16:08:28,FY,-116665000.0,9950000.0,0.0,0.0,67919000.0,0.0,0.0,0.0,72831000.0,3506000.0,-181216000.0,-51134000.0,-6000000.0,0.0,0.0,0.0,-33373000.0,0.0,114907000.0,0.0,0.0,0.0,240849000.0,0.0,29865000.0,46241000,16376000.0,-181216000.0,-51134000.0,-232350000.0,https://www.sec.gov/Archives/edgar/data/1159281/000110465907017079/0001104659-07-017079-index.htm,https://www.sec.gov/Archives/edgar/data/1159281/000110465907017079/a07-5624_110k.htm,1620592343,16:32:23,20210509
15,2005-12-31,FVE,USD,2006-03-13,2006-03-13 17:02:19,FY,-84159000.0,7114000.0,0.0,0.0,-12010000.0,0.0,0.0,0.0,4912000.0,0.0,-56877000.0,-105474000.0,-5000000.0,-11105000.0,0.0,0.0,-16697000.0,0.0,56613000.0,0.0,0.0,0.0,59361000.0,0.0,-14213000.0,16729000,30942000.0,-56877000.0,-105474000.0,-162351000.0,https://www.sec.gov/Archives/edgar/data/1159281/000110465906016183/0001104659-06-016183-index.htm,https://www.sec.gov/Archives/edgar/data/1159281/000110465906016183/a06-2154_110k.htm,1620592343,16:32:23,20210509
16,2004-12-31,FVE,USD,2005-03-29,2005-03-29 17:09:19,FY,3291000.0,3666000.0,0.0,0.0,15379000.0,0.0,0.0,0.0,16922000.0,0.0,337000.0,-26505000.0,0.0,0.0,0.0,-10447000.0,-13248000.0,0.0,27645000.0,0.0,0.0,0.0,21494000.0,0.0,8583000.0,26194000,17611000.0,337000.0,-26505000.0,-26168000.0,https://www.sec.gov/Archives/edgar/data/1159281/000110465905013449/0001104659-05-013449-index.htm,https://www.sec.gov/Archives/edgar/data/1159281/000110465905013449/a05-1953_110k.htm,1620592343,16:32:23,20210509
17,2003-12-31,FVE,USD,2004-03-29,2004-03-26 18:21:42,FY,-7939000.0,3588000.0,0.0,0.0,-12321000.0,0.0,0.0,0.0,1543000.0,0.0,18913000.0,-15812000.0,0.0,0.0,0.0,-10423000.0,-2260000.0,0.0,0.0,0.0,0.0,0.0,-5687000.0,0.0,10966000.0,21236000,10270000.0,18913000.0,-15812000.0,3101000.0,https://www.sec.gov/Archives/edgar/data/1159281/000110465904008607/0001104659-04-008607-index.htm,https://www.sec.gov/Archives/edgar/data/1159281/000110465904008607/a04-3844_110k.htm,1620592343,16:32:23,20210509
18,2002-12-31,FVE,USD,2003-03-27 00:00:00,2003-03-27 17:30:16,FY,-13174000.0,1885000.0,0.0,0.0,-33455000.0,0.0,0.0,0.0,13864000.0,0.0,8873000.0,-51881000.0,0.0,0.0,0.0,3277000.0,-48604000.0,0.0,26113000.0,0.0,0.0,-1055000.0,25058000.0,0.0,-14673000.0,10270000,24943000.0,8873000.0,-51881000.0,-43008000.0,https://www.sec.gov/Archives/edgar/data/1159281/000104746903010611/0001047469-03-010611-index.html,https://www.sec.gov/Archives/edgar/data/1159281/000104746903010611/a2106588z10-k.htm,1620592343,16:32:23,20210509
19,2001-12-31,FVE,USD,2001-12-31,2001-12-31,FY,527000.0,1321000.0,0.0,0.0,-4595000.0,0.0,0.0,0.0,47319000.0,0.0,-1160000.0,-2176000.0,0.0,0.0,0.0,0.0,-2176000.0,0.0,233000.0,0.0,0.0,11767000.0,21100000.0,0.0,17764000.0,24943000,7179000.0,-1160000.0,-2176000.0,-3336000.0,,,1620592343,16:32:23,20210509
