,date,symbol,reportedCurrency,fillingDate,acceptedDate,period,netIncome,depreciationAndAmortization,deferredIncomeTax,stockBasedCompensation,changeInWorkingCapital,accountsReceivables,inventory,accountsPayables,otherWorkingCapital,otherNonCashItems,netCashProvidedByOperatingActivities,investmentsInPropertyPlantAndEquipment,acquisitionsNet,purchasesOfInvestments,salesMaturitiesOfInvestments,otherInvestingActivites,netCashUsedForInvestingActivites,debtRepayment,commonStockIssued,commonStockRepurchased,dividendsPaid,otherFinancingActivites,netCashUsedProvidedByFinancingActivities,effectOfForexChangesOnCash,netChangeInCash,cashAtEndOfPeriod,cashAtBeginningOfPeriod,operatingCashFlow,capitalExpenditure,freeCashFlow,link,finalLink,timestamp,est_time,est_date
0,2019-12-31,TLX,USD,2020-03-20 00:00:00,2020-03-20 17:02:55,FY,-1402000.0,1137000.0,0.0,0.0,5399000.0,-18000.0,19000.0,-2783000.0,-3065000.0,0.0,-4337000.0,-377000.0,0.0,0.0,0.0,-44000.0,-421000.0,-3037000.0,0.0,-535000.0,-80000.0,8174000.0,4522000.0,-2000.0,535000.0,535000.0,1623000.0,-4337000.0,-377000.0,-4714000.0,https://www.sec.gov/Archives/edgar/data/99106/000151316220000064/0001513162-20-000064-index.html,https://www.sec.gov/Archives/edgar/data/99106/000151316220000064/form10k.htm,1620598875,18:21:15,20210509
1,2018-12-31,TLX,USD,2019-04-15,2019-04-15 17:01:38,FY,-4694000.0,1179000.0,0.0,10000.0,-2713000.0,-300000.0,-37000.0,950000.0,-8464000.0,0.0,-1068000.0,-140000.0,0.0,0.0,0.0,0.0,-140000.0,-1483000.0,1500000.0,-723000.0,-99000.0,1723000.0,918000.0,4000.0,-286000.0,723000.0,1009000.0,-1068000.0,-140000.0,-1208000.0,https://www.sec.gov/Archives/edgar/data/99106/000151316219000109/0001513162-19-000109-index.htm,https://www.sec.gov/Archives/edgar/data/99106/000151316219000109/form10k.htm,1620598875,18:21:15,20210509
2,2017-12-31,TLX,USD,2018-03-30 00:00:00,2018-03-30 17:01:22,FY,-2849000.0,1301000.0,0.0,338000.0,-1762000.0,-600000.0,-271000.0,1285000.0,-5751000.0,0.0,-810000.0,-190000.0,0.0,0.0,0.0,0.0,-772000.0,-2182000.0,0.0,0.0,-198000.0,0.0,1718000.0,0.0,141000.0,747000.0,606000.0,-810000.0,-190000.0,-1000000.0,https://www.sec.gov/Archives/edgar/data/99106/000151316218000086/0001513162-18-000086-index.html,https://www.sec.gov/Archives/edgar/data/99106/000151316218000086/form10k.htm,1620598875,18:21:15,20210509
3,2016-12-31,TLX,USD,2017-03-24 00:00:00,2017-03-24 17:01:46,FY,-611000.0,1746000.0,0.0,21000.0,-1529000.0,-528000.0,-17000.0,284000.0,-3989000.0,0.0,-772000.0,-2037000.0,0.0,0.0,0.0,659000.0,-1378000.0,-682000.0,0.0,-606000.0,-177000.0,3666000.0,2201000.0,8000.0,59000.0,606000.0,547000.0,-772000.0,-2037000.0,-2809000.0,https://www.sec.gov/Archives/edgar/data/99106/000151316217000087/0001513162-17-000087-index.html,https://www.sec.gov/Archives/edgar/data/99106/000151316217000087/form10k.htm,1620598875,18:21:15,20210509
4,2015-12-31,TLX,USD,2016-03-29 00:00:00,2016-03-29 17:22:26,FY,-1749000.0,2473000.0,0.0,0.0,-2131000.0,-544000.0,-65000.0,-589000.0,-2460000.0,0.0,-2561000.0,-175000.0,0.0,0.0,0.0,-61000.0,-236000.0,-790000.0,0.0,-547000.0,0.0,4040000.0,2703000.0,-9000.0,-103000.0,547000.0,650000.0,-2561000.0,-175000.0,-2736000.0,https://www.sec.gov/Archives/edgar/data/99106/000151316216000780/0001513162-16-000780-index.html,https://www.sec.gov/Archives/edgar/data/99106/000151316216000780/form10k.htm,1620598875,18:21:15,20210509
5,2014-12-31,TLX,USD,2015-04-02 00:00:00,2015-04-01 21:29:53,FY,-4628000.0,3153000.0,0.0,150000.0,5629000.0,-412000.0,712000.0,-58000.0,-329000.0,0.0,-1617000.0,-83000.0,0.0,0.0,0.0,-44000.0,-127000.0,-61000.0,0.0,-650000.0,0.0,3050000.0,2339000.0,0.0,595000.0,650000.0,55000.0,-1617000.0,-83000.0,-1700000.0,https://www.sec.gov/Archives/edgar/data/99106/000151316215000177/0001513162-15-000177-index.html,https://www.sec.gov/Archives/edgar/data/99106/000151316215000177/form_10k.htm,1620598875,18:21:15,20210509
6,2013-12-31,TLX,USD,2014-05-13,2014-05-13 17:21:42,FY,-1869000.0,3538000.0,0.0,0.0,1713000.0,-463000.0,-55000.0,286000.0,-5958000.0,0.0,-1203000.0,-199000.0,0.0,0.0,0.0,-94000.0,-293000.0,-1060000.0,0.0,-55000.0,0.0,1903000.0,788000.0,0.0,-1109000.0,55000.0,1164000.0,-1203000.0,-199000.0,-1402000.0,https://www.sec.gov/Archives/edgar/data/99106/000151316214000306/0001513162-14-000306-index.htm,https://www.sec.gov/Archives/edgar/data/99106/000151316214000306/form_10k.htm,1620598875,18:21:15,20210509
7,2012-12-31,TLX,USD,2013-07-02,2013-07-02 17:06:39,FY,-1365000.0,4104000.0,0.0,3000.0,3653000.0,149000.0,407000.0,-111000.0,-7671000.0,0.0,323000.0,-72000.0,0.0,0.0,0.0,-484000.0,-556000.0,-66000.0,0.0,-1164000.0,0.0,1230000.0,434000.0,0.0,55000.0,1164000.0,1109000.0,323000.0,-72000.0,251000.0,https://www.sec.gov/Archives/edgar/data/99106/000151316213000486/0001513162-13-000486-index.htm,https://www.sec.gov/Archives/edgar/data/99106/000151316213000486/tlx_10k2012.htm,1620598875,18:21:15,20210509
8,2011-12-31,TLX,USD,2012-04-16,2012-04-16 16:50:59,FY,-1418000.0,4615000.0,0.0,24000.0,0.0,858000.0,1977000.0,-1081000.0,-11324000.0,0.0,-533000.0,-64000.0,0.0,0.0,0.0,0.0,-472000.0,-6784000.0,0.0,0.0,0.0,0.0,1716000.0,0.0,711000.0,1109000.0,398000.0,-533000.0,-64000.0,-597000.0,https://www.sec.gov/Archives/edgar/data/99106/000151316212000250/0001513162-12-000250-index.htm,https://www.sec.gov/Archives/edgar/data/99106/000151316212000250/translux_10k.htm,1620598875,18:21:15,20210509
