,date,symbol,reportedCurrency,fillingDate,acceptedDate,period,netIncome,depreciationAndAmortization,deferredIncomeTax,stockBasedCompensation,changeInWorkingCapital,accountsReceivables,inventory,accountsPayables,otherWorkingCapital,otherNonCashItems,netCashProvidedByOperatingActivities,investmentsInPropertyPlantAndEquipment,acquisitionsNet,purchasesOfInvestments,salesMaturitiesOfInvestments,otherInvestingActivites,netCashUsedForInvestingActivites,debtRepayment,commonStockIssued,commonStockRepurchased,dividendsPaid,otherFinancingActivites,netCashUsedProvidedByFinancingActivities,effectOfForexChangesOnCash,netChangeInCash,cashAtEndOfPeriod,cashAtBeginningOfPeriod,operatingCashFlow,capitalExpenditure,freeCashFlow,link,finalLink,timestamp,est_time,est_date
0,2020-12-31,DLX,USD,2021-02-19,2021-02-19 15:32:17,FY,8808000.0,110792000,-5244000.0,21824000.0,30547000.0,-2709000.0,-11281000.0,-9518000.0,94811000.0,74009000.0,217553000,0.0,10000000.0,-3918000.0,7764000.0,4068000.0,-56093000.0,-352500000.0,0.0,-14000000.0,-50746000.0,-6056000.0,-110555000.0,3693000.0,54598000.0,229409000.0,174811000.0,217553000,-73720000,143833000,https://www.sec.gov/Archives/edgar/data/27996/000002799621000033/0000027996-21-000033-index.htm,https://www.sec.gov/Archives/edgar/data/27996/000002799621000033/dlx-20201231.htm,1620591177,16:12:57,20210509
1,2019-12-31,DLX,USD,2020-02-21 00:00:00,2020-02-21 15:56:30,FY,-199897000.0,126036000,-34950000.0,19702000.0,6268000.0,5609000.0,4843000.0,5130000.0,64264000.0,56388000.0,286653000,0.0,-8000000.0,-7642000.0,7642000.0,2449000.0,-75751000.0,-268000000.0,0.0,-118547000.0,-51742000.0,6797000.0,-186794000.0,5444000.0,29552000.0,174811000.0,145259000.0,286653000,-66595000,220058000,https://www.sec.gov/Archives/edgar/data/27996/000002799620000022/0000027996-20-000022-index.html,https://www.sec.gov/Archives/edgar/data/27996/000002799620000022/a2019123110-k.htm,1620591177,16:12:57,20210509
2,2018-12-31,DLX,USD,2019-02-26 00:00:00,2019-02-26 16:50:21,FY,149630000.0,131100000,-11356000.0,13378000.0,90800000.0,-16795000.0,-3641000.0,4366000.0,57996000.0,7157000.0,339315000,0.0,-192000000.0,-7807000.0,7807000.0,1082000.0,-275414000.0,-1078853000.0,0.0,-200000000.0,-56669000.0,8174000.0,-39825000.0,-7636000.0,16440000.0,145259000.0,128819000.0,339315000,-62238000,277077000,https://www.sec.gov/Archives/edgar/data/27996/000002799619000036/0000027996-19-000036-index.html,https://www.sec.gov/Archives/edgar/data/27996/000002799619000036/a2018123110-k.htm,1620591177,16:12:57,20210509
3,2017-12-31,DLX,USD,2018-02-23 00:00:00,2018-02-23 14:11:56,FY,230155000.0,122652000,-39177000.0,15109000.0,-15350000.0,5279000.0,-644000.0,-7796000.0,-32804000.0,-995000.0,338431000,0.0,-139000000.0,0.0,3500000.0,2282000.0,-180891000.0,-454165000.0,0.0,-65000000.0,-58098000.0,-11719000.0,-176949000.0,2075000.0,-17334000.0,59240000.0,76574000.0,338431000,-47450000,290981000,https://www.sec.gov/Archives/edgar/data/27996/000002799618000034/0000027996-18-000034-index.html,https://www.sec.gov/Archives/edgar/data/27996/000002799618000034/a2017123110-k.htm,1620591177,16:12:57,20210509
4,2016-12-31,DLX,USD,2017-02-24 00:00:00,2017-02-24 14:45:18,FY,229382000.0,91583000,1886000.0,12459000.0,407601000.0,-23414000.0,2244000.0,15888000.0,-17454000.0,7267000.0,319312000,0.0,-240000000.0,0.0,0.0,6767000.0,-310786000.0,-442189000.0,0.0,-55224000.0,-58720000.0,-7706000.0,4275000.0,1346000.0,14147000.0,76574000.0,62427000.0,319312000,-46614000,272698000,https://www.sec.gov/Archives/edgar/data/27996/000002799617000028/0000027996-17-000028-index.html,https://www.sec.gov/Archives/edgar/data/27996/000002799617000028/a2016123110-k.htm,1620591177,16:12:57,20210509
5,2015-12-31,DLX,USD,2016-02-19 00:00:00,2016-02-19 13:31:05,FY,218629000.0,76700000,-3256000.0,11894000.0,-276697000.0,-4525000.0,-339000.0,-4528000.0,-425055000.0,2454000.0,307933000,0.0,-213000000.0,0.0,0.0,5111000.0,-251140000.0,-208062000.0,0.0,-59952000.0,-59755000.0,1185000.0,-46689000.0,-9218000.0,886000.0,62427000.0,61541000.0,307933000,-43261000,264672000,https://www.sec.gov/Archives/edgar/data/27996/000002799616000050/0000027996-16-000050-index.html,https://www.sec.gov/Archives/edgar/data/27996/000002799616000050/a2015123110-k.htm,1620591177,16:12:57,20210509
6,2014-12-31,DLX,USD,2015-02-20,2015-02-20 13:00:09,FY,199794000.0,65842000,-7413000.0,9776000.0,22400000.0,-21095000.0,-4353000.0,12218000.0,-148358000.0,11162000.0,280395000,0.0,-97000000.0,0.0,0.0,1654000.0,-136043000.0,-254403000.0,0.0,-60119000.0,-57603000.0,3757000.0,-199345000.0,-4555000.0,-59548000.0,61541000.0,121089000.0,280395000,-41119000,239276000,https://www.sec.gov/Archives/edgar/data/27996/000002799615000005/a2014123110-k.htm,https://www.sec.gov/Archives/edgar/data/27996/000002799615000005/a2014123110-k.htm,1620591177,16:12:57,20210509
7,2013-12-31,DLX,USD,2014-02-28,2014-02-28 15:15:45,FY,186652000.0,64473000,-2243000.0,7562000.0,-170391000.0,-14754000.0,-1594000.0,886000.0,-170758000.0,10741000.0,261502000,0.0,-70000000.0,0.0,0.0,6118000.0,-101050000.0,-1555000.0,0.0,-48798000.0,-50711000.0,2819000.0,-82297000.0,-2501000.0,75654000.0,121089000.0,45435000.0,261502000,-37459000,224043000,https://www.sec.gov/Archives/edgar/data/27996/000002799614000013/a2013123110-k.htm,https://www.sec.gov/Archives/edgar/data/27996/000002799614000013/a2013123110-k.htm,1620591177,16:12:57,20210509
8,2012-12-31,DLX,USD,2013-02-22 00:00:00,2013-02-22 12:25:06,FY,170492000.0,65652000,6270000.0,7292000.0,107425000.0,-2915000.0,-1629000.0,228000.0,-367000.0,9371000.0,244077000,0.0,-32000000.0,0.0,0.0,-1761000.0,-68513000.0,-291538000.0,0.0,-27155000.0,-50918000.0,-2219000.0,-159510000.0,694000.0,16748000.0,45435000.0,28687000.0,244077000,-35193000,208884000,https://www.sec.gov/Archives/edgar/data/27996/000002799613000005/0000027996-13-000005-index.html,https://www.sec.gov/Archives/edgar/data/27996/000002799613000005/a2012123110-k.htm,1620591177,16:12:57,20210509
9,2011-12-31,DLX,USD,2012-02-24 00:00:00,2012-02-24 17:05:12,FY,144595000.0,73343000,9350000.0,5733000.0,-67517000.0,-6648000.0,-398000.0,3460000.0,-107792000.0,10612000.0,235367000,-35506000.0,-85000000.0,-18000.0,0.0,-10620000.0,-131785000.0,-215030000.0,7671000.0,-23620000.0,-51126000.0,-2461000.0,-91702000.0,-576000.0,11304000.0,28687000.0,17383000.0,235367000,-35506000,199861000,https://www.sec.gov/Archives/edgar/data/27996/000114036112010738/0001140361-12-010738-index.html,https://www.sec.gov/Archives/edgar/data/27996/000114036112010738/form10k.htm,1620591177,16:12:57,20210509
10,2010-12-31,DLX,USD,2011-02-22,2011-02-22 16:51:03,FY,152624000.0,73915000,20362000.0,6150000.0,43274000.0,-3962000.0,-470000.0,-5193000.0,-40275000.0,12802000.0,212615000,-43932000.0,-99000000.0,-14000.0,1970000.0,-1451000.0,-136170000.0,-19693000.0,3267000.0,-2999000.0,-51435000.0,-1681000.0,-72541000.0,690000.0,4594000.0,17383000.0,12789000.0,212615000,-44197000,168418000,https://www.sec.gov/Archives/edgar/data/27996/000114036111011194/form10k.htm,https://www.sec.gov/Archives/edgar/data/27996/000114036111011194/form10k.htm,1620591177,16:12:57,20210509
11,2009-12-31,DLX,USD,2010-02-19 00:00:00,2010-02-19 14:29:16,FY,99365000.0,67765000,12039000.0,6663000.0,33002000.0,-1481000.0,2793000.0,1868000.0,-83549000.0,15111000.0,205968000,-44266000.0,-31000000.0,-4581000.0,914000.0,-1391000.0,-81788000.0,-77987000.0,1972000.0,-1319000.0,-51279000.0,68000.0,-128545000.0,1594000.0,-2801000.0,12789000.0,15590000.0,205968000,-45905000,160063000,https://www.sec.gov/Archives/edgar/data/27996/000095012310014487/0000950123-10-014487-index.html,https://www.sec.gov/Archives/edgar/data/27996/000095012310014487/c56217e10vk.htm,1620591177,16:12:57,20210509
12,2008-12-31,DLX,USD,2009-02-20 00:00:00,2009-02-20 11:53:13,FY,101634000.0,90578000,-790000.0,9683000.0,-10908000.0,10578000.0,321000.0,-9768000.0,-116551000.0,21912000.0,199482000,-31865000.0,-101000000.0,0.0,0.0,427000.0,-135773000.0,-8125000.0,2801000.0,-21847000.0,-51422000.0,112000.0,-67681000.0,-2053000.0,-6025000.0,15590000.0,21615000.0,199482000,-35502000,163980000,https://www.sec.gov/Archives/edgar/data/27996/000095013709001188/0000950137-09-001188-index.html,https://www.sec.gov/Archives/edgar/data/27996/000095013709001188/c49372e10vk.htm,1620591177,16:12:57,20210509
13,2007-12-31,DLX,USD,2008-02-22,2008-02-22 17:03:54,FY,143515000.0,96080000,5280000.0,0.0,356743000.0,0.0,-779000.0,0.0,-105643000.0,28630000.0,244716000,-32328000.0,17000000.0,-1057460000.0,1057460000.0,4459000.0,-10971000.0,0.0,15923000.0,-11288000.0,-52048000.0,1242000.0,-224890000.0,1161000.0,10016000.0,21615000.0,11599000.0,244716000,-32328000,212388000,https://www.sec.gov/Archives/edgar/data/27996/000095013708002616/c23618e10vk.htm,https://www.sec.gov/Archives/edgar/data/27996/000095013708002616/c23618e10vk.htm,1620591177,16:12:57,20210509
14,2006-12-31,DLX,USD,2007-02-16,2007-02-16 11:07:00,FY,100954000.0,121446000,-37375000.0,0.0,-185239000.0,0.0,-505000.0,0.0,-462386000.0,54907000.0,239364000,-41324000.0,-7000000.0,0.0,0.0,24671000.0,-33174000.0,0.0,8936000.0,0.0,-66973000.0,1213000.0,-204587000.0,158000.0,4732000.0,11599000.0,6867000.0,239364000,-41324000,198040000,https://www.sec.gov/Archives/edgar/data/27996/000089710107000382/deluxe070505_10k.htm,https://www.sec.gov/Archives/edgar/data/27996/000089710107000382/deluxe070505_10k.htm,1620591177,16:12:57,20210509
15,2005-12-31,DLX,USD,2006-03-01,2006-03-01 14:05:02,FY,157521000.0,143079000,-11923000.0,0.0,53665000.0,0.0,-2030000.0,0.0,-277147000.0,0.0,174127000,-55653000.0,0.0,0.0,0.0,2624000.0,-55917000.0,0.0,11247000.0,0.0,-81271000.0,0.0,-142816000.0,202000.0,-8625000.0,6867000.0,15492000.0,174127000,-55653000,118474000,https://www.sec.gov/Archives/edgar/data/27996/000089710106000492/deluxe060594_10k.htm,https://www.sec.gov/Archives/edgar/data/27996/000089710106000492/deluxe060594_10k.htm,1620591177,16:12:57,20210509
16,2004-12-31,DLX,USD,2005-03-16,2005-03-16 15:50:20,FY,197991000.0,128384000,-2654000.0,0.0,-21901000.0,0.0,3980000.0,0.0,-330812000.0,0.0,312243000,-43817000.0,0.0,0.0,0.0,-2161000.0,-670837000.0,0.0,18923000.0,-26637000.0,-74302000.0,-23564000.0,369963000.0,1155000.0,12524000.0,15492000.0,2968000.0,312243000,-43817000,268426000,https://www.sec.gov/Archives/edgar/data/27996/000089710105000730/deluxe050979_10k.htm,https://www.sec.gov/Archives/edgar/data/27996/000089710105000730/deluxe050979_10k.htm,1620591177,16:12:57,20210509
17,2003-12-31,DLX,USD,2004-03-12,2004-03-12 12:13:13,FY,192474000.0,85668000,-7494000.0,0.0,-293778000.0,0.0,1482000.0,0.0,-308911000.0,0.0,181467000,-22034000.0,0.0,0.0,0.0,-2849000.0,-24883000.0,0.0,23869000.0,-507126000.0,-80453000.0,0.0,-278471000.0,0.0,-121887000.0,2968000.0,124855000.0,181467000,-22034000,159433000,https://www.sec.gov/Archives/edgar/data/27996/000089710104000509/deluxe040989_10k.htm,https://www.sec.gov/Archives/edgar/data/27996/000089710104000509/deluxe040989_10k.htm,1620591177,16:12:57,20210509
18,2002-12-31,DLX,USD,2003-03-27,2003-03-27 14:11:44,FY,214274000.0,58205000,11104000.0,0.0,268019000.0,0.0,1976000.0,0.0,-15133000.0,0.0,257139000,-40708000.0,0.0,0.0,0.0,-4285000.0,-44149000.0,0.0,30869000.0,-172803000.0,-92940000.0,-4026000.0,-97706000.0,0.0,115284000.0,124855000.0,9571000.0,257139000,-40708000,216431000,https://www.sec.gov/Archives/edgar/data/27996/000089710103000235/deluxe031250_10k.htm,https://www.sec.gov/Archives/edgar/data/27996/000089710103000235/deluxe031250_10k.htm,1620591177,16:12:57,20210509
19,2001-12-31,DLX,USD,2002-03-26 00:00:00,2002-03-26 00:00:00,FY,185900000.0,73982000,-3441000.0,0.0,-186747000.0,0.0,117000.0,0.0,-283152000.0,0.0,270623000,-28775000.0,0.0,-30000000.0,48608000.0,-4799000.0,-13497000.0,0.0,68723000.0,-345399000.0,-101773000.0,0.0,-328287000.0,0.0,-71161000.0,9571000.0,80732000.0,270623000,-28775000,241848000,https://www.sec.gov/Archives/edgar/data/27996/000104596902000507/0001045969-02-000507-index.html,https://www.sec.gov/Archives/edgar/data/27996/000104596902000507/d10k.htm,1620591177,16:12:57,20210509
20,2000-12-31,DLX,USD,2000-12-31,2000-12-31,FY,161936000.0,68570000,9490000.0,0.0,-110405000.0,0.0,2079000.0,0.0,-96405000.0,0.0,253572000,-48483000.0,0.0,-40000000.0,47627000.0,26237000.0,-96141000.0,0.0,8064000.0,0.0,-107195000.0,0.0,-159925000.0,0.0,-2494000.0,69762000.0,72256000.0,253572000,-48483000,205089000,,,1620591177,16:12:57,20210509
21,1999-12-31,DLX,USD,1999-12-31,1999-12-31,FY,203000000.0,83900000,63900000.0,0.0,-153800000.0,0.0,400000.0,0.0,14000000.0,-100000.0,220900000,-150700000.0,0.0,-17900000.0,32800000.0,-30900000.0,-300000.0,0.0,29200000.0,-314900000.0,-113500000.0,0.0,-348600000.0,0.0,-127900000.0,140500000.0,268400000.0,220900000,-150700000,70200000,,,1620591177,16:12:57,20210509
22,1998-12-31,DLX,USD,1999-03-31 00:00:00,1999-03-31 00:00:00,FY,145400000.0,85800000,13400000.0,0.0,36800000.0,0.0,3600000.0,0.0,167800000.0,-100000.0,294800000,-121300000.0,0.0,-52400000.0,19200000.0,-300000.0,-36900000.0,0.0,26200000.0,-60300000.0,-119700000.0,0.0,-160400000.0,0.0,97500000.0,268900000.0,171400000.0,294800000,-121300000,173500000,https://www.sec.gov/Archives/edgar/data/27996/000089710199000319/0000897101-99-000319-index.html,https://www.sec.gov/Archives/edgar/data/27996/0000897101-99-000319.txt,1620591177,16:12:57,20210509
23,1997-12-31,DLX,USD,1997-12-31,1997-12-31,FY,44700000.0,97300000,-25700000.0,0.0,22900000.0,0.0,300000.0,0.0,131000000.0,84800000.0,295800000,-117500000.0,0.0,-10600000.0,0.0,38700000.0,-89400000.0,0.0,23700000.0,-56300000.0,-121300000.0,0.0,-177500000.0,0.0,0.0,0.0,142600000.0,295800000,-117500000,178300000,,,1620591177,16:12:57,20210509
24,1996-12-31,DLX,USD,1997-03-31 00:00:00,1997-03-31 00:00:00,FY,65500000.0,106700000,-20700000.0,0.0,95800000.0,0.0,13400000.0,0.0,108100000.0,-200000.0,290700000,-92000000.0,0.0,-18100000.0,22300000.0,111300000.0,23500000.0,0.0,28100000.0,-48100000.0,-122000000.0,0.0,-185300000.0,0.0,0.0,0.0,13700000.0,290700000,-92000000,198700000,https://www.sec.gov/Archives/edgar/data/27996/000089710197000381/0000897101-97-000381-index.html,https://www.sec.gov/Archives/edgar/data/27996/0000897101-97-000381.txt,1620591177,16:12:57,20210509
25,1995-12-31,DLX,USD,1995-12-31,1995-12-31,FY,87000000.0,103300000,-9200000.0,0.0,-118100000.0,0.0,12900000.0,0.0,12300000.0,23300000.0,209300000,-37300000.0,0.0,0.0,44900000.0,-128000000.0,-120400000.0,0.0,25000000.0,-34700000.0,-122100000.0,0.0,-104400000.0,0.0,0.0,0.0,29100000.0,209300000,-37300000,172000000,,,1620591177,16:12:57,20210509
26,1994-12-31,DLX,USD,1994-12-31,1994-12-31,FY,140900000.0,86400000,4700000.0,0.0,-94100000.0,0.0,-18000000.0,0.0,130400000.0,-100000.0,193800000,-126200000.0,0.0,-13100000.0,69300000.0,-76700000.0,-146700000.0,0.0,25100000.0,-39600000.0,-120500000.0,0.0,-132000000.0,0.0,-85000000.0,29100000.0,114100000.0,193800000,-126200000,67600000,,,1620591177,16:12:57,20210509
27,1993-12-31,DLX,USD,1993-12-31,1993-12-31,FY,141900000.0,72300000,-16100000.0,0.0,-162300000.0,0.0,-11700000.0,0.0,224500000.0,100000.0,223700000,-61000000.0,0.0,-151400000.0,149800000.0,-133300000.0,-195900000.0,0.0,28500000.0,-89200000.0,0.0,-117900000.0,-188900000.0,0.0,0.0,0.0,275200000.0,223700000,-61000000,162700000,,,1620591177,16:12:57,20210509
28,1992-12-31,DLX,USD,1992-12-31,1992-12-31,FY,202800000.0,66600000,-2700000.0,0.0,55800000.0,0.0,2000000.0,0.0,386800000.0,0.0,281000000,-64100000.0,0.0,-120400000.0,102500000.0,-9300000.0,-91300000.0,0.0,32200000.0,-57000000.0,-112500000.0,0.0,-138900000.0,0.0,0.0,0.0,224400000.0,281000000,-64100000,216900000,,,1620591177,16:12:57,20210509
29,1991-12-31,DLX,USD,1991-12-31,1991-12-31,FY,182900000.0,75900000,-5000000.0,0.0,186000000.0,0.0,3700000.0,0.0,331000000.0,0.0,268700000,-71500000.0,0.0,-95100000.0,112300000.0,27000000.0,-27300000.0,0.0,29400000.0,-46200000.0,-102500000.0,0.0,-21500000.0,0.0,0.0,0.0,4500000.0,268700000,-71500000,197200000,,,1620591177,16:12:57,20210509
30,1990-12-31,DLX,USD,1990-12-31,1990-12-31,FY,172200000.0,74000000,-7200000.0,0.0,50100000.0,0.0,-12500000.0,0.0,145000000.0,200000.0,267300000,-64000000.0,0.0,-75300000.0,7000000.0,2100000.0,-130200000.0,0.0,20300000.0,-60800000.0,-93100000.0,100000.0,-136100000.0,0.0,0.0,0.0,3500000.0,267300000,-64000000,203300000,,,1620591177,16:12:57,20210509
31,1989-12-31,DLX,USD,1989-12-31,1989-12-31,FY,152600000.0,67300000,5500000.0,0.0,9300000.0,0.0,600000.0,0.0,94900000.0,100000.0,233100000,-88400000.0,0.0,-32900000.0,4100000.0,-11400000.0,-128600000.0,0.0,17300000.0,-28900000.0,-83700000.0,100000.0,-107200000.0,0.0,0.0,0.0,6300000.0,233100000,-88400000,144700000,,,1620591177,16:12:57,20210509
