,date,symbol,reportedCurrency,fillingDate,acceptedDate,period,netIncome,depreciationAndAmortization,deferredIncomeTax,stockBasedCompensation,changeInWorkingCapital,accountsReceivables,inventory,accountsPayables,otherWorkingCapital,otherNonCashItems,netCashProvidedByOperatingActivities,investmentsInPropertyPlantAndEquipment,acquisitionsNet,purchasesOfInvestments,salesMaturitiesOfInvestments,otherInvestingActivites,netCashUsedForInvestingActivites,debtRepayment,commonStockIssued,commonStockRepurchased,dividendsPaid,otherFinancingActivites,netCashUsedProvidedByFinancingActivities,effectOfForexChangesOnCash,netChangeInCash,cashAtEndOfPeriod,cashAtBeginningOfPeriod,operatingCashFlow,capitalExpenditure,freeCashFlow,link,finalLink,timestamp,est_time,est_date
0,2021-01-31,MOV,USD,2021-03-25,2021-03-25 10:13:15,FY,-111518000.0,14112000.0,-18292000.0,5089000.0,17295000.0,2424000.0,21596000.0,-7811000.0,17295000.0,3336000.0,68410000.0,0.0,0.0,0.0,0.0,1317000.0,-1865000.0,-64465000.0,0.0,0.0,0.0,-300000.0,-34383000.0,5823000.0,37985000.0,224423000.0,186438000.0,68410000.0,-3182000.0,65228000.0,https://www.sec.gov/Archives/edgar/data/72573/000156459021015296/0001564590-21-015296-index.htm,https://www.sec.gov/Archives/edgar/data/72573/000156459021015296/mov-10k_20210131.htm,1620595241,17:20:41,20210509
1,2020-01-31,MOV,USD,2020-03-26 00:00:00,2020-03-26 09:28:24,FY,42699000.0,16381000.0,4352000.0,6373000.0,-209000.0,5908000.0,-5549000.0,-3642000.0,355254000.0,-13616000.0,32070000.0,0.0,-1000000.0,0.0,0.0,240000.0,-13367000.0,0.0,0.0,-4199000.0,-18400000.0,0.0,-23865000.0,1141000.0,-4021000.0,186438000.0,190459000.0,32070000.0,-12968000.0,19102000.0,https://www.sec.gov/Archives/edgar/data/72573/000156459020013004/0001564590-20-013004-index.html,https://www.sec.gov/Archives/edgar/data/72573/000156459020013004/mov-10k_20200131.htm,1620595241,17:20:41,20210509
2,2019-01-31,MOV,USD,2019-03-28 00:00:00,2019-03-28 12:35:19,FY,61624000.0,14165000.0,-11388000.0,6042000.0,-25841000.0,-2640000.0,-4234000.0,6082000.0,355463000.0,-7382000.0,86170000.0,0.0,-98000000.0,0.0,0.0,0.0,-109009000.0,-25000000.0,0.0,-7418000.0,-18469000.0,-689000.0,3688000.0,-5801000.0,-24952000.0,190459000.0,215411000.0,86170000.0,-11127000.0,75043000.0,https://www.sec.gov/Archives/edgar/data/72573/000156459019009741/0001564590-19-009741-index.html,https://www.sec.gov/Archives/edgar/data/72573/000156459019009741/mov-10k_20190131.htm,1620595241,17:20:41,20210509
3,2018-01-31,MOV,USD,2018-03-29 00:00:00,2018-03-29 12:33:51,FY,-15225000.0,13457000.0,461000.0,4874000.0,-52074000.0,-9286000.0,6624000.0,-4006000.0,381304000.0,57578000.0,54724000.0,0.0,-79000000.0,0.0,0.0,1018000.0,-84339000.0,-5000000.0,0.0,-3631000.0,-11934000.0,-162000.0,-20886000.0,9033000.0,-41468000.0,214811000.0,256279000.0,54724000.0,-6366000.0,48358000.0,https://www.sec.gov/Archives/edgar/data/72573/000156459018007083/0001564590-18-007083-index.html,https://www.sec.gov/Archives/edgar/data/72573/000156459018007083/mov-10k_20180131.htm,1620595241,17:20:41,20210509
4,2017-01-31,MOV,USD,2017-03-20 00:00:00,2017-03-20 14:35:16,FY,35061000.0,11507000.0,-3753000.0,7281000.0,22525000.0,2878000.0,7442000.0,-401000.0,433378000.0,2041000.0,58418000.0,0.0,0.0,-152000.0,0.0,-1156000.0,-7556000.0,-13000000.0,0.0,-3864000.0,-11930000.0,-1585000.0,-27675000.0,4904000.0,28091000.0,256279000.0,228188000.0,58418000.0,-6248000.0,52170000.0,https://www.sec.gov/Archives/edgar/data/72573/000156459017004788/0001564590-17-004788-index.html,https://www.sec.gov/Archives/edgar/data/72573/000156459017004788/mov-10k_20170131.htm,1620595241,17:20:41,20210509
5,2016-01-31,MOV,USD,2016-03-31 00:00:00,2016-03-31 15:16:23,FY,45094000.0,13156000.0,-1817000.0,6123000.0,-8353000.0,-354000.0,-3133000.0,774000.0,410853000.0,1608000.0,74590000.0,0.0,0.0,-435000.0,0.0,-650000.0,-9155000.0,-10000000.0,0.0,-48748000.0,-10312000.0,-4637000.0,-23722000.0,-13377000.0,28336000.0,228188000.0,199852000.0,74590000.0,-8720000.0,65870000.0,https://www.sec.gov/Archives/edgar/data/72573/000156459016015742/0001564590-16-015742-index.html,https://www.sec.gov/Archives/edgar/data/72573/000156459016015742/mov-10k_20160131.htm,1620595241,17:20:41,20210509
6,2015-01-31,MOV,USD,2015-03-31,2015-03-31 14:18:04,FY,51776000.0,12469000.0,6316000.0,5753000.0,17489000.0,-9334000.0,4523000.0,-5357000.0,419206000.0,2493000.0,59596000.0,0.0,0.0,-1200000.0,34043000.0,189000.0,21593000.0,0.0,0.0,-26382000.0,-10104000.0,15000.0,-36180000.0,-2816000.0,42193000.0,199852000.0,157659000.0,59596000.0,-11250000.0,48346000.0,https://www.sec.gov/Archives/edgar/data/72573/000156459015002252/mov-10k_20150131.htm,https://www.sec.gov/Archives/edgar/data/72573/000156459015002252/mov-10k_20150131.htm,1620595241,17:20:41,20210509
7,2014-01-31,MOV,USD,2014-03-28,2014-03-28 11:32:02,FY,50877000.0,12233000.0,4169000.0,3787000.0,41104000.0,-7304000.0,-19077000.0,11581000.0,401717000.0,10421000.0,54516000.0,0.0,0.0,-33099000.0,0.0,2196000.0,-47895000.0,0.0,0.0,-10488000.0,-6637000.0,915000.0,-16515000.0,-336000.0,-10230000.0,157659000.0,167889000.0,54516000.0,-16992000.0,37524000.0,https://www.sec.gov/Archives/edgar/data/72573/000156459014001041/mov-10k_20140131.htm,https://www.sec.gov/Archives/edgar/data/72573/000156459014001041/mov-10k_20140131.htm,1620595241,17:20:41,20210509
8,2013-01-31,MOV,USD,2013-03-26 00:00:00,2013-03-26 15:53:55,FY,57083000.0,10608000.0,-16161000.0,2888000.0,14374000.0,-1139000.0,-1998000.0,-11728000.0,360613000.0,2653000.0,38781000.0,0.0,0.0,0.0,0.0,0.0,-16263000.0,0.0,0.0,0.0,-36684000.0,-3266000.0,-38375000.0,1545000.0,-14312000.0,167889000.0,182201000.0,38781000.0,-16263000.0,22518000.0,https://www.sec.gov/Archives/edgar/data/72573/000119312513126699/0001193125-13-126699-index.html,https://www.sec.gov/Archives/edgar/data/72573/000119312513126699/d444274d10k.htm,1620595241,17:20:41,20210509
9,2012-01-31,MOV,USD,2012-03-30 00:00:00,2012-03-30 12:57:06,FY,31995000.0,11408000.0,-8691000.0,1675000.0,35891000.0,-1446000.0,20803000.0,11780000.0,346239000.0,0.0,86062000.0,0.0,0.0,0.0,0.0,1165000.0,-7208000.0,0.0,0.0,0.0,-2985000.0,87000.0,-1525000.0,1856000.0,79185000.0,182201000.0,103016000.0,86062000.0,-8373000.0,77689000.0,https://www.sec.gov/Archives/edgar/data/72573/000119312512142656/0001193125-12-142656-index.html,https://www.sec.gov/Archives/edgar/data/72573/000119312512142656/d272195d10k.htm,1620595241,17:20:41,20210509
10,2011-01-31,MOV,USD,2011-04-07 00:00:00,2011-04-07 12:14:24,FY,-44920000.0,13705000.0,3715000.0,1530000.0,-11580000.0,7775000.0,26907000.0,-1636000.0,310348000.0,1711000.0,40364000.0,0.0,0.0,0.0,0.0,0.0,-7601000.0,-40000000.0,0.0,0.0,0.0,47000.0,-9598000.0,8976000.0,32041000.0,103016000.0,70975000.0,40364000.0,-7601000.0,32763000.0,https://www.sec.gov/Archives/edgar/data/72573/000119312511091029/0001193125-11-091029-index.html,https://www.sec.gov/Archives/edgar/data/72573/000119312511091029/d10k.htm,1620595241,17:20:41,20210509
11,2010-01-31,MOV,USD,2010-04-01 00:00:00,2010-04-01 16:03:45,FY,-54625000.0,18698000.0,18618000.0,929000.0,15760000.0,10446000.0,26283000.0,1104000.0,321928000.0,12980000.0,34720000.0,0.0,0.0,0.0,0.0,0.0,-5480000.0,-104838000.0,1160000.0,0.0,-1220000.0,-3274000.0,-52264000.0,7378000.0,-15646000.0,70975000.0,86621000.0,34720000.0,-5480000.0,29240000.0,https://www.sec.gov/Archives/edgar/data/72573/000007257310000003/0000072573-10-000003-index.html,https://www.sec.gov/Archives/edgar/data/72573/000007257310000003/form10-k.htm,1620595241,17:20:41,20210509
12,2009-01-31,MOV,USD,2009-04-09 00:00:00,2009-04-09 16:48:15,FY,2315000.0,18457000.0,327000.0,226000.0,-113464000.0,10549000.0,-36068000.0,-16922000.0,306168000.0,5729000.0,-20867000.0,0.0,0.0,0.0,0.0,1006000.0,-22526000.0,-36175000.0,522000.0,-37871000.0,-5909000.0,-449000.0,-39882000.0,345000.0,-82930000.0,86621000.0,169551000.0,-20867000.0,-23532000.0,-44399000.0,https://www.sec.gov/Archives/edgar/data/72573/000007257309000006/0000072573-09-000006-index.html,https://www.sec.gov/Archives/edgar/data/72573/000007257309000006/form10-k.htm,1620595241,17:20:41,20210509
13,2008-01-31,MOV,USD,2008-03-27,2008-03-27 16:53:17,FY,60805000.0,16684000.0,-8717000.0,0.0,36210000.0,0.0,666000.0,0.0,419632000.0,8139000.0,83634000.0,-28033000.0,0.0,0.0,0.0,0.0,-28033000.0,0.0,4301000.0,-4665000.0,-8327000.0,2670000.0,-29639000.0,10578000.0,36540000.0,169551000.0,133011000.0,83634000.0,-28033000.0,55601000.0,https://www.sec.gov/Archives/edgar/data/72573/000007257308000003/form10-k.htm,https://www.sec.gov/Archives/edgar/data/72573/000007257308000003/form10-k.htm,1620595241,17:20:41,20210509
14,2007-01-31,MOV,USD,2007-01-31,2007-01-31,FY,50138000.0,16580000.0,-10655000.0,0.0,14195000.0,0.0,7627000.0,0.0,383422000.0,13120000.0,67834000.0,-20889000.0,0.0,0.0,0.0,0.0,-19098000.0,0.0,2894000.0,0.0,-6158000.0,1968000.0,-32808000.0,-6542000.0,9386000.0,133011000.0,123625000.0,67834000.0,-20889000.0,46945000.0,,,1620595241,17:20:41,20210509
15,2006-01-31,MOV,USD,2006-01-31,2006-01-31,FY,26617000.0,16780000.0,-4575000.0,0.0,65531000.0,0.0,-18282000.0,0.0,369227000.0,0.0,28443000.0,-16367000.0,0.0,0.0,0.0,-798000.0,-13165000.0,0.0,2156000.0,0.0,-5055000.0,0.0,62056000.0,-17491000.0,59843000.0,123625000.0,63782000.0,28443000.0,-16367000.0,12076000.0,,,1620595241,17:20:41,20210509
16,2005-01-31,MOV,USD,2005-01-31,2005-01-31,FY,26307000.0,12603000.0,8132000.0,0.0,60726000.0,0.0,-29587000.0,0.0,303696000.0,0.0,30190000.0,-14947000.0,-44000000.0,0.0,0.0,-1000000.0,-59472000.0,0.0,3830000.0,-1127000.0,-3955000.0,0.0,3561000.0,7420000.0,-18301000.0,63782000.0,82083000.0,30190000.0,-14947000.0,15243000.0,,,1620595241,17:20:41,20210509
17,2004-01-31,MOV,USD,2004-01-31,2004-01-31,FY,22851000.0,9973000.0,731000.0,0.0,23550000.0,0.0,-6248000.0,0.0,242970000.0,0.0,51647000.0,-10830000.0,0.0,0.0,0.0,-653000.0,-11483000.0,0.0,589000.0,0.0,-2537000.0,0.0,-1948000.0,5502000.0,43718000.0,82083000.0,38365000.0,51647000.0,-10830000.0,40817000.0,,,1620595241,17:20:41,20210509
18,2003-01-31,MOV,USD,2003-01-31,2003-01-31,FY,20059000.0,8369000.0,2399000.0,0.0,65488000.0,0.0,-4815000.0,0.0,219420000.0,0.0,33306000.0,-6525000.0,0.0,0.0,0.0,-514000.0,-7039000.0,0.0,2172000.0,-135000.0,-1602000.0,0.0,-11065000.0,6192000.0,21394000.0,38365000.0,16971000.0,33306000.0,-6525000.0,26781000.0,,,1620595241,17:20:41,20210509
19,2002-01-31,MOV,USD,2002-04-30 00:00:00,2002-04-30 17:27:00,FY,17014000.0,7550000.0,-1174000.0,0.0,-705000.0,0.0,-5372000.0,0.0,153932000.0,0.0,16546000.0,-13902000.0,0.0,0.0,0.0,-807000.0,-14709000.0,0.0,1780000.0,0.0,-1360000.0,0.0,-6880000.0,-1045000.0,-6088000.0,16971000.0,23059000.0,16546000.0,-13902000.0,2644000.0,https://www.sec.gov/Archives/edgar/data/72573/000095012302004412/0000950123-02-004412-index.html,https://www.sec.gov/Archives/edgar/data/72573/000095012302004412/y59970e10-k.txt,1620595241,17:20:41,20210509
20,2001-01-31,MOV,USD,2001-04-30 00:00:00,2001-04-30 00:00:00,FY,20767000.0,6341000.0,-1342000.0,0.0,-4093000.0,0.0,-20043000.0,0.0,154637000.0,0.0,25271000.0,-10833000.0,0.0,0.0,0.0,-852000.0,-11685000.0,0.0,840000.0,-7329000.0,-1206000.0,0.0,-17395000.0,253000.0,-3556000.0,23059000.0,26615000.0,25271000.0,-10833000.0,14438000.0,https://www.sec.gov/Archives/edgar/data/72573/000095012301501463/0000950123-01-501463-index.html,https://www.sec.gov/Archives/edgar/data/72573/000095012301501463/y48189e10-k.txt,1620595241,17:20:41,20210509
21,2000-01-31,MOV,USD,2000-04-19 00:00:00,2000-04-19 00:00:00,FY,13721000.0,5189000.0,-1636000.0,0.0,-36070000.0,0.0,14609000.0,0.0,158730000.0,0.0,28275000.0,-10125000.0,0.0,0.0,0.0,-755000.0,17529000.0,0.0,499000.0,-17593000.0,-1247000.0,0.0,-22110000.0,-2705000.0,20989000.0,26615000.0,5626000.0,28275000.0,-10125000.0,18150000.0,https://www.sec.gov/Archives/edgar/data/72573/000095012300003842/0000950123-00-003842-index.html,https://www.sec.gov/Archives/edgar/data/72573/0000950123-00-003842.txt,1620595241,17:20:41,20210509
22,1999-01-31,MOV,USD,1999-01-31,1999-01-31,FY,21000000.0,5400000.0,1800000.0,0.0,37700000.0,0.0,-19900000.0,0.0,194800000.0,0.0,-12900000.0,-11700000.0,0.0,0.0,0.0,-1800000.0,-10900000.0,0.0,600000.0,-2900000.0,-1000000.0,100000.0,18600000.0,0.0,0.0,0.0,10900000.0,-12900000.0,-11700000.0,-24600000.0,,,1620595241,17:20:41,20210509
23,1998-01-31,MOV,USD,1998-01-31,1998-01-31,FY,15800000.0,4100000.0,500000.0,0.0,30400000.0,0.0,-13000000.0,0.0,157100000.0,100000.0,-6100000.0,-7600000.0,0.0,0.0,0.0,-1500000.0,-9100000.0,0.0,30000000.0,0.0,-900000.0,100000.0,21300000.0,-100000.0,0.0,0.0,4900000.0,-6100000.0,-7600000.0,-13700000.0,,,1620595241,17:20:41,20210509
24,1997-01-31,MOV,USD,1997-01-31,1997-01-31,FY,11700000.0,3900000.0,200000.0,0.0,-14000000.0,0.0,-3800000.0,0.0,126700000.0,100000.0,3800000.0,-6600000.0,0.0,0.0,0.0,-300000.0,-6900000.0,0.0,200000.0,0.0,-700000.0,0.0,4400000.0,-200000.0,0.0,0.0,3800000.0,3800000.0,-6600000.0,-2800000.0,,,1620595241,17:20:41,20210509
25,1996-01-31,MOV,USD,1996-01-31,1996-01-31,FY,9700000.0,2900000.0,-400000.0,0.0,-9600000.0,0.0,-2800000.0,0.0,0.0,200000.0,3900000.0,-2000000.0,0.0,0.0,0.0,-300000.0,-2300000.0,0.0,200000.0,-100000.0,-600000.0,0.0,-2700000.0,100000.0,0.0,0.0,4900000.0,3900000.0,-2000000.0,1900000.0,,,1620595241,17:20:41,20210509
26,1995-01-31,MOV,USD,1995-01-31,1995-01-31,FY,13900000.0,3100000.0,-4800000.0,0.0,-6300000.0,0.0,-10200000.0,0.0,0.0,0.0,6800000.0,-4400000.0,0.0,0.0,0.0,-700000.0,-5100000.0,0.0,0.0,0.0,-500000.0,100000.0,-100000.0,100000.0,0.0,0.0,3200000.0,6800000.0,-4400000.0,2400000.0,,,1620595241,17:20:41,20210509
27,1994-01-31,MOV,USD,1994-01-31,1994-01-31,FY,3600000.0,2400000.0,0.0,0.0,-9800000.0,0.0,-2700000.0,0.0,0.0,100000.0,200000.0,-2200000.0,0.0,0.0,0.0,-400000.0,-2600000.0,0.0,33100000.0,0.0,-200000.0,100000.0,2900000.0,0.0,0.0,0.0,2600000.0,200000.0,-2200000.0,-2000000.0,,,1620595241,17:20:41,20210509
28,1993-01-31,MOV,USD,1993-01-31,1993-01-31,FY,3300000.0,2200000.0,100000.0,0.0,2500000.0,0.0,8100000.0,0.0,0.0,0.0,9100000.0,-1700000.0,0.0,0.0,0.0,-300000.0,-2000000.0,0.0,0.0,0.0,0.0,-100000.0,-5500000.0,0.0,0.0,0.0,1100000.0,9100000.0,-1700000.0,7400000.0,,,1620595241,17:20:41,20210509
