,date,symbol,reportedCurrency,fillingDate,acceptedDate,period,netIncome,depreciationAndAmortization,deferredIncomeTax,stockBasedCompensation,changeInWorkingCapital,accountsReceivables,inventory,accountsPayables,otherWorkingCapital,otherNonCashItems,netCashProvidedByOperatingActivities,investmentsInPropertyPlantAndEquipment,acquisitionsNet,purchasesOfInvestments,salesMaturitiesOfInvestments,otherInvestingActivites,netCashUsedForInvestingActivites,debtRepayment,commonStockIssued,commonStockRepurchased,dividendsPaid,otherFinancingActivites,netCashUsedProvidedByFinancingActivities,effectOfForexChangesOnCash,netChangeInCash,cashAtEndOfPeriod,cashAtBeginningOfPeriod,operatingCashFlow,capitalExpenditure,freeCashFlow,link,finalLink,timestamp,est_time,est_date
0,2020-12-31,GBR,USD,2021-03-31,2021-03-31 17:22:16,FY,-52000.0,12000.0,0.0,0.0,-69000.0,508000.0,0.0,-128000.0,3638000.0,0.0,-535000.0,0.0,0.0,0.0,0.0,0.0,593000.0,0.0,0.0,0.0,0.0,0.0,-53000.0,0.0,5000.0,27000.0,22000.0,-535000.0,0.0,-535000.0,https://www.sec.gov/Archives/edgar/data/105744/000101054921000057/0001010549-21-000057-index.htm,https://www.sec.gov/Archives/edgar/data/105744/000101054921000057/nce10k.htm,1620592415,16:33:35,20210509
1,2019-12-31,GBR,USD,2020-03-27,2020-03-27 09:43:24,FY,-2352000.0,0.0,0.0,0.0,-639000.0,0.0,0.0,299000.0,3707000.0,0.0,369000.0,-664000.0,0.0,0.0,0.0,0.0,-664000.0,-44000.0,0.0,0.0,0.0,0.0,-44000.0,0.0,-339000.0,22000.0,361000.0,369000.0,-664000.0,-295000.0,https://www.sec.gov/Archives/edgar/data/105744/000101054920000045/0001010549-20-000045-index.htm,https://www.sec.gov/Archives/edgar/data/105744/000101054920000045/nce10k.htm,1620592415,16:33:35,20210509
2,2018-12-31,GBR,USD,2019-04-01,2019-04-01 14:26:40,FY,-484000.0,0.0,0.0,0.0,4380000.0,0.0,0.0,-384000.0,4346000.0,0.0,-637000.0,0.0,0.0,0.0,0.0,-3960000.0,-3960000.0,-70000.0,4609000.0,0.0,0.0,0.0,4539000.0,0.0,-58000.0,361000.0,419000.0,-637000.0,0.0,-637000.0,https://www.sec.gov/Archives/edgar/data/105744/000101054919000054/0001010549-19-000054-index.htm,https://www.sec.gov/Archives/edgar/data/105744/000101054919000054/nce10-k123118.htm,1620592415,16:33:35,20210509
3,2017-12-31,GBR,USD,2018-04-19,2018-04-19 15:21:41,FY,-3246000.0,0.0,0.0,0.0,-79000.0,0.0,0.0,178000.0,-34000.0,0.0,202000.0,-10000.0,0.0,0.0,0.0,24000.0,14000.0,-73000.0,163000.0,0.0,0.0,0.0,90000.0,0.0,306000.0,419000.0,113000.0,202000.0,-10000.0,192000.0,https://www.sec.gov/Archives/edgar/data/105744/000101054918000126/0001010549-18-000126-index.htm,https://www.sec.gov/Archives/edgar/data/105744/000101054918000126/nce10k123117.htm,1620592415,16:33:35,20210509
4,2016-12-31,GBR,USD,2017-04-05,2017-04-05 17:31:09,FY,48000.0,0.0,0.0,0.0,617000.0,0.0,0.0,-95000.0,45000.0,0.0,-314000.0,-52000.0,0.0,0.0,0.0,38000.0,686000.0,-732000.0,0.0,0.0,0.0,0.0,-732000.0,0.0,-360000.0,113000.0,473000.0,-314000.0,-52000.0,-366000.0,https://www.sec.gov/Archives/edgar/data/105744/000101054917000128/0001010549-17-000128-index.htm,https://www.sec.gov/Archives/edgar/data/105744/000101054917000128/nce10k123116.htm,1620592415,16:33:35,20210509
5,2015-12-31,GBR,USD,2016-03-30,2016-03-30 13:07:44,FY,-2622000.0,0.0,0.0,0.0,513000.0,0.0,0.0,920000.0,-572000.0,2717000.0,579000.0,-367000.0,0.0,0.0,0.0,126000.0,-125000.0,-281000.0,0.0,0.0,0.0,0.0,-281000.0,0.0,173000.0,473000.0,300000.0,579000.0,-367000.0,212000.0,https://www.sec.gov/Archives/edgar/data/105744/000101054916000535/0001010549-16-000535-index.htm,https://www.sec.gov/Archives/edgar/data/105744/000101054916000535/nce10k123115.htm,1620592415,16:33:35,20210509
6,2014-12-31,GBR,USD,2015-03-31,2015-03-31 14:37:12,FY,-779000.0,0.0,0.0,0.0,-1833000.0,0.0,0.0,-240000.0,-1085000.0,0.0,-282000.0,-304000.0,0.0,0.0,0.0,-650000.0,-954000.0,-213000.0,0.0,0.0,0.0,0.0,-85000.0,0.0,-1321000.0,300000.0,1621000.0,-282000.0,-650000.0,-586000.0,https://www.sec.gov/Archives/edgar/data/105744/000101054915000106/0001010549-15-000106-index.htm,https://www.sec.gov/Archives/edgar/data/105744/000101054915000106/nce10k123114.htm,1620592415,16:33:35,20210509
7,2013-12-31,GBR,USD,2014-03-28,2014-03-28 14:34:11,FY,426000.0,0.0,0.0,0.0,349000.0,0.0,0.0,1557000.0,748000.0,381000.0,1602000.0,-401000.0,0.0,0.0,0.0,0.0,-401000.0,-40000.0,0.0,0.0,0.0,0.0,22000.0,0.0,1223000.0,1621000.0,398000.0,1602000.0,-401000.0,1201000.0,https://www.sec.gov/Archives/edgar/data/105744/000101054914000133/0001010549-14-000133-index.htm,https://www.sec.gov/Archives/edgar/data/105744/000101054914000133/nce10k123113.htm,1620592415,16:33:35,20210509
8,2012-12-31,GBR,USD,2013-04-01,2013-04-01 13:30:53,FY,168000.0,0.0,0.0,0.0,942000.0,0.0,0.0,0.0,399000.0,68000.0,501000.0,-209000.0,0.0,0.0,0.0,0.0,-209000.0,-54000.0,0.0,0.0,0.0,0.0,-3000.0,0.0,289000.0,398000.0,109000.0,501000.0,-209000.0,292000.0,https://www.sec.gov/Archives/edgar/data/105744/000101054913000197/0001010549-13-000197-index.htm,https://www.sec.gov/Archives/edgar/data/105744/000101054913000197/nce10k123112.htm,1620592415,16:33:35,20210509
9,2011-12-31,GBR,USD,2012-03-30,2012-03-30 15:52:23,FY,-11793000.0,0.0,0.0,0.0,-687000.0,0.0,0.0,0.0,-543000.0,129000.0,566000.0,-1336000.0,0.0,0.0,0.0,0.0,-1336000.0,-31000.0,0.0,0.0,0.0,0.0,820000.0,0.0,50000.0,109000.0,59000.0,566000.0,-1336000.0,-770000.0,https://www.sec.gov/Archives/edgar/data/105744/000101054912000349/0001010549-12-000349-index.htm,https://www.sec.gov/Archives/edgar/data/105744/000101054912000349/nce10k123111.htm,1620592415,16:33:35,20210509
10,2010-12-31,GBR,USD,2011-03-31,2011-03-31 14:53:39,FY,-11000.0,0.0,0.0,0.0,-9122000.0,0.0,0.0,0.0,144000.0,123000.0,104000.0,-267000.0,0.0,0.0,0.0,0.0,-267000.0,-75000.0,0.0,0.0,0.0,0.0,67000.0,0.0,-96000.0,59000.0,155000.0,104000.0,-267000.0,-163000.0,https://www.sec.gov/Archives/edgar/data/105744/000101054911000295/0001010549-11-000295-index.htm,https://www.sec.gov/Archives/edgar/data/105744/000101054911000295/nce10k123110.htm,1620592415,16:33:35,20210509
11,2009-12-31,GBR,USD,2010-03-31,2010-03-31 15:18:00,FY,-2210000.0,61000.0,0.0,0.0,-290000.0,0.0,0.0,0.0,9266000.0,274000.0,736000.0,-107000.0,0.0,0.0,0.0,-716000.0,-823000.0,-6000.0,0.0,0.0,0.0,0.0,52000.0,0.0,-35000.0,155000.0,190000.0,736000.0,-107000.0,629000.0,https://www.sec.gov/Archives/edgar/data/105744/000101054910000189/0001010549-10-000189-index.htm,https://www.sec.gov/Archives/edgar/data/105744/000101054910000189/nce10k123109.htm,1620592415,16:33:35,20210509
12,2008-12-31,GBR,USD,2009-04-15,2009-04-15 17:11:25,FY,15495000.0,171000.0,250000.0,0.0,7441000.0,0.0,0.0,0.0,9556000.0,0.0,427000.0,-12182000.0,0.0,0.0,0.0,-8476000.0,2630000.0,0.0,2856000.0,0.0,0.0,0.0,-3039000.0,0.0,18000.0,190000.0,172000.0,427000.0,-12182000.0,-11755000.0,https://www.sec.gov/Archives/edgar/data/105744/000101054909000262/0001010549-09-000262-index.htm,https://www.sec.gov/Archives/edgar/data/105744/000101054909000262/nce10k123108.htm,1620592415,16:33:35,20210509
13,2007-12-31,GBR,USD,2008-03-31,2008-03-31 14:00:10,FY,62000.0,47000.0,241000.0,0.0,1388000.0,0.0,0.0,0.0,2115000.0,-222000.0,527000.0,-49000.0,0.0,0.0,0.0,-630000.0,-679000.0,0.0,0.0,0.0,0.0,0.0,0.0,0.0,-152000.0,172000.0,324000.0,527000.0,-49000.0,478000.0,https://www.sec.gov/Archives/edgar/data/105744/000101054908000238/0001010549-08-000238-index.htm,https://www.sec.gov/Archives/edgar/data/105744/000101054908000238/cic10k123107.txt,1620592415,16:33:35,20210509
14,2006-12-31,GBR,USD,2007-04-02 00:00:00,2007-04-02 17:08:17,FY,1301000.0,369000.0,437000.0,0.0,4085000.0,0.0,0.0,0.0,727000.0,268000.0,-640000.0,-148000.0,0.0,0.0,0.0,-1071000.0,2255000.0,0.0,26000.0,0.0,0.0,0.0,-204000.0,0.0,-326000.0,324000.0,650000.0,-640000.0,-148000.0,-788000.0,https://www.sec.gov/Archives/edgar/data/105744/000101054907000280/0001010549-07-000280-index.html,https://www.sec.gov/Archives/edgar/data/105744/000101054907000280/cic10k123106.txt,1620592415,16:33:35,20210509
15,2005-12-31,GBR,USD,2005-12-31,2005-12-31,FY,-986000.0,493000.0,0.0,0.0,12383000.0,-117000.0,-299000.0,0.0,-3358000.0,0.0,355000.0,-47000.0,0.0,0.0,0.0,1697000.0,3560000.0,-3831000.0,0.0,0.0,0.0,-196000.0,-4027000.0,0.0,-112000.0,650000.0,762000.0,355000.0,-47000.0,308000.0,,,1620592415,16:33:35,20210509
16,2004-12-31,GBR,USD,2004-12-31,2004-12-31,FY,-2165000.0,1612000.0,0.0,0.0,-6834000.0,0.0,0.0,0.0,-15741000.0,0.0,370000.0,-4165000.0,0.0,0.0,0.0,0.0,-4165000.0,0.0,0.0,0.0,0.0,0.0,3720000.0,0.0,-75000.0,1352000.0,1427000.0,370000.0,-4165000.0,-3795000.0,,,1620592415,16:33:35,20210509
17,2003-12-31,GBR,USD,2003-12-31,2003-12-31,FY,222000.0,330000.0,0.0,0.0,-9598000.0,0.0,0.0,0.0,-8907000.0,0.0,-486000.0,-1225000.0,0.0,0.0,0.0,334000.0,-765000.0,0.0,792000.0,-9000.0,0.0,85000.0,1278000.0,0.0,27000.0,688000.0,661000.0,-486000.0,-1225000.0,-1711000.0,,,1620592415,16:33:35,20210509
18,2002-12-31,GBR,USD,2002-12-31,2002-12-31,FY,-8373000.0,321000.0,1189000.0,0.0,3758000.0,0.0,0.0,0.0,691000.0,0.0,-3885000.0,-285000.0,0.0,0.0,1098000.0,0.0,8273000.0,0.0,0.0,0.0,-4000.0,0.0,-4973000.0,0.0,-585000.0,661000.0,1246000.0,-3885000.0,-285000.0,-4170000.0,,,1620592415,16:33:35,20210509
19,2001-12-31,GBR,USD,2001-12-31,2001-12-31,FY,6418000.0,2329000.0,2400000.0,0.0,-344000.0,0.0,0.0,0.0,-3067000.0,0.0,-2582000.0,-24294000.0,0.0,-1098000.0,0.0,0.0,8158000.0,0.0,0.0,-4200000.0,-160000.0,0.0,-6617000.0,0.0,-1041000.0,1246000.0,2287000.0,-2582000.0,-24294000.0,-26876000.0,,,1620592415,16:33:35,20210509
20,2000-12-31,GBR,USD,2000-12-31,2000-12-31,FY,-10623000.0,3740000.0,0.0,0.0,-5155000.0,0.0,0.0,0.0,-2723000.0,0.0,241000.0,-1796000.0,0.0,0.0,0.0,0.0,-782000.0,0.0,0.0,-4760000.0,-1457000.0,0.0,-5986000.0,0.0,-6527000.0,2287000.0,8814000.0,241000.0,-1796000.0,-1555000.0,,,1620592415,16:33:35,20210509
21,1999-12-31,GBR,USD,2000-03-30 00:00:00,2000-03-30 00:00:00,FY,82000.0,3977000.0,0.0,0.0,1932000.0,0.0,0.0,0.0,2432000.0,0.0,408000.0,-1764000.0,0.0,0.0,4331000.0,0.0,4428000.0,0.0,0.0,0.0,-1630000.0,0.0,-2046000.0,0.0,2790000.0,8814000.0,6024000.0,408000.0,-1764000.0,-1356000.0,https://www.sec.gov/Archives/edgar/data/105744/000110465900000092/0001104659-00-000092-index.html,https://www.sec.gov/Archives/edgar/data/105744/0001104659-00-000092.txt,1620592415,16:33:35,20210509
22,1998-12-31,GBR,USD,1998-12-31,1998-12-31,FY,-8900000.0,4400000.0,-2100000.0,0.0,-2100000.0,0.0,0.0,0.0,500000.0,100000.0,-5600000.0,-4800000.0,0.0,0.0,0.0,1500000.0,-3300000.0,0.0,0.0,-500000.0,-1600000.0,21800000.0,15000000.0,0.0,0.0,0.0,0.0,-5600000.0,-4800000.0,-10400000.0,,,1620592415,16:33:35,20210509
23,1997-12-31,GBR,USD,1997-12-31,1997-12-31,FY,-5700000.0,3300000.0,-4100000.0,0.0,5100000.0,0.0,0.0,0.0,2600000.0,100000.0,-6500000.0,-4000000.0,0.0,0.0,0.0,3100000.0,-900000.0,0.0,300000.0,-300000.0,0.0,-100000.0,4600000.0,0.0,0.0,0.0,2800000.0,-6500000.0,-4000000.0,-10500000.0,,,1620592415,16:33:35,20210509
24,1996-12-31,GBR,USD,1996-12-31,1996-12-31,FY,-4800000.0,2000000.0,-2000000.0,0.0,-12500000.0,0.0,0.0,0.0,-2500000.0,-100000.0,-1100000.0,-16500000.0,0.0,0.0,0.0,800000.0,-15700000.0,0.0,0.0,-100000.0,-300000.0,-100000.0,12000000.0,0.0,0.0,0.0,7600000.0,-1100000.0,-16500000.0,-17600000.0,,,1620592415,16:33:35,20210509
25,1995-12-31,GBR,USD,1995-12-31,1995-12-31,FY,5800000.0,200000.0,0.0,0.0,-1600000.0,0.0,0.0,0.0,10000000.0,100000.0,-2600000.0,-1900000.0,0.0,0.0,0.0,-1000000.0,17900000.0,0.0,0.0,-2000000.0,-200000.0,0.0,-16500000.0,0.0,0.0,0.0,8300000.0,-2600000.0,-1900000.0,-4500000.0,,,1620592415,16:33:35,20210509
