,date,symbol,reportedCurrency,fillingDate,acceptedDate,period,netIncome,depreciationAndAmortization,deferredIncomeTax,stockBasedCompensation,changeInWorkingCapital,accountsReceivables,inventory,accountsPayables,otherWorkingCapital,otherNonCashItems,netCashProvidedByOperatingActivities,investmentsInPropertyPlantAndEquipment,acquisitionsNet,purchasesOfInvestments,salesMaturitiesOfInvestments,otherInvestingActivites,netCashUsedForInvestingActivites,debtRepayment,commonStockIssued,commonStockRepurchased,dividendsPaid,otherFinancingActivites,netCashUsedProvidedByFinancingActivities,effectOfForexChangesOnCash,netChangeInCash,cashAtEndOfPeriod,cashAtBeginningOfPeriod,operatingCashFlow,capitalExpenditure,freeCashFlow,link,finalLink,timestamp,est_time,est_date
0,2020-12-31,CCOI,USD,2021-02-26,2021-02-26 12:39:02,FY,6216000.0,83477000.0,282000.0,23525000.0,-24140000.0,-2702000.0,0.0,-3284000.0,361894000.0,1894000.0,140320000.0,-55952000,0.0,0.0,0.0,0.0,-55952000.0,-213215000.0,1382000.0,-4495000.0,-129412000.0,-10547000.0,-116002000.0,3513000.0,-28121000.0,371301000.0,399422000.0,140320000.0,-55952000,84368000.0,https://www.sec.gov/Archives/edgar/data/1158324/000110465921028924/0001104659-21-028924-index.htm,https://www.sec.gov/Archives/edgar/data/1158324/000110465921028924/ccoi-20201231x10k.htm,1620590042,15:54:02,20210509
1,2019-12-31,CCOI,USD,2020-02-28,2020-02-28 10:35:21,FY,37520000.0,80247000.0,12158000.0,18460000.0,111004000.0,1067000.0,0.0,0.0,386034000.0,1807000.0,148809000.0,-46958000,0.0,0.0,0.0,0.0,-46958000.0,-9097000.0,0.0,0.0,-112647000.0,-10007000.0,22020000.0,-542000.0,123329000.0,399422000.0,276093000.0,148809000.0,-46958000,101851000.0,https://www.sec.gov/Archives/edgar/data/1158324/000110465920026777/0001104659-20-026777-index.htm,https://www.sec.gov/Archives/edgar/data/1158324/000110465920026777/ccoi-20191231x10k90102d.htm,1620590042,15:54:02,20210509
2,2018-12-31,CCOI,USD,2019-02-22,2019-02-22 08:53:16,FY,28667000.0,81233000.0,11117000.0,17708000.0,43438000.0,-3204000.0,0.0,0.0,275030000.0,1533000.0,133921000.0,-49937000,0.0,0.0,0.0,0.0,-49937000.0,-10286000.0,0.0,-6564000.0,-97887000.0,-9437000.0,-52545000.0,-2357000.0,29082000.0,276093000.0,247011000.0,133921000.0,-49937000,83984000.0,https://www.sec.gov/Archives/edgar/data/1158324/000104746919000604/0001047469-19-000604-index.htm,https://www.sec.gov/Archives/edgar/data/1158324/000104746919000604/a2237655z10-k.htm,1620590042,15:54:02,20210509
3,2017-12-31,CCOI,USD,2018-02-23,2018-02-23 08:53:51,FY,5876000.0,75926000.0,24679000.0,13290000.0,-28118000.0,-4161000.0,0.0,0.0,231592000.0,1239000.0,111702000.0,-45801000,0.0,0.0,0.0,0.0,-45801000.0,-11201000.0,0.0,-1829000.0,-81657000.0,-3802000.0,-97267000.0,4058000.0,-27308000.0,247011000.0,274319000.0,111702000.0,-45801000,65901000.0,https://www.sec.gov/Archives/edgar/data/1158324/000104746918000988/0001047469-18-000988-index.htm,https://www.sec.gov/Archives/edgar/data/1158324/000104746918000988/a2234130z10-k.htm,1620590042,15:54:02,20210509
4,2016-12-31,CCOI,USD,2017-02-24,2017-02-24 10:12:47,FY,14929000.0,75235000.0,9224000.0,10735000.0,77275000.0,-3183000.0,0.0,0.0,259710000.0,1105000.0,107967000.0,-45234000,0.0,0.0,0.0,0.0,-45234000.0,-23241000.0,0.0,-4492000.0,-68210000.0,-21203000.0,8341000.0,-346000.0,70728000.0,274319000.0,203591000.0,107967000.0,-45234000,62733000.0,https://www.sec.gov/Archives/edgar/data/1158324/000104746917000932/0001047469-17-000932-index.htm,https://www.sec.gov/Archives/edgar/data/1158324/000104746917000932/a2230971z10-k.htm,1620590042,15:54:02,20210509
5,2015-12-31,CCOI,USD,2016-02-24,2016-02-24 16:15:51,FY,4896000.0,70527000.0,7709000.0,11515000.0,-97174000.0,1119000.0,0.0,0.0,182435000.0,171000.0,83809000.0,-35582000,0.0,0.0,0.0,111000.0,-35471000.0,-271495000.0,0.0,-39394000.0,-66314000.0,-670000.0,-128847000.0,-3690000.0,-84199000.0,203591000.0,287790000.0,83809000.0,-35582000,48227000.0,https://www.sec.gov/Archives/edgar/data/1158324/000104746916010372/0001047469-16-010372-index.htm,https://www.sec.gov/Archives/edgar/data/1158324/000104746916010372/a2227147z10-k.htm,1620590042,15:54:02,20210509
6,2014-12-31,CCOI,USD,2015-02-27,2015-02-27 09:17:21,FY,797000.0,69481000.0,3163000.0,9571000.0,69032000.0,-3938000.0,0.0,0.0,279609000.0,1976000.0,73046000.0,-60032000,0.0,0.0,0.0,90000.0,-59942000.0,-110186000.0,0.0,-58582000.0,-54216000.0,-18208000.0,-26627000.0,-3553000.0,-17076000.0,287790000.0,304866000.0,73046000.0,-60032000,13014000.0,https://www.sec.gov/Archives/edgar/data/1158324/000104746915001355/0001047469-15-001355-index.htm,https://www.sec.gov/Archives/edgar/data/1158324/000104746915001355/a2223182z10-k.htm,1620590042,15:54:02,20210509
7,2013-12-31,CCOI,USD,2014-02-28,2014-02-28 10:22:11,FY,56689000.0,64358000.0,-50069000.0,8719000.0,-18936000.0,-6293000.0,0.0,0.0,210577000.0,6086000.0,81851000.0,-49031000,0.0,0.0,0.0,50000.0,-48981000.0,-11164000.0,0.0,0.0,-35352000.0,0.0,24584000.0,127000.0,57581000.0,304866000.0,247285000.0,81851000.0,-49031000,32820000.0,https://www.sec.gov/Archives/edgar/data/1158324/000104746914001543/0001047469-14-001543-index.htm,https://www.sec.gov/Archives/edgar/data/1158324/000104746914001543/a2218291z10-k.htm,1620590042,15:54:02,20210509
8,2012-12-31,CCOI,USD,2013-02-27,2013-02-27 10:24:20,FY,-4251000.0,62478000.0,2692000.0,8323000.0,4069000.0,1247000.0,0.0,0.0,229513000.0,6031000.0,79943000.0,-44337000,0.0,0.0,0.0,141000.0,-44196000.0,-16794000.0,0.0,-1265000.0,-9549000.0,-2361000.0,-27204000.0,535000.0,9078000.0,247285000.0,238207000.0,79943000.0,-44337000,35606000.0,https://www.sec.gov/Archives/edgar/data/1158324/000104746913001769/0001047469-13-001769-index.htm,https://www.sec.gov/Archives/edgar/data/1158324/000104746913001769/a2213021z10-k.htm,1620590042,15:54:02,20210509
9,2011-12-31,CCOI,USD,2012-02-27,2012-02-27 14:39:56,FY,7542000.0,59850000.0,0.0,7695000.0,178465000.0,-1554000.0,0.0,6137000.0,225444000.0,7542000.0,75814000.0,-45856000,0.0,0.0,0.0,44000.0,-45812000.0,0.0,0.0,-2969000.0,0.0,-15540000.0,152636000.0,-714000.0,181924000.0,238207000.0,56283000.0,75814000.0,-45856000,29958000.0,https://www.sec.gov/Archives/edgar/data/1158324/000104746912001587/0001047469-12-001587-index.htm,https://www.sec.gov/Archives/edgar/data/1158324/000104746912001587/a2207132z10-k.htm,1620590042,15:54:02,20210509
10,2010-12-31,CCOI,USD,2011-02-28,2011-02-28 15:26:39,FY,669000.0,56524000.0,0.0,6637000.0,-3839000.0,-1603000.0,0.0,7495000.0,46979000.0,-208000.0,71477000.0,-52757000,0.0,0.0,0.0,0.0,-52227000.0,-19148000.0,0.0,0.0,0.0,0.0,-18874000.0,-22000.0,354000.0,56283000.0,55929000.0,71477000.0,-52757000,18720000.0,https://www.sec.gov/Archives/edgar/data/1158324/000104746911001528/0001047469-11-001528-index.htm,https://www.sec.gov/Archives/edgar/data/1158324/000104746911001528/a2202298z10-k.htm,1620590042,15:54:02,20210509
11,2009-12-31,CCOI,USD,2010-03-01,2010-03-01 17:09:00,FY,-17151000.0,59913000.0,0.0,8607000.0,-15607000.0,-138000.0,0.0,3143000.0,50818000.0,13152000.0,56944000.0,-49507000,0.0,0.0,62000.0,-246000.0,-49353000.0,-23167000.0,0.0,-730000.0,0.0,0.0,-23540000.0,587000.0,-15362000.0,55929000.0,71291000.0,56944000.0,-49507000,7437000.0,https://www.sec.gov/Archives/edgar/data/1158324/000104746910001663/0001047469-10-001663-index.htm,https://www.sec.gov/Archives/edgar/data/1158324/000104746910001663/a2196368z10-k.htm,1620590042,15:54:02,20210509
12,2008-12-31,CCOI,USD,2009-03-02,2009-03-02 11:59:39,FY,26779000.0,63130000.0,0.0,0.0,-106328000.0,0.0,0.0,0.0,66425000.0,19468000.0,54336000.0,-33510000,0.0,0.0,750000.0,0.0,-32539000.0,0.0,147000.0,-59273000.0,0.0,0.0,-125638000.0,-1889000.0,-105730000.0,71291000.0,177021000.0,54336000.0,-33510000,20826000.0,https://www.sec.gov/Archives/edgar/data/1158324/000104746909002076/0001047469-09-002076-index.htm,https://www.sec.gov/Archives/edgar/data/1158324/000104746909002076/a2190673z10-k.htm,1620590042,15:54:02,20210509
13,2007-12-31,CCOI,USD,2008-02-27,2008-02-27 16:50:50,FY,-31025000.0,67214000.0,0.0,0.0,141354000.0,0.0,0.0,0.0,172753000.0,10384000.0,48630000.0,-30389000,0.0,-732000.0,0.0,0.0,-30864000.0,0.0,1103000.0,-59949000.0,0.0,0.0,116305000.0,308000.0,134379000.0,177021000.0,42642000.0,48630000.0,-30389000,18241000.0,https://www.sec.gov/Archives/edgar/data/1158324/000104746908001834/0001047469-08-001834-index.htm,https://www.sec.gov/Archives/edgar/data/1158324/000104746908001834/a2182458z10-k.htm,1620590042,15:54:02,20210509
14,2006-12-31,CCOI,USD,2007-03-14,2007-03-14 10:43:19,FY,-53757000.0,60679000.0,0.0,0.0,14316000.0,0.0,0.0,0.0,31399000.0,10509000.0,5285000.0,-21626000,0.0,0.0,1203000.0,0.0,-19478000.0,0.0,36906000.0,0.0,0.0,0.0,27045000.0,-93000.0,12759000.0,42642000.0,29883000.0,5285000.0,-21626000,-16341000.0,https://www.sec.gov/Archives/edgar/data/1158324/000110465907018892/0001104659-07-018892-index.htm,https://www.sec.gov/Archives/edgar/data/1158324/000110465907018892/a07-5604_110k.htm,1620590042,15:54:02,20210509
15,2005-12-31,CCOI,USD,2006-03-16,2006-03-16 06:19:02,FY,-67518000.0,70453000.0,0.0,0.0,30328000.0,0.0,0.0,0.0,17083000.0,0.0,-9062000.0,-17342000,-1000000.0,-774000.0,0.0,-1061000.0,-14055000.0,0.0,63723000.0,0.0,0.0,0.0,39824000.0,-668000.0,16039000.0,29883000.0,13844000.0,-9062000.0,-17342000,-26404000.0,https://www.sec.gov/Archives/edgar/data/1158324/000110465906017016/0001104659-06-017016-index.htm,https://www.sec.gov/Archives/edgar/data/1158324/000110465906017016/a06-2130_110k.htm,1620590042,15:54:02,20210509
16,2004-12-31,CCOI,USD,2005-03-31,2005-03-31 17:28:06,FY,-89660000.0,69965000.0,0.0,0.0,-12379000.0,0.0,0.0,0.0,-13245000.0,0.0,-26425000.0,-10135000,0.0,0.0,3026000.0,4129000.0,-2701000.0,0.0,0.0,0.0,0.0,41116000.0,34486000.0,609000.0,5969000.0,13844000.0,7875000.0,-26425000.0,-10135000,-36560000.0,https://www.sec.gov/Archives/edgar/data/1158324/000110465905014451/0001104659-05-014451-index.htm,https://www.sec.gov/Archives/edgar/data/1158324/000110465905014451/a05-5648_110k.htm,1620590042,15:54:02,20210509
17,2003-12-31,CCOI,USD,2004-03-30,2004-03-30 14:48:18,FY,140743000.0,70248000.0,0.0,0.0,228190000.0,0.0,0.0,0.0,-866000.0,0.0,-27357000.0,-24016000,0.0,-600000.0,0.0,-700000.0,-25316000.0,0.0,40630000.0,0.0,0.0,-24997000.0,20562000.0,672000.0,-31439000.0,7875000.0,39314000.0,-27357000.0,-24016000,-51373000.0,https://www.sec.gov/Archives/edgar/data/1158324/000104746904010013/0001047469-04-010013-index.htm,https://www.sec.gov/Archives/edgar/data/1158324/000104746904010013/a2131238z10-k.htm,1620590042,15:54:02,20210509
18,2002-12-31,CCOI,USD,2003-03-31,2003-03-31 15:31:06,FY,-91843000.0,45907000.0,0.0,0.0,-275635000.0,0.0,0.0,0.0,-229056000.0,0.0,-41567000.0,-75214000,0.0,-5386000.0,0.0,60814000.0,-19786000.0,0.0,0.0,0.0,0.0,1000.0,51694000.0,-44000.0,-9703000.0,39314000.0,49017000.0,-41567000.0,-75214000,-116781000.0,https://www.sec.gov/Archives/edgar/data/1158324/000104746903011242/0001047469-03-011242-index.htm,https://www.sec.gov/Archives/edgar/data/1158324/000104746903011242/a2106111z10-k.htm,1620590042,15:54:02,20210509
19,2001-12-31,CCOI,USD,2001-12-31,2001-12-31,FY,-66913000.0,16859000.0,0.0,0.0,-6042000.0,0.0,0.0,0.0,46579000.0,0.0,-46786000.0,-118020000,0.0,-1746000.0,0.0,0.0,-131652000.0,0.0,61366000.0,0.0,0.0,5618000.0,161862000.0,0.0,-16576000.0,49017000.0,65593000.0,-46786000.0,-118020000,-164806000.0,,,1620590042,15:54:02,20210509
20,2000-12-31,CCOI,USD,2000-12-31,2000-12-31,FY,-11761000.0,338000.0,0.0,0.0,-4947000.0,0.0,0.0,0.0,52621000.0,338000.0,-16370000.0,-80989000,0.0,0.0,0.0,0.0,-80989000.0,-37156000.0,90000.0,0.0,0.0,84117000.0,162952000.0,0.0,0.0,65593000.0,0.0,-16370000.0,-80989000,-97359000.0,,,1620590042,15:54:02,20210509
