,date,symbol,reportedCurrency,fillingDate,acceptedDate,period,netIncome,depreciationAndAmortization,deferredIncomeTax,stockBasedCompensation,changeInWorkingCapital,accountsReceivables,inventory,accountsPayables,otherWorkingCapital,otherNonCashItems,netCashProvidedByOperatingActivities,investmentsInPropertyPlantAndEquipment,acquisitionsNet,purchasesOfInvestments,salesMaturitiesOfInvestments,otherInvestingActivites,netCashUsedForInvestingActivites,debtRepayment,commonStockIssued,commonStockRepurchased,dividendsPaid,otherFinancingActivites,netCashUsedProvidedByFinancingActivities,effectOfForexChangesOnCash,netChangeInCash,cashAtEndOfPeriod,cashAtBeginningOfPeriod,operatingCashFlow,capitalExpenditure,freeCashFlow,link,finalLink,timestamp,est_time,est_date
0,2020-12-31,DZSI,USD,2021-03-11,2021-03-11 16:52:21,FY,-23082000.0,5143000.0,316000.0,4613000.0,-3450000.0,-18782000.0,-6916000.0,11136000.0,13000.0,149000.0,5064000.0,-2270000.0,0.0,0.0,0.0,0.0,-2270000.0,-29821000.0,0.0,0.0,0.0,11625000.0,17624000.0,534000.0,20952000.0,54587000,33635000.0,5064000.0,-2270000.0,2794000.0,https://www.sec.gov/Archives/edgar/data/1101680/000156459021012566/0001564590-21-012566-index.htm,https://www.sec.gov/Archives/edgar/data/1101680/000156459021012566/dzsi-10k_20201231.htm,1620591377,16:16:17,20210509
1,2019-12-31,DZSI,USD,2020-03-24,2020-03-24 16:37:46,FY,-13457000.0,5115000.0,1130000.0,3508000.0,39605000.0,-23072000.0,4802000.0,10340000.0,114885000.0,664000.0,-22702000.0,-2314000.0,-5000000.0,0.0,0.0,0.0,-6974000.0,-86232000.0,42509000.0,0.0,0.0,-3099000.0,28044000.0,-381000.0,-2013000.0,33635000,35648000.0,-22702000.0,-2314000.0,-25016000.0,https://www.sec.gov/Archives/edgar/data/1101680/000156459020012549/0001564590-20-012549-index.htm,https://www.sec.gov/Archives/edgar/data/1101680/000156459020012549/dzsi-10k_20191231.htm,1620591377,16:16:17,20210509
2,2018-12-31,DZSI,USD,2019-03-12,2019-03-12 16:54:24,FY,2767000.0,2702000.0,202000.0,2080000.0,12994000.0,-10287000.0,-9359000.0,5702000.0,75280000.0,0.0,-12218000.0,-1182000.0,0.0,0.0,0.0,0.0,-1180000.0,-49493000.0,914000.0,0.0,0.0,0.0,19003000.0,-1369000.0,4236000.0,35648000,31412000.0,-12218000.0,-1182000.0,-13400000.0,https://www.sec.gov/Archives/edgar/data/1101680/000156459019007382/0001564590-19-007382-index.htm,https://www.sec.gov/Archives/edgar/data/1101680/000156459019007382/dzsi-10k_20181231.htm,1620591377,16:16:17,20210509
3,2017-12-31,DZSI,USD,2018-04-04,2018-04-04 16:13:19,FY,1071000.0,3817000.0,-2915000.0,902000.0,5467000.0,-3132000.0,6233000.0,-3576000.0,62286000.0,0.0,1902000.0,-1072000.0,2000000.0,-429000.0,1463000.0,-5862000.0,-4730000.0,-24447000.0,121000.0,0.0,0.0,0.0,1508000.0,902000.0,-418000.0,17475000,17893000.0,1902000.0,-1162000.0,740000.0,https://www.sec.gov/Archives/edgar/data/1101680/000110168018000012/0001101680-18-000012-index.htm,https://www.sec.gov/Archives/edgar/data/1101680/000110168018000012/zhne-12312017x10k.htm,1620591377,16:16:17,20210509
4,2016-12-31,DZSI,USD,2017-09-27,2017-09-27 17:29:54,FY,-15326000.0,3173000.0,1408000.0,336000.0,22576000.0,-2092000.0,-1080000.0,4488000.0,56819000.0,336000.0,3496000.0,-1311000.0,7000000.0,-1034000.0,0.0,-1826000.0,2791000.0,-27336000.0,0.0,0.0,0.0,0.0,2733000.0,-222000.0,8798000.0,17893000,9095000.0,3496000.0,-1372000.0,2124000.0,https://www.sec.gov/Archives/edgar/data/1101680/000110168017000056/0001101680-17-000056-index.htm,https://www.sec.gov/Archives/edgar/data/1101680/000110168017000056/zhne-12312016x10k.htm,1620591377,16:16:17,20210509
5,2015-12-31,DZSI,USD,2016-03-23,2016-03-23 16:17:08,FY,-2017000.0,767000.0,0.0,1131000.0,-661000.0,1842000.0,5183000.0,-1666000.0,34243000.0,1131000.0,3703000.0,-818000.0,-1000000.0,0.0,0.0,0.0,-818000.0,-5000000.0,0.0,0.0,0.0,0.0,-3979000.0,-321000.0,-1415000.0,10113000,11528000.0,3703000.0,-818000.0,2885000.0,https://www.sec.gov/Archives/edgar/data/1101680/000110168016000060/0001101680-16-000060-index.htm,https://www.sec.gov/Archives/edgar/data/1101680/000110168016000060/zhne-12312015x10k.htm,1620591377,16:16:17,20210509
6,2014-12-31,DZSI,USD,2015-03-06,2015-03-06 15:12:38,FY,-4131000.0,403000.0,0.0,786000.0,-4387000.0,3769000.0,-423000.0,-970000.0,34904000.0,786000.0,-3437000.0,-850000.0,0.0,0.0,0.0,0.0,-850000.0,0.0,0.0,0.0,0.0,0.0,229000.0,-100000.0,-4158000.0,11528000,15686000.0,-3437000.0,-850000.0,-4287000.0,https://www.sec.gov/Archives/edgar/data/1101680/000110168015000005/0001101680-15-000005-index.htm,https://www.sec.gov/Archives/edgar/data/1101680/000110168015000005/zhne-12312014x10k.htm,1620591377,16:16:17,20210509
7,2013-12-31,DZSI,USD,2014-03-05,2014-03-05 16:28:25,FY,4314000.0,367000.0,0.0,424000.0,4423000.0,-6082000.0,1842000.0,5460000.0,39291000.0,424000.0,4188000.0,-502000.0,0.0,0.0,0.0,0.0,-502000.0,0.0,0.0,0.0,0.0,0.0,1032000.0,-151000.0,4567000.0,15686000,11119000.0,4188000.0,-502000.0,3686000.0,https://www.sec.gov/Archives/edgar/data/1101680/000110168014000003/0001101680-14-000003-index.htm,https://www.sec.gov/Archives/edgar/data/1101680/000110168014000003/zhne-12312013x10k.htm,1620591377,16:16:17,20210509
8,2012-12-31,DZSI,USD,2013-03-15,2013-03-15 13:40:29,FY,-9015000.0,316000.0,0.0,1314000.0,-8159000.0,3184000.0,5989000.0,-4568000.0,34868000.0,1375000.0,-1884000.0,-359000.0,0.0,0.0,0.0,58000.0,-301000.0,0.0,0.0,0.0,0.0,0.0,-4865000.0,-21000.0,-7071000.0,11119000,18190000.0,-1884000.0,-359000.0,-2243000.0,https://www.sec.gov/Archives/edgar/data/1101680/000119312513109545/0001193125-13-109545-index.htm,https://www.sec.gov/Archives/edgar/data/1101680/000119312513109545/d450121d10k.htm,1620591377,16:16:17,20210509
9,2011-12-31,DZSI,USD,2012-03-15,2012-03-15 17:00:57,FY,-11726000.0,1810000.0,0.0,1670000.0,-6375000.0,-3790000.0,3655000.0,-67000.0,43027000.0,0.0,-6772000.0,-1380000.0,0.0,0.0,0.0,0.0,-1380000.0,0.0,0.0,0.0,0.0,0.0,5208000.0,-40000.0,-2984000.0,18190000,21174000.0,-6772000.0,-1380000.0,-8152000.0,https://www.sec.gov/Archives/edgar/data/1101680/000119312512117561/0001193125-12-117561-index.htm,https://www.sec.gov/Archives/edgar/data/1101680/000119312512117561/d263118d10k.htm,1620591377,16:16:17,20210509
10,2010-12-31,DZSI,USD,2011-03-15,2011-03-15 14:19:42,FY,-4781000.0,1585000.0,0.0,2265000.0,-4441000.0,6599000.0,-820000.0,-3050000.0,49402000.0,761000.0,2056000.0,-3169000.0,0.0,0.0,306000.0,0.0,-2290000.0,-310000.0,274000.0,0.0,0.0,0.0,-36000.0,-16000.0,-286000.0,21174000,21460000.0,2056000.0,-3169000.0,-1113000.0,https://www.sec.gov/Archives/edgar/data/1101680/000119312511067016/0001193125-11-067016-index.htm,https://www.sec.gov/Archives/edgar/data/1101680/000119312511067016/d10k.htm,1620591377,16:16:17,20210509
11,2009-12-31,DZSI,USD,2010-03-16,2010-03-16 15:57:29,FY,-10027000.0,1834000.0,0.0,2260000.0,-8164000.0,-15222000.0,10478000.0,2195000.0,53843000.0,1780000.0,-8465000.0,-794000.0,0.0,-308000.0,2945000.0,65000.0,1908000.0,-5382000.0,100000.0,0.0,0.0,0.0,-5282000.0,48000.0,-11791000.0,21460000,33251000.0,-8465000.0,-794000.0,-9259000.0,https://www.sec.gov/Archives/edgar/data/1101680/000119312510058335/0001193125-10-058335-index.htm,https://www.sec.gov/Archives/edgar/data/1101680/000119312510058335/d10k.htm,1620591377,16:16:17,20210509
12,2008-12-31,DZSI,USD,2009-03-16,2009-03-16 16:30:54,FY,-92535000.0,2204000.0,0.0,2351000.0,-15489000.0,6450000.0,3992000.0,-8557000.0,62007000.0,3143000.0,-17224000.0,-1436000.0,0.0,-10879000.0,20412000.0,565000.0,13059000.0,-327000.0,294000.0,0.0,0.0,0.0,-33000.0,-355000.0,-4553000.0,33251000,37804000.0,-17224000.0,-1436000.0,-18660000.0,https://www.sec.gov/Archives/edgar/data/1101680/000119312509055464/0001193125-09-055464-index.htm,https://www.sec.gov/Archives/edgar/data/1101680/000119312509055464/d10k.htm,1620591377,16:16:17,20210509
13,2007-12-31,DZSI,USD,2008-03-06,2008-03-06 15:10:07,FY,-12102000.0,2660000.0,0.0,0.0,-6376000.0,0.0,338000.0,0.0,77496000.0,5709000.0,-14776000.0,-1365000.0,0.0,-26992000.0,32437000.0,249000.0,11579000.0,0.0,667000.0,0.0,0.0,0.0,-6477000.0,505000.0,-9169000.0,37804000,46973000.0,-14776000.0,-1365000.0,-16141000.0,https://www.sec.gov/Archives/edgar/data/1101680/000119312508048824/0001193125-08-048824-index.htm,https://www.sec.gov/Archives/edgar/data/1101680/000119312508048824/d10k.htm,1620591377,16:16:17,20210509
14,2006-12-31,DZSI,USD,2007-03-08,2007-03-08 17:07:14,FY,-142666000.0,5383000.0,0.0,0.0,-18649000.0,0.0,3334000.0,0.0,83872000.0,125282000.0,-16238000.0,-2004000.0,0.0,-37905000.0,40100000.0,-89000.0,10818000.0,0.0,2311000.0,0.0,0.0,0.0,143000.0,84000.0,-5193000.0,46973000,52166000.0,-16238000.0,-2004000.0,-18242000.0,https://www.sec.gov/Archives/edgar/data/1101680/000119312507049628/0001193125-07-049628-index.htm,https://www.sec.gov/Archives/edgar/data/1101680/000119312507049628/d10k.htm,1620591377,16:16:17,20210509
15,2005-12-31,DZSI,USD,2006-03-10,2006-03-10 16:36:26,FY,-126891000.0,14251000.0,0.0,0.0,30732000.0,0.0,2774000.0,0.0,102521000.0,0.0,-21048000.0,-3890000.0,43000000.0,-36969000.0,36644000.0,211000.0,38834000.0,0.0,3095000.0,0.0,0.0,0.0,-12250000.0,26000.0,5562000.0,52166000,46604000.0,-21048000.0,-3890000.0,-24938000.0,https://www.sec.gov/Archives/edgar/data/1101680/000119312506051109/0001193125-06-051109-index.htm,https://www.sec.gov/Archives/edgar/data/1101680/000119312506051109/d10k.htm,1620591377,16:16:17,20210509
16,2004-12-31,DZSI,USD,2005-03-16,2005-03-16 16:37:37,FY,-35646000.0,11288000.0,0.0,0.0,-10512000.0,0.0,-7302000.0,0.0,71789000.0,0.0,-47324000.0,-1816000.0,0.0,-208520000.0,255527000.0,5980000.0,58046000.0,0.0,1492000.0,0.0,0.0,0.0,3311000.0,24000.0,14057000.0,46604000,32547000.0,-47324000.0,-1816000.0,-49140000.0,https://www.sec.gov/Archives/edgar/data/1101680/000119312505052811/0001193125-05-052811-index.htm,https://www.sec.gov/Archives/edgar/data/1101680/000119312505052811/d10k.htm,1620591377,16:16:17,20210509
17,2003-12-31,DZSI,USD,2004-02-26,2004-02-26 15:40:17,FY,-17175000.0,9341000.0,0.0,0.0,-71792292.0,0.0,-3032000.0,0.0,82301000.0,0.0,-45138000.0,-444000.0,0.0,-75983000.0,10321000.0,5691000.0,80234000.0,0.0,1289000.0,0.0,0.0,0.0,-13169000.0,6000.0,21933000.0,32547000,10614000.0,-45138000.0,-444000.0,-45582000.0,https://www.sec.gov/Archives/edgar/data/1101680/000119312504030136/0001193125-04-030136-index.htm,https://www.sec.gov/Archives/edgar/data/1101680/000119312504030136/d10k.htm,1620591377,16:16:17,20210509
18,2002-12-31,DZSI,USD,2003-03-31,2003-03-28 21:10:37,FY,-412793996.0,29564859.0,0.0,0.0,-90885755.0,0.0,21853574.0,0.0,154093292.0,322986757.0,-36654424.0,-5840857.0,0.0,0.0,0.0,0.0,-5840857.0,-95611.0,1047306.0,0.0,0.0,-6145246.0,-5193551.0,0.0,-47688832.0,171019242,218708074.0,-36654424.0,-5840857.0,-42495281.0,https://www.sec.gov/Archives/edgar/data/1101680/000095013003002634/0000950130-03-002634-index.htm,https://www.sec.gov/Archives/edgar/data/1101680/000095013003002634/d10k.htm,1620591377,16:16:17,20210509
19,2001-12-31,DZSI,USD,2002-04-01 00:00:00,2002-04-01 00:00:00,FY,-210989008.0,47092696.0,0.0,0.0,-26912040.0,0.0,-17023012.0,0.0,244979047.0,126520113.0,-64288239.0,-55001037.0,0.0,0.0,0.0,0.0,-55001037.0,-3397149.0,149796880.0,0.0,0.0,3422175.0,149821906.0,0.0,30532630.0,218708074,188175444.0,-64288239.0,-55001037.0,-119289276.0,https://www.sec.gov/Archives/edgar/data/1101680/000095013002002290/0000950130-02-002290-index.html,https://www.sec.gov/Archives/edgar/data/1101680/000095013002002290/d10k.txt,1620591377,16:16:17,20210509
