,date,symbol,reportedCurrency,fillingDate,acceptedDate,period,netIncome,depreciationAndAmortization,deferredIncomeTax,stockBasedCompensation,changeInWorkingCapital,accountsReceivables,inventory,accountsPayables,otherWorkingCapital,otherNonCashItems,netCashProvidedByOperatingActivities,investmentsInPropertyPlantAndEquipment,acquisitionsNet,purchasesOfInvestments,salesMaturitiesOfInvestments,otherInvestingActivites,netCashUsedForInvestingActivites,debtRepayment,commonStockIssued,commonStockRepurchased,dividendsPaid,otherFinancingActivites,netCashUsedProvidedByFinancingActivities,effectOfForexChangesOnCash,netChangeInCash,cashAtEndOfPeriod,cashAtBeginningOfPeriod,operatingCashFlow,capitalExpenditure,freeCashFlow,link,finalLink,timestamp,est_time,est_date
0,2020-12-31,CASI,USD,2021-03-30,2021-03-30 17:28:44,FY,-48287000.0,3231000.0,0.0,7821000.0,-3318000.0,-3352000.0,3186000.0,-1540000.0,-35000.0,17828000.0,-25886000.0,-1499000.0,0.0,-6401000.0,0.0,2309000.0,-20719000.0,0.0,45099000.0,0.0,0.0,-2818000.0,47153000.0,2895000.0,3443000.0,57064000.0,53621000.0,-25886000.0,-19327000.0,-45213000.0,https://www.sec.gov/Archives/edgar/data/895051/000155837021003735/0001558370-21-003735-index.htm,https://www.sec.gov/Archives/edgar/data/895051/000155837021003735/casi-20201231x10k.htm,1620589931,15:52:11,20210509
1,2019-12-31,CASI,USD,2020-03-16,2020-03-16 15:01:28,FY,-46032000.0,2153000.0,0.0,7310000.0,-35136676.0,-1293000.0,-4411000.0,4001000.0,53554000.0,6968000.0,-23243000.0,-7053000.0,-21000000.0,-14038000.0,0.0,0.0,-28058000.0,-1500000.0,182000.0,0.0,0.0,19601000.0,22045000.0,-1328000.0,-30584000.0,53621000.0,84205000.0,-23243000.0,-14020000.0,-37263000.0,https://www.sec.gov/Archives/edgar/data/895051/000110465920034018/0001104659-20-034018-index.htm,https://www.sec.gov/Archives/edgar/data/895051/000110465920034018/tm205326d1_10k.htm,1620589931,15:52:11,20210509
2,2018-12-31,CASI,USD,2019-03-29,2019-03-29 10:22:54,FY,-27471568.0,1670934.0,0.0,6118121.0,49940345.0,0.0,0.0,-1097170.0,88690676.0,553571.0,-28583928.0,-1131113.0,-21000000.0,0.0,0.0,0.0,-21773492.0,0.0,87990216.0,0.0,0.0,-821780.0,92269807.0,-1197513.0,40714874.0,84204809.0,43489935.0,-28583928.0,-21774082.0,-50358010.0,https://www.sec.gov/Archives/edgar/data/895051/000114420419016832/0001144204-19-016832-index.htm,https://www.sec.gov/Archives/edgar/data/895051/000114420419016832/tv516177_10k.htm,1620589931,15:52:11,20210509
3,2017-12-31,CASI,USD,2018-03-29,2018-03-29 15:41:04,FY,-10770202.0,117779.0,0.0,650440.0,12617088.0,0.0,0.0,849365.0,38750331.0,7476.0,-6402235.0,-934702.0,0.0,0.0,0.0,0.0,-934702.0,0.0,23870786.0,0.0,0.0,-462841.0,23733944.0,0.0,16397007.0,43489935.0,27092928.0,-6402235.0,-934702.0,-7336937.0,https://www.sec.gov/Archives/edgar/data/895051/000114420418017897/0001144204-18-017897-index.htm,https://www.sec.gov/Archives/edgar/data/895051/000114420418017897/tv489075_10k.htm,1620589931,15:52:11,20210509
4,2016-12-31,CASI,USD,2017-03-31,2017-03-31 10:01:18,FY,-9453488.0,66451.0,0.0,2995240.0,21617462.0,0.0,0.0,180526.0,26133243.0,26308.0,-6023119.0,-223233.0,0.0,0.0,0.0,0.0,-64787.0,0.0,28146232.0,0.0,0.0,-96512.0,28049720.0,0.0,21961814.0,27092928.0,5131114.0,-6023119.0,-223233.0,-6246352.0,https://www.sec.gov/Archives/edgar/data/895051/000114420417017953/0001144204-17-017953-index.htm,https://www.sec.gov/Archives/edgar/data/895051/000114420417017953/v462424_10k.htm,1620589931,15:52:11,20210509
5,2015-12-31,CASI,USD,2016-03-28,2016-03-28 10:01:14,FY,-7206423.0,68381.0,0.0,1541192.0,-5586967.0,23727.0,0.0,129472.0,4515781.0,74955.0,-5513409.0,-25396.0,0.0,0.0,0.0,0.0,-25396.0,0.0,0.0,0.0,0.0,0.0,0.0,0.0,-5538805.0,5131114.0,10669919.0,-5513409.0,-25396.0,-5538805.0,https://www.sec.gov/Archives/edgar/data/895051/000114420416090485/0001144204-16-090485-index.htm,https://www.sec.gov/Archives/edgar/data/895051/000114420416090485/v434565_10k.htm,1620589931,15:52:11,20210509
6,2014-12-31,CASI,USD,2015-03-27,2015-03-27 10:10:02,FY,-26202308.0,48179.0,0.0,2189102.0,-4743530.0,-23727.0,0.0,352172.0,10102748.0,19707633.0,-3995426.0,-231818.0,0.0,0.0,0.0,-234508.0,-466326.0,0.0,0.0,0.0,0.0,0.0,0.0,0.0,-4461752.0,10669919.0,15131671.0,-3995426.0,-466326.0,-4461752.0,https://www.sec.gov/Archives/edgar/data/895051/000114420415018805/0001144204-15-018805-index.htm,https://www.sec.gov/Archives/edgar/data/895051/000114420415018805/v404921_10k.htm,1620589931,15:52:11,20210509
7,2013-12-31,CASI,USD,2014-03-21,2014-03-21 10:04:51,FY,-5738361.0,17389.0,0.0,2044382.0,6681019.0,669310.0,0.0,-102395.0,14846278.0,2044382.0,-3275713.0,-42975.0,0.0,0.0,0.0,0.0,-42975.0,0.0,10789987.0,0.0,0.0,-448402.0,10401122.0,0.0,7082434.0,15131671.0,8049237.0,-3275713.0,-42975.0,-3318688.0,https://www.sec.gov/Archives/edgar/data/895051/000114420414017002/0001144204-14-017002-index.htm,https://www.sec.gov/Archives/edgar/data/895051/000114420414017002/v371208_10k.htm,1620589931,15:52:11,20210509
8,2012-12-31,CASI,USD,2013-03-21,2013-03-21 11:01:08,FY,-14545224.0,20457.0,0.0,978243.0,5662321.0,1263432.0,0.0,51522.0,8165259.0,10041292.0,-2212189.0,-48392.0,0.0,0.0,0.0,0.0,-48392.0,0.0,1999.0,0.0,0.0,-772811.0,9229188.0,0.0,6968607.0,8049237.0,1080630.0,-2212189.0,-48392.0,-2260581.0,https://www.sec.gov/Archives/edgar/data/895051/000114420413016578/0001144204-13-016578-index.htm,https://www.sec.gov/Archives/edgar/data/895051/000114420413016578/v336076_10k.htm,1620589931,15:52:11,20210509
9,2011-12-31,CASI,USD,2012-03-09,2012-03-09 14:02:58,FY,-4558495.0,38116.0,0.0,609724.0,-2721164.0,817705.0,0.0,-897675.0,2502938.0,-4558495.0,-4272278.0,-6001.0,0.0,0.0,26809.0,56500.0,77308.0,-757471.0,1312063.0,0.0,0.0,-164964.0,389628.0,0.0,-3805342.0,1080630.0,4885972.0,-4272278.0,-6001.0,-4278279.0,https://www.sec.gov/Archives/edgar/data/895051/000114420412013984/0001144204-12-013984-index.htm,https://www.sec.gov/Archives/edgar/data/895051/000114420412013984/v304547_10k.htm,1620589931,15:52:11,20210509
10,2010-12-31,CASI,USD,2011-03-30,2011-03-30 12:12:26,FY,-8101115.0,70364.0,0.0,271616.0,6619260.0,536411.0,0.0,-617603.0,5224102.0,3046959.0,-4959713.0,-3595.0,0.0,0.0,0.0,2000.0,-1595.0,-8553796.0,0.0,0.0,0.0,12088894.0,3535098.0,0.0,-1426210.0,4885972.0,6312182.0,-4959713.0,-3595.0,-4963308.0,https://www.sec.gov/Archives/edgar/data/895051/000114420411018176/0001144204-11-018176-index.htm,https://www.sec.gov/Archives/edgar/data/895051/000114420411018176/v216323_10k.htm,1620589931,15:52:11,20210509
11,2009-12-31,CASI,USD,2010-03-29,2010-03-29 17:29:21,FY,-8216378.0,95106.0,0.0,320156.0,-16177640.0,593250.0,0.0,-1527591.0,-1395158.0,133082.0,-10212608.0,-2889.0,0.0,-7992859.0,15500000.0,-4436.0,7499816.0,-7707840.0,0.0,0.0,0.0,-10315.0,-7718155.0,0.0,-10430947.0,6312182.0,16743129.0,-10212608.0,-2889.0,-10215497.0,https://www.sec.gov/Archives/edgar/data/895051/000114420410016386/0001144204-10-016386-index.htm,https://www.sec.gov/Archives/edgar/data/895051/000114420410016386/v178789_10k.htm,1620589931,15:52:11,20210509
12,2008-12-31,CASI,USD,2009-03-13,2009-03-12 18:57:50,FY,-23862028.0,319230.0,0.0,1089517.0,-28147120.0,21446.0,0.0,-1054694.0,14782482.0,2198543.0,-20713407.0,-134065.0,0.0,-51556886.0,62525000.0,4436.0,10838485.0,-2980893.0,0.0,-76955.0,0.0,0.0,-3057848.0,0.0,-12932770.0,16743129.0,29675899.0,-20713407.0,-134065.0,-20847472.0,https://www.sec.gov/Archives/edgar/data/895051/000095013309000720/0000950133-09-000720-index.htm,https://www.sec.gov/Archives/edgar/data/895051/000095013309000720/w73187e10vk.htm,1620589931,15:52:11,20210509
13,2007-12-31,CASI,USD,2008-03-06,2008-03-06 16:09:51,FY,-22411121.0,-779149.0,0.0,0.0,-3338952.0,0.0,0.0,0.0,42929602.0,1517292.0,-23524073.0,-106721.0,0.0,-43999618.0,56664000.0,0.0,12557661.0,0.0,750275.0,0.0,0.0,-153012.0,19746170.0,0.0,8779758.0,29675899.0,20896141.0,-23524073.0,-106721.0,-23630794.0,https://www.sec.gov/Archives/edgar/data/895051/000095013308000975/0000950133-08-000975-index.htm,https://www.sec.gov/Archives/edgar/data/895051/000095013308000975/w50718e10vk.htm,1620589931,15:52:11,20210509
14,2006-12-31,CASI,USD,2007-03-15,2007-03-15 14:31:35,FY,-49889057.0,-469135.0,0.0,0.0,17758378.0,0.0,0.0,0.0,46268554.0,31035566.0,-20774938.0,-227435.0,-3000000.0,-72786954.0,62920760.0,0.0,-12946946.0,0.0,43907403.0,0.0,0.0,0.0,43210373.0,0.0,9488489.0,20896141.0,11407652.0,-20774938.0,-227435.0,-21002373.0,https://www.sec.gov/Archives/edgar/data/895051/000095013307001107/0000950133-07-001107-index.htm,https://www.sec.gov/Archives/edgar/data/895051/000095013307001107/w31835e10vk.htm,1620589931,15:52:11,20210509
15,2005-12-31,CASI,USD,2006-03-14,2006-03-14 17:30:56,FY,-16313257.0,155021.0,0.0,0.0,-6469760.0,0.0,0.0,0.0,28510176.0,0.0,-14517971.0,-248677.0,0.0,-51491900.0,47325000.0,0.0,-4404577.0,0.0,9904705.0,0.0,0.0,0.0,9904705.0,0.0,-9017843.0,11407652.0,20425495.0,-14517971.0,-248677.0,-14766648.0,https://www.sec.gov/Archives/edgar/data/895051/000095013306001229/0000950133-06-001229-index.htm,https://www.sec.gov/Archives/edgar/data/895051/000095013306001229/w18451e10vk.htm,1620589931,15:52:11,20210509
16,2004-12-31,CASI,USD,2005-03-16,2005-03-16 17:08:22,FY,-12621898.0,773775.0,0.0,0.0,1574118.0,0.0,0.0,0.0,34979936.0,0.0,-16406420.0,-163539.0,0.0,-11984438.0,520000.0,0.0,-11272702.0,0.0,13292770.0,0.0,0.0,0.0,13292770.0,0.0,-14386352.0,20425495.0,34811847.0,-16406420.0,-163539.0,-16569959.0,https://www.sec.gov/Archives/edgar/data/895051/000095013305001083/0000950133-05-001083-index.htm,https://www.sec.gov/Archives/edgar/data/895051/000095013305001083/w06565e10vk.htm,1620589931,15:52:11,20210509
17,2003-12-31,CASI,USD,2004-03-15,2004-03-15 12:16:17,FY,-19494056.0,930772.0,0.0,0.0,25689816.0,0.0,0.0,0.0,33405818.0,0.0,-24249870.0,-32715.0,0.0,-2391680.0,0.0,-418108.0,-2842503.0,0.0,37929018.0,0.0,0.0,0.0,37837175.0,0.0,10744802.0,34811847.0,24067045.0,-24249870.0,-32715.0,-24282585.0,https://www.sec.gov/Archives/edgar/data/895051/000095013304000918/0000950133-04-000918-index.htm,https://www.sec.gov/Archives/edgar/data/895051/000095013304000918/w95132e10vk.htm,1620589931,15:52:11,20210509
18,2002-12-31,CASI,USD,2003-03-31,2003-03-31 15:49:01,FY,-39022152.0,1508559.0,0.0,0.0,-13541948.0,0.0,0.0,0.0,7716002.0,426824.0,-45534492.0,-558187.0,0.0,0.0,0.0,0.0,2381997.0,0.0,19414265.0,0.0,0.0,5164099.0,25833240.0,0.0,-17319255.0,24067045.0,41386300.0,-45534492.0,-558187.0,-46092679.0,https://www.sec.gov/Archives/edgar/data/895051/000095013303001174/0000950133-03-001174-index.htm,https://www.sec.gov/Archives/edgar/data/895051/000095013303001174/w84906e10vk.htm,1620589931,15:52:11,20210509
19,2001-12-31,CASI,USD,2001-12-31,2001-12-31,FY,-43309071.0,1376187.0,0.0,0.0,6128767.0,0.0,0.0,0.0,21257950.0,0.0,-52873772.0,-985783.0,0.0,0.0,0.0,22410182.0,21424399.0,0.0,47139118.0,0.0,0.0,0.0,48331787.0,0.0,16882414.0,41386300.0,24503886.0,-52873772.0,-985783.0,-53859555.0,,,1620589931,15:52:11,20210509
20,2000-12-31,CASI,USD,2000-12-31,2000-12-31,FY,-48794378.0,1077667.0,0.0,0.0,-4170817.0,0.0,0.0,0.0,15129183.0,1.0,-44247321.0,-1640365.0,0.0,0.0,0.0,0.0,-1640365.0,0.0,49315827.0,-3833367.0,0.0,0.0,44364337.0,0.0,-1523349.0,24503886.0,26027235.0,-44247321.0,-1640365.0,-45887686.0,,,1620589931,15:52:11,20210509
21,1999-12-31,CASI,USD,1999-12-31,1999-12-31,FY,-36900000.0,900000.0,0.0,0.0,-9900000.0,0.0,0.0,0.0,19300000.0,100000.0,-35800000.0,-1900000.0,0.0,0.0,4400000.0,-100000.0,2400000.0,0.0,29500000.0,-3800000.0,0.0,0.0,28600000.0,0.0,-4800000.0,26000000.0,30800000.0,-35800000.0,-1900000.0,-37700000.0,,,1620589931,15:52:11,20210509
22,1998-12-31,CASI,USD,1998-12-31,1998-12-31,FY,-13500000.0,700000.0,0.0,0.0,-12200000.0,0.0,0.0,0.0,29200000.0,0.0,-12500000.0,-1800000.0,0.0,-12300000.0,34900000.0,-400000.0,20400000.0,0.0,4700000.0,0.0,0.0,0.0,4700000.0,0.0,0.0,0.0,18200000.0,-12500000.0,-1800000.0,-14300000.0,,,1620589931,15:52:11,20210509
23,1997-12-31,CASI,USD,1997-12-31,1997-12-31,FY,-6500000.0,300000.0,0.0,0.0,-7600000.0,0.0,0.0,0.0,41400000.0,0.0,-6600000.0,-1000000.0,0.0,-32000000.0,24700000.0,-400000.0,-8700000.0,0.0,500000.0,0.0,0.0,0.0,400000.0,0.0,0.0,0.0,33100000.0,-6600000.0,-1000000.0,-7600000.0,,,1620589931,15:52:11,20210509
24,1996-12-31,CASI,USD,1996-12-31,1996-12-31,FY,-4800000.0,200000.0,0.0,0.0,43300000.0,0.0,0.0,0.0,49000000.0,100000.0,-2200000.0,-200000.0,0.0,-34600000.0,14900000.0,-100000.0,-20000000.0,0.0,48800000.0,0.0,0.0,0.0,48400000.0,0.0,0.0,0.0,6900000.0,-2200000.0,-200000.0,-2400000.0,,,1620589931,15:52:11,20210509
25,1995-12-31,CASI,USD,1995-12-31,1995-12-31,FY,-7710000.0,200000.0,0.0,0.0,6100000.0,-2500000.0,0.0,200000.0,5700000.0,80000.0,-4440000.0,-210000.0,0.0,0.0,0.0,0.0,-210000.0,0.0,0.0,10940000.0,0.0,0.0,11320000.0,0.0,6670000.0,6870000.0,200000.0,-4440000.0,-210000.0,-4650000.0,,,1620589931,15:52:11,20210509
26,1994-12-31,CASI,USD,1994-12-31,1994-12-31,FY,-5120000.0,150000.0,0.0,0.0,-400000.0,0.0,0.0,0.0,-400000.0,130000.0,-4350000.0,-90000.0,0.0,0.0,0.0,0.0,-90000.0,0.0,0.0,2470000.0,0.0,0.0,2470000.0,0.0,-1970000.0,-1970000.0,0.0,-4350000.0,-90000.0,-4440000.0,,,1620589931,15:52:11,20210509
27,1993-12-31,CASI,USD,1993-12-31,1993-12-31,FY,-6240000.0,80000.0,0.0,0.0,120000.0,0.0,0.0,0.0,0.0,400000.0,-5640000.0,-690000.0,0.0,0.0,0.0,0.0,-690000.0,0.0,0.0,7120000.0,0.0,0.0,7120000.0,0.0,790000.0,84994810.0,84204810.0,-5640000.0,-690000.0,-6330000.0,,,1620589931,15:52:11,20210509
