,date,symbol,reportedCurrency,fillingDate,acceptedDate,period,netIncome,depreciationAndAmortization,deferredIncomeTax,stockBasedCompensation,changeInWorkingCapital,accountsReceivables,inventory,accountsPayables,otherWorkingCapital,otherNonCashItems,netCashProvidedByOperatingActivities,investmentsInPropertyPlantAndEquipment,acquisitionsNet,purchasesOfInvestments,salesMaturitiesOfInvestments,otherInvestingActivites,netCashUsedForInvestingActivites,debtRepayment,commonStockIssued,commonStockRepurchased,dividendsPaid,otherFinancingActivites,netCashUsedProvidedByFinancingActivities,effectOfForexChangesOnCash,netChangeInCash,cashAtEndOfPeriod,cashAtBeginningOfPeriod,operatingCashFlow,capitalExpenditure,freeCashFlow,link,finalLink,timestamp,est_time,est_date
0,2020-12-31,OSPN,USD,2021-02-25,2021-02-25 16:31:51,FY,-5455000.0,9122000.0,-1487000.0,4740000.0,-5632000.0,6792000.0,6725000.0,-5237000.0,131874000.0,0.0,14922000.0,-3101000.0,0.0,-34060000.0,32630000.0,-133000.0,-4664000.0,9422000.0,0.0,-5030000.0,0.0,-2030000.0,-7060000.0,914000.0,4112000.0,89241000.0,85129000.0,14922000.0,-3101000.0,11821000.0,https://www.sec.gov/Archives/edgar/data/1044777/000155837021001842/0001558370-21-001842-index.htm,https://www.sec.gov/Archives/edgar/data/1044777/000155837021001842/ospn-20201231x10k.htm,1620596235,17:37:15,20210509
1,2019-12-31,OSPN,USD,2020-03-16,2020-03-16 14:45:42,FY,8789000.0,9470000.0,-1624000.0,3368000.0,17907000.0,-3414000.0,-5391000.0,3628000.0,137506000.0,0.0,18244000.0,-7453000.0,0.0,-33839000.0,31399000.0,0.0,-9893000.0,0.0,0.0,0.0,0.0,-569000.0,-569000.0,-208000.0,7574000.0,85129000.0,77555000.0,18244000.0,-7453000.0,10791000.0,https://www.sec.gov/Archives/edgar/data/1044777/000155837020002752/0001558370-20-002752-index.htm,https://www.sec.gov/Archives/edgar/data/1044777/000155837020002752/ospn-20191231x10k.htm,1620596235,17:37:15,20210509
2,2018-12-31,OSPN,USD,2019-03-15,2019-03-15 17:11:54,FY,3846000.0,12138000.0,-7431000.0,3973000.0,-42185000.0,-11960000.0,-2388000.0,-1475000.0,119599000.0,0.0,1226000.0,-3685000.0,0.0,-22820000.0,80000000.0,-236000.0,194000.0,0.0,0.0,0.0,0.0,-970000.0,-970000.0,-1556000.0,-1106000.0,77555000.0,78661000.0,1226000.0,-3685000.0,-2459000.0,https://www.sec.gov/Archives/edgar/data/1044777/000155837019002169/0001558370-19-002169-index.htm,https://www.sec.gov/Archives/edgar/data/1044777/000155837019002169/ospn-20181231x10k.htm,1620596235,17:37:15,20210509
3,2017-12-31,OSPN,USD,2018-03-08,2018-03-08 16:56:52,FY,-22399000.0,10601000.0,13053000.0,3466000.0,22585000.0,-8428000.0,5380000.0,-1013000.0,161784000.0,0.0,17627000.0,-3088000.0,0.0,-178658000.0,195000000.0,-349000.0,12798000.0,0.0,0.0,0.0,0.0,-640000.0,-640000.0,-469000.0,29316000.0,78661000.0,49345000.0,17627000.0,-3195000.0,14432000.0,https://www.sec.gov/Archives/edgar/data/1044777/000155837018001736/0001558370-18-001736-index.htm,https://www.sec.gov/Archives/edgar/data/1044777/000155837018001736/vdsi-20171231x10k.htm,1620596235,17:37:15,20210509
4,2016-12-31,OSPN,USD,2017-03-10,2017-03-10 16:13:45,FY,10514000.0,10777000.0,-4936000.0,2766000.0,11524000.0,-8106000.0,3198000.0,163000.0,139199000.0,2766000.0,28415000.0,-2043000.0,0.0,-184690000.0,134775000.0,-4394000.0,-56496000.0,0.0,0.0,0.0,0.0,-1051000.0,-1051000.0,-45000.0,-29177000.0,49345000.0,78522000.0,28415000.0,-2187000.0,26228000.0,https://www.sec.gov/Archives/edgar/data/1044777/000119312517078799/0001193125-17-078799-index.htm,https://www.sec.gov/Archives/edgar/data/1044777/000119312517078799/d363884d10k.htm,1620596235,17:37:15,20210509
5,2015-12-31,OSPN,USD,2016-02-29,2016-02-29 17:10:30,FY,42151000.0,6302000.0,-691000.0,3835000.0,-33354000.0,2860000.0,13257000.0,-6645000.0,127675000.0,-158000.0,68792000.0,-1362000.0,-74000000.0,-109747000.0,129725000.0,3000.0,-55956000.0,-5925000.0,0.0,0.0,0.0,-519000.0,-6444000.0,-311000.0,6081000.0,78522000.0,72441000.0,68792000.0,-1451000.0,67341000.0,https://www.sec.gov/Archives/edgar/data/1044777/000119312516485621/0001193125-16-485621-index.htm,https://www.sec.gov/Archives/edgar/data/1044777/000119312516485621/d141501d10k.htm,1620596235,17:37:15,20210509
6,2014-12-31,OSPN,USD,2015-03-13,2015-03-13 12:26:00,FY,33484000.0,6156000.0,492000.0,2399000.0,36490000.0,-4660000.0,-8222000.0,4531000.0,161029000.0,2864000.0,41618000.0,-1453000.0,0.0,-94856000.0,29916000.0,-1295000.0,-67800000.0,0.0,0.0,0.0,0.0,130000.0,181000.0,-165000.0,-26166000.0,72441000.0,98607000.0,41618000.0,-1565000.0,40053000.0,https://www.sec.gov/Archives/edgar/data/1044777/000119312515090635/0001193125-15-090635-index.htm,https://www.sec.gov/Archives/edgar/data/1044777/000119312515090635/d853016d10k.htm,1620596235,17:37:15,20210509
7,2013-12-31,OSPN,USD,2014-03-12,2014-03-12 14:26:05,FY,11147000.0,5042000.0,-6118000.0,2587000.0,-4948000.0,-39000.0,-6492000.0,-1460000.0,124539000.0,-306000.0,10025000.0,-944000.0,-19000000.0,0.0,0.0,267000.0,-20466000.0,0.0,0.0,0.0,0.0,2320000.0,2434000.0,145000.0,-7862000.0,98607000.0,106469000.0,10025000.0,-1238000.0,8787000.0,https://www.sec.gov/Archives/edgar/data/1044777/000119312514095399/0001193125-14-095399-index.htm,https://www.sec.gov/Archives/edgar/data/1044777/000119312514095399/d664024d10k.htm,1620596235,17:37:15,20210509
8,2012-12-31,OSPN,USD,2013-03-08,2013-03-08 12:43:01,FY,15599000.0,3644000.0,1065000.0,3726000.0,20897000.0,4530000.0,-2641000.0,407000.0,129487000.0,-974000.0,22061000.0,-1337000.0,0.0,0.0,0.0,117000.0,-1546000.0,0.0,0.0,0.0,0.0,0.0,441000.0,1015000.0,1000.0,106469000.0,84497000.0,22061000.0,-1663000.0,20398000.0,https://www.sec.gov/Archives/edgar/data/1044777/000119312513097926/0001193125-13-097926-index.htm,https://www.sec.gov/Archives/edgar/data/1044777/000119312513097926/d444179d10k.htm,1620596235,17:37:15,20210509
9,2011-12-31,OSPN,USD,2012-03-09,2012-03-09 16:22:06,FY,18133000.0,3809000.0,-4332000.0,6117000.0,11701000.0,-10315000.0,-5323000.0,-1569000.0,108590000.0,0.0,16608000.0,-1132000.0,-1000000.0,0.0,0.0,-64000.0,-15545000.0,0.0,0.0,0.0,0.0,153000.0,153000.0,-2252000.0,-1036000.0,84497000.0,85533000.0,16608000.0,-8419000.0,8189000.0,https://www.sec.gov/Archives/edgar/data/1044777/000119312512106999/0001193125-12-106999-index.htm,https://www.sec.gov/Archives/edgar/data/1044777/000119312512106999/d274865d10k.htm,1620596235,17:37:15,20210509
10,2010-12-31,OSPN,USD,2011-03-11,2011-03-11 16:20:37,FY,10806000.0,2458000.0,118000.0,0.0,9257000.0,6700000.0,-1695000.0,4465000.0,96889000.0,1021000.0,21083000.0,-1417000.0,0.0,0.0,0.0,-355000.0,-1772000.0,0.0,0.0,0.0,0.0,0.0,3000.0,-1382000.0,17932000.0,85533000.0,67601000.0,21083000.0,-1417000.0,19666000.0,https://www.sec.gov/Archives/edgar/data/1044777/000119312511064023/0001193125-11-064023-index.htm,https://www.sec.gov/Archives/edgar/data/1044777/000119312511064023/d10k.htm,1620596235,17:37:15,20210509
11,2009-12-31,OSPN,USD,2010-03-16,2010-03-16 15:19:06,FY,11862000.0,3343000.0,-38000.0,0.0,11702000.0,-4951000.0,4363000.0,-5864000.0,87632000.0,-309000.0,12828000.0,-2169000.0,0.0,0.0,0.0,-559000.0,-2728000.0,0.0,0.0,0.0,0.0,0.0,119000.0,-332000.0,9887000.0,67601000.0,57714000.0,12828000.0,-2169000.0,10659000.0,https://www.sec.gov/Archives/edgar/data/1044777/000119312510058254/0001193125-10-058254-index.htm,https://www.sec.gov/Archives/edgar/data/1044777/000119312510058254/d10k.htm,1620596235,17:37:15,20210509
12,2008-12-31,OSPN,USD,2009-03-13,2009-03-13 12:56:12,FY,24291000.0,3381000.0,-612000.0,0.0,23492000.0,0.0,-6358000.0,0.0,75930000.0,3117000.0,23506000.0,-2812000.0,0.0,0.0,0.0,-256000.0,-3068000.0,0.0,354000.0,0.0,0.0,0.0,354000.0,-1911000.0,18881000.0,57714000.0,38833000.0,23506000.0,-2812000.0,20694000.0,https://www.sec.gov/Archives/edgar/data/1044777/000119312509053450/0001193125-09-053450-index.htm,https://www.sec.gov/Archives/edgar/data/1044777/000119312509053450/d10k.htm,1620596235,17:37:15,20210509
13,2007-12-31,OSPN,USD,2008-03-14,2008-03-14 16:33:57,FY,20963000.0,3004000.0,167000.0,0.0,30380000.0,0.0,-2078000.0,0.0,52438000.0,2157000.0,24072000.0,-1167000.0,0.0,0.0,0.0,-164000.0,-1331000.0,0.0,2251000.0,0.0,0.0,0.0,97000.0,1227000.0,24065000.0,38833000.0,14768000.0,24072000.0,-1167000.0,22905000.0,https://www.sec.gov/Archives/edgar/data/1044777/000119312508057448/0001193125-08-057448-index.htm,https://www.sec.gov/Archives/edgar/data/1044777/000119312508057448/d10k.htm,1620596235,17:37:15,20210509
14,2006-12-31,OSPN,USD,2006-12-31,2006-12-31,FY,12587000.0,1242000.0,-632000.0,0.0,5733000.0,0.0,-2175000.0,0.0,22058000.0,1859000.0,7819000.0,-2907000.0,-7000000.0,0.0,0.0,327000.0,-9883000.0,0.0,772000.0,0.0,0.0,0.0,-247000.0,117000.0,-2194000.0,14768000.0,16962000.0,7819000.0,-2907000.0,4912000.0,,,1620596235,17:37:15,20210509
15,2005-12-31,OSPN,USD,2006-03-15 00:00:00,2006-03-15 15:02:52,FY,7701000.0,1076000.0,-122000.0,0.0,6270000.0,0.0,-438000.0,0.0,16325000.0,0.0,7542000.0,-507000.0,-4000000.0,0.0,343000.0,-309000.0,-4456000.0,0.0,3455000.0,0.0,-14000.0,0.0,6614000.0,-876000.0,8824000.0,16962000.0,8138000.0,7542000.0,-507000.0,7035000.0,https://www.sec.gov/Archives/edgar/data/1044777/000095013706003083/0000950137-06-003083-index.html,https://www.sec.gov/Archives/edgar/data/1044777/000095013706003083/c03282e10vk.txt,1620596235,17:37:15,20210509
16,2004-12-31,OSPN,USD,2004-12-31,2004-12-31,FY,3253000.0,734000.0,46000.0,0.0,4836947.0,0.0,-168000.0,0.0,10055000.0,0.0,2877000.0,-252000.0,0.0,0.0,0.0,158000.0,-94000.0,0.0,236000.0,0.0,-182000.0,0.0,54000.0,484000.0,3321000.0,8138000.0,4817000.0,2877000.0,-252000.0,2625000.0,,,1620596235,17:37:15,20210509
17,2003-12-31,OSPN,USD,2004-03-30 00:00:00,2004-03-30 15:35:20,FY,2755694.0,1061018.0,-69881.0,0.0,5904926.0,0.0,669951.0,0.0,5218053.0,327664.0,2408835.0,-124204.0,0.0,0.0,0.0,118975.0,127687.0,0.0,63417.0,-4000000.0,0.0,7259515.0,-266713.0,-68630.0,2201179.0,4817114.0,2615935.0,2408835.0,-124204.0,2284631.0,https://www.sec.gov/Archives/edgar/data/1044777/000095013704002364/0000950137-04-002364-index.html,https://www.sec.gov/Archives/edgar/data/1044777/000095013704002364/c84142e10vk.txt,1620596235,17:37:15,20210509
18,2002-12-31,OSPN,USD,2002-12-31,2002-12-31,FY,-4538995.0,1351804.0,83000.0,0.0,-7359205.0,0.0,666205.0,0.0,-686873.0,0.0,-2910384.0,-15961.0,0.0,0.0,0.0,-50952.0,-90275.0,0.0,0.0,0.0,0.0,0.0,-236954.0,-488892.0,-3726505.0,2615935.0,6342440.0,-2910384.0,-15961.0,-2926345.0,,,1620596235,17:37:15,20210509
19,2001-12-31,OSPN,USD,2002-03-28 00:00:00,2002-03-28 00:00:00,FY,-12033970.0,5576096.0,0.0,0.0,-7635082.0,0.0,-943269.0,0.0,6672332.0,0.0,-6311631.0,-948412.0,0.0,0.0,0.0,141156.0,-807256.0,0.0,33357.0,0.0,0.0,0.0,-265879.0,-105439.0,-7490205.0,6342440.0,13832645.0,-6311631.0,-948412.0,-7260043.0,https://www.sec.gov/Archives/edgar/data/1044777/000095013702001725/0000950137-02-001725-index.html,https://www.sec.gov/Archives/edgar/data/1044777/000095013702001725/c68455e10-k.txt,1620596235,17:37:15,20210509
20,2000-12-31,OSPN,USD,2000-12-31,2000-12-31,FY,-4161772.0,1415763.0,0.0,0.0,11807414.0,0.0,-306369.0,0.0,14307414.0,0.0,-2150027.0,-3473564.0,0.0,0.0,0.0,1589.0,-3471975.0,0.0,17281930.0,0.0,0.0,0.0,17281930.0,-403777.0,11256151.0,13832645.0,2576494.0,-2150027.0,-3473564.0,-5623591.0,,,1620596235,17:37:15,20210509
21,1999-12-31,OSPN,USD,2000-03-16 00:00:00,2000-03-16 00:00:00,FY,-2200000.0,1100000.0,0.0,0.0,5586289.0,0.0,500000.0,0.0,2500000.0,0.0,-1600000.0,-1500000.0,0.0,0.0,0.0,0.0,-1500000.0,0.0,10800000.0,-800000.0,0.0,100000.0,4000000.0,0.0,900000.0,2600000.0,1700000.0,-1600000.0,-1500000.0,-3100000.0,https://www.sec.gov/Archives/edgar/data/1044777/000091205700011858/0000912057-00-011858-index.html,https://www.sec.gov/Archives/edgar/data/1044777/0000912057-00-011858.txt,1620596235,17:37:15,20210509
22,1998-12-31,OSPN,USD,1998-12-31,1998-12-31,FY,-3648844.0,994483.0,0.0,0.0,-5031609.0,0.0,-271033.0,0.0,-3086289.0,5113.0,-3835797.0,-248708.0,0.0,0.0,0.0,0.0,-248708.0,-2900000.0,116347.0,0.0,0.0,3336424.0,3452771.0,257143.0,-374591.0,1523075.0,1897666.0,-3835797.0,-248708.0,-4084505.0,,,1620596235,17:37:15,20210509
23,1997-12-31,OSPN,USD,1997-12-31,1997-12-31,FY,-5916418.0,1248807.0,200000.0,0.0,2021249.0,0.0,1181449.0,0.0,1945320.0,418196.0,-2028166.0,-127646.0,0.0,0.0,0.0,0.0,-127646.0,-67564.0,42470.0,-304156.0,0.0,-81900.0,2304991.0,-65106.0,84073.0,1897666.0,1813593.0,-2028166.0,-127646.0,-2155812.0,,,1620596235,17:37:15,20210509
