,date,symbol,reportedCurrency,fillingDate,acceptedDate,period,netIncome,depreciationAndAmortization,deferredIncomeTax,stockBasedCompensation,changeInWorkingCapital,accountsReceivables,inventory,accountsPayables,otherWorkingCapital,otherNonCashItems,netCashProvidedByOperatingActivities,investmentsInPropertyPlantAndEquipment,acquisitionsNet,purchasesOfInvestments,salesMaturitiesOfInvestments,otherInvestingActivites,netCashUsedForInvestingActivites,debtRepayment,commonStockIssued,commonStockRepurchased,dividendsPaid,otherFinancingActivites,netCashUsedProvidedByFinancingActivities,effectOfForexChangesOnCash,netChangeInCash,cashAtEndOfPeriod,cashAtBeginningOfPeriod,operatingCashFlow,capitalExpenditure,freeCashFlow,link,finalLink,timestamp,est_time,est_date
0,2020-12-31,ORI,USD,2021-03-01,2021-02-26 17:32:07,FY,558600000,0.0,-18300000.0,0.0,14091800000.0,-123000000.0,0.0,176000000.0,-10400000,100000.0,1185000000,0.0,0.0,-2645300000,1841900000,-41800000.0,-845200000.0,-8600000.0,6700000.0,0.0,-250100000,2000000.0,-300000000.0,0.0,39900000.0,118700000,78800000,1185000000,0.0,1185000000,https://www.sec.gov/Archives/edgar/data/74260/000007426021000021/0000074260-21-000021-index.htm,https://www.sec.gov/Archives/edgar/data/74260/000007426021000021/ori-20201231.htm,1620596191,17:36:31,20210509
1,2019-12-31,ORI,USD,2020-02-28 00:00:00,2020-02-28 16:13:29,FY,1056400000,0.0,37200000.0,0.0,-902700000.0,0.0,0.0,0.0,-14102200000,200000.0,936200000,0.0,-1000000.0,-2647400000,2252000000,-28000000.0,-424500000.0,-8400000.0,13800000.0,0.0,-538700000,200000.0,-533100000.0,0.0,-21500000.0,78800000,100300000,936200000,0.0,936200000,https://www.sec.gov/Archives/edgar/data/74260/000007426020000024/0000074260-20-000024-index.html,https://www.sec.gov/Archives/edgar/data/74260/000007426020000024/ori201910-k.htm,1620596191,17:36:31,20210509
2,2018-12-31,ORI,USD,2019-02-28 00:00:00,2019-02-28 17:24:36,FY,370500000,0.0,-69500000.0,0.0,22000000.0,0.0,0.0,0.0,-13199500000,100000.0,760500000,0.0,-13000000.0,-2174400000,1979900000,-31900000.0,-239700000.0,-4700000.0,13100000.0,0.0,-498800000,-6100000.0,-546500000.0,0.0,-25600000.0,100300000,125900000,760500000,0.0,760500000,https://www.sec.gov/Archives/edgar/data/74260/000007426019000016/0000074260-19-000016-index.html,https://www.sec.gov/Archives/edgar/data/74260/000007426019000016/ori201810-k.htm,1620596191,17:36:31,20210509
3,2017-12-31,ORI,USD,2018-02-28 00:00:00,2018-02-28 15:36:32,FY,560500000,0.0,49500000.0,0.0,-630200000.0,0.0,0.0,0.0,-13221500000,0.0,452800000,0.0,0.0,-2448900000,2179300000,-24300000.0,-294000000.0,-3900000.0,17800000.0,0.0,-198800000,6400000.0,-178500000.0,0.0,-19800000.0,125900000,145700000,452800000,0.0,452800000,https://www.sec.gov/Archives/edgar/data/74260/000007426018000012/0000074260-18-000012-index.html,https://www.sec.gov/Archives/edgar/data/74260/000007426018000012/ori201710-k.htm,1620596191,17:36:31,20210509
4,2016-12-31,ORI,USD,2017-02-28 00:00:00,2017-02-28 17:19:09,FY,466900000,0.0,40600000.0,0.0,-323300000.0,0.0,0.0,0.0,-12591300000,100000.0,637300000,0.0,0.0,-2738800000,1693200000,9200000.0,-1036500000.0,-3500000.0,8400000.0,0.0,-193800000,-2900000.0,385000000.0,0.0,-14100000.0,145700000,159800000,637300000,0.0,637300000,https://www.sec.gov/Archives/edgar/data/74260/000007426017000016/0000074260-17-000016-index.html,https://www.sec.gov/Archives/edgar/data/74260/000007426017000016/ori201610-k.htm,1620596191,17:36:31,20210509
5,2015-12-31,ORI,USD,2016-02-29 00:00:00,2016-02-29 14:30:07,FY,422100000,0.0,13400000.0,0.0,-169000000.0,0.0,0.0,0.0,-12268000000,100000.0,688200000,0.0,0.0,-1923300000,1486000000,-12500000.0,-449800000.0,-3300000.0,12000000.0,0.0,-191300000,1400000.0,-215200000.0,0.0,23100000.0,159800000,136700000,688200000,0.0,688200000,https://www.sec.gov/Archives/edgar/data/74260/000007426016000082/0000074260-16-000082-index.html,https://www.sec.gov/Archives/edgar/data/74260/000007426016000082/ori201510-k.htm,1620596191,17:36:31,20210509
6,2014-12-31,ORI,USD,2015-03-02,2015-03-02 10:50:52,FY,409700000,0.0,132700000.0,0.0,91000000.0,0.0,0.0,0.0,-12099000000,100000.0,-181200000,0.0,-3000000.0,-2839800000,2831700000,-32400000.0,-43300000.0,-4200000.0,5700000.0,0.0,-188300000,300000.0,207900000.0,0.0,-16600000.0,136700000,153300000,-181200000,0.0,-181200000,https://www.sec.gov/Archives/edgar/data/74260/000007426015000015/ori201410-k.htm,https://www.sec.gov/Archives/edgar/data/74260/000007426015000015/ori201410-k.htm,1620596191,17:36:31,20210509
7,2013-12-31,ORI,USD,2014-03-03,2014-03-03 11:34:42,FY,447800000,0.0,103700000.0,0.0,-132000000.0,0.0,0.0,0.0,-12190000000,200000.0,686700000,0.0,-5000000.0,-2330300000,1893800000,-16000000.0,-457300000.0,-3600000.0,11800000.0,0.0,-184800000,-300000.0,-176900000.0,0.0,52100000.0,153300000,101200000,686700000,0.0,686700000,https://www.sec.gov/Archives/edgar/data/74260/000007426014000021/ori201310-k.htm,https://www.sec.gov/Archives/edgar/data/74260/000007426014000021/ori201310-k.htm,1620596191,17:36:31,20210509
8,2012-12-31,ORI,USD,2013-03-01 00:00:00,2013-03-01 15:18:50,FY,-68600000,0.0,-60700000.0,0.0,-693000000.0,0.0,0.0,0.0,-12058000000,0.0,532000000,0.0,6000000.0,-1556600000,1557500000,-10400000.0,-3800000.0,-339800000.0,1000000.0,0.0,-181500000,300000.0,-520000000.0,0.0,8200000.0,101200000,93000000,532000000,0.0,532000000,https://www.sec.gov/Archives/edgar/data/74260/000007426013000015/0000074260-13-000015-index.html,https://www.sec.gov/Archives/edgar/data/74260/000007426013000015/ori201210-k.htm,1620596191,17:36:31,20210509
9,2011-12-31,ORI,USD,2012-02-29 00:00:00,2012-02-29 17:19:55,FY,-140500000,0.0,0.0,0.0,-79000000.0,-16100000.0,0.0,0.0,-11365000000,-100000.0,-94900000,0.0,0.0,-2919400000,2782900000,200000.0,-187100000.0,-112100000.0,1200000.0,0.0,-178400000,100000.0,247800000.0,0.0,-34200000.0,93100000,127300000,-94900000,0.0,-94900000,https://www.sec.gov/Archives/edgar/data/74260/000007426012000018/0000074260-12-000018-index.html,https://www.sec.gov/Archives/edgar/data/74260/000007426012000018/ori201110-k.htm,1620596191,17:36:31,20210509
10,2010-12-31,ORI,USD,2011-02-28,2011-02-28 14:34:59,FY,30100000,0.0,0.0,0.0,-1334000000.0,81100000.0,0.0,0.0,-11286000000,100000.0,-282200000,0.0,0.0,-1579400000,2061600000,-200000.0,499800000.0,-218900000.0,3200000.0,0.0,-166100000,-800000.0,-167600000.0,0.0,50000000.0,127300000,77300000,-282200000,0.0,-282200000,https://www.sec.gov/Archives/edgar/data/74260/000007426011000019/form10k.htm,https://www.sec.gov/Archives/edgar/data/74260/000007426011000019/form10k.htm,1620596191,17:36:31,20210509
11,2009-12-31,ORI,USD,2010-03-01 00:00:00,2010-02-26 17:53:33,FY,-99100000,0.0,0.0,0.0,-659000000.0,18500000.0,0.0,0.0,-9952000000,-300000.0,532900000,0.0,-6000000.0,-1747000000,1294300000,-8300000.0,-464500000.0,-472800000.0,1400000.0,0.0,-160000000,100000.0,-55100000.0,0.0,13400000.0,77300000,63900000,532900000,0.0,532900000,https://www.sec.gov/Archives/edgar/data/74260/000007426010000018/0000074260-10-000018-index.html,https://www.sec.gov/Archives/edgar/data/74260/000007426010000018/f10k.htm,1620596191,17:36:31,20210509
12,2008-12-31,ORI,USD,2009-02-27 00:00:00,2009-02-27 17:13:03,FY,-558300000,0.0,0.0,0.0,-608000000.0,73500000.0,0.0,0.0,-9293000000,100000.0,565600000,0.0,-4000000.0,-1693900000,1081700000,9200000.0,-607300000.0,-110900000.0,86100000.0,0.0,-155200000,-48500000.0,51500000.0,0.0,100000.0,63900000,54000000,565600000,0.0,565600000,https://www.sec.gov/Archives/edgar/data/74260/000007426009000019/0000074260-09-000019-index.html,https://www.sec.gov/Archives/edgar/data/74260/000007426009000019/form10k.htm,1620596191,17:36:31,20210509
13,2007-12-31,ORI,USD,2008-02-26,2008-02-25 18:15:54,FY,272400000,0.0,0.0,0.0,-586000000.0,-15200000.0,0.0,711600000.0,-8685000000,-846400000.0,862500000,-20300000.0,-4000000.0,-1877300000,1249200000,1000000.0,-643000000.0,-201600000.0,15000000.0,-28300000.0,-145400000,1900000.0,-237100000.0,0.0,-17600000.0,54000000,71600000,862500000,-20300000.0,842200000,https://www.sec.gov/Archives/edgar/data/74260/000007426008000019/form10k.htm,https://www.sec.gov/Archives/edgar/data/74260/000007426008000019/form10k.htm,1620596191,17:36:31,20210509
14,2006-12-31,ORI,USD,2006-12-31,2006-12-31,FY,464800000,0.0,0.0,0.0,-723000000.0,-85900000.0,0.0,758700000.0,-8099000000,-625400000.0,1004700000,-19600000.0,-52000000.0,-1648700000,1430500000,-632800000.0,-887400000.0,-1500000.0,18900000.0,0.0,-135800000,1300000.0,-113900000.0,0.0,-100000.0,71600000,68300000,1004700000,-19600000.0,985100000,,,1620596191,17:36:31,20210509
15,2005-12-31,ORI,USD,2005-12-31,2005-12-31,FY,551400000,0.0,0.0,0.0,-814000000.0,-212700000.0,0.0,34900000.0,-7376000000,57700000.0,880000000,-37600000.0,-10000000.0,-12900000,1639800000,-2184900000.0,-589900000.0,-1400000.0,18400000.0,0.0,-300700000,300000.0,-282400000.0,0.0,7800000.0,68300000,60500000,880000000,-37600000.0,842400000,,,1620596191,17:36:31,20210509
16,2004-12-31,ORI,USD,2004-12-31,2004-12-31,FY,435000000,0.0,0.0,0.0,-541000000.0,-33400000.0,0.0,92500000.0,-6562000000,8200000.0,828300000,-20100000.0,0.0,-252200000,1122100000,-1600300000.0,-749600000.0,-600000.0,14600000.0,0.0,-91600000,-2900000.0,-80500000.0,0.0,-100000.0,449200000,451200000,828300000,-20100000.0,808200000,,,1620596191,17:36:31,20210509
17,2003-12-31,ORI,USD,2003-12-31,2003-12-31,FY,459800000,0.0,0.0,0.0,-603000000.0,-34600000.0,0.0,316100000.0,-6021000000,-258200000.0,756000000,-22100000.0,0.0,-1551900000,1189100000,1600000.0,-382300000.0,-3800000.0,9700000.0,0.0,-201900000,-17600000.0,-213600000.0,0.0,-100000.0,451200000,291100000,756000000,-22100000.0,733900000,,,1620596191,17:36:31,20210509
18,2002-12-31,ORI,USD,2002-12-31,2002-12-31,FY,392900000,0.0,0.0,0.0,-441000000.0,-43700000.0,0.0,76200000.0,-5418000000,-28900000.0,671200000,-16300000.0,0.0,-1503000000,1504700000,-637100000.0,-650400000.0,-17800000.0,22000000.0,-22000000.0,-75700000,5300000.0,-66200000.0,0.0,-100000.0,291100000,336600000,671200000,-16300000.0,654900000,,,1620596191,17:36:31,20210509
19,2001-12-31,ORI,USD,2001-12-31,2001-12-31,FY,346900000,0.0,0.0,0.0,-373000000.0,-119400000.0,0.0,54100000.0,-4977000000,-17300000.0,526700000,-14600000.0,0.0,-1073600000,628000000,-4800000.0,-463200000.0,-110000000.0,0.0,0.0,-70000000,12200000.0,-137800000.0,0.0,-100000.0,336600000,411000000,526700000,-14600000.0,512100000,,,1620596191,17:36:31,20210509
20,2000-12-31,ORI,USD,2000-12-31,2000-12-31,FY,297500000,0.0,0.0,0.0,-73000000.0,-32300000.0,0.0,30200000.0,-4604000000,49000000.0,344100000,-12700000.0,0.0,-717500000,601800000,-10500000.0,-138000000.0,-42700000.0,13700000.0,-80100000.0,-65100000,-3700000.0,-89200000.0,0.0,116900000.0,411000000,294100000,344100000,-12700000.0,331400000,,,1620596191,17:36:31,20210509
21,1999-12-31,ORI,USD,1999-12-31,1999-12-31,FY,226800000,0.0,0.0,0.0,38000000.0,5900000.0,0.0,8500000.0,-4531000000,48900000.0,274500000,-16000000.0,0.0,-731000000,544000000,-24300000.0,-200200000.0,-20300000.0,3100000.0,-191200000.0,-62700000,300000.0,-180700000.0,0.0,-106400000.0,294100000,400500000,274500000,-16000000.0,258500000,,,1620596191,17:36:31,20210509
22,1998-12-31,ORI,USD,1998-12-31,1998-12-31,FY,323700000,0.0,0.0,0.0,58000000.0,6500000.0,0.0,42700000.0,-4569000000,38300000.0,333600000,-25600000.0,0.0,-642300000,561600000,1200000.0,-103400000.0,-32000000.0,19000000.0,-170100000.0,-53000000,-2700000.0,-184700000.0,0.0,45500000.0,400500000,355000000,333600000,-25600000.0,308000000,,,1620596191,17:36:31,20210509
23,1997-12-31,ORI,USD,1997-12-31,1997-12-31,FY,298100000,0.0,0.0,0.0,-46000000.0,-20100000.0,0.0,65000000.0,-4627000000,6500000.0,387500000,-10500000.0,0.0,-839900000,634300000,-8600000.0,-221700000.0,-136600000.0,0.0,-62100000.0,-46600000,6800000.0,-111700000.0,0.0,-100000.0,355000000,301000000,387500000,-10500000.0,377000000,,,1620596191,17:36:31,20210509
24,1996-12-31,ORI,USD,1996-12-31,1996-12-31,FY,230300000,0.0,0.0,0.0,7000000.0,34200000.0,0.0,41300000.0,-4581000000,-36500000.0,311600000,-12400000.0,0.0,-633300000,453900000,-7600000.0,-196000000.0,-152900000.0,0.0,-54800000.0,-43500000,16800000.0,-146400000.0,0.0,-300000.0,301000000,332100000,311600000,-12400000.0,299200000,,,1620596191,17:36:31,20210509
25,1995-12-31,ORI,USD,1996-03-28 00:00:00,1996-03-28 00:00:00,FY,212700000,0.0,0.0,0.0,-45000000.0,99200000.0,0.0,18900000.0,-4588000000,-55000000.0,395600000,-7100000.0,0.0,-799100000,541300000,3800000.0,-254300000.0,-4900000.0,2300000.0,-15400000.0,-34600000,13100000.0,-12300000.0,0.0,-200000.0,332100000,203300000,395600000,-7100000.0,388500000,https://www.sec.gov/Archives/edgar/data/74260/000007426096000006/0000074260-96-000006-index.html,https://www.sec.gov/Archives/edgar/data/74260/0000074260-96-000006.txt,1620596191,17:36:31,20210509
26,1994-12-31,ORI,USD,1995-03-30 00:00:00,1995-03-30 00:00:00,FY,151000000,0.0,0.0,0.0,237900000.0,3300000.0,0.0,121200000.0,-4543000000,-128500000.0,260400000,-11400000.0,0.0,-676500000,335800000,1400000.0,-347000000.0,-500000.0,0.0,-11100000.0,-32700000,2000000.0,-8300000.0,0.0,-100000.0,203300000,298300000,260400000,-11400000.0,249000000,https://www.sec.gov/Archives/edgar/data/74260/000007426095000004/0000074260-95-000004-index.html,https://www.sec.gov/Archives/edgar/data/74260/0000074260-95-000004.txt,1620596191,17:36:31,20210509
