,date,symbol,reportedCurrency,fillingDate,acceptedDate,period,netIncome,depreciationAndAmortization,deferredIncomeTax,stockBasedCompensation,changeInWorkingCapital,accountsReceivables,inventory,accountsPayables,otherWorkingCapital,otherNonCashItems,netCashProvidedByOperatingActivities,investmentsInPropertyPlantAndEquipment,acquisitionsNet,purchasesOfInvestments,salesMaturitiesOfInvestments,otherInvestingActivites,netCashUsedForInvestingActivites,debtRepayment,commonStockIssued,commonStockRepurchased,dividendsPaid,otherFinancingActivites,netCashUsedProvidedByFinancingActivities,effectOfForexChangesOnCash,netChangeInCash,cashAtEndOfPeriod,cashAtBeginningOfPeriod,operatingCashFlow,capitalExpenditure,freeCashFlow,link,finalLink,timestamp,est_time,est_date
0,2020-05-31,LNDC,USD,2020-08-14,2020-08-14 16:20:45,FY,-38191000.0,18838000.0,-5440000.0,2419000.0,-3231000.0,1202000.0,-12179000.0,-1249000.0,-7281000.0,35414000.0,-17041000.0,-26686000.0,0.0,0.0,0.0,2798000.0,-23888000.0,-11125000.0,30000.0,30000.0,0.0,51472000.0,40017000.0,0.0,-912000.0,168000.0,1080000.0,-17041000.0,-26686000.0,-43727000.0,https://www.sec.gov/Archives/edgar/data/1005286/000100528620000004/0001005286-20-000004-index.htm,https://www.sec.gov/Archives/edgar/data/1005286/000100528620000004/lndc-20200531.htm,1620594539,17:08:59,20210509
1,2019-05-26,LNDC,USD,2019-08-01,2019-08-01 16:44:04,FY,411000.0,15230000.0,910000.0,3560000.0,-12738000.0,-421000.0,-10929000.0,19116000.0,-4050000.0,648000.0,16020000.0,-44734000.0,-59872000.0,0.0,0.0,7809000.0,-96797000.0,-5092000.0,327000.0,327000.0,0.0,84871000.0,79026000.0,0.0,-1751000.0,1148000.0,2899000.0,16020000.0,-44734000.0,-28714000.0,https://www.sec.gov/Archives/edgar/data/1005286/000162828019009791/0001628280-19-009791-index.htm,https://www.sec.gov/Archives/edgar/data/1005286/000162828019009791/lndc-20190526x10k.htm,1620594539,17:08:59,20210509
2,2018-05-27,LNDC,USD,2018-08-09,2018-08-09 17:18:54,FY,24829000.0,12412000.0,-7221000.0,4403000.0,-21138000.0,-46000.0,-6529000.0,4965000.0,8688000.0,-240000.0,19779000.0,-33590000.0,0.0,0.0,0.0,-1999000.0,-35589000.0,-5076000.0,56000.0,56000.0,0.0,21211000.0,13292000.0,0.0,-2518000.0,2891000.0,5409000.0,19779000.0,-33590000.0,-13811000.0,https://www.sec.gov/Archives/edgar/data/1005286/000143774918015135/0001437749-18-015135-index.htm,https://www.sec.gov/Archives/edgar/data/1005286/000143774918015135/lndc20180603_10k.htm,1620594539,17:08:59,20210509
3,2017-05-28,LNDC,USD,2017-08-11,2017-08-10 18:31:37,FY,10590000.0,10677000.0,2506000.0,3964000.0,-136000.0,-519000.0,855000.0,-5189000.0,29826000.0,4883000.0,29838000.0,-22592000.0,-3000000.0,0.0,0.0,-2419000.0,-25422000.0,-57236000.0,706000.0,706000.0,0.0,53138000.0,-8801000.0,0.0,-4385000.0,5509000.0,9894000.0,29838000.0,-22592000.0,6835000.0,https://www.sec.gov/Archives/edgar/data/1005286/000143774917014444/0001437749-17-014444-index.htm,https://www.sec.gov/Archives/edgar/data/1005286/000143774917014444/lndc20170528_10k.htm,1620594539,17:08:59,20210509
4,2016-05-29,LNDC,USD,2016-08-01,2016-07-29 19:07:57,FY,-11641000.0,9395000.0,-9787000.0,3465000.0,-7081000.0,-63000.0,-508000.0,-4105000.0,29962000.0,36311000.0,20762000.0,-40867000.0,0.0,0.0,0.0,-723000.0,-40418000.0,-14652000.0,322000.0,322000.0,0.0,39797000.0,15423000.0,0.0,-4233000.0,9894000.0,14127000.0,20762000.0,-40867000.0,-18933000.0,https://www.sec.gov/Archives/edgar/data/1005286/000143774916036012/0001437749-16-036012-index.htm,https://www.sec.gov/Archives/edgar/data/1005286/000143774916036012/lndc20160531_10k.htm,1620594539,17:08:59,20210509
5,2015-05-31,LNDC,USD,2015-07-31,2015-07-30 20:53:52,FY,13544000.0,7090000.0,4152000.0,1577000.0,-5457000.0,-1752000.0,-292000.0,110000.0,37043000.0,-1620000.0,26618000.0,-17511000.0,0.0,-18000000.0,0.0,1071000.0,-34440000.0,-6867000.0,122000.0,122000.0,0.0,29041000.0,8169000.0,0.0,-116000.0,14084000.0,14200000.0,26618000.0,-17511000.0,9107000.0,https://www.sec.gov/Archives/edgar/data/1005286/000143774915014383/0001437749-15-014383-index.htm,https://www.sec.gov/Archives/edgar/data/1005286/000143774915014383/lndc20150524_10k.htm,1620594539,17:08:59,20210509
6,2014-05-25,LNDC,USD,2014-08-01,2014-08-01 17:10:08,FY,19100000.0,7110000.0,5610000.0,1356000.0,7600000.0,-143000.0,-622000.0,-91000.0,42500000.0,-10240000.0,21050000.0,-14886000.0,0.0,-1417000.0,0.0,16680000.0,-13340000.0,-5933000.0,2298000.0,2300000.0,0.0,10699000.0,-7180000.0,0.0,530000.0,14230000.0,13700000.0,21050000.0,-14886000.0,6160000.0,https://www.sec.gov/Archives/edgar/data/1005286/000143774914013994/0001437749-14-013994-index.htm,https://www.sec.gov/Archives/edgar/data/1005286/000143774914013994/lndc20140531_10k.htm,1620594539,17:08:59,20210509
7,2013-05-26,LNDC,USD,2013-08-07,2013-08-06 21:53:17,FY,22600000.0,7300000.0,6510000.0,1695000.0,20400000.0,-109000.0,-2102000.0,10000.0,34900000.0,-11420000.0,21230000.0,-8877000.0,0.0,-4959000.0,0.0,3414000.0,-10420000.0,-7012000.0,3416000.0,3420000.0,0.0,-1953000.0,-19270000.0,0.0,-8460000.0,13740000.0,22200000.0,21230000.0,-8877000.0,12350000.0,https://www.sec.gov/Archives/edgar/data/1005286/000143774913010047/0001437749-13-010047-index.htm,https://www.sec.gov/Archives/edgar/data/1005286/000143774913010047/lndc20130710_10k.htm,1620594539,17:08:59,20210509
8,2012-05-27,LNDC,USD,2012-08-08,2012-08-08 17:28:43,FY,12700000.0,5620000.0,3280000.0,1872000.0,-40400000.0,-3246000.0,-441000.0,-544000.0,14500000.0,-8010000.0,22180000.0,-5371000.0,-67000000.0,-35729000.0,58847000.0,-61820000.0,-44070000.0,-4329000.0,61000.0,-4950000.0,0.0,45208000.0,35930000.0,0.0,14040000.0,22140000.0,8100000.0,22180000.0,-5371000.0,16810000.0,https://www.sec.gov/Archives/edgar/data/1005286/000143774912007975/0001437749-12-007975-index.htm,https://www.sec.gov/Archives/edgar/data/1005286/000143774912007975/landec_10k-052712.htm,1620594539,17:08:59,20210509
9,2011-05-29,LNDC,USD,2011-08-08,2011-08-05 18:33:32,FY,3900000.0,5310000.0,3260000.0,1951000.0,-6100000.0,-800000.0,-4054000.0,2393000.0,54900000.0,4530000.0,14470000.0,-6684000.0,0.0,-59833000.0,52130000.0,0.0,-29390000.0,-218000.0,126000.0,-1060000.0,0.0,0.0,-4760000.0,0.0,-19680000.0,8120000.0,27800000.0,14470000.0,-6684000.0,7790000.0,https://www.sec.gov/Archives/edgar/data/1005286/000114420411044333/0001144204-11-044333-index.htm,https://www.sec.gov/Archives/edgar/data/1005286/000114420411044333/v230958_10k.htm,1620594539,17:08:59,20210509
10,2010-05-30,LNDC,USD,2010-08-13,2010-08-12 19:38:25,FY,4000000.0,3360000.0,3250000.0,1016000.0,-11151000.0,-800000.0,-1269000.0,957000.0,61000000.0,700000.0,7480000.0,-5192000.0,-39682000.0,-67433000.0,69510000.0,0.0,-42800000.0,-339000.0,379000.0,380000.0,0.0,0.0,19670000.0,0.0,-15640000.0,27860000.0,43500000.0,7480000.0,-5192000.0,2290000.0,https://www.sec.gov/Archives/edgar/data/1005286/000114420410043322/0001144204-10-043322-index.htm,https://www.sec.gov/Archives/edgar/data/1005286/000114420410043322/v193349_10k.htm,1620594539,17:08:59,20210509
11,2009-05-31,LNDC,USD,2009-08-04,2009-08-04 12:38:19,FY,7730000.0,3140000.0,2570000.0,933000.0,9551000.0,-800000.0,1500000.0,-5929000.0,72151000.0,-1770000.0,9440000.0,-4576000.0,0.0,-45808000.0,0.0,0.0,-12340000.0,1135000.0,379000.0,380000.0,0.0,0.0,1965000.0,0.0,-940000.0,43460000.0,44400000.0,9440000.0,-4576000.0,4860000.0,https://www.sec.gov/Archives/edgar/data/1005286/000117120009000508/0001171200-09-000508-index.htm,https://www.sec.gov/Archives/edgar/data/1005286/000117120009000508/i00249_landec-10k.htm,1620594539,17:08:59,20210509
12,2008-05-25,LNDC,USD,2008-08-08,2008-08-08 16:23:32,FY,13500000.0,3200000.0,-610000.0,871000.0,-4200000.0,-800000.0,-529000.0,4828000.0,62600000.0,550000.0,17520000.0,-4240000.0,-1433000.0,-14643000.0,0.0,0.0,-20210000.0,850000.0,1120000.0,-18380000.0,0.0,0.0,-15470000.0,0.0,-18160000.0,44440000.0,62600000.0,17520000.0,-4240000.0,13280000.0,https://www.sec.gov/Archives/edgar/data/1005286/000114420408044977/0001144204-08-044977-index.htm,https://www.sec.gov/Archives/edgar/data/1005286/000114420408044977/v122383_10k.htm,1620594539,17:08:59,20210509
13,2007-05-27,LNDC,USD,2007-07-27,2007-07-27 17:13:53,FY,29200000.0,3260000.0,0.0,615000.0,28400000.0,-266000.0,-8733000.0,-3425000.0,66800000.0,-24400000.0,-2460000.0,-6782000.0,-1218000.0,0.0,0.0,0.0,41940000.0,-1990000.0,2657000.0,-4560000.0,0.0,0.0,2560000.0,0.0,42040000.0,57240000.0,15200000.0,-2460000.0,-6782000.0,-9240000.0,https://www.sec.gov/Archives/edgar/data/1005286/000114420407038774/0001144204-07-038774-index.htm,https://www.sec.gov/Archives/edgar/data/1005286/000114420407038774/v082028_10k.htm,1620594539,17:08:59,20210509
14,2006-05-28,LNDC,USD,2006-07-27,2006-07-27 16:49:54,FY,8700000.0,3200000.0,0.0,1396000.0,17500000.0,-1968000.0,-3123000.0,3685000.0,38400000.0,-2870000.0,10870000.0,-4746000.0,-3860000.0,-991000.0,0.0,0.0,-5490000.0,-1136000.0,3378000.0,3480000.0,0.0,0.0,2270000.0,0.0,7650000.0,20550000.0,12900000.0,10870000.0,-4746000.0,6120000.0,https://www.sec.gov/Archives/edgar/data/1005286/000095013406014055/0000950134-06-014055-index.htm,https://www.sec.gov/Archives/edgar/data/1005286/000095013406014055/f22090e10vk.htm,1620594539,17:08:59,20210509
15,2005-05-29,LNDC,USD,2005-08-02,2005-08-02 17:09:13,FY,5400000.0,3470000.0,0.0,337000.0,12000000.0,-532000.0,1310000.0,2553000.0,20900000.0,30000.0,13050000.0,-3658000.0,0.0,-1968000.0,0.0,0.0,-5200000.0,-1791000.0,5109000.0,5160000.0,0.0,0.0,-1440000.0,0.0,6410000.0,12910000.0,6500000.0,13050000.0,-3658000.0,9390000.0,https://www.sec.gov/Archives/edgar/data/1005286/000095013405014609/0000950134-05-014609-index.htm,https://www.sec.gov/Archives/edgar/data/1005286/000095013405014609/f10747e10vk.htm,1620594539,17:08:59,20210509
16,2004-05-30,LNDC,USD,2004-08-02,2004-08-02 17:22:15,FY,2900000.0,3710000.0,0.0,347000.0,3000000.0,1964000.0,250000.0,1020000.0,8900000.0,2570000.0,7510000.0,-57000.0,0.0,0.0,0.0,0.0,-670000.0,-2658000.0,746000.0,850000.0,-464000.0,0.0,-4090000.0,0.0,2760000.0,6460000.0,3700000.0,7510000.0,-57000.0,4120000.0,https://www.sec.gov/Archives/edgar/data/1005286/000104746904024996/0001047469-04-024996-index.htm,https://www.sec.gov/Archives/edgar/data/1005286/000104746904024996/a2141241z10-k.htm,1620594539,17:08:59,20210509
17,2003-05-25,LNDC,USD,2003-08-22,2003-08-22 17:20:14,FY,1800000.0,2040000.0,0.0,-295000.0,2600000.0,1727000.0,-2140000.0,2428000.0,5900000.0,2850000.0,2140000.0,-1236000.0,-383000.0,0.0,0.0,0.0,-1610000.0,-1730000.0,149000.0,150000.0,-219000.0,0.0,-4680000.0,0.0,-4150000.0,3650000.0,7800000.0,2140000.0,-1236000.0,900000.0,https://www.sec.gov/Archives/edgar/data/1005286/000104746903028648/0001047469-03-028648-index.htm,https://www.sec.gov/Archives/edgar/data/1005286/000104746903028648/a2117470z10-kt.htm,1620594539,17:08:59,20210509
18,2002-10-27,LNDC,USD,2003-01-24 00:00:00,2003-01-24 17:23:34,FY,-1500000.0,3500000.0,0.0,0.0,-2000000.0,-4800000.0,4500000.0,2200000.0,3300000.0,-2730000.0,130000.0,-2550000.0,0.0,0.0,0.0,0.0,7110000.0,0.0,0.0,7630000.0,0.0,0.0,-8090000.0,0.0,-850000.0,7850000.0,8700000.0,130000.0,-2550000.0,-2420000.0,https://www.sec.gov/Archives/edgar/data/1005286/000120677403000030/0001206774-03-000030-index.html,https://www.sec.gov/Archives/edgar/data/1005286/000120677403000030/d11800.txt,1620594539,17:08:59,20210509
19,2001-10-28,LNDC,USD,2002-01-25,2002-01-25 00:00:00,FY,-7900000.0,5430000.0,0.0,-586000.0,-7600000.0,7104000.0,-1858000.0,-1260000.0,5300000.0,9830000.0,-4110000.0,548000.0,-257000.0,0.0,0.0,0.0,-7450000.0,-3916000.0,637000.0,5550000.0,0.0,0.0,11620000.0,0.0,60000.0,8660000.0,8600000.0,-4110000.0,548000.0,-11070000.0,https://www.sec.gov/Archives/edgar/data/1005286/000091205702002597/0000912057-02-002597-index.htm,https://www.sec.gov/Archives/edgar/data/1005286/000091205702002597/a2067215z10-k.htm,1620594539,17:08:59,20210509
20,2000-10-29,LNDC,USD,2001-01-26 00:00:00,2001-01-26 00:00:00,FY,-4000000.0,5110000.0,0.0,0.0,3000000.0,-18300000.0,-5200000.0,-30700000.0,12900000.0,-2530000.0,630000.0,-3790000.0,0.0,0.0,0.0,0.0,-10570000.0,0.0,0.0,9860000.0,0.0,0.0,16180000.0,0.0,6240000.0,9440000.0,3200000.0,630000.0,-3790000.0,-3160000.0,https://www.sec.gov/Archives/edgar/data/1005286/000091205701002882/0000912057-01-002882-index.html,https://www.sec.gov/Archives/edgar/data/1005286/000091205701002882/a2036262z10-k.txt,1620594539,17:08:59,20210509
21,1999-10-31,LNDC,USD,2000-01-27 00:00:00,2000-01-27 00:00:00,FY,-2800000.0,1460000.0,0.0,0.0,-3900000.0,-200000.0,-2900000.0,-300000.0,9900000.0,590000.0,-3700000.0,-990000.0,0.0,0.0,0.0,0.0,-40000.0,0.0,0.0,470000.0,0.0,0.0,700000.0,0.0,-2980000.0,6220000.0,9200000.0,-3700000.0,-990000.0,-4690000.0,https://www.sec.gov/Archives/edgar/data/1005286/000091205700002678/0000912057-00-002678-index.html,https://www.sec.gov/Archives/edgar/data/1005286/0000912057-00-002678.txt,1620594539,17:08:59,20210509
22,1998-10-31,LNDC,USD,1999-01-29 00:00:00,1999-01-29 00:00:00,FY,-2900000.0,2080000.0,0.0,0.0,-1700000.0,-600000.0,-2000000.0,8400000.0,13800000.0,-650000.0,-3350000.0,-4100000.0,0.0,0.0,0.0,0.0,4090000.0,0.0,0.0,1140000.0,0.0,0.0,3300000.0,0.0,4020000.0,9220000.0,5200000.0,-3350000.0,-4100000.0,-7450000.0,https://www.sec.gov/Archives/edgar/data/1005286/000104746999002700/0001047469-99-002700-index.html,https://www.sec.gov/Archives/edgar/data/1005286/0001047469-99-002700.txt,1620594539,17:08:59,20210509
23,1997-10-31,LNDC,USD,1998-01-29 00:00:00,1998-01-29 00:00:00,FY,-8600000.0,1050000.0,0.0,0.0,-20400000.0,-2200000.0,-2200000.0,-9300000.0,15500000.0,1710000.0,-5500000.0,-1340000.0,0.0,0.0,0.0,0.0,5700000.0,0.0,0.0,160000.0,0.0,0.0,-9200000.0,0.0,-9020000.0,5180000.0,14200000.0,-5500000.0,-1340000.0,-6840000.0,https://www.sec.gov/Archives/edgar/data/1005286/000095000598000043/0000950005-98-000043-index.html,https://www.sec.gov/Archives/edgar/data/1005286/0000950005-98-000043.txt,1620594539,17:08:59,20210509
24,1996-10-31,LNDC,USD,1997-01-29 00:00:00,1997-01-29 00:00:00,FY,-4200000.0,510000.0,0.0,0.0,31600000.0,100000.0,0.0,-200000.0,35900000.0,-1350000.0,-3640000.0,-370000.0,0.0,0.0,0.0,0.0,-20690000.0,0.0,0.0,35160000.0,0.0,0.0,34900000.0,0.0,10600000.0,14200000.0,3600000.0,-3640000.0,-370000.0,-4010000.0,https://www.sec.gov/Archives/edgar/data/1005286/000095000597000070/0000950005-97-000070-index.html,https://www.sec.gov/Archives/edgar/data/1005286/0000950005-97-000070.txt,1620594539,17:08:59,20210509
