,date,symbol,reportedCurrency,fillingDate,acceptedDate,period,netIncome,depreciationAndAmortization,deferredIncomeTax,stockBasedCompensation,changeInWorkingCapital,accountsReceivables,inventory,accountsPayables,otherWorkingCapital,otherNonCashItems,netCashProvidedByOperatingActivities,investmentsInPropertyPlantAndEquipment,acquisitionsNet,purchasesOfInvestments,salesMaturitiesOfInvestments,otherInvestingActivites,netCashUsedForInvestingActivites,debtRepayment,commonStockIssued,commonStockRepurchased,dividendsPaid,otherFinancingActivites,netCashUsedProvidedByFinancingActivities,effectOfForexChangesOnCash,netChangeInCash,cashAtEndOfPeriod,cashAtBeginningOfPeriod,operatingCashFlow,capitalExpenditure,freeCashFlow,link,finalLink,timestamp,est_time,est_date
0,2020-12-31,OSTK,USD,2021-02-26,2021-02-26 08:55:22,FY,56001000.0,30816000.0,0.0,12930000.0,293795000.0,-11482000.0,-403000.0,34327000.0,255159000.0,6074000.0,196474000.0,-19132000.0,0.0,-5388000.0,6306000.0,-1296000.0,-23555000.0,-2635000.0,195540000.0,0.0,0.0,-9041000.0,231364000.0,0.0,404283000.0,519181000.0,114898000.0,196474000.0,-19132000.0,177342000.0,https://www.sec.gov/Archives/edgar/data/1130713/000113071321000019/0001130713-21-000019-index.htm,https://www.sec.gov/Archives/edgar/data/1130713/000113071321000019/ostk-20201231.htm,1620596238,17:37:18,20210509
1,2019-12-31,OSTK,USD,2020-03-13 00:00:00,2020-03-13 08:12:04,FY,-121841000.0,31031000.0,-69000.0,18229000.0,-12417000.0,13385000.0,8268000.0,-27158000.0,-38636000.0,4639000.0,-81612000.0,-21774000.0,5000000.0,-12641000.0,7339000.0,-4662000.0,-26852000.0,-3141000.0,82954000.0,0.0,-77000.0,812000.0,80548000.0,0.0,-27916000.0,114898000.0,142814000.0,-81612000.0,-21774000.0,-103386000.0,https://www.sec.gov/Archives/edgar/data/1130713/000113071320000014/0001130713-20-000014-index.html,https://www.sec.gov/Archives/edgar/data/1130713/000113071320000014/ostk-20191231x10k.htm,1620596238,17:37:18,20210509
2,2018-12-31,OSTK,USD,2019-03-18 00:00:00,2019-03-18 08:07:05,FY,-206070000.0,31697000.0,-2386000.0,14356000.0,-76753000.0,-5558000.0,628000.0,16499000.0,-26219000.0,711000.0,-138934000.0,-28680000.0,-21000000.0,-48731000.0,0.0,-3003000.0,-110923000.0,-40496000.0,94554000.0,0.0,-77000.0,84432000.0,189001000.0,0.0,-60856000.0,142814000.0,203670000.0,-138934000.0,-38277000.0,-177211000.0,https://www.sec.gov/Archives/edgar/data/1130713/000113071319000016/0001130713-19-000016-index.html,https://www.sec.gov/Archives/edgar/data/1130713/000113071319000016/ostk-20181231x10k.htm,1620596238,17:37:18,20210509
3,2017-12-31,OSTK,USD,2018-03-15 00:00:00,2018-03-15 16:14:26,FY,-109878000.0,32847000.0,65199000.0,4077000.0,39109000.0,-1938000.0,5234000.0,-20995000.0,50534000.0,876000.0,-35321000.0,-23586000.0,0.0,-2188000.0,11917000.0,-1103000.0,-17960000.0,-61165000.0,0.0,-11229000.0,-109000.0,-1225000.0,73398000.0,0.0,20117000.0,203215000.0,183098000.0,-35321000.0,-23586000.0,-58907000.0,https://www.sec.gov/Archives/edgar/data/1130713/000113071318000019/0001130713-18-000019-index.html,https://www.sec.gov/Archives/edgar/data/1130713/000113071318000019/ostk-20171231x10k.htm,1620596238,17:37:18,20210509
4,2016-12-31,OSTK,USD,2017-03-03 00:00:00,2017-03-03 16:45:55,FY,12522000.0,31251000.0,7719000.0,4891000.0,21733000.0,-10006000.0,1105000.0,-18823000.0,11425000.0,356000.0,39564000.0,-72281000.0,1000000.0,-6383000.0,1610000.0,-3641000.0,-79447000.0,-1906000.0,7591000.0,-840000.0,0.0,-617000.0,52719000.0,0.0,12836000.0,183098000.0,170262000.0,39564000.0,-72281000.0,-32717000.0,https://www.sec.gov/Archives/edgar/data/1130713/000113071317000013/0001130713-17-000013-index.html,https://www.sec.gov/Archives/edgar/data/1130713/000113071317000013/ostk-20161231x10k.htm,1620596238,17:37:18,20210509
5,2015-12-31,OSTK,USD,2016-03-08 00:00:00,2016-03-08 09:11:07,FY,2446000.0,25097000.0,1483000.0,3526000.0,-25568000.0,3463000.0,6166000.0,10482000.0,-10308000.0,880000.0,54516000.0,-59513000.0,-11000000.0,-7014000.0,35000.0,-5000000.0,-82431000.0,-1216000.0,0.0,-2367000.0,0.0,-837000.0,16536000.0,0.0,-11379000.0,170262000.0,181641000.0,54516000.0,-59738000.0,-5222000.0,https://www.sec.gov/Archives/edgar/data/1130713/000113071316000071/0001130713-16-000071-index.html,https://www.sec.gov/Archives/edgar/data/1130713/000113071316000071/ostk-20151231x10k.htm,1620596238,17:37:18,20210509
6,2014-12-31,OSTK,USD,2015-03-12,2015-03-11 19:20:11,FY,8854000.0,18064000.0,3741000.0,4035000.0,-10449000.0,-2916000.0,835000.0,21652000.0,15260000.0,-368000.0,80834000.0,-41346000.0,0.0,-2819000.0,77000.0,0.0,-44430000.0,-325000.0,0.0,-2301000.0,0.0,-1313000.0,-3428000.0,0.0,32976000.0,181641000.0,148665000.0,80834000.0,-41481000.0,39353000.0,https://www.sec.gov/Archives/edgar/data/1130713/000113071315000009/ostk-20141231x10k.htm,https://www.sec.gov/Archives/edgar/data/1130713/000113071315000009/ostk-20141231x10k.htm,1620596238,17:37:18,20210509
7,2013-12-31,OSTK,USD,2014-02-27,2014-02-27 16:40:53,FY,88509000.0,14522000.0,-72651000.0,3251000.0,18212000.0,3226000.0,-579000.0,28180000.0,25709000.0,-453000.0,83645000.0,-18067000.0,0.0,-8212000.0,292000.0,0.0,-26000000.0,-2563000.0,0.0,-1391000.0,0.0,-133000.0,-2527000.0,0.0,55118000.0,148665000.0,93547000.0,83645000.0,-18080000.0,65565000.0,https://www.sec.gov/Archives/edgar/data/1130713/000113071314000014/ostk-20131231x10k.htm,https://www.sec.gov/Archives/edgar/data/1130713/000113071314000014/ostk-20131231x10k.htm,1620596238,17:37:18,20210509
8,2012-12-31,OSTK,USD,2013-02-21 00:00:00,2013-02-21 16:46:00,FY,14669000.0,16009000.0,0.0,3527000.0,21626000.0,-5772000.0,-3471000.0,-7902000.0,7497000.0,149000.0,28145000.0,-12489000.0,0.0,-1479000.0,154000.0,0.0,-13764000.0,-17112000.0,0.0,-471000.0,0.0,-236000.0,-17819000.0,0.0,-3438000.0,93547000.0,96985000.0,28145000.0,-12495000.0,15650000.0,https://www.sec.gov/Archives/edgar/data/1130713/000104746913001400/0001047469-13-001400-index.html,https://www.sec.gov/Archives/edgar/data/1130713/000104746913001400/a2212820z10-k.htm,1620596238,17:37:18,20210509
9,2011-12-31,OSTK,USD,2012-03-02 00:00:00,2012-03-02 08:11:28,FY,-19438000.0,16350000.0,0.0,3051000.0,-28875000.0,59000.0,9121000.0,2944000.0,-14129000.0,-19438000.0,25663000.0,0.0,0.0,-160000.0,0.0,0.0,-8905000.0,-35345000.0,0.0,-1604000.0,0.0,-23845000.0,-43794000.0,0.0,-27036000.0,96985000.0,124021000.0,25663000.0,-8745000.0,16918000.0,https://www.sec.gov/Archives/edgar/data/1130713/000104746912002034/0001047469-12-002034-index.html,https://www.sec.gov/Archives/edgar/data/1130713/000104746912002034/a2207595z10-k.htm,1620596238,17:37:18,20210509
10,2010-12-31,OSTK,USD,2011-02-28,2011-02-28 09:08:17,FY,13889000.0,14580000.0,0.0,5056000.0,-36490000.0,-1920000.0,-8739000.0,-9315000.0,14746000.0,-569000.0,16322000.0,0.0,0.0,-1793000.0,0.0,0.0,-22700000.0,-25552000.0,0.0,-825000.0,0.0,15516000.0,-9358000.0,0.0,-15736000.0,124021000.0,139757000.0,16322000.0,-20907000.0,-4585000.0,https://www.sec.gov/Archives/edgar/data/1130713/000104746911001488/a2202311z10-k.htm,https://www.sec.gov/Archives/edgar/data/1130713/000104746911001488/a2202311z10-k.htm,1620596238,17:37:18,20210509
11,2009-12-31,OSTK,USD,2010-03-31 00:00:00,2010-03-31 14:33:37,FY,7747000.0,12883000.0,0.0,4785000.0,11557000.0,-4540000.0,1344000.0,18642000.0,51236000.0,0.0,46117000.0,0.0,0.0,0.0,10143000.0,0.0,2868000.0,-6741000.0,0.0,-340000.0,0.0,-245000.0,-5685000.0,0.0,43300000.0,139757000.0,96457000.0,46117000.0,-7275000.0,38842000.0,https://www.sec.gov/Archives/edgar/data/1130713/000104746910003040/0001047469-10-003040-index.html,https://www.sec.gov/Archives/edgar/data/1130713/000104746910003040/a2197694z10-k.htm,1620596238,17:37:18,20210509
12,2008-12-31,OSTK,USD,2009-02-23 00:00:00,2009-02-23 16:50:29,FY,-12658000.0,22667000.0,0.0,3281000.0,-31560000.0,4769000.0,7920000.0,-8238000.0,39679000.0,-2852000.0,1960000.0,0.0,0.0,-35548000.0,72282000.0,1506000.0,19550000.0,-23309000.0,0.0,-13452000.0,0.0,-6550000.0,-22327000.0,0.0,-817000.0,100577000.0,101394000.0,1960000.0,-18690000.0,-16730000.0,https://www.sec.gov/Archives/edgar/data/1130713/000110465909011509/0001104659-09-011509-index.html,https://www.sec.gov/Archives/edgar/data/1130713/000110465909011509/a09-1672_110k.htm,1620596238,17:37:18,20210509
13,2007-12-31,OSTK,USD,2008-03-17,2008-03-17 16:06:13,FY,-45015000.0,29839000.0,0.0,0.0,6167000.0,0.0,-5659000.0,0.0,71239000.0,16666000.0,9773000.0,-2643000.0,10000000.0,-75217000.0,29258000.0,5196000.0,-33514000.0,0.0,3230000.0,0.0,0.0,0.0,-2031000.0,-3000.0,-25828000.0,101394000.0,127222000.0,9773000.0,-2643000.0,7130000.0,https://www.sec.gov/Archives/edgar/data/1130713/000104746908002930/a2183892z10-k.htm,https://www.sec.gov/Archives/edgar/data/1130713/000104746908002930/a2183892z10-k.htm,1620596238,17:37:18,20210509
14,2006-12-31,OSTK,USD,2007-03-14,2007-03-14 17:26:57,FY,-101706000.0,32744000.0,0.0,0.0,-15090000.0,0.0,67009000.0,0.0,65072000.0,4930000.0,-25728000.0,-23441000.0,0.0,-100000.0,56756000.0,151000.0,33367000.0,0.0,66940000.0,0.0,0.0,0.0,63983000.0,34000.0,71090000.0,126965000.0,55875000.0,-25728000.0,-23441000.0,-49169000.0,https://www.sec.gov/Archives/edgar/data/1130713/000110465907019224/a07-5835_110k.htm,https://www.sec.gov/Archives/edgar/data/1130713/000110465907019224/a07-5835_110k.htm,1620596238,17:37:18,20210509
15,2005-12-31,OSTK,USD,2006-03-16,2006-03-16 17:06:09,FY,-24918000.0,16306000.0,0.0,0.0,-186506000.0,0.0,-46711000.0,0.0,80162000.0,0.0,-6108000.0,-44740000.0,-25000000.0,-185543000.0,216265000.0,0.0,-38637000.0,0.0,7315000.0,-71640000.0,0.0,7937000.0,-99144000.0,86000.0,-142454000.0,56224000.0,198678000.0,-6108000.0,-44740000.0,-50848000.0,https://www.sec.gov/Archives/edgar/data/1130713/000110465906017414/a06-2931_110k.htm,https://www.sec.gov/Archives/edgar/data/1130713/000110465906017414/a06-2931_110k.htm,1620596238,17:37:18,20210509
16,2004-12-31,OSTK,USD,2005-03-16,2005-03-16 15:12:15,FY,-5002000.0,4444000.0,0.0,0.0,221384000.0,0.0,-15353000.0,0.0,266668000.0,0.0,25038000.0,-8734000.0,0.0,-92877000.0,15373000.0,-1602000.0,-87820000.0,0.0,117352000.0,0.0,0.0,-301000.0,232592000.0,22000.0,169832000.0,198678000.0,28846000.0,25038000.0,-8734000.0,16304000.0,https://www.sec.gov/Archives/edgar/data/1130713/000104746905006713/a2153715z10-k.htm,https://www.sec.gov/Archives/edgar/data/1130713/000104746905006713/a2153715z10-k.htm,1620596238,17:37:18,20210509
17,2003-12-31,OSTK,USD,2004-02-24,2004-02-24 17:25:30,FY,-11887000.0,3171000.0,0.0,0.0,9605000.0,0.0,-15972000.0,0.0,45284000.0,0.0,-10412000.0,-6707000.0,0.0,-41535000.0,51388000.0,0.0,3146000.0,0.0,23968000.0,0.0,0.0,1227000.0,25054000.0,-1000.0,17787000.0,28846000.0,11059000.0,-10412000.0,-6707000.0,-17119000.0,https://www.sec.gov/Archives/edgar/data/1130713/000104746904005489/a2129464z10-k.htm,https://www.sec.gov/Archives/edgar/data/1130713/000104746904005489/a2129464z10-k.htm,1620596238,17:37:18,20210509
18,2002-12-31,OSTK,USD,2003-02-21 00:00:00,2003-02-21 16:40:59,FY,-4560000.0,5391000.0,0.0,0.0,32608000.0,0.0,-6368000.0,0.0,35679000.0,0.0,2489000.0,-1746000.0,0.0,-34824000.0,13243000.0,0.0,-23327000.0,0.0,32929000.0,0.0,0.0,0.0,28168000.0,0.0,7330000.0,11059000.0,3729000.0,2489000.0,-1746000.0,743000.0,https://www.sec.gov/Archives/edgar/data/1130713/000104746903006454/0001047469-03-006454-index.html,https://www.sec.gov/Archives/edgar/data/1130713/000104746903006454/a2104052z10-k.htm,1620596238,17:37:18,20210509
19,2001-12-31,OSTK,USD,2001-12-31,2001-12-31,FY,-13806000.0,5809000.0,0.0,0.0,-2701000.0,0.0,1081000.0,0.0,3071000.0,0.0,-10459000.0,-1669000.0,0.0,0.0,0.0,-35000.0,-1704000.0,0.0,6392000.0,-100000.0,0.0,0.0,7544000.0,0.0,-4619000.0,3729000.0,8348000.0,-10459000.0,-1669000.0,-12128000.0,,,1620596238,17:37:18,20210509
