,date,symbol,reportedCurrency,fillingDate,acceptedDate,period,netIncome,depreciationAndAmortization,deferredIncomeTax,stockBasedCompensation,changeInWorkingCapital,accountsReceivables,inventory,accountsPayables,otherWorkingCapital,otherNonCashItems,netCashProvidedByOperatingActivities,investmentsInPropertyPlantAndEquipment,acquisitionsNet,purchasesOfInvestments,salesMaturitiesOfInvestments,otherInvestingActivites,netCashUsedForInvestingActivites,debtRepayment,commonStockIssued,commonStockRepurchased,dividendsPaid,otherFinancingActivites,netCashUsedProvidedByFinancingActivities,effectOfForexChangesOnCash,netChangeInCash,cashAtEndOfPeriod,cashAtBeginningOfPeriod,operatingCashFlow,capitalExpenditure,freeCashFlow,link,finalLink,timestamp,est_time,est_date
0,2020-12-31,FXNC,USD,2021-03-31,2021-03-31 15:43:33,FY,8858000.0,18000.0,0.0,0.0,675931000.0,0.0,0.0,0.0,-22961000,0.0,5507000.0,0.0,0.0,0.0,0.0,0.0,0.0,0.0,290000.0,-2118000.0,-2007000.0,0.0,1155000.0,0.0,6662000.0,0.0,0.0,5507000.0,0.0,5507000.0,https://www.sec.gov/Archives/edgar/data/719402/000143774921007822/0001437749-21-007822-index.htm,https://www.sec.gov/Archives/edgar/data/719402/000143774921007822/fxnc20201231_10k.htm,1620592355,16:32:35,20210509
1,2019-12-31,FXNC,USD,2020-03-13,2020-03-13 17:21:11,FY,9556000.0,1637000.0,-8000.0,183000.0,-26841000.0,48000.0,0.0,0.0,-698892000,-16000.0,11851000.0,-1030000.0,0.0,-17120000.0,24271000.0,-3000000.0,-28894000.0,0.0,0.0,-52000.0,-1674000.0,0.0,34210000.0,0.0,17167000.0,45785000.0,28618000.0,11851000.0,-1030000.0,10821000.0,https://www.sec.gov/Archives/edgar/data/719402/000143774920005188/0001437749-20-005188-index.htm,https://www.sec.gov/Archives/edgar/data/719402/000143774920005188/fxnc20191231_10k.htm,1620592355,16:32:35,20210509
2,2018-12-31,FXNC,USD,2019-03-14 00:00:00,2019-03-14 15:44:07,FY,10135000.0,1805000.0,135000.0,189000.0,-5322000.0,-197000.0,0.0,0.0,-672051000,-271000.0,13758000.0,-1539000.0,0.0,-27750000.0,20311000.0,763000.0,-29840000.0,0.0,0.0,-25000.0,-929000.0,0.0,4714000.0,0.0,-11368000.0,28618000.0,39986000.0,13758000.0,416000.0,12219000.0,https://www.sec.gov/Archives/edgar/data/719402/000071940219000007/0000719402-19-000007-index.html,https://www.sec.gov/Archives/edgar/data/719402/000071940219000007/fxnc1231201810-k.htm,1620592355,16:32:35,20210509
3,2017-12-31,FXNC,USD,2018-03-23 00:00:00,2018-03-23 16:46:09,FY,6448000.0,2007000.0,1283000.0,141000.0,-17089000.0,-170000.0,0.0,0.0,-666729000,-497000.0,6569000.0,-1070000.0,0.0,-23192000.0,33138000.0,810000.0,-26543000.0,0.0,0.0,0.0,-646000.0,0.0,18868000.0,0.0,-1106000.0,39986000.0,41092000.0,6569000.0,441000.0,5499000.0,https://www.sec.gov/Archives/edgar/data/719402/000071940218000007/0000719402-18-000007-index.html,https://www.sec.gov/Archives/edgar/data/719402/000071940218000007/fxnc1231201710-k.htm,1620592355,16:32:35,20210509
4,2016-12-31,FXNC,USD,2017-03-29 00:00:00,2017-03-29 13:41:26,FY,5907000.0,2127000.0,428000.0,113000.0,-17464000.0,-85000.0,0.0,0.0,-649640000,-444000.0,9009000.0,-1033000.0,0.0,-13772000.0,35647000.0,1121000.0,-25322000.0,0.0,0.0,0.0,-550000.0,0.0,18071000.0,0.0,1758000.0,41092000.0,39334000.0,9009000.0,2882000.0,7976000.0,https://www.sec.gov/Archives/edgar/data/719402/000119312517101368/0001193125-17-101368-index.html,https://www.sec.gov/Archives/edgar/data/719402/000119312517101368/d347734d10k.htm,1620592355,16:32:35,20210509
5,2015-12-31,FXNC,USD,2016-03-30 00:00:00,2016-03-30 15:12:56,FY,2655000.0,1873000.0,134000.0,99000.0,-182876000.0,-400000.0,0.0,0.0,-632176000,-209000.0,4601000.0,-1999000.0,180000000.0,-110381000.0,20704000.0,705000.0,25184000.0,-15026000.0,0.0,-14596000.0,-1735000.0,0.0,-15296000.0,0.0,14489000.0,39334000.0,24845000.0,4601000.0,717000.0,2602000.0,https://www.sec.gov/Archives/edgar/data/719402/000119312516523562/0001193125-16-523562-index.html,https://www.sec.gov/Archives/edgar/data/719402/000119312516523562/d125111d10k.htm,1620592355,16:32:35,20210509
6,2014-12-31,FXNC,USD,2015-03-27,2015-03-27 15:47:12,FY,7631000.0,967000.0,1971000.0,0.0,4700000.0,41000.0,0.0,0.0,-449300000,480000.0,7006000.0,-475000.0,0.0,-14219000.0,36219000.0,1490000.0,55000.0,-6026000.0,0.0,0.0,-1377000.0,0.0,-13724000.0,0.0,-6663000.0,24845000.0,31508000.0,7006000.0,1502000.0,6531000.0,https://www.sec.gov/Archives/edgar/data/719402/000119312515109305/0001193125-15-109305-index.htm,https://www.sec.gov/Archives/edgar/data/719402/000119312515109305/d864993d10k.htm,1620592355,16:32:35,20210509
7,2013-12-31,FXNC,USD,2013-12-31,2013-12-31,FY,9874000.0,1011000.0,-4776000.0,0.0,18400000.0,157000.0,0.0,0.0,-454000000,1303000.0,8681000.0,-548000.0,0.0,-42073000.0,24057000.0,3618000.0,8787000.0,-24000.0,0.0,0.0,-758000.0,0.0,-16988000.0,0.0,480000.0,31508000.0,31028000.0,8681000.0,3618000.0,8133000.0,,,1620592355,16:32:35,20210509
8,2012-12-31,FXNC,USD,2013-03-25 00:00:00,2013-03-25 16:11:17,FY,2800000.0,1110000.0,0.0,0.0,1200000.0,161000.0,0.0,0.0,-472400000,883000.0,12218000.0,-553000.0,0.0,-54126000.0,56110000.0,-3562000.0,-2278000.0,-13026000.0,7601000.0,0.0,-758000.0,0.0,-8436000.0,0.0,1504000.0,31028000.0,29524000.0,12218000.0,5438000.0,11665000.0,https://www.sec.gov/Archives/edgar/data/719402/000119312513124261/0001193125-13-124261-index.html,https://www.sec.gov/Archives/edgar/data/719402/000119312513124261/d444002d10k.htm,1620592355,16:32:35,20210509
9,2011-12-31,FXNC,USD,2012-03-28 00:00:00,2012-03-28 16:45:55,FY,-10961000.0,1184000.0,6442000.0,0.0,-6900000.0,47000.0,0.0,0.0,-473600000,0.0,10436000.0,-472000.0,0.0,-56690000.0,26708000.0,0.0,-261000.0,-43024000.0,0.0,0.0,-1298000.0,0.0,3352000.0,0.0,13527000.0,29524000.0,15997000.0,10436000.0,3321000.0,9964000.0,https://www.sec.gov/Archives/edgar/data/719402/000119312512137491/0001193125-12-137491-index.html,https://www.sec.gov/Archives/edgar/data/719402/000119312512137491/d284517d10k.htm,1620592355,16:32:35,20210509
10,2010-12-31,FXNC,USD,2010-12-31,2010-12-31,FY,-3603000.0,1595000.0,-3986000.0,42000.0,1700000.0,0.0,0.0,0.0,-466700000,2600000.0,7301000.0,-379000.0,0.0,-15278000.0,14498000.0,2506000.0,-3614000.0,-23666000.0,0.0,-26000.0,-2191000.0,0.0,-2667000.0,0.0,1020000.0,15997000.0,14977000.0,7301000.0,-379000.0,6922000.0,,,1620592355,16:32:35,20210509
11,2009-12-31,FXNC,USD,2010-03-26 00:00:00,2010-03-26 15:11:02,FY,2149000.0,1576000.0,-1850000.0,190000.0,-14000000.0,53000.0,0.0,0.0,-468400000,929000.0,4295000.0,-1116000.0,0.0,-21702000.0,17339000.0,187000.0,-311000.0,-71211000.0,0.0,-85000.0,-2038000.0,0.0,503000.0,0.0,4487000.0,14977000.0,10490000.0,4295000.0,-1116000.0,3179000.0,https://www.sec.gov/Archives/edgar/data/719402/000119312510068454/0001193125-10-068454-index.html,https://www.sec.gov/Archives/edgar/data/719402/000119312510068454/d10k.htm,1620592355,16:32:35,20210509
12,2008-12-31,FXNC,USD,2009-03-30 00:00:00,2009-03-30 16:42:50,FY,4223000.0,1279000.0,-659000.0,0.0,-3600000.0,0.0,0.0,0.0,-454400000,2090000.0,6860000.0,0.0,0.0,-16189000.0,15731000.0,-6864000.0,-10743000.0,-129760000.0,0.0,0.0,-1630000.0,0.0,1464000.0,0.0,-2419000.0,10490000.0,12909000.0,6860000.0,-3421000.0,3439000.0,https://www.sec.gov/Archives/edgar/data/719402/000119312509067766/0001193125-09-067766-index.html,https://www.sec.gov/Archives/edgar/data/719402/000119312509067766/d10k.htm,1620592355,16:32:35,20210509
13,2007-12-31,FXNC,USD,2008-03-31,2008-03-31 14:11:20,FY,5747000.0,1215000.0,-261000.0,0.0,-13500000.0,0.0,0.0,0.0,-450800000,529000.0,7638000.0,0.0,0.0,-21261000.0,33206000.0,-23004000.0,-13625000.0,-112986000.0,0.0,0.0,-1540000.0,0.0,6769000.0,0.0,782000.0,12909000.0,12127000.0,7638000.0,-2566000.0,5072000.0,https://www.sec.gov/Archives/edgar/data/719402/000119312508070748/0001193125-08-070748-index.htm,https://www.sec.gov/Archives/edgar/data/719402/000119312508070748/d10k.htm,1620592355,16:32:35,20210509
14,2006-12-31,FXNC,USD,2006-12-31,2006-12-31,FY,5798000.0,1165000.0,41000.0,0.0,-50200000.0,0.0,0.0,0.0,-437300000,358000.0,6269000.0,0.0,0.0,-5201000.0,16124000.0,-57638000.0,-51412000.0,-192642000.0,0.0,0.0,-1429000.0,0.0,46823000.0,0.0,1680000.0,12127000.0,10447000.0,6269000.0,-4697000.0,1572000.0,,,1620592355,16:32:35,20210509
15,2005-12-31,FXNC,USD,2006-03-27 00:00:00,2006-03-27 14:42:16,FY,5389000.0,1032000.0,-238000.0,0.0,-57900000.0,0.0,0.0,0.0,-387100000,1308000.0,6854000.0,0.0,0.0,-33726000.0,24517000.0,-54673000.0,-66434000.0,-79017000.0,0.0,0.0,-1315000.0,0.0,62256000.0,0.0,2676000.0,10447000.0,7771000.0,6854000.0,-2552000.0,4302000.0,https://www.sec.gov/Archives/edgar/data/719402/000119312506063783/0001193125-06-063783-index.html,https://www.sec.gov/Archives/edgar/data/719402/000119312506063783/d10k.htm,1620592355,16:32:35,20210509
16,2004-12-31,FXNC,USD,2004-12-31,2004-12-31,FY,4205774.0,1061612.0,264091.0,0.0,-48700000.0,0.0,0.0,0.0,-329200000,886048.0,5405340.0,0.0,0.0,-11456932.0,18032033.0,-74870088.0,-70117643.0,-32314573.0,0.0,0.0,-1198891.0,0.0,61564558.0,0.0,-3147745.0,7770956.0,10918701.0,5405340.0,-1822656.0,3582684.0,,,1620592355,16:32:35,20210509
17,2003-12-31,FXNC,USD,2003-12-31,2003-12-31,FY,3300866.0,1160454.0,26067.0,0.0,-35400000.0,0.0,0.0,0.0,-280500000,1958845.0,6201397.0,0.0,0.0,-41698266.0,26359496.0,-35524892.0,-54900555.0,-49651.0,0.0,0.0,-1125787.0,0.0,44698176.0,0.0,-4000982.0,10918701.0,14919683.0,6201397.0,-4036893.0,2164504.0,,,1620592355,16:32:35,20210509
18,2002-12-31,FXNC,USD,2002-12-31,2002-12-31,FY,2979214.0,849351.0,130862.0,0.0,-46000000.0,0.0,0.0,0.0,-245100000,-77884.0,3102602.0,0.0,0.0,-32330985.0,24762086.0,-26075975.0,-37280668.0,-2100180.0,0.0,0.0,-1090244.0,0.0,42343219.0,0.0,8165153.0,14919683.0,6754530.0,3102602.0,-3635794.0,-533192.0,,,1620592355,16:32:35,20210509
19,2001-12-31,FXNC,USD,2001-12-31,2001-12-31,FY,2595334.0,540357.0,-34000.0,0.0,-22600000.0,0.0,0.0,0.0,-199100000,403070.0,3593413.0,0.0,0.0,-8047537.0,10388996.0,-20924228.0,-19585269.0,-4818403.0,0.0,0.0,-1027040.0,0.0,16439011.0,0.0,447155.0,6754530.0,6307375.0,3593413.0,-1002500.0,2590913.0,,,1620592355,16:32:35,20210509
20,2000-12-31,FXNC,USD,2000-12-31,2000-12-31,FY,2136787.0,494379.0,-58521.0,0.0,-20700000.0,0.0,0.0,0.0,-176500000,356678.0,2549515.0,0.0,0.0,-5775723.0,2281976.0,-15857676.0,-19437827.0,-29598908.0,0.0,0.0,-952224.0,0.0,19087736.0,0.0,2199424.0,6307375.0,4107951.0,2549515.0,-86404.0,2463111.0,,,1620592355,16:32:35,20210509
21,1999-12-31,FXNC,USD,1999-12-31,1999-12-31,FY,2034288.0,618557.0,-77398.0,0.0,0.0,0.0,0.0,0.0,-155800000,461963.0,2669757.0,0.0,0.0,-15841279.0,19137473.0,-21437052.0,-18690612.0,-8087755.0,0.0,0.0,-909743.0,0.0,15103216.0,0.0,-917639.0,4107951.0,5025590.0,2669757.0,-549754.0,2120003.0,,,1620592355,16:32:35,20210509
22,1998-12-31,FXNC,USD,1998-12-31,1998-12-31,FY,1904682.0,428114.0,-69254.0,0.0,38519.0,0.0,0.0,0.0,-155800000,122459.0,2559936.0,-834415.0,0.0,-37495168.0,21172462.0,-8603969.0,-25737365.0,-51409.0,0.0,0.0,-784927.0,9287430.0,24579633.0,0.0,1402204.0,5025590.0,3623386.0,2559936.0,-834415.0,1725521.0,,,1620592355,16:32:35,20210509
