,date,symbol,reportedCurrency,fillingDate,acceptedDate,period,netIncome,depreciationAndAmortization,deferredIncomeTax,stockBasedCompensation,changeInWorkingCapital,accountsReceivables,inventory,accountsPayables,otherWorkingCapital,otherNonCashItems,netCashProvidedByOperatingActivities,investmentsInPropertyPlantAndEquipment,acquisitionsNet,purchasesOfInvestments,salesMaturitiesOfInvestments,otherInvestingActivites,netCashUsedForInvestingActivites,debtRepayment,commonStockIssued,commonStockRepurchased,dividendsPaid,otherFinancingActivites,netCashUsedProvidedByFinancingActivities,effectOfForexChangesOnCash,netChangeInCash,cashAtEndOfPeriod,cashAtBeginningOfPeriod,operatingCashFlow,capitalExpenditure,freeCashFlow,link,finalLink,timestamp,est_time,est_date
0,2020-12-31,AAON,USD,2021-02-25,2021-02-25 11:10:06,FY,79009000.0,25634000.0,13027000.0,11342000.0,29697000.0,19859000.0,-9726000.0,-2155000.0,161218000.0,19000.0,128814000.0,60000.0,0.0,0.0,0.0,6469000.0,-61273000.0,-1169000.0,0.0,-30060000.0,-19815000.0,-1169000.0,-29626000.0,0.0,37915000.0,82288000.0,44373000.0,128814000.0,-67802000.0,61012000.0,https://www.sec.gov/Archives/edgar/data/824142/000082414221000030/0000824142-21-000030-index.htm,https://www.sec.gov/Archives/edgar/data/824142/000082414221000030/aaon-20201231.htm,1620586014,14:46:54,20210509
1,2019-12-31,AAON,USD,2020-02-27,2020-02-26 19:52:31,FY,53711000.0,22766000.0,6038000.0,11799000.0,38731000.0,-13412000.0,2557000.0,280000.0,131521000.0,-18000.0,97925000.0,0.0,0.0,-6000000.0,6000000.0,51000.0,-37046000.0,0.0,0.0,-19586000.0,-16645000.0,-1508000.0,-18500000.0,0.0,42379000.0,44373000.0,1994000.0,97925000.0,-37166000.0,60759000.0,https://www.sec.gov/Archives/edgar/data/824142/000082414220000025/0000824142-20-000025-index.htm,https://www.sec.gov/Archives/edgar/data/824142/000082414220000025/aaon-20191231.htm,1620586014,14:46:54,20210509
2,2018-12-31,AAON,USD,2019-02-28,2019-02-27 18:48:39,FY,42572000.0,17655000.0,2849000.0,7374000.0,-10872000.0,-2832000.0,-5598000.0,-1176000.0,92790000.0,-14000.0,54856000.0,0.0,0.0,-16201000.0,25145000.0,53000.0,-34635000.0,0.0,0.0,-26846000.0,-16728000.0,-1097000.0,-39684000.0,0.0,-19463000.0,1994000.0,21457000.0,54856000.0,-37268000.0,17588000.0,https://www.sec.gov/Archives/edgar/data/824142/000082414219000040/0000824142-19-000040-index.htm,https://www.sec.gov/Archives/edgar/data/824142/000082414219000040/aaon2018annualreport.htm,1620586014,14:46:54,20210509
3,2017-12-31,AAON,USD,2018-02-27,2018-02-26 18:46:17,FY,54498000.0,15007000.0,-1554000.0,6458000.0,1723000.0,-7516000.0,-23698000.0,3043000.0,103662000.0,22000.0,57994000.0,0.0,0.0,-18521000.0,29112000.0,60000.0,-31052000.0,0.0,0.0,-16620000.0,-13663000.0,-1614000.0,-29638000.0,0.0,-2696000.0,21457000.0,24153000.0,57994000.0,-41713000.0,16281000.0,https://www.sec.gov/Archives/edgar/data/824142/000082414218000021/0000824142-18-000021-index.htm,https://www.sec.gov/Archives/edgar/data/824142/000082414218000021/aaon2017annualreport.htm,1620586014,14:46:54,20210509
4,2016-12-31,AAON,USD,2017-02-23,2017-02-23 14:41:51,FY,53376000.0,13035000.0,825000.0,4357000.0,21139000.0,7048000.0,-9478000.0,654000.0,101939000.0,221000.0,63923000.0,0.0,0.0,-14496000.0,24095000.0,52000.0,-16925000.0,-761000.0,0.0,-19317000.0,-12676000.0,-823000.0,-30753000.0,0.0,16245000.0,24153000.0,7908000.0,63923000.0,-26604000.0,37319000.0,https://www.sec.gov/Archives/edgar/data/824142/000082414217000034/0000824142-17-000034-index.htm,https://www.sec.gov/Archives/edgar/data/824142/000082414217000034/aaon10k123116.htm,1620586014,14:46:54,20210509
5,2015-12-31,AAON,USD,2016-02-25,2016-02-25 12:30:57,FY,45728000.0,11741000.0,1172000.0,2891000.0,-7570000.0,-5884000.0,-1059000.0,-5109000.0,80800000.0,236000.0,52910000.0,0.0,0.0,-20863000.0,18519000.0,54000.0,-23194000.0,0.0,0.0,-37143000.0,-11857000.0,2445000.0,-43760000.0,0.0,-14044000.0,7908000.0,21952000.0,52910000.0,-20967000.0,31943000.0,https://www.sec.gov/Archives/edgar/data/824142/000082414216000118/0000824142-16-000118-index.htm,https://www.sec.gov/Archives/edgar/data/824142/000082414216000118/aaon10k123115.htm,1620586014,14:46:54,20210509
6,2014-12-31,AAON,USD,2015-02-27,2015-02-26 19:02:03,FY,44158000.0,11553000.0,-2111000.0,2178000.0,11076000.0,-5007000.0,-5613000.0,3512000.0,88370000.0,652000.0,52279000.0,0.0,0.0,-16820000.0,26536000.0,63000.0,-6029000.0,0.0,0.0,-29284000.0,-9656000.0,1239000.0,-36383000.0,0.0,9867000.0,21952000.0,12085000.0,52279000.0,-16127000.0,36152000.0,https://www.sec.gov/Archives/edgar/data/824142/000082414215000014/0000824142-15-000014-index.htm,https://www.sec.gov/Archives/edgar/data/824142/000082414215000014/aaon10-k123114.htm,1620586014,14:46:54,20210509
7,2013-12-31,AAON,USD,2014-03-13,2014-03-13 14:41:00,FY,37547000.0,12312000.0,-1594000.0,1763000.0,25373000.0,4662000.0,231000.0,-5197000.0,77294000.0,750000.0,53592000.0,0.0,0.0,-31383000.0,8937000.0,69000.0,-31326000.0,-8325000.0,0.0,-8222000.0,-7428000.0,843000.0,-13340000.0,0.0,8926000.0,12085000.0,3159000.0,53592000.0,-9041000.0,44551000.0,https://www.sec.gov/Archives/edgar/data/824142/000082414214000015/0000824142-14-000015-index.htm,https://www.sec.gov/Archives/edgar/data/824142/000082414214000015/aaon10-k.htm,1620586014,14:46:54,20210509
8,2012-12-31,AAON,USD,2013-03-14,2013-03-14 16:17:14,FY,27449000.0,13407000.0,-2028000.0,1294000.0,6221000.0,-9646000.0,2271000.0,2461000.0,51921000.0,113000.0,51167000.0,0.0,0.0,-18194000.0,1926000.0,69000.0,-30335000.0,-39422000.0,0.0,-6660000.0,-8840000.0,393000.0,-17686000.0,0.0,3146000.0,3159000.0,13000.0,51167000.0,-14147000.0,37020000.0,https://www.sec.gov/Archives/edgar/data/824142/000102660813000024/0001026608-13-000024-index.htm,https://www.sec.gov/Archives/edgar/data/824142/000102660813000024/aaon_10k123112.htm,1620586014,14:46:54,20210509
9,2011-12-31,AAON,USD,2012-03-14,2012-03-14 13:09:12,FY,13986000.0,11397000.0,9911000.0,680000.0,-9802000.0,6053000.0,-1296000.0,-2751000.0,45700000.0,13936000.0,26484000.0,0.0,0.0,0.0,9364000.0,1530000.0,-24538000.0,-77503000.0,0.0,-3671000.0,-5935000.0,211000.0,-4326000.0,0.0,-2380000.0,13000.0,2393000.0,26484000.0,-35914000.0,-9430000.0,https://www.sec.gov/Archives/edgar/data/824142/000102660812000022/0001026608-12-000022-index.htm,https://www.sec.gov/Archives/edgar/data/824142/000102660812000022/aaon_10k2011.htm,1620586014,14:46:54,20210509
10,2010-12-31,AAON,USD,2011-03-10,2011-03-10 15:18:45,FY,21894000.0,9886000.0,-558000.0,791000.0,-9852000.0,-6403000.0,-4814000.0,6522000.0,55502000.0,-131000.0,32152000.0,0.0,0.0,-2745000.0,3361000.0,-11558000.0,-28276000.0,-20915000.0,0.0,-19480000.0,-9168000.0,356000.0,-27200000.0,78000.0,-23246000.0,2393000.0,25639000.0,32152000.0,-17470000.0,14682000.0,https://www.sec.gov/Archives/edgar/data/824142/000102660811000023/0001026608-11-000023-index.htm,https://www.sec.gov/Archives/edgar/data/824142/000102660811000023/aaon_10k123110.htm,1620586014,14:46:54,20210509
11,2009-12-31,AAON,USD,2010-03-15,2010-03-15 11:12:16,FY,27721000.0,9061000.0,3531000.0,848000.0,24754000.0,5495000.0,7243000.0,-6334000.0,65354000.0,-1780000.0,45205000.0,0.0,0.0,0.0,0.0,0.0,-9639000.0,-13009000.0,0.0,-3129000.0,-5874000.0,703000.0,-10101000.0,-95000.0,25370000.0,25639000.0,269000.0,45205000.0,-9774000.0,35431000.0,https://www.sec.gov/Archives/edgar/data/824142/000102660810000026/0001026608-10-000026-index.htm,https://www.sec.gov/Archives/edgar/data/824142/000102660810000026/aaon_10k123109.htm,1620586014,14:46:54,20210509
12,2008-12-31,AAON,USD,2009-03-11 00:00:00,2009-03-11 11:54:07,FY,28589000.0,9412000.0,160000.0,0.0,1812000.0,0.0,-4779000.0,0.0,40600000.0,-316000.0,33447000.0,-9610000.0,0.0,0.0,0.0,0.0,-9593000.0,0.0,1696000.0,-24761000.0,-5791000.0,1613000.0,-24460000.0,-4000.0,-610000.0,269000.0,879000.0,33447000.0,-9610000.0,23837000.0,https://www.sec.gov/Archives/edgar/data/824142/000102660809000028/0001026608-09-000028-index.html,https://www.sec.gov/Archives/edgar/data/824142/000102660809000028/aaon_10k08.txt,1620586014,14:46:54,20210509
13,2007-12-31,AAON,USD,2007-12-31,2007-12-31,FY,23156000.0,9665000.0,-124000.0,0.0,2432000.0,0.0,-2095000.0,0.0,38788000.0,-2213000.0,31247000.0,-10874000.0,0.0,0.0,0.0,0.0,-10751000.0,0.0,2426000.0,-20773000.0,-4958000.0,2998000.0,-20036000.0,131000.0,591000.0,879000.0,288000.0,31247000.0,-10874000.0,20373000.0,,,1620586014,14:46:54,20210509
14,2006-12-31,AAON,USD,2007-03-14 00:00:00,2007-03-14 17:22:38,FY,17133000.0,9146000.0,-510000.0,0.0,2984000.0,0.0,-5790000.0,0.0,36356000.0,-1413000.0,19428000.0,-17781000.0,0.0,-2000000.0,3000000.0,0.0,-16781000.0,0.0,1256000.0,-3855000.0,-2478000.0,1852000.0,-3333000.0,137000.0,-549000.0,288000.0,837000.0,19428000.0,-17781000.0,1647000.0,https://www.sec.gov/Archives/edgar/data/824142/000102660807000038/0001026608-07-000038-index.html,https://www.sec.gov/Archives/edgar/data/824142/000102660807000038/aaon_10k06.txt,1620586014,14:46:54,20210509
15,2005-12-31,AAON,USD,2005-12-31,2005-12-31,FY,11462000.0,8503000.0,-1696000.0,0.0,5433000.0,0.0,-2840000.0,0.0,33372000.0,0.0,11966000.0,-10144000.0,0.0,-1000000.0,3000000.0,-75000.0,-8189000.0,0.0,820000.0,-4912000.0,0.0,0.0,-4200000.0,266000.0,-157000.0,837000.0,994000.0,11966000.0,-10144000.0,1822000.0,,,1620586014,14:46:54,20210509
16,2004-12-31,AAON,USD,2004-12-31,2004-12-31,FY,7521000.0,5732000.0,434000.0,0.0,-7430000.0,0.0,-698000.0,0.0,27939000.0,0.0,16159000.0,-16976000.0,0.0,-3000000.0,10000000.0,0.0,-11741000.0,0.0,478000.0,-4979000.0,0.0,0.0,-9857000.0,247000.0,-5192000.0,994000.0,6186000.0,16159000.0,-16976000.0,-817000.0,,,1620586014,14:46:54,20210509
17,2003-12-31,AAON,USD,2003-12-31,2003-12-31,FY,14227000.0,5435000.0,1957000.0,0.0,14220000.0,0.0,-5423000.0,0.0,35369000.0,0.0,16469000.0,-7700000.0,0.0,0.0,0.0,0.0,-7626000.0,0.0,402000.0,-9920000.0,0.0,0.0,-7728000.0,0.0,1115000.0,6186000.0,5071000.0,16469000.0,-7700000.0,8769000.0,,,1620586014,14:46:54,20210509
18,2002-12-31,AAON,USD,2002-12-31,2002-12-31,FY,14611000.0,4915000.0,1085000.0,0.0,1261000.0,0.0,-1017000.0,0.0,21149000.0,0.0,21931000.0,-6126000.0,0.0,0.0,0.0,-10000000.0,-16118000.0,0.0,866000.0,-3982000.0,0.0,0.0,-1865000.0,0.0,3948000.0,5071000.0,1123000.0,21931000.0,-6126000.0,15805000.0,,,1620586014,14:46:54,20210509
19,2001-12-31,AAON,USD,2001-12-31,2001-12-31,FY,14156000.0,4380000.0,475000.0,0.0,4432000.0,0.0,1769000.0,0.0,19888000.0,0.0,23879000.0,-9017000.0,0.0,0.0,0.0,0.0,-8817000.0,0.0,675000.0,-2787000.0,0.0,0.0,-13956000.0,0.0,1106000.0,1123000.0,17000.0,23879000.0,-9017000.0,14862000.0,,,1620586014,14:46:54,20210509
20,2000-12-31,AAON,USD,2000-12-31,2000-12-31,FY,12794000.0,3465000.0,-127000.0,0.0,-3775000.0,0.0,-3324000.0,0.0,15456000.0,0.0,14040000.0,-10744000.0,0.0,0.0,0.0,0.0,-10733000.0,0.0,410000.0,-10370000.0,0.0,1000.0,-3315000.0,0.0,-8000.0,17000.0,25000.0,14040000.0,-10744000.0,3296000.0,,,1620586014,14:46:54,20210509
21,1999-12-31,AAON,USD,1999-12-31,1999-12-31,FY,9697000.0,3063000.0,-220000.0,0.0,2110000.0,0.0,-256000.0,0.0,19231000.0,0.0,11953000.0,-6689000.0,0.0,0.0,0.0,0.0,-6649000.0,0.0,163000.0,-798000.0,0.0,0.0,-5304000.0,0.0,0.0,25000.0,25000.0,11953000.0,-6689000.0,5264000.0,,,1620586014,14:46:54,20210509
22,1998-12-31,AAON,USD,1998-12-31,1998-12-31,FY,5230000.0,2848000.0,-269000.0,0.0,2018000.0,0.0,-1708000.0,0.0,17121000.0,0.0,5809000.0,-4837000.0,0.0,0.0,0.0,0.0,-4767000.0,0.0,252000.0,0.0,0.0,0.0,-1043000.0,0.0,-1000.0,25000.0,26000.0,5809000.0,-4837000.0,972000.0,,,1620586014,14:46:54,20210509
23,1997-12-31,AAON,USD,1997-12-31,1997-12-31,FY,3022000.0,2517000.0,1370000.0,0.0,1475000.0,0.0,-1532000.0,0.0,15103000.0,0.0,4772000.0,-9037000.0,0.0,0.0,0.0,0.0,-8956000.0,0.0,107000.0,0.0,0.0,0.0,4072000.0,0.0,-112000.0,26000.0,138000.0,4772000.0,-9037000.0,-4265000.0,,,1620586014,14:46:54,20210509
24,1996-12-31,AAON,USD,1996-12-31,1996-12-31,FY,2075000.0,2497000.0,-860000.0,0.0,528000.0,0.0,-59000.0,0.0,13628000.0,0.0,4079000.0,-2053000.0,0.0,0.0,0.0,0.0,-2053000.0,0.0,19000.0,0.0,0.0,0.0,-2551000.0,0.0,-525000.0,138000.0,663000.0,4079000.0,-2053000.0,2026000.0,,,1620586014,14:46:54,20210509
25,1995-12-31,AAON,USD,1996-03-25 00:00:00,1996-03-25 00:00:00,FY,2100000.0,2700000.0,-100000.0,0.0,-200000.0,0.0,1200000.0,0.0,13100000.0,0.0,5200000.0,-4600000.0,0.0,0.0,0.0,0.0,-4600000.0,0.0,0.0,0.0,0.0,100000.0,100000.0,0.0,0.0,0.0,0.0,5200000.0,-4600000.0,600000.0,https://www.sec.gov/Archives/edgar/data/824142/000093066196000182/0000930661-96-000182-index.html,https://www.sec.gov/Archives/edgar/data/824142/0000930661-96-000182.txt,1620586014,14:46:54,20210509
26,1994-12-31,AAON,USD,1994-12-31,1994-12-31,FY,5100000.0,1700000.0,-1100000.0,0.0,10700000.0,0.0,-3300000.0,0.0,13300000.0,-100000.0,2700000.0,-2400000.0,0.0,0.0,0.0,0.0,-2300000.0,0.0,0.0,0.0,0.0,100000.0,-500000.0,0.0,0.0,0.0,100000.0,2700000.0,-2400000.0,300000.0,,,1620586014,14:46:54,20210509
27,1993-12-31,AAON,USD,1993-12-31,1993-12-31,FY,2700000.0,1100000.0,-300000.0,0.0,1000000.0,0.0,-2400000.0,0.0,2600000.0,100000.0,0.0,-2600000.0,0.0,0.0,0.0,0.0,-2600000.0,0.0,0.0,0.0,0.0,100000.0,2700000.0,0.0,0.0,0.0,100000.0,0.0,-2600000.0,-2600000.0,,,1620586014,14:46:54,20210509
28,1992-12-31,AAON,USD,1992-12-31,1992-12-31,FY,1600000.0,800000.0,0.0,0.0,800000.0,0.0,-800000.0,0.0,1600000.0,-100000.0,-300000.0,-600000.0,0.0,0.0,0.0,0.0,-600000.0,0.0,0.0,0.0,0.0,0.0,700000.0,0.0,0.0,0.0,300000.0,-300000.0,-600000.0,-900000.0,,,1620586014,14:46:54,20210509
29,1991-12-31,AAON,USD,1991-12-31,1991-12-31,FY,400000.0,300000.0,-100000.0,0.0,-1800000.0,0.0,1600000.0,0.0,800000.0,0.0,3700000.0,-300000.0,0.0,0.0,0.0,-100000.0,-400000.0,0.0,0.0,0.0,0.0,0.0,-3400000.0,0.0,0.0,0.0,400000.0,3700000.0,-300000.0,3400000.0,,,1620586014,14:46:54,20210509
30,1990-12-31,AAON,USD,1990-12-31,1990-12-31,FY,1000000.0,300000.0,0.0,0.0,-1300000.0,0.0,2000000.0,0.0,2600000.0,100000.0,100000.0,-700000.0,0.0,0.0,0.0,0.0,-700000.0,0.0,100000.0,0.0,0.0,0.0,900000.0,0.0,0.0,0.0,0.0,100000.0,-700000.0,-600000.0,,,1620586014,14:46:54,20210509
