,date,symbol,reportedCurrency,fillingDate,acceptedDate,period,netIncome,depreciationAndAmortization,deferredIncomeTax,stockBasedCompensation,changeInWorkingCapital,accountsReceivables,inventory,accountsPayables,otherWorkingCapital,otherNonCashItems,netCashProvidedByOperatingActivities,investmentsInPropertyPlantAndEquipment,acquisitionsNet,purchasesOfInvestments,salesMaturitiesOfInvestments,otherInvestingActivites,netCashUsedForInvestingActivites,debtRepayment,commonStockIssued,commonStockRepurchased,dividendsPaid,otherFinancingActivites,netCashUsedProvidedByFinancingActivities,effectOfForexChangesOnCash,netChangeInCash,cashAtEndOfPeriod,cashAtBeginningOfPeriod,operatingCashFlow,capitalExpenditure,freeCashFlow,link,finalLink,timestamp,est_time,est_date
0,2020-12-31,DIN,USD,2021-03-02,2021-03-02 08:30:22,FY,-103994000.0,42829000.0,-20049000.0,12508000.0,37618000.0,-9750000.0,0.0,6455000.0,26465000.0,-6979000.0,96503000,-10927000.0,0.0,0.0,0.0,29115000.0,18725000.0,-15701000.0,0.0,-29853000.0,-23934000.0,-2685000.0,168350000.0,0.0,283578000.0,456053000.0,172475000.0,96503000,-10927000.0,85576000.0,https://www.sec.gov/Archives/edgar/data/49754/000004975421000007/0000049754-21-000007-index.htm,https://www.sec.gov/Archives/edgar/data/49754/000004975421000007/din-20201231.htm,1620591133,16:12:13,20210509
1,2019-12-31,DIN,USD,2020-02-24,2020-02-24 08:26:44,FY,104346000.0,42493000.0,-5494000.0,10808000.0,-76999000.0,-396000.0,0.0,583000.0,-10995000.0,-9700000.0,155180000,-19424000.0,0.0,0.0,0.0,16731000.0,-153000.0,-1322389000.0,0.0,-109698000.0,-46859000.0,-15954000.0,-182931000.0,0.0,-27904000.0,172475000.0,200379000.0,155180000,-19424000.0,135756000.0,https://www.sec.gov/Archives/edgar/data/49754/000004975420000007/0000049754-20-000007-index.htm,https://www.sec.gov/Archives/edgar/data/49754/000004975420000007/din-12312019x10k.htm,1620591133,16:12:13,20210509
2,2018-12-31,DIN,USD,2019-02-21,2019-02-21 08:02:50,FY,80354000.0,32175000.0,-11847000.0,10546000.0,-33908000.0,3149000.0,0.0,-9940000.0,66004000.0,-2734000.0,140346000,-14279000.0,-20000000.0,0.0,0.0,18978000.0,-14801000.0,-76907000.0,0.0,-33603000.0,-51125000.0,-5605000.0,-88312000.0,0.0,37233000.0,200379000.0,163146000.0,140346000,-14279000.0,126067000.0,https://www.sec.gov/Archives/edgar/data/49754/000004975419000004/0000049754-19-000004-index.htm,https://www.sec.gov/Archives/edgar/data/49754/000004975419000004/din-12312018x10k.htm,1620591133,16:12:13,20210509
3,2017-12-31,DIN,USD,2018-02-20,2018-02-20 07:20:20,FY,-330539000.0,30648000.0,-145402000.0,10783000.0,20076000.0,-8908000.0,0.0,7208000.0,99912000.0,-1432000.0,65733000,-13370000.0,0.0,0.0,0.0,19945000.0,7675000.0,-16199000.0,0.0,-10003000.0,-69790000.0,-2396000.0,-95753000.0,0.0,-22345000.0,163146000.0,185491000.0,65733000,-13370000.0,52363000.0,https://www.sec.gov/Archives/edgar/data/49754/000004975418000003/0000049754-18-000003-index.htm,https://www.sec.gov/Archives/edgar/data/49754/000004975418000003/din-12312017x10k.htm,1620591133,16:12:13,20210509
4,2016-12-31,DIN,USD,2017-03-01,2017-03-01 16:25:17,FY,97992000.0,30606000.0,-13302000.0,10926000.0,5556000.0,3178000.0,0.0,89000.0,79836000.0,1916000.0,118110000,-5637000.0,0.0,0.0,0.0,18186000.0,12549000.0,-13978000.0,0.0,-55343000.0,-67429000.0,432000.0,-134909000.0,0.0,-4250000.0,140535000.0,144785000.0,118110000,-5637000.0,112473000.0,https://www.sec.gov/Archives/edgar/data/49754/000004975417000003/0000049754-17-000003-index.htm,https://www.sec.gov/Archives/edgar/data/49754/000004975417000003/din-12312016x10k.htm,1620591133,16:12:13,20210509
5,2015-12-31,DIN,USD,2016-02-24,2016-02-24 16:49:15,FY,104923000.0,32840000.0,-12546000.0,8892000.0,-25555000.0,-5239000.0,0.0,4546000.0,74280000.0,-3249000.0,135509000,-6642000.0,0.0,0.0,0.0,21061000.0,25201000.0,-14226000.0,0.0,-70014000.0,-66164000.0,20939000.0,-119929000.0,0.0,40781000.0,144785000.0,104004000.0,135509000,-6642000.0,128867000.0,https://www.sec.gov/Archives/edgar/data/49754/000004975416000018/0000049754-16-000018-index.htm,https://www.sec.gov/Archives/edgar/data/49754/000004975416000018/din-12312015x10k.htm,1620591133,16:12:13,20210509
6,2014-12-31,DIN,USD,2015-02-25,2015-02-25 17:22:56,FY,36453000.0,34745000.0,-25920000.0,9319000.0,52526000.0,0.0,0.0,1245000.0,99835000.0,2426000.0,118524000,-5937000.0,0.0,0.0,0.0,15824000.0,10568000.0,-1275911000.0,0.0,-32006000.0,-42733000.0,-88656000.0,-131099000.0,0.0,-2007000.0,104004000.0,106011000.0,118524000,-5937000.0,112587000.0,https://www.sec.gov/Archives/edgar/data/49754/000004975415000004/0000049754-15-000004-index.htm,https://www.sec.gov/Archives/edgar/data/49754/000004975415000004/din-12312014x10k.htm,1620591133,16:12:13,20210509
7,2013-12-31,DIN,USD,2014-02-26,2014-02-26 16:35:13,FY,72037000.0,35355000.0,-18984000.0,9364000.0,20614000.0,0.0,0.0,8532000.0,47309000.0,5754000.0,127815000,-7037000.0,0.0,0.0,0.0,14040000.0,7003000.0,-14768000.0,0.0,-29698000.0,-57445000.0,-513000.0,-93344000.0,0.0,41474000.0,106011000.0,64537000.0,127815000,-7037000.0,120778000.0,https://www.sec.gov/Archives/edgar/data/49754/000004975414000004/0000049754-14-000004-index.htm,https://www.sec.gov/Archives/edgar/data/49754/000004975414000004/din-12312013x10k.htm,1620591133,16:12:13,20210509
8,2012-12-31,DIN,USD,2013-02-27,2013-02-27 16:59:10,FY,127674000.0,39538000.0,-16018000.0,11442000.0,7392000.0,0.0,0.0,1778000.0,26695000.0,-3006000.0,52879000,-16952000.0,0.0,0.0,0.0,13488000.0,165417000.0,-276886000.0,0.0,0.0,0.0,3182000.0,-214450000.0,0.0,3846000.0,64537000.0,60691000.0,52879000,-16952000.0,35927000.0,https://www.sec.gov/Archives/edgar/data/49754/000004975413000003/0000049754-13-000003-index.htm,https://www.sec.gov/Archives/edgar/data/49754/000004975413000003/din-12312012x10k.htm,1620591133,16:12:13,20210509
9,2011-12-31,DIN,USD,2012-03-01,2012-03-01 16:18:39,FY,75192000.0,50220000.0,18329000.0,9492000.0,-66717000.0,0.0,-3723000.0,-3533000.0,19303000.0,79587000.0,121686000,-26332000.0,0.0,0.0,0.0,12369000.0,101679000.0,-279072000.0,0.0,-26250000.0,0.0,-6386000.0,-264983000.0,0.0,-41618000.0,60691000.0,102309000.0,121686000,-26332000.0,95354000.0,https://www.sec.gov/Archives/edgar/data/49754/000004975412000005/0000049754-12-000005-index.htm,https://www.sec.gov/Archives/edgar/data/49754/000004975412000005/din-12312011x10k.htm,1620591133,16:12:13,20210509
10,2010-12-31,DIN,USD,2011-03-04,2011-03-03 21:55:34,FY,-2788000.0,61427000.0,-15484000.0,13085000.0,6843000.0,0.0,-263000.0,27000.0,86020000.0,39809000.0,179282000,-18677000.0,0.0,0.0,0.0,5859000.0,53504000.0,-1794064000.0,0.0,-1884000.0,-26117000.0,-123694000.0,-212791000.0,0.0,19995000.0,102309000.0,82314000.0,179282000,-18677000.0,160605000.0,https://www.sec.gov/Archives/edgar/data/49754/000104746911001735/0001047469-11-001735-index.htm,https://www.sec.gov/Archives/edgar/data/49754/000104746911001735/a2202427z10-k.htm,1620591133,16:12:13,20210509
11,2009-12-31,DIN,USD,2010-03-04,2010-03-03 21:26:02,FY,31409000.0,65379000.0,-19875000.0,10710000.0,-37238000.0,0.0,-1474000.0,-14867000.0,79177000.0,33606000.0,157848000,-15372000.0,0.0,0.0,2528000.0,877000.0,18835000.0,-189937000.0,0.0,-605000.0,-24091000.0,-4503000.0,-208812000.0,0.0,-32129000.0,82314000.0,114443000.0,157848000,-15372000.0,142476000.0,https://www.sec.gov/Archives/edgar/data/49754/000104746910001766/0001047469-10-001766-index.htm,https://www.sec.gov/Archives/edgar/data/49754/000104746910001766/a2196972z10-k.htm,1620591133,16:12:13,20210509
12,2008-12-31,DIN,USD,2009-02-26,2009-02-26 14:36:56,FY,-154459000.0,112017000.0,-65226000.0,12089000.0,64077000.0,0.0,182000.0,-23749000.0,116415000.0,-255613000.0,110839000,-31765000.0,-10000000.0,-4743000.0,0.0,5030000.0,35195000.0,-431179000.0,1135000.0,-2040000.0,-33362000.0,526000.0,-58429000.0,0.0,87605000.0,114443000.0,26838000.0,110839000,-31765000.0,79074000.0,https://www.sec.gov/Archives/edgar/data/49754/000104746909001874/0001047469-09-001874-index.htm,https://www.sec.gov/Archives/edgar/data/49754/000104746909001874/a2190984z10-k.htm,1620591133,16:12:13,20210509
13,2007-12-31,DIN,USD,2008-02-28,2008-02-28 06:03:52,FY,-480000.0,31829000.0,-31324000.0,0.0,38050000.0,0.0,512000.0,0.0,52338000.0,76476000.0,106323000,-11871000.0,-1944000000.0,0.0,345000.0,16831000.0,-1937392000.0,0.0,231728000.0,-76050000.0,-17293000.0,-322647000.0,1838391000.0,0.0,7322000.0,26838000.0,19516000.0,106323000,-11871000.0,94452000.0,https://www.sec.gov/Archives/edgar/data/49754/000104746908001872/0001047469-08-001872-index.htm,https://www.sec.gov/Archives/edgar/data/49754/000104746908001872/a2182992z10-k.htm,1620591133,16:12:13,20210509
14,2006-12-31,DIN,USD,2007-03-01,2007-03-01 13:32:54,FY,44553000.0,20050000.0,6304000.0,0.0,5573000.0,0.0,141000.0,0.0,14288000.0,2234000.0,64859000,-9426000.0,0.0,0.0,0.0,17028000.0,9296000.0,0.0,5944000.0,-42695000.0,-18138000.0,795000.0,-77750000.0,0.0,-3595000.0,19516000.0,23111000.0,64859000,-9426000.0,55433000.0,https://www.sec.gov/Archives/edgar/data/49754/000110465907015373/0001104659-07-015373-index.htm,https://www.sec.gov/Archives/edgar/data/49754/000110465907015373/a07-4932_110k.htm,1620591133,16:12:13,20210509
15,2005-12-31,DIN,USD,2006-03-15,2006-03-15 17:01:08,FY,43937000.0,20153000.0,-3689000.0,0.0,-47546000.0,0.0,-389000.0,0.0,8715000.0,-3672000.0,55353000,-7365000.0,0.0,0.0,13843000.0,16980000.0,24348000.0,0.0,0.0,-77474000.0,-19550000.0,-3597000.0,-100621000.0,0.0,-20920000.0,23111000.0,44031000.0,55353000,-7365000.0,47988000.0,https://www.sec.gov/Archives/edgar/data/49754/000110465906016928/0001104659-06-016928-index.htm,https://www.sec.gov/Archives/edgar/data/49754/000110465906016928/a06-1904_110k.htm,1620591133,16:12:13,20210509
16,2004-12-31,DIN,USD,2005-04-01,2005-04-01 17:25:55,FY,33421000.0,18736000.0,-6000000.0,0.0,-25447000.0,0.0,408000.0,0.0,56261000.0,-2758000.0,66981000,-16631000.0,0.0,-485000.0,31033000.0,20140000.0,37264000.0,0.0,5610000.0,-63890000.0,-20696000.0,0.0,-88210000.0,0.0,16035000.0,44031000.0,27996000.0,66981000,-16631000.0,50350000.0,https://www.sec.gov/Archives/edgar/data/49754/000110465905014802/0001104659-05-014802-index.htm,https://www.sec.gov/Archives/edgar/data/49754/000110465905014802/a05-4347_110k.htm,1620591133,16:12:13,20210509
17,2003-12-31,DIN,USD,2004-03-12,2004-03-12 15:14:29,FY,36782000.0,18625000.0,3009000.0,0.0,-23829000.0,0.0,333000.0,0.0,81708000.0,1437000.0,71310000,-80545000.0,0.0,0.0,0.0,-44882000.0,-125427000.0,0.0,10262000.0,-18634000.0,-16102000.0,16724000.0,-16626000.0,0.0,-70743000.0,27996000.0,98739000.0,71310000,-80545000.0,-9235000.0,https://www.sec.gov/Archives/edgar/data/49754/000104746904007675/0001047469-04-007675-index.htm,https://www.sec.gov/Archives/edgar/data/49754/000104746904007675/a2129690z10-k.htm,1620591133,16:12:13,20210509
18,2002-12-31,DIN,USD,2003-03-28,2003-03-27 20:30:08,FY,40848000.0,15967000.0,10763000.0,0.0,90906000.0,0.0,-52000.0,0.0,105537000.0,0.0,78112000,-141740000.0,0.0,0.0,0.0,170000.0,-141570000.0,0.0,7561000.0,0.0,0.0,58542000.0,155945000.0,0.0,92487000.0,98739000.0,6252000.0,78112000,-141740000.0,-63628000.0,https://www.sec.gov/Archives/edgar/data/49754/000104746903010657/0001047469-03-010657-index.htm,https://www.sec.gov/Archives/edgar/data/49754/000104746903010657/a2105259z10-k.htm,1620591133,16:12:13,20210509
19,2001-12-31,DIN,USD,2002-03-11,2002-03-11 00:00:00,FY,40288000.0,14818000.0,9671000.0,0.0,13502000.0,0.0,-146000.0,0.0,14631000.0,-1488000.0,55703000,-119797000.0,0.0,0.0,0.0,-2645000.0,-122442000.0,0.0,7129000.0,-23000.0,0.0,45652000.0,65783000.0,0.0,-956000.0,6252000.0,7208000.0,55703000,-119797000.0,-64094000.0,https://www.sec.gov/Archives/edgar/data/49754/000091205702009419/0000912057-02-009419-index.htm,https://www.sec.gov/Archives/edgar/data/49754/000091205702009419/a2071707z10-k405.htm,1620591133,16:12:13,20210509
20,2000-12-31,DIN,USD,2000-12-31,2000-12-31,FY,35338000.0,13562000.0,6941000.0,0.0,-571000.0,0.0,532000.0,0.0,1129000.0,4310000.0,67519000,-99378000.0,0.0,0.0,0.0,-3892000.0,-103270000.0,0.0,3133000.0,-6631000.0,0.0,48274000.0,38783000.0,0.0,3032000.0,7208000.0,4176000.0,67519000,-99378000.0,-31859000.0,,,1620591133,16:12:13,20210509
21,1999-12-31,DIN,USD,1999-12-31,1999-12-31,FY,32100000.0,12300000.0,6300000.0,0.0,4100000.0,0.0,0.0,0.0,1700000.0,2700000.0,50200000,-72300000.0,0.0,0.0,0.0,-4800000.0,-77100000.0,0.0,5000000.0,0.0,0.0,30100000.0,28800000.0,0.0,1900000.0,4200000.0,2300000.0,50200000,-72300000.0,-22100000.0,,,1620591133,16:12:13,20210509
22,1998-12-31,DIN,USD,1998-12-31,1998-12-31,FY,26100000.0,11300000.0,4900000.0,0.0,-3900000.0,0.0,200000.0,0.0,-2400000.0,-100000.0,53900000,-71800000.0,0.0,0.0,0.0,21800000.0,-50000000.0,0.0,3800000.0,0.0,0.0,0.0,-1300000.0,0.0,0.0,0.0,6000000.0,53900000,-71800000.0,-17900000.0,,,1620591133,16:12:13,20210509
23,1997-12-31,DIN,USD,1997-12-31,1997-12-31,FY,20900000.0,10000000.0,3000000.0,0.0,-4700000.0,0.0,-200000.0,0.0,1500000.0,1300000.0,41600000,-59700000.0,0.0,0.0,0.0,14400000.0,-45300000.0,0.0,4700000.0,0.0,0.0,0.0,1000000.0,0.0,0.0,0.0,8700000.0,41600000,-59700000.0,-18100000.0,,,1620591133,16:12:13,20210509
24,1996-12-31,DIN,USD,1996-12-31,1996-12-31,FY,18600000.0,8300000.0,4400000.0,0.0,7400000.0,0.0,-400000.0,0.0,6200000.0,0.0,31600000,-57200000.0,0.0,0.0,0.0,2900000.0,-54300000.0,0.0,900000.0,0.0,0.0,0.0,27500000.0,0.0,0.0,0.0,3900000.0,31600000,-57200000.0,-25600000.0,,,1620591133,16:12:13,20210509
25,1995-12-31,DIN,USD,1995-12-31,1995-12-31,FY,16200000.0,6900000.0,5800000.0,0.0,-5200000.0,0.0,0.0,0.0,-1200000.0,100000.0,31300000,-42000000.0,0.0,0.0,0.0,9900000.0,-32100000.0,0.0,2600000.0,0.0,0.0,100000.0,2600000.0,0.0,0.0,0.0,2000000.0,31300000,-42000000.0,-10700000.0,,,1620591133,16:12:13,20210509
26,1994-12-31,DIN,USD,1994-12-31,1994-12-31,FY,15100000.0,6400000.0,4100000.0,0.0,700000.0,0.0,100000.0,0.0,4000000.0,100000.0,23800000,-31100000.0,0.0,0.0,0.0,9600000.0,-21500000.0,0.0,700000.0,0.0,0.0,0.0,-1500000.0,0.0,0.0,0.0,1200000.0,23800000,-31100000.0,-7300000.0,,,1620591133,16:12:13,20210509
27,1993-12-31,DIN,USD,1993-12-31,1993-12-31,FY,10700000.0,5700000.0,2800000.0,0.0,-300000.0,0.0,-100000.0,0.0,3300000.0,-100000.0,14600000,-29600000.0,0.0,0.0,0.0,6500000.0,-23100000.0,0.0,900000.0,0.0,0.0,0.0,4000000.0,0.0,0.0,0.0,5700000.0,14600000,-29600000.0,-15000000.0,,,1620591133,16:12:13,20210509
28,1992-12-31,DIN,USD,1992-12-31,1992-12-31,FY,8000000.0,5000000.0,2000000.0,0.0,2800000.0,0.0,-300000.0,0.0,3600000.0,-100000.0,18000000,-23700000.0,0.0,0.0,0.0,-200000.0,-23900000.0,0.0,400000.0,0.0,0.0,0.0,8900000.0,0.0,0.0,0.0,2700000.0,18000000,-23700000.0,-5700000.0,,,1620591133,16:12:13,20210509
29,1991-12-31,DIN,USD,1991-12-31,1991-12-31,FY,5300000.0,4900000.0,1100000.0,0.0,7500000.0,0.0,0.0,0.0,800000.0,0.0,11200000,-14100000.0,0.0,0.0,0.0,-800000.0,-14900000.0,0.0,27600000.0,0.0,0.0,0.0,4700000.0,0.0,0.0,0.0,1600000.0,11200000,-14100000.0,-2900000.0,,,1620591133,16:12:13,20210509
30,1990-12-31,DIN,USD,1990-12-31,1990-12-31,FY,3100000.0,4900000.0,1600000.0,0.0,0.0,0.0,100000.0,0.0,-6700000.0,0.0,10700000,-11400000.0,0.0,0.0,0.0,-1200000.0,-12600000.0,0.0,0.0,0.0,0.0,100000.0,2300000.0,0.0,0.0,0.0,1300000.0,10700000,-11400000.0,-700000.0,,,1620591133,16:12:13,20210509
