,date,symbol,reportedCurrency,fillingDate,acceptedDate,period,netIncome,depreciationAndAmortization,deferredIncomeTax,stockBasedCompensation,changeInWorkingCapital,accountsReceivables,inventory,accountsPayables,otherWorkingCapital,otherNonCashItems,netCashProvidedByOperatingActivities,investmentsInPropertyPlantAndEquipment,acquisitionsNet,purchasesOfInvestments,salesMaturitiesOfInvestments,otherInvestingActivites,netCashUsedForInvestingActivites,debtRepayment,commonStockIssued,commonStockRepurchased,dividendsPaid,otherFinancingActivites,netCashUsedProvidedByFinancingActivities,effectOfForexChangesOnCash,netChangeInCash,cashAtEndOfPeriod,cashAtBeginningOfPeriod,operatingCashFlow,capitalExpenditure,freeCashFlow,link,finalLink,timestamp,est_time,est_date
0,2020-12-31,JYNT,USD,2021-03-05,2021-03-05 09:44:06,FY,13167314.0,2734462.0,-8097494.0,885975.0,6710702.0,794586.0,0.0,-90429.0,6448060.0,-57080.0,11183242.0,-3156233.0,0.0,0.0,0.0,128724.0,-4601009.0,-57097.0,0.0,-32070.0,0.0,0.0,5595519.0,0.0,12177752.0,20819629.0,8641877.0,11183242.0,-4195733.0,6987509.0,https://www.sec.gov/Archives/edgar/data/1612630/000162828021004004/0001628280-21-004004-index.htm,https://www.sec.gov/Archives/edgar/data/1612630/000162828021004004/jynt-20201231.htm,1620594020,17:00:20,20210509
1,2019-12-31,JYNT,USD,2020-03-06,2020-03-06 11:13:50,FY,3323712.0,1899257.0,1781.0,720651.0,-3235864.0,-1838735.0,0.0,75893.0,-262642.0,-133242.0,7521949.0,-3483578.0,-3000000.0,0.0,0.0,149348.0,-7138062.0,-1121954.0,0.0,-20185.0,0.0,0.0,-596962.0,0.0,-213075.0,8641877.0,8854952.0,7521949.0,-4165078.0,3356871.0,https://www.sec.gov/Archives/edgar/data/1612630/000162828020003113/0001628280-20-003113-index.htm,https://www.sec.gov/Archives/edgar/data/1612630/000162828020003113/jynt-20191231.htm,1620594020,17:00:20,20210509
2,2018-12-31,JYNT,USD,2019-03-11,2019-03-08 17:32:30,FY,253083.0,1556240.0,-77020.0,628430.0,1283740.0,-75327.0,0.0,63567.0,2973222.0,-285956.0,5452268.0,-1111117.0,0.0,0.0,0.0,245713.0,-1243654.0,0.0,0.0,-4811.0,0.0,0.0,326298.0,0.0,4534912.0,8854952.0,4320040.0,5452268.0,-1389367.0,4062901.0,https://www.sec.gov/Archives/edgar/data/1612630/000117184319001609/0001171843-19-001609-index.htm,https://www.sec.gov/Archives/edgar/data/1612630/000117184319001609/f10k_030819p.htm,1620594020,17:00:20,20210509
3,2017-12-31,JYNT,USD,2018-03-09,2018-03-09 16:06:22,FY,-3275233.0,2017323.0,15734.0,594371.0,1856710.0,-124108.0,0.0,-36751.0,1689482.0,60278.0,156444.0,-449204.0,0.0,0.0,0.0,76351.0,-372853.0,-231500.0,292671.0,-2655.0,0.0,0.0,1422766.0,0.0,1206357.0,4216221.0,3009864.0,156444.0,-449204.0,-292760.0,https://www.sec.gov/Archives/edgar/data/1612630/000117184318001818/0001171843-18-001818-index.htm,https://www.sec.gov/Archives/edgar/data/1612630/000117184318001818/f10k_030918p.htm,1620594020,17:00:20,20210509
4,2016-12-31,JYNT,USD,2017-03-10,2017-03-10 17:07:37,FY,-15173872.0,2566136.0,120700.0,1123481.0,-11704989.0,-999522.0,0.0,-953084.0,-167228.0,-380759.0,-10847312.0,-1567727.0,-1000000.0,0.0,0.0,35905.0,-2695822.0,-436350.0,210000.0,-84433.0,0.0,-1042.0,-239852.0,0.0,-13782986.0,3009864.0,16792850.0,-10847312.0,-1892727.0,-12740039.0,https://www.sec.gov/Archives/edgar/data/1612630/000117184317001428/0001171843-17-001428-index.htm,https://www.sec.gov/Archives/edgar/data/1612630/000117184317001428/f10k_031017p.htm,1620594020,17:00:20,20210509
5,2015-12-31,JYNT,USD,2016-03-17,2016-03-17 17:00:06,FY,-8797321.0,1268955.0,40800.0,825145.0,-7600684.0,-99963.0,0.0,-291480.0,11537761.0,-1379347.0,-6796479.0,-4065946.0,-5000000.0,0.0,0.0,42388.0,-10013083.0,-218500.0,14374998.0,0.0,0.0,-1351403.0,12805629.0,0.0,-4003933.0,16792850.0,20796783.0,-6796479.0,-5141446.0,-11937925.0,https://www.sec.gov/Archives/edgar/data/1612630/000117184316008640/0001171843-16-008640-index.htm,https://www.sec.gov/Archives/edgar/data/1612630/000117184316008640/f10k_031716p.htm,1620594020,17:00:20,20210509
6,2014-12-31,JYNT,USD,2015-03-20,2015-03-20 16:02:00,FY,-3031220.0,210123.0,1758100.0,101830.0,17067105.0,-369532.0,0.0,1044648.0,19138445.0,2182962.0,-437445.0,-659305.0,-1000000.0,0.0,4179.0,4179.0,-2060126.0,0.0,22425000.0,0.0,0.0,-2647396.0,19777604.0,0.0,17280033.0,20796783.0,3516750.0,-437445.0,-1166805.0,-1604250.0,https://www.sec.gov/Archives/edgar/data/1612630/000117184315001550/0001171843-15-001550-index.htm,https://www.sec.gov/Archives/edgar/data/1612630/000117184315001550/f10k_032015.htm,1620594020,17:00:20,20210509
7,2013-12-31,JYNT,USD,2013-12-31,2013-12-31,FY,155635.0,70725.0,-552300.0,0.0,-573515.0,-287757.0,0.0,125394.0,2071340.0,-5551.0,422217.0,-241412.0,0.0,0.0,0.0,10353.0,-231059.0,0.0,0.0,-240000.0,0.0,0.0,-240000.0,0.0,-48842.0,3516750.0,3565592.0,422217.0,-241412.0,180805.0,,,1620594020,17:00:20,20210509
8,2012-12-31,JYNT,USD,2012-12-31,2012-12-31,FY,-736295.0,49814.0,-576100.0,0.0,3438518.0,-79691.0,0.0,-136357.0,2644855.0,0.0,2175937.0,-131311.0,0.0,0.0,0.0,-90000.0,-174044.0,0.0,0.0,0.0,0.0,0.0,0.0,0.0,2001893.0,3565592.0,1563699.0,2175937.0,-131311.0,2044626.0,,,1620594020,17:00:20,20210509
