,date,symbol,reportedCurrency,fillingDate,acceptedDate,period,netIncome,depreciationAndAmortization,deferredIncomeTax,stockBasedCompensation,changeInWorkingCapital,accountsReceivables,inventory,accountsPayables,otherWorkingCapital,otherNonCashItems,netCashProvidedByOperatingActivities,investmentsInPropertyPlantAndEquipment,acquisitionsNet,purchasesOfInvestments,salesMaturitiesOfInvestments,otherInvestingActivites,netCashUsedForInvestingActivites,debtRepayment,commonStockIssued,commonStockRepurchased,dividendsPaid,otherFinancingActivites,netCashUsedProvidedByFinancingActivities,effectOfForexChangesOnCash,netChangeInCash,cashAtEndOfPeriod,cashAtBeginningOfPeriod,operatingCashFlow,capitalExpenditure,freeCashFlow,link,finalLink,timestamp,est_time,est_date
0,2020-12-31,PNM,USD,2021-03-01,2021-03-01 16:16:52,FY,173303000,314668000.0,20405000.0,8141000.0,73288000.0,0.0,11512000.0,7403000.0,-600183000.0,-6659000.0,485700000,-679028000.0,0.0,-607591000.0,590998000.0,-14928000.0,-733799000,-977845000.0,283208000.0,0.0,-98502000.0,-17452000.0,292194000.0,0.0,44095000.0,47928000.0,3833000.0,485700000,-679028000.0,-193328000.0,https://www.sec.gov/Archives/edgar/data/1108426/000110842621000010/0001108426-21-000010-index.htm,https://www.sec.gov/Archives/edgar/data/1108426/000110842621000010/pnm-20201231.htm,1620596680,17:44:40,20210509
1,2019-12-31,PNM,USD,2020-03-02 00:00:00,2020-03-02 16:16:06,FY,77890000,301068000.0,-25385000.0,6414000.0,-463542000.0,0.0,-6095000.0,-272000.0,-673471000.0,144012000.0,503163000,-616273000.0,0.0,-513866000.0,494528000.0,-37000.0,-673898000,-407302000.0,0.0,0.0,-92926000.0,-12551000.0,172446000.0,0.0,1711000.0,3833000.0,2122000.0,503163000,-616273000.0,-113110000.0,https://www.sec.gov/Archives/edgar/data/1108426/000110842620000014/0001108426-20-000014-index.html,https://www.sec.gov/Archives/edgar/data/22767/000110842620000014/pnm1231201910-k.htm,1620596680,17:44:40,20210509
2,2018-12-31,PNM,USD,2019-03-01 00:00:00,2019-03-01 13:21:59,FY,86170000,275641000.0,8019000.0,7120000.0,331295000.0,0.0,-5331000.0,-20714000.0,-209929000.0,58723000.0,428226000,-501213000.0,0.0,-1007022000.0,984533000.0,56978000.0,-475724000,-869662000.0,0.0,-12635000.0,-84961000.0,-22711000.0,45646000.0,0.0,-1852000.0,2122000.0,3974000.0,428226000,-501213000.0,-72987000.0,https://www.sec.gov/Archives/edgar/data/1108426/000110842619000020/0001108426-19-000020-index.html,https://www.sec.gov/Archives/edgar/data/22767/000110842619000020/pnm1231201810-k.htm,1620596680,17:44:40,20210509
3,2017-12-31,PNM,USD,2018-03-01 00:00:00,2018-03-01 08:48:28,FY,80402000,268194000.0,130528000.0,6194000.0,-114155000.0,-1846000.0,1473000.0,14468000.0,-541224000.0,19849000.0,524462000,-500461000.0,0.0,-650284000.0,637492000.0,38752000.0,-466163000,-274070000.0,0.0,-13929000.0,-77792000.0,-30095000.0,-58847000.0,0.0,-548000.0,3974000.0,4522000.0,524462000,-500461000.0,24001000.0,https://www.sec.gov/Archives/edgar/data/1108426/000110842618000011/0001108426-18-000011-index.html,https://www.sec.gov/Archives/edgar/data/22767/000110842618000011/pnm1231201710-k.htm,1620596680,17:44:40,20210509
4,2016-12-31,PNM,USD,2017-02-28 00:00:00,2017-02-28 16:51:16,FY,117377000,242033000.0,63805000.0,5634000.0,-171519000.0,2543000.0,-4169000.0,3159000.0,-427069000.0,13122000.0,415454000,-600076000.0,0.0,-538383000.0,531148000.0,-92064000.0,-699375000,-453793000.0,0.0,-15451000.0,-70623000.0,-14769000.0,242392000.0,0.0,-41529000.0,4522000.0,46051000.0,415454000,-600076000.0,-184622000.0,https://www.sec.gov/Archives/edgar/data/1108426/000110842617000006/0001108426-17-000006-index.html,https://www.sec.gov/Archives/edgar/data/22767/000110842617000006/pnm1231201610-k.htm,1620596680,17:44:40,20210509
5,2015-12-31,PNM,USD,2016-02-29 00:00:00,2016-02-26 18:03:27,FY,16168000,222861000.0,16451000.0,4863000.0,15915000.0,-3298000.0,-180000.0,-32269000.0,-255550000.0,160975000.0,386874000,-558589000.0,0.0,-262548000.0,273868000.0,2741000.0,-544528000,-333066000.0,0.0,-17720000.0,-64251000.0,-23756000.0,175431000.0,0.0,17777000.0,46051000.0,28274000.0,386874000,-558589000.0,-171715000.0,https://www.sec.gov/Archives/edgar/data/1108426/000110842616000165/0001108426-16-000165-index.html,https://www.sec.gov/Archives/edgar/data/22767/000110842616000165/pnm1231201510-k.htm,1620596680,17:44:40,20210509
6,2014-12-31,PNM,USD,2015-02-27,2015-02-27 15:56:35,FY,116782000,209867000.0,72481000.0,5931000.0,-180333000.0,-4975000.0,5504000.0,-2311000.0,-271465000.0,-456000.0,414876000,-460658000.0,-36000000.0,-127016000.0,138747000.0,-167000.0,-485329000,-168600000.0,0.0,-17319000.0,-59468000.0,-20418000.0,96194000.0,0.0,25741000.0,28274000.0,2533000.0,414876000,-460658000.0,-45782000.0,https://www.sec.gov/Archives/edgar/data/1108426/000110842615000008/pnm1231201410-k.htm,https://www.sec.gov/Archives/edgar/data/1108426/000110842615000008/pnm1231201410-k.htm,1620596680,17:44:40,20210509
7,2013-12-31,PNM,USD,2014-02-28,2014-02-28 17:00:42,FY,101035000,208173000.0,60430000.0,5320000.0,-99220000.0,-7562000.0,-7580000.0,4484000.0,-91132000.0,10992000.0,386587000,-348039000.0,0.0,-282000000.0,294497000.0,4096000.0,-331446000,-38968000.0,0.0,0.0,-51508000.0,-36928000.0,-61593000.0,0.0,-6452000.0,2533000.0,8985000.0,386587000,-348039000.0,38548000.0,https://www.sec.gov/Archives/edgar/data/1108426/000110842614000016/pnm1231201310-k.htm,https://www.sec.gov/Archives/edgar/data/1108426/000110842614000016/pnm1231201310-k.htm,1620596680,17:44:40,20210509
8,2012-12-31,PNM,USD,2013-03-01 00:00:00,2013-03-01 16:49:16,FY,106075000,206499000.0,56243000.0,3585000.0,-81463000.0,-2547000.0,-5412000.0,14020000.0,8088000.0,-4115000.0,281349000,-308909000.0,4000000.0,-173158000.0,190785000.0,1353000.0,-285895000,-46387000.0,0.0,0.0,-45137000.0,-16552000.0,-1560000.0,0.0,-6106000.0,8985000.0,15091000.0,281349000,-308909000.0,-27560000.0,https://www.sec.gov/Archives/edgar/data/1108426/000110842613000011/0001108426-13-000011-index.html,https://www.sec.gov/Archives/edgar/data/22767/000110842613000011/pnm1231201210-k.htm,1620596680,17:44:40,20210509
9,2011-12-31,PNM,USD,2012-02-29 00:00:00,2012-02-29 16:49:07,FY,176887000,195366000.0,124424000.0,6556000.0,65795000.0,0.0,-2200000.0,20969000.0,89551000.0,35866000.0,292240000,-326931000.0,329000000.0,-149185000.0,177560000.0,-10947000.0,19778000,-110752000.0,0.0,-209262000.0,-45656000.0,-22983000.0,-312331000.0,0.0,-313000.0,15091000.0,15404000.0,292240000,-326931000.0,-34691000.0,https://www.sec.gov/Archives/edgar/data/1108426/000110842612000014/0001108426-12-000014-index.html,https://www.sec.gov/Archives/edgar/data/22767/000110842612000014/pnm1231201110-k.htm,1620596680,17:44:40,20210509
10,2010-12-31,PNM,USD,2011-03-01,2011-03-01 15:44:05,FY,-44687000,186067000.0,35674000.0,2894000.0,8824000.0,0.0,-1848000.0,-15462000.0,23756000.0,55150000.0,287352000,-281488000.0,0.0,-106126000.0,109704000.0,2004000.0,-275906000,-405970000.0,0.0,-2986000.0,-46254000.0,15435000.0,-10683000.0,0.0,763000.0,15404000.0,14641000.0,287352000,-281488000.0,5864000.0,https://www.sec.gov/Archives/edgar/data/1108426/000119312511051990/d10k.htm,https://www.sec.gov/Archives/edgar/data/1108426/000119312511051990/d10k.htm,1620596680,17:44:40,20210509
11,2009-12-31,PNM,USD,2010-03-01 00:00:00,2010-03-01 10:56:49,FY,124844000,173446000.0,27727000.0,2188000.0,690687000.0,-79546000.0,-1083000.0,-70540000.0,14932000.0,20255000.0,87706000,-288031000.0,0.0,-129833000.0,151122000.0,-6465000.0,379726000,-352084000.0,1245000.0,-951000.0,-46229000.0,6009000.0,-593435000.0,0.0,-126003000.0,14641000.0,140644000.0,87706000,-288031000.0,-200325000.0,https://www.sec.gov/Archives/edgar/data/1108426/000110842610000022/0001108426-10-000022-index.html,https://www.sec.gov/Archives/edgar/data/22767/000110842610000022/f10k_123109pnmr.htm,1620596680,17:44:40,20210509
12,2009-03-02,PNM,USD,2009-03-02,2009-03-02 17:13:08,FY,-60572000,4249000.0,-13787000.0,3261000.0,0.0,0.0,0.0,71000.0,-675755000.0,0.0,-52675000,0.0,0.0,0.0,0.0,0.0,40042000,0.0,0.0,0.0,-40042000.0,0.0,87384000.0,0.0,74751000.0,75095000.0,344000.0,-52675000,0.0,-52675000.0,https://www.sec.gov/Archives/edgar/data/1108426/000110842609000022/0001108426-09-000022-index.htm,https://www.sec.gov/Archives/edgar/data/1108426/000110842609000022/f10k_123108pnmr.htm,1620596680,17:44:40,20210509
13,2008-12-31,PNM,USD,2009-03-02 00:00:00,2009-03-02 17:13:08,FY,-270644000,0.0,-46692000.0,0.0,302437000.0,0.0,-9921000.0,0.0,-675755000.0,269827000.0,88097000,-344951000.0,0.0,0.0,180296000.0,27921000.0,-320715000,0.0,251042000.0,-1401000.0,-57498000.0,82637000.0,355471000.0,0.0,122853000.0,140644000.0,17791000.0,88097000,-344951000.0,-256854000.0,https://www.sec.gov/Archives/edgar/data/1108426/000110842609000022/0001108426-09-000022-index.html,https://www.sec.gov/Archives/edgar/data/22767/000110842609000022/f10k_123108pnmr.htm,1620596680,17:44:40,20210509
14,2007-12-31,PNM,USD,2008-02-29,2008-02-28 19:29:48,FY,74874000,0.0,35423000.0,0.0,-358216000.0,0.0,-104000.0,0.0,-978192000.0,39575000.0,222533000,-455944000.0,0.0,0.0,163642000.0,336057000.0,-73531000,0.0,15282000.0,-18267000.0,-70336000.0,-580000.0,-254630000.0,0.0,-105628000.0,17791000.0,123419000.0,222533000,-455944000.0,-233411000.0,https://www.sec.gov/Archives/edgar/data/1108426/000110842608000032/f10k_123107pnmr.htm,https://www.sec.gov/Archives/edgar/data/1108426/000110842608000032/f10k_123107pnmr.htm,1620596680,17:44:40,20210509
15,2006-12-31,PNM,USD,2007-03-01,2007-03-01 15:23:18,FY,121586000,0.0,47331000.0,0.0,-492777000.0,0.0,0.0,0.0,-619976000.0,383000.0,244424000,-321118000.0,-481000000.0,-102265000.0,96624000.0,8242000.0,-799575000,0.0,240170000.0,-20243000.0,-59708000.0,3007000.0,610371000.0,0.0,55220000.0,123419000.0,68199000.0,244424000,-321118000.0,-76694000.0,https://www.sec.gov/Archives/edgar/data/1108426/000110842607000028/f10k_123106pnmr.htm,https://www.sec.gov/Archives/edgar/data/1108426/000110842607000028/f10k_123106pnmr.htm,1620596680,17:44:40,20210509
16,2005-12-31,PNM,USD,2006-03-14,2006-03-14 15:58:27,FY,64359000,0.0,28318000.0,0.0,-134136000.0,0.0,0.0,0.0,-127199000.0,0.0,210451000,-221814000.0,0.0,-109795000.0,104623000.0,72343000.0,-154643000,0.0,101231000.0,-234299000.0,-51128000.0,1686000.0,-4804000.0,0.0,51004000.0,68199000.0,17195000.0,210451000,-221814000.0,-11363000.0,https://www.sec.gov/Archives/edgar/data/1108426/000110842606000040/f10k_123105pnmr.htm,https://www.sec.gov/Archives/edgar/data/1108426/000110842606000040/f10k_123105pnmr.htm,1620596680,17:44:40,20210509
17,2004-12-31,PNM,USD,2005-03-01 00:00:00,2005-03-01 17:34:16,FY,91866000,0.0,39966000.0,0.0,46555000.0,0.0,0.0,0.0,6937000.0,0.0,235755000,-145710000.0,0.0,0.0,0.0,1259000.0,-144451000,0.0,0.0,-17548000.0,-38848000.0,811000.0,-86803000.0,0.0,4501000.0,17195000.0,12694000.0,235755000,-145710000.0,90045000.0,https://www.sec.gov/Archives/edgar/data/1108426/000110842605000030/0001108426-05-000030-index.html,https://www.sec.gov/Archives/edgar/data/1108426/000110842605000030/f10k_12312004pnmr.htm,1620596680,17:44:40,20210509
18,2003-12-31,PNM,USD,2004-03-10 00:00:00,2004-03-10 16:29:16,FY,95173000,0.0,90175000.0,0.0,3165000.0,0.0,0.0,0.0,-39618000.0,0.0,228692000,-177204000.0,0.0,0.0,80291000.0,-4654000.0,-101567000,0.0,0.0,-9639000.0,-36702000.0,-31115000.0,-118133000.0,0.0,8992000.0,12694000.0,3702000.0,228692000,-177204000.0,51488000.0,https://www.sec.gov/Archives/edgar/data/1108426/000110842604000037/0001108426-04-000037-index.html,https://www.sec.gov/Archives/edgar/data/81023/000110842604000037/f10k_12312003pnmr.txt,1620596680,17:44:40,20210509
19,2002-12-31,PNM,USD,2003-03-18 00:00:00,2003-03-18 16:52:12,FY,64272000,0.0,47269000.0,0.0,-41312000.0,0.0,0.0,0.0,-42783000.0,0.0,97251000,-240225000.0,0.0,0.0,76633000.0,-36835000.0,-200427000,0.0,0.0,-2412000.0,-34226000.0,108000.0,78470000.0,0.0,-24706000.0,3702000.0,28408000.0,97251000,-240225000.0,-142974000.0,https://www.sec.gov/Archives/edgar/data/1108426/000110842603000009/0001108426-03-000009-index.html,https://www.sec.gov/Archives/edgar/data/81023/000110842603000009/f10k_12312002pnmr.txt,1620596680,17:44:40,20210509
20,2001-12-31,PNM,USD,2001-12-31,2001-12-31,FY,150433000,0.0,0.0,0.0,-149235000.0,0.0,0.0,0.0,-1471000.0,0.0,334946000,-264844000.0,0.0,-50438000.0,0.0,25504000.0,-301345000,0.0,0.0,0.0,-158876000.0,-2739000.0,-126615000.0,0.0,-93014000.0,14677000.0,107691000.0,334946000,-264844000.0,70102000.0,,,1620596680,17:44:40,20210509
21,2000-12-31,PNM,USD,2000-12-31,2000-12-31,FY,100946000,0.0,0.0,0.0,-19236000.0,0.0,0.0,0.0,147764000.0,0.0,239515000,-146878000.0,0.0,0.0,0.0,-10622000.0,-157500000,0.0,0.0,-29099000.0,-32265000.0,-559000.0,-94723000.0,0.0,-12708000.0,107691000.0,120399000.0,239515000,-146878000.0,92637000.0,,,1620596680,17:44:40,20210509
22,1999-12-31,PNM,USD,1999-12-31,1999-12-31,FY,83100000,0.0,0.0,0.0,62500000.0,0.0,0.0,0.0,167000000.0,104000000.0,214500000,-95300000.0,0.0,0.0,0.0,39400000.0,-55900000,0.0,0.0,-18800000.0,-33400000.0,-600000.0,-99500000.0,0.0,59100000.0,120400000.0,61300000.0,214500000,-95300000.0,119200000.0,,,1620596680,17:44:40,20210509
23,1998-12-31,PNM,USD,1998-12-31,1998-12-31,FY,82700000,0.0,18300000.0,0.0,145200000.0,0.0,11100000.0,0.0,104500000.0,110800000.0,211000000,-133000000.0,0.0,-49200000.0,0.0,-208000000.0,-390200000,0.0,0.0,0.0,-32800000.0,4200000.0,173100000.0,0.0,-6200000.0,2600000.0,8800000.0,211000000,-133000000.0,78000000.0,,,1620596680,17:44:40,20210509
24,1997-12-31,PNM,USD,1997-12-31,1997-12-31,FY,81000000,0.0,11100000.0,0.0,-27400000.0,0.0,-2900000.0,0.0,-40700000.0,108200000.0,213100000,-135200000.0,0.0,-400000.0,0.0,-46800000.0,-182400000,0.0,0.0,0.0,-26900000.0,-18800000.0,-33100000.0,0.0,-2400000.0,8700000.0,11100000.0,213100000,-135200000.0,77900000.0,,,1620596680,17:44:40,20210509
25,1996-12-31,PNM,USD,1996-12-31,1996-12-31,FY,72600000,0.0,31400000.0,0.0,-137800000.0,0.0,5800000.0,0.0,-13300000.0,98600000.0,151700000,-103600000.0,0.0,0.0,86800000.0,-208400000.0,-224200000,0.0,0.0,0.0,-15600000.0,95300000.0,79400000.0,0.0,6900000.0,11100000.0,4200000.0,151700000,-103600000.0,48100000.0,,,1620596680,17:44:40,20210509
26,1995-12-31,PNM,USD,1995-12-31,1995-12-31,FY,75600000,0.0,1600000.0,0.0,151900000.0,0.0,-26500000.0,0.0,124500000.0,109200000.0,147100000,-107400000.0,0.0,-21500000.0,0.0,0.0,77600000,0.0,0.0,-64200000.0,-5100000.0,18300000.0,-241500000.0,0.0,-16800000.0,4200000.0,21000000.0,147100000,-107400000.0,39700000.0,,,1620596680,17:44:40,20210509
27,1994-12-31,PNM,USD,1994-12-31,1994-12-31,FY,80300000,0.0,23100000.0,0.0,6400000.0,0.0,-3100000.0,0.0,-27400000.0,104800000.0,201100000,-120600000.0,0.0,-26700000.0,0.0,0.0,-107700000,0.0,0.0,-7700000.0,-6400000.0,-2700000.0,-92800000.0,0.0,500000.0,21000000.0,20500000.0,201100000,-120600000.0,80500000.0,,,1620596680,17:44:40,20210509
