,date,symbol,reportedCurrency,fillingDate,acceptedDate,period,netIncome,depreciationAndAmortization,deferredIncomeTax,stockBasedCompensation,changeInWorkingCapital,accountsReceivables,inventory,accountsPayables,otherWorkingCapital,otherNonCashItems,netCashProvidedByOperatingActivities,investmentsInPropertyPlantAndEquipment,acquisitionsNet,purchasesOfInvestments,salesMaturitiesOfInvestments,otherInvestingActivites,netCashUsedForInvestingActivites,debtRepayment,commonStockIssued,commonStockRepurchased,dividendsPaid,otherFinancingActivites,netCashUsedProvidedByFinancingActivities,effectOfForexChangesOnCash,netChangeInCash,cashAtEndOfPeriod,cashAtBeginningOfPeriod,operatingCashFlow,capitalExpenditure,freeCashFlow,link,finalLink,timestamp,est_time,est_date
0,2020-12-31,MPW,USD,2021-03-01,2021-03-01 16:40:40,FY,431450000,275953000.0,0.0,47154000.0,17221000.0,0.0,0.0,0.0,38083000,-203218000.0,617636000,0.0,0.0,-36180000,0.0,1243536000.0,-2946773000,-800000000.0,411101000.0,0.0,-567969000,-20641000.0,1401074000.0,16441000.0,-911622000.0,556369000.0,1467991000.0,617636000,0.0,617636000,https://www.sec.gov/Archives/edgar/data/1287865/000156459021009901/0001564590-21-009901-index.htm,https://www.sec.gov/Archives/edgar/data/1287865/000156459021009901/mpw-10k_20201231.htm,1620595267,17:21:07,20210509
1,2019-12-31,MPW,USD,2020-02-27,2020-02-26 21:07:18,FY,374684000,156575000.0,0.0,32188000.0,901417000.0,12906000.0,0.0,0.0,2171559000,-119182000.0,494117000,0.0,-4566000000.0,-293163000,0.0,-53168000.0,-4883957000,-65736000.0,2533210000.0,0.0,-411697000,-62317000.0,5041884000.0,-6478000.0,645566000.0,1467991000.0,822425000.0,494117000,27968000.0,494117000,https://www.sec.gov/Archives/edgar/data/1287865/000156459020006950/0001564590-20-006950-index.htm,https://www.sec.gov/Archives/edgar/data/1287865/000156459020006950/mpw-10k_20191231.htm,1620595267,17:21:07,20210509
2,2018-12-31,MPW,USD,2019-03-01,2019-03-01 17:24:50,FY,1016685000,141492000.0,0.0,16505000.0,1680721000.0,46498000.0,0.0,0.0,1270142000,-96999000.0,449088000,0.0,-1431000000.0,-138441000,0.0,673915000.0,564178000,-811718000.0,94239000.0,0.0,-363906000,-24220000.0,-345870000.0,-17218000.0,650178000.0,822425000.0,172247000.0,449088000,1459699000.0,449088000,https://www.sec.gov/Archives/edgar/data/1287865/000156459019005843/0001564590-19-005843-index.htm,https://www.sec.gov/Archives/edgar/data/1287865/000156459019005843/mpw-10k_20181231.htm,1620595267,17:21:07,20210509
3,2017-12-31,MPW,USD,2018-03-01,2018-03-01 17:18:01,FY,289793000,131979000.0,0.0,9949000.0,-370673000.0,-21116000.0,0.0,0.0,-410579000,-42850000.0,363101000,0.0,-2247000000.0,-94970000,0.0,-10858000.0,-2362066000,-1038221000.0,547785000.0,0.0,-326729000,-18253000.0,2070277000.0,16920000.0,88232000.0,171472000.0,83240000.0,363101000,-9450000.0,363101000,https://www.sec.gov/Archives/edgar/data/1287865/000119312518067584/0001193125-18-067584-index.htm,https://www.sec.gov/Archives/edgar/data/1287865/000119312518067584/d506699d10k.htm,1620595267,17:21:07,20210509
4,2016-12-31,MPW,USD,2017-03-01,2017-03-01 17:02:09,FY,225048000,97601000.0,0.0,7942000.0,180965000.0,-13247000.0,0.0,0.0,-39906000,-16972000.0,264683000,0.0,-1682000000.0,-119423000,50000000.0,797730000.0,-926544000,-575299000.0,1173651000.0,0.0,-218393000,-17396000.0,552563000.0,-3003000.0,-112301000.0,83240000.0,195541000.0,264683000,27558000.0,264683000,https://www.sec.gov/Archives/edgar/data/1287865/000119312517065943/0001193125-17-065943-index.htm,https://www.sec.gov/Archives/edgar/data/1287865/000119312517065943/d295656d10k.htm,1620595267,17:21:07,20210509
5,2015-12-31,MPW,USD,2016-02-29,2016-02-29 17:16:26,FY,139598000,71827000.0,0.0,11122000.0,-391315000.0,-5599000.0,0.0,0.0,-220871000,-30101000.0,206996000,0.0,-2219000000.0,-17339000,0.0,417784000.0,-1945621000,-283000.0,817389000.0,0.0,-182980000,-23851000.0,1800690000.0,-11065000.0,51000000.0,195541000.0,144541000.0,206996000,-127197000.0,206996000,https://www.sec.gov/Archives/edgar/data/1287865/000119312516485612/0001193125-16-485612-index.htm,https://www.sec.gov/Archives/edgar/data/1287865/000119312516485612/d88578d10k.htm,1620595267,17:21:07,20210509
6,2014-12-31,MPW,USD,2015-03-02,2015-03-02 17:28:01,FY,50522000,55162000.0,0.0,9165000.0,58458000.0,-3856000.0,0.0,0.0,170444000,-17401000.0,150443000,0.0,-768000000.0,-13126000,0.0,-1517000.0,-850023000,-100266000.0,138173000.0,0.0,-144365000,-6604000.0,802563000.0,-4421000.0,98562000.0,144541000.0,45979000.0,150443000,-67684000.0,150443000,https://www.sec.gov/Archives/edgar/data/1287865/000119312515073689/0001193125-15-073689-index.htm,https://www.sec.gov/Archives/edgar/data/1287865/000119312515073689/d825221d10k.htm,1620595267,17:21:07,20210509
7,2013-12-31,MPW,USD,2014-03-03,2014-03-03 17:30:35,FY,96991000,38818000.0,0.0,8832000.0,25244000.0,-13211000.0,0.0,0.0,111986000,-13550000.0,140801000,0.0,-655000000.0,-52115000,0.0,3503000.0,-712577000,-11249000.0,313331000.0,0.0,-120309000,-6529000.0,579824000.0,620000.0,8668000.0,45979000.0,37311000.0,140801000,-9043000.0,140801000,https://www.sec.gov/Archives/edgar/data/1287865/000119312514080657/0001193125-14-080657-index.htm,https://www.sec.gov/Archives/edgar/data/1287865/000119312514080657/d630681d10k.htm,1620595267,17:21:07,20210509
8,2012-12-31,MPW,USD,2013-02-22,2013-02-22 16:57:10,FY,89900000,35593000.0,0.0,7637000.0,-5407000.0,-17261000.0,0.0,0.0,86742000,-7418000.0,105309000,0.0,-621000000.0,-31908000,0.0,9638000.0,-617128000,-232000.0,233048000.0,0.0,-103952000,-17860000.0,446404000.0,0.0,-65415000.0,37311000.0,102726000.0,105309000,26632000.0,105309000,https://www.sec.gov/Archives/edgar/data/1287865/000119312513071643/0001193125-13-071643-index.htm,https://www.sec.gov/Archives/edgar/data/1287865/000119312513071643/d446455d10k.htm,1620595267,17:21:07,20210509
9,2011-12-31,MPW,USD,2012-02-29,2012-02-29 16:44:19,FY,26536000,35477000.0,0.0,6983000.0,-2236000.0,0.0,0.0,0.0,92149000,-5520000.0,79270000,-269510000.0,-279000000.0,-41530000,0.0,4289000.0,-265621000,-246262000.0,0.0,0.0,-89601000,-21689000.0,190669000.0,0.0,4318000.0,102726000.0,98408000.0,79270000,-269510000.0,-190240000,https://www.sec.gov/Archives/edgar/data/1287865/000119312512089355/0001193125-12-089355-index.htm,https://www.sec.gov/Archives/edgar/data/1287865/000119312512089355/d267169d10k.htm,1620595267,17:21:07,20210509
10,2010-12-31,MPW,USD,2011-02-28,2011-02-25 17:45:17,FY,22913000,26312000.0,0.0,6616000.0,76291000.0,0.0,0.0,0.0,94385000,-16679000.0,60637000,-144446000.0,-138000000.0,-20928000,0.0,90486000.0,22781000,-353965000.0,288066000.0,0.0,-77087000,-5831000.0,-317000.0,0.0,83101000.0,98408000.0,15307000.0,60637000,-144446000.0,-83809000,https://www.sec.gov/Archives/edgar/data/1287865/000095012311018950/0000950123-11-018950-index.htm,https://www.sec.gov/Archives/edgar/data/1287865/000095012311018950/g25672e10vk.htm,1620595267,17:21:07,20210509
11,2009-12-31,MPW,USD,2010-02-12,2010-02-12 16:53:01,FY,36330000,26309000.0,0.0,5488000.0,-97242000.0,0.0,0.0,0.0,18094000,-902000.0,62751000,-421000.0,0.0,-23243000,4305000.0,-7777000.0,-12136000,-57032000.0,68003000.0,0.0,-61649000,232000.0,-47056000.0,0.0,3559000.0,15307000.0,11748000.0,62751000,-421000.0,62330000,https://www.sec.gov/Archives/edgar/data/1287865/000095012310012354/0000950123-10-012354-index.htm,https://www.sec.gov/Archives/edgar/data/1287865/000095012310012354/g21808e10vk.htm,1620595267,17:21:07,20210509
12,2008-12-31,MPW,USD,2009-03-13,2009-03-13 17:28:23,FY,34487000,26535000.0,0.0,6385000.0,79120866.0,0.0,0.0,0.0,115336000,-2827000.0,69917000,-430710000.0,0.0,-95567000,0.0,67655000.0,-368663000,-267900000.0,128331000.0,0.0,-65098000,-3109000.0,216279000.0,0.0,-82467000.0,11748000.0,94215000.0,69917000,-430710000.0,-360793000,https://www.sec.gov/Archives/edgar/data/1287865/000095014409002209/0000950144-09-002209-index.htm,https://www.sec.gov/Archives/edgar/data/1287865/000095014409002209/g17977e10vk.htm,1620595267,17:21:07,20210509
13,2007-12-31,MPW,USD,2008-03-14,2008-03-13 21:52:31,FY,41239639,13172548.0,0.0,0.0,-4102783884866.0,2974229.0,0.0,-6754157.0,36215134,-13802642.0,36829617,-212980850.0,0.0,-130297234,0.0,74894311.0,-200180732,-427556088.0,135809396.0,-262343.0,-53078830,39365344.0,253463376.0,0.0,90112261.0,94215134.0,4102873.0,36829617,-212980850.0,-176151233,https://www.sec.gov/Archives/edgar/data/1287865/000095014408001915/0000950144-08-001915-index.htm,https://www.sec.gov/Archives/edgar/data/1287865/000095014408001915/g12255e10vk.htm,1620595267,17:21:07,20210509
14,2006-12-31,MPW,USD,2007-03-16,2007-03-15 21:58:22,FY,30159698,8318303.0,0.0,0.0,4102835220137.0,-2693111.0,0.0,6035331.0,4102820100000,-805650.0,42083341,-235770706.0,0.0,-68733148,0.0,0.0,-296861522,-118607528.0,0.0,0.0,-36105732,-7649968.0,199765222.0,0.0,-55012959.0,4102873.0,59115832.0,42083341,-235770706.0,-193687365,https://www.sec.gov/Archives/edgar/data/1287865/000095014407002280/0000950144-07-002280-index.htm,https://www.sec.gov/Archives/edgar/data/1287865/000095014407002280/g06021e10vk.htm,1620595267,17:21:07,20210509
15,2005-12-31,MPW,USD,2006-03-31,2006-03-31 13:08:26,FY,19640347,4567675.0,0.0,0.0,3495913.0,-2799202.0,0.0,6295115.0,-15120137,-4334920.0,24301264,-97813601.0,0.0,-45999178,0.0,-70887885.0,-214700664,-60645833.0,125347302.0,-75000.0,-16730414,-398842.0,151971555.0,0.0,-38427845.0,59115832.0,97543677.0,24301264,-97813601.0,-73512337,https://www.sec.gov/Archives/edgar/data/1287865/000095014406003009/0000950144-06-003009-index.htm,https://www.sec.gov/Archives/edgar/data/1287865/000095014406003009/g00476e10vk.htm,1620595267,17:21:07,20210509
