,date,symbol,reportedCurrency,fillingDate,acceptedDate,period,netIncome,depreciationAndAmortization,deferredIncomeTax,stockBasedCompensation,changeInWorkingCapital,accountsReceivables,inventory,accountsPayables,otherWorkingCapital,otherNonCashItems,netCashProvidedByOperatingActivities,investmentsInPropertyPlantAndEquipment,acquisitionsNet,purchasesOfInvestments,salesMaturitiesOfInvestments,otherInvestingActivites,netCashUsedForInvestingActivites,debtRepayment,commonStockIssued,commonStockRepurchased,dividendsPaid,otherFinancingActivites,netCashUsedProvidedByFinancingActivities,effectOfForexChangesOnCash,netChangeInCash,cashAtEndOfPeriod,cashAtBeginningOfPeriod,operatingCashFlow,capitalExpenditure,freeCashFlow,link,finalLink,timestamp,est_time,est_date
0,2020-04-30,AXR,USD,2020-07-27,2020-07-24 18:56:03,FY,-5903000.0,537000.0,-1798000.0,113000.0,37000.0,0.0,2390000.0,161000.0,63803000.0,65000.0,765000.0,0.0,0.0,0.0,0.0,0.0,-9000.0,-2057000.0,0.0,0.0,0.0,-95000.0,2510000.0,0.0,3266000.0,17502000.0,14236000.0,765000.0,-9000.0,756000.0,https://www.sec.gov/Archives/edgar/data/6207/000110465920086542/0001104659-20-086542-index.htm,https://www.sec.gov/Archives/edgar/data/6207/000110465920086542/tm2024144d1_10k.htm,1620589036,15:37:16,20210509
1,2019-04-30,AXR,USD,2019-07-26,2019-07-26 17:19:40,FY,1527000.0,606000.0,-299000.0,231000.0,2007000.0,0.0,1110000.0,196000.0,63766000.0,25000.0,592000.0,0.0,0.0,0.0,0.0,85000.0,152000.0,-3624000.0,0.0,0.0,0.0,-46000.0,-549000.0,0.0,195000.0,14236000.0,14041000.0,592000.0,-8000.0,584000.0,https://www.sec.gov/Archives/edgar/data/6207/000114420419036278/tv525138_10k.htm,https://www.sec.gov/Archives/edgar/data/6207/000114420419036278/tv525138_10k.htm,1620589036,15:37:16,20210509
2,2018-04-30,AXR,USD,2018-07-20 00:00:00,2018-07-20 16:21:54,FY,238000.0,1246000.0,3896000.0,187000.0,2768000.0,0.0,-2783000.0,1180000.0,61759000.0,-1877000.0,531000.0,0.0,0.0,0.0,0.0,0.0,-139000.0,0.0,0.0,0.0,0.0,-49000.0,1838000.0,0.0,2230000.0,14041000.0,11811000.0,531000.0,-139000.0,392000.0,https://www.sec.gov/Archives/edgar/data/6207/000114420418039152/0001144204-18-039152-index.html,https://www.sec.gov/Archives/edgar/data/6207/000114420418039152/tv497791_10k.htm,1620589036,15:37:16,20210509
3,2017-04-30,AXR,USD,2017-07-18 00:00:00,2017-07-18 16:26:16,FY,-15000.0,1396000.0,0.0,117000.0,-6782000.0,0.0,6033000.0,-1418000.0,58991000.0,-36000.0,10437000.0,0.0,0.0,0.0,0.0,0.0,-249000.0,-13279000.0,0.0,0.0,0.0,0.0,-12939000.0,0.0,-2751000.0,11811000.0,14562000.0,10437000.0,-249000.0,10188000.0,https://www.sec.gov/Archives/edgar/data/6207/000114420417037145/0001144204-17-037145-index.html,https://www.sec.gov/Archives/edgar/data/6207/000114420417037145/v469924_10k.htm,1620589036,15:37:16,20210509
4,2016-04-30,AXR,USD,2016-07-29 00:00:00,2016-07-29 16:47:33,FY,-10224000.0,2977000.0,0.0,68000.0,-8060000.0,0.0,7079000.0,-1831000.0,65773000.0,0.0,3467000.0,0.0,0.0,0.0,0.0,3600000.0,2802000.0,-5706000.0,0.0,0.0,0.0,0.0,-3757000.0,0.0,2512000.0,14562000.0,12050000.0,3467000.0,-798000.0,2669000.0,https://www.sec.gov/Archives/edgar/data/6207/000114420416115345/0001144204-16-115345-index.html,https://www.sec.gov/Archives/edgar/data/6207/000114420416115345/v443569_10k.htm,1620589036,15:37:16,20210509
5,2015-04-30,AXR,USD,2015-07-29 00:00:00,2015-07-29 16:31:11,FY,11320000.0,3264000.0,0.0,122000.0,22601000.0,0.0,3660000.0,-2155000.0,73833000.0,0.0,9962000.0,0.0,0.0,0.0,0.0,0.0,-1127000.0,-1455000.0,0.0,0.0,0.0,0.0,-4356000.0,0.0,4479000.0,12050000.0,7571000.0,9962000.0,-1127000.0,8835000.0,https://www.sec.gov/Archives/edgar/data/6207/000114420415044862/0001144204-15-044862-index.html,https://www.sec.gov/Archives/edgar/data/6207/000114420415044862/v414827_10k.htm,1620589036,15:37:16,20210509
6,2014-04-30,AXR,USD,2014-07-29 00:00:00,2014-07-29 17:15:13,FY,-2939000.0,3730000.0,0.0,47000.0,15416000.0,0.0,2573000.0,-10703000.0,51232000.0,0.0,-6572000.0,0.0,0.0,0.0,0.0,428000.0,-983000.0,-28471000.0,7144000.0,0.0,0.0,0.0,6770000.0,0.0,-785000.0,12929000.0,13714000.0,-6572000.0,-1411000.0,-7983000.0,https://www.sec.gov/Archives/edgar/data/6207/000114420414045520/0001144204-14-045520-index.html,https://www.sec.gov/Archives/edgar/data/6207/000114420414045520/v383619_10k.htm,1620589036,15:37:16,20210509
7,2013-04-30,AXR,USD,2013-07-16 00:00:00,2013-07-16 08:15:50,FY,-2838000.0,3762000.0,0.0,0.0,-551000.0,0.0,370000.0,-1706000.0,35816000.0,1511000.0,-11614000.0,0.0,-1000000.0,0.0,0.0,0.0,-2172000.0,-21566000.0,0.0,0.0,0.0,0.0,-347000.0,0.0,-14133000.0,13714000.0,27847000.0,-11614000.0,-1049000.0,-12663000.0,https://www.sec.gov/Archives/edgar/data/6207/000000620713000031/0000006207-13-000031-index.html,https://www.sec.gov/Archives/edgar/data/6207/000000620713000031/axr10k2013.htm,1620589036,15:37:16,20210509
8,2012-04-30,AXR,USD,2012-07-26 00:00:00,2012-07-26 16:36:24,FY,-1143000.0,4979000.0,0.0,0.0,1536000.0,0.0,-396000.0,0.0,36367000.0,0.0,5812000.0,0.0,0.0,0.0,0.0,12000.0,-1061000.0,-16163000.0,0.0,0.0,0.0,0.0,-2660000.0,0.0,2091000.0,27847000.0,25756000.0,5812000.0,-1073000.0,4739000.0,https://www.sec.gov/Archives/edgar/data/6207/000000620712000009/0000006207-12-000009-index.html,https://www.sec.gov/Archives/edgar/data/6207/000000620712000009/axr10k2012.htm,1620589036,15:37:16,20210509
9,2011-04-30,AXR,USD,2011-07-21 00:00:00,2011-07-21 10:07:25,FY,-7561000.0,5899000.0,0.0,0.0,-11422000.0,0.0,86000.0,0.0,34831000.0,447000.0,5901000.0,-1012000.0,0.0,0.0,0.0,5000.0,-1007000.0,-56460000.0,0.0,0.0,0.0,0.0,-4669000.0,0.0,225000.0,25756000.0,25531000.0,5901000.0,-1012000.0,4889000.0,https://www.sec.gov/Archives/edgar/data/6207/000000620711000010/0000006207-11-000010-index.html,https://www.sec.gov/Archives/edgar/data/6207/000000620711000010/axr10k2011.htm,1620589036,15:37:16,20210509
10,2010-04-30,AXR,USD,2010-07-21 00:00:00,2010-07-21 16:49:00,FY,-9480000.0,11554000.0,0.0,0.0,14319000.0,0.0,166000.0,0.0,46253000.0,385000.0,8679000.0,-2884000.0,0.0,0.0,0.0,0.0,-2884000.0,-36264000.0,0.0,0.0,0.0,0.0,-9282000.0,0.0,-3487000.0,25531000.0,29018000.0,8679000.0,-2884000.0,5795000.0,https://www.sec.gov/Archives/edgar/data/6207/000000620710000005/0000006207-10-000005-index.html,https://www.sec.gov/Archives/edgar/data/6207/000000620710000005/axr10k2010.htm,1620589036,15:37:16,20210509
11,2009-04-30,AXR,USD,2009-07-14 00:00:00,2009-07-14 16:51:04,FY,-43466000.0,10159000.0,0.0,0.0,-25423000.0,0.0,-4313000.0,0.0,31934000.0,6923000.0,-2527000.0,-5212000.0,-3000000.0,0.0,0.0,0.0,-8287000.0,-46927000.0,0.0,0.0,0.0,0.0,7224000.0,0.0,-3590000.0,29018000.0,32608000.0,-2527000.0,-5212000.0,-7739000.0,https://www.sec.gov/Archives/edgar/data/6207/000000620709000003/0000006207-09-000003-index.html,https://www.sec.gov/Archives/edgar/data/6207/000000620709000003/axr10k09.htm,1620589036,15:37:16,20210509
12,2008-04-30,AXR,USD,2008-07-14 00:00:00,2008-07-14 16:48:45,FY,13705000.0,10524000.0,1614000.0,0.0,-11010000.0,0.0,-19696000.0,0.0,57357000.0,-1643000.0,26251000.0,-5169000.0,0.0,-1208000.0,0.0,0.0,-1433000.0,0.0,0.0,-21363000.0,-6630000.0,0.0,-34312000.0,0.0,-9494000.0,32608000.0,42102000.0,26251000.0,-5169000.0,21082000.0,https://www.sec.gov/Archives/edgar/data/6207/000000620708000013/0000006207-08-000013-index.html,https://www.sec.gov/Archives/edgar/data/6207/000000620708000013/axr10k08.htm,1620589036,15:37:16,20210509
13,2007-04-30,AXR,USD,2007-07-16 00:00:00,2007-07-16 16:21:08,FY,45106000.0,7319000.0,3267000.0,0.0,-28984000.0,0.0,1064000.0,0.0,68367000.0,138000.0,68689000.0,-1797000.0,-96000000.0,-2870000.0,0.0,0.0,-94130000.0,0.0,27000.0,0.0,-5648000.0,0.0,20661000.0,0.0,-4780000.0,42102000.0,46882000.0,68689000.0,-1797000.0,66892000.0,https://www.sec.gov/Archives/edgar/data/6207/000000620707000013/0000006207-07-000013-index.html,https://www.sec.gov/Archives/edgar/data/6207/000000620707000013/axr10k07.htm,1620589036,15:37:16,20210509
14,2006-04-30,AXR,USD,2006-04-30,2006-04-30,FY,26050000.0,5568000.0,1764000.0,0.0,11864000.0,0.0,6942000.0,0.0,97351000.0,337000.0,41846000.0,-3896000.0,0.0,0.0,0.0,0.0,161000.0,0.0,40000.0,0.0,-26870000.0,0.0,-32868000.0,0.0,9139000.0,46882000.0,37743000.0,41846000.0,-3896000.0,37950000.0,,,1620589036,15:37:16,20210509
15,2005-04-30,AXR,USD,2005-08-03,2005-08-03 15:47:49,FY,15525000.0,5343000.0,1333000.0,0.0,5970000.0,0.0,-1258000.0,0.0,85487000.0,0.0,11924000.0,-4945000.0,0.0,0.0,0.0,7000000.0,2145000.0,0.0,103000.0,0.0,-2645000.0,0.0,-3131000.0,0.0,10938000.0,37743000.0,26805000.0,11924000.0,-4945000.0,6979000.0,https://www.sec.gov/Archives/edgar/data/6207/000000620705000019/0000006207-05-000019-index.htm,https://www.sec.gov/Archives/edgar/data/6207/000000620705000019/axr10ka05.txt,1620589036,15:37:16,20210509
16,2004-04-30,AXR,USD,2004-04-30,2004-04-30,FY,11677000.0,5015000.0,3542000.0,0.0,-283000.0,0.0,4863000.0,0.0,79517000.0,0.0,21447000.0,-3668000.0,0.0,0.0,0.0,0.0,-3668000.0,0.0,15000.0,0.0,-1648000.0,0.0,-7417000.0,0.0,10362000.0,26805000.0,16443000.0,21447000.0,-3668000.0,17779000.0,,,1620589036,15:37:16,20210509
17,2003-04-30,AXR,USD,2003-04-30,2003-04-30,FY,6273000.0,3071000.0,933000.0,0.0,-2469000.0,0.0,-788000.0,0.0,79800000.0,0.0,6939000.0,-1916000.0,0.0,0.0,0.0,0.0,-8092000.0,0.0,44000.0,0.0,0.0,0.0,1852000.0,0.0,699000.0,16443000.0,15744000.0,6939000.0,-1916000.0,5023000.0,,,1620589036,15:37:16,20210509
18,2002-04-30,AXR,USD,2002-07-29 00:00:00,2002-07-29 16:27:13,FY,3698000.0,2691000.0,2714000.0,0.0,-11058000.0,0.0,11051000.0,0.0,82269000.0,0.0,30343000.0,-2899000.0,0.0,0.0,0.0,0.0,-2899000.0,0.0,0.0,0.0,0.0,0.0,-27641000.0,0.0,-197000.0,15744000.0,15941000.0,30343000.0,-2899000.0,27444000.0,https://www.sec.gov/Archives/edgar/data/6207/000000620702000004/0000006207-02-000004-index.html,https://www.sec.gov/Archives/edgar/data/6207/000000620702000004/axr10k02.txt,1620589036,15:37:16,20210509
19,2001-04-30,AXR,USD,2001-07-30 00:00:00,2001-07-30 00:00:00,FY,2557000.0,3033000.0,-745000.0,0.0,-2827000.0,0.0,-2085000.0,0.0,93327000.0,-9000.0,11443000.0,-2045000.0,0.0,0.0,0.0,0.0,-1028000.0,0.0,5000.0,-4762000.0,0.0,0.0,-7408000.0,0.0,3007000.0,15941000.0,12934000.0,11443000.0,-2045000.0,9398000.0,https://www.sec.gov/Archives/edgar/data/6207/000000620701500003/0000006207-01-500003-index.html,https://www.sec.gov/Archives/edgar/data/6207/000000620701500003/axr10k01a.txt,1620589036,15:37:16,20210509
20,2000-04-30,AXR,USD,2000-04-30,2000-04-30,FY,1169000.0,4104000.0,1612000.0,0.0,-16246000.0,0.0,19164000.0,0.0,96154000.0,0.0,21657000.0,-2659000.0,0.0,0.0,0.0,873000.0,-1559000.0,0.0,0.0,-857000.0,0.0,0.0,-30717000.0,0.0,-10619000.0,12934000.0,23553000.0,21657000.0,-2659000.0,18998000.0,,,1620589036,15:37:16,20210509
21,1999-04-30,AXR,USD,1999-07-29 00:00:00,1999-07-29 00:00:00,FY,7500000.0,4800000.0,-1600000.0,0.0,-4500000.0,0.0,10200000.0,0.0,112400000.0,100000.0,15600000.0,-3300000.0,0.0,0.0,0.0,0.0,-3000000.0,0.0,0.0,0.0,0.0,0.0,-9600000.0,0.0,0.0,0.0,20500000.0,15600000.0,-3300000.0,12300000.0,https://www.sec.gov/Archives/edgar/data/6207/000000620799000004/0000006207-99-000004-index.html,https://www.sec.gov/Archives/edgar/data/6207/0000006207-99-000004.txt,1620589036,15:37:16,20210509
22,1998-04-30,AXR,USD,1998-07-29 00:00:00,1998-07-29 00:00:00,FY,8200000.0,3300000.0,-2500000.0,0.0,11600000.0,0.0,-7400000.0,0.0,116900000.0,0.0,2700000.0,-2000000.0,0.0,0.0,0.0,-2200000.0,-2800000.0,0.0,0.0,0.0,0.0,0.0,4400000.0,0.0,0.0,0.0,16200000.0,2700000.0,-2000000.0,700000.0,https://www.sec.gov/Archives/edgar/data/6207/000000620798000002/0000006207-98-000002-index.html,https://www.sec.gov/Archives/edgar/data/6207/0000006207-98-000002.txt,1620589036,15:37:16,20210509
23,1997-04-30,AXR,USD,1997-07-29 00:00:00,1997-07-29 00:00:00,FY,7300000.0,2700000.0,-20700000.0,0.0,17900000.0,0.0,-14300000.0,0.0,105300000.0,100000.0,-13000000.0,-3900000.0,0.0,0.0,0.0,0.0,-3900000.0,0.0,0.0,0.0,0.0,0.0,25400000.0,0.0,0.0,0.0,7600000.0,-13000000.0,-3900000.0,-16900000.0,https://www.sec.gov/Archives/edgar/data/6207/000000620797000003/0000006207-97-000003-index.html,https://www.sec.gov/Archives/edgar/data/6207/0000006207-97-000003.txt,1620589036,15:37:16,20210509
24,1996-04-30,AXR,USD,1996-07-29 00:00:00,1996-07-29 00:00:00,FY,2800000.0,2300000.0,-700000.0,0.0,-17800000.0,0.0,700000.0,0.0,87400000.0,0.0,10100000.0,-5400000.0,0.0,0.0,0.0,0.0,-4500000.0,0.0,0.0,0.0,0.0,100000.0,-7200000.0,0.0,0.0,0.0,9300000.0,10100000.0,-5400000.0,4700000.0,https://www.sec.gov/Archives/edgar/data/6207/000000620796000004/0000006207-96-000004-index.html,https://www.sec.gov/Archives/edgar/data/6207/0000006207-96-000004.txt,1620589036,15:37:16,20210509
25,1995-04-30,AXR,USD,1995-07-28 00:00:00,1995-07-28 00:00:00,FY,4000000.0,6700000.0,2400000.0,0.0,10500000.0,0.0,-1400000.0,0.0,105200000.0,0.0,6200000.0,-3100000.0,0.0,0.0,0.0,-1200000.0,-4300000.0,0.0,500000.0,0.0,0.0,0.0,700000.0,0.0,0.0,0.0,6600000.0,6200000.0,-3100000.0,3100000.0,https://www.sec.gov/Archives/edgar/data/6207/000000620795000008/0000006207-95-000008-index.html,https://www.sec.gov/Archives/edgar/data/6207/0000006207-95-000008.txt,1620589036,15:37:16,20210509
26,1994-04-30,AXR,USD,1994-07-29 00:00:00,1994-07-29 00:00:00,FY,2400000.0,5500000.0,1800000.0,0.0,-10900000.0,0.0,-20100000.0,0.0,94700000.0,-200000.0,-13400000.0,-1900000.0,0.0,0.0,0.0,400000.0,-1500000.0,0.0,900000.0,0.0,0.0,-100000.0,14600000.0,0.0,0.0,0.0,6900000.0,-13400000.0,-1900000.0,-15300000.0,https://www.sec.gov/Archives/edgar/data/6207/000000620794000003/0000006207-94-000003-index.html,https://www.sec.gov/Archives/edgar/data/6207/0000006207-94-000003.txt,1620589036,15:37:16,20210509
27,1993-04-30,AXR,USD,1993-04-30,1993-04-30,FY,0.0,1900000.0,1000000.0,0.0,3600000.0,0.0,700000.0,0.0,105600000.0,0.0,5400000.0,-1600000.0,0.0,0.0,0.0,300000.0,400000.0,0.0,0.0,0.0,0.0,0.0,-3700000.0,0.0,0.0,0.0,4700000.0,5400000.0,-1600000.0,3800000.0,,,1620589036,15:37:16,20210509
28,1992-04-30,AXR,USD,1992-04-30,1992-04-30,FY,-6800000.0,1900000.0,-3600000.0,0.0,3300000.0,0.0,-2200000.0,0.0,102000000.0,0.0,1100000.0,-2100000.0,0.0,0.0,0.0,0.0,-2100000.0,0.0,0.0,0.0,0.0,0.0,-4600000.0,0.0,0.0,0.0,10400000.0,1100000.0,-2100000.0,-1000000.0,,,1620589036,15:37:16,20210509
29,1991-04-30,AXR,USD,1991-04-30,1991-04-30,FY,-4300000.0,1500000.0,-700000.0,0.0,32500000.0,0.0,1900000.0,0.0,98700000.0,100000.0,-1300000.0,-6000000.0,0.0,0.0,0.0,200000.0,20600000.0,0.0,0.0,0.0,0.0,0.0,-12600000.0,0.0,0.0,0.0,3600000.0,-1300000.0,-6000000.0,-7300000.0,,,1620589036,15:37:16,20210509
30,1990-04-30,AXR,USD,1990-04-30,1990-04-30,FY,-2400000.0,2100000.0,-1200000.0,0.0,66200000.0,0.0,4300000.0,0.0,66200000.0,100000.0,-18500000.0,-8900000.0,0.0,0.0,0.0,-100000.0,-9000000.0,0.0,0.0,0.0,0.0,0.0,26800000.0,0.0,0.0,0.0,4300000.0,-18500000.0,-8900000.0,-27400000.0,,,1620589036,15:37:16,20210509
31,1987-04-30,AXR,USD,1987-04-30,1987-04-30,FY,6200000.0,0.0,0.0,0.0,0.0,0.0,0.0,0.0,0.0,0.0,0.0,0.0,0.0,0.0,0.0,0.0,0.0,0.0,0.0,0.0,0.0,0.0,0.0,0.0,0.0,0.0,0.0,0.0,0.0,0.0,,,1620589036,15:37:16,20210509
