,date,symbol,reportedCurrency,fillingDate,acceptedDate,period,netIncome,depreciationAndAmortization,deferredIncomeTax,stockBasedCompensation,changeInWorkingCapital,accountsReceivables,inventory,accountsPayables,otherWorkingCapital,otherNonCashItems,netCashProvidedByOperatingActivities,investmentsInPropertyPlantAndEquipment,acquisitionsNet,purchasesOfInvestments,salesMaturitiesOfInvestments,otherInvestingActivites,netCashUsedForInvestingActivites,debtRepayment,commonStockIssued,commonStockRepurchased,dividendsPaid,otherFinancingActivites,netCashUsedProvidedByFinancingActivities,effectOfForexChangesOnCash,netChangeInCash,cashAtEndOfPeriod,cashAtBeginningOfPeriod,operatingCashFlow,capitalExpenditure,freeCashFlow,link,finalLink,timestamp,est_time,est_date
0,2020-03-31,RVSB,USD,2020-06-17,2020-06-17 17:03:39,FY,15748000.0,2963000.0,-574000.0,346000.0,33889000.0,215000.0,0.0,0.0,-963335000.0,129000.0,15917000.0,-2953000.0,0.0,-18125000.0,53001000.0,2305000.0,-878000.0,-281517000.0,0.0,-1019000.0,-4075000.0,72000.0,3979000.0,0.0,19018000.0,41968000.0,22950000.0,15917000.0,81000.0,12964000.0,https://www.sec.gov/Archives/edgar/data/1041368/000093905720000265/0000939057-20-000265-index.htm,https://www.sec.gov/Archives/edgar/data/1041368/000093905720000265/riv10k33120.htm,1620597479,17:57:59,20210509
1,2019-03-31,RVSB,USD,2019-06-14 00:00:00,2019-06-14 14:37:01,FY,17266000.0,2718000.0,-11000.0,44000.0,10926000.0,-442000.0,0.0,0.0,-997224000.0,-909000.0,20154000.0,0.0,0.0,0.0,36526000.0,-1315000.0,-24971000.0,-270398000.0,0.0,0.0,-3163000.0,-6000.0,-17000000.0,0.0,-21817000.0,22950000.0,44767000.0,20154000.0,976000.0,19108000.0,https://www.sec.gov/Archives/edgar/data/1041368/000093905719000262/0000939057-19-000262-index.html,https://www.sec.gov/Archives/edgar/data/1041368/000093905719000262/riv10k33119.htm,1620597479,17:57:59,20210509
2,2018-03-31,RVSB,USD,2018-06-13 00:00:00,2018-06-13 17:16:06,FY,10242000.0,2917000.0,3668000.0,236000.0,-11865000.0,-536000.0,0.0,0.0,-1008150000.0,104000.0,11939000.0,0.0,0.0,-47494000.0,29541000.0,-91000.0,-45582000.0,-56003000.0,0.0,0.0,-2140000.0,-56000.0,13797000.0,0.0,-19846000.0,44767000.0,64613000.0,11939000.0,81000.0,11186000.0,https://www.sec.gov/Archives/edgar/data/1041368/000093905718000331/0000939057-18-000331-index.html,https://www.sec.gov/Archives/edgar/data/1041368/000093905718000331/riv10k33118.htm,1620597479,17:57:59,20210509
3,2017-03-31,RVSB,USD,2017-06-05 00:00:00,2017-06-05 17:25:15,FY,7404000.0,3436000.0,3103000.0,143000.0,-206010000.0,-291000.0,0.0,0.0,-996285000.0,-195000.0,18308000.0,0.0,0.0,-92418000.0,37054000.0,1115000.0,-76840000.0,-23221000.0,0.0,0.0,-1799000.0,84000.0,67745000.0,0.0,9213000.0,64613000.0,55400000.0,18308000.0,262000.0,17710000.0,https://www.sec.gov/Archives/edgar/data/1041368/000093905717000272/0000939057-17-000272-index.html,https://www.sec.gov/Archives/edgar/data/1041368/000093905717000272/riv10k33117.htm,1620597479,17:57:59,20210509
4,2016-03-31,RVSB,USD,2016-06-14 00:00:00,2016-06-14 14:02:09,FY,6358000.0,3294000.0,3175000.0,110000.0,-58007000.0,-245000.0,0.0,0.0,-790275000.0,445000.0,11078000.0,0.0,0.0,-60679000.0,21871000.0,4864000.0,-70661000.0,-4142000.0,0.0,0.0,-1261000.0,-1388000.0,56324000.0,0.0,-3259000.0,55400000.0,58659000.0,11078000.0,753000.0,10712000.0,https://www.sec.gov/Archives/edgar/data/1041368/000093905716000878/0000939057-16-000878-index.html,https://www.sec.gov/Archives/edgar/data/1041368/000093905716000878/k1033116.htm,1620597479,17:57:59,20210509
5,2015-03-31,RVSB,USD,2015-06-12 00:00:00,2015-06-12 16:36:25,FY,4491000.0,3283000.0,2140000.0,128000.0,-28468000.0,-303000.0,0.0,0.0,-732268000.0,154000.0,5562000.0,0.0,0.0,-2000000.0,9980000.0,-5680000.0,-46255000.0,-25535000.0,0.0,0.0,0.0,28000.0,30775000.0,0.0,-9918000.0,58659000.0,68577000.0,5562000.0,5493000.0,5098000.0,https://www.sec.gov/Archives/edgar/data/1041368/000093905715000314/0000939057-15-000314-index.html,https://www.sec.gov/Archives/edgar/data/1041368/000093905715000314/riv10k33115.htm,1620597479,17:57:59,20210509
6,2014-03-31,RVSB,USD,2014-06-13 00:00:00,2014-06-13 16:22:53,FY,19423000.0,1898000.0,-15100000.0,146000.0,-27900000.0,-89000.0,0.0,0.0,-703800000.0,-145000.0,6531000.0,0.0,0.0,-19948000.0,3847000.0,410000.0,-78380000.0,-3079000.0,0.0,0.0,0.0,-1170000.0,25011000.0,0.0,-46838000.0,68577000.0,115415000.0,6531000.0,7347000.0,5696000.0,https://www.sec.gov/Archives/edgar/data/1041368/000093905714000293/0000939057-14-000293-index.html,https://www.sec.gov/Archives/edgar/data/1041368/000093905714000293/k1033114.htm,1620597479,17:57:59,20210509
7,2013-03-31,RVSB,USD,2013-06-14 00:00:00,2013-06-14 16:39:43,FY,2633000.0,1877000.0,0.0,44000.0,81800000.0,411000.0,0.0,0.0,-675900000.0,-555000.0,11002000.0,0.0,0.0,-5000000.0,5850000.0,196000.0,138517000.0,-9073000.0,0.0,0.0,0.0,225000.0,-80497000.0,0.0,69022000.0,115415000.0,46393000.0,11002000.0,8098000.0,8789000.0,https://www.sec.gov/Archives/edgar/data/1041368/000093905713000246/0000939057-13-000246-index.html,https://www.sec.gov/Archives/edgar/data/1041368/000093905713000246/riv10k2013.htm,1620597479,17:57:59,20210509
8,2012-03-31,RVSB,USD,2012-06-15,2012-06-15 15:19:29,FY,-31657000.0,2012000.0,8536000.0,12000.0,-28100000.0,365000.0,0.0,0.0,-757700000.0,4224000.0,12002000.0,-2578000.0,0.0,-5000000.0,5405000.0,-26573000.0,-45352000.0,-5000000.0,0.0,0.0,0.0,-54000.0,27991000.0,0.0,-5359000.0,46393000.0,51752000.0,12002000.0,601000.0,9424000.0,https://www.sec.gov/Archives/edgar/data/1041368/000093905712000186/riv10k2012.htm,https://www.sec.gov/Archives/edgar/data/1041368/000093905712000186/riv10k2012.htm,1620597479,17:57:59,20210509
9,2011-03-31,RVSB,USD,2011-06-08 00:00:00,2011-06-08 17:27:36,FY,4315000.0,1926000.0,1841000.0,77000.0,1700000.0,0.0,0.0,0.0,-729600000.0,1045000.0,18132000.0,-1359000.0,0.0,-10000000.0,11290000.0,-14900000.0,5572000.0,-157493000.0,18769000.0,0.0,0.0,0.0,14461000.0,0.0,38165000.0,51752000.0,13587000.0,18132000.0,-1359000.0,16773000.0,https://www.sec.gov/Archives/edgar/data/1041368/000093905711000165/0000939057-11-000165-index.html,https://www.sec.gov/Archives/edgar/data/1041368/000093905711000165/riv10k-33111.htm,1620597479,17:57:59,20210509
10,2010-03-31,RVSB,USD,2010-05-28 00:00:00,2010-05-28 14:50:45,FY,-5444000.0,2227000.0,-3295000.0,112000.0,71700000.0,0.0,0.0,0.0,-731300000.0,4836000.0,9874000.0,-475000.0,0.0,-4988000.0,8092000.0,-47000.0,56355000.0,-1012450000.0,0.0,0.0,0.0,-40000.0,-71841000.0,0.0,-5612000.0,13587000.0,19199000.0,9874000.0,-475000.0,9399000.0,https://www.sec.gov/Archives/edgar/data/1041368/000093905710000161/0000939057-10-000161-index.html,https://www.sec.gov/Archives/edgar/data/1041368/000093905710000161/k33110.htm,1620597479,17:57:59,20210509
11,2009-03-31,RVSB,USD,2009-06-12 00:00:00,2009-06-12 16:43:35,FY,-2650000.0,2314000.0,-3653000.0,0.0,-31400000.0,0.0,0.0,0.0,-803000000.0,322000.0,13382000.0,-545000.0,0.0,-5536000.0,2218000.0,0.0,-61323000.0,-1291543000.0,0.0,0.0,-2402000.0,-26000.0,30701000.0,0.0,-17240000.0,19199000.0,36439000.0,13382000.0,-545000.0,12837000.0,https://www.sec.gov/Archives/edgar/data/1041368/000093905709000170/0000939057-09-000170-index.html,https://www.sec.gov/Archives/edgar/data/1041368/000093905709000170/k09.htm,1620597479,17:57:59,20210509
12,2008-03-31,RVSB,USD,2008-06-13 00:00:00,2008-06-13 15:30:16,FY,8644000.0,2193000.0,-395000.0,0.0,-58700000.0,0.0,0.0,0.0,-771600000.0,2719000.0,12553000.0,0.0,0.0,0.0,13229000.0,-76832000.0,-65232000.0,-308735000.0,0.0,0.0,-4740000.0,10000.0,57695000.0,0.0,5016000.0,36439000.0,31423000.0,12553000.0,-1629000.0,10924000.0,https://www.sec.gov/Archives/edgar/data/1041368/000093905708000207/0000939057-08-000207-index.html,https://www.sec.gov/Archives/edgar/data/1041368/000093905708000207/k08.htm,1620597479,17:57:59,20210509
13,2007-03-31,RVSB,USD,2007-06-13 00:00:00,2007-06-13 15:51:21,FY,11606000.0,2258000.0,-436000.0,0.0,-47900000.0,0.0,0.0,0.0,-712900000.0,1085000.0,13904000.0,0.0,0.0,0.0,7155000.0,-60704000.0,-57883000.0,-570432000.0,0.0,0.0,-4289000.0,106000.0,44056000.0,0.0,77000.0,31423000.0,31346000.0,13904000.0,-4334000.0,9570000.0,https://www.sec.gov/Archives/edgar/data/1041368/000093905707000209/0000939057-07-000209-index.html,https://www.sec.gov/Archives/edgar/data/1041368/000093905707000209/k07.txt,1620597479,17:57:59,20210509
14,2006-03-31,RVSB,USD,2006-03-31,2006-03-31,FY,9738000.0,1907000.0,-704000.0,0.0,-162000000.0,0.0,0.0,0.0,-665000000.0,3009000.0,15249000.0,0.0,-15000000.0,-4996000.0,9145000.0,-75941000.0,-94542000.0,-174010000.0,0.0,0.0,-3631000.0,44000.0,48920000.0,0.0,-30373000.0,31346000.0,61719000.0,15249000.0,-8087000.0,7162000.0,,,1620597479,17:57:59,20210509
15,2005-03-31,RVSB,USD,2005-06-14,2005-06-14 16:08:29,FY,6529000.0,1492000.0,285000.0,0.0,-503000000.0,0.0,0.0,0.0,-503000000.0,2019000.0,7565000.0,0.0,0.0,-10014000.0,17420000.0,-45356000.0,-39132000.0,0.0,0.0,0.0,-2904000.0,-16000.0,45379000.0,0.0,13812000.0,61719000.0,47907000.0,7565000.0,-1182000.0,6383000.0,https://www.sec.gov/Archives/edgar/data/1041368/000093905705000153/k05final.htm,https://www.sec.gov/Archives/edgar/data/1041368/000093905705000153/k05final.htm,1620597479,17:57:59,20210509
16,2004-03-31,RVSB,USD,2004-06-02 00:00:00,2004-06-02 16:38:55,FY,6554000.0,2157000.0,421000.0,0.0,0.0,0.0,0.0,0.0,0.0,2214000.0,10790000.0,0.0,0.0,-17734000.0,14722000.0,339000.0,-3526000.0,0.0,0.0,0.0,-2490000.0,40000.0,-20215000.0,0.0,-12951000.0,47907000.0,60858000.0,10790000.0,-853000.0,9937000.0,https://www.sec.gov/Archives/edgar/data/1041368/000093905704000176/0000939057-04-000176-index.html,https://www.sec.gov/Archives/edgar/data/1041368/000093905704000176/k04.txt,1620597479,17:57:59,20210509
17,2003-03-31,RVSB,USD,2003-06-04 00:00:00,2003-06-04 14:24:00,FY,4359000.0,2108000.0,-942000.0,0.0,0.0,0.0,0.0,0.0,0.0,2561000.0,8881000.0,0.0,0.0,-5000000.0,26330000.0,-13604000.0,7470000.0,-39500000.0,0.0,0.0,-2126000.0,54000.0,22015000.0,0.0,38366000.0,60858000.0,22492000.0,8881000.0,-256000.0,8625000.0,https://www.sec.gov/Archives/edgar/data/1041368/000093905703000158/0000939057-03-000158-index.html,https://www.sec.gov/Archives/edgar/data/1041368/000093905703000158/k031136.txt,1620597479,17:57:59,20210509
18,2002-03-31,RVSB,USD,2002-06-05 00:00:00,2002-06-05 15:07:46,FY,4868000.0,1667000.0,89000.0,0.0,0.0,0.0,0.0,0.0,0.0,1513000.0,6461000.0,0.0,0.0,-5510000.0,61717000.0,-31189000.0,22955000.0,-28300000.0,0.0,0.0,-2009000.0,15000.0,-45859000.0,0.0,-16443000.0,22492000.0,38935000.0,6461000.0,-2063000.0,4398000.0,https://www.sec.gov/Archives/edgar/data/1041368/000093905702000050/0000939057-02-000050-index.html,https://www.sec.gov/Archives/edgar/data/1041368/000093905702000050/k02-1136.htm,1620597479,17:57:59,20210509
19,2001-03-31,RVSB,USD,2001-03-31,2001-03-31,FY,3557000.0,1501000.0,-487000.0,0.0,0.0,0.0,0.0,0.0,0.0,1413000.0,5295000.0,0.0,0.0,-24150000.0,11401000.0,-47449000.0,-62705000.0,-145736000.0,0.0,0.0,-1860000.0,79000.0,80559000.0,0.0,23149000.0,38935000.0,15786000.0,5295000.0,-2507000.0,2788000.0,,,1620597479,17:57:59,20210509
20,2000-03-31,RVSB,USD,2000-03-31,2000-03-31,FY,3877000.0,1289000.0,15000.0,0.0,0.0,0.0,0.0,0.0,0.0,1729000.0,7264000.0,0.0,0.0,-1941000.0,21853000.0,-63493000.0,-47305000.0,-202864000.0,0.0,0.0,-1827000.0,0.0,38620000.0,0.0,-1421000.0,15786000.0,17207000.0,7264000.0,-3724000.0,3540000.0,,,1620597479,17:57:59,20210509
21,1999-03-31,RVSB,USD,1999-03-31,1999-03-31,FY,4500000.0,1200000.0,-300000.0,0.0,0.0,0.0,0.0,0.0,0.0,2400000.0,8000000.0,0.0,0.0,-57800000.0,43000000.0,-26300000.0,-43200000.0,-17000000.0,0.0,0.0,-1200000.0,0.0,24900000.0,0.0,0.0,0.0,27500000.0,8000000.0,-2100000.0,5900000.0,,,1620597479,17:57:59,20210509
22,1998-03-31,RVSB,USD,1998-03-31,1998-03-31,FY,3900000.0,700000.0,-100000.0,0.0,600000.0,0.0,0.0,0.0,0.0,-1300000.0,3600000.0,0.0,0.0,-50700000.0,34200000.0,-9900000.0,-27200000.0,-33400000.0,0.0,0.0,-300000.0,0.0,44200000.0,0.0,-100000.0,0.0,7000000.0,3600000.0,-800000.0,2800000.0,,,1620597479,17:57:59,20210509
