,date,symbol,reportedCurrency,fillingDate,acceptedDate,period,netIncome,depreciationAndAmortization,deferredIncomeTax,stockBasedCompensation,changeInWorkingCapital,accountsReceivables,inventory,accountsPayables,otherWorkingCapital,otherNonCashItems,netCashProvidedByOperatingActivities,investmentsInPropertyPlantAndEquipment,acquisitionsNet,purchasesOfInvestments,salesMaturitiesOfInvestments,otherInvestingActivites,netCashUsedForInvestingActivites,debtRepayment,commonStockIssued,commonStockRepurchased,dividendsPaid,otherFinancingActivites,netCashUsedProvidedByFinancingActivities,effectOfForexChangesOnCash,netChangeInCash,cashAtEndOfPeriod,cashAtBeginningOfPeriod,operatingCashFlow,capitalExpenditure,freeCashFlow,link,finalLink,timestamp,est_time,est_date
0,2020-12-31,PZN,USD,2021-03-10,2021-03-09 20:36:29,FY,8874000.0,1214000.0,3432000.0,13204000.0,25750000.0,-3637000.0,0.0,-8442000.0,72425000.0,-4690000.0,51329000,-43000.0,0.0,-25169000.0,50371000.0,-1011000.0,24148000.0,562000.0,0.0,-8302000.0,-9702000.0,-46577000.0,-62286000.0,0.0,13068000.0,66584000.0,53516000.0,51329000,-43000.0,51286000,https://www.sec.gov/Archives/edgar/data/1399249/000156459021011860/0001564590-21-011860-index.htm,https://www.sec.gov/Archives/edgar/data/1399249/000156459021011860/pzn-10k_20201231.htm,1620596965,17:49:25,20210509
1,2019-12-31,PZN,USD,2020-03-10,2020-03-09 21:41:48,FY,8462000.0,1039000.0,4200000.0,30093000.0,6421000.0,-297000.0,0.0,7434000.0,46675000.0,-1911000.0,78579000,-1222000.0,0.0,-27889000.0,27044000.0,2370000.0,303000.0,0.0,0.0,-7892000.0,-10556000.0,-46162000.0,-64493000.0,0.0,14389000.0,53516000.0,39127000.0,78579000,-1222000.0,77357000,https://www.sec.gov/Archives/edgar/data/1399249/000156459020009500/0001564590-20-009500-index.htm,https://www.sec.gov/Archives/edgar/data/1399249/000156459020009500/pzn-10k_20191231.htm,1620596965,17:49:25,20210509
2,2018-12-31,PZN,USD,2019-03-08,2019-03-08 17:03:17,FY,13794000.0,995000.0,4620000.0,9819000.0,-29031000.0,-59000.0,0.0,6430000.0,40254000.0,-7295000.0,87599000,-166000.0,0.0,-41603000.0,11191000.0,-2786000.0,-33364000.0,0.0,0.0,-8885000.0,-9137000.0,-66710000.0,-79539000.0,0.0,-25304000.0,39127000.0,64431000.0,87599000,-166000.0,87433000,https://www.sec.gov/Archives/edgar/data/1399249/000156459019007031/0001564590-19-007031-index.htm,https://www.sec.gov/Archives/edgar/data/1399249/000156459019007031/pzn-10k_20181231.htm,1620596965,17:49:25,20210509
3,2017-12-31,PZN,USD,2018-03-09,2018-03-09 17:29:08,FY,6908000.0,1024000.0,37269000.0,10182000.0,17545000.0,-6205000.0,0.0,2566000.0,69285000.0,-31086000.0,67730000,-324000.0,0.0,-869000.0,2180000.0,-445000.0,542000.0,0.0,0.0,-1864000.0,-6420000.0,-39929000.0,-48009000.0,0.0,19892000.0,63414000.0,43522000.0,67730000,-324000.0,67406000,https://www.sec.gov/Archives/edgar/data/1399249/000139924918000012/0001399249-18-000012-index.htm,https://www.sec.gov/Archives/edgar/data/1399249/000139924918000012/pzn-20171231x10k.htm,1620596965,17:49:25,20210509
4,2016-12-31,PZN,USD,2017-03-13,2017-03-10 17:34:05,FY,16179000.0,1058000.0,-56058000.0,6933000.0,-4304000.0,-4079000.0,0.0,14064000.0,51740000.0,46565000.0,58572000,-120000.0,0.0,-2159000.0,2428000.0,46000.0,195000.0,0.0,0.0,-3453000.0,-6283000.0,-41920000.0,-50360000.0,0.0,8105000.0,43522000.0,35417000.0,58572000,-120000.0,58452000,https://www.sec.gov/Archives/edgar/data/1399249/000139924917000010/0001399249-17-000010-index.htm,https://www.sec.gov/Archives/edgar/data/1399249/000139924917000010/pzn-20161231x10k.htm,1620596965,17:49:25,20210509
5,2015-12-31,PZN,USD,2016-03-14,2016-03-11 18:32:55,FY,7679000.0,789000.0,2910000.0,10379000.0,-3835000.0,691000.0,0.0,-214000.0,56044000.0,-5135000.0,57430000,-6348000.0,0.0,-8669000.0,9772000.0,-947000.0,-6192000.0,0.0,0.0,-7802000.0,-5490000.0,-43698000.0,-54930000.0,0.0,-3692000.0,35417000.0,39109000.0,57430000,-6348000.0,51082000,https://www.sec.gov/Archives/edgar/data/1399249/000139924916000071/0001399249-16-000071-index.htm,https://www.sec.gov/Archives/edgar/data/1399249/000139924916000071/pzn-20151231x10k.htm,1620596965,17:49:25,20210509
6,2014-12-31,PZN,USD,2015-03-16,2015-03-13 19:03:19,FY,8100000.0,224000.0,-1055000.0,8877000.0,6009000.0,1008000.0,0.0,-1660000.0,59879000.0,-11443000.0,55412000,-2161000.0,0.0,-2494000.0,2043000.0,12000.0,-2600000.0,0.0,0.0,-4397000.0,-4327000.0,-39248000.0,-47767000.0,0.0,5231000.0,39109000.0,33878000.0,55412000,-2161000.0,53251000,https://www.sec.gov/Archives/edgar/data/1399249/000139924915000010/0001399249-15-000010-index.htm,https://www.sec.gov/Archives/edgar/data/1399249/000139924915000010/pzn-20141231x10k.htm,1620596965,17:49:25,20210509
7,2013-12-31,PZN,USD,2014-03-12,2014-03-12 17:27:11,FY,6670000.0,178000.0,-1849000.0,5523000.0,9156000.0,-9321000.0,0.0,-48000.0,53870000.0,4241000.0,44457000,-234000.0,0.0,-1558000.0,78000.0,-36000.0,-1750000.0,0.0,0.0,-6141000.0,-2872000.0,-32390000.0,-41474000.0,0.0,1233000.0,33878000.0,32645000.0,44457000,-234000.0,44223000,https://www.sec.gov/Archives/edgar/data/1399249/000139924914000015/0001399249-14-000015-index.htm,https://www.sec.gov/Archives/edgar/data/1399249/000139924914000015/pzn-20131231x10k.htm,1620596965,17:49:25,20210509
8,2012-12-31,PZN,USD,2013-03-12,2013-03-12 17:14:02,FY,3840000.0,179000.0,-529000.0,2990000.0,11694000.0,63000.0,0.0,-2981000.0,44714000.0,-594000.0,31958000,-74000.0,0.0,-521000.0,544000.0,-16000.0,-67000.0,0.0,0.0,-936000.0,-2979000.0,-30101000.0,-34329000.0,0.0,-2438000.0,32645000.0,35083000.0,31958000,-74000.0,31884000,https://www.sec.gov/Archives/edgar/data/1399249/000114420413014631/0001144204-13-014631-index.htm,https://www.sec.gov/Archives/edgar/data/1399249/000114420413014631/v336889_10k.htm,1620596965,17:49:25,20210509
9,2011-12-31,PZN,USD,2012-03-14,2012-03-14 17:10:38,FY,3382000.0,406000.0,472000.0,5327000.0,-6228000.0,0.0,0.0,0.0,33020000.0,3444000.0,46138000,-157000.0,0.0,-1471000.0,1229000.0,-3000.0,-402000.0,0.0,0.0,0.0,-1193000.0,-25889000.0,-27082000.0,48000.0,18702000.0,35083000.0,16381000.0,46138000,-157000.0,45981000,https://www.sec.gov/Archives/edgar/data/1399249/000114420412014940/0001144204-12-014940-index.htm,https://www.sec.gov/Archives/edgar/data/1399249/000114420412014940/v304912_10k.htm,1620596965,17:49:25,20210509
10,2010-12-31,PZN,USD,2011-03-15,2011-03-15 17:15:29,FY,3811000.0,432000.0,-1914000.0,3933000.0,5371000.0,0.0,0.0,0.0,39248000.0,3312000.0,40045000,-70000.0,0.0,0.0,0.0,48000.0,-22000.0,-10000000.0,0.0,-2000.0,-33773000.0,4321000.0,-39454000.0,0.0,473000.0,16381000.0,15908000.0,40045000,-70000.0,39975000,https://www.sec.gov/Archives/edgar/data/1399249/000104746911002171/0001047469-11-002171-index.htm,https://www.sec.gov/Archives/edgar/data/1399249/000104746911002171/a2202511z10-k.htm,1620596965,17:49:25,20210509
11,2009-12-31,PZN,USD,2010-03-12,2010-03-12 17:23:46,FY,3369000.0,472000.0,-3377000.0,280000.0,-21509000.0,0.0,0.0,0.0,33877000.0,6659000.0,29971000,-49000.0,0.0,0.0,0.0,26000.0,-23000.0,-28000000.0,0.0,0.0,-13540000.0,322000.0,-41218000.0,0.0,-11513000.0,15908000.0,27421000.0,29971000,-49000.0,29922000,https://www.sec.gov/Archives/edgar/data/1399249/000104746910002155/0001047469-10-002155-index.htm,https://www.sec.gov/Archives/edgar/data/1399249/000104746910002155/a2197134z10-k.htm,1620596965,17:49:25,20210509
12,2008-12-31,PZN,USD,2009-03-13,2009-03-13 16:58:41,FY,-3697000.0,501000.0,64592000.0,0.0,-82426000.0,0.0,0.0,0.0,55386000.0,-14926000.0,64831000,-86000.0,0.0,0.0,0.0,3000.0,-83000.0,0.0,0.0,0.0,-2324000.0,-40187000.0,-64511000.0,0.0,237000.0,27421000.0,27184000.0,64831000,-86000.0,64745000,https://www.sec.gov/Archives/edgar/data/1399249/000104746909002662/0001047469-09-002662-index.htm,https://www.sec.gov/Archives/edgar/data/1399249/000104746909002662/a2191426z10-k.htm,1620596965,17:49:25,20210509
13,2007-12-31,PZN,USD,2008-03-31,2008-03-31 06:08:14,FY,733000.0,368000.0,196000.0,0.0,137812000.0,0.0,0.0,0.0,137812000.0,81268000.0,80941000,-1656000.0,0.0,0.0,0.0,251000.0,-1405000.0,0.0,102523000.0,-98914000.0,-138398000.0,-423000.0,-75212000.0,0.0,4324000.0,27184000.0,22860000.0,80941000,-1656000.0,79285000,https://www.sec.gov/Archives/edgar/data/1399249/000104746908003706/0001047469-08-003706-index.htm,https://www.sec.gov/Archives/edgar/data/1399249/000104746908003706/a2184052z10-k.htm,1620596965,17:49:25,20210509
14,2006-12-31,PZN,USD,2006-12-31,2006-12-31,FY,-715457000.0,292000.0,398000.0,0.0,0.0,0.0,0.0,0.0,0.0,734987000.0,16393000,-273000.0,0.0,-8079000.0,0.0,10877000.0,2525000.0,0.0,0.0,0.0,0.0,6591000.0,6591000.0,0.0,25509000.0,30920000.0,5411000.0,16393000,-273000.0,16120000,,,1620596965,17:49:25,20210509
15,2005-12-31,PZN,USD,2005-12-31,2005-12-31,FY,-28669000.0,175000.0,233000.0,0.0,-12058000.0,0.0,0.0,0.0,0.0,29058000.0,-11261000,-1720000.0,0.0,-2546000.0,0.0,4669000.0,403000.0,0.0,0.0,0.0,0.0,10895000.0,10895000.0,0.0,37000.0,4969000.0,4932000.0,-11261000,-1720000.0,-12981000,,,1620596965,17:49:25,20210509
