,date,symbol,reportedCurrency,fillingDate,acceptedDate,period,netIncome,depreciationAndAmortization,deferredIncomeTax,stockBasedCompensation,changeInWorkingCapital,accountsReceivables,inventory,accountsPayables,otherWorkingCapital,otherNonCashItems,netCashProvidedByOperatingActivities,investmentsInPropertyPlantAndEquipment,acquisitionsNet,purchasesOfInvestments,salesMaturitiesOfInvestments,otherInvestingActivites,netCashUsedForInvestingActivites,debtRepayment,commonStockIssued,commonStockRepurchased,dividendsPaid,otherFinancingActivites,netCashUsedProvidedByFinancingActivities,effectOfForexChangesOnCash,netChangeInCash,cashAtEndOfPeriod,cashAtBeginningOfPeriod,operatingCashFlow,capitalExpenditure,freeCashFlow,link,finalLink,timestamp,est_time,est_date
0,2020-06-27,MXIM,USD,2020-08-19,2020-08-19 16:06:33,FY,654694000,108533000,8994000.0,95431000.0,-303838000,-44762000.0,-13114000.0,-7647000.0,1864495000,107975000.0,800855000,-67049000.0,-69270000.0,-1960000.0,104286000.0,0.0,-32049000,98211000.0,0.0,-415558000.0,-517162000.0,0.0,-940720000.0,0.0,-171914000.0,1585428000.0,1757342000,800855000,-67049000.0,733806000,https://www.sec.gov/Archives/edgar/data/743316/000074331620000025/0000743316-20-000025-index.htm,https://www.sec.gov/Archives/edgar/data/743316/000074331620000025/maxim10-kfy2020.htm,1620595453,17:24:13,20210509
1,2019-06-29,MXIM,USD,2019-08-21 00:00:00,2019-08-21 17:25:03,FY,827486000,110745000,13957000.0,86977000.0,-244681000,21090000.0,36003000.0,-10272000.0,2168333000,90941000.0,875840000,-82823000.0,-2949000.0,-542327000.0,1130514000.0,1485010000.0,856911000,98104000.0,0.0,-504265000.0,-505576000.0,-474166000.0,-1518893000.0,0.0,213858000.0,1757342000.0,1543484000,875840000,-82823000.0,793017000,https://www.sec.gov/Archives/edgar/data/743316/000074331619000024/0000743316-19-000024-index.html,https://www.sec.gov/Archives/edgar/data/743316/000074331619000024/maxim10-kfy2019.htm,1620595453,17:24:13,20210509
2,2018-06-30,MXIM,USD,2018-08-17 00:00:00,2018-08-17 16:28:11,FY,467318000,144974000,27715000.0,78685000.0,-613583000,0.0,-32776000.0,9560000.0,2413014000,0.0,819464000,-65782000.0,-58000000.0,-1452874000.0,860540000.0,0.0,-710066000,0.0,0.0,-407968000.0,-438087000.0,0.0,-812035000.0,0.0,-702637000.0,1543484000.0,2246121000,819464000,-65782000.0,753682000,https://www.sec.gov/Archives/edgar/data/743316/000074331618000031/0000743316-18-000031-index.html,https://www.sec.gov/Archives/edgar/data/743316/000074331618000031/maxim10-kfy2018.htm,1620595453,17:24:13,20210509
3,2017-06-24,MXIM,USD,2017-08-11 00:00:00,2017-08-11 16:26:13,FY,571613000,164292000,-7895000.0,71117000.0,828952000,78000.0,-21215000.0,-6205000.0,3026597000,69044000.0,773657000,-51421000.0,42000000.0,-254624000.0,75000000.0,-19351000.0,-325396000,76243000.0,0.0,-179710000.0,-373971000.0,318401000.0,-307369000.0,0.0,140892000.0,2246121000.0,2105229000,773657000,-51421000.0,722236000,https://www.sec.gov/Archives/edgar/data/743316/000074331617000028/0000743316-17-000028-index.html,https://www.sec.gov/Archives/edgar/data/743316/000074331617000028/maxim10-kfy2017.htm,1620595453,17:24:13,20210509
4,2016-06-25,MXIM,USD,2016-08-12,2016-08-12 16:49:52,FY,227475000,244637000,-48138000.0,69701000.0,261419000,22313000.0,44086000.0,-3676000.0,2197645000,198620000.0,721885000,-69369000.0,105000000.0,-247569000.0,50000000.0,379660000.0,62722000,43898000.0,0.0,-147587000.0,-342023000.0,348766000.0,-230343000.0,0.0,554264000.0,2105229000.0,1550965000,721885000,-69369000.0,652516000,https://www.sec.gov/Archives/edgar/data/743316/000074331616000081/maxim10-kfy2016.htm,https://www.sec.gov/Archives/edgar/data/743316/000074331616000081/maxim10-kfy2016.htm,1620595453,17:24:13,20210509
5,2015-06-27,MXIM,USD,2015-08-18 00:00:00,2015-08-17 19:18:45,FY,206038000,299396000,-72507000.0,79491000.0,248126000,16984000.0,2163000.0,-4201000.0,1936226000,199781000.0,693706000,-75816000.0,36000000.0,-195288000.0,0.0,235031000.0,-36073000,40500000.0,-27793000.0,-123343000.0,-317909000.0,111650000.0,-429140000.0,0.0,228493000.0,1550993000.0,1322500000,693706000,-75816000.0,617890000,https://www.sec.gov/Archives/edgar/data/743316/000074331615000029/0000743316-15-000029-index.html,https://www.sec.gov/Archives/edgar/data/743316/000074331615000029/maxim10-kfy2015.htm,1620595453,17:24:13,20210509
6,2014-06-28,MXIM,USD,2014-08-18 00:00:00,2014-08-15 18:42:51,FY,354800000,244600000,-32200000.0,85452000.0,153100000,13340000.0,20672000.0,-11255000.0,1688100000,97900000.0,776100000,-132523000.0,-459256000.0,-305314000.0,27000000.0,287654000.0,-609400000,-6455000.0,-31384000.0,-224300000.0,-294200000.0,611691000.0,-19200000.0,0.0,147500000.0,1322500000.0,1175000000,776100000,-132523000.0,643600000,https://www.sec.gov/Archives/edgar/data/743316/000074331614000032/0000743316-14-000032-index.html,https://www.sec.gov/Archives/edgar/data/743316/000074331614000032/maxim10-kfy2014.htm,1620595453,17:24:13,20210509
7,2013-06-29,MXIM,USD,2013-08-13 00:00:00,2013-08-12 21:43:00,FY,454900000,207100000,25400000.0,83808000.0,591023000,32023000.0,-35245000.0,-32510000.0,1535000000,101000000.0,817900000,-216672000.0,-2767000.0,-375135000.0,50000000.0,455202000.0,-139400000,19080000.0,-29042000.0,-332800000.0,-280200000.0,299755000.0,-384600000.0,0.0,293900000.0,1175000000.0,881100000,817900000,-216672000.0,601200000,https://www.sec.gov/Archives/edgar/data/743316/000074331613000039/0000743316-13-000039-index.html,https://www.sec.gov/Archives/edgar/data/743316/000074331613000039/maxim10-kfy2013.htm,1620595453,17:24:13,20210509
8,2012-06-30,MXIM,USD,2012-08-17 00:00:00,2012-08-17 16:08:20,FY,386727000,211096000,30759000.0,89867000.0,-369623000,0.0,-432000.0,25515000.0,943977000,0.0,756722000,-264348000.0,-112000000.0,-25108000.0,0.0,0.0,-384765000,-20806000.0,54029000.0,-246412000.0,-257731000.0,17482000.0,-453438000.0,0.0,-81481000.0,881060000.0,962541000,756722000,-264348000.0,492374000,https://www.sec.gov/Archives/edgar/data/743316/000074331612000022/0000743316-12-000022-index.html,https://www.sec.gov/Archives/edgar/data/743316/000074331612000022/maxim10-k063012.htm,1620595453,17:24:13,20210509
9,2011-06-25,MXIM,USD,2011-08-08 00:00:00,2011-08-05 20:58:22,FY,489000000,205100000,140100000.0,94297000.0,139500000,43256000.0,-29435000.0,-4746000.0,1313600000,124900000.0,861500000,-175253000.0,-80918000.0,-231012000.0,0.0,208849000.0,-278300000,-15529000.0,24830000.0,-206200000.0,-249100000.0,8236000.0,-447100000.0,0.0,136000000.0,962500000.0,826500000,861500000,-175253000.0,686200000,https://www.sec.gov/Archives/edgar/data/743316/000144530511002404/0001445305-11-002404-index.html,https://www.sec.gov/Archives/edgar/data/743316/000144530511002404/maxim10-k062511.htm,1620595453,17:24:13,20210509
10,2010-06-26,MXIM,USD,2010-08-19 00:00:00,2010-08-18 20:46:35,FY,125100000,167500000,29100000.0,93525000.0,-142100000,-124258000.0,22681000.0,41191000.0,1174100000,79500000.0,491000000,-123901000.0,-317000000.0,0.0,0.0,0.0,-241600000,217140000.0,0.0,-195600000.0,-243800000.0,0.0,-132100000.0,0.0,117200000.0,826500000.0,709300000,491000000,-123901000.0,367100000,https://www.sec.gov/Archives/edgar/data/743316/000144530510000890/0001445305-10-000890-index.html,https://www.sec.gov/Archives/edgar/data/743316/000144530510000890/maxim10k062610.htm,1620595453,17:24:13,20210509
11,2009-06-27,MXIM,USD,2009-08-26 00:00:00,2009-08-26 16:46:23,FY,10500000,205400000,202400000.0,196108000.0,-311200000,65288000.0,49124000.0,-5988000.0,1316200000,35800000.0,445800000,-135429000.0,-61000000.0,-5524000.0,8426000.0,0.0,-191700000,21650000.0,0.0,-255700000.0,-248500000.0,0.0,-557800000.0,0.0,-303800000.0,709300000.0,1013100000,445800000,-135429000.0,310400000,https://www.sec.gov/Archives/edgar/data/743316/000113626109000263/0001136261-09-000263-index.html,https://www.sec.gov/Archives/edgar/data/743316/000113626109000263/form10k.htm,1620595453,17:24:13,20210509
12,2008-06-28,MXIM,USD,2008-09-30,2008-09-30 16:25:26,FY,317700000,161900000,-14600000.0,189720000.0,11731000,-27031000.0,-9287000.0,-13383000.0,1627400000,174800000.0,519400000,-9578000.0,-64000000.0,-316182000.0,835764000.0,0.0,265100000,0.0,0.0,0.0,-240400000.0,0.0,-348500000.0,0.0,436100000.0,1013200000.0,577100000,519400000,-9578000.0,303500000,https://www.sec.gov/Archives/edgar/data/743316/000119312508203957/d10k.htm,https://www.sec.gov/Archives/edgar/data/743316/000119312508203957/d10k.htm,1620595453,17:24:13,20210509
13,2007-06-30,MXIM,USD,2008-09-30,2008-09-30 16:19:23,FY,286227000,104643000,-103526000.0,0.0,57969000,0.0,-54242000.0,0.0,1615669000,370056000.0,616559000,-401740000.0,0.0,-779652000.0,987789000.0,-11665000.0,-202934000,0.0,25675000.0,-60767000.0,-200129000.0,-27016000.0,-258890000.0,0.0,154735000.0,577068000.0,422333000,616559000,-401740000.0,214819000,https://www.sec.gov/Archives/edgar/data/743316/000119312508203947/d10k.htm,https://www.sec.gov/Archives/edgar/data/743316/000119312508203947/d10k.htm,1620595453,17:24:13,20210509
14,2006-06-24,MXIM,USD,2008-09-30,2008-09-30 16:13:32,FY,116100000,90300000,-58900000.0,117000000.0,-130900000,4813000.0,-49994000.0,-37590000.0,1557700000,240400000.0,619100000,-132445000.0,0.0,-1150968000.0,808885000.0,0.0,157600000,93622000.0,0.0,-431600000.0,-153000000.0,0.0,-539900000.0,0.0,236800000.0,422400000.0,185600000,619100000,-132445000.0,417900000,https://www.sec.gov/Archives/edgar/data/743316/000119312508203936/d10k.htm,https://www.sec.gov/Archives/edgar/data/743316/000119312508203936/d10k.htm,1620595453,17:24:13,20210509
15,2005-06-25,MXIM,USD,2005-09-08,2005-09-08 16:43:21,FY,540800000,76800000,45500000.0,117000000.0,429200000,4813000.0,-49994000.0,-37590000.0,1688600000,117000000.0,699100000,-132445000.0,0.0,-1150968000.0,808885000.0,0.0,-474800000,0.0,0.0,-62500000.0,-123900000.0,0.0,-186400000.0,0.0,37800000.0,185500000.0,147700000,699100000,-132445000.0,566700000,https://www.sec.gov/Archives/edgar/data/743316/000119312505182318/d10k.htm,https://www.sec.gov/Archives/edgar/data/743316/000119312505182318/d10k.htm,1620595453,17:24:13,20210509
16,2004-06-26,MXIM,USD,2004-09-09,2004-09-09 16:11:58,FY,419800000,61900000,23500000.0,152500000.0,-89300000,-70398000.0,3407000.0,51815000.0,1259400000,152500000.0,695500000,-231618000.0,0.0,-1002154000.0,994296000.0,0.0,-236600000,0.0,0.0,-417400000.0,-104600000.0,0.0,-522000000.0,0.0,-63100000.0,147700000.0,210800000,695500000,-231618000.0,463900000,https://www.sec.gov/Archives/edgar/data/743316/000120677404001379/mi909762.htm,https://www.sec.gov/Archives/edgar/data/743316/000120677404001379/mi909762.htm,1620595453,17:24:13,20210509
17,2003-06-28,MXIM,USD,2003-09-22,2003-09-19 19:22:27,FY,309600000,60300000,48400000.0,0.0,342000000,3052000.0,18014000.0,-3243000.0,1348700000,0.0,581800000,-84060000.0,0.0,-1620085000.0,1259990000.0,0.0,-448600000,0.0,0.0,-70300000.0,-25900000.0,0.0,-96200000.0,0.0,37000000.0,210800000.0,173800000,581800000,-84060000.0,497700000,https://www.sec.gov/Archives/edgar/data/743316/000120677403000728/d13285.htm,https://www.sec.gov/Archives/edgar/data/743316/000120677403000728/d13285.htm,1620595453,17:24:13,20210509
18,2002-06-29,MXIM,USD,2002-09-25 00:00:00,2002-09-25 12:36:26,FY,259200000,56300000,6400000.0,0.0,-367015000,22676000.0,23450000.0,-55637000.0,1006700000,0.0,403800000,-90374000.0,0.0,-1298660000.0,1829588000.0,0.0,431000000,0.0,0.0,-754700000.0,0.0,0.0,-754700000.0,0.0,80000000.0,173800000.0,93800000,403800000,-90374000.0,313400000,https://www.sec.gov/Archives/edgar/data/743316/000089161802004425/0000891618-02-004425-index.html,https://www.sec.gov/Archives/edgar/data/743316/000089161802004425/f84464e10vk.htm,1620595453,17:24:13,20210509
19,2001-06-30,MXIM,USD,2001-09-24 00:00:00,2001-09-24 00:00:00,FY,334939000,90861000,27385000.0,0.0,650815000,0.0,-27939000.0,0.0,1373715000,0.0,809648000,-336545000.0,0.0,-1352264000.0,1037978000.0,-4845000.0,-655676000,0.0,114269000.0,-250685000.0,-5977000.0,0.0,-142393000.0,0.0,11579000.0,93796000.0,82217000,809648000,-336545000.0,473103000,https://www.sec.gov/Archives/edgar/data/743316/000109581101505061/0001095811-01-505061-index.html,https://www.sec.gov/Archives/edgar/data/743316/000109581101505061/f75694e10-k.txt,1620595453,17:24:13,20210509
20,2000-06-24,MXIM,USD,2000-09-22 00:00:00,2000-09-22 00:00:00,FY,280600000,19700000,-18400000.0,0.0,114900000,-67900000.0,-13300000.0,-14000000.0,722900000,35200000.0,483800000,-176100000.0,0.0,0.0,0.0,0.0,-287200000,0.0,0.0,-177700000.0,0.0,0.0,-177700000.0,0.0,18900000.0,53000000.0,34100000,483800000,-176100000.0,307700000,https://www.sec.gov/Archives/edgar/data/743316/000109581100003529/0001095811-00-003529-index.html,https://www.sec.gov/Archives/edgar/data/743316/000109581100003529/f65666e10-k.txt,1620595453,17:24:13,20210509
21,1999-06-26,MXIM,USD,1999-06-26,1999-06-26,FY,196100000,17600000,600000.0,0.0,230300000,22600000.0,-600000.0,-5100000.0,608000000,2700000.0,306200000,-54300000.0,0.0,0.0,0.0,0.0,-226000000,0.0,0.0,-62900000.0,0.0,0.0,-62900000.0,0.0,17400000.0,34100000.0,16700000,306200000,-54300000.0,251900000,,,1620595453,17:24:13,20210509
22,1998-06-27,MXIM,USD,1998-09-24 00:00:00,1998-09-24 00:00:00,FY,178100000,15100000,-10300000.0,0.0,85914000,-10300000.0,-7900000.0,-10000000.0,377700000,12300000.0,295500000,-109400000.0,0.0,0.0,0.0,0.0,-211400000,0.0,0.0,-85900000.0,0.0,0.0,-85900000.0,0.0,-1800000.0,16800000.0,18600000,295500000,-109400000.0,186100000,https://www.sec.gov/Archives/edgar/data/743316/000089161898004296/0000891618-98-004296-index.html,https://www.sec.gov/Archives/edgar/data/743316/0000891618-98-004296.txt,1620595453,17:24:13,20210509
23,1997-06-30,MXIM,USD,1997-09-29 00:00:00,1997-09-29 00:00:00,FY,136974000,17013000,775000.0,0.0,115604000,0.0,-6362000.0,0.0,291786000,0.0,187080000,-44187000.0,0.0,-263750000.0,127329000.0,1304000.0,-179304000,0.0,31208000.0,-80705000.0,0.0,0.0,-49497000.0,0.0,-41721000.0,18562000.0,60283000,187080000,-44187000.0,142893000,https://www.sec.gov/Archives/edgar/data/743316/000089161897003933/0000891618-97-003933-index.html,https://www.sec.gov/Archives/edgar/data/743316/0000891618-97-003933.txt,1620595453,17:24:13,20210509
24,1996-06-30,MXIM,USD,1996-09-27 00:00:00,1996-09-27 00:00:00,FY,123345000,12899000,-5579000.0,0.0,80182000,0.0,-11366000.0,0.0,176182000,0.0,119539000,-75061000.0,0.0,-137882000.0,106241000.0,211000.0,-106491000,0.0,19680000.0,-27371000.0,0.0,0.0,-7731000.0,0.0,5317000.0,60283000.0,54966000,119539000,-75061000.0,44478000,https://www.sec.gov/Archives/edgar/data/743316/000095014996001484/0000950149-96-001484-index.html,https://www.sec.gov/Archives/edgar/data/743316/0000950149-96-001484.txt,1620595453,17:24:13,20210509
25,1995-06-30,MXIM,USD,1995-06-30,1995-06-30,FY,38900000,11600000,700000.0,0.0,17600000,0.0,-8700000.0,0.0,96000000,100000.0,86900000,-35600000.0,0.0,-16900000.0,0.0,-5200000.0,-57700000,0.0,9800000.0,-11900000.0,0.0,-100000.0,-2300000.0,0.0,0.0,0.0,28000000,86900000,-35600000.0,51300000,,,1620595453,17:24:13,20210509
