,date,symbol,reportedCurrency,fillingDate,acceptedDate,period,netIncome,depreciationAndAmortization,deferredIncomeTax,stockBasedCompensation,changeInWorkingCapital,accountsReceivables,inventory,accountsPayables,otherWorkingCapital,otherNonCashItems,netCashProvidedByOperatingActivities,investmentsInPropertyPlantAndEquipment,acquisitionsNet,purchasesOfInvestments,salesMaturitiesOfInvestments,otherInvestingActivites,netCashUsedForInvestingActivites,debtRepayment,commonStockIssued,commonStockRepurchased,dividendsPaid,otherFinancingActivites,netCashUsedProvidedByFinancingActivities,effectOfForexChangesOnCash,netChangeInCash,cashAtEndOfPeriod,cashAtBeginningOfPeriod,operatingCashFlow,capitalExpenditure,freeCashFlow,link,finalLink,timestamp,est_time,est_date
0,2021-01-31,QADB,USD,2021-01-31,2021-01-31,FY,11065000.0,12710000.0,-218000.0,14192000.0,-8051000.0,-848000.0,0.0,589000.0,-3083000.0,1543000.0,32872000.0,-1933000.0,0.0,0.0,0.0,2000.0,-15906000.0,-624000.0,0.0,0.0,-5780000.0,-6233000.0,-12637000.0,1455000.0,5784000.0,142501000,136717000,32872000.0,-3201000.0,29671000.0,,,1620596969,17:49:29,20210509
1,2020-01-31,QADB,USD,2020-04-14,2020-04-13 18:22:15,FY,-15949000.0,12376000.0,9682000.0,11354000.0,-8740000.0,-924000.0,0.0,151000.0,69610000.0,4514000.0,16997000.0,-5671000.0,0.0,-1200000.0,2400000.0,2000.0,-5712000.0,-530000.0,0.0,0.0,-5617000.0,-6128000.0,-12275000.0,-1706000.0,-2696000.0,136717000,139413000,16997000.0,-5671000.0,10083000.0,https://www.sec.gov/Archives/edgar/data/1036188/000143774920007629/0001437749-20-007629-index.htm,https://www.sec.gov/Archives/edgar/data/1036188/000143774920007629/qada20200131_10k.htm,1620596969,17:49:29,20210509
2,2019-01-31,QADB,USD,2019-04-16,2019-04-16 14:24:53,FY,10428000.0,5517000.0,-1453000.0,10122000.0,7390000.0,-1515000.0,0.0,-4369000.0,78350000.0,4176000.0,19007000.0,-5407000.0,-3000000.0,-1200000.0,0.0,4000.0,-9258000.0,-468000.0,0.0,0.0,-5479000.0,-8744000.0,-14691000.0,-2668000.0,-7610000.0,139413000,147023000,19007000.0,-5407000.0,13600000.0,https://www.sec.gov/Archives/edgar/data/1036188/000143774919007282/0001437749-19-007282-index.htm,https://www.sec.gov/Archives/edgar/data/1036188/000143774919007282/qada20190131_10k.htm,1620596969,17:49:29,20210509
3,2018-01-31,QADB,USD,2018-04-16,2018-04-13 19:53:08,FY,-9065000.0,5772000.0,-476000.0,8924000.0,-9391000.0,-12562000.0,0.0,2821000.0,70960000.0,0.0,10418000.0,-4739000.0,0.0,0.0,0.0,70000.0,-4669000.0,-445000.0,0.0,0.0,-5367000.0,-3353000.0,-9165000.0,5357000.0,1941000.0,147023000,145082000,10418000.0,-4739000.0,5679000.0,https://www.sec.gov/Archives/edgar/data/1036188/000143774918006885/0001437749-18-006885-index.htm,https://www.sec.gov/Archives/edgar/data/1036188/000143774918006885/qada20180131_10k.htm,1620596969,17:49:29,20210509
4,2017-01-31,QADB,USD,2017-04-07,2017-04-07 16:59:00,FY,-15450000.0,6046000.0,14826000.0,7323000.0,-6440000.0,-4141000.0,0.0,646000.0,80351000.0,0.0,18680000.0,-3413000.0,0.0,0.0,0.0,7000.0,-3406000.0,-434000.0,0.0,0.0,-5301000.0,-2079000.0,-7814000.0,-109000.0,7351000.0,145082000,137731000,18680000.0,-3413000.0,15267000.0,https://www.sec.gov/Archives/edgar/data/1036188/000143774917006306/0001437749-17-006306-index.htm,https://www.sec.gov/Archives/edgar/data/1036188/000143774917006306/qada20170131_10k.htm,1620596969,17:49:29,20210509
5,2016-01-31,QADB,USD,2016-04-15,2016-04-14 21:34:35,FY,8912000.0,5785000.0,-590000.0,7440000.0,15030000.0,10804000.0,0.0,-1441000.0,86791000.0,0.0,23278000.0,-3361000.0,0.0,0.0,0.0,13000.0,-3348000.0,-406000.0,8365000.0,0.0,-5235000.0,-2432000.0,292000.0,-3017000.0,17205000.0,137731000,120526000,23278000.0,-3361000.0,19917000.0,https://www.sec.gov/Archives/edgar/data/1036188/000156761916002175/0001567619-16-002175-index.htm,https://www.sec.gov/Archives/edgar/data/1036188/000156761916002175/h10035677x1_10k.htm,1620596969,17:49:29,20210509
6,2015-01-31,QADB,USD,2015-04-13,2015-04-10 18:17:44,FY,12946000.0,5759000.0,-905000.0,4993000.0,51117000.0,-11236000.0,0.0,2568000.0,71761000.0,42000.0,23697000.0,-4888000.0,0.0,0.0,0.0,9000.0,-4879000.0,-388000.0,37046000.0,0.0,-4452000.0,-2762000.0,29444000.0,-3720000.0,44542000.0,120526000,75984000,23697000.0,-4888000.0,18809000.0,https://www.sec.gov/Archives/edgar/data/1036188/000114036115015118/0001140361-15-015118-index.htm,https://www.sec.gov/Archives/edgar/data/1036188/000114036115015118/form10k.htm,1620596969,17:49:29,20210509
7,2014-01-31,QADB,USD,2014-04-14,2014-04-11 21:38:57,FY,6386000.0,6069000.0,623000.0,4680000.0,10368000.0,-1247000.0,0.0,-1260000.0,20644000.0,-279000.0,24140000.0,-5145000.0,0.0,0.0,0.0,33000.0,-5112000.0,-372000.0,0.0,-686000.0,-5304000.0,-1214000.0,-7576000.0,-477000.0,10975000.0,75984000,65009000,24140000.0,-5145000.0,18995000.0,https://www.sec.gov/Archives/edgar/data/1036188/000114036114016579/0001140361-14-016579-index.htm,https://www.sec.gov/Archives/edgar/data/1036188/000114036114016579/form10k.htm,1620596969,17:49:29,20210509
8,2013-01-31,QADB,USD,2013-04-15,2013-04-12 20:01:25,FY,6639000.0,4989000.0,233000.0,4608000.0,-12601000.0,-6767000.0,0.0,2142000.0,10276000.0,0.0,16039000.0,-3563000.0,-8000000.0,0.0,0.0,-1000.0,-11381000.0,-312000.0,0.0,-7530000.0,-8076000.0,-723000.0,-16641000.0,65000.0,-11918000.0,65009000,76927000,16039000.0,-3563000.0,12476000.0,https://www.sec.gov/Archives/edgar/data/1036188/000114036113016410/0001140361-13-016410-index.htm,https://www.sec.gov/Archives/edgar/data/1036188/000114036113016410/form10k.htm,1620596969,17:49:29,20210509
9,2012-01-31,QADB,USD,2012-04-05,2012-04-04 21:25:20,FY,10784000.0,4721000.0,735000.0,4507000.0,9125000.0,-428000.0,0.0,-229000.0,22877000.0,-308000.0,21448000.0,-4066000.0,0.0,0.0,0.0,-81000.0,-4147000.0,-308000.0,0.0,-4319000.0,-2409000.0,-689000.0,-7725000.0,75000.0,9651000.0,76927000,67276000,21448000.0,-4066000.0,17382000.0,https://www.sec.gov/Archives/edgar/data/1036188/000114036112019472/0001140361-12-019472-index.htm,https://www.sec.gov/Archives/edgar/data/1036188/000114036112019472/form10k.htm,1620596969,17:49:29,20210509
10,2011-01-31,QADB,USD,2011-04-15,2011-04-14 21:43:02,FY,2711000.0,6960000.0,-1488000.0,5303000.0,9574000.0,-4792000.0,0.0,2069000.0,13752000.0,-320000.0,25902000.0,-1916000.0,0.0,0.0,0.0,-6000.0,-1922000.0,-287000.0,439000.0,0.0,-2204000.0,-79000.0,-2131000.0,749000.0,22598000.0,67276000,44678000,25902000.0,-1916000.0,23986000.0,https://www.sec.gov/Archives/edgar/data/1036188/000114036111022131/0001140361-11-022131-index.htm,https://www.sec.gov/Archives/edgar/data/1036188/000114036111022131/form10k.htm,1620596969,17:49:29,20210509
11,2010-01-31,QADB,USD,2010-04-15,2010-04-15 13:46:49,FY,1349000.0,9992000.0,-1344000.0,4592000.0,7201000.0,10447000.0,0.0,-2457000.0,4178000.0,277000.0,17696000.0,-1389000.0,0.0,0.0,0.0,0.0,-1357000.0,-2731000.0,97000.0,0.0,-1873000.0,0.0,-4507000.0,1379000.0,13211000.0,44678000,31467000,17696000.0,-1389000.0,16307000.0,https://www.sec.gov/Archives/edgar/data/1036188/000095012310035143/0000950123-10-035143-index.htm,https://www.sec.gov/Archives/edgar/data/1036188/000095012310035143/c99161e10vk.htm,1620596969,17:49:29,20210509
12,2009-01-31,QADB,USD,2009-04-14,2009-04-14 17:23:54,FY,-23095000.0,11134000.0,0.0,5516000.0,-11869000.0,7593000.0,0.0,1496000.0,-3023000.0,533000.0,7253000.0,-7232000.0,-7000000.0,0.0,275000.0,-894000.0,-14016000.0,-288000.0,583000.0,-2219000.0,-3067000.0,75000.0,-4448000.0,-2935000.0,-14146000.0,31467000,45613000,7253000.0,-7232000.0,21000.0,https://www.sec.gov/Archives/edgar/data/1036188/000136231009005308/0001362310-09-005308-index.htm,https://www.sec.gov/Archives/edgar/data/1036188/000136231009005308/c83836e10vk.htm,1620596969,17:49:29,20210509
13,2008-01-31,QADB,USD,2008-04-15,2008-04-15 06:01:55,FY,5416000.0,9417000.0,0.0,0.0,-6156000.0,0.0,0.0,0.0,8846000.0,6739000.0,15875000.0,-6593000.0,-5000000.0,0.0,0.0,1575000.0,-9663000.0,0.0,2910000.0,-18723000.0,-3188000.0,216000.0,-18413000.0,3622000.0,-8579000.0,45613000,54192000,15875000.0,-6593000.0,9282000.0,https://www.sec.gov/Archives/edgar/data/1036188/000136231008001959/0001362310-08-001959-index.htm,https://www.sec.gov/Archives/edgar/data/1036188/000136231008001959/c72959e10vk.htm,1620596969,17:49:29,20210509
14,2007-01-31,QADB,USD,2007-04-16,2007-04-16 16:33:23,FY,7633000.0,8187000.0,0.0,0.0,-5692000.0,0.0,0.0,0.0,15002000.0,6892000.0,18876000.0,-6141000.0,-9000000.0,0.0,0.0,-2612000.0,-16159000.0,0.0,1720000.0,-6008000.0,-3249000.0,586000.0,-7261000.0,-1235000.0,-5779000.0,54192000,59971000,18876000.0,-6141000.0,12735000.0,https://www.sec.gov/Archives/edgar/data/1036188/000095013407008249/0000950134-07-008249-index.htm,https://www.sec.gov/Archives/edgar/data/1036188/000095013407008249/a28525e10vk.htm,1620596969,17:49:29,20210509
15,2006-01-31,QADB,USD,2006-04-14,2006-04-14 16:05:59,FY,20742000.0,7320000.0,0.0,0.0,-6865000.0,0.0,0.0,0.0,20694000.0,0.0,28567000.0,-7225000.0,0.0,0.0,13000000.0,-4051000.0,1772000.0,0.0,2844000.0,-14800000.0,-3261000.0,0.0,-24330000.0,-1327000.0,4682000.0,59971000,55289000,28567000.0,-7225000.0,21342000.0,https://www.sec.gov/Archives/edgar/data/1036188/000095012906003982/0000950129-06-003982-index.htm,https://www.sec.gov/Archives/edgar/data/1036188/000095012906003982/a19509e10vk.htm,1620596969,17:49:29,20210509
16,2005-01-31,QADB,USD,2005-04-18,2005-04-18 14:18:55,FY,24483000.0,7541000.0,0.0,0.0,21581000.0,0.0,0.0,0.0,27559000.0,0.0,22980000.0,-10577000.0,-1000000.0,0.0,0.0,-1665000.0,-12979000.0,0.0,2843000.0,-5581000.0,-5121000.0,0.0,-2088000.0,592000.0,8505000.0,55289000,46784000,22980000.0,-10577000.0,12403000.0,https://www.sec.gov/Archives/edgar/data/1036188/000104746905010489/0001047469-05-010489-index.htm,https://www.sec.gov/Archives/edgar/data/1036188/000104746905010489/a2155730z10-k.htm,1620596969,17:49:29,20210509
17,2004-01-31,QADB,USD,2004-04-15,2004-04-15 17:27:30,FY,16317000.0,8082000.0,0.0,0.0,-839000.0,0.0,0.0,0.0,5978000.0,0.0,19840000.0,-17785000.0,0.0,0.0,0.0,87000.0,-14748000.0,0.0,9640000.0,-15239000.0,0.0,0.0,2864000.0,1640000.0,9596000.0,59784000,50188000,19840000.0,-17785000.0,2055000.0,https://www.sec.gov/Archives/edgar/data/1036188/000104746904012201/0001047469-04-012201-index.htm,https://www.sec.gov/Archives/edgar/data/1036188/000104746904012201/a2133272z10-k.htm,1620596969,17:49:29,20210509
18,2003-01-31,QADB,USD,2003-04-30,2003-04-30 17:26:36,FY,-5547000.0,10637000.0,0.0,0.0,-15835000.0,0.0,0.0,0.0,6817000.0,0.0,13441000.0,-9261000.0,0.0,0.0,0.0,-1301000.0,-9777000.0,0.0,882000.0,0.0,0.0,0.0,-6511000.0,2253000.0,-594000.0,50188000,50782000,13441000.0,-9261000.0,4180000.0,https://www.sec.gov/Archives/edgar/data/1036188/000104746903015788/0001047469-03-015788-index.htm,https://www.sec.gov/Archives/edgar/data/1036188/000104746903015788/a2109304z10-k.htm,1620596969,17:49:29,20210509
19,2002-01-31,QADB,USD,2002-04-30,2002-04-30 17:24:04,FY,-5313000.0,14766000.0,0.0,0.0,7992000.0,0.0,0.0,0.0,22652000.0,0.0,21503000.0,-3845000.0,0.0,0.0,0.0,-618000.0,-4463000.0,0.0,883000.0,0.0,0.0,0.0,-2361000.0,-397000.0,14282000.0,50782000,36500000,21503000.0,-3845000.0,17658000.0,https://www.sec.gov/Archives/edgar/data/1036188/000091205702017540/0000912057-02-017540-index.htm,https://www.sec.gov/Archives/edgar/data/1036188/000091205702017540/a2077377z10-k.htm,1620596969,17:49:29,20210509
