,date,symbol,reportedCurrency,fillingDate,acceptedDate,period,netIncome,depreciationAndAmortization,deferredIncomeTax,stockBasedCompensation,changeInWorkingCapital,accountsReceivables,inventory,accountsPayables,otherWorkingCapital,otherNonCashItems,netCashProvidedByOperatingActivities,investmentsInPropertyPlantAndEquipment,acquisitionsNet,purchasesOfInvestments,salesMaturitiesOfInvestments,otherInvestingActivites,netCashUsedForInvestingActivites,debtRepayment,commonStockIssued,commonStockRepurchased,dividendsPaid,otherFinancingActivites,netCashUsedProvidedByFinancingActivities,effectOfForexChangesOnCash,netChangeInCash,cashAtEndOfPeriod,cashAtBeginningOfPeriod,operatingCashFlow,capitalExpenditure,freeCashFlow,link,finalLink,timestamp,est_time,est_date
0,2020-12-31,NWBO,USD,2021-03-31,2021-03-31 16:54:43,FY,-529821000.0,87.0,0.0,52209.0,37627087.0,0.0,0.0,1702.0,-366913.0,0.0,-32093.0,0.0,-1532.0,0.0,0.0,0.0,-8142.0,0.0,26814.0,0.0,0.0,0.0,52696.0,-2850000.0,9611.0,9983.0,372.0,-32093.0,0.0,-32093.0,https://www.sec.gov/Archives/edgar/data/1072379/000110465921044832/0001104659-21-044832-index.htm,https://www.sec.gov/Archives/edgar/data/1072379/000110465921044832/nwbo-20201231x10k.htm,1620595935,17:32:15,20210509
1,2019-12-31,NWBO,USD,2020-03-16,2020-03-16 17:00:13,FY,-20296000.0,-301000.0,0.0,1822000.0,8048000.0,0.0,0.0,0.0,-37994000.0,1430000.0,-31859000.0,-360000.0,0.0,0.0,0.0,0.0,-360000.0,-6149000.0,6874000.0,0.0,0.0,0.0,9952000.0,415000.0,-21852000.0,372000.0,22224000.0,-31859000.0,-360000.0,-32219000.0,https://www.sec.gov/Archives/edgar/data/1072379/000110465920034145/0001104659-20-034145-index.htm,https://www.sec.gov/Archives/edgar/data/1072379/000110465920034145/tm205288-1_10k.htm,1620595935,17:32:15,20210509
2,2018-12-31,NWBO,USD,2019-04-02,2019-04-02 17:14:51,FY,-35794000.0,1291000.0,0.0,14286000.0,40239000.0,0.0,0.0,3566000.0,-46042000.0,6351000.0,-34586000.0,-193000.0,0.0,0.0,0.0,0.0,45402000.0,-18281000.0,1161000.0,0.0,0.0,100000.0,7871000.0,3420000.0,22107000.0,22224000.0,117000.0,-34586000.0,-193000.0,-34779000.0,https://www.sec.gov/Archives/edgar/data/1072379/000114420419017803/0001144204-19-017803-index.htm,https://www.sec.gov/Archives/edgar/data/1072379/000114420419017803/tv517288_10k.htm,1620595935,17:32:15,20210509
3,2017-12-31,NWBO,USD,2018-04-17,2018-04-17 17:08:47,FY,-73143000.0,439000.0,0.0,842000.0,-17760000.0,0.0,0.0,8205000.0,-86281000.0,10318000.0,-36495000.0,-8000.0,0.0,0.0,0.0,220000.0,212000.0,-5252000.0,11626000.0,0.0,0.0,-856000.0,34290000.0,-4761000.0,-6754000.0,117000.0,6871000.0,-36495000.0,-8000.0,-36503000.0,https://www.sec.gov/Archives/edgar/data/1072379/000114420418020971/0001144204-18-020971-index.htm,https://www.sec.gov/Archives/edgar/data/1072379/000114420418020971/tv491101_10k.htm,1620595935,17:32:15,20210509
4,2016-12-31,NWBO,USD,2017-04-17,2017-04-17 17:23:15,FY,-80214000.0,189000.0,0.0,127000.0,-27833000.0,0.0,0.0,0.0,-68521000.0,20184000.0,-55652000.0,-4939000.0,0.0,0.0,0.0,0.0,-4939000.0,0.0,26404000.0,0.0,0.0,-1077000.0,38308000.0,6106000.0,-16177000.0,6871000.0,23048000.0,-55652000.0,-4939000.0,-60591000.0,https://www.sec.gov/Archives/edgar/data/1072379/000114420417020754/0001144204-17-020754-index.htm,https://www.sec.gov/Archives/edgar/data/1072379/000114420417020754/v464066_10k.htm,1620595935,17:32:15,20210509
5,2015-12-31,NWBO,USD,2016-03-16,2016-03-15 21:19:10,FY,-114741000.0,56000.0,0.0,40765000.0,13550000.0,0.0,0.0,0.0,-40688000.0,4694000.0,-78608000.0,-6751000.0,0.0,0.0,0.0,0.0,-6751000.0,-1400000.0,81662000.0,0.0,0.0,149000.0,94238000.0,-456000.0,8423000.0,21813000.0,13390000.0,-78608000.0,-6751000.0,-85359000.0,https://www.sec.gov/Archives/edgar/data/1072379/000114420416088301/0001144204-16-088301-index.htm,https://www.sec.gov/Archives/edgar/data/1072379/000114420416088301/v433750_10k.htm,1620595935,17:32:15,20210509
6,2014-12-31,NWBO,USD,2015-03-17,2015-03-17 09:46:37,FY,-135634000.0,11000.0,0.0,21329000.0,-53195000.0,0.0,0.0,0.0,-54238000.0,1659000.0,-54576000.0,-33727000.0,0.0,0.0,0.0,-2625000.0,-36352000.0,-25000.0,58439000.0,0.0,0.0,-1902000.0,85819000.0,0.0,-5109000.0,13390000.0,18499000.0,-54576000.0,-33727000.0,-88303000.0,https://www.sec.gov/Archives/edgar/data/1072379/000114420415016579/0001144204-15-016579-index.htm,https://www.sec.gov/Archives/edgar/data/1072379/000114420415016579/v403266_10k.htm,1620595935,17:32:15,20210509
7,2013-12-31,NWBO,USD,2014-04-01,2014-04-01 17:14:27,FY,-65789000.0,11000.0,0.0,1350000.0,2243000.0,0.0,0.0,0.0,-1043000.0,2872000.0,-37800000.0,0.0,0.0,0.0,0.0,0.0,1000.0,-2104000.0,53026000.0,-240000.0,0.0,-3955000.0,48952000.0,0.0,11153000.0,18499000.0,7346000.0,-37800000.0,0.0,-37800000.0,https://www.sec.gov/Archives/edgar/data/1072379/000114420414020023/0001144204-14-020023-index.htm,https://www.sec.gov/Archives/edgar/data/1072379/000114420414020023/v371700_10k.htm,1620595935,17:32:15,20210509
8,2012-12-31,NWBO,USD,2013-04-08,2013-04-08 09:22:14,FY,-67320000.0,14000.0,0.0,3203000.0,47348000.0,0.0,0.0,0.0,-3286000.0,26317000.0,-22754000.0,-31000.0,0.0,0.0,0.0,0.0,-31000.0,-2193000.0,19159000.0,0.0,0.0,0.0,30147000.0,-40000.0,7322000.0,7346000.0,24000.0,-22754000.0,-31000.0,-22785000.0,https://www.sec.gov/Archives/edgar/data/1072379/000114420413020507/0001144204-13-020507-index.htm,https://www.sec.gov/Archives/edgar/data/1072379/000114420413020507/v338517_10k.htm,1620595935,17:32:15,20210509
9,2011-12-31,NWBO,USD,2012-04-13,2012-04-13 17:24:53,FY,-32830000.0,10000.0,0.0,8445000.0,-24749000.0,0.0,0.0,0.0,-50634000.0,-30591000.0,-14707000.0,-49000.0,0.0,0.0,0.0,0.0,-49000.0,-849000.0,0.0,0.0,0.0,0.0,14624000.0,3000.0,-129000.0,24000.0,153000.0,-14707000.0,-49000.0,-14756000.0,https://www.sec.gov/Archives/edgar/data/1072379/000114420412021574/0001144204-12-021574-index.htm,https://www.sec.gov/Archives/edgar/data/1072379/000114420412021574/v306928_10k.htm,1620595935,17:32:15,20210509
10,2010-12-31,NWBO,USD,2011-04-21,2011-04-21 17:00:15,FY,-27368000.0,2000.0,0.0,2004000.0,-6556000.0,0.0,0.0,0.0,-25885000.0,9232000.0,-6376000.0,-41000.0,0.0,0.0,0.0,0.0,-41000.0,-1451000.0,3838000.0,0.0,0.0,0.0,6609000.0,-104000.0,88000.0,153000.0,65000.0,-6376000.0,-41000.0,-6417000.0,https://www.sec.gov/Archives/edgar/data/1072379/000114420411023452/0001144204-11-023452-index.htm,https://www.sec.gov/Archives/edgar/data/1072379/000114420411023452/v218791_10k.htm,1620595935,17:32:15,20210509
11,2009-12-31,NWBO,USD,2010-04-15,2010-04-15 17:01:39,FY,-25271000.0,7000.0,0.0,2712000.0,-6623000.0,1000.0,0.0,0.0,-19329000.0,8616000.0,-4677000.0,-2000.0,0.0,0.0,0.0,0.0,-2000.0,0.0,1393000.0,0.0,0.0,0.0,4753000.0,-25000.0,49000.0,65000.0,16000.0,-4677000.0,-2000.0,-4679000.0,https://www.sec.gov/Archives/edgar/data/1072379/000114420410020547/0001144204-10-020547-index.htm,https://www.sec.gov/Archives/edgar/data/1072379/000114420410020547/v180988_10k.htm,1620595935,17:32:15,20210509
12,2008-12-31,NWBO,USD,2009-04-15,2009-04-15 16:31:49,FY,-22331000.0,390000.0,0.0,0.0,-18491000.0,0.0,0.0,0.0,-12706000.0,2993000.0,-15587000.0,-397000.0,0.0,0.0,0.0,0.0,-389000.0,0.0,1000.0,0.0,0.0,0.0,8151000.0,-20000.0,-7845000.0,16000.0,7861000.0,-15587000.0,-397000.0,-15984000.0,https://www.sec.gov/Archives/edgar/data/1072379/000114420409020743/0001144204-09-020743-index.htm,https://www.sec.gov/Archives/edgar/data/1072379/000114420409020743/v146005_10k.htm,1620595935,17:32:15,20210509
13,2007-12-31,NWBO,USD,2008-04-15,2008-04-15 17:26:21,FY,-21257000.0,5769000.0,0.0,0.0,11783000.0,0.0,0.0,0.0,5785000.0,3042000.0,-14601000.0,-24000.0,0.0,0.0,0.0,0.0,-24000.0,0.0,25886000.0,0.0,-1251000.0,0.0,22183000.0,-4000.0,7554000.0,7861000.0,307000.0,-14601000.0,-24000.0,-14625000.0,https://www.sec.gov/Archives/edgar/data/1072379/000089102008000094/0000891020-08-000094-index.htm,https://www.sec.gov/Archives/edgar/data/1072379/000089102008000094/v37359e10vk.htm,1620595935,17:32:15,20210509
14,2006-12-31,NWBO,USD,2007-04-17,2007-04-17 16:52:02,FY,-1395000.0,2025000.0,0.0,0.0,5504000.0,0.0,0.0,0.0,-5998000.0,-7108000.0,-6930000.0,0.0,0.0,0.0,0.0,0.0,17000.0,0.0,5091000.0,0.0,0.0,0.0,6868000.0,0.0,-45000.0,307000.0,352000.0,-6930000.0,0.0,-6930000.0,https://www.sec.gov/Archives/edgar/data/1072379/000089102007000098/0000891020-07-000098-index.htm,https://www.sec.gov/Archives/edgar/data/1072379/000089102007000098/v28720e10vk.htm,1620595935,17:32:15,20210509
15,2005-12-31,NWBO,USD,2006-04-18,2006-04-17 21:15:15,FY,-9937000.0,2971000.0,0.0,0.0,-6149000.0,0.0,0.0,0.0,-11502000.0,0.0,-4184000.0,-43000.0,0.0,0.0,0.0,-4000.0,50000.0,0.0,1280000.0,0.0,0.0,0.0,4238000.0,0.0,104000.0,352000.0,248000.0,-4184000.0,-43000.0,-4227000.0,https://www.sec.gov/Archives/edgar/data/1072379/000095012406001956/0000950124-06-001956-index.htm,https://www.sec.gov/Archives/edgar/data/1072379/000095012406001956/v16023e10vk.htm,1620595935,17:32:15,20210509
16,2004-12-31,NWBO,USD,2005-04-15,2005-04-15 16:16:54,FY,-8508000.0,1691000.0,0.0,0.0,-4961000.0,0.0,0.0,0.0,-5353000.0,0.0,-4425000.0,0.0,0.0,0.0,0.0,120000.0,161000.0,0.0,0.0,0.0,0.0,0.0,4257000.0,0.0,-7000.0,248000.0,255000.0,-4425000.0,0.0,-4425000.0,https://www.sec.gov/Archives/edgar/data/1072379/000095012405002442/0000950124-05-002442-index.htm,https://www.sec.gov/Archives/edgar/data/1072379/000095012405002442/v07515e10vk.htm,1620595935,17:32:15,20210509
17,2003-12-31,NWBO,USD,2004-05-14,2004-05-14 17:09:28,FY,-5752000.0,249000.0,0.0,0.0,-3858000.0,0.0,0.0,0.0,-392000.0,0.0,-4677000.0,-149000.0,0.0,0.0,1828000.0,771000.0,2545000.0,0.0,0.0,0.0,0.0,0.0,-152000.0,0.0,-2284000.0,255000.0,2539000.0,-4677000.0,-149000.0,-4826000.0,https://www.sec.gov/Archives/edgar/data/1072379/000095012404002386/0000950124-04-002386-index.htm,https://www.sec.gov/Archives/edgar/data/1072379/000095012404002386/v96741e10vk.htm,1620595935,17:32:15,20210509
18,2002-12-31,NWBO,USD,2003-03-21,2003-03-21 12:55:41,FY,-12804000.0,593000.0,0.0,0.0,-10035714.0,0.0,0.0,0.0,3466000.0,0.0,-13125000.0,-531000.0,0.0,0.0,172000.0,-105000.0,536000.0,0.0,232000.0,0.0,0.0,0.0,162000.0,0.0,-12427000.0,2539000.0,14966000.0,-13125000.0,-531000.0,-13656000.0,https://www.sec.gov/Archives/edgar/data/1072379/000089102003000869/0000891020-03-000869-index.htm,https://www.sec.gov/Archives/edgar/data/1072379/000089102003000869/v88037e10vk.htm,1620595935,17:32:15,20210509
19,2001-12-31,NWBO,USD,2002-04-01,2002-04-01 00:00:00,FY,-10939764.0,1147763.0,0.0,0.0,17989528.0,0.0,0.0,0.0,13501714.0,0.0,-8942137.0,-438467.0,0.0,0.0,0.0,0.0,-438467.0,0.0,30178916.0,-1700000.0,0.0,0.0,23935974.0,0.0,14555370.0,14966126.0,410756.0,-8942137.0,-438467.0,-9380604.0,https://www.sec.gov/Archives/edgar/data/1072379/000089102002000385/0000891020-02-000385-index.htm,https://www.sec.gov/Archives/edgar/data/1072379/000089102002000385/v80094e10-k405.htm,1620595935,17:32:15,20210509
20,2000-12-31,NWBO,USD,2000-12-31,2000-12-31,FY,-12779221.0,5586284.0,0.0,0.0,-4277814.0,0.0,0.0,0.0,-4487814.0,0.0,-6363102.0,-2105608.0,0.0,0.0,0.0,0.0,-2105608.0,0.0,1874301.0,0.0,0.0,-319799.0,8230619.0,0.0,-238091.0,410756.0,648847.0,-6363102.0,-2105608.0,-8468710.0,,,1620595935,17:32:15,20210509
21,1999-12-31,NWBO,USD,1999-12-31,1999-12-31,FY,-5610000.0,200000.0,0.0,0.0,-210000.0,0.0,0.0,0.0,-210000.0,0.0,0.0,0.0,0.0,0.0,0.0,0.0,0.0,0.0,0.0,0.0,0.0,0.0,0.0,0.0,0.0,0.0,0.0,0.0,0.0,0.0,,,1620595935,17:32:15,20210509
22,1998-12-31,NWBO,USD,1998-12-31,1998-12-31,FY,-4720000.0,160000.0,0.0,0.0,-1176000.0,0.0,0.0,0.0,0.0,0.0,0.0,0.0,0.0,0.0,0.0,0.0,0.0,0.0,0.0,0.0,0.0,0.0,0.0,0.0,0.0,0.0,0.0,0.0,0.0,0.0,,,1620595935,17:32:15,20210509
