,date,symbol,reportedCurrency,fillingDate,acceptedDate,period,netIncome,depreciationAndAmortization,deferredIncomeTax,stockBasedCompensation,changeInWorkingCapital,accountsReceivables,inventory,accountsPayables,otherWorkingCapital,otherNonCashItems,netCashProvidedByOperatingActivities,investmentsInPropertyPlantAndEquipment,acquisitionsNet,purchasesOfInvestments,salesMaturitiesOfInvestments,otherInvestingActivites,netCashUsedForInvestingActivites,debtRepayment,commonStockIssued,commonStockRepurchased,dividendsPaid,otherFinancingActivites,netCashUsedProvidedByFinancingActivities,effectOfForexChangesOnCash,netChangeInCash,cashAtEndOfPeriod,cashAtBeginningOfPeriod,operatingCashFlow,capitalExpenditure,freeCashFlow,link,finalLink,timestamp,est_time,est_date
0,2020-12-31,CFR,USD,2021-02-05,2021-02-05,FY,331151000.0,123785000.0,-15832000.0,13918000.0,30410050000.0,-158264000.0,0.0,0.0,529454000.0,0.0,524243000.0,0.0,0.0,0.0,0.0,0.0,-1631047000,0.0,0.0,0.0,-2016000.0,0.0,7607476000.0,0.0,6500672000.0,10288853000.0,3788181000,524243000.0,0.0,524243000,https://www.sec.gov/Archives/edgar/data/39263/000003926321000007/0000039263-21-000007-index.htm,https://www.sec.gov/Archives/edgar/data/39263/000003926321000007/cfr-20201231.htm,1620590171,15:56:11,20210509
1,2019-12-31,CFR,USD,2020-02-04 00:00:00,2020-02-04 15:22:51,FY,443599000.0,54091000.0,7614000.0,15946000.0,-1191497000.0,-15570000.0,0.0,-18381000.0,-29880596000.0,-9395000.0,634090000.0,-206716000.0,0.0,-23956020000.0,23436836000.0,663000.0,-1386750000,0.0,0.0,-68793000.0,-185069000.0,0.0,585062000.0,0.0,-167598000.0,3788181000.0,3955779000,634090000.0,-206716000.0,427374000,https://www.sec.gov/Archives/edgar/data/39263/000003926320000010/0000039263-20-000010-index.html,https://www.sec.gov/Archives/edgar/data/39263/000003926320000010/a20191231-10k.htm,1620590171,15:56:11,20210509
2,2018-12-31,CFR,USD,2019-02-06 00:00:00,2019-02-06 16:43:39,FY,454918000.0,50172000.0,52923000.0,13943000.0,-473818000.0,-85898000.0,0.0,-24181000.0,-28689099000.0,-8652000.0,562388000.0,-79270000.0,0.0,-18192557000.0,17328600000.0,3750000.0,-1913320000,0.0,0.0,-101010000.0,-173512000.0,0.0,253664000.0,0.0,-1097268000.0,3955779000.0,5053047000,562388000.0,-79270000.0,483118000,https://www.sec.gov/Archives/edgar/data/39263/000003926319000009/0000039263-19-000009-index.html,https://www.sec.gov/Archives/edgar/data/39263/000003926319000009/a20181231-10k.htm,1620590171,15:56:11,20210509
3,2017-12-31,CFR,USD,2018-02-07 00:00:00,2018-02-07 16:47:48,FY,364149000.0,47812000.0,-14493000.0,13013000.0,-1257607000.0,-55179000.0,0.0,71172000.0,-28215281000.0,-7887000.0,538079000.0,-34089000.0,0.0,-13529192000.0,14074678000.0,1114000.0,-670595000,-100000000.0,0.0,-101473000.0,-152235000.0,0.0,1044118000.0,0.0,911602000.0,5053047000.0,4141445000,538079000.0,-34089000.0,503990000,https://www.sec.gov/Archives/edgar/data/39263/000003926318000016/0000039263-18-000016-index.html,https://www.sec.gov/Archives/edgar/data/39263/000003926318000016/a20171231-10k.htm,1620590171,15:56:11,20210509
4,2016-12-31,CFR,USD,2017-02-03 00:00:00,2017-02-03 16:12:50,FY,304261000.0,48177000.0,-11598000.0,11799000.0,-1518014000.0,-7395000.0,0.0,-5945000.0,-26957674000.0,-7217000.0,437842000.0,-53648000.0,0.0,-16419833000.0,15548490000.0,1247000.0,-1373981000,0.0,0.0,-1290000.0,-142965000.0,0.0,1486061000.0,0.0,549922000.0,4141445000.0,3591523000,437842000.0,-53648000.0,384194000,https://www.sec.gov/Archives/edgar/data/39263/000003926317000017/0000039263-17-000017-index.html,https://www.sec.gov/Archives/edgar/data/39263/000003926317000017/a20161231-10k.htm,1620590171,15:56:11,20210509
5,2015-12-31,CFR,USD,2016-02-04 00:00:00,2016-02-04 11:19:11,FY,279328000.0,41960000.0,-19059000.0,12737000.0,-250660000.0,-12860000.0,0.0,-11902000.0,-25439660000.0,-5350000.0,393471000.0,-147129000.0,0.0,-14149258000.0,13550793000.0,5126000.0,-1238920000,0.0,0.0,-101237000.0,-140224000.0,1389000.0,72849000.0,0.0,-772600000.0,3591523000.0,4364123000,393471000.0,-147129000.0,246342000,https://www.sec.gov/Archives/edgar/data/39263/000003926316000073/0000039263-16-000073-index.html,https://www.sec.gov/Archives/edgar/data/39263/000003926316000073/a20151231-10k.htm,1620590171,15:56:11,20210509
6,2014-12-31,CFR,USD,2015-02-05,2015-02-05 15:18:40,FY,277977000.0,39694000.0,-4130000.0,12503000.0,-3614000000.0,-73184000.0,0.0,-24518000.0,-25189000000.0,-2457000.0,286670000.0,-131970000.0,831000000.0,-19484433000.0,17292439000.0,11281000.0,-2282093000,0.0,0.0,-1457000.0,-135241000.0,3183000.0,1803421000.0,0.0,-192002000.0,4364123000.0,4556125000,286670000.0,-131970000.0,154700000,https://www.sec.gov/Archives/edgar/data/39263/000003926315000011/a20141231-10k.htm,https://www.sec.gov/Archives/edgar/data/39263/000003926315000011/a20141231-10k.htm,1620590171,15:56:11,20210509
7,2013-12-31,CFR,USD,2014-02-06,2014-02-06 13:13:30,FY,237866000.0,38471000.0,3279000.0,11963000.0,-1092000000.0,-7996000.0,0.0,-170389000.0,-21575000000.0,132000.0,173606000.0,-39599000.0,-2000000.0,-11435715000.0,11382594000.0,8200000.0,-385922000,-7000.0,0.0,-144630000.0,-126338000.0,2686000.0,1243462000.0,0.0,1031146000.0,4556125000.0,3524979000,173606000.0,-39599000.0,134007000,https://www.sec.gov/Archives/edgar/data/39263/000003926314000013/a20131231-10k.htm,https://www.sec.gov/Archives/edgar/data/39263/000003926314000013/a20131231-10k.htm,1620590171,15:56:11,20210509
8,2012-12-31,CFR,USD,2013-02-08 00:00:00,2013-02-08 15:03:32,FY,237952000.0,37776000.0,-6405000.0,12836000.0,-2673000000.0,48176000.0,0.0,-30289000.0,-20483000000.0,-4038000.0,299999000.0,-24891000.0,-7000000.0,-18565561000.0,17662704000.0,15816000.0,-2155468000,-19000.0,0.0,-436000.0,-116853000.0,171000.0,2472856000.0,0.0,617387000.0,3524979000.0,2907592000,299999000.0,-24891000.0,275108000,https://www.sec.gov/Archives/edgar/data/39263/000119312513045916/0001193125-13-045916-index.html,https://www.sec.gov/Archives/edgar/data/39263/000119312513045916/d446300d10k.htm,1620590171,15:56:11,20210509
9,2011-12-31,CFR,USD,2012-02-03 00:00:00,2012-02-03 16:02:33,FY,217535000.0,37628000.0,8061000.0,15963000.0,-2629000000.0,-15502000.0,0.0,-10516000.0,-17810000000.0,-16913000.0,274369000.0,-26719000.0,-1000000.0,-8835757000.0,6317734000.0,0.0,-2455291000,-150019000.0,0.0,-2029000.0,-112210000.0,422000.0,2267537000.0,0.0,86615000.0,2907592000.0,2820977000,274369000.0,-26719000.0,247650000,https://www.sec.gov/Archives/edgar/data/39263/000119312512038799/0001193125-12-038799-index.html,https://www.sec.gov/Archives/edgar/data/39263/000119312512038799/d265142d10k.htm,1620590171,15:56:11,20210509
10,2010-12-31,CFR,USD,2011-02-03,2011-02-03 13:08:51,FY,208764000.0,37588000.0,4644000.0,14925000.0,-1180000000.0,0.0,0.0,0.0,-15181000000.0,-4517000.0,424533000.0,-16826000.0,0.0,-11472764000.0,10892404000.0,19705000.0,-399819000,-25264000.0,3539000.0,-986000.0,-108027000.0,683000.0,1074784000.0,0.0,1099498000.0,2820977000.0,1721479000,424533000.0,-16826000.0,407707000,https://www.sec.gov/Archives/edgar/data/39263/000119312511022877/d10k.htm,https://www.sec.gov/Archives/edgar/data/39263/000119312511022877/d10k.htm,1620590171,15:56:11,20210509
11,2009-12-31,CFR,USD,2010-02-02 00:00:00,2010-02-02 12:37:26,FY,179034000.0,36459000.0,-9854000.0,12645000.0,-1123000000.0,0.0,0.0,0.0,-14001000000.0,-4858000.0,273929000.0,-78262000.0,-1000000.0,-12390403000.0,11138797000.0,7110000.0,-919383000,-821246000.0,2498000.0,-800000.0,-102130000.0,681000.0,1129602000.0,0.0,484148000.0,1721479000.0,1237331000,273929000.0,-78262000.0,195667000,https://www.sec.gov/Archives/edgar/data/39263/000119312510019149/0001193125-10-019149-index.html,https://www.sec.gov/Archives/edgar/data/39263/000119312510019149/d10k.htm,1620590171,15:56:11,20210509
12,2008-12-31,CFR,USD,2009-02-03 00:00:00,2009-02-03 12:40:53,FY,207255000.0,33567000.0,11421000.0,0.0,-1270000000.0,0.0,0.0,0.0,-12878000000.0,24483000.0,234374000.0,0.0,-1000000.0,-7650782000.0,7612039000.0,-1130116000.0,-1229327000,-7662000.0,0.0,0.0,-98152000.0,7770000.0,1035772000.0,0.0,40819000.0,1237331000.0,1196512000,234374000.0,-59882000.0,174492000,https://www.sec.gov/Archives/edgar/data/39263/000119312509017234/0001193125-09-017234-index.html,https://www.sec.gov/Archives/edgar/data/39263/000119312509017234/d10k.htm,1620590171,15:56:11,20210509
13,2007-12-31,CFR,USD,2008-02-01,2008-02-01 16:48:34,FY,212071000.0,31357000.0,857000.0,0.0,-190000000.0,0.0,0.0,0.0,-11608000000.0,-3561000.0,201283000.0,0.0,-3000000.0,-13593106000.0,13542677000.0,-386953000.0,-461275000,-128313000.0,0.0,0.0,-90820000.0,107212000.0,11919000.0,0.0,-248073000.0,1196512000.0,1444585000,201283000.0,-21065000.0,180218000,https://www.sec.gov/Archives/edgar/data/39263/000095013408001518/d53308e10vk.htm,https://www.sec.gov/Archives/edgar/data/39263/000095013408001518/d53308e10vk.htm,1620590171,15:56:11,20210509
14,2006-12-31,CFR,USD,2007-02-02,2007-02-02 16:27:57,FY,193591000.0,25169000.0,-1266000.0,0.0,-1074000000.0,0.0,0.0,0.0,-11418000000.0,-5080000.0,-53135000.0,0.0,-100000000.0,-14070071000.0,14007250000.0,-178767000.0,-368948000,-19251000.0,0.0,0.0,-73400000.0,16243000.0,-46760000.0,0.0,-468843000.0,1444585000.0,1913428000,-53135000.0,-27286000.0,-80421000,https://www.sec.gov/Archives/edgar/data/39263/000095013407001881/d43054e10vk.htm,https://www.sec.gov/Archives/edgar/data/39263/000095013407001881/d43054e10vk.htm,1620590171,15:56:11,20210509
15,2005-12-31,CFR,USD,2005-12-31,2005-12-31,FY,165423000.0,26343000.0,555000.0,0.0,-1592000000.0,0.0,0.0,0.0,-10344000000.0,21076000.0,132436000.0,0.0,-13000000.0,-10763788000.0,10968405000.0,-594940000.0,-421718000,-6255000.0,0.0,0.0,-61499000.0,0.0,908921000.0,0.0,619639000.0,1913428000.0,1293789000,132436000.0,-18098000.0,114338000,,,1620590171,15:56:11,20210509
16,2004-12-31,CFR,USD,2005-02-04,2005-02-04 14:42:55,FY,141325000.0,25859000.0,5319000.0,0.0,-106000000.0,0.0,0.0,0.0,-8752000000.0,6090000.0,128781000.0,0.0,0.0,-8518256000.0,8478950000.0,-571637000.0,-633404000,-1880000.0,0.0,0.0,-53782000.0,0.0,160206000.0,0.0,-344417000.0,1293789000.0,1638206000,128781000.0,-15398000.0,113383000,https://www.sec.gov/Archives/edgar/data/39263/000095013405002090/d22132e10vk.htm,https://www.sec.gov/Archives/edgar/data/39263/000095013405002090/d22132e10vk.htm,1620590171,15:56:11,20210509
17,2003-12-31,CFR,USD,2004-02-18,2004-02-18 16:19:31,FY,130501000.0,27751000.0,-3778000.0,0.0,-45000000.0,0.0,0.0,0.0,-8646000000.0,-8178000.0,202362000.0,0.0,0.0,-8604817000.0,8052342000.0,-53978000.0,-619715000,-15412000.0,0.0,0.0,-48485000.0,0.0,-8388000.0,0.0,-425741000.0,1638206000.0,2063947000,202362000.0,-12512000.0,189850000,https://www.sec.gov/Archives/edgar/data/39263/000095013404002238/d12709e10vk.htm,https://www.sec.gov/Archives/edgar/data/39263/000095013404002238/d12709e10vk.htm,1620590171,15:56:11,20210509
18,2002-12-31,CFR,USD,2003-03-28,2003-03-28 16:08:03,FY,116986000.0,31494000.0,-7817000.0,0.0,-1077000000.0,0.0,0.0,0.0,-8601000000.0,136675000.0,272196000.0,0.0,0.0,-7933246000.0,7729195000.0,-44213000.0,-289209000,0.0,0.0,0.0,-44737000.0,0.0,950258000.0,0.0,933245000.0,2063947000.0,1130702000,272196000.0,-40945000.0,231251000,https://www.sec.gov/Archives/edgar/data/39263/000095013403004843/d04006e10vk.htm,https://www.sec.gov/Archives/edgar/data/39263/000095013403004843/d04006e10vk.htm,1620590171,15:56:11,20210509
19,2001-12-31,CFR,USD,2002-03-29 00:00:00,2002-03-29 00:00:00,FY,80916000.0,38330000.0,-7505000.0,0.0,-536000000.0,0.0,0.0,0.0,-7524000000.0,4069000.0,97636000.0,0.0,0.0,-6674787000.0,6179337000.0,-125814000.0,-643697000,0.0,0.0,0.0,-43296000.0,0.0,637680000.0,0.0,91619000.0,1130702000.0,1039083000,97636000.0,-17479000.0,80157000,https://www.sec.gov/Archives/edgar/data/39263/000095013402002984/0000950134-02-002984-index.html,https://www.sec.gov/Archives/edgar/data/39263/000095013402002984/d95136e10-k.txt,1620590171,15:56:11,20210509
20,2000-12-31,CFR,USD,2000-12-31,2000-12-31,FY,108817000.0,35507000.0,-1785000.0,0.0,-600000000.0,0.0,0.0,0.0,-6988000000.0,-8123000.0,129659000.0,0.0,0.0,-3448707000.0,3472974000.0,-385021000.0,-385967000,0.0,0.0,0.0,-39554000.0,0.0,493283000.0,0.0,236975000.0,1039083000.0,802108000,129659000.0,-25213000.0,104446000,,,1620590171,15:56:11,20210509
21,1999-12-31,CFR,USD,1999-12-31,1999-12-31,FY,97600000.0,37400000.0,-6100000.0,0.0,-129000000.0,0.0,0.0,0.0,-6388000000.0,10100000.0,136600000.0,0.0,0.0,-2172200000.0,2652800000.0,-438000000.0,22300000,0.0,0.0,0.0,-36000000.0,-100000.0,-144700000.0,0.0,100000.0,802100000.0,787800000,136600000.0,-20300000.0,116300000,,,1620590171,15:56:11,20210509
22,1998-12-31,CFR,USD,1998-12-31,1998-12-31,FY,75600000.0,29100000.0,-5600000.0,0.0,-1535000000.0,0.0,0.0,0.0,-6259000000.0,20800000.0,115300000.0,0.0,0.0,-2324000000.0,2083100000.0,-413000000.0,-672700000,0.0,0.0,0.0,-30500000.0,0.0,517600000.0,0.0,0.0,0.0,827600000,115300000.0,-18800000.0,96500000,,,1620590171,15:56:11,20210509
23,1997-12-31,CFR,USD,1997-12-31,1997-12-31,FY,63500000.0,13900000.0,-6400000.0,0.0,-215000000.0,0.0,0.0,0.0,-4724000000.0,-24700000.0,43800000.0,0.0,0.0,-1277600000.0,1317300000.0,-276000000.0,-251300000,0.0,0.0,0.0,-21500000.0,98400000.0,76800000.0,0.0,0.0,0.0,924900000,43800000.0,-15000000.0,28800000,,,1620590171,15:56:11,20210509
24,1996-12-31,CFR,USD,1997-03-31 00:00:00,1997-03-31 00:00:00,FY,55000000.0,25300000.0,-4000000.0,0.0,-4509000000.0,0.0,0.0,0.0,-4509000000.0,-10600000.0,64700000.0,0.0,0.0,-648700000.0,795300000.0,-212300000.0,-77900000,0.0,0.0,0.0,-18100000.0,100000.0,304200000.0,0.0,-100000.0,0.0,633900000,64700000.0,-12200000.0,52500000,https://www.sec.gov/Archives/edgar/data/39263/000003926397000004/0000039263-97-000004-index.html,https://www.sec.gov/Archives/edgar/data/39263/0000039263-97-000004.txt,1620590171,15:56:11,20210509
25,1995-12-31,CFR,USD,1995-12-31,1995-12-31,FY,46300000.0,21000000.0,-1200000.0,0.0,3498000000.0,0.0,0.0,0.0,0.0,-11900000.0,85900000.0,0.0,0.0,-807500000.0,931800000.0,-197600000.0,-79700000,0.0,0.0,0.0,-12700000.0,700000.0,94400000.0,0.0,0.0,0.0,533400000,85900000.0,-6400000.0,79500000,,,1620590171,15:56:11,20210509
26,1994-12-31,CFR,USD,1994-12-31,1994-12-31,FY,37400000.0,5600000.0,2100000.0,0.0,-3498000000.0,0.0,0.0,0.0,-3498000000.0,1100000.0,47100000.0,0.0,0.0,-661700000.0,659800000.0,-222800000.0,-241100000,0.0,0.0,0.0,-7400000.0,0.0,142400000.0,0.0,0.0,0.0,585000000,47100000.0,-16400000.0,30700000,,,1620590171,15:56:11,20210509
27,1993-12-31,CFR,USD,1993-12-31,1993-12-31,FY,47100000.0,11200000.0,-6400000.0,0.0,0.0,0.0,0.0,0.0,0.0,2500000.0,43000000.0,0.0,0.0,-1589300000.0,1463700000.0,127400000.0,-11500000,-3400000.0,0.0,0.0,-1700000.0,0.0,-25600000.0,0.0,0.0,0.0,579100000,43000000.0,-13300000.0,29700000,,,1620590171,15:56:11,20210509
28,1992-12-31,CFR,USD,1992-12-31,1992-12-31,FY,24100000.0,8800000.0,0.0,0.0,0.0,0.0,0.0,0.0,0.0,25200000.0,54900000.0,0.0,0.0,-819500000.0,841800000.0,68200000.0,78800000,-1300000.0,0.0,0.0,0.0,-100000.0,40200000.0,0.0,100000.0,0.0,405100000,54900000.0,-11700000.0,43200000,,,1620590171,15:56:11,20210509
29,1991-12-31,CFR,USD,1991-12-31,1991-12-31,FY,200000.0,7500000.0,0.0,0.0,0.0,0.0,0.0,0.0,0.0,20200000.0,32500000.0,0.0,0.0,-622600000.0,421400000.0,156500000.0,-55100000,-1600000.0,0.0,0.0,0.0,100000.0,-163400000.0,0.0,0.0,0.0,591100000,32500000.0,-10400000.0,22100000,,,1620590171,15:56:11,20210509
30,1990-12-31,CFR,USD,1990-12-31,1990-12-31,FY,-8200000.0,8200000.0,0.0,0.0,0.0,0.0,0.0,0.0,0.0,29100000.0,45400000.0,0.0,0.0,-278000000.0,299900000.0,56900000.0,72900000,-6700000.0,0.0,0.0,0.0,100000.0,-248600000.0,0.0,0.0,0.0,721300000,45400000.0,-5900000.0,39500000,,,1620590171,15:56:11,20210509
31,1989-12-31,CFR,USD,1989-12-31,1989-12-31,FY,2700000.0,7000000.0,0.0,0.0,-34900000.0,0.0,0.0,0.0,0.0,23000000.0,-2700000.0,0.0,0.0,-565500000.0,267300000.0,162800000.0,-152300000,-19500000.0,0.0,0.0,0.0,100000.0,115300000.0,0.0,0.0,0.0,761000000,-2700000.0,-16900000.0,-19600000,,,1620590171,15:56:11,20210509
