,date,symbol,reportedCurrency,fillingDate,acceptedDate,period,netIncome,depreciationAndAmortization,deferredIncomeTax,stockBasedCompensation,changeInWorkingCapital,accountsReceivables,inventory,accountsPayables,otherWorkingCapital,otherNonCashItems,netCashProvidedByOperatingActivities,investmentsInPropertyPlantAndEquipment,acquisitionsNet,purchasesOfInvestments,salesMaturitiesOfInvestments,otherInvestingActivites,netCashUsedForInvestingActivites,debtRepayment,commonStockIssued,commonStockRepurchased,dividendsPaid,otherFinancingActivites,netCashUsedProvidedByFinancingActivities,effectOfForexChangesOnCash,netChangeInCash,cashAtEndOfPeriod,cashAtBeginningOfPeriod,operatingCashFlow,capitalExpenditure,freeCashFlow,link,finalLink,timestamp,est_time,est_date
0,2020-09-30,UGI,USD,2020-11-20,2020-11-20 17:06:33,FY,532000000,484000000.0,146000000.0,15000000.0,248700000.0,-18000000.0,-5000000.0,3000000.0,-212000000.0,16000000.0,1102000000,-655000000,-16000000.0,0.0,0.0,22000000.0,-649000000,-113000000.0,2000000.0,-38000000.0,-273000000,0.0,-635000000,28000000.0,-154000000.0,357000000,511000000,1102000000,-655000000,447000000,https://www.sec.gov/Archives/edgar/data/884614/000088461420000052/0000884614-20-000052-index.htm,https://www.sec.gov/Archives/edgar/data/884614/000088461420000052/ugi-20200930.htm,1620599246,18:27:26,20210509
1,2019-09-30,UGI,USD,2019-11-26 00:00:00,2019-11-26 16:22:43,FY,256200000,448100000.0,-42700000.0,18100000.0,-616700000.0,83300000.0,84100000.0,-97200000.0,-460700000.0,-32400000.0,1078100000,-704600000,-1362000000.0,0.0,0.0,11500000.0,-2055300000,-693400000.0,16800000.0,-16900000.0,-462600000,-540400000.0,1042200000,-16400000.0,48600000.0,510800000,462200000,1078100000,-704600000,373500000,https://www.sec.gov/Archives/edgar/data/884614/000088461419000059/0000884614-19-000059-index.html,https://www.sec.gov/Archives/edgar/data/884614/000088461419000059/ugi-9302019x10k.htm,1620599246,18:27:26,20210509
2,2018-09-30,UGI,USD,2018-11-20 00:00:00,2018-11-20 17:17:24,FY,718700000,455100000.0,-68800000.0,22500000.0,148600000.0,-147600000.0,-37400000.0,65100000.0,156000000.0,10700000.0,1085300000,-574400000,-187000000.0,0.0,0.0,13700000.0,-747900000,-186100000.0,34900000.0,-59800000.0,-439900000,-5200000.0,-438200000,-5000000.0,-105800000.0,452600000,558400000,1085300000,-574400000,510900000,https://www.sec.gov/Archives/edgar/data/884614/000088461418000033/0000884614-18-000033-index.html,https://www.sec.gov/Archives/edgar/data/884614/000088461418000033/ugi-9302018x10k.htm,1620599246,18:27:26,20210509
3,2017-09-30,UGI,USD,2017-11-21 00:00:00,2017-11-21 17:04:42,FY,436600000,416300000.0,110100000.0,19300000.0,25600000.0,-103600000.0,-64700000.0,49900000.0,7400000.0,44100000.0,964400000,-638900000,-101000000.0,0.0,0.0,-22900000.0,-763400000,-1051300000.0,11000000.0,-43300000.0,-430500000,-800000.0,-146600000,1200000.0,55600000.0,558400000,502800000,964400000,-638900000,325500000,https://www.sec.gov/Archives/edgar/data/884614/000088461417000029/0000884614-17-000029-index.html,https://www.sec.gov/Archives/edgar/data/884614/000088461417000029/ugi-9302017x10k.htm,1620599246,18:27:26,20210509
4,2016-09-30,UGI,USD,2016-11-22 00:00:00,2016-11-22 16:59:20,FY,364700000,400900000.0,77400000.0,23800000.0,200900000.0,37300000.0,29400000.0,-40000000.0,-18200000.0,-43300000.0,969700000,-563800000,-61000000.0,0.0,0.0,66400000.0,-558600000,-1563900000.0,13700000.0,-47600000.0,-418000000,15500000.0,-275100000,-2900000.0,133100000.0,502800000,369700000,969700000,-563800000,405900000,https://www.sec.gov/Archives/edgar/data/884614/000088461416000067/0000884614-16-000067-index.html,https://www.sec.gov/Archives/edgar/data/884614/000088461416000067/ugi-9302016x10k.htm,1620599246,18:27:26,20210509
5,2015-09-30,UGI,USD,2015-11-30 00:00:00,2015-11-30 15:33:28,FY,281000000,374100000.0,13700000.0,29200000.0,-451200000.0,163300000.0,181400000.0,-134900000.0,-219100000.0,-9700000.0,1163800000,-490600000,-448000000.0,0.0,0.0,-38200000.0,-976300000,-429400000.0,11900000.0,-34100000.0,-402400000,-3500000.0,-217100000,-20200000.0,-49800000.0,369700000,419500000,1163800000,-490600000,673200000,https://www.sec.gov/Archives/edgar/data/884614/000088461415000034/0000884614-15-000034-index.html,https://www.sec.gov/Archives/edgar/data/884614/000088461415000034/ugi-9302015x10k.htm,1620599246,18:27:26,20210509
6,2014-09-30,UGI,USD,2014-11-28 00:00:00,2014-11-28 17:07:56,FY,337200000,362900000.0,66700000.0,25800000.0,29700000.0,18100000.0,-65100000.0,3700000.0,232100000.0,-38200000.0,1005400000,-456800000,-37000000.0,0.0,0.0,6300000.0,-487600000,-242600000.0,10900000.0,-39800000.0,-373800000,11800000.0,-475700000,-11900000.0,30200000.0,419500000,389300000,1005400000,-456800000,548600000,https://www.sec.gov/Archives/edgar/data/884614/000088461414000028/0000884614-14-000028-index.html,https://www.sec.gov/Archives/edgar/data/884614/000088461414000028/ugi-9302014x10k.htm,1620599246,18:27:26,20210509
7,2013-09-30,UGI,USD,2013-12-16 00:00:00,2013-12-16 13:42:58,FY,278100000,363100000.0,48700000.0,17600000.0,184900000.0,-110800000.0,4600000.0,38700000.0,202400000.0,-41400000.0,801500000,-486000000,-79000000.0,0.0,0.0,11600000.0,-553300000,-168700000.0,36400000.0,0.0,-352300000,9100000.0,-186100000,7300000.0,69400000.0,389300000,319900000,801500000,-486000000,315500000,https://www.sec.gov/Archives/edgar/data/884614/000088461413000028/0000884614-13-000028-index.html,https://www.sec.gov/Archives/edgar/data/884614/000088461413000028/ugi-9302013x10k.htm,1620599246,18:27:26,20210509
8,2012-09-30,UGI,USD,2012-11-21 00:00:00,2012-11-20 17:54:34,FY,199400000,316000000.0,82900000.0,14500000.0,-210700000.0,65500000.0,89200000.0,-78700000.0,17500000.0,-10700000.0,707700000,-339400000,-1581000000.0,0.0,0.0,15400000.0,-1904500000,-299900000.0,299800000.0,0.0,-300800000,-12500000.0,1278500000,-300000.0,81400000.0,319900000,238500000,707700000,-339400000,368300000,https://www.sec.gov/Archives/edgar/data/884614/000088461412000008/0000884614-12-000008-index.html,https://www.sec.gov/Archives/edgar/data/884614/000088461412000008/ugi-9302012x10k.htm,1620599246,18:27:26,20210509
9,2011-09-30,UGI,USD,2011-11-21 00:00:00,2011-11-21 17:09:55,FY,232900000,227900000.0,82700000.0,15600000.0,682800000.0,-66000000.0,-27900000.0,19200000.0,228200000.0,-7100000.0,554700000,-360700000,-53000000.0,0.0,0.0,-2200000.0,-415400000,-1383600000.0,27300000.0,0.0,-207500000,3500000.0,-152100000,-9400000.0,-22200000.0,238500000,260700000,554700000,-360700000,194000000,https://www.sec.gov/Archives/edgar/data/884614/000095012311099809/0000950123-11-099809-index.html,https://www.sec.gov/Archives/edgar/data/884614/000095012311099809/c22189e10vk.htm,1620599246,18:27:26,20210509
10,2010-09-30,UGI,USD,2010-11-19 00:00:00,2010-11-19 16:53:39,FY,261000000,210200000.0,62600000.0,13200000.0,-542400000.0,-94600000.0,15800000.0,47100000.0,-454600000.0,34800000.0,598800000,-347300000,-16000000.0,-27800000.0,0.0,-7800000.0,-399300000,-94800000.0,27500000.0,0.0,-187700000,3500000.0,-213600000,-5300000.0,-19400000.0,260700000,280100000,598800000,-347300000,251500000,https://www.sec.gov/Archives/edgar/data/884614/000095012310107459/0000950123-10-107459-index.html,https://www.sec.gov/Archives/edgar/data/884614/000095012310107459/c06632e10vk.htm,1620599246,18:27:26,20210509
11,2009-09-30,UGI,USD,2009-11-20 00:00:00,2009-11-20 16:44:01,FY,258500000,200900000.0,26800000.0,11400000.0,-66600000.0,79500000.0,67000000.0,-146100000.0,87800000.0,154000000.0,665000000,-301700000,-280000000.0,0.0,0.0,62000000.0,-519900000,-82200000.0,10800000.0,-90400000.0,-85100000,1200000.0,-114600000,4400000.0,34900000.0,280100000,245200000,665000000,-301700000,363300000,https://www.sec.gov/Archives/edgar/data/884614/000095012309064771/0000950123-09-064771-index.html,https://www.sec.gov/Archives/edgar/data/884614/000095012309064771/c91704e10vk.htm,1620599246,18:27:26,20210509
12,2008-09-30,UGI,USD,2008-11-21 00:00:00,2008-11-21 17:08:18,FY,215500000,0.0,-900000.0,0.0,38300000.0,0.0,-42300000.0,0.0,154400000.0,45100000.0,464400000,-232100000,-1000000.0,0.0,0.0,-68000000.0,-289500000,0.0,20900000.0,0.0,-161800000,3400000.0,-180100000,-1400000.0,-6600000.0,245200000,251800000,464400000,-232100000,232300000,https://www.sec.gov/Archives/edgar/data/884614/000136231008007608/0001362310-08-007608-index.html,https://www.sec.gov/Archives/edgar/data/884614/000136231008007608/c76121e10vk.htm,1620599246,18:27:26,20210509
13,2007-09-30,UGI,USD,2007-11-29 00:00:00,2007-11-29 16:48:48,FY,204300000,0.0,27100000.0,0.0,102100000.0,0.0,-9100000.0,0.0,116100000.0,57300000.0,456200000,-223100000,-6000000.0,0.0,600000.0,1600000.0,-223800000,0.0,16400000.0,0.0,-76800000,-79900000.0,-178500000,11700000.0,65600000.0,251800000,186200000,456200000,-223100000,233100000,https://www.sec.gov/Archives/edgar/data/884614/000136231007003198/0001362310-07-003198-index.html,https://www.sec.gov/Archives/edgar/data/884614/000136231007003198/c71616e10vk.htm,1620599246,18:27:26,20210509
14,2006-09-30,UGI,USD,2006-12-11,2006-12-11 16:44:12,FY,176200000,0.0,7400000.0,0.0,4800000.0,0.0,-31900000.0,0.0,14000000.0,-5200000.0,279400000,-191700000,-577000000.0,59300000.0,0.0,-6800000.0,-707500000,0.0,10800000.0,0.0,-146100000,900000.0,299700000,4500000.0,-123900000.0,186200000,310100000,279400000,-191700000,87700000,https://www.sec.gov/Archives/edgar/data/884614/000136231006000398/c70098e10vk.htm,https://www.sec.gov/Archives/edgar/data/884614/000136231006000398/c70098e10vk.htm,1620599246,18:27:26,20210509
15,2005-09-30,UGI,USD,2005-09-30,2005-09-30,FY,187500000,0.0,12100000.0,0.0,95500000.0,0.0,-29400000.0,0.0,9200000.0,0.0,437700000,-158400000,-33000000.0,-20000000.0,0.0,3600000.0,-191400000,0.0,99800000.0,-20000000.0,-67400000,-66600000.0,-72600000,-8300000.0,165400000.0,315000000,149600000,437700000,-158400000,279300000,,,1620599246,18:27:26,20210509
16,2004-09-30,UGI,USD,2004-09-30,2004-09-30,FY,111600000,0.0,3000000.0,0.0,-103400000.0,0.0,-39400000.0,0.0,-86300000.0,9400000.0,257800000,-133700000,0.0,0.0,0.0,18000000.0,-412800000,0.0,308200000.0,-600000.0,-56300000,-62400000.0,161900000,600000.0,7500000.0,149600000,142100000,257800000,-133700000,124100000,,,1620599246,18:27:26,20210509
17,2003-09-30,UGI,USD,2003-09-30,2003-09-30,FY,100100000,0.0,-2800000.0,0.0,73500000.0,0.0,-25300000.0,0.0,17100000.0,0.0,249100000,-100900000,0.0,-50400000.0,0.0,-42100000.0,-226100000,0.0,98700000.0,-100000.0,-47700000,-56400000.0,-75300000,100000.0,-52200000.0,142100000,194300000,249100000,-100900000,148200000,,,1620599246,18:27:26,20210509
18,2002-09-30,UGI,USD,2002-09-30,2002-09-30,FY,75500000,0.0,11000000.0,0.0,52200000.0,0.0,19700000.0,0.0,-56400000.0,0.0,247500000,-94700000,0.0,0.0,0.0,19300000.0,-66400000,0.0,60700000.0,0.0,-98300000,0.0,-74300000,0.0,106800000.0,194300000,87500000,247500000,-94700000,152800000,,,1620599246,18:27:26,20210509
19,2001-09-30,UGI,USD,2001-09-30,2001-09-30,FY,56500000,0.0,-5500000.0,0.0,4700000.0,0.0,-4200000.0,0.0,-108600000.0,0.0,203500000,-78000000,0.0,0.0,4200000.0,-34600000.0,-313300000,0.0,97400000.0,-1000000.0,-97500000,0.0,103700000,-300000.0,-6400000.0,87500000,93900000,203500000,-78000000,125500000,,,1620599246,18:27:26,20210509
20,2000-09-30,UGI,USD,2000-12-22 00:00:00,2000-12-22 00:00:00,FY,44700000,0.0,3200000.0,0.0,-1900000.0,0.0,-26100000.0,0.0,-113300000.0,0.0,132700000,-71000000,0.0,0.0,7300000.0,-900000.0,-121500000,0.0,3800000.0,-9600000.0,-80300000,0.0,42400000,-200000.0,53400000.0,93900000,40500000,132700000,-71000000,61700000,https://www.sec.gov/Archives/edgar/data/884614/000089322000001436/0000893220-00-001436-index.html,https://www.sec.gov/Archives/edgar/data/884614/000089322000001436/w43405e10-k.txt,1620599246,18:27:26,20210509
21,1999-09-30,UGI,USD,1999-09-30,1999-09-30,FY,55700000,0.0,7700000.0,0.0,-140200000.0,0.0,-5000000.0,0.0,-111400000.0,89600000.0,141900000,-70200000,0.0,0.0,66700000.0,-10300000.0,-86500000,0.0,4700000.0,-133100000.0,-86900000,0.0,-81500000,0.0,-26100000.0,40500000,66600000,141900000,-70200000,71700000,,,1620599246,18:27:26,20210509
22,1998-09-30,UGI,USD,1998-09-30,1998-09-30,FY,40300000,0.0,10100000.0,0.0,29400000.0,0.0,39000000.0,0.0,28800000.0,87800000.0,178500000,-69200000,0.0,-16400000.0,0.0,-4300000.0,-90100000,0.0,8500000.0,-26800000.0,-86600000,0.0,-85800000,0.0,2600000.0,66600000,64000000,178500000,-69200000,109300000,,,1620599246,18:27:26,20210509
23,1997-09-30,UGI,USD,1998-03-26,1998-03-26 00:00:00,FY,52100000,0.0,-2200000.0,0.0,-13000000.0,0.0,-3600000.0,0.0,-600000.0,86100000.0,172000000,-68800000,0.0,-42300000.0,0.0,-2200000.0,-110500000,0.0,11700000.0,-19200000.0,-86000000,0.0,-71500000,0.0,-10000000.0,64000000,74000000,172000000,-68800000,103200000,https://www.sec.gov/Archives/edgar/data/884614/0000893220-98-000586-index.html,https://www.sec.gov/Archives/edgar/data/884614/,1620599246,18:27:26,20210509
24,1996-09-30,UGI,USD,1996-09-30,1996-09-30,FY,39500000,0.0,12000000.0,0.0,-27100000.0,0.0,-10200000.0,0.0,12400000.0,86000000.0,111200000,-62700000,0.0,-12100000.0,0.0,3900000.0,-98900000,0.0,11300000.0,-7100000.0,-85100000,0.0,-60000000,0.0,-47700000.0,74000000,121700000,111200000,-62700000,48500000,,,1620599246,18:27:26,20210509
