,date,symbol,reportedCurrency,fillingDate,acceptedDate,period,netIncome,depreciationAndAmortization,deferredIncomeTax,stockBasedCompensation,changeInWorkingCapital,accountsReceivables,inventory,accountsPayables,otherWorkingCapital,otherNonCashItems,netCashProvidedByOperatingActivities,investmentsInPropertyPlantAndEquipment,acquisitionsNet,purchasesOfInvestments,salesMaturitiesOfInvestments,otherInvestingActivites,netCashUsedForInvestingActivites,debtRepayment,commonStockIssued,commonStockRepurchased,dividendsPaid,otherFinancingActivites,netCashUsedProvidedByFinancingActivities,effectOfForexChangesOnCash,netChangeInCash,cashAtEndOfPeriod,cashAtBeginningOfPeriod,operatingCashFlow,capitalExpenditure,freeCashFlow,link,finalLink,timestamp,est_time,est_date
0,2020-12-31,CYTK,USD,2021-02-26,2021-02-26 16:33:57,FY,-127290000,1831000.0,0.0,17620000.0,235293000.0,743000.0,0.0,-110000.0,443022000,28238000.0,8943000.0,-11052000.0,0.0,-435825000.0,250362000,0.0,-196515000.0,0.0,225108000.0,0.0,0.0,2151000.0,234124000.0,0.0,46552000.0,82985000,36433000,8943000.0,-11052000.0,-2109000.0,https://www.sec.gov/Archives/edgar/data/1061983/000156459021009467/0001564590-21-009467-index.htm,https://www.sec.gov/Archives/edgar/data/1061983/000156459021009467/cytk-10k_20201231.htm,1620590944,16:09:04,20210509
1,2019-12-31,CYTK,USD,2020-03-04,2020-03-04 16:29:50,FY,-121692000,1293000.0,0.0,10759000.0,22249000.0,-2932000.0,0.0,4396000.0,207729000,19069000.0,-90907000.0,-2619000.0,0.0,-277883000.0,205795000,0.0,-74707000.0,0.0,36214000.0,0.0,0.0,-13386000.0,159791000.0,0.0,-5823000.0,36433000,42256000,-90907000.0,-2619000.0,-93526000.0,https://www.sec.gov/Archives/edgar/data/1061983/000156459020008694/0001564590-20-008694-index.htm,https://www.sec.gov/Archives/edgar/data/1061983/000156459020008694/cytk-10k_20191231.htm,1620590944,16:09:04,20210509
2,2018-12-31,CYTK,USD,2019-03-07,2019-03-06 20:18:52,FY,-106289000,1239000.0,0.0,9761000.0,-56371000.0,-1119000.0,0.0,-1490000.0,185480000,17010000.0,-101215000.0,-889000.0,0.0,-240224000.0,246232000,0.0,5133000.0,0.0,0.0,0.0,0.0,3234000.0,13132000.0,0.0,-82950000.0,42256000,125206000,-101215000.0,-889000.0,-102104000.0,https://www.sec.gov/Archives/edgar/data/1061983/000156459019006580/0001564590-19-006580-index.htm,https://www.sec.gov/Archives/edgar/data/1061983/000156459019006580/cytk-10k_20181231.htm,1620590944,16:09:04,20210509
3,2017-12-31,CYTK,USD,2018-03-05,2018-03-05 17:14:28,FY,-127790000,1920000.0,0.0,9028000.0,116476000.0,-1088000.0,0.0,1457000.0,241851000,14663000.0,-101759000.0,-2877000.0,0.0,-240413000.0,177462000,0.0,-65828000.0,0.0,119784000.0,0.0,0.0,90621000.0,225919000.0,0.0,58332000.0,125206000,66874000,-101759000.0,-2877000.0,-104636000.0,https://www.sec.gov/Archives/edgar/data/1061983/000156459018004398/0001564590-18-004398-index.htm,https://www.sec.gov/Archives/edgar/data/1061983/000156459018004398/cytk-10k_20171231.htm,1620590944,16:09:04,20210509
4,2016-12-31,CYTK,USD,2017-03-06,2017-03-06 17:29:19,FY,16453000,741000.0,0.0,7146000.0,43917000.0,-12000.0,0.0,1698000.0,125375000,534000.0,36982000.0,-1596000.0,0.0,-145158000.0,94645000,0.0,-52076000.0,0.0,0.0,0.0,0.0,1896000.0,16892000.0,0.0,1798000.0,66874000,65076000,36982000.0,-1596000.0,35386000.0,https://www.sec.gov/Archives/edgar/data/1061983/000119312517071866/0001193125-17-071866-index.htm,https://www.sec.gov/Archives/edgar/data/1061983/000119312517071866/d307977d10k.htm,1620590944,16:09:04,20210509
5,2015-12-31,CYTK,USD,2016-03-03,2016-03-03 16:20:27,FY,-37501000,589000.0,0.0,4567000.0,-25818000.0,46634000.0,0.0,755000.0,81458000,3000.0,4883000.0,-562000.0,0.0,-115566000.0,132190000,0.0,16063000.0,0.0,8673000.0,0.0,0.0,352000.0,23915000.0,0.0,44861000.0,65076000,20215000,4883000.0,-562000.0,4321000.0,https://www.sec.gov/Archives/edgar/data/1061983/000119312516491656/0001193125-16-491656-index.htm,https://www.sec.gov/Archives/edgar/data/1061983/000119312516491656/d32802d10k.htm,1620590944,16:09:04,20210509
6,2014-12-31,CYTK,USD,2015-03-06,2015-03-06 16:27:42,FY,-14646000,490000.0,0.0,3330000.0,54642000.0,-46641000.0,0.0,-2178000.0,107276000,3330000.0,-44843000.0,-1104000.0,0.0,-107043000.0,104098000,0.0,-4049000.0,0.0,48971000.0,0.0,0.0,-22000.0,48949000.0,0.0,57000.0,20215000,20158000,-44843000.0,-1104000.0,-45947000.0,https://www.sec.gov/Archives/edgar/data/1061983/000119312515081081/0001193125-15-081081-index.htm,https://www.sec.gov/Archives/edgar/data/1061983/000119312515081081/d828167d10k.htm,1620590944,16:09:04,20210509
7,2013-12-31,CYTK,USD,2014-03-07,2014-03-07 16:02:07,FY,-33717000,433000.0,0.0,3597000.0,-16688000.0,0.0,0.0,1506000.0,52634000,3597000.0,-7718000.0,-542000.0,0.0,-79434000.0,78444000,0.0,-1519000.0,0.0,14488000.0,0.0,0.0,0.0,14488000.0,0.0,5251000.0,20158000,14907000,-7718000.0,-542000.0,-8260000.0,https://www.sec.gov/Archives/edgar/data/1061983/000119312514089045/0001193125-14-089045-index.htm,https://www.sec.gov/Archives/edgar/data/1061983/000119312514089045/d630471d10k.htm,1620590944,16:09:04,20210509
8,2012-12-31,CYTK,USD,2013-03-15,2013-03-15 13:56:49,FY,-40370000,591000.0,0.0,3783000.0,22774000.0,10000.0,0.0,828000.0,69322000,-56000.0,-33438000.0,-125000.0,0.0,-92788000.0,63900000,196000.0,-28815000.0,-152000.0,43341000.0,0.0,0.0,2820000.0,58327000.0,0.0,-3926000.0,14907000,18833000,-33438000.0,-125000.0,-33563000.0,https://www.sec.gov/Archives/edgar/data/1061983/000119312513109579/0001193125-13-109579-index.htm,https://www.sec.gov/Archives/edgar/data/1061983/000119312513109579/d443952d10k.htm,1620590944,16:09:04,20210509
9,2011-12-31,CYTK,USD,2012-03-13,2012-03-13 13:53:47,FY,-47860000,1297000.0,0.0,3069000.0,-19626000.0,32000.0,0.0,162000.0,46548000,-47666000.0,-45595000.0,-443000.0,0.0,-48025000.0,73174000,592000.0,25301000.0,-833000.0,10696000.0,0.0,0.0,2421000.0,21613000.0,0.0,1319000.0,18833000,17514000,-45595000.0,-443000.0,-46038000.0,https://www.sec.gov/Archives/edgar/data/1061983/000119312512111660/0001193125-12-111660-index.htm,https://www.sec.gov/Archives/edgar/data/1061983/000119312512111660/d258443d10k.htm,1620590944,16:09:04,20210509
10,2010-12-31,CYTK,USD,2011-03-11,2011-03-10 21:29:18,FY,-49287000,1900000.0,0.0,4017000.0,-30561000.0,134000.0,0.0,-536000.0,66174000,-49278000.0,-44830000.0,-493000.0,0.0,-109860000.0,143690000,886000.0,34237000.0,-11817000.0,425000.0,0.0,0.0,13938000.0,2546000.0,0.0,-8047000.0,17514000,25561000,-44830000.0,-493000.0,-45323000.0,https://www.sec.gov/Archives/edgar/data/1061983/000095012311024354/0000950123-11-024354-index.htm,https://www.sec.gov/Archives/edgar/data/1061983/000095012311024354/f58189e10vk.htm,1620590944,16:09:04,20210509
11,2009-12-31,CYTK,USD,2010-03-11,2010-03-11 14:33:42,FY,24544000,2021000.0,0.0,4906000.0,60702000.0,41000.0,0.0,334000.0,96735000,1700000.0,8416000.0,-550000.0,0.0,-132205000.0,78095000,1106000.0,-53480000.0,-4279000.0,13774000.0,0.0,0.0,20000.0,28806000.0,0.0,-16258000.0,25561000,41819000,8416000.0,-550000.0,7866000.0,https://www.sec.gov/Archives/edgar/data/1061983/000095012310023494/0000950123-10-023494-index.htm,https://www.sec.gov/Archives/edgar/data/1061983/000095012310023494/f54965e10vk.htm,1620590944,16:09:04,20210509
12,2008-12-31,CYTK,USD,2009-03-12,2009-03-12 16:33:25,FY,-56374000,2456000.0,0.0,0.0,-59535000.0,0.0,0.0,0.0,36033000,6217000.0,-61328000.0,-658000.0,0.0,-24462000.0,12607000,2547000.0,-9966000.0,0.0,599000.0,0.0,0.0,0.0,-3451000.0,0.0,-74745000.0,41819000,116564000,-61328000.0,-658000.0,-61986000.0,https://www.sec.gov/Archives/edgar/data/1061983/000089161809000080/0000891618-09-000080-index.htm,https://www.sec.gov/Archives/edgar/data/1061983/000089161809000080/f51622e10vk.htm,1620590944,16:09:04,20210509
13,2007-12-31,CYTK,USD,2008-03-12,2008-03-12 15:14:25,FY,-48894000,2829000.0,0.0,0.0,-31661000.0,0.0,0.0,0.0,95568000,5768000.0,-3005000.0,-2563000.0,0.0,-51700000.0,98729000,996000.0,45462000.0,0.0,36866000.0,0.0,0.0,0.0,34720000.0,0.0,77177000.0,116564000,39387000,-3005000.0,-2563000.0,-5568000.0,https://www.sec.gov/Archives/edgar/data/1061983/000095013408004627/0000950134-08-004627-index.htm,https://www.sec.gov/Archives/edgar/data/1061983/000095013408004627/f38882e10vk.htm,1620590944,16:09:04,20210509
14,2006-12-31,CYTK,USD,2007-03-12,2007-03-12 17:15:32,FY,-57115000,2927000.0,0.0,0.0,59629000.0,0.0,0.0,0.0,127229000,4842000.0,-47170000.0,-5370000.0,0.0,-143046000.0,135527000,-799000.0,-13682000.0,0.0,85252000.0,-2000.0,0.0,0.0,86724000.0,0.0,25872000.0,39387000,13515000,-47170000.0,-5370000.0,-52540000.0,https://www.sec.gov/Archives/edgar/data/1061983/000089161807000150/0000891618-07-000150-index.htm,https://www.sec.gov/Archives/edgar/data/1061983/000089161807000150/f26813e10vk.htm,1620590944,16:09:04,20210509
15,2005-12-31,CYTK,USD,2006-03-10,2006-03-10 14:04:29,FY,-42252000,3062000.0,0.0,0.0,-30428000.0,0.0,0.0,0.0,67600000,0.0,-39484000.0,-1465000.0,0.0,-89326000.0,123995000,1268000.0,34492000.0,0.0,1054000.0,-25000.0,0.0,0.0,5446000.0,0.0,454000.0,13515000,13061000,-39484000.0,-1465000.0,-40949000.0,https://www.sec.gov/Archives/edgar/data/1061983/000095013406004705/0000950134-06-004705-index.htm,https://www.sec.gov/Archives/edgar/data/1061983/000095013406004705/f18040e10vk.htm,1620590944,16:09:04,20210509
16,2004-12-31,CYTK,USD,2005-03-14,2005-03-11 20:41:34,FY,-37198000,3276000.0,0.0,0.0,70409000.0,0.0,0.0,0.0,98028000,0.0,-34032000.0,-1400000.0,0.0,-189451000.0,124230000,1115000.0,-65506000.0,0.0,101931000.0,-20000.0,0.0,0.0,102321000.0,0.0,2783000.0,13061000,10278000,-34032000.0,-1400000.0,-35432000.0,https://www.sec.gov/Archives/edgar/data/1061983/000095013405004783/0000950134-05-004783-index.htm,https://www.sec.gov/Archives/edgar/data/1061983/000095013405004783/f05093e10vk.htm,1620590944,16:09:04,20210509
17,2003-12-31,CYTK,USD,2003-12-31,2003-12-31,FY,-32685000,3181000.0,0.0,0.0,9048000.0,0.0,0.0,0.0,27619000,0.0,-30513000.0,-3051000.0,0.0,-54971000.0,36995000,5907000.0,-15120000.0,0.0,40178000.0,0.0,0.0,0.0,40236000.0,0.0,-5397000.0,10991000,16388000,-30513000.0,-3051000.0,-33564000.0,,,1620590944,16:09:04,20210509
18,2002-12-31,CYTK,USD,2002-12-31,2002-12-31,FY,-23080000,2849000.0,0.0,0.0,-1904000.0,0.0,-342000.0,0.0,18571000,0.0,-22303000.0,-6570000.0,0.0,0.0,36768000,-7620000.0,22578000.0,0.0,68000.0,-2000.0,0.0,-50000.0,4869000.0,0.0,5144000.0,16388000,11244000,-22303000.0,-6570000.0,-28873000.0,,,1620590944,16:09:04,20210509
