,date,symbol,reportedCurrency,fillingDate,acceptedDate,period,netIncome,depreciationAndAmortization,deferredIncomeTax,stockBasedCompensation,changeInWorkingCapital,accountsReceivables,inventory,accountsPayables,otherWorkingCapital,otherNonCashItems,netCashProvidedByOperatingActivities,investmentsInPropertyPlantAndEquipment,acquisitionsNet,purchasesOfInvestments,salesMaturitiesOfInvestments,otherInvestingActivites,netCashUsedForInvestingActivites,debtRepayment,commonStockIssued,commonStockRepurchased,dividendsPaid,otherFinancingActivites,netCashUsedProvidedByFinancingActivities,effectOfForexChangesOnCash,netChangeInCash,cashAtEndOfPeriod,cashAtBeginningOfPeriod,operatingCashFlow,capitalExpenditure,freeCashFlow,link,finalLink,timestamp,est_time,est_date
0,2020-12-31,WEYS,USD,2021-03-12,2021-03-12 14:11:19,FY,-8485000.0,3217000.0,2755000.0,1377000.0,32778000.0,11397000.0,27520000.0,-4149000.0,0.0,-611000.0,39981000.0,-3368000.0,0.0,0.0,6680000.0,-155000.0,3157000.0,-40996000.0,0.0,-2063000.0,-11776000.0,0.0,-20888000.0,427000.0,22677000.0,32476000.0,9799000.0,39981000.0,-3368000.0,36613000.0,https://www.sec.gov/Archives/edgar/data/106532/000110465921035462/0001104659-21-035462-index.htm,https://www.sec.gov/Archives/edgar/data/106532/000110465921035462/weys-20201231x10k.htm,1620599790,18:36:30,20210509
1,2019-12-31,WEYS,USD,2020-03-12,2020-03-12 14:20:42,FY,20882000.0,3486000.0,-869000.0,1452000.0,154000.0,-138000.0,-14042000.0,-315000.0,118119000.0,-564000.0,9387000.0,-7392000.0,0.0,-14641000.0,13250000.0,-155000.0,-8938000.0,-150149000.0,0.0,-5649000.0,-9408000.0,-5000.0,-13692000.0,69000.0,-13174000.0,9799000.0,22973000.0,9387000.0,-7392000.0,1995000.0,https://www.sec.gov/Archives/edgar/data/106532/000110465920032373/0001104659-20-032373-index.htm,https://www.sec.gov/Archives/edgar/data/106532/000110465920032373/tm205280d1_10k.htm,1620599790,18:36:30,20210509
2,2018-12-31,WEYS,USD,2019-03-14,2019-03-14 16:49:23,FY,20484000.0,4030000.0,643000.0,1513000.0,-2454000.0,-2409000.0,-12387000.0,3898000.0,117965000.0,-528000.0,13052000.0,-1410000.0,0.0,-7949000.0,11338000.0,-155000.0,1824000.0,-54500000.0,0.0,-11414000.0,-9213000.0,-4527000.0,-14911000.0,-445000.0,-480000.0,22973000.0,23453000.0,13052000.0,-1410000.0,11642000.0,https://www.sec.gov/Archives/edgar/data/106532/000114420419013992/0001144204-19-013992-index.htm,https://www.sec.gov/Archives/edgar/data/106532/000114420419013992/tv515153_10k.htm,1620599790,18:36:30,20210509
3,2017-12-31,WEYS,USD,2018-03-13,2018-03-13 15:18:50,FY,16491000.0,4305000.0,2187000.0,1622000.0,3466000.0,637000.0,9634000.0,-2813000.0,120419000.0,-517000.0,33517000.0,-1578000.0,0.0,-15597000.0,17565000.0,-155000.0,235000.0,-35838000.0,0.0,-15190000.0,-8877000.0,-358000.0,-24409000.0,400000.0,9743000.0,23453000.0,13710000.0,33517000.0,-1578000.0,31939000.0,https://www.sec.gov/Archives/edgar/data/106532/000114420418014341/0001144204-18-014341-index.htm,https://www.sec.gov/Archives/edgar/data/106532/000114420418014341/v487074_10k.htm,1620599790,18:36:30,20210509
4,2016-12-31,WEYS,USD,2017-03-09,2017-03-09 17:06:34,FY,16472000.0,4057000.0,-2645000.0,1559000.0,-1336000.0,3179000.0,27313000.0,-1389000.0,116953000.0,-573000.0,46871000.0,-5992000.0,0.0,-6287000.0,5745000.0,-155000.0,-6689000.0,-144340000.0,0.0,-10967000.0,-8720000.0,-5367000.0,-44441000.0,43000.0,-4216000.0,13710000.0,17926000.0,46871000.0,-5992000.0,40879000.0,https://www.sec.gov/Archives/edgar/data/106532/000114420417013739/0001144204-17-013739-index.htm,https://www.sec.gov/Archives/edgar/data/106532/000114420417013739/v456062_10k.htm,1620599790,18:36:30,20210509
5,2015-12-31,WEYS,USD,2016-03-10,2016-03-10 15:59:42,FY,18212000.0,4038000.0,346000.0,1559000.0,5997000.0,1009000.0,-28282000.0,-2326000.0,118289000.0,-1031000.0,-5727000.0,-2481000.0,0.0,-3033000.0,8191000.0,-155000.0,2522000.0,-139290000.0,0.0,-9858000.0,-8452000.0,391000.0,9469000.0,-837000.0,5427000.0,17926000.0,12499000.0,-5727000.0,-2481000.0,-8208000.0,https://www.sec.gov/Archives/edgar/data/106532/000114420416087188/0001144204-16-087188-index.htm,https://www.sec.gov/Archives/edgar/data/106532/000114420416087188/v432450_10k.htm,1620599790,18:36:30,20210509
6,2014-12-31,WEYS,USD,2015-03-11,2015-03-11 11:10:44,FY,19020000.0,4020000.0,1115000.0,1465000.0,11866000.0,-6787000.0,-5807000.0,1626000.0,112292000.0,59000.0,17843000.0,-2890000.0,0.0,-8427000.0,8177000.0,-155000.0,-3295000.0,-107795000.0,0.0,-7984000.0,-8029000.0,-65000.0,-17792000.0,-226000.0,-3470000.0,12499000.0,15969000.0,17843000.0,-2890000.0,14953000.0,https://www.sec.gov/Archives/edgar/data/106532/000114420415015293/0001144204-15-015293-index.htm,https://www.sec.gov/Archives/edgar/data/106532/000114420415015293/v402800_10-k.htm,1620599790,18:36:30,20210509
7,2013-12-31,WEYS,USD,2014-03-12,2014-03-12 13:01:05,FY,17601000.0,4234000.0,1268000.0,1283000.0,24003000.0,421000.0,2048000.0,2846000.0,100426000.0,-516000.0,29826000.0,-2699000.0,0.0,-122000.0,13968000.0,-155000.0,7786000.0,-44000000.0,0.0,-4623000.0,-3904000.0,-905000.0,-38500000.0,-431000.0,-1319000.0,15969000.0,17288000.0,29826000.0,-3206000.0,27127000.0,https://www.sec.gov/Archives/edgar/data/106532/000114420414015028/0001144204-14-015028-index.htm,https://www.sec.gov/Archives/edgar/data/106532/000114420414015028/v368730_10k.htm,1620599790,18:36:30,20210509
8,2012-12-31,WEYS,USD,2013-03-14,2013-03-14 16:03:46,FY,18957000.0,3643000.0,1648000.0,1201000.0,13095000.0,-5586000.0,-2676000.0,-1802000.0,76423000.0,-4057000.0,17987000.0,-9540000.0,0.0,-10000.0,7342000.0,-155000.0,-2363000.0,-25000000.0,0.0,-6558000.0,-10875000.0,-1578000.0,-8711000.0,46000.0,6959000.0,17288000.0,10329000.0,17987000.0,-9540000.0,8447000.0,https://www.sec.gov/Archives/edgar/data/106532/000114420413015061/0001144204-13-015061-index.htm,https://www.sec.gov/Archives/edgar/data/106532/000114420413015061/v331060_10k.htm,1620599790,18:36:30,20210509
9,2011-12-31,WEYS,USD,2012-03-13,2012-03-13 13:18:54,FY,15251000.0,2844000.0,-343000.0,1224000.0,-20441000.0,-1267000.0,-3667000.0,2141000.0,63328000.0,-211000.0,17143000.0,-8189000.0,-27000000.0,-1179000.0,12963000.0,14000.0,-23569000.0,-44814000.0,0.0,-13021000.0,-7155000.0,496000.0,9602000.0,3000.0,3179000.0,10329000.0,7150000.0,17143000.0,-8344000.0,8799000.0,https://www.sec.gov/Archives/edgar/data/106532/000114420412014516/0001144204-12-014516-index.htm,https://www.sec.gov/Archives/edgar/data/106532/000114420412014516/v302790_10k.htm,1620599790,18:36:30,20210509
10,2010-12-31,WEYS,USD,2011-03-15,2011-03-15 15:22:45,FY,13668000.0,2816000.0,503000.0,1128000.0,-7213000.0,-4607000.0,-14889000.0,1031000.0,83769000.0,-515000.0,98000.0,-1510000.0,-3000000.0,-22762000.0,6375000.0,0.0,-20690000.0,0.0,0.0,-2321000.0,-7026000.0,555000.0,-2590000.0,332000.0,-22850000.0,7150000.0,30000000.0,98000.0,-1665000.0,-1567000.0,https://www.sec.gov/Archives/edgar/data/106532/000114420411014846/0001144204-11-014846-index.htm,https://www.sec.gov/Archives/edgar/data/106532/000114420411014846/v214162_10k.htm,1620599790,18:36:30,20210509
11,2009-12-31,WEYS,USD,2010-03-12,2010-03-12 13:44:37,FY,12821000.0,3041000.0,-18000.0,877000.0,6328000.0,2917000.0,15758000.0,-231000.0,90982000.0,-494000.0,37902000.0,-1318000.0,-9000000.0,-8073000.0,7273000.0,-155000.0,-11591000.0,-1250000.0,0.0,-2633000.0,-6578000.0,1438000.0,-8340000.0,543000.0,18514000.0,30000000.0,11486000.0,37902000.0,-1318000.0,36584000.0,https://www.sec.gov/Archives/edgar/data/106532/000114420410013068/0001144204-10-013068-index.htm,https://www.sec.gov/Archives/edgar/data/106532/000114420410013068/v176968_10k.htm,1620599790,18:36:30,20210509
12,2008-12-31,WEYS,USD,2009-03-12,2009-03-12 15:09:19,FY,17025000.0,2745000.0,436000.0,0.0,7921529.0,0.0,-2380000.0,0.0,84654000.0,421000.0,15744000.0,-2178000.0,0.0,-3069000.0,5820000.0,-155000.0,422000.0,0.0,2191000.0,-11539000.0,-5738000.0,1847000.0,-12539000.0,0.0,3627000.0,11486000.0,7859000.0,15744000.0,-2178000.0,13566000.0,https://www.sec.gov/Archives/edgar/data/106532/000114420409013541/0001144204-09-013541-index.htm,https://www.sec.gov/Archives/edgar/data/106532/000114420409013541/v142419_10k.htm,1620599790,18:36:30,20210509
13,2007-12-31,WEYS,USD,2008-03-13,2008-03-13 15:10:03,FY,22900982.0,2574424.0,79734.0,0.0,8423797.0,0.0,6368528.0,0.0,76732471.0,994278.0,24151672.0,-2727362.0,0.0,-8405737.0,1343321.0,0.0,-9713146.0,0.0,1853250.0,-9924502.0,-4655745.0,1240526.0,-21893989.0,0.0,-7455463.0,7858677.0,15314140.0,24151672.0,-2727362.0,21424310.0,https://www.sec.gov/Archives/edgar/data/106532/000114420408015019/0001144204-08-015019-index.htm,https://www.sec.gov/Archives/edgar/data/106532/000114420408015019/v106471_10k.htm,1620599790,18:36:30,20210509
14,2006-12-31,WEYS,USD,2007-03-15,2007-03-15 15:04:31,FY,21855551.0,2281044.0,517973.0,0.0,5574883.0,0.0,-12452247.0,0.0,68308674.0,-432256.0,9612994.0,-3185862.0,0.0,-17813940.0,6942114.0,0.0,-14055951.0,0.0,2937888.0,-5197875.0,-3717899.0,1549056.0,-3023816.0,0.0,-7466773.0,15314140.0,22780913.0,9612994.0,-3185862.0,6427132.0,https://www.sec.gov/Archives/edgar/data/106532/000127528707001331/0001275287-07-001331-index.htm,https://www.sec.gov/Archives/edgar/data/106532/000127528707001331/wg9266.htm,1620599790,18:36:30,20210509
15,2005-12-31,WEYS,USD,2006-03-13,2006-03-13 12:41:26,FY,19400765.0,2311724.0,457086.0,0.0,-1915432.0,0.0,9071618.0,0.0,62733791.0,0.0,38684234.0,-1835167.0,0.0,-25188918.0,5278770.0,0.0,-21740728.0,0.0,1860809.0,-1846150.0,-2884927.0,0.0,-4677300.0,0.0,12266206.0,22780913.0,10514707.0,38684234.0,-1835167.0,36849067.0,https://www.sec.gov/Archives/edgar/data/106532/000127528706001360/0001275287-06-001360-index.htm,https://www.sec.gov/Archives/edgar/data/106532/000127528706001360/wg5054.htm,1620599790,18:36:30,20210509
16,2004-12-31,WEYS,USD,2005-03-14 00:00:00,2005-03-11 17:39:37,FY,20277674.0,2597806.0,1187260.0,0.0,18298330.0,0.0,-3892642.0,0.0,64649223.0,0.0,19924919.0,-1127088.0,0.0,-6106521.0,5262953.0,0.0,-1739950.0,0.0,2203623.0,0.0,-2380158.0,0.0,-16761829.0,0.0,1423140.0,10514707.0,9091567.0,19924919.0,-1127088.0,18797831.0,https://www.sec.gov/Archives/edgar/data/106532/000095013705002913/0000950137-05-002913-index.html,https://www.sec.gov/Archives/edgar/data/106532/000095013705002913/c92868e10vk.htm,1620599790,18:36:30,20210509
17,2003-12-31,WEYS,USD,2004-03-12 00:00:00,2004-03-12 15:50:27,FY,17134801.0,2509814.0,978527.0,0.0,-28960370.0,0.0,6013355.0,0.0,46350893.0,0.0,26279535.0,-9833660.0,0.0,-5163270.0,4808799.0,0.0,-10196796.0,0.0,1012943.0,-3361294.0,-2086763.0,0.0,-14292276.0,0.0,1790463.0,9091567.0,7301104.0,26279535.0,-9833660.0,16445875.0,https://www.sec.gov/Archives/edgar/data/106532/000095013704001795/0000950137-04-001795-index.html,https://www.sec.gov/Archives/edgar/data/106532/000095013704001795/c83596e10vk.txt,1620599790,18:36:30,20210509
18,2002-12-31,WEYS,USD,2003-03-24 00:00:00,2003-03-24 16:21:33,FY,13187918.0,2231119.0,1164000.0,0.0,34501674.0,0.0,-7374620.0,0.0,75311263.0,0.0,14317029.0,-8194532.0,0.0,-6004234.0,9899355.0,0.0,-52775058.0,0.0,1064155.0,-195447.0,-1878604.0,-374057.0,28908135.0,0.0,-9549894.0,7301104.0,16850998.0,14317029.0,-8194532.0,6122497.0,https://www.sec.gov/Archives/edgar/data/106532/000095013403004395/0000950134-03-004395-index.html,https://www.sec.gov/Archives/edgar/data/106532/000095013403004395/c75458e10vk.txt,1620599790,18:36:30,20210509
19,2001-12-31,WEYS,USD,2001-12-31,2001-12-31,FY,9501242.0,1608525.0,295000.0,0.0,6897791.0,0.0,-3788440.0,0.0,40809589.0,0.0,9988596.0,-743956.0,0.0,0.0,8938444.0,0.0,8360083.0,0.0,255375.0,-5784410.0,-1790792.0,0.0,-5016871.0,0.0,13331808.0,16850998.0,3519190.0,9988596.0,-743956.0,9244640.0,,,1620599790,18:36:30,20210509
20,2000-12-31,WEYS,USD,2000-12-31,2000-12-31,FY,10622333.0,1489511.0,1110000.0,0.0,7111798.0,0.0,5826515.0,0.0,33911798.0,0.0,11650424.0,-1204363.0,0.0,-5565951.0,5745678.0,0.0,-994882.0,0.0,1130415.0,-6786293.0,-1731337.0,0.0,-10980267.0,0.0,-324725.0,3519190.0,3843915.0,11650424.0,-1204363.0,10446061.0,,,1620599790,18:36:30,20210509
21,1999-12-31,WEYS,USD,1999-12-31,1999-12-31,FY,11100000.0,1200000.0,1300000.0,0.0,5100000.0,0.0,-7800000.0,0.0,26800000.0,100000.0,2700000.0,-4400000.0,0.0,-2000000.0,11400000.0,0.0,6300000.0,0.0,600000.0,-7600000.0,-1700000.0,0.0,-9400000.0,0.0,-400000.0,3800000.0,4200000.0,2700000.0,-4400000.0,-1700000.0,,,1620599790,18:36:30,20210509
22,1998-12-31,WEYS,USD,1998-12-31,1998-12-31,FY,9800000.0,600000.0,100000.0,0.0,-6600000.0,0.0,-600000.0,0.0,21700000.0,100000.0,9600000.0,-12100000.0,0.0,-10100000.0,15600000.0,-100000.0,-6700000.0,0.0,500000.0,-10400000.0,-1600000.0,0.0,-2000000.0,0.0,0.0,0.0,3300000.0,9600000.0,-12100000.0,-2500000.0,,,1620599790,18:36:30,20210509
23,1997-12-31,WEYS,USD,1997-12-31,1997-12-31,FY,9100000.0,800000.0,-200000.0,0.0,-5500000.0,0.0,1200000.0,0.0,28300000.0,0.0,11400000.0,-600000.0,0.0,-26000000.0,13300000.0,-100000.0,-13300000.0,0.0,400000.0,-700000.0,-1400000.0,0.0,-1700000.0,0.0,0.0,0.0,6800000.0,11400000.0,-600000.0,10800000.0,,,1620599790,18:36:30,20210509
24,1996-12-31,WEYS,USD,1997-03-25 00:00:00,1997-03-25 00:00:00,FY,8100000.0,1000000.0,100000.0,0.0,2900000.0,0.0,2500000.0,0.0,33800000.0,-200000.0,12000000.0,-300000.0,0.0,-15600000.0,13700000.0,0.0,-2200000.0,0.0,100000.0,-11700000.0,-1400000.0,-100000.0,-14300000.0,0.0,0.0,0.0,11200000.0,12000000.0,-300000.0,11700000.0,https://www.sec.gov/Archives/edgar/data/106532/000095012497001773/0000950124-97-001773-index.html,https://www.sec.gov/Archives/edgar/data/106532/0000950124-97-001773.txt,1620599790,18:36:30,20210509
25,1995-12-31,WEYS,USD,1995-12-31,1995-12-31,FY,6800000.0,1100000.0,200000.0,0.0,-2500000.0,0.0,-4200000.0,0.0,0.0,100000.0,5900000.0,-200000.0,0.0,-33500000.0,39300000.0,-400000.0,5200000.0,0.0,1100000.0,-1900000.0,-1500000.0,-1200000.0,-3500000.0,0.0,0.0,0.0,3600000.0,5900000.0,-200000.0,5700000.0,,,1620599790,18:36:30,20210509
26,1994-12-31,WEYS,USD,1994-12-31,1994-12-31,FY,6200000.0,1200000.0,-400000.0,0.0,9500000.0,0.0,6300000.0,0.0,0.0,300000.0,16800000.0,-1100000.0,0.0,-65500000.0,53400000.0,100000.0,-13000000.0,0.0,700000.0,-8200000.0,-1700000.0,0.0,-9200000.0,0.0,0.0,0.0,9100000.0,16800000.0,-1100000.0,15700000.0,,,1620599790,18:36:30,20210509
27,1993-12-31,WEYS,USD,1993-12-31,1993-12-31,FY,5800000.0,1200000.0,300000.0,0.0,-2800000.0,0.0,-600000.0,0.0,0.0,400000.0,4100000.0,-1900000.0,0.0,-40100000.0,39100000.0,-400000.0,-3000000.0,0.0,400000.0,0.0,-1600000.0,0.0,-1200000.0,0.0,0.0,0.0,9300000.0,4100000.0,-1900000.0,2200000.0,,,1620599790,18:36:30,20210509
28,1992-12-31,WEYS,USD,1992-12-31,1992-12-31,FY,6600000.0,1300000.0,-1100000.0,0.0,3200000.0,0.0,6200000.0,0.0,0.0,-100000.0,10000000.0,-2500000.0,0.0,-21900000.0,11400000.0,-300000.0,-13100000.0,0.0,100000.0,-400000.0,-1400000.0,-100000.0,-1800000.0,0.0,0.0,0.0,14100000.0,10000000.0,-2500000.0,7500000.0,,,1620599790,18:36:30,20210509
29,1991-12-31,WEYS,USD,1991-12-31,1991-12-31,FY,5100000.0,1200000.0,-500000.0,0.0,8600000.0,0.0,4200000.0,0.0,0.0,-100000.0,14600000.0,-900000.0,0.0,-16300000.0,10300000.0,-200000.0,-7000000.0,0.0,0.0,-1000000.0,-1300000.0,0.0,-2300000.0,0.0,0.0,0.0,8800000.0,14600000.0,-900000.0,13700000.0,,,1620599790,18:36:30,20210509
30,1990-12-31,WEYS,USD,1990-12-31,1990-12-31,FY,6500000.0,1200000.0,0.0,0.0,0.0,0.0,0.0,0.0,0.0,0.0,0.0,0.0,0.0,0.0,0.0,0.0,0.0,0.0,0.0,0.0,0.0,0.0,0.0,0.0,0.0,0.0,0.0,0.0,0.0,0.0,,,1620599790,18:36:30,20210509
31,1989-12-31,WEYS,USD,1989-12-31,1989-12-31,FY,6400000.0,900000.0,0.0,0.0,0.0,0.0,0.0,0.0,0.0,0.0,0.0,0.0,0.0,0.0,0.0,0.0,0.0,0.0,0.0,0.0,0.0,0.0,0.0,0.0,0.0,0.0,0.0,0.0,0.0,0.0,,,1620599790,18:36:30,20210509
32,1988-12-31,WEYS,USD,1988-12-31,1988-12-31,FY,5100000.0,1200000.0,0.0,0.0,0.0,0.0,0.0,0.0,0.0,0.0,0.0,0.0,0.0,0.0,0.0,0.0,0.0,0.0,0.0,0.0,0.0,0.0,0.0,0.0,0.0,0.0,0.0,0.0,0.0,0.0,,,1620599790,18:36:30,20210509
33,1986-12-31,WEYS,USD,1986-12-31,1986-12-31,FY,4300000.0,1100000.0,0.0,0.0,0.0,0.0,0.0,0.0,0.0,0.0,0.0,0.0,0.0,0.0,0.0,0.0,0.0,0.0,0.0,0.0,0.0,0.0,0.0,0.0,0.0,0.0,0.0,0.0,0.0,0.0,,,1620599790,18:36:30,20210509
34,1985-12-31,WEYS,USD,1985-12-31,1985-12-31,FY,4800000.0,1100000.0,0.0,0.0,0.0,0.0,0.0,0.0,0.0,0.0,0.0,0.0,0.0,0.0,0.0,0.0,0.0,0.0,0.0,0.0,0.0,0.0,0.0,0.0,0.0,0.0,0.0,0.0,0.0,0.0,,,1620599790,18:36:30,20210509
