,date,symbol,reportedCurrency,fillingDate,acceptedDate,period,netIncome,depreciationAndAmortization,deferredIncomeTax,stockBasedCompensation,changeInWorkingCapital,accountsReceivables,inventory,accountsPayables,otherWorkingCapital,otherNonCashItems,netCashProvidedByOperatingActivities,investmentsInPropertyPlantAndEquipment,acquisitionsNet,purchasesOfInvestments,salesMaturitiesOfInvestments,otherInvestingActivites,netCashUsedForInvestingActivites,debtRepayment,commonStockIssued,commonStockRepurchased,dividendsPaid,otherFinancingActivites,netCashUsedProvidedByFinancingActivities,effectOfForexChangesOnCash,netChangeInCash,cashAtEndOfPeriod,cashAtBeginningOfPeriod,operatingCashFlow,capitalExpenditure,freeCashFlow,link,finalLink,timestamp,est_time,est_date
0,2020-12-31,TRS,USD,2021-02-25,2021-02-25 11:50:24,FY,-79760000.0,29020000.0,-33710000.0,8170000.0,-99610000.0,9580000.0,3980000.0,4490000.0,214640000.0,0.0,127410000,1950000.0,-193540000.0,0.0,0.0,0.0,-232070000.0,9060000.0,0.0,0.0,0.0,0.0,6140000.0,0.0,0.0,0.0,0.0,127410000,1950000.0,129360000.0,https://www.sec.gov/Archives/edgar/data/842633/000084263321000005/0000842633-21-000005-index.htm,https://www.sec.gov/Archives/edgar/data/842633/000084263321000005/trs-20201231.htm,1620599045,18:24:05,20210509
1,2019-12-31,TRS,USD,2020-02-27 00:00:00,2020-02-27 11:41:01,FY,98620000.0,43500000.0,2100000.0,6450000.0,44170000.0,0.0,740000.0,0.0,314250000.0,-2740000.0,75600000,-29670000.0,61000000.0,0.0,0.0,0.0,31320000.0,-189340000.0,0.0,-36740000.0,0.0,0.0,-40360000.0,0.0,64320000.0,172470000.0,108150000.0,75600000,-29670000.0,45930000.0,https://www.sec.gov/Archives/edgar/data/842633/000084263320000014/0000842633-20-000014-index.html,https://www.sec.gov/Archives/edgar/data/842633/000084263320000014/trs201910-k.htm,1620599045,18:24:05,20210509
2,2018-12-31,TRS,USD,2019-02-28 00:00:00,2019-02-28 13:29:02,FY,83300000.0,44020000.0,7200000.0,7170000.0,80690000.0,-11420000.0,-18690000.0,0.0,270080000.0,4090000.0,129320000,-25050000.0,0.0,0.0,0.0,0.0,-24800000.0,-68490000.0,0.0,-12140000.0,0.0,-2380000.0,-23950000.0,0.0,80570000.0,108150000.0,27580000.0,129320000,-25050000.0,104270000.0,https://www.sec.gov/Archives/edgar/data/842633/000084263319000010/0000842633-19-000010-index.html,https://www.sec.gov/Archives/edgar/data/842633/000084263319000010/trs201810-k.htm,1620599045,18:24:05,20210509
3,2017-12-31,TRS,USD,2018-02-27 00:00:00,2018-02-27 12:59:10,FY,30960000.0,46870000.0,15260000.0,6780000.0,13860000.0,0.0,4350000.0,0.0,189390000.0,10210000.0,120060000,-36800000.0,4000000.0,0.0,0.0,0.0,-32350000.0,-775250000.0,0.0,0.0,0.0,-6380000.0,-80840000.0,0.0,6870000.0,27580000.0,20710000.0,120060000,-36800000.0,83260000.0,https://www.sec.gov/Archives/edgar/data/842633/000084263318000010/0000842633-18-000010-index.html,https://www.sec.gov/Archives/edgar/data/842633/000084263318000010/trs201710-k.htm,1620599045,18:24:05,20210509
4,2016-12-31,TRS,USD,2017-02-28 00:00:00,2017-02-28 13:47:48,FY,-39800000.0,44860000.0,-32160000.0,6940000.0,1660000.0,0.0,5180000.0,0.0,175530000.0,2900000.0,80470000,-31330000.0,0.0,0.0,0.0,0.0,-31110000.0,-447200000.0,0.0,0.0,0.0,-1890000.0,-48100000.0,0.0,1260000.0,20710000.0,19450000.0,80470000,-31330000.0,49140000.0,https://www.sec.gov/Archives/edgar/data/842633/000084263317000010/0000842633-17-000010-index.html,https://www.sec.gov/Archives/edgar/data/842633/000084263317000010/trs201610-k.htm,1620599045,18:24:05,20210509
5,2015-12-31,TRS,USD,2016-02-26 00:00:00,2016-02-26 16:38:32,FY,-33400000.0,43540000.0,-8750000.0,6340000.0,-74830000.0,0.0,3250000.0,0.0,173870000.0,2930000.0,62540000,-28660000.0,-8000000.0,0.0,0.0,0.0,-36960000.0,-1614260000.0,0.0,0.0,0.0,-24750000.0,-28040000.0,0.0,-4970000.0,19450000.0,24420000.0,62540000,-28660000.0,33880000.0,https://www.sec.gov/Archives/edgar/data/842633/000084263316000176/0000842633-16-000176-index.html,https://www.sec.gov/Archives/edgar/data/842633/000084263316000176/trs201510-k.htm,1620599045,18:24:05,20210509
6,2014-12-31,TRS,USD,2015-02-26,2015-02-25 17:32:28,FY,68470000.0,56480000.0,-8620000.0,7440000.0,-4800000.0,0.0,-7510000.0,0.0,248700000.0,3590000.0,123400000,-34450000.0,0.0,0.0,0.0,0.0,-410090000.0,-1177740000.0,0.0,0.0,0.0,-50400000.0,284110000.0,0.0,-2580000.0,24420000.0,27000000.0,123400000,-34450000.0,88950000.0,https://www.sec.gov/Archives/edgar/data/842633/000084263315000016/trs201410-k.htm,https://www.sec.gov/Archives/edgar/data/842633/000084263315000016/trs201410-k.htm,1620599045,18:24:05,20210509
7,2013-12-31,TRS,USD,2014-02-20,2014-02-20 16:57:50,FY,75550000.0,50580000.0,-8800000.0,9200000.0,62910000.0,0.0,-10690000.0,0.0,253500000.0,1150000.0,87610000,-39490000.0,-74000000.0,0.0,0.0,0.0,-130340000.0,-1705020000.0,174670000.0,0.0,0.0,-130000.0,49150000.0,0.0,6420000.0,27000000.0,20580000.0,87610000,-39490000.0,48120000.0,https://www.sec.gov/Archives/edgar/data/842633/000084263314000015/trs201310-k.htm,https://www.sec.gov/Archives/edgar/data/842633/000084263314000015/trs201310-k.htm,1620599045,18:24:05,20210509
8,2012-12-31,TRS,USD,2013-02-26 00:00:00,2013-02-26 13:23:18,FY,33880000.0,44870000.0,-8330000.0,9280000.0,-16740000.0,0.0,-48010000.0,0.0,190590000.0,2200000.0,73220000,-46120000.0,-87000000.0,0.0,0.0,0.0,-133000000.0,-1403420000.0,79040000.0,0.0,0.0,1470000.0,-8560000.0,0.0,-68340000.0,20580000.0,88920000.0,73220000,-46120000.0,27100000.0,https://www.sec.gov/Archives/edgar/data/842633/000084263313000015/0000842633-13-000015-index.html,https://www.sec.gov/Archives/edgar/data/842633/000084263313000015/trs201210-k.htm,1620599045,18:24:05,20210509
9,2011-12-31,TRS,USD,2012-02-27 00:00:00,2012-02-27 12:20:55,FY,60360000.0,40470000.0,12680000.0,3510000.0,54990000.0,0.0,-16840000.0,0.0,207330000.0,0.0,95810000,-32620000.0,7000000.0,0.0,0.0,0.0,-25230000.0,-953670000.0,0.0,0.0,0.0,-3810000.0,-28030000.0,0.0,42550000.0,88920000.0,46370000.0,95810000,-32620000.0,63190000.0,https://www.sec.gov/Archives/edgar/data/842633/000084263312000012/0000842633-12-000012-index.html,https://www.sec.gov/Archives/edgar/data/842633/000084263312000012/trs201110-k.htm,1620599045,18:24:05,20210509
10,2010-12-31,TRS,USD,2011-02-28,2011-02-28 08:34:42,FY,45270000.0,37740000.0,11900000.0,2180000.0,52620000.0,0.0,-12820000.0,0.0,152340000.0,2700000.0,94960000,-21900000.0,-16000000.0,0.0,0.0,0.0,-37850000.0,-497020000.0,0.0,0.0,0.0,360000.0,-20220000.0,0.0,36890000.0,46370000.0,9480000.0,94960000,-21900000.0,73060000.0,https://www.sec.gov/Archives/edgar/data/842633/000104746911001479/a2202276z10-k.htm,https://www.sec.gov/Archives/edgar/data/842633/000104746911001479/a2202276z10-k.htm,1620599045,18:24:05,20210509
11,2009-12-31,TRS,USD,2010-03-04 00:00:00,2010-03-04 17:05:49,FY,-220000.0,43940000.0,-5950000.0,580000.0,-58650000.0,0.0,51780000.0,0.0,99720000.0,6090000.0,83510000,-14060000.0,23000000.0,0.0,0.0,0.0,9130000.0,-1118140000.0,0.0,0.0,0.0,-16730000.0,-87070000.0,0.0,5570000.0,9480000.0,3910000.0,83510000,-14060000.0,69450000.0,https://www.sec.gov/Archives/edgar/data/842633/000104746910001784/0001047469-10-001784-index.html,https://www.sec.gov/Archives/edgar/data/842633/000104746910001784/a2196991z10-k.htm,1620599045,18:24:05,20210509
12,2008-12-31,TRS,USD,2009-03-10 00:00:00,2009-03-10 16:48:54,FY,-136190000.0,44070000.0,-19690000.0,1040000.0,47940000.0,0.0,-8740000.0,0.0,158370000.0,188520000.0,31170000,-29170000.0,-4000000.0,0.0,0.0,0.0,-33380000.0,-576160000.0,0.0,0.0,0.0,0.0,1320000.0,0.0,-890000.0,3910000.0,4800000.0,31170000,-29170000.0,2000000.0,https://www.sec.gov/Archives/edgar/data/842633/000104746909002427/0001047469-09-002427-index.html,https://www.sec.gov/Archives/edgar/data/842633/000104746909002427/a2191457z10-k.htm,1620599045,18:24:05,20210509
13,2007-12-31,TRS,USD,2008-03-13,2008-03-13 17:27:56,FY,-158430000.0,44050000.0,-9480000.0,0.0,4100000.0,0.0,-25080000.0,0.0,110430000.0,177630000.0,64970000,-64690000.0,-4000000.0,0.0,0.0,0.0,-68910000.0,0.0,126460000.0,0.0,0.0,0.0,5140000.0,0.0,1200000.0,4800000.0,3600000.0,64970000,-64690000.0,280000.0,https://www.sec.gov/Archives/edgar/data/842633/000104746908002695/a2183660z10-k.htm,https://www.sec.gov/Archives/edgar/data/842633/000104746908002695/a2183660z10-k.htm,1620599045,18:24:05,20210509
14,2006-12-31,TRS,USD,2007-03-22,2007-03-22 17:07:51,FY,-128910000.0,43070000.0,-11280000.0,0.0,23900000.0,0.0,-11310000.0,0.0,106330000.0,141530000.0,15880000,-29840000.0,8000000.0,0.0,0.0,0.0,-22160000.0,0.0,0.0,0.0,0.0,-2160000.0,6150000.0,0.0,-130000.0,3600000.0,3730000.0,15880000,-29840000.0,-13960000.0,https://www.sec.gov/Archives/edgar/data/842633/000104746907002079/a2176795z10-k.htm,https://www.sec.gov/Archives/edgar/data/842633/000104746907002079/a2176795z10-k.htm,1620599045,18:24:05,20210509
15,2005-12-31,TRS,USD,2006-04-04,2006-04-04 12:51:22,FY,-45460000.0,46190000.0,-37580000.0,0.0,-11020000.0,0.0,8900000.0,0.0,82430000.0,73950000.0,29890000,-21670000.0,5000000.0,0.0,0.0,0.0,-16640000.0,0.0,0.0,0.0,0.0,-2120000.0,-12610000.0,0.0,640000.0,3730000.0,3090000.0,29890000,-21670000.0,8220000.0,https://www.sec.gov/Archives/edgar/data/842633/000095013606002701/file001.htm,https://www.sec.gov/Archives/edgar/data/842633/000095013606002701/file001.htm,1620599045,18:24:05,20210509
16,2004-12-31,TRS,USD,2005-03-24,2005-03-24 16:45:28,FY,-2190000.0,44510000.0,-19060000.0,0.0,8820000.0,0.0,-54130000.0,0.0,93450000.0,63520000.0,42620000,-42990000.0,0.0,0.0,0.0,0.0,-46840000.0,-838790000.0,0.0,0.0,0.0,0.0,530000.0,0.0,-3690000.0,3090000.0,6780000.0,42620000,-42990000.0,-370000.0,https://www.sec.gov/Archives/edgar/data/842633/000095013605001568/file001.htm,https://www.sec.gov/Archives/edgar/data/842633/000095013605001568/file001.htm,1620599045,18:24:05,20210509
17,2003-12-31,TRS,USD,2004-03-26,2004-03-26 17:07:35,FY,-30930000.0,54850000.0,-15140000.0,0.0,-100330000.0,0.0,-1470000.0,0.0,84630000.0,8500000.0,41360000,-31690000.0,0.0,0.0,0.0,0.0,-161280000.0,-436050000.0,35200000.0,-20000000.0,0.0,-18890000.0,26260000.0,0.0,-93660000.0,6780000.0,100440000.0,41360000,-31690000.0,9670000.0,https://www.sec.gov/Archives/edgar/data/842633/000095013604000888/file001.htm,https://www.sec.gov/Archives/edgar/data/842633/000095013604000888/file001.htm,1620599045,18:24:05,20210509
18,2002-12-31,TRS,USD,2002-12-31,2002-12-31,FY,-35760000.0,38870000.0,-7200000.0,0.0,165180000.0,0.0,-2580000.0,0.0,184960000.0,-23930000.0,-25110000,-32140000.0,0.0,0.0,0.0,-8900000.0,-37240000.0,-32720000.0,0.0,0.0,0.0,-763850000.0,159010000.0,0.0,96660000.0,100440000.0,3780000.0,-25110000,-32140000.0,-57250000.0,,,1620599045,18:24:05,20210509
19,2001-12-31,TRS,USD,2001-12-31,2001-12-31,FY,-11320000.0,53780000.0,8810000.0,0.0,19780000.0,0.0,15250000.0,0.0,19780000.0,-1660000.0,75980000,-18690000.0,0.0,0.0,0.0,-710000.0,-12620000.0,-32160000.0,0.0,0.0,0.0,-34480000.0,-66640000.0,0.0,-3280000.0,3780000.0,7060000.0,75980000,-18690000.0,57290000.0,,,1620599045,18:24:05,20210509
20,2000-12-31,TRS,USD,2000-12-31,2000-12-31,FY,41650.0,4540000.0,2750000.0,0.0,-203440000.0,0.0,-2740000.0,0.0,0.0,11120000.0,18710000,-3260000.0,0.0,0.0,0.0,-30000.0,-1300000.0,0.0,0.0,0.0,0.0,-28390000.0,-16790000.0,0.0,620000.0,7060000.0,6440000.0,18710000,-3260000.0,15450000.0,,,1620599045,18:24:05,20210509
21,1996-12-31,TRS,USD,1996-12-31,1996-12-31,FY,61360000.0,22930000.0,2100000.0,0.0,5980000.0,0.0,-2430000.0,0.0,203440000.0,1260000.0,91080000,0.0,0.0,0.0,0.0,0.0,-54160000.0,0.0,0.0,0.0,-8060000.0,-15360000.0,-23420000.0,0.0,13500000.0,105890000.0,92390000.0,91080000,-26670000.0,64410000.0,,,1620599045,18:24:05,20210509
22,1995-12-31,TRS,USD,1995-12-31,1995-12-31,FY,56020000.0,21480000.0,5560000.0,0.0,-10110000.0,0.0,-5930000.0,0.0,197460000.0,-3710000.0,66250000,0.0,0.0,0.0,0.0,0.0,-23470000.0,-51470000.0,0.0,0.0,-6590000.0,-51470000.0,-58060000.0,0.0,-15280000.0,92390000.0,107670000.0,66250000,-23470000.0,42780000.0,,,1620599045,18:24:05,20210509
23,1994-12-31,TRS,USD,1994-12-31,1994-12-31,FY,50100000.0,20580000.0,3210000.0,0.0,43800000.0,0.0,-2860000.0,0.0,207570000.0,-1190000.0,67670000,0.0,0.0,0.0,0.0,0.0,-24310000.0,-330000.0,0.0,0.0,-5130000.0,-330000.0,-5460000.0,0.0,37900000.0,107670000.0,69770000.0,67670000,-24310000.0,43360000.0,,,1620599045,18:24:05,20210509
24,1993-12-31,TRS,USD,1993-12-31,1993-12-31,FY,38000000.0,18470000.0,500000.0,0.0,-8600000.0,0.0,-8120000.0,0.0,163770000.0,1730000.0,50100000,0.0,0.0,0.0,0.0,0.0,-86560000.0,-55150000.0,0.0,0.0,-3170000.0,-12250000.0,41460000.0,0.0,5000000.0,69770000.0,64770000.0,50100000,-26280000.0,23820000.0,,,1620599045,18:24:05,20210509
