,date,symbol,reportedCurrency,fillingDate,acceptedDate,period,netIncome,depreciationAndAmortization,deferredIncomeTax,stockBasedCompensation,changeInWorkingCapital,accountsReceivables,inventory,accountsPayables,otherWorkingCapital,otherNonCashItems,netCashProvidedByOperatingActivities,investmentsInPropertyPlantAndEquipment,acquisitionsNet,purchasesOfInvestments,salesMaturitiesOfInvestments,otherInvestingActivites,netCashUsedForInvestingActivites,debtRepayment,commonStockIssued,commonStockRepurchased,dividendsPaid,otherFinancingActivites,netCashUsedProvidedByFinancingActivities,effectOfForexChangesOnCash,netChangeInCash,cashAtEndOfPeriod,cashAtBeginningOfPeriod,operatingCashFlow,capitalExpenditure,freeCashFlow,link,finalLink,timestamp,est_time,est_date
0,2017-12-31,NXTM,USD,2018-02-16 00:00:00,2018-02-16 17:21:12,FY,-13992000.0,33754000.0,512000.0,11537000.0,10305000.0,1056000.0,-22917000.0,-22000.0,105944000,0.0,4802000.0,-9194000.0,-100000.0,-2500000.0,0.0,0.0,-11794000.0,-164000.0,0.0,-64928000.0,0.0,76077000.0,10985000.0,1303000.0,5296000.0,64928000,59632000,4802000.0,-9194000.0,-4392000.0,https://www.sec.gov/Archives/edgar/data/1333170/000133317018000002/0001333170-18-000002-index.html,https://www.sec.gov/Archives/edgar/data/1333170/000133317018000002/nxtm20171231-10k.htm,1620595972,17:32:52,20210509
1,2016-12-31,NXTM,USD,2017-02-28 00:00:00,2017-02-28 17:16:37,FY,-4771000.0,32637000.0,171000.0,10117000.0,9476000.0,-7388000.0,-31069000.0,3532000.0,95639000,0.0,4587000.0,-8848000.0,-513000.0,0.0,0.0,0.0,-9361000.0,-384000.0,0.0,-59632000.0,0.0,65291000.0,5275000.0,66000.0,567000.0,59632000,59065000,4587000.0,-8848000.0,-4261000.0,https://www.sec.gov/Archives/edgar/data/1333170/000133317017000005/0001333170-17-000005-index.html,https://www.sec.gov/Archives/edgar/data/1333170/000133317017000005/nxtm20161231-10k.htm,1620595972,17:32:52,20210509
2,2015-12-31,NXTM,USD,2016-02-11 00:00:00,2016-02-11 08:27:20,FY,-15342000.0,30715000.0,234000.0,12598000.0,1768000.0,-1130000.0,-12113000.0,-2775000.0,86163000,0.0,10542000.0,-11537000.0,0.0,0.0,0.0,676000.0,-10861000.0,-143000.0,0.0,-59065000.0,0.0,66541000.0,7333000.0,-833000.0,6181000.0,59065000,52884000,10542000.0,-11537000.0,-995000.0,https://www.sec.gov/Archives/edgar/data/1333170/000133317016000025/0001333170-16-000025-index.html,https://www.sec.gov/Archives/edgar/data/1333170/000133317016000025/nxtm20151231-10k.htm,1620595972,17:32:52,20210509
3,2014-12-31,NXTM,USD,2015-02-26,2015-02-26 09:45:25,FY,-23946000.0,27697000.0,82000.0,12881000.0,-24118000.0,-4188000.0,-35063000.0,-212000.0,84395000,0.0,-20273000.0,-20097000.0,0.0,0.0,0.0,0.0,-20097000.0,-98000.0,0.0,-52884000.0,0.0,62443000.0,9461000.0,-341000.0,-31250000.0,52884000,84134000,-20273000.0,-20097000.0,-40370000.0,https://www.sec.gov/Archives/edgar/data/1333170/000119312515064412/0001193125-15-064412-index.htm,https://www.sec.gov/Archives/edgar/data/1333170/000119312515064412/d853648d10k.htm,1620595972,17:32:52,20210509
4,2013-12-31,NXTM,USD,2014-03-03,2014-03-03 16:15:30,FY,-18561000.0,24848000.0,216000.0,8638000.0,-13722000.0,-1095000.0,-20076000.0,-2233000.0,108513000,0.0,-10141000.0,-16246000.0,0.0,0.0,0.0,-2234000.0,-18480000.0,-38000.0,0.0,-84134000.0,0.0,89927000.0,5755000.0,561000.0,-22305000.0,84134000,106439000,-10141000.0,-16246000.0,-26387000.0,https://www.sec.gov/Archives/edgar/data/1333170/000119312514080178/0001193125-14-080178-index.htm,https://www.sec.gov/Archives/edgar/data/1333170/000119312514080178/d638335d10k.htm,1620595972,17:32:52,20210509
5,2012-12-31,NXTM,USD,2013-02-28 00:00:00,2013-02-28 16:24:53,FY,-15153000.0,23673000.0,376000.0,11403000.0,-1235000.0,-3141000.0,-14545000.0,839000.0,122235000,0.0,6241000.0,-7694000.0,0.0,-522000.0,0.0,522000.0,-7694000.0,0.0,0.0,-522000.0,0.0,5248000.0,4726000.0,257000.0,3530000.0,106439000,102909000,6241000.0,-7694000.0,-1453000.0,https://www.sec.gov/Archives/edgar/data/1333170/000119312513084320/0001193125-13-084320-index.html,https://www.sec.gov/Archives/edgar/data/1333170/000119312513084320/d444020d10k.htm,1620595972,17:32:52,20210509
6,2011-12-31,NXTM,USD,2012-02-29 00:00:00,2012-02-29 10:54:39,FY,-21402000.0,23087000.0,0.0,13093000.0,4381000.0,-1773000.0,-16371000.0,-1047000.0,123470000,0.0,-1516000.0,-5156000.0,0.0,0.0,0.0,0.0,-5156000.0,587000.0,0.0,0.0,0.0,0.0,5386000.0,0.0,-1430000.0,102909000,104339000,-1516000.0,-5156000.0,-6672000.0,https://www.sec.gov/Archives/edgar/data/1333170/000119312512087622/0001193125-12-087622-index.html,https://www.sec.gov/Archives/edgar/data/1333170/000119312512087622/d264316d10k.htm,1620595972,17:32:52,20210509
7,2010-12-31,NXTM,USD,2011-02-18,2011-02-18 16:57:14,FY,-18000.0,22379000.0,0.0,15351000.0,83052000.0,235000.0,-28744000.0,-2781000.0,119089000,0.0,3111000.0,-1556000.0,0.0,0.0,0.0,0.0,-1216000.0,365000.0,0.0,0.0,0.0,0.0,81163000.0,0.0,82619000.0,104339000,21720000,3111000.0,-1556000.0,1555000.0,https://www.sec.gov/Archives/edgar/data/1333170/000095012311015749/0000950123-11-015749-index.htm,https://www.sec.gov/Archives/edgar/data/1333170/000095012311015749/b84122e10vk.htm,1620595972,17:32:52,20210509
8,2009-12-31,NXTM,USD,2010-03-12 00:00:00,2010-03-12 14:57:26,FY,-43467000.0,20778000.0,0.0,9226000.0,1675000.0,-2208000.0,-9209000.0,2568000.0,36037000,0.0,-13157000.0,-1725000.0,0.0,0.0,0.0,0.0,-2065000.0,401000.0,0.0,0.0,0.0,0.0,10031000.0,0.0,-4922000.0,21720000,26642000,-13157000.0,-1725000.0,-14882000.0,https://www.sec.gov/Archives/edgar/data/1333170/000095012310024064/0000950123-10-024064-index.html,https://www.sec.gov/Archives/edgar/data/1333170/000095012310024064/b78708e10vk.htm,1620595972,17:32:52,20210509
9,2008-12-31,NXTM,USD,2009-03-16 00:00:00,2009-03-16 16:48:23,FY,-51211000.0,19201000.0,0.0,5842000.0,-6293000.0,-4761000.0,52000.0,-4626000.0,34362000,0.0,-53222000.0,-3037000.0,0.0,0.0,0.0,0.0,-457000.0,641000.0,0.0,0.0,0.0,0.0,47575000.0,0.0,-6603000.0,26642000,33245000,-53222000.0,-3037000.0,-56259000.0,https://www.sec.gov/Archives/edgar/data/1333170/000095013509001772/0000950135-09-001772-index.html,https://www.sec.gov/Archives/edgar/data/1333170/000095013509001772/b73462nme10vk.htm,1620595972,17:32:52,20210509
10,2007-12-31,NXTM,USD,2008-03-07,2008-03-07 17:29:11,FY,-58396000.0,9277000.0,0.0,3449000.0,-64326255000.0,-3597000.0,1520000.0,10202000.0,40655000,0.0,-59629000.0,-3788000.0,-2749000.0,-19667000.0,0.0,0.0,2539000.0,91000.0,19939000.0,0.0,0.0,0.0,40204000.0,0.0,-16714000.0,33245000,49959000,-59629000.0,-3788000.0,-63417000.0,https://www.sec.gov/Archives/edgar/data/1333170/000095013508001657/0000950135-08-001657-index.htm,https://www.sec.gov/Archives/edgar/data/1333170/000095013508001657/b68143nme10vk.htm,1620595972,17:32:52,20210509
11,2006-12-31,NXTM,USD,2007-03-16,2007-03-16 13:26:20,FY,-39629000.0,3495365000.0,0.0,2765348000.0,2266496000.0,-2933697000.0,-23160238000.0,2846394000.0,64366910000,0.0,-53912850000.0,-1620483000.0,0.0,-11843275000.0,0.0,0.0,-14309237000.0,0.0,51331690000.0,0.0,0.0,0.0,56777941000.0,0.0,-11264837000.0,49958540000,61223377000,-53912850000.0,-1620483000.0,-55533333000.0,https://www.sec.gov/Archives/edgar/data/1333170/000095013507001677/0000950135-07-001677-index.htm,https://www.sec.gov/Archives/edgar/data/1333170/000095013507001677/b63682nxe10vk.htm,1620595972,17:32:52,20210509
12,2005-12-31,NXTM,USD,2006-03-01,2006-03-01 17:21:06,FY,-408000.0,1033688000.0,0.0,253065000.0,0.0,-843595000.0,-5929697000.0,1613878000.0,62100414000,0.0,-27348125000.0,-1198222000.0,0.0,0.0,0.0,0.0,11290909000.0,0.0,56507896000.0,0.0,0.0,0.0,71781701000.0,0.0,55583878000.0,61223377000,5639499000,-27348125000.0,-1198222000.0,-28546347000.0,https://www.sec.gov/Archives/edgar/data/1333170/000095013506001289/0000950135-06-001289-index.htm,https://www.sec.gov/Archives/edgar/data/1333170/000095013506001289/b58480nme10vk.htm,1620595972,17:32:52,20210509
