,date,symbol,reportedCurrency,fillingDate,acceptedDate,period,netIncome,depreciationAndAmortization,deferredIncomeTax,stockBasedCompensation,changeInWorkingCapital,accountsReceivables,inventory,accountsPayables,otherWorkingCapital,otherNonCashItems,netCashProvidedByOperatingActivities,investmentsInPropertyPlantAndEquipment,acquisitionsNet,purchasesOfInvestments,salesMaturitiesOfInvestments,otherInvestingActivites,netCashUsedForInvestingActivites,debtRepayment,commonStockIssued,commonStockRepurchased,dividendsPaid,otherFinancingActivites,netCashUsedProvidedByFinancingActivities,effectOfForexChangesOnCash,netChangeInCash,cashAtEndOfPeriod,cashAtBeginningOfPeriod,operatingCashFlow,capitalExpenditure,freeCashFlow,link,finalLink,timestamp,est_time,est_date
0,2020-12-31,IDEX,USD,2021-03-31,2021-03-31 16:08:44,FY,-106043000.0,5310000.0,0.0,11971000.0,29470443.0,-6214000.0,0.0,2206000.0,166698.0,0.0,-41468000.0,-191000.0,0.0,0.0,0.0,0.0,-3500000.0,0.0,0.0,0.0,0.0,0.0,208049000.0,50000.0,163131000.0,165764000.0,2633000.0,-41468000.0,-191000.0,-41659000.0,https://www.sec.gov/Archives/edgar/data/837852/000110465921044740/0001104659-21-044740-index.htm,https://www.sec.gov/Archives/edgar/data/837852/000110465921044740/idex-20201231x10k.htm,1620593430,16:50:30,20210509
1,2019-12-31,IDEX,USD,2020-03-16,2020-03-16 17:15:59,FY,-97680615.0,2228653.0,0.0,9112633.0,-44442189.0,-2277822.0,0.0,1605179.0,-29303745.0,-35189396.0,-13783980.0,-1816390.0,-1000000.0,0.0,0.0,0.0,-1794856.0,0.0,2821323.0,0.0,0.0,0.0,15114864.0,-9386.0,-473358.0,2632886.0,3106244.0,-13783980.0,-1816390.0,-15600370.0,https://www.sec.gov/Archives/edgar/data/837852/000110465920034169/0001104659-20-034169-index.htm,https://www.sec.gov/Archives/edgar/data/837852/000110465920034169/tm205387-1_10k.htm,1620593430,16:50:30,20210509
2,2018-12-31,IDEX,USD,2019-04-01,2019-04-01 08:02:00,FY,-27426356.0,352332.0,0.0,3412977.0,-9007785.0,7591420.0,216453.0,-7444499.0,15138444.0,698385.0,-20160210.0,-6762248.0,-3000000.0,-5266880.0,0.0,-3983799.0,-19140641.0,0.0,21532127.0,0.0,0.0,0.0,34898919.0,-69141.0,-4471073.0,3106244.0,7577317.0,-20160210.0,-7063743.0,-27223953.0,https://www.sec.gov/Archives/edgar/data/837852/000114420419017205/0001144204-19-017205-index.htm,https://www.sec.gov/Archives/edgar/data/837852/000114420419017205/tv516467_10k.htm,1620593430,16:50:30,20210509
3,2017-12-31,IDEX,USD,2018-03-30,2018-03-30 07:16:43,FY,-9835601.0,306801.0,0.0,1305829.0,28230349.0,-18802766.0,0.0,13493865.0,24146229.0,0.0,-9972693.0,-48555.0,-1000000.0,-2250000.0,35612.0,0.0,-510134.0,-243507.0,13618207.0,0.0,0.0,490000.0,13864700.0,61409.0,3443282.0,7205096.0,3761814.0,-9972693.0,-48555.0,-10021248.0,https://www.sec.gov/Archives/edgar/data/837852/000114420418018076/0001144204-18-018076-index.htm,https://www.sec.gov/Archives/edgar/data/837852/000114420418018076/tv484488_10k.htm,1620593430,16:50:30,20210509
4,2016-12-31,IDEX,USD,2017-03-31,2017-03-31 09:27:26,FY,-25835941.0,489938.0,0.0,319718.0,-4214279.0,-2615801.0,0.0,-38715.0,-4084120.0,13492572.0,-9365173.0,-3712064.0,1000000.0,-3733750.0,0.0,-972077.0,-11409963.0,0.0,20000000.0,0.0,0.0,-294890.0,19705110.0,-159895.0,-1229921.0,2538976.0,3768897.0,-9365173.0,-6704136.0,-16069309.0,https://www.sec.gov/Archives/edgar/data/837852/000157104917003067/0001571049-17-003067-index.htm,https://www.sec.gov/Archives/edgar/data/837852/000157104917003067/t1700830_10k.htm,1620593430,16:50:30,20210509
5,2015-12-31,IDEX,USD,2016-03-30,2016-03-30 09:40:54,FY,-8101273.0,390373.0,0.0,1240615.0,-6929728.0,-607426.0,0.0,-65026.0,130159.0,-34448.0,-6435520.0,-35179.0,0.0,0.0,0.0,0.0,-253199.0,0.0,0.0,0.0,0.0,-310156.0,-310156.0,-44599.0,-7043474.0,3768897.0,10812371.0,-6435520.0,-253199.0,-6688719.0,https://www.sec.gov/Archives/edgar/data/837852/000106299316008570/0001062993-16-008570-index.htm,https://www.sec.gov/Archives/edgar/data/837852/000106299316008570/form10k.htm,1620593430,16:50:30,20210509
6,2014-12-31,IDEX,USD,2015-03-30,2015-03-30 07:44:12,FY,-12408460.0,536689.0,-304670.0,1339863.0,10051051.0,-915865.0,0.0,-545731.0,7059887.0,2111276.0,-10174071.0,-67297.0,0.0,-208760.0,0.0,0.0,-286967.0,0.0,0.0,0.0,-92054.0,-2386051.0,17517502.0,-66982.0,6989482.0,10812371.0,3822889.0,-10174071.0,-70658.0,-10244729.0,https://www.sec.gov/Archives/edgar/data/837852/000106299315001568/0001062993-15-001568-index.htm,https://www.sec.gov/Archives/edgar/data/837852/000106299315001568/form10k.htm,1620593430,16:50:30,20210509
7,2013-12-31,IDEX,USD,2014-03-31,2014-03-31 16:33:25,FY,-6831532.0,1616966.0,-111266.0,1146000.0,2991577.0,-174032.0,-65367.0,-324034.0,-2991164.0,493092.0,-8761160.0,-430775.0,0.0,0.0,0.0,0.0,3275322.0,0.0,0.0,0.0,0.0,-1090982.0,4909018.0,18666.0,-558154.0,3822889.0,4381043.0,-8761160.0,-453437.0,-9214597.0,https://www.sec.gov/Archives/edgar/data/837852/000106299314001771/0001062993-14-001771-index.htm,https://www.sec.gov/Archives/edgar/data/837852/000106299314001771/form10k.htm,1620593430,16:50:30,20210509
8,2012-12-31,IDEX,USD,2013-04-08,2013-04-05 19:00:37,FY,-14213307.0,4082936.0,-353085.0,1376617.0,-9756003.0,-182094.0,34093.0,-29787.0,-5982741.0,-602980.0,-10600825.0,-964390.0,0.0,0.0,0.0,-3108.0,-1240141.0,0.0,0.0,0.0,0.0,5659832.0,8659832.0,42603.0,-3138531.0,4381043.0,7519574.0,-10600825.0,-1237033.0,-11837858.0,https://www.sec.gov/Archives/edgar/data/837852/000114036113015816/0001140361-13-015816-index.htm,https://www.sec.gov/Archives/edgar/data/837852/000114036113015816/form10k.htm,1620593430,16:50:30,20210509
9,2011-12-31,IDEX,USD,2012-03-30,2012-03-30 17:20:34,FY,-11269901.0,4423760.0,-369707.0,634012.0,153577.0,-207358.0,33990.0,1556689.0,3773262.0,194321.0,-5735039.0,-2547120.0,0.0,0.0,0.0,-258432.0,-3294665.0,0.0,0.0,0.0,0.0,10247398.0,10247398.0,-282516.0,935178.0,7519574.0,6584396.0,-5735039.0,-2989822.0,-8724861.0,https://www.sec.gov/Archives/edgar/data/837852/000114036112018388/0001140361-12-018388-index.htm,https://www.sec.gov/Archives/edgar/data/837852/000114036112018388/form10k.htm,1620593430,16:50:30,20210509
10,2010-12-31,IDEX,USD,2011-04-15,2011-04-15 17:26:53,FY,-12903974.0,4282586.0,-610781.0,891008.0,7245693.0,449.0,44095.0,0.0,3619685.0,7312411.0,-2435238.0,-1443437.0,0.0,-574907.0,9350.0,-13684.0,-2022678.0,-14471.0,0.0,0.0,0.0,-496728.0,9113801.0,-261983.0,4393902.0,6584396.0,2190494.0,-2435238.0,-1443437.0,-3878675.0,https://www.sec.gov/Archives/edgar/data/837852/000114036111022287/0001140361-11-022287-index.htm,https://www.sec.gov/Archives/edgar/data/837852/000114036111022287/form10-k.htm,1620593430,16:50:30,20210509
11,2009-12-31,IDEX,USD,2010-04-15,2010-04-15 17:14:05,FY,-5439125.0,3578309.0,-243655.0,294213.0,-2951056.0,-77004.0,421817.0,0.0,-3626008.0,612906.0,851507.0,-1134926.0,0.0,-126038.0,174504.0,0.0,-1068892.0,-2643204.0,0.0,0.0,0.0,-7643.0,-2045994.0,28344.0,-2235035.0,2190494.0,4425529.0,851507.0,-1134926.0,-283419.0,https://www.sec.gov/Archives/edgar/data/837852/000114420410020575/0001144204-10-020575-index.htm,https://www.sec.gov/Archives/edgar/data/837852/000114420410020575/v181143_10k.htm,1620593430,16:50:30,20210509
12,2008-12-31,IDEX,USD,2009-04-15,2009-04-15 17:30:37,FY,-3354865.0,3369930.0,423945.0,0.0,2708360.0,0.0,-234996.0,0.0,-674952.0,917833.0,1431513.0,-2061401.0,0.0,0.0,361121.0,0.0,-1700280.0,0.0,0.0,0.0,0.0,-104500.0,4232529.0,-10903.0,3952859.0,4425529.0,472670.0,1431513.0,-2061401.0,-629888.0,https://www.sec.gov/Archives/edgar/data/837852/000114420409020856/0001144204-09-020856-index.htm,https://www.sec.gov/Archives/edgar/data/837852/000114420409020856/v146274_10k.htm,1620593430,16:50:30,20210509
13,2007-12-31,IDEX,USD,2009-02-19,2009-02-19 16:18:03,FY,-1976753.0,1744430.0,-50068.0,0.0,-3383312.0,0.0,667357.0,0.0,-3383312.0,438674.0,1425006.0,-2443055.0,0.0,0.0,0.0,0.0,-2443055.0,0.0,4000000.0,0.0,0.0,-2648703.0,1351297.0,36252.0,369500.0,472670.0,103170.0,1425006.0,-2443055.0,-1018049.0,https://www.sec.gov/Archives/edgar/data/837852/000114420409009945/0001144204-09-009945-index.htm,https://www.sec.gov/Archives/edgar/data/837852/000114420409009945/v128221_10ksba.htm,1620593430,16:50:30,20210509
14,2006-12-31,IDEX,USD,2007-05-25,2007-05-25 17:28:58,FY,-174940.0,0.0,0.0,0.0,0.0,0.0,0.0,0.0,0.0,50000.0,-118177.0,0.0,0.0,0.0,0.0,0.0,0.0,0.0,0.0,0.0,0.0,-103653.0,221347.0,0.0,0.0,103170.0,0.0,-118177.0,0.0,-118177.0,https://www.sec.gov/Archives/edgar/data/837852/000114420407028901/0001144204-07-028901-index.htm,https://www.sec.gov/Archives/edgar/data/837852/000114420407028901/v076399_10ksb.htm,1620593430,16:50:30,20210509
15,2005-12-31,IDEX,USD,2006-11-13,2006-11-13 11:55:48,FY,-1000000.0,0.0,0.0,0.0,-1010000.0,497911000.0,801436000.0,-638242000.0,0.0,910000.0,-50000.0,407517000.0,0.0,0.0,0.0,0.0,50000.0,0.0,0.0,0.0,0.0,0.0,-177890.0,0.0,-263887.0,260000.0,260000.0,-50000.0,407517000.0,-50000.0,https://www.sec.gov/Archives/edgar/data/837852/000117347306000247/0001173473-06-000247-index.htm,https://www.sec.gov/Archives/edgar/data/837852/000117347306000247/form10ksba123105.htm,1620593430,16:50:30,20210509
16,2004-12-31,IDEX,USD,2006-09-20,2006-09-20 17:06:18,FY,-100000.0,10000.0,0.0,0.0,1760000.0,-497911000.0,-801436000.0,544568000.0,1010000.0,1240000.0,420000.0,-412988000.0,0.0,0.0,0.0,0.0,-410000.0,0.0,0.0,0.0,0.0,0.0,140000.0,0.0,150000.0,150000.0,111864.0,420000.0,-412988000.0,10000.0,https://www.sec.gov/Archives/edgar/data/837852/000117347306000203/0001173473-06-000203-index.htm,https://www.sec.gov/Archives/edgar/data/837852/000117347306000203/form10ksb123104.htm,1620593430,16:50:30,20210509
17,1996-12-31,IDEX,USD,1996-12-31,1996-12-31,FY,-1500000.0,50000.0,0.0,0.0,730000.0,50000.0,0.0,1550000.0,-750000.0,350000.0,-490000.0,-110000.0,0.0,0.0,0.0,0.0,540000.0,0.0,0.0,0.0,0.0,0.0,-50000.0,0.0,0.0,360000.0,360000.0,-490000.0,-110000.0,-600000.0,,,1620593430,16:50:30,20210509
