,date,symbol,reportedCurrency,fillingDate,acceptedDate,period,netIncome,depreciationAndAmortization,deferredIncomeTax,stockBasedCompensation,changeInWorkingCapital,accountsReceivables,inventory,accountsPayables,otherWorkingCapital,otherNonCashItems,netCashProvidedByOperatingActivities,investmentsInPropertyPlantAndEquipment,acquisitionsNet,purchasesOfInvestments,salesMaturitiesOfInvestments,otherInvestingActivites,netCashUsedForInvestingActivites,debtRepayment,commonStockIssued,commonStockRepurchased,dividendsPaid,otherFinancingActivites,netCashUsedProvidedByFinancingActivities,effectOfForexChangesOnCash,netChangeInCash,cashAtEndOfPeriod,cashAtBeginningOfPeriod,operatingCashFlow,capitalExpenditure,freeCashFlow,link,finalLink,timestamp,est_time,est_date
0,2020-12-31,SVC,USD,2021-03-01,2021-03-01 16:31:24,FY,-311382000,498908000.0,13850000.0,0.0,-58167000.0,0.0,0.0,2296000.0,0.0,-158522000.0,37604000,0.0,0.0,-7011000.0,0.0,-131138000.0,-51807000.0,-2293641000.0,0.0,-346000.0,-93804000.0,-26903000.0,24400000,0.0,10197000.0,91456000.0,81259000.0,37604000,0.0,37604000,https://www.sec.gov/Archives/edgar/data/945394/000094539421000011/0000945394-21-000011-index.htm,https://www.sec.gov/Archives/edgar/data/945394/000094539421000011/svc-20201231.htm,1620598468,18:14:28,20210509
1,2019-12-31,SVC,USD,2020-03-02,2020-02-28 18:43:16,FY,259750000,428448000.0,-127000.0,0.0,-211704000.0,0.0,0.0,60484000.0,-495734000.0,-2327000.0,617722000,0.0,0.0,0.0,93892000.0,-183241000.0,-2130044000.0,-924000000.0,0.0,-800000.0,-353619000.0,-21882000.0,1517578000,0.0,5256000.0,81259000.0,76003000.0,617722000,-2047272000.0,617722000,https://www.sec.gov/Archives/edgar/data/945394/000094539420000008/0000945394-20-000008-index.htm,https://www.sec.gov/Archives/edgar/data/945394/000094539420000008/svcq4201910kdocument.htm,1620598468,18:14:28,20210509
2,2018-12-31,SVC,USD,2019-02-27,2019-02-27 15:58:13,FY,185734000,403077000.0,-1047000.0,0.0,205798000.0,0.0,0.0,5824000.0,-284030000.0,1695000.0,596953000,0.0,0.0,0.0,0.0,-117177000.0,-427742000.0,-738000000.0,0.0,-606000.0,-346832000.0,-12242000.0,-190704000,0.0,-21493000.0,76003000.0,97496000.0,596953000,-310565000.0,596953000,https://www.sec.gov/Archives/edgar/data/945394/000094539419000008/0000945394-19-000008-index.htm,https://www.sec.gov/Archives/edgar/data/945394/000094539419000008/hptq4201810kdocument.htm,1620598468,18:14:28,20210509
3,2017-12-31,SVC,USD,2018-03-01,2018-03-01 15:54:09,FY,215143000,386659000.0,-236000.0,0.0,-183818000.0,0.0,0.0,-572000.0,-489828000.0,30003000.0,554223000,0.0,0.0,0.0,0.0,-31362000.0,-733737000.0,-1253478000.0,0.0,-290533000.0,-346685000.0,-8437000.0,192757000,0.0,13243000.0,24139000.0,10896000.0,554223000,-702375000.0,554223000,https://www.sec.gov/Archives/edgar/data/945394/000094539418000005/0000945394-18-000005-index.htm,https://www.sec.gov/Archives/edgar/data/945394/000094539418000005/hpt_123117x10kdocument.htm,1620598468,18:14:28,20210509
4,2016-12-31,SVC,USD,2017-03-01,2017-03-01 16:59:21,FY,223110000,357342000.0,9000.0,0.0,297573000.0,0.0,0.0,8752000.0,-306010000.0,27090000.0,532520000,0.0,0.0,0.0,0.0,-3749000.0,-454356000.0,-1613000000.0,371956000.0,-613000.0,-334799000.0,-6106000.0,-80950000,0.0,-2786000.0,10896000.0,13682000.0,532520000,-450607000.0,532520000,https://www.sec.gov/Archives/edgar/data/945394/000094539417000017/0000945394-17-000017-index.htm,https://www.sec.gov/Archives/edgar/data/945394/000094539417000017/hpt_123116x10kdocument.htm,1620598468,18:14:28,20210509
5,2015-12-31,SVC,USD,2016-02-24,2016-02-24 17:25:45,FY,166418000,329776000.0,-69000.0,0.0,-550925000.0,0.0,0.0,362000.0,-603583000.0,16418000.0,530893000,0.0,-16000000.0,0.0,0.0,-7299000.0,-653839000.0,-255000000.0,0.0,-418000.0,-320631000.0,-1157000.0,124794000,0.0,1848000.0,13682000.0,11834000.0,530893000,-630585000.0,530893000,https://www.sec.gov/Archives/edgar/data/945394/000155837016003466/0001558370-16-003466-index.htm,https://www.sec.gov/Archives/edgar/data/945394/000155837016003466/hpt-20151231x10k.htm,1620598468,18:14:28,20210509
6,2014-12-31,SVC,USD,2015-02-27,2015-02-27 16:19:00,FY,197185000,315878000.0,143000.0,0.0,4713000.0,0.0,0.0,-7117000.0,-52658000.0,10604000.0,461745000,0.0,0.0,0.0,0.0,-5910000.0,-280890000.0,-1345000000.0,0.0,0.0,-312693000.0,-6899000.0,-191521000,0.0,-10666000.0,11834000.0,22500000.0,461745000,-280333000.0,461745000,https://www.sec.gov/Archives/edgar/data/945394/000155837015000225/0001558370-15-000225-index.htm,https://www.sec.gov/Archives/edgar/data/945394/000155837015000225/hpt-20141231x10k.htm,1620598468,18:14:28,20210509
7,2013-12-31,SVC,USD,2014-02-28,2014-02-28 11:17:53,FY,133178000,299323000.0,-7069000.0,0.0,317240000.0,0.0,0.0,1842000.0,-57371000.0,5110000.0,391089000,0.0,0.0,0.0,0.0,-46302000.0,-570314000.0,-738000000.0,655211000.0,-167500000.0,-283146000.0,-2550000.0,181676000,0.0,2451000.0,22500000.0,20049000.0,391089000,-515872000.0,391089000,https://www.sec.gov/Archives/edgar/data/945394/000104746914001548/0001047469-14-001548-index.htm,https://www.sec.gov/Archives/edgar/data/945394/000104746914001548/a2218529z10-k.htm,1620598468,18:14:28,20210509
8,2012-12-31,SVC,USD,2013-03-01,2013-03-01 10:33:56,FY,151923000,260831000.0,0.0,0.0,-504796000.0,0.0,0.0,17918000.0,-374611000.0,-24882000.0,363908000,0.0,0.0,0.0,0.0,-132184000.0,-728920000.0,-985405000.0,0.0,-236250000.0,-265044000.0,-6625000.0,376758000,0.0,11746000.0,20049000.0,8303000.0,363908000,-596736000.0,363908000,https://www.sec.gov/Archives/edgar/data/945394/000104746913002026/0001047469-13-002026-index.htm,https://www.sec.gov/Archives/edgar/data/945394/000104746913002026/a2213109z10-k.htm,1620598468,18:14:28,20210509
9,2011-12-31,SVC,USD,2012-02-29,2012-02-29 14:02:11,FY,190440000,0.0,0.0,0.0,159645000.0,0.0,0.0,6696000.0,130185000.0,-85269000.0,355102000,-69345000.0,0.0,-5690000.0,0.0,-26177000.0,-94307000.0,-274383000.0,0.0,0.0,-252119000.0,-6872000.0,-257374000,0.0,3421000.0,8303000.0,4882000.0,355102000,-69345000.0,285757000,https://www.sec.gov/Archives/edgar/data/945394/000104746912001875/0001047469-12-001875-index.htm,https://www.sec.gov/Archives/edgar/data/945394/000104746912001875/a2207493z10-k.htm,1620598468,18:14:28,20210509
10,2010-12-31,SVC,USD,2011-02-22,2011-02-22 14:08:09,FY,21351000,238089000.0,0.0,0.0,-73651000.0,0.0,0.0,0.0,-29460000.0,-2587000.0,341444000,-7091000.0,0.0,-97892000.0,0.0,-17220000.0,-122203000.0,-389626000.0,0.0,0.0,-252002000.0,-1130000.0,-344758000,0.0,-125517000.0,4882000.0,130399000.0,341444000,-7091000.0,334353000,https://www.sec.gov/Archives/edgar/data/945394/000104746911001124/0001047469-11-001124-index.htm,https://www.sec.gov/Archives/edgar/data/945394/000104746911001124/a2201807z10-k.htm,1620598468,18:14:28,20210509
11,2009-12-31,SVC,USD,2010-02-24,2010-02-24 14:19:17,FY,193341000,245868000.0,0.0,0.0,124275000.0,0.0,0.0,-11048000.0,44191000.0,-2107000.0,320116000,-9807000.0,0.0,-63390000.0,0.0,0.0,-78331000.0,-1088341000.0,373056000.0,0.0,-102254000.0,-2258000.0,-133836000,0.0,107949000.0,130399000.0,22450000.0,320116000,-9807000.0,310309000,https://www.sec.gov/Archives/edgar/data/945394/000104746910001235/0001047469-10-001235-index.htm,https://www.sec.gov/Archives/edgar/data/945394/000104746910001235/a2196641z10-k.htm,1620598468,18:14:28,20210509
12,2008-12-31,SVC,USD,2009-03-02,2009-03-02 16:51:15,FY,133995000,239166000.0,0.0,0.0,233392599.0,0.0,0.0,-10767000.0,-80084000.0,18621000.0,375436000,-127133000.0,0.0,-34001000.0,0.0,0.0,-145165000.0,-510000000.0,0.0,0.0,-319185000.0,-37000.0,-231222000,0.0,-951000.0,22450000.0,23401000.0,375436000,-127133000.0,248303000,https://www.sec.gov/Archives/edgar/data/945394/000104746909002135/0001047469-09-002135-index.htm,https://www.sec.gov/Archives/edgar/data/945394/000104746909002135/a2191118z10-k.htm,1620598468,18:14:28,20210509
13,2007-12-31,SVC,USD,2008-02-28,2008-02-28 16:23:06,FY,330968000,218319000.0,0.0,0.0,-556632599.0,-14089000.0,0.0,21877000.0,-313476599.0,-168846000.0,388229000,-2629215000.0,205000000.0,0.0,0.0,125149000.0,-2504066000.0,-2264000000.0,343451000.0,0.0,-304087000.0,435942000.0,1585982000,0.0,-529855000.0,23401000.0,553256000.0,388229000,-2629215000.0,-2240986000,https://www.sec.gov/Archives/edgar/data/945394/000110465908013820/0001104659-08-013820-index.htm,https://www.sec.gov/Archives/edgar/data/945394/000110465908013820/a08-2547_110k.htm,1620598468,18:14:28,20210509
14,2006-12-31,SVC,USD,2007-03-01,2007-02-28 20:08:14,FY,169039000,144404000.0,0.0,0.0,523388000.0,-2488000.0,0.0,7191000.0,243156000.0,-46593000.0,271553000,-320776000.0,0.0,-2000.0,0.0,-72552000.0,-393330000.0,-1092000000.0,641652000.0,0.0,-220902000.0,-3259000.0,656465000,0.0,534688000.0,553256000.0,18568000.0,271553000,-320776000.0,-49223000,https://www.sec.gov/Archives/edgar/data/945394/000110465907015096/0001104659-07-015096-index.htm,https://www.sec.gov/Archives/edgar/data/945394/000110465907015096/a07-5518_110k.htm,1620598468,18:14:28,20210509
15,2005-12-31,SVC,USD,2006-03-14,2006-03-13 21:46:04,FY,129903000,134686000.0,0.0,0.0,9974000.0,-1091000.0,0.0,6798000.0,-280232000.0,-27990000.0,242306000,-443104000.0,0.0,0.0,0.0,-45390000.0,-485267000.0,-675000000.0,199233000.0,0.0,-208701000.0,-7339000.0,245635000,0.0,2674000.0,18568000.0,15894000.0,242306000,-443104000.0,-200798000,https://www.sec.gov/Archives/edgar/data/945394/000110465906016258/0001104659-06-016258-index.htm,https://www.sec.gov/Archives/edgar/data/945394/000110465906016258/a06-1956_210k.htm,1620598468,18:14:28,20210509
16,2004-12-31,SVC,USD,2005-03-11,2005-03-11 10:59:02,FY,127091000,114883000.0,0.0,0.0,-5168000.0,2262000.0,0.0,8815000.0,-290206000.0,-29730000.0,223118000,-10211000.0,0.0,0.0,0.0,0.0,-2461000.0,-715000000.0,267684000.0,-150000000.0,-199873000.0,-2000.0,-211191000,0.0,9466000.0,15894000.0,6428000.0,223118000,-10211000.0,212907000,https://www.sec.gov/Archives/edgar/data/945394/000110465905010537/0001104659-05-010537-index.htm,https://www.sec.gov/Archives/edgar/data/945394/000110465905010537/a05-1836_110k.htm,1620598468,18:14:28,20210509
17,2003-12-31,SVC,USD,2004-03-15,2004-03-12 18:26:44,FY,238213000,107343000.0,0.0,0.0,-338000.0,-1339000.0,0.0,9524000.0,-285038000.0,-134336000.0,219405000,-388482000.0,0.0,0.0,0.0,16872000.0,-371610000.0,-340000000.0,0.0,0.0,-193824000.0,-2877000.0,151296000,0.0,-909000.0,6428000.0,7337000.0,219405000,-388482000.0,-169077000,https://www.sec.gov/Archives/edgar/data/945394/000110465904007286/0001104659-04-007286-index.htm,https://www.sec.gov/Archives/edgar/data/945394/000110465904007286/a04-3280_110k.htm,1620598468,18:14:28,20210509
18,2002-12-31,SVC,USD,2002-12-31,2002-12-31,FY,142202000,99124000.0,0.0,0.0,900000.0,-762000.0,0.0,-6209000.0,-284700000.0,-24110000.0,210245000,-148246000.0,0.0,0.0,0.0,5935000.0,-142311000.0,-410000000.0,0.0,0.0,-185981000.0,-5990000.0,-99559000,0.0,-31625000.0,7337000.0,38962000.0,210245000,-148246000.0,61999000,,,1620598468,18:14:28,20210509
19,2001-12-31,SVC,USD,2001-12-31,2001-12-31,FY,131956000,93812000.0,0.0,0.0,-12300000.0,-498000.0,0.0,6632000.0,-285600000.0,-26540000.0,205362000,-185799000.0,0.0,0.0,0.0,6606000.0,-179193000.0,-150000000.0,159310000.0,0.0,-170717000.0,-401000.0,-11808000,0.0,14361000.0,38962000.0,24601000.0,205362000,-185799000.0,19563000,,,1620598468,18:14:28,20210509
20,2000-12-31,SVC,USD,2000-12-31,2000-12-31,FY,126271000,84303000.0,0.0,0.0,-13000000.0,-541000.0,0.0,1997000.0,-273300000.0,-23685000.0,188345000,-134353000.0,0.0,0.0,0.0,11135000.0,-123218000.0,0.0,0.0,0.0,-163529000.0,-42489000.0,-114080000,0.0,-48953000.0,24601000.0,73554000.0,188345000,-134353000.0,53992000,,,1620598468,18:14:28,20210509
21,1999-12-31,SVC,USD,1999-12-31,1999-12-31,FY,111929000,76930000.0,0.0,0.0,-11300000.0,1200000.0,0.0,2500000.0,-260300000.0,-20931000.0,171621000,-365201000.0,0.0,0.0,0.0,40224000.0,-324977000.0,-172000000.0,274673000.0,0.0,-144580000.0,0.0,202300000,0.0,48944000.0,73554000.0,24610000.0,171621000,-365201000.0,-193580000,,,1620598468,18:14:28,20210509
22,1998-12-31,SVC,USD,1998-12-31,1998-12-31,FY,81341000,54757000.0,0.0,0.0,-68600000.0,1400000.0,0.0,3700000.0,-249000000.0,-18540000.0,134400000,-613846000.0,0.0,0.0,0.0,55979000.0,-557867000.0,-432000000.0,197005000.0,0.0,-107164000.0,-13222000.0,366349000,0.0,-57118000.0,24610000.0,81728000.0,134400000,-613846000.0,-479446000,,,1620598468,18:14:28,20210509
23,1997-12-31,SVC,USD,1997-12-31,1997-12-31,FY,59153000,33289000.0,0.0,0.0,-79000000.0,-500000.0,0.0,3900000.0,-180400000.0,-14643000.0,81225000,-409799000.0,0.0,0.0,0.0,62508000.0,-347291000.0,-261000000.0,376266000.0,0.0,-64761000.0,-1784000.0,309721000,0.0,43655000.0,81728000.0,38073000.0,81225000,-409799000.0,-328574000,,,1620598468,18:14:28,20210509
24,1996-12-31,SVC,USD,1996-12-31,1996-12-31,FY,51664000,20739000.0,0.0,0.0,-60400000.0,-1600000.0,0.0,3000000.0,-101400000.0,-12169000.0,61743000,-491638000.0,0.0,0.0,0.0,42960000.0,-448678000.0,-115650000.0,358279000.0,0.0,-53925000.0,-6481000.0,422873000,0.0,35938000.0,38073000.0,2135000.0,61743000,-491638000.0,-429895000,,,1620598468,18:14:28,20210509
25,1995-12-31,SVC,USD,1995-12-31,1995-12-31,FY,11349000,5844000.0,0.0,0.0,984000.0,-200000.0,0.0,400000.0,-41000000.0,-4037000.0,14140000,-328148000.0,0.0,0.0,0.0,24496000.0,-303652000.0,-65241000.0,198088000.0,0.0,-4556000.0,-1885000.0,291647000,0.0,0.0,2135000.0,0.0,14140000,-328148000.0,-314008000,,,1620598468,18:14:28,20210509
