,date,symbol,reportedCurrency,fillingDate,acceptedDate,period,netIncome,depreciationAndAmortization,deferredIncomeTax,stockBasedCompensation,changeInWorkingCapital,accountsReceivables,inventory,accountsPayables,otherWorkingCapital,otherNonCashItems,netCashProvidedByOperatingActivities,investmentsInPropertyPlantAndEquipment,acquisitionsNet,purchasesOfInvestments,salesMaturitiesOfInvestments,otherInvestingActivites,netCashUsedForInvestingActivites,debtRepayment,commonStockIssued,commonStockRepurchased,dividendsPaid,otherFinancingActivites,netCashUsedProvidedByFinancingActivities,effectOfForexChangesOnCash,netChangeInCash,cashAtEndOfPeriod,cashAtBeginningOfPeriod,operatingCashFlow,capitalExpenditure,freeCashFlow,link,finalLink,timestamp,est_time,est_date
0,2019-12-31,GNCIQ,USD,2019-12-31,2019-12-31,FY,-35112000,56173000,-20596000.0,4563000.0,-297521000.0,0.0,18018000.0,44497000.0,78936000,0.0,96520000,-15151000,0.0,0.0,0.0,88537000.0,73386000,-172020000.0,0.0,0.0,0.0,52764000,-119256000,-828000.0,49822000.0,117046000,67224000.0,96520000,-15151000,81369000,,,1620592670,16:37:50,20210509
1,2018-12-31,GNCIQ,USD,2018-12-31,2018-12-31,FY,69780000,70304000,23265000.0,6808000.0,-101682000.0,0.0,16757000.0,-3351000.0,376457000,0.0,95868000,-18981000,-410000.0,0.0,0.0,2924000.0,-16467000,-4550000.0,0.0,0.0,0.0,-71218000,-75768000,-410000.0,3223000.0,67224000,64001000.0,95868000,-18981000,76887000,,,1620592670,16:37:50,20210509
2,2017-12-31,GNCIQ,USD,2017-12-31,2017-12-31,FY,-148851000,69969000,196586000.0,8359000.0,-13324000.0,0.0,72070000.0,-23960000.0,478139000,0.0,220508000,-32123000,-1989000.0,0.0,0.0,10350000.0,-23762000,-40853000.0,0.0,0.0,0.0,-127253000,-168106000,897000.0,29537000.0,64001000,34464000.0,220508000,-32123000,188385000,,,1620592670,16:37:50,20210509
3,2016-12-31,GNCIQ,USD,2016-12-31,2016-12-31,FY,-286250000,72736000,31026000.0,8833000.0,-23689000.0,0.0,-33496000.0,26980000.0,491463000,0.0,208198000,-59579000,-2018000.0,-229169000.0,0.0,268346000.0,-22420000,-4550000.0,0.0,-229169000.0,-55336000.0,81519000,-207536000,-240000.0,-21998000.0,34464000,56462000.0,208198000,-59579000,148619000,,,1620592670,16:37:50,20210509
4,2015-12-31,GNCIQ,USD,2015-12-31,2015-12-31,FY,219299000,63658000,-450000.0,6280000.0,-120848000.0,0.0,5381000.0,22375000.0,515152000,0.0,354533000,-45827000,0.0,-479799000.0,0.0,479977000.0,-45649000,-169060000.0,0.0,-479799000.0,-59648000.0,324049000,-384458000,-1798000.0,56462000.0,56462000,0.0,354533000,-45827000,308706000,,,1620592670,16:37:50,20210509
5,2014-12-31,GNCIQ,USD,2014-12-31,2014-12-31,FY,255872000,58066000,6418000.0,5900000.0,-82981000.0,0.0,-45767000.0,-8978000.0,636000000,0.0,303785000,-70455000,-6402000.0,-283988000.0,0.0,285358000.0,-75487000,-5443000.0,0.0,-283988000.0,-57491000.0,25913000,-321009000,328000.0,133834000.0,133834000,0.0,303785000,-70455000,233330000,,,1620592670,16:37:50,20210509
6,2013-12-31,GNCIQ,USD,2013-12-31,2013-12-31,FY,265021000,54321000,1778000.0,7800000.0,145503000.0,0.0,-69599000.0,6628000.0,718981000,0.0,238104000,-50247000,-27562000.0,-310582000.0,0.0,308976000.0,-79415000,-3379000.0,0.0,-310582000.0,-57437000.0,279595000,-91803000,790000.0,226217000.0,226217000,0.0,238104000,-50247000,187857000,,,1620592670,16:37:50,20210509
7,2012-12-31,GNCIQ,USD,2012-12-31,2012-12-31,FY,240196000,51696000,3365000.0,4800000.0,98996000.0,0.0,-77881000.0,651000.0,573478000,0.0,221216000,-41930000,0.0,-359990000.0,0.0,358106000.0,-43814000,-2689000.0,0.0,-359990000.0,-45216000.0,260971000,-146924000,-375000.0,158541000.0,158541000,0.0,221216000,-41930000,179286000,,,1620592670,16:37:50,20210509
8,2011-12-31,GNCIQ,USD,2011-12-31,2011-12-31,FY,132333000,49546000,5321000.0,0.0,0.0,0.0,-56919000.0,23243000.0,474482000,0.0,174674000,-43817000,-19840000.0,-61634000.0,0.0,59747000.0,-65544000,-1355973000.0,237253000.0,-61634000.0,0.0,1006706000,-173648000,-946000.0,128438000.0,128438000,0.0,174674000,-43817000,130857000,,,1620592670,16:37:50,20210509
