,date,symbol,reportedCurrency,fillingDate,acceptedDate,period,netIncome,depreciationAndAmortization,deferredIncomeTax,stockBasedCompensation,changeInWorkingCapital,accountsReceivables,inventory,accountsPayables,otherWorkingCapital,otherNonCashItems,netCashProvidedByOperatingActivities,investmentsInPropertyPlantAndEquipment,acquisitionsNet,purchasesOfInvestments,salesMaturitiesOfInvestments,otherInvestingActivites,netCashUsedForInvestingActivites,debtRepayment,commonStockIssued,commonStockRepurchased,dividendsPaid,otherFinancingActivites,netCashUsedProvidedByFinancingActivities,effectOfForexChangesOnCash,netChangeInCash,cashAtEndOfPeriod,cashAtBeginningOfPeriod,operatingCashFlow,capitalExpenditure,freeCashFlow,link,finalLink,timestamp,est_time,est_date
0,2020-12-31,CNBKA,USD,2021-03-10,2021-03-10 12:44:59,FY,42209000.0,-1070000.0,-1089000.0,0.0,5216075000.0,-173000.0,0.0,0.0,136735000.0,0.0,44375000.0,0.0,0.0,-1163767000.0,989672000,1279000.0,-750787000.0,0.0,0.0,0.0,-2490000.0,0.0,821719000.0,0.0,115307000.0,374000000.0,258693000,44375000.0,-8376000.0,35999000.0,https://www.sec.gov/Archives/edgar/data/812348/000119312521075928/0001193125-21-075928-index.htm,https://www.sec.gov/Archives/edgar/data/812348/000119312521075928/d945305d10k.htm,1620590461,16:01:01,20210509
1,2019-12-31,CNBKA,USD,2020-03-13,2020-03-13 13:17:56,FY,39699000.0,-2382000.0,-2135000.0,0.0,-341467000.0,1296000.0,0.0,0.0,-5079340000.0,0.0,47849000.0,0.0,0.0,-843120000.0,621132000,-29700000.0,-402981000.0,0.0,0.0,0.0,-2207000.0,0.0,271322000.0,0.0,-83810000.0,258693000.0,342503000,47849000.0,2146000.0,34705000.0,https://www.sec.gov/Archives/edgar/data/812348/000119312520072607/0001193125-20-072607-index.htm,https://www.sec.gov/Archives/edgar/data/812348/000119312520072607/d827661d10k.htm,1620590461,16:01:01,20210509
2,2018-12-31,CNBKA,USD,2019-03-15,2019-03-15 11:07:58,FY,36213000.0,885000.0,-1766000.0,0.0,-325880000.0,-3227000.0,0.0,0.0,-4737873000.0,0.0,40788000.0,0.0,0.0,-759728000.0,477664000,4180000.0,-392359000.0,0.0,0.0,0.0,-2203000.0,0.0,337644000.0,0.0,-13927000.0,342503000.0,356430000,40788000.0,-3601000.0,37187000.0,https://www.sec.gov/Archives/edgar/data/812348/000119312519076121/0001193125-19-076121-index.htm,https://www.sec.gov/Archives/edgar/data/812348/000119312519076121/d684868d10k.htm,1620590461,16:01:01,20210509
3,2017-12-31,CNBKA,USD,2018-03-15,2018-03-15 16:10:37,FY,22301000.0,3047000.0,6918000.0,0.0,-287909000.0,-1534000.0,0.0,0.0,-4411993000.0,0.0,21701000.0,0.0,0.0,-515021000.0,576073000,-737000.0,-194459000.0,0.0,0.0,0.0,-2200000.0,0.0,293037000.0,0.0,120279000.0,356430000.0,236151000,21701000.0,-3244000.0,18457000.0,https://www.sec.gov/Archives/edgar/data/812348/000119312518084040/0001193125-18-084040-index.htm,https://www.sec.gov/Archives/edgar/data/812348/000119312518084040/d500608d10k.htm,1620590461,16:01:01,20210509
4,2016-12-31,CNBKA,USD,2017-03-15,2017-03-15 13:52:51,FY,24534000.0,3561000.0,-4676000.0,0.0,-848147000.0,-1643000.0,0.0,0.0,-4124084000.0,0.0,22006000.0,0.0,0.0,-1006461000.0,700057000,7765000.0,-491966000.0,0.0,0.0,0.0,-2201000.0,0.0,485387000.0,0.0,15427000.0,236151000.0,220724000,22006000.0,-2263000.0,19743000.0,https://www.sec.gov/Archives/edgar/data/812348/000119312517083274/0001193125-17-083274-index.htm,https://www.sec.gov/Archives/edgar/data/812348/000119312517083274/d283671d10k.htm,1620590461,16:01:01,20210509
5,2015-12-31,CNBKA,USD,2016-03-09,2016-03-09 16:07:48,FY,23021000.0,3296000.0,-3259000.0,0.0,-319404000.0,-1761000.0,0.0,0.0,-3275937000.0,0.0,11053000.0,0.0,0.0,-656373000.0,672446000,-3891000.0,-388945000.0,0.0,0.0,0.0,-2200000.0,0.0,293259000.0,0.0,-84633000.0,220724000.0,305357000,11053000.0,1973000.0,8401000.0,https://www.sec.gov/Archives/edgar/data/812348/000119312516498406/0001193125-16-498406-index.htm,https://www.sec.gov/Archives/edgar/data/812348/000119312516498406/d22504d10k.htm,1620590461,16:01:01,20210509
6,2014-12-31,CNBKA,USD,2015-03-12,2015-03-12 15:16:36,FY,21900000.0,2937000.0,-3613000.0,0.0,-52989000.0,298000.0,0.0,0.0,-2956533000.0,0.0,22387000.0,0.0,0.0,-359766000.0,466220000,-6844000.0,30099000.0,0.0,0.0,0.0,-2196000.0,0.0,158193000.0,0.0,210679000.0,305357000.0,94678000,22387000.0,615000.0,19283000.0,https://www.sec.gov/Archives/edgar/data/812348/000119312515089086/0001193125-15-089086-index.htm,https://www.sec.gov/Archives/edgar/data/812348/000119312515089086/d831292d10k.htm,1620590461,16:01:01,20210509
7,2013-12-31,CNBKA,USD,2014-03-13,2014-03-13 10:25:55,FY,20000000.0,5358000.0,-2929000.0,0.0,-282190000.0,-728000.0,0.0,0.0,-2903544000.0,-79622000.0,31938000.0,0.0,0.0,-897144000.0,623953000,-2926000.0,-441211000.0,0.0,0.0,0.0,-2191000.0,0.0,351668000.0,0.0,-57605000.0,94678000.0,152283000,31938000.0,-1819000.0,30119000.0,https://www.sec.gov/Archives/edgar/data/812348/000119312514096990/0001193125-14-096990-index.htm,https://www.sec.gov/Archives/edgar/data/812348/000119312514096990/d663384d10k.htm,1620590461,16:01:01,20210509
8,2012-12-31,CNBKA,USD,2013-03-12,2013-03-12 16:36:38,FY,19000000.0,6445000.0,-2104000.0,0.0,-369141000.0,211000.0,0.0,0.0,-2621354000.0,-18587000.0,19426000.0,0.0,0.0,-1221714000.0,954640000,385000.0,-392587000.0,0.0,0.0,0.0,-2186000.0,0.0,317678000.0,0.0,-55483000.0,152283000.0,207766000,19426000.0,1584000.0,15126000.0,https://www.sec.gov/Archives/edgar/data/812348/000119312513103202/0001193125-13-103202-index.htm,https://www.sec.gov/Archives/edgar/data/812348/000119312513103202/d444905d10k.htm,1620590461,16:01:01,20210509
9,2011-12-31,CNBKA,USD,2012-03-13,2012-03-13 16:18:39,FY,16700000.0,5558000.0,-953000.0,0.0,-250928000.0,579000.0,0.0,0.0,-2252213000.0,117000.0,18826000.0,0.0,0.0,-1234596000.0,1038439000,-1890000.0,-276840000.0,0.0,0.0,0.0,-2180000.0,0.0,277228000.0,0.0,19214000.0,207766000.0,188552000,18826000.0,0.0,18826000.0,https://www.sec.gov/Archives/edgar/data/812348/000119312512112068/0001193125-12-112068-index.htm,https://www.sec.gov/Archives/edgar/data/812348/000119312512112068/d276140d10k.htm,1620590461,16:01:01,20210509
10,2010-12-31,CNBKA,USD,2011-03-11,2011-03-11 16:15:16,FY,13600000.0,4955000.0,-1546000.0,0.0,-192712000.0,0.0,0.0,0.0,-2001285000.0,0.0,20141000.0,-2281000.0,0.0,-1309548000.0,938433000,555000.0,-406143000.0,-11906000.0,0.0,0.0,-2173000.0,0.0,175912000.0,0.0,-210090000.0,188552000.0,398642000,20141000.0,-2281000.0,17860000.0,https://www.sec.gov/Archives/edgar/data/812348/000095012311024755/0000950123-11-024755-index.htm,https://www.sec.gov/Archives/edgar/data/812348/000095012311024755/b83976e10vk.htm,1620590461,16:01:01,20210509
11,2009-12-31,CNBKA,USD,2010-03-11,2010-03-11 14:16:08,FY,10200000.0,6035000.0,-2294000.0,0.0,-463268000.0,0.0,0.0,0.0,-1808573000.0,0.0,8063000.0,-1257000.0,0.0,-891385000.0,737454000,0.0,-201473000.0,-4534000.0,0.0,-107000.0,-2170000.0,-34234000.0,435884000.0,0.0,242474000.0,398642000.0,156168000,8063000.0,-1257000.0,6806000.0,https://www.sec.gov/Archives/edgar/data/812348/000095012310023480/0000950123-10-023480-index.htm,https://www.sec.gov/Archives/edgar/data/812348/000095012310023480/b78467e10vk.htm,1620590461,16:01:01,20210509
12,2008-12-31,CNBKA,USD,2009-03-12,2009-03-12 14:42:36,FY,9000000.0,3229000.0,-1094000.0,0.0,-176779000.0,0.0,0.0,0.0,-1345305000.0,4578000.0,14732000.0,0.0,0.0,-732920000.0,581439000,-112376000.0,-266866000.0,-51327000.0,0.0,0.0,-2174000.0,0.0,108401000.0,0.0,-143733000.0,156168000.0,299901000,14732000.0,-3009000.0,11723000.0,https://www.sec.gov/Archives/edgar/data/812348/000095013509001692/0000950135-09-001692-index.htm,https://www.sec.gov/Archives/edgar/data/812348/000095013509001692/b73451cbe10vk.htm,1620590461,16:01:01,20210509
13,2007-12-31,CNBKA,USD,2008-03-12,2008-03-12 15:02:47,FY,7900000.0,3443000.0,111000.0,0.0,149409000.0,0.0,0.0,0.0,-1168526000.0,1500000.0,5644000.0,0.0,0.0,-177870000.0,279556000,8489000.0,109723000.0,0.0,0.0,0.0,-2173000.0,0.0,24866000.0,0.0,140233000.0,299901000.0,159668000,5644000.0,-452000.0,5192000.0,https://www.sec.gov/Archives/edgar/data/812348/000095013508001730/0000950135-08-001730-index.htm,https://www.sec.gov/Archives/edgar/data/812348/000095013508001730/b68154cbe10vk.htm,1620590461,16:01:01,20210509
14,2006-12-31,CNBKA,USD,2007-03-15,2007-03-15 17:08:38,FY,4700000.0,3595000.0,-713000.0,0.0,-80761000.0,0.0,0.0,0.0,-1317935000.0,825000.0,6708000.0,0.0,0.0,-498000.0,143978000,-47580000.0,95177000.0,-181699000.0,0.0,0.0,-2167000.0,0.0,-94896000.0,0.0,6989000.0,159668000.0,152679000,6708000.0,-723000.0,5985000.0,https://www.sec.gov/Archives/edgar/data/812348/000095013507001657/0000950135-07-001657-index.htm,https://www.sec.gov/Archives/edgar/data/812348/000095013507001657/b63625cbe10vk.htm,1620590461,16:01:01,20210509
15,2005-12-31,CNBKA,USD,2006-03-16,2006-03-16 13:07:59,FY,6900000.0,3348000.0,128000.0,0.0,174917000.0,0.0,0.0,0.0,-1237174000.0,600000.0,7282000.0,0.0,0.0,-114257000.0,241267000,-110369000.0,14725000.0,-29639000.0,0.0,0.0,-2153000.0,0.0,-107563000.0,0.0,-85556000.0,152679000.0,238235000,7282000.0,-1916000.0,5366000.0,https://www.sec.gov/Archives/edgar/data/812348/000095013506001645/0000950135-06-001645-index.htm,https://www.sec.gov/Archives/edgar/data/812348/000095013506001645/b58466cbe10vk.htm,1620590461,16:01:01,20210509
16,2004-12-31,CNBKA,USD,2005-03-15,2005-03-15 15:23:31,FY,8900000.0,1848000.0,470000.0,0.0,-57190000.0,0.0,0.0,0.0,-1412091000.0,300000.0,10571000.0,0.0,0.0,-594707000.0,534300000,-96969000.0,-164104000.0,0.0,0.0,0.0,-2147000.0,0.0,166447000.0,0.0,12914000.0,238235000.0,225321000,10571000.0,-6728000.0,3843000.0,https://www.sec.gov/Archives/edgar/data/812348/000095013505001429/0000950135-05-001429-index.htm,https://www.sec.gov/Archives/edgar/data/812348/000095013505001429/b53277cbe10vk.htm,1620590461,16:01:01,20210509
17,2003-12-31,CNBKA,USD,2004-03-11,2004-03-11 15:04:43,FY,11700000.0,1754000.0,-1416000.0,0.0,-159389000.0,0.0,0.0,0.0,-1354901000.0,453000.0,134000.0,0.0,0.0,-812774000.0,790889000,-11637000.0,-43739000.0,-33091000.0,0.0,0.0,-2008000.0,0.0,146721000.0,0.0,103116000.0,225321000.0,122205000,134000.0,-10217000.0,-10083000.0,https://www.sec.gov/Archives/edgar/data/812348/000095013504001213/0000950135-04-001213-index.htm,https://www.sec.gov/Archives/edgar/data/812348/000095013504001213/b48997cbe10vk.htm,1620590461,16:01:01,20210509
18,2002-12-31,CNBKA,USD,2002-12-31,2002-12-31,FY,13500000.0,1822000.0,-5690000.0,0.0,-181312000.0,0.0,0.0,0.0,-1195512000.0,913000.0,11124000.0,0.0,0.0,-667059000.0,387996000,-45770000.0,-327687000.0,0.0,0.0,0.0,-1871000.0,0.0,260935000.0,0.0,-55628000.0,122205000.0,177833000,11124000.0,-2854000.0,8270000.0,,,1620590461,16:01:01,20210509
19,2001-12-31,CNBKA,USD,2001-12-31,2001-12-31,FY,10900000.0,2066000.0,-101000.0,0.0,-128000000.0,0.0,0.0,0.0,-1014200000.0,1589000.0,4697000.0,0.0,0.0,-465625000.0,311612000,16101000.0,-142470000.0,0.0,0.0,0.0,-1653000.0,0.0,139804000.0,0.0,2031000.0,177833000.0,175802000,4697000.0,-4558000.0,139000.0,,,1620590461,16:01:01,20210509
20,2000-12-31,CNBKA,USD,2000-12-31,2000-12-31,FY,10200000.0,4455000.0,1939000.0,0.0,-167300000.0,0.0,0.0,0.0,-886200000.0,1485000.0,17069000.0,0.0,0.0,-62545000.0,34665000,-16565000.0,-46129000.0,-20266000.0,0.0,0.0,-1477000.0,0.0,138334000.0,0.0,109274000.0,175802000.0,66528000,17069000.0,-1684000.0,15385000.0,,,1620590461,16:01:01,20210509
21,1999-12-31,CNBKA,USD,1999-12-31,1999-12-31,FY,9100000.0,2200000.0,-1300000.0,0.0,9800000.0,0.0,0.0,0.0,-718900000.0,1600000.0,4500000.0,0.0,0.0,-166400000.0,119700000,-32000000.0,-79700000.0,0.0,0.0,0.0,-1400000.0,0.0,80700000.0,0.0,5500000.0,66500000.0,61000000,4500000.0,-1000000.0,3500000.0,,,1620590461,16:01:01,20210509
22,1998-12-31,CNBKA,USD,1998-12-31,1998-12-31,FY,8100000.0,1400000.0,-400000.0,0.0,-164900000.0,0.0,0.0,0.0,-728700000.0,1300000.0,6700000.0,0.0,0.0,-319600000.0,201300000,300000.0,-119800000.0,0.0,0.0,0.0,-800000.0,100000.0,76200000.0,0.0,0.0,0.0,97900000,6700000.0,-1800000.0,4900000.0,,,1620590461,16:01:01,20210509
23,1997-12-31,CNBKA,USD,1997-12-31,1997-12-31,FY,6800000.0,600000.0,-700000.0,0.0,-62800000.0,0.0,0.0,0.0,-563800000.0,1500000.0,14800000.0,0.0,0.0,-78300000.0,69200000,-28900000.0,-39500000.0,0.0,0.0,0.0,-800000.0,100000.0,54900000.0,0.0,0.0,0.0,67700000,14800000.0,-1500000.0,13300000.0,,,1620590461,16:01:01,20210509
24,1996-12-31,CNBKA,USD,1996-12-31,1996-12-31,FY,5400000.0,700000.0,-600000.0,0.0,-501000000.0,0.0,0.0,0.0,-501000000.0,1900000.0,7700000.0,0.0,0.0,-113700000.0,103100000,-3600000.0,-14800000.0,0.0,0.0,0.0,-600000.0,0.0,23700000.0,0.0,0.0,0.0,51100000,7700000.0,-600000.0,7100000.0,,,1620590461,16:01:01,20210509
25,1995-12-31,CNBKA,USD,1995-12-31,1995-12-31,FY,4600000.0,500000.0,-100000.0,0.0,0.0,0.0,0.0,0.0,0.0,1000000.0,5700000.0,0.0,0.0,-125100000.0,66300000,7000000.0,-53200000.0,0.0,0.0,0.0,-400000.0,11700000.0,41500000.0,0.0,0.0,0.0,57100000,5700000.0,-1400000.0,4300000.0,,,1620590461,16:01:01,20210509
26,1994-12-31,CNBKA,USD,1994-12-31,1994-12-31,FY,3300000.0,-100000.0,400000.0,0.0,0.0,0.0,0.0,0.0,0.0,3000000.0,7900000.0,0.0,0.0,-109900000.0,108900000,2000000.0,100000.0,-200000.0,0.0,0.0,-400000.0,3700000.0,-8700000.0,0.0,-100000.0,0.0,58000000,7900000.0,-900000.0,7000000.0,,,1620590461,16:01:01,20210509
27,1993-12-31,CNBKA,USD,1993-12-31,1993-12-31,FY,1200000.0,1300000.0,200000.0,0.0,0.0,0.0,0.0,0.0,0.0,6300000.0,19900000.0,0.0,0.0,-97900000.0,43300000,48100000.0,-7000000.0,0.0,0.0,0.0,-400000.0,-6800000.0,-14500000.0,0.0,0.0,0.0,59600000,19900000.0,-500000.0,19400000.0,,,1620590461,16:01:01,20210509
28,1992-12-31,CNBKA,USD,1992-12-31,1992-12-31,FY,-2100000.0,1300000.0,500000.0,0.0,0.0,0.0,0.0,0.0,0.0,7800000.0,4600000.0,0.0,0.0,-46500000.0,34000000,31900000.0,19100000.0,-10000000.0,0.0,0.0,-300000.0,-5300000.0,-25600000.0,0.0,0.0,0.0,61500000,4600000.0,-300000.0,4300000.0,,,1620590461,16:01:01,20210509
29,1991-12-31,CNBKA,USD,1991-12-31,1991-12-31,FY,600000.0,1300000.0,-200000.0,0.0,0.0,0.0,0.0,0.0,0.0,3700000.0,5000000.0,0.0,0.0,-50100000.0,41600000,10900000.0,1200000.0,-10900000.0,0.0,0.0,-300000.0,100000.0,-13700000.0,0.0,100000.0,0.0,69000000,5000000.0,-1200000.0,3800000.0,,,1620590461,16:01:01,20210509
