,date,symbol,reportedCurrency,fillingDate,acceptedDate,period,netIncome,depreciationAndAmortization,deferredIncomeTax,stockBasedCompensation,changeInWorkingCapital,accountsReceivables,inventory,accountsPayables,otherWorkingCapital,otherNonCashItems,netCashProvidedByOperatingActivities,investmentsInPropertyPlantAndEquipment,acquisitionsNet,purchasesOfInvestments,salesMaturitiesOfInvestments,otherInvestingActivites,netCashUsedForInvestingActivites,debtRepayment,commonStockIssued,commonStockRepurchased,dividendsPaid,otherFinancingActivites,netCashUsedProvidedByFinancingActivities,effectOfForexChangesOnCash,netChangeInCash,cashAtEndOfPeriod,cashAtBeginningOfPeriod,operatingCashFlow,capitalExpenditure,freeCashFlow,link,finalLink,timestamp,est_time,est_date
0,2020-12-31,PFMT,USD,2021-03-22,2021-03-22 17:30:44,FY,-13989000.0,5216000.0,0.0,2610000.0,-40259000.0,3954000.0,0.0,-2125000.0,-22692000,0.0,20809000.0,-3792000.0,0.0,0.0,0.0,0.0,-3792000.0,-266000.0,0.0,0.0,0.0,0.0,-3716000.0,0.0,13301000.0,18296000.0,4995000.0,20809000.0,-3792000.0,17017000.0,https://www.sec.gov/Archives/edgar/data/1550695/000155069521000007/0001550695-21-000007-index.htm,https://www.sec.gov/Archives/edgar/data/1550695/000155069521000007/pfmt-20201231.htm,1620596494,17:41:34,20210509
1,2019-12-31,PFMT,USD,2020-04-29,2020-04-29 17:23:47,FY,-26820000.0,11125000.0,13000.0,2311000.0,-99000.0,-6291000.0,0.0,1130000.0,17567000,-74000.0,-15423000.0,-4856000.0,0.0,0.0,0.0,0.0,-4856000.0,-2488000.0,0.0,0.0,0.0,-547000.0,17999000.0,0.0,-2280000.0,4995000.0,7275000.0,-15423000.0,-4856000.0,-20279000.0,https://www.sec.gov/Archives/edgar/data/1550695/000155069520000025/0001550695-20-000025-index.htm,https://www.sec.gov/Archives/edgar/data/1550695/000155069520000025/a10k12312019.htm,1620596494,17:41:34,20210509
2,2018-12-31,PFMT,USD,2019-04-01,2019-04-01 16:41:18,FY,-8010000.0,10234000.0,490000.0,2750000.0,5216000.0,-6695000.0,0.0,-445000.0,17666000,-20317000.0,-12149000.0,-7645000.0,0.0,0.0,0.0,2285000.0,-5360000.0,-2200000.0,0.0,0.0,0.0,-690000.0,1297000.0,-32000.0,-16244000.0,7275000.0,23519000.0,-12149000.0,-7645000.0,-19794000.0,https://www.sec.gov/Archives/edgar/data/1550695/000155069519000022/0001550695-19-000022-index.htm,https://www.sec.gov/Archives/edgar/data/1550695/000155069519000022/a10k12312018.htm,1620596494,17:41:34,20210509
3,2017-12-31,PFMT,USD,2018-03-14,2018-03-14 16:26:03,FY,-12729000.0,10888000.0,3733000.0,3740000.0,-8093000.0,-1010000.0,0.0,890000.0,12450000,1667000.0,2974000.0,-7259000.0,0.0,0.0,0.0,0.0,-7259000.0,-55513000.0,0.0,0.0,0.0,-1319000.0,-12677000.0,-3000.0,-16965000.0,23519000.0,40484000.0,2974000.0,-7259000.0,-4285000.0,https://www.sec.gov/Archives/edgar/data/1550695/000155069518000006/0001550695-18-000006-index.htm,https://www.sec.gov/Archives/edgar/data/1550695/000155069518000006/a10k12312017.htm,1620596494,17:41:34,20210509
4,2016-12-31,PFMT,USD,2017-03-13,2017-03-13 16:48:20,FY,-11453000.0,28818000.0,-6912000.0,4713000.0,-34991000.0,6481000.0,0.0,-301000.0,20543000,1264000.0,17784000.0,-7866000.0,0.0,0.0,0.0,0.0,-7866000.0,-46578000.0,0.0,0.0,0.0,-1898000.0,-48139000.0,21000.0,-38200000.0,32982000.0,71182000.0,17784000.0,-7866000.0,9918000.0,https://www.sec.gov/Archives/edgar/data/1550695/000155069517000005/0001550695-17-000005-index.htm,https://www.sec.gov/Archives/edgar/data/1550695/000155069517000005/a2016123110k.htm,1620596494,17:41:34,20210509
5,2015-12-31,PFMT,USD,2016-03-15,2016-03-15 13:30:48,FY,-1795000.0,13368000.0,-2943000.0,5009000.0,-9598000.0,-2918000.0,0.0,-441000.0,55534000,1242000.0,16171000.0,-7895000.0,0.0,0.0,0.0,0.0,-6627000.0,-17537000.0,0.0,0.0,0.0,-1191000.0,-18691000.0,31000.0,-9116000.0,71182000.0,80298000.0,16171000.0,-7895000.0,8276000.0,https://www.sec.gov/Archives/edgar/data/1550695/000155069516000050/0001550695-16-000050-index.htm,https://www.sec.gov/Archives/edgar/data/1550695/000155069516000050/a2015123110k.htm,1620596494,17:41:34,20210509
6,2014-12-31,PFMT,USD,2015-03-13,2015-03-13 09:35:16,FY,9400000.0,12450000.0,-1703000.0,3707000.0,-3059000.0,4602000.0,0.0,-1013000.0,65132000,1177000.0,27866000.0,-10146000.0,0.0,0.0,0.0,0.0,-10146000.0,-21509000.0,0.0,0.0,0.0,1568000.0,-19331000.0,0.0,-1611000.0,80298000.0,81909000.0,27866000.0,-10146000.0,17720000.0,https://www.sec.gov/Archives/edgar/data/1550695/000155069515000008/0001550695-15-000008-index.htm,https://www.sec.gov/Archives/edgar/data/1550695/000155069515000008/a2014123110k.htm,1620596494,17:41:34,20210509
7,2013-12-31,PFMT,USD,2014-03-14,2014-03-14 13:46:52,FY,36339000.0,10655000.0,-1708000.0,2994000.0,36483000.0,3395000.0,0.0,980000.0,68191000,1247000.0,61206000.0,-12503000.0,0.0,0.0,0.0,0.0,-12503000.0,-14465000.0,0.0,0.0,0.0,8060000.0,-4637000.0,0.0,44066000.0,81909000.0,37843000.0,61206000.0,-12503000.0,48703000.0,https://www.sec.gov/Archives/edgar/data/1550695/000155069514000005/0001550695-14-000005-index.htm,https://www.sec.gov/Archives/edgar/data/1550695/000155069514000005/a2013123110k.htm,1620596494,17:41:34,20210509
8,2012-12-31,PFMT,USD,2013-03-21,2013-03-21 17:08:29,FY,22951000.0,9505000.0,-1826000.0,1614000.0,3160000.0,-3646000.0,0.0,1343000.0,31708000,1215000.0,37005000.0,-12193000.0,0.0,0.0,0.0,0.0,-12193000.0,-116114000.0,12624000.0,-61511000.0,0.0,-2647000.0,-6973000.0,0.0,17839000.0,37843000.0,20004000.0,37005000.0,-12193000.0,24812000.0,https://www.sec.gov/Archives/edgar/data/1550695/000119312513119713/0001193125-13-119713-index.htm,https://www.sec.gov/Archives/edgar/data/1550695/000119312513119713/d459986d10k.htm,1620596494,17:41:34,20210509
