,date,symbol,reportedCurrency,fillingDate,acceptedDate,period,netIncome,depreciationAndAmortization,deferredIncomeTax,stockBasedCompensation,changeInWorkingCapital,accountsReceivables,inventory,accountsPayables,otherWorkingCapital,otherNonCashItems,netCashProvidedByOperatingActivities,investmentsInPropertyPlantAndEquipment,acquisitionsNet,purchasesOfInvestments,salesMaturitiesOfInvestments,otherInvestingActivites,netCashUsedForInvestingActivites,debtRepayment,commonStockIssued,commonStockRepurchased,dividendsPaid,otherFinancingActivites,netCashUsedProvidedByFinancingActivities,effectOfForexChangesOnCash,netChangeInCash,cashAtEndOfPeriod,cashAtBeginningOfPeriod,operatingCashFlow,capitalExpenditure,freeCashFlow,link,finalLink,timestamp,est_time,est_date
0,2020-12-31,ABCP,USD,2021-03-24,2021-03-24 16:17:39,FY,-5604000.0,0.0,0.0,0.0,10678000.0,0.0,0.0,0.0,0.0,0.0,5074000.0,0.0,0.0,0.0,0.0,0.0,0.0,0.0,0.0,0.0,0.0,0.0,0.0,0.0,5074000.0,7925000.0,2851000.0,5074000.0,0.0,5074000.0,https://www.sec.gov/Archives/edgar/data/20639/000114036121009786/0001140361-21-009786-index.htm,https://www.sec.gov/Archives/edgar/data/20639/000114036121009786/brhc10021610_10k.htm,1620586048,14:47:28,20210509
1,2019-12-31,ABCP,USD,2020-03-25,2020-03-25 12:26:02,FY,-4926000.0,0.0,0.0,0.0,-2757000.0,0.0,0.0,0.0,7808000.0,0.0,5816000.0,0.0,0.0,0.0,0.0,0.0,0.0,0.0,0.0,0.0,0.0,-3202000.0,-3202000.0,0.0,2614000.0,2851000.0,237000.0,5816000.0,0.0,5816000.0,https://www.sec.gov/Archives/edgar/data/20639/000114036120006793/0001140361-20-006793-index.htm,https://www.sec.gov/Archives/edgar/data/20639/000114036120006793/form10k.htm,1620586048,14:47:28,20210509
2,2018-12-31,ABCP,USD,2019-03-27,2019-03-27 16:37:14,FY,335000.0,0.0,-1391000.0,0.0,10921000.0,0.0,0.0,0.0,10565000.0,0.0,-4295000.0,0.0,0.0,0.0,0.0,0.0,4910000.0,-2546000.0,0.0,0.0,0.0,1848000.0,-448000.0,0.0,167000.0,237000.0,70000.0,-4295000.0,4910000.0,-4295000.0,https://www.sec.gov/Archives/edgar/data/20639/000114036119005745/0001140361-19-005745-index.htm,https://www.sec.gov/Archives/edgar/data/20639/000114036119005745/form10k.htm,1620586048,14:47:28,20210509
3,2017-12-31,ABCP,USD,2018-03-30,2018-03-30 15:32:13,FY,-48057000.0,48000.0,-20092000.0,0.0,-599000.0,0.0,0.0,83000.0,-356000.0,0.0,-4166000.0,0.0,0.0,0.0,0.0,0.0,0.0,0.0,0.0,0.0,0.0,1354000.0,3650000.0,0.0,-516000.0,70000.0,586000.0,-4166000.0,0.0,-4166000.0,https://www.sec.gov/Archives/edgar/data/20639/000002063918000018/0000020639-18-000018-index.htm,https://www.sec.gov/Archives/edgar/data/20639/000002063918000018/frm10k.htm,1620586048,14:47:28,20210509
4,2016-12-31,ABCP,USD,2017-03-30,2017-03-30 14:22:21,FY,-3219000.0,48000.0,0.0,0.0,-2504000.0,0.0,0.0,0.0,243000.0,-128000.0,-2980000.0,0.0,0.0,0.0,0.0,263000.0,263000.0,0.0,0.0,0.0,0.0,0.0,0.0,0.0,-2717000.0,586000.0,3303000.0,-2980000.0,0.0,-2980000.0,https://www.sec.gov/Archives/edgar/data/20639/000002063917000004/0000020639-17-000004-index.htm,https://www.sec.gov/Archives/edgar/data/20639/000002063917000004/frm10k.htm,1620586048,14:47:28,20210509
5,2015-12-31,ABCP,USD,2016-03-29,2016-03-29 15:49:45,FY,-4591000.0,48000.0,0.0,0.0,-1830000.0,0.0,0.0,0.0,2747000.0,0.0,-2736000.0,0.0,0.0,-6911000.0,11699000.0,-4048000.0,740000.0,0.0,0.0,0.0,0.0,0.0,0.0,0.0,-1996000.0,3303000.0,5299000.0,-2736000.0,0.0,-2736000.0,https://www.sec.gov/Archives/edgar/data/20639/000002063916000044/0000020639-16-000044-index.htm,https://www.sec.gov/Archives/edgar/data/20639/000002063916000044/frm10k12312015.htm,1620586048,14:47:28,20210509
6,2014-12-31,ABCP,USD,2015-03-30,2015-03-30 15:28:35,FY,14421000.0,48000.0,0.0,0.0,21429000.0,0.0,0.0,0.0,4577000.0,-36045000.0,-3087000.0,0.0,0.0,-30941000.0,28749000.0,4163000.0,1971000.0,0.0,0.0,-525000.0,0.0,0.0,-525000.0,0.0,-1641000.0,5299000.0,6940000.0,-3087000.0,0.0,-3087000.0,https://www.sec.gov/Archives/edgar/data/20639/000002063915000006/0000020639-15-000006-index.htm,https://www.sec.gov/Archives/edgar/data/20639/000002063915000006/frm10k12312014.htm,1620586048,14:47:28,20210509
7,2013-12-31,ABCP,USD,2014-03-26,2014-03-26 14:33:42,FY,-6018000.0,48000.0,0.0,0.0,-63942000.0,0.0,0.0,0.0,-16852000.0,0.0,-2267000.0,0.0,0.0,-206190000.0,213965000.0,0.0,7775000.0,0.0,0.0,-2475000.0,0.0,0.0,-2475000.0,0.0,3033000.0,6940000.0,3907000.0,-2267000.0,0.0,-2267000.0,https://www.sec.gov/Archives/edgar/data/20639/000002063914000016/0000020639-14-000016-index.htm,https://www.sec.gov/Archives/edgar/data/20639/000002063914000016/frm10k12312013.htm,1620586048,14:47:28,20210509
8,2012-12-31,ABCP,USD,2013-03-28,2013-03-28 16:11:59,FY,145929000.0,49000.0,0.0,0.0,39490000.0,0.0,0.0,0.0,47090000.0,0.0,163256000.0,0.0,0.0,-468383000.0,388849000.0,0.0,-79534000.0,0.0,0.0,-489000.0,-87511000.0,0.0,-87430000.0,0.0,-3708000.0,3907000.0,7615000.0,163256000.0,0.0,163256000.0,https://www.sec.gov/Archives/edgar/data/20639/000002063913000022/0000020639-13-000022-index.htm,https://www.sec.gov/Archives/edgar/data/20639/000002063913000022/frm10k12312012.htm,1620586048,14:47:28,20210509
9,2011-12-31,ABCP,USD,2012-03-28,2012-03-28 15:11:49,FY,-1893000.0,48000.0,0.0,120000.0,-1714000.0,0.0,0.0,0.0,7600000.0,0.0,-1735000.0,0.0,0.0,-36856000.0,44851000.0,0.0,8016000.0,0.0,0.0,0.0,0.0,0.0,0.0,0.0,6281000.0,7615000.0,1334000.0,-1735000.0,0.0,-1735000.0,https://www.sec.gov/Archives/edgar/data/20639/000002063912000020/0000020639-12-000020-index.htm,https://www.sec.gov/Archives/edgar/data/20639/000002063912000020/frm10k12312011.htm,1620586048,14:47:28,20210509
10,2010-12-31,ABCP,USD,2011-03-30,2011-03-30 15:26:26,FY,-1960000.0,49000.0,0.0,0.0,-2108000.0,0.0,0.0,0.0,9314000.0,0.0,-1899000.0,0.0,0.0,-44535000.0,46353000.0,-300000.0,1518000.0,0.0,0.0,0.0,0.0,0.0,0.0,0.0,-381000.0,1334000.0,1715000.0,-1899000.0,0.0,-1899000.0,https://www.sec.gov/Archives/edgar/data/20639/000002063911000004/0000020639-11-000004-index.htm,https://www.sec.gov/Archives/edgar/data/20639/000002063911000004/form10k12312010.htm,1620586048,14:47:28,20210509
11,2009-12-31,ABCP,USD,2010-03-29,2010-03-29 13:18:54,FY,-2411000.0,51000.0,0.0,0.0,-2332000.0,0.0,0.0,0.0,11422000.0,-10000.0,-2349000.0,0.0,0.0,-31372000.0,32786000.0,0.0,1414000.0,0.0,0.0,-17000.0,0.0,0.0,-17000.0,0.0,-952000.0,1715000.0,2667000.0,-2349000.0,0.0,-2349000.0,https://www.sec.gov/Archives/edgar/data/20639/000002063910000004/0000020639-10-000004-index.htm,https://www.sec.gov/Archives/edgar/data/20639/000002063910000004/frm10k123109.htm,1620586048,14:47:28,20210509
12,2008-12-31,ABCP,USD,2009-03-27 00:00:00,2009-03-27 11:24:42,FY,-4431000.0,51000.0,0.0,0.0,13754000.0,0.0,0.0,0.0,13754000.0,140000.0,-4781000.0,0.0,0.0,-32263000.0,37036000.0,0.0,4773000.0,0.0,0.0,-219000.0,0.0,0.0,-219000.0,0.0,-227000.0,2667000.0,2894000.0,-4781000.0,0.0,-4781000.0,https://www.sec.gov/Archives/edgar/data/20639/000002063909000004/0000020639-09-000004-index.html,https://www.sec.gov/Archives/edgar/data/20639/000002063909000004/frm10k1208.htm,1620586048,14:47:28,20210509
13,2007-12-31,ABCP,USD,2008-03-28,2008-03-28 13:51:18,FY,-3936000.0,51000.0,0.0,0.0,0.0,1139000.0,0.0,-16498000.0,0.0,438000.0,-19116000.0,0.0,0.0,-40886000.0,60784000.0,0.0,19898000.0,0.0,0.0,-489000.0,0.0,0.0,-489000.0,0.0,293000.0,2894000.0,2601000.0,-19116000.0,0.0,-19116000.0,https://www.sec.gov/Archives/edgar/data/20639/000002063908000005/0000020639-08-000005-index.htm,https://www.sec.gov/Archives/edgar/data/20639/000002063908000005/frm10k123107.txt,1620586048,14:47:28,20210509
14,2006-12-31,ABCP,USD,2006-12-31,2006-12-31,FY,-5463000.0,51000.0,0.0,0.0,0.0,-1230000.0,0.0,1280000.0,0.0,888000.0,-4519000.0,0.0,0.0,-102158000.0,107125000.0,0.0,4967000.0,0.0,0.0,-699000.0,0.0,0.0,-699000.0,0.0,-251000.0,2601000.0,2852000.0,-4519000.0,0.0,-4519000.0,,,1620586048,14:47:28,20210509
15,2005-12-31,ABCP,USD,2005-12-31,2005-12-31,FY,5128000.0,51000.0,0.0,0.0,0.0,427000.0,0.0,306000.0,0.0,-389000.0,-5144000.0,0.0,0.0,-111745000.0,82175000.0,0.0,-2128000.0,0.0,0.0,0.0,0.0,0.0,0.0,0.0,-7272000.0,2852000.0,10124000.0,-5144000.0,0.0,-5144000.0,,,1620586048,14:47:28,20210509
16,2004-12-31,ABCP,USD,2004-12-31,2004-12-31,FY,-3351000.0,330000.0,0.0,0.0,0.0,-584000.0,0.0,2573000.0,0.0,-117000.0,-1896000.0,0.0,0.0,-34466000.0,43684000.0,0.0,9218000.0,0.0,17000.0,0.0,0.0,0.0,17000.0,0.0,7339000.0,10124000.0,2785000.0,-1896000.0,0.0,-1896000.0,,,1620586048,14:47:28,20210509
17,2003-12-31,ABCP,USD,2003-12-31,2003-12-31,FY,-3559000.0,329000.0,0.0,0.0,0.0,-213000.0,0.0,1547000.0,0.0,-198000.0,-2158000.0,-38000.0,0.0,-50541000.0,50642000.0,0.0,63000.0,0.0,0.0,-38000.0,0.0,0.0,-38000.0,0.0,-2133000.0,2785000.0,4918000.0,-2158000.0,-38000.0,-2196000.0,,,1620586048,14:47:28,20210509
18,2002-12-31,ABCP,USD,2002-12-31,2002-12-31,FY,-5133000.0,74000.0,0.0,0.0,0.0,-188000.0,0.0,-710000.0,0.0,-1398000.0,-5936000.0,-17291000.0,0.0,-106710000.0,128715000.0,10000.0,4724000.0,0.0,0.0,0.0,0.0,0.0,0.0,0.0,-1212000.0,4918000.0,6130000.0,-5936000.0,-17291000.0,-23227000.0,,,1620586048,14:47:28,20210509
19,2001-12-31,ABCP,USD,2002-03-27 00:00:00,2002-03-27 00:00:00,FY,62110000.0,57000.0,0.0,0.0,0.0,-3000.0,0.0,1378000.0,0.0,-67907000.0,-4640000.0,-2434000.0,0.0,-94413000.0,102765000.0,8000.0,5926000.0,0.0,0.0,0.0,0.0,0.0,0.0,0.0,1286000.0,6130000.0,4844000.0,-4640000.0,-2434000.0,-7074000.0,https://www.sec.gov/Archives/edgar/data/20639/000002063902000003/0000020639-02-000003-index.html,https://www.sec.gov/Archives/edgar/data/20639/000002063902000003/form10k2001.txt,1620586048,14:47:28,20210509
20,2000-12-31,ABCP,USD,2001-03-29 00:00:00,2001-03-29 00:00:00,FY,5174000.0,0.0,0.0,0.0,0.0,36000.0,0.0,-13000.0,0.0,-2630000.0,2590000.0,0.0,0.0,-118639000.0,118084000.0,10000.0,-545000.0,0.0,153000.0,0.0,0.0,0.0,153000.0,0.0,2198000.0,4844000.0,2646000.0,2590000.0,0.0,2590000.0,https://www.sec.gov/Archives/edgar/data/20639/000002063901000003/0000020639-01-000003-index.html,https://www.sec.gov/Archives/edgar/data/20639/000002063901000003/0000020639-01-000003-0001.txt,1620586048,14:47:28,20210509
21,1999-12-31,ABCP,USD,1999-12-31,1999-12-31,FY,-4515000.0,0.0,0.0,0.0,0.0,48000.0,0.0,260000.0,0.0,-2221000.0,-6120000.0,0.0,0.0,-103207000.0,108986000.0,10000.0,5789000.0,0.0,91000.0,0.0,0.0,0.0,91000.0,0.0,-240000.0,2646000.0,2886000.0,-6120000.0,0.0,-6120000.0,,,1620586048,14:47:28,20210509
22,1998-12-31,ABCP,USD,1999-03-22 00:00:00,1999-03-22 00:00:00,FY,181000.0,0.0,0.0,0.0,0.0,0.0,0.0,0.0,0.0,-15165000.0,-14892000.0,0.0,0.0,0.0,0.0,12230000.0,12230000.0,0.0,0.0,0.0,0.0,0.0,0.0,0.0,-2662000.0,2886000.0,5548000.0,-14892000.0,0.0,-14892000.0,https://www.sec.gov/Archives/edgar/data/20639/000002063999000005/0000020639-99-000005-index.html,https://www.sec.gov/Archives/edgar/data/20639/0000020639-99-000005.txt,1620586048,14:47:28,20210509
23,1997-12-31,ABCP,USD,1998-03-31 00:00:00,1998-03-31 00:00:00,FY,-1084000.0,0.0,0.0,0.0,0.0,0.0,0.0,0.0,0.0,-3524000.0,-4486000.0,0.0,0.0,0.0,0.0,5693000.0,4443000.0,0.0,0.0,0.0,0.0,0.0,0.0,0.0,-43000.0,5548000.0,5591000.0,-4486000.0,0.0,-4486000.0,https://www.sec.gov/Archives/edgar/data/20639/000002063998000006/0000020639-98-000006-index.html,https://www.sec.gov/Archives/edgar/data/20639/0000020639-98-000006.txt,1620586048,14:47:28,20210509
24,1996-12-31,ABCP,USD,1997-02-25 00:00:00,1997-02-25 00:00:00,FY,14032000.0,0.0,0.0,0.0,0.0,0.0,0.0,0.0,0.0,-16139000.0,-1622000.0,0.0,0.0,0.0,0.0,-748000.0,-248000.0,0.0,0.0,0.0,0.0,0.0,0.0,0.0,-2161000.0,5591000.0,7752000.0,-1622000.0,0.0,-1622000.0,https://www.sec.gov/Archives/edgar/data/20639/000002063997000002/0000020639-97-000002-index.html,https://www.sec.gov/Archives/edgar/data/20639/0000020639-97-000002.txt,1620586048,14:47:28,20210509
25,1995-12-31,ABCP,USD,1995-12-31,1995-12-31,FY,4068000.0,0.0,0.0,0.0,112000000.0,0.0,0.0,0.0,0.0,-10941000.0,-6820000.0,0.0,0.0,0.0,0.0,5523000.0,5523000.0,0.0,0.0,0.0,0.0,0.0,0.0,0.0,-1286000.0,7752000.0,9038000.0,-6820000.0,0.0,-6820000.0,,,1620586048,14:47:28,20210509
26,1994-12-31,ABCP,USD,1994-12-31,1994-12-31,FY,6100000.0,0.0,0.0,0.0,10000000.0,0.0,0.0,0.0,-112000000.0,-8200000.0,-9200000.0,0.0,0.0,0.0,0.0,0.0,-11600000.0,0.0,0.0,0.0,0.0,0.0,0.0,0.0,-20700000.0,15300000.0,36000000.0,-9200000.0,0.0,-9200000.0,,,1620586048,14:47:28,20210509
27,1993-12-31,ABCP,USD,1993-12-31,1993-12-31,FY,3200000.0,0.0,0.0,0.0,5212000000.0,0.0,0.0,0.0,-122000000.0,2400000.0,6600000.0,0.0,0.0,0.0,0.0,0.0,-13300000.0,0.0,0.0,400000.0,0.0,0.0,400000.0,0.0,-6200000.0,-5963000.0,237000.0,6600000.0,0.0,6600000.0,,,1620586048,14:47:28,20210509
28,1992-12-31,ABCP,USD,1992-12-31,1992-12-31,FY,23500000.0,0.0,22600000.0,0.0,190000000.0,0.0,0.0,0.0,-5334000000.0,-397000000.0,-381600000.0,0.0,0.0,0.0,0.0,0.0,8400000.0,0.0,0.0,0.0,0.0,0.0,0.0,0.0,-373200000.0,35800000.0,409000000.0,-381600000.0,0.0,-381600000.0,,,1620586048,14:47:28,20210509
29,1991-12-31,ABCP,USD,1991-12-31,1991-12-31,FY,-202000000.0,36000000.0,0.0,0.0,4471000000.0,0.0,0.0,0.0,-5524000000.0,134000000.0,-11000000.0,0.0,0.0,0.0,0.0,0.0,851000000.0,0.0,0.0,0.0,0.0,0.0,-687000000.0,0.0,153000000.0,409000000.0,256000000.0,-11000000.0,0.0,-11000000.0,,,1620586048,14:47:28,20210509
30,1990-12-31,ABCP,USD,1990-12-31,1990-12-31,FY,-1020000000.0,0.0,0.0,0.0,-78000000.0,0.0,0.0,0.0,-9995000000.0,1445000000.0,1076000000.0,0.0,0.0,0.0,0.0,0.0,313000000.0,0.0,0.0,-10000000.0,-2000000.0,0.0,-213000000.0,0.0,1176000000.0,1603000000.0,427000000.0,1076000000.0,0.0,1076000000.0,,,1620586048,14:47:28,20210509
31,1989-12-31,ABCP,USD,1989-12-31,1989-12-31,FY,128000000.0,53000000.0,0.0,0.0,-9917000000.0,0.0,0.0,0.0,-9917000000.0,82000000.0,28000000.0,0.0,0.0,0.0,0.0,0.0,670000000.0,0.0,0.0,-93000000.0,-7000000.0,0.0,-500000000.0,0.0,198000000.0,4716000000.0,4518000000.0,28000000.0,0.0,28000000.0,,,1620586048,14:47:28,20210509
32,1988-12-31,ABCP,USD,1988-12-31,1988-12-31,FY,-53000000.0,0.0,0.0,0.0,5000000.0,0.0,0.0,0.0,0.0,193000000.0,148000000.0,0.0,0.0,0.0,0.0,0.0,-698000000.0,0.0,0.0,-5000000.0,-7000000.0,0.0,730000000.0,0.0,180000000.0,180000000.0,0.0,148000000.0,0.0,148000000.0,,,1620586048,14:47:28,20210509
