,date,symbol,reportedCurrency,fillingDate,acceptedDate,period,netIncome,depreciationAndAmortization,deferredIncomeTax,stockBasedCompensation,changeInWorkingCapital,accountsReceivables,inventory,accountsPayables,otherWorkingCapital,otherNonCashItems,netCashProvidedByOperatingActivities,investmentsInPropertyPlantAndEquipment,acquisitionsNet,purchasesOfInvestments,salesMaturitiesOfInvestments,otherInvestingActivites,netCashUsedForInvestingActivites,debtRepayment,commonStockIssued,commonStockRepurchased,dividendsPaid,otherFinancingActivites,netCashUsedProvidedByFinancingActivities,effectOfForexChangesOnCash,netChangeInCash,cashAtEndOfPeriod,cashAtBeginningOfPeriod,operatingCashFlow,capitalExpenditure,freeCashFlow,link,finalLink,timestamp,est_time,est_date
0,2020-12-31,ESS,USD,2021-02-19,2021-02-19 16:24:21,FY,568870000.0,525497000.0,0.0,8157000.0,317076000.0,-3683000.0,0.0,-10382000.0,176157000,-16435000.0,803108000,0.0,-460421000.0,-83379000.0,113465000.0,-35813000.0,-416900000,-2009635000.0,0.0,-269611000.0,-536098000,-74016000.0,-383261000.0,0.0,0.0,0.0,84041000.0,803108000,-90085000.0,713023000,https://www.sec.gov/Archives/edgar/data/920522/000092052221000015/0000920522-21-000015-index.htm,https://www.sec.gov/Archives/edgar/data/920522/000092052221000015/ess-20201231.htm,1620591793,16:23:13,20210509
1,2019-12-31,ESS,USD,2020-02-20 00:00:00,2020-02-20 16:07:45,FY,439286000.0,483750000.0,0.0,7010000.0,-88688000.0,0.0,0.0,0.0,-140919000,-323000.0,919079000,0.0,0.0,-46458000.0,147531000.0,-58941000.0,-527691000,-2910829000.0,72539000.0,-56989000.0,-528459000,-59921000.0,-461689000.0,0.0,-70301000.0,81094000.0,151395000.0,919079000,-339140000.0,817390000,https://www.sec.gov/Archives/edgar/data/1053059/000092052220000026/0000920522-20-000026-index.html,https://www.sec.gov/Archives/edgar/data/920522/000092052220000026/ess-123119x10k.htm,1620591793,16:23:13,20210509
2,2018-12-31,ESS,USD,2019-02-21,2019-02-21 16:21:22,FY,390153000.0,479884000.0,0.0,7135000.0,213011000.0,0.0,0.0,0.0,-52231000,-8023000.0,826554000,0.0,0.0,-37952000.0,31521000.0,30494000.0,-59893000,-1152359000.0,0.0,-52152000.0,-484182000,-35646000.0,-676392000.0,0.0,90269000.0,151395000.0,61126000.0,826554000,76504000.0,744870000,https://www.sec.gov/Archives/edgar/data/920522/000092052219000009/ess-123118x10k.htm,https://www.sec.gov/Archives/edgar/data/920522/000092052219000009/ess-123118x10k.htm,1620591793,16:23:13,20210509
3,2017-12-31,ESS,USD,2018-02-22,2018-02-22 16:39:47,FY,433059000.0,468881000.0,0.0,9286000.0,-217616000.0,0.0,0.0,0.0,-265242000,-5948000.0,766151000,0.0,0.0,-67893000.0,35481000.0,38899000.0,-477239000,-1489406000.0,89055000.0,0.0,-450625000,-65099000.0,-309213000.0,0.0,-20301000.0,44620000.0,64921000.0,766151000,-281816000.0,695165000,https://www.sec.gov/Archives/edgar/data/920522/000092052218000011/ess-123117x10k.htm,https://www.sec.gov/Archives/edgar/data/920522/000092052218000011/ess-123117x10k.htm,1620591793,16:23:13,20210509
4,2016-12-31,ESS,USD,2017-02-24,2017-02-24 14:52:07,FY,414979000.0,441682000.0,0.0,10899000.0,31916000.0,0.0,0.0,0.0,-47626000,-15234000.0,712523000,0.0,0.0,-18779000.0,30458000.0,-28595000.0,-421412000,-1018126000.0,0.0,-75179000.0,-411134000,-35771000.0,-255873000.0,0.0,35238000.0,64921000.0,29683000.0,712523000,-236725000.0,652510000,https://www.sec.gov/Archives/edgar/data/920522/000092052217000014/ess-123116x10k.htm,https://www.sec.gov/Archives/edgar/data/920522/000092052217000014/ess-123116x10k.htm,1620591793,16:23:13,20210509
5,2015-12-31,ESS,USD,2016-02-26,2016-02-26 16:02:10,FY,232120000.0,453423000.0,0.0,6061000.0,188697000.0,0.0,0.0,0.0,-79542000,-19361000.0,617410000,0.0,0.0,-14300000.0,8907000.0,2743000.0,-725556000,-1197351000.0,332137000.0,0.0,-367257000,-31710000.0,108214000.0,0.0,4005000.0,29683000.0,25610000.0,617410000,-453964000.0,560133000,https://www.sec.gov/Archives/edgar/data/920522/000092052216000097/ess-123115x10k.htm,https://www.sec.gov/Archives/edgar/data/920522/000092052216000097/ess-123115x10k.htm,1620591793,16:23:13,20210509
6,2014-12-31,ESS,USD,2015-03-02,2015-03-02 14:34:47,FY,122150000.0,360592000.0,0.0,8740000.0,-103282000.0,0.0,0.0,0.0,-268239000,-5647000.0,492983000,0.0,0.0,-20516000.0,8753000.0,75550000.0,-1147156000,-1814020000.0,532770000.0,0.0,-260574000,-42011000.0,520610000.0,0.0,140353000.0,25281000.0,18491000.0,492983000,-480553000.0,414119000,https://www.sec.gov/Archives/edgar/data/920522/000092052215000006/ess-123114x10k.htm,https://www.sec.gov/Archives/edgar/data/920522/000092052215000006/ess-123114x10k.htm,1620591793,16:23:13,20210509
7,2013-12-31,ESS,USD,2014-02-26,2014-02-26 17:17:36,FY,156283000.0,205734000.0,0.0,4508000.0,-72814000.0,0.0,0.0,0.0,-164957000,-844000.0,304982000,0.0,0.0,-16442000.0,24172000.0,-12461000.0,-453696000,-750900000.0,138366000.0,0.0,-180668000,-32218000.0,148599000.0,0.0,-115000.0,18491000.0,18606000.0,304982000,-343070000.0,264049000,https://www.sec.gov/Archives/edgar/data/920522/000114036114009793/form10k.htm,https://www.sec.gov/Archives/edgar/data/920522/000114036114009793/form10k.htm,1620591793,16:23:13,20210509
8,2012-12-31,ESS,USD,2013-02-25 00:00:00,2013-02-22 19:07:36,FY,125284000.0,182330000.0,0.0,4141000.0,-213937000.0,0.0,0.0,0.0,-92143000,-1832000.0,267499000,0.0,0.0,-73735000.0,61703000.0,-17544000.0,-812138000,-1371317000.0,357720000.0,0.0,-156250000,-28293000.0,550356000.0,0.0,5717000.0,18606000.0,12889000.0,267499000,-435367000.0,229388000,https://www.sec.gov/Archives/edgar/data/920522/000114036113009003/0001140361-13-009003-index.html,https://www.sec.gov/Archives/edgar/data/920522/000114036113009003/form10k.htm,1620591793,16:23:13,20210509
9,2011-12-31,ESS,USD,2012-02-27 00:00:00,2012-02-24 21:18:07,FY,47070000.0,164016000.0,0.0,2927000.0,-6536000.0,0.0,0.0,0.0,121794000,7929000.0,216571000,-198248000.0,0.0,-8048000.0,32998000.0,-241782000.0,-425783000,-1435135000.0,323931000.0,-103800000.0,-138622000,-30905000.0,208348000.0,0.0,-864000.0,12889000.0,13753000.0,216571000,-158799000.0,-15383000,https://www.sec.gov/Archives/edgar/data/920522/000114036112010939/0001140361-12-010939-index.html,https://www.sec.gov/Archives/edgar/data/920522/000114036112010939/form10k.htm,1620591793,16:23:13,20210509
10,2010-12-31,ESS,USD,2011-02-25,2011-02-25 15:45:47,FY,35934000.0,129711000.0,0.0,3251000.0,221056000.0,0.0,0.0,0.0,128330000,0.0,175530000,-455358000.0,0.0,-49974000.0,102039000.0,-76713000.0,-510868000,-888042000.0,251455000.0,0.0,-123629000,-130334000.0,328431000.0,0.0,-6907000.0,13753000.0,20660000.0,175530000,-486220000.0,-310690000,https://www.sec.gov/Archives/edgar/data/920522/000114036111012197/form10k.htm,https://www.sec.gov/Archives/edgar/data/920522/000114036111012197/form10k.htm,1620591793,16:23:13,20210509
11,2009-12-31,ESS,USD,2010-02-26 00:00:00,2010-02-26 06:02:37,FY,37108000.0,118522000.0,0.0,3412000.0,-43772000.0,0.0,0.0,0.0,-92726000,3807000.0,173587000,-192443000.0,0.0,-120096000.0,39646000.0,15757000.0,-218958000,-361063000.0,198511000.0,-111974000.0,-117102000,-38763000.0,24122000.0,0.0,-21249000.0,20660000.0,41909000.0,173587000,-192443000.0,-18856000,https://www.sec.gov/Archives/edgar/data/920522/000114036110008624/0001140361-10-008624-index.html,https://www.sec.gov/Archives/edgar/data/920522/000114036110008624/form10-k.htm,1620591793,16:23:13,20210509
12,2008-12-31,ESS,USD,2009-02-27 00:00:00,2009-02-27 17:34:11,FY,65354000.0,110860000.0,0.0,0.0,337046000.0,0.0,0.0,0.0,-48954000,22538000.0,181241000,-260600000.0,0.0,-100108000.0,76912000.0,-20515000.0,-285023000,-731327000.0,142751000.0,-23788000.0,-109490000,-43766000.0,135735000.0,0.0,31953000.0,41909000.0,9956000.0,181241000,-299390000.0,-118149000,https://www.sec.gov/Archives/edgar/data/920522/000114036109005392/0001140361-09-005392-index.html,https://www.sec.gov/Archives/edgar/data/920522/000114036109005392/form10k.htm,1620591793,16:23:13,20210509
13,2007-12-31,ESS,USD,2008-02-29,2008-02-28 20:17:35,FY,115638000.0,100389000.0,0.0,0.0,-70000000.0,2458000.0,0.0,11238000.0,-386000000,-36800000.0,190877000,-556706000.0,0.0,-7776000.0,5759000.0,-37216000.0,-377870000,-1544780000.0,217993000.0,-32644000.0,-97639000,777960000.0,187287000.0,0.0,294000.0,9956000.0,9662000.0,190877000,-556706000.0,-365829000,https://www.sec.gov/Archives/edgar/data/920522/000092052208000009/body_10-k.htm,https://www.sec.gov/Archives/edgar/data/920522/000092052208000009/body_10-k.htm,1620591793,16:23:13,20210509
14,2006-12-31,ESS,USD,2007-03-01,2007-03-01 17:23:25,FY,62748000.0,83036000.0,0.0,0.0,807563000.0,493000.0,0.0,7970000.0,-316000000,2945000.0,159935000,-267467000.0,0.0,0.0,0.0,188754000.0,-312876000,-266965000.0,52560000.0,0.0,-80446000,-27023000.0,148266000.0,0.0,-4675000.0,9662000.0,14337000.0,159935000,-539722000.0,-379787000,https://www.sec.gov/Archives/edgar/data/920522/000092052207000015/form10k.htm,https://www.sec.gov/Archives/edgar/data/920522/000092052207000015/form10k.htm,1620591793,16:23:13,20210509
15,2006-03-14,ESS,USD,2006-03-14,2006-03-14 17:06:41,FY,35090000.0,80075000.0,0.0,0.0,-820563000.0,-3220000.0,0.0,4709000.0,-1123563000,0.0,124609000,0.0,0.0,0.0,0.0,0.0,-30843000,0.0,0.0,0.0,-76263000,0.0,-90073000.0,0.0,7318000.0,14337000.0,10644000.0,124609000,0.0,124609000,https://www.sec.gov/Archives/edgar/data/920522/000092052206000023/0000920522-06-000023-index.htm,https://www.sec.gov/Archives/edgar/data/920522/000092052206000023/body10_k.htm,1620591793,16:23:13,20210509
16,2005-12-31,ESS,USD,2005-12-31,2005-12-31,FY,79716000.0,80075000.0,0.0,0.0,6000000.0,-4762000.0,0.0,5376000.0,-303000000,-32951000.0,124609000,-116357000.0,0.0,0.0,0.0,136219000.0,-30843000,-389363000.0,4489000.0,-25000000.0,-76263000,190968000.0,-90073000.0,0.0,3693000.0,14337000.0,10644000.0,124609000,-235647000.0,-111038000,,,1620591793,16:23:13,20210509
17,2004-12-31,ESS,USD,2005-03-31,2005-03-31 12:16:57,FY,79693000.0,72923000.0,0.0,0.0,-2000000.0,4753000.0,0.0,1842000.0,-309000000,-39060000.0,121738000,-235956000.0,0.0,0.0,0.0,30015000.0,-125059000,-287359000.0,67563000.0,-62080000.0,-72719000,-94078000.0,-803000.0,0.0,-4124000.0,10644000.0,14768000.0,121738000,-235956000.0,-114218000,https://www.sec.gov/Archives/edgar/data/920522/000110465905014152/a05-5625_110k.htm,https://www.sec.gov/Archives/edgar/data/920522/000110465905014152/a05-5625_110k.htm,1620591793,16:23:13,20210509
18,2003-12-31,ESS,USD,2003-12-31,2003-12-31,FY,37947000.0,49409000.0,0.0,0.0,17000000.0,-2769000.0,0.0,-2264000.0,-307000000,19989000.0,103320000,-117301000.0,0.0,0.0,0.0,52673000.0,-143132000,-269992000.0,129707000.0,-25770000.0,-68377000,-47994000.0,40396000.0,0.0,584000.0,9146000.0,8562000.0,103320000,-117301000.0,-13981000,,,1620591793,16:23:13,20210509
19,2002-12-31,ESS,USD,2002-12-31,2002-12-31,FY,52874000.0,37236000.0,0.0,0.0,-20000000.0,-2381000.0,0.0,-11125000.0,-324000000,9126000.0,85730000,-174223000.0,0.0,0.0,0.0,80607000.0,-85718000,-120877000.0,3376000.0,-20024000.0,-55603000,-26402000.0,2110000.0,0.0,2122000.0,8562000.0,6440000.0,85730000,-174223000.0,-88493000,,,1620591793,16:23:13,20210509
20,2001-12-31,ESS,USD,2001-12-31,2001-12-31,FY,48545000.0,36295000.0,0.0,0.0,-10000000.0,955000.0,0.0,-4338000.0,-304000000,16757000.0,98871000,-75137000.0,0.0,0.0,0.0,9527000.0,-63808000,-215172000.0,2906000.0,-7472000.0,-49987000,-17651000.0,-35223000.0,0.0,-160000.0,6440000.0,6600000.0,98871000,-75137000.0,23734000,,,1620591793,16:23:13,20210509
21,2000-12-31,ESS,USD,2000-12-31,2000-12-31,FY,44353000.0,30765000.0,0.0,0.0,-3000000.0,-5103000.0,0.0,2996000.0,-294000000,19034000.0,92164000,-117541000.0,0.0,0.0,31302000.0,-95361000.0,-181600000,-203004000.0,3344000.0,0.0,-42424000,-25422000.0,83688000.0,0.0,-5748000.0,6600000.0,12348000.0,92164000,-117541000.0,-25377000,,,1620591793,16:23:13,20210509
22,1999-12-31,ESS,USD,1999-12-31,1999-12-31,FY,43564000.0,26150000.0,0.0,0.0,-111000000.0,200000.0,0.0,5900000.0,-291000000,7491000.0,83566000,-162913000.0,0.0,0.0,63400000.0,-21268000.0,-120781000,-229771000.0,7100000.0,-7100000.0,-38634000,-28930000.0,47015000.0,0.0,9800000.0,12348000.0,2548000.0,83566000,-162913000.0,-79347000,,,1620591793,16:23:13,20210509
23,1998-12-31,ESS,USD,1998-12-31,1998-12-31,FY,26328000.0,21948000.0,0.0,0.0,-117000000.0,-9900000.0,0.0,5900000.0,-180000000,9987000.0,59034000,-196275000.0,0.0,-27010000.0,26400000.0,-9370000.0,-179901000,-283065000.0,0.0,0.0,-35074000,-14968000.0,119133000.0,0.0,-1734000.0,2548000.0,4282000.0,59034000,-196275000.0,-137241000,,,1620591793,16:23:13,20210509
24,1997-12-31,ESS,USD,1997-12-31,1997-12-31,FY,29316000.0,13992000.0,0.0,0.0,-22000000.0,-1600000.0,0.0,4400000.0,-63000000,211000.0,46898000,-275308000.0,0.0,-1932000.0,0.0,-1279000.0,-263049000,-164580000.0,174698000.0,0.0,-25046000,15725000.0,205728000.0,0.0,-38423000.0,4282000.0,42705000.0,46898000,-275308000.0,-228410000,,,1620591793,16:23:13,20210509
25,1996-12-31,ESS,USD,1996-12-31,1996-12-31,FY,8881000.0,8855000.0,0.0,0.0,-747000.0,-2300000.0,0.0,1500000.0,-41000000,-934000.0,20135000,-101429000.0,0.0,0.0,2418000.0,665000.0,-84996000,-110305000.0,144037000.0,0.0,-12009000,-5199000.0,107777000.0,0.0,42916000.0,46899000.0,3983000.0,20135000,-101429000.0,-81294000,,,1620591793,16:23:13,20210509
