,date,symbol,reportedCurrency,fillingDate,acceptedDate,period,netIncome,depreciationAndAmortization,deferredIncomeTax,stockBasedCompensation,changeInWorkingCapital,accountsReceivables,inventory,accountsPayables,otherWorkingCapital,otherNonCashItems,netCashProvidedByOperatingActivities,investmentsInPropertyPlantAndEquipment,acquisitionsNet,purchasesOfInvestments,salesMaturitiesOfInvestments,otherInvestingActivites,netCashUsedForInvestingActivites,debtRepayment,commonStockIssued,commonStockRepurchased,dividendsPaid,otherFinancingActivites,netCashUsedProvidedByFinancingActivities,effectOfForexChangesOnCash,netChangeInCash,cashAtEndOfPeriod,cashAtBeginningOfPeriod,operatingCashFlow,capitalExpenditure,freeCashFlow,link,finalLink,timestamp,est_time,est_date
0,2020-12-31,GRC,USD,2021-03-01,2021-03-01 15:31:36,FY,25188000.0,12692000.0,544000.0,42000.0,26150000.0,15247000.0,-5310000.0,-6845000.0,208320000,-1989000.0,51162000.0,0.0,0.0,-4000.0,0.0,299000.0,-7704000.0,0.0,0.0,-361000.0,-15394000.0,-381000.0,-16136000.0,326000.0,27648000.0,108203000.0,80555000.0,51162000.0,-7999000.0,43163000.0,https://www.sec.gov/Archives/edgar/data/42682/000143774921004565/0001437749-21-004565-index.htm,https://www.sec.gov/Archives/edgar/data/42682/000143774921004565/grc20201231_10k.htm,1620592762,16:39:22,20210509
1,2019-12-31,GRC,USD,2020-03-02,2020-03-02 14:33:47,FY,35815000.0,13749000.0,-1198000.0,1025000.0,21949000.0,2218000.0,11452000.0,-601000.0,182170000,0.0,62174000.0,0.0,0.0,0.0,0.0,0.0,-10847000.0,0.0,0.0,-2610000.0,-14370000.0,-383000.0,-17363000.0,133000.0,34097000.0,80555000.0,46458000.0,62174000.0,-10912000.0,51262000.0,https://www.sec.gov/Archives/edgar/data/42682/000119312520058694/0001193125-20-058694-index.htm,https://www.sec.gov/Archives/edgar/data/42682/000119312520058694/d730837d10k.htm,1620592762,16:39:22,20210509
2,2018-12-31,GRC,USD,2019-03-04,2019-03-04 15:31:50,FY,39979000.0,14484000.0,337000.0,1674000.0,-22017000.0,-1196000.0,-13601000.0,1299000.0,160221000,0.0,41210000.0,0.0,0.0,0.0,2967000.0,0.0,-7468000.0,0.0,0.0,0.0,-65551000.0,0.0,-65551000.0,-1413000.0,-33222000.0,46458000.0,79680000.0,41210000.0,-10947000.0,30263000.0,https://www.sec.gov/Archives/edgar/data/42682/000119312519062355/0001193125-19-062355-index.htm,https://www.sec.gov/Archives/edgar/data/42682/000119312519062355/d713244d10k.htm,1620592762,16:39:22,20210509
3,2017-12-31,GRC,USD,2018-02-23,2018-02-23 16:11:15,FY,26555000.0,15053000.0,-6140000.0,0.0,27690000.0,5473000.0,-4305000.0,-1268000.0,182238000,0.0,43265000.0,0.0,0.0,-2976000.0,0.0,0.0,-10410000.0,0.0,0.0,0.0,-12268000.0,0.0,-12268000.0,1489000.0,22076000.0,79680000.0,57604000.0,43265000.0,-7754000.0,35511000.0,https://www.sec.gov/Archives/edgar/data/42682/000119312518055956/0001193125-18-055956-index.htm,https://www.sec.gov/Archives/edgar/data/42682/000119312518055956/d469357d10k.htm,1620592762,16:39:22,20210509
4,2016-12-31,GRC,USD,2017-03-03,2017-03-03 11:05:14,FY,24883000.0,15529000.0,3511000.0,0.0,8617000.0,5273000.0,13904000.0,1393000.0,154548000,0.0,53434000.0,0.0,-3000000.0,0.0,0.0,0.0,-8466000.0,0.0,0.0,0.0,-11218000.0,0.0,-11218000.0,130000.0,33880000.0,57604000.0,23724000.0,53434000.0,-6877000.0,46557000.0,https://www.sec.gov/Archives/edgar/data/42682/000119312517069091/0001193125-17-069091-index.htm,https://www.sec.gov/Archives/edgar/data/42682/000119312517069091/d293898d10k.htm,1620592762,16:39:22,20210509
5,2015-12-31,GRC,USD,2016-03-11,2016-03-11 14:57:03,FY,25109000.0,15282000.0,-563000.0,0.0,9568000.0,-4750000.0,12576000.0,-4123000.0,145931000,0.0,40683000.0,0.0,-3000000.0,0.0,0.0,0.0,-11180000.0,-13912000.0,0.0,-4579000.0,-10599000.0,0.0,-29090000.0,-1180000.0,-767000.0,23724000.0,24491000.0,40683000.0,-8260000.0,32423000.0,https://www.sec.gov/Archives/edgar/data/42682/000119312516501412/0001193125-16-501412-index.htm,https://www.sec.gov/Archives/edgar/data/42682/000119312516501412/d110788d10k.htm,1620592762,16:39:22,20210509
6,2014-12-31,GRC,USD,2015-03-09,2015-03-09 15:39:40,FY,36141000.0,14615000.0,-1367000.0,0.0,7834000.0,-8529000.0,-2987000.0,-693000.0,136363000,0.0,29003000.0,0.0,-17000000.0,-3000.0,0.0,0.0,-29264000.0,-15000000.0,0.0,0.0,-9715000.0,0.0,-6715000.0,344000.0,-6632000.0,24491000.0,31123000.0,29003000.0,-13275000.0,15728000.0,https://www.sec.gov/Archives/edgar/data/42682/000119312515083057/0001193125-15-083057-index.htm,https://www.sec.gov/Archives/edgar/data/42682/000119312515083057/d859539d10k.htm,1620592762,16:39:22,20210509
7,2013-12-31,GRC,USD,2014-03-10,2014-03-10 16:36:15,FY,30104000.0,13588000.0,241000.0,0.0,17675000.0,-662000.0,-48000.0,2985000.0,128529000,0.0,50386000.0,0.0,0.0,0.0,1000.0,0.0,-18109000.0,-19000000.0,0.0,0.0,-8662000.0,0.0,-21662000.0,389000.0,11004000.0,31123000.0,20119000.0,50386000.0,-21015000.0,29371000.0,https://www.sec.gov/Archives/edgar/data/42682/000119312514091637/0001193125-14-091637-index.htm,https://www.sec.gov/Archives/edgar/data/42682/000119312514091637/d664163d10k.htm,1620592762,16:39:22,20210509
8,2012-12-31,GRC,USD,2013-03-04,2013-03-04 16:22:15,FY,28203000.0,12066000.0,2193000.0,0.0,5855000.0,710000.0,-8583000.0,-1911000.0,110854000,-213000.0,32633000.0,0.0,-21000000.0,0.0,805000.0,0.0,-36391000.0,-5000000.0,0.0,0.0,-8188000.0,0.0,3812000.0,-77000.0,-23000.0,20119000.0,20142000.0,32633000.0,-16373000.0,16260000.0,https://www.sec.gov/Archives/edgar/data/42682/000119312513089683/0001193125-13-089683-index.htm,https://www.sec.gov/Archives/edgar/data/42682/000119312513089683/d493936d10k.htm,1620592762,16:39:22,20210509
9,2011-12-31,GRC,USD,2012-03-05,2012-03-05 14:27:14,FY,28804000.0,11459000.0,1608000.0,0.0,21483000.0,-4423000.0,-21744000.0,3637000.0,104999000,-880000.0,21132000.0,0.0,0.0,0.0,0.0,0.0,-10217000.0,-15000000.0,0.0,0.0,-7430000.0,0.0,-22430000.0,-572000.0,-12087000.0,20142000.0,32229000.0,21132000.0,-11175000.0,9957000.0,https://www.sec.gov/Archives/edgar/data/42682/000119312512096416/0001193125-12-096416-index.htm,https://www.sec.gov/Archives/edgar/data/42682/000119312512096416/d307729d10k.htm,1620592762,16:39:22,20210509
10,2010-12-31,GRC,USD,2011-03-04,2011-03-04 15:16:46,FY,25963000.0,10601000.0,4166000.0,0.0,-4709000.0,-10618000.0,-1223000.0,655000.0,83516000,0.0,28623000.0,0.0,-34000000.0,-512000.0,0.0,-8290000.0,-42658000.0,-25000000.0,0.0,-638000.0,-7024000.0,-607000.0,1731000.0,130000.0,-12174000.0,32229000.0,44403000.0,28623000.0,0.0,28623000.0,https://www.sec.gov/Archives/edgar/data/42682/000095012311022137/0000950123-11-022137-index.htm,https://www.sec.gov/Archives/edgar/data/42682/000095012311022137/c13546e10vk.htm,1620592762,16:39:22,20210509
11,2009-12-31,GRC,USD,2010-03-05,2010-03-05 17:01:26,FY,18269000.0,8955000.0,4776000.0,0.0,-10472000.0,10961000.0,14979000.0,-6906000.0,88225000,0.0,49633000.0,-38071000.0,0.0,-1500000.0,0.0,1515000.0,-38056000.0,-9806000.0,0.0,0.0,-6767000.0,0.0,8233000.0,800000.0,20610000.0,44403000.0,23793000.0,49633000.0,-38071000.0,11562000.0,https://www.sec.gov/Archives/edgar/data/42682/000095012310021646/0000950123-10-021646-index.htm,https://www.sec.gov/Archives/edgar/data/42682/000095012310021646/c97192e10vk.htm,1620592762,16:39:22,20210509
12,2008-12-31,GRC,USD,2009-03-05,2009-03-05 17:30:38,FY,27197000.0,7848000.0,-2154000.0,0.0,-3110000.0,-944000.0,-3658000.0,1716000.0,98697000,0.0,29397000.0,-27909000.0,0.0,0.0,5586000.0,428000.0,-21895000.0,0.0,0.0,0.0,-6682000.0,0.0,-6682000.0,-1631000.0,-811000.0,23793000.0,24604000.0,29397000.0,-27909000.0,1488000.0,https://www.sec.gov/Archives/edgar/data/42682/000095015209002236/0000950152-09-002236-index.htm,https://www.sec.gov/Archives/edgar/data/42682/000095015209002236/l35685ae10vk.htm,1620592762,16:39:22,20210509
13,2007-12-31,GRC,USD,2008-03-10,2008-03-10 15:20:58,FY,22859000.0,7597000.0,2490000.0,0.0,9335000.0,0.0,-1773000.0,0.0,101807000,2470000.0,34835000.0,-12826000.0,-4000000.0,-1385000.0,0.0,530000.0,-17374000.0,0.0,0.0,0.0,-6503000.0,0.0,-6503000.0,992000.0,11950000.0,24604000.0,12654000.0,34835000.0,-12826000.0,22009000.0,https://www.sec.gov/Archives/edgar/data/42682/000095015208001794/0000950152-08-001794-index.htm,https://www.sec.gov/Archives/edgar/data/42682/000095015208001794/l30476ae10vk.htm,1620592762,16:39:22,20210509
14,2006-12-31,GRC,USD,2007-03-09,2007-03-09 11:40:18,FY,19072000.0,6688000.0,-5558000.0,0.0,10190000.0,0.0,2104000.0,0.0,92472000,0.0,18744000.0,-7258000.0,0.0,0.0,584000.0,0.0,-6674000.0,0.0,0.0,0.0,-6126000.0,0.0,-6126000.0,-45000.0,5899000.0,12654000.0,6755000.0,18744000.0,-7258000.0,11486000.0,https://www.sec.gov/Archives/edgar/data/42682/000095015207001957/0000950152-07-001957-index.htm,https://www.sec.gov/Archives/edgar/data/42682/000095015207001957/l24254ae10vk.htm,1620592762,16:39:22,20210509
15,2005-12-31,GRC,USD,2006-03-10,2006-03-10 14:55:24,FY,10903000.0,6808000.0,2465000.0,0.0,6749000.0,0.0,-14169000.0,0.0,82282000,0.0,3043000.0,-3189000.0,-1000000.0,-2089000.0,0.0,0.0,-6609000.0,0.0,0.0,0.0,-5983000.0,0.0,-5983000.0,102000.0,-9447000.0,6755000.0,16202000.0,3043000.0,-3189000.0,-146000.0,https://www.sec.gov/Archives/edgar/data/42682/000095015206001956/0000950152-06-001956-index.htm,https://www.sec.gov/Archives/edgar/data/42682/000095015206001956/l17986ae10vk.htm,1620592762,16:39:22,20210509
16,2004-12-31,GRC,USD,2005-03-11,2005-03-11 17:29:19,FY,9277000.0,7179000.0,1504000.0,0.0,3179000.0,0.0,-172000.0,0.0,75533000,-589000.0,14498000.0,-7500000.0,0.0,-1522000.0,0.0,0.0,-9022000.0,0.0,0.0,0.0,-5907000.0,0.0,-5907000.0,361000.0,-70000.0,16202000.0,16272000.0,14498000.0,-7500000.0,6998000.0,https://www.sec.gov/Archives/edgar/data/42682/000095015205002026/0000950152-05-002026-index.htm,https://www.sec.gov/Archives/edgar/data/42682/000095015205002026/l12608ae10vk.htm,1620592762,16:39:22,20210509
17,2003-12-31,GRC,USD,2003-12-31,2003-12-31,FY,9787000.0,7117000.0,-619000.0,0.0,7777000.0,0.0,-2475000.0,0.0,72354000,4066000.0,14012000.0,-3698000.0,0.0,-1174000.0,0.0,0.0,-4872000.0,0.0,0.0,0.0,-5809000.0,0.0,-5954000.0,0.0,3186000.0,16272000.0,13086000.0,14012000.0,-3698000.0,10314000.0,,,1620592762,16:39:22,20210509
18,2002-12-31,GRC,USD,2002-12-31,2002-12-31,FY,8936000.0,7035000.0,791000.0,0.0,-6439000.0,0.0,4862000.0,0.0,64577000,0.0,21379000.0,-5765000.0,0.0,0.0,1039000.0,0.0,-22876000.0,0.0,0.0,0.0,-5550000.0,0.0,-6000000.0,0.0,-7497000.0,13086000.0,20583000.0,21379000.0,-5765000.0,15614000.0,,,1620592762,16:39:22,20210509
19,2001-12-31,GRC,USD,2001-12-31,2001-12-31,FY,14585000.0,7128000.0,1835000.0,0.0,7806000.0,0.0,5871000.0,0.0,71016000,0.0,26293000.0,-3139000.0,0.0,0.0,2000000.0,0.0,-3139000.0,0.0,73000.0,-786000.0,-5475000.0,0.0,-10201000.0,0.0,12953000.0,20583000.0,7630000.0,26293000.0,-3139000.0,23154000.0,,,1620592762,16:39:22,20210509
20,2000-12-31,GRC,USD,2000-12-31,2000-12-31,FY,13796000.0,6863000.0,661000.0,0.0,1410000.0,0.0,-3571000.0,0.0,63210000,0.0,16329000.0,-11439000.0,0.0,-7204000.0,10429000.0,300000.0,-7914000.0,0.0,47000.0,-530000.0,-5322000.0,0.0,-4899000.0,0.0,3516000.0,7630000.0,4114000.0,16329000.0,-11439000.0,4890000.0,,,1620592762,16:39:22,20210509
21,1999-12-31,GRC,USD,1999-12-31,1999-12-31,FY,13100000.0,6500000.0,-1000000.0,0.0,600000.0,0.0,2100000.0,0.0,61800000,0.0,17500000.0,-16200000.0,0.0,-13500000.0,16600000.0,0.0,-13100000.0,0.0,600000.0,-400000.0,-5200000.0,0.0,-2700000.0,0.0,1700000.0,4100000.0,2400000.0,17500000.0,-16200000.0,1300000.0,,,1620592762,16:39:22,20210509
22,1998-12-31,GRC,USD,1998-12-31,1998-12-31,FY,11800000.0,6300000.0,-2100000.0,0.0,-3500000.0,0.0,1400000.0,0.0,61200000,0.0,21900000.0,-9300000.0,0.0,-18200000.0,18800000.0,-200000.0,-8900000.0,0.0,1100000.0,-1700000.0,-5000000.0,0.0,-11500000.0,0.0,1600000.0,2400000.0,800000.0,21900000.0,-9300000.0,12600000.0,,,1620592762,16:39:22,20210509
23,1997-12-31,GRC,USD,1997-12-31,1997-12-31,FY,10600000.0,6000000.0,1000000.0,0.0,8000000.0,0.0,-6100000.0,0.0,64700000,0.0,11900000.0,-6300000.0,0.0,-25700000.0,18800000.0,0.0,-13200000.0,0.0,200000.0,-400000.0,-4800000.0,0.0,-2100000.0,0.0,0.0,0.0,4300000.0,11900000.0,-6300000.0,5600000.0,,,1620592762,16:39:22,20210509
24,1996-12-31,GRC,USD,1996-12-31,1996-12-31,FY,9900000.0,5700000.0,800000.0,0.0,5000000.0,0.0,-800000.0,0.0,56700000,0.0,17900000.0,-4000000.0,0.0,0.0,0.0,0.0,-4000000.0,0.0,200000.0,0.0,-4600000.0,0.0,-12800000.0,0.0,0.0,0.0,3300000.0,17900000.0,-4000000.0,13900000.0,,,1620592762,16:39:22,20210509
25,1995-12-31,GRC,USD,1995-12-31,1995-12-31,FY,9500000.0,5200000.0,-100000.0,0.0,8000000.0,0.0,-2000000.0,0.0,51700000,-100000.0,6000000.0,-8200000.0,0.0,0.0,0.0,2400000.0,-5800000.0,0.0,800000.0,-300000.0,-4500000.0,-100000.0,-100000.0,0.0,0.0,0.0,3100000.0,6000000.0,-8200000.0,-2200000.0,,,1620592762,16:39:22,20210509
26,1994-12-31,GRC,USD,1994-12-31,1994-12-31,FY,9300000.0,4500000.0,0.0,0.0,2400000.0,0.0,-5200000.0,0.0,43700000,200000.0,9100000.0,-8600000.0,0.0,0.0,0.0,0.0,-8600000.0,0.0,0.0,0.0,-4200000.0,0.0,-300000.0,0.0,0.0,0.0,2800000.0,9100000.0,-8600000.0,500000.0,,,1620592762,16:39:22,20210509
27,1993-12-31,GRC,USD,1993-12-31,1993-12-31,FY,8800000.0,4300000.0,-800000.0,0.0,3500000.0,0.0,-1600000.0,0.0,41300000,900000.0,9800000.0,-10300000.0,0.0,0.0,0.0,0.0,-10300000.0,0.0,0.0,-300000.0,-4100000.0,0.0,-100000.0,0.0,0.0,0.0,3400000.0,9800000.0,-10300000.0,-500000.0,,,1620592762,16:39:22,20210509
28,1992-12-31,GRC,USD,1992-12-31,1992-12-31,FY,-3900000.0,4000000.0,-700000.0,0.0,-1300000.0,0.0,2000000.0,0.0,37800000,0.0,12500000.0,-4500000.0,0.0,0.0,0.0,100000.0,-2500000.0,0.0,0.0,0.0,-3900000.0,0.0,-9600000.0,0.0,0.0,0.0,3000000.0,12500000.0,-4500000.0,8000000.0,,,1620592762,16:39:22,20210509
29,1991-12-31,GRC,USD,1991-12-31,1991-12-31,FY,7700000.0,3900000.0,-400000.0,0.0,3400000.0,0.0,-2200000.0,0.0,39100000,-200000.0,10900000.0,-8200000.0,0.0,0.0,0.0,0.0,-8200000.0,0.0,0.0,0.0,-3800000.0,-100000.0,-3300000.0,0.0,0.0,0.0,3600000.0,10900000.0,-8200000.0,2700000.0,,,1620592762,16:39:22,20210509
30,1990-12-31,GRC,USD,1990-12-31,1990-12-31,FY,7300000.0,3700000.0,0.0,0.0,2800000.0,0.0,400000.0,0.0,35700000,100000.0,10600000.0,-5000000.0,0.0,0.0,0.0,0.0,-5000000.0,0.0,0.0,0.0,-3700000.0,-100000.0,-5000000.0,0.0,0.0,0.0,3000000.0,10600000.0,-5000000.0,5600000.0,,,1620592762,16:39:22,20210509
31,1989-12-31,GRC,USD,1989-12-31,1989-12-31,FY,6800000.0,3700000.0,0.0,0.0,-4400000.0,0.0,-4000000.0,0.0,32900000,0.0,6100000.0,-4800000.0,0.0,0.0,0.0,100000.0,-4700000.0,0.0,0.0,0.0,-3700000.0,0.0,-2000000.0,0.0,0.0,0.0,3600000.0,6100000.0,-4800000.0,1300000.0,,,1620592762,16:39:22,20210509
