,date,symbol,reportedCurrency,fillingDate,acceptedDate,period,cashAndCashEquivalents,shortTermInvestments,cashAndShortTermInvestments,netReceivables,inventory,otherCurrentAssets,totalCurrentAssets,propertyPlantEquipmentNet,goodwill,intangibleAssets,goodwillAndIntangibleAssets,longTermInvestments,taxAssets,otherNonCurrentAssets,totalNonCurrentAssets,otherAssets,totalAssets,accountPayables,shortTermDebt,taxPayables,deferredRevenue,otherCurrentLiabilities,totalCurrentLiabilities,longTermDebt,deferredRevenueNonCurrent,deferredTaxLiabilitiesNonCurrent,otherNonCurrentLiabilities,totalNonCurrentLiabilities,otherLiabilities,totalLiabilities,commonStock,retainedEarnings,accumulatedOtherComprehensiveIncomeLoss,othertotalStockholdersEquity,totalStockholdersEquity,totalLiabilitiesAndStockholdersEquity,totalInvestments,totalDebt,netDebt,link,finalLink,timestamp,est_time,est_date
0,2020-12-31,HAL,USD,2021-02-05,2021-02-05 17:09:04,Q4,2563000000,0.0,2563000000,3071000000,2349000000,942000000,9475000000,5111000000,2804000000.0,0.0,2804000000.0,0.0,2166000000.0,1124000000,11205000000,0.0,20680000000,1573000000,695000000.0,0.0,0.0,1093000000,4421000000,9132000000,0.0,0.0,824000000,11276000000,0.0,15697000000,2666000000.0,8691000000.0,-362000000,0.0,4974000000,20671000000,0.0,9827000000,7264000000,https://www.sec.gov/Archives/edgar/data/45012/000004501221000009/0000045012-21-000009-index.htm,https://www.sec.gov/Archives/edgar/data/45012/000004501221000009/hal-20201231.htm,1620592934,16:42:14,20210509
1,2020-09-30,HAL,USD,2020-10-23,2020-10-23 10:00:46,Q3,2115000000,0.0,2115000000,3145000000,2580000000,1183000000,9023000000,5794000000,2804000000.0,0.0,2804000000.0,0.0,2056000000.0,1197000000,11851000000,0.0,20874000000,1548000000,195000000.0,0.0,0.0,1437000000,3923000000,9632000000,0.0,0.0,832000000,11748000000,0.0,15671000000,2666000000.0,8987000000.0,-340000000,0.0,5200000000,20871000000,0.0,9827000000,7712000000,https://www.sec.gov/Archives/edgar/data/45012/000004501220000107/0000045012-20-000107-index.htm,https://www.sec.gov/Archives/edgar/data/45012/000004501220000107/hal-20200930.htm,1620592934,16:42:14,20210509
2,2020-06-30,HAL,USD,2020-07-24,2020-07-24 10:57:47,Q2,1811000000,0.0,1811000000,3345000000,2745000000,1198000000,9099000000,5906000000,2801000000.0,0.0,2801000000.0,0.0,2034000000.0,1264000000,12005000000,0.0,21104000000,1708000000,188000000.0,0.0,0.0,1500000000,4094000000,9638000000,0.0,0.0,886000000,11814000000,0.0,15908000000,2666000000.0,9098000000.0,-342000000,0.0,5189000000,21097000000,0.0,9826000000,8015000000,https://www.sec.gov/Archives/edgar/data/45012/000004501220000089/0000045012-20-000089-index.htm,https://www.sec.gov/Archives/edgar/data/45012/000004501220000089/hal-20200630.htm,1620592934,16:42:14,20210509
3,2020-03-31,HAL,USD,2020-04-24,2020-04-24 10:36:08,Q1,1385000000,0.0,1385000000,4850000000,3220000000,1200000000,10655000000,7120000000,2812000000.0,0.0,2812000000.0,0.0,1595000000.0,1440000000,12967000000,0.0,23622000000,2640000000,193000000.0,0.0,0.0,1451000000,5053000000,9633000000,0.0,0.0,813000000,11726000000,0.0,16779000000,2669000000.0,10814000000.0,-351000000,0.0,6830000000,23609000000,0.0,9826000000,8441000000,https://www.sec.gov/Archives/edgar/data/45012/000004501220000059/0000045012-20-000059-index.htm,https://www.sec.gov/Archives/edgar/data/45012/000004501220000059/hal-20200331.htm,1620592934,16:42:14,20210509
4,2019-12-31,HAL,USD,2020-02-11,2020-02-11 16:57:53,Q4,2268000000,0.0,2268000000,4577000000,3139000000,1228000000,11212000000,8241000000,2812000000.0,0.0,2812000000.0,0.0,1683000000.0,1429000000,14165000000,0.0,25377000000,2432000000,0.0,0.0,0.0,1324000000,4878000000,10316000000,0.0,0.0,808000000,12474000000,0.0,17352000000,2669000000.0,11989000000.0,-362000000,0.0,8012000000,25364000000,0.0,11349000000,9081000000,https://www.sec.gov/Archives/edgar/data/45012/000004501220000031/0000045012-20-000031-index.htm,https://www.sec.gov/Archives/edgar/data/45012/000004501220000031/hal12312019-10k.htm,1620592934,16:42:14,20210509
5,2019-09-30,HAL,USD,2019-10-25,2019-10-25 10:39:26,Q3,1571000000,0.0,1571000000,5290000000,3380000000,979000000,11220000000,9706000000,2832000000.0,0.0,2832000000.0,0.0,1344000000.0,1687000000,15569000000,0.0,26789000000,2733000000,0.0,0.0,0.0,1094000000,4692000000,10313000000,0.0,0.0,784000000,12335000000,0.0,17027000000,2670000000.0,13800000000.0,-353000000,0.0,9745000000,26772000000,0.0,11283000000,9712000000,https://www.sec.gov/Archives/edgar/data/45012/000004501219000152/0000045012-19-000152-index.htm,https://www.sec.gov/Archives/edgar/data/45012/000004501219000152/hal09302019-10q.htm,1620592934,16:42:14,20210509
6,2019-06-30,HAL,USD,2019-07-26,2019-07-26 10:05:46,Q2,1176000000,0.0,1176000000,5700000000,3347000000,997000000,11220000000,9756000000,2825000000.0,0.0,2825000000.0,0.0,1408000000.0,1671000000,15660000000,0.0,26880000000,3017000000,0.0,0.0,0.0,1073000000,4955000000,10307000000,0.0,0.0,864000000,12401000000,0.0,17356000000,2670000000.0,13652000000.0,-352000000,0.0,9508000000,26864000000,0.0,11283000000,10107000000,https://www.sec.gov/Archives/edgar/data/45012/000004501219000112/0000045012-19-000112-index.htm,https://www.sec.gov/Archives/edgar/data/45012/000004501219000112/hal06302019-10q.htm,1620592934,16:42:14,20210509
7,2019-03-31,HAL,USD,2019-04-26,2019-04-26 09:58:52,Q1,1380000000,0.0,1380000000,5622000000,3264000000,922000000,11188000000,9872000000,2824000000.0,0.0,2824000000.0,0.0,1348000000.0,1757000000,15801000000,0.0,26989000000,3080000000,0.0,0.0,0.0,1029000000,5047000000,10307000000,0.0,0.0,798000000,12317000000,0.0,17364000000,2671000000.0,13734000000.0,-354000000,0.0,9605000000,26969000000,0.0,11320000000,9940000000,https://www.sec.gov/Archives/edgar/data/45012/000004501219000084/0000045012-19-000084-index.htm,https://www.sec.gov/Archives/edgar/data/45012/000004501219000084/hal03312019-10q.htm,1620592934,16:42:14,20210509
8,2018-12-31,HAL,USD,2019-02-13,2019-02-13 15:07:24,Q4,2008000000,0.0,2008000000,5234000000,3028000000,881000000,11151000000,8961000000,2825000000.0,0.0,2825000000.0,0.0,1384000000.0,1661000000,14831000000,0.0,25982000000,3018000000,36000000.0,0.0,0.0,786000000,4802000000,10421000000,0.0,0.0,732000000,11636000000,0.0,16438000000,2671000000.0,13739000000.0,-355000000,0.0,9522000000,25960000000,0.0,10457000000,8449000000,https://www.sec.gov/Archives/edgar/data/45012/000004501219000044/0000045012-19-000044-index.htm,https://www.sec.gov/Archives/edgar/data/45012/000004501219000044/hal12312018-10k.htm,1620592934,16:42:14,20210509
9,2018-09-30,HAL,USD,2018-10-26,2018-10-26 10:02:02,Q3,2057000000,0.0,2057000000,5526000000,2887000000,966000000,11436000000,8821000000,2800000000.0,0.0,2800000000.0,0.0,1128000000.0,1566000000,14315000000,0.0,25751000000,3142000000,35000000.0,0.0,0.0,1054000000,4953000000,10424000000,0.0,0.0,763000000,11781000000,0.0,16734000000,2672000000.0,13216000000.0,-463000000,0.0,8998000000,25732000000,0.0,10459000000,8402000000,https://www.sec.gov/Archives/edgar/data/45012/000004501218000168/0000045012-18-000168-index.htm,https://www.sec.gov/Archives/edgar/data/45012/000004501218000168/hal09302018-10q.htm,1620592934,16:42:14,20210509
10,2018-06-30,HAL,USD,2018-07-27,2018-07-27 11:05:30,Q2,2058000000,414000000.0,2472000000,5403000000,2637000000,924000000,11436000000,8825000000,2824000000.0,0.0,2824000000.0,0.0,1117000000.0,1563000000,14329000000,0.0,25765000000,3029000000,444000000.0,0.0,0.0,999000000,5107000000,10427000000,0.0,0.0,803000000,11815000000,0.0,16922000000,2672000000.0,12939000000.0,-470000000,0.0,8823000000,25745000000,0.0,10871000000,8813000000,https://www.sec.gov/Archives/edgar/data/45012/000004501218000120/0000045012-18-000120-index.htm,https://www.sec.gov/Archives/edgar/data/45012/000004501218000120/hal_06302018-10q.htm,1620592934,16:42:14,20210509
11,2018-03-31,HAL,USD,2018-04-27,2018-04-27 10:44:17,Q1,2332000000,0.0,2332000000,5255000000,2458000000,990000000,11035000000,8596000000,2707000000.0,0.0,2707000000.0,0.0,1227000000.0,1626000000,14156000000,0.0,25191000000,2830000000,466000000.0,0.0,0.0,1026000000,4969000000,10428000000,0.0,0.0,815000000,11831000000,0.0,16800000000,2672000000.0,12586000000.0,-471000000,0.0,8365000000,25165000000,0.0,10894000000,8562000000,https://www.sec.gov/Archives/edgar/data/45012/000004501218000086/0000045012-18-000086-index.htm,https://www.sec.gov/Archives/edgar/data/45012/000004501218000086/hal_03312018-10q.htm,1620592934,16:42:14,20210509
12,2017-12-31,HAL,USD,2018-02-09,2018-02-09 09:50:46,Q4,2337000000,0.0,2337000000,5036000000,2396000000,875000000,10777000000,8521000000,2693000000.0,0.0,2693000000.0,0.0,1230000000.0,1864000000,14308000000,0.0,25085000000,2554000000,512000000.0,0.0,257000000.0,562000000,4862000000,10430000000,0.0,0.0,835000000,11874000000,0.0,16736000000,2673000000.0,12668000000.0,-469000000,0.0,8322000000,25058000000,0.0,10942000000,8605000000,https://www.sec.gov/Archives/edgar/data/45012/000004501218000059/0000045012-18-000059-index.htm,https://www.sec.gov/Archives/edgar/data/45012/000004501218000059/hal_12312017-10k.htm,1620592934,16:42:14,20210509
13,2017-09-30,HAL,USD,2017-10-27,2017-10-27 09:29:03,Q3,1898000000,0.0,1898000000,4852000000,2444000000,897000000,10144000000,8432000000,2685000000.0,0.0,2685000000.0,0.0,2191000000.0,2338000000,15646000000,0.0,25790000000,2416000000,515000000.0,0.0,0.0,964000000,4601000000,10423000000,0.0,0.0,949000000,11943000000,0.0,16544000000,2673000000.0,13649000000.0,-448000000,0.0,9217000000,25761000000,0.0,10938000000,9040000000,https://www.sec.gov/Archives/edgar/data/45012/000004501217000218/0000045012-17-000218-index.htm,https://www.sec.gov/Archives/edgar/data/45012/000004501217000218/hal_09302017-10q.htm,1620592934,16:42:14,20210509
14,2017-06-30,HAL,USD,2017-07-28,2017-07-28 10:05:26,Q2,2139000000,0.0,2139000000,4385000000,2283000000,896000000,10260000000,8374000000,2407000000.0,0.0,2407000000.0,0.0,2232000000.0,2052000000,15065000000,0.0,25325000000,2166000000,336000000.0,0.0,0.0,983000000,4068000000,10816000000,0.0,0.0,938000000,12304000000,0.0,16372000000,2673000000.0,13441000000.0,-450000000,0.0,8917000000,25289000000,0.0,11152000000,9013000000,https://www.sec.gov/Archives/edgar/data/45012/000004501217000159/0000045012-17-000159-index.htm,https://www.sec.gov/Archives/edgar/data/45012/000004501217000159/hal_06302017-10q.htm,1620592934,16:42:14,20210509
15,2017-03-31,HAL,USD,2017-04-28,2017-04-28 09:28:52,Q1,2107000000,0.0,2107000000,4008000000,2295000000,863000000,9828000000,8415000000,2419000000.0,0.0,2419000000.0,0.0,2141000000.0,2082000000,15057000000,0.0,24885000000,2006000000,97000000.0,0.0,0.0,1195000000,3842000000,10812000000,0.0,0.0,703000000,12054000000,0.0,15896000000,2674000000.0,13569000000.0,-452000000,0.0,8951000000,24847000000,0.0,10909000000,8802000000,https://www.sec.gov/Archives/edgar/data/45012/000004501217000091/0000045012-17-000091-index.htm,https://www.sec.gov/Archives/edgar/data/45012/000004501217000091/hal_03312017-10q.htm,1620592934,16:42:14,20210509
16,2016-12-31,HAL,USD,2017-02-07,2017-02-07 12:18:53,Q4,4009000000,0.0,4009000000,3922000000,2275000000,886000000,11677000000,8532000000,2414000000.0,0.0,2414000000.0,0.0,1960000000.0,2417000000,15323000000,0.0,27000000000,1764000000,163000000.0,0.0,261000000.0,1073000000,4023000000,12214000000,0.0,0.0,741000000,13529000000,0.0,17552000000,2674000000.0,14141000000.0,-454000000,0.0,9409000000,26961000000,0.0,12377000000,8368000000,https://www.sec.gov/Archives/edgar/data/45012/000004501217000047/0000045012-17-000047-index.htm,https://www.sec.gov/Archives/edgar/data/45012/000004501217000047/hal_12312016-10k.htm,1620592934,16:42:14,20210509
17,2016-09-30,HAL,USD,2016-10-28,2016-10-28 10:40:52,Q3,3289000000,0.0,3289000000,4360000000,2475000000,933000000,11760000000,8741000000,2383000000.0,0.0,2383000000.0,0.0,1944000000.0,1927000000,14995000000,0.0,26755000000,1543000000,152000000.0,0.0,0.0,1401000000,3631000000,12163000000,0.0,0.0,786000000,13398000000,0.0,17029000000,2675000000.0,14445000000.0,-360000000,0.0,9682000000,26711000000,0.0,12315000000,9026000000,https://www.sec.gov/Archives/edgar/data/45012/000004501216000401/0000045012-16-000401-index.htm,https://www.sec.gov/Archives/edgar/data/45012/000004501216000401/hal_09302016-10q.htm,1620592934,16:42:14,20210509
18,2016-06-30,HAL,USD,2016-08-01,2016-08-01 09:46:33,Q2,3108000000,0.0,3108000000,4725000000,2650000000,998000000,12580000000,8961000000,2383000000.0,0.0,2383000000.0,0.0,1856000000.0,1957000000,15157000000,0.0,27737000000,1490000000,763000000.0,0.0,0.0,1676000000,4478000000,12158000000,0.0,0.0,875000000,13482000000,0.0,17960000000,2675000000.0,14595000000.0,-361000000,0.0,9734000000,27694000000,0.0,12921000000,9813000000,https://www.sec.gov/Archives/edgar/data/45012/000004501216000331/0000045012-16-000331-index.htm,https://www.sec.gov/Archives/edgar/data/45012/000004501216000331/hal_06302016-10q.htm,1620592934,16:42:14,20210509
19,2016-03-31,HAL,USD,2016-05-06,2016-05-06 11:57:49,Q1,9593000000,0.0,9593000000,4983000000,2893000000,438000000,19105000000,9252000000,2383000000.0,0.0,2383000000.0,0.0,0.0,3192000000,14827000000,0.0,33932000000,1844000000,3186000000.0,0.0,0.0,1773000000,7412000000,12207000000,0.0,0.0,806000000,13460000000,0.0,20872000000,2676000000.0,17958000000.0,-364000000,0.0,13015000000,33887000000,0.0,15393000000,5800000000,https://www.sec.gov/Archives/edgar/data/45012/000004501216000298/0000045012-16-000298-index.htm,https://www.sec.gov/Archives/edgar/data/45012/000004501216000298/hal_03312016-10q.htm,1620592934,16:42:14,20210509
20,2015-12-31,HAL,USD,2016-02-05,2016-02-05 11:02:03,Q4,10077000000,0.0,10077000000,5317000000,2417000000,632000000,21609000000,10911000000,2109000000.0,0.0,2109000000.0,0.0,0.0,2313000000,15333000000,0.0,36942000000,2019000000,659000000.0,0.0,298000000.0,1252000000,5359000000,14687000000,0.0,0.0,944000000,16088000000,0.0,21447000000,2677000000.0,20524000000.0,-363000000,0.0,15462000000,36909000000,0.0,15346000000,5269000000,https://www.sec.gov/Archives/edgar/data/45012/000004501216000272/0000045012-16-000272-index.htm,https://www.sec.gov/Archives/edgar/data/45012/000004501216000272/hal_12312015-10k.htm,1620592934,16:42:14,20210509
21,2015-09-30,HAL,USD,2015-10-23,2015-10-23 11:03:30,Q3,2249000000,0.0,2249000000,5791000000,2692000000,2105000000,14919000000,11018000000,2124000000.0,0.0,2124000000.0,0.0,0.0,2187000000,15329000000,0.0,30248000000,2193000000,648000000.0,0.0,0.0,1991000000,5703000000,7243000000,0.0,0.0,1246000000,9065000000,0.0,14768000000,2677000000.0,20706000000.0,-451000000,0.0,15448000000,30216000000,0.0,7891000000,5642000000,https://www.sec.gov/Archives/edgar/data/45012/000004501215000156/0000045012-15-000156-index.htm,https://www.sec.gov/Archives/edgar/data/45012/000004501215000156/hal_9302015-10q.htm,1620592934,16:42:14,20210509
22,2015-06-30,HAL,USD,2015-07-24,2015-07-24 11:06:35,Q2,2760000000,0.0,2760000000,5633000000,2831000000,1896000000,15224000000,11153000000,1983000000.0,0.0,1983000000.0,0.0,0.0,2246000000,15382000000,0.0,30606000000,2181000000,0.0,0.0,0.0,2015000000,5005000000,7838000000,0.0,0.0,1453000000,9886000000,0.0,14891000000,2677000000.0,20914000000.0,-298000000,0.0,15685000000,30576000000,0.0,7838000000,5078000000,https://www.sec.gov/Archives/edgar/data/45012/000004501215000104/0000045012-15-000104-index.htm,https://www.sec.gov/Archives/edgar/data/45012/000004501215000104/hal_6302015-10q.htm,1620592934,16:42:14,20210509
23,2015-03-31,HAL,USD,2015-04-23,2015-04-23 17:04:23,Q1,2294000000,0.0,2294000000,6419000000,3467000000,1645000000,13825000000,12299000000,2332000000.0,0.0,2332000000.0,0.0,0.0,2131000000,16762000000,0.0,30587000000,2424000000,0.0,0.0,0.0,1820000000,5018000000,7841000000,0.0,0.0,1462000000,9946000000,0.0,14964000000,2678000000.0,21013000000.0,-402000000,0.0,15591000000,30555000000,0.0,7841000000,5547000000,https://www.sec.gov/Archives/edgar/data/45012/000004501215000079/0000045012-15-000079-index.htm,https://www.sec.gov/Archives/edgar/data/45012/000004501215000079/hal_3312015-10q.htm,1620592934,16:42:14,20210509
24,2014-12-31,HAL,USD,2015-02-24,2015-02-24 10:16:16,Q4,2291000000,0.0,2291000000,7564000000,3571000000,563000000,15068000000,12475000000,2330000000.0,0.0,2330000000.0,0.0,0.0,2367000000,17172000000,0.0,32240000000,2814000000,0.0,0.0,349000000.0,1280000000,5883000000,7840000000,0.0,0.0,1528000000,10059000000,0.0,15942000000,2679000000.0,21809000000.0,-399000000,0.0,16267000000,32209000000,0.0,7840000000,5549000000,https://www.sec.gov/Archives/edgar/data/45012/000004501215000040/0000045012-15-000040-index.htm,https://www.sec.gov/Archives/edgar/data/45012/000004501215000040/hal_12312014-10k.htm,1620592934,16:42:14,20210509
25,2014-09-30,HAL,USD,2014-10-24,2014-10-24 10:57:35,Q3,2029000000,0.0,2029000000,7555000000,3650000000,1613000000,14847000000,12050000000,2312000000.0,0.0,2312000000.0,0.0,0.0,2374000000,16736000000,0.0,31583000000,3005000000,0.0,0.0,0.0,1898000000,5889000000,7816000000,0.0,0.0,1780000000,10176000000,0.0,16065000000,2679000000.0,21060000000.0,-307000000,0.0,15491000000,31556000000,0.0,7816000000,5787000000,https://www.sec.gov/Archives/edgar/data/45012/000004501214000341/0000045012-14-000341-index.htm,https://www.sec.gov/Archives/edgar/data/45012/000004501214000341/hal_09302014-10q.htm,1620592934,16:42:14,20210509
26,2014-06-30,HAL,USD,2014-07-25,2014-07-25 11:01:14,Q2,2360000000,0.0,2360000000,6781000000,3529000000,1495000000,14165000000,11677000000,2267000000.0,0.0,2267000000.0,0.0,0.0,2375000000,16319000000,0.0,30484000000,2727000000,0.0,0.0,0.0,1702000000,5369000000,7816000000,0.0,0.0,2129000000,10528000000,0.0,15897000000,2679000000.0,19984000000.0,-303000000,0.0,14562000000,30459000000,0.0,7816000000,5456000000,https://www.sec.gov/Archives/edgar/data/45012/000004501214000282/0000045012-14-000282-index.htm,https://www.sec.gov/Archives/edgar/data/45012/000004501214000282/hal_06302014-10q.htm,1620592934,16:42:14,20210509
27,2014-03-31,HAL,USD,2014-04-25,2014-04-25 10:41:24,Q1,2123000000,0.0,2123000000,6314000000,3415000000,1634000000,13486000000,11463000000,2193000000.0,0.0,2193000000.0,0.0,0.0,2114000000,15770000000,0.0,29256000000,2525000000,0.0,0.0,0.0,1584000000,4932000000,7816000000,0.0,0.0,2186000000,10572000000,0.0,15504000000,2680000000.0,19337000000.0,-303000000,0.0,13725000000,29229000000,0.0,7816000000,5693000000,https://www.sec.gov/Archives/edgar/data/45012/000004501214000199/0000045012-14-000199-index.htm,https://www.sec.gov/Archives/edgar/data/45012/000004501214000199/hal_03312014-10q.htm,1620592934,16:42:14,20210509
28,2013-12-31,HAL,USD,2014-02-07,2014-02-07 11:18:05,Q4,2356000000,0.0,2356000000,6181000000,3305000000,737000000,13704000000,11322000000,2168000000.0,0.0,2168000000.0,0.0,0.0,2029000000,15519000000,0.0,29223000000,2365000000,0.0,0.0,350000000.0,1282000000,5026000000,7816000000,0.0,0.0,2182000000,10582000000,0.0,15608000000,2680000000.0,18842000000.0,-307000000,0.0,13581000000,29189000000,0.0,7816000000,5460000000,https://www.sec.gov/Archives/edgar/data/45012/000004501214000069/0000045012-14-000069-index.htm,https://www.sec.gov/Archives/edgar/data/45012/000004501214000069/hal-12312013x10k.htm,1620592934,16:42:14,20210509
29,2013-09-30,HAL,USD,2013-10-25,2013-10-25 10:46:06,Q3,1491000000,0.0,1491000000,6626000000,3399000000,1374000000,12890000000,10949000000,2125000000.0,0.0,2125000000.0,0.0,0.0,1984000000,15058000000,0.0,27948000000,2278000000,0.0,0.0,0.0,1556000000,4762000000,7816000000,0.0,0.0,1977000000,10368000000,0.0,15130000000,2681000000.0,18177000000.0,-300000000,0.0,12788000000,27918000000,0.0,7816000000,6325000000,https://www.sec.gov/Archives/edgar/data/45012/000004501213000356/0000045012-13-000356-index.htm,https://www.sec.gov/Archives/edgar/data/45012/000004501213000356/hal_9302013-10q.htm,1620592934,16:42:14,20210509
30,2013-06-30,HAL,USD,2013-07-26,2013-07-26 11:54:34,Q2,1412000000,0.0,1412000000,6359000000,3341000000,1509000000,12621000000,10753000000,2116000000.0,0.0,2116000000.0,0.0,0.0,1928000000,14797000000,0.0,27418000000,2251000000,0.0,0.0,0.0,1659000000,4777000000,4820000000,0.0,0.0,1891000000,7276000000,0.0,12053000000,2681000000.0,17577000000.0,-302000000,0.0,15337000000,27390000000,0.0,4820000000,3408000000,https://www.sec.gov/Archives/edgar/data/45012/000004501213000242/0000045012-13-000242-index.htm,https://www.sec.gov/Archives/edgar/data/45012/000004501213000242/hal_6302013-10q.htm,1620592934,16:42:14,20210509
31,2013-03-31,HAL,USD,2013-04-26,2013-04-26 11:05:17,Q1,2029000000,0.0,2029000000,6210000000,3257000000,1656000000,13152000000,10509000000,2119000000.0,0.0,2119000000.0,0.0,0.0,1904000000,14532000000,0.0,27684000000,2197000000,0.0,0.0,0.0,1698000000,4666000000,4820000000,0.0,0.0,1895000000,7281000000,0.0,11947000000,2681000000.0,17048000000.0,-303000000,0.0,15710000000,27657000000,0.0,4820000000,2791000000,https://www.sec.gov/Archives/edgar/data/45012/000004501213000159/0000045012-13-000159-index.htm,https://www.sec.gov/Archives/edgar/data/45012/000004501213000159/hal_3312013-10q.htm,1620592934,16:42:14,20210509
32,2012-12-31,HAL,USD,2013-02-11,2013-02-11 09:34:14,Q4,2484000000,0.0,2484000000,5787000000,3186000000,1278000000,13086000000,10257000000,2135000000.0,0.0,2135000000.0,0.0,0.0,1932000000,14324000000,0.0,27410000000,2041000000,0.0,0.0,307000000.0,1474000000,4752000000,4820000000,0.0,0.0,1441000000,6868000000,0.0,11620000000,2682000000.0,17182000000.0,-309000000,0.0,15765000000,27385000000,0.0,4820000000,2336000000,https://www.sec.gov/Archives/edgar/data/45012/000004501213000086/0000045012-13-000086-index.htm,https://www.sec.gov/Archives/edgar/data/45012/000004501213000086/hal-12312012x10k.htm,1620592934,16:42:14,20210509
33,2012-09-30,HAL,USD,2012-10-23,2012-10-23 13:46:05,Q3,2032000000,0.0,2032000000,5870000000,3539000000,1325000000,12766000000,9678000000,2075000000.0,0.0,2075000000.0,0.0,0.0,1793000000,13546000000,0.0,26312000000,2136000000,0.0,0.0,0.0,1635000000,4598000000,4820000000,0.0,0.0,1179000000,6523000000,0.0,11121000000,2682000000.0,16596000000.0,-262000000,0.0,15168000000,26289000000,0.0,4820000000,2788000000,https://www.sec.gov/Archives/edgar/data/45012/000004501212000278/0000045012-12-000278-index.htm,https://www.sec.gov/Archives/edgar/data/45012/000004501212000278/hal_9302012-10q.htm,1620592934,16:42:14,20210509
34,2012-06-30,HAL,USD,2012-07-27,2012-07-27 10:58:51,Q2,2172000000,0.0,2172000000,5674000000,3297000000,1391000000,12534000000,9363000000,1986000000.0,0.0,1986000000.0,0.0,0.0,1688000000,13037000000,0.0,25571000000,2113000000,0.0,0.0,0.0,1538000000,4440000000,4820000000,0.0,0.0,1238000000,6570000000,0.0,11010000000,2683000000.0,16077000000.0,-261000000,0.0,14540000000,25550000000,0.0,4820000000,2648000000,https://www.sec.gov/Archives/edgar/data/45012/000004501212000204/0000045012-12-000204-index.htm,https://www.sec.gov/Archives/edgar/data/45012/000004501212000204/hal_6302012-10q.htm,1620592934,16:42:14,20210509
35,2012-03-31,HAL,USD,2012-04-24,2012-04-24 12:56:07,Q1,2655000000,0.0,2655000000,5336000000,2916000000,794000000,12018000000,8897000000,1966000000.0,0.0,1966000000.0,0.0,0.0,1787000000,12650000000,0.0,24668000000,1941000000,0.0,0.0,318000000.0,1358000000,4310000000,4820000000,0.0,0.0,1165000000,6494000000,0.0,10804000000,2683000000.0,15424000000.0,-266000000,0.0,13844000000,24648000000,0.0,4820000000,2165000000,https://www.sec.gov/Archives/edgar/data/45012/000004501212000146/0000045012-12-000146-index.htm,https://www.sec.gov/Archives/edgar/data/45012/000004501212000146/edmarch201210q_final.htm,1620592934,16:42:14,20210509
36,2011-12-31,HAL,USD,2012-02-16,2012-02-16 14:27:13,Q4,2698000000,150000000.0,2848000000,5084000000,2570000000,754000000,11577000000,8492000000,1776000000.0,0.0,1776000000.0,0.0,0.0,1832000000,12100000000,0.0,23677000000,1826000000,0.0,0.0,309000000.0,1124000000,4121000000,4820000000,0.0,0.0,986000000,6340000000,0.0,10461000000,2683000000.0,14880000000.0,-273000000,0.0,13198000000,23659000000,0.0,4970000000,2272000000,https://www.sec.gov/Archives/edgar/data/45012/000004501212000075/0000045012-12-000075-index.htm,https://www.sec.gov/Archives/edgar/data/45012/000004501212000075/ed10k2011_final.htm,1620592934,16:42:14,20210509
37,2011-09-30,HAL,USD,2011-10-21,2011-10-21 13:47:18,Q3,1775000000,400000000.0,2175000000,4769000000,2412000000,712000000,10306000000,7993000000,1373000000.0,0.0,1373000000.0,0.0,0.0,1532000000,10898000000,0.0,21204000000,1733000000,0.0,0.0,269000000.0,921000000,3656000000,3824000000,0.0,0.0,871000000,5172000000,0.0,8828000000,0.0,14057000000.0,-240000000,0.0,12358000000,21186000000,0.0,4224000000,2449000000,https://www.sec.gov/Archives/edgar/data/45012/000004501211000354/0000045012-11-000354-index.htm,https://www.sec.gov/Archives/edgar/data/45012/000004501211000354/edsept201110q_final.htm,1620592934,16:42:14,20210509
38,2011-06-30,HAL,USD,2011-07-21,2011-07-21 13:09:19,Q2,1438000000,451000000.0,1889000000,4448000000,2235000000,710000000,9540000000,7626000000,1369000000.0,0.0,1369000000.0,0.0,0.0,1421000000,10416000000,0.0,19956000000,1554000000,0.0,0.0,260000000.0,646000000,3166000000,3824000000,0.0,0.0,825000000,5132000000,0.0,8298000000,2680000000.0,13456000000.0,-237000000,0.0,11642000000,19940000000,0.0,4275000000,2837000000,https://www.sec.gov/Archives/edgar/data/45012/000004501211000273/0000045012-11-000273-index.htm,https://www.sec.gov/Archives/edgar/data/45012/000004501211000273/edjune201110q_final.htm,1620592934,16:42:14,20210509
39,2011-03-31,HAL,USD,2011-04-22,2011-04-22 14:40:42,Q1,1030000000,852000000.0,1882000000,4132000000,2099000000,675000000,9028000000,7248000000,1323000000.0,0.0,1323000000.0,0.0,0.0,1391000000,9962000000,0.0,18990000000,1372000000,0.0,0.0,280000000.0,630000000,2919000000,3824000000,0.0,0.0,828000000,5131000000,0.0,8050000000,2678000000.0,12800000000.0,-238000000,0.0,10924000000,18974000000,0.0,4676000000,3646000000,https://www.sec.gov/Archives/edgar/data/45012/000004501211000194/0000045012-11-000194-index.htm,https://www.sec.gov/Archives/edgar/data/45012/000004501211000194/edmar201110q_final.htm,1620592934,16:42:14,20210509
40,2010-12-31,HAL,USD,2011-02-17,2011-02-17 10:33:34,Q4,1398000000,653000000.0,2051000000,3924000000,1940000000,714000000,8886000000,6842000000,1315000000.0,0.0,1315000000.0,0.0,0.0,1254000000,9411000000,0.0,18297000000,1139000000,0.0,0.0,266000000.0,636000000,2757000000,3824000000,0.0,0.0,842000000,5153000000,0.0,7910000000,2674000000.0,12371000000.0,-240000000,0.0,10373000000,18283000000,0.0,4477000000,3079000000,https://www.sec.gov/Archives/edgar/data/45012/000004501211000087/0000045012-11-000087-index.htm,https://www.sec.gov/Archives/edgar/data/45012/000004501211000087/ed10k2010_final.htm,1620592934,16:42:14,20210509
41,2010-09-30,HAL,USD,2010-10-22,2010-10-22 11:24:23,Q3,1875000000,880000000.0,2755000000,3723000000,1889000000,849000000,9216000000,6486000000,1254000000.0,0.0,1254000000.0,0.0,0.0,1242000000,8982000000,0.0,18198000000,1095000000,750000000.0,0.0,0.0,822000000,3333000000,3824000000,0.0,0.0,1188000000,5012000000,0.0,8345000000,0.0,0.0,-209000000,0.0,9840000000,18185000000,0.0,4574000000,2699000000,https://www.sec.gov/Archives/edgar/data/45012/000004501210000345/0000045012-10-000345-index.htm,https://www.sec.gov/Archives/edgar/data/45012/000004501210000345/edsept201010q_final.htm,1620592934,16:42:14,20210509
42,2010-06-30,HAL,USD,2010-07-23,2010-07-23 12:18:11,Q2,1160000000,1935000000.0,3095000000,3453000000,1767000000,614000000,9203000000,6175000000,1132000000.0,0.0,1132000000.0,0.0,0.0,1030000000,8337000000,0.0,17540000000,1069000000,750000000.0,0.0,257000000.0,656000000,3315000000,3824000000,0.0,0.0,587000000,4841000000,0.0,8156000000,2670000000.0,11386000000.0,-209000000,0.0,9353000000,17509000000,0.0,4574000000,3414000000,https://www.sec.gov/Archives/edgar/data/45012/000004501210000226/0000045012-10-000226-index.htm,https://www.sec.gov/Archives/edgar/data/45012/000004501210000226/edjune201010q_final.htm,1620592934,16:42:14,20210509
43,2010-03-31,HAL,USD,2010-04-22,2010-04-22 11:38:59,Q1,1383000000,1808000000.0,3191000000,3176000000,1658000000,541000000,8814000000,5980000000,1138000000.0,0.0,1138000000.0,0.0,0.0,1048000000,8166000000,0.0,16980000000,964000000,750000000.0,0.0,282000000.0,629000000,3145000000,3824000000,0.0,0.0,626000000,4875000000,0.0,8020000000,2669000000.0,10988000000.0,-206000000,0.0,8931000000,16951000000,0.0,4574000000,3191000000,https://www.sec.gov/Archives/edgar/data/45012/000004501210000170/0000045012-10-000170-index.htm,https://www.sec.gov/Archives/edgar/data/45012/000004501210000170/edmarch201010q_final.htm,1620592934,16:42:14,20210509
44,2009-12-31,HAL,USD,2010-02-17,2010-02-17 13:01:33,Q4,2082000000,1312000000.0,3394000000,2964000000,1598000000,472000000,8638000000,5759000000,1100000000.0,0.0,1100000000.0,0.0,0.0,1041000000,7900000000,0.0,16538000000,787000000,750000000.0,0.0,215000000.0,623000000,2889000000,3824000000,0.0,0.0,606000000,4892000000,0.0,7781000000,2669000000.0,10863000000.0,-213000000,0.0,8728000000,16509000000,0.0,4574000000,2492000000,https://www.sec.gov/Archives/edgar/data/45012/000004501210000085/0000045012-10-000085-index.htm,https://www.sec.gov/Archives/edgar/data/45012/000004501210000085/ed10k2009_final.htm,1620592934,16:42:14,20210509
45,2009-09-30,HAL,USD,2009-10-23,2009-10-23 12:43:20,Q3,1675000000,1515000000.0,3190000000,3098000000,1716000000,497000000,8699000000,5564000000,1093000000.0,0.0,1093000000.0,0.0,0.0,981000000,7638000000,0.0,16337000000,800000000,0.0,0.0,194000000.0,703000000,2184000000,4573000000,0.0,0.0,538000000,5577000000,0.0,7761000000,2667000000.0,10702000000.0,-202000000,0.0,8549000000,16310000000,0.0,6088000000,4413000000,https://www.sec.gov/Archives/edgar/data/45012/000004501209000390/0000045012-09-000390-index.htm,https://www.sec.gov/Archives/edgar/data/45012/000004501209000390/edsept200910q_final.htm,1620592934,16:42:14,20210509
46,2009-06-30,HAL,USD,2009-07-24,2009-07-24 11:52:54,Q2,1568000000,753000000.0,2321000000,3152000000,1832000000,524000000,8008000000,5357000000,1068000000.0,0.0,1068000000.0,763000000.0,0.0,1019000000,8207000000,0.0,16215000000,755000000,27000000.0,0.0,226000000.0,758000000,2220000000,4573000000,0.0,0.0,577000000,5671000000,0.0,7891000000,2667000000.0,10521000000.0,-198000000,0.0,8301000000,16192000000,1516000000.0,4600000000,3032000000,https://www.sec.gov/Archives/edgar/data/45012/000004501209000264/0000045012-09-000264-index.htm,https://www.sec.gov/Archives/edgar/data/45012/000004501209000264/edjune200910q_final.htm,1620592934,16:42:14,20210509
47,2009-03-31,HAL,USD,2009-04-24,2009-04-24 11:13:49,Q1,2967000000,0.0,2967000000,3395000000,1895000000,440000000,8909000000,5157000000,1076000000.0,0.0,1076000000.0,0.0,130000000.0,952000000,7315000000,0.0,16224000000,874000000,29000000.0,0.0,237000000.0,693000000,2331000000,4578000000,0.0,0.0,686000000,5798000000,0.0,8129000000,2667000000.0,10340000000.0,-224000000,0.0,8074000000,16203000000,0.0,4607000000,1640000000,https://www.sec.gov/Archives/edgar/data/45012/000004501209000201/0000045012-09-000201-index.htm,https://www.sec.gov/Archives/edgar/data/45012/000004501209000201/edmarch200910q_final.htm,1620592934,16:42:14,20210509
48,2008-12-31,HAL,USD,2009-02-18,2009-02-18 14:57:41,Q4,1124000000,0.0,1124000000,3795000000,1828000000,418000000,7411000000,4782000000,1072000000.0,0.0,1072000000.0,0.0,157000000.0,963000000,6974000000,0.0,14385000000,898000000,26000000.0,0.0,231000000.0,916000000,2781000000,2586000000,0.0,0.0,735000000,3860000000,0.0,6641000000,2666000000.0,9411000000.0,-215000000,0.0,7725000000,14366000000,0.0,2612000000,1488000000,https://www.sec.gov/Archives/edgar/data/45012/000004501209000098/0000045012-09-000098-index.htm,https://www.sec.gov/Archives/edgar/data/45012/000004501209000098/ed10k2008_final.htm,1620592934,16:42:14,20210509
49,2008-09-30,HAL,USD,2008-10-21,2008-10-21 16:33:56,Q3,973000000,0.0,973000000,3858000000,1824000000,467000000,7367000000,4438000000,1004000000.0,0.0,1004000000.0,0.0,90000000.0,947000000,6479000000,0.0,13846000000,964000000,183000000.0,0.0,202000000.0,1182000000,2531000000,2588000000,0.0,0.0,1240000000,3828000000,0.0,6359000000,2666000000.0,9025000000.0,-100000000,0.0,7427000000,13786000000,0.0,2771000000,1798000000,https://www.sec.gov/Archives/edgar/data/45012/000004501208000480/0000045012-08-000480-index.htm,https://www.sec.gov/Archives/edgar/data/45012/000004501208000480/edsept200810q_final.htm,1620592934,16:42:14,20210509
50,2008-06-30,HAL,USD,2008-07-25,2008-07-25 13:57:54,Q2,1880000000,0.0,1880000000,3581000000,1736000000,450000000,7945000000,4146000000,838000000.0,0.0,838000000.0,0.0,168000000.0,951000000,6103000000,0.0,14048000000,954000000,230000000.0,0.0,232000000.0,1190000000,2606000000,2565000000,0.0,0.0,1192000000,3757000000,0.0,6363000000,2666000000.0,9127000000.0,-101000000,0.0,7585000000,13948000000,0.0,2795000000,915000000,https://www.sec.gov/Archives/edgar/data/45012/000004501208000352/0000045012-08-000352-index.htm,https://www.sec.gov/Archives/edgar/data/45012/000004501208000352/edjune200810q_final.htm,1620592934,16:42:14,20210509
51,2008-03-31,HAL,USD,2008-04-25,2008-04-25 11:41:33,Q1,1994000000,0.0,1994000000,3301000000,1655000000,470000000,7696000000,3851000000,803000000.0,0.0,803000000.0,0.0,192000000.0,786000000,5632000000,0.0,13328000000,907000000,172000000.0,0.0,240000000.0,1163000000,2482000000,2624000000,0.0,0.0,1060000000,3684000000,0.0,6166000000,2659000000.0,8699000000.0,-102000000,0.0,7062000000,13228000000,0.0,2796000000,802000000,https://www.sec.gov/Archives/edgar/data/45012/000004501208000242/0000045012-08-000242-index.htm,https://www.sec.gov/Archives/edgar/data/45012/000004501208000242/edmarch200810q_final.htm,1620592934,16:42:14,20210509
52,2007-12-31,HAL,USD,2008-02-22,2008-02-22 12:46:39,Q4,1847000000,388000000.0,2235000000,3093000000,1459000000,410000000,7573000000,3630000000,790000000.0,0.0,790000000.0,0.0,348000000.0,794000000,5562000000,0.0,13135000000,768000000,159000000.0,0.0,209000000.0,700000000,2411000000,2627000000,0.0,0.0,1137000000,3764000000,0.0,6175000000,2657000000.0,8202000000.0,-104000000,0.0,6866000000,13041000000,0.0,2786000000,939000000,https://www.sec.gov/Archives/edgar/data/45012/000004501208000122/0000045012-08-000122-index.htm,https://www.sec.gov/Archives/edgar/data/45012/000004501208000122/ed10k2007_final.htm,1620592934,16:42:14,20210509
53,2007-09-30,HAL,USD,2007-10-26,2007-10-26 17:21:34,Q3,735000000,1156000000.0,1891000000,3109000000,1560000000,386000000,7221000000,3337000000,731000000.0,0.0,731000000.0,0.0,439000000.0,741000000,5248000000,0.0,12469000000,798000000,10000000.0,0.0,188000000.0,670000000,2191000000,2796000000,0.0,0.0,1195000000,3991000000,0.0,6182000000,2655000000.0,7591000000.0,-178000000,0.0,6197000000,12379000000,0.0,2806000000,2071000000,https://www.sec.gov/Archives/edgar/data/45012/000004501207000309/0000045012-07-000309-index.htm,https://www.sec.gov/Archives/edgar/data/45012/000004501207000309/edsept200710q_final.htm,1620592934,16:42:14,20210509
54,2007-06-30,HAL,USD,2007-07-27,2007-07-27 15:56:58,Q2,1348000000,875000000.0,2223000000,2948000000,1500000000,384000000,7272000000,2988000000,594000000.0,0.0,594000000.0,0.0,430000000.0,705000000,4717000000,0.0,11989000000,856000000,11000000.0,0.0,198000000.0,654000000,2166000000,2784000000,0.0,0.0,1110000000,3894000000,0.0,6060000000,2653000000.0,6942000000.0,-178000000,0.0,5858000000,11918000000,0.0,2795000000,1447000000,https://www.sec.gov/Archives/edgar/data/45012/000004501207000187/0000045012-07-000187-index.htm,https://www.sec.gov/Archives/edgar/data/45012/000004501207000187/edjune200710q_final.htm,1620592934,16:42:14,20210509
55,2007-03-31,HAL,USD,2007-05-04,2007-05-04 07:47:53,Q1,2186000000,857000000.0,3043000000,2700000000,1430000000,4323000000,11715000000,2758000000,593000000.0,0.0,593000000.0,0.0,399000000.0,2173000000,5923000000,0.0,17638000000,739000000,11000000.0,0.0,0.0,3946000000,5079000000,2785000000,0.0,0.0,1817000000,4602000000,0.0,9681000000,2652000000.0,5494000000.0,-426000000,0.0,7892000000,17573000000,0.0,2796000000,610000000,https://www.sec.gov/Archives/edgar/data/45012/000004501207000131/0000045012-07-000131-index.htm,https://www.sec.gov/Archives/edgar/data/45012/000004501207000131/edmarch200710q_final.htm,1620592934,16:42:14,20210509
56,2006-12-31,HAL,USD,2007-02-28,2007-02-27 21:00:59,Q4,4379000000,0.0,4379000000,4674000000,1261000000,550000000,11183000000,3048000000,775000000.0,0.0,775000000.0,0.0,603000000.0,1211000000,5637000000,0.0,16820000000,2834000000,45000000.0,0.0,0.0,1084000000,4727000000,2786000000,0.0,0.0,1484000000,4270000000,0.0,8997000000,2650000000.0,5051000000.0,-437000000,0.0,7376000000,16373000000,0.0,2831000000,-1548000000,https://www.sec.gov/Archives/edgar/data/45012/000004501207000072/0000045012-07-000072-index.htm,https://www.sec.gov/Archives/edgar/data/45012/000004501207000072/ed10k2006_final.htm,1620592934,16:42:14,20210509
57,2006-09-30,HAL,USD,2006-10-31,2006-10-31 17:23:35,Q3,3549000000,0.0,3549000000,4617000000,1213000000,490000000,10215000000,2884000000,775000000.0,0.0,775000000.0,0.0,538000000.0,1572000000,5769000000,0.0,15984000000,2930000000,86000000.0,0.0,0.0,946000000,4702000000,2745000000,0.0,0.0,1302000000,4047000000,0.0,8749000000,2648000000.0,4468000000.0,-219000000,0.0,7089000000,15838000000,0.0,2831000000,-718000000,https://www.sec.gov/Archives/edgar/data/45012/000004501206000348/0000045012-06-000348-index.htm,https://www.sec.gov/Archives/edgar/data/45012/000004501206000348/edsept200610q_final.htm,1620592934,16:42:14,20210509
58,2006-06-30,HAL,USD,2006-07-28,2006-07-28 15:17:12,Q2,3673000000,0.0,3673000000,4806000000,1128000000,462000000,10651000000,2774000000,774000000.0,0.0,774000000.0,0.0,476000000.0,1499000000,5523000000,0.0,16174000000,2940000000,360000000.0,0.0,0.0,934000000,4763000000,2772000000,0.0,0.0,1218000000,3990000000,0.0,8753000000,2647000000.0,3899000000.0,-224000000,0.0,7328000000,16081000000,0.0,3132000000,-541000000,https://www.sec.gov/Archives/edgar/data/45012/000004501206000275/0000045012-06-000275-index.htm,https://www.sec.gov/Archives/edgar/data/45012/000004501206000275/edjune200610q_final.htm,1620592934,16:42:14,20210509
59,2006-03-31,HAL,USD,2006-04-28,2006-04-28 16:40:44,Q1,2278000000,0.0,2278000000,4952000000,1086000000,623000000,9739000000,2675000000,771000000.0,0.0,771000000.0,0.0,451000000.0,1534000000,5431000000,0.0,15170000000,2427000000,360000000.0,0.0,0.0,867000000,4162000000,2793000000,0.0,0.0,1192000000,3985000000,0.0,8147000000,1322000000.0,3386000000.0,-261000000,0.0,6872000000,15019000000,0.0,3153000000,875000000,https://www.sec.gov/Archives/edgar/data/45012/000004501206000191/0000045012-06-000191-index.htm,https://www.sec.gov/Archives/edgar/data/45012/000004501206000191/edmarch200610q_final.htm,1620592934,16:42:14,20210509
60,2005-12-31,HAL,USD,2006-03-13,2006-03-10 17:32:35,Q4,2391000000,0.0,2391000000,4801000000,953000000,590000000,9327000000,2648000000,0.0,765000000.0,765000000.0,0.0,838000000.0,1432000000,5683000000,0.0,15010000000,1967000000,361000000.0,0.0,0.0,1439000000,4437000000,2813000000,0.0,0.0,1243000000,4056000000,0.0,8493000000,1317000000.0,2975000000.0,-266000000,0.0,6372000000,14865000000,0.0,3174000000,783000000,https://www.sec.gov/Archives/edgar/data/45012/000004501206000124/0000045012-06-000124-index.htm,https://www.sec.gov/Archives/edgar/data/45012/000004501206000124/ed10k2005_final.htm,1620592934,16:42:14,20210509
61,2005-09-30,HAL,USD,2005-10-31,2005-10-31 17:04:27,Q3,2124000000,0.0,2124000000,4366000000,962000000,610000000,8491000000,2602000000,0.0,739000000.0,739000000.0,0.0,511000000.0,1352000000,5204000000,0.0,13695000000,1714000000,651000000.0,0.0,0.0,1359000000,4232000000,2821000000,0.0,0.0,1162000000,3983000000,0.0,8215000000,1315000000.0,1937000000.0,-194000000,0.0,5347000000,13562000000,0.0,3472000000,1348000000,https://www.sec.gov/Archives/edgar/data/45012/000004501205000346/0000045012-05-000346-index.htm,https://www.sec.gov/Archives/edgar/data/45012/000004501205000346/edsept200510q_final.htm,1620592934,16:42:14,20210509
62,2005-06-30,HAL,USD,2005-07-29,2005-07-29 17:16:35,Q2,1575000000,0.0,1575000000,4371000000,931000000,576000000,7967000000,2550000000,0.0,744000000.0,744000000.0,0.0,470000000.0,1485000000,5249000000,0.0,13216000000,1871000000,374000000.0,0.0,0.0,1332000000,4172000000,3103000000,0.0,0.0,1133000000,4236000000,0.0,8408000000,1303000000.0,1502000000.0,-186000000,0.0,4695000000,13103000000,0.0,3477000000,1902000000,https://www.sec.gov/Archives/edgar/data/45012/000004501205000233/0000045012-05-000233-index.htm,https://www.sec.gov/Archives/edgar/data/45012/000004501205000233/edjune200510q_final.htm,1620592934,16:42:14,20210509
63,2005-03-31,HAL,USD,2005-04-29,2005-04-29 16:12:52,Q1,1812000000,0.0,1812000000,4874000000,880000000,642000000,8208000000,2556000000,0.0,794000000.0,794000000.0,0.0,727000000.0,1521000000,5598000000,0.0,13806000000,2357000000,862000000.0,0.0,0.0,1422000000,5179000000,3109000000,0.0,0.0,1066000000,4175000000,0.0,9354000000,1300000000.0,1173000000.0,-166000000,0.0,4338000000,13692000000,0.0,3971000000,2159000000,https://www.sec.gov/Archives/edgar/data/45012/000004501205000118/0000045012-05-000118-index.htm,https://www.sec.gov/Archives/edgar/data/45012/000004501205000118/edmarch200510q_final.htm,1620592934,16:42:14,20210509
64,2004-12-31,HAL,USD,2005-03-01,2005-03-01 12:38:11,Q4,2808000000,0.0,2808000000,5751000000,723000000,680000000,9962000000,2553000000,0.0,795000000.0,795000000.0,0.0,780000000.0,1706000000,5834000000,0.0,15796000000,2271000000,347000000.0,0.0,0.0,3973000000,7064000000,3593000000,0.0,0.0,1099000000,4692000000,0.0,11756000000,1146000000.0,871000000.0,-3674000000,0.0,3932000000,15688000000,0.0,3940000000,1132000000,https://www.sec.gov/Archives/edgar/data/45012/000004501205000055/0000045012-05-000055-index.htm,https://www.sec.gov/Archives/edgar/data/45012/000004501205000055/ed10k2004_final.htm,1620592934,16:42:14,20210509
65,2004-09-30,HAL,USD,2004-11-05,2004-11-05 17:23:43,Q3,2996000000,0.0,2996000000,5419000000,741000000,667000000,9823000000,2540000000,0.0,793000000.0,793000000.0,0.0,971000000.0,1831000000,6135000000,0.0,15958000000,2362000000,50000000.0,0.0,0.0,4121000000,7055000000,3894000000,0.0,0.0,3217000000,7111000000,0.0,14166000000,1144000000.0,1130000000.0,-3625000000,0.0,1679000000,15845000000,0.0,3944000000,948000000,https://www.sec.gov/Archives/edgar/data/45012/000004501204000313/0000045012-04-000313-index.htm,https://www.sec.gov/Archives/edgar/data/45012/000004501204000313/edsept04_final.htm,1620592934,16:42:14,20210509
66,2004-06-30,HAL,USD,2004-08-03,2004-08-03 17:25:45,Q2,2230000000,0.0,2230000000,5776000000,741000000,511000000,9531000000,2564000000,0.0,793000000.0,793000000.0,0.0,774000000.0,1857000000,5988000000,0.0,15519000000,2087000000,50000000.0,0.0,101000000.0,4113000000,6833000000,3900000000,0.0,0.0,2934000000,6834000000,0.0,13667000000,1143000000.0,1229000000.0,-3624000000,0.0,1736000000,15403000000,0.0,3950000000,1720000000,https://www.sec.gov/Archives/edgar/data/45012/000004501204000228/0000045012-04-000228-index.htm,https://www.sec.gov/Archives/edgar/data/45012/000004501204000228/edjune10q2004_final.htm,1620592934,16:42:14,20210509
67,2004-03-31,HAL,USD,2004-05-07,2004-05-07,Q1,1933000000,0.0,1933000000,5720000000,743000000,678000000,9263000000,2537000000,0.0,793000000.0,793000000.0,0.0,816000000.0,2998000000,7144000000,0.0,16407000000,2102000000,23000000.0,0.0,104000000.0,4310000000,6923000000,3934000000,0.0,0.0,2968000000,6902000000,0.0,13825000000,1143000000.0,1951000000.0,-3571000000,0.0,2472000000,16297000000,0.0,3957000000,2024000000,https://www.sec.gov/Archives/edgar/data/45012/000101540204001936/0001015402-04-001936-index.htm,https://www.sec.gov/Archives/edgar/data/45012/000101540204001936/edmarch10q_2004.htm,1620592934,16:42:14,20210509
68,2003-12-31,HAL,USD,2003-12-31,2003-12-31,Q4,1815000000,0.0,1815000000,4765000000,695000000,456000000,7919000000,2526000000,0.0,670000000.0,670000000.0,0.0,738000000.0,3610000000,7544000000,0.0,15463000000,1776000000,22000000.0,0.0,104000000.0,4222000000,6542000000,3415000000,0.0,0.0,2859000000,6274000000,0.0,12816000000,1142000000.0,2071000000.0,-3540000000,0.0,2547000000,15363000000,0.0,3437000000,1622000000,,,1620592934,16:42:14,20210509
69,2003-09-30,HAL,USD,2003-09-30,2003-09-30,Q3,1222000000,0.0,1222000000,4000000000,731000000,422000000,6619000000,2504000000,0.0,669000000.0,669000000.0,0.0,636000000.0,3348000000,7157000000,0.0,13776000000,979000000,21000000.0,0.0,72000000.0,1653000000,3094000000,2368000000,0.0,0.0,4647000000,7015000000,0.0,10109000000,1141000000.0,3073000000.0,-3477000000,0.0,3577000000,13686000000,0.0,2389000000,1167000000,,,1620592934,16:42:14,20210509
70,2003-06-30,HAL,USD,2003-06-30,2003-06-30,Q2,1859000000,0.0,1859000000,3666000000,747000000,291000000,6775000000,2498000000,0.0,669000000.0,669000000.0,0.0,670000000.0,3410000000,7247000000,0.0,14022000000,1056000000,166000000.0,0.0,86000000.0,1640000000,3317000000,2374000000,0.0,0.0,4689000000,7063000000,0.0,10380000000,1142000000.0,3070000000.0,-3403000000,0.0,3559000000,13939000000,0.0,2540000000,681000000,,,1620592934,16:42:14,20210509
71,2003-03-31,HAL,USD,2003-05-08,2003-05-07 19:17:48,Q1,928000000,0.0,928000000,3293000000,757000000,271000000,5438000000,2492000000,0.0,682000000.0,682000000.0,0.0,622000000.0,3350000000,7146000000,0.0,12584000000,949000000,299000000.0,0.0,101000000.0,1392000000,3045000000,1175000000,0.0,0.0,4721000000,5896000000,0.0,8941000000,1142000000.0,3098000000.0,-3327000000,0.0,3562000000,12503000000,0.0,1474000000,546000000,https://www.sec.gov/Archives/edgar/data/45012/000004501203000026/0000045012-03-000026-index.htm,https://www.sec.gov/Archives/edgar/data/45012/000004501203000026/edmarch10q2003.txt,1620592934,16:42:14,20210509
72,2002-12-31,HAL,USD,2004-01-15,2004-01-15 14:31:56,Q4,1107000000,0.0,1107000000,3257000000,734000000,262000000,5560000000,2629000000,0.0,723000000.0,723000000.0,0.0,607000000.0,3325000000,7284000000,0.0,12844000000,1077000000,295000000.0,0.0,100000000.0,1381000000,3272000000,1181000000,0.0,0.0,4762000000,5943000000,0.0,9215000000,1141000000.0,3110000000.0,-3323000000,0.0,3558000000,12773000000,0.0,1476000000,369000000,https://www.sec.gov/Archives/edgar/data/45012/000004501204000020/0000045012-04-000020-index.htm,https://www.sec.gov/Archives/edgar/data/45012/000004501204000020/ed10ka02.txt,1620592934,16:42:14,20210509
73,2002-09-30,HAL,USD,2002-11-12 00:00:00,2002-11-12 09:22:52,Q3,586000000,0.0,586000000,3399000000,769000000,256000000,5180000000,2591000000,0.0,719000000.0,719000000.0,0.0,391000000.0,2830000000,6531000000,0.0,11711000000,1046000000,290000000.0,0.0,66000000.0,1146000000,2853000000,1120000000,0.0,0.0,3366000000,4486000000,0.0,7339000000,1141000000.0,3781000000.0,-3305000000,0.0,4321000000,11660000000,0.0,1410000000,824000000,https://www.sec.gov/Archives/edgar/data/45012/000004501202000062/0000045012-02-000062-index.html,https://www.sec.gov/Archives/edgar/data/45012/000004501202000062/edsept10q2002.txt,1620592934,16:42:14,20210509
74,2002-06-30,HAL,USD,2002-08-13 00:00:00,2002-08-13 13:29:53,Q2,383000000,0.0,383000000,3606000000,808000000,253000000,5176000000,2692000000,0.0,725000000.0,725000000.0,0.0,512000000.0,2882000000,6811000000,0.0,11987000000,1140000000,215000000.0,0.0,88000000.0,1224000000,2987000000,1264000000,0.0,0.0,3430000000,4694000000,0.0,7681000000,1141000000.0,3742000000.0,-3329000000,0.0,4255000000,11936000000,0.0,1479000000,1096000000,https://www.sec.gov/Archives/edgar/data/45012/000004501202000053/0000045012-02-000053-index.html,https://www.sec.gov/Archives/edgar/data/45012/000004501202000053/edjun10q2002.txt,1620592934,16:42:14,20210509
75,2002-03-31,HAL,USD,2002-05-08 00:00:00,2002-05-08 16:13:27,Q1,266000000,0.0,266000000,3947000000,814000000,258000000,5438000000,2757000000,720000000.0,0.0,720000000.0,0.0,405000000.0,1560000000,5442000000,0.0,10880000000,1026000000,81000000.0,0.0,91000000.0,1200000000,2710000000,1402000000,0.0,0.0,1955000000,3357000000,0.0,6067000000,1141000000.0,4294000000.0,-3313000000,0.0,4767000000,10834000000,0.0,1483000000,1217000000,https://www.sec.gov/Archives/edgar/data/45012/000004501202000036/0000045012-02-000036-index.html,https://www.sec.gov/Archives/edgar/data/45012/000004501202000036/mar10q2002.txt,1620592934,16:42:14,20210509
76,2001-12-31,HAL,USD,2002-03-12 00:00:00,2002-03-12 00:00:00,Q4,290000000,0.0,290000000,4095000000,787000000,247000000,5573000000,2669000000,0.0,720000000.0,720000000.0,0.0,410000000.0,1594000000,5393000000,0.0,10966000000,917000000,81000000.0,0.0,99000000.0,1410000000,2908000000,1403000000,0.0,0.0,1862000000,3265000000,0.0,6173000000,1138000000.0,4327000000.0,-3281000000,0.0,4752000000,10925000000,0.0,1484000000,1194000000,https://www.sec.gov/Archives/edgar/data/45012/000004501202000011/0000045012-02-000011-index.html,https://www.sec.gov/Archives/edgar/data/45012/000004501202000011/ed10k2001.txt,1620592934,16:42:14,20210509
77,2001-09-30,HAL,USD,2001-11-08 00:00:00,2001-11-08 00:00:00,Q3,227000000,0.0,227000000,4215000000,831000000,265000000,5787000000,2569000000,592000000.0,0.0,592000000.0,0.0,304000000.0,1440000000,4905000000,0.0,10692000000,899000000,213000000.0,0.0,64000000.0,1284000000,2777000000,1470000000,0.0,0.0,1797000000,3267000000,0.0,6044000000,1138000000.0,4242000000.0,-3276000000,0.0,4597000000,10641000000,0.0,1683000000,1456000000,https://www.sec.gov/Archives/edgar/data/45012/000004501201500039/0000045012-01-500039-index.html,https://www.sec.gov/Archives/edgar/data/45012/000004501201500039/sept10q2001.txt,1620592934,16:42:14,20210509
78,2001-06-30,HAL,USD,2001-08-09 00:00:00,2001-08-09 00:00:00,Q2,328000000,0.0,328000000,4210000000,855000000,242000000,5860000000,2483000000,608000000.0,0.0,608000000.0,0.0,300000000.0,1410000000,4801000000,0.0,10661000000,832000000,717000000.0,0.0,105000000.0,1378000000,3357000000,1039000000,0.0,0.0,1741000000,2780000000,0.0,6137000000,1138000000.0,4117000000.0,-3202000000,0.0,4480000000,10617000000,0.0,1756000000,1428000000,https://www.sec.gov/Archives/edgar/data/45012/000004501201500031/0000045012-01-500031-index.html,https://www.sec.gov/Archives/edgar/data/45012/000004501201500031/edjune10q2001.txt,1620592934,16:42:14,20210509
79,2001-03-31,HAL,USD,2001-05-11 00:00:00,2001-05-11 00:00:00,Q1,278000000,0.0,278000000,3823000000,821000000,571000000,5720000000,2415000000,740000000.0,0.0,740000000.0,0.0,335000000.0,1208000000,4698000000,0.0,10418000000,737000000,1840000000.0,0.0,115000000.0,1094000000,4045000000,1040000000,0.0,0.0,1285000000,2325000000,0.0,6370000000,1136000000.0,3788000000.0,-3178000000,0.0,4006000000,10376000000,0.0,2880000000,2602000000,https://www.sec.gov/Archives/edgar/data/45012/000004501201500020/0000045012-01-500020-index.html,https://www.sec.gov/Archives/edgar/data/45012/000004501201500020/edmar10q2001.txt,1620592934,16:42:14,20210509
80,2000-12-31,HAL,USD,2001-03-27 00:00:00,2001-03-27 00:00:00,Q4,231000000,0.0,231000000,3845000000,723000000,534000000,5568000000,2410000000,597000000.0,0.0,597000000.0,0.0,340000000.0,1188000000,4535000000,0.0,10103000000,782000000,8000000.0,0.0,98000000.0,1095000000,3826000000,1049000000,0.0,0.0,1262000000,2311000000,0.0,6137000000,1132000000.0,3733000000.0,-3150000000,0.0,3928000000,10065000000,0.0,1057000000,826000000,https://www.sec.gov/Archives/edgar/data/45012/000004501201000009/0000045012-01-000009-index.html,https://www.sec.gov/Archives/edgar/data/45012/000004501201000009/0000045012-01-000009-0001.txt,1620592934,16:42:14,20210509
81,2000-09-30,HAL,USD,2000-11-09 00:00:00,2000-11-09 00:00:00,Q3,310000000,0.0,310000000,3594000000,774000000,699000000,5377000000,2327000000,0.0,610000000.0,610000000.0,0.0,0.0,1583000000,4520000000,0.0,9897000000,655000000,777000000.0,0.0,0.0,1371000000,2803000000,1049000000,0.0,0.0,1325000000,2374000000,0.0,5177000000,1132000000.0,3782000000.0,-3155000000,0.0,4675000000,9852000000,0.0,1826000000,1516000000,https://www.sec.gov/Archives/edgar/data/45012/000004501200000039/0000045012-00-000039-index.html,https://www.sec.gov/Archives/edgar/data/45012/000004501200000039/0000045012-00-000039-0001.txt,1620592934,16:42:14,20210509
82,2000-06-30,HAL,USD,2000-08-10 00:00:00,2000-08-10 00:00:00,Q2,363000000,0.0,363000000,3584000000,770000000,650000000,5367000000,2353000000,0.0,627000000.0,627000000.0,0.0,0.0,1459000000,4439000000,0.0,9806000000,720000000,882000000.0,0.0,0.0,1210000000,2812000000,1052000000,0.0,0.0,1302000000,2354000000,0.0,5166000000,1128000000.0,3681000000.0,-3189000000,0.0,4595000000,9761000000,0.0,1934000000,1571000000,https://www.sec.gov/Archives/edgar/data/45012/000004501200000030/0000045012-00-000030-index.html,https://www.sec.gov/Archives/edgar/data/45012/000004501200000030/0000045012-00-000030-0001.txt,1620592934,16:42:14,20210509
83,2000-03-31,HAL,USD,2000-05-15 00:00:00,2000-05-15 00:00:00,Q1,369000000,0.0,369000000,3300000000,762000000,571000000,5002000000,2357000000,0.0,638000000.0,638000000.0,0.0,0.0,1483000000,4478000000,0.0,9480000000,736000000,539000000.0,0.0,0.0,1306000000,2581000000,1056000000,0.0,0.0,1240000000,2296000000,0.0,4877000000,1124000000.0,3662000000.0,-3165000000,0.0,4562000000,9439000000,0.0,1595000000,1226000000,https://www.sec.gov/Archives/edgar/data/45012/000004501200000020/0000045012-00-000020-index.html,https://www.sec.gov/Archives/edgar/data/45012/0000045012-00-000020.txt,1620592934,16:42:14,20210509
84,1999-12-31,HAL,USD,1999-12-31,1999-12-31,Q4,466000000,0.0,466000000,3879000000,1238000000,439000000,6022000000,2791000000,0.0,768000000.0,768000000.0,0.0,0.0,1147000000,4706000000,0.0,10728000000,932000000,1257000000.0,0.0,0.0,1504000000,3693000000,1056000000,0.0,0.0,1539000000,2595000000,0.0,6288000000,1120000000.0,3453000000.0,-3994000000,0.0,4287000000,10575000000,0.0,2313000000,1847000000,,,1620592934,16:42:14,20210509
85,1999-09-30,HAL,USD,1999-11-15 00:00:00,1999-11-15 00:00:00,Q3,295000000,0.0,295000000,3706000000,1251000000,509000000,5761000000,2818000000,0.0,778000000.0,778000000.0,0.0,0.0,1228000000,4824000000,0.0,10585000000,1039000000,1250000000.0,0.0,0.0,1433000000,3722000000,1059000000,0.0,0.0,1543000000,2602000000,0.0,6324000000,1119000000.0,3273000000.0,-4047000000,0.0,4122000000,10446000000,0.0,2309000000,2014000000,https://www.sec.gov/Archives/edgar/data/45012/000004501299000039/0000045012-99-000039-index.html,https://www.sec.gov/Archives/edgar/data/45012/0000045012-99-000039.txt,1620592934,16:42:14,20210509
86,1999-06-30,HAL,USD,1999-08-13 00:00:00,1999-08-13 00:00:00,Q2,336000000,0.0,336000000,3477000000,1223000000,555000000,5591000000,2847000000,0.0,760000000.0,760000000.0,0.0,0.0,1289000000,4896000000,0.0,10487000000,1179000000,989000000.0,0.0,0.0,1528000000,3696000000,1064000000,0.0,0.0,1475000000,2539000000,0.0,6235000000,0.0,3271000000.0,-3956000000,0.0,4090000000,10325000000,0.0,2053000000,1717000000,https://www.sec.gov/Archives/edgar/data/45012/000004501299000031/0000045012-99-000031-index.html,https://www.sec.gov/Archives/edgar/data/45012/0000045012-99-000031.txt,1620592934,16:42:14,20210509
87,1999-03-31,HAL,USD,1999-05-14 00:00:00,1999-05-14 00:00:00,Q1,419000000,0.0,419000000,3643000000,1274000000,617000000,5953000000,2891000000,0.0,762000000.0,762000000.0,0.0,0.0,1214000000,4867000000,0.0,10820000000,1070000000,768000000.0,0.0,0.0,1866000000,3704000000,1365000000,0.0,0.0,1513000000,2878000000,0.0,6582000000,0.0,3243000000.0,-3931000000,0.0,4054000000,10636000000,0.0,2133000000,1714000000,https://www.sec.gov/Archives/edgar/data/45012/000004501299000014/0000045012-99-000014-index.html,https://www.sec.gov/Archives/edgar/data/45012/0000045012-99-000014.txt,1620592934,16:42:14,20210509
88,1998-12-31,HAL,USD,1999-03-23,1999-03-23 00:00:00,Q4,202600000,0.0,202600000,3860400000,1301800000,718300000,6083100000,2921600000,0.0,770200000.0,770200000.0,0.0,0.0,1337100000,5028900000,0.0,11112000000,1008500000,573500000.0,0.0,0.0,2421700000,4003700000,1369700000,0.0,0.0,1507200000,2876900000,0.0,6880600000,0.0,3236000000.0,-3928500000,0.0,4061200000,10941800000,0.0,1943200000,1740600000,https://www.sec.gov/Archives/edgar/data/45012/0000045012-99-000005-index.html,https://www.sec.gov/Archives/edgar/data/45012/,1620592934,16:42:14,20210509
89,1998-09-30,HAL,USD,1998-11-16 00:00:00,1998-11-16 00:00:00,Q3,228500000,0.0,228500000,3995100000,1437100000,636300000,6297000000,2971600000,0.0,1131200000.0,1131200000.0,0.0,0.0,1242200000,5345000000,0.0,11642000000,1122600000,580700000.0,0.0,0.0,2996400000,4699700000,1284900000,0.0,0.0,1435400000,2720300000,0.0,7420000000,0.0,3183600000.0,-3995200000,0.0,4048100000,11468100000,0.0,1865600000,1637100000,https://www.sec.gov/Archives/edgar/data/45012/000004501298000044/0000045012-98-000044-index.html,https://www.sec.gov/Archives/edgar/data/45012/0000045012-98-000044.txt,1620592934,16:42:14,20210509
90,1998-06-30,HAL,USD,1998-08-12 00:00:00,1998-08-12 00:00:00,Q2,145400000,0.0,145400000,2542900000,394100000,250900000,3333300000,1814200000,0.0,312200000.0,312200000.0,0.0,0.0,726300000,2852700000,0.0,6186000000,694800000,327200000.0,0.0,0.0,1123300000,2145300000,525400000,0.0,0.0,699900000,1225300000,0.0,3370600000,0.0,2135800000.0,-2372500000,0.0,2796100000,6166700000,0.0,852600000,707200000,https://www.sec.gov/Archives/edgar/data/45012/000004501298000034/0000045012-98-000034-index.html,https://www.sec.gov/Archives/edgar/data/45012/0000045012-98-000034.txt,1620592934,16:42:14,20210509
91,1998-03-31,HAL,USD,1998-05-07 00:00:00,1998-05-07 00:00:00,Q1,93400000,0.0,93400000,2365900000,375700000,225800000,3060800000,1735700000,0.0,318100000.0,318100000.0,0.0,0.0,689900000,2743700000,0.0,5804500000,676800000,83700000.0,0.0,0.0,1111100000,1871600000,538300000,0.0,0.0,689100000,1227400000,0.0,3099000000,0.0,2032200000.0,-2355300000,0.0,2688900000,5787900000,0.0,622000000,528600000,https://www.sec.gov/Archives/edgar/data/45012/000004501298000016/0000045012-98-000016-index.html,https://www.sec.gov/Archives/edgar/data/45012/0000045012-98-000016.txt,1620592934,16:42:14,20210509
92,1997-12-31,HAL,USD,1997-12-31,1997-12-31,Q4,221300000,0.0,221300000,2205800000,326900000,217600000,2971600000,1662700000,0.0,323100000.0,323100000.0,0.0,0.0,645600000,2631400000,0.0,5603000000,586500000,9800000.0,0.0,0.0,1176600000,1772900000,538900000,0.0,0.0,686800000,1225700000,0.0,2998600000,0.0,1947600000.0,-2325300000,0.0,2584700000,5583300000,0.0,548700000,327400000,,,1620592934,16:42:14,20210509
93,1997-09-30,HAL,USD,1997-11-12 00:00:00,1997-11-12 00:00:00,Q3,85700000,0.0,85700000,2269500000,345500000,230200000,2930900000,1566400000,0.0,324100000.0,324100000.0,0.0,0.0,660700000,2551200000,0.0,5482100000,610600000,24900000.0,0.0,0.0,1217300000,1852800000,540400000,0.0,0.0,648600000,1189000000,0.0,3041800000,0.0,1831700000.0,-2336900000,0.0,2440300000,5482100000,0.0,565300000,479600000,https://www.sec.gov/Archives/edgar/data/45012/000004501297000050/0000045012-97-000050-index.html,https://www.sec.gov/Archives/edgar/data/45012/0000045012-97-000050.txt,1620592934,16:42:14,20210509
94,1997-06-30,HAL,USD,1997-08-13 00:00:00,1997-08-13 00:00:00,Q2,50400000,0.0,50400000,2119900000,350200000,215900000,2736400000,1487700000,0.0,303600000.0,303600000.0,0.0,0.0,635200000,2426500000,0.0,5162900000,533000000,166600000.0,0.0,0.0,1077200000,1776800000,425000000,0.0,0.0,621600000,1046600000,0.0,2823400000,0.0,1777900000.0,-2328400000,0.0,2339500000,5162900000,0.0,591600000,541200000,https://www.sec.gov/Archives/edgar/data/45012/000004501297000042/0000045012-97-000042-index.html,https://www.sec.gov/Archives/edgar/data/45012/0000045012-97-000042.txt,1620592934,16:42:14,20210509
95,1997-03-31,HAL,USD,1997-05-14 00:00:00,1997-05-14 00:00:00,Q1,85400000,0.0,85400000,1698000000,320600000,182400000,2286400000,1387900000,0.0,232000000.0,232000000.0,0.0,0.0,574400000,2194300000,0.0,4480700000,323200000,21800000.0,0.0,0.0,919400000,1264400000,373300000,0.0,0.0,594300000,967600000,0.0,2232000000,0.0,1707800000.0,-2280100000,0.0,2248700000,4480700000,0.0,395100000,309700000,https://www.sec.gov/Archives/edgar/data/45012/000004501297000017/0000045012-97-000017-index.html,https://www.sec.gov/Archives/edgar/data/45012/0000045012-97-000017.txt,1620592934,16:42:14,20210509
96,1996-12-31,HAL,USD,1997-03-28 00:00:00,1997-03-28 00:00:00,Q4,213600000,0.0,213600000,1702300000,292200000,189900000,2398000000,1291600000,0.0,233900000.0,233900000.0,0.0,0.0,513100000,2038600000,0.0,4436600000,452100000,46400000.0,0.0,0.0,1006200000,1504700000,200000000,0.0,0.0,572700000,772700000,0.0,2277400000,0.0,1656300000.0,-2269200000,0.0,2159200000,4436600000,0.0,246400000,32800000,https://www.sec.gov/Archives/edgar/data/45012/000004501297000011/0000045012-97-000011-index.html,https://www.sec.gov/Archives/edgar/data/45012/0000045012-97-000011.txt,1620592934,16:42:14,20210509
97,1996-09-30,HAL,USD,1996-11-13 00:00:00,1996-11-13 00:00:00,Q3,35100000,0.0,35100000,1678500000,312300000,242600000,2268500000,1176000000,0.0,213700000.0,213700000.0,0.0,0.0,428500000,1818200000,0.0,4086700000,472400000,60400000.0,0.0,0.0,919700000,1452500000,200000000,0.0,0.0,544700000,744700000,0.0,2197200000,0.0,1546400000.0,-2230700000,0.0,1889500000,4086700000,0.0,260400000,225300000,https://www.sec.gov/Archives/edgar/data/45012/000004501296000028/0000045012-96-000028-index.html,https://www.sec.gov/Archives/edgar/data/45012/0000045012-96-000028.txt,1620592934,16:42:14,20210509
98,1996-06-30,HAL,USD,1996-07-29 00:00:00,1996-07-29 00:00:00,Q2,14200000,0.0,14200000,1647800000,306300000,228100000,2196400000,1124700000,0.0,204500000.0,204500000.0,0.0,0.0,352400000,1681600000,0.0,3878000000,403700000,49500000.0,0.0,0.0,854300000,1307500000,200000000,0.0,0.0,539600000,739600000,0.0,2047100000,0.0,1492600000.0,-2234800000,0.0,1830900000,3878000000,0.0,249500000,235300000,https://www.sec.gov/Archives/edgar/data/45012/000004501296000019/0000045012-96-000019-index.html,https://www.sec.gov/Archives/edgar/data/45012/0000045012-96-000019.txt,1620592934,16:42:14,20210509
99,1996-03-31,HAL,USD,1996-05-14 00:00:00,1996-05-14 00:00:00,Q1,99000000,0.0,99000000,1599000000,303000000,233500000,2234500000,1093400000,0.0,206000000.0,206000000.0,0.0,0.0,283700000,1583100000,0.0,3817600000,347000000,145100000.0,0.0,0.0,807300000,1299400000,200000000,0.0,0.0,533800000,733800000,0.0,2033200000,0.0,1454200000.0,-2241000000,0.0,1784400000,3817600000,0.0,345100000,246100000,https://www.sec.gov/Archives/edgar/data/45012/000004501296000012/0000045012-96-000012-index.html,https://www.sec.gov/Archives/edgar/data/45012/0000045012-96-000012.txt,1620592934,16:42:14,20210509
100,1995-12-31,HAL,USD,1996-03-11 00:00:00,1996-03-11 00:00:00,Q4,174900000,0.0,174900000,1391000000,251500000,232500000,2049900000,1111200000,0.0,207500000.0,207500000.0,0.0,0.0,278000000,1596700000,0.0,3646600000,357300000,10000000.0,0.0,0.0,788800000,1156100000,200000000,0.0,0.0,540700000,740700000,0.0,1896800000,0.0,1431400000.0,-2225800000,0.0,1749800000,3646600000,0.0,210000000,35100000,https://www.sec.gov/Archives/edgar/data/45012/000004501296000006/0000045012-96-000006-index.html,https://www.sec.gov/Archives/edgar/data/45012/0000045012-96-000006.txt,1620592934,16:42:14,20210509
101,1995-09-30,HAL,USD,1995-11-14 00:00:00,1995-11-14 00:00:00,Q3,70800000,0.0,70800000,1347600000,277400000,198200000,1894000000,1074500000,0.0,0.0,0.0,0.0,0.0,789700000,1864200000,0.0,3758200000,319100000,44700000.0,0.0,0.0,638600000,1002400000,231500000,0.0,0.0,555700000,787200000,0.0,1789600000,0.0,1653000000.0,-2254200000,0.0,1968600000,3758200000,0.0,276200000,205400000,https://www.sec.gov/Archives/edgar/data/45012/000004501295000031/0000045012-95-000031-index.html,https://www.sec.gov/Archives/edgar/data/45012/0000045012-95-000031.txt,1620592934,16:42:14,20210509
102,1995-06-30,HAL,USD,1995-08-04 00:00:00,1995-08-04 00:00:00,Q2,353700000,0.0,353700000,1502700000,263500000,1220500000,3340400000,1073500000,0.0,210500000.0,210500000.0,0.0,0.0,573600000,1857600000,0.0,5198000000,303500000,26800000.0,0.0,0.0,1632000000,1962300000,644100000,0.0,0.0,586900000,1231000000,0.0,3193300000,0.0,1675600000.0,-2324700000,0.0,2003200000,5196500000,0.0,670900000,317200000,https://www.sec.gov/Archives/edgar/data/45012/000004501295000025/0000045012-95-000025-index.html,https://www.sec.gov/Archives/edgar/data/45012/0000045012-95-000025.txt,1620592934,16:42:14,20210509
103,1995-03-31,HAL,USD,1995-05-05 00:00:00,1995-05-05 00:00:00,Q1,320200000,0.0,320200000,1453700000,283600000,1231200000,3288700000,1054400000,0.0,212000000.0,212000000.0,0.0,0.0,549000000,1815400000,0.0,5104100000,302500000,21200000.0,0.0,0.0,1604200000,1927900000,643600000,0.0,0.0,569600000,1213200000,0.0,3141100000,0.0,1647900000.0,-2298800000,0.0,1962300000,5103400000,0.0,664800000,344600000,https://www.sec.gov/Archives/edgar/data/45012/000004501295000015/0000045012-95-000015-index.html,https://www.sec.gov/Archives/edgar/data/45012/0000045012-95-000015.txt,1620592934,16:42:14,20210509
104,1994-12-31,HAL,USD,1995-03-24 00:00:00,1995-03-24 00:00:00,Q4,428100000,0.0,428100000,1459900000,268900000,1325900000,3482800000,1076800000,0.0,213400000.0,213400000.0,0.0,0.0,495300000,1785500000,0.0,5268300000,303500000,30700000.0,0.0,0.0,595400000,929600000,643100000,0.0,0.0,1748200000,2391300000,0.0,3320900000,0.0,1637300000.0,-2341400000,0.0,1942200000,5263100000,0.0,673800000,245700000,https://www.sec.gov/Archives/edgar/data/45012/000004501295000011/0000045012-95-000011-index.html,https://www.sec.gov/Archives/edgar/data/45012/0000045012-95-000011.txt,1620592934,16:42:14,20210509
105,1994-09-30,HAL,USD,1994-11-14 00:00:00,1994-11-14 00:00:00,Q3,174200000,0.0,174200000,1505100000,319300000,648400000,2647000000,1106700000,0.0,214900000.0,214900000.0,0.0,0.0,1192300000,2513900000,0.0,5160900000,252800000,0.0,0.0,0.0,631200000,884000000,642100000,0.0,0.0,1782300000,2424400000,0.0,3308400000,0.0,1538200000.0,-2509500000,0.0,1848100000,5156500000,0.0,642100000,467900000,https://www.sec.gov/Archives/edgar/data/45012/000004501294000045/0000045012-94-000045-index.html,https://www.sec.gov/Archives/edgar/data/45012/0000045012-94-000045.txt,1620592934,16:42:14,20210509
106,1994-06-30,HAL,USD,1994-08-02 00:00:00,1994-08-02 00:00:00,Q2,88000000,0.0,88000000,1347600000,345400000,641400000,2422400000,1117600000,0.0,308400000.0,308400000.0,0.0,0.0,1343200000,2769200000,0.0,5191600000,292500000,0.0,0.0,0.0,599900000,892400000,645200000,0.0,0.0,1824800000,2470000000,0.0,3362400000,0.0,1515000000.0,-2557000000,0.0,1823500000,5185900000,0.0,645200000,557200000,https://www.sec.gov/Archives/edgar/data/45012/000004501294000029/0000045012-94-000029-index.html,https://www.sec.gov/Archives/edgar/data/45012/0000045012-94-000029.txt,1620592934,16:42:14,20210509
107,1994-03-31,HAL,USD,1994-05-12 00:00:00,1994-05-12 00:00:00,Q1,82300000,0.0,82300000,1562800000,376600000,651400000,2673100000,1138800000,0.0,304500000.0,304500000.0,0.0,0.0,1088800000,2532100000,0.0,5205200000,310700000,12500000.0,0.0,0.0,559600000,882800000,668500000,0.0,0.0,1778700000,2447200000,0.0,3330000000,0.0,1562800000.0,-2581200000,0.0,1870400000,5200400000,0.0,681000000,598700000,https://www.sec.gov/Archives/edgar/data/45012/000004501294000013/0000045012-94-000013-index.html,https://www.sec.gov/Archives/edgar/data/45012/0000045012-94-000013.txt,1620592934,16:42:14,20210509
