,date,symbol,reportedCurrency,fillingDate,acceptedDate,period,cashAndCashEquivalents,shortTermInvestments,cashAndShortTermInvestments,netReceivables,inventory,otherCurrentAssets,totalCurrentAssets,propertyPlantEquipmentNet,goodwill,intangibleAssets,goodwillAndIntangibleAssets,longTermInvestments,taxAssets,otherNonCurrentAssets,totalNonCurrentAssets,otherAssets,totalAssets,accountPayables,shortTermDebt,taxPayables,deferredRevenue,otherCurrentLiabilities,totalCurrentLiabilities,longTermDebt,deferredRevenueNonCurrent,deferredTaxLiabilitiesNonCurrent,otherNonCurrentLiabilities,totalNonCurrentLiabilities,otherLiabilities,totalLiabilities,commonStock,retainedEarnings,accumulatedOtherComprehensiveIncomeLoss,othertotalStockholdersEquity,totalStockholdersEquity,totalLiabilitiesAndStockholdersEquity,totalInvestments,totalDebt,netDebt,link,finalLink,timestamp,est_time,est_date
0,2020-12-31,LORL,USD,2021-03-09,2021-03-08 21:03:28,Q4,31631000.0,0.0,31631000.0,1914000.0,0.0,2000.0,34091000,342000.0,0.0,0.0,0.0,192664000.0,27339000.0,33000.0,220378000,0.0,254469000,0.0,141050000.0,0.0,0.0,0.0,4841000.0,0.0,0.0,19769000.0,145000.0,40095000,0.0,44936000,311000.0,-729202000.0,-71972000.0,0.0,209533000,254469000,192664000.0,345000.0,-31286000.0,https://www.sec.gov/Archives/edgar/data/1006269/000155837021002586/0001558370-21-002586-index.htm,https://www.sec.gov/Archives/edgar/data/1006269/000155837021002586/lorl-20201231x10k.htm,1620594574,17:09:34,20210509
1,2020-09-30,LORL,USD,2020-11-05,2020-11-05 16:44:09,Q3,83386000.0,105402000.0,188788000.0,1944000.0,0.0,3000.0,86091000,508000.0,0.0,0.0,0.0,105402000.0,37994000.0,34000.0,143938000,0.0,230029000,0.0,0.0,0.0,0.0,4565000.0,4565000.0,0.0,0.0,19522000.0,145000.0,35281000,0.0,39846000,311000.0,-772501000.0,-48000000.0,247798000.0,190183000,230029000,210804000.0,513000.0,-82873000.0,https://www.sec.gov/Archives/edgar/data/1006269/000155837020012913/0001558370-20-012913-index.htm,https://www.sec.gov/Archives/edgar/data/1006269/000155837020012913/lorl-20200930x10q.htm,1620594574,17:09:34,20210509
2,2020-06-30,LORL,USD,2020-08-07,2020-08-06 20:58:31,Q2,81626000.0,0.0,81626000.0,1849000.0,0.0,12000.0,84079000,671000.0,0.0,0.0,0.0,63234000.0,38105000.0,340000.0,102350000,0.0,186429000,0.0,0.0,0.0,0.0,0.0,4276000.0,0.0,0.0,19278000.0,145000.0,35922000,0.0,40198000,311000.0,-823673000.0,-41000000.0,0.0,146231000,186429000,63234000.0,677000.0,-80949000.0,https://www.sec.gov/Archives/edgar/data/1006269/000155837020009772/0001558370-20-009772-index.htm,https://www.sec.gov/Archives/edgar/data/1006269/000155837020009772/lorl-20200630x10q.htm,1620594574,17:09:34,20210509
3,2020-03-31,LORL,USD,2020-05-08,2020-05-07 18:01:22,Q1,255198000.0,0.0,255198000.0,1887000.0,0.0,116000.0,257991000,831000.0,0.0,0.0,0.0,4173000.0,36301000.0,340000.0,41645000,0.0,299636000,0.0,0.0,0.0,0.0,0.0,3336000.0,0.0,0.0,18946000.0,145000.0,36326000,0.0,39662000,311000.0,-727109000.0,-24000000.0,0.0,259974000,299636000,4173000.0,839000.0,-254359000.0,https://www.sec.gov/Archives/edgar/data/1006269/000155837020005809/0001558370-20-005809-index.htm,https://www.sec.gov/Archives/edgar/data/1006269/000155837020005809/lorl-20200331x10q.htm,1620594574,17:09:34,20210509
4,2019-12-31,LORL,USD,2020-03-12,2020-03-12 13:32:23,Q4,259067000.0,0.0,259067000.0,1360000.0,0.0,374000.0,260965000,988000.0,0.0,0.0,0.0,90184000.0,37945000.0,341000.0,129845000,0.0,390810000,0.0,0.0,0.0,0.0,0.0,5494000.0,0.0,0.0,17352000.0,145000.0,35289000,0.0,40783000,311000.0,-605766000.0,-55000000.0,0.0,350027000,390810000,90184000.0,997000.0,-258070000.0,https://www.sec.gov/Archives/edgar/data/1006269/000155837020002499/0001558370-20-002499-index.htm,https://www.sec.gov/Archives/edgar/data/1006269/000155837020002499/lorl-20191231x10k.htm,1620594574,17:09:34,20210509
5,2019-09-30,LORL,USD,2019-11-12,2019-11-08 18:02:08,Q3,257319000.0,0.0,257319000.0,1765000.0,0.0,450000.0,260327000,501000.0,0.0,0.0,0.0,86725000.0,37568000.0,38000.0,125606000,0.0,385933000,0.0,0.0,0.0,0.0,0.0,3936000.0,0.0,0.0,15803000.0,159000.0,30754000,0.0,34690000,311000.0,-612531000.0,-47000000.0,0.0,351243000,385933000,86725000.0,513000.0,-256806000.0,https://www.sec.gov/Archives/edgar/data/1006269/000155837019010637/0001558370-19-010637-index.htm,https://www.sec.gov/Archives/edgar/data/1006269/000155837019010637/lorl-20190930x10q.htm,1620594574,17:09:34,20210509
6,2019-06-30,LORL,USD,2019-08-06,2019-08-06 17:06:42,Q2,257686000.0,0.0,257686000.0,1753000.0,0.0,508000.0,260504000,661000.0,0.0,0.0,0.0,94406000.0,37109000.0,343000.0,133293000,0.0,393797000,0.0,0.0,0.0,0.0,0.0,3269000.0,0.0,0.0,14052000.0,167000.0,29271000,0.0,32540000,311000.0,-618778000.0,-31000000.0,0.0,361257000,393797000,94406000.0,677000.0,-257009000.0,https://www.sec.gov/Archives/edgar/data/1006269/000155837019007282/0001558370-19-007282-index.htm,https://www.sec.gov/Archives/edgar/data/1006269/000155837019007282/lorl-20190630x10q.htm,1620594574,17:09:34,20210509
7,2019-03-31,LORL,USD,2019-05-09,2019-05-09 16:16:36,Q1,256809000.0,0.0,256809000.0,3525000.0,0.0,540000.0,261498000,819000.0,0.0,0.0,0.0,59989000.0,39009000.0,344000.0,100935000,0.0,362433000,0.0,0.0,0.0,0.0,649000.0,3389000.0,0.0,0.0,13775000.0,171000.0,29368000,0.0,32757000,311000.0,-657005000.0,-24000000.0,0.0,329676000,362433000,59989000.0,823000.0,-255986000.0,https://www.sec.gov/Archives/edgar/data/1006269/000155837019004684/0001558370-19-004684-index.htm,https://www.sec.gov/Archives/edgar/data/1006269/000155837019004684/lorl-20190331x10q.htm,1620594574,17:09:34,20210509
8,2018-12-31,LORL,USD,2019-03-18,2019-03-15 19:40:04,Q4,256947000.0,0.0,256947000.0,6474000.0,0.0,510000.0,264082000,0.0,0.0,0.0,0.0,24574000.0,40520000.0,350000.0,66218000,0.0,330300000,0.0,0.0,0.0,0.0,0.0,4068000.0,0.0,0.0,13315000.0,184000.0,28666000,0.0,32734000,311000.0,-695521000.0,-18000000.0,0.0,297566000,330300000,24574000.0,0.0,-256947000.0,https://www.sec.gov/Archives/edgar/data/1006269/000155837019002187/0001558370-19-002187-index.htm,https://www.sec.gov/Archives/edgar/data/1006269/000155837019002187/lorl-20181231x10k.htm,1620594574,17:09:34,20210509
9,2018-09-30,LORL,USD,2018-11-07,2018-11-07 16:39:10,Q3,248904000.0,0.0,248904000.0,13975000.0,0.0,418000.0,263502000,0.0,0.0,0.0,0.0,84363000.0,56529000.0,52000.0,142494000,0.0,405996000,0.0,0.0,0.0,0.0,0.0,4428000.0,0.0,0.0,63200000.0,190000.0,79780000,0.0,84208000,311000.0,-654003000.0,-35000000.0,0.0,321788000,405996000,84363000.0,0.0,-248904000.0,https://www.sec.gov/Archives/edgar/data/1006269/000114420418057995/0001144204-18-057995-index.htm,https://www.sec.gov/Archives/edgar/data/1006269/000114420418057995/tv504448_10q.htm,1620594574,17:09:34,20210509
10,2018-06-30,LORL,USD,2018-08-08,2018-08-07 17:34:00,Q2,250137000.0,0.0,250137000.0,13419000.0,0.0,395000.0,264516000,0.0,0.0,0.0,0.0,36383000.0,60888000.0,361000.0,99182000,0.0,363698000,0.0,0.0,0.0,0.0,0.0,3682000.0,0.0,0.0,62409000.0,198000.0,79012000,0.0,82694000,311000.0,-700197000.0,-30000000.0,0.0,281004000,363698000,36383000.0,0.0,-250137000.0,https://www.sec.gov/Archives/edgar/data/1006269/000114420418042494/0001144204-18-042494-index.htm,https://www.sec.gov/Archives/edgar/data/1006269/000114420418042494/tv498018_10q.htm,1620594574,17:09:34,20210509
11,2018-03-31,LORL,USD,2018-05-10,2018-05-10 16:25:07,Q1,251741000.0,0.0,251741000.0,14196000.0,0.0,337000.0,266942000,0.0,0.0,0.0,0.0,39306000.0,55145000.0,366000.0,96367000,0.0,363309000,0.0,0.0,0.0,0.0,0.0,3001000.0,0.0,0.0,61665000.0,285000.0,80379000,0.0,83380000,311000.0,-700644000.0,-30000000.0,0.0,279929000,363309000,39306000.0,0.0,-251741000.0,https://www.sec.gov/Archives/edgar/data/1006269/000114420418027153/0001144204-18-027153-index.htm,https://www.sec.gov/Archives/edgar/data/1006269/000114420418027153/tv492964_10q.htm,1620594574,17:09:34,20210509
12,2017-12-31,LORL,USD,2018-03-15,2018-03-15 16:28:56,Q4,255139000.0,0.0,255139000.0,13732000.0,0.0,274000.0,269343000,0.0,0.0,0.0,0.0,53430000.0,50016000.0,372000.0,105368000,0.0,374711000,0.0,0.0,0.0,0.0,0.0,3852000.0,0.0,0.0,61182000.0,293000.0,80261000,0.0,84113000,311000.0,-682831000.0,-37000000.0,0.0,290598000,374711000,53430000.0,0.0,-255139000.0,https://www.sec.gov/Archives/edgar/data/1006269/000114420418014926/0001144204-18-014926-index.htm,https://www.sec.gov/Archives/edgar/data/1006269/000114420418014926/tv488080_10k.htm,1620594574,17:09:34,20210509
13,2017-09-30,LORL,USD,2017-11-14,2017-11-14 16:20:15,Q3,259263000.0,0.0,259263000.0,2905000.0,0.0,331000.0,262948000,0.0,0.0,0.0,0.0,24117000.0,101567000.0,365000.0,126049000,0.0,388997000,0.0,0.0,0.0,0.0,0.0,47434000.0,0.0,0.0,70727000.0,323000.0,87907000,0.0,135341000,311000.0,-728000000.0,-29000000.0,0.0,253656000,388997000,24117000.0,0.0,-259263000.0,https://www.sec.gov/Archives/edgar/data/1006269/000114420417059041/0001144204-17-059041-index.htm,https://www.sec.gov/Archives/edgar/data/1006269/000114420417059041/v476592_10q.htm,1620594574,17:09:34,20210509
14,2017-06-30,LORL,USD,2017-08-08,2017-08-08 16:13:13,Q2,262483000.0,0.0,262483000.0,2819000.0,0.0,628000.0,266530000,0.0,0.0,0.0,0.0,0.0,109884000.0,28000.0,109912000,0.0,376442000,0.0,0.0,0.0,0.0,0.0,46612000.0,0.0,0.0,70023000.0,331000.0,88355000,0.0,134967000,311000.0,-752537000.0,-17000000.0,0.0,241475000,376442000,0.0,0.0,-262483000.0,https://www.sec.gov/Archives/edgar/data/1006269/000114420417041214/0001144204-17-041214-index.htm,https://www.sec.gov/Archives/edgar/data/1006269/000114420417041214/v471126_10q.htm,1620594574,17:09:34,20210509
15,2017-03-31,LORL,USD,2017-05-09,2017-05-08 18:38:34,Q1,273797000.0,0.0,273797000.0,2815000.0,0.0,367000.0,277616000,0.0,0.0,0.0,0.0,0.0,109505000.0,43000.0,109548000,0.0,387164000,0.0,0.0,0.0,0.0,0.0,55549000.0,0.0,0.0,69333000.0,576000.0,88142000,0.0,143691000,311000.0,-750360000.0,-17000000.0,0.0,243473000,387164000,0.0,0.0,-273797000.0,https://www.sec.gov/Archives/edgar/data/1006269/000114420417025362/0001144204-17-025362-index.htm,https://www.sec.gov/Archives/edgar/data/1006269/000114420417025362/v464497_10q.htm,1620594574,17:09:34,20210509
16,2016-12-31,LORL,USD,2017-03-07,2017-03-06 18:16:42,Q4,37458000.0,0.0,37458000.0,3180000.0,0.0,111000.0,40941000,0.0,0.0,0.0,0.0,107950000.0,115285000.0,55000.0,223290000,0.0,264231000,0.0,0.0,0.0,0.0,2801000.0,6128000.0,0.0,0.0,68664000.0,595000.0,87692000,0.0,93820000,311000.0,-826460000.0,-14000000.0,0.0,170411000,264231000,107950000.0,0.0,-37458000.0,https://www.sec.gov/Archives/edgar/data/1006269/000114420417013033/0001144204-17-013033-index.htm,https://www.sec.gov/Archives/edgar/data/1006269/000114420417013033/v457711_10k.htm,1620594574,17:09:34,20210509
17,2016-09-30,LORL,USD,2016-11-04,2016-11-04 16:11:12,Q3,42701000.0,0.0,42701000.0,2456000.0,0.0,97000.0,45699000,0.0,0.0,0.0,0.0,114321000.0,117333000.0,68000.0,231722000,0.0,277421000,0.0,0.0,0.0,0.0,5548000.0,8686000.0,0.0,0.0,71670000.0,1205000.0,89610000,0.0,98296000,311000.0,-814314000.0,-17000000.0,0.0,179125000,277421000,114321000.0,0.0,-42701000.0,https://www.sec.gov/Archives/edgar/data/1006269/000114420416131730/0001144204-16-131730-index.htm,https://www.sec.gov/Archives/edgar/data/1006269/000114420416131730/v451018_10q.htm,1620594574,17:09:34,20210509
18,2016-06-30,LORL,USD,2016-08-09,2016-08-08 21:36:14,Q2,47651000.0,0.0,47651000.0,2471000.0,0.0,88000.0,50753000,0.0,0.0,0.0,0.0,104793000.0,126194000.0,82000.0,231069000,0.0,281822000,0.0,0.0,0.0,0.0,8239000.0,10856000.0,0.0,0.0,0.0,71860000.0,89662000,0.0,100518000,311000.0,-810422000.0,-19000000.0,0.0,181304000,281822000,104793000.0,0.0,-47651000.0,https://www.sec.gov/Archives/edgar/data/1006269/000114420416117404/0001144204-16-117404-index.htm,https://www.sec.gov/Archives/edgar/data/1006269/000114420416117404/v445575_10q.htm,1620594574,17:09:34,20210509
19,2016-03-31,LORL,USD,2016-05-06,2016-05-06 16:14:02,Q1,51670000.0,0.0,51670000.0,3022000.0,0.0,135000.0,55474000,0.0,0.0,0.0,0.0,60942000.0,127284000.0,96000.0,188322000,0.0,243796000,0.0,0.0,0.0,0.0,10878000.0,13119000.0,0.0,0.0,70022000.0,1286000.0,89254000,0.0,102373000,311000.0,-849886000.0,-20000000.0,0.0,141423000,243796000,60942000.0,0.0,-51670000.0,https://www.sec.gov/Archives/edgar/data/1006269/000114420416099603/0001144204-16-099603-index.htm,https://www.sec.gov/Archives/edgar/data/1006269/000114420416099603/v437374_10q.htm,1620594574,17:09:34,20210509
20,2015-12-31,LORL,USD,2016-02-29,2016-02-29 09:20:43,Q4,58853000.0,0.0,58853000.0,0.0,0.0,2979000.0,61832000,0.0,0.0,0.0,0.0,0.0,152676000.0,110000.0,152786000,0.0,214618000,0.0,0.0,0.0,0.0,10714000.0,14431000.0,0.0,0.0,69511000.0,4067000.0,91697000,0.0,106128000,311000.0,-873660000.0,-29000000.0,0.0,108490000,214618000,0.0,0.0,-58853000.0,https://www.sec.gov/Archives/edgar/data/1006269/000114420416084790/0001144204-16-084790-index.htm,https://www.sec.gov/Archives/edgar/data/1006269/000114420416084790/v429664_10k.htm,1620594574,17:09:34,20210509
21,2015-09-30,LORL,USD,2015-11-09,2015-11-09 16:15:54,Q3,62148000.0,0.0,62148000.0,2464000.0,0.0,1889000.0,66501000,0.0,0.0,0.0,0.0,14559000.0,145994000.0,126000.0,160679000,0.0,227180000,0.0,0.0,0.0,0.0,10929000.0,14186000.0,0.0,0.0,77917000.0,6685000.0,102517000,0.0,116703000,311000.0,-871775000.0,-29000000.0,0.0,110477000,227180000,14559000.0,0.0,-62148000.0,https://www.sec.gov/Archives/edgar/data/1006269/000114420415063755/0001144204-15-063755-index.htm,https://www.sec.gov/Archives/edgar/data/1006269/000114420415063755/v421676_10q.htm,1620594574,17:09:34,20210509
22,2015-06-30,LORL,USD,2015-08-07,2015-08-07 16:09:10,Q2,69252000.0,0.0,69252000.0,0.0,0.0,2246000.0,71498000,0.0,0.0,0.0,0.0,54352000.0,108732000.0,65000.0,163149000,0.0,234647000,0.0,0.0,0.0,0.0,10534000.0,15247000.0,0.0,0.0,78014000.0,9340000.0,106557000,0.0,121804000,311000.0,-868220000.0,-28000000.0,0.0,112843000,234647000,54352000.0,0.0,-69252000.0,https://www.sec.gov/Archives/edgar/data/1006269/000114420415047322/0001144204-15-047322-index.htm,https://www.sec.gov/Archives/edgar/data/1006269/000114420415047322/v413173_10q.htm,1620594574,17:09:34,20210509
23,2015-03-31,LORL,USD,2015-05-08,2015-05-08 16:07:18,Q1,75750000.0,0.0,75750000.0,0.0,0.0,2205000.0,77955000,0.0,0.0,0.0,0.0,27947000.0,110773000.0,39000.0,138759000,0.0,216714000,0.0,0.0,0.0,0.0,11653000.0,14590000.0,0.0,0.0,77126000.0,11953000.0,108892000,0.0,123482000,311000.0,-886020000.0,-29000000.0,0.0,93232000,216714000,27947000.0,0.0,-75750000.0,https://www.sec.gov/Archives/edgar/data/1006269/000114420415028790/0001144204-15-028790-index.htm,https://www.sec.gov/Archives/edgar/data/1006269/000114420415028790/v406568_10q.htm,1620594574,17:09:34,20210509
24,2014-12-31,LORL,USD,2015-03-02,2015-03-02 16:16:12,Q4,51433000.0,0.0,51433000.0,33678000.0,0.0,1775000.0,86886000,0.0,0.0,0.0,0.0,104792000.0,112898000.0,50000.0,217740000,0.0,304626000,0.0,0.0,0.0,0.0,10081000.0,15724000.0,0.0,0.0,77948000.0,14521000.0,113262000,0.0,128986000,311000.0,-803378000.0,-29000000.0,0.0,175640000,304626000,104792000.0,0.0,-51433000.0,https://www.sec.gov/Archives/edgar/data/1006269/000114420415013290/0001144204-15-013290-index.htm,https://www.sec.gov/Archives/edgar/data/1006269/000114420415013290/v403256_10k.htm,1620594574,17:09:34,20210509
25,2014-09-30,LORL,USD,2014-11-05,2014-11-05 16:23:02,Q3,44265000.0,0.0,44265000.0,44295000.0,0.0,5636000.0,94196000,0.0,0.0,0.0,0.0,158583000.0,77999000.0,60000.0,236642000,0.0,330838000,0.0,0.0,0.0,0.0,2280000.0,13344000.0,0.0,0.0,84234000.0,1524000.0,99272000,0.0,112616000,311000.0,-771693000.0,-18000000.0,0.0,218222000,330838000,158583000.0,0.0,-44265000.0,https://www.sec.gov/Archives/edgar/data/1006269/000114420414065305/0001144204-14-065305-index.htm,https://www.sec.gov/Archives/edgar/data/1006269/000114420414065305/v393244_10q.htm,1620594574,17:09:34,20210509
26,2014-06-30,LORL,USD,2014-08-06,2014-08-06 16:56:09,Q2,74125000.0,0.0,74125000.0,46536000.0,0.0,998000.0,121659000,0.0,0.0,0.0,0.0,175532000.0,74791000.0,71000.0,250394000,0.0,372053000,0.0,0.0,0.0,0.0,4236000.0,15441000.0,0.0,0.0,82782000.0,11093000.0,109321000,0.0,124762000,311000.0,-739373000.0,-20000000.0,0.0,247291000,372053000,175532000.0,0.0,-74125000.0,https://www.sec.gov/Archives/edgar/data/1006269/000114420414047403/0001144204-14-047403-index.htm,https://www.sec.gov/Archives/edgar/data/1006269/000114420414047403/v385704_10q.htm,1620594574,17:09:34,20210509
27,2014-03-31,LORL,USD,2014-05-12,2014-05-12 16:10:13,Q1,73624000.0,0.0,73624000.0,46797000.0,0.0,6546000.0,126967000,0.0,0.0,0.0,0.0,110814000.0,84816000.0,80000.0,195710000,0.0,322677000,0.0,0.0,0.0,0.0,6459000.0,17400000.0,0.0,0.0,83371000.0,11805000.0,111429000,0.0,128829000,311000.0,-792374000.0,-20000000.0,0.0,193848000,322677000,110814000.0,0.0,-73624000.0,https://www.sec.gov/Archives/edgar/data/1006269/000114420414029546/0001144204-14-029546-index.htm,https://www.sec.gov/Archives/edgar/data/1006269/000114420414029546/v378086_10q.htm,1620594574,17:09:34,20210509
28,2013-12-31,LORL,USD,2014-03-03,2014-03-03 16:13:44,Q4,5926000.0,0.0,5926000.0,80567000.0,0.0,568000.0,90845000,0.0,0.0,0.0,0.0,116820000.0,83708000.0,2700000.0,236895000,0.0,327740000,0.0,0.0,0.0,0.0,8622000.0,9710000.0,0.0,0.0,84595000.0,8522000.0,110120000,0.0,119830000,311000.0,-777549000.0,-21000000.0,0.0,207910000,327740000,116820000.0,0.0,-5926000.0,https://www.sec.gov/Archives/edgar/data/1006269/000114420414012911/0001144204-14-012911-index.htm,https://www.sec.gov/Archives/edgar/data/1006269/000114420414012911/v370282_10k.htm,1620594574,17:09:34,20210509
29,2013-09-30,LORL,USD,2013-11-12,2013-11-12 10:31:10,Q3,23997000.0,0.0,23997000.0,78910000.0,0.0,767000.0,116051000,92000.0,0.0,0.0,0.0,91565000.0,93468000.0,2612000.0,229725000,0.0,345776000,0.0,0.0,0.0,0.0,7366000.0,28646000.0,0.0,0.0,79650000.0,17970000.0,121723000,0.0,150369000,311000.0,-779886000.0,-35000000.0,0.0,195407000,345776000,91565000.0,0.0,-23997000.0,https://www.sec.gov/Archives/edgar/data/1006269/000114420413060308/0001144204-13-060308-index.htm,https://www.sec.gov/Archives/edgar/data/1006269/000114420413060308/v359757_10q.htm,1620594574,17:09:34,20210509
30,2013-06-30,LORL,USD,2013-08-08,2013-08-08 14:32:03,Q2,30369000.0,0.0,30369000.0,67333000.0,0.0,1891000.0,112104000,46000.0,0.0,0.0,0.0,59018000.0,97333000.0,2612000.0,206001000,0.0,318105000,0.0,0.0,0.0,0.0,8071000.0,29877000.0,0.0,0.0,81403000.0,18222000.0,123827000,0.0,153704000,311000.0,-815481000.0,-36000000.0,0.0,164401000,318105000,59018000.0,0.0,-30369000.0,https://www.sec.gov/Archives/edgar/data/1006269/000114420413043902/0001144204-13-043902-index.htm,https://www.sec.gov/Archives/edgar/data/1006269/000114420413043902/v352142_10q.htm,1620594574,17:09:34,20210509
31,2013-03-31,LORL,USD,2013-05-09,2013-05-09 17:05:24,Q1,43966000.0,0.0,43966000.0,69855000.0,0.0,3546000.0,131178000,41000.0,0.0,0.0,0.0,60754000.0,104835000.0,2612000.0,201909000,0.0,333087000,0.0,0.0,0.0,0.0,11232000.0,35841000.0,0.0,0.0,81179000.0,18389000.0,122614000,0.0,158455000,309000.0,-807592000.0,-36000000.0,0.0,174632000,333087000,60754000.0,0.0,-43966000.0,https://www.sec.gov/Archives/edgar/data/1006269/000114420413027481/0001144204-13-027481-index.htm,https://www.sec.gov/Archives/edgar/data/1006269/000114420413027481/v344352_10q.htm,1620594574,17:09:34,20210509
32,2012-12-31,LORL,USD,2013-03-01,2013-03-01 16:32:12,Q4,87370000.0,0.0,87370000.0,34917000.0,0.0,2655000.0,129107000,42000.0,0.0,0.0,0.0,62517000.0,117381000.0,2612000.0,249885000,0.0,378992000,0.0,0.0,0.0,0.0,32089000.0,71516000.0,0.0,0.0,0.0,95841000.0,121015000,0.0,192531000,309000.0,-794128000.0,-37000000.0,0.0,186461000,378992000,62517000.0,0.0,-87370000.0,https://www.sec.gov/Archives/edgar/data/1006269/000114420413012427/0001144204-13-012427-index.htm,https://www.sec.gov/Archives/edgar/data/1006269/000114420413012427/v336370_10k.htm,1620594574,17:09:34,20210509
33,2012-09-30,LORL,USD,2012-11-14,2012-11-14 16:07:25,Q3,53932000.0,0.0,53932000.0,23953000.0,0.0,4177000.0,1194086000,46000.0,0.0,0.0,0.0,64000000.0,144215000.0,2613000.0,210787000,0.0,1404873000,0.0,0.0,0.0,0.0,662542000.0,672031000.0,0.0,0.0,0.0,93191000.0,128017000,0.0,800048000,309000.0,-250561000.0,-147000000.0,0.0,603929000,1403977000,0.0,0.0,-53932000.0,https://www.sec.gov/Archives/edgar/data/1006269/000119312512470579/0001193125-12-470579-index.htm,https://www.sec.gov/Archives/edgar/data/1006269/000119312512470579/d405751d10q.htm,1620594574,17:09:34,20210509
34,2012-06-30,LORL,USD,2012-08-09,2012-08-09 17:23:12,Q2,37465000.0,0.0,37465000.0,0.0,0.0,5438000.0,1206259000,63000.0,0.0,0.0,0.0,65982000.0,162006000.0,2612000.0,252974000,0.0,1459233000,0.0,0.0,0.0,0.0,740383000.0,744202000.0,0.0,0.0,0.0,146193000.0,181925000,0.0,926127000,309000.0,-320450000.0,-149000000.0,0.0,531996000,1458123000,0.0,0.0,-37465000.0,https://www.sec.gov/Archives/edgar/data/1006269/000119312512347995/0001193125-12-347995-index.htm,https://www.sec.gov/Archives/edgar/data/1006269/000119312512347995/d365377d10q.htm,1620594574,17:09:34,20210509
35,2012-03-31,LORL,USD,2012-05-09,2012-05-09 17:10:19,Q1,509278000.0,0.0,509278000.0,198479000.0,84210000.0,14467000.0,873504000,206398000.0,0.0,7446000.0,7446000.0,78000000.0,255497000.0,86015000.0,1000518000,0.0,1874022000,111880000.0,0.0,0.0,0.0,21904000.0,856820000.0,0.0,0.0,0.0,173271000.0,481398000,0.0,1338218000,308000.0,-315672000.0,-152000000.0,0.0,534691000,1872909000,0.0,0.0,-509278000.0,https://www.sec.gov/Archives/edgar/data/1006269/000119312512222397/0001193125-12-222397-index.htm,https://www.sec.gov/Archives/edgar/data/1006269/000119312512222397/d328449d10q.htm,1620594574,17:09:34,20210509
36,2011-12-31,LORL,USD,2012-02-29,2012-02-28 21:57:41,Q4,197114000.0,0.0,197114000.0,159261000.0,77301000.0,15038000.0,515784000,203722000.0,0.0,0.0,8179000.0,446000000.0,263363000.0,36182000.0,1320369000,0.0,1836153000,90323000.0,0.0,0.0,0.0,25265000.0,402970000.0,0.0,0.0,0.0,174325000.0,485598000,0.0,888568000,307000.0,94303000.0,-154000000.0,0.0,946459000,1835027000,0.0,0.0,-197114000.0,https://www.sec.gov/Archives/edgar/data/1006269/000119312512086547/0001193125-12-086547-index.htm,https://www.sec.gov/Archives/edgar/data/1006269/000119312512086547/d267078d10k.htm,1620594574,17:09:34,20210509
37,2011-09-30,LORL,USD,2011-11-09,2011-11-09 16:56:16,Q3,239270000.0,0.0,239270000.0,233406000.0,86186000.0,18158000.0,643240000,198468000.0,0.0,0.0,8911000.0,340000000.0,258968000.0,24368000.0,1177344000,0.0,1820584000,91516000.0,0.0,0.0,0.0,23055000.0,507609000.0,0.0,0.0,0.0,178006000.0,407214000,0.0,914823000,307000.0,-12590000.0,-97000000.0,0.0,904793000,1819616000,0.0,0.0,-239270000.0,https://www.sec.gov/Archives/edgar/data/1006269/000095012311097090/0000950123-11-097090-index.htm,https://www.sec.gov/Archives/edgar/data/1006269/000095012311097090/c24154e10vq.htm,1620594574,17:09:34,20210509
38,2011-06-30,LORL,USD,2011-08-09,2011-08-09 16:23:52,Q2,180809000.0,0.0,180809000.0,266788000.0,85018000.0,27611000.0,626446000,192641000.0,0.0,0.0,9644000.0,421739000.0,266882000.0,25063000.0,1252342000,0.0,1878788000,84345000.0,0.0,0.0,0.0,29582000.0,491742000.0,0.0,0.0,0.0,168168000.0,408189000,0.0,899931000,307000.0,64778000.0,-101000000.0,0.0,977959000,1877890000,0.0,0.0,-180809000.0,https://www.sec.gov/Archives/edgar/data/1006269/000095012311075108/0000950123-11-075108-index.htm,https://www.sec.gov/Archives/edgar/data/1006269/000095012311075108/c18523e10vq.htm,1620594574,17:09:34,20210509
39,2011-03-31,LORL,USD,2011-05-09,2011-05-09 17:15:55,Q1,106512000.0,0.0,106512000.0,285421000.0,83569000.0,19520000.0,609038000,188402000.0,0.0,0.0,10378000.0,406000000.0,281861000.0,24379000.0,1244617000,0.0,1853655000,104484000.0,0.0,0.0,0.0,35630000.0,498550000.0,0.0,0.0,0.0,164846000.0,408007000,0.0,906557000,307000.0,35445000.0,-103000000.0,0.0,946493000,1853050000,0.0,0.0,-106512000.0,https://www.sec.gov/Archives/edgar/data/1006269/000095012311047514/0000950123-11-047514-index.htm,https://www.sec.gov/Archives/edgar/data/1006269/000095012311047514/c16685e10vq.htm,1620594574,17:09:34,20210509
40,2010-12-31,LORL,USD,2011-03-15,2011-03-15 17:31:13,Q4,165801000.0,0.0,165801000.0,186896000.0,71233000.0,28927000.0,519077000,235905000.0,0.0,0.0,11110000.0,363000000.0,294019000.0,12816000.0,1235832000,0.0,1754909000,95952000.0,0.0,0.0,0.0,30375000.0,439947000.0,0.0,0.0,0.0,169196000.0,414013000,0.0,853960000,304000.0,-32374000.0,-96000000.0,0.0,900320000,1754280000,0.0,0.0,-165801000.0,https://www.sec.gov/Archives/edgar/data/1006269/000095012311025650/0000950123-11-025650-index.htm,https://www.sec.gov/Archives/edgar/data/1006269/000095012311025650/c14080e10vk.htm,1620594574,17:09:34,20210509
41,2010-09-30,LORL,USD,2010-11-04,2010-11-04 17:31:31,Q3,174429000.0,0.0,174429000.0,0.0,72002000.0,257753000.0,504184000,228520000.0,0.0,11843000.0,11843000.0,323000000.0,0.0,16254000.0,881184000,0.0,1385368000,94259000.0,0.0,0.0,0.0,30573000.0,496394000.0,168899000.0,0.0,0.0,0.0,388057000,0.0,884451000,302000.0,-437120000.0,-87000000.0,0.0,500917000,1385368000,0.0,168899000.0,-5530000.0,https://www.sec.gov/Archives/edgar/data/1006269/000095012310101061/0000950123-10-101061-index.htm,https://www.sec.gov/Archives/edgar/data/1006269/000095012310101061/c07732e10vq.htm,1620594574,17:09:34,20210509
42,2010-06-30,LORL,USD,2010-08-09,2010-08-09 17:08:43,Q2,141665000.0,0.0,141665000.0,242862000.0,74109000.0,29972000.0,488608000,223168000.0,0.0,0.0,14662000.0,282009000.0,0.0,26359000.0,828053000,0.0,1316661000,95486000.0,0.0,0.0,0.0,19058000.0,483463000.0,0.0,0.0,0.0,156816000.0,381170000,0.0,864633000,302000.0,-509512000.0,-62000000.0,0.0,452028000,1316661000,0.0,0.0,-141665000.0,https://www.sec.gov/Archives/edgar/data/1006269/000136231010000026/0001362310-10-000026-index.htm,https://www.sec.gov/Archives/edgar/data/1006269/000136231010000026/c04362e10vq.htm,1620594574,17:09:34,20210509
43,2010-03-31,LORL,USD,2010-05-10,2010-05-10 16:56:38,Q1,142228000.0,0.0,142228000.0,203931000.0,82144000.0,26986000.0,455289000,211821000.0,0.0,17481000.0,17481000.0,326296000.0,0.0,25638000.0,845525000,0.0,1300814000,95744000.0,0.0,0.0,291290000.0,29891000.0,456412000.0,0.0,0.0,0.0,154735000.0,380532000,0.0,836944000,299000.0,-489847000.0,-61000000.0,0.0,463870000,1300814000,326296000.0,0.0,-142228000.0,https://www.sec.gov/Archives/edgar/data/1006269/000095012310047280/0000950123-10-047280-index.htm,https://www.sec.gov/Archives/edgar/data/1006269/000095012310047280/c00428e10vq.htm,1620594574,17:09:34,20210509
44,2009-12-31,LORL,USD,2010-03-15,2010-03-15 16:25:36,Q4,168205000.0,0.0,168205000.0,190809000.0,83671000.0,24343000.0,467028000,207996000.0,0.0,0.0,20300000.0,282033000.0,0.0,27998000.0,786424000,0.0,1253452000,86809000.0,0.0,0.0,0.0,17608000.0,441318000.0,0.0,0.0,0.0,153953000.0,380143000,0.0,821461000,299000.0,-519220000.0,-63000000.0,0.0,431991000,1253452000,0.0,0.0,-168205000.0,https://www.sec.gov/Archives/edgar/data/1006269/000095012310024702/0000950123-10-024702-index.htm,https://www.sec.gov/Archives/edgar/data/1006269/000095012310024702/c97441e10vk.htm,1620594574,17:09:34,20210509
45,2009-09-30,LORL,USD,2009-11-09,2009-11-09 16:44:24,Q3,173417000.0,0.0,173417000.0,0.0,92749000.0,244185000.0,510351000,202243000.0,0.0,23120000.0,23120000.0,252000000.0,0.0,19439000.0,728413000,0.0,1238764000,99599000.0,0.0,0.0,0.0,17567000.0,471603000.0,159995000.0,0.0,0.0,0.0,388406000,0.0,860009000,298000.0,-579031000.0,-54000000.0,0.0,378755000,1238764000,0.0,159995000.0,-13422000.0,https://www.sec.gov/Archives/edgar/data/1006269/000095012309060231/0000950123-09-060231-index.htm,https://www.sec.gov/Archives/edgar/data/1006269/000095012309060231/c92187e10vq.htm,1620594574,17:09:34,20210509
46,2009-06-30,LORL,USD,2009-08-10,2009-08-10 16:48:59,Q2,103574000.0,0.0,103574000.0,199881000.0,98669000.0,33878000.0,436002000,198686000.0,0.0,0.0,25939000.0,160000000.0,0.0,20607000.0,621608000,0.0,1057610000,106751000.0,0.0,0.0,0.0,15941000.0,395949000.0,0.0,0.0,0.0,156947000.0,386415000,0.0,782364000,298000.0,-687455000.0,-48000000.0,0.0,275246000,1057610000,0.0,0.0,-103574000.0,https://www.sec.gov/Archives/edgar/data/1006269/000095012309032977/0000950123-09-032977-index.htm,https://www.sec.gov/Archives/edgar/data/1006269/000095012309032977/y78696e10vq.htm,1620594574,17:09:34,20210509
47,2009-03-31,LORL,USD,2009-05-11,2009-05-11 17:06:10,Q1,108961000.0,0.0,108961000.0,170825000.0,108984000.0,40741000.0,429511000,196127000.0,0.0,0.0,28758000.0,74000000.0,0.0,23999000.0,524230000,0.0,953741000,70451000.0,0.0,0.0,0.0,17908000.0,365505000.0,153419000.0,0.0,0.0,0.0,383659000,0.0,749164000,298000.0,-761750000.0,-43000000.0,0.0,204577000,953741000,0.0,153419000.0,44458000.0,https://www.sec.gov/Archives/edgar/data/1006269/000095012309008555/0000950123-09-008555-index.htm,https://www.sec.gov/Archives/edgar/data/1006269/000095012309008555/y77027e10vq.htm,1620594574,17:09:34,20210509
48,2008-12-31,LORL,USD,2009-03-16,2009-03-16 17:18:14,Q4,117548000.0,0.0,117548000.0,0.0,109755000.0,267247000.0,495240000,188270000.0,0.0,31578000.0,31578000.0,73000000.0,0.0,280779000.0,500627000,0.0,995867000,91052000.0,0.0,0.0,0.0,216296000.0,349374000.0,55000000.0,0.0,0.0,381836000.0,436836000,0.0,786210000,298000.0,-750922000.0,-47000000.0,0.0,209657000,995867000,0.0,55000000.0,-62548000.0,https://www.sec.gov/Archives/edgar/data/1006269/000095012309004762/0000950123-09-004762-index.htm,https://www.sec.gov/Archives/edgar/data/1006269/000095012309004762/y75162e10vk.htm,1620594574,17:09:34,20210509
49,2008-09-30,LORL,USD,2008-11-10,2008-11-10 17:07:14,Q3,99811000.0,0.0,99811000.0,0.0,105277000.0,273656000.0,497521000,176559000.0,188454000.0,34396000.0,222850000.0,464000000.0,0.0,643435000.0,1042844000,0.0,1540365000,69131000.0,0.0,0.0,0.0,262241000.0,375727000.0,0.0,0.0,0.0,0.0,245985000,0.0,621712000,203000.0,-115732000.0,40000000.0,0.0,918653000,1540365000,0.0,0.0,-99811000.0,https://www.sec.gov/Archives/edgar/data/1006269/000095012308014937/0000950123-08-014937-index.htm,https://www.sec.gov/Archives/edgar/data/1006269/000095012308014937/y72473e10vq.htm,1620594574,17:09:34,20210509
50,2008-06-30,LORL,USD,2008-08-11,2008-08-11 16:39:45,Q2,135064000.0,0.0,135064000.0,58295000.0,247889000.0,40441000.0,494694000,165723000.0,226437000.0,37216000.0,263653000.0,504000000.0,0.0,669095000.0,1098471000,0.0,1593165000,68144000.0,0.0,0.0,0.0,249203000.0,359773000.0,0.0,0.0,0.0,0.0,277378000,0.0,637151000,203000.0,-65293000.0,35000000.0,0.0,956014000,1593165000,0.0,0.0,-135064000.0,https://www.sec.gov/Archives/edgar/data/1006269/000095012308009304/0000950123-08-009304-index.htm,https://www.sec.gov/Archives/edgar/data/1006269/000095012308009304/y65128e10vq.htm,1620594574,17:09:34,20210509
51,2008-03-31,LORL,USD,2008-05-19,2008-04-29 17:31:13,Q1,203656000.0,0.0,203656000.0,0.0,254399000.0,47905000.0,518905000,156540000.0,227058000.0,40035000.0,267093000.0,501000000.0,0.0,647684000.0,1071317000,0.0,1590222000,75995000.0,0.0,0.0,0.0,287194000.0,401956000.0,0.0,0.0,0.0,0.0,285608000,0.0,687564000,203000.0,-111144000.0,35000000.0,0.0,902658000,1590222000,0.0,0.0,-203656000.0,https://www.sec.gov/Archives/edgar/data/1006269/000095012308005865/0000950123-08-005865-index.htm,https://www.sec.gov/Archives/edgar/data/1006269/000095012308005865/y58614e10vq.htm,1620594574,17:09:34,20210509
52,2007-12-31,LORL,USD,2008-04-29,2008-04-29 17:31:13,Q4,314694000.0,0.0,314694000.0,0.0,96968000.0,158226000.0,569888000,147828000.0,227058000.0,42854000.0,269912000.0,566000000.0,0.0,715311000.0,1133051000,0.0,1702939000,69205000.0,0.0,0.0,0.0,322705000.0,439779000.0,0.0,0.0,0.0,0.0,289602000,0.0,729381000,203000.0,-33939000.0,37000000.0,0.0,973558000,1702939000,0.0,0.0,-314694000.0,https://www.sec.gov/Archives/edgar/data/1006269/000095012308004856/0000950123-08-004856-index.htm,https://www.sec.gov/Archives/edgar/data/1006269/000095012308004856/y52600e10vk.htm,1620594574,17:09:34,20210509
53,2007-09-30,LORL,USD,2007-11-09,2007-11-09 17:02:08,Q3,319878000.0,22085000.0,341963000.0,13269000.0,86359000.0,265789000.0,870987000,582472000.0,266254000.0,96786000.0,363040000.0,90000000.0,0.0,230280000.0,1175792000,0.0,2046779000,76543000.0,141050000.0,0.0,0.0,245975000.0,515596000.0,0.0,0.0,0.0,336995000.0,336995000,0.0,852591000,203000.0,-27989000.0,32000000.0,0.0,956589000,1809180000,112085000.0,141050000.0,-178828000.0,https://www.sec.gov/Archives/edgar/data/1006269/000095012307015259/0000950123-07-015259-index.htm,https://www.sec.gov/Archives/edgar/data/1006269/000095012307015259/y42235e10vq.htm,1620594574,17:09:34,20210509
54,2007-06-30,LORL,USD,2007-08-09,2007-08-09 16:51:48,Q2,421618000.0,104720000.0,526338000.0,122661000.0,92762000.0,122450000.0,864211000,578049000.0,288472000.0,0.0,288472000.0,92000000.0,0.0,325200000.0,1191721000,0.0,2055932000,73133000.0,0.0,0.0,0.0,293679000.0,429637000.0,128024000.0,0.0,0.0,341051000.0,469075000,0.0,898712000,203000.0,-48148000.0,35000000.0,0.0,931877000,1830589000,196720000.0,232744000.0,-188874000.0,https://www.sec.gov/Archives/edgar/data/1006269/000095012307011197/0000950123-07-011197-index.htm,https://www.sec.gov/Archives/edgar/data/1006269/000095012307011197/y38163e10vq.htm,1620594574,17:09:34,20210509
55,2007-03-31,LORL,USD,2007-05-10,2007-05-10 15:46:57,Q1,390345000.0,116540000.0,506885000.0,141414000.0,93036000.0,55909000.0,797244000,562535000.0,312861000.0,0.0,312861000.0,95000000.0,0.0,319591000.0,1194987000,0.0,1992231000,325409000.0,0.0,0.0,0.0,26911000.0,397427000.0,128054000.0,0.0,0.0,335665000.0,463719000,0.0,861146000,201000.0,-63106000.0,37000000.0,0.0,905468000,1766614000,211540000.0,244594000.0,-145751000.0,https://www.sec.gov/Archives/edgar/data/1006269/000095012307007207/0000950123-07-007207-index.htm,https://www.sec.gov/Archives/edgar/data/1006269/000095012307007207/y34628e10vq.htm,1620594574,17:09:34,20210509
56,2006-12-31,LORL,USD,2007-03-15,2007-03-15 17:25:19,Q4,186542000.0,106588000.0,293130000.0,116853000.0,82183000.0,55534000.0,547700000,558879000.0,305691000.0,0.0,305691000.0,97000000.0,0.0,317641000.0,1182211000,0.0,1729911000,310265000.0,0.0,0.0,0.0,45395000.0,419554000.0,128084000.0,0.0,0.0,321015000.0,449099000,0.0,868653000,200000.0,-37981000.0,40000000.0,0.0,647002000,1515655000,203588000.0,234672000.0,48130000.0,https://www.sec.gov/Archives/edgar/data/1006269/000095012307003927/0000950123-07-003927-index.htm,https://www.sec.gov/Archives/edgar/data/1006269/000095012307003927/y31806e10vk.htm,1620594574,17:09:34,20210509
57,2006-09-30,LORL,USD,2006-11-13,2006-11-13 16:34:19,Q3,202751000.0,118656000.0,321407000.0,129209000.0,65485000.0,38999000.0,555100000,512904000.0,346283000.0,0.0,346283000.0,99000000.0,0.0,308919000.0,1168106000,0.0,1723206000,329945000.0,0.0,0.0,0.0,31864000.0,403690000.0,128112000.0,0.0,0.0,373816000.0,501928000,0.0,905618000,200000.0,-41311000.0,-68740000.0,0.0,603332000,1508950000,217656000.0,246768000.0,44017000.0,https://www.sec.gov/Archives/edgar/data/1006269/000095012306014020/0000950123-06-014020-index.htm,https://www.sec.gov/Archives/edgar/data/1006269/000095012306014020/y27074e10vq.htm,1620594574,17:09:34,20210509
58,2006-06-30,LORL,USD,2006-08-07,2006-08-07 17:21:51,Q2,341934000.0,0.0,341934000.0,141290000.0,60089000.0,24087000.0,567400000,506712000.0,346283000.0,0.0,346283000.0,101000000.0,0.0,314451000.0,1167446000,0.0,1734846000,52559000.0,0.0,0.0,0.0,281790000.0,390644000.0,128139000.0,0.0,0.0,414626000.0,542765000,0.0,933409000,200000.0,-42496000.0,-51339000.0,0.0,601437000,1534846000,0.0,128139000.0,-213795000.0,https://www.sec.gov/Archives/edgar/data/1006269/000095012306010034/0000950123-06-010034-index.htm,https://www.sec.gov/Archives/edgar/data/1006269/000095012306010034/y23884e10vq.htm,1620594574,17:09:34,20210509
59,2006-03-31,LORL,USD,2006-05-09,2006-05-08 19:14:21,Q1,360911000.0,0.0,360911000.0,24758000.0,48972000.0,105517000.0,540158000,509654000.0,340094000.0,0.0,340094000.0,103000000.0,0.0,315286000.0,1165034000,0.0,1705192000,53426000.0,0.0,0.0,0.0,264073000.0,358808000.0,128166000.0,0.0,0.0,406271000.0,534437000,0.0,893245000,200000.0,-31101000.0,-34601000.0,0.0,611947000,1505192000,0.0,128166000.0,-232745000.0,https://www.sec.gov/Archives/edgar/data/1006269/000095012306005899/0000950123-06-005899-index.htm,https://www.sec.gov/Archives/edgar/data/1006269/000095012306005899/y20813e10vq.htm,1620594574,17:09:34,20210509
60,2005-12-31,LORL,USD,2006-03-28,2006-03-28 17:03:22,Q4,275796000.0,0.0,275796000.0,59347000.0,51871000.0,104650000.0,491664000,520503000.0,340094000.0,0.0,340094000.0,105000000.0,0.0,326716000.0,1187313000,0.0,1678977000,72594000.0,0.0,0.0,0.0,207496000.0,320248000.0,293617000.0,0.0,0.0,237948000.0,531565000,0.0,851813000,200000.0,-15261000.0,-17691000.0,0.0,627164000,1478977000,0.0,293617000.0,17821000.0,https://www.sec.gov/Archives/edgar/data/1006269/000095012306003801/0000950123-06-003801-index.htm,https://www.sec.gov/Archives/edgar/data/1006269/000095012306003801/y18173e10vk.htm,1620594574,17:09:34,20210509
61,2005-09-30,LORL,USD,2005-11-09,2005-11-09 16:40:05,Q3,198653000.0,0.0,198653000.0,14455000.0,45497000.0,132610000.0,391215000,536541000.0,0.0,0.0,0.0,54000000.0,0.0,51878000.0,709794000,0.0,1101009000,36142000.0,0.0,0.0,0.0,133804000.0,203891000.0,0.0,0.0,0.0,1998543000.0,1998543000,0.0,2202434000,4413000.0,-4407061000.0,-90000000.0,0.0,-1103679000,1098755000,0.0,0.0,-198653000.0,https://www.sec.gov/Archives/edgar/data/1006269/000095012305013366/0000950123-05-013366-index.htm,https://www.sec.gov/Archives/edgar/data/1006269/000095012305013366/y14403e10vq.htm,1620594574,17:09:34,20210509
62,2005-06-30,LORL,USD,2005-08-08,2005-08-08 17:38:30,Q2,176279000.0,0.0,176279000.0,12039000.0,38324000.0,72886000.0,299528000,623535000.0,0.0,0.0,0.0,55000000.0,0.0,43783000.0,821237000,0.0,1120765000,35411000.0,0.0,0.0,0.0,117904000.0,184820000.0,0.0,0.0,0.0,2010185000.0,2011962000,0.0,2196782000,4413000.0,-4381857000.0,-90000000.0,0.0,-1078354000,1118428000,0.0,0.0,-176279000.0,https://www.sec.gov/Archives/edgar/data/1006269/000095012305009578/0000950123-05-009578-index.htm,https://www.sec.gov/Archives/edgar/data/1006269/000095012305009578/y11521e10vq.htm,1620594574,17:09:34,20210509
63,2005-03-31,LORL,USD,2005-05-09,2005-05-09 17:29:27,Q1,77502000.0,0.0,77502000.0,11370000.0,35600000.0,84225000.0,208697000,776730000.0,0.0,0.0,0.0,56000000.0,0.0,56333000.0,970640000,0.0,1179337000,38996000.0,0.0,0.0,0.0,171680000.0,240127000.0,0.0,0.0,0.0,2005672000.0,2007449000,0.0,2247576000,4413000.0,-4374452000.0,-90000000.0,0.0,-1070605000,1176971000,0.0,0.0,-77502000.0,https://www.sec.gov/Archives/edgar/data/1006269/000095012305005922/0000950123-05-005922-index.htm,https://www.sec.gov/Archives/edgar/data/1006269/000095012305005922/y08776e10vq.htm,1620594574,17:09:34,20210509
64,2004-12-31,LORL,USD,2005-03-14,2005-03-14 15:11:55,Q4,147773000.0,0.0,147773000.0,12132000.0,37412000.0,40136000.0,237453000,798908000.0,0.0,0.0,0.0,0.0,0.0,58340000.0,981280000,0.0,1218733000,33248000.0,0.0,0.0,0.0,192165000.0,262157000.0,0.0,0.0,0.0,1997355000.0,1998297000,0.0,2260454000,4413000.0,-4348231000.0,0.0,0.0,-1044101000,1216353000,0.0,0.0,-147773000.0,https://www.sec.gov/Archives/edgar/data/1006269/000095012305003066/0000950123-05-003066-index.htm,https://www.sec.gov/Archives/edgar/data/1006269/000095012305003066/y064111e10vk.htm,1620594574,17:09:34,20210509
65,2004-09-30,LORL,USD,2004-11-09,2004-11-09 13:21:51,Q3,168923000.0,0.0,168923000.0,10926000.0,36155000.0,106511000.0,322515000,834487000.0,0.0,0.0,0.0,0.0,0.0,57440000.0,1030887000,0.0,1353402000,37031000.0,0.0,0.0,0.0,303865000.0,379558000.0,0.0,0.0,0.0,1935393000.0,1954039000,0.0,2333597000,4413000.0,-4305243000.0,0.0,0.0,-982610000,1350987000,0.0,0.0,-168923000.0,https://www.sec.gov/Archives/edgar/data/1006269/000095012304013264/0000950123-04-013264-index.htm,https://www.sec.gov/Archives/edgar/data/1006269/000095012304013264/y68295e10vq.htm,1620594574,17:09:34,20210509
66,2004-06-30,LORL,USD,2004-08-05,2004-08-05 17:37:37,Q2,186659000.0,0.0,186659000.0,13816000.0,38929000.0,70272000.0,309676000,929350000.0,0.0,0.0,0.0,0.0,0.0,62799000.0,1122447000,0.0,1432123000,32241000.0,0.0,0.0,0.0,375738000.0,442076000.0,0.0,0.0,0.0,1917850000.0,1938966000,0.0,2381042000,4413000.0,-4273841000.0,0.0,0.0,-951308000,1429734000,0.0,0.0,-186659000.0,https://www.sec.gov/Archives/edgar/data/1006269/000095012304009317/0000950123-04-009317-index.htm,https://www.sec.gov/Archives/edgar/data/1006269/000095012304009317/y99710e10vq.htm,1620594574,17:09:34,20210509
67,2004-03-31,LORL,USD,2004-05-10,2004-05-10 16:05:15,Q1,132234000.0,0.0,132234000.0,18142000.0,41255000.0,147214000.0,338845000,953958000.0,0.0,0.0,0.0,0.0,0.0,55020000.0,1135738000,0.0,1474583000,24922000.0,0.0,0.0,0.0,364467000.0,418239000.0,0.0,0.0,0.0,1975143000.0,1990965000,0.0,2409204000,4413000.0,-4251172000.0,0.0,0.0,-937049000,1472155000,0.0,0.0,-132234000.0,https://www.sec.gov/Archives/edgar/data/1006269/000095012304006061/0000950123-04-006061-index.htm,https://www.sec.gov/Archives/edgar/data/1006269/000095012304006061/y97109e10vq.htm,1620594574,17:09:34,20210509
68,2003-12-31,LORL,USD,2004-03-15,2004-03-15 17:19:08,Q4,141644000.0,0.0,141644000.0,145739000.0,42456000.0,98067000.0,427906000,1828282000.0,0.0,0.0,0.0,0.0,0.0,73130000.0,2027835000,0.0,2455741000,50656000.0,0.0,0.0,0.0,131536000.0,205993000.0,0.0,0.0,0.0,3091920000.0,3102903000,0.0,3308896000,4413000.0,-4171536000.0,0.0,0.0,-855670000,2453226000,0.0,0.0,-141644000.0,https://www.sec.gov/Archives/edgar/data/1006269/000095012304003337/0000950123-04-003337-index.htm,https://www.sec.gov/Archives/edgar/data/1006269/000095012304003337/y94860e10vk.htm,1620594574,17:09:34,20210509
69,2003-09-30,LORL,USD,2003-11-14,2003-11-14 16:02:28,Q3,102805000.0,0.0,102805000.0,144765000.0,61384000.0,117862000.0,426816000,1797795000.0,0.0,0.0,0.0,0.0,0.0,84540000.0,2027379000,0.0,2454195000,16882000.0,0.0,0.0,0.0,48184000.0,79261000.0,0.0,0.0,0.0,3075611000.0,3078293000,0.0,3157554000,4413000.0,-4060669000.0,0.0,0.0,-705829000,2451725000,0.0,0.0,-102805000.0,https://www.sec.gov/Archives/edgar/data/1006269/000095012303012768/0000950123-03-012768-index.htm,https://www.sec.gov/Archives/edgar/data/1006269/000095012303012768/y91688e10vq.htm,1620594574,17:09:34,20210509
70,2003-06-30,LORL,USD,2003-08-14,2003-08-14 16:31:57,Q2,127767000.0,0.0,127767000.0,31603000.0,73459000.0,71866000.0,304695000,1866453000.0,0.0,0.0,0.0,0.0,0.0,76475000.0,2143571000,0.0,2448266000,44735000.0,2244002000.0,0.0,0.0,160063000.0,2515159000.0,0.0,0.0,0.0,178616000.0,308288000,0.0,2823447000,4409000.0,-3932790000.0,0.0,0.0,-377740000,2445707000,0.0,2244002000.0,2116235000.0,https://www.sec.gov/Archives/edgar/data/1006269/000095013303002934/0000950133-03-002934-index.htm,https://www.sec.gov/Archives/edgar/data/1006269/000095013303002934/y89149e10vq.htm,1620594574,17:09:34,20210509
71,2003-03-31,LORL,USD,2003-05-15,2003-05-15 16:29:40,Q1,101501000.0,0.0,101501000.0,31566000.0,96339000.0,147312000.0,376718000,1882532000.0,0.0,0.0,0.0,0.0,0.0,84622000.0,2276909000,0.0,2653627000,63699000.0,146774000.0,0.0,0.0,163048000.0,453239000.0,2115355000.0,0.0,0.0,209271000.0,2591253000,0.0,3044492000,4356000.0,-3833641000.0,0.0,0.0,-407054000,2637438000,0.0,2262129000.0,2160628000.0,https://www.sec.gov/Archives/edgar/data/1006269/000095012303006114/0000950123-03-006114-index.htm,https://www.sec.gov/Archives/edgar/data/1006269/000095012303006114/y86583e10vq.htm,1620594574,17:09:34,20210509
72,2002-12-31,LORL,USD,2003-03-31,2003-03-31 17:31:23,Q4,65936000.0,0.0,65936000.0,66909000.0,95733000.0,161849000.0,390427000,1897343000.0,0.0,0.0,0.0,0.0,0.0,88148000.0,2302375000,0.0,2692802000,58323000.0,131898000.0,0.0,0.0,198455000.0,461143000.0,2112627000.0,0.0,0.0,207835000.0,2569736000,0.0,3030879000,4293000.0,-3782107000.0,0.0,0.0,-354227000,2676652000,0.0,2244525000.0,2178589000.0,https://www.sec.gov/Archives/edgar/data/1006269/000095012303003715/0000950123-03-003715-index.htm,https://www.sec.gov/Archives/edgar/data/1006269/000095012303003715/y84833e10vk.htm,1620594574,17:09:34,20210509
73,2002-09-30,LORL,USD,2002-11-14 00:00:00,2002-11-14 16:44:08,Q3,99446000.0,0.0,99446000.0,35250000.0,97152000.0,193157000.0,425005000,2021901000.0,0.0,0.0,0.0,0.0,306725000.0,96868000.0,2881716000,0.0,3306721000,122121000.0,150393000.0,0.0,0.0,213409000.0,559077000.0,2133496000.0,0.0,0.0,173334000.0,2836631000,0.0,3395708000,3767000.0,-3247819000.0,0.0,0.0,-105042000,3290666000,0.0,2283889000.0,2184443000.0,https://www.sec.gov/Archives/edgar/data/1006269/000095012302010949/0000950123-02-010949-index.html,https://www.sec.gov/Archives/edgar/data/1006269/000095012302010949/y65280e10vq.txt,1620594574,17:09:34,20210509
74,2002-06-30,LORL,USD,2002-08-14 00:00:00,2002-08-14 14:04:33,Q2,107680000.0,0.0,107680000.0,40363000.0,106660000.0,262480000.0,517183000,1983602000.0,0.0,0.0,0.0,0.0,301363000.0,104880000.0,2870590000,0.0,3387773000,113718000.0,165931000.0,0.0,0.0,232622000.0,585545000.0,2164181000.0,0.0,0.0,137090000.0,2548660000,0.0,3134205000,3711000.0,-3195504000.0,0.0,0.0,237651000,3371856000,0.0,2330112000.0,2222432000.0,https://www.sec.gov/Archives/edgar/data/1006269/000095012302007992/0000950123-02-007992-index.html,https://www.sec.gov/Archives/edgar/data/1006269/000095012302007992/y63215e10vq.txt,1620594574,17:09:34,20210509
75,2002-03-31,LORL,USD,2002-05-15 00:00:00,2002-05-15 14:24:43,Q1,108137000.0,0.0,108137000.0,42375000.0,103517000.0,255049000.0,509078000,1982420000.0,0.0,0.0,0.0,0.0,305483000.0,112268000.0,2947274000,0.0,3456352000,157199000.0,166145000.0,0.0,0.0,249694000.0,651876000.0,2126276000.0,0.0,0.0,151409000.0,2335488000,0.0,2987364000,3376000.0,-3132033000.0,0.0,0.0,451800000,3439164000,0.0,2292421000.0,2184284000.0,https://www.sec.gov/Archives/edgar/data/1006269/000095012302005279/0000950123-02-005279-index.html,https://www.sec.gov/Archives/edgar/data/1006269/000095012302005279/y60584e10-q.txt,1620594574,17:09:34,20210509
76,2001-12-31,LORL,USD,2002-03-29 00:00:00,2002-03-29 00:00:00,Q4,159949000.0,0.0,159949000.0,39299000.0,98179000.0,272266000.0,569693000,1977356000.0,891719000.0,0.0,891719000.0,0.0,297528000.0,119494000.0,3820236000,0.0,4389929000,144841000.0,136616000.0,0.0,0.0,226344000.0,581549000.0,2226525000.0,0.0,0.0,156716000.0,2438831000,0.0,3020380000,3368000.0,-2223710000.0,0.0,0.0,1350868000,4371248000,0.0,2363141000.0,2203192000.0,https://www.sec.gov/Archives/edgar/data/1006269/000095012302003213/0000950123-02-003213-index.html,https://www.sec.gov/Archives/edgar/data/1006269/000095012302003213/y58173e10-k.txt,1620594574,17:09:34,20210509
77,2001-09-30,LORL,USD,2001-11-14,2001-11-14 00:00:00,Q3,180576000.0,0.0,180576000.0,50467000.0,122962000.0,320752000.0,674757000,1966165000.0,898399000.0,0.0,898399000.0,0.0,295120000.0,108672000.0,3771940000,0.0,4446697000,156293000.0,150083000.0,0.0,0.0,208186000.0,595647000.0,2238183000.0,0.0,0.0,168193000.0,2463649000,0.0,3059296000,3350000.0,-2181280000.0,0.0,0.0,1368982000,4428278000,0.0,2388266000.0,2207690000.0,https://www.sec.gov/Archives/edgar/data/1006269/000095012301508413/0000950123-01-508413-index.htm,https://www.sec.gov/Archives/edgar/data/1006269/000095012301508413/y54389e10-q.htm,1620594574,17:09:34,20210509
78,2001-06-30,LORL,USD,2001-08-10 00:00:00,2001-08-10 00:00:00,Q2,225403000.0,0.0,225403000.0,64734000.0,146275000.0,253643000.0,690055000,1978379000.0,905273000.0,0.0,905273000.0,0.0,303634000.0,125640000.0,3821361000,0.0,4511416000,142781000.0,150059000.0,0.0,0.0,186110000.0,564251000.0,2268421000.0,0.0,0.0,168387000.0,2492196000,0.0,3056447000,3330000.0,-2117029000.0,0.0,0.0,1436323000,4492770000,0.0,2418480000.0,2193077000.0,https://www.sec.gov/Archives/edgar/data/1006269/000095012301505254/0000950123-01-505254-index.html,https://www.sec.gov/Archives/edgar/data/1006269/000095012301505254/y52014e10-q.txt,1620594574,17:09:34,20210509
79,2001-03-31,LORL,USD,2001-04-02 00:00:00,2001-04-02 00:00:00,Q1,216846000.0,0.0,216846000.0,54119000.0,135821000.0,287545000.0,694331000,1966434000.0,912049000.0,0.0,912049000.0,0.0,296035000.0,130817000.0,3834788000,0.0,4529119000,116584000.0,107935000.0,0.0,0.0,132894000.0,435742000.0,2330263000.0,0.0,0.0,183526000.0,2567289000,0.0,3003031000,2997000.0,-2021639000.0,0.0,0.0,1508061000,4511092000,0.0,2438198000.0,2221352000.0,https://www.sec.gov/Archives/edgar/data/1006269/000095012301002993/0000950123-01-002993-index.html,https://www.sec.gov/Archives/edgar/data/1006269/000095012301002993/y46196e10-k.txt,1620594574,17:09:34,20210509
80,2000-12-31,LORL,USD,2001-04-02 00:00:00,2001-04-02 00:00:00,Q4,394045000.0,0.0,394045000.0,56347000.0,120608000.0,260581000.0,831581000,1944815000.0,918826000.0,0.0,918826000.0,0.0,293142000.0,131002000.0,3846737000,0.0,4678318000,139104000.0,110715000.0,0.0,0.0,167560000.0,494554000.0,2346129000.0,0.0,0.0,180275000.0,2578023000,0.0,3072577000,2983000.0,-1946507000.0,0.0,0.0,1586388000,4658965000,0.0,2456844000.0,2062799000.0,https://www.sec.gov/Archives/edgar/data/1006269/000095012301002993/0000950123-01-002993-index.html,https://www.sec.gov/Archives/edgar/data/1006269/000095012301002993/y46196e10-k.txt,1620594574,17:09:34,20210509
81,2000-09-30,LORL,USD,2000-11-14 00:00:00,2000-11-14 00:00:00,Q3,399939000.0,0.0,399939000.0,59526000.0,160617000.0,348894000.0,968976000,1899660000.0,927185000.0,0.0,927185000.0,0.0,0.0,124198000.0,4295612000,0.0,5264588000,80360000.0,104635000.0,0.0,0.0,167846000.0,423893000.0,1813912000.0,0.0,0.0,268003000.0,2081915000,0.0,2505808000,2971000.0,-758387000.0,0.0,0.0,2737918000,5243726000,0.0,1918547000.0,1518608000.0,https://www.sec.gov/Archives/edgar/data/1006269/000095012300010590/0000950123-00-010590-index.html,https://www.sec.gov/Archives/edgar/data/1006269/000095012300010590/y42356e10-q.txt,1620594574,17:09:34,20210509
82,2000-06-30,LORL,USD,2000-08-11 00:00:00,2000-08-11 00:00:00,Q2,392354000.0,0.0,392354000.0,89744000.0,162144000.0,425746000.0,1069988000,1921747000.0,933960000.0,0.0,933960000.0,0.0,0.0,126691000.0,4342335000,0.0,5412323000,109357000.0,98759000.0,0.0,0.0,146826000.0,425447000.0,1850356000.0,0.0,0.0,262628000.0,2112984000,0.0,2538431000,2964000.0,-661727000.0,0.0,0.0,2852617000,5391048000,0.0,1949115000.0,1556761000.0,https://www.sec.gov/Archives/edgar/data/1006269/000095012300007460/0000950123-00-007460-index.html,https://www.sec.gov/Archives/edgar/data/1006269/000095012300007460/e10-q.txt,1620594574,17:09:34,20210509
83,2000-03-31,LORL,USD,2000-05-15 00:00:00,2000-05-15 00:00:00,Q1,490702000.0,0.0,490702000.0,67911000.0,117308000.0,557785000.0,1233706000,1873948000.0,940736000.0,0.0,940736000.0,0.0,0.0,126150000.0,4311059000,0.0,5544765000,76484000.0,91815000.0,0.0,0.0,108786000.0,351037000.0,1897342000.0,0.0,0.0,187660000.0,2138192000,0.0,2489229000,2956000.0,-551688000.0,0.0,0.0,3032991000,5522220000,0.0,1989157000.0,1498455000.0,https://www.sec.gov/Archives/edgar/data/1006269/000095012300005096/0000950123-00-005096-index.html,https://www.sec.gov/Archives/edgar/data/1006269/0000950123-00-005096.txt,1620594574,17:09:34,20210509
84,1999-12-31,LORL,USD,2000-03-30 00:00:00,2000-03-30 00:00:00,Q4,239900000.0,0.0,239900000.0,47900000.0,111100000.0,654900000.0,1053800000,1885000000.0,946800000.0,0.0,946800000.0,1117500000.0,0.0,439900000.0,4556600000,0.0,5610400000,207400000.0,0.0,0.0,0.0,307100000.0,693900000.0,1913800000.0,0.0,0.0,228900000.0,2165900000,0.0,2859800000,2500000.0,-409300000.0,155400000.0,77700000.0,2750700000,5610500000,1117500000.0,1999300000.0,1759400000.0,https://www.sec.gov/Archives/edgar/data/1006269/000095012300003001/0000950123-00-003001-index.html,https://www.sec.gov/Archives/edgar/data/1006269/0000950123-00-003001.txt,1620594574,17:09:34,20210509
85,1999-09-30,LORL,USD,1999-11-15 00:00:00,1999-11-15 00:00:00,Q3,265600000.0,0.0,265600000.0,46300000.0,181300000.0,686500000.0,1179700000,1930500000.0,957000000.0,0.0,957000000.0,854800000.0,2500000.0,439100000.0,4555200000,0.0,5734900000,197600000.0,0.0,0.0,0.0,334100000.0,693500000.0,1986800000.0,0.0,0.0,213900000.0,2229500000,0.0,2923000000,2400000.0,-286500000.0,35000000.0,17500000.0,2811900000,5734900000,854800000.0,2066000000.0,1800400000.0,https://www.sec.gov/Archives/edgar/data/1006269/000095012399010256/0000950123-99-010256-index.html,https://www.sec.gov/Archives/edgar/data/1006269/0000950123-99-010256.txt,1620594574,17:09:34,20210509
86,1999-06-30,LORL,USD,1999-08-16 00:00:00,1999-08-16 00:00:00,Q2,496600000.0,0.0,496600000.0,28000000.0,170200000.0,837000000.0,1531800000,1568300000.0,953800000.0,0.0,953800000.0,862200000.0,33200000.0,342200000.0,4064700000,0.0,5596500000,217600000.0,0.0,0.0,0.0,157100000.0,529200000.0,1980400000.0,0.0,0.0,186700000.0,2227100000,0.0,2756300000,2400000.0,-262400000.0,51600000.0,25800000.0,2840100000,5596400000,862200000.0,2040900000.0,1544300000.0,https://www.sec.gov/Archives/edgar/data/1006269/000095012399007703/0000950123-99-007703-index.html,https://www.sec.gov/Archives/edgar/data/1006269/0000950123-99-007703.txt,1620594574,17:09:34,20210509
87,1999-03-31,LORL,USD,1999-05-17 00:00:00,1999-05-17 00:00:00,Q1,565500000.0,0.0,565500000.0,24000000.0,183000000.0,477400000.0,1249900000,1793300000.0,960500000.0,0.0,960500000.0,882200000.0,38000000.0,297200000.0,4263100000,0.0,5513000000,182000000.0,0.0,0.0,0.0,180400000.0,475000000.0,1918800000.0,0.0,0.0,178600000.0,2163100000,0.0,2638100000,2400000.0,-212800000.0,33600000.0,16800000.0,2874900000,5513000000,882200000.0,1960500000.0,1395000000.0,https://www.sec.gov/Archives/edgar/data/1006269/000095012399004810/0000950123-99-004810-index.html,https://www.sec.gov/Archives/edgar/data/1006269/0000950123-99-004810.txt,1620594574,17:09:34,20210509
88,1998-12-31,LORL,USD,1999-03-31 00:00:00,1999-03-31 00:00:00,Q4,546800000.0,0.0,546800000.0,23600000.0,191200000.0,435500000.0,1197100000,1667500000.0,966300000.0,0.0,966300000.0,938600000.0,38400000.0,297800000.0,4032100000,0.0,5229200000,213500000.0,0.0,0.0,0.0,210700000.0,529100000.0,1533000000.0,0.0,0.0,164300000.0,1764400000,0.0,2293500000,2400000.0,-162700000.0,65200000.0,32600000.0,2935700000,5229200000,938600000.0,1555800000.0,1009000000.0,https://www.sec.gov/Archives/edgar/data/1006269/000095012399002897/0000950123-99-002897-index.html,https://www.sec.gov/Archives/edgar/data/1006269/0000950123-99-002897.txt,1620594574,17:09:34,20210509
89,1998-09-30,LORL,USD,1998-11-16 00:00:00,1998-11-16 00:00:00,Q3,649300000.0,0.0,649300000.0,0.0,158600000.0,497000000.0,1304900000,1634300000.0,951800000.0,0.0,951800000.0,660200000.0,42800000.0,296700000.0,3742200000,0.0,5047100000,192500000.0,0.0,0.0,0.0,34500000.0,315300000.0,1515200000.0,0.0,0.0,0.0,1779200000,0.0,2094500000,2400000.0,-97400000.0,-18800000.0,-9400000.0,2952600000,5047100000,660200000.0,1519400000.0,870100000.0,https://www.sec.gov/Archives/edgar/data/1006269/000095012398009997/0000950123-98-009997-index.html,https://www.sec.gov/Archives/edgar/data/1006269/0000950123-98-009997.txt,1620594574,17:09:34,20210509
90,1998-06-30,LORL,USD,1998-08-14 00:00:00,1998-08-14 00:00:00,Q2,876500000.0,0.0,876500000.0,0.0,129200000.0,551900000.0,1557600000,1532900000.0,958200000.0,0.0,958200000.0,472400000.0,51700000.0,361800000.0,3508400000,0.0,5066000000,187100000.0,0.0,0.0,0.0,31000000.0,341100000.0,1518300000.0,0.0,0.0,0.0,1761800000,0.0,2102900000,2400000.0,-75100000.0,-18600000.0,-9300000.0,2963100000,5066000000,472400000.0,1523800000.0,647300000.0,https://www.sec.gov/Archives/edgar/data/1006269/000095012398007660/0000950123-98-007660-index.html,https://www.sec.gov/Archives/edgar/data/1006269/0000950123-98-007660.txt,1620594574,17:09:34,20210509
91,1998-03-31,LORL,USD,1998-05-15 00:00:00,1998-05-15 00:00:00,Q1,225400000.0,0.0,225400000.0,0.0,119200000.0,576000000.0,920600000,1320000000.0,967300000.0,0.0,967300000.0,470800000.0,50400000.0,692500000.0,3615700000,0.0,4536300000,320600000.0,0.0,0.0,0.0,55000000.0,504600000.0,1436300000.0,0.0,0.0,0.0,1612400000,0.0,2117000000,2200000.0,-4500000.0,-20800000.0,-10400000.0,2419400000,4536400000,470800000.0,1444600000.0,1219200000.0,https://www.sec.gov/Archives/edgar/data/1006269/000095012398005179/0000950123-98-005179-index.html,https://www.sec.gov/Archives/edgar/data/1006269/0000950123-98-005179.txt,1620594574,17:09:34,20210509
92,1997-12-31,LORL,USD,1998-03-31 00:00:00,1998-03-31 00:00:00,Q4,226500000.0,0.0,226500000.0,5400000.0,98300000.0,424400000.0,754600000,926700000.0,361400000.0,0.0,361400000.0,497500000.0,99700000.0,301600000.0,2255800000,0.0,3010400000,189800000.0,0.0,0.0,0.0,56200000.0,366300000.0,433300000.0,0.0,0.0,121500000.0,663600000,0.0,1029900000,2000000.0,22600000.0,14000000.0,7000000.0,1980500000,3010400000,497500000.0,435400000.0,208900000.0,https://www.sec.gov/Archives/edgar/data/1006269/000095012398003250/0000950123-98-003250-index.html,https://www.sec.gov/Archives/edgar/data/1006269/0000950123-98-003250.txt,1620594574,17:09:34,20210509
93,1997-09-30,LORL,USD,1997-11-14 00:00:00,1997-11-14 00:00:00,Q3,193200000.0,0.0,193200000.0,0.0,94100000.0,645900000.0,933200000,768300000.0,436600000.0,0.0,436600000.0,358900000.0,45100000.0,147000000.0,1815500000,0.0,2748700000,228000000.0,0.0,0.0,0.0,166300000.0,441300000.0,229300000.0,0.0,0.0,0.0,380900000,0.0,822200000,2000000.0,-20400000.0,0.0,0.0,1926500000,2748700000,358900000.0,231500000.0,38300000.0,https://www.sec.gov/Archives/edgar/data/1006269/000095012397009673/0000950123-97-009673-index.html,https://www.sec.gov/Archives/edgar/data/1006269/0000950123-97-009673.txt,1620594574,17:09:34,20210509
94,1997-06-30,LORL,USD,1997-08-14 00:00:00,1997-08-14 00:00:00,Q2,318900000.0,0.0,318900000.0,0.0,99000000.0,510200000.0,928100000,772400000.0,439700000.0,0.0,439700000.0,364800000.0,49900000.0,93600000.0,1755100000,0.0,2683200000,219700000.0,0.0,0.0,0.0,131100000.0,387900000.0,204500000.0,0.0,0.0,0.0,356100000,0.0,744000000,2000000.0,-4800000.0,0.0,0.0,1939200000,2683200000,364800000.0,206600000.0,-112300000.0,https://www.sec.gov/Archives/edgar/data/1006269/000095012397006952/0000950123-97-006952-index.html,https://www.sec.gov/Archives/edgar/data/1006269/0000950123-97-006952.txt,1620594574,17:09:34,20210509
95,1997-03-31,LORL,USD,1997-05-15 00:00:00,1997-05-15 00:00:00,Q1,605600000.0,0.0,605600000.0,0.0,101600000.0,413200000.0,1120400000,677900000.0,384800000.0,0.0,384800000.0,232200000.0,41200000.0,79500000.0,1461200000,0.0,2581600000,132900000.0,0.0,0.0,0.0,224900000.0,368000000.0,231500000.0,0.0,0.0,0.0,1144000000,0.0,1512000000,1900000.0,8500000.0,0.0,0.0,1069700000,2581700000,232200000.0,233700000.0,-371900000.0,https://www.sec.gov/Archives/edgar/data/1006269/000095012397004436/0000950123-97-004436-index.html,https://www.sec.gov/Archives/edgar/data/1006269/0000950123-97-004436.txt,1620594574,17:09:34,20210509
96,1996-12-31,LORL,USD,1997-03-31 00:00:00,1997-03-31 00:00:00,Q4,19181000.0,0.0,19181000.0,0.0,451419000.0,50910000.0,521510000,166786000.0,227604000.0,0.0,227604000.0,0.0,0.0,38159000.0,537554000,0.0,1059064000,122549000.0,0.0,0.0,0.0,172453000.0,377929000.0,127586000.0,0.0,37787000.0,34879000.0,200252000,0.0,578181000,466668000.0,12225000.0,0.0,0.0,478893000,1057074000,0.0,127586000.0,108405000.0,https://www.sec.gov/Archives/edgar/data/1006269/000095012397002853/0000950123-97-002853-index.html,https://www.sec.gov/Archives/edgar/data/1006269/0000950123-97-002853.txt,1620594574,17:09:34,20210509
97,1996-09-30,LORL,USD,1996-10-31 00:00:00,1996-10-31 00:00:00,Q3,592700000.0,0.0,592700000.0,0.0,0.0,23000000.0,615700000,18500000.0,0.0,0.0,0.0,442000000.0,4100000.0,26400000.0,486900000,0.0,1102600000,5600000.0,0.0,0.0,0.0,2800000.0,10700000.0,0.0,0.0,0.0,0.0,14600000,0.0,25300000,1900000.0,4300000.0,0.0,0.0,1077300000,1102600000,442000000.0,0.0,-592700000.0,https://www.sec.gov/Archives/edgar/data/1006269/000095012396006108/0000950123-96-006108-index.html,https://www.sec.gov/Archives/edgar/data/1006269/0000950123-96-006108.txt,1620594574,17:09:34,20210509
