datetime,symbol,name,exchange,begin_date,marketCap,open,high,low,close,adjClose,volume,unadjustedVolume,change,changePercent,vwap
1986-09-01,EHC,Encompass Health Corporation,NYSE,1986-09-24,69376000.0,-0.7016,4.9234,4.2847,4.7014,4.7014,1337600.0,1337600.0,26.770899999999997,-757.2454,4.619332
1986-10-01,EHC,Encompass Health Corporation,NYSE,1986-09-24,93312000.0,-0.7153,6.3287,4.6601,6.3287,6.3287,713700.0,713700.0,143.6461,-757.2360869565217,5.396553478260869
1986-11-01,EHC,Encompass Health Corporation,NYSE,1986-09-24,98688000.0,-0.9904,7.3508,6.2875,6.6904,6.6904,388100.0,388100.0,133.0206,-757.2532941176471,6.779184705882352
1986-12-01,EHC,Encompass Health Corporation,NYSE,1986-09-24,89344000.0,-1.0455,6.9125,6.03,6.0575,6.0575,366500.0,366500.0,151.9792,-757.2420500000001,6.6041405
1987-01-01,EHC,Encompass Health Corporation,NYSE,1986-09-24,109312000.0,-1.0042,7.5178,6.1833,7.4137,7.4137,638900.0,638900.0,165.2088,-757.2483000000001,7.1504794999999985
1987-02-01,EHC,Encompass Health Corporation,NYSE,1986-09-24,130688000.0,-1.1005,9.8882,6.6491,8.8602,8.8602,1835000.0,1835000.0,176.56250000000003,-757.2523684210528,8.043659473684212
1987-03-01,EHC,Encompass Health Corporation,NYSE,1986-09-24,130688000.0,-1.3206,9.2494,8.5477,8.8602,8.8602,577000.0,577000.0,223.6455,-757.2450000000001,8.807472727272728
1987-04-01,EHC,Encompass Health Corporation,NYSE,1986-09-24,126720000.0,-1.2931,9.0548,8.1094,8.589,8.589,1566900.0,1566900.0,208.64560000000003,-757.2432857142859,8.606917619047618
1987-05-01,EHC,Encompass Health Corporation,NYSE,1986-09-24,136064000.0,-1.2931,9.7919,8.2903,9.2219,9.2219,1685000.0,1685000.0,209.16700000000003,-757.2396500000001,9.075498
1987-06-01,EHC,Encompass Health Corporation,NYSE,1986-09-24,149376000.0,-1.4169,10.9593,9.0902,10.126,10.126,529900.0,529900.0,241.04129999999995,-757.246,9.487459090909091
1987-07-01,EHC,Encompass Health Corporation,NYSE,1986-09-24,170624000.0,-1.5544,11.7947,10.0081,11.5726,11.5726,632200.0,632200.0,277.0836,-757.2472727272728,10.896753181818182
1987-08-01,EHC,Encompass Health Corporation,NYSE,1986-09-24,178688000.0,-1.7883,12.3234,11.205,12.115,12.115,1375700.0,1375700.0,288.6454,-757.2497619047621,11.878644285714286
1987-09-01,EHC,Encompass Health Corporation,NYSE,1986-09-24,170624000.0,-1.8158,12.1425,11.4546,11.5726,11.5726,369700.0,369700.0,281.5631,-757.2463333333334,11.633851428571429
1987-10-01,EHC,Encompass Health Corporation,NYSE,1986-09-24,124032000.0,-1.747,11.6001,5.9278,8.4082,8.4082,1025000.0,1025000.0,240.2084,-757.2494090909091,9.541394545454546
1987-11-01,EHC,Encompass Health Corporation,NYSE,1986-09-24,114688000.0,-1.4994,10.0552,7.282,7.7753,7.7753,1614200.0,1614200.0,189.2712,-757.2456000000001,8.2016635
1987-12-01,EHC,Encompass Health Corporation,NYSE,1986-09-24,133376000.0,-1.2105,9.6661,7.4903,9.0411,9.0411,664200.0,664200.0,213.64549999999997,-757.2456363636363,8.414534545454545
1988-01-01,EHC,Encompass Health Corporation,NYSE,1986-09-24,131968000.0,-1.4856,10.1319,8.4986,8.9507,8.9507,473000.0,473000.0,206.66619999999998,-757.2488500000001,8.980883
1988-02-01,EHC,Encompass Health Corporation,NYSE,1986-09-24,124032000.0,-1.3481,8.8602,7.7478,8.4082,8.4082,785100.0,785100.0,189.062,-757.2475499999998,8.194341500000004
1988-03-01,EHC,Encompass Health Corporation,NYSE,1986-09-24,128000000.0,-1.3206,9.5973,8.2628,8.6794,8.6794,638800.0,638800.0,235.72889999999998,-757.2451739130436,8.897129999999999
1988-04-01,EHC,Encompass Health Corporation,NYSE,1986-09-24,109312000.0,-1.2793,9.0332,6.7533,7.4137,7.4137,1995100.0,1995100.0,189.58339999999998,-757.2464,8.234316999999999
1988-05-01,EHC,Encompass Health Corporation,NYSE,1986-09-24,99968000.0,-1.073,7.8932,6.5725,6.7808,6.7808,2583000.0,2583000.0,174.58350000000002,-757.2415714285717,7.237124285714285
1988-06-01,EHC,Encompass Health Corporation,NYSE,1986-09-24,99968000.0,-1.0042,7.0795,5.9396,6.7808,6.7808,2841200.0,2841200.0,166.04180000000002,-757.2484090909091,6.545935454545455
1988-07-01,EHC,Encompass Health Corporation,NYSE,1986-09-24,98688000.0,-1.073,7.5454,6.3916,6.6904,6.6904,1171700.0,1171700.0,160.72890000000004,-757.24475,6.9717085
1988-08-01,EHC,Encompass Health Corporation,NYSE,1986-09-24,97280000.0,-1.0179,6.8083,5.6408,6.6,6.6,823100.0,823100.0,170.8334,-757.2501739130436,6.440640434782608
1988-09-01,EHC,Encompass Health Corporation,NYSE,1986-09-24,112000000.0,-0.9767,7.7124,6.3012,7.5945,7.5945,515100.0,515100.0,169.7919,-757.2426666666667,6.999404285714284
1988-10-01,EHC,Encompass Health Corporation,NYSE,1986-09-24,112000000.0,-1.1555,8.2686,7.4903,7.5945,7.5945,541400.0,541400.0,189.5827,-757.249476190476,7.824001428571428
1988-11-01,EHC,Encompass Health Corporation,NYSE,1986-09-24,98688000.0,-1.1418,7.9207,6.2108,6.6904,6.6904,619500.0,619500.0,163.54200000000003,-757.2514761904762,6.769204761904761
1988-12-01,EHC,Encompass Health Corporation,NYSE,1986-09-24,99968000.0,-1.0867,7.1424,6.5725,6.7808,6.7808,832600.0,832600.0,156.77069999999998,-757.2477500000002,6.8086079999999995
1989-01-01,EHC,Encompass Health Corporation,NYSE,1986-09-24,126720000.0,-1.0455,8.589,6.6629,8.589,8.589,1079200.0,1079200.0,183.43730000000002,-757.2417142857145,7.543546666666667
1989-02-01,EHC,Encompass Health Corporation,NYSE,1986-09-24,117376000.0,-1.3343,9.0686,7.9286,7.9561,7.9561,1918000.0,1918000.0,188.3327,-757.2471578947369,8.612415789473683
1989-03-01,EHC,Encompass Health Corporation,NYSE,1986-09-24,122624000.0,-1.2105,8.3178,7.6436,8.3178,8.3178,2494600.0,2494600.0,201.2493,-757.2452727272724,7.930210909090911
1989-04-01,EHC,Encompass Health Corporation,NYSE,1986-09-24,142720000.0,-1.2793,10.0002,8.0957,9.6739,9.6739,2157600.0,2157600.0,199.0624,-757.2485,8.623115000000002
1989-05-01,EHC,Encompass Health Corporation,NYSE,1986-09-24,152064000.0,-1.4856,10.466,9.0136,10.3068,10.3068,3169000.0,3169000.0,246.77080000000004,-757.2491818181818,9.722959545454543
1989-06-01,EHC,Encompass Health Corporation,NYSE,1986-09-24,149376000.0,-1.5544,10.5151,9.6739,10.126,10.126,2805600.0,2805600.0,258.6456,-757.2457727272727,10.199329545454544
1989-07-01,EHC,Encompass Health Corporation,NYSE,1986-09-24,163968000.0,-1.5682,11.5372,9.9177,11.1205,11.1205,2384400.0,2384400.0,242.604,-757.2500499999999,10.5387395
1989-08-01,EHC,Encompass Health Corporation,NYSE,1986-09-24,229910000.0,-1.7333,12.4138,10.9751,12.0246,12.0246,2457700.0,2457700.0,311.66659999999996,-757.2443043478258,11.720484347826087
1989-09-01,EHC,Encompass Health Corporation,NYSE,1986-09-24,252486000.0,-1.8158,13.3041,11.6217,13.2,13.2,1532100.0,1532100.0,98.3336,-264.65860000000004,12.345279999999999
1989-10-01,EHC,Encompass Health Corporation,NYSE,1986-09-24,235222000.0,13.2412,13.2904,11.6571,12.2958,12.2958,928500.0,928500.0,-0.8334,-0.2728636363636363,12.68813090909091
1989-11-01,EHC,Encompass Health Corporation,NYSE,1986-09-24,284016000.0,12.3234,13.8879,12.0109,13.4712,13.4712,1189000.0,1189000.0,-0.1043999999999999,-0.030333333333333233,12.817438095238092
1989-12-01,EHC,Encompass Health Corporation,NYSE,1986-09-24,263154000.0,13.4574,13.6029,11.6984,12.4767,12.4767,1424500.0,1424500.0,-1.9791000000000005,-0.74745,12.709631500000004
1990-01-01,EHC,Encompass Health Corporation,NYSE,1986-09-24,223077000.0,12.4354,13.3041,9.7722,10.578,10.578,1400200.0,1400200.0,-1.4585,-0.5558181818181818,12.015766818181817
1990-02-01,EHC,Encompass Health Corporation,NYSE,1986-09-24,220941000.0,10.5859,11.8438,10.5859,11.4822,11.4822,1011400.0,1011400.0,1.1461,0.5686842105263159,11.305744210526314
1990-03-01,EHC,Encompass Health Corporation,NYSE,1986-09-24,241816000.0,11.4684,13.4358,11.4409,12.5671,12.5671,1434500.0,1434500.0,0.8335000000000001,0.34477272727272723,12.252882272727275
1990-04-01,EHC,Encompass Health Corporation,NYSE,1986-09-24,262691000.0,12.3587,14.1591,12.3587,13.652,13.652,737500.0,737500.0,0.8330999999999997,0.3457,13.4566015
1990-05-01,EHC,Encompass Health Corporation,NYSE,1986-09-24,338409000.0,13.7149,17.2822,13.7149,17.178,17.178,2192700.0,2192700.0,3.3336000000000006,1.0121363636363634,15.754328181818183
1990-06-01,EHC,Encompass Health Corporation,NYSE,1986-09-24,336699000.0,16.9913,18.1372,16.4489,17.0876,17.0876,2170800.0,2170800.0,-0.20840000000000014,-0.04004761904761901,17.130665714285715
1990-07-01,EHC,Encompass Health Corporation,NYSE,1986-09-24,329517000.0,17.0326,18.7346,16.1914,16.726,16.726,1811100.0,1811100.0,-1.3535999999999997,-0.3323809523809524,17.208475238095236
1990-08-01,EHC,Encompass Health Corporation,NYSE,1986-09-24,343200000.0,16.2739,16.7397,13.1037,15.2794,15.2794,1855500.0,1855500.0,-0.2080999999999999,0.02286956521739124,15.35559739130435
1990-09-01,EHC,Encompass Health Corporation,NYSE,1986-09-24,322920000.0,15.1831,16.3781,13.542,14.3753,14.3753,877700.0,877700.0,-0.6247999999999997,-0.19447368421052638,15.015864210526317
1990-10-01,EHC,Encompass Health Corporation,NYSE,1986-09-24,304785000.0,14.4107,15.0632,10.9476,13.5616,13.5616,1223700.0,1223700.0,-1.5625,-0.4569130434782607,13.492943043478261
1990-11-01,EHC,Encompass Health Corporation,NYSE,1986-09-24,354816000.0,13.88,15.5506,12.7341,15.5506,15.5506,1324400.0,1324400.0,1.6665999999999996,0.5940952380952381,14.183582380952382
1990-12-01,EHC,Encompass Health Corporation,NYSE,1986-09-24,412434000.0,15.4052,18.0821,15.4052,18.0821,18.0821,1662600.0,1662600.0,2.7083,0.84315,16.617548499999998
1991-01-01,EHC,Encompass Health Corporation,NYSE,1986-09-24,505296000.0,17.9563,22.4631,15.8572,22.1506,22.1506,3685100.0,3685100.0,4.7916,1.118318181818182,18.558896363636368
1991-02-01,EHC,Encompass Health Corporation,NYSE,1986-09-24,479385000.0,21.9973,22.1015,20.3778,20.704,20.704,1636100.0,1636100.0,-0.41690000000000005,-0.08631578947368417,21.095637368421052
1991-03-01,EHC,Encompass Health Corporation,NYSE,1986-09-24,596769000.0,20.7532,26.2741,20.7532,25.767,25.767,1552900.0,1552900.0,5.0,1.1210499999999999,23.2881455
1991-04-01,EHC,Encompass Health Corporation,NYSE,1986-09-24,525615000.0,25.7592,26.0795,22.1722,22.6931,22.6931,1079100.0,1079100.0,-1.0416000000000003,-0.17827272727272728,24.752304090909092
1991-05-01,EHC,Encompass Health Corporation,NYSE,1986-09-24,623883000.0,22.811,25.0221,21.6298,24.5013,24.5013,3006900.0,3006900.0,0.4167000000000002,0.10059090909090909,23.201085000000003
1991-06-01,EHC,Encompass Health Corporation,NYSE,1986-09-24,506532000.0,24.6251,24.6251,19.4599,19.8903,19.8903,1774700.0,1774700.0,-4.5833,-1.0223499999999999,21.569092
1991-07-01,EHC,Encompass Health Corporation,NYSE,1986-09-24,669851000.0,19.6486,26.5178,19.6349,26.3095,26.3095,1856700.0,1856700.0,6.666599999999999,1.3703636363636365,23.096589545454545
1991-08-01,EHC,Encompass Health Corporation,NYSE,1986-09-24,679661000.0,26.2545,27.4141,24.4816,25.315,25.315,969200.0,969200.0,-1.5623999999999998,-0.2635909090909091,25.923819999999992
1991-09-01,EHC,Encompass Health Corporation,NYSE,1986-09-24,706223000.0,25.2246,29.9868,24.5917,26.3095,26.3095,549500.0,549500.0,-0.7290999999999999,-0.10169999999999997,26.6600075
1991-10-01,EHC,Encompass Health Corporation,NYSE,1986-09-24,769366000.0,26.227,28.9864,26.0107,28.6602,28.6602,895000.0,895000.0,2.2918,0.3726956521739131,27.23205695652174
1991-11-01,EHC,Encompass Health Corporation,NYSE,1986-09-24,821044000.0,28.7506,31.74,28.0489,30.1971,30.1971,643800.0,643800.0,1.2500000000000002,0.23760000000000003,29.478416999999997
1991-12-01,EHC,Encompass Health Corporation,NYSE,1986-09-24,1037456000.0,30.2738,38.1533,29.4817,38.1533,38.1533,1258300.0,1258300.0,8.7499,1.278952380952381,31.274002380952385
1992-01-01,EHC,Encompass Health Corporation,NYSE,1986-09-24,966184000.0,37.4094,40.4342,32.1941,35.5314,35.5314,2380400.0,2380400.0,-2.1874000000000002,-0.2249545454545453,36.22287272727273
1992-02-01,EHC,Encompass Health Corporation,NYSE,1986-09-24,822153000.0,35.6139,35.6139,25.7788,30.1067,30.1067,2323600.0,2323600.0,-6.25,-0.8757368421052633,31.58682631578947
1992-03-01,EHC,Encompass Health Corporation,NYSE,1986-09-24,725931000.0,29.7117,33.0873,26.2682,26.5807,26.5807,1338000.0,1338000.0,-3.7498,-0.5540454545454547,28.851540454545447
1992-04-01,EHC,Encompass Health Corporation,NYSE,1986-09-24,688722000.0,26.3419,27.7482,22.0347,25.2246,25.2246,1718100.0,1718100.0,1.9535,0.4715714285714287,24.980021904761905
1992-05-01,EHC,Encompass Health Corporation,NYSE,1986-09-24,570492000.0,25.3602,26.4539,19.3224,21.1561,21.1561,3225900.0,3225900.0,-4.2187,-0.8358499999999995,22.370946000000004
1992-06-01,EHC,Encompass Health Corporation,NYSE,1986-09-24,570492000.0,21.0942,22.4798,16.442,21.1561,21.1561,2066100.0,2066100.0,-0.7815999999999992,-0.07718181818181812,19.884800454545456
1992-07-01,EHC,Encompass Health Corporation,NYSE,1986-09-24,672750000.0,21.0736,25.6933,20.2923,24.9533,24.9533,1910500.0,1910500.0,5.7814,1.201318181818182,23.287716818181817
1992-08-01,EHC,Encompass Health Corporation,NYSE,1986-09-24,650692000.0,24.8177,27.4357,23.2847,23.7328,23.7328,1349900.0,1349900.0,-0.7814000000000001,-0.1189047619047619,25.157044761904757
1992-09-01,EHC,Encompass Health Corporation,NYSE,1986-09-24,583814000.0,23.7947,27.2794,19.6142,21.2917,21.2917,1493800.0,1493800.0,-0.4687,0.010523809523809538,24.374228095238095
1992-10-01,EHC,Encompass Health Corporation,NYSE,1986-09-24,628558000.0,20.9261,23.6797,17.1938,22.9191,22.9191,2073100.0,2073100.0,2.9687000000000006,0.7448181818181819,20.865953636363642
1992-11-01,EHC,Encompass Health Corporation,NYSE,1986-09-24,741000000.0,22.9309,26.1945,21.4067,26.0383,26.0383,1186500.0,1186500.0,3.5936999999999997,0.7632000000000001,24.094943500000003
1992-12-01,EHC,Encompass Health Corporation,NYSE,1986-09-24,814359000.0,25.7464,28.9275,23.264,28.615,28.615,1683500.0,1683500.0,4.5312,0.8086363636363636,25.74912590909091
1993-01-01,EHC,Encompass Health Corporation,NYSE,1986-09-24,629109000.0,28.5206,28.6769,21.9492,22.1054,22.1054,1031100.0,1031100.0,-6.406499999999999,-1.2095499999999997,25.565577500000003
1993-02-01,EHC,Encompass Health Corporation,NYSE,1986-09-24,507875000.0,21.6573,22.4385,15.1094,18.4438,18.4438,2427500.0,2427500.0,-3.905900000000001,-0.911,19.88284105263158
1993-03-01,EHC,Encompass Health Corporation,NYSE,1986-09-24,478000000.0,18.2875,20.195,16.0764,17.3588,17.3588,1648300.0,1648300.0,-3.1249,-0.719391304347826,18.158873913043482
1993-04-01,EHC,Encompass Health Corporation,NYSE,1986-09-24,459358000.0,17.4001,17.8482,13.8565,16.6808,16.6808,1665500.0,1665500.0,1.4062000000000001,0.5912380952380952,16.046956190476187
1993-05-01,EHC,Encompass Health Corporation,NYSE,1986-09-24,506076000.0,16.6926,19.6938,16.2533,18.8506,18.8506,2139500.0,2139500.0,2.1875,0.6945,17.781906499999998
1993-06-01,EHC,Encompass Health Corporation,NYSE,1986-09-24,491397000.0,18.7475,20.2687,16.5039,18.3082,18.3082,1496600.0,1496600.0,-1.2498999999999998,-0.25449999999999984,18.940188181818186
1993-07-01,EHC,Encompass Health Corporation,NYSE,1986-09-24,407750000.0,18.3494,18.6619,14.8352,15.189,15.189,3153200.0,3153200.0,-2.8125999999999998,-0.7724285714285715,16.145700476190477
1993-08-01,EHC,Encompass Health Corporation,NYSE,1986-09-24,378625000.0,15.189,16.6483,13.1341,14.1041,14.1041,2380800.0,2380800.0,-2.3438,-0.6984090909090909,14.755567272727275
1993-09-01,EHC,Encompass Health Corporation,NYSE,1986-09-24,447826000.0,14.0834,16.8576,13.9272,16.6808,16.6808,4187600.0,4187600.0,2.0313000000000003,0.6518571428571429,15.835344761904764
1993-10-01,EHC,Encompass Health Corporation,NYSE,1986-09-24,517027000.0,16.6808,19.3194,16.5245,19.2575,19.2575,3490800.0,3490800.0,2.1876999999999995,0.6187619047619047,18.19098238095238
1993-11-01,EHC,Encompass Health Corporation,NYSE,1986-09-24,482096000.0,19.455,20.2893,17.5888,18.0369,18.0369,2035800.0,2035800.0,-1.2504,-0.3101904761904763,18.881416666666667
1993-12-01,EHC,Encompass Health Corporation,NYSE,1986-09-24,732192000.0,18.0369,27.8219,17.6361,27.3944,27.3944,5044100.0,5044100.0,8.9062,2.0045454545454544,23.75387909090909
1994-01-01,EHC,Encompass Health Corporation,NYSE,1986-09-24,819192000.0,26.9345,31.1799,25.2983,30.6492,30.6492,4432100.0,4432100.0,3.4374000000000002,0.6107619047619048,27.6354219047619
1994-02-01,EHC,Encompass Health Corporation,NYSE,1986-09-24,1231792000.0,30.6905,33.3173,27.0643,32.0054,32.0054,3782200.0,3782200.0,-0.3126000000000002,0.017947368421052594,29.90756631578947
1994-03-01,EHC,Encompass Health Corporation,NYSE,1986-09-24,1210750000.0,32.1941,35.0302,30.2129,31.4629,31.4629,5610900.0,5610900.0,-0.15589999999999993,-0.005347826086956565,32.72622434782609
1994-04-01,EHC,Encompass Health Corporation,NYSE,1986-09-24,1351698000.0,30.5342,36.2389,29.753,35.1245,35.1245,3356400.0,3356400.0,7.0312,1.175263157894737,33.68127947368421
1994-05-01,EHC,Encompass Health Corporation,NYSE,1986-09-24,1404728000.0,35.0007,37.772,33.3409,36.0738,36.0738,3046800.0,3046800.0,-1.0937000000000001,-0.11438095238095239,35.8244738095238
1994-06-01,EHC,Encompass Health Corporation,NYSE,1986-09-24,1108978000.0,36.0738,36.7519,27.1262,28.4794,28.4794,3085900.0,3085900.0,-7.499999999999999,-1.006181818181818,33.53024363636364
1994-07-01,EHC,Encompass Health Corporation,NYSE,1986-09-24,1283386000.0,29.6881,35.1245,27.8131,32.9547,32.9547,2906600.0,2906600.0,3.5936000000000003,0.6260999999999999,32.4269115
1994-08-01,EHC,Encompass Health Corporation,NYSE,1986-09-24,1534500000.0,32.8515,39.6411,32.8515,39.0574,39.0574,2616800.0,2616800.0,6.406000000000001,0.7854347826086956,35.40396826086957
1994-09-01,EHC,Encompass Health Corporation,NYSE,1986-09-24,1672946000.0,39.3787,42.7397,37.5656,42.5834,42.5834,3634400.0,3634400.0,2.0314,0.25452380952380954,40.38084857142858
1994-10-01,EHC,Encompass Health Corporation,NYSE,1986-09-24,1619750000.0,42.5303,42.6866,38.5267,41.2273,41.2273,1762900.0,1762900.0,-1.7187000000000001,-0.18342857142857139,40.42343190476189
1994-11-01,EHC,Encompass Health Corporation,NYSE,1986-09-24,1595394000.0,41.2273,41.9879,35.0214,37.8368,37.8368,2373500.0,2373500.0,-4.8439,-0.5572857142857143,39.00657333333334
1994-12-01,EHC,Encompass Health Corporation,NYSE,1986-09-24,1667862000.0,37.775,40.5451,34.7207,39.549,39.549,3894000.0,3894000.0,2.7538,0.3772857142857142,37.21286333333334
1995-01-01,EHC,Encompass Health Corporation,NYSE,1986-09-24,1738500000.0,40.1423,41.8316,39.0368,41.2273,41.2273,1905600.0,1905600.0,0.7814000000000001,0.10104761904761907,40.20498571428571
1995-02-01,EHC,Encompass Health Corporation,NYSE,1986-09-24,2998476000.0,41.3923,44.9183,39.7473,43.6683,43.6683,2601100.0,2601100.0,3.7501999999999995,0.49810526315789466,42.79158789473684
1995-03-01,EHC,Encompass Health Corporation,NYSE,1986-09-24,3026488000.0,43.9071,45.1277,40.7791,44.0752,44.0752,2553200.0,2553200.0,-0.4687,-0.036391304347826045,42.994749130434776
1995-04-01,EHC,Encompass Health Corporation,NYSE,1986-09-24,2943048000.0,44.1489,47.0057,42.5421,42.8546,42.8546,2043100.0,2043100.0,-0.9375999999999998,-0.08657894736842098,44.92727894736843
1995-05-01,EHC,Encompass Health Corporation,NYSE,1986-09-24,2579174000.0,42.7485,43.2024,35.6375,37.43,37.43,4304900.0,4304900.0,-8.75,-0.9362272727272729,38.631416818181826
1995-06-01,EHC,Encompass Health Corporation,NYSE,1986-09-24,2597712000.0,37.9312,41.9348,35.4076,37.7012,37.7012,4359800.0,4359800.0,-3.125,-0.33581818181818174,38.568888181818174
1995-07-01,EHC,Encompass Health Corporation,NYSE,1986-09-24,2878174000.0,38.0137,44.1459,37.3887,41.7697,41.7697,2356200.0,2356200.0,4.6875,0.6112500000000002,41.4254605
1995-08-01,EHC,Encompass Health Corporation,NYSE,1986-09-24,3573130000.0,42.2296,53.4916,41.9171,51.2628,51.2628,3081300.0,3081300.0,6.25,0.6366521739130435,46.94234347826087
1995-09-01,EHC,Encompass Health Corporation,NYSE,1986-09-24,3856875000.0,50.9503,55.9563,48.468,55.3313,55.3313,4244300.0,4244300.0,3.75,0.39445,51.187844
1995-10-01,EHC,Encompass Health Corporation,NYSE,1986-09-24,3951255000.0,55.1426,60.3786,48.6154,56.6875,56.6875,5872100.0,5872100.0,4.375,0.3947727272727272,55.438707727272714
1995-11-01,EHC,Encompass Health Corporation,NYSE,1986-09-24,5106018000.0,56.0861,65.6794,55.4375,65.3669,65.3669,5326100.0,5326100.0,9.6875,0.8285714285714286,60.77606523809523
1995-12-01,EHC,Encompass Health Corporation,NYSE,1986-09-24,4936518000.0,65.3669,70.4967,56.9234,63.197,63.197,4854400.0,4854400.0,-0.625,-0.006150000000000011,65.07168349999999
1996-01-01,EHC,Encompass Health Corporation,NYSE,1986-09-24,5466714000.0,63.4683,72.808,57.7195,69.9778,69.9778,8331900.0,8331900.0,-0.9375,0.023500000000000007,66.85966227272728
1996-02-01,EHC,Encompass Health Corporation,NYSE,1986-09-24,6098750000.0,70.3729,78.8636,67.5427,75.9449,75.9449,4741300.0,4741300.0,5.3125,0.3879500000000001,74.27607800000001
1996-03-01,EHC,Encompass Health Corporation,NYSE,1986-09-24,6120357000.0,76.5051,83.1384,71.7114,76.2162,76.2162,5072000.0,5072000.0,0.3125,0.06361904761904763,76.9405857142857
1996-04-01,EHC,Encompass Health Corporation,NYSE,1986-09-24,6468857000.0,74.1585,83.9345,73.5275,80.5559,80.5559,5089800.0,5089800.0,7.8125,0.5167619047619048,79.49501666666666
1996-05-01,EHC,Encompass Health Corporation,NYSE,1986-09-24,6142500000.0,80.8507,83.1621,75.4674,75.9449,75.9449,5152100.0,5152100.0,-3.125,-0.16513636363636364,79.27655272727272
1996-06-01,EHC,Encompass Health Corporation,NYSE,1986-09-24,6318000000.0,74.5062,78.7811,70.1665,78.1148,78.1148,4989200.0,4989200.0,-0.3125,-0.004399999999999982,75.4870795
1996-07-01,EHC,Encompass Health Corporation,NYSE,1986-09-24,5330988000.0,78.6336,78.6336,61.3044,65.9094,65.9094,6154900.0,6154900.0,-15.3125,-0.9212727272727274,71.25974545454544
1996-08-01,EHC,Encompass Health Corporation,NYSE,1986-09-24,5706270000.0,64.9955,75.2963,64.9955,70.2491,70.2491,3204700.0,3204700.0,4.0625,0.3034545454545456,72.24830136363634
1996-09-01,EHC,Encompass Health Corporation,NYSE,1986-09-24,6763770000.0,69.8953,83.8932,69.5828,83.2682,83.2682,4741300.0,4741300.0,10.0,0.6850999999999999,77.20549350000002
1996-10-01,EHC,Encompass Health Corporation,NYSE,1986-09-24,6609375000.0,83.6632,86.3756,80.0783,81.3696,81.3696,4062800.0,4062800.0,-5.3125,-0.2630869565217392,83.14660739130436
1996-11-01,EHC,Encompass Health Corporation,NYSE,1986-09-24,6236178000.0,81.7233,86.4168,78.4982,81.6408,81.6408,2894100.0,2894100.0,0.9375,0.08050000000000004,83.066926
1996-12-01,EHC,Encompass Health Corporation,NYSE,1986-09-24,6401928000.0,82.5134,83.8107,75.9509,83.8107,83.8107,3587900.0,3587900.0,4.6875,0.3028095238095238,79.79599809523812
1997-01-01,EHC,Encompass Health Corporation,NYSE,1986-09-24,7230678000.0,83.7634,94.7012,77.5134,94.6599,94.6599,10491100.0,10491100.0,2.8125,0.13818181818181818,89.41388272727272
1997-02-01,EHC,Encompass Health Corporation,NYSE,1986-09-24,7166740000.0,94.8427,94.8427,85.6267,87.6079,87.6079,6128900.0,6128900.0,-10.2734,-0.5581578947368421,90.41602
1997-03-01,EHC,Encompass Health Corporation,NYSE,1986-09-24,6789730000.0,86.7117,97.5962,82.372,82.997,82.997,5549500.0,5549500.0,-5.625,-0.2849000000000001,91.74734450000001
1997-04-01,EHC,Encompass Health Corporation,NYSE,1986-09-24,6922500000.0,82.7493,87.4192,76.3696,84.6243,84.6243,4209300.0,4209300.0,1.875,0.14095454545454544,83.46384045454543
1997-05-01,EHC,Encompass Health Corporation,NYSE,1986-09-24,8032230000.0,85.4617,101.9359,84.8367,98.1859,98.1859,3945700.0,3945700.0,11.875,0.6555238095238095,92.66518952380953
1997-06-01,EHC,Encompass Health Corporation,NYSE,1986-09-24,8852990000.0,100.4856,117.8325,99.8606,108.2215,108.2215,4795700.0,4795700.0,2.109400000000001,0.13909523809523808,107.60523476190477
1997-07-01,EHC,Encompass Health Corporation,NYSE,1986-09-24,9363480000.0,108.1803,125.6217,107.9739,114.4599,114.4599,4577900.0,4577900.0,4.375,0.1890909090909091,115.63433636363635
1997-08-01,EHC,Encompass Health Corporation,NYSE,1986-09-24,8902866000.0,114.7724,118.2335,99.613,108.2215,108.2215,3974500.0,3974500.0,-0.625,0.002761904761904775,108.70363333333333
1997-09-01,EHC,Encompass Health Corporation,NYSE,1986-09-24,9527616000.0,108.994,120.7335,105.5565,115.816,115.816,4947800.0,4947800.0,-0.9375,-0.020095238095238055,113.38392333333331
1997-10-01,EHC,Encompass Health Corporation,NYSE,1986-09-24,9125634000.0,116.7359,123.5284,92.9976,110.9339,110.9339,4341300.0,4341300.0,-1.875,0.10456521739130424,116.29594869565219
1997-11-01,EHC,Encompass Health Corporation,NYSE,1986-09-24,10381875000.0,114.4482,121.7595,109.6662,113.9174,113.9174,3753000.0,3753000.0,3.75,0.18057894736842114,114.7378247368421
1997-12-01,EHC,Encompass Health Corporation,NYSE,1986-09-24,10975125000.0,113.4162,122.5968,109.9138,120.427,120.427,3400100.0,3400100.0,16.25,0.6576363636363636,115.83649272727274
1998-01-01,EHC,Encompass Health Corporation,NYSE,1986-09-24,8874229000.0,118.4634,120.5921,93.8582,97.3723,97.3723,7450100.0,7450100.0,-15.0,-0.696,105.858774
1998-02-01,EHC,Encompass Health Corporation,NYSE,1986-09-24,11704315000.0,97.6848,117.7559,93.6931,117.4434,117.4434,7595900.0,7595900.0,15.9375,0.8453157894736842,104.81221526315791
1998-03-01,EHC,Encompass Health Corporation,NYSE,1986-09-24,12136815000.0,118.2571,132.3788,115.8396,121.7831,121.7831,7281200.0,7281200.0,-2.5,-0.057363636363636394,124.01445136363637
1998-04-01,EHC,Encompass Health Corporation,NYSE,1986-09-24,13056310000.0,123.2631,133.9826,118.9706,131.0051,131.0051,5378700.0,5378700.0,-0.3125,0.006809523809523763,126.19940333333332
1998-05-01,EHC,Encompass Health Corporation,NYSE,1986-09-24,12144928000.0,130.4449,133.2574,111.8008,123.1393,123.1393,3910400.0,3910400.0,-6.875,-0.25005,125.42579350000001
1998-06-01,EHC,Encompass Health Corporation,NYSE,1986-09-24,11422464000.0,122.1369,126.4354,111.4587,115.816,115.816,5288500.0,5288500.0,-14.0625,-0.5061363636363637,120.34709954545455
1998-07-01,EHC,Encompass Health Corporation,NYSE,1986-09-24,10753928000.0,119.2595,131.0167,105.4739,109.0352,109.0352,8606800.0,8606800.0,-11.25,-0.39881818181818185,118.70738090909089
1998-08-01,EHC,Encompass Health Corporation,NYSE,1986-09-24,8200154000.0,110.008,110.008,79.3708,82.1833,82.1833,6612900.0,6612900.0,-46.25,-2.1478571428571427,98.76714190476193
1998-09-01,EHC,Encompass Health Corporation,NYSE,1986-09-24,4546500000.0,86.3815,97.1363,37.442,45.567,45.567,14188800.0,14188800.0,-20.0,-0.9236190476190477,83.79569476190474
1998-10-01,EHC,Encompass Health Corporation,NYSE,1986-09-24,5250558000.0,46.0209,57.849,32.8663,52.619,52.619,22677400.0,22677400.0,2.1875,0.5602727272727275,43.34127545454545
1998-11-01,EHC,Encompass Health Corporation,NYSE,1986-09-24,5664117000.0,53.7925,60.8149,48.6979,58.3149,58.3149,12223600.0,12223600.0,-6.875,-0.5549999999999999,54.79916449999998
1998-12-01,EHC,Encompass Health Corporation,NYSE,1986-09-24,6507117000.0,56.7347,69.3056,53.1615,66.9943,66.9943,13641600.0,13641600.0,10.0,0.8598636363636364,60.427198181818156
1999-01-01,EHC,Encompass Health Corporation,NYSE,1986-09-24,5716383000.0,69.1229,77.6902,57.1298,58.8573,58.8573,10976600.0,10976600.0,-9.375,-0.6643684210526315,65.06939157894736
1999-02-01,EHC,Encompass Health Corporation,NYSE,1986-09-24,5138692000.0,59.6238,65.1782,49.8241,50.4491,50.4491,11443900.0,11443900.0,-13.75,-1.2278421052631578,56.77964736842105
1999-03-01,EHC,Encompass Health Corporation,NYSE,1986-09-24,4586192000.0,51.5753,54.494,42.4596,45.0245,45.0245,9177100.0,9177100.0,-11.5625,-0.9493043478260871,48.68270260869564
1999-04-01,EHC,Encompass Health Corporation,NYSE,1986-09-24,5939596000.0,44.2521,64.1758,38.3322,58.3149,58.3149,14515700.0,14515700.0,15.0,1.4709999999999994,52.15543285714286
1999-05-01,EHC,Encompass Health Corporation,NYSE,1986-09-24,5858688000.0,58.1911,62.7784,52.6014,58.0436,58.0436,7039400.0,7039400.0,2.1875,0.23415,57.96973599999999
1999-06-01,EHC,Encompass Health Corporation,NYSE,1986-09-24,6515688000.0,58.2736,69.683,56.1686,64.5532,64.5532,8876400.0,8876400.0,-5.0,-0.2820454545454545,63.81427772727273
1999-07-01,EHC,Encompass Health Corporation,NYSE,1986-09-24,5365500000.0,64.6357,66.8882,51.599,53.1615,53.1615,5532000.0,5532000.0,-8.4375,-0.6522857142857144,61.1731961904762
1999-08-01,EHC,Encompass Health Corporation,NYSE,1986-09-24,3381644000.0,53.7865,56.6639,34.2814,35.5314,35.5314,15512100.0,15512100.0,-25.3125,-2.5485454545454544,44.9206840909091
1999-09-01,EHC,Encompass Health Corporation,NYSE,1986-09-24,2530038000.0,35.5963,37.9488,19.0571,26.5807,26.5807,35536200.0,35536200.0,-0.3125,0.34490476190476177,28.59054285714286
1999-10-01,EHC,Encompass Health Corporation,NYSE,1986-09-24,2374750000.0,26.392,27.3295,20.8672,24.9533,24.9533,11826800.0,11826800.0,-3.125,-0.5523809523809524,24.19719571428571
1999-11-01,EHC,Encompass Health Corporation,NYSE,1986-09-24,2222375000.0,25.4133,27.8307,22.0759,24.9533,24.9533,13992700.0,13992700.0,-2.1875,-0.29414285714285704,24.574750476190474
1999-12-01,EHC,Encompass Health Corporation,NYSE,1986-09-24,2077824000.0,25.2009,25.2009,20.0948,23.3259,23.3259,15794000.0,15794000.0,-1.0156,-0.05431818181818179,22.211801363636365
2000-01-01,EHC,Encompass Health Corporation,NYSE,1986-09-24,2125750000.0,23.096,31.9817,22.0759,23.8684,23.8684,17591700.0,17591700.0,1.25,0.50925,26.181250499999997
2000-02-01,EHC,Encompass Health Corporation,NYSE,1986-09-24,1896764000.0,23.9509,26.7045,20.5311,21.1561,21.1561,13348200.0,13348200.0,-9.0625,-1.8719000000000006,23.1723505
2000-03-01,EHC,Encompass Health Corporation,NYSE,1986-09-24,2212632000.0,20.9498,28.102,20.3248,24.6821,24.6821,19646100.0,19646100.0,3.4375,0.8684782608695649,23.707942608695653
2000-04-01,EHC,Encompass Health Corporation,NYSE,1986-09-24,3136118000.0,24.517,37.259,23.1196,34.9889,34.9889,16869100.0,16869100.0,9.6875,2.1635789473684204,29.86323315789473
2000-05-01,EHC,Encompass Health Corporation,NYSE,1986-09-24,2489828000.0,34.4465,37.3651,27.0407,27.6657,27.6657,9064200.0,9064200.0,-10.9375,-1.5165,33.167852272727266
2000-06-01,EHC,Encompass Health Corporation,NYSE,1986-09-24,2806914000.0,27.4593,34.9417,27.1468,31.1917,31.1917,7900400.0,7900400.0,1.6406,0.34099999999999997,30.880515
2000-07-01,EHC,Encompass Health Corporation,NYSE,1986-09-24,2318789000.0,31.1504,33.4853,22.3472,25.767,25.767,11146500.0,11146500.0,-4.0625,-0.6849999999999999,28.803852499999994
2000-08-01,EHC,Encompass Health Corporation,NYSE,1986-09-24,2394600000.0,25.5371,27.7895,24.0158,26.6485,26.6485,7100800.0,7100800.0,1.6406,0.3418260869565217,25.686965652173917
2000-09-01,EHC,Encompass Health Corporation,NYSE,1986-09-24,3144180000.0,26.5395,35.3427,25.9145,34.9889,34.9889,8533800.0,8533800.0,13.4375,2.3074500000000002,30.986683
2000-10-01,EHC,Encompass Health Corporation,NYSE,1986-09-24,4680000000.0,35.0538,54.7829,35.0538,52.0765,52.0765,20540700.0,20540700.0,13.75,1.6079090909090914,46.72346863636363
2000-11-01,EHC,Encompass Health Corporation,NYSE,1986-09-24,5498541000.0,54.0753,62.2123,47.9491,60.4847,60.4847,10376700.0,10376700.0,6.25,0.5895238095238096,54.247701904761904
2000-12-01,EHC,Encompass Health Corporation,NYSE,1986-09-24,6435084000.0,60.3137,76.729,52.8137,70.7915,70.7915,9194100.0,9194100.0,16.25,1.3685500000000002,61.38008499999999
2001-01-01,EHC,Encompass Health Corporation,NYSE,1986-09-24,5897775000.0,69.8068,71.0744,58.3385,64.8787,64.8787,11163100.0,11163100.0,-2.7875,-0.09804761904761909,66.0280819047619
2001-02-01,EHC,Encompass Health Corporation,NYSE,1986-09-24,6344120000.0,63.056,71.8693,63.056,69.0882,69.0882,5574400.0,5574400.0,10.700199999999999,0.8976315789473684,68.1919063157895
2001-03-01,EHC,Encompass Health Corporation,NYSE,1986-09-24,5136665000.0,69.5165,69.8665,52.3134,55.9389,55.9389,8998200.0,8998200.0,-12.950000000000001,-0.8917727272727273,59.008261818181815
2001-04-01,EHC,Encompass Health Corporation,NYSE,1986-09-24,5598925000.0,56.2323,61.723,48.7227,60.973,60.973,9623700.0,9623700.0,10.25,0.9775500000000001,54.307235500000004
2001-05-01,EHC,Encompass Health Corporation,NYSE,1986-09-24,4933950000.0,59.7692,60.9692,48.5605,55.1143,55.1143,9620400.0,9620400.0,-3.15,-0.21754545454545451,54.26033136363637
2001-06-01,EHC,Encompass Health Corporation,NYSE,1986-09-24,6204345000.0,55.7917,70.7552,54.3917,69.3052,69.3052,8639600.0,8639600.0,12.6,1.0064761904761905,62.02131809523811
2001-07-01,EHC,Encompass Health Corporation,NYSE,1986-09-24,6643350000.0,68.1995,75.544,66.3363,74.209,74.209,8877300.0,8877300.0,7.849999999999998,0.5575714285714286,71.65765714285715
2001-08-01,EHC,Encompass Health Corporation,NYSE,1986-09-24,7250080000.0,74.46,80.1931,65.024,78.462,78.462,9989100.0,9989100.0,4.6000000000000005,0.30256521739130443,75.03040434782609
2001-09-01,EHC,Encompass Health Corporation,NYSE,1986-09-24,6520260000.0,78.3327,80.4327,60.8248,70.5637,70.5637,5469800.0,5469800.0,4.749999999999999,0.5316,70.180078
2001-10-01,EHC,Encompass Health Corporation,NYSE,1986-09-24,5221020000.0,71.8892,73.3713,51.6898,56.503,56.503,12028200.0,12028200.0,-14.65,-0.9619130434782608,63.64183000000002
2001-11-01,EHC,Encompass Health Corporation,NYSE,1986-09-24,6013120000.0,56.4172,64.8306,51.4181,63.8806,63.8806,11313400.0,11313400.0,0.249900000000002,0.03200000000000003,57.430074761904756
2001-12-01,EHC,Encompass Health Corporation,NYSE,1986-09-24,6053970000.0,63.8371,65.572,59.4739,64.3145,64.3145,9669100.0,9669100.0,-0.5000000000000003,-0.014499999999999985,61.97743649999999
2002-01-01,EHC,Encompass Health Corporation,NYSE,1986-09-24,4779450000.0,64.3117,65.6578,48.334,50.7746,50.7746,16692100.0,16692100.0,-16.349999999999998,-1.3135238095238093,56.88689142857143
2002-02-01,EHC,Encompass Health Corporation,NYSE,1986-09-24,4942650000.0,49.9567,54.5265,47.0029,51.686,51.686,9665600.0,9665600.0,1.2499999999999993,0.1717894736842105,51.02164736842105
2002-03-01,EHC,Encompass Health Corporation,NYSE,1986-09-24,5955250000.0,52.3992,62.7248,49.9406,62.2748,62.2748,8379200.0,8379200.0,10.250000000000002,0.9128500000000003,56.829928499999994
2002-04-01,EHC,Encompass Health Corporation,NYSE,1986-09-24,6266500000.0,61.6899,68.2061,59.1446,65.5296,65.5296,8399300.0,8399300.0,6.750000000000001,0.49868181818181817,63.85197636363637
2002-05-01,EHC,Encompass Health Corporation,NYSE,1986-09-24,5695375000.0,65.6401,69.7013,57.7738,61.4069,61.4069,10889700.0,10889700.0,-2.949999999999999,-0.16681818181818187,61.98550772727273
2002-06-01,EHC,Encompass Health Corporation,NYSE,1986-09-24,5147975000.0,61.9333,63.189,51.1954,55.5049,55.5049,8497800.0,8497800.0,-4.4998000000000005,-0.38964999999999994,59.090481999999994
2002-07-01,EHC,Encompass Health Corporation,NYSE,1986-09-24,4125625000.0,56.0265,56.7728,28.3971,44.482,44.482,17837700.0,17837700.0,-24.349999999999994,-2.169545454545454,42.13355318181818
2002-08-01,EHC,Encompass Health Corporation,NYSE,1986-09-24,2141320000.0,46.8509,53.2011,20.9155,23.2608,23.2608,30603400.0,30603400.0,-1.9000000000000001,-0.2598636363636363,44.82008681818181
2002-09-01,EHC,Encompass Health Corporation,NYSE,1986-09-24,1657925000.0,24.008,24.908,11.9559,18.0098,18.0098,26199700.0,26199700.0,-4.249999999999999,-0.8322499999999998,19.207180500000003
2002-10-01,EHC,Encompass Health Corporation,NYSE,1986-09-24,1737825000.0,18.1938,21.1268,14.173,18.8777,18.8777,12939800.0,12939800.0,-5.0,-1.1075217391304342,17.525632608695652
2002-11-01,EHC,Encompass Health Corporation,NYSE,1986-09-24,27242545000.0,18.5589,22.3778,15.2862,17.6626,17.6626,10220900.0,10220900.0,1.5,0.4594999999999999,17.448766999999997
2002-12-01,EHC,Encompass Health Corporation,NYSE,1986-09-24,28112700000.0,17.89,18.8862,15.6211,18.2268,18.2268,8839700.0,8839700.0,1.7,0.5055714285714286,17.41091047619048
2003-01-01,EHC,Encompass Health Corporation,NYSE,1986-09-24,25636105000.0,18.2929,21.2646,15.9579,16.6211,16.6211,8271800.0,8271800.0,-2.6001000000000003,-0.5832857142857142,18.200194285714286
2003-02-01,EHC,Encompass Health Corporation,NYSE,1986-09-24,23962730000.0,16.7051,17.3551,13.3871,15.5362,15.5362,6619600.0,6619600.0,-0.15000000000000005,0.10431578947368426,15.316787368421052
2003-03-01,EHC,Encompass Health Corporation,NYSE,1986-09-24,602415000.0,14.7022,17.3919,0.2906,0.3906,0.3906,45743400.0,45743400.0,2.7500000000000004,0.03368750000000009,11.916579375
2003-04-01,EHC,Encompass Health Corporation,NYSE,1986-09-24,937090000.0,0.3708,0.7878,-0.0424,0.6076,0.6076,43649100.0,43649100.0,-0.15,0.728095238095238,0.5822038095238096
2003-05-01,EHC,Encompass Health Corporation,NYSE,1986-09-24,2008050000.0,0.6378,1.7453,0.5878,1.3019,1.3019,44065900.0,44065900.0,-0.3,0.6965238095238094,1.1863366666666668
2003-06-01,EHC,Encompass Health Corporation,NYSE,1986-09-24,3480620000.0,1.3255,4.2444,-0.0603,2.2566,2.2566,59354400.0,59354400.0,-0.3000000000000002,2.0082857142857145,2.2427242857142855
2003-07-01,EHC,Encompass Health Corporation,NYSE,1986-09-24,10776535000.0,2.6114,11.2624,2.5114,6.9869,6.9869,65310600.0,65310600.0,5.550000000000002,8.72068181818182,6.298357727272728
2003-08-01,EHC,Encompass Health Corporation,NYSE,1986-09-24,21620005000.0,6.7803,14.8597,6.2303,14.0173,14.0173,28108200.0,28108200.0,5.15,3.1289523809523807,9.637401428571426
2003-09-01,EHC,Encompass Health Corporation,NYSE,1986-09-24,19745825000.0,14.4852,15.4578,10.9682,12.8021,12.8021,17775700.0,17775700.0,-1.8499999999999996,-0.48652380952380936,13.267279523809524
2003-10-01,EHC,Encompass Health Corporation,NYSE,1986-09-24,18942605000.0,12.8191,13.7031,11.3682,12.2814,12.2814,8925600.0,8925600.0,0.5000000000000003,0.23830434782608692,12.56742956521739
2003-11-01,EHC,Encompass Health Corporation,NYSE,1986-09-24,28045765000.0,12.1946,18.5334,10.6644,18.1834,18.1834,11797800.0,11797800.0,7.749999999999998,2.9272105263157893,14.453064736842105
2003-12-01,EHC,Encompass Health Corporation,NYSE,1986-09-24,30723165000.0,18.5183,21.841,16.791,19.9193,19.9193,8777600.0,8777600.0,-1.55,-0.24418181818181825,19.80599727272727
2004-01-01,EHC,Encompass Health Corporation,NYSE,1986-09-24,10000268750.0,19.4636,28.2345,18.8448,21.8287,21.8287,23677200.0,23677200.0,4.7,1.2589000000000001,22.7765735
2004-02-01,EHC,Encompass Health Corporation,NYSE,1986-09-24,9145375000.0,21.4552,23.192,17.1013,19.9627,19.9627,8026400.0,8026400.0,-1.8499999999999999,-0.3877368421052632,20.98897578947368
2004-03-01,EHC,Encompass Health Corporation,NYSE,1986-09-24,8171193750.0,20.0787,20.0787,12.9041,17.8362,17.8362,10210000.0,10210000.0,-1.4500999999999995,-0.15265217391304325,18.160901739130438
2004-04-01,EHC,Encompass Health Corporation,NYSE,1986-09-24,8548937500.0,17.3277,21.1797,17.1277,18.6608,18.6608,8624000.0,8624000.0,5.15,1.394952380952381,19.45001238095238
2004-05-01,EHC,Encompass Health Corporation,NYSE,1986-09-24,9642406250.0,18.7655,24.0476,16.8702,21.0476,21.0476,7181200.0,7181200.0,4.500000000000002,1.2858500000000002,20.720024000000002
2004-06-01,EHC,Encompass Health Corporation,NYSE,1986-09-24,11928750000.0,21.5476,26.9449,18.6439,26.0383,26.0383,11219300.0,11219300.0,3.2,0.7531904761904762,23.891215238095235
2004-07-01,EHC,Encompass Health Corporation,NYSE,1986-09-24,10735875000.0,26.0241,28.0741,21.7505,23.4344,23.4344,8497200.0,8497200.0,-1.2000000000000002,-0.16495238095238093,25.359963333333337
2004-08-01,EHC,Encompass Health Corporation,NYSE,1986-09-24,10815400000.0,23.3939,24.7656,19.3882,23.608,23.608,2875600.0,2875600.0,6.05,1.3984999999999999,23.05257818181818
2004-09-01,EHC,Encompass Health Corporation,NYSE,1986-09-24,10139437500.0,23.658,24.8684,21.5325,22.1325,22.1325,8331200.0,8331200.0,-0.9000000000000002,-0.17299999999999993,22.75255095238095
2004-10-01,EHC,Encompass Health Corporation,NYSE,1986-09-24,10875043750.0,21.8825,26.2646,20.2646,23.7382,23.7382,12137300.0,12137300.0,4.3,0.9325238095238094,22.440159523809523
2004-11-01,EHC,Encompass Health Corporation,NYSE,1986-09-24,11332312500.0,23.3552,25.8363,22.2703,24.7363,24.7363,7921000.0,7921000.0,3.45,0.7387619047619048,24.183002380952377
2004-12-01,EHC,Encompass Health Corporation,NYSE,1986-09-24,12485425000.0,24.6033,29.1109,21.658,27.2534,27.2534,16037200.0,16037200.0,6.35,1.1859090909090908,25.680195909090912
2005-01-01,EHC,Encompass Health Corporation,NYSE,1986-09-24,11630531250.0,27.1826,27.9326,24.0524,25.3873,25.3873,4649000.0,4649000.0,-0.3500000000000001,-0.053099999999999994,25.6385225
2005-02-01,EHC,Encompass Health Corporation,NYSE,1986-09-24,2332440000.0,25.3873,26.2713,24.1524,25.5609,25.5609,3451200.0,3451200.0,0.8,0.18631578947368416,25.017977894736838
2005-03-01,EHC,Encompass Health Corporation,NYSE,1986-09-24,2118600000.0,24.9797,25.7297,21.9675,23.2175,23.2175,6442300.0,6442300.0,-0.8500000000000003,-0.11249999999999999,23.97365090909091
2005-04-01,EHC,Encompass Health Corporation,NYSE,1986-09-24,2039400000.0,22.9165,24.9863,21.2287,22.3495,22.3495,6234800.0,6234800.0,3.25,0.6995714285714287,23.296984285714288
2005-05-01,EHC,Encompass Health Corporation,NYSE,1986-09-24,2126655000.0,22.9929,23.5665,20.5344,23.0439,23.0439,7309000.0,7309000.0,2.4999999999999996,0.606095238095238,22.189576190476192
2005-06-01,EHC,Encompass Health Corporation,NYSE,1986-09-24,2242800000.0,22.9675,40.1845,22.6844,24.3024,24.3024,11873200.0,11873200.0,2.05,0.42840909090909085,25.07908727272727
2005-07-01,EHC,Encompass Health Corporation,NYSE,1986-09-24,2146680000.0,24.5712,24.9863,22.0665,23.2608,23.2608,6734800.0,6734800.0,0.19999999999999996,0.06715,23.703494499999998
2005-08-01,EHC,Encompass Health Corporation,NYSE,1986-09-24,2104100000.0,23.4344,25.0533,22.4005,23.0005,23.0005,5652200.0,5652200.0,2.0999999999999996,0.39952173913043476,23.752847826086953
2005-09-01,EHC,Encompass Health Corporation,NYSE,1986-09-24,1643580000.0,22.6373,23.6108,16.589,17.9664,17.9664,13036900.0,13036900.0,-2.7,-0.617047619047619,20.113789523809523
2005-10-01,EHC,Encompass Health Corporation,NYSE,1986-09-24,1619760000.0,17.49,19.6938,16.0928,17.706,17.706,9635100.0,9635100.0,3.5500000000000007,0.9906190476190476,18.044368571428574
2005-11-01,EHC,Encompass Health Corporation,NYSE,1986-09-24,1478945000.0,17.4258,18.2758,15.1871,16.1871,16.1871,6022700.0,6022700.0,-0.9999999999999999,-0.2449047619047619,17.326980476190474
2005-12-01,EHC,Encompass Health Corporation,NYSE,1986-09-24,1942850000.0,16.3267,21.3976,15.5767,21.2646,21.2646,10892100.0,10892100.0,6.05,1.5792380952380953,18.52503142857143
2006-01-01,EHC,Encompass Health Corporation,NYSE,1986-09-24,1915095000.0,21.3976,25.1466,19.8466,20.9608,20.9608,6433000.0,6433000.0,-0.5,-0.08015000000000003,21.443174499999998
2006-02-01,EHC,Encompass Health Corporation,NYSE,1986-09-24,1939800000.0,20.8966,23.4155,18.2976,21.1778,21.1778,17476800.0,17476800.0,-1.4999999999999996,-0.2841052631578947,21.39224684210526
2006-03-01,EHC,Encompass Health Corporation,NYSE,1986-09-24,1983525000.0,21.4486,22.2052,20.3306,21.6552,21.6552,22277300.0,22277300.0,1.7499999999999998,0.3771739130434783,21.355806521739133
2006-04-01,EHC,Encompass Health Corporation,NYSE,1986-09-24,1820550000.0,21.608,21.858,18.0136,19.8759,19.8759,9184600.0,9184600.0,-1.1999999999999997,-0.28721052631578947,20.71150789473684
2006-05-01,EHC,Encompass Health Corporation,NYSE,1986-09-24,1736330000.0,19.5929,21.1466,17.0947,18.7909,18.7909,8835100.0,8835100.0,0.8000000000000002,0.18995454545454546,19.632164999999997
2006-06-01,EHC,Encompass Health Corporation,NYSE,1986-09-24,1543850000.0,18.5343,19.1277,15.1428,16.7079,16.7079,12142800.0,12142800.0,-2.1000000000000005,-0.49427272727272753,17.191308636363637
2006-07-01,EHC,Encompass Health Corporation,NYSE,1986-09-24,1583950000.0,16.8541,18.8174,15.4909,17.1419,17.1419,5993000.0,5993000.0,-0.04999999999999988,0.019499999999999997,17.2295
2006-08-01,EHC,Encompass Health Corporation,NYSE,1986-09-24,1958580000.0,17.2145,21.691,14.806,21.091,21.091,14153600.0,14153600.0,3.8499999999999996,0.9536956521739129,18.575965652173913
2006-09-01,EHC,Encompass Health Corporation,NYSE,1986-09-24,1998880000.0,21.0476,22.0146,18.8966,21.525,21.525,10484900.0,10484900.0,1.1500000000000001,0.2896499999999999,21.070702500000003
2006-10-01,EHC,Encompass Health Corporation,NYSE,1986-09-24,1914250000.0,21.4882,23.4675,20.5136,20.6136,20.6136,10377700.0,10377700.0,-1.2499999999999998,-0.2968333333333333,21.58431055555555
2006-11-01,EHC,Encompass Health Corporation,NYSE,1986-09-24,1888920000.0,20.9044,21.0044,17.0268,20.7004,20.7004,11173700.0,11173700.0,2.1100000000000003,0.5931428571428572,19.20019238095238
2006-12-01,EHC,Encompass Health Corporation,NYSE,1986-09-24,1793880000.0,20.8466,21.4816,19.1083,19.6589,19.6589,4686500.0,4686500.0,1.65,0.43604999999999994,20.447860499999994
2007-01-01,EHC,Encompass Health Corporation,NYSE,1986-09-24,1852488000.0,19.0998,20.3012,18.4413,20.3012,20.3012,10641500.0,10641500.0,2.1999999999999997,0.5779499999999999,19.471855
2007-02-01,EHC,Encompass Health Corporation,NYSE,1986-09-24,1888800000.0,19.9397,22.4922,19.9397,20.8306,20.8306,8963300.0,8963300.0,1.4499999999999997,0.3915789473684209,21.296054210526318
2007-03-01,EHC,Encompass Health Corporation,NYSE,1986-09-24,1653487000.0,20.7191,21.2668,17.7355,18.2355,18.2355,13387200.0,13387200.0,-3.52,-0.7782272727272729,20.12760772727273
2007-04-01,EHC,Encompass Health Corporation,NYSE,1986-09-24,1652700000.0,18.173,18.9096,17.3819,18.2268,18.2268,8433500.0,8433500.0,0.86,0.24379999999999996,18.104398
2007-05-01,EHC,Encompass Health Corporation,NYSE,1986-09-24,1648344000.0,18.2489,18.5189,16.0239,18.0185,18.0185,18589300.0,18589300.0,0.2300000000000002,0.08700000000000006,17.331592727272728
2007-06-01,EHC,Encompass Health Corporation,NYSE,1986-09-24,1437934000.0,17.9764,18.3372,14.1984,15.7184,15.7184,15802700.0,15802700.0,-1.58,-0.4281904761904761,16.871819523809524
2007-07-01,EHC,Encompass Health Corporation,NYSE,1986-09-24,1254520000.0,15.8156,16.6056,13.5235,13.7135,13.7135,16159200.0,16159200.0,-2.1,-0.6547142857142857,15.758359999999998
2007-08-01,EHC,Encompass Health Corporation,NYSE,1986-09-24,2417624000.0,13.4995,16.9662,12.8486,15.8486,15.8486,21082000.0,21082000.0,1.5999999999999999,0.5401304347826088,15.050873913043478
2007-09-01,EHC,Encompass Health Corporation,NYSE,1986-09-24,2318324000.0,15.7969,16.3482,14.0348,15.1977,15.1977,7336900.0,7336900.0,-0.7200000000000004,-0.20663157894736828,15.35593
2007-10-01,EHC,Encompass Health Corporation,NYSE,1986-09-24,2654620000.0,15.1543,17.4022,14.7362,17.4022,17.4022,12618800.0,12618800.0,2.1599999999999997,0.5984782608695651,15.751994347826088
2007-11-01,EHC,Encompass Health Corporation,NYSE,1986-09-24,1558638000.0,17.247,18.2813,15.8951,17.2113,17.2113,12150000.0,12150000.0,0.6000000000000001,0.1863809523809524,17.283116190476193
2007-12-01,EHC,Encompass Health Corporation,NYSE,1986-09-24,1650600000.0,17.0196,20.0236,16.1617,18.2268,18.2268,16197200.0,16197200.0,0.1999999999999998,0.12459999999999993,18.1485545
2008-01-01,EHC,Encompass Health Corporation,NYSE,1986-09-24,1337772000.0,18.1291,18.8991,14.1522,14.7724,14.7724,20080000.0,20080000.0,-2.21,-0.5534761904761907,16.023256666666665
2008-02-01,EHC,Encompass Health Corporation,NYSE,1986-09-24,1268712000.0,14.595,16.1809,13.7663,13.9565,13.9565,11372300.0,11372300.0,-0.5000000000000002,-0.14590000000000003,14.570120999999997
2008-03-01,EHC,Encompass Health Corporation,NYSE,1986-09-24,1403631000.0,14.018,16.4877,13.0673,15.4407,15.4407,12073700.0,12073700.0,1.12,0.41385000000000005,14.571676500000004
2008-04-01,EHC,Encompass Health Corporation,NYSE,1986-09-24,1551963000.0,15.3779,17.576,15.3279,17.0724,17.0724,9354500.0,9354500.0,1.7399999999999995,0.5134545454545454,16.832962272727272
2008-05-01,EHC,Encompass Health Corporation,NYSE,1986-09-24,1741890000.0,17.0502,17.4887,15.9266,16.2566,16.2566,10695500.0,10695500.0,-1.1800000000000004,-0.30447619047619046,16.694425238095235
2008-06-01,EHC,Encompass Health Corporation,NYSE,1986-09-24,1546590000.0,16.2566,16.9173,14.3045,14.4339,14.4339,15633000.0,15633000.0,-1.08,-0.3166190476190476,16.000921428571424
2008-07-01,EHC,Encompass Health Corporation,NYSE,1986-09-24,1527060000.0,14.3963,15.3405,13.7661,14.2516,14.2516,17153000.0,17153000.0,0.10000000000000003,0.04772727272727271,14.618431818181817
2008-08-01,EHC,Encompass Health Corporation,NYSE,1986-09-24,1816990000.0,14.4207,17.1503,13.7607,15.6143,15.6143,13159800.0,13159800.0,0.36,0.13966666666666674,15.439266666666667
2008-09-01,EHC,Encompass Health Corporation,NYSE,1986-09-24,1861430000.0,15.8032,17.4049,13.3249,15.9962,15.9962,19504900.0,19504900.0,-0.3801000000000001,-0.06823809523809532,16.024178095238092
2008-10-01,EHC,Encompass Health Corporation,NYSE,1986-09-24,1266540000.0,15.9962,15.9962,6.1039,10.884,10.884,30497100.0,30497100.0,-5.059999999999999,-1.2713913043478255,11.15815043478261
2008-11-01,EHC,Encompass Health Corporation,NYSE,1986-09-24,990888000.0,10.7653,12.4695,7.0675,8.5406,8.5406,22222200.0,22222200.0,-2.5600000000000005,-0.9031052631578949,9.286406315789474
2008-12-01,EHC,Encompass Health Corporation,NYSE,1986-09-24,1103672000.0,8.0575,9.8626,7.3075,9.5126,9.5126,16354800.0,16354800.0,1.9500000000000002,1.1693636363636364,8.484531363636364
2009-01-01,EHC,Encompass Health Corporation,NYSE,1986-09-24,1000958000.0,9.357,10.4128,8.2747,8.6273,8.6273,12443200.0,12443200.0,-0.29,-0.06205000000000007,9.239246499999998
2009-02-01,EHC,Encompass Health Corporation,NYSE,1986-09-24,792065000.0,8.4338,10.2462,6.5733,6.8133,6.8133,23362500.0,23362500.0,-2.28,-1.3507368421052635,8.819481052631579
2009-03-01,EHC,Encompass Health Corporation,NYSE,1986-09-24,895992000.0,6.9209,8.2886,5.812,7.7073,7.7073,22318400.0,22318400.0,0.6799999999999999,0.5338181818181817,7.15157681818182
2009-04-01,EHC,Encompass Health Corporation,NYSE,1986-09-24,945433000.0,7.5675,8.6026,7.0392,8.1326,8.1326,26741500.0,26741500.0,0.8199,0.571,7.578878571428572
2009-05-01,EHC,Encompass Health Corporation,NYSE,1986-09-24,1037184000.0,8.1166,10.8221,7.8366,10.2764,10.2764,31237100.0,31237100.0,1.44,0.8099499999999995,9.750272499999998
2009-06-01,EHC,Encompass Health Corporation,NYSE,1986-09-24,1264944000.0,10.3857,12.7531,10.3357,12.5331,12.5331,26849700.0,26849700.0,2.59,1.0882272727272726,11.236998636363637
2009-07-01,EHC,Encompass Health Corporation,NYSE,1986-09-24,1261440000.0,12.631,13.0693,11.0353,12.4984,12.4984,15445800.0,15445800.0,0.019999999999999962,0.015000000000000043,12.036270454545452
2009-08-01,EHC,Encompass Health Corporation,NYSE,1986-09-24,1595342000.0,12.6395,14.4205,12.2695,13.5486,13.5486,17160100.0,17160100.0,0.18000000000000008,0.09214285714285718,13.498304285714287
2009-09-01,EHC,Encompass Health Corporation,NYSE,1986-09-24,1598408000.0,13.5031,14.3261,12.7257,13.5746,13.5746,13504900.0,13504900.0,0.22000000000000014,0.1037142857142858,13.466730476190477
2009-10-01,EHC,Encompass Health Corporation,NYSE,1986-09-24,1493142000.0,13.4546,15.5167,12.5106,12.6806,12.6806,17651100.0,17651100.0,-0.8400000000000002,-0.2684999999999999,14.274971818181818
2009-11-01,EHC,Encompass Health Corporation,NYSE,1986-09-24,1890812000.0,12.7933,16.1788,12.7233,15.2237,15.2237,12904800.0,12904800.0,2.02,0.7414000000000003,15.118578499999998
2009-12-01,EHC,Encompass Health Corporation,NYSE,1986-09-24,2023406000.0,15.3675,17.3862,15.3475,16.2913,16.2913,13768600.0,13768600.0,0.08000000000000007,0.045499999999999936,16.457334090909086
2010-01-01,EHC,Encompass Health Corporation,NYSE,1986-09-24,1945080000.0000002,16.4615,18.053,15.5116,15.6316,15.6316,13639600.0,13639600.0,-1.17,-0.3503684210526315,16.818278947368423
2010-02-01,EHC,Encompass Health Corporation,NYSE,1986-09-24,1868400000.0,15.6186,16.5554,14.4209,15.0154,15.0154,17773400.0,17773400.0,0.5400000000000001,0.1995263157894737,15.439995263157895
2010-03-01,EHC,Encompass Health Corporation,NYSE,1986-09-24,2019600000.0,15.0018,17.083,14.9418,16.2305,16.2305,20821900.0,20821900.0,1.13,0.3395652173913044,15.900569130434784
2010-04-01,EHC,Encompass Health Corporation,NYSE,1986-09-24,2209680000.0,16.2085,18.4381,16.0911,17.7581,17.7581,21666000.0,21666000.0,2.1099,0.608,17.244925714285717
2010-05-01,EHC,Encompass Health Corporation,NYSE,1986-09-24,2148852000.0,17.6913,19.489,15.8179,17.2373,17.2373,21359900.0,21359900.0,-1.14,-0.2661000000000001,17.493763999999995
2010-06-01,EHC,Encompass Health Corporation,NYSE,1986-09-24,2024422000.0,17.1832,17.7538,16.112,16.2392,16.2392,14217400.0,14217400.0,-0.9,-0.22504545454545452,16.92963409090909
2010-07-01,EHC,Encompass Health Corporation,NYSE,1986-09-24,2002782000.0,16.2984,16.3822,14.9484,16.0656,16.0656,16304500.0,16304500.0,-1.0199999999999998,-0.28214285714285714,15.63656380952381
2010-08-01,EHC,Encompass Health Corporation,NYSE,1986-09-24,1760958000.0,16.4115,16.5015,14.0403,14.1127,14.1127,14822000.0,14822000.0,-0.8999,-0.24977272727272729,15.104543636363633
2010-09-01,EHC,Encompass Health Corporation,NYSE,1986-09-24,2079360000.0,14.2716,17.0939,14.1716,16.6645,16.6645,13332600.0,13332600.0,1.99,0.6336666666666667,15.701513333333335
2010-10-01,EHC,Encompass Health Corporation,NYSE,1986-09-24,1956981000.0,16.859,17.0662,15.2037,15.6837,15.6837,13197900.0,13197900.0,-1.7500000000000004,-0.5030476190476191,16.13922238095238
2010-11-01,EHC,Encompass Health Corporation,NYSE,1986-09-24,1958400000.0,15.7624,16.9758,15.4809,15.623,15.623,15824000.0,15824000.0,0.4099999999999998,0.13219047619047616,16.06813095238095
2010-12-01,EHC,Encompass Health Corporation,NYSE,1986-09-24,2253248000.0,15.9169,18.8098,15.4975,17.9751,17.9751,25288600.0,25288600.0,1.5600000000000005,0.4403181818181817,17.244286818181816
2011-01-01,EHC,Encompass Health Corporation,NYSE,1986-09-24,2461056000.0,18.1434,20.9634,18.0134,19.6329,19.6329,21601100.0,21601100.0,0.6699000000000003,0.2105,19.6115525
2011-02-01,EHC,Encompass Health Corporation,NYSE,1986-09-24,2638890000.0,19.6783,21.3806,19.0545,21.0129,21.0129,19049000.0,19049000.0,1.3800000000000001,0.37678947368421056,20.17178526315789
2011-03-01,EHC,Encompass Health Corporation,NYSE,1986-09-24,2722820000.0,21.057,22.057,19.7374,21.6812,21.6812,17294300.0,17294300.0,0.6099999999999999,0.13908695652173914,21.190398260869564
2011-04-01,EHC,Encompass Health Corporation,NYSE,1986-09-24,2793670000.0,21.6127,22.7954,20.2568,22.2454,22.2454,16152200.0,16152200.0,-0.4900000000000001,-0.10304999999999995,21.296415
2011-05-01,EHC,Encompass Health Corporation,NYSE,1986-09-24,3073665000.0,22.3586,24.7931,21.9486,24.3631,24.3631,18928600.0,18928600.0,3.2099999999999995,0.6675714285714284,23.54748380952381
2011-06-01,EHC,Encompass Health Corporation,NYSE,1986-09-24,2874375000.0,24.3565,24.4565,21.1301,22.7835,22.7835,18623700.0,18623700.0,-0.3000000000000007,-0.026227272727272807,22.37896954545455
2011-07-01,EHC,Encompass Health Corporation,NYSE,1986-09-24,2671800000.0,22.7756,23.6103,20.2138,21.1778,21.1778,19929000.0,19929000.0,-2.6500000000000004,-0.6010000000000002,21.966189
2011-08-01,EHC,Encompass Health Corporation,NYSE,1986-09-24,2335788000.0,21.7357,21.9557,14.606,18.5653,18.5653,39136800.0,39136800.0,-2.760000000000001,-0.4584782608695652,17.144099130434782
2011-09-01,EHC,Encompass Health Corporation,NYSE,1986-09-24,1630356000.0,18.6496,19.0396,11.891,12.9584,12.9584,42661900.0,42661900.0,-5.01,-1.4447619047619047,15.752908571428568
2011-10-01,EHC,Encompass Health Corporation,NYSE,1986-09-24,1928472000.0,12.8982,16.6188,11.7391,15.3279,15.3279,23733500.0,23733500.0,3.0499999999999994,1.0537142857142858,14.05601857142857
2011-11-01,EHC,Encompass Health Corporation,NYSE,1986-09-24,1885248000.0,14.7482,17.0369,13.825,14.998,14.998,21641100.0,21641100.0,-0.7999999999999998,-0.23385714285714296,15.21515142857143
2011-12-01,EHC,Encompass Health Corporation,NYSE,1986-09-24,1927797000.0,14.8394,15.7994,13.0863,15.3365,15.3365,18248600.0,18248600.0,-0.19000000000000003,-0.01738095238095237,14.730491904761907
2012-01-01,EHC,Encompass Health Corporation,NYSE,1986-09-24,2104539000.0,15.4099,17.6839,14.2139,16.7426,16.7426,20374300.0,20374300.0,1.8599999999999999,0.6335499999999998,15.734480999999999
2012-02-01,EHC,Encompass Health Corporation,NYSE,1986-09-24,2213132000.0,16.8873,18.4741,16.1588,17.6713,17.6713,17312300.0,17312300.0,0.7199999999999999,0.23775000000000004,17.500122999999995
2012-03-01,EHC,Encompass Health Corporation,NYSE,1986-09-24,2226176000.0,17.7019,18.7158,17.247,17.7755,17.7755,13079500.0,13079500.0,0.14999999999999997,0.04872727272727267,17.863635454545456
2012-04-01,EHC,Encompass Health Corporation,NYSE,1986-09-24,2433793000.0,17.6047,19.9115,17.2215,19.4332,19.4332,11270900.0,11270900.0,1.39,0.4004499999999999,17.944280000000003
2012-05-01,EHC,Encompass Health Corporation,NYSE,1986-09-24,2067120000.0,19.4634,19.9734,16.1549,16.6124,16.6124,12681400.0,12681400.0,-2.14,-0.5428636363636362,17.846304545454544
2012-06-01,EHC,Encompass Health Corporation,NYSE,1986-09-24,2512080000.0,16.3316,20.2783,15.9262,20.1883,20.1883,16754600.0,16754600.0,3.37,0.9042857142857144,18.164263333333338
2012-07-01,EHC,Encompass Health Corporation,NYSE,1986-09-24,2419200000.0,20.2164,21.4078,18.1138,19.4419,19.4419,13172800.0,13172800.0,-0.55,-0.11776190476190476,20.230834285714284
2012-08-01,EHC,Encompass Health Corporation,NYSE,1986-09-24,2475490000.0,19.6627,20.3759,18.7617,19.8759,19.8759,10278100.0,10278100.0,0.4699999999999999,0.11221739130434781,19.57201304347826
2012-09-01,EHC,Encompass Health Corporation,NYSE,1986-09-24,2600886000.0,19.7849,21.7519,19.7249,20.8827,20.8827,9851800.0,9851800.0,1.0399999999999998,0.2909473684210527,20.964803157894735
2012-10-01,EHC,Encompass Health Corporation,NYSE,1986-09-24,2392253000.0,21.018,21.2087,18.4276,19.2076,19.2076,11882800.0,11882800.0,-2.9000000000000004,-0.6663333333333332,19.733310476190475
2012-11-01,EHC,Encompass Health Corporation,NYSE,1986-09-24,2374920000.0,19.1957,19.9234,17.1758,19.0861,19.0861,9983600.0,9983600.0,-1.05,-0.2404761904761906,18.69392476190476
2012-12-01,EHC,Encompass Health Corporation,NYSE,1986-09-24,2279880000.0,19.164,19.4766,17.674,18.3223,18.3223,10511000.0,10511000.0,-0.3500000000000001,-0.07545000000000002,18.467849999999995
2013-01-01,EHC,Encompass Health Corporation,NYSE,1986-09-24,2576880000.0,18.7649,21.0691,18.6049,20.7091,20.7091,10490600.0,10490600.0,2.3900000000000006,0.5825238095238093,20.105917142857145
2013-02-01,EHC,Encompass Health Corporation,NYSE,1986-09-24,2583252000.0,20.511,21.7014,19.4127,20.9348,20.9348,11851900.0,11851900.0,0.07000000000000009,0.038473684210526354,20.340120526315786
2013-03-01,EHC,Encompass Health Corporation,NYSE,1986-09-24,2824227000.0,20.7438,22.9876,20.6838,22.8876,22.8876,13331900.0,13331900.0,2.3500000000000005,0.5520999999999999,21.7709925
2013-04-01,EHC,Encompass Health Corporation,NYSE,1986-09-24,2945250000.0,22.8163,24.4007,21.692,23.8684,23.8684,12032300.0,12032300.0,1.38,0.28613636363636363,22.795902272727275
2013-05-01,EHC,Encompass Health Corporation,NYSE,1986-09-24,2835272000.0,23.3918,26.7954,23.3918,25.422,25.422,12747600.0,12747600.0,2.16,0.40863636363636374,25.615502727272727
2013-06-01,EHC,Encompass Health Corporation,NYSE,1986-09-24,2787840000.0,25.3798,26.9473,23.8507,24.9967,24.9967,11243200.0,11243200.0,-1.3700000000000006,-0.25365,25.573017500000002
2013-07-01,EHC,Encompass Health Corporation,NYSE,1986-09-24,3151808000.0,24.995,29.3655,24.869,28.2602,28.2602,8705500.0,8705500.0,0.9699999999999998,0.19431818181818175,26.96680363636364
2013-08-01,EHC,Encompass Health Corporation,NYSE,1986-09-24,3158584000.0,28.4347,28.7379,27.1655,27.3055,27.3055,7664800.0,7664800.0,-0.4999999999999999,-0.07804545454545454,28.015490909090907
2013-09-01,EHC,Encompass Health Corporation,NYSE,1986-09-24,3461792000.0,27.6757,32.0036,27.1057,30.0841,30.0841,8590400.0,8590400.0,1.6300000000000001,0.2935499999999999,29.1345545
2013-10-01,EHC,Encompass Health Corporation,NYSE,1986-09-24,3525044000.0,30.0451,32.5261,29.9851,30.6338,30.6338,12729600.0,12729600.0,-1.07,-0.1367391304347827,31.1288747826087
2013-11-01,EHC,Encompass Health Corporation,NYSE,1986-09-24,3088677000.0,30.6188,31.5871,28.936,31.2271,31.2271,10530600.0,10530600.0,0.15990000000000004,0.03490000000000002,30.265200500000002
2013-12-01,EHC,Encompass Health Corporation,NYSE,1986-09-24,2875516000.0,31.1902,31.4947,28.8945,29.2298,29.2298,11874800.0,11874800.0,-2.2200000000000006,-0.340095238095238,30.222146666666667
2014-01-01,EHC,Encompass Health Corporation,NYSE,1986-09-24,2685656000.0,29.0947,30.5891,26.9546,27.2999,27.2999,13383200.0,13383200.0,-0.8600000000000003,-0.12990476190476194,28.78734523809524
2014-02-01,EHC,Encompass Health Corporation,NYSE,1986-09-24,3297412000.0,27.4382,29.3898,26.1067,28.6684,28.6684,10909300.0,10909300.0,2.7899999999999996,0.5391578947368421,28.04023736842105
2014-03-01,EHC,Encompass Health Corporation,NYSE,1986-09-24,3625337000.0,28.3547,31.7304,27.6576,31.6804,31.6804,12714000.0,12714000.0,2.0500000000000003,0.3363333333333334,29.212279999999993
2014-04-01,EHC,Encompass Health Corporation,NYSE,1986-09-24,3495176000.0,31.3835,31.9998,29.031,30.543,30.543,10608200.0,10608200.0,0.17000000000000004,0.04285714285714287,30.675640476190477
2014-05-01,EHC,Encompass Health Corporation,NYSE,1986-09-24,3561168000.0,30.59,31.7564,29.1006,30.9662,30.9662,10689100.0,10689100.0,0.48999999999999977,0.08319047619047625,30.13042809523809
2014-06-01,EHC,Encompass Health Corporation,NYSE,1986-09-24,3637218000.0,31.0193,33.2826,30.5193,31.7892,31.7892,8082200.0,8082200.0,1.6300000000000006,0.25866666666666666,31.85670428571429
2014-07-01,EHC,Encompass Health Corporation,NYSE,1986-09-24,3886662000.0,31.8293,37.865,31.1933,33.9693,33.9693,9853900.0,9853900.0,0.050000000000000044,0.04286363636363639,32.74234090909091
2014-08-01,EHC,Encompass Health Corporation,NYSE,1986-09-24,3958695000.0,34.0323,35.8539,33.9623,34.9087,34.9087,8511700.0,8511700.0,-0.33009999999999995,-0.03771428571428573,35.032417142857135
2014-09-01,EHC,Encompass Health Corporation,NYSE,1986-09-24,3708450000.0,35.0687,36.0992,31.7994,32.8927,32.8927,8135400.0,8135400.0,-2.3199999999999994,-0.3109047619047619,34.256346666666666
2014-10-01,EHC,Encompass Health Corporation,NYSE,1986-09-24,4053165000.0,32.7857,36.2802,32.1057,35.9502,35.9502,11632400.0,11632400.0,3.980000000000001,0.5215652173913042,34.33679217391304
2014-11-01,EHC,Encompass Health Corporation,NYSE,1986-09-24,4141791000.0,35.9115,37.1934,33.799,36.6634,36.6634,7583100.0,7583100.0,-0.19000000000000006,-0.01910526315789482,35.074511052631586
2014-12-01,EHC,Encompass Health Corporation,NYSE,1986-09-24,3872922000.0,36.6955,37.4872,32.5217,34.4667,34.4667,11804200.0,11804200.0,-3.4299999999999997,-0.42572727272727273,35.47725909090908
2015-01-01,EHC,Encompass Health Corporation,NYSE,1986-09-24,4440870000.0,34.6613,40.2212,32.6339,39.5212,39.5212,16267000.0,16267000.0,5.200000000000001,0.7200000000000002,36.363541000000005
2015-02-01,EHC,Encompass Health Corporation,NYSE,1986-09-24,4393806000.0,39.4993,41.7403,38.2332,38.9476,38.9476,11891600.0,11891600.0,0.31999999999999984,0.05663157894736845,39.96220263157895
2015-03-01,EHC,Encompass Health Corporation,NYSE,1986-09-24,4484796000.0,38.8801,42.0837,36.272,39.9397,39.9397,14597600.0,14597600.0,2.3500999999999994,0.29263636363636364,39.17896318181818
2015-04-01,EHC,Encompass Health Corporation,NYSE,1986-09-24,4571742000.0,39.8457,43.264,39.0757,40.7141,40.7141,13749300.0,13749300.0,0.5699000000000001,0.08085714285714284,41.009964761904754
2015-05-01,EHC,Encompass Health Corporation,NYSE,1986-09-24,4380740000.0,40.9644,40.9644,37.1899,38.8593,38.8593,16891500.0,16891500.0,-1.9500000000000004,-0.23260000000000006,38.842599500000006
2015-06-01,EHC,Encompass Health Corporation,NYSE,1986-09-24,4675090000.0,39.0022,43.3849,38.2422,41.6569,41.6569,21349800.0,21349800.0,2.18,0.2690454545454546,41.07480818181819
2015-07-01,EHC,Encompass Health Corporation,NYSE,1986-09-24,4638550000.0,41.9887,43.763,39.5387,41.3313,41.3313,15470200.0,15470200.0,-1.8899999999999992,-0.19786363636363644,41.70595363636364
2015-08-01,EHC,Encompass Health Corporation,NYSE,1986-09-24,4334050000.0,41.303,43.9315,36.3264,38.6181,38.6181,13623400.0,13623400.0,-0.21000000000000024,-0.013952380952380938,40.06420476190476
2015-09-01,EHC,Encompass Health Corporation,NYSE,1986-09-24,3894555000.0,38.1041,38.901,33.1443,34.9174,34.9174,15961500.0,15961500.0,-3.7900000000000005,-0.4793809523809523,36.89073095238095
2015-10-01,EHC,Encompass Health Corporation,NYSE,1986-09-24,3535245000.0,34.9696,36.3758,29.7867,31.6959,31.6959,22388100.0,22388100.0,-0.3501000000000002,0.020499999999999942,34.19958590909092
2015-11-01,EHC,Encompass Health Corporation,NYSE,1986-09-24,3511962000.0,31.6226,33.1767,29.5338,32.0235,32.0235,12765400.0,12765400.0,1.2000000000000002,0.20464999999999994,31.6878425
2015-12-01,EHC,Encompass Health Corporation,NYSE,1986-09-24,3474038000.0,32.1787,32.8654,30.4511,31.8903,31.8903,10674900.0,10674900.0,-0.9000000000000001,-0.11504545454545455,31.68739954545454
2016-01-01,EHC,Encompass Health Corporation,NYSE,1986-09-24,3571842000.0,31.502,33.2344,29.4616,32.7881,32.7881,14733700.0,14733700.0,1.7800000000000002,0.3392631578947369,31.472631578947368
2016-02-01,EHC,Encompass Health Corporation,NYSE,1986-09-24,3501862000.0,32.4195,33.5311,27.6674,32.2751,32.2751,20689500.0,20689500.0,0.26999999999999985,0.05909999999999995,30.823954499999996
2016-03-01,EHC,Encompass Health Corporation,NYSE,1986-09-24,3740422000.0,32.2665,34.8984,31.3943,34.6884,34.6884,13657100.0,13657100.0,3.07,0.4356818181818181,32.88423045454545
2016-04-01,EHC,Encompass Health Corporation,NYSE,1986-09-24,4121124000.0,34.5709,39.3816,32.0509,38.219,38.219,13869800.0,13869800.0,2.4899999999999993,0.33776190476190465,34.382101904761896
2016-05-01,EHC,Encompass Health Corporation,NYSE,1986-09-24,4007808000.0,38.2587,38.5587,36.4305,37.1681,37.1681,14282700.0,14282700.0,-1.5601000000000003,-0.19338095238095243,37.33093619047619
2016-06-01,EHC,Encompass Health Corporation,NYSE,1986-09-24,3858708000.0,36.9559,38.5512,34.4545,36.0031,36.0031,12082400.0,12082400.0,-0.3500000000000001,-0.044272727272727276,36.98969272727273
2016-07-01,EHC,Encompass Health Corporation,NYSE,1986-09-24,4279170000.0,36.0289,40.2561,35.2244,39.9261,39.9261,13959500.0,13959500.0,1.7600000000000002,0.23445,37.172073000000005
2016-08-01,EHC,Encompass Health Corporation,NYSE,1986-09-24,4046574000.0,40.1887,40.2587,37.0691,37.7559,37.7559,11869200.0,11869200.0,-2.3101000000000003,-0.24878260869565216,38.271765217391305
2016-09-01,EHC,Encompass Health Corporation,NYSE,1986-09-24,4032658000.0,37.8529,38.4829,37.0929,37.8471,37.8471,12580500.0,12580500.0,1.0000000000000004,0.13123809523809524,37.774320476190475
2016-10-01,EHC,Encompass Health Corporation,NYSE,1986-09-24,3990910000.0,37.8152,38.3422,35.6167,37.4553,37.4553,16454400.0,16454400.0,-1.48,-0.18771428571428572,37.42857333333334
2016-11-01,EHC,Encompass Health Corporation,NYSE,1986-09-24,4146165000.0,37.715,39.5832,34.3679,38.8732,38.8732,54023300.0,54023300.0,1.8900000000000001,0.2612380952380952,37.77661666666667
2016-12-01,EHC,Encompass Health Corporation,NYSE,1986-09-24,4103380000.0,38.8954,39.8583,38.0363,38.6951,38.6951,19373600.0,19373600.0,-1.15,-0.135,38.9689780952381
2017-01-01,EHC,Encompass Health Corporation,NYSE,1986-09-24,3862590000.0,38.8929,39.535,35.8445,36.4245,36.4245,30944200.0,30944200.0,-2.9099999999999993,-0.37979999999999997,38.060152
2017-02-01,EHC,Encompass Health Corporation,NYSE,1986-09-24,4189680000.0,36.6173,40.4609,36.4273,39.7085,39.7085,15612500.0,15612500.0,3.88,0.5341052631578947,38.420562631578946
2017-03-01,EHC,Encompass Health Corporation,NYSE,1986-09-24,4238190000.0,39.958,40.4265,38.3083,40.3965,40.3965,14572900.0,14572900.0,0.7599,0.08813043478260872,39.533262173913045
2017-04-01,EHC,Encompass Health Corporation,NYSE,1986-09-24,4643100000.0,40.4788,44.256,39.6914,44.256,44.256,17645400.0,17645400.0,2.2798999999999996,0.2902631578947368,41.02762473684209
2017-05-01,EHC,Encompass Health Corporation,NYSE,1986-09-24,4483137000.0,44.4834,45.2262,42.3645,42.7745,42.7745,22471500.0,22471500.0,-1.7700999999999998,-0.1804090909090909,44.13974318181818
2017-06-01,EHC,Encompass Health Corporation,NYSE,1986-09-24,4786760000.0,42.7937,46.9442,42.6037,45.8959,45.8959,20114900.0,20114900.0,1.9599,0.20745454545454542,44.730849545454554
2017-07-01,EHC,Encompass Health Corporation,NYSE,1986-09-24,4209184000.0,46.0673,46.2873,40.0081,40.3581,40.3581,17555400.0,17555400.0,-3.369900000000001,-0.3754,43.3189125
2017-08-01,EHC,Encompass Health Corporation,NYSE,1986-09-24,4542975000.0,42.2484,43.473,40.1075,43.383,43.383,19440600.0,19440600.0,0.44000000000000017,0.049869565217391325,41.58398608695653
2017-09-01,EHC,Encompass Health Corporation,NYSE,1986-09-24,4602555000.0,43.4725,44.6205,41.0596,44.1905,44.1905,14891900.0,14891900.0,0.01000000000000019,0.006250000000000019,42.689755500000004
2017-10-01,EHC,Encompass Health Corporation,NYSE,1986-09-24,4581702000.0,44.2491,44.7933,41.8927,43.9903,43.9903,17710700.0,17710700.0,-0.7300000000000002,-0.06904545454545456,43.628384545454544
2017-11-01,EHC,Encompass Health Corporation,NYSE,1986-09-24,4990005000.0,44.3275,47.8228,42.9475,47.6228,47.6228,18516400.0,18516400.0,0.6900999999999999,0.07119047619047617,46.23414523809524
2017-12-01,EHC,Encompass Health Corporation,NYSE,1986-09-24,4936059000.0,47.6186,48.0972,45.4186,47.3468,47.3468,13316400.0,13316400.0,-2.0499,-0.21240000000000006,47.118802
2018-01-01,EHC,Encompass Health Corporation,NYSE,1986-09-24,5286708000.0,49.2345,51.8855,47.0945,50.7102,50.7102,12152600.0,12152600.0,0.35999999999999976,0.04157142857142859,49.779946666666675
2018-02-01,EHC,Encompass Health Corporation,NYSE,1986-09-24,5294044000.0,50.6081,53.8484,47.0332,51.036,51.036,11042500.0,11042500.0,1.8301000000000003,0.220421052631579,50.13179263157894
2018-03-01,EHC,Encompass Health Corporation,NYSE,1986-09-24,5682698000.0,51.2339,56.9027,50.2939,55.0237,55.0237,13590600.0,13590600.0,3.3099999999999996,0.31238095238095237,54.662720952380965
2018-04-01,EHC,Encompass Health Corporation,NYSE,1986-09-24,6045508000.0,54.8596,60.2667,53.3097,58.5367,58.5367,13572500.0,13572500.0,-0.5800000000000003,-0.03833333333333329,55.83484047619047
2018-05-01,EHC,Encompass Health Corporation,NYSE,1986-09-24,6449100000.0,58.4378,63.4391,57.6778,62.3191,62.3191,11725500.0,11725500.0,2.3599999999999994,0.18509090909090908,60.924746363636366
2018-06-01,EHC,Encompass Health Corporation,NYSE,1986-09-24,6744912000.0,62.712,67.0277,62.182,65.4179,65.4179,20676600.0,20676600.0,1.9000000000000006,0.14928571428571433,64.53686523809525
2018-07-01,EHC,Encompass Health Corporation,NYSE,1986-09-24,7532748000.0,65.195,73.5086,64.395,73.059,73.059,16854500.0,16854500.0,1.5599999999999998,0.11242857142857143,67.9171719047619
2018-08-01,EHC,Encompass Health Corporation,NYSE,1986-09-24,8159000000.0,73.0504,79.6606,72.5904,78.8164,78.8164,15113100.0,15113100.0,4.800000000000001,0.2808260869565217,77.14488391304349
2018-09-01,EHC,Encompass Health Corporation,NYSE,1986-09-24,7795000000.0,79.2342,79.3542,73.9673,75.5653,75.5653,11241900.0,11241900.0,-5.049899999999999,-0.33773684210526306,76.40222210526315
2018-10-01,EHC,Encompass Health Corporation,NYSE,1986-09-24,6730000000.0,75.9288,76.7769,64.2411,65.2411,65.2411,16770300.0,16770300.0,-11.73,-0.7114782608695654,72.38799913043478
2018-11-01,EHC,Encompass Health Corporation,NYSE,1986-09-24,7528521000.0,65.2674,72.9992,63.8674,72.9091,72.9091,15173900.0,15173900.0,6.529999999999999,0.46223809523809517,69.72710285714285
2018-12-01,EHC,Encompass Health Corporation,NYSE,1986-09-24,6176170000.0,73.9212,73.9212,57.5942,60.0769,60.0769,14085100.0,14085100.0,-13.979899999999999,-1.0793157894736847,65.39611368421052
2019-01-01,EHC,Encompass Health Corporation,NYSE,1986-09-24,6690684000.0,59.4882,66.3883,58.2269,65.0817,65.0817,16434900.0,16434900.0,2.5801000000000007,0.20871428571428577,63.505072857142856
2019-02-01,EHC,Encompass Health Corporation,NYSE,1986-09-24,6295058000.0,64.8069,66.9664,60.949,61.479,61.479,12817400.0,12817400.0,-2.7699999999999996,-0.2262631578947368,64.27589684210528
2019-03-01,EHC,Encompass Health Corporation,NYSE,1986-09-24,5822480000.0,61.7224,62.1824,56.1521,57.127,57.127,13955700.0,13955700.0,-5.53,-0.43604761904761913,58.51625761904762
2019-04-01,EHC,Encompass Health Corporation,NYSE,1986-09-24,6425665000.0,57.6165,64.6811,55.482,63.0451,63.0451,25947000.0,25947000.0,3.8000000000000003,0.32400000000000007,59.5350180952381
2019-05-01,EHC,Encompass Health Corporation,NYSE,1986-09-24,5850756000.0,63.1373,63.5948,56.7556,57.6356,57.6356,19532300.0,19532300.0,-2.500000000000001,-0.18549999999999997,59.79951454545455
2019-06-01,EHC,Encompass Health Corporation,NYSE,1986-09-24,6291648000.0,57.6308,62.25,57.6308,62.25,62.25,15028500.0,15028500.0,1.54,0.13520000000000001,59.62432600000001
2019-07-01,EHC,Encompass Health Corporation,NYSE,1986-09-24,6339312000.0,62.464,67.3469,60.4052,62.7216,62.7216,16571100.0,16571100.0,3.9300000000000006,0.2858181818181818,63.39487318181819
2019-08-01,EHC,Encompass Health Corporation,NYSE,1986-09-24,6042526000.0,62.8075,63.4375,57.0464,59.725,59.725,11006800.0,11006800.0,-4.289999999999999,-0.3025909090909091,60.47749727272728
2019-09-01,EHC,Encompass Health Corporation,NYSE,1986-09-24,6290032000.0,59.2459,64.9546,58.9759,62.4525,62.4525,13586800.0,13586800.0,0.3699000000000001,0.039749999999999994,62.18097250000001
2019-10-01,EHC,Encompass Health Corporation,NYSE,1986-09-24,6363588000.0,62.5378,68.1567,59.3285,63.1829,63.1829,14325200.0,14325200.0,-0.019999999999999518,0.018260869565217355,63.76771000000002
2019-11-01,EHC,Encompass Health Corporation,NYSE,1986-09-24,7007361000.0,68.0772,72.0372,67.0972,69.7854,69.7854,12431600.0,12431600.0,1.83,0.13655000000000003,69.26044550000002
2019-12-01,EHC,Encompass Health Corporation,NYSE,1986-09-24,6864657000.0,69.7632,71.6573,67.901,68.6416,68.6416,9907800.0,9907800.0,-2.9899999999999998,-0.2031904761904762,69.50480238095238
2020-01-01,EHC,Encompass Health Corporation,NYSE,1986-09-24,7633673000.0,68.9726,79.9991,67.261,76.3312,76.3312,14840500.0,14840500.0,6.189900000000002,0.4194761904761905,74.33865285714286
2020-02-01,EHC,Encompass Health Corporation,NYSE,1986-09-24,7454064000.0,76.6599,82.551,71.601,74.161,74.161,11470800.0,11470800.0,-0.2699999999999996,-0.011947368421052625,79.22089894736841
2020-03-01,EHC,Encompass Health Corporation,NYSE,1986-09-24,6377388000.0,74.1956,81.7856,47.5299,63.7345,63.7345,26741000.0,26741000.0,6.129899999999999,0.6191818181818182,62.65182772727272
2020-04-01,EHC,Encompass Health Corporation,NYSE,1986-09-24,6598500000.0,61.21,72.3233,58.5128,65.9443,65.9443,17230800.0,17230800.0,-1.259999999999999,-0.035333333333333355,67.28227285714286
2020-05-01,EHC,Encompass Health Corporation,NYSE,1986-09-24,7317675000.0,64.7102,75.9663,61.0175,72.912,72.912,14465000.0,14465000.0,2.829999999999999,0.24664999999999995,68.48797349999998
2020-06-01,EHC,Encompass Health Corporation,NYSE,1986-09-24,6186807000.0,72.9183,75.22,58.7107,61.93,61.93,16693000.0,16693000.0,-13.479900000000002,-0.8793636363636363,67.02336045454545
2020-07-01,EHC,Encompass Health Corporation,NYSE,1986-09-24,6801192199.8,61.65,71.72,59.1,68.08,68.08,16183115.0,16183115.0,2.1900000000000004,0.16254545454545452,64.61136409090909
2020-08-01,EHC,Encompass Health Corporation,NYSE,1986-09-24,6517475800.2,68.6,68.86,60.5,65.239998,65.239998,11752726.0,11752726.0,-2.789979999999999,-0.1831428571428572,64.66952476190475
2020-09-01,EHC,Encompass Health Corporation,NYSE,1986-09-24,6467525800.2,65.010002,67.639999,62.619999,64.739998,64.739998,5877900.0,5877900.0,-1.9900100000000003,-0.2931,65.08966699999999
