datetime,symbol,name,exchange,begin_date,marketCap,open,high,low,close,adjClose,volume,unadjustedVolume,change,changePercent,vwap
1992-10-01,RDN,Radian Group Inc.,NYSE,1992-10-30,133000000.0,3.8225,4.1662,3.8225,4.01,4.01,14513600.0,14513600.0,0.1875,4.905,3.99957
1992-11-01,RDN,Radian Group Inc.,NYSE,1992-10-30,233982000.0,4.0335,5.4479,4.0335,5.2235,5.2235,15890800.0,15890800.0,1.4375,1.6248000000000005,4.732384000000001
1992-12-01,RDN,Radian Group Inc.,NYSE,1992-10-30,247968000.0,5.202,5.6026,4.5494,5.5401,5.5401,7679600.0,7679600.0,0.1875,0.2238181818181818,5.041419545454545
1993-01-01,RDN,Radian Group Inc.,NYSE,1992-10-30,262332000.0,5.5019,6.2073,4.8611,5.8566,5.8566,7006000.0,7006000.0,0.3749,0.40580000000000016,5.620948
1993-02-01,RDN,Radian Group Inc.,NYSE,1992-10-30,310542000.0,5.8282,6.2788,5.5536,6.0335,6.0335,2930400.0,2930400.0,0.031200000000000006,0.04521052631578947,5.891936315789474
1993-03-01,RDN,Radian Group Inc.,NYSE,1992-10-30,314922000.0,6.0072,7.0762,6.0072,6.1132,6.1132,2986400.0,2986400.0,0.00019999999999997797,0.03695652173913038,6.429078695652174
1993-04-01,RDN,Radian Group Inc.,NYSE,1992-10-30,272436000.0,6.1179,6.1491,4.8798,5.2892,5.2892,5990800.0,5990800.0,-0.9687999999999999,-0.7782857142857144,5.652216190476191
1993-05-01,RDN,Radian Group Inc.,NYSE,1992-10-30,284700000.0,5.2846,5.7718,5.1111,5.5709,5.5709,2526000.0,2526000.0,0.2812,0.28085,5.489641500000001
1993-06-01,RDN,Radian Group Inc.,NYSE,1992-10-30,309228000.0,5.5754,6.1512,4.9236,6.053,6.053,5260400.0,5260400.0,-0.125,-0.11368181818181816,5.42352409090909
1993-07-01,RDN,Radian Group Inc.,NYSE,1992-10-30,299592000.0,5.986,6.2048,5.5441,5.8655,5.8655,3698000.0,3698000.0,-0.21860000000000002,-0.1586190476190476,5.898668571428571
1993-08-01,RDN,Radian Group Inc.,NYSE,1992-10-30,325295000.0,5.8566,6.5544,5.8566,6.313,6.313,3262400.0,3262400.0,-0.1874,-0.11590909090909092,6.185566363636363
1993-09-01,RDN,Radian Group Inc.,NYSE,1992-10-30,365790000.0,6.2633,7.1848,6.1468,7.0953,7.0953,4313200.0,4313200.0,0.5624,0.40442857142857147,6.685008095238096
1993-10-01,RDN,Radian Group Inc.,NYSE,1992-10-30,376915000.0,7.118,7.5938,6.7986,7.3112,7.3112,3858400.0,3858400.0,0.03149999999999998,0.02399999999999999,7.206914285714287
1993-11-01,RDN,Radian Group Inc.,NYSE,1992-10-30,346104000.0,7.2828,7.2828,6.3434,6.5959,6.5959,3116000.0,3116000.0,-0.9376,-0.6199523809523809,6.802408095238095
1993-12-01,RDN,Radian Group Inc.,NYSE,1992-10-30,316464000.0,6.5918,6.748,5.9321,6.0259,6.0259,3938800.0,3938800.0,-0.5311,-0.37163636363636365,6.37835909090909
1994-01-01,RDN,Radian Group Inc.,NYSE,1992-10-30,343368000.0,6.0653,6.702,5.7989,6.5416,6.5416,6063600.0,6063600.0,0.5001,0.41766666666666663,6.327271428571429
1994-02-01,RDN,Radian Group Inc.,NYSE,1992-10-30,308136000.0,6.558,6.6909,6.0037,6.0662,6.0662,3128400.0,3128400.0,-0.4687,-0.3844736842105263,6.442078947368422
1994-03-01,RDN,Radian Group Inc.,NYSE,1992-10-30,321900000.0,6.0779,6.7768,5.8749,6.3394,6.3394,4890800.0,4890800.0,0.375,0.2921739130434783,6.225128260869566
1994-04-01,RDN,Radian Group Inc.,NYSE,1992-10-30,299700000.0,6.2848,6.4878,5.8436,5.9022,5.9022,2089600.0,2089600.0,-0.7499,-0.6303157894736843,6.2201894736842105
1994-05-01,RDN,Radian Group Inc.,NYSE,1992-10-30,289932000.0,5.9187,6.0088,5.1167,5.7536,5.7536,3272000.0,3272000.0,-0.3124,-0.24514285714285725,5.560889047619048
1994-06-01,RDN,Radian Group Inc.,NYSE,1992-10-30,280164000.0,5.7238,6.3465,5.5608,5.5608,5.5608,3222400.0,3222400.0,-0.4062,-0.2982272727272726,5.882575909090909
1994-07-01,RDN,Radian Group Inc.,NYSE,1992-10-30,289932000.0,5.6196,5.8748,5.4783,5.7536,5.7536,2573600.0,2573600.0,-0.21850000000000003,-0.1779,5.683132
1994-08-01,RDN,Radian Group Inc.,NYSE,1992-10-30,320568000.0,5.7702,6.4985,5.4057,6.4082,6.4082,2508800.0,2508800.0,0.48419999999999996,0.3454347826086957,5.984875217391305
1994-09-01,RDN,Radian Group Inc.,NYSE,1992-10-30,292596000.0,6.4328,6.4328,5.8534,5.8534,5.8534,2759200.0,2759200.0,-0.531,-0.39723809523809517,6.221737142857142
1994-10-01,RDN,Radian Group Inc.,NYSE,1992-10-30,305472000.0,5.8639,6.1031,5.5205,6.1031,6.1031,4179200.0,4179200.0,0.375,0.3195714285714285,5.714212857142859
1994-11-01,RDN,Radian Group Inc.,NYSE,1992-10-30,306160000.0,6.1757,6.4717,6.082,6.1478,6.1478,1649200.0,1649200.0,0.2187,0.17385714285714288,6.197642857142857
1994-12-01,RDN,Radian Group Inc.,NYSE,1992-10-30,321290000.0,6.1199,6.8251,5.6283,6.4552,6.4552,1903600.0,1903600.0,0.3749,0.3075238095238095,6.256003333333335
1995-01-01,RDN,Radian Group Inc.,NYSE,1992-10-30,351995000.0,6.414,7.6637,6.414,7.1144,7.1144,4961600.0,4961600.0,0.3436,0.2721904761904762,7.0835776190476185
1995-02-01,RDN,Radian Group Inc.,NYSE,1992-10-30,382997000.0,7.1675,7.8018,7.1426,7.6768,7.6768,1928400.0,1928400.0,0.5156,0.3707368421052631,7.437407368421053
1995-03-01,RDN,Radian Group Inc.,NYSE,1992-10-30,423856000.0,7.6237,8.4923,7.405,8.4923,8.4923,3889600.0,3889600.0,0.7188,0.39226086956521733,7.838682173913045
1995-04-01,RDN,Radian Group Inc.,NYSE,1992-10-30,415325000.0,8.5486,9.1235,8.1674,8.3236,8.3236,3586000.0,3586000.0,-0.2812,-0.16484210526315793,8.579813684210524
1995-05-01,RDN,Radian Group Inc.,NYSE,1992-10-30,473328000.0,8.3111,9.5403,8.0361,9.3841,9.3841,4323200.0,4323200.0,0.9062000000000001,0.48577272727272724,9.034218181818181
1995-06-01,RDN,Radian Group Inc.,NYSE,1992-10-30,494304000.0,9.3588,10.2663,9.2887,9.808,9.808,3880400.0,3880400.0,0.18720000000000003,0.10659090909090913,9.88614318181818
1995-07-01,RDN,Radian Group Inc.,NYSE,1992-10-30,559968000.0,9.8855,11.1395,9.5789,11.1082,11.1082,3111200.0,3111200.0,1.3435,0.6588999999999999,10.522693
1995-08-01,RDN,Radian Group Inc.,NYSE,1992-10-30,578454000.0,11.08,11.4746,10.9408,11.466,11.466,1639200.0,1639200.0,0.4377,0.1746086956521739,11.231180869565218
1995-09-01,RDN,Radian Group Inc.,NYSE,1992-10-30,602728000.0,11.466,12.6752,11.3151,11.9484,11.9484,2214400.0,2214400.0,0.4374,0.20430000000000006,12.053251999999999
1995-10-01,RDN,Radian Group Inc.,NYSE,1992-10-30,544104000.0,11.9143,12.4679,10.552,10.7848,10.7848,2418800.0,2418800.0,-1.2812999999999999,-0.4957727272727272,11.714268181818182
1995-11-01,RDN,Radian Group Inc.,NYSE,1992-10-30,534233000.0,10.8301,11.3148,9.9572,10.6576,10.6576,3862400.0,3862400.0,-0.7187999999999999,-0.3049047619047619,10.63707380952381
1995-12-01,RDN,Radian Group Inc.,NYSE,1992-10-30,502700000.0,11.0998,11.586,9.6612,10.0307,10.0307,2510800.0,2510800.0,-1.0625,-0.4838000000000001,10.700258
1996-01-01,RDN,Radian Group Inc.,NYSE,1992-10-30,657166000.0,10.0169,13.1083,10.0169,13.1083,13.1083,8510400.0,8510400.0,3.375,1.3686818181818183,11.124974545454545
1996-02-01,RDN,Radian Group Inc.,NYSE,1992-10-30,632492000.0,13.1334,13.1446,11.6771,12.5535,12.5535,3285600.0,3285600.0,-0.5625999999999998,-0.19370000000000012,12.4425165
1996-03-01,RDN,Radian Group Inc.,NYSE,1992-10-30,651393000.0,12.5196,13.5703,12.0541,12.9253,12.9253,3415600.0,3415600.0,0.3749,0.16038095238095235,12.801960952380952
1996-04-01,RDN,Radian Group Inc.,NYSE,1992-10-30,645400000.0,12.9406,13.1959,11.9789,12.8109,12.8109,3792000.0,3792000.0,-0.4688,-0.1663809523809523,12.645615238095237
1996-05-01,RDN,Radian Group Inc.,NYSE,1992-10-30,629706000.0,12.8109,12.8721,11.7458,12.5124,12.5124,5704800.0,5704800.0,-0.40679999999999994,-0.1368181818181817,12.331821363636363
1996-06-01,RDN,Radian Group Inc.,NYSE,1992-10-30,659736000.0,12.515,13.3026,12.1374,13.1151,13.1151,2527600.0,2527600.0,0.5622,0.22890000000000002,12.575038
1996-07-01,RDN,Radian Group Inc.,NYSE,1992-10-30,662508000.0,13.1463,13.5455,12.3587,13.1725,13.1725,3447600.0,3447600.0,0.06289999999999996,0.03122727272727273,13.124224090909092
1996-08-01,RDN,Radian Group Inc.,NYSE,1992-10-30,723669000.0,13.2063,14.5941,13.2063,14.3993,14.3993,3222800.0,3222800.0,1.1559,0.38831818181818184,14.033906818181817
1996-09-01,RDN,Radian Group Inc.,NYSE,1992-10-30,735244000.0,14.455,14.8172,14.08,14.6297,14.6297,1841600.0,1841600.0,-0.06220000000000003,-0.017849999999999998,14.4861785
1996-10-01,RDN,Radian Group Inc.,NYSE,1992-10-30,800064000.0,14.6082,15.9569,13.8037,15.9256,15.9256,3562400.0,3562400.0,1.6563,0.4823478260869565,14.91011739130435
1996-11-01,RDN,Radian Group Inc.,NYSE,1992-10-30,888196000.0,15.8723,17.6264,15.8723,17.6264,17.6264,2260400.0,2260400.0,1.5939999999999994,0.4822000000000001,16.7305855
1996-12-01,RDN,Radian Group Inc.,NYSE,1992-10-30,856508000.0,17.6936,17.9342,15.6003,16.9907,16.9907,1938400.0,1938400.0,-0.5312000000000001,-0.12019047619047613,16.988599047619047
1997-01-01,RDN,Radian Group Inc.,NYSE,1992-10-30,809908000.0,16.8845,16.8987,14.5553,16.066,16.066,5507800.0,5507800.0,-1.0,-0.23172727272727284,16.137609545454545
1997-02-01,RDN,Radian Group Inc.,NYSE,1992-10-30,813750000.0,16.2334,16.8258,14.9318,16.21,16.21,3731600.0,3731600.0,-0.25,-0.057368421052631534,15.904366842105262
1997-03-01,RDN,Radian Group Inc.,NYSE,1992-10-30,776085000.0,16.2146,17.31,15.2074,15.4574,15.4574,4098000.0,4098000.0,-0.125,-0.02454999999999996,16.447267500000002
1997-04-01,RDN,Radian Group Inc.,NYSE,1992-10-30,883500000.0,15.3186,17.5994,15.1311,17.5994,17.5994,2796800.0,2796800.0,1.9375,0.5515454545454546,16.453184545454544
1997-05-01,RDN,Radian Group Inc.,NYSE,1992-10-30,971827000.0,17.6041,19.3089,17.5416,19.3089,19.3089,2487400.0,2487400.0,1.5625,0.41157142857142853,18.313825238095237
1997-06-01,RDN,Radian Group Inc.,NYSE,1992-10-30,1115196000.0,19.4784,22.4939,19.0454,22.1502,22.1502,3142800.0,3142800.0,3.0312,0.7141428571428571,20.64970857142857
1997-07-01,RDN,Radian Group Inc.,NYSE,1992-10-30,1101653000.0,22.0387,22.7014,21.2134,21.8892,21.8892,3586400.0,3586400.0,-0.4999,-0.0982272727272727,22.11027727272727
1997-08-01,RDN,Radian Group Inc.,NYSE,1992-10-30,1081514000.0,21.897,22.0174,20.4257,21.4236,21.4236,2720000.0,2720000.0,-0.5000000000000003,-0.09747619047619051,21.329582857142857
1997-09-01,RDN,Radian Group Inc.,NYSE,1992-10-30,1257389000.0,21.3882,25.8627,21.3882,24.9071,24.9071,2990200.0,2990200.0,3.7501999999999995,0.7914761904761906,24.22940285714286
1997-10-01,RDN,Radian Group Inc.,NYSE,1992-10-30,1282246000.0,24.9319,27.062,22.7883,25.4006,25.4006,3611400.0,3611400.0,0.4062999999999999,0.0907826086956521,25.5686852173913
1997-11-01,RDN,Radian Group Inc.,NYSE,1992-10-30,1220590000.0,25.4117,26.6544,23.9108,24.1493,24.1493,3290800.0,3290800.0,-0.9684999999999999,-0.1863684210526316,24.98069578947369
1997-12-01,RDN,Radian Group Inc.,NYSE,1992-10-30,1418930000.0,24.1455,28.8224,24.1455,28.0724,28.0724,4680600.0,4680600.0,3.4687,0.6247727272727274,26.428022727272722
1998-01-01,RDN,Radian Group Inc.,NYSE,1992-10-30,1465930000.0,28.0899,29.7667,25.7697,29.0303,29.0303,5232000.0,5232000.0,0.9685999999999999,0.20919999999999997,27.777195500000005
1998-02-01,RDN,Radian Group Inc.,NYSE,1992-10-30,2535950000.0,28.9257,32.6223,28.8632,31.1828,31.1828,4566800.0,4566800.0,0.4686000000000001,0.09663157894736844,30.944021578947375
1998-03-01,RDN,Radian Group Inc.,NYSE,1992-10-30,2526866000.0,31.2162,31.6581,29.5991,31.0665,31.0665,5781800.0,5781800.0,-0.6246000000000002,-0.08377272727272732,30.78187136363637
1998-04-01,RDN,Radian Group Inc.,NYSE,1992-10-30,2443596000.0,31.1376,31.6742,29.1185,30.0484,30.0484,5325400.0,5325400.0,-2.0624,-0.3163333333333332,30.176883809523808
1998-05-01,RDN,Radian Group Inc.,NYSE,1992-10-30,2292950000.0,30.0777,30.8092,27.3259,28.1838,28.1838,5246000.0,5246000.0,-1.4689,-0.24825000000000008,29.559107
1998-06-01,RDN,Radian Group Inc.,NYSE,1992-10-30,2330850000.0,28.2009,29.3216,26.5363,28.6496,28.6496,5580200.0,5580200.0,0.03130000000000022,0.01949999999999991,27.698610000000006
1998-07-01,RDN,Radian Group Inc.,NYSE,1992-10-30,2091322000.0,28.6652,32.0569,25.6777,25.709,25.709,5414000.0,5414000.0,-3.6560999999999995,-0.5846818181818182,29.57111590909091
1998-08-01,RDN,Radian Group Inc.,NYSE,1992-10-30,1455300000.0,25.242,25.242,17.6668,17.9547,17.9547,8832600.0,8832600.0,-4.0313,-0.8247619047619049,20.758481428571425
1998-09-01,RDN,Radian Group Inc.,NYSE,1992-10-30,1644300000.0,17.6427,21.5755,17.049,20.2864,20.2864,5320200.0,5320200.0,2.25,0.5993809523809525,19.453246666666665
1998-10-01,RDN,Radian Group Inc.,NYSE,1992-10-30,1583064000.0,20.3682,20.3682,11.7454,19.5286,19.5286,13966800.0,13966800.0,1.7498000000000005,0.7238181818181818,17.538264090909088
1998-11-01,RDN,Radian Group Inc.,NYSE,1992-10-30,1809600000.0,19.4463,23.1212,17.4621,22.4149,22.4149,10438000.0,10438000.0,3.0002999999999997,0.7866500000000001,20.473078
1998-12-01,RDN,Radian Group Inc.,NYSE,1992-10-30,1731938000.0,22.375,22.6024,19.0805,21.4517,21.4517,6329600.0,6329600.0,-1.5625,-0.30031818181818176,20.88545772727273
1999-01-01,RDN,Radian Group Inc.,NYSE,1992-10-30,1654276000.0,21.3907,24.2574,17.6584,20.517,20.517,11300400.0,11300400.0,-1.1250999999999998,-0.21578947368421056,21.130637894736843
1999-02-01,RDN,Radian Group Inc.,NYSE,1992-10-30,1557764000.0,20.5159,21.4161,19.1,19.3187,19.3187,6050400.0,6050400.0,-1.7812999999999999,-0.4503684210526317,20.262804210526316
1999-03-01,RDN,Radian Group Inc.,NYSE,1992-10-30,1470300000.0,19.2621,20.4244,15.9233,18.2374,18.2374,8299200.0,8299200.0,-0.7345,-0.13839130434782607,18.660310000000003
1999-04-01,RDN,Radian Group Inc.,NYSE,1992-10-30,1729676000.0,18.1164,22.171,15.5454,21.4523,21.4523,9408200.0,9408200.0,3.4373000000000005,0.904857142857143,18.362731904761905
1999-05-01,RDN,Radian Group Inc.,NYSE,1992-10-30,1916224000.0,21.461,24.3077,19.9442,23.6752,23.6752,6776200.0,6776200.0,2.3437,0.5416999999999998,22.7469745
1999-06-01,RDN,Radian Group Inc.,NYSE,1992-10-30,1850278000.0,23.6772,23.8146,21.8861,22.8558,22.8558,5192000.0,5192000.0,-0.9611000000000001,-0.17736363636363636,22.775272727272725
1999-07-01,RDN,Radian Group Inc.,NYSE,1992-10-30,1954124000.0,22.8826,26.2357,22.8826,24.1435,24.1435,5747200.0,5747200.0,1.1250999999999998,0.2450952380952382,24.769539047619045
1999-08-01,RDN,Radian Group Inc.,NYSE,1992-10-30,1748580000.0,24.1341,24.3216,21.0546,21.7108,21.7108,5788000.0,5788000.0,-3.3126999999999995,-0.6445909090909091,22.821624545454544
1999-09-01,RDN,Radian Group Inc.,NYSE,1992-10-30,1620985000.0,21.6756,21.8006,19.2849,20.1287,20.1287,5542600.0,5542600.0,-1.780800000000001,-0.3812380952380951,20.364556666666665
1999-10-01,RDN,Radian Group Inc.,NYSE,1992-10-30,1993955000.0,20.2126,24.9142,19.3259,24.758,24.758,9224000.0,9224000.0,4.7811,1.0694761904761905,22.12753666666666
1999-11-01,RDN,Radian Group Inc.,NYSE,1992-10-30,1859884000.0,24.8126,26.1512,22.8761,22.9386,22.9386,6461800.0,6461800.0,-1.9691,-0.37276190476190474,24.526945238095237
1999-12-01,RDN,Radian Group Inc.,NYSE,1992-10-30,1817268000.0,22.9366,22.9679,21.0497,22.4105,22.4105,7427000.0,7427000.0,-0.2812000000000002,-0.04504545454545458,22.18631863636364
2000-01-01,RDN,Radian Group Inc.,NYSE,1992-10-30,1534176000.0,22.4349,22.4349,17.5807,18.9481,18.9481,8022800.0,8022800.0,-2.6247000000000007,-0.5796000000000002,19.809181000000002
2000-02-01,RDN,Radian Group Inc.,NYSE,1992-10-30,1312638000.0,19.0825,19.2812,16.0536,16.3042,16.3042,7666600.0,7666600.0,-2.9687000000000006,-0.82005,17.4771815
2000-03-01,RDN,Radian Group Inc.,NYSE,1992-10-30,1802417000.0,16.3642,23.354,16.1005,22.3852,22.3852,12529000.0,12529000.0,6.218500000000001,1.4689130434782611,19.53818565217391
2000-04-01,RDN,Radian Group Inc.,NYSE,1992-10-30,1928079000.0,22.5121,24.3922,20.7357,23.9422,23.9422,7453400.0,7453400.0,1.3434,0.32894736842105265,22.516796315789474
2000-05-01,RDN,Radian Group Inc.,NYSE,1992-10-30,2098250000.0,23.9253,26.5936,23.3381,25.8822,25.8822,7809400.0,7809400.0,2.6875999999999998,0.515909090909091,24.727293181818176
2000-06-01,RDN,Radian Group Inc.,NYSE,1992-10-30,1974644000.0,25.7939,28.3233,23.498,24.3601,24.3601,12359000.0,12359000.0,-1.2737000000000003,-0.2046818181818182,25.681414999999994
2000-07-01,RDN,Radian Group Inc.,NYSE,1992-10-30,2322572000.0,24.3215,31.8325,24.134,28.6468,28.6468,19372600.0,19372600.0,3.9688,0.7971000000000001,27.963973499999998
2000-08-01,RDN,Radian Group Inc.,NYSE,1992-10-30,2372984000.0,28.9804,30.605,28.0429,29.2639,29.2639,9747000.0,9747000.0,0.031299999999999883,0.02330434782608699,29.31556391304348
2000-09-01,RDN,Radian Group Inc.,NYSE,1992-10-30,2578500000.0,29.2802,34.6083,28.2521,31.7958,31.7958,12303200.0,12303200.0,0.9687999999999999,0.22005000000000013,30.784861500000005
2000-10-01,RDN,Radian Group Inc.,NYSE,1992-10-30,2707616000.0,31.8864,33.6981,27.7675,33.3856,33.3856,12213000.0,12213000.0,1.4684000000000008,0.24381818181818177,30.509070909090905
2000-11-01,RDN,Radian Group Inc.,NYSE,1992-10-30,2496000000.0,33.3285,33.9318,28.7754,30.6442,30.6442,18185800.0,18185800.0,-3.7188,-0.5037142857142859,30.94961761904762
2000-12-01,RDN,Radian Group Inc.,NYSE,1992-10-30,2882304000.0,30.5549,36.3569,30.0549,35.3881,35.3881,13022000.0,13022000.0,5.875,0.90565,32.813567000000006
2001-01-01,RDN,Radian Group Inc.,NYSE,1992-10-30,2386176000.0,35.4863,35.4863,25.3538,29.2959,29.2959,26720400.0,26720400.0,-8.088700000000001,-1.1571904761904763,29.23179428571429
2001-02-01,RDN,Radian Group Inc.,NYSE,1992-10-30,2566360000.0,29.3355,31.934,28.2118,29.1861,29.1861,15755000.0,15755000.0,-0.8650000000000002,-0.1339473684210526,29.71252105263158
2001-03-01,RDN,Radian Group Inc.,NYSE,1992-10-30,2812040000.0,29.01,32.2902,28.0269,31.9702,31.9702,19342000.0,19342000.0,3.9601,0.6144545454545455,29.399109999999997
2001-04-01,RDN,Radian Group Inc.,NYSE,1992-10-30,3216250000.0,32.0854,36.6088,30.6089,36.5711,36.5711,19624000.0,19624000.0,-0.8499999999999999,-0.12364999999999993,32.178017
2001-05-01,RDN,Radian Group Inc.,NYSE,1992-10-30,4028505000.0,36.532,41.2259,35.8323,40.063,40.063,19406000.0,19406000.0,4.180000000000001,0.5031363636363635,38.69930863636363
2001-06-01,RDN,Radian Group Inc.,NYSE,1992-10-30,3838705000.0,40.2594,41.422,36.169,38.1933,38.1933,16644900.0,16644900.0,-0.54,-0.0393809523809524,39.56192
2001-07-01,RDN,Radian Group Inc.,NYSE,1992-10-30,3797898000.0,38.5517,40.3675,33.4419,37.7873,37.7873,17655900.0,17655900.0,-1.73,-0.17619047619047623,37.33458428571428
2001-08-01,RDN,Radian Group Inc.,NYSE,1992-10-30,3802428000.0,37.7789,40.4162,36.0142,37.8912,37.8912,10250700.0,10250700.0,0.1000000000000002,0.019782608695652168,37.90367
2001-09-01,RDN,Radian Group Inc.,NYSE,1992-10-30,3649800000.0,37.8144,37.8144,28.2906,36.3703,36.3703,10255100.0,10255100.0,3.5200999999999993,0.8463333333333334,34.590757333333336
2001-10-01,RDN,Radian Group Inc.,NYSE,1992-10-30,3210876000.0,36.2044,37.6995,29.8255,31.9964,31.9964,19860900.0,19860900.0,-7.420000000000001,-0.9033478260869564,33.20613130434783
2001-11-01,RDN,Radian Group Inc.,NYSE,1992-10-30,3646160000.0,31.8126,37.2266,31.4126,36.2018,36.2018,9793300.0,9793300.0,2.1600000000000006,0.31685714285714284,34.33419285714286
2001-12-01,RDN,Radian Group Inc.,NYSE,1992-10-30,4088840000.0,36.2303,41.027,34.5811,40.597,40.597,11280900.0,11280900.0,4.92,0.6554,37.91488899999999
2002-01-01,RDN,Radian Group Inc.,NYSE,1992-10-30,4274480000.0,40.5477,43.2598,38.2202,42.4402,42.4402,15988300.0,15988300.0,4.25,0.5301904761904761,41.536138095238094
2002-02-01,RDN,Radian Group Inc.,NYSE,1992-10-30,4475653000.0,42.5404,45.2699,40.7881,44.1318,44.1318,11805500.0,11805500.0,1.7299999999999998,0.228578947368421,42.854293157894745
2002-03-01,RDN,Radian Group Inc.,NYSE,1992-10-30,4706772000.0,44.2139,47.1553,42.3053,46.4108,46.4108,9146100.0,9146100.0,-0.4401000000000005,-0.030699999999999998,45.214793
2002-04-01,RDN,Radian Group Inc.,NYSE,1992-10-30,4977210000.0,46.5998,51.5616,45.3498,49.0774,49.0774,13322000.0,13322000.0,-0.8799999999999999,-0.06649999999999998,48.73008181818182
2002-05-01,RDN,Radian Group Inc.,NYSE,1992-10-30,5234520000.0,49.1094,52.577,48.7644,51.3656,51.3656,11821500.0,11821500.0,1.8901,0.1750454545454545,50.372232727272724
2002-06-01,RDN,Radian Group Inc.,NYSE,1992-10-30,4709140000.0,51.3996,51.7296,44.9342,46.2101,46.2101,10709800.0,10709800.0,-3.2400000000000007,-0.3053,48.028358999999995
2002-07-01,RDN,Radian Group Inc.,NYSE,1992-10-30,4415120000.0,45.9825,47.1525,34.23,43.3249,43.3249,15434900.0,15434900.0,-4.9698,-0.4625909090909092,41.004987727272734
2002-08-01,RDN,Radian Group Inc.,NYSE,1992-10-30,4172160000.0,43.2222,43.5022,37.8022,41.1305,41.1305,9343500.0,9343500.0,-0.4600000000000003,-0.01663636363636366,40.68262863636363
2002-09-01,RDN,Radian Group Inc.,NYSE,1992-10-30,3135360000.0,40.7407,41.3797,29.1642,30.9094,30.9094,24472500.0,24472500.0,-7.239999999999998,-0.9662499999999998,35.167466999999995
2002-10-01,RDN,Radian Group Inc.,NYSE,1992-10-30,3385920000.0,32.1045,37.7456,27.7152,33.3794,33.3794,20259900.0,20259900.0,0.07000000000000098,0.10673913043478263,32.78610173913044
2002-11-01,RDN,Radian Group Inc.,NYSE,1992-10-30,4446900000.0,33.2517,39.0002,32.0614,38.3502,38.3502,10983300.0,10983300.0,3.35,0.47329999999999994,34.5656775
2002-12-01,RDN,Radian Group Inc.,NYSE,1992-10-30,4079070000.0,39.8104,39.8104,33.6434,35.1781,35.1781,11447600.0,11447600.0,-4.880000000000002,-0.6044761904761905,35.789695238095234
2003-01-01,RDN,Radian Group Inc.,NYSE,1992-10-30,4051620000.0,35.3463,39.437,33.687,34.9413,34.9413,14010800.0,14010800.0,-0.5099999999999991,-0.0355238095238095,36.678600476190475
2003-02-01,RDN,Radian Group Inc.,NYSE,1992-10-30,3288241000.0,34.9503,35.1749,31.9033,33.0381,33.0381,11140800.0,11140800.0,-2.790200000000001,-0.4235263157894739,33.135943684210524
2003-03-01,RDN,Radian Group Inc.,NYSE,1992-10-30,3147734000.0,33.2402,33.6833,28.4361,31.6264,31.6264,13780300.0,13780300.0,-1.3299999999999996,-0.1684761904761904,31.616129047619054
2003-04-01,RDN,Radian Group Inc.,NYSE,1992-10-30,3743710000.0,31.5985,38.1549,31.2486,37.6143,37.6143,12073200.0,12073200.0,2.4899999999999998,0.3696666666666666,34.90275380952381
2003-05-01,RDN,Radian Group Inc.,NYSE,1992-10-30,3801488000.0,37.4822,38.5475,33.6014,38.1756,38.1756,21831200.0,21831200.0,-0.10000000000000009,0.01223809523809518,35.908909047619055
2003-06-01,RDN,Radian Group Inc.,NYSE,1992-10-30,3459760000.0,38.2015,40.4515,33.9621,34.7438,34.7438,18463600.0,18463600.0,-2.38,-0.2843333333333333,36.77802761904762
2003-07-01,RDN,Radian Group Inc.,NYSE,1992-10-30,4418864000.0,34.7048,44.7154,34.5748,44.3754,44.3754,23040900.0,23040900.0,5.8500000000000005,0.7193181818181817,40.13124818181819
2003-08-01,RDN,Radian Group Inc.,NYSE,1992-10-30,4516291000.0,44.3242,45.5548,40.8716,45.1348,45.1348,12802200.0,12802200.0,0.19009999999999927,0.02819047619047613,42.928334761904765
2003-09-01,RDN,Radian Group Inc.,NYSE,1992-10-30,4213560000.0,45.4489,46.6427,41.5094,42.1094,42.1094,13744500.0,13744500.0,-2.5000000000000004,-0.2647142857142858,44.43306952380952
2003-10-01,RDN,Radian Group Inc.,NYSE,1992-10-30,5020210000.0,42.5011,50.4509,42.5011,50.1709,50.1709,17532900.0,17532900.0,5.4799999999999995,0.5351739130434783,46.87021826086957
2003-11-01,RDN,Radian Group Inc.,NYSE,1992-10-30,5443305000.0,50.1608,50.5908,45.1992,46.8236,46.8236,11521100.0,11521100.0,-3.6601,-0.40005263157894744,47.299978947368416
2003-12-01,RDN,Radian Group Inc.,NYSE,1992-10-30,5377125000.0,47.2295,48.0824,43.7377,46.2543,46.2543,13112700.0,13112700.0,-0.0800000000000004,-0.0020909090909090725,46.12249863636363
2004-01-01,RDN,Radian Group Inc.,NYSE,1992-10-30,5135568000.0,46.1671,49.6199,42.2758,44.1764,44.1764,35883600.0,35883600.0,-0.5100000000000002,-0.034550000000000046,45.681753
2004-02-01,RDN,Radian Group Inc.,NYSE,1992-10-30,4321930000.0,44.0497,44.5697,40.9812,41.4812,41.4812,15795700.0,15795700.0,-2.96,-0.35884210526315785,43.21903
2004-03-01,RDN,Radian Group Inc.,NYSE,1992-10-30,4213140000.0,41.5703,42.8684,38.8405,40.4379,40.4379,15688000.0,15688000.0,-0.16000000000000006,-0.008434782608695636,40.635138695652174
2004-04-01,RDN,Radian Group Inc.,NYSE,1992-10-30,4599839000.0,40.374,47.2798,40.324,44.1495,44.1495,19665700.0,19665700.0,0.7999999999999998,0.11238095238095236,44.065601428571426
2004-05-01,RDN,Radian Group Inc.,NYSE,1992-10-30,4540200000.0,44.2918,45.3698,41.357,43.6851,43.6851,10344300.0,10344300.0,-2.35,-0.2629499999999999,43.20325600000001
2004-06-01,RDN,Radian Group Inc.,NYSE,1992-10-30,4727730000.0,43.4977,46.0094,43.0426,45.4894,45.4894,11250100.0,11250100.0,2.5099000000000005,0.27504761904761904,44.445462857142864
2004-07-01,RDN,Radian Group Inc.,NYSE,1992-10-30,4542174000.0,45.4905,47.2842,42.2573,43.7041,43.7041,11425300.0,11425300.0,-2.6,-0.26766666666666666,44.64834619047619
2004-08-01,RDN,Radian Group Inc.,NYSE,1992-10-30,4305960000.0,43.5319,44.4374,41.2144,42.0895,42.0895,9241000.0,9241000.0,-1.0299999999999998,-0.10359090909090912,42.44351454545455
2004-09-01,RDN,Radian Group Inc.,NYSE,1992-10-30,4493556000.0,42.2326,43.9232,41.1955,43.9232,43.9232,10440200.0,10440200.0,0.4198999999999997,0.05123809523809526,42.34041952380952
2004-10-01,RDN,Radian Group Inc.,NYSE,1992-10-30,4658796000.0,43.9088,46.815,40.1344,45.5384,45.5384,12824200.0,12824200.0,-0.11000000000000043,0.002952380952381029,43.60424285714286
2004-11-01,RDN,Radian Group Inc.,NYSE,1992-10-30,4961000000.0,45.5588,49.1023,45.0089,48.7122,48.7122,10633100.0,10633100.0,2.5799,0.2623333333333333,47.258439523809514
2004-12-01,RDN,Radian Group Inc.,NYSE,1992-10-30,5153632000.0,49.5229,52.266,49.1541,50.6037,50.6037,10883200.0,10883200.0,-0.64,-0.05059090909090911,50.24133590909091
2005-01-01,RDN,Radian Group Inc.,NYSE,1992-10-30,4640592000.0,50.4517,50.7395,43.7677,45.5661,45.5661,14360900.0,14360900.0,-2.89,-0.2719500000000001,47.86938200000001
2005-02-01,RDN,Radian Group Inc.,NYSE,1992-10-30,4557519000.0,45.5029,46.6355,43.9271,45.9559,45.9559,15914700.0,15914700.0,1.8900000000000006,0.22421052631578947,45.602828947368415
2005-03-01,RDN,Radian Group Inc.,NYSE,1992-10-30,4501882000.0,46.0358,48.0565,45.3444,45.3949,45.3949,12695800.0,12695800.0,-2.16,-0.20940909090909088,46.58503636363636
2005-04-01,RDN,Radian Group Inc.,NYSE,1992-10-30,4189749000.0,45.6165,45.7565,40.7175,42.2475,42.2475,13522800.0,13522800.0,-4.29,-0.4518095238095237,43.63852095238095
2005-05-01,RDN,Radian Group Inc.,NYSE,1992-10-30,4133788000.0,43.038,44.7698,42.198,43.645,43.645,11961000.0,11961000.0,1.0699999999999998,0.12233333333333335,43.838823333333345
2005-06-01,RDN,Radian Group Inc.,NYSE,1992-10-30,4254522000.0,43.5378,45.6498,43.3078,44.9198,44.9198,10254700.0,10254700.0,-0.05000000000000021,4.5454545454575776e-05,44.46172363636364
2005-07-01,RDN,Radian Group Inc.,NYSE,1992-10-30,4647358000.0,45.0813,49.9825,44.4459,49.0674,49.0674,10670000.0,10670000.0,1.6600000000000001,0.1851,46.7989445
2005-08-01,RDN,Radian Group Inc.,NYSE,1992-10-30,4437306000.0,48.1242,51.9895,47.5395,48.7054,48.7054,12634500.0,12634500.0,0.6401000000000007,0.06065217391304346,49.547419130434776
2005-09-01,RDN,Radian Group Inc.,NYSE,1992-10-30,4603770000.0,48.7291,50.5526,47.7193,50.5326,50.5326,13298600.0,13298600.0,1.8399999999999999,0.1822857142857143,49.02590142857143
2005-10-01,RDN,Radian Group Inc.,NYSE,1992-10-30,4517070000.0,50.3596,50.5533,45.0927,49.5809,49.5809,17645500.0,17645500.0,-6.4799999999999995,-0.6139523809523809,47.90820761904762
2005-11-01,RDN,Radian Group Inc.,NYSE,1992-10-30,4745384000.0,49.4045,54.325,49.3745,53.8444,53.8444,11197000.0,11197000.0,3.4598999999999998,0.3382380952380953,52.29491238095237
2005-12-01,RDN,Radian Group Inc.,NYSE,1992-10-30,4915701000.0,53.9063,57.5127,52.7417,55.7769,55.7769,11019500.0,11019500.0,-0.26000000000000056,-0.017428571428571432,54.65867142857143
2006-01-01,RDN,Radian Group Inc.,NYSE,1992-10-30,4801597000.0,54.0115,57.5382,52.5434,54.4822,54.4822,16513600.0,16513600.0,2.26,0.2125,54.962329
2006-02-01,RDN,Radian Group Inc.,NYSE,1992-10-30,4749975000.0,54.3474,54.7804,51.873,54.0442,54.0442,9715300.0,9715300.0,-0.18010000000000004,-0.010368421052631605,53.470686842105266
2006-03-01,RDN,Radian Group Inc.,NYSE,1992-10-30,5042925000.0,54.0427,58.5345,53.5927,57.3773,57.3773,12318400.0,12318400.0,3.1000000000000005,0.2474347826086956,56.352775652173925
2006-04-01,RDN,Radian Group Inc.,NYSE,1992-10-30,5249664000.0,57.494,62.7752,55.7564,59.7295,59.7295,14674900.0,14674900.0,0.5999999999999999,0.06757894736842106,58.30385842105263
2006-05-01,RDN,Radian Group Inc.,NYSE,1992-10-30,5060736000.0,60.1391,61.6538,56.4948,58.2245,58.2245,13687900.0,13687900.0,-1.8000000000000003,-0.12922727272727272,59.08167045454547
2006-06-01,RDN,Radian Group Inc.,NYSE,1992-10-30,5115384000.0,58.1993,59.3554,54.9209,58.8532,58.8532,14592000.0,14592000.0,-0.9599999999999999,-0.07009090909090908,57.458801363636354
2006-07-01,RDN,Radian Group Inc.,NYSE,1992-10-30,5094684000.0,58.799,62.1268,56.1504,58.6151,58.6151,15593400.0,15593400.0,-0.9901000000000002,-0.06969999999999996,58.949897
2006-08-01,RDN,Radian Group Inc.,NYSE,1992-10-30,4916148000.0,58.555,60.5306,56.5718,57.0618,57.0618,18037600.0,18037600.0,-4.76,-0.34839130434782606,58.43658608695652
2006-09-01,RDN,Radian Group Inc.,NYSE,1992-10-30,4926000000.0,57.1512,58.7313,55.1685,57.1762,57.1762,14859700.0,14859700.0,0.09999999999999987,0.017750000000000023,57.379449
2006-10-01,RDN,Radian Group Inc.,NYSE,1992-10-30,4375930000.0,57.2073,59.1875,50.7515,50.7915,50.7915,19196200.0,19196200.0,-3.1599999999999997,-0.2642272727272727,55.40589272727272
2006-11-01,RDN,Radian Group Inc.,NYSE,1992-10-30,4294047000.0,50.807,52.2223,49.1972,50.7248,50.7248,17784700.0,17784700.0,0.7699999999999998,0.07700000000000003,50.77461285714286
2006-12-01,RDN,Radian Group Inc.,NYSE,1992-10-30,4350537000.0,50.7122,54.3307,50.1975,51.3921,51.3921,17457500.0,17457500.0,0.9799999999999999,0.10005000000000001,51.46801650000001
2007-01-01,RDN,Radian Group Inc.,NYSE,1992-10-30,4859754000.0,51.5828,59.6725,51.3505,57.4074,57.4074,20421400.0,20421400.0,4.940000000000001,0.46525,54.292275000000004
2007-02-01,RDN,Radian Group Inc.,NYSE,1992-10-30,4601745000.0,57.5208,64.2436,54.1006,54.7845,54.7845,32717600.0,32717600.0,-6.48,-0.5734736842105262,58.94613684210526
2007-03-01,RDN,Radian Group Inc.,NYSE,1992-10-30,4395888000.0,54.4246,55.525,49.2131,52.3337,52.3337,50104600.0,50104600.0,-3.8899999999999997,-0.3106818181818183,52.817188636363646
2007-04-01,RDN,Radian Group Inc.,NYSE,1992-10-30,4654611000.0,52.3417,58.3277,48.3498,55.4139,55.4139,30884400.0,30884400.0,4.469999999999999,0.45600000000000007,53.594126
2007-05-01,RDN,Radian Group Inc.,NYSE,1992-10-30,4982950000.0,55.3141,61.0308,54.8841,59.0471,59.0471,13884500.0,13884500.0,3.3099999999999996,0.2732727272727273,58.69505818181817
2007-06-01,RDN,Radian Group Inc.,NYSE,1992-10-30,4347000000.0,59.0356,60.0767,50.8461,51.5112,51.5112,16836200.0,16836200.0,-5.989999999999999,-0.5022380952380953,55.77871952380953
2007-07-01,RDN,Radian Group Inc.,NYSE,1992-10-30,2713655000.0,51.6386,53.4067,29.2864,32.1564,32.1564,54112100.0,54112100.0,-11.940000000000001,-1.3178095238095238,47.53170095238095
2007-08-01,RDN,Radian Group Inc.,NYSE,1992-10-30,1407672000.0,32.0121,32.1821,14.2321,16.8458,16.8458,133818900.0,133818900.0,-12.219999999999997,-1.7043913043478265,19.72212608695652
2007-09-01,RDN,Radian Group Inc.,NYSE,1992-10-30,1857744000.0,16.9247,25.6742,14.9775,22.2319,22.2319,65363600.0,65363600.0,5.990000000000003,1.9565789473684216,19.787646315789473
2007-10-01,RDN,Radian Group Inc.,NYSE,1992-10-30,1004682000.0,22.1317,25.2399,9.2702,12.0232,12.0232,95838000.0,95838000.0,-11.890000000000002,-3.2736086956521744,18.302592608695655
2007-11-01,RDN,Radian Group Inc.,NYSE,1992-10-30,906066000.0,10.5402,13.891,7.7358,10.8463,10.8463,71518900.0,71518900.0,-1.35,-0.2348571428571428,10.394950476190477
2007-12-01,RDN,Radian Group Inc.,NYSE,1992-10-30,933232000.0,11.0102,13.181,9.5407,11.1715,11.1715,50714400.0,50714400.0,-1.2599999999999996,-0.41974999999999996,10.8893635
2008-01-01,RDN,Radian Group Inc.,NYSE,1992-10-30,729487000.0,11.1746,11.9246,5.1309,8.7325,8.7325,69426400.0,69426400.0,-2.65,-0.7381904761904771,8.27093380952381
2008-02-01,RDN,Radian Group Inc.,NYSE,1992-10-30,569600000.0,9.059,9.569,6.4809,6.8282,6.8282,33980800.0,33980800.0,-2.6100000000000008,-1.5133500000000002,7.663941499999998
2008-03-01,RDN,Radian Group Inc.,NYSE,1992-10-30,525600000.0,6.7709,8.3871,4.2256,6.3007,6.3007,37584800.0,37584800.0,-0.24999999999999983,0.2951500000000003,6.052708500000001
2008-04-01,RDN,Radian Group Inc.,NYSE,1992-10-30,432000000.0,6.3025,6.8588,4.3157,5.1787,5.1787,24800400.0,24800400.0,-1.7699999999999996,-1.301181818181818,5.2896968181818185
2008-05-01,RDN,Radian Group Inc.,NYSE,1992-10-30,458400000.0,5.2467,6.3,4.5857,5.5171,5.5171,24279400.0,24279400.0,-0.15000000000000013,0.03538095238095245,5.355287142857144
2008-06-01,RDN,Radian Group Inc.,NYSE,1992-10-30,116000000.0,5.4434,5.8027,1.1861,1.3961,1.3961,52120200.0,52120200.0,-4.36,-6.637190476190476,3.302274761904761
2008-07-01,RDN,Radian Group Inc.,NYSE,1992-10-30,139200000.0,1.4095,2.5046,0.6621,1.6754,1.6754,137350500.0,137350500.0,-1.5000000000000002,-3.045681818181818,1.3663131818181817
2008-08-01,RDN,Radian Group Inc.,NYSE,1992-10-30,308315000.0,1.7453,4.8081,1.6553,3.6902,3.6902,147187100.0,147187100.0,1.5100000000000002,3.739904761904761,3.133612857142857
2008-09-01,RDN,Radian Group Inc.,NYSE,1992-10-30,405720000.0,3.9104,7.2727,2.8386,4.8561,4.8561,109334100.0,109334100.0,-1.7100000000000002,0.48404761904761867,4.403287142857144
2008-10-01,RDN,Radian Group Inc.,NYSE,1992-10-30,289800000.0,4.8639,5.3039,1.7834,3.4686,3.4686,40963300.0,40963300.0,-0.5499999999999997,0.724652173913043,3.336
2008-11-01,RDN,Radian Group Inc.,NYSE,1992-10-30,218426000.0,3.4301,5.1449,1.2509,2.6142,2.6142,52966500.0,52966500.0,-1.169999999999999,-0.5706315789473687,2.830813157894737
2008-12-01,RDN,Radian Group Inc.,NYSE,1992-10-30,296608000.0,2.4303,3.7698,1.8803,3.5498,3.5498,30807200.0,30807200.0,0.4999999999999999,1.122590909090909,2.928668181818182
2009-01-01,RDN,Radian Group Inc.,NYSE,1992-10-30,259532000.0,3.5424,4.2553,2.1148,3.1061,3.1061,26262900.0,26262900.0,0.1200000000000001,0.4451999999999998,3.3094564999999996
2009-02-01,RDN,Radian Group Inc.,NYSE,1992-10-30,154519000.0,3.0446,3.7396,1.5965,1.8443,1.8443,26160100.0,26160100.0,-1.44,-2.4939999999999998,2.6005363157894736
2009-03-01,RDN,Radian Group Inc.,NYSE,1992-10-30,147238000.0,1.8016,1.9419,0.9115,1.7574,1.7574,36050800.0,36050800.0,-0.3800000000000001,-0.3358181818181814,1.45952
2009-04-01,RDN,Radian Group Inc.,NYSE,1992-10-30,139957000.0,1.665,2.3275,1.1398,1.6705,1.6705,25541700.0,25541700.0,-0.0900000000000001,-0.013142857142856965,1.8708538095238096
2009-05-01,RDN,Radian Group Inc.,NYSE,1992-10-30,232626000.0,1.6513,3.5621,1.6012,2.7348,2.7348,53680800.0,53680800.0,0.5698999999999999,2.3518,2.7632315
2009-06-01,RDN,Radian Group Inc.,NYSE,1992-10-30,223584000.0,2.8561,3.7206,2.174,2.6285,2.6285,24217500.0,24217500.0,-0.49,-0.5828636363636365,2.889059090909091
2009-07-01,RDN,Radian Group Inc.,NYSE,1992-10-30,273726000.0,2.7425,3.524,1.7475,3.218,3.218,31582500.0,31582500.0,0.18000000000000005,0.2637727272727274,2.452496363636364
2009-08-01,RDN,Radian Group Inc.,NYSE,1992-10-30,749189000.0,3.3296,9.6259,3.2396,8.8643,8.8643,103888100.0,103888100.0,4.8199999999999985,3.9840952380952386,7.238770000000001
2009-09-01,RDN,Radian Group Inc.,NYSE,1992-10-30,864386000.0,8.8699,12.0893,7.5946,10.2273,10.2273,58147800.0,58147800.0,1.0,0.7488571428571428,10.13823380952381
2009-10-01,RDN,Radian Group Inc.,NYSE,1992-10-30,473043000.0,10.4489,10.5389,4.822,5.597,5.597,97467300.0,97467300.0,-5.45,-3.0585909090909085,7.291370909090909
2009-11-01,RDN,Radian Group Inc.,NYSE,1992-10-30,366093000.0,5.9126,6.867,4.0429,4.3229,4.3229,81568200.0,81568200.0,-2.2499999999999996,-1.8890999999999998,5.2643095
2009-12-01,RDN,Radian Group Inc.,NYSE,1992-10-30,598689000.0,4.4593,7.9227,4.3093,7.0694,7.0694,83278200.0,83278200.0,1.9999999999999998,1.9148636363636364,6.275683636363637
2010-01-01,RDN,Radian Group Inc.,NYSE,1992-10-30,526617000.0,7.2829,9.2395,6.1284,6.2184,6.2184,65994200.0,65994200.0,-1.82,-1.2747368421052632,7.543347894736843
2010-02-01,RDN,Radian Group Inc.,NYSE,1992-10-30,808186000.0,6.2688,10.0741,5.899,9.4998,9.4998,86062700.0,86062700.0,3.08,2.2591578947368425,7.505797894736841
2010-03-01,RDN,Radian Group Inc.,NYSE,1992-10-30,1287172000.0,9.5755,15.47,9.5255,15.13,15.13,109674200.0,109674200.0,4.910000000000001,1.9176521739130439,11.536554782608693
2010-04-01,RDN,Radian Group Inc.,NYSE,1992-10-30,1167837000.0,15.3759,18.0823,13.6873,13.7273,13.7273,99821000.0,99821000.0,-1.6,-0.4553333333333332,16.293370952380947
2010-05-01,RDN,Radian Group Inc.,NYSE,1992-10-30,1133884000.0,13.8229,14.3929,4.6694,9.9473,9.9473,249197200.0,249197200.0,-2.77,-1.13175,9.710528
2010-06-01,RDN,Radian Group Inc.,NYSE,1992-10-30,798572000.0,9.6465,10.1465,6.9457,7.0057,7.0057,146317400.0,146317400.0,-3.5400000000000005,-1.840318181818182,8.64468636363636
2010-07-01,RDN,Radian Group Inc.,NYSE,1992-10-30,948580000.0,7.0638,9.3023,6.2838,8.3217,8.3217,116227200.0,116227200.0,0.45990000000000014,0.38380952380952377,7.934045714285714
2010-08-01,RDN,Radian Group Inc.,NYSE,1992-10-30,845055000.0,8.5478,8.8478,5.838,6.1273,6.1273,113588100.0,113588100.0,-2.11,-1.3486363636363636,6.7108504545454535
2010-09-01,RDN,Radian Group Inc.,NYSE,1992-10-30,1043970000.0,6.2804,7.9696,6.2504,7.5696,7.5696,66061300.0,66061300.0,0.03999999999999998,0.121,7.280297142857142
2010-10-01,RDN,Radian Group Inc.,NYSE,1992-10-30,1013265000.0,7.7899,9.1828,7.217,7.347,7.347,101389100.0,101389100.0,-1.11,-0.5447619047619047,8.214500000000001
2010-11-01,RDN,Radian Group Inc.,NYSE,1992-10-30,938716000.0,7.3815,9.8014,6.8144,6.8653,6.8653,169887000.0,169887000.0,-1.2699999999999998,-0.8191428571428571,7.670994285714285
2010-12-01,RDN,Radian Group Inc.,NYSE,1992-10-30,1068468000.0,7.0874,8.0905,7.0174,7.8143,7.8143,87847200.0,87847200.0,-0.33,-0.16477272727272732,7.621234090909092
2011-01-01,RDN,Radian Group Inc.,NYSE,1992-10-30,950632000.0,7.9465,9.4264,6.8072,6.9525,6.9525,136929400.0,136929400.0,-0.96,-0.5824,8.183026499999999
2011-02-01,RDN,Radian Group Inc.,NYSE,1992-10-30,943922000.0,7.0623,7.9456,6.3547,6.8385,6.8385,135934200.0,135934200.0,-0.02000000000000015,0.06115789473684194,7.03742052631579
2011-03-01,RDN,Radian Group Inc.,NYSE,1992-10-30,910497000.0,6.8398,7.2675,6.1095,6.5964,6.5964,98980700.0,98980700.0,-0.9199999999999998,-0.5848260869565217,6.679168260869564
2011-04-01,RDN,Radian Group Inc.,NYSE,1992-10-30,792841000.0,6.716,6.7864,5.0968,5.744,5.744,71642600.0,71642600.0,-1.44,-1.1124499999999997,6.046465
2011-05-01,RDN,Radian Group Inc.,NYSE,1992-10-30,665328000.0,5.7721,5.9249,4.1067,4.8263,4.8263,80713300.0,80713300.0,-1.48,-1.3063809523809522,5.016457619047618
2011-06-01,RDN,Radian Group Inc.,NYSE,1992-10-30,565128000.0,4.7996,4.8096,3.3392,4.0995,4.0995,90694400.0,90694400.0,-0.9400000000000001,-0.9492272727272724,3.9078045454545456
2011-07-01,RDN,Radian Group Inc.,NYSE,1992-10-30,423512000.0,4.1282,4.6916,3.0022,3.0722,3.0722,74109100.0,74109100.0,-0.88,-1.1628500000000002,3.789645
2011-08-01,RDN,Radian Group Inc.,NYSE,1992-10-30,444555000.0,3.185,3.7905,1.8902,3.2304,3.2304,157678100.0,157678100.0,-0.6900000000000007,-0.5980000000000004,2.6599260869565224
2011-09-01,RDN,Radian Group Inc.,NYSE,1992-10-30,292365000.0,3.254,3.3956,1.9469,2.1245,2.1245,100093900.0,100093900.0,-1.1500000000000004,-2.046761904761905,2.596345238095238
2011-10-01,RDN,Radian Group Inc.,NYSE,1992-10-30,313725000.0,2.0902,2.6513,1.7387,2.2797,2.2797,105410400.0,105410400.0,0.06999999999999998,0.266095238095238,2.290801904761905
2011-11-01,RDN,Radian Group Inc.,NYSE,1992-10-30,285984000.0,2.4337,3.3483,1.9384,2.0975,2.0975,138417600.0,138417600.0,-0.16999999999999982,-0.40914285714285736,2.4584890476190475
2011-12-01,RDN,Radian Group Inc.,NYSE,1992-10-30,309816000.0,2.102,2.6906,1.853,2.2723,2.2723,116657100.0,116657100.0,-0.09000000000000002,-0.08676190476190501,2.181095714285714
2012-01-01,RDN,Radian Group Inc.,NYSE,1992-10-30,364100000.0,2.3038,3.1735,2.1438,2.6705,2.6705,145624800.0,145624800.0,0.21000000000000008,0.7022499999999998,2.6665704999999997
2012-02-01,RDN,Radian Group Inc.,NYSE,1992-10-30,502175000.0,2.6993,4.0872,2.6687,3.6828,3.6828,143676000.0,143676000.0,0.5699999999999998,1.00685,3.4184364999999994
2012-03-01,RDN,Radian Group Inc.,NYSE,1992-10-30,576375000.0,3.6956,4.5496,3.3321,4.2269,4.2269,111399300.0,111399300.0,0.26,0.35959090909090907,4.00432590909091
2012-04-01,RDN,Radian Group Inc.,NYSE,1992-10-30,413400000.0,4.1969,4.3269,2.8174,3.0317,3.0317,80414500.0,80414500.0,-1.2600000000000002,-1.7201499999999998,3.434997
2012-05-01,RDN,Radian Group Inc.,NYSE,1992-10-30,328104000.0,2.8882,2.9982,1.9451,2.4126,2.4126,101398000.0,101398000.0,-0.24,-0.3631363636363638,2.361108636363636
2012-06-01,RDN,Radian Group Inc.,NYSE,1992-10-30,435267000.0,2.2897,3.2206,2.1002,3.2006,3.2006,66977800.0,66977800.0,0.55,1.0608095238095236,2.586262857142857
2012-07-01,RDN,Radian Group Inc.,NYSE,1992-10-30,370440000.0,3.2079,3.426,2.5748,2.7239,2.7239,60596800.0,60596800.0,-0.42000000000000004,-0.6562857142857143,2.9064080952380955
2012-08-01,RDN,Radian Group Inc.,NYSE,1992-10-30,450240000.0,2.655,3.4972,2.5723,3.2711,3.2711,78570100.0,78570100.0,0.69,1.1390434782608696,3.127624782608696
2012-09-01,RDN,Radian Group Inc.,NYSE,1992-10-30,581560000.0,3.2917,4.8352,3.1927,4.2252,4.2252,100323200.0,100323200.0,1.1600000000000001,1.6766315789473683,4.242647368421052
2012-10-01,RDN,Radian Group Inc.,NYSE,1992-10-30,628460000.0,4.2868,5.1612,4.1168,4.566,4.566,71697200.0,71697200.0,0.12000000000000008,0.18423809523809528,4.4390366666666665
2012-11-01,RDN,Radian Group Inc.,NYSE,1992-10-30,580350000.0,4.908,5.4077,3.6294,4.2667,4.2667,103094200.0,103094200.0,-0.21999999999999995,-0.22900000000000004,4.335584761904762
2012-12-01,RDN,Radian Group Inc.,NYSE,1992-10-30,809575000.0,4.2923,6.1419,4.2923,5.9519,5.9519,76356400.0,76356400.0,1.7999999999999998,1.7918999999999996,4.9730425
2013-01-01,RDN,Radian Group Inc.,NYSE,1992-10-30,851975000.0,6.3068,6.7075,5.8119,6.2637,6.2637,86265100.0,86265100.0,-0.10000000000000003,-0.04176190476190472,6.169625714285716
2013-02-01,RDN,Radian Group Inc.,NYSE,1992-10-30,1272164000.0,6.3249,8.905,6.0516,8.585,8.585,202453400.0,202453400.0,2.24,1.72,7.197911578947367
2013-03-01,RDN,Radian Group Inc.,NYSE,1992-10-30,1546524000.0,8.5258,10.682,8.3658,10.4364,10.4364,286978600.0,286978600.0,0.3900999999999999,0.29445,9.804206
2013-04-01,RDN,Radian Group Inc.,NYSE,1992-10-30,1725580000.0,10.4456,11.933,9.3684,11.6448,11.6448,180637600.0,180637600.0,-0.03999999999999984,0.002363636363636315,10.565260454545454
2013-05-01,RDN,Radian Group Inc.,NYSE,1992-10-30,2211066000.0,11.6478,13.9901,10.8378,12.5436,12.5436,184448300.0,184448300.0,-0.20000000000000007,-0.030818181818181835,12.766683636363636
2013-06-01,RDN,Radian Group Inc.,NYSE,1992-10-30,1996316000.0,12.5859,13.005,10.581,11.3253,11.3253,159385700.0,159385700.0,-1.1,-0.4327,12.020598000000001
2013-07-01,RDN,Radian Group Inc.,NYSE,1992-10-30,2413790000.0,11.4805,14.2683,11.0638,13.6937,13.6937,116146600.0,116146600.0,0.9699999999999999,0.35704545454545467,12.49168590909091
2013-08-01,RDN,Radian Group Inc.,NYSE,1992-10-30,2640895000.0,13.8425,14.43,12.1046,13.2089,13.2089,102949900.0,102949900.0,-0.39,-0.10577272727272731,13.137915
2013-09-01,RDN,Radian Group Inc.,NYSE,1992-10-30,2714957000.0,13.3872,14.0671,12.3244,13.5794,13.5794,84730600.0,84730600.0,-0.02999999999999975,0.0062000000000000275,13.4296165
2013-10-01,RDN,Radian Group Inc.,NYSE,1992-10-30,2839693000.0,13.5999,14.781,12.6203,14.2033,14.2033,85145400.0,85145400.0,0.1299999999999999,0.050130434782608695,13.709278695652175
2013-11-01,RDN,Radian Group Inc.,NYSE,1992-10-30,2468406000.0,14.1645,14.6845,12.2501,13.9037,13.9037,106277000.0,106277000.0,-0.2999999999999997,-0.06470000000000002,13.2940055
2013-12-01,RDN,Radian Group Inc.,NYSE,1992-10-30,2444172000.0,13.8412,14.445,13.31,13.7672,13.7672,66718900.0,66718900.0,-0.67,-0.2132857142857143,13.949809047619047
2014-01-01,RDN,Radian Group Inc.,NYSE,1992-10-30,2575728000.0,13.7487,15.5705,13.4047,14.5082,14.5082,77777200.0,77777200.0,0.76,0.2761904761904762,14.549902380952378
2014-02-01,RDN,Radian Group Inc.,NYSE,1992-10-30,3462985000.0,14.4335,15.6205,13.852,15.1639,15.1639,48354600.0,48354600.0,-0.27000000000000013,-0.09500000000000001,15.064566315789472
2014-03-01,RDN,Radian Group Inc.,NYSE,1992-10-30,3347181000.0,14.9371,15.8452,13.9412,14.6568,14.6568,68020600.0,68020600.0,-1.02,-0.31342857142857145,15.03621619047619
2014-04-01,RDN,Radian Group Inc.,NYSE,1992-10-30,3113346000.0,14.7036,15.0408,13.0526,13.6329,13.6329,61398300.0,61398300.0,-1.57,-0.5113809523809524,13.89179333333333
2014-05-01,RDN,Radian Group Inc.,NYSE,1992-10-30,3328136000.0,13.6329,14.8445,13.3929,14.0645,14.0645,89457800.0,89457800.0,-0.1400000000000001,-0.03661904761904761,14.029618571428573
2014-06-01,RDN,Radian Group Inc.,NYSE,1992-10-30,3418148000.0,14.1267,15.2035,13.8267,14.4448,14.4448,67918600.0,67918600.0,0.4300000000000001,0.149,14.69582047619048
2014-07-01,RDN,Radian Group Inc.,NYSE,1992-10-30,2921928000.0,14.4481,14.6953,12.1679,12.3479,12.3479,102750000.0,102750000.0,-0.7300000000000001,-0.23095454545454544,13.284680454545454
2014-08-01,RDN,Radian Group Inc.,NYSE,1992-10-30,3466736000.0,12.3703,14.2835,11.873,14.2035,14.2035,63697400.0,63697400.0,1.23,0.44157142857142856,13.45467095238095
2014-09-01,RDN,Radian Group Inc.,NYSE,1992-10-30,3395306000.0,14.1908,14.7769,13.8109,13.9109,13.9109,49477200.0,49477200.0,-0.14999999999999994,-0.0469523809523809,14.25500857142857
2014-10-01,RDN,Radian Group Inc.,NYSE,1992-10-30,4011985000.0,13.9128,16.4674,13.6101,16.4374,16.4374,73812100.0,73812100.0,1.4401000000000002,0.43908695652173907,14.593229130434782
2014-11-01,RDN,Radian Group Inc.,NYSE,1992-10-30,4139740000.0,16.5053,16.8362,15.7487,16.635,16.635,40733200.0,40733200.0,-0.11999999999999998,-0.031157894736842075,16.28933157894737
2014-12-01,RDN,Radian Group Inc.,NYSE,1992-10-30,4059616000.0,16.5384,17.0814,15.7343,16.3131,16.3131,44300000.0,44300000.0,-0.7099999999999999,-0.18995454545454551,16.435724999999998
2015-01-01,RDN,Radian Group Inc.,NYSE,1992-10-30,3826528000.0,16.367,16.637,14.8042,15.3764,15.3764,69868000.0,69868000.0,-0.9400000000000001,-0.2814,15.6960185
2015-02-01,RDN,Radian Group Inc.,NYSE,1992-10-30,3841830000.0,15.4196,16.7372,15.1658,15.4275,15.4275,52916100.0,52916100.0,0.5700000000000002,0.19594736842105262,15.85076842105263
2015-03-01,RDN,Radian Group Inc.,NYSE,1992-10-30,4079970000.0,15.4224,16.6685,15.3424,16.3838,16.3838,43827200.0,43827200.0,0.45,0.13450000000000004,16.10003681818182
2015-04-01,RDN,Radian Group Inc.,NYSE,1992-10-30,4339980000.0,16.306,18.1356,16.146,17.4279,17.4279,69663600.0,69663600.0,0.4500000000000003,0.13766666666666666,17.16534095238095
2015-05-01,RDN,Radian Group Inc.,NYSE,1992-10-30,4420864000.0,17.3911,17.9297,17.0342,17.4889,17.4889,34837500.0,34837500.0,-0.29000000000000004,-0.08034999999999998,17.467598000000002
2015-06-01,RDN,Radian Group Inc.,NYSE,1992-10-30,4628092000.0,17.5999,18.6761,17.1235,18.3087,18.3087,64945700.0,64945700.0,0.6400000000000001,0.16413636363636364,17.94648090909091
2015-07-01,RDN,Radian Group Inc.,NYSE,1992-10-30,4554082000.0,18.4911,18.6711,17.4769,18.0159,18.0159,48839300.0,48839300.0,-1.0699999999999998,-0.2628181818181819,18.09058818181818
2015-08-01,RDN,Radian Group Inc.,NYSE,1992-10-30,4509384000.0,18.0069,18.2469,15.945,17.5499,17.5499,43468900.0,43468900.0,0.4099999999999999,0.11628571428571427,17.59468523809524
2015-09-01,RDN,Radian Group Inc.,NYSE,1992-10-30,3990228000.0,17.2071,17.4071,15.3108,15.5294,15.5294,38272900.0,38272900.0,-1.92,-0.5533809523809524,16.576362380952382
2015-10-01,RDN,Radian Group Inc.,NYSE,1992-10-30,3629076000.0,15.5896,16.596,13.6736,14.1239,14.1239,63163000.0,63163000.0,-0.7599999999999998,-0.21718181818181811,15.655047272727275
2015-11-01,RDN,Radian Group Inc.,NYSE,1992-10-30,3481275000.0,14.0717,14.4222,13.3775,13.9115,13.9115,40558900.0,40558900.0,0.14,0.0593,13.893751499999999
2015-12-01,RDN,Radian Group Inc.,NYSE,1992-10-30,3271177000.0,13.9601,14.0137,12.5143,13.072,13.072,53928200.0,53928200.0,-0.8000000000000002,-0.2617272727272727,13.370686363636365
2016-01-01,RDN,Radian Group Inc.,NYSE,1992-10-30,2457658000.0,12.8869,13.0389,9.0644,9.8211,9.8211,86538100.0,86538100.0,-2.9899,-1.3664736842105265,10.974738421052631
2016-02-01,RDN,Radian Group Inc.,NYSE,1992-10-30,2588760000.0,9.782,11.1752,9.5673,10.5458,10.5458,70819800.0,70819800.0,0.6500000000000001,0.3588499999999999,10.5035385
2016-03-01,RDN,Radian Group Inc.,NYSE,1992-10-30,2972280000.0,10.6201,12.4721,10.6201,12.1082,12.1082,60800100.0,60800100.0,1.3399999999999999,0.5581363636363638,11.662531363636363
2016-04-01,RDN,Radian Group Inc.,NYSE,1992-10-30,3065763000.0,11.9872,13.0031,11.2682,12.489,12.489,53304000.0,53304000.0,0.43009999999999987,0.1792380952380952,12.00045523809524
2016-05-01,RDN,Radian Group Inc.,NYSE,1992-10-30,2807142000.0,12.5071,12.6871,11.3748,12.1204,12.1204,41790600.0,41790600.0,-0.21999999999999995,-0.07433333333333333,11.939149999999998
2016-06-01,RDN,Radian Group Inc.,NYSE,1992-10-30,2357004000.0,12.0439,12.0939,9.0725,10.1769,10.1769,71524600.0,71524600.0,-2.2099999999999995,-0.9294545454545453,10.630833181818183
2016-07-01,RDN,Radian Group Inc.,NYSE,1992-10-30,2917980000.0,10.1359,12.649,9.6195,12.599,12.599,62645600.0,62645600.0,0.91,0.4012999999999999,11.396064
2016-08-01,RDN,Radian Group Inc.,NYSE,1992-10-30,3098460000.0,12.623,13.5226,12.1679,13.3926,13.3926,49326200.0,49326200.0,0.5899999999999999,0.19826086956521738,12.92532391304348
2016-09-01,RDN,Radian Group Inc.,NYSE,1992-10-30,3062300000.0,13.3996,13.825,12.9098,13.2363,13.2363,43364800.0,43364800.0,0.19,0.07438095238095234,13.336963333333333
2016-10-01,RDN,Radian Group Inc.,NYSE,1992-10-30,3071340000.0,13.1579,14.3478,12.7647,13.2754,13.2754,41746100.0,41746100.0,-0.17000000000000004,-0.05600000000000003,13.556707142857144
2016-11-01,RDN,Radian Group Inc.,NYSE,1992-10-30,3276000000.0,13.3837,14.5633,12.6593,14.2254,14.2254,66584100.0,66584100.0,0.07999999999999993,0.041190476190476166,13.804053809523808
2016-12-01,RDN,Radian Group Inc.,NYSE,1992-10-30,4045500000.0,14.3578,18.0292,14.3178,17.5668,17.5668,54941800.0,54941800.0,2.790000000000001,0.8453809523809523,16.606760476190477
2017-01-01,RDN,Radian Group Inc.,NYSE,1992-10-30,4140000000.0,17.6938,18.3211,16.731,17.9771,17.9771,45177700.0,45177700.0,-0.04999999999999993,-0.0045499999999999985,17.681569999999997
2017-02-01,RDN,Radian Group Inc.,NYSE,1992-10-30,4122115000.0,18.1447,19.4193,17.9243,18.1847,18.1847,39201400.0,39201400.0,0.36999999999999994,0.11321052631578948,18.6256647368421
2017-03-01,RDN,Radian Group Inc.,NYSE,1992-10-30,3978140000.0,18.4726,18.8726,16.8644,17.5496,17.5496,33775100.0,33775100.0,-0.7899999999999998,-0.17034782608695648,17.97217043478261
2017-04-01,RDN,Radian Group Inc.,NYSE,1992-10-30,3738920000.0,17.5528,19.098,16.3143,16.4943,16.4943,38747400.0,38747400.0,-0.08000000000000035,-0.021789473684210536,17.915049999999997
2017-05-01,RDN,Radian Group Inc.,NYSE,1992-10-30,3456112000.0,16.6425,16.8372,15.4953,15.6953,15.6953,38245700.0,38245700.0,-0.37999999999999995,-0.10231818181818184,16.229099545454545
2017-06-01,RDN,Radian Group Inc.,NYSE,1992-10-30,3518520000.0,15.7074,16.9406,15.2131,15.9787,15.9787,42209900.0,42209900.0,-0.02999999999999997,0.0007727272727271826,16.20698545454545
2017-07-01,RDN,Radian Group Inc.,NYSE,1992-10-30,3748784000.0,16.0528,17.3388,16.0528,17.0244,17.0244,24124000.0,24124000.0,1.0098999999999998,0.31320000000000003,16.875526999999998
2017-08-01,RDN,Radian Group Inc.,NYSE,1992-10-30,3839500000.0,17.1954,17.5883,16.0886,17.1051,17.1051,27870800.0,27870800.0,-0.5800000000000001,-0.1373478260869565,16.914175217391307
2017-09-01,RDN,Radian Group Inc.,NYSE,1992-10-30,4100586000.0,17.1049,18.5282,15.6206,18.2682,18.2682,28055400.0,28055400.0,0.8100000000000003,0.2376000000000001,17.043046
2017-10-01,RDN,Radian Group Inc.,NYSE,1992-10-30,4598624000.0,18.2367,21.1118,18.0114,20.487,20.487,33132900.0,33132900.0,1.18,0.2884545454545455,19.23651636363636
2017-11-01,RDN,Radian Group Inc.,NYSE,1992-10-30,4526241000.0,20.6804,21.0411,19.0196,20.03,20.03,33755700.0,33755700.0,0.050000000000000155,0.03842857142857142,20.072354761904766
2017-12-01,RDN,Radian Group Inc.,NYSE,1992-10-30,4552749000.0,20.0492,22.1563,19.7592,20.1473,20.1473,29445600.0,29445600.0,-1.4499999999999997,-0.32510000000000006,21.247136499999996
2018-01-01,RDN,Radian Group Inc.,NYSE,1992-10-30,4875263000.0,20.2808,22.9759,19.7917,21.5746,21.5746,24779400.0,24779400.0,0.09000000000000002,0.03676190476190472,21.635578571428567
2018-02-01,RDN,Radian Group Inc.,NYSE,1992-10-30,4512348000.0,21.478,22.5263,19.7551,20.0618,20.0618,26301200.0,26301200.0,-0.9299000000000001,-0.2161578947368421,20.878759473684212
2018-03-01,RDN,Radian Group Inc.,NYSE,1992-10-30,4186896000.0,20.0026,21.794,17.5053,18.6148,18.6148,47484300.0,47484300.0,-1.5099999999999998,-0.3241428571428572,19.23868714285714
2018-04-01,RDN,Radian Group Inc.,NYSE,1992-10-30,3144570000.0,18.5299,19.0826,13.7407,13.9807,13.9807,57362800.0,57362800.0,-2.3799999999999994,-0.7114761904761906,16.132499523809525
2018-05-01,RDN,Radian Group Inc.,NYSE,1992-10-30,3463020000.0,14.3934,16.1296,13.9934,15.5473,15.5473,37633900.0,37633900.0,0.48000000000000004,0.16845454545454547,15.626837727272722
2018-06-01,RDN,Radian Group Inc.,NYSE,1992-10-30,3532716000.0,15.6562,16.9553,15.5822,15.8602,15.8602,33364400.0,33364400.0,-0.06000000000000007,-0.0035238095238095744,16.23346523809524
2018-07-01,RDN,Radian Group Inc.,NYSE,1992-10-30,4170870000.0,15.7504,19.0952,15.5504,18.7252,18.7252,35563200.0,35563200.0,2.4899999999999998,0.6983809523809524,16.870353809523806
2018-08-01,RDN,Radian Group Inc.,NYSE,1992-10-30,4429907000.0,18.7363,20.1582,18.3063,19.8815,19.8815,28353600.0,28353600.0,1.3100000000000003,0.3,19.441731304347822
2018-09-01,RDN,Radian Group Inc.,NYSE,1992-10-30,4503993000.0,19.8493,20.6168,19.4457,20.214,20.214,21194000.0,21194000.0,-0.07999999999999985,-0.017473684210526332,19.980680526315787
2018-10-01,RDN,Radian Group Inc.,NYSE,1992-10-30,4181501000.0,20.3428,20.4728,16.9697,18.7666,18.7666,24627300.0,24627300.0,-2.400000000000001,-0.523217391304348,18.71957695652174
2018-11-01,RDN,Radian Group Inc.,NYSE,1992-10-30,4008679200.0,18.934,19.7513,17.5736,17.9965,17.9965,22633100.0,22633100.0,-0.8199999999999998,-0.19471428571428578,18.579960952380954
2018-12-01,RDN,Radian Group Inc.,NYSE,1992-10-30,3564238680.0,18.2275,18.4475,14.4311,16.0012,16.0012,27905500.0,27905500.0,-1.9100000000000001,-0.5311052631578947,16.078307368421054
2019-01-01,RDN,Radian Group Inc.,NYSE,1992-10-30,4191684120.0,15.7204,18.8181,15.6104,18.8181,18.8181,24424100.0,24424100.0,2.6199000000000003,0.7239047619047619,17.224627619047617
2019-02-01,RDN,Radian Group Inc.,NYSE,1992-10-30,4445463480.0,18.8839,20.9314,18.4911,19.916,19.916,28773700.0,28773700.0,0.39,0.11952631578947363,19.688256842105268
2019-03-01,RDN,Radian Group Inc.,NYSE,1992-10-30,4528433820.0,20.0519,20.6708,19.4412,20.2877,20.2877,27642400.0,27642400.0,0.30000000000000004,0.08285714285714285,20.064781904761904
2019-04-01,RDN,Radian Group Inc.,NYSE,1992-10-30,5113593060.0,20.4253,23.0393,20.3953,22.9093,22.9093,27573800.0,27573800.0,2.4700000000000006,0.5510952380952382,22.061039523809523
2019-05-01,RDN,Radian Group Inc.,NYSE,1992-10-30,4795387350.0,23.2032,24.1032,21.3927,21.9628,21.9628,27925100.0,27925100.0,0.6699999999999999,0.1525909090909091,22.370167272727272
2019-06-01,RDN,Radian Group Inc.,NYSE,1992-10-30,4880828550.0,21.9646,23.2625,21.7955,22.3542,22.3542,31431200.0,31431200.0,-1.0401000000000002,-0.22405,22.528854999999993
2019-07-01,RDN,Radian Group Inc.,NYSE,1992-10-30,4870148400.0,22.6085,23.7012,22.1157,22.3053,22.3053,28382600.0,28382600.0,-0.2,-0.028954545454545476,22.99833363636364
2019-08-01,RDN,Radian Group Inc.,NYSE,1992-10-30,4705982050.0,22.6489,23.2389,21.087,22.0631,22.0631,26479300.0,26479300.0,-0.6100000000000003,-0.11177272727272726,22.008182272727275
2019-09-01,RDN,Radian Group Inc.,NYSE,1992-10-30,4766502440.0,21.8833,23.6429,21.7752,22.3468,22.3468,23357200.0,23357200.0,-0.37999999999999995,-0.07285000000000001,22.7772005
2019-10-01,RDN,Radian Group Inc.,NYSE,1992-10-30,5238144100.0,22.4851,25.298,21.9431,24.558,24.558,21849900.0,21849900.0,1.8800000000000003,0.3545652173913043,23.24018217391305
2019-11-01,RDN,Radian Group Inc.,NYSE,1992-10-30,5411128560.0,24.7754,25.7171,24.1541,25.285,25.285,17155800.0,17155800.0,0.05999999999999994,0.01655,24.919959
2019-12-01,RDN,Radian Group Inc.,NYSE,1992-10-30,5268730440.0,25.2936,25.7618,24.399,24.6196,24.6196,21234600.0,21234600.0,-1.1501,-0.21695238095238095,24.958331428571427
2020-01-01,RDN,Radian Group Inc.,NYSE,1992-10-30,5128426410.0,24.7143,24.8377,23.8538,23.964,23.964,26565300.0,26565300.0,0.030000000000000027,0.010476190476190476,24.271681904761905
2020-02-01,RDN,Radian Group Inc.,NYSE,1992-10-30,4286635560.0,24.0641,25.3559,20.4724,20.8924,20.8924,32294900.0,32294900.0,-2.54,-0.5590526315789474,23.537114210526312
2020-03-01,RDN,Radian Group Inc.,NYSE,1992-10-30,2613556050.0,20.958,23.3373,10.2163,12.738,12.738,70135500.0,70135500.0,-2.68,-0.26168181818181785,17.025131363636362
2020-04-01,RDN,Radian Group Inc.,NYSE,1992-10-30,3023248620.0,11.9936,15.9998,9.3712,14.7348,14.7348,46766200.0,46766200.0,0.49000000000000005,0.2115238095238096,12.940716190476188
2020-05-01,RDN,Radian Group Inc.,NYSE,1992-10-30,3156086480.0,14.2215,17.3558,12.1886,15.7464,15.7464,44162300.0,44162300.0,-1.2800000000000002,-0.24455,14.662037500000002
2020-06-01,RDN,Radian Group Inc.,NYSE,1992-10-30,3082550460.0,16.3597,19.1783,14.1274,15.3795,15.3795,55320400.0,55320400.0,-1.1300000000000001,-0.23600000000000004,16.147501363636362
2020-07-01,RDN,Radian Group Inc.,NYSE,1992-10-30,2965290320.0,15.4645,15.7236,12.8786,14.7945,14.7945,50507100.0,50507100.0,-0.6765000000000001,-0.1467272727272727,14.114828636363637
2020-08-01,RDN,Radian Group Inc.,NYSE,1992-10-30,3068638240.0,14.94,16.74,14.48,15.44,15.44,41778700.0,41778700.0,0.8140999999999998,0.2977142857142858,15.269841904761904
2020-09-01,RDN,Radian Group Inc.,NYSE,1992-10-30,3057990180.0,15.29,16.469999,15.02,15.82,15.82,13850756.0,13850756.0,-0.12999999999999998,-0.06266666666666668,15.662962222222225
