datetime,symbol,name,exchange,begin_date,marketCap,open,high,low,close,adjClose,volume,unadjustedVolume,change,changePercent,vwap
2006-11-01,NOA,North American Energy Partners Inc. (no par),NYSE,2006-11-22,434010000.0,13.2146,14.9141,13.1146,14.6041,14.6041,7098000.0,7098000.0,1.2599999999999998,1.5498333333333332,14.008256666666668
2006-12-01,NOA,North American Energy Partners Inc. (no par),NYSE,2006-11-22,415140000.0,14.6508,15.6659,13.1274,13.9691,13.9691,2857200.0,2857200.0,-1.09,-0.36289999999999994,14.271883000000003
2007-01-01,NOA,North American Energy Partners Inc. (no par),NYSE,2006-11-22,437070000.0,14.1608,14.867,12.8751,14.707,14.707,3074500.0,3074500.0,-0.020000000000000046,0.01915000000000001,14.018133000000002
2007-02-01,NOA,North American Energy Partners Inc. (no par),NYSE,2006-11-22,485902000.0,14.7642,16.6518,14.0872,16.4145,16.4145,1371100.0,1371100.0,2.1199000000000003,0.7522105263157896,15.453173157894739
2007-03-01,NOA,North American Energy Partners Inc. (no par),NYSE,2006-11-22,535686000.0,16.4833,18.463,16.0676,18.0963,18.0963,1928900.0,1928900.0,0.41009999999999985,0.1285909090909091,17.02078318181818
2007-04-01,NOA,North American Energy Partners Inc. (no par),NYSE,2006-11-22,543560000.0,18.1488,19.6146,15.8746,18.3623,18.3623,1772600.0,1772600.0,0.41000000000000003,0.16190000000000007,17.982849000000005
2007-05-01,NOA,North American Energy Partners Inc. (no par),NYSE,2006-11-22,756126000.0,18.3382,20.4323,17.7105,18.1736,18.1736,1634100.0,1634100.0,-0.039999999999999925,0.008318181818182014,19.091532272727274
2007-06-01,NOA,North American Energy Partners Inc. (no par),NYSE,2006-11-22,723282000.0,18.1508,18.8785,16.637,17.3841,17.3841,1437800.0,1437800.0,0.24999999999999986,0.06495238095238098,18.131454285714284
2007-07-01,NOA,North American Energy Partners Inc. (no par),NYSE,2006-11-22,615468000.0,16.9197,18.4548,14.6828,14.7928,14.7928,1436000.0,1436000.0,-1.7899999999999998,-0.511142857142857,16.91145857142857
2007-08-01,NOA,North American Energy Partners Inc. (no par),NYSE,2006-11-22,636894000.0,15.0804,16.3598,13.7239,14.81,14.81,4969400.0,4969400.0,0.9799999999999999,0.32352173913043475,14.88321130434783
2007-09-01,NOA,North American Energy Partners Inc. (no par),NYSE,2006-11-22,636894000.0,14.7134,15.5234,13.6993,14.81,14.81,2396900.0,2396900.0,-0.08000000000000003,-0.0038947368421052403,14.844133157894737
2007-10-01,NOA,North American Energy Partners Inc. (no par),NYSE,2006-11-22,684864000.0,14.8049,16.7616,14.2901,15.9255,15.9255,2603100.0,2603100.0,0.8299999999999998,0.2663913043478261,15.573121304347826
2007-11-01,NOA,North American Energy Partners Inc. (no par),NYSE,2006-11-22,473430000.0,15.6987,17.3305,10.5389,11.0689,11.0689,3893300.0,3893300.0,-4.850000000000001,-1.6758571428571427,13.562582857142857
2007-12-01,NOA,North American Energy Partners Inc. (no par),NYSE,2006-11-22,497285000.0,11.1834,12.4162,10.4916,11.6266,11.6266,2827700.0,2827700.0,-0.52,-0.16470000000000007,11.446268
2008-01-01,NOA,North American Energy Partners Inc. (no par),NYSE,2006-11-22,438565000.0,11.5673,12.5473,9.0814,10.2537,10.2537,2806600.0,2806600.0,-0.5799999999999996,-0.13228571428571417,10.867143333333333
2008-02-01,NOA,North American Energy Partners Inc. (no par),NYSE,2006-11-22,636672000.0,10.2302,15.1465,8.2364,14.2265,14.2265,4280600.0,4280600.0,4.01,2.0009499999999996,11.6155315
2008-03-01,NOA,North American Energy Partners Inc. (no par),NYSE,2006-11-22,589056000.0,14.1517,14.4717,12.1094,13.1625,13.1625,2097700.0,2097700.0,-0.64,-0.1470499999999999,13.170173
2008-04-01,NOA,North American Energy Partners Inc. (no par),NYSE,2006-11-22,621312000.0,13.2254,16.4262,12.5334,13.8833,13.8833,2328700.0,2328700.0,0.2399999999999997,0.16513636363636353,14.271845454545455
2008-05-01,NOA,North American Energy Partners Inc. (no par),NYSE,2006-11-22,662300000.0,13.9816,16.5362,13.3939,15.3591,15.3591,2242100.0,2242100.0,1.3199999999999996,0.48128571428571415,15.218465714285712
2008-06-01,NOA,North American Energy Partners Inc. (no par),NYSE,2006-11-22,802160000.0,15.3546,21.3857,14.6786,18.6026,18.6026,7559400.0,7559400.0,-2.83,-0.4757619047619047,16.765371904761906
2008-07-01,NOA,North American Energy Partners Inc. (no par),NYSE,2006-11-22,669330000.0,18.4003,18.9103,14.1133,15.5222,15.5222,5654800.0,5654800.0,-2.019999999999999,-0.4356818181818182,15.933221363636365
2008-08-01,NOA,North American Energy Partners Inc. (no par),NYSE,2006-11-22,609588000.0,15.5391,15.78,11.62,14.175,14.175,4528900.0,4528900.0,-3.9000000000000004,-1.1861904761904765,13.523316666666668
2008-09-01,NOA,North American Energy Partners Inc. (no par),NYSE,2006-11-22,382653000.0,13.7728,13.7828,7.417,8.898,8.898,3555400.0,3555400.0,-5.92,-2.314142857142857,10.817395714285716
2008-10-01,NOA,North American Energy Partners Inc. (no par),NYSE,2006-11-22,149814000.0,9.0815,9.1815,1.939,3.4837,3.4837,8622900.0,8622900.0,-8.959999999999999,-6.664000000000001,4.3760504347826075
2008-11-01,NOA,North American Energy Partners Inc. (no par),NYSE,2006-11-22,102240000.0,3.2838,4.0839,1.3603,2.4369,2.4369,8372400.0,8372400.0,-2.2800000000000002,-3.050578947368422,2.654848947368421
2008-12-01,NOA,North American Energy Partners Inc. (no par),NYSE,2006-11-22,120240000.0,2.3484,3.1784,1.921,2.8659,2.8659,8185900.0,8185900.0,0.26999999999999996,0.8060909090909092,2.4902822727272724
2009-01-01,NOA,North American Energy Partners Inc. (no par),NYSE,2006-11-22,74520000.0,2.8588,3.8078,1.7162,1.7762,1.7762,3639800.0,3639800.0,-1.3399999999999999,-2.5644,2.5904344999999998
2009-02-01,NOA,North American Energy Partners Inc. (no par),NYSE,2006-11-22,72720000.0,1.709,2.5895,1.7034,1.7333,1.7333,2569700.0,2569700.0,-0.15000000000000002,-0.15194736842105255,2.0232799999999997
2009-03-01,NOA,North American Energy Partners Inc. (no par),NYSE,2006-11-22,109800000.0,1.7446,3.026,1.2645,2.6171,2.6171,2329300.0,2329300.0,1.0699999999999998,2.882045454545455,2.045186363636364
2009-04-01,NOA,North American Energy Partners Inc. (no par),NYSE,2006-11-22,142200000.0,2.6413,3.5952,2.3873,3.3893,3.3893,3231600.0,3231600.0,1.03,1.9455714285714278,3.1130061904761908
2009-05-01,NOA,North American Energy Partners Inc. (no par),NYSE,2006-11-22,252906000.0,3.4252,6.1791,3.2352,5.9291,5.9291,3352100.0,3352100.0,2.4600000000000004,3.2389999999999994,4.265212
2009-06-01,NOA,North American Energy Partners Inc. (no par),NYSE,2006-11-22,222894000.0,5.8941,7.4968,4.0289,5.2255,5.2255,5329200.0,5329200.0,-1.23,-0.7836818181818178,5.65685590909091
2009-07-01,NOA,North American Energy Partners Inc. (no par),NYSE,2006-11-22,195444000.0,5.2925,5.3838,3.7875,4.582,4.582,2985100.0,2985100.0,-0.5999999999999999,-0.4147727272727273,4.687826363636362
2009-08-01,NOA,North American Energy Partners Inc. (no par),NYSE,2006-11-22,230476000.0,4.591,6.0818,4.2976,5.3886,5.3886,3606400.0,3606400.0,1.4000000000000004,1.5566666666666669,5.0810595238095235
2009-09-01,NOA,North American Energy Partners Inc. (no par),NYSE,2006-11-22,220200000.0,5.4398,5.9433,4.9085,5.1483,5.1483,1868800.0,1868800.0,0.2699999999999999,0.2859047619047621,5.477360000000001
2009-10-01,NOA,North American Energy Partners Inc. (no par),NYSE,2006-11-22,208089000.0,5.081,5.9546,4.6152,4.8652,4.8652,2267500.0,2267500.0,-0.13999999999999996,-0.04890909090909134,5.43154590909091
2009-11-01,NOA,North American Energy Partners Inc. (no par),NYSE,2006-11-22,234146000.0,4.8609,5.6972,4.6323,5.4744,5.4744,2732400.0,2732400.0,0.65,0.65315,5.193742499999999
2009-12-01,NOA,North American Energy Partners Inc. (no par),NYSE,2006-11-22,266442000.0,5.5288,6.4695,5.087,6.2295,6.2295,1938400.0,1938400.0,0.6599999999999999,0.5413636363636364,5.521810909090909
2010-01-01,NOA,North American Energy Partners Inc. (no par),NYSE,2006-11-22,238917000.0,6.3684,7.0516,5.5859,5.5859,5.5859,1941300.0,1941300.0,-0.6900000000000001,-0.5564736842105265,6.382297894736841
2010-02-01,NOA,North American Energy Partners Inc. (no par),NYSE,2006-11-22,367200000.0,5.5064,8.9921,5.5064,8.7521,8.7521,9237800.0,9237800.0,3.2600000000000002,2.5678421052631584,7.882937894736841
2010-03-01,NOA,North American Energy Partners Inc. (no par),NYSE,2006-11-22,345240000.0,8.7337,9.1237,7.2321,8.2287,8.2287,4816200.0,4816200.0,-0.9300000000000002,-0.4384347826086956,8.334792608695654
2010-04-01,NOA,North American Energy Partners Inc. (no par),NYSE,2006-11-22,406080000.0,8.4202,10.0675,8.1402,9.6788,9.6788,4192100.0,4192100.0,1.6,0.8999999999999999,9.01655619047619
2010-05-01,NOA,North American Energy Partners Inc. (no par),NYSE,2006-11-22,351975000.0,9.8285,9.8885,6.9392,8.366,8.366,4779000.0,4779000.0,-0.5301,-0.1504999999999998,8.264752999999999
2010-06-01,NOA,North American Energy Partners Inc. (no par),NYSE,2006-11-22,318763000.0,8.3912,9.5167,7.2366,7.5766,7.5766,5045800.0,5045800.0,-0.7700000000000001,-0.3487727272727272,8.245652727272729
2010-07-01,NOA,North American Energy Partners Inc. (no par),NYSE,2006-11-22,348726000.0,7.5165,8.7775,6.9565,8.2888,8.2888,3669500.0,3669500.0,0.7199000000000001,0.4703809523809523,7.83663142857143
2010-08-01,NOA,North American Energy Partners Inc. (no par),NYSE,2006-11-22,307806000.0,8.5032,8.7632,7.0762,7.2162,7.2162,2823600.0,2823600.0,-0.48000000000000015,-0.2488181818181818,7.720597727272726
2010-09-01,NOA,North American Energy Partners Inc. (no par),NYSE,2006-11-22,298290000.0,7.3349,7.7023,6.8917,6.9931,6.9931,3021600.0,3021600.0,-0.64,-0.4051904761904761,7.257434285714287
2010-10-01,NOA,North American Energy Partners Inc. (no par),NYSE,2006-11-22,316956000.0,7.0231,8.0012,6.6344,7.4307,7.4307,3327500.0,3327500.0,0.2700000000000001,0.21319047619047632,7.419905238095239
2010-11-01,NOA,North American Energy Partners Inc. (no par),NYSE,2006-11-22,342801000.0,7.5165,8.476,7.2978,7.9713,7.9713,4542700.0,4542700.0,0.7899999999999999,0.5205238095238096,7.995038095238096
2010-12-01,NOA,North American Energy Partners Inc. (no par),NYSE,2006-11-22,452394000.0,7.9559,10.8142,7.8959,10.5197,10.5197,7222500.0,7222500.0,2.71,1.4146363636363637,9.145393181818182
2011-01-01,NOA,North American Energy Partners Inc. (no par),NYSE,2006-11-22,442431000.0,10.6742,10.8942,9.3802,10.288,10.288,5409000.0,5409000.0,-1.02,-0.47515,10.304060000000002
2011-02-01,NOA,North American Energy Partners Inc. (no par),NYSE,2006-11-22,477478000.0,10.2739,11.8322,9.3676,11.3177,11.3177,6130100.0,6130100.0,1.44,0.7657894736842105,10.504513684210524
2011-03-01,NOA,North American Energy Partners Inc. (no par),NYSE,2006-11-22,446346000.0,11.4048,12.2924,9.6076,10.5798,10.5798,4886700.0,4886700.0,-0.6900000000000001,-0.22417391304347828,10.748310434782608
2011-04-01,NOA,North American Energy Partners Inc. (no par),NYSE,2006-11-22,412680000.0,10.6613,10.7513,8.7113,9.7818,9.7818,5537800.0,5537800.0,-1.0500000000000005,-0.4681499999999998,9.796674999999999
2011-05-01,NOA,North American Energy Partners Inc. (no par),NYSE,2006-11-22,340642000.0,9.7919,10.0019,6.0712,8.0743,8.0743,12381400.0,12381400.0,-0.7299999999999994,-0.05761904761904768,8.539374761904762
2011-06-01,NOA,North American Energy Partners Inc. (no par),NYSE,2006-11-22,277292000.0,8.248,8.248,5.882,6.5727,6.5727,10932600.0,10932600.0,-1.1699999999999997,-0.6926363636363636,6.463063181818182
2011-07-01,NOA,North American Energy Partners Inc. (no par),NYSE,2006-11-22,220096000.0,6.5769,6.7269,5.087,5.217,5.217,6073500.0,6073500.0,-2.07,-1.6999,6.032139500000001
2011-08-01,NOA,North American Energy Partners Inc. (no par),NYSE,2006-11-22,229482000.0,5.3411,5.66,4.0205,5.38,5.38,7611400.0,7611400.0,-0.5099999999999999,-0.24330434782608745,4.706855652173912
2011-09-01,NOA,North American Energy Partners Inc. (no par),NYSE,2006-11-22,213012000.0,5.4767,5.5267,4.261,4.9939,4.9939,4373000.0,4373000.0,-0.059999999999999915,0.14966666666666656,4.9677847619047615
2011-10-01,NOA,North American Energy Partners Inc. (no par),NYSE,2006-11-22,257298000.0,5.0445,6.2451,3.9917,6.0321,6.0321,1918200.0,1918200.0,1.2300000000000002,1.2527619047619045,4.986332857142857
2011-11-01,NOA,North American Energy Partners Inc. (no par),NYSE,2006-11-22,250504000.0,5.6304,6.9895,5.2185,5.9377,5.9377,1981600.0,1981600.0,-0.19,-0.09628571428571421,6.053091904761905
2011-12-01,NOA,North American Energy Partners Inc. (no par),NYSE,2006-11-22,233128000.0,5.9505,6.0663,4.3676,5.5259,5.5259,2410700.0,2410700.0,-1.2,-0.8428095238095239,5.171804761904762
2012-01-01,NOA,North American Energy Partners Inc. (no par),NYSE,2006-11-22,230232000.0,5.6017,5.9675,5.3088,5.4572,5.4572,1577600.0,1577600.0,-0.09999999999999998,-0.07189999999999999,5.6390544999999985
2012-02-01,NOA,North American Energy Partners Inc. (no par),NYSE,2006-11-22,211046000.0,5.5171,5.5871,4.3304,5.0024,5.0024,2363800.0,2363800.0,-0.6399999999999999,-0.6084500000000004,4.748907000000001
2012-03-01,NOA,North American Energy Partners Inc. (no par),NYSE,2006-11-22,177380000.0,5.0683,5.1883,3.7513,4.2045,4.2045,2633500.0,2633500.0,-1.0699999999999998,-0.9954090909090908,4.213347272727271
2012-04-01,NOA,North American Energy Partners Inc. (no par),NYSE,2006-11-22,141904000.0,4.1845,4.2845,3.3007,3.3636,3.3636,1755700.0,1755700.0,-0.97,-1.2855500000000002,3.6615315
2012-05-01,NOA,North American Energy Partners Inc. (no par),NYSE,2006-11-22,109989000.0,3.3536,3.4936,1.8964,2.5999,2.5999,2314500.0,2314500.0,-0.8400000000000001,-1.2329090909090907,2.766643636363636
2012-06-01,NOA,North American Energy Partners Inc. (no par),NYSE,2006-11-22,93654000.0,2.567,2.604,2.0608,2.2138,2.2138,3182500.0,3182500.0,-0.36999999999999994,-0.6535238095238094,2.295635238095238
2012-07-01,NOA,North American Energy Partners Inc. (no par),NYSE,2006-11-22,96195000.0,2.2181,2.5983,2.1424,2.2738,2.2738,1901700.0,1901700.0,0.08000000000000006,0.22790476190476175,2.3276733333333333
2012-08-01,NOA,North American Energy Partners Inc. (no par),NYSE,2006-11-22,87120000.0,2.2696,2.6999,2.0393,2.0593,2.0593,2609600.0,2609600.0,-0.12,-0.1927826086956521,2.425991739130435
2012-09-01,NOA,North American Energy Partners Inc. (no par),NYSE,2006-11-22,104544000.0,2.0366,2.6255,2.0366,2.4712,2.4712,1412100.0,1412100.0,0.32000000000000006,0.8422105263157894,2.4388042105263157
2012-10-01,NOA,North American Energy Partners Inc. (no par),NYSE,2006-11-22,110715000.0,2.5455,2.8414,2.3626,2.6171,2.6171,1822000.0,1822000.0,-0.020000000000000018,0.012380952380952413,2.5718361904761906
2012-11-01,NOA,North American Energy Partners Inc. (no par),NYSE,2006-11-22,139392000.0,2.6685,3.2949,2.4885,3.2949,3.2949,1018000.0,1018000.0,0.8000000000000002,1.3271904761904763,2.759087142857143
2012-12-01,NOA,North American Energy Partners Inc. (no par),NYSE,2006-11-22,123420000.0,3.392,3.412,2.7358,2.9174,2.9174,1119500.0,1119500.0,-0.45000000000000007,-0.6789,3.0749705
2013-01-01,NOA,North American Energy Partners Inc. (no par),NYSE,2006-11-22,135036000.0,2.9461,3.3978,2.8661,3.192,3.192,1739300.0,1739300.0,0.1399999999999999,0.26780952380952383,3.120974761904761
2013-02-01,NOA,North American Energy Partners Inc. (no par),NYSE,2006-11-22,161320000.0,3.1977,3.894,3.1777,3.7411,3.7411,2633800.0,2633800.0,0.25,0.44452631578947366,3.561238947368421
2013-03-01,NOA,North American Energy Partners Inc. (no par),NYSE,2006-11-22,167980000.0,3.7197,4.047,3.6769,3.8956,3.8956,1925600.0,1925600.0,0.20000000000000012,0.2758999999999999,3.8628485000000006
2013-04-01,NOA,North American Energy Partners Inc. (no par),NYSE,2006-11-22,149850000.0,3.9339,4.0139,3.378,3.4751,3.4751,942400.0,942400.0,-0.21000000000000002,-0.21904545454545463,3.6131522727272722
2013-05-01,NOA,North American Energy Partners Inc. (no par),NYSE,2006-11-22,156090000.0,3.5121,3.8967,3.0519,3.6896,3.6896,1240600.0,1240600.0,0.73,1.096409090909091,3.413426363636364
2013-06-01,NOA,North American Energy Partners Inc. (no par),NYSE,2006-11-22,153549000.0,3.7496,4.6145,3.5223,3.6296,3.6296,2527800.0,2527800.0,-0.51,-0.61875,3.8042615
2013-07-01,NOA,North American Energy Partners Inc. (no par),NYSE,2006-11-22,182226000.0,3.6356,4.4517,3.6056,4.3074,4.3074,882200.0,882200.0,1.2700000000000002,1.46,4.153253636363636
2013-08-01,NOA,North American Energy Partners Inc. (no par),NYSE,2006-11-22,180048000.0,4.3089,4.599,4.156,4.2559,4.2559,1235300.0,1235300.0,0.17999999999999997,0.21686363636363637,4.316283636363637
2013-09-01,NOA,North American Energy Partners Inc. (no par),NYSE,2006-11-22,197835000.0,4.2945,4.7576,4.1945,4.6764,4.6764,559700.0,559700.0,0.5900000000000001,0.68605,4.430301
2013-10-01,NOA,North American Energy Partners Inc. (no par),NYSE,2006-11-22,218526000.0,4.6564,5.3655,4.2604,5.1655,5.1655,949800.0,949800.0,0.6399999999999999,0.6106521739130434,4.804558260869565
2013-11-01,NOA,North American Energy Partners Inc. (no par),NYSE,2006-11-22,204732000.0,5.1269,5.1769,4.7523,4.8394,4.8394,618800.0,618800.0,-0.29999999999999993,-0.2865000000000001,4.9380945
2013-12-01,NOA,North American Energy Partners Inc. (no par),NYSE,2006-11-22,202188000.0,4.8223,5.2883,4.585,4.9853,4.9853,2748800.0,2748800.0,0.33,0.3391904761904761,4.872139523809523
2014-01-01,NOA,North American Energy Partners Inc. (no par),NYSE,2006-11-22,210192000.0,5.0081,5.4184,4.5994,5.1826,5.1826,1417500.0,1417500.0,0.39999999999999997,0.4010000000000001,4.934865238095239
2014-02-01,NOA,North American Energy Partners Inc. (no par),NYSE,2006-11-22,226896000.0,5.1897,5.8517,4.9813,5.5945,5.5945,1826100.0,1826100.0,0.22999999999999995,0.2540526315789473,5.342516315789474
2014-03-01,NOA,North American Energy Partners Inc. (no par),NYSE,2006-11-22,250560000.0,5.5445,6.2554,5.5245,6.1954,6.1954,1538700.0,1538700.0,0.53,0.44209523809523815,5.825030000000001
2014-04-01,NOA,North American Energy Partners Inc. (no par),NYSE,2006-11-22,273876000.0,6.2451,6.9161,5.9651,6.7719,6.7719,2212000.0,2212000.0,0.2800000000000001,0.23195238095238094,6.641985238095238
2014-05-01,NOA,North American Energy Partners Inc. (no par),NYSE,2006-11-22,272484000.0,6.7458,7.363,6.1902,6.7375,6.7375,2699300.0,2699300.0,0.32999999999999996,0.29014285714285715,6.689014285714286
2014-06-01,NOA,North American Energy Partners Inc. (no par),NYSE,2006-11-22,280140000.0,6.6414,7.0742,6.5872,6.9442,6.9442,1851200.0,1851200.0,0.7299999999999999,0.5194285714285714,6.82562619047619
2014-07-01,NOA,North American Energy Partners Inc. (no par),NYSE,2006-11-22,252300000.0,6.8926,7.3026,5.9788,6.2541,6.2541,1311000.0,1311000.0,-0.21999999999999995,-0.14118181818181819,6.510394999999999
2014-08-01,NOA,North American Energy Partners Inc. (no par),NYSE,2006-11-22,246992000.0,6.265,6.315,5.5161,5.9349,5.9349,1082600.0,1082600.0,-0.07999999999999999,-0.02333333333333334,5.845029047619048
2014-09-01,NOA,North American Energy Partners Inc. (no par),NYSE,2006-11-22,231196000.0,5.9927,5.9927,5.177,5.5738,5.5738,1101200.0,1101200.0,-0.26,-0.17209523809523825,5.570012857142856
2014-10-01,NOA,North American Energy Partners Inc. (no par),NYSE,2006-11-22,194219000.0,5.582,5.753,4.3023,4.6823,4.6823,885200.0,885200.0,-0.48000000000000004,-0.3062608695652175,4.930853478260869
2014-11-01,NOA,North American Energy Partners Inc. (no par),NYSE,2006-11-22,161460000.0,4.6627,4.7684,3.7113,3.9813,3.9813,934700.0,934700.0,-0.65,-0.7293157894736844,4.466426842105261
2014-12-01,NOA,North American Energy Partners Inc. (no par),NYSE,2006-11-22,110214000.0,3.9356,4.0103,2.5124,2.734,2.734,2899200.0,2899200.0,-1.49,-2.0427272727272725,3.022954545454546
2015-01-01,NOA,North American Energy Partners Inc. (no par),NYSE,2006-11-22,104598000.0,2.6988,2.8331,2.2789,2.5947,2.5947,2324600.0,2324600.0,-0.2600000000000001,-0.44700000000000006,2.5962005000000006
2015-02-01,NOA,North American Energy Partners Inc. (no par),NYSE,2006-11-22,100740000.0,2.605,2.764,2.3328,2.5425,2.5425,1743300.0,1743300.0,-0.2900000000000001,-0.5243684210526315,2.571762631578947
2015-03-01,NOA,North American Energy Partners Inc. (no par),NYSE,2006-11-22,100395000.0,2.5373,2.6908,2.1725,2.5506,2.5506,1139800.0,1139800.0,0.10999999999999995,0.24818181818181814,2.43222909090909
2015-04-01,NOA,North American Energy Partners Inc. (no par),NYSE,2006-11-22,97290000.0,2.5329,2.7522,2.4105,2.4717,2.4717,1258900.0,1258900.0,-0.030000000000000013,-0.034523809523809436,2.5939457142857147
2015-05-01,NOA,North American Energy Partners Inc. (no par),NYSE,2006-11-22,90804000.0,2.4532,2.6932,2.2416,2.4191,2.4191,634000.0,634000.0,-0.27,-0.49820000000000003,2.512474
2015-06-01,NOA,North American Energy Partners Inc. (no par),NYSE,2006-11-22,79947000.0,2.4302,2.4402,2.041,2.147,2.147,831400.0,831400.0,-0.43000000000000005,-0.8327272727272729,2.2310131818181813
2015-07-01,NOA,North American Energy Partners Inc. (no par),NYSE,2006-11-22,63497000.0,2.1405,2.1605,1.6353,1.7053,1.7053,649800.0,649800.0,-0.42,-0.9895454545454545,1.9307690909090913
2015-08-01,NOA,North American Energy Partners Inc. (no par),NYSE,2006-11-22,74520000.0,1.6827,2.0622,1.3616,2.0322,2.0322,898600.0,898600.0,0.31000000000000005,1.0753333333333335,1.7259499999999999
2015-09-01,NOA,North American Energy Partners Inc. (no par),NYSE,2006-11-22,70632000.0,2.0555,2.0562,1.6471,1.9432,1.9432,299300.0,299300.0,-0.10000000000000006,-0.13147619047619039,1.8930514285714286
2015-10-01,NOA,North American Energy Partners Inc. (no par),NYSE,2006-11-22,72900000.0,1.9791,2.2739,1.8167,2.0056,2.0056,413100.0,413100.0,-0.13999999999999996,-0.24372727272727282,2.030824090909091
2015-11-01,NOA,North American Energy Partners Inc. (no par),NYSE,2006-11-22,66654000.0,2.061,2.061,1.7265,1.8761,1.8761,936400.0,936400.0,0.19,0.57525,1.897044
2015-12-01,NOA,North American Energy Partners Inc. (no par),NYSE,2006-11-22,55706000.0,1.9352,2.0752,1.5042,1.568,1.568,478100.0,478100.0,-0.08000000000000002,-0.11268181818181827,1.723518181818182
2016-01-01,NOA,North American Energy Partners Inc. (no par),NYSE,2006-11-22,54096000.0,1.567,1.6527,1.2986,1.5227,1.5227,296200.0,296200.0,-0.31000000000000016,-1.031736842105263,1.4733542105263158
2016-02-01,NOA,North American Energy Partners Inc. (no par),NYSE,2006-11-22,61752000.0,1.4811,1.7761,1.2561,1.6858,1.6858,474200.0,474200.0,-0.08000000000000003,-0.3162000000000001,1.5066395000000001
2016-03-01,NOA,North American Energy Partners Inc. (no par),NYSE,2006-11-22,67728000.0,1.7539,1.9655,1.5398,1.8688,1.8688,1616300.0,1616300.0,-0.48000000000000004,-1.1584545454545452,1.774570909090909
2016-04-01,NOA,North American Energy Partners Inc. (no par),NYSE,2006-11-22,72708000.0,1.913,2.0579,1.7439,2.0062,2.0062,777900.0,777900.0,-0.07,-0.12157142857142855,1.9339419047619049
2016-05-01,NOA,North American Energy Partners Inc. (no par),NYSE,2006-11-22,86976000.0,2.0296,2.8367,1.8596,2.6724,2.6724,2622400.0,2622400.0,-0.03989999999999997,-0.03528571428571433,2.301820476190476
2016-06-01,NOA,North American Energy Partners Inc. (no par),NYSE,2006-11-22,85164000.0,2.7274,2.8787,2.4132,2.6167,2.6167,933800.0,933800.0,0.040000000000000036,0.13459090909090915,2.620848636363636
2016-07-01,NOA,North American Energy Partners Inc. (no par),NYSE,2006-11-22,76104000.0,2.6095,2.7895,2.3383,2.3383,2.3383,912500.0,912500.0,-0.24999999999999997,-0.49375,2.6043515
2016-08-01,NOA,North American Energy Partners Inc. (no par),NYSE,2006-11-22,74970000.0,2.3676,2.522,2.1898,2.3839,2.3839,911000.0,911000.0,-0.11,-0.1591739130434782,2.387097826086957
2016-09-01,NOA,North American Energy Partners Inc. (no par),NYSE,2006-11-22,73500000.0,2.4133,2.482,2.1857,2.3372,2.3372,605500.0,605500.0,-0.26,-0.49052380952380964,2.3402185714285713
2016-10-01,NOA,North American Energy Partners Inc. (no par),NYSE,2006-11-22,86730000.0,2.3207,2.9079,2.3107,2.7579,2.7579,1144500.0,1144500.0,0.6200000000000001,1.2057619047619048,2.732040476190476
2016-11-01,NOA,North American Energy Partners Inc. (no par),NYSE,2006-11-22,102960000.0,2.7579,3.6656,2.5579,3.3849,3.3849,1577700.0,1577700.0,0.3,0.6136666666666667,3.061000476190476
2016-12-01,NOA,North American Energy Partners Inc. (no par),NYSE,2006-11-22,110110000.0,3.3849,3.961,3.2679,3.62,3.62,1344900.0,1344900.0,-0.15000000000000002,-0.152047619047619,3.5651019047619052
2017-01-01,NOA,North American Energy Partners Inc. (no par),NYSE,2006-11-22,148720000.0,3.714,5.0393,3.614,4.8893,4.8893,2166800.0,2166800.0,0.31,0.43179999999999996,4.149602
2017-02-01,NOA,North American Energy Partners Inc. (no par),NYSE,2006-11-22,169060000.0,4.8803,5.3594,4.6773,5.0303,5.0303,2584700.0,2584700.0,0.09999999999999998,0.16226315789473683,5.097662631578948
2017-03-01,NOA,North American Energy Partners Inc. (no par),NYSE,2006-11-22,156420000.0,4.9363,5.1863,4.0029,4.672,4.672,3011800.0,3011800.0,0.15000000000000002,0.19226086956521746,4.4140808695652165
2017-04-01,NOA,North American Energy Partners Inc. (no par),NYSE,2006-11-22,150100000.0,4.7333,5.1052,4.3633,4.4833,4.4833,2206900.0,2206900.0,-0.2,-0.19221052631578953,4.717353684210525
2017-05-01,NOA,North American Energy Partners Inc. (no par),NYSE,2006-11-22,125120000.0,4.4861,4.6276,3.9217,4.3606,4.3606,1721800.0,1721800.0,-0.1,-0.05500000000000002,4.3396563636363625
2017-06-01,NOA,North American Energy Partners Inc. (no par),NYSE,2006-11-22,119680000.0,4.3658,4.671,3.8044,4.1901,4.1901,929600.0,929600.0,-0.24999999999999994,-0.23181818181818173,4.253595454545454
2017-07-01,NOA,North American Energy Partners Inc. (no par),NYSE,2006-11-22,115600000.0,4.1901,4.3401,3.8973,4.0473,4.0473,411100.0,411100.0,-0.3499999999999999,-0.3874,4.068477000000001
2017-08-01,NOA,North American Energy Partners Inc. (no par),NYSE,2006-11-22,105705000.0,4.052,4.102,3.5116,3.8764,3.8764,1609700.0,1609700.0,0.39000000000000007,0.4878695652173914,3.792011739130435
2017-09-01,NOA,North American Energy Partners Inc. (no par),NYSE,2006-11-22,113535000.0,3.8721,4.22,3.6743,4.1636,4.1636,1039000.0,1039000.0,0.16000000000000003,0.2121,4.021941
2017-10-01,NOA,North American Energy Partners Inc. (no par),NYSE,2006-11-22,107010000.0,4.1157,4.2636,3.6764,3.9243,3.9243,599700.0,599700.0,-0.07,-0.05863636363636364,3.963474090909091
2017-11-01,NOA,North American Energy Partners Inc. (no par),NYSE,2006-11-22,124520000.0,3.9157,4.455,3.9157,4.2307,4.2307,811800.0,811800.0,0.6500000000000001,0.7722380952380954,4.233126666666668
2017-12-01,NOA,North American Energy Partners Inc. (no par),NYSE,2006-11-22,140085000.0,4.2787,4.8595,3.9883,4.7595,4.7595,645400.0,645400.0,0.7500000000000001,0.86625,4.391054
2018-01-01,NOA,North American Energy Partners Inc. (no par),NYSE,2006-11-22,135840000.0,4.8556,5.2037,4.5153,4.6153,4.6153,761000.0,761000.0,-0.44999999999999996,-0.4240476190476191,4.782706190476191
2018-02-01,NOA,North American Energy Partners Inc. (no par),NYSE,2006-11-22,164285000.0,4.671,5.1018,4.023,4.9518,4.9518,569600.0,569600.0,0.09999999999999994,0.1686842105263158,4.590804736842106
2018-03-01,NOA,North American Energy Partners Inc. (no par),NYSE,2006-11-22,169070000.0,5.0114,5.5671,4.3809,5.1171,5.1171,952600.0,952600.0,-0.1499999999999999,-0.08709523809523809,5.004564285714286
2018-04-01,NOA,North American Energy Partners Inc. (no par),NYSE,2006-11-22,180235000.0,4.9706,6.1447,4.8068,5.455,5.455,1181500.0,1181500.0,-0.040000000000000105,0.05247619047619047,5.584245238095238
2018-05-01,NOA,North American Energy Partners Inc. (no par),NYSE,2006-11-22,175895000.0,5.4016,6.7888,5.4016,6.1509,6.1509,991300.0,991300.0,0.8200000000000001,0.6966818181818182,6.240375454545454
2018-06-01,NOA,North American Energy Partners Inc. (no par),NYSE,2006-11-22,164815000.0,6.1493,6.4477,5.365,5.7634,5.7634,569400.0,569400.0,0.050000000000000044,0.07728571428571425,5.909713333333333
2018-07-01,NOA,North American Energy Partners Inc. (no par),NYSE,2006-11-22,181435000.0,5.6697,6.5846,5.1775,6.3446,6.3446,670100.0,670100.0,0.09000000000000008,0.09557142857142852,5.860069523809525
2018-08-01,NOA,North American Energy Partners Inc. (no par),NYSE,2006-11-22,210958517.0,6.7274,8.1476,6.4574,7.4772,7.4772,2188700.0,2188700.0,0.0500000000000001,0.10213043478260865,7.2530534782608695
2018-09-01,NOA,North American Energy Partners Inc. (no par),NYSE,2006-11-22,268492658.0,7.4801,9.9665,7.0301,9.5165,9.5165,5125800.0,5125800.0,1.5999999999999999,1.0834736842105264,8.382638421052631
2018-10-01,NOA,North American Energy Partners Inc. (no par),NYSE,2006-11-22,292328230.7,9.6964,12.3699,8.9853,10.3613,10.3613,11337100.0,11337100.0,-0.8900000000000001,-0.2690000000000001,10.53966086956522
2018-11-01,NOA,North American Energy Partners Inc. (no par),NYSE,2006-11-22,287315456.4,10.5611,11.4524,8.2176,8.9338,8.9338,4845400.0,4845400.0,-1.06,-0.444,9.550367142857144
2018-12-01,NOA,North American Energy Partners Inc. (no par),NYSE,2006-11-22,278552022.0,9.1106,9.5473,7.6025,8.6613,8.6613,2691100.0,2691100.0,0.44999999999999996,0.3403157894736843,8.461703157894737
2019-01-01,NOA,North American Energy Partners Inc. (no par),NYSE,2006-11-22,326750911.2,8.5554,10.5359,8.3454,10.16,10.16,1582700.0,1582700.0,1.2299999999999995,0.6537619047619048,9.81059380952381
2019-02-01,NOA,North American Energy Partners Inc. (no par),NYSE,2006-11-22,414169536.0,10.1654,12.9159,9.481,12.8459,12.8459,2697000.0,2697000.0,2.7399999999999998,1.3186315789473684,10.559874736842104
2019-03-01,NOA,North American Energy Partners Inc. (no par),NYSE,2006-11-22,365222227.2,12.5342,12.5693,10.8648,11.3463,11.3463,2134500.0,2134500.0,-1.21,-0.4669047619047619,11.887230952380952
2019-04-01,NOA,North American Energy Partners Inc. (no par),NYSE,2006-11-22,410090593.6,11.4312,13.2778,11.2267,12.7402,12.7402,2194500.0,2194500.0,0.6699999999999999,0.27747619047619054,12.182324761904763
2019-05-01,NOA,North American Energy Partners Inc. (no par),NYSE,2006-11-22,367010741.2,12.5751,12.8251,10.5907,10.7614,10.7614,2715000.0,2715000.0,-1.78,-0.6729545454545455,11.391107727272727
2019-06-01,NOA,North American Energy Partners Inc. (no par),NYSE,2006-11-22,359683848.0,10.8454,11.0168,9.8173,10.5465,10.5465,2435400.0,2435400.0,-0.77,-0.3450000000000001,10.4273985
2019-07-01,NOA,North American Energy Partners Inc. (no par),NYSE,2006-11-22,416300750.0,10.7196,12.2966,9.5467,12.2066,12.2066,2129000.0,2129000.0,0.9199999999999998,0.3978636363636362,10.18260909090909
2019-08-01,NOA,North American Energy Partners Inc. (no par),NYSE,2006-11-22,395128471.6,12.2369,12.5755,10.7776,11.6425,11.6425,3352800.0,3352800.0,-1.4998999999999998,-0.5536818181818183,11.606780909090912
2019-09-01,NOA,North American Energy Partners Inc. (no par),NYSE,2006-11-22,384134171.8,11.6568,12.9373,11.1086,11.3186,11.3186,2532200.0,2532200.0,-0.61,-0.23354999999999998,11.877124499999999
2019-10-01,NOA,North American Energy Partners Inc. (no par),NYSE,2006-11-22,384800493.0,11.3237,11.9812,9.9329,11.3382,11.3382,2364000.0,2364000.0,-0.019999999999999962,0.026521739130434797,10.652874347826085
2019-11-01,NOA,North American Energy Partners Inc. (no par),NYSE,2006-11-22,365226628.5,11.4628,12.0867,10.5463,10.8179,10.8179,2139200.0,2139200.0,-1.0999999999999996,-0.46125000000000005,11.044111499999998
2019-12-01,NOA,North American Energy Partners Inc. (no par),NYSE,2006-11-22,404250843.6,10.7701,12.3115,10.4412,11.9738,11.9738,1926200.0,1926200.0,0.89,0.3938095238095237,11.265530952380951
2020-01-01,NOA,North American Energy Partners Inc. (no par),NYSE,2006-11-22,363558927.0,11.9952,12.1717,10.6285,10.7685,10.7685,2142700.0,2142700.0,-0.96,-0.3863333333333334,11.532033333333331
2020-02-01,NOA,North American Energy Partners Inc. (no par),NYSE,2006-11-22,306382807.2,10.7418,11.1926,8.6589,9.0989,9.0989,4385600.0,4385600.0,-1.85,-0.8824210526315789,10.335447894736843
2020-03-01,NOA,North American Energy Partners Inc. (no par),NYSE,2006-11-22,168992905.6,9.0986,9.1386,4.5664,5.0361,5.0361,6119100.0,6119100.0,-2.66,-1.6975909090909092,6.644072727272726
2020-04-01,NOA,North American Energy Partners Inc. (no par),NYSE,2006-11-22,167662252.8,5.0005,5.5941,4.0733,4.9964,4.9964,3105300.0,3105300.0,-1.15,-0.9350952380952384,4.747834285714284
2020-05-01,NOA,North American Energy Partners Inc. (no par),NYSE,2006-11-22,185617132.5,4.9895,6.5742,4.4389,6.4231,6.4231,2663300.0,2663300.0,0.45999999999999996,0.5145000000000002,5.409838499999999
2020-06-01,NOA,North American Energy Partners Inc. (no par),NYSE,2006-11-22,180149341.0,6.4425,8.0186,5.9944,6.2339,6.2339,2314100.0,2314100.0,-0.36000000000000004,-0.17618181818181824,6.585315
2020-07-01,NOA,North American Energy Partners Inc. (no par),NYSE,2006-11-22,181300455.0,6.1844,6.4831,5.5567,6.2737,6.2737,1385064.0,1385064.0,0.015899999999999886,0.04059090909090907,5.927553181818182
2020-08-01,NOA,North American Energy Partners Inc. (no par),NYSE,2006-11-22,205186070.5,6.35,8.06,6.3031,7.13,7.13,2601900.0,2601900.0,-0.08690000000000006,0.004999999999999978,7.249042857142858
2020-09-01,NOA,North American Energy Partners Inc. (no par),NYSE,2006-11-22,202020507.0,7.09,7.23,6.6,7.02,7.02,696900.0,696900.0,-0.06999999999999999,-0.0864,6.910666999999999
