,date,symbol,fillingDate,acceptedDate,period,netIncome,depreciationAndAmortization,deferredIncomeTax,stockBasedCompensation,changeInWorkingCapital,accountsReceivables,inventory,accountsPayables,otherWorkingCapital,otherNonCashItems,netCashProvidedByOperatingActivities,investmentsInPropertyPlantAndEquipment,acquisitionsNet,purchasesOfInvestments,salesMaturitiesOfInvestments,otherInvestingActivites,netCashUsedForInvestingActivites,debtRepayment,commonStockIssued,commonStockRepurchased,dividendsPaid,otherFinancingActivites,netCashUsedProvidedByFinancingActivities,effectOfForexChangesOnCash,netChangeInCash,cashAtEndOfPeriod,cashAtBeginningOfPeriod,operatingCashFlow,capitalExpenditure,freeCashFlow,link,finalLink
0,2020-09-30,ESE,2020-11-30,2020-11-30 16:09:37,FY,101980000,41338000,-2562000.0,5550000.0,-52958000,14633000,-11233000,-13275000,190601000,0.0,37714000,0.0,0.0,0.0,0.0,0.0,-41131000,-235000000,0.0,0.0,-8323000.0,0.0,-234080000,0.0,-9248000.0,52560000,61808000,37714000,0.0,37714000,https://www.sec.gov/Archives/edgar/data/866706/000110465920130486/0001104659-20-130486-index.htm,https://www.sec.gov/Archives/edgar/data/866706/000110465920130486/ese-20200930x10k.htm
0,2019-09-30,ESE,2019-11-29,2019-11-29 15:57:00,FY,81039000,40050000,61000.0,5353000.0,48066000,-7230000.0,10150000,7400000.0,243559000,-6069000.0,105137000,-37200000,-96777000,0.0,0.0,8832000.0,-125145000,-65000000,0.0,0.0,-8302000.0,188619000,53517000,-2178000.0,31331000,61808000,30477000,105137000,-45569000,59568000,https://www.sec.gov/Archives/edgar/data/866706/000110465919068679/0001104659-19-068679-index.htm,https://www.sec.gov/Archives/edgar/data/866706/000110465919068679/ese-20180930x10k30c48b.htm
0,2018-09-30,ESE,2018-11-29,2018-11-29 13:33:54,FY,92136000,37755000,-21584000,5218000.0,-2330000.0,-2789000.0,-9830000.0,9442000.0,195493000,-4733000.0,93259000,-20589000,-11445000,0.0,0.0,-9908000.0,-41607000,-110000000,0.0,0.0,-8278000.0,51922000,-66356000,-335000.0,-15039000,30477000,45516000,93259000,-30162000,63097000,https://www.sec.gov/Archives/edgar/data/866706/000114420418062244/0001144204-18-062244-index.htm,https://www.sec.gov/Archives/edgar/data/866706/000114420418062244/tv506723_10k.htm
0,2017-09-30,ESE,2017-11-29,2017-11-29 10:34:54,FY,53703000,32229000,1360000.0,5444000.0,32416000,-23587000,3959000.0,8735000.0,197823000,-2063000.0,67340000,-29728000,-198628000,0.0,0.0,-4056000.0,-233867000,-92000000,0.0,0.0,-8257000.0,257020000,156763000,1455000.0,-8309000.0,45516000,53825000,67340000,-38730000,28610000,https://www.sec.gov/Archives/edgar/data/866706/000114420417061284/0001144204-17-061284-index.htm,https://www.sec.gov/Archives/edgar/data/866706/000114420417061284/tv479436_10k.htm
0,2016-09-30,ESE,2016-11-29,2016-11-29 13:55:10,FY,45882000,23568000,-2993000.0,4704000.0,10367000,-9088000.0,1101000.0,-1953000.0,165407000,5656000.0,73859000,-13843000,-82062000,-4303000.0,0.0,-5461000.0,-104570000,-80000000,0.0,-4303000.0,-8248000.0,138775000,46224000,-1099000.0,14414000,53825000,39411000,73859000,-22508000,51351000,https://www.sec.gov/Archives/edgar/data/866706/000114420416136902/0001144204-16-136902-index.htm,https://www.sec.gov/Archives/edgar/data/866706/000114420416136902/v452945_10k.htm
0,2015-09-30,ESE,2015-11-30,2015-11-30 17:27:00,FY,42512000,18584000,1417000.0,4779000.0,6140000.0,3848000.0,-5494000.0,-2496000.0,155040000,4761000.0,65753000,-12444000,-20500000,-18248000,0.0,6360000.0,-39845000,-96000000,0.0,-18248000,-8369000.0,105976000,-16641000,-4987000.0,4280000.0,39380000,35100000,65753000,-19345000,46408000,https://www.sec.gov/Archives/edgar/data/866706/000114420415068633/0001144204-15-068633-index.htm,https://www.sec.gov/Archives/edgar/data/866706/000114420415068633/v425058_10k.htm
0,2014-09-30,ESE,2014-11-26,2014-11-26 14:24:58,FY,400000.0,16400000,-2700000.0,4815000.0,-14600000,13469000,4064000.0,1791000.0,148900000,41000000,43400000,-12714000,0.0,-11970000,0.0,126010000,102200000,-216000000,0.0,-12000000,-8500000.0,83955000,-152500000,-800000.0,-7700000.0,35200000,42900000,43400000,-21300000,22100000,https://www.sec.gov/Archives/edgar/data/866706/000114420414071151/0001144204-14-071151-index.htm,https://www.sec.gov/Archives/edgar/data/866706/000114420414071151/v394005_10k.htm
0,2013-09-30,ESE,2013-11-27,2013-11-27 15:36:31,FY,-25600000,14800000,10100000,4577000.0,24300000,-6377000.0,-5219000.0,3120000.0,163500000,66000000,47200000,-13862000,-19452000,-9703000.0,0.0,-33736000,-76800000,-65000000,0.0,-8000000.0,-8500000.0,124748000,41600000,600000.0,12600000,42800000,30200000,47200000,-22300000,24900000,https://www.sec.gov/Archives/edgar/data/866706/000114420413064584/0001144204-13-064584-index.htm,https://www.sec.gov/Archives/edgar/data/866706/000114420413064584/v360186_10k.htm
0,2012-09-30,ESE,2012-11-29,2012-11-29 13:41:04,FY,46900000,24800000,4400000.0,4602000.0,16600000,6968000.0,11075000,12000.0,139200000,-600000.0,53200000,-14754000,-3345000.0,0.0,0.0,-11713000,-29800000,-202455000,0.0,-5400000.0,-8600000.0,215947000,-25300000,-2000000.0,-3900000.0,30300000,34200000,53200000,-27800000,25400000,https://www.sec.gov/Archives/edgar/data/866706/000114420412065486/0001144204-12-065486-index.htm,https://www.sec.gov/Archives/edgar/data/866706/000114420412065486/v326756_10k.htm
0,2011-09-30,ESE,2011-11-29,2011-11-29 11:27:48,FY,52500000,23500000,3600000.0,4670000.0,13200000,1786000.0,12459000,-6118000.0,122600000,1800000.0,75900000,-13709000,-4982000.0,0.0,0.0,-12790000,-31500000,-78370000,0.0,800000.0,-8500000.0,84660000,-36400000,-300000.0,7700000.0,34200000,26500000,75900000,-27900000,48000000,https://www.sec.gov/Archives/edgar/data/866706/000119312511323960/0001193125-11-323960-index.htm,https://www.sec.gov/Archives/edgar/data/866706/000119312511323960/d258274d10k.htm
0,2010-09-30,ESE,2010-11-29,2010-11-29 14:52:50,FY,44800000,22100000,4100000.0,4558000.0,-6800000.0,27960000,-5926000.0,10597000,109400000,4600000.0,67000000,0.0,-32316000000,0.0,0.0,0.0,-52500000,-66467000000,0.0,800000.0,-6300000.0,0.0,-31000000,-1600000.0,-18100000,26500000,44600000,67000000,-22300000,44700000,https://www.sec.gov/Archives/edgar/data/866706/000095012310109256/0000950123-10-109256-index.htm,https://www.sec.gov/Archives/edgar/data/866706/000095012310109256/c61491e10vk.htm
0,2009-09-30,ESE,2009-11-30,2009-11-30 11:52:30,FY,49400000,30300000,-2500000.0,4866000000,14300000,26090000000,-17001000000,-1764000000,116200000,2900000.0,77600000,0.0,-6442000000,0.0,0.0,0.0,-15400000,-85183000000,0.0,6600000.0,0.0,0.0,-45500000,-700000.0,16000000,44700000,28700000,77600000,-14300000,63300000,https://www.sec.gov/Archives/edgar/data/866706/000095012309066655/0000950123-09-066655-index.htm,https://www.sec.gov/Archives/edgar/data/866706/000095012309066655/c54835e10vk.htm
0,2008-09-30,ESE,2008-12-01,2008-12-01 17:25:57,FY,46700000,27600000,12300000,3990000000,-39300000,-30497000000,1051000000,734000000,101900000,800000.0,77100000,0.0,-345395000000,0.0,0.0,0.0,-301700000,-71197000000,0.0,6400000.0,0.0,0.0,234600000,0.0,10000000,28600000,18600000,77100000,-27700000,49400000,https://www.sec.gov/Archives/edgar/data/866706/000095013708014173/0000950137-08-014173-index.htm,https://www.sec.gov/Archives/edgar/data/866706/000095013708014173/c47937e10vk.htm
0,2007-09-30,ESE,2007-11-29,2007-11-29 17:20:19,FY,33700000,22200000,12900000,5299000000,9800000.0,-18775000000,-16627000000,15138000000,141200000,5300000.0,45300000,0.0,-8250000000,0.0,0.0,0.0,-57800000,3731000000,0.0,-8200000.0,0.0,0.0,-5600000.0,0.0,-18200000,18600000,36800000,45300000,-49600000,-4300000.0,https://www.sec.gov/Archives/edgar/data/866706/000095013707018004/0000950137-07-018004-index.htm,https://www.sec.gov/Archives/edgar/data/866706/000095013707018004/c21885e10vk.htm
0,2006-09-30,ESE,,,FY,31300000,17300000,3600000.0,0.0,-70800000,-12000000,-2400000.0,-10200000,131400000,4600000.0,58600000,0.0,0.0,0.0,0.0,0.0,-129100000,0.0,0.0,2800000.0,0.0,0.0,2800000.0,0.0,-67700000,36800000,104500000,58600000,-37100000,21500000,,
0,2005-09-30,ESE,,,FY,43500000,12200000,15200000,0.0,37000000,7000000.0,-4300000.0,3200000.0,202200000,-1200000.0,68600000,0.0,0.0,0.0,0.0,0.0,-17200000,0.0,0.0,-21900000,0.0,0.0,-19200000,0.0,32200000,104500000,72300000,68600000,-17200000,51400000,,
0,2004-09-30,ESE,,,FY,35700000,11900000,3600000.0,0.0,44700000,-6200000.0,4100000.0,2400000.0,165200000,-600000.0,52700000,0.0,0.0,0.0,0.0,0.0,12900000,0.0,0.0,-10000000,0.0,0.0,-24600000,0.0,41000000,72300000,31300000,52700000,-10800000,41900000,,
0,2003-09-30,ESE,,,FY,-41100000,13500000,10100000,0.0,7900000.0,-1600000.0,4200000.0,4200000.0,120500000,63800000,38000000,0.0,0.0,0.0,0.0,0.0,-13500000,0.0,0.0,-1400000.0,0.0,0.0,-18200000,0.0,6400000.0,31300000,24900000,38000000,-10600000,27400000,,
0,2002-09-30,ESE,,,FY,21800000,12400000,7200000.0,0.0,25300000,-4400000.0,-4400000.0,-3900000.0,112600000,0.0,35000000,0.0,0.0,0.0,0.0,0.0,-22700000,0.0,0.0,-3400000.0,0.0,0.0,-1900000.0,0.0,10400000,24900000,14500000,35000000,-13200000,21800000,,
0,2001-09-30,ESE,2001-12-21 00:00:00,2001-12-21 00:00:00,FY,30100000,15100000,-5800000.0,0.0,31600000,-2900000.0,-3700000.0,-4000000.0,87300000,0.0,33000000,0.0,0.0,0.0,0.0,0.0,-25400000,0.0,0.0,-1700000.0,0.0,0.0,1300000.0,0.0,8900000.0,14500000,5600000.0,33000000,-11900000,21100000,https://www.sec.gov/Archives/edgar/data/866706/000095013401509784/0000950134-01-509784-index.html,https://www.sec.gov/Archives/edgar/data/866706/000095013401509784/c66668e10-k.txt
0,2000-09-30,ESE,,,FY,16800000,14200000,6300000.0,0.0,-39600000,-22400000,-4900000.0,-4900000.0,55700000,0.0,20000000,0.0,0.0,0.0,0.0,0.0,-40400000,0.0,0.0,-6200000.0,0.0,0.0,-61700000,0.0,-82100000,5600000.0,87700000,20000000,-10400000,9600000.0,,
0,1999-09-30,ESE,,,FY,25400000,17000000,11600000,0.0,35000000,35800000,42000000,13600000,95300000,-34900000,25900000,0.0,0.0,0.0,0.0,0.0,76700000,0.0,0.0,-1600000.0,0.0,0.0,-19100000,0.0,83500000,87700000,4200000.0,25900000,-8300000.0,17600000,,
0,1998-09-30,ESE,,,FY,11300000,17500000,6100000.0,0.0,-2000000.0,24700000,-36500000,-1700000.0,60300000,0.0,20300000,0.0,0.0,0.0,0.0,0.0,-24200000,0.0,0.0,-700000.0,0.0,0.0,2300000.0,0.0,-1600000.0,4200000.0,5800000.0,20300000,-12900000,7400000.0,,
0,1997-09-30,ESE,,,FY,11800000,14400000,4800000.0,0.0,-23900000,-17000000,6100000.0,1900000.0,62300000,0.0,25300000,0.0,0.0,0.0,0.0,0.0,-103700000,0.0,0.0,-1500000.0,0.0,0.0,62000000,0.0,-16400000,5800000.0,22200000,25300000,-10500000,14800000,,
0,1996-09-30,ESE,,,FY,26100000,13500000,-12600000,0.0,14800000,13900000,56200000,2200000.0,86200000,-23200000,1000000.0,0.0,0.0,0.0,0.0,0.0,101400000,0.0,0.0,0.0,0.0,0.0,-80500000,0.0,21900000,22200000,300000.0,1000000.0,-8600000.0,-7600000.0,,
