,date,symbol,fillingDate,acceptedDate,period,netIncome,depreciationAndAmortization,deferredIncomeTax,stockBasedCompensation,changeInWorkingCapital,accountsReceivables,inventory,accountsPayables,otherWorkingCapital,otherNonCashItems,netCashProvidedByOperatingActivities,investmentsInPropertyPlantAndEquipment,acquisitionsNet,purchasesOfInvestments,salesMaturitiesOfInvestments,otherInvestingActivites,netCashUsedForInvestingActivites,debtRepayment,commonStockIssued,commonStockRepurchased,dividendsPaid,otherFinancingActivites,netCashUsedProvidedByFinancingActivities,effectOfForexChangesOnCash,netChangeInCash,cashAtEndOfPeriod,cashAtBeginningOfPeriod,operatingCashFlow,capitalExpenditure,freeCashFlow,link,finalLink
0,2019-12-31,JCOM,2020-03-02,2020-03-02 14:52:12,FY,218806000,232032000,-63444000,23922000,-99223000,-30680000,0.0,-770000.0,53786000,83134000,412539000,-70588000,-415343000,-20803000,0.0,1461000.0,-505273000,-5100000.0,0.0,-11017000,-43533000,526131000,456695000,2180000.0,366141000,575615000,209474000,412539000,-70634000,341905000,https://www.sec.gov/Archives/edgar/data/1084048/000108404820000012/0001084048-20-000012-index.htm,https://www.sec.gov/Archives/edgar/data/1084048/000108404820000012/jcom2019123110-k.htm
0,2018-12-31,JCOM,2019-03-01,2019-03-01 17:00:44,FY,128687000,187174000,25050000,28093000,-202316000,4034000.0,0.0,-35220000,153009000,86266000,401325000,-56379000,-312430000,-47602000,0.0,9798000.0,-406613000,-2204000.0,0.0,-43478000,-81679000,-377000.0,-131362000,-4821000.0,-141471000,209474000,350945000,401325000,-57048000,344277000,https://www.sec.gov/Archives/edgar/data/1084048/000108404819000002/0001084048-19-000002-index.htm,https://www.sec.gov/Archives/edgar/data/1084048/000108404819000002/jcom2018123110-k.htm
0,2017-12-31,JCOM,2018-03-01,2018-03-01 17:28:38,FY,139425000,162041000,-21432000,22737000,461415000,-37546000,0.0,-34116000,355325000,30429000,264419000,-39595000,-174951000,-9854000.0,0.0,65910000,-158490000,-255000000,0.0,-8483000.0,-73469000,450142000,111823000,9243000.0,226995000,350945000,123950000,264419000,-41835000,222584000,https://www.sec.gov/Archives/edgar/data/1084048/000108404818000001/0001084048-18-000001-index.htm,https://www.sec.gov/Archives/edgar/data/1084048/000108404818000001/jcom2017123110-k.htm
0,2016-12-31,JCOM,2017-03-01,2017-03-01 15:12:29,FY,152439000,122091000,-13779000,13650000,-392241000,-30687000,0.0,6363000.0,-106090000,27681000,282387000,-24746000,-580691000,-56496000,241817000,-28743000,-448859000,0.0,0.0,-52672000,-65835000,163481000,41150000,-6258000.0,-131580000,123950000,255530000,282387000,-29067000,253320000,https://www.sec.gov/Archives/edgar/data/1084048/000108404817000003/0001084048-17-000003-index.htm,https://www.sec.gov/Archives/edgar/data/1084048/000108404817000003/jcom2016123110-k.htm
0,2015-12-31,JCOM,2016-02-29,2016-02-29 13:28:34,FY,133636000,93213000,-17083000,11793000,-200665000,18508000,0.0,8757000.0,286151000,23942000,229061000,-17297000,-302809000,-3736000.0,121752000,-133613000,-335703000,0.0,0.0,1544000.0,-58826000,-4863000.0,-67363000,-4128000.0,-178133000,255530000,433663000,229061000,-18752000,210309000,https://www.sec.gov/Archives/edgar/data/1084048/000108404816000015/0001084048-16-000015-index.htm,https://www.sec.gov/Archives/edgar/data/1084048/000108404816000015/jcom2015123110-k.htm
0,2014-12-31,JCOM,2015-03-02,2015-03-02 16:16:47,FY,125327000,62953000,-10033000,8908000.0,212716000,11078000,0.0,-5447000.0,486816000,14387000,177231000,-11829000,-245278000,-5728000.0,124883000,-137517000,-275469000,0.0,0.0,1223000.0,-52269000,385462000,327530000,-3430000.0,225862000,433662000,207800000,177231000,-17165000,160066000,https://www.sec.gov/Archives/edgar/data/1084048/000108404815000003/0001084048-15-000003-index.htm,https://www.sec.gov/Archives/edgar/data/1084048/000108404815000003/jcom2014123110-k.htm
0,2013-12-31,JCOM,2014-03-03,2014-02-28 20:10:42,FY,107500000,39800000,300000.0,9720000.0,-24500000,9588000.0,0.0,9126000.0,274100000,27100000,193300000,-18627000,-126341000,-26658000,182741000,-178513000,-167400000,0.0,0.0,9200000.0,-45100000,14028000,-35700000,-1100000.0,-10900000,207800000,218700000,193300000,-32800000,160500000,https://www.sec.gov/Archives/edgar/data/1084048/000108404814000002/0001084048-14-000002-index.htm,https://www.sec.gov/Archives/edgar/data/1084048/000108404814000002/jcom2013123110-k.htm
0,2012-12-31,JCOM,2013-03-01,2013-03-01 16:46:51,FY,121700000,22200000,1200000.0,9132000.0,143500000,5417000.0,0.0,5138000.0,298600000,14100000,169900000,-5061000.0,-198341000,-94955000,146709000,-97846000,-249500000,0.0,0.0,190500000,-40300000,258937000,158400000,500000.0,79300000,218700000,139400000,169900000,-11400000,158500000,https://www.sec.gov/Archives/edgar/data/1084048/000108404813000002/0001084048-13-000002-index.htm,https://www.sec.gov/Archives/edgar/data/1084048/000108404813000002/jcom2012123110-k.htm
0,2011-12-31,JCOM,2012-02-28,2012-02-27 21:36:43,FY,114800000,19800000,6800000.0,8968000.0,97500000,-9509000.0,0.0,847000.0,155100000,2800000.0,150700000,-6844000.0,-3926000.0,-9281000.0,29777000,-85906000,-76200000,0.0,0.0,6000000.0,-19200000,20793000,300000.0,-300000.0,74600000,139400000,64800000,150700000,-11200000,139500000,https://www.sec.gov/Archives/edgar/data/1084048/000107261312000216/0001072613-12-000216-index.htm,https://www.sec.gov/Archives/edgar/data/1084048/000107261312000216/form10-k_17276.htm
0,2010-12-31,JCOM,2011-02-28,2011-02-25 19:58:06,FY,83000000,14500000,-500000.0,1217000.0,-170000000,-246000.0,0.0,1318000.0,57600000,9300000.0,96400000,-1842000.0,-248568000,-52921000,0.0,-96385000,-231100000,0.0,0.0,2600000.0,0.0,0.0,2700000.0,-600000.0,-132700000,64700000,197400000,96400000,-10200000,86200000,https://www.sec.gov/Archives/edgar/data/1084048/000107261311000264/0001072613-11-000264-index.htm,https://www.sec.gov/Archives/edgar/data/1084048/000107261311000264/form10-k_17048.htm
0,2009-12-31,JCOM,2010-02-23,2010-02-23 13:38:22,FY,66800000,14700000,-600000.0,11018000,85500000,-6000.0,0.0,-3677000.0,227600000,20400000,101800000,-3251000.0,-12500000,-12900000,0.0,0.0,-61400000,0.0,0.0,2400000.0,0.0,0.0,5400000.0,800000.0,46600000,197400000,150800000,101800000,-8700000.0,93100000,https://www.sec.gov/Archives/edgar/data/1084048/000107261310000300/0001072613-10-000300-index.htm,https://www.sec.gov/Archives/edgar/data/1084048/000107261310000300/form10-k_16742.htm
0,2008-12-31,JCOM,2009-02-25,2009-02-25 17:12:40,FY,72600000,13200000,-2900000.0,7986000.0,-51700000,-1809000.0,0.0,-994000.0,142100000,11700000,90700000,-2507000.0,-42825000,0.0,27881000,0.0,14900000,0.0,0.0,-106500000,0.0,0.0,-104900000,-4200000.0,-3400000.0,150800000,154200000,90700000,-6300000.0,84400000,https://www.sec.gov/Archives/edgar/data/1084048/000107261309000395/0001072613-09-000395-index.htm,https://www.sec.gov/Archives/edgar/data/1084048/000107261309000395/form10-k_16318.htm
0,2007-12-31,JCOM,2008-02-25,2008-02-22 20:32:58,FY,68500000,10100000,200000.0,7414000.0,28600000,-3106000.0,0.0,-2580000.0,193800000,2900000.0,94200000,-10315000,-11165000,-311003000,0.0,0.0,-7000000.0,-153000.0,0.0,-34500000,0.0,0.0,-29900000,1300000.0,58600000,154200000,95600000,94200000,-16400000,77800000,https://www.sec.gov/Archives/edgar/data/1084048/000107261308000558/0001072613-08-000558-index.htm,https://www.sec.gov/Archives/edgar/data/1084048/000107261308000558/form10-k_15746.htm
0,2006-12-31,JCOM,2007-03-12,2007-03-12 16:03:06,FY,53100000,8200000.0,-2000000.0,5692000.0,57200000,-2463000.0,0.0,5773000.0,165200000,6000000.0,73000000,-7199000.0,-7351000.0,-144803000,0.0,0.0,-5000000.0,-599000.0,0.0,-10200000,0.0,0.0,-9400000.0,600000.0,59300000,95600000,36300000,73000000,-10700000,62300000,https://www.sec.gov/Archives/edgar/data/1084048/000107261307000654/0001072613-07-000654-index.htm,https://www.sec.gov/Archives/edgar/data/1084048/000107261307000654/form10-k_14988.htm
0,2005-12-31,JCOM,2006-03-27,2006-03-27 17:05:09,FY,50600000,7100000.0,2100000.0,399000.0,40400000,-554000.0,0.0,669000.0,108000000,500000.0,64300000,-8928000.0,-10863000,-107495000,91025000,0.0,-49100000,-1325000.0,0.0,4100000.0,0.0,0.0,2800000.0,-600000.0,17500000,36300000,18800000,64300000,-14200000,50100000,https://www.sec.gov/Archives/edgar/data/1084048/000107261306000694/0001072613-06-000694-index.htm,https://www.sec.gov/Archives/edgar/data/1084048/000107261306000694/form10-k_14226.htm
0,2004-12-31,JCOM,2005-03-28,2005-03-28 09:08:59,FY,30600000,4500000.0,12000000,173000.0,4000000.0,-1705000.0,0.0,1465000.0,67600000,3400000.0,50800000,-6981000.0,-8607000.0,-7075000.0,0.0,0.0,-64900000,-1972000.0,0.0,1900000.0,0.0,0.0,-100000.0,100000.0,-14100000,18800000,32900000,50800000,-12400000,38400000,https://www.sec.gov/Archives/edgar/data/1084048/000119312505061443/0001193125-05-061443-index.htm,https://www.sec.gov/Archives/edgar/data/1084048/000119312505061443/d10k.htm
0,2003-12-31,JCOM,2004-03-15,2004-03-15 09:11:06,FY,35800000,3900000.0,-15700000,172000.0,31500000,-606000.0,0.0,26000.0,63600000,7200000.0,32600000,0.0,-757000.0,-16947000,0.0,0.0,-34900000,-1023000.0,0.0,3400000.0,0.0,0.0,2300000.0,0.0,100000.0,32900000,32800000,32600000,-3800000.0,28800000,https://www.sec.gov/Archives/edgar/data/1084048/000119312504041537/0001193125-04-041537-index.htm,https://www.sec.gov/Archives/edgar/data/1084048/000119312504041537/d10k.htm
0,2002-12-31,JCOM,2003-03-31 00:00:00,2003-03-31 08:16:23,FY,14300000,3500000.0,0.0,0.0,16000000,-1500000.0,0.0,0.0,32100000,-600000.0,16400000,0.0,0.0,0.0,0.0,0.0,-2900000.0,0.0,0.0,1600000.0,0.0,0.0,200000.0,0.0,13700000,32800000,19100000,16400000,-3000000.0,13400000,https://www.sec.gov/Archives/edgar/data/1084048/000089843003002197/0000898430-03-002197-index.html,https://www.sec.gov/Archives/edgar/data/1084048/000089843003002197/d10k.htm
0,2001-12-31,JCOM,,,FY,-7800000.0,9500000.0,0.0,0.0,-3600000.0,-1200000.0,0.0,0.0,16100000,1400000.0,2900000.0,0.0,0.0,0.0,0.0,0.0,-600000.0,0.0,0.0,-5600000.0,0.0,0.0,-7100000.0,0.0,-4700000.0,19100000,23800000,2900000.0,-3300000.0,-400000.0,,
0,2000-12-31,JCOM,,,FY,-22200000,6600000.0,0.0,0.0,-16800000,-2000000.0,-400000.0,0.0,19700000,1200000.0,-11400000,0.0,0.0,0.0,0.0,0.0,23900000,0.0,0.0,100000.0,0.0,0.0,-900000.0,0.0,11600000,23900000,12300000,-11400000,-3000000.0,-14400000,,
0,1999-12-31,JCOM,,,FY,-17400000,1000000.0,0.0,0.0,29700000,-200000.0,0.0,0.0,36500000,5700000.0,-12100000,0.0,0.0,0.0,0.0,0.0,-39300000,0.0,0.0,67000000,0.0,0.0,56400000,0.0,5000000.0,12300000,7300000.0,-12100000,-2400000.0,-14500000,,
