,date,symbol,fillingDate,acceptedDate,period,netIncome,depreciationAndAmortization,deferredIncomeTax,stockBasedCompensation,changeInWorkingCapital,accountsReceivables,inventory,accountsPayables,otherWorkingCapital,otherNonCashItems,netCashProvidedByOperatingActivities,investmentsInPropertyPlantAndEquipment,acquisitionsNet,purchasesOfInvestments,salesMaturitiesOfInvestments,otherInvestingActivites,netCashUsedForInvestingActivites,debtRepayment,commonStockIssued,commonStockRepurchased,dividendsPaid,otherFinancingActivites,netCashUsedProvidedByFinancingActivities,effectOfForexChangesOnCash,netChangeInCash,cashAtEndOfPeriod,cashAtBeginningOfPeriod,operatingCashFlow,capitalExpenditure,freeCashFlow,link,finalLink
0,2019-10-31,HPQ,2019-12-12 00:00:00,2019-12-12 16:26:03,FY,3152000000,744000000,133000000,297000000,-201000000,-761000000,-68000000,-53000000,-5116000000,826000000,4654000000,-671000000,-458000000,-2480000000,771000000,3171000000,-438000000,176000000,0.0,-2405000000,-970000000,-1651000000,-4845000000,0.0,-629000000,4537000000,5166000000,4654000000,-671000000,3983000000,https://www.sec.gov/Archives/edgar/data/47217/000004721719000071/0000047217-19-000071-index.html,https://www.sec.gov/Archives/edgar/data/47217/000004721719000071/hp-103119x10k.htm
0,2018-10-31,HPQ,2018-12-13 00:00:00,2018-12-13 16:07:39,FY,5327000000,528000000,-3653000000,268000000,-3650000000,-491000000,-136000000,1429000000,-3744000000,719000000,4528000000,-546000000,-1036000000,-2924000000,847000000,3790000000,-716000000,-3694000000,0.0,-2557000000,-899000000,1507000000,-5643000000,0.0,-1831000000,5166000000,6997000000,4528000000,-546000000,3982000000,https://www.sec.gov/Archives/edgar/data/47217/000004721718000052/0000047217-18-000052-index.html,https://www.sec.gov/Archives/edgar/data/47217/000004721718000052/hp-103118x10k.htm
0,2017-10-31,HPQ,2017-12-14 00:00:00,2017-12-14 16:27:00,FY,2526000000,354000000,238000000,224000000,246000000,-453000000,-1346000000,2161000000,-94000000,720000000,3677000000,-402000000,0.0,-3319000000,535000000,2004000000,-1717000000,-289000000,0.0,-1412000000,-894000000,1332000000,-1251000000,0.0,709000000,6997000000,6288000000,3677000000,-402000000,3275000000,https://www.sec.gov/Archives/edgar/data/47217/000004721717000043/0000047217-17-000043-index.html,https://www.sec.gov/Archives/edgar/data/47217/000004721717000043/hp-103117x10k1.htm
0,2016-10-31,HPQ,2016-12-15 00:00:00,2016-12-15 16:44:36,FY,2496000000,332000000,401000000,182000000,-9936000000,565000000,-291000000,928000000,-340000000,350000000,3252000000,-433000000,-7000000.0,-1326000000,133000000,1814000000,48000000,-2188000000,0.0,-1161000000,-858000000,-10177000000,-14445000000,0.0,-11145000000,-3561000000,7584000000,3252000000,-433000000,2819000000,https://www.sec.gov/Archives/edgar/data/47217/000004721716000093/0000047217-16-000093-index.html,https://www.sec.gov/Archives/edgar/data/47217/000004721716000093/hp-103116x10k1.htm
0,2015-10-31,HPQ,2015-12-16 00:00:00,2015-12-16 17:25:42,FY,4554000000,4061000000,-700000000,709000000,3186000000,572000000,-330000000,31000000,9596000000,3152000000,7026000000,-3603000000,-2644000000,-3142000000,302000000,3855000000,-5534000000,-15941000000,0.0,-2883000000,-1250000000,21418000000,808000000,0.0,2300000000,17433000000,15133000000,7026000000,-3603000000,3423000000,https://www.sec.gov/Archives/edgar/data/47217/000104746915009251/0001047469-15-009251-index.html,https://www.sec.gov/Archives/edgar/data/47217/000104746915009251/a2226745z10-k.htm
0,2014-10-31,HPQ,2014-12-18 00:00:00,2014-12-17 19:07:33,FY,5013000000,4334000000,-34000000,560000000,1567000000,2017000000,-580000000,1912000000,6410000000,2468000000,12333000000,-3853000000,-49000000,-3814000000,1347000000,4924000000,-2792000000,-6185000000,0.0,-2431000000,-1184000000,3526000000,-6571000000,0.0,2970000000,15133000000,12163000000,12333000000,-3853000000,8480000000,https://www.sec.gov/Archives/edgar/data/47217/000104746914009977/0001047469-14-009977-index.html,https://www.sec.gov/Archives/edgar/data/47217/000104746914009977/a2222365z10-k.htm
0,2013-10-31,HPQ,2013-12-30 00:00:00,2013-12-27 21:39:08,FY,5113000000,4611000000,-410000000,500000000,872000000,530000000,-4000000.0,541000000,4843000000,2267000000,11608000000,-3199000000,-167000000,-2775000000,1153000000,14639000000,-2803000000,-5567000000,0.0,-1244000000,-1105000000,261000000,-7943000000,0.0,862000000,12163000000,11301000000,11608000000,-3199000000,8409000000,https://www.sec.gov/Archives/edgar/data/47217/000104746913011417/0001047469-13-011417-index.html,https://www.sec.gov/Archives/edgar/data/47217/000104746913011417/a2217554z10-k.htm
0,2012-10-31,HPQ,2012-12-27 00:00:00,2012-12-27 16:55:25,FY,-12650000000,5095000000,-711000000,635000000,3392000000,142000000,890000000,-1414000000,3971000000,21608000000,10571000000,-3706000000,-141000000,-2591000000,662000000,11028000000,-3453000000,-1558000000,0.0,-903000000,-1015000000,332000000,-3860000000,0.0,3258000000,11301000000,8043000000,10571000000,-3706000000,6865000000,https://www.sec.gov/Archives/edgar/data/47217/000104746912011417/0001047469-12-011417-index.html,https://www.sec.gov/Archives/edgar/data/47217/000104746912011417/a2211959z10-k.htm
0,2011-10-31,HPQ,2011-12-14 00:00:00,2011-12-14 17:26:45,FY,7074000000,4984000000,166000000,685000000,-4202000000,81000000,-1252000000,275000000,579000000,2304000000,12639000000,-4539000000,-10480000000,-10213000000,68000000,11273000000,-13959000000,-1066000000,0.0,-9221000000,-844000000,10461000000,-1566000000,0.0,-2886000000,8043000000,10929000000,12639000000,-4539000000,8100000000,https://www.sec.gov/Archives/edgar/data/47217/000104746911010094/0001047469-11-010094-index.html,https://www.sec.gov/Archives/edgar/data/47217/000104746911010094/a2206500z10-k.htm
0,2010-10-31,HPQ,2010-12-15 00:00:00,2010-12-15 17:28:03,FY,8761000000,4820000000,197000000,668000000,-4755000000,156000000,-270000000,-698000000,4781000000,2032000000,11922000000,-4133000000,-8102000000,-11093000000,200000000,11769000000,-11359000000,-5479000000,0.0,-8425000000,-771000000,14379000000,-2913000000,0.0,-2350000000,10929000000,13279000000,11922000000,-4133000000,7789000000,https://www.sec.gov/Archives/edgar/data/47217/000104746910010444/0001047469-10-010444-index.html,https://www.sec.gov/Archives/edgar/data/47217/000104746910010444/a2201180z10-k.htm
0,2009-10-31,HPQ,2009-12-17 00:00:00,2009-12-17 17:23:54,FY,7660000000,4773000000,379000000,635000000,10747000000,345000000,221000000,-153000000,9536000000,1632000000,13379000000,-3695000000,-391000000,-160000000,171000000,0.0,-3580000000,-2710000000,0.0,-3303000000,-766000000,0.0,-6673000000,0.0,3126000000,13279000000,10153000000,13379000000,-3695000000,9684000000,https://www.sec.gov/Archives/edgar/data/47217/000104746909010806/0001047469-09-010806-index.html,https://www.sec.gov/Archives/edgar/data/47217/000104746909010806/a2195472z10-k.htm
0,2008-10-31,HPQ,2008-12-18 00:00:00,2008-12-17 21:57:13,FY,8329000000,3356000000,1035000000,606000000,-9353000000,275000000,214000000,1630000000,-1211000000,1086000000,14591000000,-2990000000,-11248000000,-178000000,280000000,0.0,-13711000000,-1843000000,0.0,-7810000000,-796000000,0.0,-2020000000,0.0,-1140000000,10153000000,11293000000,14591000000,-2990000000,11601000000,https://www.sec.gov/Archives/edgar/data/47217/000104746908013240/0001047469-08-013240-index.html,https://www.sec.gov/Archives/edgar/data/47217/000104746908013240/a2189375z10-k.htm
0,2007-10-31,HPQ,2007-12-18 00:00:00,2007-12-18 17:28:37,FY,7264000000,2705000000,415000000,629000000,-4272000000,47000000,362000000,-346000000,8142000000,517000000,9615000000,-3040000000,-6793000000,-283000000,425000000,0.0,-9123000000,-3419000000,0.0,-7784000000,-846000000,0.0,-5599000000,0.0,-5107000000,11293000000,16400000000,9615000000,-3040000000,6575000000,https://www.sec.gov/Archives/edgar/data/47217/000104746907010151/0001047469-07-010151-index.html,https://www.sec.gov/Archives/edgar/data/47217/000104746907010151/a2181429z10-k.htm
0,2006-10-31,HPQ,2006-12-22,2006-12-22 16:55:42,FY,6198000000,2353000000,693000000,536000000,540000000,4000000.0,267000000,1879000000,12414000000,759000000,11353000000,-2536000000,-855000000,-46000000,94000000,0.0,-2787000000,-1259000000,0.0,-5241000000,-894000000,0.0,-6077000000,0.0,2489000000,16400000000,13911000000,11353000000,-2536000000,8817000000,https://www.sec.gov/Archives/edgar/data/47217/000104746906015253/a2174889z10-k.htm,https://www.sec.gov/Archives/edgar/data/47217/000104746906015253/a2174889z10-k.htm
0,2005-10-31,HPQ,2005-12-21,2005-12-20 18:43:27,FY,2398000000,2344000000,-162000000,0.0,-2439000000,-22000000,398000000,846000000,11874000000,1898000000,8028000000,-1995000000,-641000000,-1729000000,2066000000,0.0,-1757000000,-1827000000,0.0,-2353000000,-926000000,0.0,-5023000000,0.0,1248000000,13911000000,12663000000,8028000000,-1995000000,6033000000,https://www.sec.gov/Archives/edgar/data/47217/000104746905028479/a2165549z10-k.htm,https://www.sec.gov/Archives/edgar/data/47217/000104746905028479/a2165549z10-k.htm
0,2004-10-31,HPQ,2005-01-14,2005-01-14 16:49:57,FY,3497000000,2395000000,26000000,0.0,-53000000,98000000,367000000,3000000.0,14313000000,759000000,5088000000,-2126000000,-1124000000,-715000000,1064000000,0.0,-2454000000,-285000000,0.0,-2739000000,-972000000,0.0,-4159000000,0.0,-1525000000,12663000000,14188000000,5088000000,-2126000000,2962000000,https://www.sec.gov/Archives/edgar/data/47217/000104746905000929/a2148694z10-k.htm,https://www.sec.gov/Archives/edgar/data/47217/000104746905000929/a2148694z10-k.htm
0,2003-10-31,HPQ,2004-01-20,2004-01-16 19:34:55,FY,2539000000,2527000000,-279000000,0.0,2601000000,102000000,391000000,2257000000,14366000000,1715000000,6057000000,-1995000000,-149000000,-596000000,875000000,0.0,-1512000000,-829000000,0.0,-269000000,-977000000,0.0,-1549000000,0.0,2996000000,14188000000,11192000000,6057000000,-1995000000,4062000000,https://www.sec.gov/Archives/edgar/data/47217/000104746904001113/a2125373z10-k.htm,https://www.sec.gov/Archives/edgar/data/47217/000104746904001113/a2125373z10-k.htm
0,2002-10-31,HPQ,2003-01-21,2003-01-21 17:26:08,FY,-903000000,2119000000,-351000000,0.0,4424000000,299000000,359000000,395000000,11765000000,4177000000,5444000000,-1710000000,3557000000,-351000000,381000000,0.0,3118000000,-472000000,0.0,-294000000,-801000000,0.0,-1567000000,0.0,6995000000,11192000000,4197000000,5444000000,-1710000000,3734000000,https://www.sec.gov/Archives/edgar/data/47217/000104746903002015/a2096381z10-k.htm,https://www.sec.gov/Archives/edgar/data/47217/000104746903002015/a2096381z10-k.htm
0,2001-10-31,HPQ,2002-01-29 00:00:00,2002-01-29 00:00:00,FY,408000000,1369000000,-970000000,0.0,-706000000,1897000000,495000000,1258000000,7341000000,1174000000,2561000000,0.0,0.0,0.0,0.0,0.0,-549000000,0.0,0.0,-886000000,-621000000,0.0,-1230000000,0.0,782000000,4197000000,3415000000,2561000000,-1527000000,1034000000,https://www.sec.gov/Archives/edgar/data/47217/000101287002000299/0001012870-02-000299-index.html,https://www.sec.gov/Archives/edgar/data/47217/000101287002000299/d10k.txt
0,2000-10-31,HPQ,2001-01-25 00:00:00,2001-01-25 00:00:00,FY,3561000000,1368000000,-689000000,0.0,726000000,-721000000,-836000000,-1532000000,8047000000,905000000,4425000000,0.0,0.0,0.0,0.0,0.0,-1126000000,0.0,0.0,-4822000000,-638000000,0.0,-5295000000,0.0,-1996000000,3415000000,5411000000,4425000000,-1737000000,2688000000,https://www.sec.gov/Archives/edgar/data/47217/000091205701002796/0000912057-01-002796-index.html,https://www.sec.gov/Archives/edgar/data/47217/000091205701002796/a2032630z10-k.txt
0,1999-10-31,HPQ,,,FY,3104000000,1316000000,-171000000,0.0,-790000000,-95000000,1321000000,-314000000,7321000000,151000000,3034000000,0.0,0.0,0.0,0.0,0.0,-628000000,0.0,0.0,-1983000000,-650000000,0.0,-1041000000,0.0,1365000000,5411000000,4046000000,3034000000,-1134000000,1900000000,,
0,1998-10-31,HPQ,,,FY,2945000000,1869000000,-1263000000,0.0,-1617000000,-487000000,579000000,-18000000,8111000000,342000000,5442000000,0.0,0.0,0.0,0.0,0.0,-795000000,0.0,0.0,-1957000000,-625000000,0.0,-3673000000,0.0,974000000,4046000000,3072000000,5442000000,-1997000000,3445000000,,
0,1997-10-31,HPQ,,,FY,3119000000,1556000000,-232000000,0.0,2360000000,-139000000,-362000000,-810000000,9728000000,-249000000,4321000000,0.0,0.0,0.0,0.0,0.0,-3012000000,0.0,0.0,-305000000,-532000000,0.0,-1122000000,0.0,187000000,3072000000,2885000000,4321000000,-2338000000,1983000000,,
0,1996-10-31,HPQ,1997-01-29 00:00:00,1997-01-29 00:00:00,FY,2586000000,1297000000,-284000000,0.0,2073000000,-391000000,-388000000,47000000,7368000000,-94000000,3456000000,0.0,0.0,0.0,0.0,0.0,-2175000000,0.0,0.0,-726000000,-450000000,0.0,-369000000,0.0,912000000,2885000000,1973000000,3456000000,-2201000000,1255000000,https://www.sec.gov/Archives/edgar/data/47217/000089161897000198/0000891618-97-000198-index.html,https://www.sec.gov/Archives/edgar/data/47217/0000891618-97-000198.txt
0,1995-10-31,HPQ,1996-01-29 00:00:00,1996-01-29 00:00:00,FY,2433000000,1139000000,-102000000,0.0,1016000000,-1707000000,-1740000000,-956000000,5295000000,-220000000,1613000000,0.0,0.0,0.0,0.0,0.0,-1175000000,0.0,0.0,-325000000,-358000000,0.0,178000000,0.0,616000000,1973000000,1357000000,1613000000,-1601000000,12000000,https://www.sec.gov/Archives/edgar/data/47217/000089843096000245/0000898430-96-000245-index.html,https://www.sec.gov/Archives/edgar/data/47217/0000898430-96-000245.txt
0,1994-10-31,HPQ,1995-01-27 00:00:00,1995-01-27 00:00:00,FY,1599000000,1006000000,-156000000,0.0,911000000,-820000000,-582000000,-243000000,4279000000,57000000,2224000000,0.0,0.0,0.0,0.0,0.0,-1610000000,0.0,0.0,-25000000,-280000000,0.0,-146000000,0.0,468000000,1357000000,889000000,2224000000,-1257000000,967000000,https://www.sec.gov/Archives/edgar/data/47217/000089161895000009/0000891618-95-000009-index.html,https://www.sec.gov/Archives/edgar/data/47217/0000891618-95-000009.txt
