,date,symbol,fillingDate,acceptedDate,period,netIncome,depreciationAndAmortization,deferredIncomeTax,stockBasedCompensation,changeInWorkingCapital,accountsReceivables,inventory,accountsPayables,otherWorkingCapital,otherNonCashItems,netCashProvidedByOperatingActivities,investmentsInPropertyPlantAndEquipment,acquisitionsNet,purchasesOfInvestments,salesMaturitiesOfInvestments,otherInvestingActivites,netCashUsedForInvestingActivites,debtRepayment,commonStockIssued,commonStockRepurchased,dividendsPaid,otherFinancingActivites,netCashUsedProvidedByFinancingActivities,effectOfForexChangesOnCash,netChangeInCash,cashAtEndOfPeriod,cashAtBeginningOfPeriod,operatingCashFlow,capitalExpenditure,freeCashFlow,link,finalLink
0,2020-05-02,MEI,2020-06-30,2020-06-30 07:41:06,FY,123400000,48300000,8000000.0,300000.0,149200000,27400000,-15800000,-47500000,421800000,400000.0,140600000,-45100000,0.0,0.0,0.0,600000.0,-44500000,0.0,0.0,0.0,-16300000,275300000,41700000,-3700000.0,134100000,217300000,83200000,140600000,-45100000,95500000,https://www.sec.gov/Archives/edgar/data/65270/000156459020031145/0001564590-20-031145-index.htm,https://www.sec.gov/Archives/edgar/data/65270/000156459020031145/mei-10k_20200502.htm
0,2019-04-27,MEI,2019-06-20 00:00:00,2019-06-20 07:19:49,FY,91600000,43300000,-4400000.0,14000000,-120400000,1500000.0,-3900000.0,-23100000,272600000,13700000,102000000,-49800000,-422100000,0.0,0.0,1100000.0,-470800000,-1000000.0,0.0,0.0,-16300000,233700000,217400000,-11500000,-162900000,83200000,246100000,102000000,-49800000,52200000,https://www.sec.gov/Archives/edgar/data/65270/000006527019000019/0000065270-19-000019-index.html,https://www.sec.gov/Archives/edgar/data/65270/000006527019000019/mei-4272019x10k.htm
0,2018-04-28,MEI,2018-06-21 00:00:00,2018-06-21 07:13:35,FY,57200000,28100000,-12700000,4000000.0,-12900000,2800000.0,-7200000.0,39800000,393000000,2400000.0,117800000,-47700000,-130900000,0.0,0.0,-400000.0,-179000000,0.0,0.0,300000.0,-14700000,2000000.0,-12700000,26000000,-47900000,246100000,294000000,117800000,-48400000,69400000,https://www.sec.gov/Archives/edgar/data/65270/000006527018000014/0000065270-18-000014-index.html,https://www.sec.gov/Archives/edgar/data/65270/000006527018000014/mei-4282018x10k.htm
0,2017-04-29,MEI,2017-06-22 00:00:00,2017-06-22 07:09:37,FY,92900000,24300000,-3900000.0,12400000,27600000,5600000.0,7400000.0,11100000,405900000,12600000,145200000,-22400000,0.0,-9800000.0,0.0,10500000,-21700000,-1000000.0,0.0,-7100000.0,-13700000,-23500000,-47000000,-10300000,66200000,294000000,227800000,145200000,-22400000,122800000,https://www.sec.gov/Archives/edgar/data/65270/000006527017000016/0000065270-17-000016-index.html,https://www.sec.gov/Archives/edgar/data/65270/000006527017000016/mei-4292017x10k.htm
0,2016-04-30,MEI,2016-06-23 00:00:00,2016-06-23 07:24:04,FY,84600000,23900000,8200000.0,7400000.0,70600000,-6000000.0,4500000.0,-11300000,378300000,6700000.0,110700000,-23200000,0.0,-62300000,0.0,63900000,-21600000,-7000000.0,0.0,-61700000,-13500000,47100000,-28700000,-700000.0,59700000,227800000,168100000,110700000,-23200000,87500000,https://www.sec.gov/Archives/edgar/data/65270/000006527016000055/0000065270-16-000055-index.html,https://www.sec.gov/Archives/edgar/data/65270/000006527016000055/mei-4302016x10k.htm
0,2015-05-02,MEI,2015-06-25 00:00:00,2015-06-25 07:08:54,FY,101000000,23400000,-300000.0,4300000.0,45100000,-8600000.0,-1600000.0,2900000.0,307700000,7700000.0,122900000,-22500000,0.0,0.0,0.0,11200000,-11300000,0.0,0.0,4000000.0,-13800000,133400000,-48500000,-11400000,51700000,168100000,116400000,122900000,-22500000,100400000,https://www.sec.gov/Archives/edgar/data/65270/000006527015000016/0000065270-15-000016-index.html,https://www.sec.gov/Archives/edgar/data/65270/000006527015000016/mei-5022015x10k.htm
0,2014-05-03,MEI,2014-06-26 00:00:00,2014-06-26 06:54:17,FY,96200000,23900000.000000004,-29200000,3300000.0,94400000,-49700000,-11000000,36800000,262600000,5200000.0,72400000,-29000000,0.0,0.0,0.0,6100000.0,-22900000,0.0,0.0,5000000.0,-11300000,126300000,-1400000.0,2500000.0,50600000,116400000,65800000,72400000,-29000000,43400000,https://www.sec.gov/Archives/edgar/data/65270/000006527014000023/0000065270-14-000023-index.html,https://www.sec.gov/Archives/edgar/data/65270/000006527014000023/mei-5032014x10k.htm
0,2013-04-27,MEI,2013-06-20 00:00:00,2013-06-20 07:19:46,FY,40400000,18800000,-7200000.0,3252000.0,19700000,-21198000,-16138000,1678000.0,168200000,7700000.0,33200000,-38555000,0.0,0.0,0.0,-1434000.0,-40000000,0.0,0.0,600000.0,-10400000,61919000,-14300000,0.0,-21000000,65800000,86800000,33200000,-38600000,-5400000.0,https://www.sec.gov/Archives/edgar/data/65270/000006527013000020/0000065270-13-000020-index.html,https://www.sec.gov/Archives/edgar/data/65270/000006527013000020/mei-4272013x10k.htm
0,2012-04-28,MEI,2012-06-28,2012-06-28 07:24:42,FY,8100000.0,16100000,-1900000.0,3976000.0,15400000,-13525000,-3278000.0,25192000,148500000,4300000.0,24800000,-25744000,0.0,0.0,0.0,-6353000.0,-32100000,0.0,0.0,300000.0,-10400000,135060000,37900000,-1300000.0,29400000,86800000,57400000,24800000,-25700000,-900000.0,https://www.sec.gov/Archives/edgar/data/65270/000006527012000017/mei-4282012x10k.htm,https://www.sec.gov/Archives/edgar/data/65270/000006527012000017/mei-4282012x10k.htm
0,2011-04-30,MEI,2011-06-30 00:00:00,2011-06-30 07:19:37,FY,19200000,15800000,-5200000.0,3006000.0,7200000.0,-17846000,-8710000.0,-301000.0,133100000,300000.0,17000000,-15223000,0.0,0.0,0.0,0.0,-16200000,0.0,0.0,1000000.0,-10300000,0.0,-9300000.0,2100000.0,-6400000.0,57400000,63800000,17000000,-15200000,1800000.0,https://www.sec.gov/Archives/edgar/data/65270/000006527011000008/0000065270-11-000008-index.html,https://www.sec.gov/Archives/edgar/data/65270/000006527011000008/mei-4302011x10k.htm
0,2010-05-01,MEI,2010-07-01 00:00:00,2010-07-01 07:31:31,FY,13800000,19400000.000000004,4000000.0,871000.0,-1800000.0,-12436000,645000.0,291000.0,125900000,1700000.0,27400000,-9379000.0,0.0,0.0,0.0,0.0,-7800000.0,0.0,0.0,200000.0,-10400000,0.0,-10300000,500000.0,9800000.0,63800000,54000000,27400000,-9900000.0,17500000,https://www.sec.gov/Archives/edgar/data/65270/000110465910036590/0001104659-10-036590-index.html,https://www.sec.gov/Archives/edgar/data/65270/000110465910036590/a10-13302_110k.htm
0,2009-05-02,MEI,2009-07-02 00:00:00,2009-07-02 07:00:08,FY,-112500000,37000000,8100000.0,-553000.0,-56400000,33347000,19918000,-30832000,127700000,104200000,43200000,-17064000,0.0,0.0,0.0,0.0,-76100000,0.0,0.0,-5100000.0,-9800000.0,0.0,-15100000,-2200000.0,-50300000,54400000,104700000,43200000,-18600000,24600000,https://www.sec.gov/Archives/edgar/data/65270/000110465909041502/0001104659-09-041502-index.html,https://www.sec.gov/Archives/edgar/data/65270/000110465909041502/a09-17145_110k.htm
0,2008-05-03,MEI,2008-07-17 00:00:00,2008-07-17 07:00:42,FY,39800000,28100000,-2900000.0,3359000.0,47200000,-793000.0,-482000.0,1264000.0,184100000,5200000.0,79000000,-20018000,0.0,0.0,0.0,0.0,-30600000,0.0,0.0,0.0,-7600000.0,0.0,-7100000.0,3300000.0,44600000,104700000,60100000,79000000,-20000000,59000000,https://www.sec.gov/Archives/edgar/data/65270/000095013408012861/0000950134-08-012861-index.html,https://www.sec.gov/Archives/edgar/data/65270/000095013408012861/c32687e10vk.htm
0,2007-04-28,MEI,2007-07-12 00:00:00,2007-07-12 17:01:43,FY,26100000,24000000,-1000000.0,2897000.0,-10200000,372000.0,3004000.0,-5682000.0,136900000,3800000.0,56400000,-10667000,0.0,0.0,0.0,0.0,-74500000,0.0,0.0,3600000.0,-7500000.0,0.0,-2700000.0,-700000.0,-21600000,60000000,81600000,56400000,-10800000,45600000,https://www.sec.gov/Archives/edgar/data/65270/000095013707009955/0000950137-07-009955-index.html,https://www.sec.gov/Archives/edgar/data/65270/000095013707009955/c16698e10vk.htm
0,2006-04-30,MEI,2006-07-13,2006-07-13 17:05:23,FY,17000000,22900000,-2900000.0,2047000.0,7000000.0,2109000.0,-4319000.0,11339000,147100000,4900000.0,29600000,-18654000,0.0,0.0,0.0,0.0,-25800000,0.0,0.0,-1100000.0,-7500000.0,0.0,-8600000.0,-800000.0,-5500000.0,81600000,87100000,29600000,-20800000,8800000.0,https://www.sec.gov/Archives/edgar/data/65270/000095013706007779/c06694e10vk.htm,https://www.sec.gov/Archives/edgar/data/65270/000095013706007779/c06694e10vk.htm
0,2005-04-30,MEI,2005-07-14,2005-07-14 15:41:15,FY,25500000,21400000.000000004,600000.0,1365000.0,28000000,1635000.0,-10879000,5505000.0,140100000,700000.0,45000000,-18982000,0.0,0.0,0.0,0.0,-21100000,0.0,0.0,6500000.0,-7300000.0,0.0,-800000.0,2300000.0,25400000,87200000,61800000,45000000,-19000000,26000000,https://www.sec.gov/Archives/edgar/data/65270/000095013705008702/c96693e10vk.htm,https://www.sec.gov/Archives/edgar/data/65270/000095013705008702/c96693e10vk.htm
0,2004-04-30,MEI,2004-07-13,2004-07-13 11:57:09,FY,19700000,20799999.999999996,600000.0,52000.0,-13800000,140000.0,3111000.0,4469000.0,112100000,200000.0,44100000,-19304000,0.0,0.0,0.0,0.0,-16900000,0.0,0.0,-23000000,-8600000.0,0.0,-31600000,1800000.0,-2500000.0,61800000,64300000,44100000,-19300000,24800000,https://www.sec.gov/Archives/edgar/data/65270/000095013704005575/c86692e10vk.htm,https://www.sec.gov/Archives/edgar/data/65270/000095013704005575/c86692e10vk.htm
0,2003-04-30,MEI,2003-07-29,2003-07-29 17:13:28,FY,21900000,16600000,500000.0,0.0,10700000,518000.0,5789000.0,-2869000.0,125900000,1000000.0,52700000,-23171000,0.0,0.0,0.0,0.0,-35300000,0.0,0.0,500000.0,-7200000.0,0.0,-6700000.0,3700000.0,14400000,64300000,49900000,52700000,-23200000,29500000,https://www.sec.gov/Archives/edgar/data/65270/000104746903025450/a2115537z10-k.htm,https://www.sec.gov/Archives/edgar/data/65270/000104746903025450/a2115537z10-k.htm
0,2002-04-30,MEI,2002-07-29 00:00:00,2002-07-29 16:21:00,FY,3800000.0,16100000,-5300000.0,0.0,-8100000.0,1181000.0,13861000,-4532000.0,115200000,13000000,40800000,-16304000,0.0,0.0,0.0,0.0,-28600000,2986000.0,0.0,2100000.0,-7200000.0,0.0,-5100000.0,0.0,7100000.0,49900000,42800000,40800000,-16300000,24500000,https://www.sec.gov/Archives/edgar/data/65270/000091205702028847/0000912057-02-028847-index.html,https://www.sec.gov/Archives/edgar/data/65270/000091205702028847/a2085195z10-k.htm
0,2001-04-30,MEI,2001-07-30 00:00:00,2001-07-30 00:00:00,FY,12800000,15900000,-800000.0,0.0,-100000.0,13300000,7500000.0,3700000.0,123300000,4800000.0,32500000,0.0,0.0,0.0,0.0,0.0,-13000000,0.0,0.0,2700000.0,-7100000.0,0.0,-5600000.0,0.0,13900000,43300000,29400000,32500000,-15600000,16900000,https://www.sec.gov/Archives/edgar/data/65270/000089155401503710/0000891554-01-503710-index.html,https://www.sec.gov/Archives/edgar/data/65270/000089155401503710/d70544_10-k.htm
0,2000-04-30,MEI,2000-07-28 00:00:00,2000-07-28 00:00:00,FY,30900000,18900000,-800000.0,0.0,9500000.0,8800000.0,-9700000.0,-5300000.0,123400000,7900000.0,56800000,0.0,0.0,0.0,0.0,0.0,-41200000,0.0,0.0,1800000.0,-7100000.0,0.0,-8900000.0,0.0,6700000.0,29500000,22800000,56800000,-24700000,32100000,https://www.sec.gov/Archives/edgar/data/65270/000091205700033674/0000912057-00-033674-index.html,https://www.sec.gov/Archives/edgar/data/65270/000091205700033674/a10-k.txt
0,1999-04-30,MEI,1999-07-29 00:00:00,1999-07-29 00:00:00,FY,32800000,17700000,-1200000.0,0.0,19600000,-23700000,-200000.0,-1200000.0,113900000,3800000.0,32300000,0.0,0.0,0.0,0.0,0.0,-25100000,0.0,0.0,-3100000.0,-7100000.0,0.0,-8600000.0,0.0,-1400000.0,22800000,24200000,32300000,-22000000,10300000,https://www.sec.gov/Archives/edgar/data/65270/000095013199004532/0000950131-99-004532-index.html,https://www.sec.gov/Archives/edgar/data/65270/0000950131-99-004532.txt
0,1998-04-30,MEI,1998-07-29 00:00:00,1998-07-29 00:00:00,FY,35300000,17600000,-1000000.0,0.0,16000000,-10400000,-9100000.0,-400000.0,94300000,2200000.0,38300000,0.0,0.0,0.0,0.0,0.0,-31800000,0.0,0.0,0.0,-7100000.0,0.0,-5400000.0,0.0,1100000.0,24200000,23100000,38300000,-23200000,15100000,https://www.sec.gov/Archives/edgar/data/65270/000095013198004476/0000950131-98-004476-index.html,https://www.sec.gov/Archives/edgar/data/65270/0000950131-98-004476.txt
0,1997-04-30,MEI,1997-07-29 00:00:00,1997-07-29 00:00:00,FY,37200000,14700000,500000.0,0.0,-12700000,-5800000.0,-7800000.0,-1100000.0,78300000,1700000.0,44900000,0.0,0.0,0.0,0.0,0.0,-63400000,0.0,0.0,0.0,-7100000.0,0.0,-8500000.0,0.0,-27100000,23100000,50200000,44900000,-20400000,24500000,https://www.sec.gov/Archives/edgar/data/65270/000095013197004644/0000950131-97-004644-index.html,https://www.sec.gov/Archives/edgar/data/65270/0000950131-97-004644.txt
0,1996-04-30,MEI,1996-07-29 00:00:00,1996-07-29 00:00:00,FY,32400000,12100000,800000.0,0.0,15000000,-8800000.0,800000.0,-3400000.0,91000000,2600000.0,43400000,0.0,0.0,0.0,0.0,0.0,-25700000,0.0,0.0,0.0,-5600000.0,0.0,-8300000.0,0.0,9400000.0,50200000,40800000,43400000,-22100000,21300000,https://www.sec.gov/Archives/edgar/data/65270/000095013196003488/0000950131-96-003488-index.html,https://www.sec.gov/Archives/edgar/data/65270/0000950131-96-003488.txt
0,1995-04-30,MEI,,,FY,26100000,10600000,200000.0,0.0,17200000,-2500000.0,-5300000.0,-3200000.0,76000000,2400000.0,37300000,0.0,0.0,0.0,0.0,0.0,-20200000,0.0,0.0,0.0,-2800000.0,0.0,-3100000.0,0.0,14000000,40800000,26800000,37300000,-17400000,19900000,,
