,date,symbol,fillingDate,acceptedDate,period,netIncome,depreciationAndAmortization,deferredIncomeTax,stockBasedCompensation,changeInWorkingCapital,accountsReceivables,inventory,accountsPayables,otherWorkingCapital,otherNonCashItems,netCashProvidedByOperatingActivities,investmentsInPropertyPlantAndEquipment,acquisitionsNet,purchasesOfInvestments,salesMaturitiesOfInvestments,otherInvestingActivites,netCashUsedForInvestingActivites,debtRepayment,commonStockIssued,commonStockRepurchased,dividendsPaid,otherFinancingActivites,netCashUsedProvidedByFinancingActivities,effectOfForexChangesOnCash,netChangeInCash,cashAtEndOfPeriod,cashAtBeginningOfPeriod,operatingCashFlow,capitalExpenditure,freeCashFlow,link,finalLink
0,2019-12-31,IBM,2020-02-25,2020-02-25 16:54:20,FY,9431000000,6059000000,-1527000000,679000000,-10200000000,502000000,67000000,-503000000,719000000,-417000000,14771000000,-2286000000,-32630000000,-5054000000,0.0,13034000000,-26936000000,-10347000000,0.0,-1633000000,-5707000000,26457000000,9042000000,-167000000,-3290000000,8089000000,11379000000,14771000000,-2907000000,11864000000,https://www.sec.gov/Archives/edgar/data/51143/000155837020001334/0001558370-20-001334-index.htm,https://www.sec.gov/Archives/edgar/data/51143/000155837020001334/ibm-20191231x10k2af531.htm
0,2018-12-31,IBM,2019-02-26,2019-02-26 16:27:59,FY,8728000000,4480000000,853000000,510000000,-1453000000,1006000000,-127000000,126000000,10919000000,633000000,15247000000,-3395000000,-139000000,-4443000000,0.0,2569000000,-4913000000,-9874000000,0.0,-4614000000,-5666000000,9514000000,-10469000000,-495000000,-630000000,11342000000,11972000000,15247000000,-3964000000,11283000000,https://www.sec.gov/Archives/edgar/data/51143/000104746919000712/0001047469-19-000712-index.htm,https://www.sec.gov/Archives/edgar/data/51143/000104746919000712/a2237254z10-k.htm
0,2017-12-31,IBM,2018-02-27,2018-02-27 17:13:57,FY,5753000000,4541000000,-931000000,534000000,4759000000,1297000000,18000000,47000000,12372000000,548000000,16723000000,-3229000000,-496000000,-9304000000,0.0,5933000000,-7081000000,-7436000000,0.0,-4533000000,-5506000000,10864000000,-6418000000,937000000,4161000000,11987000000,7826000000,16723000000,-3773000000,12950000000,https://www.sec.gov/Archives/edgar/data/51143/000104746918001117/0001047469-18-001117-index.htm,https://www.sec.gov/Archives/edgar/data/51143/000104746918001117/a2233835z10-k.htm
0,2016-12-31,IBM,2017-02-28,2017-02-28 16:23:36,FY,11872000000,4381000000,-1132000000,544000000,-622000000,712000000,-14000000,197000000,7613000000,606000000,17084000000,-3567000000,-5679000000,-9419000000,0.0,7689000000,-10928000000,-6421000000,0.0,-3628000000,-5256000000,9388000000,-5917000000,-51000000,188000000,7874000000,7686000000,17084000000,-4150000000,12934000000,https://www.sec.gov/Archives/edgar/data/51143/000104746917001061/0001047469-17-001061-index.htm,https://www.sec.gov/Archives/edgar/data/51143/000104746917001061/a2230222z10-k.htm
0,2015-12-31,IBM,2016-02-23,2016-02-23 16:19:19,FY,13190000000,3855000000,1387000000,468000000,-1587000000,812000000,133000000,81000000,8235000000,1020000000,17255000000,-3579000000,-3349000000,-4609000000,0.0,2905000000,-8159000000,-5723000000,0.0,-4857000000,-4897000000,6063000000,-9413000000,-473000000,-790000000,7686000000,8476000000,17255000000,-4151000000,13104000000,https://www.sec.gov/Archives/edgar/data/51143/000104746916010329/0001047469-16-010329-index.htm,https://www.sec.gov/Archives/edgar/data/51143/000104746916010329/a2226548z10-k.htm
0,2014-12-31,IBM,2015-02-24,2015-02-24 14:08:09,FY,12022000000,4492000000,-237000000,512000000,-1374000000,1270000000,-39000000,-456000000,9822000000,2358000000,16868000000,-3740000000,-656000000,-13679000000,0.0,14419000000,-3001000000,-2891000000,0.0,-13679000000,-4265000000,5383000000,-15452000000,-655000000,-2240000000,8476000000,10716000000,16868000000,-4183000000,12685000000,https://www.sec.gov/Archives/edgar/data/51143/000104746915001106/0001047469-15-001106-index.htm,https://www.sec.gov/Archives/edgar/data/51143/000104746915001106/a2222209z10-k.htm
0,2013-12-31,IBM,2014-02-25,2014-02-25 14:13:24,FY,16483000000,4678000000,-1610000000,614000000,5388000000,-1407000000,-57000000,-529000000,11196000000,378000000,17485000000,-3623000000,-3056000000,-13859000000,0.0,23652000000,-7326000000,-10634000000,0.0,-13859000000,-4058000000,18668000000,-9883000000,28000000,304000000,10716000000,10412000000,17485000000,-4140000000,13345000000,https://www.sec.gov/Archives/edgar/data/51143/000104746914001302/0001047469-14-001302-index.htm,https://www.sec.gov/Archives/edgar/data/51143/000104746914001302/a2217495z10-k.htm
0,2012-12-31,IBM,2013-02-26,2013-02-26 15:35:35,FY,16604000000,4676000000,797000000,688000000,-2994000000,-2230000000,280000000,-224000000,5808000000,-41000000,19585000000,-4082000000,-3722000000,-11995000000,0.0,22601000000,-9004000000,-9108000000,0.0,-11995000000,-3773000000,12900000000,-11976000000,-116000000,-1511000000,10411000000,11922000000,19585000000,-4717000000,14868000000,https://www.sec.gov/Archives/edgar/data/51143/000104746913001698/0001047469-13-001698-index.htm,https://www.sec.gov/Archives/edgar/data/51143/000104746913001698/a2212340z10-k.htm
0,2011-12-31,IBM,2012-02-28,2012-02-28 14:52:20,FY,15855000000,4815000000,1212000000,697000000,1248000000,-1279000000,-163000000,451000000,8802000000,355000000,19847000000,-4108000000,-1811000000,-15046000000,0.0,26737000000,-4396000000,-10268000000,0.0,-15046000000,-3473000000,15091000000,-13696000000,-493000000,1262000000,11923000000,10661000000,19847000000,-4667000000,15180000000,https://www.sec.gov/Archives/edgar/data/51143/000104746912001742/0001047469-12-001742-index.htm,https://www.sec.gov/Archives/edgar/data/51143/000104746912001742/a2206744z10-k.htm
0,2010-12-31,IBM,2011-02-22,2011-02-22 13:08:33,FY,14833000000,4831000000,1294000000,629000000,-5379000000,-489000000,92000000,174000000,7554000000,-172000000,19549000000,-4185000000,-5922000000,-21504000000,0.0,23104000000,-8507000000,-7339000000,0.0,-15375000000,-3177000000,13462000000,-12429000000,-135000000,-1522000000,10661000000,12183000000,19549000000,-4754000000,14795000000,https://www.sec.gov/Archives/edgar/data/51143/000104746911001117/0001047469-11-001117-index.htm,https://www.sec.gov/Archives/edgar/data/51143/000104746911001117/a2201254z10-k.htm
0,2009-12-31,IBM,2010-02-23,2010-02-23 13:31:57,FY,13425000000,4994000000,1773000000,558000000,6366000000,2131000000,263000000,170000000,12933000000,163000000,20773000000,0.0,-1194000000,-5604000000,0.0,0.0,-6730000000,-13495000000,0.0,-7429000000,-2860000000,0.0,-14700000000,98000000,-558000000,12183000000,12741000000,20773000000,-4077000000,16696000000,https://www.sec.gov/Archives/edgar/data/51143/000104746910001151/0001047469-10-001151-index.htm,https://www.sec.gov/Archives/edgar/data/51143/000104746910001151/a2195966z10-k.htm
0,2008-12-31,IBM,2009-02-24,2009-02-24 14:26:00,FY,12334000000,5450000000,1900000000,659000000,-2300000000,274000000,-102000000,-860000000,6567000000,321000000,18812000000,0.0,-6313000000,-4590000000,0.0,0.0,-9285000000,-10248000000,0.0,-10578000000,-2585000000,0.0,-11833000000,58000000,-2250000000,12741000000,14991000000,18812000000,-4887000000,13925000000,https://www.sec.gov/Archives/edgar/data/51143/000104746909001737/0001047469-09-001737-index.htm,https://www.sec.gov/Archives/edgar/data/51143/000104746909001737/a2189817z10-k.htm
0,2007-12-31,IBM,2008-02-26,2008-02-26 14:06:45,FY,10418000000,5201000000,740000000,713000000,4298000000,-1408000000,182000000,-142000000,8867000000,619000000,16088000000,0.0,-1009000000,-30449000000,0.0,0.0,-4675000000,-11306000000,0.0,-18828000000,-2147000000,0.0,-4740000000,294000000,6969000000,14991000000,8022000000,16088000000,-5505000000,10583000000,https://www.sec.gov/Archives/edgar/data/51143/000104746908001731/0001047469-08-001731-index.htm,https://www.sec.gov/Archives/edgar/data/51143/000104746908001731/a2181836z10-k.htm
0,2006-12-31,IBM,2007-02-27,2007-02-27 15:08:14,FY,9492000000,4983000000,1724000000,846000000,-5940000000,-512000000,112000000,355000000,4569000000,587000000,15006000000,0.0,-3799000000,-28555000000,0.0,0.0,-11548000000,-3400000000,0.0,-6399000000,-1683000000,0.0,-8204000000,201000000,-4546000000,8022000000,12568000000,15006000000,-5166000000,9840000000,https://www.sec.gov/Archives/edgar/data/51143/000104746907001434/0001047469-07-001434-index.htm,https://www.sec.gov/Archives/edgar/data/51143/000104746907001434/a2175501z10-k.htm
0,2005-12-31,IBM,2006-02-28,2006-02-28 16:50:07,FY,7934000000,5188000000,2185000000,1043000000,3337000000,2219000000,202000000,-536000000,10509000000,-489000000,14874000000,0.0,-1482000000,-4526000000,0.0,0.0,-4423000000,-3522000000,0.0,-6506000000,-1250000000,0.0,-7147000000,-789000000,2515000000,12568000000,10053000000,14874000000,-4634000000,10240000000,https://www.sec.gov/Archives/edgar/data/51143/000104746906002608/0001047469-06-002608-index.htm,https://www.sec.gov/Archives/edgar/data/51143/000104746906002608/a2166922z10-k.htm
0,2004-12-31,IBM,,,FY,8448000000,4915000000,2081000000,0.0,74000000,1919000000,-374000000,-984000000,7172000000,-483000000,15323000000,0.0,0.0,0.0,0.0,0.0,-5346000000,0.0,0.0,-5418000000,-1174000000,0.0,-7619000000,405000000,2763000000,10053000000,7290000000,15323000000,-5056000000,10267000000,,
0,2003-12-31,IBM,2004-03-08,2004-03-08 15:28:07,FY,7613000000,4701000000,1126000000,0.0,-4000000.0,2024000000,293000000,617000000,7098000000,-387000000,14407000000,0.0,0.0,-6471000000,0.0,0.0,-5122000000,-5831000000,0.0,-3232000000,-1085000000,0.0,-7798000000,421000000,1908000000,7290000000,5382000000,14407000000,-4974000000,9433000000,https://www.sec.gov/Archives/edgar/data/51143/000104746904006934/0001047469-04-006934-index.htm,https://www.sec.gov/Archives/edgar/data/51143/000104746904006934/a2129092z10-k.htm
0,2002-12-31,IBM,,,FY,5334000000,4379000000,-67000000,0.0,-240000000,-340000000,1156000000,-583000000,7102000000,343000000,13066000000,0.0,0.0,0.0,0.0,0.0,-6897000000,0.0,0.0,-3087000000,-1005000000,0.0,-7265000000,148000000,-948000000,5382000000,6330000000,13066000000,-5350000000,7716000000,,
0,2001-12-31,IBM,,,FY,7723000000,4820000000,658000000,0.0,-132000000,3708000000,461000000,1145000000,7342000000,88000000,14265000000,0.0,0.0,0.0,0.0,0.0,-6106000000,0.0,0.0,-3906000000,-966000000,0.0,-5309000000,-83000000,2767000000,6330000000,3563000000,14265000000,-6315000000,7950000000,,
0,2000-12-31,IBM,2001-03-13 00:00:00,2001-03-13 00:00:00,FY,8093000000,4995000000,29000000,0.0,3897000000,-3108000000,103000000,-1792000000,7474000000,-792000000,9274000000,0.0,0.0,0.0,0.0,0.0,-4248000000,0.0,0.0,-6073000000,-929000000,0.0,-6359000000,-147000000,-1480000000,3563000000,5043000000,9274000000,-6181000000,3093000000,https://www.sec.gov/Archives/edgar/data/51143/000091205701007563/0000912057-01-007563-index.html,https://www.sec.gov/Archives/edgar/data/51143/000091205701007563/a2039641z10-k.txt
0,1999-12-31,IBM,,,FY,7712000000,6585000000,-713000000,0.0,-1956000000,-837000000,332000000,-148000000,3577000000,-4791000000,10111000000,0.0,0.0,0.0,0.0,0.0,-1669000000,0.0,0.0,-6645000000,-879000000,0.0,-8625000000,-149000000,-332000000,5043000000,5375000000,10111000000,-6423000000,3688000000,,
0,1998-12-31,IBM,,,FY,6328000000,4992000000,-606000000,0.0,-1378000000,-2955000000,-61000000,-1037000000,5533000000,-616000000,9273000000,0.0,0.0,0.0,0.0,0.0,-6131000000,0.0,0.0,-6283000000,-834000000,0.0,-4993000000,120000000,-1731000000,5375000000,7106000000,9273000000,-6770000000,2503000000,,
0,1997-12-31,IBM,,,FY,6093000000,5001000000,358000000,0.0,216000000,-659000000,731000000,-448000000,6911000000,-718000000,8865000000,0.0,0.0,0.0,0.0,0.0,-6155000000,0.0,0.0,-1000000.0,-783000000,0.0,-3090000000,-201000000,-581000000,7106000000,7687000000,8865000000,-7107000000,1758000000,,
0,1996-12-31,IBM,1997-03-27 00:00:00,1997-03-27 00:00:00,FY,5429000000,5012000000,11000000,0.0,-2348000000,235000000,453000000,-256000000,6695000000,-1356000000,10275000000,0.0,0.0,0.0,0.0,0.0,-5723000000,0.0,0.0,0.0,-706000000,0.0,-3952000000,-172000000,428000000,7687000000,7259000000,10275000000,-6178000000,4097000000,https://www.sec.gov/Archives/edgar/data/51143/000091205797010483/0000912057-97-010483-index.html,https://www.sec.gov/Archives/edgar/data/51143/0000912057-97-010483.txt
0,1995-12-31,IBM,,,FY,4178000000,5602000000,1392000000,0.0,-3069000000,-1869000000,11000000,-733000000,9043000000,-618000000,10708000000,0.0,0.0,0.0,0.0,0.0,-5052000000,0.0,0.0,-870000000,-591000000,0.0,-6384000000,65000000,-663000000,7259000000,7922000000,10708000000,-5567000000,5141000000,,
0,1994-12-31,IBM,1995-03-28 00:00:00,1995-03-28 00:00:00,FY,3021000000,6295000000,825000000,0.0,6060000000,-2121000000,1231000000,-378000000,12112000000,-2783000000,11793000000,0.0,0.0,0.0,0.0,0.0,-3426000000,0.0,0.0,-10000000,-662000000,0.0,-6412000000,106000000,2061000000,7922000000,5861000000,11793000000,-4439000000,7354000000,https://www.sec.gov/Archives/edgar/data/51143/000095011295000774/0000950112-95-000774-index.html,https://www.sec.gov/Archives/edgar/data/51143/0000950112-95-000774.txt
