,date,symbol,fillingDate,acceptedDate,period,netIncome,depreciationAndAmortization,deferredIncomeTax,stockBasedCompensation,changeInWorkingCapital,accountsReceivables,inventory,accountsPayables,otherWorkingCapital,otherNonCashItems,netCashProvidedByOperatingActivities,investmentsInPropertyPlantAndEquipment,acquisitionsNet,purchasesOfInvestments,salesMaturitiesOfInvestments,otherInvestingActivites,netCashUsedForInvestingActivites,debtRepayment,commonStockIssued,commonStockRepurchased,dividendsPaid,otherFinancingActivites,netCashUsedProvidedByFinancingActivities,effectOfForexChangesOnCash,netChangeInCash,cashAtEndOfPeriod,cashAtBeginningOfPeriod,operatingCashFlow,capitalExpenditure,freeCashFlow,link,finalLink
0,2019-12-31,DBD,2020-02-26 00:00:00,2020-02-26 16:33:26,FY,-344600000,226100000,54200000,24000000,-340100000,111000000,104900000,-33100000,292400000,47200000,45900000,0.0,0.0,-1900000.0,241700000,-246600000,-6800000.0,-375700000,0.0,-1900000.0,0.0,162100000,-215500000,-1100000.0,-177500000,175600000,353100000,45900000,-42900000,3000000.0,https://www.sec.gov/Archives/edgar/data/28823/000002882320000056/0000028823-20-000056-index.html,https://www.sec.gov/Archives/edgar/data/28823/000002882320000056/dbd12312019-10k.htm
0,2018-12-31,DBD,2019-03-01 00:00:00,2019-03-01 13:45:43,FY,-566000000,258700000,-59600000,36600000,-52000000,51000000,-5100000.0,-34500000,632500000,323200000,-111400000,0.0,-5900000.0,-3000000.0,317800000,-274500000,34400000,-337700000,0.0,-3000000.0,-7700000.0,359300000,10900000,-18700000,-84800000,458400000,543200000,-111400000,-58500000,-169900000,https://www.sec.gov/Archives/edgar/data/28823/000002882319000069/0000028823-19-000069-index.html,https://www.sec.gov/Archives/edgar/data/28823/000002882319000069/dbd12312018-10k.htm
0,2017-12-31,DBD,2018-02-28 00:00:00,2018-02-28 08:07:29,FY,-213900000,252200000,16600000,33900000,-110600000,23000000,17700000,-6300000.0,684500000,11200000,37100000,0.0,-5600000.0,-5000000.0,296200000,-414400000,-120800000,-458800000,0.0,-4700000.0,-30600000,430700000,-63700000,37900000,-109500000,543200000,652700000,37100000,-69400000,-32300000,https://www.sec.gov/Archives/edgar/data/28823/000002882318000066/0000028823-18-000066-index.html,https://www.sec.gov/Archives/edgar/data/28823/000002882318000066/dbd12312017-10k.htm
0,2016-12-31,DBD,2017-02-24 00:00:00,2017-02-24 09:56:47,FY,-27000000,134800000,-94600000,22200000,107300000,100000000,124300000,-112100000,795100000,-136300000,26900000,0.0,-884600000,-2200000.0,225000000,100400000,-561400000,-662500000,0.0,-1900000.0,-64600000,1610900000,881600000,-8000000.0,339100000,652700000,313600000,26900000,-39500000,-12600000,https://www.sec.gov/Archives/edgar/data/28823/000002882317000052/0000028823-17-000052-index.html,https://www.sec.gov/Archives/edgar/data/28823/000002882317000052/dbd12312016-10k.htm
0,2015-12-31,DBD,2016-02-29 00:00:00,2016-02-29 16:09:39,FY,75400000,64000000,-40100000,12400000,60000000,-56000000,-51200000,57600000,687800000,19900000,34100000,0.0,-59400000,-3000000.0,176100000,-178600000,-64900000,-168700000,0.0,500000.0,-75600000,289500000,42200000,-23900000,-12500000,309500000,322000000,34100000,-52300000,-18200000,https://www.sec.gov/Archives/edgar/data/28823/000002882316000157/0000028823-16-000157-index.html,https://www.sec.gov/Archives/edgar/data/28823/000002882316000157/dbd12312015-10k.htm
0,2014-12-31,DBD,2015-02-17,2015-02-17 15:11:37,FY,117000000,74100000,-11300000,21545000,-33900000,-58588000,-53241000,59278000,627800000,22400000,186900000,0.0,-11749000,-1918000.0,477421000,-449955000,13800000,-175501000,0.0,12700000,-74900000,171211000,-81200000,-28200000,91300000,322000000,230700000,186900000,-61500000,125400000,https://www.sec.gov/Archives/edgar/data/28823/000002882315000025/dbd12312014-10k.htm,https://www.sec.gov/Archives/edgar/data/28823/000002882315000025/dbd12312014-10k.htm
0,2013-12-31,DBD,2014-03-03,2014-03-03 16:23:47,FY,-176500000,82600000,-15100000,15432000,-314300000,23983000,21337000,-9659000.0,661700000,155700000,124200000,0.0,0.0,-4063000.0,464331000,-518126000,-52700000,-121901000,0.0,12700000,-74000000,-4488000.0,-204400000,-5100000.0,-138100000,230700000,368800000,124200000,-35400000,88800000,https://www.sec.gov/Archives/edgar/data/28823/000002882314000032/dbd12312013-10k.htm,https://www.sec.gov/Archives/edgar/data/28823/000002882314000032/dbd12312013-10k.htm
0,2012-12-31,DBD,2013-02-15 00:00:00,2013-02-15 10:28:55,FY,84400000,78600000,-10600000,13840000,67800000,-75275000,20955000,2564000.0,976000000,25900000,135500000,0.0,-28292000,-3452000.0,325403000,-366490000,-72800000,-780538000,0.0,13200000,-72800000,820593000,-36200000,8400000.0,34900000,368800000,333900000,135500000,-49700000,85800000,https://www.sec.gov/Archives/edgar/data/28823/000002882313000010/0000028823-13-000010-index.html,https://www.sec.gov/Archives/edgar/data/28823/000002882313000010/dbd12312012-10k.htm
0,2011-12-31,DBD,2012-02-17 00:00:00,2012-02-17 13:56:44,FY,152100000,79900000,-29300000,14296000,4000000.0,-22790000,-12602000,11741000,908200000,11800000,215400000,0.0,0.0,-111815000,259145000,-238036000,-90700000,-650136000,0.0,-107800000,-72900000,711317000,-123500000,4100000.0,5300000.0,334000000,328700000,215400000,-54800000,160600000,https://www.sec.gov/Archives/edgar/data/28823/000002882312000006/0000028823-12-000006-index.html,https://www.sec.gov/Archives/edgar/data/28823/000002882312000006/dbd12312011-10k.htm
0,2010-12-31,DBD,2011-02-22,2011-02-22 16:21:49,FY,-16700000,79300000,-47800000,12541000,59200000,-69377000,3136000.0,65768000,904200000,188500000,273400000,0.0,0.0,-470641000,0.0,0.0,-164800000,-569928000,0.0,-22400000,-71900000,0.0,-111100000,2700000.0,200000.0,328600000,328400000,273400000,-51300000,222100000,https://www.sec.gov/Archives/edgar/data/28823/000095012311016528/l41375e10vk.htm,https://www.sec.gov/Archives/edgar/data/28823/000095012311016528/l41375e10vk.htm
0,2009-12-31,DBD,2010-03-01 00:00:00,2010-03-01 10:32:59,FY,32300000,77700000,50400000,11910000,-33700000,123400000,76001000,-54193000,845000000,51300000,299300000,0.0,-5364000.0,-241921000,0.0,0.0,-93200000,0.0,0.0,-400000.0,-69500000,0.0,-131000000,11900000,87000000,328400000,241400000,299300000,-44300000,255000000,https://www.sec.gov/Archives/edgar/data/28823/000095012310018941/0000950123-10-018941-index.html,https://www.sec.gov/Archives/edgar/data/28823/000095012310018941/l38718e10vk.htm
0,2008-12-31,DBD,2009-02-27 00:00:00,2009-02-27 17:12:43,FY,88600000,80500000,-12500000,12189000,-1200000.0,10633000,-53650000,36480000,878700000,38200000,284700000,0.0,-4461000.0,-357091000,0.0,0.0,-142500000,0.0,0.0,0.0,-66600000,0.0,-87700000,-19400000,35100000,241400000,206300000,284700000,-57900000,226800000,https://www.sec.gov/Archives/edgar/data/28823/000095015209001973/0000950152-09-001973-index.html,https://www.sec.gov/Archives/edgar/data/28823/000095015209001973/l35443ae10vk.htm
0,2007-12-31,DBD,2008-09-30,2008-09-30 17:28:39,FY,39500000,63400000,9600000.0,13782000,-117100000,107501000,8955000.0,6331000.0,879900000,61200000,150300000,0.0,-18122000,-50588000,0.0,0.0,-80400000,0.0,0.0,8500000.0,-62400000,0.0,-135300000,17800000,-47600000,206200000,253800000,150300000,-43300000,107000000,https://www.sec.gov/Archives/edgar/data/28823/000095015208007585/l32903ae10vk.htm,https://www.sec.gov/Archives/edgar/data/28823/000095015208007585/l32903ae10vk.htm
0,2006-12-31,DBD,2007-03-01,2007-03-01 17:23:15,FY,86500000,69800000,-38400000,15431000,149100000,81993000,-24768000,-29796000,997000000,44200000,250400000,0.0,-62156000,-126887000,0.0,0.0,-182100000,0.0,0.0,-136300000,-57400000,0.0,-24100000,1600000.0,45900000,253800000,207900000,250400000,-44300000,206100000,https://www.sec.gov/Archives/edgar/data/28823/000095015207001690/l24243ae10vk.htm,https://www.sec.gov/Archives/edgar/data/28823/000095015207001690/l24243ae10vk.htm
0,2005-12-31,DBD,2006-03-14,2006-03-14 14:18:31,FY,96700000,76200000,10100000,0.0,353500000,-97075000,-23558000,39500000,847900000,-9000000.0,116900000,0.0,-27701000,-61007000,0.0,0.0,-120400000,0.0,0.0,-128700000,-57800000,0.0,27200000,200000.0,23900000,207900000,184000000,116900000,-62600000,54300000,https://www.sec.gov/Archives/edgar/data/28823/000095015206002066/l17975ae10vk.htm,https://www.sec.gov/Archives/edgar/data/28823/000095015206002066/l17975ae10vk.htm
0,2004-12-31,DBD,2005-03-08,2005-03-08 15:58:28,FY,184000000,75000000,28500000,0.0,7900000.0,2293000.0,-52430000,17321000,494400000,8100000.0,232600000,0.0,-62224000,-40157000,0.0,0.0,-184300000,0.0,0.0,-63500000,-53200000,0.0,-37600000,3300000.0,14100000,184100000,170000000,232600000,-61200000,171400000,https://www.sec.gov/Archives/edgar/data/28823/000095015205001857/l12512ae10vk.htm,https://www.sec.gov/Archives/edgar/data/28823/000095015205001857/l12512ae10vk.htm
0,2003-12-31,DBD,2004-03-02,2004-03-02 16:52:56,FY,174800000,64300000,-10200000,0.0,126600000,-128929000,-10541000,15402000,486500000,8100000.0,209900000,0.0,-10611000,-56974000,0.0,0.0,-82100000,0.0,0.0,7700000.0,-49200000,0.0,-119900000,6600000.0,14500000,169900000,155400000,209900000,-72800000,137100000,https://www.sec.gov/Archives/edgar/data/28823/000095015204001544/l05624ae10vk.htm,https://www.sec.gov/Archives/edgar/data/28823/000095015204001544/l05624ae10vk.htm
0,2002-12-31,DBD,,,FY,99200000,61300000,13000000,0.0,65500000,-16300000,-700000.0,52700000,359900000,45700000,163500000,0.0,0.0,0.0,0.0,0.0,-6900000.0,0.0,0.0,6200000.0,-47500000,0.0,-76500000,1500000.0,81700000,155500000,73800000,163500000,-50300000,113200000,,
0,2001-12-31,DBD,2002-03-18,2002-03-18 00:00:00,FY,66900000,45500000,-27500000,0.0,56800000,-18029000,-27498000,25480000,294400000,67300000,154400000,0.0,-36767000,-65711000,0.0,0.0,-138500000,0.0,0.0,-7700000.0,-45800000,0.0,-4000000.0,-3200000.0,8600000.0,73800000,65200000,154400000,-68700000,85700000,https://www.sec.gov/Archives/edgar/data/28823/000095015202001905/l93043ae10-k405.htm,https://www.sec.gov/Archives/edgar/data/28823/000095015202001905/l93043ae10-k405.htm
0,2000-12-31,DBD,2001-03-13 00:00:00,2001-03-13 00:00:00,FY,136900000,35900000,15300000,0.0,-27900000,-51100000,-35800000,-14700000,237600000,39900000,146200000,0.0,0.0,0.0,0.0,0.0,-215400000,0.0,0.0,7100000.0,-44300000,0.0,107000000,0.0,37900000,65200000,27300000,146200000,-42700000,103500000,https://www.sec.gov/Archives/edgar/data/28823/000095015201500353/0000950152-01-500353-index.html,https://www.sec.gov/Archives/edgar/data/28823/000095015201500353/l86691ae10-k.htm
0,1999-12-31,DBD,,,FY,128900000,34700000,8500000.0,0.0,-42500000,-45600000,-41900000,-6500000.0,265500000,24200000,188600000,0.0,0.0,0.0,0.0,0.0,-281800000,0.0,0.0,2700000.0,-41700000,0.0,78000000,0.0,-15200000,27300000,42500000,188600000,-40300000,148300000,,
0,1998-12-31,DBD,,,FY,76100000,25600000,-4200000.0,0.0,300000.0,36000000,200000.0,14100000,308000000,40500000,177200000,0.0,0.0,0.0,0.0,0.0,-96500000,0.0,0.0,-3700000.0,-38600000,0.0,-58500000,0.0,22200000,42500000,20300000,177200000,-30800000,146400000,,
0,1997-12-31,DBD,1998-03-05 00:00:00,1998-03-05 00:00:00,FY,122500000,18700000,1100000.0,0.0,56300000,-46300000,-18700000,-9300000.0,307700000,16000000,111300000,0.0,0.0,0.0,0.0,0.0,-102700000,0.0,0.0,4800000.0,-34500000,0.0,-10200000,0.0,-1600000.0,20300000,21900000,111300000,-67700000,43600000,https://www.sec.gov/Archives/edgar/data/28823/000095015298001715/0000950152-98-001715-index.html,https://www.sec.gov/Archives/edgar/data/28823/0000950152-98-001715.txt
0,1996-12-31,DBD,,,FY,97400000,21000000,-5300000.0,0.0,61200000,-59500000,-18400000,-27800000,251400000,17000000,93600000,0.0,0.0,0.0,0.0,0.0,-52500000,0.0,0.0,1200000.0,-31200000,0.0,-35000000,0.0,6200000.0,21900000,15700000,93600000,-33600000,60000000,,
0,1995-12-31,DBD,,,FY,76200000,14200000,-4500000.0,0.0,19600000,-44000000,-5500000.0,-5900000.0,190200000,16500000,71200000,0.0,0.0,0.0,0.0,0.0,-43200000,0.0,0.0,1200000.0,-29300000,0.0,-29600000,0.0,-1600000.0,15700000,17300000,71200000,-35300000,35900000,,
