,date,symbol,fillingDate,acceptedDate,period,netIncome,depreciationAndAmortization,deferredIncomeTax,stockBasedCompensation,changeInWorkingCapital,accountsReceivables,inventory,accountsPayables,otherWorkingCapital,otherNonCashItems,netCashProvidedByOperatingActivities,investmentsInPropertyPlantAndEquipment,acquisitionsNet,purchasesOfInvestments,salesMaturitiesOfInvestments,otherInvestingActivites,netCashUsedForInvestingActivites,debtRepayment,commonStockIssued,commonStockRepurchased,dividendsPaid,otherFinancingActivites,netCashUsedProvidedByFinancingActivities,effectOfForexChangesOnCash,netChangeInCash,cashAtEndOfPeriod,cashAtBeginningOfPeriod,operatingCashFlow,capitalExpenditure,freeCashFlow,link,finalLink
0,2020-04-25,PDCO,2020-06-24,2020-06-24 16:45:03,FY,-589367000,82182000,-31800000,37354000,-260784000,-540944000,-59258000,219613000,467867000,148123000,-243544000,-41809000,0.0,0.0,0.0,540944000,499135000,-460840000,0.0,0.0,-100442000,290053000,-271229000,-2064000.0,-17702000,77944000,95646000,-243544000,-41809000,-285353000,https://www.sec.gov/Archives/edgar/data/891024/000089102420000008/0000891024-20-000008-index.htm,https://www.sec.gov/Archives/edgar/data/891024/000089102420000008/pdco-20200425.htm
0,2019-04-27,PDCO,2019-06-26 00:00:00,2019-06-26 16:08:19,FY,82876000,82773000,10762000,33425000,-135692000,-402367000,11547000,44189000,728651000,-361609000,48158000,-60734000,0.0,0.0,0.0,400484000,340727000,-249542000,0.0,0.0,-99468000,-6236000.0,-355246000,-977000.0,32662000,95646000,62984000,48158000,-60734000,-12576000,https://www.sec.gov/Archives/edgar/data/891024/000089102419000007/0000891024-19-000007-index.html,https://www.sec.gov/Archives/edgar/data/891024/000089102419000007/pdco0427201910-k.htm
0,2018-04-28,PDCO,2018-06-27 00:00:00,2018-06-27 14:22:51,FY,200974000,83816000,-41058000,36532000,-35319000,60211000,-60475000,-12103000,864343000,42812000,178895000,-43263000,0.0,-87500000,0.0,147750000,16987000,-164754000,0.0,-87500000,-99199000,121291000,-230162000,2305000.0,-31975000,62984000,94959000,178895000,-43263000,135632000,https://www.sec.gov/Archives/edgar/data/891024/000089102418000006/0000891024-18-000006-index.html,https://www.sec.gov/Archives/edgar/data/891024/000089102418000006/pdco0428201810-k.htm
0,2017-04-29,PDCO,2017-06-28 00:00:00,2017-06-28 12:37:48,FY,170893000,83818000,-13713000,19025000,-18544000,-103181000,-961000.0,59654000,899662000,57039000,162719000,-47019000,0.0,-125384000,0.0,173596000,1193000.0,-26238000,8721000.0,-116663000,-95910000,36648000,-202163000,-4243000.0,-42494000,94959000,137453000,162719000,-47019000,115700000,https://www.sec.gov/Archives/edgar/data/891024/000089102417000009/0000891024-17-000009-index.html,https://www.sec.gov/Archives/edgar/data/891024/000089102417000009/pdco429201710-k.htm
0,2016-04-30,PDCO,2016-06-29 00:00:00,2016-06-29 14:25:50,FY,185684000,82383000,-16034000,0.0,-77334000,0.0,-118351000,119690000,918206000,5153000.0,156329000,0.0,0.0,0.0,48744000,22320000,0.0,-682375000,0.0,-200000000,-90597000,-4159000.0,0.0,0.0,0.0,137453000,347260000,156329000,-79354000,76975000,https://www.sec.gov/Archives/edgar/data/891024/000089102416000012/0000891024-16-000012-index.html,https://www.sec.gov/Archives/edgar/data/891024/000089102416000012/pdco430201610-k.htm
0,2015-04-25,PDCO,2015-06-24 00:00:00,2015-06-24 17:25:35,FY,223261000,44522999.99999999,460000.0,26485000,123340000,-38023000,-22654000,6769000.0,995540000,39810000,262691000,-62945000,-10515000,-47539000,0.0,91595000,-9599000.0,-250000000,7300000.0,-40239000,-81760000,221064000,-150935000,-19805000,82352000,347252000,264900000,262691000,-60662000,202029000,https://www.sec.gov/Archives/edgar/data/891024/000119312515233555/0001193125-15-233555-index.html,https://www.sec.gov/Archives/edgar/data/891024/000119312515233555/d918864d10k.htm
0,2014-04-26,PDCO,2014-06-25 00:00:00,2014-06-25 12:46:39,FY,200600000,42400000.00000001,5500000.0,20018000,-40600000,-50756000,-36019000,12345000,872200000,36500000,195800000,-40387000,-145815000,-96486000,0.0,6733000.0,-283800000,108374000,20217000,-76300000,-85700000,1725000.0,-160200000,7800000.0,-240300000,264900000,505200000,195800000,-34000000,161800000,https://www.sec.gov/Archives/edgar/data/891024/000119312514248644/0001193125-14-248644-index.html,https://www.sec.gov/Archives/edgar/data/891024/000119312514248644/d717337d10k.htm
0,2013-04-27,PDCO,2013-06-26 00:00:00,2013-06-26 15:38:27,FY,210300000,46000000,7000000.0,14625000,38900000,17226000,-39096000,41347000,912800000,33800000,299200000,-21983000,-14650000,-179525000,0.0,179508000,-30000000,-125000000,13131000,-166400000,-43800000,4063000.0,-331100000,-6600000.0,-68600000,505100000,573700000,299200000,-22000000,277200000,https://www.sec.gov/Archives/edgar/data/891024/000119312513272374/0001193125-13-272374-index.html,https://www.sec.gov/Archives/edgar/data/891024/000119312513272374/d516998d10k.htm
0,2012-04-28,PDCO,2012-06-27,2012-06-27 17:20:20,FY,212800000,42300000,100000.0,12615000,10622000,468000.0,16859000,-6847000.0,873900000,14400000,321200000,-29650000,-22620000,-362379000,0.0,362379000,-52300000,81959000,13621000,-348800000,-54700000,325440000,-78100000,-5700000.0,185100000,497600000,312500000,321200000,-29700000,291500000,https://www.sec.gov/Archives/edgar/data/891024/000119312512285752/d336400d10k.htm,https://www.sec.gov/Archives/edgar/data/891024/000119312512285752/d336400d10k.htm
0,2011-04-30,PDCO,2011-06-29 00:00:00,2011-06-29 16:09:14,FY,225385000,41339000,17170000,10481000,77878000,0.0,-26639000,9664000.0,863278000,225385000,262612000,0.0,0.0,0.0,0.0,-36822000,0.0,0.0,11940000,-97153000,-49992000,1983000.0,0.0,0.0,0.0,388665000,340591000,262612000,-36822000,225790000,https://www.sec.gov/Archives/edgar/data/891024/000119312511177283/0001193125-11-177283-index.html,https://www.sec.gov/Archives/edgar/data/891024/000119312511177283/d10k.htm
0,2010-04-24,PDCO,2010-06-23 00:00:00,2010-06-23 16:04:43,FY,212300000,39500000,300000.0,8826000.0,182100000,24185000,-12090000,9215000.0,785400000,13000000,265500000,-29804000,-29804000,0.0,0.0,0.0,-83500000,139504000,0.0,12200000,-11900000,0.0,-20000000,20500000,182500000,334700000,152200000,265500000,-29800000,235700000,https://www.sec.gov/Archives/edgar/data/891024/000119312510144960/0001193125-10-144960-index.html,https://www.sec.gov/Archives/edgar/data/891024/000119312510144960/d10k.htm
0,2009-04-25,PDCO,2009-06-24 00:00:00,2009-06-24 16:15:09,FY,199600000,30400000,9800000.0,7730000.0,84400000,-90908000,24161000,-35610000,603300000,11600000,124000000,-32318000,-32318000,0.0,0.0,0.0,-157100000,-130034000,0.0,12200000,0.0,0.0,-93600000,-23400000,-150100000,42500000,192600000,124000000,-32300000,91700000,https://www.sec.gov/Archives/edgar/data/891024/000119312509136664/0001193125-09-136664-index.html,https://www.sec.gov/Archives/edgar/data/891024/000119312509136664/d10k.htm
0,2008-04-26,PDCO,2008-06-25 00:00:00,2008-06-25 16:13:06,FY,224900000,26300000,13100000,7723000.0,9900000.0,-3282000.0,-27036000,9231000.0,518900000,10500000,265400000,-35991000,-35991000,0.0,0.0,0.0,-58700000,-50024000,0.0,-623000000,0.0,0.0,-147200000,6900000.0,66400000,308200000,241800000,265400000,-36000000,229400000,https://www.sec.gov/Archives/edgar/data/891024/000119312508140218/0001193125-08-140218-index.html,https://www.sec.gov/Archives/edgar/data/891024/000119312508140218/d10k.htm
0,2007-04-28,PDCO,2007-06-27 00:00:00,2007-06-27 16:27:00,FY,208300000,25500000,100000.0,7757000.0,71200000,-12246000,-3817000.0,7739000.0,509000000,9100000.0,243500000,-19507000,-19507000,0.0,0.0,0.0,-23000000,-120017000,0.0,19200000,0.0,0.0,-204000000,900000.0,17400000,241800000,224400000,243500000,-19500000,224000000,https://www.sec.gov/Archives/edgar/data/891024/000119312507144264/0001193125-07-144264-index.html,https://www.sec.gov/Archives/edgar/data/891024/000119312507144264/d10k.htm
0,2006-04-29,PDCO,2006-07-13,2006-07-13 15:30:18,FY,198400000,23700000,3900000.0,750000.0,-39949000,-24112000,-26539000,4562000.0,437800000,3500000.0,164000000,-49153000,-39228000,-21680000,0.0,0.0,-175000000,-20031000,0.0,20400000,0.0,0.0,1400000.0,1500000.0,-8200000.0,224300000,232500000,164000000,-149200000,14800000,https://www.sec.gov/Archives/edgar/data/891024/000119312506146127/d10k.htm,https://www.sec.gov/Archives/edgar/data/891024/000119312506146127/d10k.htm
0,2005-04-30,PDCO,2005-07-14,2005-07-14 10:03:37,FY,183698000,26862000,840000.0,0.0,-36651000,0.0,-22033000,0.0,477749000,0.0,207305000,0.0,0.0,-22141000,16777000,0.0,0.0,0.0,20223000,0.0,0.0,775000.0,0.0,0.0,0.0,232549000,287160000,207305000,-31533000,175772000,https://www.sec.gov/Archives/edgar/data/891024/000119312505141990/d10k.htm,https://www.sec.gov/Archives/edgar/data/891024/000119312505141990/d10k.htm
0,2004-04-24,PDCO,2004-07-08 00:00:00,2004-07-08 15:49:38,FY,149500000,19400000,2800000.0,0.0,92300000,-4241000.0,-8468000.0,21585000,514400000,2300000.0,197700000,-19624000,0.0,14248000,0.0,0.0,-611800000,-8882000.0,0.0,14300000,0.0,0.0,505100000,900000.0,92000000,287200000,195200000,197700000,-19600000,178100000,https://www.sec.gov/Archives/edgar/data/891024/000119312504115571/0001193125-04-115571-index.html,https://www.sec.gov/Archives/edgar/data/891024/000119312504115571/d10k.htm
0,2003-04-26,PDCO,,,FY,116300000,12800000,1300000.0,0.0,90700000,-26200000,17200000,22100000,422100000,1400000.0,86700000,0.0,0.0,0.0,0.0,0.0,-14900000,0.0,0.0,-4100000.0,0.0,0.0,-3300000.0,600000.0,69200000,195200000,126000000,86700000,-11400000,75300000,,
0,2002-04-27,PDCO,,,FY,95300000,14300000,-2800000.0,0.0,21300000,-77800000,-38800000,-44300000,331400000,700000.0,89400000,0.0,0.0,0.0,0.0,0.0,-121200000,0.0,0.0,-2900000.0,0.0,0.0,-2400000.0,100000.0,-34000000,126000000,160000000,89400000,-11100000,78300000,,
0,2001-04-28,PDCO,,,FY,76500000,11100000,-1000000.0,0.0,71600000,-12200000,-10900000,-9200000.0,310100000,-100000.0,79100000,0.0,0.0,0.0,0.0,0.0,-33600000,0.0,0.0,1000000.0,0.0,0.0,1100000.0,-100000.0,46600000,160100000,113500000,79100000,-10000000,69100000,,
0,2000-04-29,PDCO,,,FY,64500000,10200000,-3100000.0,0.0,50600000,-19900000,-1100000.0,-12900000,238500000,400000.0,67900000,0.0,0.0,0.0,0.0,0.0,-32700000,0.0,0.0,-600000.0,0.0,0.0,-400000.0,-100000.0,34700000,113400000,78700000,67900000,-15400000,52500000,,
0,1999-04-24,PDCO,,,FY,49900000,9100000.000000002,-400000.0,0.0,54600000,-6200000.0,-9900000.0,-6500000.0,187900000,300000.0,51600000,0.0,0.0,0.0,0.0,0.0,-6200000.0,0.0,0.0,3700000.0,0.0,0.0,-2300000.0,0.0,43100000,78700000,35600000,51600000,-7100000.0,44500000,,
0,1998-04-25,PDCO,,,FY,40800000,8300000.0,700000.0,0.0,36400000,-11200000,-16300000,-12200000,133300000,200000.0,39000000,0.0,0.0,0.0,0.0,0.0,-5700000.0,0.0,0.0,2700000.0,0.0,0.0,-6400000.0,-300000.0,26500000,35600000,9100000.0,39000000,-6000000.0,33000000,,
0,1997-04-26,PDCO,,,FY,32600000,6200000.0,-100000.0,0.0,-15000000,-17900000,-16700000,-6000000.0,96900000,-500000.0,26400000,0.0,0.0,0.0,0.0,0.0,-66200000,0.0,0.0,1900000.0,0.0,0.0,2900000.0,-100000.0,-37000000,9100000.0,46100000,26400000,-5000000.0,21400000,,
