,date,symbol,fillingDate,acceptedDate,period,cashAndCashEquivalents,shortTermInvestments,cashAndShortTermInvestments,netReceivables,inventory,otherCurrentAssets,totalCurrentAssets,propertyPlantEquipmentNet,goodwill,intangibleAssets,goodwillAndIntangibleAssets,longTermInvestments,taxAssets,otherNonCurrentAssets,totalNonCurrentAssets,otherAssets,totalAssets,accountPayables,shortTermDebt,taxPayables,deferredRevenue,otherCurrentLiabilities,totalCurrentLiabilities,longTermDebt,deferredRevenueNonCurrent,deferredTaxLiabilitiesNonCurrent,otherNonCurrentLiabilities,totalNonCurrentLiabilities,otherLiabilities,totalLiabilities,commonStock,retainedEarnings,accumulatedOtherComprehensiveIncomeLoss,othertotalStockholdersEquity,totalStockholdersEquity,totalLiabilitiesAndStockholdersEquity,totalInvestments,totalDebt,netDebt,link,finalLink
0,2020-09-30,TCBK,2020-11-06,2020-11-06 17:20:37,Q3,71034000,0.0,71034000,0.0,0.0,0.0,71034000,0.0,220872000,19264000,240136000,0.0,0.0,0.0,240136000,7138629000,7449799000,0.0,0.0,0.0,0.0,0.0,0.0,0.0,0.0,0.0,0.0,0.0,0.0,6547537000,531075000,365611000,5576000.0,0.0,902262000,7449799000,0.0,1511180000,1440146000,https://www.sec.gov/Archives/edgar/data/356171/000035617120000084/0000356171-20-000084-index.htm,https://www.sec.gov/Archives/edgar/data/356171/000035617120000084/tcbk-20200930.htm
0,2020-06-30,TCBK,2020-08-10,2020-08-10 12:57:17,Q2,705852000,0.0,78666000,0.0,0.0,0.0,78666000,116897000,220872000,20694000,20694000,0.0,0.0,0.0,936273000,7039839000,7360071000,1734000.0,0.0,0.0,0.0,0.0,6416963000,57422000,0.0,0.0,98684000,57422000,98684000,6474385000,530422000,354645000,619000.0,-5569000.0,885686000,7360071000,1115534000,95966000,-705852000,https://www.sec.gov/Archives/edgar/data/356171/000035617120000074/0000356171-20-000074-index.htm,https://www.sec.gov/Archives/edgar/data/356171/000035617120000074/tcbk-20200630.htm
0,2020-03-31,TCBK,2020-05-11,2020-05-11 16:24:49,Q1,95364000,0.0,95364000,0.0,0.0,0.0,95364000,116525000,220872000,22126000,22126000,0.0,0.0,0.0,242998000,6135947000,6474309000,1986000.0,0.0,0.0,0.0,0.0,5550560000,57323000,0.0,0.0,96560000,57323000,96560000,5607883000,534623000,356935000,-25132000,-6696000.0,866426000,6474309000,0.0,76632000,321729000,https://www.sec.gov/Archives/edgar/data/356171/000035617120000048/0000356171-20-000048-index.htm,https://www.sec.gov/Archives/edgar/data/356171/000035617120000048/tcbk-20200331.htm
0,2019-12-31,TCBK,2020-03-02,2020-03-02 16:55:47,Q4,276507000,0.0,92816000,0.0,0.0,0.0,92816000,114965000,220872000,23557000,23557000,0.0,0.0,0.0,6172817000,6133936000,6471181000,2407000.0,0.0,0.0,0.0,0.0,5507379000,57232000,0.0,27111000,91984000,57232000,91984000,5564611000,543998000,367794000,-5222000.0,-7608000.0,906570000,6471181000,120783000,75686000,-276507000,https://www.sec.gov/Archives/edgar/data/356171/000035617120000021/0000356171-20-000021-index.htm,https://www.sec.gov/Archives/edgar/data/356171/000035617120000021/tcbk-20191231.htm
0,2019-09-30,TCBK,2019-11-08,2019-11-08 17:04:08,Q3,259047000,0.0,118960000,0.0,0.0,0.0,118960000,116381000,220872000,24988000,24988000,0.0,0.0,0.0,6122862000,6020063000,6384883000,2847000.0,0.0,0.0,0.0,0.0,5431038000,57180000,0.0,0.0,87867000,57180000,87867000,5488218000,543415000,351751000,1499000.0,-3106000.0,896665000,6384883000,120062000,73603000,-259047000,https://www.sec.gov/Archives/edgar/data/356171/000162828019013846/0001628280-19-013846-index.htm,https://www.sec.gov/Archives/edgar/data/356171/000162828019013846/tcbk-20190930.htm
0,2019-06-30,TCBK,2019-08-09,2019-08-09 06:15:09,Q2,175582000,0.0,106939000,0.0,0.0,0.0,106939000,118564000,220972000,26418000,26418000,0.0,0.0,0.0,6216638000,6040843000,6395172000,2665000.0,0.0,0.0,0.0,0.0,5462154000,57132000,0.0,0.0,74590000,57132000,74590000,5519286000,542939000,335145000,-2198000.0,-3106000.0,875886000,6395172000,119558000,70424000,-175582000,https://www.sec.gov/Archives/edgar/data/356171/000119312519217370/0001193125-19-217370-index.htm,https://www.sec.gov/Archives/edgar/data/356171/000119312519217370/d750536d10q.htm
0,2019-03-31,TCBK,2019-05-09,2019-05-09 16:44:42,Q1,318708000,0.0,105103000,0.0,0.0,0.0,105103000,120217000,220972000,27849000,27849000,0.0,0.0,0.0,6150234000,6117928000,6471852000,2195000.0,0.0,0.0,0.0,0.0,5561489000,57085000,0.0,0.0,86362000,57085000,86362000,5618574000,542340000,319865000,-8927000.0,-3106000.0,853278000,6471852000,120751000,69551000,-318708000,https://www.sec.gov/Archives/edgar/data/356171/000119312519143067/0001193125-19-143067-index.htm,https://www.sec.gov/Archives/edgar/data/356171/000119312519143067/d723347d10q.htm
0,2018-12-31,TCBK,2019-03-01,2019-03-01 17:02:45,Q4,227533000,0.0,119781000,0.0,0.0,0.0,119781000,89347000,220972000,36378000,36378000,0.0,0.0,0.0,6122034000,5982408000,6352441000,1997000.0,0.0,0.0,0.0,0.0,5468026000,57042000,0.0,19662000,83724000,57042000,83724000,5525068000,541762000,303490000,-17879000,-3106000.0,827373000,6352441000,120192000,72881000,-227533000,https://www.sec.gov/Archives/edgar/data/356171/000119312519061167/0001193125-19-061167-index.htm,https://www.sec.gov/Archives/edgar/data/356171/000119312519061167/d701182d10k.htm
0,2018-09-30,TCBK,2018-11-09,2018-11-09 17:16:58,Q3,226543000,0.0,109363000,0.0,0.0,0.0,109363000,89300000,220972000,38600000,38600000,0.0,0.0,32000000,6089476000,32000000,6318900000,1700000.0,0.0,0.0,1978000.0,0.0,5459800000,57000000,0.0,31963000,63600000,57000000,63600000,5516800000,541500000,287600000,-27000000,-3700000.0,802100000,6318900000,119442000,339800000,-226543000,https://www.sec.gov/Archives/edgar/data/356171/000119312518323899/0001193125-18-323899-index.htm,https://www.sec.gov/Archives/edgar/data/356171/000119312518323899/d644545d10q.htm
0,2018-06-30,TCBK,2018-08-09,2018-08-09 16:47:58,Q2,184062000,0.0,94661000,0.0,0.0,0.0,94661000,59000000,64311000,12300000,12300000,0.0,0.0,27700000,4676223000,27700000,4863200000,1200000.0,0.0,0.0,1449000.0,0.0,4293800000,57000000,0.0,1267000.0,50700000,57000000,50700000,4350800000,256600000,276900000,-21200000,-3800000.0,512300000,4863200000,101915000,73800000,-19062000,https://www.sec.gov/Archives/edgar/data/356171/000119312518244470/0001193125-18-244470-index.htm,https://www.sec.gov/Archives/edgar/data/356171/000119312518244470/d601701d10q.htm
0,2018-03-31,TCBK,2018-05-10,2018-05-09 18:02:39,Q1,182979000,0.0,87138000,0.0,0.0,0.0,87138000,58600000,64311000,12700000,12700000,0.0,0.0,26300000,3861083000,26300000,4780000000,1000000.0,0.0,0.0,1077000.0,0.0,4217800000,56900000,0.0,5243000.0,55400000,56900000,55400000,4274700000,256200000,266200000,-17200000,-3800000.0,505300000,4780000000,834286000,73900000,-182979000,https://www.sec.gov/Archives/edgar/data/356171/000119312518157782/0001193125-18-157782-index.htm,https://www.sec.gov/Archives/edgar/data/356171/000119312518157782/d579384d10q.htm
0,2017-12-31,TCBK,2018-03-01,2018-03-01 16:48:11,Q4,205428000,0.0,105968000,0.0,0.0,0.0,105968000,57700000,64311000,13000000,13000000,0.0,0.0,21700000,3825004000,21700000,4761300000,900000.0,0.0,60000.0,1228000.0,0.0,4198600000,56900000,0.0,8411000.0,53200000,56900000,53200000,4255500000,255800000,255200000,-5200000.0,-2800000.0,505800000,4761300000,828666000,74300000,-205428000,https://www.sec.gov/Archives/edgar/data/356171/000119312518067418/0001193125-18-067418-index.htm,https://www.sec.gov/Archives/edgar/data/356171/000119312518067418/d504131d10k.htm
0,2017-09-30,TCBK,2017-11-09,2017-11-09 16:48:08,Q3,188034000,0.0,86815000,0.0,0.0,0.0,86815000,55000000,64311000,13500000,13500000,0.0,0.0,33100000,3790165000,33100000,4656400000,900000.0,0.0,0.0,1759000.0,0.0,4092900000,56800000,0.0,33091000,53200000,56800000,53200000,4149700000,255200000,256100000,-4600000.0,-2600000.0,506700000,4656400000,775378000,69800000,-188034000,https://www.sec.gov/Archives/edgar/data/356171/000119312517338905/0001193125-17-338905-index.htm,https://www.sec.gov/Archives/edgar/data/356171/000119312517338905/d462226d10q.htm
0,2017-06-30,TCBK,2017-08-09,2017-08-09 17:03:59,Q2,167649000,0.0,86638000,0.0,0.0,0.0,86638000,51600000,64311000,14000000,14000000,0.0,0.0,33100000,3679717000,33100000,4519900000,800000.0,0.0,0.0,1932000.0,0.0,3964200000,56800000,0.0,33122000,51500000,56800000,51500000,4021000000,254800000,248600000,-4500000.0,-2700000.0,498900000,4519900000,768979000,73100000,-167649000,https://www.sec.gov/Archives/edgar/data/356171/000119312517252918/0001193125-17-252918-index.htm,https://www.sec.gov/Archives/edgar/data/356171/000119312517252918/d419536d10q.htm
0,2017-03-31,TCBK,2017-05-10,2017-05-10 16:52:40,Q1,323706000,0.0,113569000,0.0,0.0,0.0,113569000,49500000,64311000,14900000,14900000,0.0,0.0,35800000,3632529000,35800000,4528000000,800000.0,0.0,0.0,0.0,500000.0,3984500000,56700000,0.0,546000.0,55700000,56700000,55700000,4041200000,253500000,240700000,-7400000.0,-2700000.0,486700000,4528000000,667502000,71900000,-323706000,https://www.sec.gov/Archives/edgar/data/356171/000119312517166024/0001193125-17-166024-index.htm,https://www.sec.gov/Archives/edgar/data/356171/000119312517166024/d383666d10q.htm
0,2016-12-31,TCBK,2017-03-15,2017-03-14 19:05:18,Q4,305612000,0.0,92197000,0.0,0.0,0.0,92197000,48400000,64311000,15200000,15200000,0.0,0.0,36200000,3662123000,36200000,4518000000,800000.0,0.0,114000.0,726000.0,0.0,3983900000,56700000,0.0,12788000,57900000,56700000,57900000,4040600000,252800000,232400000,-7900000.0,-2800000.0,477300000,4518000000,646145000,74200000,-305612000,https://www.sec.gov/Archives/edgar/data/356171/000119312517082290/0001193125-17-082290-index.htm,https://www.sec.gov/Archives/edgar/data/356171/000119312517082290/d292524d10k.htm
0,2016-09-30,TCBK,2016-11-09,2016-11-09 17:06:12,Q3,315088000,0.0,82610000,0.0,0.0,0.0,82610000,49400000,64311000,15200000,15200000,0.0,0.0,30900000,3631015000,30900000,4467100000,800000.0,0.0,0.0,791000.0,2000000.0,3928600000,56600000,0.0,1987000.0,59100000,56600000,59100000,3985200000,250300000,226600000,5000000.0,-2800000.0,481900000,4467100000,605490000,75900000,-315088000,https://www.sec.gov/Archives/edgar/data/356171/000119312516764498/0001193125-16-764498-index.htm,https://www.sec.gov/Archives/edgar/data/356171/000119312516764498/d259313d10q.htm
0,2016-06-30,TCBK,2016-08-09,2016-08-09 16:58:06,Q2,216786000,0.0,88157000,0.0,0.0,0.0,88157000,51700000,64311000,16200000,16200000,0.0,0.0,30100000,3595087000,30100000,4352500000,700000.0,0.0,0.0,791000.0,0.0,3822000000,56600000,0.0,30115000,49900000,56600000,49900000,3878600000,249900000,217900000,6100000.0,-2900000.0,473900000,4352500000,623589000,76000000,-216786000,https://www.sec.gov/Archives/edgar/data/356171/000119312516676887/0001193125-16-676887-index.htm,https://www.sec.gov/Archives/edgar/data/356171/000119312516676887/d206398d10q.htm
0,2016-03-31,TCBK,2016-05-10,2016-05-10 16:33:21,Q1,388878000,0.0,76702000,0.0,0.0,0.0,76702000,51500000,64311000,16700000,16700000,0.0,0.0,33800000,3517549000,33800000,4395000000,800000.0,0.0,0.0,1067000.0,5500000.0,3875000000,56500000,0.0,5494000.0,55100000,56500000,55100000,3931500000,248100000,213600000,1800000.0,-3000000.0,463400000,4395000000,572710000,75200000,-388878000,https://www.sec.gov/Archives/edgar/data/356171/000119312516585655/0001193125-16-585655-index.htm,https://www.sec.gov/Archives/edgar/data/356171/000119312516585655/d191049d10q.htm
0,2015-12-31,TCBK,2016-03-10,2016-03-10 16:32:58,Q4,303461000,0.0,94305000,0.0,0.0,0.0,94305000,43800000,63462000,14800000,14800000,0.0,0.0,36400000,3501590000,36400000,4220700000,800000.0,0.0,168000.0,1082000.0,0.0,3712100000,56500000,0.0,14014000,67800000,56500000,67800000,3768600000,247600000,206300000,-1800000.0,-3000000.0,452100000,4220700000,499445000,68800000,-303461000,https://www.sec.gov/Archives/edgar/data/356171/000119312516500193/0001193125-16-500193-index.htm,https://www.sec.gov/Archives/edgar/data/356171/000119312516500193/d38027d10k.htm
0,2015-09-30,TCBK,2015-11-09,2015-11-09 16:49:33,Q3,209298000,0.0,84306000,0.0,0.0,0.0,84306000,42300000,63462000,14600000,14600000,0.0,0.0,36400000,3472757000,36400000,4021600000,800000.0,0.0,0.0,1341000.0,0.0,3521900000,56400000,0.0,2276000.0,56300000,56400000,56300000,3578300000,246300000,199300000,-2300000.0,-4200000.0,443300000,4021600000,423819000,63300000,-209298000,https://www.sec.gov/Archives/edgar/data/356171/000119312515372055/0001193125-15-372055-index.htm,https://www.sec.gov/Archives/edgar/data/356171/000119312515372055/d34940d10q.htm
0,2015-06-30,TCBK,2015-08-10,2015-08-10 17:03:57,Q2,169503000,0.0,92234000,0.0,0.0,0.0,92234000,42100000,63462000,15500000,15500000,0.0,0.0,38900000,3429858000,38900000,3893900000,800000.0,0.0,0.0,0.0,0.0,3406300000,56400000,0.0,38901000,57100000,56400000,57100000,3462700000,246000000,189900000,-4700000.0,-4300000.0,431100000,3893900000,378117000,63100000,-169503000,https://www.sec.gov/Archives/edgar/data/356171/000119312515285051/0001193125-15-285051-index.htm,https://www.sec.gov/Archives/edgar/data/356171/000119312515285051/d86026d10q.htm
0,2015-03-31,TCBK,2015-05-11,2015-05-11 16:50:17,Q1,281228000,0.0,84682000,0.0,0.0,0.0,84682000,42800000,63462000,15000000,15000000,0.0,0.0,37000000,3379712000,37000000,3895900000,900000.0,0.0,0.0,0.0,0.0,3414700000,56300000,0.0,36994000,55300000,56300000,55300000,3471000000,245300000,181600000,-2000000.0,-4400000.0,424800000,3895900000,318138000,65400000,-281228000,https://www.sec.gov/Archives/edgar/data/356171/000119312515182119/0001193125-15-182119-index.htm,https://www.sec.gov/Archives/edgar/data/356171/000119312515182119/d916188d10q.htm
0,2014-12-31,TCBK,2015-03-13,2015-03-13 17:29:52,Q4,610728000,0.0,93150000,0.0,0.0,0.0,93150000,43500000,63462000,15800000,15800000,0.0,0.0,37700000,3213250000,37700000,3916500000,1000000.0,0.0,227000.0,0.0,0.0,3442000000,56300000,0.0,15625000,51300000,56300000,51300000,3498300000,244300000,176100000,-2200000.0,-4500000.0,418200000,3916500000,175542000,65500000,-610728000,https://www.sec.gov/Archives/edgar/data/356171/000119312515091504/0001193125-15-091504-index.htm,https://www.sec.gov/Archives/edgar/data/356171/000119312515091504/d852812d10k.htm
0,2014-09-30,TCBK,2014-11-07,2014-11-07 16:57:40,Q3,369679000,0.0,74476000,0.0,0.0,0.0,74476000,32200000,15519000,7900000.0,7900000.0,0.0,0.0,28000000,2333440000,28000000,2794900000,800000.0,0.0,0.0,0.0,0.0,2486400000,41200000,0.0,27957000,35600000,41200000,35600000,2527600000,92700000,172900000,1800000.0,-600000.0,267400000,2794900000,138558000,53900000,-369679000,https://www.sec.gov/Archives/edgar/data/356171/000119312514403594/0001193125-14-403594-index.htm,https://www.sec.gov/Archives/edgar/data/356171/000119312514403594/d800920d10q.htm
0,2014-06-30,TCBK,2014-08-08,2014-08-08 17:01:57,Q2,344383000,0.0,76104000,0.0,0.0,0.0,76104000,31900000,15519000,7900000.0,7900000.0,0.0,0.0,27700000,2281576000,27700000,2724500000,800000.0,0.0,0.0,0.0,0.0,2422300000,41200000,0.0,27687000,30200000,41200000,30200000,2463500000,92300000,166400000,2200000.0,-600000.0,260900000,2724500000,144620000,47300000,-344383000,https://www.sec.gov/Archives/edgar/data/356171/000119312514303282/0001193125-14-303282-index.htm,https://www.sec.gov/Archives/edgar/data/356171/000119312514303282/d752325d10q.htm
0,2014-03-31,TCBK,2014-05-09,2014-05-09 16:52:04,Q1,502251000,0.0,67622000,0.0,0.0,0.0,67622000,32000000,15519000,8300000.0,8300000.0,0.0,0.0,28000000,2148974000,28000000,2755200000,900000.0,0.0,0.0,0.0,0.0,2457000000,41200000,0.0,27970000,38300000,41200000,38300000,2498200000,91800000,163400000,1800000.0,-600000.0,257000000,2755200000,149975000,48000000,-502251000,https://www.sec.gov/Archives/edgar/data/356171/000119312514192652/0001193125-14-192652-index.htm,https://www.sec.gov/Archives/edgar/data/356171/000119312514192652/d711586d10q.htm
0,2013-12-31,TCBK,2014-03-07,2014-03-06 20:37:13,Q4,598368000,0.0,76915000,0.0,0.0,0.0,76915000,31600000,15519000,8400000.0,8400000.0,0.0,0.0,26800000,2034535000,26800000,2744100000,900000.0,0.0,0.0,0.0,0.0,2451900000,41200000,0.0,7078000.0,34100000,41200000,34100000,2493100000,89400000,159700000,1800000.0,-600000.0,250900000,2744100000,156956000,47600000,-598368000,https://www.sec.gov/Archives/edgar/data/356171/000119312514087215/0001193125-14-087215-index.htm,https://www.sec.gov/Archives/edgar/data/356171/000119312514087215/d657439d10k.htm
0,2013-09-30,TCBK,2013-11-08,2013-11-08 16:32:45,Q3,541150000,0.0,69173000,0.0,0.0,0.0,69173000,31200000,15519000,8300000.0,8300000.0,0.0,0.0,29000000,1969291000,29000000,2632100000,900000.0,0.0,0.0,0.0,0.0,2345500000,41200000,0.0,29046000,36500000,41200000,36500000,2386700000,89100000,156300000,200000.0,-2700000.0,245500000,2632100000,167134000,55900000,-541150000,https://www.sec.gov/Archives/edgar/data/356171/000119312513435322/0001193125-13-435322-index.htm,https://www.sec.gov/Archives/edgar/data/356171/000119312513435322/d598278d10q.htm
0,2013-06-30,TCBK,2013-08-09,2013-08-09 16:31:06,Q2,592155000,0.0,71442000,0.0,0.0,0.0,71442000,31200000,15519000,7900000.0,7900000.0,0.0,0.0,29200000,1860918000,29200000,2587900000,900000.0,0.0,0.0,0.0,0.0,2307400000,41200000,0.0,29157000,33100000,41200000,33100000,2348600000,88500000,150800000,100000.0,-2700000.0,239300000,2587900000,178907000,47800000,-592155000,https://www.sec.gov/Archives/edgar/data/356171/000119312513329248/0001193125-13-329248-index.htm,https://www.sec.gov/Archives/edgar/data/356171/000119312513329248/d554381d10q.htm
0,2013-03-31,TCBK,2013-05-10,2013-05-10 16:49:17,Q1,802271000,0.0,70023000,0.0,0.0,0.0,70023000,29500000,15519000,7500000.0,7500000.0,0.0,0.0,28100000,1658507000,28100000,2612400000,1000000.0,0.0,0.0,0.0,0.0,2335200000,41200000,0.0,28098000,40500000,41200000,40500000,2376400000,86000000,148500000,1600000.0,-2700000.0,236000000,2612400000,195462000,49400000,-781652000,https://www.sec.gov/Archives/edgar/data/356171/000119312513214416/0001193125-13-214416-index.htm,https://www.sec.gov/Archives/edgar/data/356171/000119312513214416/d516598d10q.htm
0,2012-12-31,TCBK,2013-03-18,2013-03-18 17:03:17,Q4,748899000,0.0,81086000,0.0,0.0,0.0,81086000,27000000,15519000,7200000.0,7200000.0,0.0,0.0,28900000,1690707000,28900000,2609300000,1000000.0,0.0,0.0,0.0,0.0,2329500000,50400000,0.0,8773000.0,38700000,50400000,38700000,2379900000,85600000,141600000,2200000.0,-2700000.0,229400000,2609300000,213609000,50400000,-728280000,https://www.sec.gov/Archives/edgar/data/356171/000119312513112752/0001193125-13-112752-index.htm,https://www.sec.gov/Archives/edgar/data/356171/000119312513112752/d444941d10k.htm
0,2012-09-30,TCBK,2012-11-09,2012-11-09 17:26:11,Q3,622494000,0.0,64024000,0.0,0.0,0.0,64024000,24100000,15519000,7400000.0,7400000.0,0.0,0.0,27000000,1701917000,27000000,2515500000,1100000.0,0.0,0.0,0.0,0.0,2237800000,50500000,0.0,26974000,32900000,50500000,32900000,2288300000,85100000,138500000,3600000.0,-2300000.0,227200000,2515500000,234174000,50500000,-601875000,https://www.sec.gov/Archives/edgar/data/356171/000119312512463716/0001193125-12-463716-index.htm,https://www.sec.gov/Archives/edgar/data/356171/000119312512463716/d398565d10q.htm
0,2012-06-30,TCBK,2012-08-09,2012-08-09 16:32:26,Q2,644102000,0.0,67617000,0.0,0.0,0.0,67617000,22600000,15519000,7700000.0,7700000.0,0.0,0.0,27000000,1671122000,27000000,2525600000,1400000.0,0.0,0.0,0.0,0.0,2200300000,102100000,0.0,27045000,33100000,102100000,33100000,2302400000,84800000,134900000,3500000.0,-2300000.0,223200000,2525600000,253141000,102100000,-573483000,https://www.sec.gov/Archives/edgar/data/356171/000119312512347670/0001193125-12-347670-index.htm,https://www.sec.gov/Archives/edgar/data/356171/000119312512347670/d369714d10q.htm
0,2012-03-31,TCBK,2012-05-10,2012-05-10 16:33:01,Q1,74542000,0.0,74542000,0.0,0.0,0.0,74542000,19800000,15519000,7900000.0,7900000.0,0.0,0.0,27000000,16767000,27000000,2532900000,1600000.0,0.0,0.0,0.0,0.0,2214600000,99300000,0.0,0.0,32200000,99300000,32200000,2313900000,84300000,131000000,3700000.0,-2300000.0,219000000,2532900000,0.0,99300000,-33304000,https://www.sec.gov/Archives/edgar/data/356171/000119312512225703/0001193125-12-225703-index.htm,https://www.sec.gov/Archives/edgar/data/356171/000119312512225703/d349874d10q.htm
0,2011-12-31,TCBK,2012-03-14,2012-03-13 18:30:58,Q4,73652000,0.0,73652000,0.0,0.0,0.0,73652000,19900000,15519000,7400000.0,7400000.0,0.0,0.0,27800000,16820000,27800000,2555600000,1700000.0,0.0,0.0,0.0,0.0,2225400000,113800000,0.0,0.0,33200000,113800000,33200000,2339200000,84100000,128600000,3800000.0,-2300000.0,216400000,2555600000,0.0,113800000,-32414000,https://www.sec.gov/Archives/edgar/data/356171/000119312512112601/0001193125-12-112601-index.htm,https://www.sec.gov/Archives/edgar/data/356171/000119312512112601/d312050d10k.htm
0,2011-09-30,TCBK,2011-11-14,2011-11-14 16:47:22,Q3,80259000,0.0,80259000,0.0,0.0,0.0,80259000,19700000,15519000,6600000.0,6600000.0,0.0,0.0,26100000,16872000,26100000,2488500000,1800000.0,0.0,0.0,0.0,0.0,2153400000,124200000,0.0,0.0,31400000,124200000,31400000,2277600000,83900000,123400000,7000000.0,3500000.0,210800000,2488500000,0.0,124200000,-39021000,https://www.sec.gov/Archives/edgar/data/356171/000119312511311169/0001193125-11-311169-index.htm,https://www.sec.gov/Archives/edgar/data/356171/000119312511311169/d253554d10q.htm
0,2011-06-30,TCBK,2011-08-09,2011-08-09 16:05:23,Q2,52874000,0.0,52874000,0.0,0.0,0.0,52874000,20100000,15519000,6300000.0,6300000.0,0.0,0.0,26800000,15994000,26800000,2176200000,1900000.0,0.0,0.0,0.0,0.0,1920800000,50500000,0.0,0.0,32200000,50500000,32200000,1971300000,83900000,118400000,5200000.0,2600000.0,204900000,2176200000,0.0,100500000,-11636000,https://www.sec.gov/Archives/edgar/data/356171/000095012311075079/0000950123-11-075079-index.htm,https://www.sec.gov/Archives/edgar/data/356171/000095012311075079/f59632e10vq.htm
0,2011-03-31,TCBK,2011-05-10,2011-05-10 17:01:16,Q1,54527000,0.0,54527000,0.0,0.0,0.0,54527000,18600000,15519000,6400000.0,6400000.0,0.0,0.0,27900000,16014000,27900000,2195700000,2000000.0,0.0,0.0,0.0,0.0,1944900000,49000000,0.0,0.0,33000000,49000000,33000000,1993900000,81800000,118900000,2200000.0,1100000.0,201800000,2195700000,0.0,99000000,-13289000,https://www.sec.gov/Archives/edgar/data/356171/000095012311048414/0000950123-11-048414-index.htm,https://www.sec.gov/Archives/edgar/data/356171/000095012311048414/f59161e10vq.htm
0,2010-12-31,TCBK,2011-03-11,2011-03-11 16:25:00,Q4,57254000,0.0,57254000,0.0,0.0,0.0,57254000,19100000,15519000,11100000,11100000,0.0,0.0,28000000,16099000,28000000,2189800000,2200000.0,0.0,0.0,0.0,0.0,1886100000,103300000,0.0,0.0,31800000,103300000,31800000,1989400000,81600000,117500000,2600000.0,1300000.0,200400000,2189800000,0.0,103300000,-16016000,https://www.sec.gov/Archives/edgar/data/356171/000095012311024763/0000950123-11-024763-index.htm,https://www.sec.gov/Archives/edgar/data/356171/000095012311024763/f58664e10vk.htm
0,2010-09-30,TCBK,2010-11-10,2010-11-09 19:16:48,Q3,47930000,0.0,47930000,0.0,0.0,0.0,47930000,18900000,15519000,4600000.0,4600000.0,0.0,0.0,0.0,16184000,2165504000,2229600000,2400000.0,0.0,0.0,0.0,0.0,1920500000,108400000,0.0,0.0,29600000,108400000,29600000,2028900000,0.0,115834000,401400000,200700000,200700000,2229600000,0.0,108400000,-6692000.0,https://www.sec.gov/Archives/edgar/data/356171/000095012310103466/0000950123-10-103466-index.htm,https://www.sec.gov/Archives/edgar/data/356171/000095012310103466/f57271e10vq.htm
0,2010-06-30,TCBK,2010-08-11,2010-08-11 06:01:02,Q2,49544000,0.0,49544000,0.0,0.0,0.0,49544000,19000000,15519000,4800000.0,4800000.0,0.0,0.0,0.0,16269000,2158832000,2224600000,2500000.0,0.0,0.0,0.0,0.0,1920500000,101700000,0.0,0.0,28100000,101700000,28100000,2022200000,0.0,117261000,404800000,202400000,202400000,2224600000,0.0,101700000,-8306000.0,https://www.sec.gov/Archives/edgar/data/356171/000095012310075844/0000950123-10-075844-index.htm,https://www.sec.gov/Archives/edgar/data/356171/000095012310075844/f56639e10vq.htm
0,2010-03-31,TCBK,2010-05-10,2010-05-10 11:49:20,Q1,46348000,0.0,46348000,0.0,0.0,0.0,46348000,19200000,15519000,4600000.0,4600000.0,0.0,0.0,0.0,15779000,2107460000,2169600000,3100000.0,0.0,0.0,0.0,0.0,1867100000,102200000,0.0,0.0,30800000,102200000,30800000,1969300000,0.0,117368000,400600000,200300000,200300000,2169600000,0.0,102200000,-5110000.0,https://www.sec.gov/Archives/edgar/data/356171/000095012310046926/0000950123-10-046926-index.htm,https://www.sec.gov/Archives/edgar/data/356171/000095012310046926/f55703e10vq.htm
0,2009-12-31,TCBK,2010-03-11 00:00:00,2010-03-10 19:27:39,Q4,0.0,0.0,0.0,0.0,0.0,0.0,0.0,18700000,0.0,4400000.0,4400000.0,0.0,0.0,0.0,0.0,0.0,2170500000,3600000.0,0.0,0.0,0.0,0.0,1861900000,108000000,0.0,0.0,29800000,108000000,29800000,1969900000,79500000,118900000,4600000.0,2300000.0,200600000,2170500000,0.0,108000000,0.0,https://www.sec.gov/Archives/edgar/data/356171/000035617110000004/0000356171-10-000004-index.html,https://www.sec.gov/Archives/edgar/data/356171/000035617110000004/annualrpt2009.txt
0,2009-09-30,TCBK,2009-11-10 00:00:00,2009-11-09 21:09:28,Q3,0.0,0.0,0.0,0.0,0.0,0.0,0.0,18100000,0.0,400000.0,400000.0,0.0,0.0,0.0,0.0,0.0,2095700000,4100000.0,0.0,0.0,0.0,0.0,1786300000,107400000,0.0,0.0,30300000,107400000,30300000,1893700000,79400000,118600000,3900000.0,-1500000.0,201900000,2095700000,0.0,107400000,0.0,https://www.sec.gov/Archives/edgar/data/356171/000035617109000042/0000356171-09-000042-index.html,https://www.sec.gov/Archives/edgar/data/356171/000035617109000042/tcb10q0909.txt
0,2009-06-30,TCBK,2009-08-11 00:00:00,2009-08-10 18:15:01,Q2,0.0,0.0,0.0,0.0,0.0,0.0,0.0,18200000,0.0,500000.0,500000.0,0.0,0.0,0.0,0.0,0.0,2087800000,5100000.0,0.0,0.0,0.0,0.0,1772800000,115100000,0.0,0.0,30200000,115100000,30200000,1887900000,79300000,118400000,4600000.0,2300000.0,200000000,2087800000,0.0,115100000,0.0,https://www.sec.gov/Archives/edgar/data/356171/000035617109000029/0000356171-09-000029-index.html,https://www.sec.gov/Archives/edgar/data/356171/000035617109000029/tcb10q2q09.txt
0,2009-03-31,TCBK,2009-05-08 00:00:00,2009-05-08 17:10:09,Q1,0.0,0.0,0.0,0.0,0.0,0.0,0.0,18500000,0.0,500000.0,500000.0,0.0,0.0,0.0,0.0,0.0,2078400000,5800000.0,0.0,0.0,0.0,0.0,1760500000,117300000,0.0,0.0,28000000,117300000,28000000,1877800000,79100000,117900000,7000000.0,3500000.0,200500000,2078400000,0.0,117300000,0.0,https://www.sec.gov/Archives/edgar/data/356171/000035617109000018/0000356171-09-000018-index.html,https://www.sec.gov/Archives/edgar/data/356171/000035617109000018/tcb10q032009.txt
0,2008-12-31,TCBK,2009-03-13 00:00:00,2009-03-12 19:13:25,Q4,0.0,0.0,0.0,0.0,0.0,0.0,0.0,18800000,0.0,700000.0,700000.0,0.0,0.0,0.0,0.0,0.0,2043200000,6100000.0,0.0,0.0,0.0,0.0,1702100000,143200000,0.0,0.0,26600000,143200000,26600000,1845300000,78200000,117600000,4200000.0,2100000.0,197900000,2043200000,0.0,143200000,0.0,https://www.sec.gov/Archives/edgar/data/356171/000035617109000012/0000356171-09-000012-index.html,https://www.sec.gov/Archives/edgar/data/356171/000035617109000012/tcb10k2008.txt
0,2008-09-30,TCBK,2008-11-10 00:00:00,2008-11-07 18:04:34,Q3,0.0,0.0,0.0,0.0,0.0,0.0,0.0,19100000,0.0,800000.0,800000.0,0.0,0.0,0.0,0.0,0.0,1976500000,5200000.0,0.0,0.0,0.0,0.0,1664300000,121100000,0.0,0.0,28200000,121100000,28200000,1785400000,78000000,115500000,-5000000.0,-2500000.0,191100000,1976500000,0.0,188100000,0.0,https://www.sec.gov/Archives/edgar/data/356171/000035617108000025/0000356171-08-000025-index.html,https://www.sec.gov/Archives/edgar/data/356171/000035617108000025/tcb10q3q08.txt
0,2008-06-30,TCBK,2008-08-08 00:00:00,2008-08-07 18:32:42,Q2,0.0,0.0,0.0,0.0,0.0,0.0,0.0,19600000,0.0,900000.0,900000.0,0.0,0.0,0.0,0.0,0.0,1980500000,5100000.0,0.0,0.0,0.0,0.0,1667500000,126300000,0.0,0.0,27600000,126300000,27600000,1793800000,78300000,111400000,-6000000.0,-3000000.0,186700000,1980500000,0.0,250000000,0.0,https://www.sec.gov/Archives/edgar/data/356171/000035617108000018/0000356171-08-000018-index.html,https://www.sec.gov/Archives/edgar/data/356171/000035617108000018/tcb10q0608.txt
0,2008-03-31,TCBK,2008-05-09 00:00:00,2008-05-09 14:30:37,Q1,0.0,0.0,0.0,0.0,0.0,0.0,0.0,20100000,0.0,1100000.0,1100000.0,0.0,0.0,0.0,0.0,0.0,1999400000,6200000.0,0.0,0.0,0.0,0.0,1665100000,145000000,0.0,0.0,28100000,145000000,28100000,1810100000,78100000,111100000,0.0,0.0,189300000,1999400000,0.0,247300000,0.0,https://www.sec.gov/Archives/edgar/data/356171/000035617108000012/0000356171-08-000012-index.html,https://www.sec.gov/Archives/edgar/data/356171/000035617108000012/tcb10q0308.txt
0,2007-12-31,TCBK,,,Q4,0.0,0.0,0.0,0.0,0.0,0.0,0.0,20500000,0.0,1200000.0,1200000.0,0.0,0.0,0.0,0.0,0.0,1980600000,7900000.0,0.0,0.0,0.0,0.0,1707000000,84900000,0.0,0.0,25300000,84700000,25300000,1791700000,78800000,111700000,-3200000.0,-1600000.0,188900000,1980600000,0.0,190900000,0.0,,
0,2007-09-30,TCBK,2007-11-08 00:00:00,2007-11-08 17:14:13,Q3,0.0,0.0,0.0,0.0,0.0,0.0,0.0,20800000,0.0,1300000.0,1300000.0,0.0,0.0,0.0,0.0,0.0,1953500000,6900000.0,0.0,0.0,0.0,0.0,1629600000,141200000,0.0,0.0,24500000,141200000,24500000,1770800000,78300000,108000000,-7200000.0,-3600000.0,182700000,1953500000,0.0,207200000,0.0,https://www.sec.gov/Archives/edgar/data/356171/000035617107000034/0000356171-07-000034-index.html,https://www.sec.gov/Archives/edgar/data/356171/000035617107000034/tcb10q3q07.txt
0,2007-06-30,TCBK,2007-08-09 00:00:00,2007-08-09 15:31:01,Q2,0.0,0.0,0.0,0.0,0.0,0.0,0.0,20900000,0.0,1400000.0,1400000.0,0.0,0.0,0.0,0.0,0.0,1887000000,6600000.0,0.0,0.0,0.0,0.0,1622300000,86100000,0.0,0.0,24300000,86100000,24300000,1708400000,76400000,107000000,-9600000.0,-4800000.0,178600000,1887000000,0.0,166600000,0.0,https://www.sec.gov/Archives/edgar/data/356171/000035617107000026/0000356171-07-000026-index.html,https://www.sec.gov/Archives/edgar/data/356171/000035617107000026/tcbk10q0607.txt
0,2007-03-31,TCBK,2007-05-08 00:00:00,2007-05-07 18:48:29,Q1,0.0,0.0,0.0,0.0,0.0,0.0,0.0,20900000,0.0,1500000.0,1500000.0,0.0,0.0,0.0,0.0,0.0,1866300000,7600000.0,0.0,0.0,0.0,0.0,1609300000,82600000,0.0,0.0,26900000,82600000,26900000,1691900000,76100000,102300000,-8000000.0,-4000000.0,174400000,1866300000,0.0,120600000,0.0,https://www.sec.gov/Archives/edgar/data/356171/000035617107000020/0000356171-07-000020-index.html,https://www.sec.gov/Archives/edgar/data/356171/000035617107000020/tcbk10q0307.txt
0,2006-12-31,TCBK,,,Q4,0.0,0.0,0.0,0.0,0.0,0.0,0.0,21800000,0.0,1700000.0,1700000.0,0.0,0.0,0.0,0.0,0.0,1920000000,7500000.0,0.0,0.0,0.0,0.0,1692100000,58600000,0.0,0.0,24700000,58400000,24700000,1750500000,73700000,100200000,-9000000.0,-4500000.0,169400000,1920000000,0.0,96600000,0.0,,
0,2006-09-30,TCBK,,,Q3,0.0,0.0,0.0,0.0,0.0,0.0,0.0,21600000,0.0,3400000.0,3400000.0,0.0,0.0,0.0,0.0,0.0,1904000000,7300000.0,0.0,0.0,0.0,0.0,1661800000,77100000,0.0,0.0,22800000,77100000,22800000,1738900000,73500000,95200000,-7200000.0,-3600000.0,165100000,1904000000,0.0,183600000,0.0,,
0,2006-06-30,TCBK,,,Q2,0.0,0.0,0.0,0.0,0.0,0.0,0.0,21600000,0.0,3700000.0,3700000.0,0.0,0.0,0.0,0.0,0.0,1871200000,5700000.0,0.0,0.0,0.0,0.0,1638000000,75200000,0.0,0.0,21100000,75200000,21100000,1713200000,73300000,90300000,-11200000,-5600000.0,158000000,1871200000,0.0,171900000,0.0,,
0,2006-03-31,TCBK,,,Q1,0.0,0.0,0.0,0.0,0.0,0.0,0.0,21100000,0.0,4100000.0,4100000.0,0.0,0.0,0.0,0.0,0.0,1829500000,5300000.0,0.0,0.0,0.0,0.0,1604000000,72700000,0.0,0.0,25600000,72700000,25600000,1676700000,72300000,85900000,-10600000,-5300000.0,152800000,1829500000,0.0,118500000,0.0,,
0,2005-12-31,TCBK,,,Q4,0.0,0.0,0.0,0.0,0.0,0.0,0.0,21300000,0.0,4400000.0,4400000.0,0.0,0.0,0.0,0.0,0.0,1841300000,4500000.0,0.0,0.0,0.0,0.0,1619200000,72600000,0.0,0.0,21100000,72600000,21100000,1691800000,71400000,81900000,-7600000.0,-3800000.0,149500000,1841300000,0.0,169400000,0.0,,
0,2005-09-30,TCBK,,,Q3,0.0,0.0,0.0,0.0,0.0,0.0,0.0,21200000,0.0,4400000.0,4400000.0,0.0,0.0,0.0,0.0,0.0,1786900000,4000000.0,0.0,0.0,0.0,0.0,1567600000,72900000,0.0,0.0,22100000,72900000,22100000,1640500000,71400000,77400000,-5000000.0,-2500000.0,146300000,1786900000,0.0,176100000,0.0,,
0,2005-06-30,TCBK,,,Q2,0.0,0.0,0.0,0.0,0.0,0.0,0.0,21200000,0.0,4700000.0,4700000.0,0.0,0.0,0.0,0.0,0.0,1720600000,3500000.0,0.0,0.0,0.0,0.0,1509000000,68900000,0.0,0.0,22300000,68900000,22300000,1577900000,70900000,73400000,-3000000.0,-1500000.0,142800000,1720600000,0.0,151900000,0.0,,
0,2005-03-31,TCBK,,,Q1,0.0,0.0,0.0,0.0,0.0,0.0,0.0,20600000,0.0,5100000.0,5100000.0,0.0,0.0,0.0,0.0,0.0,1655600000,3400000.0,0.0,0.0,0.0,0.0,1446600000,69400000,0.0,0.0,23700000,69400000,23700000,1516000000,70800000,71100000,-4400000.0,-2200000.0,139600000,1655600000,0.0,90100000,0.0,,
0,2004-12-31,TCBK,,,Q4,0.0,0.0,0.0,0.0,0.0,0.0,0.0,19900000,0.0,5400000.0,5400000.0,0.0,0.0,0.0,0.0,0.0,1627500000,3300000.0,0.0,0.0,0.0,0.0,1420000000,69400000,0.0,0.0,21500000,69400000,21500000,1489400000,70700000,67800000,-800000.0,-400000.0,138100000,1627500000,0.0,115800000,0.0,,
0,2004-09-30,TCBK,,,Q3,0.0,0.0,0.0,0.0,0.0,0.0,0.0,20100000,0.0,5100000.0,5100000.0,0.0,0.0,0.0,0.0,0.0,1574500000,2700000.0,0.0,0.0,0.0,0.0,1370500000,68400000,0.0,0.0,18300000,68400000,18300000,1438900000,70400000,64200000,2400000.0,1200000.0,135700000,1574500000,0.0,125700000,0.0,,
0,2004-06-30,TCBK,,,Q2,0.0,0.0,0.0,0.0,0.0,0.0,0.0,19000000,0.0,5400000.0,5400000.0,0.0,0.0,0.0,0.0,0.0,1546100000,2300000.0,0.0,0.0,0.0,0.0,1353700000,64100000,0.0,0.0,18000000,64100000,18000000,1417800000,69600000,60700000,-4000000.0,-2000000.0,128300000,1546100000,0.0,130100000,0.0,,
0,2004-03-31,TCBK,,,Q1,0.0,0.0,0.0,0.0,0.0,0.0,0.0,19300000,0.0,5800000.0,5800000.0,0.0,0.0,0.0,0.0,0.0,1451400000,2500000.0,0.0,0.0,0.0,0.0,1278300000,43500000,0.0,0.0,19600000,43500000,19600000,1321800000,69600000,57500000,4800000.0,2400000.0,129500000,1451400000,0.0,59800000,0.0,,
0,2003-12-31,TCBK,,,Q4,0.0,0.0,0.0,0.0,0.0,0.0,0.0,19500000,0.0,21600000,21600000,0.0,0.0,0.0,0.0,0.0,1468800000,2600000.0,0.0,0.0,0.0,0.0,1297300000,43500000,0.0,0.0,18300000,43500000,18300000,1340800000,69800000,56400000,3600000.0,1800000.0,128000000,1468800000,0.0,83000000,0.0,,
0,2003-09-30,TCBK,,,Q3,0.0,0.0,0.0,0.0,0.0,0.0,0.0,19800000,0.0,22000000,22000000,0.0,0.0,0.0,0.0,0.0,1441200000,2600000.0,0.0,0.0,0.0,0.0,1272900000,43500000,0.0,0.0,18800000,43500000,18800000,1316400000,69900000,53700000,1200000.0,0.0,124800000,1441200000,0.0,99200000,0.0,,
0,2003-06-30,TCBK,,,Q2,0.0,0.0,0.0,0.0,0.0,0.0,0.0,19800000,0.0,22200000,22200000,0.0,0.0,7200000.0,0.0,7200000.0,1360900000,2600000.0,0.0,0.0,0.0,0.0,1213400000,22900000,0.0,0.0,19800000,22900000,19800000,1236300000,70000000,51100000,3400000.0,0.0,124600000,1360900000,0.0,40300000,0.0,,
0,2003-03-31,TCBK,,,Q1,0.0,0.0,0.0,0.0,0.0,0.0,0.0,17500000,0.0,3800000.0,3800000.0,0.0,0.0,8300000.0,0.0,8300000.0,1176500000,3000000.0,0.0,0.0,0.0,0.0,1051700000,22900000,0.0,0.0,16000000,22900000,16000000,1074600000,50800000,48400000,2700000.0,0.0,101900000,1176500000,0.0,22900000,0.0,,
0,2002-12-31,TCBK,,,Q4,0.0,0.0,0.0,0.0,0.0,0.0,0.0,17200000,0.0,4000000.0,4000000.0,0.0,0.0,8400000.0,0.0,8400000.0,1144600000,2900000.0,0.0,0.0,0.0,0.0,1022700000,22900000,0.0,0.0,14500000,22900000,14500000,1045600000,50500000,46200000,2300000.0,0.0,99000000,1144600000,0.0,22900000,0.0,,
0,2002-09-30,TCBK,2002-11-14 00:00:00,2002-11-14 12:29:19,Q3,0.0,0.0,0.0,0.0,0.0,0.0,0.0,16600000,0.0,4400000.0,4400000.0,0.0,0.0,8000000.0,0.0,8000000.0,1073500000,2600000.0,0.0,0.0,0.0,0.0,954200000,22900000,0.0,0.0,13700000,22900000,13700000,977100000,50200000,43900000,2300000.0,0.0,96400000,1073500000,0.0,22900000,0.0,https://www.sec.gov/Archives/edgar/data/356171/000035617102000039/0000356171-02-000039-index.html,https://www.sec.gov/Archives/edgar/data/356171/000035617102000039/tcb10q3q02.txt
0,2002-06-30,TCBK,2002-08-13 00:00:00,2002-08-13 16:47:47,Q2,0.0,0.0,0.0,0.0,0.0,0.0,0.0,16200000,0.0,4600000.0,4600000.0,0.0,0.0,8400000.0,0.0,8400000.0,1029600000,2600000.0,0.0,0.0,0.0,0.0,913500000,22900000,0.0,0.0,13000000,22900000,13000000,936400000,50000000,41700000,1400000.0,0.0,93100000,1029600000,0.0,22900000,0.0,https://www.sec.gov/Archives/edgar/data/356171/000035617102000030/0000356171-02-000030-index.html,https://www.sec.gov/Archives/edgar/data/356171/000035617102000030/tcb10q2q02.txt
0,2002-03-31,TCBK,2002-05-10 00:00:00,2002-05-09 18:26:33,Q1,0.0,0.0,0.0,0.0,0.0,0.0,0.0,16100000,0.0,4800000.0,4800000.0,0.0,0.0,9300000.0,0.0,9300000.0,999900000,2800000.0,0.0,0.0,0.0,0.0,888300000,22900000,0.0,0.0,12200000,22900000,12200000,911200000,49600000,39700000,-600000.0,0.0,88700000,999900000,0.0,22900000,0.0,https://www.sec.gov/Archives/edgar/data/356171/000035617102000014/0000356171-02-000014-index.html,https://www.sec.gov/Archives/edgar/data/356171/000035617102000014/tcbk10q1q02.txt
0,2001-12-31,TCBK,2002-03-01 00:00:00,2002-03-01 00:00:00,Q4,0.0,0.0,0.0,0.0,0.0,0.0,0.0,16500000,0.0,5100000.0,5100000.0,0.0,0.0,9300000.0,0.0,9300000.0,1005400000,3500000.0,0.0,0.0,0.0,0.0,895500000,23000000,0.0,0.0,11700000,23000000,11700000,918500000,49700000,37900000,-700000.0,0.0,86900000,1005400000,0.0,23000000,0.0,https://www.sec.gov/Archives/edgar/data/356171/000035617102000002/0000356171-02-000002-index.html,https://www.sec.gov/Archives/edgar/data/356171/000035617102000002/tcbk2001form10k.txt
0,2001-09-30,TCBK,2001-11-13 00:00:00,2001-11-13 00:00:00,Q3,0.0,0.0,0.0,0.0,0.0,0.0,0.0,16500000,0.0,5300000.0,5300000.0,0.0,0.0,8200000.0,0.0,8200000.0,996200000,4400000.0,0.0,0.0,0.0,0.0,874800000,33000000,0.0,0.0,11000000,33000000,11000000,907800000,49400000,38000000,1000000.0,0.0,88400000,996200000,0.0,33000000,0.0,https://www.sec.gov/Archives/edgar/data/356171/000035617101500010/0000356171-01-500010-index.html,https://www.sec.gov/Archives/edgar/data/356171/000035617101500010/tcb10q3q01.txt
0,2001-06-30,TCBK,2001-08-10 00:00:00,2001-08-10 00:00:00,Q2,0.0,0.0,0.0,0.0,0.0,0.0,0.0,16900000,0.0,5500000.0,5500000.0,0.0,0.0,0.0,0.0,0.0,980300000,16900000,0.0,0.0,0.0,0.0,861500000,33000000,0.0,0.0,0.0,33000000,0.0,894500000,49600000,36600000,-400000.0,0.0,85800000,980300000,0.0,33000000,0.0,https://www.sec.gov/Archives/edgar/data/356171/000035617101500005/0000356171-01-500005-index.html,https://www.sec.gov/Archives/edgar/data/356171/000035617101500005/tcb10q2q01.txt
0,2001-03-31,TCBK,2001-05-11 00:00:00,2001-05-11 00:00:00,Q1,0.0,0.0,0.0,0.0,0.0,0.0,0.0,16900000,0.0,5200000.0,5200000.0,0.0,0.0,0.0,0.0,0.0,979700000,15800000,0.0,0.0,0.0,0.0,861100000,33000000,0.0,0.0,0.0,33000000,0.0,894100000,49800000,35700000,100000.0,0.0,85600000,979700000,0.0,33000000,0.0,https://www.sec.gov/Archives/edgar/data/356171/000035617101500003/0000356171-01-500003-index.html,https://www.sec.gov/Archives/edgar/data/356171/000035617101500003/tcb10q01q1.txt
0,2000-12-31,TCBK,2001-03-14 00:00:00,2001-03-14 00:00:00,Q4,0.0,0.0,0.0,0.0,0.0,0.0,0.0,16800000,0.0,5500000.0,5500000.0,0.0,0.0,8400000.0,0.0,8400000.0,972100000,5200000.0,0.0,0.0,0.0,0.0,852800000,34000000,0.0,0.0,9300000.0,34000000,9300000.0,886800000,50400000,35100000,-300000.0,0.0,85200000,972100000,0.0,34500000,0.0,https://www.sec.gov/Archives/edgar/data/356171/000035617101000001/0000356171-01-000001-index.html,https://www.sec.gov/Archives/edgar/data/356171/000035617101000001/0000356171-01-000001-0001.txt
0,2000-09-30,TCBK,2000-11-08 00:00:00,2000-11-08 00:00:00,Q3,0.0,0.0,0.0,0.0,0.0,0.0,0.0,17200000,0.0,0.0,0.0,0.0,0.0,0.0,0.0,0.0,962000000,13200000,0.0,0.0,0.0,0.0,835400000,45500000,0.0,0.0,0.0,45500000,0.0,880900000,50600000,34200000,-3700000.0,0.0,81100000,962000000,0.0,59100000,0.0,https://www.sec.gov/Archives/edgar/data/356171/000035617100000006/0000356171-00-000006-index.html,https://www.sec.gov/Archives/edgar/data/356171/000035617100000006/0000356171-00-000006-0001.txt
0,2000-06-30,TCBK,2000-07-28 00:00:00,2000-07-28 00:00:00,Q2,0.0,0.0,0.0,0.0,0.0,0.0,0.0,17100000,0.0,0.0,0.0,0.0,0.0,0.0,0.0,0.0,961100000,13000000,0.0,0.0,0.0,0.0,822500000,60500000,0.0,0.0,0.0,60500000,0.0,883000000,50600000,32800000,-5300000.0,0.0,78100000,961100000,0.0,82400000,0.0,https://www.sec.gov/Archives/edgar/data/356171/000035617100000005/0000356171-00-000005-index.html,https://www.sec.gov/Archives/edgar/data/356171/000035617100000005/0000356171-00-000005-0001.txt
0,2000-03-31,TCBK,2000-05-15 00:00:00,2000-05-15 00:00:00,Q1,0.0,0.0,0.0,0.0,0.0,0.0,0.0,16000000,0.0,0.0,0.0,0.0,0.0,0.0,0.0,0.0,922900000,14100000,0.0,0.0,0.0,0.0,802100000,45500000,0.0,0.0,0.0,45500000,0.0,847600000,50200000,31100000,-6100000.0,0.0,75300000,922900000,0.0,50200000,0.0,https://www.sec.gov/Archives/edgar/data/356171/000035617100000004/0000356171-00-000004-index.html,https://www.sec.gov/Archives/edgar/data/356171/0000356171-00-000004.txt
0,1999-12-31,TCBK,,,Q4,0.0,0.0,0.0,0.0,0.0,0.0,0.0,16000000,0.0,6400000.0,6400000.0,0.0,0.0,10800000,0.0,10800000,924800000,4200000.0,0.0,0.0,0.0,0.0,806200000,45500000,0.0,0.0,7900000.0,45500000,7900000.0,851700000,50000000,28600000,-5500000.0,0.0,73100000,924800000,0.0,45500000,0.0,,
0,1999-09-30,TCBK,1999-11-10 00:00:00,1999-11-10 00:00:00,Q3,0.0,0.0,0.0,0.0,0.0,0.0,0.0,16300000,0.0,0.0,0.0,0.0,0.0,0.0,0.0,0.0,918800000,11000000,0.0,0.0,0.0,0.0,791600000,55500000,0.0,0.0,0.0,55500000,0.0,847100000,49400000,26900000,-4600000.0,0.0,71700000,918800000,0.0,65900000,0.0,https://www.sec.gov/Archives/edgar/data/356171/000035617199000004/0000356171-99-000004-index.html,https://www.sec.gov/Archives/edgar/data/356171/0000356171-99-000004.txt
0,1999-06-30,TCBK,1999-07-26 00:00:00,1999-07-26 00:00:00,Q2,0.0,0.0,0.0,0.0,0.0,0.0,0.0,16400000,0.0,0.0,0.0,0.0,0.0,0.0,0.0,0.0,888400000,12000000,0.0,0.0,0.0,0.0,761700000,55500000,0.0,0.0,0.0,55500000,0.0,817200000,49300000,25300000,-3400000.0,0.0,71200000,888400000,0.0,59100000,0.0,https://www.sec.gov/Archives/edgar/data/356171/000035617199000003/0000356171-99-000003-index.html,https://www.sec.gov/Archives/edgar/data/356171/0000356171-99-000003.txt
0,1999-03-31,TCBK,1999-04-21 00:00:00,1999-04-21 00:00:00,Q1,0.0,0.0,0.0,0.0,0.0,0.0,0.0,16100000,0.0,0.0,0.0,0.0,0.0,0.0,0.0,0.0,885000000,12700000,0.0,0.0,0.0,0.0,776400000,35500000,0.0,0.0,0.0,35500000,0.0,811900000,49200000,23700000,200000.0,0.0,73100000,885000000,0.0,44900000,0.0,https://www.sec.gov/Archives/edgar/data/356171/000035617199000002/0000356171-99-000002-index.html,https://www.sec.gov/Archives/edgar/data/356171/0000356171-99-000002.txt
0,1998-12-31,TCBK,,,Q4,0.0,0.0,0.0,0.0,0.0,0.0,0.0,16100000,0.0,7600000.0,7600000.0,0.0,0.0,5800000.0,0.0,5800000.0,904600000,3900000.0,0.0,0.0,0.0,0.0,794700000,37900000,0.0,0.0,7600000.0,37900000,7600000.0,832600000,48800000,22300000,900000.0,0.0,72000000,904600000,0.0,51900000,0.0,,
0,1998-09-30,TCBK,1998-11-10 00:00:00,1998-11-10 00:00:00,Q3,0.0,0.0,0.0,0.0,0.0,0.0,0.0,16400000,0.0,0.0,0.0,0.0,0.0,0.0,0.0,0.0,881500000,10600000,0.0,0.0,0.0,0.0,774400000,36400000,0.0,0.0,0.0,36400000,0.0,810800000,48500000,21000000,1200000.0,0.0,70700000,881500000,0.0,75200000,0.0,https://www.sec.gov/Archives/edgar/data/356171/000035617198000005/0000356171-98-000005-index.html,https://www.sec.gov/Archives/edgar/data/356171/0000356171-98-000005.txt
0,1998-06-30,TCBK,1998-08-12 00:00:00,1998-08-12 00:00:00,Q2,0.0,0.0,0.0,0.0,0.0,0.0,0.0,16800000,0.0,0.0,0.0,0.0,0.0,0.0,0.0,0.0,873300000,10800000,0.0,0.0,0.0,0.0,768900000,36400000,0.0,0.0,0.0,36400000,0.0,805300000,48300000,19500000,200000.0,0.0,68000000,873300000,0.0,69000000,0.0,https://www.sec.gov/Archives/edgar/data/356171/000035617198000004/0000356171-98-000004-index.html,https://www.sec.gov/Archives/edgar/data/356171/0000356171-98-000004.txt
0,1998-03-31,TCBK,1998-05-13 00:00:00,1998-05-13 00:00:00,Q1,0.0,0.0,0.0,0.0,0.0,0.0,0.0,18100000,0.0,0.0,0.0,0.0,0.0,0.0,0.0,0.0,822400000,12300000,0.0,0.0,0.0,0.0,744700000,11400000,0.0,0.0,0.0,11400000,0.0,756100000,48200000,18100000,0.0,0.0,66300000,822400000,0.0,14700000,0.0,https://www.sec.gov/Archives/edgar/data/356171/000035617198000003/0000356171-98-000003-index.html,https://www.sec.gov/Archives/edgar/data/356171/0000356171-98-000003.txt
0,1997-12-31,TCBK,,,Q4,0.0,0.0,0.0,0.0,0.0,0.0,0.0,18900000,0.0,8900000.0,8900000.0,0.0,0.0,4100000.0,0.0,4100000.0,826200000,4000000.0,0.0,0.0,0.0,0.0,749600000,11400000,0.0,0.0,6200000.0,11400000,6200000.0,761000000,48200000,17000000,0.0,0.0,65100000,826200000,0.0,26700000,0.0,,
0,1997-09-30,TCBK,1997-11-12 00:00:00,1997-11-12 00:00:00,Q3,0.0,0.0,0.0,0.0,0.0,0.0,0.0,17700000,0.0,9300000.0,9300000.0,0.0,0.0,0.0,0.0,0.0,798100000,9200000.0,0.0,0.0,0.0,0.0,722900000,11400000,0.0,0.0,0.0,11400000,0.0,734300000,47900000,16100000,-200000.0,0.0,63800000,798100000,0.0,16100000,0.0,https://www.sec.gov/Archives/edgar/data/356171/000035617197000006/0000356171-97-000006-index.html,https://www.sec.gov/Archives/edgar/data/356171/0000356171-97-000006.txt
0,1997-06-30,TCBK,1997-08-05 00:00:00,1997-08-05 00:00:00,Q2,0.0,0.0,0.0,0.0,0.0,0.0,0.0,16800000,0.0,9700000.0,9700000.0,0.0,0.0,0.0,0.0,0.0,797100000,9800000.0,0.0,0.0,0.0,0.0,713400000,21300000,0.0,0.0,0.0,21300000,0.0,734700000,47800000,15200000,-700000.0,0.0,62400000,797100000,0.0,21300000,0.0,https://www.sec.gov/Archives/edgar/data/356171/000035617197000005/0000356171-97-000005-index.html,https://www.sec.gov/Archives/edgar/data/356171/0000356171-97-000005.txt
0,1997-03-31,TCBK,1997-05-05 00:00:00,1997-05-05 00:00:00,Q1,0.0,0.0,0.0,0.0,0.0,0.0,0.0,16100000,0.0,0.0,0.0,0.0,0.0,0.0,0.0,0.0,797300000,11300000,0.0,0.0,0.0,0.0,714600000,21300000,0.0,0.0,0.0,21300000,0.0,735900000,47700000,14900000,-1300000.0,0.0,61400000,797300000,0.0,21300000,0.0,https://www.sec.gov/Archives/edgar/data/356171/000035617197000004/0000356171-97-000004-index.html,https://www.sec.gov/Archives/edgar/data/356171/0000356171-97-000004.txt
0,1996-12-31,TCBK,1997-03-28 00:00:00,1997-03-28 00:00:00,Q4,0.0,0.0,0.0,0.0,0.0,0.0,0.0,14700000,0.0,0.0,0.0,0.0,0.0,4300000.0,0.0,4300000.0,694900000,3000000.0,0.0,0.0,0.0,0.0,609800000,24300000,0.0,0.0,6200000.0,24300000,6200000.0,634100000,47700000,14100000,-1000000.0,0.0,60800000,694900000,0.0,29200000,0.0,https://www.sec.gov/Archives/edgar/data/356171/000035617197000002/0000356171-97-000002-index.html,https://www.sec.gov/Archives/edgar/data/356171/0000356171-97-000002.txt
0,1996-09-30,TCBK,1996-11-13 00:00:00,1996-11-13 00:00:00,Q3,0.0,0.0,0.0,0.0,0.0,0.0,0.0,14100000,0.0,0.0,0.0,0.0,0.0,0.0,0.0,0.0,621000000,7600000.0,0.0,0.0,0.0,0.0,540700000,24300000,0.0,0.0,0.0,24300000,0.0,565000000,44700000,13000000,-1700000.0,0.0,56100000,621000000,0.0,31800000,0.0,https://www.sec.gov/Archives/edgar/data/356171/000035617196000007/0000356171-96-000007-index.html,https://www.sec.gov/Archives/edgar/data/356171/0000356171-96-000007.txt
0,1996-06-30,TCBK,1996-08-14 00:00:00,1996-08-14 00:00:00,Q2,0.0,0.0,0.0,0.0,0.0,0.0,0.0,14300000,0.0,0.0,0.0,0.0,0.0,0.0,0.0,0.0,616900000,6700000.0,0.0,0.0,0.0,0.0,537500000,24500000,0.0,0.0,0.0,24500000,0.0,562000000,44600000,11800000,-1500000.0,0.0,54900000,616900000,0.0,64300000,0.0,https://www.sec.gov/Archives/edgar/data/356171/000035617196000005/0000356171-96-000005-index.html,https://www.sec.gov/Archives/edgar/data/356171/0000356171-96-000005.txt
0,1996-03-31,TCBK,1996-05-15 00:00:00,1996-05-15 00:00:00,Q1,0.0,0.0,0.0,0.0,0.0,0.0,0.0,13800000,0.0,0.0,0.0,0.0,0.0,0.0,0.0,0.0,578600000,9100000.0,0.0,0.0,0.0,0.0,500100000,24300000,0.0,0.0,0.0,24300000,0.0,524400000,44400000,10700000,-900000.0,0.0,54200000,578600000,0.0,24300000,0.0,https://www.sec.gov/Archives/edgar/data/356171/000091205796009797/0000912057-96-009797-index.html,https://www.sec.gov/Archives/edgar/data/356171/0000912057-96-009797.txt
0,1995-12-31,TCBK,,,Q4,0.0,0.0,0.0,0.0,0.0,0.0,0.0,13200000,0.0,0.0,0.0,0.0,0.0,3100000.0,0.0,3100000.0,603600000,3200000.0,0.0,0.0,0.0,0.0,524000000,26300000,0.0,0.0,4700000.0,26300000,4700000.0,550300000,44300000,9500000.0,-700000.0,0.0,53200000,603600000,0.0,26300000,0.0,,
0,1995-09-30,TCBK,1995-11-13 00:00:00,1995-11-13 00:00:00,Q3,0.0,0.0,0.0,0.0,0.0,0.0,0.0,13000000,0.0,0.0,0.0,0.0,0.0,0.0,0.0,0.0,575300000,6900000.0,0.0,0.0,0.0,0.0,507400000,16500000,0.0,0.0,0.0,16500000,0.0,523900000,44200000,8300000.0,-1100000.0,0.0,51500000,575300000,0.0,34000000,0.0,https://www.sec.gov/Archives/edgar/data/356171/000091205795009704/0000912057-95-009704-index.html,https://www.sec.gov/Archives/edgar/data/356171/0000912057-95-009704.txt
0,1995-06-30,TCBK,1995-08-11 00:00:00,1995-08-11 00:00:00,Q2,0.0,0.0,0.0,0.0,0.0,0.0,0.0,13300000,0.0,0.0,0.0,0.0,0.0,0.0,0.0,0.0,564700000,6900000.0,0.0,0.0,0.0,0.0,498700000,16500000,0.0,0.0,4000000.0,16500000,4000000.0,515200000,43900000,6900000.0,-1200000.0,0.0,49500000,564700000,0.0,16500000,0.0,https://www.sec.gov/Archives/edgar/data/356171/000091205795006317/0000912057-95-006317-index.html,https://www.sec.gov/Archives/edgar/data/356171/0000912057-95-006317.txt
