,date,symbol,fillingDate,acceptedDate,period,cashAndCashEquivalents,shortTermInvestments,cashAndShortTermInvestments,netReceivables,inventory,otherCurrentAssets,totalCurrentAssets,propertyPlantEquipmentNet,goodwill,intangibleAssets,goodwillAndIntangibleAssets,longTermInvestments,taxAssets,otherNonCurrentAssets,totalNonCurrentAssets,otherAssets,totalAssets,accountPayables,shortTermDebt,taxPayables,deferredRevenue,otherCurrentLiabilities,totalCurrentLiabilities,longTermDebt,deferredRevenueNonCurrent,deferredTaxLiabilitiesNonCurrent,otherNonCurrentLiabilities,totalNonCurrentLiabilities,otherLiabilities,totalLiabilities,commonStock,retainedEarnings,accumulatedOtherComprehensiveIncomeLoss,othertotalStockholdersEquity,totalStockholdersEquity,totalLiabilitiesAndStockholdersEquity,totalInvestments,totalDebt,netDebt,link,finalLink
0,2020-09-30,VLY,2020-09-30,2020-09-30,Q3,930711000,1526564000,0.0,136058000,0.0,0.0,276120000,0.0,1375409000,73873000,1449282000,0.0,0.0,0.0,1449282000,0.0,40747492000,0.0,1526564000,0.0,0.0,0.0,1430726000,2608547000,0.0,0.0,0.0,2852569000,0.0,36213729000,141718000,553826000,0.0,0.0,4533763000,36213729000,0.0,4173988000,2952836000,https://www.sec.gov/Archives/edgar/data/714310/000071431020000144/0000714310-20-000144-index.htm,https://www.sec.gov/Archives/edgar/data/714310/000071431020000144/vly-20200930.htm
0,2020-06-30,VLY,2020-08-07,2020-08-07 14:32:23,Q2,388753000,0.0,388753000,0.0,0.0,0.0,388753000,0.0,1375409000,77921000,1453330000,0.0,0.0,0.0,1453330000,39875182000,41717265000,0.0,2082880000,0.0,0.0,0.0,2082880000,2907535000,0.0,0.0,0.0,2907535000,0.0,37242777000,141667000,499511000,-4938000.0,3838248000,4474488000,41717265000,0.0,3821222000,3432469000,https://www.sec.gov/Archives/edgar/data/714310/000071431020000130/0000714310-20-000130-index.htm,https://www.sec.gov/Archives/edgar/data/714310/000071431020000130/vly-6302020x10q.htm
0,2020-03-31,VLY,2020-05-11 00:00:00,2020-05-08 20:35:32,Q1,286755000,0.0,0.0,0.0,0.0,0.0,0.0,610583000,0.0,82686000,82686000,0.0,0.0,0.0,34611497000,0.0,39120629000,0.0,0.0,0.0,0.0,0.0,31838187000,2861444000,0.0,0.0,0.0,2861444000,0.0,34699631000,3765449000,452424000,-6566000.0,-34135000,4420998000,39120629000,8230048000,4957099000,1808900000,https://www.sec.gov/Archives/edgar/data/714310/000071431020000110/0000714310-20-000110-index.html,https://www.sec.gov/Archives/edgar/data/714310/000071431020000110/vly-3312020x10q.htm
0,2019-12-31,VLY,2020-03-10,2020-03-10 15:56:43,Q4,22239000,0.0,22239000,0.0,0.0,0.0,22239000,619662000,288960000,86772000,86772000,0.0,0.0,0.0,309650000,3960430000,37436020000,0.0,10500000,0.0,0.0,0.0,30873688000,2179933000,0.0,0.0,0.0,2178144000,0.0,33051832000,3763152000,443559000,-32214000,-34307000,4384188000,37436020000,0.0,3273213000,3880657000,https://www.sec.gov/Archives/edgar/data/714310/000071431020000066/0000714310-20-000066-index.htm,https://www.sec.gov/Archives/edgar/data/714310/000071431020000066/vly-12312019x10k.htm
0,2019-09-30,VLY,2019-11-07,2019-11-07 17:08:42,Q3,312396000,0.0,312396000,0.0,0.0,0.0,312396000,596690000,1084665000,68150000,68150000,0.0,0.0,0.0,29634042000,32300328000,33765539000,0.0,1825417000,12456000,0.0,0.0,27901200000,2308181000,0.0,0.0,0.0,2306264000,0.0,30207464000,2920832000,454020000,-26468000,-31675000,3558075000,33765539000,7443638000,4133598000,3763654000,https://www.sec.gov/Archives/edgar/data/714310/000071431019000177/0000714310-19-000177-index.htm,https://www.sec.gov/Archives/edgar/data/714310/000071431019000177/vly-9302019x10q.htm
0,2019-06-30,VLY,2019-08-08,2019-08-08 15:29:59,Q2,276291000,0.0,276291000,0.0,0.0,0.0,276291000,595975000,1084665000,70585000,70585000,0.0,0.0,0.0,28903864000,31596200000,33027741000,0.0,2387784000,12323000,0.0,0.0,27667897000,1857767000,0.0,0.0,0.0,1855726000,0.0,29523623000,2917368000,412190000,-35131000,-31731000,3504118000,33027741000,7695172000,4245551000,3911675000,https://www.sec.gov/Archives/edgar/data/714310/000071431019000165/0000714310-19-000165-index.htm,https://www.sec.gov/Archives/edgar/data/714310/000071431019000165/vly-6302019x10q.htm
0,2019-03-31,VLY,2019-05-09,2019-05-09 16:46:34,Q1,282250000,0.0,282250000,0.0,0.0,0.0,282250000,602346000,1084665000,73580000,73580000,0.0,0.0,0.0,28397236000,31036496000,32476991000,0.0,2062576000,12100000,0.0,0.0,27476928000,1557347000,0.0,0.0,0.0,1555184000,0.0,29032112000,2912462000,375983000,-53257000,-31786000,3444879000,32476991000,7595010000,3619923000,3280053000,https://www.sec.gov/Archives/edgar/data/714310/000071431019000140/0000714310-19-000140-index.htm,https://www.sec.gov/Archives/edgar/data/714310/000071431019000140/vly-3312019x10q.htm
0,2018-12-31,VLY,2019-02-28,2019-02-28 17:31:18,Q4,428629000,0.0,156612000,0.0,0.0,0.0,156612000,341630000,394028000,76990000,76990000,0.0,0.0,0.0,27521373000,4482886000,31863088000,0.0,649979000,0.0,0.0,0.0,26802996000,1709638000,0.0,59625000,0.0,1709638000,0.0,28512634000,2910552000,299642000,-69431000,-31841000,3350454000,31863088000,7635580000,3828552000,3344553000,https://www.sec.gov/Archives/edgar/data/714310/000071431019000096/0000714310-19-000096-index.htm,https://www.sec.gov/Archives/edgar/data/714310/000071431019000096/vly-12312018x10k.htm
0,2018-09-30,VLY,2018-11-08,2018-11-08 11:52:10,Q3,356379000,0.0,156612000,0.0,0.0,0.0,156612000,341000000,395073000,81000000,81000000,0.0,0.0,0.0,26611539000,4481841000,30882000000,0.0,649979000,0.0,0.0,0.0,25795000000,1784000000,0.0,0.0,0.0,1784000000,0.0,27579000000,2908000000,262000000,-77000000,-25000000,3303000000,30882000000,7642728000,4753000000,4340857000,https://www.sec.gov/Archives/edgar/data/714310/000071431018000181/0000714310-18-000181-index.htm,https://www.sec.gov/Archives/edgar/data/714310/000071431018000181/vly-9302018x10q.htm
0,2018-06-30,VLY,2018-08-08,2018-08-08 16:33:54,Q2,472266000,0.0,156612000,0.0,0.0,0.0,156612000,348000000,388255000,84000000,84000000,0.0,0.0,0.0,25758897000,4488659000,30183000000,0.0,649979000,0.0,0.0,0.0,24747000000,2159000000,0.0,0.0,0.0,2159000000,0.0,26906000000,2903000000,233000000,-69000000,-25000000,3277000000,30183000000,7727322000,5037000000,4509639000,https://www.sec.gov/Archives/edgar/data/714310/000071431018000170/0000714310-18-000170-index.htm,https://www.sec.gov/Archives/edgar/data/714310/000071431018000170/vly-6302018x10q.htm
0,2018-03-31,VLY,2018-05-09,2018-05-09 14:51:06,Q1,496660000,0.0,156612000,0.0,0.0,0.0,156612000,347000000,388255000,86000000,86000000,0.0,0.0,0.0,24988796000,4488659000,29464000000,0.0,649979000,0.0,0.0,0.0,23810000000,2409000000,0.0,0.0,0.0,2409000000,0.0,26219000000,2899000000,200000000,-64000000,-25000000,3245000000,29464000000,7784194000,4027000000,3475304000,https://www.sec.gov/Archives/edgar/data/714310/000071431018000143/0000714310-18-000143-index.htm,https://www.sec.gov/Archives/edgar/data/714310/000071431018000143/vly-3312018x10q.htm
0,2017-12-31,VLY,2018-03-01,2018-03-01 16:56:02,Q4,416110000,0.0,243310000,0.0,0.0,0.0,243310000,288000000,690637000,43000000,43000000,0.0,0.0,0.0,20175610000,23025852000,24002000000,0.0,748628000,4238000.0,0.0,0.0,19111000000,2358000000,0.0,82749000,0.0,2358000000,0.0,21469000000,2152000000,217000000,-46000000,-25000000,2533000000,24002000000,6673192000,2679000000,2648337000,https://www.sec.gov/Archives/edgar/data/714310/000071431018000104/0000714310-18-000104-index.htm,https://www.sec.gov/Archives/edgar/data/714310/000071431018000104/vly-12312017x10k.htm
0,2017-09-30,VLY,2017-11-07,2017-11-07 14:30:41,Q3,343826000,0.0,215600000,0.0,0.0,0.0,215600000,289000000,690637000,43000000,43000000,0.0,0.0,0.0,20093413000,22831563000,23781000000,0.0,1482709000,0.0,0.0,0.0,18986000000,2257000000,0.0,0.0,0.0,2257000000,0.0,21243000000,2147000000,215000000,-34000000,-19000000,2538000000,23781000000,6542718000,3740000000,3354102000,https://www.sec.gov/Archives/edgar/data/714310/000071431017000178/0000714310-17-000178-index.htm,https://www.sec.gov/Archives/edgar/data/714310/000071431017000178/vly-9302017x10q.htm
0,2017-06-30,VLY,2017-08-07,2017-08-07 12:03:04,Q2,357789000,0.0,227830000,0.0,0.0,0.0,227830000,290000000,690637000,44000000,44000000,0.0,0.0,0.0,19735512000,22487183000,23449000000,0.0,1734444000,0.0,0.0,0.0,19164000000,1861000000,0.0,0.0,0.0,1861000000,0.0,21025000000,2142000000,207000000,-37000000,-19000000,2424000000,23449000000,6572634000,3596000000,3196270000,https://www.sec.gov/Archives/edgar/data/714310/000071431017000158/0000714310-17-000158-index.htm,https://www.sec.gov/Archives/edgar/data/714310/000071431017000158/vly-6302017x10q.htm
0,2017-03-31,VLY,2017-05-08,2017-05-08 15:19:08,Q1,336726000,0.0,225443000,0.0,0.0,0.0,225443000,289000000,690637000,45000000,45000000,0.0,0.0,0.0,19458825000,22259418000,23220000000,0.0,1644964000,0.0,0.0,0.0,19146000000,1676000000,0.0,0.0,0.0,1676000000,0.0,20822000000,2138000000,188000000,-39000000,-19000000,2399000000,23220000000,6713320000,3321000000,2942246000,https://www.sec.gov/Archives/edgar/data/714310/000071431017000128/0000714310-17-000128-index.htm,https://www.sec.gov/Archives/edgar/data/714310/000071431017000128/vly-3312017x10q.htm
0,2016-12-31,VLY,2017-02-28,2017-02-28 16:47:50,Q4,392501000,0.0,220791000,0.0,0.0,0.0,220791000,291000000,690637000,45000000,45000000,0.0,0.0,0.0,19182177000,21907527000,22864000000,0.0,1080960000,16144000,0.0,0.0,19012000000,1475000000,0.0,65824000,0.0,1475000000,0.0,20487000000,2134000000,173000000,-42000000,-19000000,2377000000,22864000000,6445890000,1774000000,2122365000,https://www.sec.gov/Archives/edgar/data/714310/000071431017000087/0000714310-17-000087-index.htm,https://www.sec.gov/Archives/edgar/data/714310/000071431017000087/vly-12312016x10k.htm
0,2016-09-30,VLY,2016-11-08,2016-11-08 16:32:48,Q3,399126000,0.0,238664000,0.0,0.0,0.0,238664000,294000000,689589000,44000000,44000000,0.0,0.0,0.0,18783652000,21396162000,22368000000,0.0,1433356000,0.0,0.0,0.0,18619000000,1492000000,0.0,0.0,0.0,1492000000,0.0,20111000000,2025000000,154000000,-34000000,-22000000,2257000000,22368000000,6243720000,2926000000,2485048000,https://www.sec.gov/Archives/edgar/data/714310/000071431016000290/0000714310-16-000290-index.htm,https://www.sec.gov/Archives/edgar/data/714310/000071431016000290/vly-9302016x10q.htm
0,2016-06-30,VLY,2016-08-08,2016-08-08 16:44:59,Q2,313131000,0.0,0.0,0.0,0.0,0.0,0.0,302000000,689589000,45000000,45000000,0.0,0.0,0.0,18479853000,21075306000,21810000000,0.0,1411844000,0.0,0.0,0.0,17991000000,1587000000,0.0,0.0,0.0,1587000000,0.0,19578000000,2022000000,141000000,-43000000,-22000000,2232000000,21810000000,5903122000,2999000000,2644208000,https://www.sec.gov/Archives/edgar/data/714310/000071431016000272/0000714310-16-000272-index.htm,https://www.sec.gov/Archives/edgar/data/714310/000071431016000272/vly-6302016x10q.htm
0,2016-03-31,VLY,2016-05-09,2016-05-09 15:26:36,Q1,476493000,0.0,243265000,0.0,0.0,0.0,243265000,300000000,689589000,46000000,46000000,0.0,0.0,0.0,18117102000,20748514000,21728000000,0.0,1170623000,0.0,0.0,0.0,17806000000,1702000000,0.0,0.0,0.0,1702000000,0.0,19508000000,2020000000,131000000,-43000000,-22000000,2220000000,21728000000,6141910000,2872000000,2354414000,https://www.sec.gov/Archives/edgar/data/714310/000071431016000249/0000714310-16-000249-index.htm,https://www.sec.gov/Archives/edgar/data/714310/000071431016000249/vly-3312016x10q.htm
0,2015-12-31,VLY,2016-02-29,2016-02-29 17:18:20,Q4,413800000,0.0,243575000,0.0,0.0,0.0,243575000,299000000,109991000,49000000,49000000,0.0,0.0,0.0,18032016000,1177454000,21613000000,0.0,57087000,19892000,0.0,0.0,17554000000,1852000000,0.0,56030000,0.0,1852000000,0.0,19406000000,2016000000,125000000,-46000000,-22000000,2207000000,21613000000,6206492000,2403000000,2473919000,https://www.sec.gov/Archives/edgar/data/714310/000071431016000226/0000714310-16-000226-index.htm,https://www.sec.gov/Archives/edgar/data/714310/000071431016000226/vly-12312015x10k.htm
0,2015-09-30,VLY,2015-11-06,2015-11-06 15:17:33,Q3,291779000,0.0,0.0,0.0,0.0,0.0,0.0,291000000,577534000,31000000,31000000,0.0,0.0,0.0,16787522000,18962616000,19572000000,0.0,302941000,0.0,0.0,0.0,15004000000,2571000000,0.0,0.0,0.0,2571000000,0.0,17575000000,1784000000,150000000,-49000000,-26000000,1997000000,19572000000,4869398000,2874000000,2540488000,https://www.sec.gov/Archives/edgar/data/714310/000071431015000156/0000714310-15-000156-index.htm,https://www.sec.gov/Archives/edgar/data/714310/000071431015000156/vly-9302015x10q.htm
0,2015-06-30,VLY,2015-08-07,2015-08-07 16:04:28,Q2,473205000,0.0,266586000,0.0,0.0,0.0,266586000,282000000,577534000,33000000,33000000,0.0,0.0,0.0,16230373000,18412779000,19290000000,0.0,126148000,0.0,0.0,0.0,14638000000,2666000000,0.0,0.0,0.0,2666000000,0.0,17304000000,81000000,142000000,-96000000,-48000000,1986000000,19290000000,5056298000,2793000000,2278059000,https://www.sec.gov/Archives/edgar/data/714310/000071431015000145/0000714310-15-000145-index.htm,https://www.sec.gov/Archives/edgar/data/714310/000071431015000145/vly-6302015x10q.htm
0,2015-03-31,VLY,2015-05-08,2015-05-08 16:01:49,Q1,764714000,0.0,394002000,0.0,0.0,0.0,394002000,281000000,577534000,35000000,35000000,0.0,0.0,0.0,15489369000,17973450000,18980000000,0.0,133866000,0.0,0.0,0.0,14543000000,2570000000,0.0,0.0,0.0,2570000000,0.0,17113000000,81000000,136000000,-90000000,-45000000,1867000000,18980000000,5338674000,2704000000,1898225000,https://www.sec.gov/Archives/edgar/data/714310/000071431015000100/0000714310-15-000100-index.htm,https://www.sec.gov/Archives/edgar/data/714310/000071431015000100/vly-3312015x10q.htm
0,2014-12-31,VLY,2015-02-27,2015-02-27 17:20:17,Q4,830407000,0.0,102025000,0.0,0.0,0.0,102025000,283000000,147658000,39000000,39000000,0.0,0.0,0.0,15226596000,1475447000,18792000000,0.0,16796000,18647000,0.0,0.0,14363000000,2566000000,0.0,48870000,0.0,2566000000,0.0,16929000000,81000000,131000000,-42000000,-26000000,1863000000,18792000000,5359038000,2713000000,1842782000,https://www.sec.gov/Archives/edgar/data/714310/000071431015000079/0000714310-15-000079-index.htm,https://www.sec.gov/Archives/edgar/data/714310/000071431015000079/vly-12312014x10k.htm
0,2014-09-30,VLY,2014-11-07,2014-11-07 14:48:13,Q3,413454000,0.0,352799000,0.0,0.0,0.0,352799000,274000000,428234000,30000000,30000000,0.0,0.0,0.0,13727037000,15915209000,16726000000,0.0,297719000,0.0,0.0,0.0,12303000000,2839000000,0.0,0.0,0.0,2839000000,0.0,15142000000,70000000,131000000,-28000000,-10000000,1584000000,16726000000,5171838000,3137000000,2682093000,https://www.sec.gov/Archives/edgar/data/714310/000071431014000063/0000714310-14-000063-index.htm,https://www.sec.gov/Archives/edgar/data/714310/000071431014000063/vly-9302014x10q.htm
0,2014-06-30,VLY,2014-08-08,2014-08-08 15:02:17,Q2,306681000,0.0,266101000,0.0,0.0,0.0,266101000,274000000,428234000,32000000,32000000,0.0,0.0,0.0,13405717000,15609497000,16336000000,0.0,354230000,0.0,0.0,0.0,11923000000,2839000000,0.0,0.0,0.0,2839000000,0.0,14762000000,70000000,126000000,-60000000,-30000000,1574000000,16336000000,5247138000,3193000000,2845535000,https://www.sec.gov/Archives/edgar/data/714310/000071431014000043/0000714310-14-000043-index.htm,https://www.sec.gov/Archives/edgar/data/714310/000071431014000043/vly-6302014x10q.htm
0,2014-03-31,VLY,2014-05-07,2014-05-07 15:27:16,Q1,379602000,0.0,296557000,0.0,0.0,0.0,296557000,271000000,428234000,34000000,34000000,0.0,0.0,0.0,13340928000,15585487000,16344000000,0.0,537110000,0.0,0.0,0.0,11949000000,2836000000,0.0,0.0,0.0,2836000000,0.0,14785000000,70000000,118000000,-68000000,-34000000,1560000000,16344000000,5247868000,3373000000,2952747000,https://www.sec.gov/Archives/edgar/data/714310/000071431014000012/0000714310-14-000012-index.htm,https://www.sec.gov/Archives/edgar/data/714310/000071431014000012/vly-3312014x10q.htm
0,2013-12-31,VLY,2014-03-03,2014-03-03 17:07:07,Q4,369168000,0.0,234253000,0.0,0.0,0.0,234253000,270000000,428234000,36000000,36000000,0.0,0.0,0.0,13210976000,15457924000,16157000000,0.0,281455000,30713000,0.0,0.0,11783000000,2833000000,0.0,50681000,0.0,2833000000,0.0,14616000000,70000000,106000000,-76000000,-38000000,1541000000,16157000000,5151386000,3115000000,2704593000,https://www.sec.gov/Archives/edgar/data/714310/000119312514080493/0001193125-14-080493-index.htm,https://www.sec.gov/Archives/edgar/data/714310/000119312514080493/d640934d10k.htm
0,2013-09-30,VLY,2013-11-08,2013-11-08 15:52:46,Q3,350401000,0.0,263745000,0.0,0.0,0.0,263745000,270000000,428234000,38000000,38000000,0.0,0.0,0.0,12997684000,15247005000,15977000000,0.0,158283000,0.0,0.0,0.0,11463000000,2994000000,0.0,0.0,0.0,2994000000,0.0,14457000000,70000000,89000000,-78000000,-39000000,1520000000,15977000000,5257716000,3153000000,2628709000,https://www.sec.gov/Archives/edgar/data/714310/000119312513435140/0001193125-13-435140-index.htm,https://www.sec.gov/Archives/edgar/data/714310/000119312513435140/d601013d10q.htm
0,2013-06-30,VLY,2013-08-08,2013-08-08 15:21:07,Q2,700325000,0.0,401228000,0.0,0.0,0.0,401228000,273000000,428234000,39000000,39000000,0.0,0.0,0.0,12537104000,15108738000,15977000000,0.0,125060000,0.0,0.0,0.0,11569000000,2887000000,0.0,0.0,0.0,2887000000,0.0,14456000000,70000000,94000000,-78000000,-39000000,1522000000,15977000000,5479546000,3012000000,2120632000,https://www.sec.gov/Archives/edgar/data/714310/000119312513326627/0001193125-13-326627-index.htm,https://www.sec.gov/Archives/edgar/data/714310/000119312513326627/d544721d10q.htm
0,2013-03-31,VLY,2013-05-09,2013-05-09 12:21:06,Q1,970036000,0.0,381880000,0.0,0.0,0.0,381880000,277000000,428234000,35000000,35000000,0.0,0.0,0.0,12515663000,15183617000,16029000000,0.0,147260000,0.0,0.0,0.0,11634000000,2887000000,0.0,0.0,0.0,2887000000,0.0,14521000000,70000000,92000000,-96000000,-48000000,1508000000,16029000000,5086008000,3034000000,1873227000,https://www.sec.gov/Archives/edgar/data/714310/000119312513209981/0001193125-13-209981-index.htm,https://www.sec.gov/Archives/edgar/data/714310/000119312513209981/d517058d10q.htm
0,2012-12-31,VLY,2013-02-28,2013-02-28 16:15:40,Q4,853100000,0.0,117587000,0.0,0.0,0.0,117587000,279000000,109758000,31000000,31000000,0.0,0.0,0.0,12729340000,1450959000,16013000000,0.0,29000000,31052000,0.0,0.0,11624000000,2886000000,0.0,40421000,0.0,2886000000,0.0,14510000000,69000000,93000000,-102000000,-51000000,1502000000,16013000000,4859360000,3040000000,1998522000,https://www.sec.gov/Archives/edgar/data/714310/000119312513084204/0001193125-13-084204-index.htm,https://www.sec.gov/Archives/edgar/data/714310/000119312513084204/d446946d10k.htm
0,2012-09-30,VLY,2012-11-09,2012-11-09 16:16:59,Q3,605259000,0.0,117587000,0.0,0.0,0.0,117587000,276000000,101967000,29000000,29000000,0.0,0.0,0.0,12793347000,1457064000,15771000000,0.0,29000000,0.0,0.0,0.0,11369000000,2889000000,0.0,0.0,0.0,2889000000,0.0,14258000000,69000000,100000000,-88000000,-44000000,1513000000,15771000000,4641180000,3178000000,2382009000,https://www.sec.gov/Archives/edgar/data/714310/000119312512463332/0001193125-12-463332-index.htm,https://www.sec.gov/Archives/edgar/data/714310/000119312512463332/d417642d10q.htm
0,2012-06-30,VLY,2012-08-09,2012-08-09 11:17:57,Q2,451720000,0.0,117587000,0.0,0.0,0.0,117587000,274000000,101967000,27000000,27000000,0.0,0.0,0.0,12990578000,1457064000,16018000000,0.0,29000000,0.0,0.0,0.0,11600000000,2915000000,0.0,0.0,0.0,2915000000,0.0,14515000000,69000000,93000000,-88000000,-44000000,1503000000,16018000000,5032410000,3438000000,2795938000,https://www.sec.gov/Archives/edgar/data/714310/000119312512346204/0001193125-12-346204-index.htm,https://www.sec.gov/Archives/edgar/data/714310/000119312512346204/d356574d10q.htm
0,2012-03-31,VLY,2012-05-08,2012-05-08 17:20:07,Q1,500835000,0.0,117587000,0.0,0.0,0.0,117587000,273000000,102472000,28000000,28000000,0.0,0.0,0.0,12647665000,1456559000,15950000000,0.0,29000000,0.0,0.0,0.0,11540000000,2917000000,0.0,0.0,0.0,2917000000,0.0,14457000000,66000000,92000000,-98000000,-49000000,1493000000,15950000000,5463252000,3328000000,2634645000,https://www.sec.gov/Archives/edgar/data/714310/000119312512218924/0001193125-12-218924-index.htm,https://www.sec.gov/Archives/edgar/data/714310/000119312512218924/d325793d10q.htm
0,2011-12-31,VLY,2012-02-28,2012-02-28 16:56:04,Q4,379049000,0.0,372566000,0.0,0.0,0.0,372566000,265000000,317962000,21000000,21000000,0.0,0.0,0.0,11243694000,13533161000,14253000000,0.0,212849000,33000000,0.0,0.0,10086000000,2912000000,0.0,25505000,0.0,2912000000,0.0,12998000000,60000000,79000000,-124000000,-62000000,1255000000,14253000000,5094748000,3125000000,2559899000,https://www.sec.gov/Archives/edgar/data/714310/000119312512085595/0001193125-12-085595-index.htm,https://www.sec.gov/Archives/edgar/data/714310/000119312512085595/d260008d10k.htm
0,2011-09-30,VLY,2011-11-07,2011-11-07 17:23:42,Q3,395228000,0.0,354625000,0.0,0.0,0.0,354625000,265000000,317962000,22000000,22000000,0.0,0.0,0.0,10881291000,13536680000,14231000000,0.0,222574000,0.0,0.0,0.0,10012000000,2912000000,0.0,0.0,0.0,2912000000,0.0,12924000000,60000000,96000000,-48000000,-24000000,1307000000,14231000000,5752068000,3134000000,2554636000,https://www.sec.gov/Archives/edgar/data/714310/000119312511300061/0001193125-11-300061-index.htm,https://www.sec.gov/Archives/edgar/data/714310/000119312511300061/d225377d10q.htm
0,2011-06-30,VLY,2011-08-09,2011-08-08 17:53:04,Q2,526663000,0.0,360816000,0.0,0.0,0.0,360816000,265000000,317891000,24000000,24000000,0.0,0.0,0.0,10974987000,13767067000,14470000000,0.0,171060000,0.0,0.0,0.0,10247000000,2912000000,0.0,0.0,0.0,2912000000,0.0,13159000000,60000000,92000000,-20000000,-10000000,1311000000,14470000000,5775894000,3083000000,2371878000,https://www.sec.gov/Archives/edgar/data/714310/000119312511214561/0001193125-11-214561-index.htm,https://www.sec.gov/Archives/edgar/data/714310/000119312511214561/d10q.htm
0,2011-03-31,VLY,2011-05-09,2011-05-09 16:41:11,Q1,325497000,0.0,319495000,0.0,0.0,0.0,319495000,264000000,317891000,25000000,25000000,0.0,0.0,0.0,10940089000,13701130000,14364000000,0.0,178814000,0.0,0.0,0.0,10054000000,3002000000,0.0,0.0,0.0,3002000000,0.0,13056000000,57000000,86000000,-8000000.0,-4000000.0,1308000000,14364000000,6015222000,3181000000,2670987000,https://www.sec.gov/Archives/edgar/data/714310/000119312511132422/0001193125-11-132422-index.htm,https://www.sec.gov/Archives/edgar/data/714310/000119312511132422/d10q.htm
0,2010-12-31,VLY,2011-03-01,2011-02-28 17:55:15,Q4,366286000,0.0,18269000,0.0,0.0,0.0,18269000,266000000,11625000,26000000,26000000,0.0,0.0,0.0,-1490927000,177393000,14144000000,0.0,192318000,0.0,0.0,0.0,9728000000,3121000000,0.0,0.0,0.0,3121000000,0.0,12849000000,57000000,80000000,-12000000,-6000000.0,1295000000,14144000000,1098939000,3313000000,-366286000,https://www.sec.gov/Archives/edgar/data/714310/000119312511050288/0001193125-11-050288-index.htm,https://www.sec.gov/Archives/edgar/data/714310/000119312511050288/d10k.htm
0,2010-09-30,VLY,2010-11-08,2010-11-08 16:38:40,Q3,260871000,0.0,18269000,0.0,0.0,0.0,18269000,266000000,11625000,21000000,21000000,0.0,0.0,0.0,-1460156000,177393000,14088000000,0.0,331265000,0.0,0.0,0.0,9740000000,3070000000,0.0,0.0,0.0,3070000000,0.0,12810000000,57000000,75000000,-20000000,-10000000,1278000000,14088000000,1094280000,3401000000,-260871000,https://www.sec.gov/Archives/edgar/data/714310/000119312510252178/0001193125-10-252178-index.htm,https://www.sec.gov/Archives/edgar/data/714310/000119312510252178/d10q.htm
0,2010-06-30,VLY,2010-08-06,2010-08-06 15:40:44,Q2,303604000,0.0,18269000,0.0,0.0,0.0,18269000,264000000,2468000.0,24000000,24000000,0.0,0.0,0.0,12576909000,177393000,14112000000,0.0,184459000,0.0,0.0,0.0,9766000000,3078000000,0.0,0.0,0.0,3078000000,0.0,12844000000,57000000,73000000,-26000000,-13000000,1269000000,14112000000,1169485000,3262000000,2775631000,https://www.sec.gov/Archives/edgar/data/714310/000119312510181285/0001193125-10-181285-index.htm,https://www.sec.gov/Archives/edgar/data/714310/000119312510181285/d10q.htm
0,2010-03-31,VLY,2010-05-07,2010-05-07 17:16:47,Q1,18269000,0.0,18269000,0.0,0.0,0.0,18269000,266000000,8230000.0,25000000,25000000,0.0,0.0,0.0,8404000.0,171827000,14474000000,0.0,188600000,0.0,0.0,0.0,10125000000,3090000000,0.0,0.0,0.0,3090000000,0.0,13215000000,54000000,70000000,-30000000,-15000000,1259000000,14474000000,0.0,3279000000,3076119000,https://www.sec.gov/Archives/edgar/data/714310/000119312510113087/0001193125-10-113087-index.htm,https://www.sec.gov/Archives/edgar/data/714310/000119312510113087/d10q.htm
0,2009-12-31,VLY,2010-02-26,2010-02-26 17:19:56,Q4,249877000,0.0,249877000,0.0,0.0,0.0,249877000,266000000,296424000,24000000,24000000,0.0,0.0,0.0,320729000,12461040000,14284000000,0.0,270776000,0.0,0.0,0.0,9904000000,3127000000,0.0,0.0,0.0,3127000000,0.0,13031000000,54000000,74000000,-40000000,-20000000,1253000000,14284000000,0.0,3344000000,3173414000,https://www.sec.gov/Archives/edgar/data/714310/000119312510043154/0001193125-10-043154-index.htm,https://www.sec.gov/Archives/edgar/data/714310/000119312510043154/d10k.htm
0,2009-09-30,VLY,2009-11-06,2009-11-06 17:07:25,Q3,244447000,0.0,244447000,0.0,0.0,0.0,244447000,268000000,295698000,24000000,24000000,0.0,0.0,0.0,320063000,13667360000,14232000000,0.0,199392000,0.0,0.0,0.0,9805000000,3143000000,0.0,0.0,0.0,3143000000,0.0,12948000000,53000000,77000000,-36000000,-18000000,1284000000,14232000000,0.0,3343000000,2919343000,https://www.sec.gov/Archives/edgar/data/714310/000119312509227727/0001193125-09-227727-index.htm,https://www.sec.gov/Archives/edgar/data/714310/000119312509227727/d10q.htm
0,2009-06-30,VLY,2009-08-10,2009-08-07 17:45:37,Q2,253206000,0.0,253206000,0.0,0.0,0.0,253206000,271000000,295631000,24000000,24000000,0.0,0.0,0.0,320043000,13558782000,14132000000,0.0,193281000,0.0,0.0,0.0,9665000000,3148000000,0.0,0.0,0.0,3148000000,0.0,12813000000,51000000,82000000,-66000000,-33000000,1319000000,14132000000,0.0,3341000000,2911904000,https://www.sec.gov/Archives/edgar/data/714310/000119312509169314/0001193125-09-169314-index.htm,https://www.sec.gov/Archives/edgar/data/714310/000119312509169314/d10q.htm
0,2009-03-31,VLY,2009-05-11,2009-05-11 15:10:33,Q1,241187000,0.0,241187000,0.0,0.0,0.0,241187000,267000000,295146000,24000000,24000000,0.0,0.0,0.0,318907000,13869503000,14430000000,0.0,301175000,0.0,0.0,0.0,9884000000,3158000000,0.0,0.0,0.0,3158000000,0.0,13042000000,48000000,100000000,-108000000,-54000000,1387000000,14430000000,0.0,3459000000,3066278000,https://www.sec.gov/Archives/edgar/data/714310/000119312509106970/0001193125-09-106970-index.htm,https://www.sec.gov/Archives/edgar/data/714310/000119312509106970/d10q.htm
0,2008-12-31,VLY,2009-02-27,2009-02-27 17:20:47,Q4,228216000,0.0,228216000,0.0,0.0,0.0,228216000,256000000,295146000,26000000,26000000,0.0,0.0,0.0,321100000,11835309000,14718000000,0.0,555524000,0.0,0.0,0.0,10181000000,3174000000,0.0,0.0,0.0,3174000000,0.0,13355000000,48000000,85000000,-122000000,-61000000,1364000000,14718000000,0.0,3814000000,3419832000,https://www.sec.gov/Archives/edgar/data/714310/000119312509041215/0001193125-09-041215-index.htm,https://www.sec.gov/Archives/edgar/data/714310/000119312509041215/d10k.htm
0,2008-09-30,VLY,2008-11-07,2008-11-07 16:13:30,Q3,246937000,0.0,246937000,0.0,0.0,0.0,246937000,254000000,293988000,28000000,28000000,0.0,0.0,0.0,321948000,13719266000,14288000000,0.0,798669000,0.0,0.0,0.0,10031000000,3169000000,0.0,0.0,0.0,3169000000,0.0,13200000000,48000000,98000000,-94000000,-47000000,1089000000,14288000000,0.0,3967000000,3560944000,https://www.sec.gov/Archives/edgar/data/714310/000119312508230016/0001193125-08-230016-index.htm,https://www.sec.gov/Archives/edgar/data/714310/000119312508230016/d10q.htm
0,2008-06-30,VLY,2008-08-08,2008-08-08 15:45:53,Q2,277208000,0.0,277208000,0.0,0.0,0.0,277208000,236000000,179735000,22000000,22000000,0.0,0.0,0.0,179735000,12530775000,12988000000,0.0,432560000,0.0,0.0,0.0,8924000000,3112000000,0.0,0.0,0.0,3112000000,0.0,12036000000,45000000,126000000,-74000000,-37000000,951000000,12988000000,0.0,3545000000,3104504000,https://www.sec.gov/Archives/edgar/data/714310/000119312508171870/0001193125-08-171870-index.htm,https://www.sec.gov/Archives/edgar/data/714310/000119312508171870/d10q.htm
0,2008-03-31,VLY,2008-05-09,2008-05-09 16:36:40,Q1,250820000,0.0,250820000,0.0,0.0,0.0,250820000,233000000,179735000,23000000,23000000,0.0,0.0,0.0,202858000,12507533000,12961000000,0.0,430736000,0.0,0.0,0.0,8985000000,3017000000,0.0,0.0,0.0,3017000000,0.0,12002000000,43000000,110000000,-24000000,-12000000,959000000,12961000000,0.0,3448000000,3032098000,https://www.sec.gov/Archives/edgar/data/714310/000119312508109872/0001193125-08-109872-index.htm,https://www.sec.gov/Archives/edgar/data/714310/000119312508109872/d10q.htm
0,2007-12-31,VLY,2008-02-28,2008-02-28 16:37:09,Q4,209939000,0.0,209939000,0.0,0.0,0.0,209939000,228000000,179835000,25000000,25000000,0.0,0.0,0.0,204547000,10897767000,12749000000,0.0,430580000,0.0,0.0,0.0,8836000000,2964000000,0.0,0.0,0.0,2964000000,0.0,11800000000,43000000,104000000,-26000000,-13000000,949000000,12749000000,0.0,3570000000,2713869000,https://www.sec.gov/Archives/edgar/data/714310/000119312508041857/0001193125-08-041857-index.htm,https://www.sec.gov/Archives/edgar/data/714310/000119312508041857/d10k.htm
0,2007-09-30,VLY,2007-11-08,2007-11-08 16:54:26,Q3,209016000,0.0,209016000,0.0,0.0,0.0,209016000,230000000,181614000,26000000,26000000,0.0,0.0,0.0,208061000,12022397000,12439000000,0.0,430410000,0.0,0.0,0.0,9034000000,2463000000,0.0,0.0,0.0,2463000000,0.0,11497000000,43000000,103000000,-38000000,-19000000,943000000,12439000000,0.0,2893000000,2497699000,https://www.sec.gov/Archives/edgar/data/714310/000119312507240476/0001193125-07-240476-index.htm,https://www.sec.gov/Archives/edgar/data/714310/000119312507240476/d10q.htm
0,2007-06-30,VLY,2007-08-08,2007-08-08 15:54:25,Q2,228650000,0.0,228650000,0.0,0.0,0.0,228650000,223000000,181497000,28000000,28000000,0.0,0.0,0.0,209731000,11880706000,12319000000,0.0,452410000,0.0,0.0,0.0,8927000000,2465000000,0.0,0.0,0.0,2465000000,0.0,11392000000,43000000,93000000,-50000000,-25000000,927000000,12319000000,0.0,2918000000,2501921000,https://www.sec.gov/Archives/edgar/data/714310/000119312507175520/0001193125-07-175520-index.htm,https://www.sec.gov/Archives/edgar/data/714310/000119312507175520/d10q.htm
0,2007-03-31,VLY,2007-05-10,2007-05-10 10:44:02,Q1,204026000,0.0,204026000,0.0,0.0,0.0,204026000,213000000,181497000,28000000,28000000,0.0,0.0,0.0,209624000,11889078000,12303000000,0.0,381609000,0.0,0.0,0.0,8883000000,2489000000,0.0,0.0,0.0,2489000000,0.0,11372000000,41000000,79000000,-30000000,-15000000,931000000,12303000000,0.0,2870000000,2456164000,https://www.sec.gov/Archives/edgar/data/714310/000119312507109512/0001193125-07-109512-index.htm,https://www.sec.gov/Archives/edgar/data/714310/000119312507109512/d10q.htm
0,2006-12-31,VLY,2007-02-28,2007-02-28 11:30:38,Q4,205695000,0.0,205695000,0.0,0.0,0.0,205695000,209000000,181497000,30000000,30000000,0.0,0.0,0.0,211355000,11075740000,12395000000,0.0,434579000,0.0,0.0,0.0,8960000000,2485000000,0.0,0.0,0.0,2485000000,0.0,11445000000,41000000,98000000,-62000000,-31000000,950000000,12395000000,0.0,2848000000,2663662000,https://www.sec.gov/Archives/edgar/data/714310/000119312507042143/0001193125-07-042143-index.htm,https://www.sec.gov/Archives/edgar/data/714310/000119312507042143/d10k.htm
0,2006-09-30,VLY,2006-11-08,2006-11-08 12:18:51,Q3,212606000,0.0,212606000,0.0,0.0,0.0,212606000,198000000,181497000,32000000,32000000,0.0,0.0,0.0,213434000,12012515000,12439000000,0.0,394837000,0.0,0.0,0.0,8961000000,2499000000,0.0,0.0,0.0,2499000000,0.0,11460000000,41000000,85000000,-40000000,-20000000,979000000,12439000000,0.0,2894000000,2681436000,https://www.sec.gov/Archives/edgar/data/714310/000119312506227962/0001193125-06-227962-index.htm,https://www.sec.gov/Archives/edgar/data/714310/000119312506227962/d10q.htm
0,2006-06-30,VLY,2006-08-08,2006-08-08 12:31:40,Q2,221364000,0.0,221364000,0.0,0.0,0.0,221364000,195000000,180718000,34000000,34000000,0.0,0.0,0.0,214758000,11993693000,12430000000,0.0,343898000,0.0,0.0,0.0,9010000000,2475000000,0.0,0.0,0.0,2475000000,0.0,11485000000,41000000,67000000,-90000000,-45000000,945000000,12430000000,0.0,2819000000,2597911000,https://www.sec.gov/Archives/edgar/data/714310/000119312506165209/0001193125-06-165209-index.htm,https://www.sec.gov/Archives/edgar/data/714310/000119312506165209/d10q.htm
0,2006-03-31,VLY,2006-05-09,2006-05-09 14:20:49,Q1,214255000,0.0,214255000,0.0,0.0,0.0,214255000,188000000,179898000,36000000,36000000,0.0,0.0,0.0,215505000,11887817000,12318000000,0.0,405738000,0.0,0.0,0.0,8891000000,2490000000,0.0,0.0,0.0,2490000000,0.0,11381000000,39000000,193000000,-72000000,-36000000,936000000,12318000000,0.0,2896000000,2681956000,https://www.sec.gov/Archives/edgar/data/714310/000119312506105134/0001193125-06-105134-index.htm,https://www.sec.gov/Archives/edgar/data/714310/000119312506105134/d10q.htm
0,2005-12-31,VLY,2006-03-01,2006-03-01 15:20:05,Q4,217458000,0.0,217458000,0.0,0.0,0.0,217458000,183000000,179898000,37000000,37000000,0.0,0.0,0.0,217354000,10554570000,12436000000,0.0,566433000,0.0,0.0,0.0,9258000000,2246000000,0.0,0.0,0.0,2246000000,0.0,11504000000,39000000,177000000,-48000000,-24000000,932000000,12436000000,0.0,2828000000,2378940000,https://www.sec.gov/Archives/edgar/data/714310/000119312506042754/0001193125-06-042754-index.htm,https://www.sec.gov/Archives/edgar/data/714310/000119312506042754/d10k.htm
0,2005-09-30,VLY,2005-11-08,2005-11-08 16:34:58,Q3,251768000,0.0,251768000,0.0,0.0,0.0,251768000,180000000,0.0,219000000,219000000,0.0,0.0,0.0,219007000,12012941000,12484000000,0.0,642619000,0.0,0.0,0.0,9476000000,2090000000,0.0,0.0,0.0,2090000000,0.0,11566000000,39000000,158000000,-36000000,-18000000,918000000,12484000000,0.0,2733000000,1838360000,https://www.sec.gov/Archives/edgar/data/714310/000119312505219835/0001193125-05-219835-index.htm,https://www.sec.gov/Archives/edgar/data/714310/000119312505219835/d10q.htm
0,2005-06-30,VLY,2005-08-09,2005-08-09 15:33:46,Q2,272721000,0.0,272721000,0.0,0.0,0.0,272721000,173000000,0.0,226000000,226000000,0.0,0.0,0.0,226096000,11768208000,12267000000,0.0,588791000,0.0,0.0,0.0,9360000000,1990000000,0.0,0.0,0.0,1990000000,0.0,11350000000,39000000,140000000,-4000000.0,-2000000.0,917000000,12267000000,0.0,2579000000,1717421000,https://www.sec.gov/Archives/edgar/data/714310/000119312505162503/0001193125-05-162503-index.htm,https://www.sec.gov/Archives/edgar/data/714310/000119312505162503/d10q.htm
0,2005-03-31,VLY,2005-05-09,2005-05-09 15:56:08,Q1,208710000,0.0,208710000,0.0,0.0,0.0,208710000,166000000,0.0,37000000,37000000,0.0,0.0,0.0,126217000,11073019000,11408000000,0.0,591944000,0.0,0.0,0.0,8658000000,1929000000,0.0,0.0,0.0,1929000000,0.0,10587000000,36000000,248000000,-30000000,-15000000,821000000,11408000000,0.0,2521000000,1720078000,https://www.sec.gov/Archives/edgar/data/714310/000119312505100794/0001193125-05-100794-index.htm,https://www.sec.gov/Archives/edgar/data/714310/000119312505100794/d10q.htm
0,2004-12-31,VLY,2005-03-07,2005-03-07 13:01:24,Q4,207326000,0.0,207326000,0.0,0.0,0.0,207326000,161000000,0.0,27000000,27000000,0.0,0.0,0.0,0.0,9408844000,10763000000,0.0,401564000,0.0,0.0,0.0,8166000000,1890000000,0.0,0.0,0.0,1890000000,0.0,10056000000,35000000,232000000,6000000.0,3000000.0,708000000,10763000000,0.0,2400000000,3417165000,https://www.sec.gov/Archives/edgar/data/714310/000119312505043401/0001193125-05-043401-index.htm,https://www.sec.gov/Archives/edgar/data/714310/000119312505043401/d10k.htm
0,2004-09-30,VLY,2004-11-09,2004-11-09 16:19:48,Q3,195887000,0.0,195887000,0.0,0.0,0.0,195887000,154000000,0.0,0.0,0.0,0.0,0.0,0.0,0.0,10434963000,10631000000,0.0,603079000,0.0,0.0,0.0,8145000000,1790000000,0.0,0.0,0.0,1790000000,0.0,9935000000,35000000,215000000,22000000,11000000,696000000,10631000000,0.0,2393000000,1594300000,https://www.sec.gov/Archives/edgar/data/714310/000119312504191313/0001193125-04-191313-index.htm,https://www.sec.gov/Archives/edgar/data/714310/000119312504191313/d10q.htm
0,2004-06-30,VLY,2004-08-05,2004-08-05 16:13:25,Q2,247721000,0.0,247721000,0.0,0.0,0.0,247721000,139000000,0.0,48000000,48000000,0.0,0.0,0.0,0.0,10236817000,10485000000,0.0,479929000,0.0,0.0,0.0,8006000000,1820000000,0.0,0.0,0.0,1820000000,0.0,9826000000,35000000,198000000,-16000000,-8000000.0,659000000,10485000000,0.0,2300000000,1572587000,https://www.sec.gov/Archives/edgar/data/714310/000119312504132646/0001193125-04-132646-index.htm,https://www.sec.gov/Archives/edgar/data/714310/000119312504132646/d10q.htm
0,2004-03-31,VLY,2004-05-07,2004-05-07 16:24:47,Q1,202938000,0.0,202938000,0.0,0.0,0.0,202938000,131000000,0.0,51000000,51000000,0.0,0.0,0.0,0.0,9936150000,10139000000,0.0,348782000,0.0,0.0,0.0,7842000000,1620000000,0.0,0.0,0.0,1620000000,0.0,9462000000,33000000,304000000,50000000,25000000,677000000,10139000000,0.0,1969000000,1417382000,https://www.sec.gov/Archives/edgar/data/714310/000119312504082129/0001193125-04-082129-index.htm,https://www.sec.gov/Archives/edgar/data/714310/000119312504082129/d10q.htm
0,2003-12-31,VLY,2004-03-04,2004-03-04 08:52:47,Q4,218166000,0.0,218166000,0.0,0.0,0.0,218166000,129000000,0.0,52000000,52000000,0.0,0.0,47000000,0.0,47000000,9873000000,0.0,349160000,0.0,0.0,0.0,7674000000,1547000000,0.0,0.0,28000000,1547000000,28000000,9221000000,33000000,288000000,42000000,21000000,653000000,9873000000,0.0,1897000000,2730855000,https://www.sec.gov/Archives/edgar/data/714310/000119312504034268/0001193125-04-034268-index.htm,https://www.sec.gov/Archives/edgar/data/714310/000119312504034268/d10k.htm
0,2003-09-30,VLY,2003-11-13,2003-11-13 16:58:40,Q3,244732000,0.0,244732000,0.0,0.0,0.0,244732000,124000000,0.0,0.0,0.0,0.0,0.0,0.0,0.0,9490848000,9736000000,0.0,315635000,0.0,0.0,0.0,7598000000,1499000000,0.0,0.0,0.0,1499000000,0.0,9097000000,33000000,272000000,50000000,25000000,638000000,9736000000,0.0,1815000000,1054560000,https://www.sec.gov/Archives/edgar/data/714310/000119312503080278/0001193125-03-080278-index.htm,https://www.sec.gov/Archives/edgar/data/714310/000119312503080278/d10q.htm
0,2003-06-30,VLY,,,Q2,0.0,0.0,0.0,0.0,0.0,0.0,0.0,117000000,0.0,53000000,53000000,0.0,0.0,0.0,0.0,0.0,9513000000,0.0,0.0,0.0,0.0,0.0,7605000000,1279000000,0.0,0.0,0.0,1279000000,0.0,8884000000,33000000,254000000,72000000,36000000,629000000,9513000000,0.0,1745000000,0.0,,
0,2003-03-31,VLY,,,Q1,0.0,0.0,0.0,0.0,0.0,0.0,0.0,115000000,0.0,41000000,41000000,0.0,0.0,0.0,0.0,0.0,9463000000,0.0,0.0,0.0,0.0,0.0,7557000000,1279000000,0.0,0.0,7000000.0,1279000000,7000000.0,8836000000,33000000,356000000,70000000,35000000,626000000,9463000000,0.0,1947000000,0.0,,
0,2002-12-31,VLY,2003-03-06,,Q4,184973000,0.0,184973000,0.0,0.0,0.0,184973000,114000000,0.0,0.0,0.0,0.0,0.0,0.0,0.0,7925292000,9148000000,0.0,185305000,0.0,0.0,0.0,7191000000,1326000000,0.0,0.0,32000000,1326000000,32000000,8517000000,33000000,339000000,82000000,41000000,632000000,9148000000,0.0,1672000000,1939434000,https://www.sec.gov/Archives/edgar/data/714310/000095013003001834/0000950130-03-001834-index.htm,https://www.sec.gov/Archives/edgar/data/714310/000095013003001834/d10k.htm
0,2002-09-30,VLY,,,Q3,0.0,0.0,0.0,0.0,0.0,0.0,0.0,107000000,0.0,37000000,37000000,0.0,0.0,0.0,0.0,0.0,9022000000,0.0,0.0,0.0,0.0,0.0,6949000000,1420000000,0.0,0.0,57000000,1420000000,57000000,8369000000,33000000,323000000,82000000,41000000,653000000,9022000000,0.0,1572000000,0.0,,
0,2002-06-30,VLY,2002-08-14 00:00:00,2002-08-14 13:33:29,Q2,0.0,0.0,0.0,0.0,0.0,0.0,0.0,105000000,0.0,33000000,33000000,0.0,0.0,0.0,0.0,0.0,8783000000,0.0,0.0,0.0,0.0,0.0,6986000000,1124000000,0.0,0.0,0.0,1124000000,0.0,8110000000,33000000,305000000,76000000,38000000,673000000,8783000000,0.0,1406000000,0.0,https://www.sec.gov/Archives/edgar/data/714310/000071431002000024/0000714310-02-000024-index.html,https://www.sec.gov/Archives/edgar/data/714310/000071431002000024/secii.txt
0,2002-03-31,VLY,2002-05-14 00:00:00,2002-05-14 16:30:58,Q1,0.0,0.0,0.0,0.0,0.0,0.0,0.0,98000000,0.0,34000000,34000000,0.0,0.0,0.0,0.0,0.0,8581000000,0.0,0.0,0.0,0.0,0.0,6802000000,1124000000,0.0,0.0,0.0,1124000000,0.0,7926000000,33000000,287000000,38000000,19000000,655000000,8581000000,0.0,1404000000,0.0,https://www.sec.gov/Archives/edgar/data/714310/000071431002000019/0000714310-02-000019-index.html,https://www.sec.gov/Archives/edgar/data/714310/000071431002000019/secii.txt
0,2001-12-31,VLY,,,Q4,0.0,0.0,0.0,0.0,0.0,0.0,0.0,94000000,0.0,0.0,0.0,0.0,0.0,0.0,0.0,0.0,8584000000,0.0,0.0,0.0,0.0,0.0,6729000000,1176000000,0.0,0.0,0.0,1176000000,0.0,7905000000,33000000,271000000,40000000,20000000,678000000,8584000000,0.0,1480000000,0.0,,
0,2001-09-30,VLY,2001-11-14 00:00:00,2001-11-14 00:00:00,Q3,0.0,0.0,0.0,0.0,0.0,0.0,0.0,93000000,0.0,37000000,37000000,0.0,0.0,0.0,0.0,0.0,8225000000,0.0,0.0,0.0,0.0,0.0,6559000000,960000000,0.0,0.0,86000000,960000000,86000000,7519000000,33000000,261000000,62000000,31000000,706000000,8225000000,0.0,1180000000,0.0,https://www.sec.gov/Archives/edgar/data/714310/000071431001500048/0000714310-01-500048-index.html,https://www.sec.gov/Archives/edgar/data/714310/000071431001500048/secdoc.txt
0,2001-06-30,VLY,2001-08-14 00:00:00,2001-08-14 00:00:00,Q2,0.0,0.0,0.0,0.0,0.0,0.0,0.0,91000000,0.0,0.0,0.0,0.0,0.0,0.0,0.0,0.0,8126000000,0.0,0.0,0.0,0.0,0.0,6481000000,950000000,0.0,0.0,0.0,950000000,0.0,7431000000,33000000,246000000,22000000,11000000,695000000,8126000000,0.0,1142000000,0.0,https://www.sec.gov/Archives/edgar/data/714310/000071431001500021/0000714310-01-500021-index.html,https://www.sec.gov/Archives/edgar/data/714310/000071431001500021/edgar.txt
0,2001-03-31,VLY,2001-05-14 00:00:00,2001-05-14 00:00:00,Q1,0.0,0.0,0.0,0.0,0.0,0.0,0.0,91000000,0.0,40000000,40000000,0.0,0.0,0.0,0.0,0.0,8017000000,0.0,0.0,0.0,0.0,0.0,6516000000,820000000,0.0,0.0,76000000,820000000,76000000,7336000000,32000000,326000000,24000000,12000000,681000000,8017000000,0.0,1046000000,0.0,https://www.sec.gov/Archives/edgar/data/714310/000071431001500012/0000714310-01-500012-index.html,https://www.sec.gov/Archives/edgar/data/714310/000071431001500012/sec.txt
0,2000-12-31,VLY,2001-03-01 00:00:00,2001-03-01 00:00:00,Q4,0.0,0.0,0.0,0.0,0.0,0.0,0.0,91000000,0.0,0.0,0.0,0.0,0.0,0.0,0.0,0.0,7901000000,0.0,0.0,0.0,0.0,0.0,6653000000,592000000,0.0,0.0,114000000,592000000,114000000,7245000000,32000000,318000000,-4000000.0,-2000000.0,656000000,7901000000,0.0,921000000,0.0,https://www.sec.gov/Archives/edgar/data/714310/000095011001000196/0000950110-01-000196-index.html,https://www.sec.gov/Archives/edgar/data/714310/000095011001000196/0000950110-01-000196-0001.txt
0,2000-09-30,VLY,2000-11-14 00:00:00,2000-11-14 00:00:00,Q3,0.0,0.0,0.0,0.0,0.0,0.0,0.0,86000000,0.0,0.0,0.0,0.0,0.0,0.0,0.0,0.0,6266000000,0.0,0.0,0.0,0.0,0.0,5151000000,592000000,0.0,0.0,0.0,592000000,0.0,5743000000,26000000,204000000,-28000000,-14000000,524000000,6266000000,0.0,760000000,0.0,https://www.sec.gov/Archives/edgar/data/714310/000071431000000034/0000714310-00-000034-index.html,https://www.sec.gov/Archives/edgar/data/714310/000071431000000034/0000714310-00-000034-0001.txt
0,2000-06-30,VLY,2000-08-14 00:00:00,2000-08-14 00:00:00,Q2,0.0,0.0,0.0,0.0,0.0,0.0,0.0,85000000,0.0,0.0,0.0,0.0,0.0,0.0,0.0,0.0,6293000000,0.0,0.0,0.0,0.0,0.0,5180000000,592000000,0.0,0.0,0.0,592000000,0.0,5772000000,26000000,194000000,-38000000,-19000000,521000000,6293000000,0.0,707000000,0.0,https://www.sec.gov/Archives/edgar/data/714310/000071431000000011/0000714310-00-000011-index.html,https://www.sec.gov/Archives/edgar/data/714310/000071431000000011/0000714310-00-000011-0001.txt
0,2000-03-31,VLY,2000-05-15 00:00:00,2000-05-15 00:00:00,Q1,0.0,0.0,0.0,0.0,0.0,0.0,0.0,85000000,0.0,0.0,0.0,0.0,0.0,0.0,0.0,0.0,6293000000,0.0,0.0,0.0,0.0,0.0,5173000000,592000000,0.0,0.0,0.0,592000000,0.0,5765000000,26000000,256000000,-40000000,-20000000,528000000,6293000000,0.0,691000000,0.0,https://www.sec.gov/Archives/edgar/data/714310/000071431000000005/0000714310-00-000005-index.html,https://www.sec.gov/Archives/edgar/data/714310/0000714310-00-000005.txt
0,1999-12-31,VLY,,,Q4,0.0,0.0,0.0,0.0,0.0,0.0,0.0,85000000,0.0,0.0,0.0,0.0,0.0,0.0,0.0,0.0,6360000000,0.0,0.0,0.0,0.0,0.0,5242000000,565000000,0.0,0.0,0.0,565000000,0.0,5807000000,26000000,245000000,-34000000,-17000000,554000000,6360000000,0.0,694000000,0.0,,
0,1999-09-30,VLY,1999-11-12 00:00:00,1999-11-12 00:00:00,Q3,0.0,0.0,0.0,0.0,0.0,0.0,0.0,82000000,0.0,0.0,0.0,0.0,0.0,0.0,0.0,0.0,6110000000,0.0,0.0,0.0,0.0,0.0,5127000000,415000000,0.0,0.0,46000000,415000000,46000000,5542000000,26000000,233000000,-20000000,-10000000,568000000,6110000000,0.0,484000000,0.0,https://www.sec.gov/Archives/edgar/data/714310/000071431099000032/0000714310-99-000032-index.html,https://www.sec.gov/Archives/edgar/data/714310/0000714310-99-000032.txt
0,1999-06-30,VLY,1999-08-13 00:00:00,1999-08-13 00:00:00,Q2,0.0,0.0,0.0,0.0,0.0,0.0,0.0,82000000,0.0,0.0,0.0,0.0,0.0,0.0,0.0,0.0,6110000000,0.0,0.0,0.0,0.0,0.0,5182000000,365000000,0.0,0.0,49000000,365000000,49000000,5547000000,26000000,222000000,-3000000.0,-1000000.0,563000000,6110000000,0.0,407000000,0.0,https://www.sec.gov/Archives/edgar/data/714310/000071431099000012/0000714310-99-000012-index.html,https://www.sec.gov/Archives/edgar/data/714310/0000714310-99-000012.txt
0,1999-03-31,VLY,,,Q1,0.0,0.0,0.0,0.0,0.0,0.0,0.0,83000000,0.0,0.0,0.0,0.0,0.0,0.0,0.0,0.0,6041000000,0.0,0.0,0.0,0.0,0.0,5097000000,344000000,0.0,0.0,26000000,344000000,26000000,5441000000,26000000,248000000,0.0,-2000000.0,601000000,6041000000,0.0,377000000,0.0,,
0,1998-12-31,VLY,1999-03-04 00:00:00,1999-03-04 00:00:00,Q4,0.0,0.0,0.0,0.0,0.0,0.0,0.0,83000000,0.0,0.0,0.0,0.0,0.0,0.0,0.0,0.0,5879000000,0.0,0.0,0.0,0.0,0.0,5076000000,213000000,0.0,0.0,23000000,213000000,23000000,5289000000,26000000,236000000,3000000.0,-2000000.0,590000000,5879000000,0.0,248000000,0.0,https://www.sec.gov/Archives/edgar/data/714310/000095011099000282/0000950110-99-000282-index.html,https://www.sec.gov/Archives/edgar/data/714310/0000950110-99-000282.txt
0,1998-09-30,VLY,1998-11-13 00:00:00,1998-11-13 00:00:00,Q3,0.0,0.0,0.0,0.0,0.0,0.0,0.0,82000000,0.0,0.0,0.0,0.0,0.0,0.0,0.0,0.0,5644000000,0.0,0.0,0.0,0.0,0.0,4957000000,113000000,0.0,0.0,43000000,113000000,43000000,5070000000,26000000,225000000,4000000.0,-2000000.0,574000000,5644000000,0.0,141000000,0.0,https://www.sec.gov/Archives/edgar/data/714310/000071431098000028/0000714310-98-000028-index.html,https://www.sec.gov/Archives/edgar/data/714310/0000714310-98-000028.txt
0,1998-06-30,VLY,1998-08-14 00:00:00,1998-08-14 00:00:00,Q2,0.0,0.0,0.0,0.0,0.0,0.0,0.0,82000000,0.0,0.0,0.0,0.0,0.0,0.0,0.0,0.0,5693000000,0.0,0.0,0.0,0.0,0.0,4994000000,138000000,0.0,0.0,51000000,138000000,51000000,5132000000,26000000,213000000,2000000.0,-2000000.0,560000000,5693000000,0.0,169000000,0.0,https://www.sec.gov/Archives/edgar/data/714310/000071431098000018/0000714310-98-000018-index.html,https://www.sec.gov/Archives/edgar/data/714310/0000714310-98-000018.txt
0,1998-03-31,VLY,1998-05-13 00:00:00,1998-05-13 00:00:00,Q1,0.0,0.0,0.0,0.0,0.0,0.0,0.0,76000000,0.0,0.0,0.0,0.0,0.0,0.0,0.0,0.0,5086000000,0.0,0.0,0.0,0.0,0.0,4490000000,114000000,0.0,0.0,32000000,114000000,32000000,4604000000,23000000,171000000,0.0,0.0,482000000,5086000000,0.0,130000000,0.0,https://www.sec.gov/Archives/edgar/data/714310/000071431098000009/0000714310-98-000009-index.html,https://www.sec.gov/Archives/edgar/data/714310/0000714310-98-000009.txt
0,1997-12-31,VLY,,,Q4,0.0,0.0,0.0,0.0,0.0,0.0,0.0,78000000,0.0,0.0,0.0,0.0,0.0,0.0,0.0,0.0,5361000000,0.0,0.0,0.0,0.0,0.0,4705000000,146000000,0.0,0.0,24000000,146000000,24000000,4851000000,24000000,179000000,8000000.0,4000000.0,509000000,5361000000,0.0,179000000,0.0,,
0,1997-09-30,VLY,1997-11-14 00:00:00,1997-11-14 00:00:00,Q3,0.0,0.0,0.0,0.0,0.0,0.0,0.0,73000000,0.0,0.0,0.0,0.0,0.0,0.0,0.0,0.0,5176000000,0.0,0.0,0.0,0.0,0.0,4577000000,134000000,0.0,0.0,0.0,134000000,0.0,4711000000,23000000,150000000,0.0,0.0,464000000,5176000000,0.0,155000000,0.0,https://www.sec.gov/Archives/edgar/data/714310/000071431097000017/0000714310-97-000017-index.html,https://www.sec.gov/Archives/edgar/data/714310/0000714310-97-000017.txt
0,1997-06-30,VLY,1997-08-15 00:00:00,1997-08-15 00:00:00,Q2,0.0,0.0,0.0,0.0,0.0,0.0,0.0,74000000,0.0,0.0,0.0,0.0,0.0,0.0,0.0,0.0,5130000000,0.0,0.0,0.0,0.0,0.0,4648000000,31000000,0.0,0.0,45000000,31000000,45000000,4679000000,23000000,140000000,0.0,0.0,451000000,5130000000,0.0,64000000,0.0,https://www.sec.gov/Archives/edgar/data/714310/000071431097000013/0000714310-97-000013-index.html,https://www.sec.gov/Archives/edgar/data/714310/0000714310-97-000013.txt
0,1997-03-31,VLY,1997-05-15 00:00:00,1997-05-15 00:00:00,Q1,0.0,0.0,0.0,0.0,0.0,0.0,0.0,73000000,0.0,0.0,0.0,0.0,0.0,0.0,0.0,0.0,5117000000,0.0,0.0,0.0,0.0,0.0,4648000000,33000000,0.0,0.0,28000000,33000000,28000000,4681000000,22000000,187000000,0.0,0.0,436000000,5117000000,0.0,52000000,0.0,https://www.sec.gov/Archives/edgar/data/714310/000071431097000010/0000714310-97-000010-index.html,https://www.sec.gov/Archives/edgar/data/714310/0000714310-97-000010.txt
0,1996-12-31,VLY,,,Q4,0.0,0.0,0.0,0.0,0.0,0.0,0.0,71000000,0.0,0.0,0.0,0.0,0.0,0.0,0.0,0.0,5116000000,0.0,0.0,0.0,0.0,0.0,4650000000,35000000,0.0,0.0,17000000,35000000,17000000,4685000000,22000000,177000000,0.0,0.0,430000000,5116000000,0.0,58000000,0.0,,
0,1996-09-30,VLY,1996-11-15 00:00:00,1996-11-15 00:00:00,Q3,0.0,0.0,0.0,0.0,0.0,0.0,0.0,62000000,0.0,0.0,0.0,0.0,0.0,0.0,0.0,0.0,4605000000,0.0,0.0,0.0,0.0,0.0,4186000000,37000000,0.0,0.0,38000000,37000000,38000000,4223000000,20000000,137000000,0.0,0.0,382000000,4605000000,0.0,66000000,0.0,https://www.sec.gov/Archives/edgar/data/714310/000071431096000020/0000714310-96-000020-index.html,https://www.sec.gov/Archives/edgar/data/714310/0000714310-96-000020.txt
0,1996-06-30,VLY,1996-08-14 00:00:00,1996-08-14 00:00:00,Q2,0.0,0.0,0.0,0.0,0.0,0.0,0.0,61000000,0.0,0.0,0.0,0.0,0.0,0.0,0.0,0.0,4563000000,0.0,0.0,0.0,0.0,0.0,4151000000,35000000,0.0,0.0,28000000,35000000,28000000,4186000000,20000000,131000000,0.0,0.0,377000000,4563000000,0.0,75000000,0.0,https://www.sec.gov/Archives/edgar/data/714310/000071431096000016/0000714310-96-000016-index.html,https://www.sec.gov/Archives/edgar/data/714310/0000714310-96-000016.txt
0,1996-03-31,VLY,1996-05-15 00:00:00,1996-05-15 00:00:00,Q1,0.0,0.0,0.0,0.0,0.0,0.0,0.0,61000000,0.0,0.0,0.0,0.0,0.0,0.0,0.0,0.0,4525000000,0.0,0.0,0.0,0.0,0.0,4090000000,49000000,0.0,0.0,12000000,49000000,12000000,4139000000,20000000,171000000,0.0,0.0,386000000,4525000000,0.0,69000000,0.0,https://www.sec.gov/Archives/edgar/data/714310/000071431096000012/0000714310-96-000012-index.html,https://www.sec.gov/Archives/edgar/data/714310/0000714310-96-000012.txt
0,1995-12-31,VLY,1996-02-29 00:00:00,1996-02-29 00:00:00,Q4,0.0,0.0,0.0,0.0,0.0,0.0,0.0,58000000,0.0,0.0,0.0,0.0,0.0,0.0,0.0,0.0,4586000000,0.0,0.0,0.0,0.0,0.0,4157000000,29000000,0.0,0.0,11000000,29000000,11000000,4186000000,20000000,162000000,0.0,0.0,400000000,4586000000,0.0,56000000,0.0,https://www.sec.gov/Archives/edgar/data/714310/000095012396000902/0000950123-96-000902-index.html,https://www.sec.gov/Archives/edgar/data/714310/0000950123-96-000902.txt
0,1995-09-30,VLY,1995-11-14 00:00:00,1995-11-14 00:00:00,Q3,0.0,0.0,0.0,0.0,0.0,0.0,0.0,58000000,0.0,0.0,0.0,0.0,0.0,0.0,0.0,0.0,4417000000,0.0,0.0,0.0,0.0,0.0,3995000000,32000000,0.0,0.0,18000000,32000000,18000000,4027000000,20000000,159000000,0.0,0.0,390000000,4417000000,0.0,81000000,0.0,https://www.sec.gov/Archives/edgar/data/714310/000071431095000018/0000714310-95-000018-index.html,https://www.sec.gov/Archives/edgar/data/714310/0000714310-95-000018.txt
0,1995-06-30,VLY,1995-08-11 00:00:00,1995-08-11 00:00:00,Q2,0.0,0.0,0.0,0.0,0.0,0.0,0.0,56000000,0.0,0.0,0.0,0.0,0.0,0.0,0.0,0.0,4459000000,0.0,0.0,0.0,0.0,0.0,4041000000,35000000,0.0,0.0,26000000,35000000,26000000,4076000000,20000000,151000000,0.0,0.0,383000000,4459000000,0.0,108000000,0.0,https://www.sec.gov/Archives/edgar/data/714310/000071431095000012/0000714310-95-000012-index.html,https://www.sec.gov/Archives/edgar/data/714310/0000714310-95-000012.txt
0,1995-03-31,VLY,1995-05-15 00:00:00,1995-05-15 00:00:00,Q1,0.0,0.0,0.0,0.0,0.0,0.0,0.0,49000000,0.0,0.0,0.0,0.0,0.0,0.0,0.0,0.0,3824000000,0.0,0.0,0.0,0.0,0.0,3500000000,2000000.0,0.0,0.0,9000000.0,2000000.0,9000000.0,3502000000,17000000,137000000,0.0,0.0,322000000,3824000000,0.0,32000000,0.0,https://www.sec.gov/Archives/edgar/data/714310/000071431095000010/0000714310-95-000010-index.html,https://www.sec.gov/Archives/edgar/data/714310/0000714310-95-000010.txt
0,1994-12-31,VLY,1995-02-28 00:00:00,1995-02-28 00:00:00,Q4,0.0,0.0,0.0,0.0,0.0,0.0,0.0,51000000,0.0,0.0,0.0,0.0,0.0,0.0,0.0,0.0,4419000000,0.0,0.0,0.0,0.0,0.0,4032000000,36000000,0.0,0.0,16000000,36000000,16000000,4068000000,19000000,179000000,0.0,0.0,351000000,4419000000,0.0,138000000,0.0,https://www.sec.gov/Archives/edgar/data/714310/000095012395000375/0000950123-95-000375-index.html,https://www.sec.gov/Archives/edgar/data/714310/0000950123-95-000375.txt
0,1994-09-30,VLY,1994-11-14 00:00:00,1994-11-14 00:00:00,Q3,0.0,0.0,0.0,0.0,0.0,0.0,0.0,41000000,0.0,0.0,0.0,0.0,0.0,0.0,0.0,0.0,3525000000,0.0,0.0,0.0,0.0,0.0,3243000000,2000000.0,0.0,0.0,6000000.0,2000000.0,6000000.0,3245000000,15000000,161000000,0.0,0.0,281000000,3525000000,0.0,33000000,0.0,https://www.sec.gov/Archives/edgar/data/714310/000071431094000023/0000714310-94-000023-index.html,https://www.sec.gov/Archives/edgar/data/714310/0000714310-94-000023.txt
0,1994-06-30,VLY,1994-08-15 00:00:00,1994-08-15 00:00:00,Q2,0.0,0.0,0.0,0.0,0.0,0.0,0.0,40000000,0.0,0.0,0.0,0.0,0.0,0.0,0.0,0.0,3502000000,0.0,0.0,0.0,0.0,0.0,3226000000,2000000.0,0.0,0.0,6000000.0,2000000.0,6000000.0,3228000000,15000000,154000000,0.0,0.0,273000000,3502000000,0.0,59000000,0.0,https://www.sec.gov/Archives/edgar/data/714310/000071431094000014/0000714310-94-000014-index.html,https://www.sec.gov/Archives/edgar/data/714310/0000714310-94-000014.txt
0,1994-03-31,VLY,1994-05-16 00:00:00,1994-05-16 00:00:00,Q1,0.0,0.0,0.0,0.0,0.0,0.0,0.0,40000000,0.0,0.0,0.0,0.0,0.0,0.0,0.0,0.0,3438000000,0.0,0.0,0.0,0.0,0.0,3164000000,3000000.0,0.0,0.0,6000000.0,3000000.0,6000000.0,3167000000,15000000,147000000,0.0,0.0,271000000,3438000000,0.0,53000000,0.0,https://www.sec.gov/Archives/edgar/data/714310/000071431094000009/0000714310-94-000009-index.html,https://www.sec.gov/Archives/edgar/data/714310/0000714310-94-000009.txt
