datetime,symbol,name,exchange,begin_date,marketCap,open,high,low,close,adjClose,volume,unadjustedVolume,change,changePercent,vwap
2000-05-01,BUI.TO,Buhler Industries Inc.,Toronto,2020-09-14,75950000.0,3.05,3.25,3.03,3.1,2.65,45400.0,45400.0,0.11000000000000001,0.9492499999999999,3.1258325000000005
2000-06-01,BUI.TO,Buhler Industries Inc.,Toronto,2020-09-14,82075000.0,3.15,3.4,3.05,3.35,2.87,90100.0,90100.0,-0.14,-0.1914545454545455,3.2007577272727272
2000-07-01,BUI.TO,Buhler Industries Inc.,Toronto,2020-09-14,90650000.0,3.25,3.7,3.21,3.7,3.17,76700.0,76700.0,0.07,0.09655000000000002,3.3503335
2000-08-01,BUI.TO,Buhler Industries Inc.,Toronto,2020-09-14,79560000.0,3.74,3.74,3.19,3.4,2.91,76100.0,76100.0,-0.04,-0.03509090909090911,3.405605909090909
2000-09-01,BUI.TO,Buhler Industries Inc.,Toronto,2020-09-14,83538000.0,3.4,3.6,3.26,3.57,3.05,71300.0,71300.0,-0.06999999999999999,-0.09580000000000001,3.0445
2000-10-01,BUI.TO,Buhler Industries Inc.,Toronto,2020-09-14,81900000.0,3.57,3.58,3.39,3.5,2.99,32800.0,32800.0,-0.31,-0.40814285714285714,3.145872380952381
2000-11-01,BUI.TO,Buhler Industries Inc.,Toronto,2020-09-14,83490000.0,3.5,3.5,3.25,3.45,2.95,53300.0,53300.0,-0.41000000000000003,-0.5378181818181819,2.76712090909091
2000-12-01,BUI.TO,Buhler Industries Inc.,Toronto,2020-09-14,82522000.0,3.35,3.5,3.0,3.41,2.94,107700.0,107700.0,-0.22,-0.34131578947368424,3.1177199999999994
2001-01-01,BUI.TO,Buhler Industries Inc.,Toronto,2020-09-14,81070000.0,3.49,3.49,3.2,3.35,2.89,116800.0,116800.0,-0.5200000000000001,-0.6775454545454546,2.907575000000001
2001-02-01,BUI.TO,Buhler Industries Inc.,Toronto,2020-09-14,81070000.0,3.4,3.5,3.33,3.35,2.89,218600.0,218600.0,0.11,0.17059999999999995,3.2444995
2001-03-01,BUI.TO,Buhler Industries Inc.,Toronto,2020-09-14,83248000.0,3.35,3.75,3.31,3.44,2.96,676800.0,676800.0,-0.6900000000000001,-0.8697272727272729,3.4148486363636366
2001-04-01,BUI.TO,Buhler Industries Inc.,Toronto,2020-09-14,85668000.0,3.42,3.55,3.38,3.54,3.05,259700.0,259700.0,-0.030000000000000013,-0.032449999999999965,3.4683340000000014
2001-05-01,BUI.TO,Buhler Industries Inc.,Toronto,2020-09-14,84700000.0,3.48,3.55,3.46,3.5,3.02,124600.0,124600.0,-0.029999999999999985,-0.03409090909090908,3.3519695454545455
2001-06-01,BUI.TO,Buhler Industries Inc.,Toronto,2020-09-14,83490000.0,3.5,3.55,3.2,3.45,2.97,130500.0,130500.0,0.09999999999999996,0.15004761904761899,3.138254285714285
2001-07-01,BUI.TO,Buhler Industries Inc.,Toronto,2020-09-14,84458000.0,3.55,3.55,3.4,3.49,3.01,121200.0,121200.0,-0.5299999999999999,-0.7179999999999999,2.656666666666667
2001-08-01,BUI.TO,Buhler Industries Inc.,Toronto,2020-09-14,82522000.0,3.49,3.6,3.35,3.41,2.94,538700.0,538700.0,-0.05,-0.06300000000000001,2.6965150000000007
2001-09-01,BUI.TO,Buhler Industries Inc.,Toronto,2020-09-14,87120000.0,3.41,3.6,3.35,3.6,3.1,415000.0,415000.0,0.53,0.9141764705882354,2.4327441176470592
2001-10-01,BUI.TO,Buhler Industries Inc.,Toronto,2020-09-14,84942000.0,3.52,3.55,3.45,3.51,3.02,43700.0,43700.0,-0.22000000000000003,-0.28222727272727266,2.235605909090909
2001-11-01,BUI.TO,Buhler Industries Inc.,Toronto,2020-09-14,80812000.0,3.6,3.65,3.48,3.56,3.07,65300.0,65300.0,0.27,0.3505909090909091,2.440757727272728
2001-12-01,BUI.TO,Buhler Industries Inc.,Toronto,2020-09-14,85125000.0,3.6,3.86,3.6,3.75,3.33,53700.0,53700.0,0.09999999999999998,0.14705263157894738,3.142456315789474
2002-01-01,BUI.TO,Buhler Industries Inc.,Toronto,2020-09-14,87395000.0,3.71,4.0,3.68,3.85,3.42,283700.0,283700.0,-0.18,-0.2030909090909091,3.6327277272727274
2002-02-01,BUI.TO,Buhler Industries Inc.,Toronto,2020-09-14,97990000.0,3.86,4.1,3.85,4.1,3.64,152300.0,152300.0,0.30999999999999994,0.40145,3.751333
2002-03-01,BUI.TO,Buhler Industries Inc.,Toronto,2020-09-14,98946000.0,4.01,4.21,4.0,4.14,3.68,310600.0,310600.0,-0.05,-0.05059999999999999,3.6918335000000004
2002-04-01,BUI.TO,Buhler Industries Inc.,Toronto,2020-09-14,114720000.0,4.15,4.85,4.14,4.8,4.26,133600.0,133600.0,-0.19,-0.15940909090909092,4.272575909090909
2002-05-01,BUI.TO,Buhler Industries Inc.,Toronto,2020-09-14,109250000.0,4.7,4.81,4.65,4.75,4.22,118200.0,118200.0,-0.04999999999999999,-0.04563636363636363,4.296817727272726
2002-06-01,BUI.TO,Buhler Industries Inc.,Toronto,2020-09-14,116610000.0,4.8,5.11,4.8,5.07,4.5,125300.0,125300.0,0.04999999999999999,0.06459999999999996,4.496333
2002-07-01,BUI.TO,Buhler Industries Inc.,Toronto,2020-09-14,126270000.0,5.14,5.49,5.05,5.49,4.88,135600.0,135600.0,0.05,0.05186363636363638,5.235909545454545
2002-08-01,BUI.TO,Buhler Industries Inc.,Toronto,2020-09-14,120960000.0,5.49,5.5,5.35,5.4,4.8,158800.0,158800.0,0.13,0.11552380952380953,4.654444285714287
2002-09-01,BUI.TO,Buhler Industries Inc.,Toronto,2020-09-14,117600000.0,5.39,5.5,5.2,5.25,4.66,250700.0,250700.0,0.13,0.12945,4.821166000000001
2002-10-01,BUI.TO,Buhler Industries Inc.,Toronto,2020-09-14,123200000.0,5.35,5.55,5.2,5.5,4.89,65800.0,65800.0,0.21,0.18568181818181817,4.1184854545454535
2002-11-01,BUI.TO,Buhler Industries Inc.,Toronto,2020-09-14,135010000.0,5.55,5.87,5.5,5.87,5.21,68900.0,68900.0,0.09000000000000004,0.08733333333333335,5.689523809523809
2002-12-01,BUI.TO,Buhler Industries Inc.,Toronto,2020-09-14,131100000.0,5.87,5.92,5.45,5.7,5.17,221200.0,221200.0,0.06999999999999998,0.06239999999999994,5.7341665
2003-01-01,BUI.TO,Buhler Industries Inc.,Toronto,2020-09-14,132250000.0,5.6,5.75,5.37,5.75,5.22,235100.0,235100.0,0.45000000000000007,0.3772727272727273,5.519242272727274
2003-02-01,BUI.TO,Buhler Industries Inc.,Toronto,2020-09-14,128800000.0,5.6,5.8,5.51,5.6,5.08,153300.0,153300.0,0.5599999999999999,0.5021500000000001,5.689499499999998
2003-03-01,BUI.TO,Buhler Industries Inc.,Toronto,2020-09-14,127650000.0,5.63,5.78,5.49,5.55,5.04,94700.0,94700.0,-0.039999999999999994,-0.029095238095238053,5.33444380952381
2003-04-01,BUI.TO,Buhler Industries Inc.,Toronto,2020-09-14,126960000.0,5.5,5.57,5.45,5.52,5.01,118600.0,118600.0,-0.06999999999999998,-0.0591904761904762,5.506189999999999
2003-05-01,BUI.TO,Buhler Industries Inc.,Toronto,2020-09-14,126040000.0,5.49,5.6,5.46,5.48,4.97,79400.0,79400.0,0.16000000000000003,0.13895238095238097,4.98079380952381
2003-06-01,BUI.TO,Buhler Industries Inc.,Toronto,2020-09-14,126040000.0,5.49,5.59,5.48,5.48,4.97,65900.0,65900.0,-0.030000000000000016,-0.025285714285714293,5.5166666666666675
2003-07-01,BUI.TO,Buhler Industries Inc.,Toronto,2020-09-14,126500000.0,5.53,5.59,5.5,5.5,4.99,63700.0,63700.0,0.16,0.13236363636363635,5.015453636363637
2003-08-01,BUI.TO,Buhler Industries Inc.,Toronto,2020-09-14,127190000.0,5.5,5.58,5.5,5.53,5.02,71300.0,71300.0,0.08,0.07270000000000001,5.530832500000002
2003-09-01,BUI.TO,Buhler Industries Inc.,Toronto,2020-09-14,128110000.0,5.53,5.6,5.51,5.57,5.06,76500.0,76500.0,-0.02000000000000001,-0.017047619047619037,5.0168252380952385
2003-10-01,BUI.TO,Buhler Industries Inc.,Toronto,2020-09-14,131100000.0,5.56,5.9,5.52,5.7,5.17,39500.0,39500.0,0.5299999999999999,0.43372727272727274,5.133484545454546
2003-11-01,BUI.TO,Buhler Industries Inc.,Toronto,2020-09-14,136390000.0,5.75,5.93,5.67,5.93,5.38,248000.0,248000.0,0.03,0.026349999999999995,5.4648330000000005
2003-12-01,BUI.TO,Buhler Industries Inc.,Toronto,2020-09-14,131100000.0,5.84,5.98,5.48,5.7,5.29,638100.0,638100.0,0.38,0.3109090909090909,5.264848181818182
2004-01-01,BUI.TO,Buhler Industries Inc.,Toronto,2020-09-14,140300000.0,5.75,6.18,5.63,6.1,5.66,684600.0,684600.0,0.45,0.3784285714285714,5.8114276190476195
2004-02-01,BUI.TO,Buhler Industries Inc.,Toronto,2020-09-14,154350000.0,6.15,6.55,6.01,6.3,5.85,2554500.0,2554500.0,0.13999999999999996,0.11875000000000002,6.1663335
2004-03-01,BUI.TO,Buhler Industries Inc.,Toronto,2020-09-14,154595000.0,6.3,6.38,6.18,6.31,5.86,304100.0,304100.0,-0.07,-0.047434782608695644,6.310723913043477
2004-04-01,BUI.TO,Buhler Industries Inc.,Toronto,2020-09-14,160475000.0,6.34,6.8,6.25,6.55,6.08,122000.0,122000.0,0.03,0.03304761904761903,6.4126980952380945
2004-05-01,BUI.TO,Buhler Industries Inc.,Toronto,2020-09-14,162500000.0,6.7,7.3,6.36,6.5,6.03,244800.0,244800.0,-0.16999999999999998,-0.11124999999999996,6.3826670000000005
2004-06-01,BUI.TO,Buhler Industries Inc.,Toronto,2020-09-14,166250000.0,6.59,6.79,6.53,6.65,6.17,37200.0,37200.0,0.07,0.04786363636363636,5.728333636363637
2004-07-01,BUI.TO,Buhler Industries Inc.,Toronto,2020-09-14,165000000.0,6.6,6.8,6.6,6.6,6.13,48200.0,48200.0,-0.42,-0.2968571428571429,5.724127142857142
2004-08-01,BUI.TO,Buhler Industries Inc.,Toronto,2020-09-14,164996000.0,6.6,6.75,6.6,6.68,6.2,41500.0,41500.0,0.09,0.06576190476190477,5.7041266666666655
2004-09-01,BUI.TO,Buhler Industries Inc.,Toronto,2020-09-14,177840000.0,6.7,7.2,6.7,7.2,6.68,69400.0,69400.0,0.36,0.2501904761904762,5.8714280952380955
2004-10-01,BUI.TO,Buhler Industries Inc.,Toronto,2020-09-14,172900000.0,7.1,7.1,6.95,7.0,6.5,409300.0,409300.0,0.05,0.0383,6.327666500000001
2004-11-01,BUI.TO,Buhler Industries Inc.,Toronto,2020-09-14,187500000.0,7.0,7.62,6.75,7.5,6.96,201400.0,201400.0,-0.10000000000000003,-0.06586363636363637,5.865302727272726
2004-12-01,BUI.TO,Buhler Industries Inc.,Toronto,2020-09-14,189500000.0,7.63,7.63,7.06,7.58,7.07,250200.0,250200.0,0.040000000000000036,0.040190476190476186,7.306191428571428
2005-01-01,BUI.TO,Buhler Industries Inc.,Toronto,2020-09-14,182500000.0,7.5,7.6,7.1,7.3,6.81,136100.0,136100.0,-0.3600000000000001,-0.23380000000000006,7.3553345000000006
2005-02-01,BUI.TO,Buhler Industries Inc.,Toronto,2020-09-14,180000000.0,7.3,7.4,7.1,7.2,6.72,73800.0,73800.0,-0.08999999999999996,-0.05870000000000001,6.840999500000001
2005-03-01,BUI.TO,Buhler Industries Inc.,Toronto,2020-09-14,181500000.0,7.16,7.4,7.12,7.26,6.77,73800.0,73800.0,0.18999999999999995,0.12340909090909093,6.585757272727273
2005-04-01,BUI.TO,Buhler Industries Inc.,Toronto,2020-09-14,181250000.0,7.33,7.45,7.21,7.25,6.76,128700.0,128700.0,0.16,0.10842857142857146,7.298254285714284
2005-05-01,BUI.TO,Buhler Industries Inc.,Toronto,2020-09-14,184000000.0,7.25,7.42,7.25,7.36,6.87,63900.0,63900.0,0.12,0.079,6.272857619047619
2005-06-01,BUI.TO,Buhler Industries Inc.,Toronto,2020-09-14,181250000.0,7.35,7.44,7.23,7.25,6.76,90800.0,90800.0,-0.4700000000000001,-0.2884090909090909,6.990454090909091
2005-07-01,BUI.TO,Buhler Industries Inc.,Toronto,2020-09-14,183500000.0,7.25,7.36,7.2,7.34,6.85,115900.0,115900.0,-0.25000000000000006,-0.1697,7.274000000000001
2005-08-01,BUI.TO,Buhler Industries Inc.,Toronto,2020-09-14,180250000.0,7.3,7.44,7.2,7.21,6.73,96800.0,96800.0,-0.14,-0.0855909090909091,6.2921213636363635
2005-09-01,BUI.TO,Buhler Industries Inc.,Toronto,2020-09-14,183750000.0,7.21,7.35,7.0,7.35,6.86,64900.0,64900.0,0.1,0.06709523809523808,7.206825238095237
2005-10-01,BUI.TO,Buhler Industries Inc.,Toronto,2020-09-14,175000000.0,7.22,7.35,7.0,7.0,6.53,44000.0,44000.0,0.20000000000000004,0.14015,6.1191665
2005-11-01,BUI.TO,Buhler Industries Inc.,Toronto,2020-09-14,182500000.0,7.15,7.4,6.9,7.3,6.95,74100.0,74100.0,0.58,0.38286363636363646,5.916060909090908
2005-12-01,BUI.TO,Buhler Industries Inc.,Toronto,2020-09-14,185000000.0,7.3,7.44,7.2,7.4,7.05,76900.0,76900.0,0.15000000000000002,0.1028,5.1093329999999995
2006-01-01,BUI.TO,Buhler Industries Inc.,Toronto,2020-09-14,175000000.0,7.3,7.35,6.85,7.0,6.67,525400.0,525400.0,-0.38,-0.2507142857142857,7.241110952380953
2006-02-01,BUI.TO,Buhler Industries Inc.,Toronto,2020-09-14,172500000.0,7.05,7.24,6.8,6.9,6.57,384100.0,384100.0,-0.32,-0.22225,7.0426665
2006-03-01,BUI.TO,Buhler Industries Inc.,Toronto,2020-09-14,178750000.0,6.9,7.34,6.86,7.15,6.81,90000.0,90000.0,0.23,0.1421739130434783,6.55188391304348
2006-04-01,BUI.TO,Buhler Industries Inc.,Toronto,2020-09-14,176250000.0,7.2,7.6,6.89,7.05,6.71,122300.0,122300.0,-0.08000000000000002,-0.03863157894736842,7.241930526315789
2006-05-01,BUI.TO,Buhler Industries Inc.,Toronto,2020-09-14,165000000.0,7.05,7.05,6.5,6.6,6.29,1046900.0,1046900.0,-0.42999999999999994,-0.2879090909090909,5.9162122727272735
2006-06-01,BUI.TO,Buhler Industries Inc.,Toronto,2020-09-14,157500000.0,6.61,6.69,6.12,6.3,6.0,58600.0,58600.0,-0.35,-0.24627272727272728,5.805604999999999
2006-07-01,BUI.TO,Buhler Industries Inc.,Toronto,2020-09-14,135000000.0,6.25,6.3,4.35,5.4,5.14,244800.0,244800.0,-0.64,-0.5429,5.6358324999999985
2006-08-01,BUI.TO,Buhler Industries Inc.,Toronto,2020-09-14,140000000.0,5.5,6.0,5.41,5.6,5.33,185600.0,185600.0,0.53,0.4289090909090909,5.328332727272727
2006-09-01,BUI.TO,Buhler Industries Inc.,Toronto,2020-09-14,140000000.0,5.7,5.74,5.52,5.6,5.33,164100.0,164100.0,-0.08,-0.07035000000000001,4.217
2006-10-01,BUI.TO,Buhler Industries Inc.,Toronto,2020-09-14,137500000.0,5.6,5.7,5.5,5.5,5.24,33400.0,33400.0,-0.30000000000000004,-0.2517142857142857,4.227300952380953
2006-11-01,BUI.TO,Buhler Industries Inc.,Toronto,2020-09-14,137500000.0,5.5,5.85,5.36,5.5,5.38,73900.0,73900.0,0.45,0.36909090909090914,4.58
2006-12-01,BUI.TO,Buhler Industries Inc.,Toronto,2020-09-14,141250000.0,5.5,5.7,5.0,5.65,5.52,2409300.0,2409300.0,1.3877787807814457e-17,0.04010526315789475,4.5484210526315785
2007-01-01,BUI.TO,Buhler Industries Inc.,Toronto,2020-09-14,140000000.0,5.52,6.05,5.3,5.6,5.47,122700.0,122700.0,-0.030000000000000006,-0.01795454545454547,5.346515
2007-02-01,BUI.TO,Buhler Industries Inc.,Toronto,2020-09-14,147500000.0,5.6,6.0,5.6,5.9,5.77,188300.0,188300.0,0.16000000000000006,0.13870000000000002,5.445334000000001
2007-03-01,BUI.TO,Buhler Industries Inc.,Toronto,2020-09-14,141000000.0,6.05,6.3,5.61,5.64,5.51,55400.0,55400.0,-0.009999999999999953,0.031499999999999945,5.6768186363636355
2007-04-01,BUI.TO,Buhler Industries Inc.,Toronto,2020-09-14,147500000.0,5.62,6.29,5.61,5.9,5.77,36800.0,36800.0,-1.25,-0.9864499999999999,5.306834500000001
2007-05-01,BUI.TO,Buhler Industries Inc.,Toronto,2020-09-14,146250000.0,5.9,6.12,5.75,5.85,5.72,112200.0,112200.0,0.48999999999999994,0.38681818181818195,5.078333636363637
2007-06-01,BUI.TO,Buhler Industries Inc.,Toronto,2020-09-14,155250000.0,5.85,6.21,5.74,6.21,6.07,2288700.0,2288700.0,0.55,0.4546666666666668,5.01841238095238
2007-07-01,BUI.TO,Buhler Industries Inc.,Toronto,2020-09-14,161250000.0,5.7,7.25,5.44,6.45,6.31,95600.0,95600.0,0.5100000000000001,0.48338095238095247,5.5646023809523815
2007-08-01,BUI.TO,Buhler Industries Inc.,Toronto,2020-09-14,147250000.0,6.45,6.5,5.86,5.89,5.76,34500.0,34500.0,-0.4,-0.29095454545454547,4.608636363636363
2007-09-01,BUI.TO,Buhler Industries Inc.,Toronto,2020-09-14,172500000.0,5.99,6.9,5.99,6.9,6.9,213900.0,213900.0,0.18,0.167,6.183684210526318
2007-10-01,BUI.TO,Buhler Industries Inc.,Toronto,2020-09-14,150000000.0,6.75,6.9,6.0,6.0,6.0,82300.0,82300.0,-0.26999999999999996,-0.19977272727272724,4.842879090909093
2007-11-01,BUI.TO,Buhler Industries Inc.,Toronto,2020-09-14,149000000.0,5.9,6.14,5.0,5.96,5.96,1209600.0,1209600.0,0.4799999999999999,0.40654545454545443,4.771060454545455
2007-12-01,BUI.TO,Buhler Industries Inc.,Toronto,2020-09-14,150000000.0,5.68,6.25,5.68,6.0,6.0,230800.0,230800.0,0.49,0.45073684210526316,4.42421052631579
2008-01-01,BUI.TO,Buhler Industries Inc.,Toronto,2020-09-14,142000000.0,6.05,6.35,5.68,5.68,5.68,81600.0,81600.0,0.5199999999999999,0.3941818181818182,5.236212727272728
2008-02-01,BUI.TO,Buhler Industries Inc.,Toronto,2020-09-14,150000000.0,5.68,6.2,5.26,6.0,6.0,84100.0,84100.0,-0.32999999999999996,-0.27414999999999995,4.1413335
2008-03-01,BUI.TO,Buhler Industries Inc.,Toronto,2020-09-14,144750000.0,6.0,6.16,5.76,5.79,5.79,50600.0,50600.0,0.30999999999999994,0.26789999999999997,4.655666500000001
2008-04-01,BUI.TO,Buhler Industries Inc.,Toronto,2020-09-14,146250000.0,5.79,5.99,5.56,5.85,5.85,26600.0,26600.0,0.19000000000000003,0.157,3.914242272727273
2008-05-01,BUI.TO,Buhler Industries Inc.,Toronto,2020-09-14,149000000.0,5.9,6.6,5.78,5.96,5.96,43200.0,43200.0,0.7200000000000001,0.5860952380952381,5.146508571428571
2008-06-01,BUI.TO,Buhler Industries Inc.,Toronto,2020-09-14,137750000.0,5.97,5.99,5.51,5.51,5.51,167300.0,167300.0,-0.35000000000000003,-0.2810476190476191,3.05825380952381
2008-07-01,BUI.TO,Buhler Industries Inc.,Toronto,2020-09-14,145250000.0,5.51,6.05,5.41,5.81,5.81,13900.0,13900.0,0.2,0.15695454545454546,3.1065154545454545
2008-08-01,BUI.TO,Buhler Industries Inc.,Toronto,2020-09-14,145000000.0,5.81,6.16,5.75,5.8,5.8,65700.0,65700.0,0.26999999999999996,0.23454999999999998,4.1439995
2008-09-01,BUI.TO,Buhler Industries Inc.,Toronto,2020-09-14,135250000.0,5.87,5.87,5.4,5.41,5.41,92000.0,92000.0,-0.15,-0.12852380952380954,2.9720638095238097
2008-10-01,BUI.TO,Buhler Industries Inc.,Toronto,2020-09-14,137500000.0,5.41,5.5,4.75,5.5,5.5,50400.0,50400.0,0.41000000000000003,0.39400000000000013,3.778031363636363
2008-11-01,BUI.TO,Buhler Industries Inc.,Toronto,2020-09-14,135000000.0,5.55,5.85,5.4,5.4,5.4,32200.0,32200.0,0.10000000000000003,0.09179999999999995,3.0733335
2008-12-01,BUI.TO,Buhler Industries Inc.,Toronto,2020-09-14,158500000.0,5.4,6.34,5.4,6.34,6.34,21700.0,21700.0,0.54,0.44709523809523805,4.395872857142857
2009-01-01,BUI.TO,Buhler Industries Inc.,Toronto,2020-09-14,127750000.0,6.34,6.34,5.11,5.11,5.11,26000.0,26000.0,-0.69,-0.5652857142857142,3.5688890476190473
2009-02-01,BUI.TO,Buhler Industries Inc.,Toronto,2020-09-14,127750000.0,5.26,5.8,5.1,5.11,5.11,19600.0,19600.0,-1.58,-1.4657894736842105,4.537544210526316
2009-03-01,BUI.TO,Buhler Industries Inc.,Toronto,2020-09-14,131250000.0,5.2,5.4,4.81,5.25,5.25,12500.0,12500.0,0.5299999999999999,0.5113181818181818,2.8424240909090908
2009-04-01,BUI.TO,Buhler Industries Inc.,Toronto,2020-09-14,147500000.0,5.25,5.99,5.25,5.9,5.9,15100.0,15100.0,-0.37000000000000005,-0.3139047619047619,4.017142857142857
2009-05-01,BUI.TO,Buhler Industries Inc.,Toronto,2020-09-14,140000000.0,5.89,5.9,5.31,5.6,5.6,44300.0,44300.0,-0.6300000000000001,-0.542,4.802667
2009-06-01,BUI.TO,Buhler Industries Inc.,Toronto,2020-09-14,133750000.0,5.6,5.9,5.23,5.35,5.35,147300.0,147300.0,-0.72,-0.5706818181818182,3.4569699999999988
2009-07-01,BUI.TO,Buhler Industries Inc.,Toronto,2020-09-14,132000000.0,5.4,5.6,5.0,5.28,5.28,350800.0,350800.0,-0.39,-0.33036363636363636,4.053788181818182
2009-08-01,BUI.TO,Buhler Industries Inc.,Toronto,2020-09-14,122500000.0,5.3,5.31,4.9,4.9,4.9,16200.0,16200.0,-0.5499999999999999,-0.5223,2.3260005
2009-09-01,BUI.TO,Buhler Industries Inc.,Toronto,2020-09-14,131250000.0,4.9,5.49,4.9,5.25,5.25,14300.0,14300.0,0.3,0.2689047619047619,3.5458728571428573
2009-10-01,BUI.TO,Buhler Industries Inc.,Toronto,2020-09-14,132500000.0,5.19,5.3,5.1,5.3,5.3,161500.0,161500.0,-0.11,-0.10147619047619048,2.7325399999999993
2009-11-01,BUI.TO,Buhler Industries Inc.,Toronto,2020-09-14,143750000.0,5.3,5.76,5.29,5.75,5.75,325200.0,325200.0,-0.05,-0.04523809523809524,3.923809523809523
2009-12-01,BUI.TO,Buhler Industries Inc.,Toronto,2020-09-14,147000000.0,5.75,5.88,5.31,5.88,5.88,155500.0,155500.0,-0.010000000000000009,0.0020476190476190546,3.501111428571429
2010-01-01,BUI.TO,Buhler Industries Inc.,Toronto,2020-09-14,137500000.0,5.88,6.0,5.26,5.5,5.5,354000.0,354000.0,-0.67,-0.5881000000000001,3.1021665
2010-02-01,BUI.TO,Buhler Industries Inc.,Toronto,2020-09-14,142500000.0,5.7,5.94,5.3,5.7,5.7,213600.0,213600.0,-0.25,-0.23036842105263156,3.584736842105263
2010-03-01,BUI.TO,Buhler Industries Inc.,Toronto,2020-09-14,138750000.0,5.75,5.89,5.5,5.55,5.55,101000.0,101000.0,-1.0300000000000002,-0.7745652173913042,3.451014347826088
2010-04-01,BUI.TO,Buhler Industries Inc.,Toronto,2020-09-14,144000000.0,5.51,5.8,5.51,5.76,5.76,15200.0,15200.0,-0.41,-0.34323809523809523,2.939206666666667
2010-05-01,BUI.TO,Buhler Industries Inc.,Toronto,2020-09-14,142500000.0,5.75,5.85,5.7,5.7,5.7,5500.0,5500.0,-0.039999999999999994,-0.03415,2.8776665
2010-06-01,BUI.TO,Buhler Industries Inc.,Toronto,2020-09-14,146250000.0,5.7,5.89,5.51,5.85,5.85,193000.0,193000.0,-0.29,-0.23022727272727275,2.609545909090909
2010-07-01,BUI.TO,Buhler Industries Inc.,Toronto,2020-09-14,142750000.0,5.85,5.9,5.71,5.71,5.71,154700.0,154700.0,-0.22999999999999998,-0.1880952380952381,1.383491904761905
2010-08-01,BUI.TO,Buhler Industries Inc.,Toronto,2020-09-14,150000000.0,5.71,6.0,5.71,6.0,6.0,174200.0,174200.0,0.05,0.04104761904761905,2.5104761904761905
2010-09-01,BUI.TO,Buhler Industries Inc.,Toronto,2020-09-14,145250000.0,6.0,6.0,5.71,5.81,5.81,113400.0,113400.0,-0.29000000000000004,-0.23014285714285712,2.7765076190476194
2010-10-01,BUI.TO,Buhler Industries Inc.,Toronto,2020-09-14,148750000.0,5.81,5.95,5.71,5.95,5.95,9700.0,9700.0,0.13,0.1119,2.9241665
2010-11-01,BUI.TO,Buhler Industries Inc.,Toronto,2020-09-14,149750000.0,5.82,6.01,5.71,5.99,5.99,103200.0,103200.0,0.18000000000000002,0.14277272727272727,4.585606363636364
2010-12-01,BUI.TO,Buhler Industries Inc.,Toronto,2020-09-14,147750000.0,5.99,6.35,5.61,5.91,5.91,127100.0,127100.0,0.12000000000000001,0.10538095238095242,4.562380952380952
2011-01-01,BUI.TO,Buhler Industries Inc.,Toronto,2020-09-14,156250000.0,5.91,6.48,5.85,6.25,6.25,26300.0,26300.0,0.23,0.21345,4.2716665
2011-02-01,BUI.TO,Buhler Industries Inc.,Toronto,2020-09-14,150000000.0,6.25,6.5,5.95,6.0,6.0,32400.0,32400.0,0.15000000000000002,0.1367368421052631,4.195614210526316
2011-03-01,BUI.TO,Buhler Industries Inc.,Toronto,2020-09-14,149750000.0,6.03,6.09,5.26,5.99,5.99,91100.0,91100.0,-0.37,-0.2701304347826087,3.099565217391304
2011-04-01,BUI.TO,Buhler Industries Inc.,Toronto,2020-09-14,152250000.0,5.99,6.12,5.86,6.09,6.09,53400.0,53400.0,0.61,0.5143,1.8165
2011-05-01,BUI.TO,Buhler Industries Inc.,Toronto,2020-09-14,145750000.0,6.09,6.09,5.75,5.83,5.83,46700.0,46700.0,-0.009999999999999995,-0.006523809523809525,2.806349047619048
2011-06-01,BUI.TO,Buhler Industries Inc.,Toronto,2020-09-14,135000000.0,5.81,5.85,5.4,5.4,5.4,146900.0,146900.0,-0.61,-0.49186363636363634,3.8515159090909092
2011-07-01,BUI.TO,Buhler Industries Inc.,Toronto,2020-09-14,143250000.0,5.4,5.9,5.4,5.73,5.73,7400.0,7400.0,0.2,0.1814,2.5221665
2011-08-01,BUI.TO,Buhler Industries Inc.,Toronto,2020-09-14,133000000.0,5.66,5.66,5.2,5.32,5.32,28000.0,28000.0,0.049999999999999996,0.044409090909090905,1.496515
2011-09-01,BUI.TO,Buhler Industries Inc.,Toronto,2020-09-14,140000000.0,5.3,5.6,5.24,5.6,5.6,15900.0,15900.0,-0.06,-0.0539047619047619,1.5409523809523809
2011-10-01,BUI.TO,Buhler Industries Inc.,Toronto,2020-09-14,138750000.0,5.6,5.6,5.4,5.55,5.55,199200.0,199200.0,-0.19,-0.1693,2.7520004999999994
2011-11-01,BUI.TO,Buhler Industries Inc.,Toronto,2020-09-14,140705000.0,5.55,5.55,5.22,5.35,5.35,119700.0,119700.0,-0.33,-0.2702727272727273,1.2422727272727272
2011-12-01,BUI.TO,Buhler Industries Inc.,Toronto,2020-09-14,142020000.0,5.35,5.51,5.2,5.4,5.4,462700.0,462700.0,0.22,0.21395,1.6018335000000001
2012-01-01,BUI.TO,Buhler Industries Inc.,Toronto,2020-09-14,143335000.0,5.4,5.5,5.25,5.45,5.45,147800.0,147800.0,-0.03,-0.0260952380952381,2.3282538095238094
2012-02-01,BUI.TO,Buhler Industries Inc.,Toronto,2020-09-14,133956000.0,5.45,5.49,5.35,5.49,5.49,1400.0,1400.0,0.0,0.0,0.8164999999999999
2012-03-01,BUI.TO,Buhler Industries Inc.,Toronto,2020-09-14,131760000.0,5.49,5.56,5.35,5.4,5.4,4900.0,4900.0,0.060000000000000005,0.05072727272727273,1.7328786363636361
2012-04-01,BUI.TO,Buhler Industries Inc.,Toronto,2020-09-14,125904000.0,5.4,5.58,5.04,5.16,5.16,12100.0,12100.0,-0.27999999999999997,-0.24225000000000002,0.7991665
2012-05-01,BUI.TO,Buhler Industries Inc.,Toronto,2020-09-14,140000000.0,5.16,5.69,5.16,5.6,5.6,29900.0,29900.0,0.31999999999999995,0.26677272727272733,3.22696909090909
2012-06-01,BUI.TO,Buhler Industries Inc.,Toronto,2020-09-14,137250000.0,5.6,5.68,5.4,5.49,5.49,8600.0,8600.0,-0.09999999999999999,-0.08533333333333333,1.5953966666666666
2012-07-01,BUI.TO,Buhler Industries Inc.,Toronto,2020-09-14,135000000.0,5.49,5.59,5.31,5.4,5.4,30900.0,30900.0,0.009999999999999995,0.012428571428571435,1.0360319047619047
2012-08-01,BUI.TO,Buhler Industries Inc.,Toronto,2020-09-14,139808000.0,5.45,5.56,5.31,5.44,5.44,68500.0,68500.0,0.4799999999999999,0.4084545454545454,2.2366668181818183
2012-09-01,BUI.TO,Buhler Industries Inc.,Toronto,2020-09-14,137495000.0,5.55,5.6,5.3,5.35,5.35,161400.0,161400.0,-0.22000000000000003,-0.2062631578947368,3.142631052631579
2012-10-01,BUI.TO,Buhler Industries Inc.,Toronto,2020-09-14,139037000.0,5.51,5.75,5.41,5.41,5.41,14300.0,14300.0,0.10000000000000003,0.08413636363636365,2.02197
2012-11-01,BUI.TO,Buhler Industries Inc.,Toronto,2020-09-14,140970000.0,5.41,5.63,5.3,5.55,5.55,21400.0,21400.0,0.04,0.03936363636363636,2.7383336363636364
2012-12-01,BUI.TO,Buhler Industries Inc.,Toronto,2020-09-14,144272000.0,5.55,5.69,5.2,5.68,5.68,138600.0,138600.0,-0.34,-0.331,4.278596315789473
2013-01-01,BUI.TO,Buhler Industries Inc.,Toronto,2020-09-14,175260000.0,5.64,7.25,5.31,6.9,6.9,79500.0,79500.0,0.13000000000000012,0.08968181818181821,5.102424545454546
2013-02-01,BUI.TO,Buhler Industries Inc.,Toronto,2020-09-14,143750000.0,6.9,6.9,5.65,5.75,5.75,145800.0,145800.0,-0.42000000000000004,-0.36852631578947365,4.295438947368421
2013-03-01,BUI.TO,Buhler Industries Inc.,Toronto,2020-09-14,150000000.0,5.75,6.06,5.75,6.0,6.0,44400.0,44400.0,-0.09000000000000002,-0.07144999999999999,4.774333499999999
2013-04-01,BUI.TO,Buhler Industries Inc.,Toronto,2020-09-14,146750000.0,6.0,6.05,5.3,5.87,5.87,111100.0,111100.0,-0.26,-0.1930454545454545,5.369394090909091
2013-05-01,BUI.TO,Buhler Industries Inc.,Toronto,2020-09-14,147600000.0,6.0,6.2,5.9,6.0,6.0,62900.0,62900.0,-0.16999999999999998,-0.12577272727272726,4.112879545454546
2013-06-01,BUI.TO,Buhler Industries Inc.,Toronto,2020-09-14,142926000.0,6.0,6.2,5.8,5.81,5.81,33500.0,33500.0,0.27,0.23289999999999997,4.7834995
2013-07-01,BUI.TO,Buhler Industries Inc.,Toronto,2020-09-14,147600000.0,5.81,6.2,5.81,6.0,6.0,41400.0,41400.0,0.06999999999999998,0.05186363636363636,3.833181818181818
2013-08-01,BUI.TO,Buhler Industries Inc.,Toronto,2020-09-14,153750000.0,6.0,6.25,5.8,6.15,6.15,54400.0,54400.0,0.22999999999999995,0.18466666666666667,4.937142380952381
2013-09-01,BUI.TO,Buhler Industries Inc.,Toronto,2020-09-14,160000000.0,6.36,7.0,6.1,6.4,6.4,158900.0,158900.0,-0.72,-0.5065000000000001,5.297166000000001
2013-10-01,BUI.TO,Buhler Industries Inc.,Toronto,2020-09-14,175000000.0,6.54,7.3,6.52,7.0,7.0,170800.0,170800.0,0.6000000000000001,0.4096363636363636,5.973333636363637
2013-11-01,BUI.TO,Buhler Industries Inc.,Toronto,2020-09-14,180000000.0,7.15,7.3,6.88,7.2,7.2,240900.0,240900.0,-0.44000000000000006,-0.29361904761904756,6.409523809523811
2013-12-01,BUI.TO,Buhler Industries Inc.,Toronto,2020-09-14,177500000.0,7.19,7.3,7.0,7.1,7.1,109300.0,109300.0,-0.75,-0.516,6.044500499999999
2014-01-01,BUI.TO,Buhler Industries Inc.,Toronto,2020-09-14,168750000.0,7.1,7.2,6.65,6.75,6.75,90900.0,90900.0,-0.33,-0.21095454545454545,7.031363181818182
2014-02-01,BUI.TO,Buhler Industries Inc.,Toronto,2020-09-14,170750000.0,6.7,7.04,6.66,6.83,6.83,39800.0,39800.0,-0.1100000000000001,-0.07268421052631578,6.8233336842105246
2014-03-01,BUI.TO,Buhler Industries Inc.,Toronto,2020-09-14,157000000.0,6.85,6.88,6.1,6.28,6.28,38300.0,38300.0,-0.55,-0.3963809523809524,5.431111428571429
2014-04-01,BUI.TO,Buhler Industries Inc.,Toronto,2020-09-14,150000000.0,6.26,6.4,5.81,6.0,6.0,109800.0,109800.0,-0.3500000000000001,-0.2658571428571429,5.845872857142858
2014-05-01,BUI.TO,Buhler Industries Inc.,Toronto,2020-09-14,154000000.0,6.0,6.43,5.78,6.16,6.16,117000.0,117000.0,-0.27,-0.20914285714285713,5.74698380952381
2014-06-01,BUI.TO,Buhler Industries Inc.,Toronto,2020-09-14,156500000.0,6.17,6.95,6.16,6.26,6.26,33000.0,33000.0,0.19000000000000003,0.13295238095238093,5.867777142857143
2014-07-01,BUI.TO,Buhler Industries Inc.,Toronto,2020-09-14,156500000.0,6.26,6.43,6.26,6.26,6.26,8200.0,8200.0,0.0,0.0,3.4690909090909092
2014-08-01,BUI.TO,Buhler Industries Inc.,Toronto,2020-09-14,145250000.0,6.25,6.25,5.8,5.81,5.81,33100.0,33100.0,-0.28,-0.22800000000000006,4.764499000000001
2014-09-01,BUI.TO,Buhler Industries Inc.,Toronto,2020-09-14,137750000.0,5.81,5.81,5.51,5.51,5.51,25500.0,25500.0,-0.08,-0.06785714285714287,3.755555238095237
2014-10-01,BUI.TO,Buhler Industries Inc.,Toronto,2020-09-14,125500000.0,5.51,5.51,4.86,5.02,5.02,15000.0,15000.0,-0.5800000000000001,-0.506,2.7927272727272725
2014-11-01,BUI.TO,Buhler Industries Inc.,Toronto,2020-09-14,150000000.0,5.14,6.5,5.1,6.0,6.0,61100.0,61100.0,1.18,1.11805,4.207666499999999
2014-12-01,BUI.TO,Buhler Industries Inc.,Toronto,2020-09-14,142500000.0,6.0,6.24,5.4,5.7,5.7,78500.0,78500.0,0.42000000000000004,0.35342857142857137,3.6600000000000006
2015-01-01,BUI.TO,Buhler Industries Inc.,Toronto,2020-09-14,144250000.0,5.9,6.0,5.4,5.77,5.77,7400.0,7400.0,0.26,0.21490476190476193,3.0525390476190473
2015-02-01,BUI.TO,Buhler Industries Inc.,Toronto,2020-09-14,135000000.0,5.8,5.96,5.14,5.4,5.4,10100.0,10100.0,0.18000000000000002,0.2012631578947368,3.281052105263158
2015-03-01,BUI.TO,Buhler Industries Inc.,Toronto,2020-09-14,126000000.0,5.64,5.64,5.04,5.04,5.04,4100.0,4100.0,-0.09,-0.07995454545454547,1.928182272727273
2015-04-01,BUI.TO,Buhler Industries Inc.,Toronto,2020-09-14,132500000.0,5.1,5.5,5.05,5.3,5.3,4400.0,4400.0,0.24,0.21776190476190474,2.005714285714286
2015-05-01,BUI.TO,Buhler Industries Inc.,Toronto,2020-09-14,113500000.0,5.6,5.6,4.54,4.54,4.54,25500.0,25500.0,-1.15,-1.09365,3.5076670000000005
2015-06-01,BUI.TO,Buhler Industries Inc.,Toronto,2020-09-14,136750000.0,4.54,5.47,4.44,5.47,5.47,35700.0,35700.0,0.24,0.18900000000000003,4.220909545454546
2015-07-01,BUI.TO,Buhler Industries Inc.,Toronto,2020-09-14,147250000.0,5.36,6.06,5.35,5.89,5.89,108000.0,108000.0,0.38,0.3030909090909091,4.691211363636364
2015-08-01,BUI.TO,Buhler Industries Inc.,Toronto,2020-09-14,147500000.0,5.89,6.0,5.75,5.9,5.9,35800.0,35800.0,-0.05000000000000001,-0.0424,4.744666500000001
2015-09-01,BUI.TO,Buhler Industries Inc.,Toronto,2020-09-14,142500000.0,5.85,5.95,5.7,5.7,5.7,112300.0,112300.0,0.01,0.008,3.9258733333333344
2015-10-01,BUI.TO,Buhler Industries Inc.,Toronto,2020-09-14,142500000.0,5.7,5.7,5.7,5.7,5.7,59700.0,59700.0,0.0,0.0,1.6285714285714288
2015-11-01,BUI.TO,Buhler Industries Inc.,Toronto,2020-09-14,142500000.0,5.7,5.7,5.7,5.7,5.7,21200.0,21200.0,0.0,0.0,2.1714285714285717
2015-12-01,BUI.TO,Buhler Industries Inc.,Toronto,2020-09-14,136000000.0,5.7,5.7,5.44,5.44,5.44,107900.0,107900.0,-0.2,-0.16857142857142857,1.3288890476190478
2016-01-01,BUI.TO,Buhler Industries Inc.,Toronto,2020-09-14,125000000.0,5.44,5.44,5.0,5.0,5.0,12300.0,12300.0,-0.12,-0.11510000000000001,2.3189995
2016-02-01,BUI.TO,Buhler Industries Inc.,Toronto,2020-09-14,125750000.0,5.02,5.03,5.02,5.03,5.03,4500.0,4500.0,0.0,0.0,1.5075
2016-03-01,BUI.TO,Buhler Industries Inc.,Toronto,2020-09-14,119000000.0,5.03,5.03,4.76,4.76,4.76,17600.0,17600.0,-0.03,-0.027863636363636365,2.4431813636363633
2016-04-01,BUI.TO,Buhler Industries Inc.,Toronto,2020-09-14,120250000.0,4.99,5.04,4.75,4.81,4.81,10300.0,10300.0,0.09,0.08771428571428572,1.8477776190476192
2016-05-01,BUI.TO,Buhler Industries Inc.,Toronto,2020-09-14,125000000.0,4.81,5.05,4.81,5.0,5.0,9500.0,9500.0,-0.05,-0.04666666666666667,1.8793652380952381
2016-06-01,BUI.TO,Buhler Industries Inc.,Toronto,2020-09-14,125000000.0,4.92,5.0,4.86,5.0,5.0,8600.0,8600.0,-0.16,-0.14445454545454542,2.4583331818181815
2016-07-01,BUI.TO,Buhler Industries Inc.,Toronto,2020-09-14,119250000.0,4.84,6.0,4.75,4.77,4.77,42100.0,42100.0,0.23,0.22910000000000003,2.897
2016-08-01,BUI.TO,Buhler Industries Inc.,Toronto,2020-09-14,119000000.0,4.77,4.9,4.76,4.76,4.76,5600.0,5600.0,-0.03,-0.028409090909090908,1.5236363636363635
2016-09-01,BUI.TO,Buhler Industries Inc.,Toronto,2020-09-14,110000000.0,4.76,4.85,4.4,4.4,4.4,44500.0,44500.0,-0.30000000000000004,-0.3067142857142858,2.162380476190476
2016-10-01,BUI.TO,Buhler Industries Inc.,Toronto,2020-09-14,111250000.0,4.4,4.5,4.4,4.45,4.45,800.0,800.0,-0.02,-0.022350000000000002,0.4458335
2016-11-01,BUI.TO,Buhler Industries Inc.,Toronto,2020-09-14,120000000.0,4.45,4.8,4.43,4.8,4.8,5900.0,5900.0,0.27999999999999997,0.28263636363636363,1.4539395454545454
2016-12-01,BUI.TO,Buhler Industries Inc.,Toronto,2020-09-14,111000000.0,4.8,5.0,4.44,4.44,4.44,10300.0,10300.0,-0.31,-0.33375,2.8001665
2017-01-01,BUI.TO,Buhler Industries Inc.,Toronto,2020-09-14,114000000.0,4.49,4.8,4.45,4.56,4.56,6000.0,6000.0,0.06,0.06357142857142857,2.4152380952380956
2017-02-01,BUI.TO,Buhler Industries Inc.,Toronto,2020-09-14,113750000.0,4.56,4.9,4.42,4.55,4.55,11600.0,11600.0,0.17999999999999997,0.20799999999999996,2.1889473684210525
2017-03-01,BUI.TO,Buhler Industries Inc.,Toronto,2020-09-14,115000000.0,4.55,4.65,4.42,4.6,4.6,13000.0,13000.0,-0.13,-0.12443478260869564,1.9900000000000002
2017-04-01,BUI.TO,Buhler Industries Inc.,Toronto,2020-09-14,115250000.0,4.52,4.75,4.52,4.61,4.61,4800.0,4800.0,0.08,0.09310526315789472,2.193333157894737
2017-05-01,BUI.TO,Buhler Industries Inc.,Toronto,2020-09-14,112500000.0,4.61,4.65,4.36,4.5,4.5,29100.0,29100.0,-0.14,-0.13690909090909092,1.6306059090909089
2017-06-01,BUI.TO,Buhler Industries Inc.,Toronto,2020-09-14,105750000.0,4.45,4.45,4.21,4.23,4.23,12700.0,12700.0,-0.28,-0.2912272727272727,1.9383331818181817
2017-07-01,BUI.TO,Buhler Industries Inc.,Toronto,2020-09-14,103750000.0,4.23,4.23,4.14,4.15,4.15,7100.0,7100.0,0.0,0.00010000000000000009,1.246
2017-08-01,BUI.TO,Buhler Industries Inc.,Toronto,2020-09-14,111250000.0,4.15,4.45,4.15,4.45,4.45,9200.0,9200.0,0.01,0.00990909090909091,2.1053031818181815
2017-09-01,BUI.TO,Buhler Industries Inc.,Toronto,2020-09-14,111250000.0,4.45,4.49,4.44,4.45,4.45,4600.0,4600.0,0.01,0.01125,1.1143335
2017-10-01,BUI.TO,Buhler Industries Inc.,Toronto,2020-09-14,112500000.0,4.45,4.59,4.33,4.5,4.5,2600.0,2600.0,0.09999999999999999,0.10657142857142855,1.0588890476190478
2017-11-01,BUI.TO,Buhler Industries Inc.,Toronto,2020-09-14,114750000.0,4.5,4.6,4.45,4.59,4.59,6400.0,6400.0,-0.09,-0.09004545454545455,1.430605909090909
2017-12-01,BUI.TO,Buhler Industries Inc.,Toronto,2020-09-14,108750000.0,4.59,4.89,4.18,4.35,4.35,15300.0,15300.0,0.35,0.4287368421052632,1.4014036842105266
2018-01-01,BUI.TO,Buhler Industries Inc.,Toronto,2020-09-14,108250000.0,4.35,4.6,4.33,4.33,4.33,15000.0,15000.0,0.21000000000000002,0.2119090909090909,2.050455
2018-02-01,BUI.TO,Buhler Industries Inc.,Toronto,2020-09-14,101750000.0,4.33,4.33,4.03,4.07,4.07,8900.0,8900.0,-0.22,-0.26994736842105266,1.5370173684210524
2018-03-01,BUI.TO,Buhler Industries Inc.,Toronto,2020-09-14,100500000.0,4.07,4.16,4.01,4.02,4.02,17200.0,17200.0,-0.05,-0.058238095238095235,1.7534919047619046
2018-04-01,BUI.TO,Buhler Industries Inc.,Toronto,2020-09-14,102500000.0,4.02,4.3,4.0,4.1,4.1,5200.0,5200.0,0.28,0.33166666666666667,0.780317619047619
2018-05-01,BUI.TO,Buhler Industries Inc.,Toronto,2020-09-14,86640000.0,4.1,4.1,3.61,3.61,3.61,19500.0,19500.0,-0.33999999999999997,-0.40131818181818174,1.5501518181818184
2018-06-01,BUI.TO,Buhler Industries Inc.,Toronto,2020-09-14,87600000.0,3.61,3.89,3.6,3.65,3.65,7800.0,7800.0,-0.1,-0.12685714285714286,1.593968095238095
2018-07-01,BUI.TO,Buhler Industries Inc.,Toronto,2020-09-14,86400000.0,3.66,3.66,3.6,3.6,3.6,12400.0,12400.0,0.02,0.026380952380952383,1.5501585714285715
2018-08-01,BUI.TO,Buhler Industries Inc.,Toronto,2020-09-14,90891684.0,3.6,3.62,3.6,3.62,3.62,3500.0,3500.0,0.0,0.0,1.311818181818182
2018-09-01,BUI.TO,Buhler Industries Inc.,Toronto,2020-09-14,90389520.0,3.53,3.62,3.53,3.6,3.6,8600.0,8600.0,0.009999999999999998,0.015421052631578943,1.323333157894737
2018-10-01,BUI.TO,Buhler Industries Inc.,Toronto,2020-09-14,92398176.0,3.6,3.68,3.6,3.68,3.68,7000.0,7000.0,-0.01,-0.012590909090909092,1.8059090909090911
2018-11-01,BUI.TO,Buhler Industries Inc.,Toronto,2020-09-14,92250000.0,3.68,3.94,3.67,3.69,3.69,6400.0,6400.0,-2.0816681711721685e-17,0.011454545454545455,1.9013636363636364
2018-12-01,BUI.TO,Buhler Industries Inc.,Toronto,2020-09-14,96500000.0,3.69,3.98,3.6,3.86,3.86,10100.0,10100.0,0.14,0.2052631578947368,1.9219300000000004
2019-01-01,BUI.TO,Buhler Industries Inc.,Toronto,2020-09-14,90250000.0,3.84,3.84,3.61,3.61,3.61,4800.0,4800.0,-0.24000000000000002,-0.2872727272727273,1.4881813636363637
2019-02-01,BUI.TO,Buhler Industries Inc.,Toronto,2020-09-14,90250000.0,3.61,3.69,3.61,3.61,3.61,3300.0,3300.0,-0.02,-0.028526315789473688,1.144736842105263
2019-03-01,BUI.TO,Buhler Industries Inc.,Toronto,2020-09-14,90250000.0,3.61,3.64,3.61,3.61,3.61,24600.0,24600.0,0.0,0.0,2.2390476190476187
2019-04-01,BUI.TO,Buhler Industries Inc.,Toronto,2020-09-14,90250000.0,3.65,3.65,3.57,3.61,3.61,14900.0,14900.0,-0.02,-0.0260952380952381,1.3750795238095237
2019-05-01,BUI.TO,Buhler Industries Inc.,Toronto,2020-09-14,90250000.0,3.61,3.61,3.61,3.61,3.61,17100.0,17100.0,0.0,0.0,1.4768181818181818
2019-06-01,BUI.TO,Buhler Industries Inc.,Toronto,2020-09-14,98750000.0,3.62,3.96,3.62,3.95,3.95,4900.0,4900.0,-0.03,-0.03765,1.7035000000000005
2019-07-01,BUI.TO,Buhler Industries Inc.,Toronto,2020-09-14,70000000.0,3.91,3.91,2.8,2.8,2.8,30200.0,30200.0,-1.3,-1.755,3.223333181818181
2019-08-01,BUI.TO,Buhler Industries Inc.,Toronto,2020-09-14,66000000.0,2.84,2.84,2.64,2.64,2.64,5700.0,5700.0,-0.15000000000000002,-0.25147619047619046,1.4496814285714288
2019-09-01,BUI.TO,Buhler Industries Inc.,Toronto,2020-09-14,93250000.0,2.64,3.77,2.6,3.73,3.73,36200.0,36200.0,1.2000000000000002,2.207900000000001,2.8721669999999997
2019-10-01,BUI.TO,Buhler Industries Inc.,Toronto,2020-09-14,90000000.0,3.89,3.89,3.6,3.6,3.6,10900.0,10900.0,-0.29,-0.343,1.6471209090909091
2019-11-01,BUI.TO,Buhler Industries Inc.,Toronto,2020-09-14,90000000.0,3.6,3.63,3.6,3.6,3.6,6000.0,6000.0,0.0,0.0,1.03
2019-12-01,BUI.TO,Buhler Industries Inc.,Toronto,2020-09-14,73250000.0,3.6,3.6,2.76,2.93,2.93,88600.0,88600.0,-0.33999999999999997,-0.5189999999999999,1.3793330000000001
2020-01-01,BUI.TO,Buhler Industries Inc.,Toronto,2020-09-14,70000000.0,2.8,2.83,2.79,2.8,2.8,4800.0,4800.0,-0.04,-0.06440909090909092,0.7637877272727274
2020-02-01,BUI.TO,Buhler Industries Inc.,Toronto,2020-09-14,76000000.0,2.8,3.19,2.8,3.04,3.04,4800.0,4800.0,0.15,0.2907368421052631,0.788421052631579
2020-03-01,BUI.TO,Buhler Industries Inc.,Toronto,2020-09-14,73750000.0,2.95,3.95,2.85,2.95,2.95,14800.0,14800.0,-0.64,-0.7658181818181817,1.3669695454545454
2020-04-01,BUI.TO,Buhler Industries Inc.,Toronto,2020-09-14,66250000.0,2.95,2.95,2.65,2.65,2.65,1700.0,1700.0,-0.08,-0.13704761904761906,0.6588890476190477
2020-05-01,BUI.TO,Buhler Industries Inc.,Toronto,2020-09-14,62250000.0,2.65,2.8,2.45,2.49,2.49,3300.0,3300.0,0.16,0.31029999999999996,0.782833
2020-06-01,BUI.TO,Buhler Industries Inc.,Toronto,2020-09-14,62750000.0,2.49,2.63,2.49,2.51,2.51,2000.0,2000.0,-0.08,-0.13827272727272727,0.4593940909090909
2020-07-01,BUI.TO,Buhler Industries Inc.,Toronto,2020-09-14,67500000.0,2.51,2.83,2.47,2.7,2.7,1400.0,1400.0,0.04,0.06981818181818182,0.8484845454545454
2020-08-01,BUI.TO,Buhler Industries Inc.,Toronto,2020-09-14,62749999.99999999,2.66,2.79,2.47,2.51,2.51,3800.0,3800.0,0.010000000000000014,0.03605000000000002,1.4096669999999996
2020-09-01,BUI.TO,Buhler Industries Inc.,Toronto,2020-09-14,63749999.99999999,2.51,2.55,2.38,2.55,2.55,600.0,600.0,0.17,0.6493636363636364,0.2266663636363636
