,date,symbol,fillingDate,acceptedDate,period,cashAndCashEquivalents,shortTermInvestments,cashAndShortTermInvestments,netReceivables,inventory,otherCurrentAssets,totalCurrentAssets,propertyPlantEquipmentNet,goodwill,intangibleAssets,goodwillAndIntangibleAssets,longTermInvestments,taxAssets,otherNonCurrentAssets,totalNonCurrentAssets,otherAssets,totalAssets,accountPayables,shortTermDebt,taxPayables,deferredRevenue,otherCurrentLiabilities,totalCurrentLiabilities,longTermDebt,deferredRevenueNonCurrent,deferredTaxLiabilitiesNonCurrent,otherNonCurrentLiabilities,totalNonCurrentLiabilities,otherLiabilities,totalLiabilities,commonStock,retainedEarnings,accumulatedOtherComprehensiveIncomeLoss,othertotalStockholdersEquity,totalStockholdersEquity,totalLiabilitiesAndStockholdersEquity,totalInvestments,totalDebt,netDebt,link,finalLink
0,2020-09-30,CNQ,2020-09-30,2020-09-30,Q3,175000000,272000000,272000000,1927000000,1083000000,263000000,4035000000,68655000000,0.0,32166000000,0.0,0.0,0.0,1040000000,73730000000,1040000000,73730000000,825000000,828000000,,391000000,391000000,4156000000,21048000000,0.0,0.0,0.0,0.0,16360000000,41564000000,9522000000,22520000000,124000000,32166000000,32166000000,0.0,0.0,21876000000,21876000000,,
0,2020-06-30,CNQ,2020-08-06 00:00:00,2020-08-06 14:20:12,Q2,233000000,275000000,508000000,2157000000,1095000000,307000000,4067000000,69456000000,0.0,0.0,0.0,683000000,10319000000,539000000,70678000000,632000000,74745000000,606000000,0.0,0.0,0.0,220000000,4917000000,22662000000,0.0,0.0,4514000000,37495000000,4514000000,42412000000,9521000000,22614000000,396000000,198000000,32333000000,74745000000,958000000,24707000000,24474000000,https://www.sec.gov/Archives/edgar/data/1017413/000101741320000030/0001017413-20-000030-index.htm,https://www.sec.gov/Archives/edgar/data/1017413/000101741320000030/a08062020dividendcover.htm
0,2020-03-31,CNQ,2020-05-07 00:00:00,2020-05-07 13:47:17,Q1,1071000000,222000000,1293000000,1524000000,940000000,427000000,4184000000,70630000000,0.0,0.0,0.0,0.0,10605000000,1265000000,71895000000,1491000000,76079000000,802000000,0.0,0.0,0.0,224000000,6304000000,21409000000,0.0,0.0,4499000000,36513000000,4499000000,42817000000,9517000000,23425000000,640000000,320000000,33262000000,76079000000,222000000,24433000000,23362000000,https://www.sec.gov/Archives/edgar/data/1017413/000101741320000018/0001017413-20-000018-index.html,https://www.sec.gov/Archives/edgar/data/1017413/000101741320000018/a033120206kcover.htm
0,2019-12-31,CNQ,2020-02-24 00:00:00,2020-02-21 17:37:06,Q4,139000000,490000000,629000000,2478000000,1152000000,228000000,4487000000,72411000000,0.0,0.0,0.0,652000000,10539000000,571000000,73634000000,625000000,78121000000,816000000,0.0,0.0,0.0,586000000,6637000000,20400000000,0.0,0.0,5554000000,36493000000,5554000000,43130000000,9533000000,25424000000,68000000,34000000,34991000000,78121000000,1142000000,23024000000,22885000000,https://www.sec.gov/Archives/edgar/data/1017413/000117625620000039/0001176256-20-000039-index.html,https://www.sec.gov/Archives/edgar/data/1017413/000117625620000039/cdnnatres6knomrd200221.htm
0,2019-09-30,CNQ,2019-11-07 00:00:00,2019-11-07 15:40:47,Q3,176000000,567000000,743000000,2405000000,1151000000,379000000,4678000000,72543000000,0.0,0.0,0.0,709000000,10355000000,602000000,73854000000,672000000,78532000000,662000000,0.0,0.0,0.0,352000000,7855000000,20064000000,0.0,0.0,5464000000,35883000000,5464000000,43738000000,9314000000,25382000000,196000000,98000000,34794000000,78532000000,1276000000,24344000000,24168000000,https://www.sec.gov/Archives/edgar/data/1017413/000101741319000051/0001017413-19-000051-index.html,https://www.sec.gov/Archives/edgar/data/1017413/000101741319000051/a11072019dividendcover.htm
0,2019-06-30,CNQ,2019-08-01 00:00:00,2019-08-01 13:48:14,Q2,398000000,547000000,945000000,2124000000,1189000000,387000000,4645000000,72977000000,0.0,0.0,0.0,782000000,10169000000,551000000,74310000000,623000000,78955000000,924000000,0.0,0.0,0.0,416000000,7900000000,21182000000,0.0,0.0,5430000000,36781000000,5430000000,44681000000,9320000000,24927000000,54000000,27000000,34274000000,78955000000,1329000000,25382000000,24984000000,https://www.sec.gov/Archives/edgar/data/1017413/000101741319000047/0001017413-19-000047-index.html,https://www.sec.gov/Archives/edgar/data/1017413/000101741319000047/a08012019dividendcover.htm
0,2019-03-31,CNQ,2019-04-15 00:00:00,2019-04-15 11:25:28,Q1,90000000,549000000,639000000,2287000000,1072000000,265000000,4263000000,68362000000,0.0,0.0,0.0,833000000,11534000000,510000000,69705000000,583000000,73968000000,779000000,0.0,0.0,0.0,395000000,5611000000,20701000000,0.0,0.0,3854000000,36089000000,3854000000,41700000000,9358000000,22852000000,116000000,58000000,32268000000,73968000000,1382000000,22579000000,22489000000,https://www.sec.gov/Archives/edgar/data/1017413/000101741319000020/0001017413-19-000020-index.html,https://www.sec.gov/Archives/edgar/data/1017413/000101741319000020/a04152019asppcover.htm
0,2018-12-31,CNQ,2019-02-05 00:00:00,2019-02-04 20:35:39,Q4,101000000,524000000,625000000,1148000000,955000000,292000000,3020000000,67196000000,0.0,0.0,0.0,878000000,11451000000,465000000,68539000000,581000000,71559000000,779000000,0.0,0.0,0.0,486000000,4762000000,19482000000,0.0,0.0,3890000000,34823000000,3890000000,39585000000,9323000000,22529000000,244000000,122000000,31974000000,71559000000,1402000000,20623000000,20522000000,https://www.sec.gov/Archives/edgar/data/1017413/000101741319000002/0001017413-19-000002-index.html,https://www.sec.gov/Archives/edgar/data/1017413/000101741319000002/a02042019asppcover.htm
0,2018-09-30,CNQ,2018-10-04 00:00:00,2018-10-04 13:18:24,Q3,296000000,658000000,954000000,1977000000,1118000000,356000000,4405000000,67695000000,0.0,0.0,0.0,864000000,11310000000,380000000,68939000000,443000000,73344000000,1008000000,0.0,0.0,0.0,728000000,4794000000,19233000000,0.0,0.0,4614000000,35157000000,4614000000,39951000000,9393000000,24033000000,-66000000,-33000000,33393000000,73344000000,1522000000,19733000000,19437000000,https://www.sec.gov/Archives/edgar/data/1017413/000101741318000048/0001017413-18-000048-index.html,https://www.sec.gov/Archives/edgar/data/1017413/000101741318000048/a10042018autosecpurplancov.htm
0,2018-06-30,CNQ,2018-07-19 00:00:00,2018-07-19 15:35:05,Q2,182000000,745000000,927000000,2611000000,1041000000,395000000,4974000000,67467000000,0.0,0.0,0.0,852000000,11341000000,386000000,68705000000,471000000,73679000000,970000000,0.0,0.0,0.0,520000000,4858000000,20571000000,0.0,0.0,4498000000,36410000000,4498000000,41268000000,9405000000,22994000000,24000000,12000000,32411000000,73679000000,1597000000,21397000000,21215000000,https://www.sec.gov/Archives/edgar/data/1017413/000101741318000031/0001017413-18-000031-index.html,https://www.sec.gov/Archives/edgar/data/1017413/000101741318000031/a07192018aosp1bbcover.htm
0,2018-03-31,CNQ,2018-05-04 00:00:00,2018-05-03 18:53:51,Q1,152000000,781000000,933000000,2200000000,989000000,264000000,4386000000,67611000000,0.0,0.0,0.0,834000000,11120000000,383000000,68828000000,469000000,73214000000,937000000,0.0,0.0,0.0,283000000,4328000000,21334000000,0.0,0.0,4406000000,36860000000,4406000000,41188000000,9264000000,22785000000,-46000000,-23000000,32026000000,73214000000,1615000000,21978000000,21826000000,https://www.sec.gov/Archives/edgar/data/1017413/000101741318000023/0001017413-18-000023-index.html,https://www.sec.gov/Archives/edgar/data/1017413/000101741318000023/a05032018dividendcover.htm
0,2017-12-31,CNQ,2018-03-01 00:00:00,2018-03-01 16:43:17,Q4,137000000,893000000,1030000000,2719000000,894000000,254000000,4897000000,67802000000,0.0,0.0,0.0,802000000,10975000000,366000000,68970000000,445000000,73867000000,775000000,0.0,0.0,0.0,1012000000,6261000000,20581000000,0.0,0.0,4397000000,35953000000,4397000000,42214000000,9109000000,22612000000,-136000000,-68000000,31653000000,73867000000,1695000000,22458000000,22321000000,https://www.sec.gov/Archives/edgar/data/1017413/000101741318000010/0001017413-18-000010-index.html,https://www.sec.gov/Archives/edgar/data/1017413/000101741318000010/a03012018-6kcover.htm
0,2017-09-30,CNQ,2017-11-02 00:00:00,2017-11-02 13:09:56,Q3,312000000,888000000,1200000000,1665000000,877000000,379000000,4121000000,67773000000,0.0,0.0,0.0,749000000,10683000000,345000000,68867000000,433000000,72988000000,794000000,0.0,0.0,0.0,830000000,5791000000,21046000000,0.0,0.0,4129000000,35858000000,4129000000,41649000000,8844000000,22552000000,-114000000,-57000000,31339000000,72988000000,1637000000,22921000000,22609000000,https://www.sec.gov/Archives/edgar/data/1017413/000095014217001932/0000950142-17-001932-index.html,https://www.sec.gov/Archives/edgar/data/1017413/000095014217001932/eh1701097_6k.htm
0,2017-06-30,CNQ,2017-07-13 00:00:00,2017-07-13 14:23:58,Q2,50000000,832000000,882000000,2200000000,929000000,358000000,4369000000,66952000000,0.0,0.0,0.0,698000000,10547000000,371000000,68021000000,405000000,72390000000,656000000,0.0,0.0,0.0,793000000,5439000000,21330000000,0.0,0.0,4088000000,35965000000,4088000000,41404000000,8771000000,22203000000,24000000,12000000,30986000000,72390000000,1530000000,23276000000,23226000000,https://www.sec.gov/Archives/edgar/data/1017413/000095014217001336/0000950142-17-001336-index.html,https://www.sec.gov/Archives/edgar/data/1017413/000095014217001336/eh1700763_6k.htm
0,2017-03-31,CNQ,2017-05-04 00:00:00,2017-05-04 16:05:38,Q1,19000000,815000000,834000000,2131000000,658000000,519000000,4142000000,52800000000,0.0,0.0,0.0,657000000,9104000000,341000000,53798000000,621000000,57940000000,541000000,0.0,0.0,0.0,432000000,6049000000,13175000000,0.0,0.0,3235000000,25514000000,3235000000,31563000000,4869000000,21465000000,86000000,43000000,26377000000,57940000000,1472000000,16304000000,16285000000,https://www.sec.gov/Archives/edgar/data/1017413/000095014217000954/0000950142-17-000954-index.html,https://www.sec.gov/Archives/edgar/data/1017413/000095014217000954/eh1700602_6k.htm
0,2016-12-31,CNQ,2017-02-02 00:00:00,2017-02-02 17:00:15,Q4,17000000,913000000,930000000,2285000000,689000000,432000000,4336000000,53292000000,0.0,0.0,0.0,646000000,9073000000,374000000,54312000000,657000000,58648000000,595000000,0.0,0.0,0.0,463000000,5092000000,14993000000,0.0,0.0,3223000000,27289000000,3223000000,32381000000,4671000000,21526000000,140000000,70000000,26267000000,58648000000,1559000000,16805000000,16788000000,https://www.sec.gov/Archives/edgar/data/1017413/000095014217000203/0000950142-17-000203-index.html,https://www.sec.gov/Archives/edgar/data/1017413/000095014217000203/eh1700236_6k.htm
0,2016-09-30,CNQ,2016-11-03 00:00:00,2016-11-03 17:00:28,Q3,19000000,605000000,624000000,1876000000,616000000,417000000,3533000000,53440000000,0.0,0.0,0.0,650000000,9112000000,337000000,54427000000,527000000,57960000000,626000000,0.0,0.0,0.0,389000000,5142000000,15194000000,0.0,0.0,2868000000,27174000000,2868000000,32316000000,4367000000,21237000000,80000000,40000000,25644000000,57960000000,1255000000,17292000000,17273000000,https://www.sec.gov/Archives/edgar/data/1017413/000095014216004672/0000950142-16-004672-index.html,https://www.sec.gov/Archives/edgar/data/1017413/000095014216004672/eh1601099_6k.htm
0,2016-06-30,CNQ,2016-08-04 00:00:00,2016-08-04 17:00:20,Q2,24000000,555000000,579000000,1959000000,611000000,495000000,3644000000,53563000000,0.0,0.0,0.0,646000000,9091000000,342000000,54551000000,605000000,58195000000,596000000,0.0,0.0,0.0,387000000,5363000000,14831000000,0.0,0.0,2891000000,26813000000,2891000000,32176000000,4167000000,21816000000,72000000,36000000,26019000000,58195000000,1201000000,17236000000,17212000000,https://www.sec.gov/Archives/edgar/data/1017413/000095014216004223/0000950142-16-004223-index.html,https://www.sec.gov/Archives/edgar/data/1017413/000095014216004223/eh1600870_6k.htm
0,2016-03-31,CNQ,2016-05-05 00:00:00,2016-05-05 17:02:34,Q1,15000000,1095000000,1110000000,1745000000,590000000,233000000,3678000000,53587000000,0.0,0.0,0.0,641000000,9130000000,456000000,54684000000,504000000,58362000000,433000000,0.0,0.0,0.0,300000000,3818000000,15591000000,0.0,0.0,2827000000,27548000000,2827000000,31366000000,4576000000,22408000000,24000000,12000000,26996000000,58362000000,1736000000,16564000000,16549000000,https://www.sec.gov/Archives/edgar/data/1017413/000095014216003661/0000950142-16-003661-index.html,https://www.sec.gov/Archives/edgar/data/1017413/000095014216003661/eh1600581_6k.htm
0,2015-12-31,CNQ,2016-03-03 00:00:00,2016-03-03 17:01:23,Q4,69000000,974000000,1043000000,1954000000,525000000,537000000,4059000000,54061000000,0.0,0.0,0.0,508000000,9344000000,647000000,55216000000,1022000000,59275000000,571000000,0.0,0.0,0.0,206000000,4595000000,15065000000,0.0,0.0,2890000000,27299000000,2890000000,31894000000,4541000000,22765000000,150000000,75000000,27381000000,59275000000,1482000000,16794000000,16725000000,https://www.sec.gov/Archives/edgar/data/1017413/000095014216003220/0000950142-16-003220-index.html,https://www.sec.gov/Archives/edgar/data/1017413/000095014216003220/eh1600351_6k.htm
0,2015-09-30,CNQ,2015-11-05 00:00:00,2015-11-05 17:03:07,Q3,30000000,0.0,30000000,1913000000,663000000,738000000,3344000000,56267000000,0.0,0.0,0.0,514000000,9355000000,503000000,57284000000,971000000,60628000000,470000000,0.0,0.0,0.0,167000000,4708000000,14837000000,0.0,0.0,4243000000,28435000000,4243000000,33143000000,4533000000,22885000000,134000000,67000000,27485000000,60628000000,514000000,16510000000,16480000000,https://www.sec.gov/Archives/edgar/data/1017413/000095014215002342/0000950142-15-002342-index.html,https://www.sec.gov/Archives/edgar/data/1017413/000095014215002342/eh1501320_6k.htm
0,2015-06-30,CNQ,2015-08-06 00:00:00,2015-08-06 17:04:09,Q2,32000000,0.0,32000000,2141000000,733000000,654000000,3560000000,56154000000,0.0,0.0,0.0,529000000,9277000000,300000000,56983000000,664000000,60543000000,543000000,0.0,0.0,0.0,224000000,4545000000,14737000000,0.0,0.0,4211000000,28225000000,4211000000,32770000000,4532000000,23248000000,-14000000,-7000000.0,27773000000,60543000000,529000000,15983000000,15951000000,https://www.sec.gov/Archives/edgar/data/1017413/000095014215001856/0000950142-15-001856-index.html,https://www.sec.gov/Archives/edgar/data/1017413/000095014215001856/eh1501075_6k.htm
0,2015-03-31,CNQ,2015-04-07 00:00:00,2015-04-07 17:04:43,Q1,34000000,0.0,34000000,2020000000,716000000,778000000,3548000000,56229000000,0.0,0.0,0.0,521000000,8765000000,401000000,57151000000,1001000000,60699000000,598000000,0.0,0.0,0.0,312000000,5228000000,14022000000,0.0,0.0,4269000000,27056000000,4269000000,32284000000,4474000000,23905000000,72000000,36000000,28415000000,60699000000,521000000,15689000000,15655000000,https://www.sec.gov/Archives/edgar/data/1017413/000095014215000713/0000950142-15-000713-index.html,https://www.sec.gov/Archives/edgar/data/1017413/000095014215000713/eh1500470_6k.htm
0,2014-12-31,CNQ,,,Q4,25000000,0.0,25000000,2117000000,665000000,682000000,3489000000,56037000000,0.0,0.0,0.0,418000000,8970000000,256000000,56711000000,766000000,60200000000,564000000,0.0,0.0,0.0,319000000,5142000000,13022000000,0.0,0.0,4175000000,26167000000,4175000000,31309000000,4432000000,24408000000,102000000,51000000,28891000000,60200000000,418000000,14002000000,13977000000,,
0,2014-09-30,CNQ,2014-11-07 00:00:00,2014-11-07 16:41:57,Q3,16000000,0.0,16000000,1997000000,799000000,281000000,3093000000,55395000000,0.0,0.0,0.0,0.0,8778000000,528000000,55923000000,552000000,59016000000,641000000,0.0,0.0,0.0,297000000,5922000000,11771000000,0.0,0.0,4611000000,25160000000,4611000000,31082000000,4388000000,23499000000,94000000,47000000,27934000000,59016000000,0.0,13685000000,13669000000,https://www.sec.gov/Archives/edgar/data/1017413/000095014214002180/0000950142-14-002180-index.html,https://www.sec.gov/Archives/edgar/data/1017413/000095014214002180/eh1401222_6k.htm
0,2014-06-30,CNQ,2014-08-07 00:00:00,2014-08-07 17:00:11,Q2,31000000,0.0,31000000,1997000000,789000000,277000000,3094000000,54388000000,0.0,0.0,0.0,423000000,8530000000,84000000,54895000000,84000000,57989000000,581000000,0.0,0.0,0.0,576000000,5929000000,11593000000,0.0,0.0,4714000000,24837000000,4714000000,30766000000,4321000000,22856000000,92000000,46000000,27223000000,57989000000,423000000,13437000000,13406000000,https://www.sec.gov/Archives/edgar/data/1017413/000095014214001691/0000950142-14-001691-index.html,https://www.sec.gov/Archives/edgar/data/1017413/000095014214001691/eh1400964_6k.htm
0,2014-03-31,CNQ,2014-04-02 00:00:00,2014-04-02 17:00:54,Q1,19000000,0.0,19000000,1918000000,748000000,174000000,2859000000,49979000000,0.0,0.0,0.0,305000000,8366000000,105000000,50389000000,105000000,53248000000,822000000,0.0,0.0,0.0,409000000,5382000000,8856000000,0.0,0.0,4307000000,21529000000,4307000000,26911000000,4100000000,22193000000,88000000,44000000,26337000000,53248000000,305000000,10354000000,10335000000,https://www.sec.gov/Archives/edgar/data/1017413/000095014214000779/0000950142-14-000779-index.html,https://www.sec.gov/Archives/edgar/data/1017413/000095014214000779/eh1400508_6k.htm
0,2013-12-31,CNQ,2014-04-02 00:00:00,2014-04-02 17:00:54,Q4,16000000,0.0,16000000,1427000000,632000000,141000000,2216000000,49096000000,0.0,0.0,0.0,306000000,8183000000,136000000,49538000000,136000000,51754000000,637000000,0.0,0.0,0.0,634000000,5234000000,8217000000,0.0,0.0,4348000000,20748000000,4348000000,25982000000,3854000000,21876000000,84000000,42000000,25772000000,51754000000,306000000,9661000000,9645000000,https://www.sec.gov/Archives/edgar/data/1017413/000095014214000779/0000950142-14-000779-index.html,https://www.sec.gov/Archives/edgar/data/1017413/000095014214000779/eh1400508_6k.htm
0,2013-09-30,CNQ,2013-10-15 00:00:00,2013-10-15 17:06:48,Q3,18000000,0.0,18000000,1727000000,697000000,202000000,2644000000,48431000000,0.0,0.0,0.0,307000000,8257000000,44000000,48782000000,44000000,51426000000,557000000,0.0,0.0,0.0,577000000,4127000000,8879000000,0.0,0.0,4611000000,21747000000,4611000000,25874000000,3765000000,21720000000,134000000,67000000,25552000000,51426000000,307000000,9393000000,9375000000,https://www.sec.gov/Archives/edgar/data/1017413/000095014213002087/0000950142-13-002087-index.html,https://www.sec.gov/Archives/edgar/data/1017413/000095014213002087/eh1301163_6k.htm
0,2013-06-30,CNQ,2013-07-24 00:00:00,2013-07-24 17:02:02,Q2,17000000,0.0,17000000,1614000000,656000000,248000000,2535000000,47906000000,0.0,0.0,0.0,308000000,8230000000,61000000,48275000000,96000000,50810000000,667000000,0.0,0.0,0.0,365000000,3746000000,9770000000,0.0,0.0,4513000000,22513000000,4513000000,26259000000,3736000000,20748000000,134000000,67000000,24551000000,50810000000,308000000,10033000000,10016000000,https://www.sec.gov/Archives/edgar/data/1017413/000095014213001698/0000950142-13-001698-index.html,https://www.sec.gov/Archives/edgar/data/1017413/000095014213001698/eh1300967_6k.htm
0,2013-03-31,CNQ,2013-04-03 00:00:00,2013-04-15 11:28:23,Q1,18000000,0.0,18000000,1443000000,627000000,151000000,2239000000,47217000000,0.0,0.0,0.0,308000000,8168000000,79000000,47604000000,79000000,49843000000,535000000,0.0,0.0,0.0,458000000,3671000000,9068000000,0.0,0.0,4562000000,21798000000,4562000000,25469000000,3742000000,20564000000,136000000,68000000,24374000000,49843000000,308000000,9322000000,9304000000,https://www.sec.gov/Archives/edgar/data/1017413/999999999713008062/9999999997-13-008062-index.html,https://www.sec.gov/Archives/edgar/data/1017413/999999999713008062/9999999997-13-008062.paper
0,2012-12-31,CNQ,2013-03-08 00:00:00,2013-03-08 17:01:08,Q4,37000000,0.0,37000000,1197000000,554000000,126000000,1914000000,46639000000,0.0,0.0,0.0,310000000,8174000000,117000000,47066000000,117000000,48980000000,465000000,0.0,0.0,0.0,440000000,3976000000,7938000000,0.0,0.0,4609000000,20721000000,4609000000,24697000000,3709000000,20516000000,116000000,58000000,24283000000,48980000000,310000000,8736000000,8699000000,https://www.sec.gov/Archives/edgar/data/1017413/000095014213000567/0000950142-13-000567-index.html,https://www.sec.gov/Archives/edgar/data/1017413/000095014213000567/eh1300395_6k.htm
0,2012-09-30,CNQ,2012-10-03 00:00:00,2012-10-03 17:03:55,Q3,21000000,0.0,21000000,1365000000,570000000,191000000,2147000000,45384000000,0.0,0.0,0.0,313000000,8230000000,25000000,45722000000,25000000,47869000000,525000000,0.0,0.0,0.0,406000000,4287000000,7278000000,0.0,0.0,3954000000,19462000000,3954000000,23749000000,3691000000,20383000000,92000000,46000000,24120000000,47869000000,313000000,8416000000,8395000000,https://www.sec.gov/Archives/edgar/data/1017413/000095014212001935/0000950142-12-001935-index.html,https://www.sec.gov/Archives/edgar/data/1017413/000095014212001935/eh1201079_6k.htm
0,2012-06-30,CNQ,2012-08-10 00:00:00,2012-08-09 19:49:59,Q2,10000000,0.0,10000000,1527000000,593000000,174000000,2304000000,44931000000,0.0,0.0,0.0,314000000,8238000000,33000000,45278000000,74000000,47582000000,415000000,0.0,0.0,0.0,425000000,4201000000,7357000000,0.0,0.0,3864000000,19459000000,3864000000,23660000000,3670000000,20193000000,118000000,59000000,23922000000,47582000000,314000000,8522000000,8512000000,https://www.sec.gov/Archives/edgar/data/1017413/000095014212001735/0000950142-12-001735-index.html,https://www.sec.gov/Archives/edgar/data/1017413/000095014212001735/eh1200987_6k.htm
0,2012-03-31,CNQ,,,Q1,13000000,0.0,13000000,1346000000,671000000,127000000,2157000000,44603000000,0.0,0.0,0.0,321000000,8157000000,47000000,44971000000,47000000,47128000000,526000000,0.0,0.0,0.0,637000000,4612000000,7090000000,0.0,0.0,3880000000,19127000000,3880000000,23739000000,3674000000,19656000000,118000000,59000000,23389000000,47128000000,321000000,8241000000,8228000000,,
0,2011-12-31,CNQ,2012-02-15 00:00:00,2012-02-14 17:57:31,Q4,34000000,0.0,34000000,2077000000,550000000,120000000,2781000000,44106000000,0.0,0.0,0.0,321000000,8221000000,70000000,44497000000,70000000,47278000000,526000000,0.0,0.0,0.0,802000000,4034000000,8212000000,0.0,0.0,3913000000,20346000000,3913000000,24380000000,3507000000,19365000000,52000000,26000000,22898000000,47278000000,321000000,8571000000,8537000000,https://www.sec.gov/Archives/edgar/data/1017413/000095014212000377/0000950142-12-000377-index.html,https://www.sec.gov/Archives/edgar/data/1017413/000095014212000377/eh1200305_6k.htm
0,2011-09-30,CNQ,2011-11-04 00:00:00,2011-11-04 15:07:49,Q3,18000000,0.0,18000000,1998000000,625000000,165000000,2806000000,42300000000,0.0,0.0,0.0,346000000,8103000000,23000000,42669000000,23000000,45475000000,445000000,0.0,0.0,0.0,481000000,3019000000,9327000000,0.0,0.0,2882000000,20312000000,2882000000,23331000000,3431000000,18642000000,142000000,71000000,22144000000,45475000000,346000000,9327000000,9309000000,https://www.sec.gov/Archives/edgar/data/1017413/000095014211001824/0000950142-11-001824-index.html,https://www.sec.gov/Archives/edgar/data/1017413/000095014211001824/eh1100794_6k.htm
0,2011-06-30,CNQ,2011-08-05 00:00:00,2011-08-04 17:41:00,Q2,6000000.0,0.0,6000000.0,1859000000,605000000,153000000,2623000000,41657000000,0.0,0.0,0.0,346000000,7870000000,32000000,42035000000,32000000,44658000000,557000000,0.0,0.0,0.0,964000000,4041000000,8238000000,0.0,0.0,3057000000,19165000000,3057000000,23206000000,3425000000,17989000000,76000000,38000000,21452000000,44658000000,346000000,8624000000,8618000000,https://www.sec.gov/Archives/edgar/data/1017413/000095014211001397/0000950142-11-001397-index.html,https://www.sec.gov/Archives/edgar/data/1017413/000095014211001397/eh1100585_form6k.htm
0,2011-03-31,CNQ,2011-04-22 00:00:00,2011-04-26 12:25:23,Q1,50000000,0.0,50000000,1624000000,496000000,108000000,2278000000,41175000000,0.0,0.0,0.0,346000000,7825000000,42000000,41563000000,42000000,43841000000,453000000,0.0,0.0,0.0,1213000000,4324000000,8079000000,0.0,0.0,3018000000,18922000000,3018000000,23246000000,3394000000,17158000000,86000000,43000000,20595000000,43841000000,346000000,8468000000,8418000000,https://www.sec.gov/Archives/edgar/data/1017413/999999999711009413/9999999997-11-009413-index.html,https://www.sec.gov/Archives/edgar/data/1017413/999999999711009413/9999999997-11-009413.paper
0,2010-12-31,CNQ,,,Q4,22000000,0.0,22000000,1481000000,477000000,129000000,2109000000,40831000000,0.0,0.0,0.0,0.0,7788000000,14000000,40845000000,14000000,42954000000,274000000,0.0,0.0,0.0,1300000000,3706000000,8088000000,0.0,0.0,3004000000,18880000000,3004000000,22586000000,3147000000,17212000000,18000000,9000000.0,20368000000,42954000000,0.0,8485000000,8463000000,,
0,2010-09-30,CNQ,2010-10-06 00:00:00,2010-10-06 15:33:05,Q3,27000000,0.0,27000000,1246000000,411000000,163000000,1847000000,40140000000,0.0,0.0,0.0,0.0,7773000000,18000000,40158000000,18000000,42005000000,274000000,0.0,0.0,0.0,754000000,3352000000,7670000000,0.0,0.0,2498000000,17941000000,2498000000,21293000000,3015000000,17602000000,190000000,95000000,20712000000,42005000000,0.0,8481000000,8454000000,https://www.sec.gov/Archives/edgar/data/1017413/000095014210001518/0000950142-10-001518-index.html,https://www.sec.gov/Archives/edgar/data/1017413/000095014210001518/form6k_100510.htm
0,2010-06-30,CNQ,2010-07-29 00:00:00,2010-07-29 16:39:49,Q2,19000000,0.0,19000000,1363000000,452000000,257000000,2091000000,40243000000,0.0,0.0,0.0,0.0,7784000000,34000000,40277000000,142000000,42368000000,295000000,0.0,0.0,0.0,746000000,2921000000,8929000000,0.0,0.0,2409000000,19122000000,2409000000,22043000000,3006000000,17150000000,338000000,169000000,20325000000,42368000000,0.0,9329000000,9310000000,https://www.sec.gov/Archives/edgar/data/1017413/000095014210001222/0000950142-10-001222-index.html,https://www.sec.gov/Archives/edgar/data/1017413/000095014210001222/form6k_072910.htm
0,2010-03-31,CNQ,2010-04-01 00:00:00,2010-04-01 16:48:03,Q1,21000000,0.0,21000000,1324000000,445000000,212000000,2002000000,39424000000,0.0,0.0,0.0,0.0,7662000000,33000000,39457000000,55000000,41459000000,269000000,0.0,0.0,0.0,758000000,3169000000,8536000000,0.0,0.0,2539000000,18737000000,2539000000,21906000000,2939000000,16581000000,66000000,33000000,19553000000,41459000000,0.0,8936000000,8915000000,https://www.sec.gov/Archives/edgar/data/1017413/000095014210000579/0000950142-10-000579-index.html,https://www.sec.gov/Archives/edgar/data/1017413/000095014210000579/form6k_040110.htm
0,2009-12-31,CNQ,2010-02-09 00:00:00,2010-02-08 17:38:45,Q4,13000000,0.0,13000000,1148000000,584000000,146000000,1891000000,39115000000,0.0,0.0,0.0,0.0,7687000000,18000000,39133000000,164000000,41024000000,240000000,0.0,0.0,0.0,643000000,2405000000,9658000000,0.0,0.0,1848000000,19193000000,1848000000,21598000000,2834000000,16696000000,-208000000,-104000000,19426000000,41024000000,0.0,9658000000,9645000000,https://www.sec.gov/Archives/edgar/data/1017413/000095014210000156/0000950142-10-000156-index.html,https://www.sec.gov/Archives/edgar/data/1017413/000095014210000156/form6k_012810.htm
0,2009-09-30,CNQ,2009-11-12 00:00:00,2009-11-12 07:52:34,Q3,14000000,0.0,14000000,1006000000,637000000,179000000,1836000000,38996000000,0.0,0.0,0.0,0.0,7506000000,21000000,39017000000,200000000,40853000000,272000000,0.0,0.0,0.0,361000000,2232000000,10557000000,0.0,0.0,1493000000,19556000000,1493000000,21788000000,2827000000,16299000000,-122000000,-61000000,19065000000,40853000000,0.0,10557000000,10543000000,https://www.sec.gov/Archives/edgar/data/1017413/000095014209001815/0000950142-09-001815-index.html,https://www.sec.gov/Archives/edgar/data/1017413/000095014209001815/form6k_111209.htm
0,2009-06-30,CNQ,2009-08-10 00:00:00,2009-08-10 15:49:51,Q2,25000000,0.0,25000000,1179000000,590000000,479000000,2273000000,39430000000,0.0,0.0,0.0,0.0,7411000000,59000000,39489000000,538000000,41762000000,327000000,0.0,0.0,0.0,332000000,2386000000,11987000000,0.0,0.0,1390000000,20788000000,1390000000,23174000000,2816000000,15697000000,150000000,75000000,18588000000,41762000000,0.0,11987000000,11962000000,https://www.sec.gov/Archives/edgar/data/1017413/000095014209001067/0000950142-09-001067-index.html,https://www.sec.gov/Archives/edgar/data/1017413/000095014209001067/form6k_081009.htm
0,2009-03-31,CNQ,2009-04-02 00:00:00,2009-04-14 14:37:45,Q1,10000000,0.0,10000000,1142000000,525000000,1383000000,3060000000,39916000000,0.0,0.0,0.0,0.0,7291000000,368000000,40284000000,1751000000,43344000000,347000000,0.0,0.0,0.0,567000000,3028000000,12927000000,0.0,0.0,1382000000,21600000000,1382000000,24628000000,2809000000,15592000000,630000000,315000000,18716000000,43344000000,0.0,13132000000,13122000000,https://www.sec.gov/Archives/edgar/data/1017413/999999999709016776/9999999997-09-016776-index.html,https://www.sec.gov/Archives/edgar/data/1017413/999999999709016776/9999999997-09-016776.paper
0,2008-12-31,CNQ,2009-03-10 00:00:00,2009-03-10 15:15:00,Q4,27000000,0.0,27000000,1059000000,455000000,1851000000,3392000000,38966000000,0.0,0.0,0.0,0.0,7136000000,292000000,39258000000,2143000000,42650000000,383000000,0.0,0.0,0.0,815000000,3420000000,12596000000,0.0,0.0,1124000000,20856000000,1124000000,24276000000,2768000000,15344000000,524000000,262000000,18374000000,42650000000,0.0,13016000000,12989000000,https://www.sec.gov/Archives/edgar/data/1017413/000095014209000392/0000950142-09-000392-index.html,https://www.sec.gov/Archives/edgar/data/1017413/000095014209000392/form6k_030509.htm
0,2008-09-30,CNQ,2008-11-12 00:00:00,2008-11-12 07:42:54,Q3,14000000,0.0,14000000,1967000000,0.0,194000000,2175000000,37628000000,0.0,0.0,0.0,0.0,7131000000,26000000,37654000000,220000000,39829000000,408000000,0.0,0.0,0.0,779000000,3278000000,11633000000,0.0,0.0,1282000000,20046000000,1282000000,23324000000,2761000000,13628000000,232000000,116000000,16505000000,39829000000,0.0,11633000000,11619000000,https://www.sec.gov/Archives/edgar/data/1017413/000095014208001784/0000950142-08-001784-index.html,https://www.sec.gov/Archives/edgar/data/1017413/000095014208001784/form6k_110708.htm
0,2008-06-30,CNQ,2008-08-12 00:00:00,2008-08-12 16:56:15,Q2,22000000,0.0,22000000,2340000000,0.0,992000000,3354000000,36482000000,0.0,0.0,0.0,0.0,6964000000,31000000,36513000000,1023000000,39867000000,489000000,0.0,0.0,0.0,3411000000,6534000000,11040000000,0.0,0.0,1722000000,19726000000,1722000000,26260000000,2754000000,10847000000,12000000,6000000.0,13607000000,39867000000,0.0,11040000000,11018000000,https://www.sec.gov/Archives/edgar/data/1017413/000095014208001414/0000950142-08-001414-index.html,https://www.sec.gov/Archives/edgar/data/1017413/000095014208001414/form6k_081208.htm
0,2008-03-31,CNQ,2008-04-01 00:00:00,2008-04-01 15:39:27,Q1,27000000,0.0,27000000,2135000000,0.0,506000000,2668000000,35051000000,0.0,0.0,0.0,0.0,6831000000,36000000,35087000000,542000000,37755000000,455000000,0.0,0.0,0.0,1707000000,4240000000,11230000000,0.0,0.0,1386000000,19447000000,1386000000,23687000000,2725000000,11248000000,190000000,95000000,14068000000,37755000000,0.0,11230000000,11203000000,https://www.sec.gov/Archives/edgar/data/1017413/000095014208000712/0000950142-08-000712-index.html,https://www.sec.gov/Archives/edgar/data/1017413/000095014208000712/form6k_040108.htm
0,2007-12-31,CNQ,2008-04-01 00:00:00,2008-04-01 15:39:27,Q4,21000000,0.0,21000000,1662000000,0.0,498000000,2181000000,33902000000,0.0,0.0,0.0,0.0,6729000000,31000000,33933000000,529000000,36114000000,379000000,0.0,0.0,0.0,1617000000,3563000000,10940000000,0.0,0.0,1561000000,19230000000,1561000000,22793000000,2674000000,10575000000,144000000,72000000,13321000000,36114000000,0.0,10940000000,10919000000,https://www.sec.gov/Archives/edgar/data/1017413/000095014208000712/0000950142-08-000712-index.html,https://www.sec.gov/Archives/edgar/data/1017413/000095014208000712/form6k_040108.htm
0,2007-09-30,CNQ,2007-11-07 00:00:00,2007-11-06 18:37:11,Q3,21000000,0.0,21000000,1787000000,0.0,240000000,2048000000,33191000000,0.0,0.0,0.0,0.0,7385000000,43000000,33234000000,283000000,35282000000,629000000,0.0,0.0,0.0,658000000,2872000000,10686000000,0.0,0.0,1767000000,19838000000,1767000000,22710000000,2663000000,9824000000,170000000,85000000,12572000000,35282000000,0.0,10686000000,10665000000,https://www.sec.gov/Archives/edgar/data/1017413/000095014207002622/0000950142-07-002622-index.html,https://www.sec.gov/Archives/edgar/data/1017413/000095014207002622/form6k_110507.txt
0,2007-06-30,CNQ,2007-08-14 00:00:00,2007-08-14 12:04:40,Q2,11000000,0.0,11000000,1737000000,0.0,226000000,1974000000,32601000000,0.0,0.0,0.0,0.0,7212000000,56000000,32657000000,282000000,34631000000,547000000,0.0,0.0,0.0,602000000,2834000000,10958000000,0.0,0.0,1747000000,19917000000,1747000000,22751000000,2649000000,9169000000,124000000,62000000,11880000000,34631000000,0.0,10958000000,10947000000,https://www.sec.gov/Archives/edgar/data/1017413/000095014207001947/0000950142-07-001947-index.html,https://www.sec.gov/Archives/edgar/data/1017413/000095014207001947/form6k_081407.txt
0,2007-03-31,CNQ,2007-04-17 00:00:00,2007-04-26 16:33:13,Q1,14000000,0.0,14000000,1912000000,0.0,289000000,2215000000,32036000000,0.0,0.0,0.0,0.0,7135000000,64000000,32100000000,353000000,34315000000,648000000,0.0,0.0,0.0,793000000,3319000000,11307000000,0.0,0.0,1590000000,20032000000,1590000000,23351000000,2635000000,8374000000,-90000000,-45000000,10964000000,34315000000,0.0,11307000000,11293000000,https://www.sec.gov/Archives/edgar/data/1017413/999999999707021077/9999999997-07-021077-index.html,https://www.sec.gov/Archives/edgar/data/1017413/999999999707021077/9999999997-07-021077.paper
0,2006-12-31,CNQ,,,Q4,23000000,0.0,23000000,1947000000,0.0,269000000,2239000000,30767000000,0.0,0.0,0.0,0.0,6963000000,154000000,30921000000,423000000,33160000000,842000000,0.0,0.0,0.0,611000000,3071000000,11043000000,0.0,0.0,1393000000,19399000000,1393000000,22470000000,2562000000,8141000000,-26000000,-13000000,10690000000,33160000000,0.0,11043000000,11020000000,,
0,2006-09-30,CNQ,,,Q3,12000000,0.0,12000000,1430000000,0.0,182000000,1624000000,23447000000,0.0,0.0,0.0,0.0,5311000000,129000000,23576000000,311000000,25200000000,772000000,0.0,0.0,0.0,541000000,2656000000,5500000000,0.0,0.0,1340000000,12151000000,1340000000,14807000000,2536000000,7869000000,-24000000,-12000000,10393000000,25200000000,0.0,5500000000,5488000000,,
0,2006-06-30,CNQ,,,Q2,15000000,0.0,15000000,1507000000,0.0,447000000,1969000000,22351000000,0.0,0.0,0.0,0.0,5100000000,115000000,22466000000,562000000,24435000000,792000000,0.0,0.0,0.0,1313000000,3523000000,5004000000,0.0,0.0,1506000000,11610000000,1506000000,15133000000,2516000000,6798000000,-24000000,-12000000,9302000000,24435000000,0.0,5004000000,4989000000,,
0,2006-03-31,CNQ,,,Q1,12000000,0.0,12000000,1345000000,0.0,495000000,1852000000,21465000000,0.0,0.0,0.0,0.0,5344000000,122000000,21587000000,617000000,23439000000,621000000,0.0,0.0,0.0,1397000000,3917000000,4342000000,0.0,0.0,1526000000,11212000000,1526000000,15129000000,2500000000,5821000000,-22000000,-11000000,8310000000,23439000000,0.0,4342000000,4330000000,,
0,2005-12-31,CNQ,,,Q4,18000000,0.0,18000000,1546000000,0.0,487000000,2051000000,19694000000,0.0,0.0,0.0,0.0,5035000000,107000000,19801000000,594000000,21852000000,573000000,0.0,0.0,0.0,1471000000,3825000000,3321000000,0.0,0.0,1434000000,9790000000,1434000000,13615000000,2442000000,5804000000,-18000000,-9000000.0,8237000000,21852000000,0.0,3321000000,3303000000,,
0,2005-09-30,CNQ,,,Q3,12000000,0.0,12000000,2163000000,0.0,0.0,2175000000,18660000000,0.0,0.0,0.0,0.0,4677000000,109000000,18769000000,109000000,20944000000,479000000,0.0,0.0,0.0,1877000000,4281000000,3235000000,0.0,0.0,1570000000,9482000000,1570000000,13763000000,2433000000,4759000000,-22000000,-11000000,7181000000,20944000000,0.0,3429000000,3417000000,,
0,2005-06-30,CNQ,,,Q2,31000000,0.0,31000000,1704000000,0.0,0.0,1735000000,17948000000,0.0,0.0,0.0,0.0,4399000000,114000000,18062000000,114000000,19797000000,466000000,0.0,0.0,0.0,1178000000,3075000000,3649000000,0.0,0.0,1595000000,9643000000,1595000000,12718000000,2428000000,4655000000,-8000000.0,-4000000.0,7079000000,19797000000,0.0,3843000000,3812000000,,
0,2005-03-31,CNQ,,,Q1,41000000,0.0,41000000,1622000000,0.0,0.0,1663000000,17974000000,0.0,0.0,0.0,0.0,4425000000,81000000,18055000000,81000000,19718000000,429000000,0.0,0.0,0.0,915000000,2951000000,3831000000,0.0,0.0,1633000000,9889000000,1633000000,12840000000,2416000000,4468000000,-12000000,-6000000.0,6878000000,19718000000,0.0,4025000000,3984000000,,
0,2004-12-31,CNQ,2005-01-26 00:00:00,2005-01-26 17:00:14,Q4,28000000,0.0,28000000,1055000000,0.0,117000000,1200000000,17064000000,0.0,0.0,0.0,0.0,4450000000,108000000,17172000000,225000000,18372000000,379000000,0.0,0.0,0.0,260000000,1852000000,3538000000,0.0,0.0,1208000000,9196000000,1208000000,11048000000,2408000000,4922000000,-12000000,-6000000.0,7324000000,18372000000,0.0,3732000000,3704000000,https://www.sec.gov/Archives/edgar/data/1017413/000095014205000180/0000950142-05-000180-index.html,https://www.sec.gov/Archives/edgar/data/1017413/000095014205000180/form6k_012005.txt
0,2004-09-30,CNQ,2004-11-12 00:00:00,2004-11-12 12:52:03,Q3,12000000,0.0,12000000,1087000000,0.0,0.0,1099000000,15931000000,0.0,0.0,0.0,0.0,4064000000,71000000,16002000000,71000000,17101000000,545000000,0.0,0.0,0.0,534000000,1732000000,3314000000,0.0,0.0,1117000000,8495000000,1117000000,10227000000,2400000000,4372000000,2000000.0,1000000.0,6874000000,17101000000,0.0,3314000000,3302000000,https://www.sec.gov/Archives/edgar/data/1017413/000095014204003872/0000950142-04-003872-index.html,https://www.sec.gov/Archives/edgar/data/1017413/000095014204003872/form6k_q304.txt
0,2004-06-30,CNQ,2004-08-11 00:00:00,2004-08-11 16:12:18,Q2,16000000,0.0,16000000,1039000000,0.0,0.0,1055000000,15402000000,0.0,0.0,0.0,0.0,3861000000,75000000,15477000000,75000000,16532000000,531000000,0.0,0.0,0.0,329000000,1499000000,3609000000,0.0,0.0,973000000,8443000000,973000000,9942000000,2393000000,4090000000,0.0,0.0,6590000000,16532000000,0.0,3609000000,3593000000,https://www.sec.gov/Archives/edgar/data/1017413/000095014204002931/0000950142-04-002931-index.html,https://www.sec.gov/Archives/edgar/data/1017413/000095014204002931/form6k_q204.txt
0,2004-03-31,CNQ,2004-04-08 00:00:00,2004-04-08 12:50:14,Q1,26000000,0.0,26000000,985000000,0.0,0.0,1011000000,14947000000,0.0,0.0,0.0,0.0,3760000000,80000000,15027000000,80000000,16038000000,622000000,0.0,0.0,0.0,257000000,1934000000,3061000000,0.0,0.0,917000000,7738000000,917000000,9672000000,2380000000,3881000000,2000000.0,1000000.0,6366000000,16038000000,0.0,3239000000,3213000000,https://www.sec.gov/Archives/edgar/data/1017413/000095014204001127/0000950142-04-001127-index.html,https://www.sec.gov/Archives/edgar/data/1017413/000095014204001127/form6k_040704.txt
0,2003-12-31,CNQ,2004-01-23 00:00:00,2004-01-23 16:30:53,Q4,104000000,0.0,104000000,751000000,0.0,0.0,855000000,13714000000,0.0,0.0,0.0,0.0,3591000000,74000000,13788000000,74000000,14643000000,464000000,0.0,0.0,0.0,130000000,1360000000,2645000000,0.0,0.0,938000000,7174000000,938000000,8534000000,2353000000,3650000000,6000000.0,3000000.0,6109000000,14643000000,0.0,2829000000,2725000000,https://www.sec.gov/Archives/edgar/data/1017413/000095014204000197/0000950142-04-000197-index.html,https://www.sec.gov/Archives/edgar/data/1017413/000095014204000197/form6k_012204.txt
0,2003-09-30,CNQ,2003-11-07 00:00:00,2003-11-07 17:23:55,Q3,30000000,0.0,30000000,763000000,0.0,0.0,793000000,13007000000,0.0,0.0,0.0,0.0,3440000000,79000000,13086000000,79000000,13879000000,486000000,0.0,0.0,0.0,0.0,1321000000,2766000000,0.0,0.0,459000000,6665000000,459000000,7986000000,2348000000,3428000000,18000000,9000000.0,5893000000,13879000000,0.0,2953000000,2923000000,https://www.sec.gov/Archives/edgar/data/1017413/000095014203002074/0000950142-03-002074-index.html,https://www.sec.gov/Archives/edgar/data/1017413/000095014203002074/form6k_110503.txt
0,2003-06-30,CNQ,2003-07-23 00:00:00,2003-07-23 16:54:42,Q2,18000000,0.0,18000000,834000000,0.0,0.0,852000000,12777000000,0.0,0.0,0.0,0.0,3296000000,82000000,12859000000,82000000,13711000000,486000000,0.0,0.0,0.0,0.0,1311000000,2904000000,0.0,0.0,437000000,6637000000,437000000,7948000000,2360000000,3285000000,20000000,10000000,5763000000,13711000000,0.0,3106000000,3088000000,https://www.sec.gov/Archives/edgar/data/1017413/000095014203001249/0000950142-03-001249-index.html,https://www.sec.gov/Archives/edgar/data/1017413/000095014203001249/form6k_072303.txt
0,2003-03-31,CNQ,2003-04-03 00:00:00,2003-04-03 15:06:48,Q1,17000000,0.0,17000000,999000000,0.0,0.0,1016000000,12858000000,0.0,0.0,0.0,0.0,3425000000,79000000,12937000000,79000000,13953000000,508000000,0.0,0.0,0.0,0.0,1334000000,3494000000,0.0,0.0,438000000,7357000000,438000000,8691000000,2327000000,2801000000,32000000,16000000,5262000000,13953000000,0.0,3518000000,3501000000,https://www.sec.gov/Archives/edgar/data/1017413/000095014203000618/0000950142-03-000618-index.html,https://www.sec.gov/Archives/edgar/data/1017413/000095014203000618/form6k_040303.txt
0,2002-12-31,CNQ,2003-01-21 00:00:00,2003-01-21 09:12:34,Q4,30000000,0.0,30000000,745000000,0.0,0.0,775000000,12500000000,0.0,0.0,0.0,0.0,3187000000,84000000,12584000000,84000000,13359000000,337000000,0.0,0.0,0.0,0.0,789000000,4074000000,0.0,0.0,440000000,7702000000,440000000,8491000000,2304000000,2414000000,48000000,24000000,4868000000,13359000000,0.0,4098000000,4068000000,https://www.sec.gov/Archives/edgar/data/1017413/000095014203000117/0000950142-03-000117-index.html,https://www.sec.gov/Archives/edgar/data/1017413/000095014203000117/form6k_012103.txt
0,2002-09-30,CNQ,2002-11-12 00:00:00,2002-11-12 10:52:09,Q3,15000000,0.0,15000000,660000000,0.0,0.0,675000000,12482000000,0.0,0.0,0.0,0.0,2979000000,58000000,12540000000,58000000,13215000000,354000000,0.0,0.0,0.0,0.0,1039000000,4170000000,0.0,0.0,366000000,7514000000,366000000,8553000000,2289000000,2223000000,46000000,23000000,4661000000,13215000000,0.0,4196000000,4181000000,https://www.sec.gov/Archives/edgar/data/1017413/000095014202001027/0000950142-02-001027-index.html,https://www.sec.gov/Archives/edgar/data/1017413/000095014202001027/form6k_093002.txt
0,2002-06-30,CNQ,2002-07-18 00:00:00,2002-07-20 13:14:16,Q2,1000000.0,0.0,1000000.0,570000000,0.0,0.0,571000000,8598000000,0.0,0.0,0.0,0.0,1847000000,0.0,8598000000,0.0,9169000000,303000000,0.0,0.0,0.0,0.0,700000000,2404000000,0.0,0.0,187000000,4439000000,187000000,5139000000,1756000000,2122000000,60000000,30000000,4030000000,9169000000,0.0,2420000000,2419000000,https://www.sec.gov/Archives/edgar/data/1017413/999999999702041983/9999999997-02-041983-index.html,https://www.sec.gov/Archives/edgar/data/1017413/999999999702041983/9999999997-02-041983.paper
0,2002-03-31,CNQ,2002-05-10 00:00:00,2002-05-14 11:43:03,Q1,36000000,0.0,36000000,616000000,0.0,1000000.0,653000000,8648000000,0.0,0.0,0.0,0.0,1782000000,0.0,8648000000,0.0,9301000000,255000000,0.0,0.0,0.0,0.0,737000000,2658000000,0.0,0.0,196000000,4636000000,196000000,5373000000,1739000000,1992000000,138000000,69000000,3928000000,9301000000,0.0,2674000000,2638000000,https://www.sec.gov/Archives/edgar/data/1017413/999999999702028286/9999999997-02-028286-index.html,https://www.sec.gov/Archives/edgar/data/1017413/999999999702028286/9999999997-02-028286.paper
0,2001-12-31,CNQ,2002-01-24 00:00:00,2002-01-24 00:00:00,Q4,15000000,0.0,15000000,509000000,0.0,0.0,524000000,8443000000,0.0,0.0,0.0,0.0,1767000000,0.0,8443000000,0.0,8967000000,250000000,0.0,0.0,0.0,0.0,530000000,2669000000,0.0,0.0,194000000,4630000000,194000000,5160000000,1698000000,1909000000,146000000,73000000,3807000000,8967000000,0.0,2685000000,2670000000,https://www.sec.gov/Archives/edgar/data/1017413/999999999702006557/9999999997-02-006557-index.html,https://www.sec.gov/Archives/edgar/data/1017413/999999999702006557/9999999997-02-006557.paper
0,2001-09-30,CNQ,,,Q3,35000000,0.0,35000000,512000000,31000000,0.0,578000000,7943000000,0.0,0.0,0.0,0.0,1609000000,73000000,8016000000,73000000,8594000000,418000000,0.0,0.0,0.0,0.0,732000000,2312000000,0.0,0.0,190000000,4111000000,190000000,4843000000,1694000000,1940000000,0.0,0.0,3752000000,8594000000,0.0,2343000000,2308000000,,
0,2001-06-30,CNQ,,,Q2,32000000,0.0,32000000,549000000,31000000,0.0,612000000,7820000000,0.0,0.0,0.0,0.0,1544000000,26000000,7846000000,26000000,8458000000,375000000,0.0,0.0,0.0,0.0,726000000,2369000000,0.0,0.0,185000000,4098000000,185000000,4824000000,1684000000,1832000000,0.0,0.0,3634000000,8458000000,0.0,2384000000,2352000000,,
0,2001-03-31,CNQ,,,Q1,31000000,0.0,31000000,531000000,35000000,0.0,597000000,7660000000,0.0,0.0,0.0,0.0,1484000000,58000000,7717000000,58000000,8314000000,376000000,0.0,0.0,0.0,0.0,827000000,2378000000,0.0,0.0,176000000,4039000000,176000000,4866000000,1692000000,1639000000,0.0,0.0,3449000000,8314000000,0.0,2397000000,2366000000,,
