,date,symbol,fillingDate,acceptedDate,period,revenue,costOfRevenue,grossProfit,grossProfitRatio,researchAndDevelopmentExpenses,generalAndAdministrativeExpenses,sellingAndMarketingExpenses,otherExpenses,operatingExpenses,costAndExpenses,interestExpense,depreciationAndAmortization,ebitda,ebitdaratio,operatingIncome,operatingIncomeRatio,totalOtherIncomeExpensesNet,incomeBeforeTax,incomeBeforeTaxRatio,incomeTaxExpense,netIncome,netIncomeRatio,eps,epsdiluted,weightedAverageShsOut,weightedAverageShsOutDil,link,finalLink
0,2020-09-30,MDF.TO,2020-09-30,2020-09-30,Q3,20752000,6915000.0,13837000,0.6667791056283732,0.0,13930000,4731000.0,0.0,0.0,20845000,264000.0,0.0,2245000.0,0.10818234387047032,-93000.0,-0.03262336160370085,-310000.0,-677000.0,-0.03262336160370085,-34000.0,-643000.0,-0.03098496530454896,-0.04,-0.04,17960870,17960870,https://www.sedar.com/ModifyCompanyDocumentSearchForm.do?lang=EN&company_search=Mediagrif Interactive Technologies Inc&document_selection=0&industry_group=A&FromDate=13&FromMonth=05&FromYear=2000&ToDate=13&ToMonth=11&ToYear=2020&Variable=Issuer,https://www.sedar.com/ModifyCompanyDocumentSearchForm.do?lang=EN&company_search=Mediagrif Interactive Technologies Inc&document_selection=0&industry_group=A&FromDate=13&FromMonth=05&FromYear=2000&ToDate=13&ToMonth=11&ToYear=2020&Variable=Issuer
0,2020-06-30,MDF.TO,2020-06-30,2020-06-30,Q2,20534000,6564000.0,13970000,0.6803350540566865,0.0,14668000,5022000.0,0.0,0.0,21232000,354000.0,0.0,1684000.0,0.08201032434011883,-698000.0,-0.07265997857212428,-430000.0,-1492000.0,-0.07265997857212428,-255000.0,-1237000.0,-0.06024155059900652,-0.08,-0.08,17960870,17960870,https://www.sedar.com/ModifyCompanyDocumentSearchForm.do?lang=EN&company_search=Mediagrif Interactive Technologies Inc&document_selection=0&industry_group=A&FromDate=13&FromMonth=05&FromYear=2000&ToDate=13&ToMonth=11&ToYear=2020&Variable=Issuer,https://www.sedar.com/ModifyCompanyDocumentSearchForm.do?lang=EN&company_search=Mediagrif Interactive Technologies Inc&document_selection=0&industry_group=A&FromDate=13&FromMonth=05&FromYear=2000&ToDate=13&ToMonth=11&ToYear=2020&Variable=Issuer
0,2020-03-31,MDF.TO,2020-03-31,2020-03-31,Q1,18917000,6199000.0,12718000,0.6723053338267168,0.0,14928000,4831000.0,0.0,0.0,21127000,396000.0,0.0,462000.0,0.02442247713696675,-2210000.0,-0.4571549400010573,-6033000.0,-8648000.0,-0.4571549400010573,-1890000.0,-6758000.0,-0.3572448062589205,-0.37626239708878245,-0.37626239708878245,17960870,17960870,https://www.sedar.com/ModifyCompanyDocumentSearchForm.do?lang=EN&company_search=Mediagrif Interactive Technologies Inc&document_selection=0&industry_group=A&FromDate=13&FromMonth=05&FromYear=2000&ToDate=13&ToMonth=11&ToYear=2020&Variable=Issuer,https://www.sedar.com/ModifyCompanyDocumentSearchForm.do?lang=EN&company_search=Mediagrif Interactive Technologies Inc&document_selection=0&industry_group=A&FromDate=13&FromMonth=05&FromYear=2000&ToDate=13&ToMonth=11&ToYear=2020&Variable=Issuer
0,2019-12-31,MDF.TO,2019-12-31,2019-12-31,Q4,18072000,5344000.0,12728000,0.7042939353696326,0.0,14481000,4120000.0,0.0,0.0,19825000,301000.0,0.0,148000.0,0.00818946436476317,-1753000.0,-0.13175077467906154,-316000.0,-2381000.0,-0.13175077467906154,-502000.0,-1879000.0,-0.10397299690128375,-0.13,-0.13,14912768,14912768,https://www.sedar.com/ModifyCompanyDocumentSearchForm.do?lang=EN&company_search=Mediagrif Interactive Technologies Inc&document_selection=0&industry_group=A&FromDate=13&FromMonth=05&FromYear=2000&ToDate=13&ToMonth=11&ToYear=2020&Variable=Issuer,https://www.sedar.com/ModifyCompanyDocumentSearchForm.do?lang=EN&company_search=Mediagrif Interactive Technologies Inc&document_selection=0&industry_group=A&FromDate=13&FromMonth=05&FromYear=2000&ToDate=13&ToMonth=11&ToYear=2020&Variable=Issuer
0,2019-09-30,MDF.TO,2019-09-30,2019-09-30,Q3,18211000,4714000.0,13497000,0.7411454615342375,4838000.0,11489000,3710000.0,0.0,0.0,16203000,229000.0,0.0,3730000.0,0.20482126187469113,2008000.0,0.12206907912799957,454000.0,2223000.0,0.12206907912799957,389000.0,1834000.0,0.100708363077261,0.12,0.12,14848779,14848779,https://www.sedar.com/ModifyCompanyDocumentSearchForm.do?lang=EN&company_search=Mediagrif Interactive Technologies Inc&document_selection=0&industry_group=A&FromDate=13&FromMonth=05&FromYear=2000&ToDate=13&ToMonth=11&ToYear=2020&Variable=Issuer,https://www.sedar.com/ModifyCompanyDocumentSearchForm.do?lang=EN&company_search=Mediagrif Interactive Technologies Inc&document_selection=0&industry_group=A&FromDate=13&FromMonth=05&FromYear=2000&ToDate=13&ToMonth=11&ToYear=2020&Variable=Issuer
0,2019-06-30,MDF.TO,2019-06-30,2019-06-30,Q2,20228000,5297000.0,14931000,0.7381352580581373,5194000.0,12417000,4411000.0,0.0,0.0,17714000,345000.0,0.0,4135000.0,0.20441961637334388,2514000.0,0.07608265770219498,-621000.0,1539000.0,0.07608265770219498,488000.0,1051000.0,0.05195768242040735,0.07,0.07,14848779,14848779,https://www.sedar.com/ModifyCompanyDocumentSearchForm.do?lang=EN&company_search=Mediagrif Interactive Technologies Inc&document_selection=0&industry_group=A&FromDate=13&FromMonth=05&FromYear=2000&ToDate=13&ToMonth=11&ToYear=2020&Variable=Issuer,https://www.sedar.com/ModifyCompanyDocumentSearchForm.do?lang=EN&company_search=Mediagrif Interactive Technologies Inc&document_selection=0&industry_group=A&FromDate=13&FromMonth=05&FromYear=2000&ToDate=13&ToMonth=11&ToYear=2020&Variable=Issuer
0,2019-03-31,MDF.TO,2019-03-31,2019-03-31,Q1,20809000,7857000.0,12952000,0.6224229900523812,2171000.0,11154000,4765000.0,0.0,0.0,19011000,324000.0,0.0,-43048000,-2.0687202652698353,1798000.0,-2.1850641549329617,-46921000,-45469000,-2.1850641549329617,-11327000,-34142000,-1.640732375414484,-1.9009101452212505,-1.9009101452212505,17960870,17960870,https://www.sedar.com/ModifyCompanyDocumentSearchForm.do?lang=EN&company_search=Mediagrif Interactive Technologies Inc&document_selection=0&industry_group=A&FromDate=13&FromMonth=05&FromYear=2000&ToDate=13&ToMonth=11&ToYear=2020&Variable=Issuer,https://www.sedar.com/ModifyCompanyDocumentSearchForm.do?lang=EN&company_search=Mediagrif Interactive Technologies Inc&document_selection=0&industry_group=A&FromDate=13&FromMonth=05&FromYear=2000&ToDate=13&ToMonth=11&ToYear=2020&Variable=Issuer
0,2018-12-31,MDF.TO,2018-12-31,2018-12-31,Q4,20884000,4699000.0,16185000,0.7749952116452787,5782000.0,12759000,4019000.0,0.0,0.0,17458000,311000.0,0.0,5313000.0,0.2544052863436123,3426000.0,0.1881823405477878,825000.0,3930000.0,0.1881823405477878,1039000.0,2891000.0,0.1384313349932963,0.19,0.19,14848779,14848779,https://www.sedar.com/ModifyCompanyDocumentSearchForm.do?lang=EN&company_search=Mediagrif Interactive Technologies Inc&document_selection=0&industry_group=A&FromDate=13&FromMonth=05&FromYear=2000&ToDate=13&ToMonth=11&ToYear=2020&Variable=Issuer,https://www.sedar.com/ModifyCompanyDocumentSearchForm.do?lang=EN&company_search=Mediagrif Interactive Technologies Inc&document_selection=0&industry_group=A&FromDate=13&FromMonth=05&FromYear=2000&ToDate=13&ToMonth=11&ToYear=2020&Variable=Issuer
0,2018-09-30,MDF.TO,2018-09-30,2018-09-30,Q3,20261000,4145000.0,16116000,0.7954197719757169,4835000.0,11285000,3777000.0,0.0,0.0,15430000,271000.0,0.0,6640000.0,0.32772321208232563,4831000.0,0.2119342579339618,-256000.0,4294000.0,0.2119342579339618,1116000.0,3178000.0,0.15685306746952274,0.21,0.21,14848779,14848779,https://www.sedar.com/ModifyCompanyDocumentSearchForm.do?lang=EN&company_search=Mediagrif Interactive Technologies Inc&document_selection=0&industry_group=A&FromDate=13&FromMonth=05&FromYear=2000&ToDate=13&ToMonth=11&ToYear=2020&Variable=Issuer,https://www.sedar.com/ModifyCompanyDocumentSearchForm.do?lang=EN&company_search=Mediagrif Interactive Technologies Inc&document_selection=0&industry_group=A&FromDate=13&FromMonth=05&FromYear=2000&ToDate=13&ToMonth=11&ToYear=2020&Variable=Issuer
0,2018-06-30,MDF.TO,2018-06-30,2018-06-30,Q2,21128000,4189000.0,16939000,0.8017322983718288,6034000.0,13715000,4864000.0,0.0,0.0,17904000,267000.0,0.0,5279000.0,0.24985800833017796,3224000.0,0.15415562287012496,310000.0,3257000.0,0.15415562287012496,825000.0,2432000.0,0.11510791366906475,0.16,0.16,14848779,14848779,https://www.sedar.com/ModifyCompanyDocumentSearchForm.do?lang=EN&company_search=Mediagrif Interactive Technologies Inc&document_selection=0&industry_group=A&FromDate=13&FromMonth=05&FromYear=2000&ToDate=13&ToMonth=11&ToYear=2020&Variable=Issuer,https://www.sedar.com/ModifyCompanyDocumentSearchForm.do?lang=EN&company_search=Mediagrif Interactive Technologies Inc&document_selection=0&industry_group=A&FromDate=13&FromMonth=05&FromYear=2000&ToDate=13&ToMonth=11&ToYear=2020&Variable=Issuer
0,2018-03-31,MDF.TO,2018-03-31,2018-03-31,Q1,20479000,4055000.0,16424000,0.8019922847795302,5888000.0,12997000,4284000.0,0.0,0.0,17052000,272000.0,0.0,5649000.0,0.2758435470481957,3427000.0,0.15669710435079837,64000.0,3209000.0,0.15669710435079837,1110000.0,2099000.0,0.10249523902534304,0.1168651629904342,0.1168651629904342,17960870,17960870,https://www.sedar.com/ModifyCompanyDocumentSearchForm.do?lang=EN&company_search=Mediagrif Interactive Technologies Inc&document_selection=0&industry_group=A&FromDate=13&FromMonth=05&FromYear=2000&ToDate=13&ToMonth=11&ToYear=2020&Variable=Issuer,https://www.sedar.com/ModifyCompanyDocumentSearchForm.do?lang=EN&company_search=Mediagrif Interactive Technologies Inc&document_selection=0&industry_group=A&FromDate=13&FromMonth=05&FromYear=2000&ToDate=13&ToMonth=11&ToYear=2020&Variable=Issuer
0,2017-12-31,MDF.TO,2017-12-31,2017-12-31,Q4,20456000,4033000.0,16423000,0.8028451310129058,5869000.0,12629000,4046000.0,0.0,0.0,16662000,296000.0,0.0,6108000.0,0.298592100117325,3794000.0,0.17623191239734062,117000.0,3605000.0,0.17623191239734062,2653000.0,952000.0,0.04653891278842393,0.06,0.06,14848779,14848779,https://www.sedar.com/ModifyCompanyDocumentSearchForm.do?lang=EN&company_search=Mediagrif Interactive Technologies Inc&document_selection=0&industry_group=A&FromDate=13&FromMonth=05&FromYear=2000&ToDate=13&ToMonth=11&ToYear=2020&Variable=Issuer,https://www.sedar.com/ModifyCompanyDocumentSearchForm.do?lang=EN&company_search=Mediagrif Interactive Technologies Inc&document_selection=0&industry_group=A&FromDate=13&FromMonth=05&FromYear=2000&ToDate=13&ToMonth=11&ToYear=2020&Variable=Issuer
0,2017-09-30,MDF.TO,2017-09-30,2017-09-30,Q3,20031000,3963000.0,16068000,0.8021566571813689,5530000.0,12540000,4238000.0,0.0,0.0,16503000,264000.0,0.0,5549000.0,0.27702061804203487,3528000.0,0.13089710948030553,-632000.0,2622000.0,0.13089710948030553,912000.0,1710000.0,0.08536768009585143,0.11,0.11,14885871,14885871,https://www.sedar.com/ModifyCompanyDocumentSearchForm.do?lang=EN&company_search=Mediagrif Interactive Technologies Inc&document_selection=0&industry_group=A&FromDate=13&FromMonth=05&FromYear=2000&ToDate=13&ToMonth=11&ToYear=2020&Variable=Issuer,https://www.sedar.com/ModifyCompanyDocumentSearchForm.do?lang=EN&company_search=Mediagrif Interactive Technologies Inc&document_selection=0&industry_group=A&FromDate=13&FromMonth=05&FromYear=2000&ToDate=13&ToMonth=11&ToYear=2020&Variable=Issuer
0,2017-06-30,MDF.TO,2017-06-30,2017-06-30,Q2,19971000,3813000.0,16158000,0.8090731560763107,4704000.0,11983000,4581000.0,0.0,0.0,15796000,224000.0,0.0,6170000.0,0.3089479745631165,4175000.0,0.17800811176205497,-386000.0,3555000.0,0.17800811176205497,1139000.0,2416000.0,0.12097541435080868,0.16,0.16,14894865,14894865,https://www.sedar.com/ModifyCompanyDocumentSearchForm.do?lang=EN&company_search=Mediagrif Interactive Technologies Inc&document_selection=0&industry_group=A&FromDate=13&FromMonth=05&FromYear=2000&ToDate=13&ToMonth=11&ToYear=2020&Variable=Issuer,https://www.sedar.com/ModifyCompanyDocumentSearchForm.do?lang=EN&company_search=Mediagrif Interactive Technologies Inc&document_selection=0&industry_group=A&FromDate=13&FromMonth=05&FromYear=2000&ToDate=13&ToMonth=11&ToYear=2020&Variable=Issuer
0,2017-03-31,MDF.TO,2017-03-31,2017-03-31,Q1,19996000,3924000.0,16072000,0.8037607521504301,4302000.0,11493000,4193000.0,80000.0,0.0,15417000,241000.0,0.0,6486000.0,0.32436487297459493,4579000.0,0.21869373874774956,45000.0,4373000.0,0.21869373874774956,795000.0,3578000.0,0.1789357871574315,0.1992108400094205,0.1992108400094205,17960870,17960870,https://www.sedar.com/ModifyCompanyDocumentSearchForm.do?lang=EN&company_search=Mediagrif Interactive Technologies Inc&document_selection=0&industry_group=A&FromDate=13&FromMonth=05&FromYear=2000&ToDate=13&ToMonth=11&ToYear=2020&Variable=Issuer,https://www.sedar.com/ModifyCompanyDocumentSearchForm.do?lang=EN&company_search=Mediagrif Interactive Technologies Inc&document_selection=0&industry_group=A&FromDate=13&FromMonth=05&FromYear=2000&ToDate=13&ToMonth=11&ToYear=2020&Variable=Issuer
0,2016-12-31,MDF.TO,2016-12-31,2016-12-31,Q4,19267000,3731000.0,15536000,0.8063528312658951,3593000.0,10358000,4312000.0,0.0,0.0,14089000,283000.0,0.0,7112000.0,0.3691285617895884,5178000.0,0.2674521202055328,268000.0,5153000.0,0.2674521202055328,1168000.0,3985000.0,0.20683033165516168,0.27,0.27,14998979,14998979,https://www.sedar.com/ModifyCompanyDocumentSearchForm.do?lang=EN&company_search=Mediagrif Interactive Technologies Inc&document_selection=0&industry_group=A&FromDate=13&FromMonth=05&FromYear=2000&ToDate=13&ToMonth=11&ToYear=2020&Variable=Issuer,https://www.sedar.com/ModifyCompanyDocumentSearchForm.do?lang=EN&company_search=Mediagrif Interactive Technologies Inc&document_selection=0&industry_group=A&FromDate=13&FromMonth=05&FromYear=2000&ToDate=13&ToMonth=11&ToYear=2020&Variable=Issuer
0,2016-09-30,MDF.TO,2016-09-30,2016-09-30,Q3,19509000,3621000.0,15888000,0.8143933569121944,3515000.0,9729000.0,3926000.0,0.0,0.0,13350000,254000.0,0.0,8156000.0,0.4180634578912297,6159000.0,0.319493567071608,338000.0,6233000.0,0.319493567071608,1689000.0,4544000.0,0.23291814034548158,0.3,0.3,14998979,14998979,https://www.sedar.com/ModifyCompanyDocumentSearchForm.do?lang=EN&company_search=Mediagrif Interactive Technologies Inc&document_selection=0&industry_group=A&FromDate=13&FromMonth=05&FromYear=2000&ToDate=13&ToMonth=11&ToYear=2020&Variable=Issuer,https://www.sedar.com/ModifyCompanyDocumentSearchForm.do?lang=EN&company_search=Mediagrif Interactive Technologies Inc&document_selection=0&industry_group=A&FromDate=13&FromMonth=05&FromYear=2000&ToDate=13&ToMonth=11&ToYear=2020&Variable=Issuer
0,2016-06-30,MDF.TO,2016-06-30,2016-06-30,Q2,18966000,3786000.0,15180000,0.8003796267004113,3387000.0,9649000.0,3966000.0,0.0,0.0,13435000,192000.0,0.0,7124000.0,0.3756195296846989,5531000.0,0.2721185278920173,-168000.0,5161000.0,0.2721185278920173,1427000.0,3734000.0,0.19687862490772962,0.25,0.25,14998979,14998979,https://www.sedar.com/ModifyCompanyDocumentSearchForm.do?lang=EN&company_search=Mediagrif Interactive Technologies Inc&document_selection=0&industry_group=A&FromDate=13&FromMonth=05&FromYear=2000&ToDate=13&ToMonth=11&ToYear=2020&Variable=Issuer,https://www.sedar.com/ModifyCompanyDocumentSearchForm.do?lang=EN&company_search=Mediagrif Interactive Technologies Inc&document_selection=0&industry_group=A&FromDate=13&FromMonth=05&FromYear=2000&ToDate=13&ToMonth=11&ToYear=2020&Variable=Issuer
0,2016-03-31,MDF.TO,2016-03-31,2016-03-31,Q1,18817000,3931000.0,14886000,0.7910931604400276,2960000.0,9704000.0,4057000.0,-458000.0,0.0,13635000,188000.0,0.0,6123000.0,0.32539724717011215,5182000.0,0.1912100759951108,-1386000.0,3598000.0,0.1912100759951108,1126000.0,2472000.0,0.1313705691661795,0.13763253116357949,0.13763253116357949,17960870,17960870,https://www.sedar.com/ModifyCompanyDocumentSearchForm.do?lang=EN&company_search=Mediagrif Interactive Technologies Inc&document_selection=0&industry_group=A&FromDate=13&FromMonth=05&FromYear=2000&ToDate=13&ToMonth=11&ToYear=2020&Variable=Issuer,https://www.sedar.com/ModifyCompanyDocumentSearchForm.do?lang=EN&company_search=Mediagrif Interactive Technologies Inc&document_selection=0&industry_group=A&FromDate=13&FromMonth=05&FromYear=2000&ToDate=13&ToMonth=11&ToYear=2020&Variable=Issuer
0,2015-12-31,MDF.TO,2015-12-31,2015-12-31,Q4,18541000,3396000.0,15145000,0.816838358233105,2526000.0,8526000.0,3814000.0,-61000.0,0.0,11922000,223000.0,0.0,7979000.0,0.43034356291462167,6619000.0,0.3676716466210021,421000.0,6817000.0,0.3676716466210021,1966000.0,4851000.0,0.2616363734426406,0.32,0.32,15011039,15011039,https://www.sedar.com/ModifyCompanyDocumentSearchForm.do?lang=EN&company_search=Mediagrif Interactive Technologies Inc&document_selection=0&industry_group=A&FromDate=13&FromMonth=05&FromYear=2000&ToDate=13&ToMonth=11&ToYear=2020&Variable=Issuer,https://www.sedar.com/ModifyCompanyDocumentSearchForm.do?lang=EN&company_search=Mediagrif Interactive Technologies Inc&document_selection=0&industry_group=A&FromDate=13&FromMonth=05&FromYear=2000&ToDate=13&ToMonth=11&ToYear=2020&Variable=Issuer
0,2015-09-30,MDF.TO,2015-09-30,2015-09-30,Q3,17953000,3498000.0,14455000,0.8051579123266307,2614000.0,8338000.0,3656000.0,0.0,0.0,11836000,198000.0,0.0,7579000.0,0.4221578566256336,6117000.0,0.37614883306411184,834000.0,6753000.0,0.37614883306411184,1664000.0,5089000.0,0.28346237397649415,0.34,0.34,15093299,15093299,https://www.sedar.com/ModifyCompanyDocumentSearchForm.do?lang=EN&company_search=Mediagrif Interactive Technologies Inc&document_selection=0&industry_group=A&FromDate=13&FromMonth=05&FromYear=2000&ToDate=13&ToMonth=11&ToYear=2020&Variable=Issuer,https://www.sedar.com/ModifyCompanyDocumentSearchForm.do?lang=EN&company_search=Mediagrif Interactive Technologies Inc&document_selection=0&industry_group=A&FromDate=13&FromMonth=05&FromYear=2000&ToDate=13&ToMonth=11&ToYear=2020&Variable=Issuer
0,2015-06-30,MDF.TO,2015-06-30,2015-06-30,Q2,17709000,3543000.0,14166000,0.7999322378451634,2805000.0,9049000.0,3862000.0,4000.0,0.0,12592000,196000.0,0.0,6518000.0,0.3680614376870518,5117000.0,0.2718956462815518,-106000.0,4815000.0,0.2718956462815518,1395000.0,3420000.0,0.19312214128409283,0.22,0.22,15460128,15460128,https://www.sedar.com/ModifyCompanyDocumentSearchForm.do?lang=EN&company_search=Mediagrif Interactive Technologies Inc&document_selection=0&industry_group=A&FromDate=13&FromMonth=05&FromYear=2000&ToDate=13&ToMonth=11&ToYear=2020&Variable=Issuer,https://www.sedar.com/ModifyCompanyDocumentSearchForm.do?lang=EN&company_search=Mediagrif Interactive Technologies Inc&document_selection=0&industry_group=A&FromDate=13&FromMonth=05&FromYear=2000&ToDate=13&ToMonth=11&ToYear=2020&Variable=Issuer
0,2015-03-31,MDF.TO,2015-03-31,2015-03-31,Q1,17467000,3380000.0,14087000,0.8064922425144558,2607000.0,8714000.0,3924000.0,0.0,0.0,12094000,195000.0,0.0,6782000.0,0.3882750329192191,5373000.0,0.3483712142898036,907000.0,6085000.0,0.3483712142898036,1502000.0,4583000.0,0.26238048892196714,0.25516581323733206,0.25516581323733206,17960870,17960870,https://www.sedar.com/ModifyCompanyDocumentSearchForm.do?lang=EN&company_search=Mediagrif Interactive Technologies Inc&document_selection=0&industry_group=A&FromDate=13&FromMonth=05&FromYear=2000&ToDate=13&ToMonth=11&ToYear=2020&Variable=Issuer,https://www.sedar.com/ModifyCompanyDocumentSearchForm.do?lang=EN&company_search=Mediagrif Interactive Technologies Inc&document_selection=0&industry_group=A&FromDate=13&FromMonth=05&FromYear=2000&ToDate=13&ToMonth=11&ToYear=2020&Variable=Issuer
0,2014-12-31,MDF.TO,2014-12-31,2014-12-31,Q4,17537000,3506000.0,14031000,0.8000798312140047,2940000.0,8634000.0,3679000.0,0.0,0.0,12140000,243000.0,0.0,7010000.0,0.3997262929805554,5397000.0,0.3099731995210127,306000.0,5436000.0,0.3099731995210127,1380000.0,4056000.0,0.2312824314306894,0.26,0.26,15670007,15670007,https://www.sedar.com/ModifyCompanyDocumentSearchForm.do?lang=EN&company_search=Mediagrif Interactive Technologies Inc&document_selection=0&industry_group=A&FromDate=13&FromMonth=05&FromYear=2000&ToDate=13&ToMonth=11&ToYear=2020&Variable=Issuer,https://www.sedar.com/ModifyCompanyDocumentSearchForm.do?lang=EN&company_search=Mediagrif Interactive Technologies Inc&document_selection=0&industry_group=A&FromDate=13&FromMonth=05&FromYear=2000&ToDate=13&ToMonth=11&ToYear=2020&Variable=Issuer
0,2014-09-30,MDF.TO,2014-09-30,2014-09-30,Q3,17512000,3606000.0,13906000,0.7940840566468708,3164000.0,8707000.0,3356000.0,0.0,0.0,12313000,243000.0,0.0,7121000.0,0.4066354499771585,5199000.0,0.3060758337140247,452000.0,5360000.0,0.3060758337140247,1498000.0,3862000.0,0.22053449063499314,0.24,0.24,15813786,15813786,https://www.sedar.com/ModifyCompanyDocumentSearchForm.do?lang=EN&company_search=Mediagrif Interactive Technologies Inc&document_selection=0&industry_group=A&FromDate=13&FromMonth=05&FromYear=2000&ToDate=13&ToMonth=11&ToYear=2020&Variable=Issuer,https://www.sedar.com/ModifyCompanyDocumentSearchForm.do?lang=EN&company_search=Mediagrif Interactive Technologies Inc&document_selection=0&industry_group=A&FromDate=13&FromMonth=05&FromYear=2000&ToDate=13&ToMonth=11&ToYear=2020&Variable=Issuer
0,2014-06-30,MDF.TO,2014-06-30,2014-06-30,Q2,17731000,3480000.0,14251000,0.8037335739664994,3592000.0,9360000.0,3678000.0,0.0,0.0,12840000,274000.0,0.0,6601000.0,0.37228582708251085,4891000.0,0.24223112063617394,-274000.0,4295000.0,0.24223112063617394,1163000.0,3132000.0,0.17663978343015058,0.2,0.2,15816977,15816977,https://www.sedar.com/ModifyCompanyDocumentSearchForm.do?lang=EN&company_search=Mediagrif Interactive Technologies Inc&document_selection=0&industry_group=A&FromDate=13&FromMonth=05&FromYear=2000&ToDate=13&ToMonth=11&ToYear=2020&Variable=Issuer,https://www.sedar.com/ModifyCompanyDocumentSearchForm.do?lang=EN&company_search=Mediagrif Interactive Technologies Inc&document_selection=0&industry_group=A&FromDate=13&FromMonth=05&FromYear=2000&ToDate=13&ToMonth=11&ToYear=2020&Variable=Issuer
0,2014-03-31,MDF.TO,2014-03-31,2014-03-31,Q1,17296000,3632000.0,13664000,0.790009250693802,3166000.0,8993000.0,3788000.0,3000.0,0.0,12625000,283000.0,0.0,6755000.0,0.3905527289546716,4671000.0,0.2807585568917669,515000.0,4856000.0,0.2807585568917669,888000.0,3968000.0,0.2294172062904718,0.22092471021726676,0.22092471021726676,17960870,17960870,https://www.sedar.com/ModifyCompanyDocumentSearchForm.do?lang=EN&company_search=Mediagrif Interactive Technologies Inc&document_selection=0&industry_group=A&FromDate=13&FromMonth=05&FromYear=2000&ToDate=13&ToMonth=11&ToYear=2020&Variable=Issuer,https://www.sedar.com/ModifyCompanyDocumentSearchForm.do?lang=EN&company_search=Mediagrif Interactive Technologies Inc&document_selection=0&industry_group=A&FromDate=13&FromMonth=05&FromYear=2000&ToDate=13&ToMonth=11&ToYear=2020&Variable=Issuer
0,2013-12-31,MDF.TO,2013-12-31,2013-12-31,Q4,16427000,3436000.0,12991000,0.7908321665550618,2959000.0,8847000.0,3771000.0,-5000.0,0.0,12283000,314000.0,0.0,6050000.0,0.368296097887624,4144000.0,0.2508065988920679,338000.0,4120000.0,0.2508065988920679,1110000.0,3010000.0,0.18323491812260304,0.19,0.19,15833775,15833775,https://www.sedar.com/ModifyCompanyDocumentSearchForm.do?lang=EN&company_search=Mediagrif Interactive Technologies Inc&document_selection=0&industry_group=A&FromDate=13&FromMonth=05&FromYear=2000&ToDate=13&ToMonth=11&ToYear=2020&Variable=Issuer,https://www.sedar.com/ModifyCompanyDocumentSearchForm.do?lang=EN&company_search=Mediagrif Interactive Technologies Inc&document_selection=0&industry_group=A&FromDate=13&FromMonth=05&FromYear=2000&ToDate=13&ToMonth=11&ToYear=2020&Variable=Issuer
0,2013-09-30,MDF.TO,2013-09-30,2013-09-30,Q3,15955000,3512000.0,12443000,0.7798809150736447,2679000.0,8006000.0,3197000.0,0.0,0.0,11518000,289000.0,0.0,6174000.0,0.38696333437793795,4437000.0,0.24587903478533374,-181000.0,3923000.0,0.24587903478533374,1109000.0,2814000.0,0.17637104356001254,0.18,0.18,15833775,15833775,https://www.sedar.com/ModifyCompanyDocumentSearchForm.do?lang=EN&company_search=Mediagrif Interactive Technologies Inc&document_selection=0&industry_group=A&FromDate=13&FromMonth=05&FromYear=2000&ToDate=13&ToMonth=11&ToYear=2020&Variable=Issuer,https://www.sedar.com/ModifyCompanyDocumentSearchForm.do?lang=EN&company_search=Mediagrif Interactive Technologies Inc&document_selection=0&industry_group=A&FromDate=13&FromMonth=05&FromYear=2000&ToDate=13&ToMonth=11&ToYear=2020&Variable=Issuer
0,2013-06-30,MDF.TO,2013-06-30,2013-06-30,Q2,15698000,3276000.0,12422000,0.7913109950312142,2944000.0,8583000.0,3354000.0,0.0,0.0,11859000,133000.0,0.0,5299000.0,0.3375589247037839,3839000.0,0.25729392279271246,369000.0,4039000.0,0.25729392279271246,1120000.0,2919000.0,0.18594725442731558,0.18,0.18,15833775,15833775,https://www.sedar.com/ModifyCompanyDocumentSearchForm.do?lang=EN&company_search=Mediagrif Interactive Technologies Inc&document_selection=0&industry_group=A&FromDate=13&FromMonth=05&FromYear=2000&ToDate=13&ToMonth=11&ToYear=2020&Variable=Issuer,https://www.sedar.com/ModifyCompanyDocumentSearchForm.do?lang=EN&company_search=Mediagrif Interactive Technologies Inc&document_selection=0&industry_group=A&FromDate=13&FromMonth=05&FromYear=2000&ToDate=13&ToMonth=11&ToYear=2020&Variable=Issuer
0,2013-03-31,MDF.TO,2013-03-31,2013-03-31,Q1,15147000,3085000.0,12062000,0.7963293061332277,2432000.0,6985000.0,2583000.0,0.0,0.0,10070000,41000.0,0.0,6359000.0,0.4198191060936159,5077000.0,0.3450188156070509,221000.0,5226000.0,0.3450188156070509,1790000.0,3436000.0,0.226843599392619,0.19130476419015338,0.19130476419015338,17960870,17960870,https://www.sedar.com/ModifyCompanyDocumentSearchForm.do?lang=EN&company_search=Mediagrif Interactive Technologies Inc&document_selection=0&industry_group=A&FromDate=13&FromMonth=05&FromYear=2000&ToDate=13&ToMonth=11&ToYear=2020&Variable=Issuer,https://www.sedar.com/ModifyCompanyDocumentSearchForm.do?lang=EN&company_search=Mediagrif Interactive Technologies Inc&document_selection=0&industry_group=A&FromDate=13&FromMonth=05&FromYear=2000&ToDate=13&ToMonth=11&ToYear=2020&Variable=Issuer
0,2012-12-31,MDF.TO,2012-12-31,2012-12-31,Q4,15128000,3020000.0,12108000,0.8003701745108408,2527000.0,7210000.0,2735000.0,-59000.0,0.0,10230000,213000.0,0.0,6104000.0,0.4034902168164992,4898000.0,0.3079719725013221,14000.0,4659000.0,0.3079719725013221,1184000.0,3475000.0,0.2297065044949762,0.24,0.24,14356385,14374398,https://www.sedar.com/ModifyCompanyDocumentSearchForm.do?lang=EN&company_search=Mediagrif Interactive Technologies Inc&document_selection=0&industry_group=A&FromDate=13&FromMonth=05&FromYear=2000&ToDate=13&ToMonth=11&ToYear=2020&Variable=Issuer,https://www.sedar.com/ModifyCompanyDocumentSearchForm.do?lang=EN&company_search=Mediagrif Interactive Technologies Inc&document_selection=0&industry_group=A&FromDate=13&FromMonth=05&FromYear=2000&ToDate=13&ToMonth=11&ToYear=2020&Variable=Issuer
0,2012-09-30,MDF.TO,2012-09-30,2012-09-30,Q3,15213000,3000000.0,12213000,0.802800236639716,0.0,4413000.0,2409000.0,0.0,0.0,7413000.0,248000.0,0.0,9086000.0,0.5972523499638467,7800000.0,0.29599684480378624,-3009000.0,4503000.0,0.29599684480378624,1074000.0,3429000.0,0.22539932952080458,0.25,0.25,13797264,13821679,https://www.sedar.com/ModifyCompanyDocumentSearchForm.do?lang=EN&company_search=Mediagrif Interactive Technologies Inc&document_selection=0&industry_group=A&FromDate=13&FromMonth=05&FromYear=2000&ToDate=13&ToMonth=11&ToYear=2020&Variable=Issuer,https://www.sedar.com/ModifyCompanyDocumentSearchForm.do?lang=EN&company_search=Mediagrif Interactive Technologies Inc&document_selection=0&industry_group=A&FromDate=13&FromMonth=05&FromYear=2000&ToDate=13&ToMonth=11&ToYear=2020&Variable=Issuer
0,2012-06-30,MDF.TO,2012-06-30,2012-06-30,Q2,15847000,3203000.0,12644000,0.7978797248690603,2773000.0,4979000.0,2959000.0,0.0,0.0,10955000,259000.0,0.0,6116000.0,0.38594055657222187,4892000.0,0.30043541364296084,167000.0,4761000.0,0.30043541364296084,1128000.0,3633000.0,0.22925474853284533,0.26,0.26,13740214,13788864,https://www.sedar.com/ModifyCompanyDocumentSearchForm.do?lang=EN&company_search=Mediagrif Interactive Technologies Inc&document_selection=0&industry_group=A&FromDate=13&FromMonth=05&FromYear=2000&ToDate=13&ToMonth=11&ToYear=2020&Variable=Issuer,https://www.sedar.com/ModifyCompanyDocumentSearchForm.do?lang=EN&company_search=Mediagrif Interactive Technologies Inc&document_selection=0&industry_group=A&FromDate=13&FromMonth=05&FromYear=2000&ToDate=13&ToMonth=11&ToYear=2020&Variable=Issuer
0,2012-03-31,MDF.TO,2012-03-31,2012-03-31,Q1,14864000,3012000.0,11852000,0.7973627556512379,0.0,4982000.0,2579000.0,0.0,0.0,17772000,245000.0,0.0,5686000.0,0.382534983853606,-2908000.0,0.26177341227125944,7033000.0,3891000.0,0.26177341227125944,1256000.0,2635000.0,0.17727395048439182,0.1467078153786537,0.1467078153786537,17960870,17960870,https://www.sedar.com/ModifyCompanyDocumentSearchForm.do?lang=EN&company_search=Mediagrif Interactive Technologies Inc&document_selection=0&industry_group=A&FromDate=13&FromMonth=05&FromYear=2000&ToDate=13&ToMonth=11&ToYear=2020&Variable=Issuer,https://www.sedar.com/ModifyCompanyDocumentSearchForm.do?lang=EN&company_search=Mediagrif Interactive Technologies Inc&document_selection=0&industry_group=A&FromDate=13&FromMonth=05&FromYear=2000&ToDate=13&ToMonth=11&ToYear=2020&Variable=Issuer
0,2011-12-31,MDF.TO,2011-12-31,2011-12-31,Q4,13617000,2752000.0,10865000,0.7978996842182566,0.0,5939000.0,2317000.0,0.0,0.0,8691000.0,324000.0,0.0,6086000.0,0.4469413233458177,4926000.0,0.12785488727326136,-2888000.0,1741000.0,0.12785488727326136,776000.0,965000.0,0.07086729823015349,0.07,0.07,13710484,13761553,https://www.sedar.com/ModifyCompanyDocumentSearchForm.do?lang=EN&company_search=Mediagrif Interactive Technologies Inc&document_selection=0&industry_group=A&FromDate=13&FromMonth=05&FromYear=2000&ToDate=13&ToMonth=11&ToYear=2020&Variable=Issuer,https://www.sedar.com/ModifyCompanyDocumentSearchForm.do?lang=EN&company_search=Mediagrif Interactive Technologies Inc&document_selection=0&industry_group=A&FromDate=13&FromMonth=05&FromYear=2000&ToDate=13&ToMonth=11&ToYear=2020&Variable=Issuer
0,2011-09-30,MDF.TO,2011-09-30,2011-09-30,Q3,12706000,2439000.0,10267000,0.8080434440421848,0.0,6535000.0,2254000.0,0.0,0.0,8974000.0,0.0,0.0,3662000.0,0.2882102943491264,3732000.0,0.36470958602235165,845000.0,4634000.0,0.36470958602235165,887000.0,3747000.0,0.294900047221785,0.27,0.27,13705154,13740255,https://www.sedar.com/ModifyCompanyDocumentSearchForm.do?lang=EN&company_search=Mediagrif Interactive Technologies Inc&document_selection=0&industry_group=A&FromDate=13&FromMonth=05&FromYear=2000&ToDate=13&ToMonth=11&ToYear=2020&Variable=Issuer,https://www.sedar.com/ModifyCompanyDocumentSearchForm.do?lang=EN&company_search=Mediagrif Interactive Technologies Inc&document_selection=0&industry_group=A&FromDate=13&FromMonth=05&FromYear=2000&ToDate=13&ToMonth=11&ToYear=2020&Variable=Issuer
0,2011-06-30,MDF.TO,2011-06-30,2011-06-30,Q2,12637000,2649000.0,9988000.0,0.7903774630054602,0.0,4627000.0,2417000.0,0.0,0.0,7276000.0,0.0,0.0,8447000.0,0.6684339637572209,5361000.0,0.2471314394239139,-2294000.0,3123000.0,0.2471314394239139,965000.0,2158000.0,0.17076837857086333,0.16,0.16,13682201,13725138,https://www.sedar.com/ModifyCompanyDocumentSearchForm.do?lang=EN&company_search=Mediagrif Interactive Technologies Inc&document_selection=0&industry_group=A&FromDate=13&FromMonth=05&FromYear=2000&ToDate=13&ToMonth=11&ToYear=2020&Variable=Issuer,https://www.sedar.com/ModifyCompanyDocumentSearchForm.do?lang=EN&company_search=Mediagrif Interactive Technologies Inc&document_selection=0&industry_group=A&FromDate=13&FromMonth=05&FromYear=2000&ToDate=13&ToMonth=11&ToYear=2020&Variable=Issuer
0,2011-03-31,MDF.TO,2011-03-31,2011-03-31,Q1,12747361,2971043.0,9776318.0,0.7669287784350032,2158757.0,4344645.0,1885366.0,-248953.0,0.0,9919046.0,61767.0,0.0,3548397.0,0.2783632627961191,2828315.0,0.20128393633788202,-248953.0,2565839.0,0.20128393633788202,657039.0,1908800.0,0.14974079733052198,0.1062754755198384,0.1062754755198384,17960870,17960870,https://www.sedar.com/ModifyCompanyDocumentSearchForm.do?lang=EN&company_search=Mediagrif Interactive Technologies Inc&document_selection=0&industry_group=A&FromDate=13&FromMonth=05&FromYear=2000&ToDate=13&ToMonth=11&ToYear=2020&Variable=Issuer,https://www.sedar.com/ModifyCompanyDocumentSearchForm.do?lang=EN&company_search=Mediagrif Interactive Technologies Inc&document_selection=0&industry_group=A&FromDate=13&FromMonth=05&FromYear=2000&ToDate=13&ToMonth=11&ToYear=2020&Variable=Issuer
0,2010-12-31,MDF.TO,2010-12-31,2010-12-31,Q4,11664000,2373000.0,9291000.0,0.7965534979423868,1782000.0,3907000.0,1879000.0,-226000.0,0.0,8238000.0,55000.0,0.0,3883000.0,0.33290466392318246,3426000.0,0.27837791495198905,-226000.0,3247000.0,0.27837791495198905,1339000.0,1908000.0,0.16358024691358025,0.14,0.14,13680084,13694004,https://www.sedar.com/ModifyCompanyDocumentSearchForm.do?lang=EN&company_search=Mediagrif Interactive Technologies Inc&document_selection=0&industry_group=A&FromDate=13&FromMonth=05&FromYear=2000&ToDate=13&ToMonth=11&ToYear=2020&Variable=Issuer,https://www.sedar.com/ModifyCompanyDocumentSearchForm.do?lang=EN&company_search=Mediagrif Interactive Technologies Inc&document_selection=0&industry_group=A&FromDate=13&FromMonth=05&FromYear=2000&ToDate=13&ToMonth=11&ToYear=2020&Variable=Issuer
0,2010-09-30,MDF.TO,2010-09-30,2010-09-30,Q3,11420000,2318000.0,9102000.0,0.7970227670753065,1688000.0,3927000.0,1944000.0,-251000.0,0.0,8106000.0,53000.0,0.0,3667000.0,0.3211033274956217,3314000.0,0.26882661996497376,-251000.0,3070000.0,0.26882661996497376,1131000.0,1939000.0,0.16978984238178635,0.14,0.14,13872675,13889449,https://www.sedar.com/ModifyCompanyDocumentSearchForm.do?lang=EN&company_search=Mediagrif Interactive Technologies Inc&document_selection=0&industry_group=A&FromDate=13&FromMonth=05&FromYear=2000&ToDate=13&ToMonth=11&ToYear=2020&Variable=Issuer,https://www.sedar.com/ModifyCompanyDocumentSearchForm.do?lang=EN&company_search=Mediagrif Interactive Technologies Inc&document_selection=0&industry_group=A&FromDate=13&FromMonth=05&FromYear=2000&ToDate=13&ToMonth=11&ToYear=2020&Variable=Issuer
0,2010-06-30,MDF.TO,2010-06-30,2010-06-30,Q2,11245000,2592000.0,8653000.0,0.7694975544686528,1792000.0,3241000.0,1955000.0,267000.0,0.0,7797000.0,49000.0,0.0,4383000.0,0.389773232547799,3448000.0,0.3298354824366385,267000.0,3709000.0,0.3298354824366385,1068000.0,2641000.0,0.23485993775011116,0.19,0.19,13899300,13921222,https://www.sedar.com/ModifyCompanyDocumentSearchForm.do?lang=EN&company_search=Mediagrif Interactive Technologies Inc&document_selection=0&industry_group=A&FromDate=13&FromMonth=05&FromYear=2000&ToDate=13&ToMonth=11&ToYear=2020&Variable=Issuer,https://www.sedar.com/ModifyCompanyDocumentSearchForm.do?lang=EN&company_search=Mediagrif Interactive Technologies Inc&document_selection=0&industry_group=A&FromDate=13&FromMonth=05&FromYear=2000&ToDate=13&ToMonth=11&ToYear=2020&Variable=Issuer
0,2010-03-31,MDF.TO,2010-03-31,2010-03-31,Q1,11147412,2615616.0,8531796.0,0.7653611439139416,2045458.0,4004088.0,2126076.0,-193077.0,0.0,8836663.0,52047.0,0.0,2791199.0,0.25038986627568804,2310749.0,0.1883426395292468,-193077.0,2099533.0,0.1883426395292468,1183694.0,915839.0,0.08215709619416596,0.05099079276226597,0.05099079276226597,17960870,17960870,https://www.sedar.com/ModifyCompanyDocumentSearchForm.do?lang=EN&company_search=Mediagrif Interactive Technologies Inc&document_selection=0&industry_group=A&FromDate=13&FromMonth=05&FromYear=2000&ToDate=13&ToMonth=11&ToYear=2020&Variable=Issuer,https://www.sedar.com/ModifyCompanyDocumentSearchForm.do?lang=EN&company_search=Mediagrif Interactive Technologies Inc&document_selection=0&industry_group=A&FromDate=13&FromMonth=05&FromYear=2000&ToDate=13&ToMonth=11&ToYear=2020&Variable=Issuer
0,2009-12-31,MDF.TO,2009-12-31,2009-12-31,Q4,11417000,2633000.0,8784000.0,0.7693789962336867,1823000.0,4251000.0,2128000.0,-468000.0,0.0,8880000.0,47000.0,0.0,3440000.0,0.3013050713847771,2537000.0,0.17938162389419288,-468000.0,2048000.0,0.17938162389419288,927000.0,1121000.0,0.09818691425067881,0.08,0.08,13921833,13921833,https://www.sedar.com/ModifyCompanyDocumentSearchForm.do?lang=EN&company_search=Mediagrif Interactive Technologies Inc&document_selection=0&industry_group=A&FromDate=13&FromMonth=05&FromYear=2000&ToDate=13&ToMonth=11&ToYear=2020&Variable=Issuer,https://www.sedar.com/ModifyCompanyDocumentSearchForm.do?lang=EN&company_search=Mediagrif Interactive Technologies Inc&document_selection=0&industry_group=A&FromDate=13&FromMonth=05&FromYear=2000&ToDate=13&ToMonth=11&ToYear=2020&Variable=Issuer
0,2009-09-30,MDF.TO,2009-09-30,2009-09-30,Q3,11468000,2412000.0,9056000.0,0.7896756191140565,1777000.0,4355000.0,2165000.0,0.0,0.0,8717000.0,0.0,0.0,2924000.0,0.25497035228461806,2751000.0,0.15355772584583188,-990000.0,1761000.0,0.15355772584583188,1078000.0,683000.0,0.059557028252528774,0.05,0.05,13954846,13954846,https://www.sedar.com/ModifyCompanyDocumentSearchForm.do?lang=EN&company_search=Mediagrif Interactive Technologies Inc&document_selection=0&industry_group=A&FromDate=13&FromMonth=05&FromYear=2000&ToDate=13&ToMonth=11&ToYear=2020&Variable=Issuer,https://www.sedar.com/ModifyCompanyDocumentSearchForm.do?lang=EN&company_search=Mediagrif Interactive Technologies Inc&document_selection=0&industry_group=A&FromDate=13&FromMonth=05&FromYear=2000&ToDate=13&ToMonth=11&ToYear=2020&Variable=Issuer
0,2009-06-30,MDF.TO,2009-06-30,2009-06-30,Q2,11693000,2632000.0,9061000.0,0.7749080646540666,1929000.0,5082000.0,2316000.0,0.0,0.0,9815000.0,0.0,0.0,2565000.0,0.21936201145984777,1878000.0,0.06918669289318395,-1069000.0,809000.0,0.06918669289318395,1002000.0,-193000.0,-0.01650560164200804,-0.01,-0.01,13973262,13973262,https://www.sedar.com/ModifyCompanyDocumentSearchForm.do?lang=EN&company_search=Mediagrif Interactive Technologies Inc&document_selection=0&industry_group=A&FromDate=13&FromMonth=05&FromYear=2000&ToDate=13&ToMonth=11&ToYear=2020&Variable=Issuer,https://www.sedar.com/ModifyCompanyDocumentSearchForm.do?lang=EN&company_search=Mediagrif Interactive Technologies Inc&document_selection=0&industry_group=A&FromDate=13&FromMonth=05&FromYear=2000&ToDate=13&ToMonth=11&ToYear=2020&Variable=Issuer
0,2009-03-31,MDF.TO,2009-03-31,2009-03-31,Q1,11840421,2687612.0,9152809.0,0.7730138142892048,1880792.0,8030557.0,0.0,0.0,0.0,13036793,0.0,0.0,-850260.0,-0.071809946622675,-1196372.0,-0.6342291376294813,-8317310.0,-7509540.0,-0.6342291376294813,-2451773.0,-5057767.0,-0.42716107814071813,-0.2815992209731489,-0.2815992209731489,17960870,17960870,https://www.sedar.com/ModifyCompanyDocumentSearchForm.do?lang=EN&company_search=Mediagrif Interactive Technologies Inc&document_selection=0&industry_group=A&FromDate=13&FromMonth=05&FromYear=2000&ToDate=13&ToMonth=11&ToYear=2020&Variable=Issuer,https://www.sedar.com/ModifyCompanyDocumentSearchForm.do?lang=EN&company_search=Mediagrif Interactive Technologies Inc&document_selection=0&industry_group=A&FromDate=13&FromMonth=05&FromYear=2000&ToDate=13&ToMonth=11&ToYear=2020&Variable=Issuer
0,2008-12-31,MDF.TO,2008-12-31,2008-12-31,Q4,12236000,2919000.0,9317000.0,0.761441647597254,2106000.0,8150000.0,0.0,0.0,0.0,13610000,0.0,0.0,224000.0,0.018306636155606407,-1374000.0,0.0037593984962406013,1323000.0,46000.0,0.0037593984962406013,-2559000.0,2605000.0,0.2128963713631906,0.18,0.18,14178832,14178832,https://www.sedar.com/ModifyCompanyDocumentSearchForm.do?lang=EN&company_search=Mediagrif Interactive Technologies Inc&document_selection=0&industry_group=A&FromDate=13&FromMonth=05&FromYear=2000&ToDate=13&ToMonth=11&ToYear=2020&Variable=Issuer,https://www.sedar.com/ModifyCompanyDocumentSearchForm.do?lang=EN&company_search=Mediagrif Interactive Technologies Inc&document_selection=0&industry_group=A&FromDate=13&FromMonth=05&FromYear=2000&ToDate=13&ToMonth=11&ToYear=2020&Variable=Issuer
0,2008-09-30,MDF.TO,2008-09-30,2008-09-30,Q3,11886000,2616000.0,9270000.0,0.7799091367995962,2113000.0,5834000.0,0.0,0.0,0.0,11012000,0.0,0.0,2697000.0,0.22690560323069156,874000.0,0.10920410567053676,340000.0,1298000.0,0.10920410567053676,503000.0,795000.0,0.0668854114083796,0.06,0.06,14340768,14340768,https://www.sedar.com/ModifyCompanyDocumentSearchForm.do?lang=EN&company_search=Mediagrif Interactive Technologies Inc&document_selection=0&industry_group=A&FromDate=13&FromMonth=05&FromYear=2000&ToDate=13&ToMonth=11&ToYear=2020&Variable=Issuer,https://www.sedar.com/ModifyCompanyDocumentSearchForm.do?lang=EN&company_search=Mediagrif Interactive Technologies Inc&document_selection=0&industry_group=A&FromDate=13&FromMonth=05&FromYear=2000&ToDate=13&ToMonth=11&ToYear=2020&Variable=Issuer
0,2008-06-30,MDF.TO,2008-06-30,2008-06-30,Q2,11978000,2899000.0,9079000.0,0.7579729504090833,2242000.0,5911000.0,0.0,0.0,0.0,11500000,0.0,0.0,1947000.0,0.16254800467523794,478000.0,0.05309734513274336,158000.0,636000.0,0.05309734513274336,327000.0,309000.0,0.025797295040908334,0.02,0.02,14534500,14534500,https://www.sedar.com/ModifyCompanyDocumentSearchForm.do?lang=EN&company_search=Mediagrif Interactive Technologies Inc&document_selection=0&industry_group=A&FromDate=13&FromMonth=05&FromYear=2000&ToDate=13&ToMonth=11&ToYear=2020&Variable=Issuer,https://www.sedar.com/ModifyCompanyDocumentSearchForm.do?lang=EN&company_search=Mediagrif Interactive Technologies Inc&document_selection=0&industry_group=A&FromDate=13&FromMonth=05&FromYear=2000&ToDate=13&ToMonth=11&ToYear=2020&Variable=Issuer
0,2008-03-31,MDF.TO,2008-03-31,2008-03-31,Q1,12133903,2761443.0,9372460.0,0.7724192289982869,2705914.0,6572793.0,0.0,0.0,0.0,12462769,0.0,0.0,1141517.0,0.09407665447795321,-328866.0,-0.010632687602661731,1519850.0,-129016.0,-0.010632687602661731,189068.0,-318084.0,-0.026214483501310337,-0.017709832541519425,-0.017709832541519425,17960870,17960870,https://www.sedar.com/ModifyCompanyDocumentSearchForm.do?lang=EN&company_search=Mediagrif Interactive Technologies Inc&document_selection=0&industry_group=A&FromDate=13&FromMonth=05&FromYear=2000&ToDate=13&ToMonth=11&ToYear=2020&Variable=Issuer,https://www.sedar.com/ModifyCompanyDocumentSearchForm.do?lang=EN&company_search=Mediagrif Interactive Technologies Inc&document_selection=0&industry_group=A&FromDate=13&FromMonth=05&FromYear=2000&ToDate=13&ToMonth=11&ToYear=2020&Variable=Issuer
0,2007-12-31,MDF.TO,2007-12-31,2007-12-31,Q4,12242000,2686000.0,9556000.0,0.7805914066329032,2097000.0,6276000.0,0.0,0.0,0.0,11613000,0.0,0.0,2183000.0,0.17832053586015356,629000.0,0.0691880411697435,128000.0,847000.0,0.0691880411697435,257000.0,590000.0,0.04819473942166313,0.04,0.04,14817161,14845063,https://www.sedar.com/ModifyCompanyDocumentSearchForm.do?lang=EN&company_search=Mediagrif Interactive Technologies Inc&document_selection=0&industry_group=A&FromDate=13&FromMonth=05&FromYear=2000&ToDate=13&ToMonth=11&ToYear=2020&Variable=Issuer,https://www.sedar.com/ModifyCompanyDocumentSearchForm.do?lang=EN&company_search=Mediagrif Interactive Technologies Inc&document_selection=0&industry_group=A&FromDate=13&FromMonth=05&FromYear=2000&ToDate=13&ToMonth=11&ToYear=2020&Variable=Issuer
0,2007-09-30,MDF.TO,2007-09-30,2007-09-30,Q3,12102000,2326000.0,9776000.0,0.8078003635762684,2263000.0,5939000.0,0.0,0.0,0.0,10919000,0.0,0.0,2550000.0,0.2107089737233515,1183000.0,0.13584531482399603,-171000.0,1644000.0,0.13584531482399603,776000.0,868000.0,0.07172368203602711,0.05,0.05,17643912,17729608,https://www.sedar.com/ModifyCompanyDocumentSearchForm.do?lang=EN&company_search=Mediagrif Interactive Technologies Inc&document_selection=0&industry_group=A&FromDate=13&FromMonth=05&FromYear=2000&ToDate=13&ToMonth=11&ToYear=2020&Variable=Issuer,https://www.sedar.com/ModifyCompanyDocumentSearchForm.do?lang=EN&company_search=Mediagrif Interactive Technologies Inc&document_selection=0&industry_group=A&FromDate=13&FromMonth=05&FromYear=2000&ToDate=13&ToMonth=11&ToYear=2020&Variable=Issuer
0,2007-06-30,MDF.TO,2007-06-30,2007-06-30,Q2,11272000,2268000.0,9004000.0,0.7987934705464869,2144000.0,5261000.0,0.0,0.0,0.0,9968000.0,0.0,0.0,2503000.0,0.22205464868701205,1304000.0,0.14948545067423705,-215000.0,1685000.0,0.14948545067423705,874000.0,811000.0,0.07194819020581973,0.05,0.05,17732406,17853115,https://www.sedar.com/ModifyCompanyDocumentSearchForm.do?lang=EN&company_search=Mediagrif Interactive Technologies Inc&document_selection=0&industry_group=A&FromDate=13&FromMonth=05&FromYear=2000&ToDate=13&ToMonth=11&ToYear=2020&Variable=Issuer,https://www.sedar.com/ModifyCompanyDocumentSearchForm.do?lang=EN&company_search=Mediagrif Interactive Technologies Inc&document_selection=0&industry_group=A&FromDate=13&FromMonth=05&FromYear=2000&ToDate=13&ToMonth=11&ToYear=2020&Variable=Issuer
0,2007-03-31,MDF.TO,2007-03-31,2007-03-31,Q1,11201462,2064291.0,9137171.0,0.8157123596901904,2348711.0,818852.0,0.0,0.0,11824000,17363994,0.0,0.0,-4994038.0,-0.4458380522113988,-6162532.0,0.027418563755338365,469660.0,307128.0,0.027418563755338365,6535249.0,-406121.0,-0.036256070859321754,-0.0226114325196942,-0.0226114325196942,17960870,17960870,https://www.sedar.com/ModifyCompanyDocumentSearchForm.do?lang=EN&company_search=Mediagrif Interactive Technologies Inc&document_selection=0&industry_group=A&FromDate=13&FromMonth=05&FromYear=2000&ToDate=13&ToMonth=11&ToYear=2020&Variable=Issuer,https://www.sedar.com/ModifyCompanyDocumentSearchForm.do?lang=EN&company_search=Mediagrif Interactive Technologies Inc&document_selection=0&industry_group=A&FromDate=13&FromMonth=05&FromYear=2000&ToDate=13&ToMonth=11&ToYear=2020&Variable=Issuer
0,2006-12-31,MDF.TO,2006-12-31,2006-12-31,Q4,11859000,2174000.0,9685000.0,0.816679315287967,2026000.0,5328000.0,0.0,0.0,0.0,9845000.0,0.0,0.0,3154000.0,0.2659583438738511,2014000.0,0.22708491441099588,679000.0,2693000.0,0.22708491441099588,1068000.0,1625000.0,0.13702673075301458,0.09,0.09,17492484,17796922,https://www.sedar.com/ModifyCompanyDocumentSearchForm.do?lang=EN&company_search=Mediagrif Interactive Technologies Inc&document_selection=0&industry_group=A&FromDate=13&FromMonth=05&FromYear=2000&ToDate=13&ToMonth=11&ToYear=2020&Variable=Issuer,https://www.sedar.com/ModifyCompanyDocumentSearchForm.do?lang=EN&company_search=Mediagrif Interactive Technologies Inc&document_selection=0&industry_group=A&FromDate=13&FromMonth=05&FromYear=2000&ToDate=13&ToMonth=11&ToYear=2020&Variable=Issuer
0,2006-09-30,MDF.TO,2006-09-30,2006-09-30,Q3,11484000,2198000.0,9286000.0,0.8086032741205155,1830000.0,4847000.0,0.0,0.0,0.0,9191000.0,0.0,0.0,3398000.0,0.2958899338209683,2293000.0,0.24782305816788575,67000.0,2846000.0,0.24782305816788575,738000.0,2108000.0,0.1835597352838732,0.12,0.12,17479348,17790524,https://www.sedar.com/ModifyCompanyDocumentSearchForm.do?lang=EN&company_search=Mediagrif Interactive Technologies Inc&document_selection=0&industry_group=A&FromDate=13&FromMonth=05&FromYear=2000&ToDate=13&ToMonth=11&ToYear=2020&Variable=Issuer,https://www.sedar.com/ModifyCompanyDocumentSearchForm.do?lang=EN&company_search=Mediagrif Interactive Technologies Inc&document_selection=0&industry_group=A&FromDate=13&FromMonth=05&FromYear=2000&ToDate=13&ToMonth=11&ToYear=2020&Variable=Issuer
0,2006-06-30,MDF.TO,2006-06-30,2006-06-30,Q2,11500000,2084000.0,9416000.0,0.8187826086956522,1967000.0,4593000.0,0.0,0.0,0.0,8957000.0,0.0,0.0,3686000.0,0.3205217391304348,2543000.0,0.24669565217391304,-181000.0,2837000.0,0.24669565217391304,1107000.0,1730000.0,0.15043478260869564,0.1,0.1,17706462,18058127,https://www.sedar.com/ModifyCompanyDocumentSearchForm.do?lang=EN&company_search=Mediagrif Interactive Technologies Inc&document_selection=0&industry_group=A&FromDate=13&FromMonth=05&FromYear=2000&ToDate=13&ToMonth=11&ToYear=2020&Variable=Issuer,https://www.sedar.com/ModifyCompanyDocumentSearchForm.do?lang=EN&company_search=Mediagrif Interactive Technologies Inc&document_selection=0&industry_group=A&FromDate=13&FromMonth=05&FromYear=2000&ToDate=13&ToMonth=11&ToYear=2020&Variable=Issuer
0,2006-03-31,MDF.TO,2006-03-31,2006-03-31,Q1,13605000,2179000.0,11426000,0.8398382947445792,2074000.0,5190000.0,0.0,0.0,0.0,9747000.0,0.0,0.0,4931000.0,0.3624402793090775,3858000.0,0.2957001102535832,164000.0,4023000.0,0.2957001102535832,1362000.0,2660000.0,0.19551635428151415,0.14809973013556693,0.14809973013556693,17960870,17960870,https://www.sedar.com/ModifyCompanyDocumentSearchForm.do?lang=EN&company_search=Mediagrif Interactive Technologies Inc&document_selection=0&industry_group=A&FromDate=13&FromMonth=05&FromYear=2000&ToDate=13&ToMonth=11&ToYear=2020&Variable=Issuer,https://www.sedar.com/ModifyCompanyDocumentSearchForm.do?lang=EN&company_search=Mediagrif Interactive Technologies Inc&document_selection=0&industry_group=A&FromDate=13&FromMonth=05&FromYear=2000&ToDate=13&ToMonth=11&ToYear=2020&Variable=Issuer
0,2005-12-31,MDF.TO,2005-12-31,2005-12-31,Q4,11735000,1904000.0,9831000.0,0.8377503195568812,1936000.0,4488000.0,0.0,0.0,0.0,8629000.0,0.0,0.0,4415000.0,0.3762249680443119,3106000.0,0.28887942053685556,284000.0,3390000.0,0.28887942053685556,1103000.0,2287000.0,0.19488708990200257,0.13,0.12,18138937,18635119,https://www.sedar.com/ModifyCompanyDocumentSearchForm.do?lang=EN&company_search=Mediagrif Interactive Technologies Inc&document_selection=0&industry_group=A&FromDate=13&FromMonth=05&FromYear=2000&ToDate=13&ToMonth=11&ToYear=2020&Variable=Issuer,https://www.sedar.com/ModifyCompanyDocumentSearchForm.do?lang=EN&company_search=Mediagrif Interactive Technologies Inc&document_selection=0&industry_group=A&FromDate=13&FromMonth=05&FromYear=2000&ToDate=13&ToMonth=11&ToYear=2020&Variable=Issuer
0,2005-09-30,MDF.TO,2005-09-30,2005-09-30,Q3,11398000,1936000.0,9462000.0,0.8301456395858923,1927000.0,4441000.0,0.0,0.0,0.0,8601000.0,0.0,0.0,4025000.0,0.3531321284435866,2797000.0,0.23319880680821198,161000.0,2658000.0,0.23319880680821198,865000.0,2093000.0,0.18362870679066504,0.12,0.11,18016890,18661467,https://www.sedar.com/ModifyCompanyDocumentSearchForm.do?lang=EN&company_search=Mediagrif Interactive Technologies Inc&document_selection=0&industry_group=A&FromDate=13&FromMonth=05&FromYear=2000&ToDate=13&ToMonth=11&ToYear=2020&Variable=Issuer,https://www.sedar.com/ModifyCompanyDocumentSearchForm.do?lang=EN&company_search=Mediagrif Interactive Technologies Inc&document_selection=0&industry_group=A&FromDate=13&FromMonth=05&FromYear=2000&ToDate=13&ToMonth=11&ToYear=2020&Variable=Issuer
0,2005-06-30,MDF.TO,2005-06-30,2005-06-30,Q2,13391000,2017000.0,11374000,0.849376446867299,2153000.0,4640000.0,0.0,0.0,0.0,9107000.0,0.0,0.0,5407000.0,0.40377865730714657,4284000.0,0.3206631319542977,10000.0,4294000.0,0.3206631319542977,1555000.0,2739000.0,0.20454036293032635,0.15,0.15,18063351,18650171,https://www.sedar.com/ModifyCompanyDocumentSearchForm.do?lang=EN&company_search=Mediagrif Interactive Technologies Inc&document_selection=0&industry_group=A&FromDate=13&FromMonth=05&FromYear=2000&ToDate=13&ToMonth=11&ToYear=2020&Variable=Issuer,https://www.sedar.com/ModifyCompanyDocumentSearchForm.do?lang=EN&company_search=Mediagrif Interactive Technologies Inc&document_selection=0&industry_group=A&FromDate=13&FromMonth=05&FromYear=2000&ToDate=13&ToMonth=11&ToYear=2020&Variable=Issuer
0,2005-03-31,MDF.TO,2005-03-31,2005-03-31,Q1,11974824,2048223.0,9926601.0,0.8289558994771029,1896047.0,4322745.0,0.0,0.0,0.0,8557770.0,0.0,0.0,4651613.0,0.3884493834731934,3417054.0,0.2978190744181292,148277.0,3566331.0,0.2978190744181292,1169454.0,2396877.0,0.20015968501917022,0.1334499386722358,0.1334499386722358,17960870,17960870,https://www.sedar.com/ModifyCompanyDocumentSearchForm.do?lang=EN&company_search=Mediagrif Interactive Technologies Inc&document_selection=0&industry_group=A&FromDate=13&FromMonth=05&FromYear=2000&ToDate=13&ToMonth=11&ToYear=2020&Variable=Issuer,https://www.sedar.com/ModifyCompanyDocumentSearchForm.do?lang=EN&company_search=Mediagrif Interactive Technologies Inc&document_selection=0&industry_group=A&FromDate=13&FromMonth=05&FromYear=2000&ToDate=13&ToMonth=11&ToYear=2020&Variable=Issuer
0,2004-12-31,MDF.TO,2004-12-31,2004-12-31,Q4,11809000,2010000.0,9799000.0,0.8297908374968245,1883000.0,4465000.0,0.0,0.0,0.0,8650000.0,0.0,0.0,4358000.0,0.36904056228300447,3159000.0,0.31679227707680585,582000.0,3741000.0,0.31679227707680585,1175000.0,2566000.0,0.21729189601151663,0.14,0.14,18042000,18710000,https://www.sedar.com/ModifyCompanyDocumentSearchForm.do?lang=EN&company_search=Mediagrif Interactive Technologies Inc&document_selection=0&industry_group=A&FromDate=13&FromMonth=05&FromYear=2000&ToDate=13&ToMonth=11&ToYear=2020&Variable=Issuer,https://www.sedar.com/ModifyCompanyDocumentSearchForm.do?lang=EN&company_search=Mediagrif Interactive Technologies Inc&document_selection=0&industry_group=A&FromDate=13&FromMonth=05&FromYear=2000&ToDate=13&ToMonth=11&ToYear=2020&Variable=Issuer
0,2004-09-30,MDF.TO,2004-09-30,2004-09-30,Q3,10903000,1765000.0,9138000.0,0.8381179491882969,2480000.0,4208000.0,0.0,89000.0,0.0,8655000.0,0.0,0.0,4259000.0,0.3906264330918096,2248000.0,0.12923048702192058,-839000.0,1409000.0,0.12923048702192058,522000.0,887000.0,0.08135375584701458,0.05,0.05,18025166,18748741,https://www.sedar.com/ModifyCompanyDocumentSearchForm.do?lang=EN&company_search=Mediagrif Interactive Technologies Inc&document_selection=0&industry_group=A&FromDate=13&FromMonth=05&FromYear=2000&ToDate=13&ToMonth=11&ToYear=2020&Variable=Issuer,https://www.sedar.com/ModifyCompanyDocumentSearchForm.do?lang=EN&company_search=Mediagrif Interactive Technologies Inc&document_selection=0&industry_group=A&FromDate=13&FromMonth=05&FromYear=2000&ToDate=13&ToMonth=11&ToYear=2020&Variable=Issuer
0,2004-06-30,MDF.TO,2004-06-30,2004-06-30,Q2,11635000,1714000.0,9921000.0,0.8526858616244091,2360000.0,4401000.0,0.0,0.0,0.0,9146000.0,0.0,0.0,3838000.0,0.32986678126342933,2489000.0,0.22501074344649763,129000.0,2618000.0,0.22501074344649763,927000.0,1691000.0,0.14533734422002578,0.09,0.09,17964149,18868343,https://www.sedar.com/ModifyCompanyDocumentSearchForm.do?lang=EN&company_search=Mediagrif Interactive Technologies Inc&document_selection=0&industry_group=A&FromDate=13&FromMonth=05&FromYear=2000&ToDate=13&ToMonth=11&ToYear=2020&Variable=Issuer,https://www.sedar.com/ModifyCompanyDocumentSearchForm.do?lang=EN&company_search=Mediagrif Interactive Technologies Inc&document_selection=0&industry_group=A&FromDate=13&FromMonth=05&FromYear=2000&ToDate=13&ToMonth=11&ToYear=2020&Variable=Issuer
0,2004-03-31,MDF.TO,2004-03-31,2004-03-31,Q1,12686547,1800440.0,10886107,0.8580827391409184,2513223.0,4193478.0,0.0,0.0,0.0,9383323.0,0.0,0.0,4786401.0,0.3772816196558449,3303224.0,0.27130621121728393,138715.0,3441939.0,0.27130621121728393,964035.0,2477904.0,0.19531744926338113,0.13796124575257213,0.13796124575257213,17960870,17960870,https://www.sedar.com/ModifyCompanyDocumentSearchForm.do?lang=EN&company_search=Mediagrif Interactive Technologies Inc&document_selection=0&industry_group=A&FromDate=13&FromMonth=05&FromYear=2000&ToDate=13&ToMonth=11&ToYear=2020&Variable=Issuer,https://www.sedar.com/ModifyCompanyDocumentSearchForm.do?lang=EN&company_search=Mediagrif Interactive Technologies Inc&document_selection=0&industry_group=A&FromDate=13&FromMonth=05&FromYear=2000&ToDate=13&ToMonth=11&ToYear=2020&Variable=Issuer
0,2003-12-31,MDF.TO,2003-12-31,2003-12-31,Q4,12312000,1810000.0,10502000,0.8529889538661468,2528000.0,4121000.0,0.0,0.0,0.0,9308000.0,0.0,0.0,4600000.0,0.37361923326835605,3004000.0,0.2658382066276803,269000.0,3273000.0,0.2658382066276803,959000.0,2314000.0,0.18794671864847304,0.13,0.12,18281029,18939871,https://www.sedar.com/ModifyCompanyDocumentSearchForm.do?lang=EN&company_search=Mediagrif Interactive Technologies Inc&document_selection=0&industry_group=A&FromDate=13&FromMonth=05&FromYear=2000&ToDate=13&ToMonth=11&ToYear=2020&Variable=Issuer,https://www.sedar.com/ModifyCompanyDocumentSearchForm.do?lang=EN&company_search=Mediagrif Interactive Technologies Inc&document_selection=0&industry_group=A&FromDate=13&FromMonth=05&FromYear=2000&ToDate=13&ToMonth=11&ToYear=2020&Variable=Issuer
0,2003-09-30,MDF.TO,2003-09-30,2003-09-30,Q3,11962000,1750000.0,10212000,0.8537033940812573,2669000.0,4009000.0,0.0,0.0,0.0,9277000.0,0.0,0.0,4221000.0,0.35286741347600736,2685000.0,0.2461962882461127,260000.0,2945000.0,0.2461962882461127,889000.0,2056000.0,0.1718776124393914,0.11,0.11,18244295,18779918,https://www.sedar.com/ModifyCompanyDocumentSearchForm.do?lang=EN&company_search=Mediagrif Interactive Technologies Inc&document_selection=0&industry_group=A&FromDate=13&FromMonth=05&FromYear=2000&ToDate=13&ToMonth=11&ToYear=2020&Variable=Issuer,https://www.sedar.com/ModifyCompanyDocumentSearchForm.do?lang=EN&company_search=Mediagrif Interactive Technologies Inc&document_selection=0&industry_group=A&FromDate=13&FromMonth=05&FromYear=2000&ToDate=13&ToMonth=11&ToYear=2020&Variable=Issuer
0,2003-06-30,MDF.TO,2003-06-30,2003-06-30,Q2,11718000,1831000.0,9887000.0,0.8437446663253115,2514000.0,4305000.0,0.0,0.0,0.0,9499000.0,0.0,0.0,3729000.0,0.3182283666154634,2219000.0,0.2120669056152927,266000.0,2485000.0,0.2120669056152927,624000.0,1861000.0,0.15881549752517493,0.1,0.1,18116465,18449838,https://www.sedar.com/ModifyCompanyDocumentSearchForm.do?lang=EN&company_search=Mediagrif Interactive Technologies Inc&document_selection=0&industry_group=A&FromDate=13&FromMonth=05&FromYear=2000&ToDate=13&ToMonth=11&ToYear=2020&Variable=Issuer,https://www.sedar.com/ModifyCompanyDocumentSearchForm.do?lang=EN&company_search=Mediagrif Interactive Technologies Inc&document_selection=0&industry_group=A&FromDate=13&FromMonth=05&FromYear=2000&ToDate=13&ToMonth=11&ToYear=2020&Variable=Issuer
0,2003-03-31,MDF.TO,2003-03-31,2003-03-31,Q1,12034904,1904379.0,10130525,0.841762011562369,2366870.0,4705745.0,0.0,0.0,0.0,9826028.0,0.0,0.0,3821713.0,0.3175524291676942,2208876.0,0.13215568649322004,-618395.0,1590481.0,0.13215568649322004,450305.0,1140594.0,0.09477383450669818,0.06350438480986723,0.06350438480986723,17960870,17960870,https://www.sedar.com/ModifyCompanyDocumentSearchForm.do?lang=EN&company_search=Mediagrif Interactive Technologies Inc&document_selection=0&industry_group=A&FromDate=13&FromMonth=05&FromYear=2000&ToDate=13&ToMonth=11&ToYear=2020&Variable=Issuer,https://www.sedar.com/ModifyCompanyDocumentSearchForm.do?lang=EN&company_search=Mediagrif Interactive Technologies Inc&document_selection=0&industry_group=A&FromDate=13&FromMonth=05&FromYear=2000&ToDate=13&ToMonth=11&ToYear=2020&Variable=Issuer
0,2002-12-31,MDF.TO,2002-12-31,2002-12-31,Q4,8873000.0,1121000.0,7752000.0,0.8736616702355461,2302000.0,3635000.0,0.0,0.0,0.0,7275000.0,0.0,0.0,2367000.0,0.26676434126000226,1598000.0,0.20038318494308577,180000.0,1778000.0,0.20038318494308577,356000.0,1420000.0,0.1600360644652316,0.08,0.08,18108645,18275513,https://www.sedar.com/ModifyCompanyDocumentSearchForm.do?lang=EN&company_search=Mediagrif Interactive Technologies Inc&document_selection=0&industry_group=A&FromDate=13&FromMonth=05&FromYear=2000&ToDate=13&ToMonth=11&ToYear=2020&Variable=Issuer,https://www.sedar.com/ModifyCompanyDocumentSearchForm.do?lang=EN&company_search=Mediagrif Interactive Technologies Inc&document_selection=0&industry_group=A&FromDate=13&FromMonth=05&FromYear=2000&ToDate=13&ToMonth=11&ToYear=2020&Variable=Issuer
0,2002-09-30,MDF.TO,2002-09-30,2002-09-30,Q3,7821000.0,1001000.0,6820000.0,0.8720112517580872,2204000.0,3340000.0,0.0,0.0,0.0,6633000.0,0.0,0.0,1742000.0,0.22273366577164044,1188000.0,0.17734305076077228,199000.0,1387000.0,0.17734305076077228,-291000.0,2676000.0,0.34215573456079784,0.12,0.12,17981000,18012000,https://www.sedar.com/ModifyCompanyDocumentSearchForm.do?lang=EN&company_search=Mediagrif Interactive Technologies Inc&document_selection=0&industry_group=A&FromDate=13&FromMonth=05&FromYear=2000&ToDate=13&ToMonth=11&ToYear=2020&Variable=Issuer,https://www.sedar.com/ModifyCompanyDocumentSearchForm.do?lang=EN&company_search=Mediagrif Interactive Technologies Inc&document_selection=0&industry_group=A&FromDate=13&FromMonth=05&FromYear=2000&ToDate=13&ToMonth=11&ToYear=2020&Variable=Issuer
0,2002-06-30,MDF.TO,2002-06-30,2002-06-30,Q2,10282000,2040000.0,8242000.0,0.8015950204240421,2229000.0,3911000.0,0.0,0.0,0.0,8180000.0,0.0,0.0,2102000.0,0.20443493483758024,2102000.0,0.18634506905271347,-186000.0,1916000.0,0.18634506905271347,228000.0,1688000.0,0.1641703948648123,0.07,0.07,23127000,23207000,https://www.sedar.com/ModifyCompanyDocumentSearchForm.do?lang=EN&company_search=Mediagrif Interactive Technologies Inc&document_selection=0&industry_group=A&FromDate=13&FromMonth=05&FromYear=2000&ToDate=13&ToMonth=11&ToYear=2020&Variable=Issuer,https://www.sedar.com/ModifyCompanyDocumentSearchForm.do?lang=EN&company_search=Mediagrif Interactive Technologies Inc&document_selection=0&industry_group=A&FromDate=13&FromMonth=05&FromYear=2000&ToDate=13&ToMonth=11&ToYear=2020&Variable=Issuer
0,2002-03-31,MDF.TO,2002-03-31,2002-03-31,Q1,9162000.0,1834000.0,7328000.0,0.7998253656406898,1978000.0,4205000.0,0.0,0.0,0.0,6728000.0,0.0,0.0,2884000.0,0.3147784326566252,2434000.0,0.1274830822964418,0.0,1168000.0,0.1274830822964418,272000.0,896000.0,0.09779524121370879,0.04988622488776991,0.04988622488776991,17960870,17960870,https://www.sedar.com/ModifyCompanyDocumentSearchForm.do?lang=EN&company_search=Mediagrif Interactive Technologies Inc&document_selection=0&industry_group=A&FromDate=13&FromMonth=05&FromYear=2000&ToDate=13&ToMonth=11&ToYear=2020&Variable=Issuer,https://www.sedar.com/ModifyCompanyDocumentSearchForm.do?lang=EN&company_search=Mediagrif Interactive Technologies Inc&document_selection=0&industry_group=A&FromDate=13&FromMonth=05&FromYear=2000&ToDate=13&ToMonth=11&ToYear=2020&Variable=Issuer
0,2001-12-31,MDF.TO,2001-12-31,2001-12-31,Q4,8112000.0,1644000.0,6468000.0,0.7973372781065089,2132000.0,3747000.0,0.0,0.0,0.0,7957000.0,0.0,0.0,589000.0,0.07260848126232741,155000.0,0.08629191321499013,0.0,700000.0,0.08629191321499013,-3000.0,703000.0,0.08666173570019724,0.03,0.03,23127340,23127340,https://www.sedar.com/ModifyCompanyDocumentSearchForm.do?lang=EN&company_search=Mediagrif Interactive Technologies Inc&document_selection=0&industry_group=A&FromDate=13&FromMonth=05&FromYear=2000&ToDate=13&ToMonth=11&ToYear=2020&Variable=Issuer,https://www.sedar.com/ModifyCompanyDocumentSearchForm.do?lang=EN&company_search=Mediagrif Interactive Technologies Inc&document_selection=0&industry_group=A&FromDate=13&FromMonth=05&FromYear=2000&ToDate=13&ToMonth=11&ToYear=2020&Variable=Issuer
0,2001-09-30,MDF.TO,2001-09-30,2001-09-30,Q3,8089000.0,2238000.0,5851000.0,0.7233279762640623,2132000.0,4230000.0,0.0,0.0,0.0,9033000.0,0.0,0.0,-511000.0,-0.06317220917295092,-944000.0,-0.04635925330696007,0.0,-375000.0,-0.04635925330696007,-106000.0,-269000.0,-0.03325503770552602,-0.01,-0.01,23127339,23127339,https://www.sedar.com/ModifyCompanyDocumentSearchForm.do?lang=EN&company_search=Mediagrif Interactive Technologies Inc&document_selection=0&industry_group=A&FromDate=13&FromMonth=05&FromYear=2000&ToDate=13&ToMonth=11&ToYear=2020&Variable=Issuer,https://www.sedar.com/ModifyCompanyDocumentSearchForm.do?lang=EN&company_search=Mediagrif Interactive Technologies Inc&document_selection=0&industry_group=A&FromDate=13&FromMonth=05&FromYear=2000&ToDate=13&ToMonth=11&ToYear=2020&Variable=Issuer
0,2001-06-30,MDF.TO,2001-06-30,2001-06-30,Q2,10688000,4473000.0,6215000.0,0.5814932634730539,2282000.0,4181000.0,0.0,0.0,0.0,10875000,0.0,0.0,-248000.0,-0.023203592814371257,-187000.0,-0.005707335329341317,75000.0,-61000.0,-0.005707335329341317,-84000.0,23000.0,0.002151946107784431,0.000994,0.000994,23127340,23127340,https://www.sedar.com/ModifyCompanyDocumentSearchForm.do?lang=EN&company_search=Mediagrif Interactive Technologies Inc&document_selection=0&industry_group=A&FromDate=13&FromMonth=05&FromYear=2000&ToDate=13&ToMonth=11&ToYear=2020&Variable=Issuer,https://www.sedar.com/ModifyCompanyDocumentSearchForm.do?lang=EN&company_search=Mediagrif Interactive Technologies Inc&document_selection=0&industry_group=A&FromDate=13&FromMonth=05&FromYear=2000&ToDate=13&ToMonth=11&ToYear=2020&Variable=Issuer
0,2001-03-31,MDF.TO,2001-03-31,2001-03-31,Q1,21660000,17433000,4227000.0,0.19515235457063712,2469000.0,4175000.0,0.0,0.0,0.0,22207000,0.0,0.0,-2417000.0,-0.11158818097876269,-547000.0,0.01574330563250231,1933000.0,341000.0,0.01574330563250231,149000.0,192000.0,0.00886426592797784,0.010689905333093552,0.010689905333093552,17960870,17960870,https://www.sedar.com/ModifyCompanyDocumentSearchForm.do?lang=EN&company_search=Mediagrif Interactive Technologies Inc&document_selection=0&industry_group=A&FromDate=13&FromMonth=05&FromYear=2000&ToDate=13&ToMonth=11&ToYear=2020&Variable=Issuer,https://www.sedar.com/ModifyCompanyDocumentSearchForm.do?lang=EN&company_search=Mediagrif Interactive Technologies Inc&document_selection=0&industry_group=A&FromDate=13&FromMonth=05&FromYear=2000&ToDate=13&ToMonth=11&ToYear=2020&Variable=Issuer
0,2000-12-31,MDF.TO,2000-12-31,2000-12-31,Q4,18832000,12904000,5928000.0,0.31478334749362785,1951000.0,4234000.0,0.0,0.0,0.0,19493000,0.0,0.0,-257000.0,-0.013646983857264232,-661000.0,0.055065845369583685,907000.0,1037000.0,0.055065845369583685,50000.0,987000.0,0.052410790144435004,0.04,0.04,22739398,22739398,https://www.sedar.com/ModifyCompanyDocumentSearchForm.do?lang=EN&company_search=Mediagrif Interactive Technologies Inc&document_selection=0&industry_group=A&FromDate=13&FromMonth=05&FromYear=2000&ToDate=13&ToMonth=11&ToYear=2020&Variable=Issuer,https://www.sedar.com/ModifyCompanyDocumentSearchForm.do?lang=EN&company_search=Mediagrif Interactive Technologies Inc&document_selection=0&industry_group=A&FromDate=13&FromMonth=05&FromYear=2000&ToDate=13&ToMonth=11&ToYear=2020&Variable=Issuer
0,2000-09-30,MDF.TO,2000-09-30,2000-09-30,Q3,16568000,11395000,5173000.0,0.31222839208112024,1604000.0,3272000.0,0.0,0.0,0.0,16933000,0.0,0.0,298981.0,0.01804569048768711,-365000.0,-0.015330758087880252,-29000.0,-254000.0,-0.015330758087880252,110000.0,-364000.0,-0.02197006277160792,-0.021332,-0.021332,17063804,18334321,https://www.sedar.com/ModifyCompanyDocumentSearchForm.do?lang=EN&company_search=Mediagrif Interactive Technologies Inc&document_selection=0&industry_group=A&FromDate=13&FromMonth=05&FromYear=2000&ToDate=13&ToMonth=11&ToYear=2020&Variable=Issuer,https://www.sedar.com/ModifyCompanyDocumentSearchForm.do?lang=EN&company_search=Mediagrif Interactive Technologies Inc&document_selection=0&industry_group=A&FromDate=13&FromMonth=05&FromYear=2000&ToDate=13&ToMonth=11&ToYear=2020&Variable=Issuer
0,2000-06-30,MDF.TO,2000-06-30,2000-06-30,Q2,11668793,7866888.0,3801905.0,0.32581818873640145,1112148.0,2438920.0,0.0,0.0,0.0,11965975,0.0,0.0,250837.0,0.02149639641392216,-297182.0,-0.013372934115807865,-27271.0,-156046.0,-0.013372934115807865,21976.0,-178022.0,-0.01525624801125532,-0.5,-0.5,331117.0,331117.0,https://www.sedar.com/ModifyCompanyDocumentSearchForm.do?lang=EN&company_search=Mediagrif Interactive Technologies Inc&document_selection=0&industry_group=A&FromDate=13&FromMonth=05&FromYear=2000&ToDate=13&ToMonth=11&ToYear=2020&Variable=Issuer,https://www.sedar.com/ModifyCompanyDocumentSearchForm.do?lang=EN&company_search=Mediagrif Interactive Technologies Inc&document_selection=0&industry_group=A&FromDate=13&FromMonth=05&FromYear=2000&ToDate=13&ToMonth=11&ToYear=2020&Variable=Issuer
