,date,symbol,fillingDate,acceptedDate,period,netIncome,depreciationAndAmortization,deferredIncomeTax,stockBasedCompensation,changeInWorkingCapital,accountsReceivables,inventory,accountsPayables,otherWorkingCapital,otherNonCashItems,netCashProvidedByOperatingActivities,investmentsInPropertyPlantAndEquipment,acquisitionsNet,purchasesOfInvestments,salesMaturitiesOfInvestments,otherInvestingActivites,netCashUsedForInvestingActivites,debtRepayment,commonStockIssued,commonStockRepurchased,dividendsPaid,otherFinancingActivites,netCashUsedProvidedByFinancingActivities,effectOfForexChangesOnCash,netChangeInCash,cashAtEndOfPeriod,cashAtBeginningOfPeriod,operatingCashFlow,capitalExpenditure,freeCashFlow,link,finalLink
0,2020-09-30,PLPC,2020-10-30,2020-10-30 11:29:40,Q3,12962000,3419000.0,387000.0,1458000.0,4728000.0,-1907000.0,4753000.0,4845000.0,-3827000.0,-9000.0,24373000,0.0,0.0,0.0,0.0,0.0,0.0,-35976000,-92000.0,-1219000.0,-1015000.0,0.0,0.0,0.0,0.0,41248000,36506000,24373000,-12399000,11974000,https://www.sec.gov/Archives/edgar/data/80035/000156459020049177/0001564590-20-049177-index.htm,https://www.sec.gov/Archives/edgar/data/80035/000156459020049177/plpc-10q_20200930.htm
0,2020-06-30,PLPC,2020-08-06,2020-08-06 11:10:09,Q2,10488000,3304000.0,-486000.0,612000.0,-2603000.0,-10521000,-1299000.0,6822000.0,2395000.0,34000.0,12239000,0.0,0.0,0.0,0.0,0.0,0.0,-19065000,30000.0,-3011000.0,-998000.0,0.0,0.0,0.0,0.0,36506000,34117000,12239000,-5823000.0,6416000.0,https://www.sec.gov/Archives/edgar/data/80035/000156459020037398/0001564590-20-037398-index.htm,https://www.sec.gov/Archives/edgar/data/80035/000156459020037398/plpc-10q_20200630.htm
0,2020-03-31,PLPC,2020-05-01,2020-05-01 15:08:08,Q1,3653000.0,3357000.0,1163000.0,976000.0,-12629000,-5192000.0,-3481000.0,-2112000.0,-1844000.0,-364000.0,-3055000.0,0.0,0.0,0.0,0.0,0.0,0.0,-17652000,236000.0,-3980000.0,-1175000.0,0.0,0.0,0.0,0.0,34117000,39263000,-3055000.0,-5997000.0,-9052000.0,https://www.sec.gov/Archives/edgar/data/80035/000156459020020469/0001564590-20-020469-index.htm,https://www.sec.gov/Archives/edgar/data/80035/000156459020020469/plpc-10q_20200331.htm
0,2019-12-31,PLPC,2020-03-06,2020-03-06 17:25:37,Q4,5603000.0,3904000.0,229000.0,1052000.0,-5424000.0,3088000.0,-2564000.0,-5504000.0,-444000.0,327000.0,6548000.0,0.0,0.0,0.0,0.0,0.0,0.0,-22546000,184000.0,-2325000.0,-1004000.0,0.0,0.0,0.0,0.0,39263000,41485000,6548000.0,-7517000.0,-969000.0,https://www.sec.gov/Archives/edgar/data/80035/000156459020009196/0001564590-20-009196-index.htm,https://www.sec.gov/Archives/edgar/data/80035/000156459020009196/plpc-10k_20191231.htm
0,2019-09-30,PLPC,2019-11-01,2019-11-01 13:04:58,Q3,8043000.0,3305000.0,-791000.0,1388000.0,2055000.0,3297000.0,-2777000.0,2826000.0,-1291000.0,-102000.0,14834000,0.0,0.0,0.0,0.0,0.0,0.0,-15997000,29000.0,-751000.0,-1006000.0,0.0,0.0,0.0,0.0,41485000,41585000,14834000,-9967000.0,4867000.0,https://www.sec.gov/Archives/edgar/data/80035/000156459019039355/0001564590-19-039355-index.htm,https://www.sec.gov/Archives/edgar/data/80035/000156459019039355/plpc-10q_20190930.htm
0,2019-06-30,PLPC,2019-08-02,2019-08-02 16:27:29,Q2,7866000.0,3399000.0,-808000.0,1028000.0,-7493000.0,-16553000,-1738000.0,7284000.0,3514000.0,204000.0,5334000.0,0.0,0.0,0.0,0.0,0.0,0.0,-6920000.0,0.0,-1456000.0,-1177000.0,0.0,0.0,0.0,0.0,41585000,43772000,5334000.0,-9587000.0,-4253000.0,https://www.sec.gov/Archives/edgar/data/80035/000156459019028398/0001564590-19-028398-index.htm,https://www.sec.gov/Archives/edgar/data/80035/000156459019028398/plpc-10q_20190630.htm
0,2019-03-31,PLPC,2019-05-03,2019-05-03 14:57:02,Q1,1824000.0,3140000.0,96000.0,928000.0,-5844000.0,391000.0,-2376000.0,1481000.0,-5340000.0,-137000.0,501000.0,0.0,0.0,-496000.0,0.0,0.0,0.0,-18661000,0.0,-2294000.0,-1043000.0,0.0,0.0,0.0,0.0,43772000,43910000,501000.0,-2396000.0,-1895000.0,https://www.sec.gov/Archives/edgar/data/80035/000156459019015652/0001564590-19-015652-index.htm,https://www.sec.gov/Archives/edgar/data/80035/000156459019015652/plpc-10q_20190331.htm
0,2018-12-31,PLPC,2019-03-08,2019-03-08 17:29:25,Q4,5263000.0,3149000.0,794000.0,1935000.0,3690000.0,12972000,-3791000.0,-5822000.0,331000.0,40000.0,15889000,0.0,0.0,0.0,0.0,0.0,0.0,-26201000,-924000.0,-39000.0,-967000.0,0.0,0.0,0.0,0.0,43910000,34341000,15889000,-2236000.0,13653000,https://www.sec.gov/Archives/edgar/data/80035/000156459019007041/0001564590-19-007041-index.htm,https://www.sec.gov/Archives/edgar/data/80035/000156459019007041/plpc-10k_20181231.htm
0,2018-09-30,PLPC,2018-11-08,2018-11-08 12:46:43,Q3,9055000.0,2771000.0,-18000.0,584000.0,-8245000.0,-9876000.0,368000.0,5138000.0,-3875000.0,-5242000.0,-592000.0,0.0,0.0,0.0,0.0,0.0,0.0,-26865000,894000.0,-2311000.0,-1056000.0,0.0,0.0,0.0,0.0,34341000,41697000,-592000.0,-1719000.0,-2311000.0,https://www.sec.gov/Archives/edgar/data/80035/000156459018028397/0001564590-18-028397-index.htm,https://www.sec.gov/Archives/edgar/data/80035/000156459018028397/plpc-10q_20180930.htm
0,2018-06-30,PLPC,2018-08-03,2018-08-03 13:45:01,Q2,6735000.0,3259000.0,-308000.0,986000.0,-2729000.0,-4960000.0,-5462000.0,6844000.0,849000.0,-129000.0,8706000.0,0.0,0.0,-382000.0,0.0,0.0,0.0,-21318000,0.0,-982000.0,-1057000.0,0.0,0.0,0.0,0.0,41697000,46770000,8706000.0,-2874000.0,5832000.0,https://www.sec.gov/Archives/edgar/data/80035/000156459018019103/0001564590-18-019103-index.htm,https://www.sec.gov/Archives/edgar/data/80035/000156459018019103/plpc-10q_20180630.htm
0,2018-03-31,PLPC,2018-05-04,2018-05-04 13:09:39,Q1,5528000.0,3265000.0,-154000.0,731000.0,-11619000,-2635000.0,-4818000.0,-3112000.0,-1054000.0,183000.0,-1027000.0,0.0,0.0,-4308000.0,0.0,0.0,0.0,-11112000,0.0,-833000.0,-1008000.0,0.0,0.0,0.0,0.0,46770000,45579000,-1027000.0,-2699000.0,-3726000.0,https://www.sec.gov/Archives/edgar/data/80035/000156459018010925/0001564590-18-010925-index.htm,https://www.sec.gov/Archives/edgar/data/80035/000156459018010925/plpc-10q_20180331.htm
0,2017-12-31,PLPC,2018-03-09,2018-03-09 16:10:03,Q4,702000.0,3682000.0,2579000.0,868000.0,4081000.0,6039000.0,-2797000.0,-4115000.0,4954000.0,-131000.0,12117000,0.0,0.0,0.0,0.0,1379000.0,0.0,-14940000,1962000.0,-6987000.0,-950000.0,0.0,0.0,0.0,0.0,44358000,39163000,12117000,-3401000.0,8716000.0,https://www.sec.gov/Archives/edgar/data/80035/000156459018005116/0001564590-18-005116-index.htm,https://www.sec.gov/Archives/edgar/data/80035/000156459018005116/plpc-10k_20171231.htm
0,2017-09-30,PLPC,2017-11-03,2017-11-03 12:12:55,Q3,6278000.0,3235000.0,647000.0,1047000.0,7711000.0,40000.0,50000.0,6812000.0,809000.0,68000.0,19694000,0.0,0.0,0.0,0.0,889000.0,0.0,-18107000,0.0,-1250000.0,-1057000.0,0.0,0.0,0.0,0.0,39163000,28002000,19694000,-3278000.0,16416000,https://www.sec.gov/Archives/edgar/data/80035/000156459017021427/0001564590-17-021427-index.htm,https://www.sec.gov/Archives/edgar/data/80035/000156459017021427/plpc-10q_20170930.htm
0,2017-06-30,PLPC,2017-08-04,2017-08-04 10:42:02,Q2,4156000.0,2901000.0,-501000.0,579000.0,-4379000.0,-9140000.0,2056000.0,2245000.0,460000.0,83000.0,3588000.0,0.0,0.0,0.0,0.0,4372000.0,0.0,-17621000,0.0,-133000.0,-1055000.0,0.0,0.0,0.0,0.0,28002000,31034000,3588000.0,-2337000.0,1251000.0,https://www.sec.gov/Archives/edgar/data/80035/000156459017015541/0001564590-17-015541-index.htm,https://www.sec.gov/Archives/edgar/data/80035/000156459017015541/plpc-10q_20170630.htm
0,2017-03-31,PLPC,2017-05-05,2017-05-05 11:41:15,Q1,1518000.0,2972000.0,-289000.0,561000.0,-7261000.0,-6144000.0,-1517000.0,-210000.0,610000.0,193000.0,-1569000.0,0.0,0.0,0.0,0.0,2551000.0,0.0,-13850000,0.0,-107000.0,-1037000.0,0.0,0.0,0.0,0.0,31034000,30737000,-1569000.0,-2217000.0,-3786000.0,https://www.sec.gov/Archives/edgar/data/80035/000156459017008991/0001564590-17-008991-index.htm,https://www.sec.gov/Archives/edgar/data/80035/000156459017008991/plpc-10q_20170331.htm
0,2016-12-31,PLPC,2017-03-10,2017-03-10 14:39:24,Q4,5101000.0,3394000.0,3393000.0,439000.0,-10411000,2451000.0,-3503000.0,-6282000.0,-3412000.0,126000.0,4938000.0,0.0,0.0,0.0,0.0,-2500000.0,0.0,-14920000,-130000.0,-667000.0,-1039000.0,0.0,0.0,0.0,0.0,30737000,32940000,4938000.0,-3028000.0,1910000.0,https://www.sec.gov/Archives/edgar/data/80035/000156459017003953/0001564590-17-003953-index.htm,https://www.sec.gov/Archives/edgar/data/80035/000156459017003953/plpc-10k_20161231.htm
0,2016-09-30,PLPC,2016-11-04,2016-11-04 14:41:35,Q3,4741000.0,3000000.0,-329000.0,421000.0,2150000.0,-4859000.0,-1266000.0,8674000.0,-1759000.0,-1000.0,11000000,0.0,0.0,0.0,0.0,0.0,0.0,-13960000,268000.0,-2338000.0,-1029000.0,-10000.0,0.0,0.0,0.0,32940000,28143000,11000000,-2020000.0,8980000.0,https://www.sec.gov/Archives/edgar/data/80035/000119312516760021/0001193125-16-760021-index.htm,https://www.sec.gov/Archives/edgar/data/80035/000119312516760021/d249917d10q.htm
0,2016-06-30,PLPC,2016-08-05,2016-08-05 12:48:32,Q2,2755000.0,2892000.0,-792000.0,143000.0,2460000.0,2484000.0,-3242000.0,3218000.0,1499000.0,403000.0,8842000.0,0.0,0.0,0.0,0.0,-4530000.0,0.0,-17188000,110000.0,-1405000.0,-1046000.0,16000.0,0.0,0.0,0.0,28143000,31363000,8842000.0,-14169000,-5327000.0,https://www.sec.gov/Archives/edgar/data/80035/000119312516673090/0001193125-16-673090-index.htm,https://www.sec.gov/Archives/edgar/data/80035/000119312516673090/d218850d10q.htm
0,2016-03-31,PLPC,2016-05-06,2016-05-06 14:34:05,Q1,2658000.0,2710000.0,-23000.0,363000.0,-4530000.0,-2368000.0,1657000.0,-2331000.0,-1292000.0,9000.0,1194000.0,0.0,0.0,0.0,0.0,3216000.0,0.0,-11674000,0.0,-660000.0,-1056000.0,-8000.0,0.0,0.0,0.0,31363000,30393000,1194000.0,-5508000.0,-4314000.0,https://www.sec.gov/Archives/edgar/data/80035/000119312516581741/0001193125-16-581741-index.htm,https://www.sec.gov/Archives/edgar/data/80035/000119312516581741/d146096d10q.htm
0,2015-12-31,PLPC,2016-03-11,2016-03-11 14:39:20,Q4,3045000.0,2438000.0,975000.0,794000.0,2986000.0,909000.0,616000.0,-1754000.0,5557000.0,-304000.0,12357000,0.0,0.0,0.0,0.0,1382000.0,0.0,-12536000,0.0,-3960000.0,-1215000.0,-40000.0,0.0,0.0,0.0,30393000,26870000,12357000,-4045000.0,8312000.0,https://www.sec.gov/Archives/edgar/data/80035/000119312516501390/0001193125-16-501390-index.htm,https://www.sec.gov/Archives/edgar/data/80035/000119312516501390/d45086d10k.htm
0,2015-09-30,PLPC,2015-11-09,2015-11-09 15:55:10,Q3,206000.0,2898000.0,-810000.0,-982000.0,-1685000.0,-6522000.0,-870000.0,4707000.0,-187000.0,275000.0,216000.0,0.0,0.0,0.0,0.0,-1224000.0,0.0,-12571000,20000.0,-3249000.0,-845000.0,0.0,0.0,0.0,0.0,26870000,30730000,216000.0,-2069000.0,-1853000.0,https://www.sec.gov/Archives/edgar/data/80035/000119312515371886/0001193125-15-371886-index.htm,https://www.sec.gov/Archives/edgar/data/80035/000119312515371886/d13095d10q.htm
0,2015-06-30,PLPC,2015-08-06,2015-08-06 10:49:56,Q2,3680000.0,2946000.0,108000.0,-53000.0,-568000.0,-304000.0,-1930000.0,6818000.0,-4275000.0,91000.0,7054000.0,0.0,0.0,0.0,0.0,-3472000.0,0.0,-13740000,20000.0,-130000.0,-1221000.0,0.0,0.0,0.0,0.0,30730000,30530000,7054000.0,-2368000.0,4686000.0,https://www.sec.gov/Archives/edgar/data/80035/000119312515280244/0001193125-15-280244-index.htm,https://www.sec.gov/Archives/edgar/data/80035/000119312515280244/d948898d10q.htm
0,2015-03-31,PLPC,2015-05-05,2015-05-05 08:40:57,Q1,-256000.0,3250000.0,-1217000.0,489000.0,-1903000.0,2952000.0,-113000.0,-4119000.0,1383000.0,5000.0,602000.0,0.0,0.0,0.0,0.0,2277000.0,0.0,-13868000,40000.0,-214000.0,-1110000.0,20000.0,0.0,0.0,0.0,30530000,29643000,602000.0,-2272000.0,-1670000.0,https://www.sec.gov/Archives/edgar/data/80035/000119312515170460/0001193125-15-170460-index.htm,https://www.sec.gov/Archives/edgar/data/80035/000119312515170460/d900715d10q.htm
0,2014-12-31,PLPC,2015-03-12,2015-03-12 14:09:11,Q4,2488000.0,3273000.0,-1330000.0,754000.0,-2545000.0,2979000.0,-2843000.0,140000.0,-1531000.0,817000.0,4172000.0,0.0,0.0,0.0,0.0,17000.0,0.0,-15707000,-1000.0,0.0,-1100000.0,-63000.0,0.0,0.0,0.0,29643000,28722000,4172000.0,-3178000.0,994000.0,https://www.sec.gov/Archives/edgar/data/80035/000119312515088960/0001193125-15-088960-index.htm,https://www.sec.gov/Archives/edgar/data/80035/000119312515088960/d837817d10k.htm
0,2014-09-30,PLPC,2014-11-07,2014-11-07 10:24:59,Q3,2555000.0,3288000.0,-810000.0,143000.0,4646000.0,271000.0,-3519000.0,6878000.0,76000.0,0.0,10601000,0.0,0.0,0.0,0.0,9000.0,0.0,-16380000,42000.0,-1973000.0,-1107000.0,0.0,0.0,0.0,0.0,28722000,24585000,10601000,-3014000.0,7587000.0,https://www.sec.gov/Archives/edgar/data/80035/000119312514402476/0001193125-14-402476-index.htm,https://www.sec.gov/Archives/edgar/data/80035/000119312514402476/d787643d10q.htm
0,2014-06-30,PLPC,2014-08-08,2014-08-08 11:11:59,Q2,5080000.0,3218000.0,130000.0,33000.0,2589000.0,-867000.0,1279000.0,2450000.0,313000.0,-34000.0,11722000,0.0,0.0,0.0,0.0,-823000.0,0.0,-14311000,20000.0,0.0,-1098000.0,0.0,0.0,0.0,0.0,24585000,21173000,11722000,-4967000.0,6755000.0,https://www.sec.gov/Archives/edgar/data/80035/000119312514302226/0001193125-14-302226-index.htm,https://www.sec.gov/Archives/edgar/data/80035/000119312514302226/d752499d10q.htm
0,2014-03-31,PLPC,2014-05-02,2014-05-02 13:36:51,Q1,2738000.0,3078000.0,313000.0,612000.0,-8496000.0,-4818000.0,-621000.0,-2752000.0,-359000.0,35000.0,-1239000.0,0.0,0.0,0.0,0.0,0.0,0.0,-10725000,105000.0,-261000.0,-1107000.0,160000.0,0.0,0.0,0.0,21173000,24291000,-1239000.0,-6504000.0,-7743000.0,https://www.sec.gov/Archives/edgar/data/80035/000119312514179647/0001193125-14-179647-index.htm,https://www.sec.gov/Archives/edgar/data/80035/000119312514179647/d698837d10q.htm
0,2013-12-31,PLPC,2014-03-14,2014-03-14 15:08:23,Q4,3132000.0,3101000.0,588000.0,858000.0,-2347000.0,5806000.0,-2164000.0,-7428000.0,956000.0,-35000.0,7002000.0,0.0,0.0,0.0,0.0,-3642000.0,0.0,-26253000,352000.0,-3663000.0,-1104000.0,205000.0,0.0,0.0,0.0,24291000,31153000,7002000.0,-5173000.0,1829000.0,https://www.sec.gov/Archives/edgar/data/80035/000119312514099760/0001193125-14-099760-index.htm,https://www.sec.gov/Archives/edgar/data/80035/000119312514099760/d630448d10k.htm
0,2013-09-30,PLPC,2013-11-07,2013-11-07 11:51:12,Q3,6104000.0,2903000.0,-1213000.0,889000.0,-8132000.0,-6602000.0,259000.0,-1055000.0,-91000.0,-4000.0,2131000.0,0.0,0.0,0.0,0.0,0.0,0.0,-12996000,272000.0,-356000.0,-1103000.0,22000.0,0.0,0.0,0.0,31153000,31198000,2131000.0,-5072000.0,-2941000.0,https://www.sec.gov/Archives/edgar/data/80035/000119312513432136/0001193125-13-432136-index.htm,https://www.sec.gov/Archives/edgar/data/80035/000119312513432136/d594072d10q.htm
0,2013-06-30,PLPC,2013-08-09,2013-08-09 09:46:13,Q2,6386000.0,3123000.0,-159000.0,887000.0,3106000.0,-3861000.0,4704000.0,4371000.0,-384000.0,-6000.0,13802000,0.0,0.0,0.0,0.0,0.0,0.0,-18665000,875000.0,-2758000.0,-98000.0,-271000.0,0.0,0.0,0.0,31198000,27024000,13802000,-4906000.0,8896000.0,https://www.sec.gov/Archives/edgar/data/80035/000119312513328295/0001193125-13-328295-index.htm,https://www.sec.gov/Archives/edgar/data/80035/000119312513328295/d546855d10q.htm
0,2013-03-31,PLPC,2013-05-03,2013-05-03 15:38:19,Q1,4965000.0,2961000.0,-321000.0,423000.0,-9683000.0,-5616000.0,241000.0,206000.0,-1728000.0,-1000.0,-1396000.0,0.0,0.0,0.0,0.0,0.0,0.0,-11970000,20000.0,-134000.0,0.0,-112000.0,0.0,0.0,0.0,27024000,28120000,-1396000.0,-5883000.0,-7279000.0,https://www.sec.gov/Archives/edgar/data/80035/000119312513199000/0001193125-13-199000-index.htm,https://www.sec.gov/Archives/edgar/data/80035/000119312513199000/d509637d10q.htm
0,2012-12-31,PLPC,2013-03-15,2013-03-15 09:16:34,Q4,5273000.0,3331000.0,-2868000.0,901000.0,7334000.0,13507000,636000.0,0.0,1151000.0,-122000.0,15078000,0.0,0.0,0.0,0.0,0.0,0.0,-25540000,225000.0,-696000.0,-3187000.0,81000.0,0.0,0.0,0.0,28120000,28115000,15078000,-5503000.0,9575000.0,https://www.sec.gov/Archives/edgar/data/80035/000119312513108944/0001193125-13-108944-index.htm,https://www.sec.gov/Archives/edgar/data/80035/000119312513108944/d444233d10k.htm
0,2012-09-30,PLPC,2012-11-08,2012-11-08 10:23:18,Q3,9284000.0,2810000.0,583000.0,845000.0,-957000.0,-3462000.0,2691000.0,0.0,-262000.0,-4000.0,12860000,0.0,0.0,0.0,0.0,0.0,0.0,-64948000,179000.0,-1899000.0,-1105000.0,116000.0,0.0,0.0,0.0,28115000,30398000,12860000,-2647000.0,10213000,https://www.sec.gov/Archives/edgar/data/80035/000119312512459375/0001193125-12-459375-index.htm,https://www.sec.gov/Archives/edgar/data/80035/000119312512459375/d398279d10q.htm
0,2012-06-30,PLPC,2012-08-09,2012-08-09 11:18:03,Q2,6596000.0,2739000.0,-2192000.0,836000.0,5723000.0,-1220000.0,-1313000.0,0.0,-540000.0,-5000.0,14253000,0.0,0.0,0.0,0.0,0.0,0.0,-148000.0,121000.0,-102000.0,-1105000.0,0.0,0.0,0.0,0.0,30398000,29186000,14253000,-3451000.0,10802000,https://www.sec.gov/Archives/edgar/data/80035/000119312512346205/0001193125-12-346205-index.htm,https://www.sec.gov/Archives/edgar/data/80035/000119312512346205/d334118d10q.htm
0,2012-03-31,PLPC,2012-05-08,2012-05-08 11:25:59,Q1,8133000.0,2684000.0,1550000.0,498000.0,-5778000.0,-3778000.0,-724000.0,0.0,-549000.0,-9000.0,8194000.0,0.0,0.0,0.0,0.0,0.0,0.0,-158000.0,24000.0,-93000.0,-1095000.0,0.0,0.0,0.0,0.0,29186000,32126000,8194000.0,-9442000.0,-1248000.0,https://www.sec.gov/Archives/edgar/data/80035/000119312512217322/0001193125-12-217322-index.htm,https://www.sec.gov/Archives/edgar/data/80035/000119312512217322/d345438d10q.htm
0,2011-12-31,PLPC,2012-03-14,2012-03-14 11:37:03,Q4,8940000.0,2861000.0,1469000.0,755000.0,-12373000,-385000.0,-5193000.0,0.0,3398000.0,1000.0,2204000.0,0.0,0.0,0.0,0.0,2000.0,0.0,-108000.0,41000.0,0.0,-1095000.0,0.0,0.0,0.0,0.0,32126000,23751000,2204000.0,-6409000.0,-4205000.0,https://www.sec.gov/Archives/edgar/data/80035/000119312512114113/0001193125-12-114113-index.htm,https://www.sec.gov/Archives/edgar/data/80035/000119312512114113/d283637d10k.htm
0,2011-09-30,PLPC,2011-11-07,2011-11-07 14:27:02,Q3,6660000.0,2588000.0,-1467000.0,720000.0,3442000.0,1799000.0,-6315000.0,0.0,279000.0,14000.0,12711000,0.0,0.0,0.0,0.0,0.0,0.0,-207000.0,65000.0,-1004000.0,-1097000.0,13000.0,0.0,0.0,0.0,23751000,23617000,12711000,-5999000.0,6712000.0,https://www.sec.gov/Archives/edgar/data/80035/000119312511299462/0001193125-11-299462-index.htm,https://www.sec.gov/Archives/edgar/data/80035/000119312511299462/d251300d10q.htm
0,2011-06-30,PLPC,2011-08-09,2011-08-09 10:31:04,Q2,8530000.0,2555000.0,-173000.0,813000.0,-7231000.0,-11498000,-787000.0,0.0,-2125000.0,127000.0,5076000.0,0.0,0.0,0.0,0.0,-132000.0,0.0,-725000.0,879000.0,-2518000.0,-1102000.0,143000.0,0.0,0.0,0.0,23617000,24146000,5076000.0,-4146000.0,930000.0,https://www.sec.gov/Archives/edgar/data/80035/000095012311074775/0000950123-11-074775-index.htm,https://www.sec.gov/Archives/edgar/data/80035/000095012311074775/l42667e10vq.htm
0,2011-03-31,PLPC,2011-05-06,2011-05-06 12:16:51,Q1,6854000.0,2521000.0,-517000.0,645000.0,-13157000,-5977000.0,-8902000.0,0.0,-1372000.0,-69000.0,-2942000.0,0.0,0.0,0.0,0.0,-198000.0,0.0,-199000.0,79000.0,0.0,-1087000.0,47000.0,0.0,0.0,0.0,24146000,22655000,-2942000.0,-2358000.0,-5300000.0,https://www.sec.gov/Archives/edgar/data/80035/000095012311046349/0000950123-11-046349-index.htm,https://www.sec.gov/Archives/edgar/data/80035/000095012311046349/c16473e10vq.htm
0,2010-12-31,PLPC,2011-03-11,2011-03-11 13:00:42,Q4,5996000.0,2911000.0,-834000.0,805000.0,2320000.0,7328000.0,-2935000.0,0.0,-1056000.0,-1364000.0,11153000,0.0,0.0,0.0,0.0,0.0,0.0,-141000.0,196000.0,0.0,-1085000.0,0.0,0.0,0.0,0.0,22655000,22337000,11153000,-3186000.0,7967000.0,https://www.sec.gov/Archives/edgar/data/80035/000095012311024606/0000950123-11-024606-index.htm,https://www.sec.gov/Archives/edgar/data/80035/000095012311024606/c13813e10vk.htm
0,2010-09-30,PLPC,2010-11-05,2010-11-05 15:02:37,Q3,9882000.0,2441000.0,1098000.0,778000.0,-3869000.0,-8719000.0,-3220000.0,0.0,2060000.0,505000.0,10823000,0.0,0.0,0.0,0.0,0.0,0.0,9150000.0,5000.0,-1060000.0,-1092000.0,0.0,0.0,0.0,0.0,22337000,22110000,10823000,-2482000.0,8341000.0,https://www.sec.gov/Archives/edgar/data/80035/000095012310101622/0000950123-10-101622-index.htm,https://www.sec.gov/Archives/edgar/data/80035/000095012310101622/c07802e10vq.htm
0,2010-06-30,PLPC,2010-08-05,2010-08-05 15:48:02,Q2,5998000.0,1985000.0,-830000.0,777000.0,-2030000.0,-3899000.0,-439000.0,0.0,-2123000.0,38000.0,5925000.0,0.0,0.0,0.0,0.0,0.0,0.0,-10539000,7000.0,2000.0,-1075000.0,0.0,0.0,0.0,0.0,22110000,24751000,5925000.0,-2832000.0,3093000.0,https://www.sec.gov/Archives/edgar/data/80035/000095012310073308/0000950123-10-073308-index.htm,https://www.sec.gov/Archives/edgar/data/80035/000095012310073308/c04373e10vq.htm
0,2010-03-31,PLPC,2010-05-06,2010-05-05 20:55:10,Q1,1132000.0,2057000.0,-334000.0,606000.0,-3181000.0,313000.0,-1674000.0,0.0,-1208000.0,520000.0,787000.0,0.0,0.0,0.0,0.0,0.0,0.0,-935000.0,77000.0,-23000.0,-1092000.0,0.0,0.0,0.0,0.0,24751000,24097000,787000.0,-3774000.0,-2987000.0,https://www.sec.gov/Archives/edgar/data/80035/000095012310044804/0000950123-10-044804-index.htm,https://www.sec.gov/Archives/edgar/data/80035/000095012310044804/c00228e10vq.htm
0,2009-12-31,PLPC,2010-03-15,2010-03-15 15:13:30,Q4,10315000,2087000.0,-1001000.0,537000.0,3310000.0,6577000.0,-3346000.0,0.0,-963000.0,968000.0,6954000.0,0.0,0.0,0.0,0.0,750000.0,0.0,-154000.0,161000.0,-3000.0,-1073000.0,47000.0,0.0,0.0,0.0,24097000,35520000,6954000.0,-3968000.0,2986000.0,https://www.sec.gov/Archives/edgar/data/80035/000095012310024630/0000950123-10-024630-index.htm,https://www.sec.gov/Archives/edgar/data/80035/000095012310024630/l39117e10vk.htm
0,2009-09-30,PLPC,2009-11-03,2009-11-03 09:27:06,Q3,6259000.0,1758000.0,1588000.0,756000.0,957000.0,-2224000.0,3837000.0,0.0,-474000.0,-143000.0,10847000,0.0,0.0,0.0,0.0,-750000.0,0.0,-125000.0,3000.0,-108000.0,-1073000.0,0.0,0.0,0.0,0.0,35520000,27701000,10847000,-2501000.0,8346000.0,https://www.sec.gov/Archives/edgar/data/80035/000095012309056622/0000950123-09-056622-index.htm,https://www.sec.gov/Archives/edgar/data/80035/000095012309056622/c91759e10vq.htm
0,2009-06-30,PLPC,2009-08-07,2009-08-07 11:47:56,Q2,3542000.0,1700000.0,-297000.0,307000.0,1611000.0,952000.0,-286000.0,0.0,162000.0,1158000.0,7593000.0,0.0,0.0,0.0,0.0,0.0,0.0,-115000.0,155000.0,-33000.0,-1071000.0,0.0,0.0,0.0,0.0,27701000,20795000,7593000.0,-1998000.0,5595000.0,https://www.sec.gov/Archives/edgar/data/80035/000095012309031822/0000950123-09-031822-index.htm,https://www.sec.gov/Archives/edgar/data/80035/000095012309031822/c88853e10vq.htm
0,2009-03-31,PLPC,2009-05-08,2009-05-08 15:11:15,Q1,2717000.0,1704000.0,392000.0,362000.0,-2600000.0,-5899000.0,717000.0,0.0,-306000.0,726000.0,3621000.0,0.0,0.0,0.0,0.0,750000.0,0.0,-135000.0,33000.0,-24000.0,-1054000.0,0.0,0.0,0.0,0.0,20795000,19869000,3621000.0,-2200000.0,1421000.0,https://www.sec.gov/Archives/edgar/data/80035/000136231009006919/0001362310-09-006919-index.htm,https://www.sec.gov/Archives/edgar/data/80035/000136231009006919/c85079e10vq.htm
0,2008-12-31,PLPC,2009-03-13,2009-03-13 13:12:32,Q4,2761000.0,2495000.0,199000.0,0.0,-2801000.0,0.0,-3052000.0,0.0,1108000.0,675000.0,3224000.0,0.0,0.0,0.0,0.0,0.0,0.0,0.0,10000.0,1000.0,-1052000.0,-18000.0,0.0,0.0,0.0,19869000,24775000,3224000.0,-1009000.0,2215000.0,https://www.sec.gov/Archives/edgar/data/80035/000095015209002598/0000950152-09-002598-index.htm,https://www.sec.gov/Archives/edgar/data/80035/000095015209002598/l35789ae10vk.htm
0,2008-09-30,PLPC,2008-11-06,2008-11-06 11:42:58,Q3,6423000.0,2071000.0,-714000.0,0.0,-632000.0,0.0,-6482000.0,0.0,1196000.0,468000.0,7930000.0,0.0,0.0,0.0,0.0,0.0,0.0,0.0,241000.0,-1000.0,-1043000.0,58000.0,0.0,0.0,0.0,24775000,23331000,7930000.0,-2746000.0,5184000.0,https://www.sec.gov/Archives/edgar/data/80035/000136231008006725/0001362310-08-006725-index.htm,https://www.sec.gov/Archives/edgar/data/80035/000136231008006725/c76734e10vq.htm
0,2008-06-30,PLPC,2008-08-08,2008-08-08 16:25:34,Q2,5489000.0,1832000.0,-429000.0,0.0,-5037000.0,0.0,2874000.0,0.0,-912000.0,835000.0,2987000.0,0.0,0.0,0.0,0.0,-237000.0,0.0,0.0,137000.0,-7306000.0,-1076000.0,0.0,0.0,0.0,0.0,23331000,21831000,2987000.0,-2548000.0,439000.0,https://www.sec.gov/Archives/edgar/data/80035/000136231008004370/0001362310-08-004370-index.htm,https://www.sec.gov/Archives/edgar/data/80035/000136231008004370/c74448e10vq.htm
0,2008-03-31,PLPC,2008-05-08,2008-04-04 18:45:18,Q1,2950000.0,2151000.0,99000.0,0.0,-1172000.0,0.0,-2839000.0,0.0,-344000.0,220000.0,4128000.0,0.0,0.0,0.0,0.0,0.0,0.0,0.0,64000.0,-151000.0,-1076000.0,0.0,0.0,0.0,0.0,21831000,23392000,4128000.0,-3708000.0,420000.0,https://www.sec.gov/Archives/edgar/data/80035/000095015208003667/0000950152-08-003667-index.htm,https://www.sec.gov/Archives/edgar/data/80035/000095015208003667/l31507ae10vq.htm
0,2007-12-31,PLPC,2008-04-07,2008-04-04 18:45:18,Q4,961000.0,2437000.0,-267000.0,0.0,2459000.0,0.0,2333000.0,0.0,11000.0,1032000.0,6599000.0,0.0,0.0,0.0,0.0,-149000.0,0.0,0.0,248000.0,-323000.0,-1076000.0,60000.0,0.0,0.0,0.0,23392000,20574000,6599000.0,-2681000.0,3918000.0,https://www.sec.gov/Archives/edgar/data/80035/000095015208002587/0000950152-08-002587-index.htm,https://www.sec.gov/Archives/edgar/data/80035/000095015208002587/l30499ae10vk.htm
0,2007-09-30,PLPC,2008-01-04,2008-01-04 13:50:15,Q3,5664000.0,1896000.0,-110000.0,0.0,-2602000.0,0.0,-1647000.0,0.0,-40000.0,60000.0,4857000.0,0.0,0.0,0.0,0.0,0.0,0.0,0.0,0.0,0.0,-1076000.0,0.0,0.0,0.0,0.0,20574000,23529000,4857000.0,-2598000.0,2259000.0,https://www.sec.gov/Archives/edgar/data/80035/000095015208000056/0000950152-08-000056-index.htm,https://www.sec.gov/Archives/edgar/data/80035/000095015208000056/l28793be10vq.htm
0,2007-06-30,PLPC,2008-01-04,2008-01-04 13:45:32,Q2,3816000.0,1930000.0,-217000.0,0.0,340000.0,0.0,-3293000.0,0.0,114000.0,-60000.0,5987000.0,0.0,0.0,0.0,0.0,0.0,0.0,0.0,484000.0,-260000.0,-1071000.0,0.0,0.0,0.0,0.0,23529000,21392000,5987000.0,-2306000.0,3681000.0,https://www.sec.gov/Archives/edgar/data/80035/000095015208000055/0000950152-08-000055-index.htm,https://www.sec.gov/Archives/edgar/data/80035/000095015208000055/l27337ae10vq.htm
0,2007-03-31,PLPC,2007-05-10,2007-05-10 10:56:20,Q1,3718000.0,1816000.0,558000.0,0.0,-9085000.0,0.0,-2335000.0,0.0,-709000.0,188000.0,-2773000.0,0.0,0.0,0.0,0.0,0.0,0.0,0.0,3000.0,-68000.0,-1072000.0,0.0,0.0,0.0,0.0,21392000,29949000,-2773000.0,-2054000.0,-4827000.0,https://www.sec.gov/Archives/edgar/data/80035/000095015207004248/0000950152-07-004248-index.htm,https://www.sec.gov/Archives/edgar/data/80035/000095015207004248/l26006ae10vq.htm
0,2006-12-31,PLPC,2007-03-15,2007-03-15 08:06:08,Q4,2032000.0,2376000.0,13000.0,0.0,2600000.0,0.0,-530000.0,0.0,467000.0,47000.0,6873000.0,0.0,0.0,0.0,0.0,-149000.0,0.0,0.0,0.0,1000.0,-1073000.0,0.0,0.0,0.0,0.0,29949000,26026000,6873000.0,-1735000.0,5138000.0,https://www.sec.gov/Archives/edgar/data/80035/000095015207002116/0000950152-07-002116-index.htm,https://www.sec.gov/Archives/edgar/data/80035/000095015207002116/l24288ae10vk.htm
0,2006-09-30,PLPC,2006-11-09,2006-11-09 11:17:44,Q3,3999000.0,1778000.0,-474000.0,0.0,417000.0,0.0,-441000.0,0.0,61000.0,12000.0,5883000.0,0.0,0.0,0.0,0.0,0.0,0.0,0.0,15000.0,-11500000,-1145000.0,0.0,0.0,0.0,0.0,26026000,34424000,5883000.0,-1523000.0,4360000.0,https://www.sec.gov/Archives/edgar/data/80035/000095015206009092/0000950152-06-009092-index.htm,https://www.sec.gov/Archives/edgar/data/80035/000095015206009092/l22703ae10vq.htm
0,2006-06-30,PLPC,2006-08-09,2006-08-09 09:32:57,Q2,3545000.0,1715000.0,-58000.0,0.0,-29000.0,0.0,-674000.0,0.0,15000.0,0.0,5111000.0,0.0,0.0,0.0,0.0,0.0,0.0,0.0,77000.0,0.0,-1143000.0,0.0,0.0,0.0,0.0,34424000,32443000,5111000.0,-4041000.0,1070000.0,https://www.sec.gov/Archives/edgar/data/80035/000095015206006727/0000950152-06-006727-index.htm,https://www.sec.gov/Archives/edgar/data/80035/000095015206006727/l21390ae10vq.htm
0,2006-03-31,PLPC,2006-05-10,2006-05-10 09:28:12,Q1,2484000.0,1669000.0,-139000.0,0.0,-7195000.0,0.0,-43000.0,0.0,-841000.0,0.0,-3110000.0,0.0,0.0,0.0,0.0,0.0,0.0,0.0,10000.0,-641000.0,-1147000.0,0.0,0.0,0.0,0.0,32443000,39592000,-3110000.0,-2899000.0,-6009000.0,https://www.sec.gov/Archives/edgar/data/80035/000095015206004198/0000950152-06-004198-index.htm,https://www.sec.gov/Archives/edgar/data/80035/000095015206004198/l19903ae10vq.htm
0,2005-12-31,PLPC,2006-03-15,2006-03-15 15:58:38,Q4,883000.0,2022000.0,-129000.0,0.0,4657000.0,0.0,-2166000.0,0.0,0.0,0.0,7809000.0,0.0,0.0,0.0,0.0,-149000.0,0.0,0.0,103000.0,2000.0,-1146000.0,0.0,0.0,0.0,0.0,39592000,34880000,7809000.0,-2814000.0,4995000.0,https://www.sec.gov/Archives/edgar/data/80035/000095015206002120/0000950152-06-002120-index.htm,https://www.sec.gov/Archives/edgar/data/80035/000095015206002120/l17979ae10vk.htm
0,2005-09-30,PLPC,2005-11-14,2005-11-14 11:04:38,Q3,4179000.0,1775000.0,-948000.0,0.0,1294000.0,0.0,-220000.0,0.0,51000.0,0.0,6366000.0,0.0,0.0,0.0,0.0,0.0,0.0,0.0,135000.0,0.0,-1144000.0,0.0,0.0,0.0,0.0,34880000,31219000,6366000.0,-1999000.0,4367000.0,https://www.sec.gov/Archives/edgar/data/80035/000095015205009191/0000950152-05-009191-index.htm,https://www.sec.gov/Archives/edgar/data/80035/000095015205009191/l16669ae10vq.htm
0,2005-06-30,PLPC,2005-08-12,2005-08-12 10:20:36,Q2,3696000.0,1711000.0,158000.0,0.0,-2698000.0,0.0,-148000.0,0.0,0.0,0.0,2883000.0,0.0,0.0,0.0,0.0,0.0,0.0,0.0,123000.0,-554000.0,-1146000.0,0.0,0.0,0.0,0.0,31219000,31553000,2883000.0,-1560000.0,1323000.0,https://www.sec.gov/Archives/edgar/data/80035/000095015205006928/0000950152-05-006928-index.htm,https://www.sec.gov/Archives/edgar/data/80035/000095015205006928/l15027ae10vq.htm
0,2005-03-31,PLPC,2005-05-09,2005-05-09 16:33:05,Q1,3228000.0,1706000.0,81000.0,0.0,-503000.0,0.0,806000.0,0.0,0.0,0.0,4507000.0,0.0,0.0,0.0,0.0,0.0,0.0,0.0,428000.0,-148000.0,-1141000.0,0.0,0.0,0.0,0.0,31553000,29744000,4507000.0,-1364000.0,3143000.0,https://www.sec.gov/Archives/edgar/data/80035/000095015205004165/0000950152-05-004165-index.htm,https://www.sec.gov/Archives/edgar/data/80035/000095015205004165/l13348ae10vq.htm
0,2004-12-31,PLPC,2005-03-24,2005-03-24 09:27:36,Q4,3806000.0,1965000.0,-1467000.0,0.0,-1488000.0,0.0,-1644000.0,0.0,0.0,0.0,2815000.0,0.0,0.0,0.0,0.0,581000.0,0.0,0.0,0.0,-438000.0,-1143000.0,0.0,0.0,0.0,0.0,29744000,30008000,2815000.0,-2364000.0,451000.0,https://www.sec.gov/Archives/edgar/data/80035/000095015205002460/0000950152-05-002460-index.htm,https://www.sec.gov/Archives/edgar/data/80035/000095015205002460/l12624ae10vk.htm
0,2004-09-30,PLPC,2004-11-01,2004-11-01 14:47:37,Q3,5496000.0,1841000.0,150000.0,0.0,-219000.0,0.0,-2389000.0,0.0,0.0,0.0,7179000.0,0.0,0.0,0.0,0.0,0.0,0.0,0.0,0.0,7000.0,-1143000.0,0.0,0.0,0.0,0.0,30008000,23493000,7179000.0,-2046000.0,5133000.0,https://www.sec.gov/Archives/edgar/data/80035/000095015204007777/0000950152-04-007777-index.htm,https://www.sec.gov/Archives/edgar/data/80035/000095015204007777/l10015ae10vq.htm
0,2004-06-30,PLPC,,,Q2,2371000.0,805000.0,307000.0,0.0,-2616000.0,0.0,307000.0,0.0,0.0,0.0,817000.0,0.0,0.0,0.0,0.0,-514000.0,0.0,0.0,0.0,36000.0,-1144000.0,0.0,0.0,0.0,0.0,23493000,24603000,817000.0,-868000.0,-51000.0,,
0,2004-03-31,PLPC,,,Q1,1364000.0,2774000.0,479000.0,0.0,-2444000.0,0.0,23000.0,0.0,0.0,0.0,2058000.0,0.0,0.0,0.0,0.0,0.0,0.0,0.0,0.0,-2582000.0,-1163000.0,0.0,0.0,0.0,0.0,24603000,28209000,2058000.0,-909000.0,1149000.0,,
0,2003-12-31,PLPC,,,Q4,2976000.0,2162000.0,-124000.0,0.0,2550000.0,0.0,1465000.0,0.0,0.0,0.0,6853000.0,0.0,0.0,0.0,0.0,0.0,0.0,0.0,451000.0,0.0,-1155000.0,0.0,0.0,0.0,0.0,28209000,14871000,6853000.0,-679000.0,6174000.0,,
0,2003-09-30,PLPC,2003-11-10,2003-11-10 15:40:00,Q3,-510000.0,1916000.0,1482000.0,0.0,525000.0,0.0,1047000.0,0.0,338000.0,0.0,4218000.0,0.0,0.0,0.0,0.0,0.0,0.0,0.0,0.0,0.0,-1157000.0,0.0,0.0,0.0,0.0,14871000,14002000,4218000.0,-1128000.0,3090000.0,https://www.sec.gov/Archives/edgar/data/80035/000095015203009486/0000950152-03-009486-index.htm,https://www.sec.gov/Archives/edgar/data/80035/000095015203009486/l03499ae10vq.htm
0,2003-06-30,PLPC,,,Q2,833000.0,2007000.0,-27000.0,0.0,1858000.0,0.0,1579000.0,0.0,0.0,0.0,4638000.0,0.0,0.0,0.0,0.0,0.0,0.0,0.0,0.0,0.0,-1156000.0,0.0,0.0,0.0,0.0,14002000,13325000,4638000.0,-839000.0,3799000.0,,
0,2003-03-31,PLPC,,,Q1,1084000.0,2244000.0,570000.0,0.0,1445000.0,0.0,392000.0,0.0,0.0,-198000.0,5023000.0,0.0,0.0,0.0,0.0,0.0,0.0,0.0,0.0,0.0,-1155000.0,0.0,0.0,0.0,0.0,13325000,11629000,5023000.0,-1372000.0,3651000.0,,
0,2002-12-31,PLPC,,,Q4,-2079000.0,2543000.0,-1645000.0,0.0,2712000.0,0.0,2107000.0,0.0,719000.0,0.0,4721000.0,0.0,0.0,0.0,0.0,0.0,0.0,0.0,-1000.0,0.0,-1156000.0,0.0,0.0,0.0,0.0,11629000,10187000,4721000.0,-1079000.0,3642000.0,,
0,2002-09-30,PLPC,,,Q3,-2099000.0,2079000.0,-226000.0,0.0,4838000.0,0.0,702000.0,0.0,0.0,0.0,8556000.0,0.0,0.0,0.0,0.0,0.0,0.0,0.0,95000.0,0.0,-1155000.0,0.0,0.0,0.0,0.0,10187000,9305000.0,8556000.0,-1413000.0,7143000.0,,
0,2002-06-30,PLPC,2002-08-14 00:00:00,2002-08-14 11:02:16,Q2,1037000.0,2203000.0,36000.0,0.0,-2905000.0,0.0,-626000.0,0.0,0.0,0.0,821000.0,0.0,0.0,0.0,0.0,-38000.0,0.0,0.0,0.0,0.0,-1153000.0,0.0,0.0,0.0,0.0,9305000.0,8964000.0,821000.0,-1303000.0,-482000.0,https://www.sec.gov/Archives/edgar/data/80035/000095015202006351/0000950152-02-006351-index.html,https://www.sec.gov/Archives/edgar/data/80035/000095015202006351/l95346ae10vq.txt
0,2002-03-31,PLPC,,,Q1,2001000.0,2193000.0,-289000.0,0.0,657000.0,0.0,219000.0,0.0,250000.0,0.0,4483000.0,0.0,0.0,0.0,0.0,0.0,0.0,0.0,0.0,0.0,-1151000.0,0.0,0.0,0.0,0.0,8964000.0,8409000.0,4483000.0,-911000.0,3572000.0,,
0,2001-12-31,PLPC,,,Q4,1027000.0,2867000.0,0.0,0.0,6193000.0,0.0,1855000.0,0.0,1190000.0,0.0,8933000.0,0.0,0.0,0.0,0.0,0.0,0.0,0.0,0.0,1000.0,-1150000.0,0.0,0.0,0.0,0.0,8409000.0,7362000.0,8933000.0,-1733000.0,7200000.0,,
0,2001-09-30,PLPC,2001-11-14 00:00:00,2001-11-14 00:00:00,Q3,158000.0,2238000.0,0.0,0.0,681000.0,0.0,1916000.0,0.0,-481000.0,0.0,5927000.0,0.0,0.0,0.0,0.0,0.0,0.0,0.0,0.0,0.0,-1153000.0,0.0,0.0,0.0,0.0,7362000.0,8731000.0,5927000.0,-395000.0,5532000.0,https://www.sec.gov/Archives/edgar/data/80035/000095015201505873/0000950152-01-505873-index.html,https://www.sec.gov/Archives/edgar/data/80035/000095015201505873/l91369ae10-q.txt
0,2001-06-30,PLPC,2001-08-14 00:00:00,2001-08-14 00:00:00,Q2,2870000.0,2699999.9999999995,0.0,0.0,0.0,0.0,0.0,0.0,0.0,-90000.0,3580000.0,0.0,0.0,0.0,0.0,0.0,-1779999.9999999998,0.0,0.0,129999.99999999999,-860000.0,0.0,-540000.0,-459999.99999999994,800000.0,34917000,34117000,3580000.0,-1780000.0000000002,1799999.9999999998,https://www.sec.gov/Archives/edgar/data/80035/000095015201503981/0000950152-01-503981-index.html,https://www.sec.gov/Archives/edgar/data/80035/000095015201503981/l89891ae10-q.txt
