,date,symbol,fillingDate,acceptedDate,period,netIncome,depreciationAndAmortization,deferredIncomeTax,stockBasedCompensation,changeInWorkingCapital,accountsReceivables,inventory,accountsPayables,otherWorkingCapital,otherNonCashItems,netCashProvidedByOperatingActivities,investmentsInPropertyPlantAndEquipment,acquisitionsNet,purchasesOfInvestments,salesMaturitiesOfInvestments,otherInvestingActivites,netCashUsedForInvestingActivites,debtRepayment,commonStockIssued,commonStockRepurchased,dividendsPaid,otherFinancingActivites,netCashUsedProvidedByFinancingActivities,effectOfForexChangesOnCash,netChangeInCash,cashAtEndOfPeriod,cashAtBeginningOfPeriod,operatingCashFlow,capitalExpenditure,freeCashFlow,link,finalLink
0,2020-08-29,RGP,,,Q1,2284000.0,2537000.0,-117000.0,0.0,11977000,16744000,0.0,0.0,0.0,1905000.0,18586000,0.0,0.0,0.0,0.0,0.0,-247000.0,0.0,0.0,2982000.0,-4512000.0,0.0,-1530000.0,2118000.0,18927000,114551000,95624000,18586000,-267000.0,18319000,,
0,2020-05-30,RGP,2020-07-27,2020-07-27 17:03:41,Q4,4067000.0,2697999.9999999986,307000.00000000006,1408000.0,15840000,5326000.0,0.0,-4626000.0,136098000,5048000.0,27960000.000000004,-303000.0,30004000,0.0,0.0,-30004000,-302999.99999999726,0.0,1000.0,0.0,-4500999.999999999,37229000,32728000,-705000.0000000001,59680000,95624000,35944000,27960000.000000004,-302999.99999999994,27657000.000000004,https://www.sec.gov/Archives/edgar/data/1084765/000108476520000007/rgp-20200530x10k.htm,https://www.sec.gov/Archives/edgar/data/1084765/000108476520000007/rgp-20200530x10k.htm
0,2020-02-22,RGP,,,Q3,6942000.0,2669000.0000000005,941000.0000000001,1491000.0,-7450999.999999999,6067000.0,0.0,-1706000.0,91223000,1243999.9999999998,4344999.999999999,-779000.0,35000.0,-5000000.0,0.0,4746000.0,-998000.000000001,0.0,0.0,-809999.9999999997,-4499000.000000001,-43843000,-10309000,-127000.0,-7089000.0,35944000,43033000,4344999.999999999,-779000.0000000001,3565999.999999999,,
0,2019-11-23,RGP,,,Q2,12337000,2934000.0,-91000.00000000003,1643000.0,3405999.999999999,-7671000.0,0.0,157000.0,91519000,1670000.0,20256000,-754000.0,0.0,0.0,0.0,105000.0,-649000.0000000009,0.0,0.0,1216000.0000000002,-4475000.0,-20474000,-22259000,-38000.00000000001,-2690000.0,43033000,45723000,20256000,-754000.0,19502000,,
0,2019-08-24,RGP,,,Q1,4939000.0,2463000.0,-246000.0,1515000.0,-12056000,6288000.0,0.0,-1727000.0,94354000,1862000.0,-3038000.0,-510000.0,-30293000,0.0,0.0,5981000.0,-24822000,0.0,0.0,4850000.0,-4106000.0,80573000,30744000,-206000.0,2678000.0,45723000,43045000,-3038000.0,-510000.0,-3548000.0,,
0,2019-05-25,RGP,,,Q4,9369000.0,2194000.0,753000.0000000001,1609000.0,15573000,3726000.0,0.0,-1062000.0,100241000,2236000.0,30125000,-960000.0,3000.0,-7640000.0,0.0,1659000.0,-6938000.000000001,-5000000.0,0.0,-6970000.000000001,-4147000.000000002,-11190000,-27976999.999999996,-131999.99999999994,-4922000.000000001,43045000,47967000,30125000,-960000.0,29165000,,
0,2019-02-23,RGP,,,Q3,22101000,6284000.0,5699000.0,1948000.0,-25998000,8422000.0,0.0,51000.0,116709000,5410000.0,13496000,-2531000.0,0.0,-9249000.0,0.0,9249000.0,-5939000.0,5000000.0,0.0,1387000.0,-12011000,6047000.0,-15624000,-436000.0,-8503000.0,-8503000.0,0.0,13496000,-5936000.0,7560000.0,,
0,2018-11-24,RGP,,,Q2,10564000,2149000.0,-623000.0,1652000.0,10028000,-9471000.0,0.0,724000.0,109853000,0.0,18266000,-2332000.0,-3000.0,-5540000.0,0.0,5540000.0,-2335000.0,0.0,0.0,-5540000.0,-4095000.0,8004000.0,-1631000.0,-530000.0,13770000,40823000,27053000,18266000,2332000.0,15934000,,
0,2018-08-25,RGP,,,Q1,5741000.0,2024000.0,-3997000.0,1361000.0,-532000.0,-8367000.0,0.0,-1182000.0,99825000,0.0,-16601000,-1073000.0,0.0,-7462000.0,0.0,7462000.0,-1073000.0,0.0,0.0,-7462000.0,-3792000.0,-413000.0,-11667000,-76000.0,-29417000,27053000,56470000,-16601000,1073000.0,-17674000,,
0,2018-05-26,RGP,,,Q4,3981000.0,2087000.0,4879000.0,1534000.0,-1500000.0,-6333000.0,0.0,1809000.0,100357000,0.0,17624000,-593000.0,0.0,0.0,0.0,13000.0,-580000.0,0.0,0.0,0.0,-3760000.0,-999000.0,-4759000.0,968000.0,13253000,56470000,43217000,17624000,593000.0,17031000,,
0,2018-02-24,RGP,,,Q3,4595000.0,2093000.0,-750000.0,1437000.0,3740000.0,-4646000.0,0.0,278000.0,101857000,0.0,-3894000.0,-836000.0,-16624000,-5116000.0,0.0,1696000.0,-20880000,0.0,0.0,51168000,-3676000.0,-36352000,11140000,567000.0,-13067000,43217000,56284000,-3894000.0,836000.0,-4730000.0,,
0,2017-11-25,RGP,,,Q2,8138000.0,1269000.0,701000.0,1450000.0,-1421000.0,-8364000.0,0.0,1209000.0,98117000,0.0,14769000,-401000.0,-3423000.0,0.0,0.0,0.0,-3824000.0,0.0,0.0,-6677000.0,-3579000.0,7814000.0,-2442000.0,-1826000.0,6677000.0,56284000,49607000,14769000,401000.0,14368000,,
0,2017-08-26,RGP,,,Q1,2112000.0,940000.0,205000.0,1612000.0,4464000.0,-30000.0,0.0,36000.0,99538000,0.0,-13129000,-383000.0,0.0,0.0,0.0,1000.0,-382000.0,0.0,0.0,-49607000,-3254000.0,52396000,-465000.0,1254000.0,-12722000,49607000,62329000,-13129000,383000.0,-13512000,,
0,2017-05-27,RGP,,,Q4,4437000.0,941000.0,-1070000.0,1410000.0,4584000.0,-843000.0,0.0,-136000.0,95074000,0.0,21339000,-742000.0,0.0,0.0,0.0,18000.0,-724000.0,0.0,0.0,0.0,-3298000.0,207000.0,-3091000.0,198000.0,17722000,62329000,44607000,21339000,742000.0,20597000,,
0,2017-02-25,RGP,,,Q3,2884000.0,909000.0,-3898000.0,1508000.0,-11767000,464000.0,0.0,-931000.0,90490000,0.0,-1211000.0,-1745000.0,0.0,-6927000.0,0.0,11972000,3300000.0,0.0,0.0,-6927000.0,-3259000.0,-6173000.0,-16359000,310000.0,-13960000,44607000,58567000,-1211000.0,1745000.0,-2956000.0,,
0,2016-11-26,RGP,,,Q2,5692000.0,808000.0,398000.0,1855000.0,-46719000,-2626000.0,0.0,1872000.0,102257000,0.0,15192000,-1219000.0,0.0,-106305000,0.0,111459000,3935000.0,0.0,0.0,-106305000,-3977000.0,58451000,-51831000,-1666000.0,-34370000,58567000,92937000,15192000,1219000.0,13973000,,
0,2016-08-27,RGP,,,Q1,5638000.0,794000.0,32000.0,1295000.0,-7174000.0,1511000.0,0.0,-124000.0,148976000,0.0,-7055000.0,-1075000.0,0.0,-5654000.0,0.0,20627000,13898000,0.0,0.0,-5654000.0,-3623000.0,3682000.0,-5595000.0,600000.0,1848000.0,92937000,91089000,-7055000.0,1075000.0,-8130000.0,,
0,2016-05-28,RGP,,,Q4,8677000.0,861000.0,-556000.0,1252000.0,-658000.0,3013000.0,0.0,975000.0,156150000,0.0,31215000,-705000.0,0.0,-8121000.0,0.0,8135000.0,-691000.0,0.0,0.0,-8121000.0,-3675000.0,379000.0,-11417000,491000.0,19598000,91089000,71491000,31215000,705000.0,30510000,,
0,2016-02-27,RGP,,,Q3,5957000.0,897000.0,-1090000.0,1483000.0,-2084000.0,-2979000.0,0.0,-1250000.0,156808000,0.0,-3651000.0,-148000.0,0.0,-8478000.0,0.0,13485000,4859000.0,0.0,0.0,-8478000.0,-3713000.0,2388000.0,-9803000.0,-35000.0,-8630000.0,71491000,80121000,-3651000.0,148000.0,-3799000.0,,
0,2015-11-28,RGP,,,Q2,8676000.0,911000.0,135000.0,1390000.0,3997000.0,-4418000.0,0.0,1042000.0,158892000,0.0,15251000,-953000.0,0.0,-5312000.0,0.0,319000.0,-5946000.0,0.0,0.0,-5312000.0,-3715000.0,3683000.0,-5344000.0,-75000.0,3886000.0,80121000,76235000,15251000,953000.0,14298000,,
0,2015-08-29,RGP,,,Q1,7133000.0,888000.0,268000.0,2155000.0,2135000.0,1682000.0,0.0,-591000.0,154895000,0.0,-4553000.0,-575000.0,0.0,-6217000.0,0.0,6220000.0,-572000.0,0.0,0.0,-6217000.0,-2982000.0,3505000.0,-5694000.0,-196000.0,-11015000,76235000,87250000,-4553000.0,575000.0,-5128000.0,,
0,2015-05-30,RGP,,,Q4,8108000.0,877000.0,1431000.0,1362000.0,1915000.0,1078000.0,0.0,1247000.0,152760000,0.0,28946000,-761000.0,0.0,-5938000.0,0.0,5941000.0,-758000.0,0.0,0.0,-5938000.0,-3005000.0,911000.0,-8032000.0,-241000.0,19915000,87250000,67335000,28946000,761000.0,28185000,,
0,2015-02-28,RGP,2015-05-08 00:00:00,2015-05-08 14:57:19,Q3,5989000.0,901000.0,583000.0,1523000.0,-11798000,-2089000.0,0.0,-1328000.0,86000.0,0.0,-2859000.0,0.0,0.0,-9994000.0,15000000,0.0,0.0,0.0,0.0,-7048000.0,-3011000.0,65000.0,0.0,0.0,0.0,67335000,73260000,-2859000.0,-608000.0,-3467000.0,https://www.sec.gov/Archives/edgar/data/1338613/000133861315000019/0001338613-15-000019-index.html,https://www.sec.gov/Archives/edgar/data/1338613/000133861315000019/rgp-33115x10xq.htm
0,2014-11-29,RGP,,,Q2,8016000.0,1251000.0,-1724000.0,1558000.0,-1002000.0,-7151000.0,0.0,869000.0,151096000,0.0,14333000,-638000.0,0.0,-7607000.0,0.0,2594000.0,-5651000.0,0.0,0.0,-7607000.0,-3046000.0,1142000.0,-9511000.0,-1042000.0,-1871000.0,73260000,75131000,14333000,638000.0,13695000,,
0,2014-08-30,RGP,2014-11-06 00:00:00,2014-11-06 15:45:29,Q1,5395000.0,1278000.0,184000.0,1546000.0,1811000.0,-1890000.0,0.0,-484000.0,152098000,0.0,-8669000.0,-357000.0,0.0,-5684000.0,0.0,14686000,8645000.0,0.0,0.0,-5684000.0,-2686000.0,3511000.0,-4859000.0,-277000.0,-5160000.0,75131000,80291000,-8669000.0,357000.0,-9026000.0,https://www.sec.gov/Archives/edgar/data/1338613/000133861314000059/0001338613-14-000059-index.html,https://www.sec.gov/Archives/edgar/data/1338613/000133861314000059/rgp-93014x10q.htm
0,2014-05-31,RGP,2014-08-07 00:00:00,2014-08-07 16:08:59,Q4,6859000.0,1307000.0,2532000.0,1640000.0,5717000.0,-1422000.0,0.0,-1534000.0,51000.0,0.0,18352000,0.0,0.0,-19002000,18000000,0.0,0.0,0.0,0.0,-7956000.0,-2713000.0,4000.0,0.0,0.0,0.0,80291000,74339000,18352000,-623000.0,17729000,https://www.sec.gov/Archives/edgar/data/1338613/000133861314000043/0001338613-14-000043-index.html,https://www.sec.gov/Archives/edgar/data/1338613/000133861314000043/rgp-63014x10q.htm
0,2014-02-22,RGP,2014-05-08 00:00:00,2014-05-08 15:21:21,Q3,2279000.0,1301000.0,86000.0,1601000.0,-4050000.0,4022000.0,0.0,-318000.0,149702000,0.0,5245000.0,-449000.0,0.0,-7384000.0,0.0,7375000.0,-458000.0,0.0,0.0,-7384000.0,-2732000.0,2141000.0,-7975000.0,50000.0,-3138000.0,74339000,77477000,5245000.0,449000.0,4796000.0,https://www.sec.gov/Archives/edgar/data/1338613/000133861314000030/0001338613-14-000030-index.html,https://www.sec.gov/Archives/edgar/data/1338613/000133861314000030/rgp-33114x10q.htm
0,2013-11-23,RGP,,,Q2,7095000.0,1330000.0,250000.0,1624000.0,-4660000.0,-11572000,0.0,1452000.0,153752000,0.0,3094000.0,-1228000.0,0.0,-10085000,0.0,2093000.0,-9220000.0,0.0,0.0,-10085000,-2789000.0,54000.0,-12820000,19000.0,-18927000,77477000,96404000,3094000.0,1228000.0,1866000.0,,
0,2013-08-24,RGP,2013-11-07 00:00:00,2013-11-07 15:39:58,Q1,3653000.0,1378000.0,368000.0,1654000.0,2568000.0,3225000.0,0.0,-1096000.0,158412000,0.0,5327000.0,-1425000.0,0.0,-4162000.0,0.0,4175000.0,-1412000.0,0.0,0.0,-4162000.0,-2391000.0,4981000.0,-1572000.0,45000.0,2388000.0,96404000,94016000,5327000.0,1425000.0,3902000.0,https://www.sec.gov/Archives/edgar/data/1338613/000133861313000053/0001338613-13-000053-index.html,https://www.sec.gov/Archives/edgar/data/1338613/000133861313000053/rgp-93013x10q.htm
0,2013-05-25,RGP,2013-08-08 00:00:00,2013-08-08 14:40:01,Q4,5315000.0,1504000.0,-1844000.0,1728000.0,-6695000.0,5302000.0,0.0,-378000.0,155844000,0.0,16916000,-689000.0,0.0,-12254000,0.0,20251000,7308000.0,0.0,0.0,-12254000,-2448000.0,41000.0,-14661000,-1430000.0,8133000.0,94016000,85883000,16916000,689000.0,16227000,https://www.sec.gov/Archives/edgar/data/1338613/000133861313000041/0001338613-13-000041-index.html,https://www.sec.gov/Archives/edgar/data/1338613/000133861313000041/rgp-63013x10q.htm
0,2013-02-23,RGP,2013-03-01 00:00:00,2013-03-01 14:57:47,Q3,4493000.0,1547000.0,586000.0,1822000.0,-1191000.0,3239000.0,0.0,-614000.0,162539000,0.0,12977000,-1048000.0,0.0,-6048000.0,0.0,-6952000.0,-14048000,0.0,0.0,-6048000.0,-2460000.0,2550000.0,-5958000.0,-1023000.0,-8052000.0,85883000,93935000,12977000,1048000.0,11929000,https://www.sec.gov/Archives/edgar/data/1338613/000133861313000011/0001338613-13-000011-index.html,https://www.sec.gov/Archives/edgar/data/1338613/000133861313000011/rgp1231201210-k.htm
0,2012-11-24,RGP,,,Q2,5864000.0,1606000.0,-350000.0,1825000.0,-1901000.0,-6983000.0,0.0,1316000.0,163730000,0.0,1360000.0,-820000.0,0.0,-6964000.0,0.0,-3032000.0,-10816000,0.0,0.0,-6964000.0,-2492000.0,721000.0,-8735000.0,-746000.0,-18937000,93935000,112872000,1360000.0,820000.0,540000.0,,
0,2012-08-25,RGP,2012-11-08 00:00:00,2012-11-08 16:14:54,Q1,4832000.0,1617000.0,626000.0,1813000.0,-953000.0,-1521000.0,0.0,-1297000.0,165631000,0.0,3706000.0,-590000.0,0.0,-8926000.0,0.0,21920000,12404000,0.0,0.0,-8926000.0,-2097000.0,2285000.0,-8738000.0,376000.0,7748000.0,112872000,105124000,3706000.0,590000.0,3116000.0,https://www.sec.gov/Archives/edgar/data/1338613/000133861312000052/0001338613-12-000052-index.html,https://www.sec.gov/Archives/edgar/data/1338613/000133861312000052/rgp-93012x10q.htm
0,2012-05-26,RGP,2012-08-08 00:00:00,2012-08-08 14:23:33,Q4,8894000.0,1782000.0,-168000.0,1905000.0,3745000.0,5177000.0,0.0,-1560000.0,166584000,0.0,16570000,-453000.0,0.0,-6983000.0,0.0,8980000.0,1544000.0,0.0,0.0,-6983000.0,-2125000.0,306000.0,-8802000.0,-602000.0,8710000.0,105124000,96414000,16570000,453000.0,16117000,https://www.sec.gov/Archives/edgar/data/1338613/000133861312000037/0001338613-12-000037-index.html,https://www.sec.gov/Archives/edgar/data/1338613/000133861312000037/rgp-63012x10q.htm
0,2012-02-25,RGP,,,Q3,4331000.0,1899000.0,580000.0,2029000.0,-3947000.0,-1849000.0,0.0,236000.0,162839000,0.0,12793000,-674000.0,0.0,-10869000,0.0,-3122000.0,-14665000,0.0,0.0,-10869000,-2158000.0,1895000.0,-11132000,-248000.0,-13252000,96414000,109666000,12793000,674000.0,12119000,,
0,2011-11-26,RGP,2012-02-22 00:00:00,2012-02-22 16:48:57,Q2,25321000,2657000.0,-14183000,1876000.0,-5472000.0,-4596000.0,0.0,3179000.0,166786000,0.0,5434000.0,-648000.0,0.0,-10907000,0.0,5159000.0,-6396000.0,0.0,0.0,-10907000,-2207000.0,40000.0,-13074000,-866000.0,-14902000,109666000,124568000,5434000.0,648000.0,4786000.0,https://www.sec.gov/Archives/edgar/data/1338613/000133861312000013/0001338613-12-000013-index.html,https://www.sec.gov/Archives/edgar/data/1338613/000133861312000013/rgp1231201110-k.htm
0,2011-08-27,RGP,2011-11-07 00:00:00,2011-11-07 12:11:36,Q1,2596000.0,2757000.0,580000.0,1932000.0,172258000,1793000.0,0.0,-3995000.0,172258000,0.0,1573000.0,-1011000.0,0.0,-16626000,0.0,16626000,-1011000.0,0.0,0.0,-16626000,-1816000.0,2341000.0,-16101000,483000.0,-15056000,124568000,139624000,1573000.0,1011000.0,562000.0,https://www.sec.gov/Archives/edgar/data/1338613/000133861311000055/0001338613-11-000055-index.html,https://www.sec.gov/Archives/edgar/data/1338613/000133861311000055/rgp-93011x10q.htm
0,2011-05-28,RGP,2011-08-08 00:00:00,2011-08-08 11:53:51,Q4,0.0,0.0,0.0,0.0,0.0,0.0,0.0,0.0,0.0,0.0,0.0,0.0,0.0,0.0,0.0,0.0,0.0,0.0,0.0,0.0,0.0,0.0,0.0,0.0,0.0,0.0,0.0,0.0,0.0,0.0,https://www.sec.gov/Archives/edgar/data/1338613/000119312511213694/0001193125-11-213694-index.html,https://www.sec.gov/Archives/edgar/data/1338613/000119312511213694/d10q.htm
0,2011-02-26,RGP,2011-05-05 00:00:00,2011-05-05 16:44:47,Q3,0.0,0.0,0.0,0.0,0.0,0.0,0.0,0.0,0.0,0.0,0.0,0.0,0.0,0.0,0.0,0.0,0.0,0.0,0.0,0.0,0.0,0.0,0.0,0.0,0.0,0.0,0.0,0.0,0.0,0.0,https://www.sec.gov/Archives/edgar/data/1338613/000119312511128612/0001193125-11-128612-index.html,https://www.sec.gov/Archives/edgar/data/1338613/000119312511128612/d10q.htm
0,2010-11-27,RGP,,,Q2,0.0,0.0,0.0,0.0,0.0,0.0,0.0,0.0,0.0,0.0,0.0,0.0,0.0,0.0,0.0,0.0,0.0,0.0,0.0,0.0,0.0,0.0,0.0,0.0,0.0,0.0,0.0,0.0,0.0,0.0,,
0,2010-08-28,RGP,2010-11-09 00:00:00,2010-11-09 07:01:55,Q1,0.0,0.0,0.0,0.0,0.0,0.0,0.0,0.0,0.0,0.0,0.0,0.0,0.0,0.0,0.0,0.0,0.0,0.0,0.0,0.0,0.0,0.0,0.0,0.0,0.0,0.0,0.0,0.0,0.0,0.0,https://www.sec.gov/Archives/edgar/data/1338613/000119312510253077/0001193125-10-253077-index.html,https://www.sec.gov/Archives/edgar/data/1338613/000119312510253077/d10q.htm
