,date,symbol,fillingDate,acceptedDate,period,netIncome,depreciationAndAmortization,deferredIncomeTax,stockBasedCompensation,changeInWorkingCapital,accountsReceivables,inventory,accountsPayables,otherWorkingCapital,otherNonCashItems,netCashProvidedByOperatingActivities,investmentsInPropertyPlantAndEquipment,acquisitionsNet,purchasesOfInvestments,salesMaturitiesOfInvestments,otherInvestingActivites,netCashUsedForInvestingActivites,debtRepayment,commonStockIssued,commonStockRepurchased,dividendsPaid,otherFinancingActivites,netCashUsedProvidedByFinancingActivities,effectOfForexChangesOnCash,netChangeInCash,cashAtEndOfPeriod,cashAtBeginningOfPeriod,operatingCashFlow,capitalExpenditure,freeCashFlow,link,finalLink
0,2020-09-30,TANNZ,2020-11-04,2020-11-04 12:06:11,Q3,8657000.0,32299000,2312000.0,0.0,108556000,4823000.0,1806000.0,19662000,143870000,0.0,-520000.0,0.0,0.0,0.0,0.0,0.0,-9657000.0,-56000.0,0.0,0.0,0.0,0.0,79236000,0.0,137656000,280442000,142786000,-520000.0,0.0,-520000.0,https://www.sec.gov/Archives/edgar/data/1378453/000137845320000063/0001378453-20-000063-index.htm,https://www.sec.gov/Archives/edgar/data/1378453/000137845320000063/ta-20200930.htm
0,2020-06-30,TANNZ,2020-08-05,2020-08-05 11:42:23,Q2,-49854000,-43446000,-11067000,0.0,15189000,131051000,33724000,-2553000.0,35314000,0.0,62966000,0.0,0.0,0.0,0.0,0.0,358685000,0.0,0.0,0.0,0.0,0.0,1122000.0,0.0,422761000,142786000,17206000,62966000,0.0,62966000,https://www.sec.gov/Archives/edgar/data/1378453/000137845320000053/0001378453-20-000053-index.htm,https://www.sec.gov/Archives/edgar/data/1378453/000137845320000053/ta-20200630.htm
0,2020-03-31,TANNZ,,,Q1,-18541000,28560000,0.0,0.0,-9679000.0,-2175000.0,27420000,-17555000,20125000,0.0,11003000,0.0,0.0,0.0,0.0,-16135000,-16135000,0.0,0.0,-20318000,0.0,28463000,8145000.0,99000.0,20318000,20318000,0.0,11003000,0.0,11003000,,
0,2019-03-31,TANNZ,,,Q1,-12729000,24759000,-4403000.0,0.0,80106000,-40902000,2563000.0,63315000,29804000,0.0,38198000,-16688000,0.0,0.0,0.0,-311137000,-327825000,0.0,0.0,-24749000,0.0,24694000,-55000.0,44000.0,-289638000,24749000,314387000,38198000,16688000,21510000,,
0,2018-03-31,TANNZ,,,Q1,-10078000,27548000,4587000.0,0.0,-4949000.0,-28145000,1940000.0,38884000,-50302000,0.0,28197000,-24945000,0.0,0.0,0.0,12792000,-12153000,0.0,0.0,-52139000,0.0,52222000,83000.0,-70000.0,16057000,52139000,36082000,28197000,24945000,3252000.0,,
0,2017-03-31,TANNZ,,,Q1,-29401000,31800000,20746000,0.0,-3544000.0,-4590000.0,6282000.0,4351000.0,-45353000,0.0,-10743000,-30066000,-6110000.0,0.0,0.0,22824000,-13352000,0.0,0.0,-37646000,0.0,38044000,398000.0,31000.0,-23666000,37646000,61312000,-10743000,30066000,-40809000,,
0,2016-03-31,TANNZ,,,Q1,-9944000.0,20525000,4121000.0,0.0,-396794000,-17061000,1314000.0,16998000,-41809000,0.0,11470000,-56479000,-35123000,0.0,0.0,37761000,-53841000,0.0,0.0,-129604000,0.0,129462000,-142000.0,30000.0,-42483000,129604000,172087000,11470000,56479000,-45009000,,
0,2015-03-31,TANNZ,,,Q1,15729000,17525000,-35000.0,0.0,-29004000,-23567000,3723000.0,42702000,354985000,0.0,56933000,-40864000,-41736000,0.0,0.0,19714000,-62886000,0.0,0.0,-218151000,0.0,218013000,-138000.0,-33000.0,218151000,218151000,0.0,56933000,40864000,16069000,,
0,2014-12-31,TANNZ,,,Q4,60969000,65584000,-13790000,0.0,0.0,8838000.0,27594000,-12010000,383989000,0.0,161125000,-28695000,-169825000,-928000.0,0.0,65030000,-134418000,-6135000.0,-14000.0,-928000.0,0.0,119018000,111941000,-30000.0,224275000,224275000,0.0,161125000,28695000,132430000,,
