,date,symbol,fillingDate,acceptedDate,period,netIncome,depreciationAndAmortization,deferredIncomeTax,stockBasedCompensation,changeInWorkingCapital,accountsReceivables,inventory,accountsPayables,otherWorkingCapital,otherNonCashItems,netCashProvidedByOperatingActivities,investmentsInPropertyPlantAndEquipment,acquisitionsNet,purchasesOfInvestments,salesMaturitiesOfInvestments,otherInvestingActivites,netCashUsedForInvestingActivites,debtRepayment,commonStockIssued,commonStockRepurchased,dividendsPaid,otherFinancingActivites,netCashUsedProvidedByFinancingActivities,effectOfForexChangesOnCash,netChangeInCash,cashAtEndOfPeriod,cashAtBeginningOfPeriod,operatingCashFlow,capitalExpenditure,freeCashFlow,link,finalLink
0,2019-12-31,USLM,2020-02-28 00:00:00,2020-02-28 16:03:54,FY,26056000,17617000,4848000.0,1524000.0,-10119000,-3346000.0,-542000.0,-165000.0,83276000,2902000.0,47011000,-27100000,0.0,-444000.0,0.0,1002000.0,-26542000,0.0,0.0,-369000.0,-33058000,75000.0,-33427000,0.0,-12958000,54260000,67218000,47011000,-27100000,19911000,https://www.sec.gov/Archives/edgar/data/82020/000155837020001775/0001558370-20-001775-index.html,https://www.sec.gov/Archives/edgar/data/82020/000155837020001775/uslm-20191231x10k.htm
0,2018-12-31,USLM,2019-03-01 00:00:00,2019-03-01 17:05:52,FY,19685000,17603000,20000.0,1489000.0,-15261000,-3129000.0,700000.0,438000.0,93395000,2127000.0,38735000,-53762000,0.0,-411000.0,0.0,1016000.0,-53157000,0.0,0.0,-338000.0,-3022000.0,73000.0,-3360000.0,0.0,-17782000,67218000,85000000,38735000,-53762000,-15027000,https://www.sec.gov/Archives/edgar/data/82020/000155837019001435/0001558370-19-001435-index.html,https://www.sec.gov/Archives/edgar/data/82020/000155837019001435/ulsm-20181231x10k.htm
0,2017-12-31,USLM,2018-03-02 00:00:00,2018-03-02 16:02:08,FY,27148000,16549000,-7612000.0,1405000.0,12728000,308000.0,-1113000.0,-1130000.0,108656000,1797000.0,34282000,-21337000,0.0,-309000.0,0.0,901000.0,-20745000,0.0,0.0,-236000.0,-3013000.0,73000.0,-3249000.0,0.0,10288000,85000000,74712000,34282000,-21337000,12945000,https://www.sec.gov/Archives/edgar/data/82020/000155837018001454/0001558370-18-001454-index.html,https://www.sec.gov/Archives/edgar/data/82020/000155837018001454/uslm-20171231x10k.htm
0,2016-12-31,USLM,2017-03-03 00:00:00,2017-03-03 15:20:21,FY,17754000,16141000,648000.0,1036000.0,12709000,-892000.0,2295000.0,532000.0,95928000,1672000.0,37847000,-17664000,0.0,-2928000.0,0.0,3086000.0,-17506000,0.0,0.0,-2773000.0,-2782000.0,155000.0,-5555000.0,0.0,14786000,74712000,59926000,37847000,-17664000,20183000,https://www.sec.gov/Archives/edgar/data/82020/000155837017001327/0001558370-17-001327-index.html,https://www.sec.gov/Archives/edgar/data/82020/000155837017001327/uslm-20161231x10k.htm
0,2015-12-31,USLM,2016-03-04 00:00:00,2016-03-04 15:03:23,FY,12886000,16033000,-227000.0,1199000.0,16919000,1555000.0,-1292000.0,198000.0,83219000,1267000.0,32494000,-11459000,0.0,-403000.0,0.0,802000.0,-11060000,-16667000,0.0,-375000.0,-2798000.0,28000.0,-19840000,0.0,1594000.0,59894000,58300000,32494000,-11459000,21035000,https://www.sec.gov/Archives/edgar/data/82020/000155837016003845/0001558370-16-003845-index.html,https://www.sec.gov/Archives/edgar/data/82020/000155837016003845/uslm-20151231x10k.htm
0,2014-12-31,USLM,2015-03-06,2015-03-06 14:37:53,FY,19367000,14903000,1059000.0,1102000.0,1800000.0,-3347000.0,252000.0,-952000.0,66300000,1214000.0,31974000,-11672000,0.0,-266000.0,0.0,-3123000.0,-15061000,-5000000.0,0.0,-266000.0,-2790000.0,0.0,-8056000.0,0.0,8857000.0,58357000,49500000,31974000,-11672000,20302000,https://www.sec.gov/Archives/edgar/data/82020/000104746915001768/a2223416z10-k.htm,https://www.sec.gov/Archives/edgar/data/82020/000104746915001768/a2223416z10-k.htm
0,2013-12-31,USLM,2014-03-07,2014-03-07 11:39:25,FY,14800000,14500000,1790000.0,934000.0,17800000,455000.0,439000.0,637000.0,64500000,1070000.0,33530000,-8921000.0,0.0,-212000.0,0.0,467000.0,-8670000.0,-5000000.0,0.0,-180000.0,0.0,34000.0,-5180000.0,0.0,19690000,49490000,29800000,33530000,-8920000.0,24610000,https://www.sec.gov/Archives/edgar/data/82020/000104746914001954/a2218769z10-k.htm,https://www.sec.gov/Archives/edgar/data/82020/000104746914001954/a2218769z10-k.htm
0,2012-12-31,USLM,2013-03-07 00:00:00,2013-03-07 15:52:00,FY,16420000,15040000,2130000.0,1082000.0,-18800000,1043000.0,-3363000.0,-1086000.0,46700000,1270000.0,31690000,-8292000.0,0.0,-40847000,0.0,40889000,-8250000.0,-6250000.0,0.0,-40770000,0.0,75000.0,-47020000,0.0,-23590000,29810000,53400000,31690000,-8290000.0,23400000,https://www.sec.gov/Archives/edgar/data/82020/000104746913002339/0001047469-13-002339-index.html,https://www.sec.gov/Archives/edgar/data/82020/000104746913002339/a2213421z10-k.htm
0,2011-12-31,USLM,2012-03-01 00:00:00,2012-03-01 14:03:33,FY,22190000,13780000,3650000.0,848000.0,19300000,-1756000.0,-164000.0,-294000.0,65500000,990000.0,38510000,-9413000.0,0.0,-8323000.0,0.0,8451000.0,-9290000.0,-3750000.0,0.0,-8320000.0,0.0,0.0,-12070000,0.0,17150000,53350000,36200000,38510000,-9410000.0,29100000,https://www.sec.gov/Archives/edgar/data/82020/000104746912001978/0001047469-12-001978-index.html,https://www.sec.gov/Archives/edgar/data/82020/000104746912001978/a2207695z10-k.htm
0,2010-12-31,USLM,2011-03-08,2011-03-08 17:29:41,FY,18040000,13610000,3090000.0,737000.0,21600000,-474000.0,-1141000.0,197000.0,46200000,780000.0,34180000,-9328000.0,0.0,0.0,0.0,0.0,-9250000.0,0.0,0.0,-170000.0,0.0,0.0,-5170000.0,0.0,19760000,36260000,16500000,34180000,-9330000.0,24850000,https://www.sec.gov/Archives/edgar/data/82020/000095012311023236/d80419e10vk.htm,https://www.sec.gov/Archives/edgar/data/82020/000095012311023236/d80419e10vk.htm
0,2009-12-31,USLM,2010-03-02 00:00:00,2010-03-02 16:35:01,FY,13670000,13480000,1680000.0,576000.0,11800000,1127000.0,2837000.0,-1306000.0,24600000,550000.0,31570000,-6653000.0,0.0,0.0,0.0,0.0,-6410000.0,0.0,0.0,70000.0,0.0,0.0,-9540000.0,0.0,15630000,16430000,800000.0,31570000,-6650000.0,24920000,https://www.sec.gov/Archives/edgar/data/82020/000095012310020047/0000950123-10-020047-index.html,https://www.sec.gov/Archives/edgar/data/82020/000095012310020047/d71309e10vk.htm
0,2008-12-31,USLM,2009-03-06 00:00:00,2009-03-05 19:19:38,FY,14430000,13480000,2360000.0,627000.0,4000000.0,-579000.0,-2398000.0,-401000.0,12800000,680000.0,25760000,-15760000,0.0,0.0,0.0,0.0,-18280000,0.0,0.0,-50000.0,0.0,0.0,-7720000.0,0.0,-240000.0,860000.0,1100000.0,25760000,-15760000,10000000,https://www.sec.gov/Archives/edgar/data/82020/000095013409004608/0000950134-09-004608-index.html,https://www.sec.gov/Archives/edgar/data/82020/000095013409004608/d66660e10vk.htm
0,2007-12-31,USLM,2008-03-13,2008-03-13 17:24:02,FY,10450000,12880000,1800000.0,595000.0,4700000.0,-208000.0,-1311000.0,865000.0,8800000.0,660000.0,24470000,-18227000,0.0,0.0,0.0,0.0,-18170000,0.0,0.0,40000.0,0.0,0.0,-5510000.0,0.0,790000.0,1090000.0,300000.0,24470000,-18230000,6240000.0,https://www.sec.gov/Archives/edgar/data/82020/000095013408004747/d54932e10vk.htm,https://www.sec.gov/Archives/edgar/data/82020/000095013408004747/d54932e10vk.htm
0,2006-12-31,USLM,2007-03-16,2007-03-16 15:05:27,FY,12700000,10140000,1770000.0,0.0,-6400000.0,0.0,0.0,0.0,4100000.0,460000.0,25880000,0.0,0.0,0.0,0.0,0.0,-37390000,0.0,0.0,730000.0,0.0,0.0,10490000,0.0,-1030000.0,270000.0,1300000.0,25880000,-35550000,-9670000.0,https://www.sec.gov/Archives/edgar/data/82020/000095013407005937/d44656e10vk.htm,https://www.sec.gov/Archives/edgar/data/82020/000095013407005937/d44656e10vk.htm
0,2005-12-31,USLM,2006-03-14,2006-03-14 16:25:10,FY,7950000.0,8200000.0,-180000.0,0.0,4400000.0,-43000.0,-1238000.0,915000.0,10500000,1340000.0,17160000,-11010000,0.0,0.0,0.0,0.0,-27510000,-7000000.0,0.0,440000.0,0.0,0.0,11440000,0.0,1090000.0,1290000.0,200000.0,17160000,-11010000,6150000.0,https://www.sec.gov/Archives/edgar/data/82020/000095013406005029/d33971e10vk.htm,https://www.sec.gov/Archives/edgar/data/82020/000095013406005029/d33971e10vk.htm
0,2004-12-31,USLM,2005-03-24,2005-03-24 17:29:58,FY,6330000.0,7700000.0,1830000.0,0.0,-3800000.0,-2507000.0,-377000.0,1549000.0,6100000.0,1630000.0,15110000,-13608000,0.0,0.0,0.0,0.0,-13550000,-7000000.0,0.0,60000.0,0.0,0.0,-7710000.0,0.0,-6150000.0,250000.0,6400000.0,15110000,-13610000,1500000.0,https://www.sec.gov/Archives/edgar/data/82020/000095013405005940/d23747e10vk.htm,https://www.sec.gov/Archives/edgar/data/82020/000095013405005940/d23747e10vk.htm
0,2003-12-31,USLM,,,FY,3860000.0,6390000.0,450000.0,0.0,7400000.0,-1800000.0,200000.0,-900000.0,9900000.0,410000.0,9520000.0,0.0,0.0,0.0,0.0,0.0,-12000000,0.0,0.0,70000.0,-290000.0,0.0,8630000.0,0.0,6150000.0,6350000.0,200000.0,9520000.0,-12010000,-2490000.0,,
0,2002-12-31,USLM,,,FY,640000.0,6430000.0,0.0,0.0,-100000.0,500000.0,300000.0,0.0,2500000.0,260000.0,8210000.0,0.0,0.0,0.0,0.0,0.0,-3550000.0,0.0,0.0,0.0,-580000.0,0.0,-5040000.0,0.0,-380000.0,220000.0,600000.0,8210000.0,-3620000.0,4590000.0,,
0,2001-12-31,USLM,,,FY,1770000.0,6150000.0,0.0,0.0,10300000,-1600000.0,-900000.0,5900000.0,2600000.0,200000.0,200000.0,0.0,0.0,0.0,0.0,0.0,-3800000.0,0.0,0.0,9550000.0,-580000.0,0.0,-860000.0,0.0,-4470000.0,630000.0,5100000.0,200000.0,-4110000.0,-3910000.0,,
0,2000-12-31,USLM,,,FY,-640000.0,5030000.0,-320000.0,0.0,-28300000,100000.0,100000.0,-6400000.0,-7700000.0,350000.0,9770000.0,0.0,0.0,0.0,0.0,0.0,-33640000,0.0,0.0,0.0,-400000.0,0.0,10930000,0.0,-12950000,5050000.0,18000000,9770000.0,-33730000,-23960000,,
0,1999-12-31,USLM,,,FY,2530000.0,4600000.0,330000.0,0.0,21300000,-800000.0,-1100000.0,1700000.0,20600000,130000.0,2210000.0,0.0,0.0,0.0,0.0,0.0,-10640000,0.0,0.0,0.0,-400000.0,0.0,25760000,0.0,17330000,18030000,700000.0,2210000.0,-10860000,-8650000.0,,
0,1998-12-31,USLM,,,FY,2930000.0,2930000.0,70000.0,0.0,-3100000.0,200000.0,-200000.0,700000.0,-700000.0,120000.0,5430000.0,0.0,0.0,0.0,0.0,0.0,-22720000,0.0,0.0,0.0,-400000.0,0.0,15190000,0.0,-2100000.0,700000.0,2800000.0,5430000.0,-22790000,-17360000,,
0,1997-12-31,USLM,,,FY,3100000.0,3500000.0,-2540000.0,0.0,-3000000.0,1600000.0,2100000.0,-1300000.0,2400000.0,570000.0,7260000.0,0.0,0.0,0.0,0.0,0.0,-4080000.0,0.0,0.0,140000.0,-390000.0,0.0,-1390000.0,0.0,1790000.0,2790000.0,1000000.0,7260000.0,-11870000,-4610000.0,,
0,1996-12-31,USLM,,,FY,2600000.0,3760000.0,0.0,0.0,-700000.0,300000.0,200000.0,-500000.0,5400000.0,80000.0,7050000.0,0.0,0.0,0.0,0.0,0.0,-6050000.0,0.0,0.0,370000.0,-390000.0,0.0,-1160000.0,0.0,-160000.0,1040000.0,1200000.0,7050000.0,-6120000.0,930000.0,,
0,1995-12-31,USLM,1996-02-29 00:00:00,1996-02-29 00:00:00,FY,4260000.0,3350000.0,0.0,0.0,700000.0,500000.0,-500000.0,100000.0,6100000.0,10000.0,7940000.0,0.0,0.0,0.0,0.0,0.0,-4680000.0,0.0,0.0,0.0,-290000.0,0.0,-2130000.0,0.0,1140000.0,1140000.0,0.0,7940000.0,-4850000.0,3090000.0,https://www.sec.gov/Archives/edgar/data/82020/000095013496000590/0000950134-96-000590-index.html,https://www.sec.gov/Archives/edgar/data/82020/0000950134-96-000590.txt
0,1994-12-31,USLM,,,FY,1920000.0,3660000.0,0.0,0.0,-700000.0,-1000000.0,1700000.0,800000.0,5400000.0,-360000.0,5410000.0,0.0,0.0,0.0,0.0,0.0,-2590000.0,0.0,0.0,190000.0,0.0,0.0,-3210000.0,0.0,-390000.0,10000.0,400000.0,5410000.0,-2680000.0,2730000.0,,
