,date,symbol,fillingDate,acceptedDate,period,cashAndCashEquivalents,shortTermInvestments,cashAndShortTermInvestments,netReceivables,inventory,otherCurrentAssets,totalCurrentAssets,propertyPlantEquipmentNet,goodwill,intangibleAssets,goodwillAndIntangibleAssets,longTermInvestments,taxAssets,otherNonCurrentAssets,totalNonCurrentAssets,otherAssets,totalAssets,accountPayables,shortTermDebt,taxPayables,deferredRevenue,otherCurrentLiabilities,totalCurrentLiabilities,longTermDebt,deferredRevenueNonCurrent,deferredTaxLiabilitiesNonCurrent,otherNonCurrentLiabilities,totalNonCurrentLiabilities,otherLiabilities,totalLiabilities,commonStock,retainedEarnings,accumulatedOtherComprehensiveIncomeLoss,othertotalStockholdersEquity,totalStockholdersEquity,totalLiabilitiesAndStockholdersEquity,totalInvestments,totalDebt,netDebt,link,finalLink
0,2020-09-26,RBC,2020-11-05,2020-11-05 09:53:39,Q3,487000000,0.0,487000000,0.0,677000000,588000000,1752000000,549000000,1508000000,535000000,2043000000,0.0,0.0,0.0,2592000000,135000000,4479000000,363000000,21000000,0.0,43000000,403000000,830000000,230000000,0.0,0.0,47000000,277000000,0.0,4479000000,0.0,1972000000,-246000000,695000000,2421000000,4479000000,0.0,1070000000,583000000,https://www.sec.gov/Archives/edgar/data/82811/000008281120000132/0000082811-20-000132-index.htm,https://www.sec.gov/Archives/edgar/data/82811/000008281120000132/rbc-20200926.htm
0,2020-06-27,RBC,2020-08-06,2020-08-06 14:38:45,Q2,432200000,0.0,432200000,427200000,679700000,136600000,1675700000,634300000,1498300000,542900000,2041200000,0.0,174900000,56900000,2732400000,62200000,4408100000,342600000,21000000,0.0,45000000,26000000,578400000,1125100000,0.0,174900000,182700000,1510600000,182700000,2089000000,400000.0,1919700000,-590000000,-295000000,2319100000,4408100000,0.0,1125700000,693500000,https://www.sec.gov/Archives/edgar/data/82811/000008281120000104/0000082811-20-000104-index.htm,https://www.sec.gov/Archives/edgar/data/82811/000008281120000104/rbc-2020627x10q.htm
0,2020-03-28,RBC,2020-05-07,2020-05-07 16:32:27,Q1,604500000,1700000.0,606200000,464000000,655300000,108900000,1834400000,641700000,1494000000,552800000,2046800000,0.0,161300000,63000000,2751500000,70300000,4585900000,340300000,21000000,0.0,41000000,41600000,580300000,1364300000,0.0,161300000,179900000,1735000000,179900000,2315300000,400000.0,1903800000,-652200000,-326100000,2270600000,4585900000,1700000.0,1364900000,760400000,https://www.sec.gov/Archives/edgar/data/82811/000008281120000056/0000082811-20-000056-index.htm,https://www.sec.gov/Archives/edgar/data/82811/000008281120000056/rbc-2020328x10q.htm
0,2019-12-28,RBC,2020-02-26,2020-02-26 17:17:15,Q4,331400000,8800000.0,340200000,461400000,678400000,127700000,1607700000,676000000,1501300000,567200000,2068500000,0.0,171900000,78500000,2823000000,84000000,4430700000,337000000,21000000,6900000.0,58000000,15600000,560500000,1136900000,0.0,171900000,181000000,1519100000,181000000,2079600000,400000.0,1886700000,-475600000,-237800000,2351100000,4430700000,8800000.0,1137500000,806100000,https://www.sec.gov/Archives/edgar/data/82811/000008281120000035/0000082811-20-000035-index.htm,https://www.sec.gov/Archives/edgar/data/82811/000008281120000035/rbc-20191228x10k.htm
0,2019-09-28,RBC,2019-11-06,2019-11-06 16:36:51,Q3,293000000,5700000.0,298700000,491700000,725700000,151800000,1667900000,685100000,1496400000,577500000,2073900000,0.0,163000000,51400000,2810400000,54500000,4478300000,362300000,22000000,9200000.0,31000000,23200000,589200000,1200300000,0.0,163000000,196700000,1587800000,196700000,2177000000,400000.0,1870900000,-555600000,-277800000,2301300000,4478300000,5700000.0,1200900000,907900000,https://www.sec.gov/Archives/edgar/data/82811/000008281119000108/0000082811-19-000108-index.htm,https://www.sec.gov/Archives/edgar/data/82811/000008281119000108/rbc-2019928x10q.htm
0,2019-06-29,RBC,2019-08-08,2019-08-08 16:25:24,Q2,291300000,8300000.0,299600000,547800000,765300000,190200000,1802900000,701900000,1506700000,594700000,2101400000,0.0,158800000,54100000,2857400000,90000000,4660300000,416700000,23000000,9700000.0,31000000,30500000,645300000,1222700000,0.0,158800000,203100000,1614000000,203100000,2259300000,400000.0,1882700000,-465600000,-232800000,2401000000,4660300000,8300000.0,1223300000,932000000,https://www.sec.gov/Archives/edgar/data/82811/000008281119000100/0000082811-19-000100-index.htm,https://www.sec.gov/Archives/edgar/data/82811/000008281119000100/rbc-2019629x10q.htm
0,2019-03-30,RBC,2019-05-09,2019-05-09 16:38:13,Q1,264300000,12700000,277000000,545900000,803800000,209800000,1836500000,697600000,1507400000,606100000,2113500000,0.0,155900000,58300000,2869400000,108900000,4705900000,429600000,26000000,9300000.0,35000000,29300000,676500000,1213200000,0.0,155900000,216300000,1614500000,216300000,2291000000,400000.0,1851800000,-447400000,-223700000,2414900000,4705900000,12700000,1215300000,951000000,https://www.sec.gov/Archives/edgar/data/82811/000008281119000036/0000082811-19-000036-index.htm,https://www.sec.gov/Archives/edgar/data/82811/000008281119000036/rbc-2019330x10q.htm
0,2018-12-29,RBC,2019-02-26,2019-02-26 17:08:21,Q4,248600000,6000000.0,254600000,551900000,767200000,244000000,1817700000,615500000,1509200000,625500000,2134700000,0.0,148300000,55900000,2806100000,148700000,4623800000,424800000,0.0,6500000.0,34000000,40300000,683500000,1306600000,0.0,148300000,146900000,1629800000,146900000,2313300000,400000.0,1777900000,-502800000,-251400000,2310500000,4623800000,6000000.0,1307100000,1058500000,https://www.sec.gov/Archives/edgar/data/82811/000008281119000018/0000082811-19-000018-index.htm,https://www.sec.gov/Archives/edgar/data/82811/000008281119000018/rbc-20181229x10k.htm
0,2018-09-29,RBC,2018-11-06,2018-11-06 17:18:55,Q3,184400000,9600000.0,194000000,582900000,791000000,162000000,1729900000,644500000,1524300000,653200000,2177500000,0.0,153900000,49400000,2871400000,51000000,4601300000,415300000,0.0,5700000.0,27000000,22500000,661700000,1278300000,0.0,153900000,147900000,1607100000,147900000,2268800000,400000.0,1742300000,-457800000,-228900000,2332500000,4601300000,9600000.0,1278900000,1094500000,https://www.sec.gov/Archives/edgar/data/82811/000008281118000126/0000082811-18-000126-index.htm,https://www.sec.gov/Archives/edgar/data/82811/000008281118000126/rbc-2018929x10q.htm
0,2018-06-30,RBC,2018-08-08,2018-08-08 17:21:54,Q2,175600000,0.0,175600000,607700000,785300000,0.0,1724300000,0.0,1535100000,676600000,2211700000,0.0,27400000,21100000,2910400000,0.0,4634700000,438600000,0.0,0.0,0.0,13900000,768100000,1235100000,0.0,143800000,49000000,1525900000,13900000,2294000000,400000.0,1704400000,-762200000,0.0,2310000000,2294000000,0.0,1335600000,1160000000,https://www.sec.gov/Archives/edgar/data/82811/000008281118000101/0000082811-18-000101-index.htm,https://www.sec.gov/Archives/edgar/data/82811/000008281118000101/rbc-2018630x10q.htm
0,2018-03-31,RBC,2018-05-10,2018-05-10 14:01:49,Q1,169900000,0.0,169900000,562800000,778300000,0.0,1686100000,0.0,1484500000,659900000,2144400000,0.0,31300000,15600000,2821100000,0.0,4507200000,423500000,0.0,0.0,0.0,3200000.0,713200000,1081500000,0.0,143700000,47300000,1373800000,3200000.0,2087000000,400000.0,1655100000,-756600000,0.0,2389100000,2087000000,0.0,1182300000,1012400000,https://www.sec.gov/Archives/edgar/data/82811/000008281118000036/0000082811-18-000036-index.htm,https://www.sec.gov/Archives/edgar/data/82811/000008281118000036/rbc-2018331x10q.htm
0,2017-12-30,RBC,2018-02-27,2018-02-27 15:58:41,Q4,139600000,11700000,151300000,506300000,757100000,159700000,1574400000,623000000,1477100000,670500000,2147600000,0.0,135300000,43200000,2813800000,58100000,4388200000,384300000,0.0,6700000.0,28000000,19600000,712000000,1039900000,0.0,135300000,146300000,1350700000,146300000,2062700000,400000.0,1611600000,-328000000,-164000000,2325500000,4388200000,11700000,1141100000,1001500000,https://www.sec.gov/Archives/edgar/data/82811/000008281118000011/0000082811-18-000011-index.htm,https://www.sec.gov/Archives/edgar/data/82811/000008281118000011/rbc-20171230x10k.htm
0,2017-09-30,RBC,2017-11-06,2017-11-06 17:29:00,Q3,186600000,0.0,186600000,527300000,734900000,0.0,1630200000,0.0,1475200000,682400000,2157600000,0.0,28700000,13800000,2833800000,0.0,4464000000,417200000,0.0,0.0,0.0,9100000.0,734900000,1113800000,0.0,158600000,50900000,1426700000,9100000.0,2161600000,400000.0,1571500000,-719200000,0.0,2269100000,2161600000,0.0,1214400000,1027800000,https://www.sec.gov/Archives/edgar/data/82811/000008281117000119/0000082811-17-000119-index.htm,https://www.sec.gov/Archives/edgar/data/82811/000008281117000119/rbc-2017930x10q.htm
0,2017-07-01,RBC,2017-08-08,2017-08-08 15:14:55,Q2,243700000,7000000.0,250700000,544500000,698200000,149700000,1643100000,637300000,1469000000,692300000,2161300000,0.0,142400000,41300000,2839900000,49600000,4483000000,406500000,0.0,10200000,27000000,26100000,732800000,1199500000,0.0,142400000,159500000,1544400000,159500000,2277200000,400000.0,1525000000,-420800000,-210400000,2205800000,4483000000,7000000.0,1300200000,1056500000,https://www.sec.gov/Archives/edgar/data/82811/000008281117000106/0000082811-17-000106-index.htm,https://www.sec.gov/Archives/edgar/data/82811/000008281117000106/rbc-201771x10q.htm
0,2017-04-01,RBC,2017-05-11,2017-05-11 13:01:29,Q1,262300000,7400000.0,269700000,509000000,687900000,148800000,1615400000,633200000,1457400000,699500000,2156900000,0.0,127500000,38900000,2829000000,47900000,4444400000,393800000,0.0,10000000,24000000,36800000,714000000,1269100000,0.0,127500000,160000000,1597800000,160000000,2311800000,400000.0,1487500000,-524200000,-262100000,2132600000,4444400000,7400000.0,1369500000,1107200000,https://www.sec.gov/Archives/edgar/data/82811/000008281117000046/0000082811-17-000046-index.htm,https://www.sec.gov/Archives/edgar/data/82811/000008281117000046/rbc-201741x10q.htm
0,2017-01-07,RBC,2017-03-01,2017-03-01 15:37:23,Q4,284000000,0.0,284000000,0.0,660000000,588000000,1532000000,627000000,1453000000,711000000,2164000000,0.0,0.0,0.0,2791000000,35000000,4358000000,334000000,0.0,0.0,22000000,345000000,701000000,137000000,0.0,0.0,46000000,183000000,0.0,4358000000,0.0,1452000000,-318000000,904000000,2038000000,4358000000,0.0,1410000000,1126000000,https://www.sec.gov/Archives/edgar/data/82811/000008281117000017/0000082811-17-000017-index.htm,https://www.sec.gov/Archives/edgar/data/82811/000008281117000017/rbc-20161231x10k.htm
0,2016-12-31,RBC,2017-03-01 00:00:00,2017-03-01 15:37:23,Q4,284500000,0.0,284500000,462200000,660800000,0.0,1532000000,0.0,1453200000,711700000,2164900000,0.0,22400000,11700000,2826500000,0.0,4358500000,334200000,0.0,0.0,0.0,49000000,701600000,1310900000,0.0,97700000,46000000,1578700000,49000000,2280300000,400000.0,1452000000,-659500000,0.0,2038800000,2280300000,0.0,1411500000,1127000000,https://www.sec.gov/Archives/edgar/data/82811/000008281117000017/0000082811-17-000017-index.html,https://www.sec.gov/Archives/edgar/data/82811/000008281117000017/rbc-20161231x10k.htm
0,2016-10-01,RBC,2016-11-10,2016-11-10 15:24:00,Q3,281600000,2100000.0,283700000,501000000,685600000,127600000,1597900000,645000000,1466000000,734100000,2200100000,0.0,102100000,34100000,2879200000,36100000,4477100000,343600000,0.0,8400000.0,20000000,49000000,699900000,1409700000,0.0,102100000,163100000,1714400000,163100000,2414300000,400000.0,1417200000,-512800000,-256400000,2062800000,4477100000,2100000.0,1510500000,1228900000,https://www.sec.gov/Archives/edgar/data/82811/000008281116000208/0000082811-16-000208-index.htm,https://www.sec.gov/Archives/edgar/data/82811/000008281116000208/rbc-2016101x10q.htm
0,2016-07-02,RBC,2016-08-11,2016-08-11 13:02:46,Q2,271500000,2400000.0,273900000,522500000,711400000,129000000,1636800000,654300000,1466000000,749100000,2215100000,0.0,105800000,34400000,2903800000,37000000,4540600000,341400000,0.0,8600000.0,21000000,46500000,599800000,1610500000,0.0,105800000,174600000,1928800000,174600000,2528600000,400000.0,1368400000,-511600000,-255800000,2012000000,4540600000,2400000.0,1614100000,1342600000,https://www.sec.gov/Archives/edgar/data/82811/000008281116000196/0000082811-16-000196-index.htm,https://www.sec.gov/Archives/edgar/data/82811/000008281116000196/rbc-201672x10q.htm
0,2016-04-02,RBC,2016-05-12,2016-05-12 15:50:27,Q1,249100000,3900000.0,253000000,498100000,756800000,141600000,1649500000,673400000,1472400000,768000000,2240400000,0.0,106400000,36900000,2950700000,38400000,4600200000,338500000,0.0,8800000.0,21000000,44400000,581900000,1699300000,0.0,106400000,176400000,2019400000,176400000,2601300000,400000.0,1322500000,-442600000,-221300000,1998900000,4600200000,3900000.0,1705400000,1456300000,https://www.sec.gov/Archives/edgar/data/82811/000008281116000147/0000082811-16-000147-index.htm,https://www.sec.gov/Archives/edgar/data/82811/000008281116000147/rbc-201642x10q.htm
0,2016-01-02,RBC,2016-03-02,2016-03-02 16:55:40,Q4,252900000,5800000.0,258700000,462000000,775000000,139500000,1635200000,678500000,1465600000,777800000,2243400000,0.0,100900000,34600000,2956500000,35200000,4591700000,336200000,0.0,8300000.0,18000000,55000000,612800000,1715600000,0.0,100900000,179600000,2041600000,179600000,2654400000,400000.0,1291100000,-510000000,-255000000,1937300000,4591700000,5800000.0,1721900000,1469000000,https://www.sec.gov/Archives/edgar/data/82811/000008281116000124/0000082811-16-000124-index.htm,https://www.sec.gov/Archives/edgar/data/82811/000008281116000124/rbc-201612x10k.htm
0,2015-10-03,RBC,2015-11-12,2015-11-12 16:11:44,Q3,254600000,5800000.0,260400000,551000000,745800000,228100000,1785300000,694800000,1564000000,804900000,2368900000,0.0,223600000,29400000,3093100000,128600000,4878400000,353300000,0.0,4700000.0,98000000,57900000,680400000,1764700000,0.0,223600000,179200000,2213000000,179200000,2893400000,400000.0,1320700000,-466400000,-233200000,1985000000,4878400000,5800000.0,1813700000,1559100000,https://www.sec.gov/Archives/edgar/data/82811/000008281115000112/0000082811-15-000112-index.htm,https://www.sec.gov/Archives/edgar/data/82811/000008281115000112/rbc-20151003x10q.htm
0,2015-07-04,RBC,2015-08-13,2015-08-13 15:51:51,Q2,247600000,5100000.0,252700000,580300000,768600000,219100000,1820700000,710000000,1569000000,822700000,2391700000,0.0,221600000,42600000,3144300000,133700000,4965000000,382900000,0.0,4700000.0,90000000,40100000,712700000,1817400000,0.0,221600000,175500000,2260300000,175500000,2973000000,400000.0,1267900000,-362800000,-181400000,1992000000,4965000000,5100000.0,1893000000,1645400000,https://www.sec.gov/Archives/edgar/data/82811/000008281115000105/0000082811-15-000105-index.htm,https://www.sec.gov/Archives/edgar/data/82811/000008281115000105/rbc-2015704x10q.htm
0,2015-04-04,RBC,2015-05-14,2015-05-14 16:49:03,Q1,229700000,5100000.0,234800000,582500000,784100000,199200000,1800600000,714800000,1561100000,856500000,2417600000,0.0,205900000,34500000,3166900000,111700000,4967500000,390200000,0.0,6200000.0,76000000,36400000,721300000,1875600000,0.0,205900000,174900000,2300700000,174900000,3022000000,400000.0,1215500000,-344200000,-172100000,1945500000,4967500000,5100000.0,1946900000,1717200000,https://www.sec.gov/Archives/edgar/data/82811/000008281115000045/0000082811-15-000045-index.htm,https://www.sec.gov/Archives/edgar/data/82811/000008281115000045/rbc-2015404x10q.htm
0,2015-01-03,RBC,2015-03-04,2015-03-04 17:08:39,Q4,334100000,3900000.0,338000000,447500000,691700000,107300000,1584500000,531500000,1004000000,202300000,1206300000,0.0,66900000,34900000,1772700000,34900000,3357200000,312200000,0.0,5800000.0,67000000,39500000,560700000,624700000,0.0,116000000,125600000,862100000,125600000,1422800000,400000.0,1188900000,-302000000,-151000000,1934400000,3357200000,3900000.0,632500000,298400000,https://www.sec.gov/Archives/edgar/data/82811/000008281115000014/0000082811-15-000014-index.htm,https://www.sec.gov/Archives/edgar/data/82811/000008281115000014/rbc-201513x10k.htm
0,2014-09-27,RBC,2014-11-06,2014-11-06 17:18:18,Q3,327300000,4700000.0,332000000,545700000,681700000,159300000,1718700000,572000000,1126300000,234900000,1361200000,0.0,144900000,19500000,1952700000,67200000,3671400000,347900000,0.0,3400000.0,47000000,17600000,592600000,668600000,0.0,144900000,88600000,947700000,88600000,1540300000,400000.0,1318100000,-154600000,-77300000,2131100000,3671400000,4700000.0,676900000,349600000,https://www.sec.gov/Archives/edgar/data/82811/000008281114000112/0000082811-14-000112-index.htm,https://www.sec.gov/Archives/edgar/data/82811/000008281114000112/rbc-2014927x10q.htm
0,2014-06-28,RBC,2014-08-07,2014-08-07 14:25:53,Q2,445300000,7300000.0,452600000,565200000,659400000,164400000,1841600000,580000000,1121400000,233700000,1355100000,0.0,145200000,22700000,1957800000,69700000,3799400000,364500000,0.0,4000000.0,45000000,17200000,761900000,608800000,0.0,145200000,89100000,891500000,89100000,1653400000,500000.0,1280400000,-114800000,-57400000,2146000000,3799400000,7300000.0,767000000,321700000,https://www.sec.gov/Archives/edgar/data/82811/000008281114000099/0000082811-14-000099-index.htm,https://www.sec.gov/Archives/edgar/data/82811/000008281114000099/rbc-2014628x10q.htm
0,2014-03-29,RBC,2014-05-08,2014-05-08 12:07:54,Q1,406400000,6600000.0,413000000,543800000,646000000,155500000,1758300000,582700000,1123400000,242200000,1365600000,0.0,142500000,19900000,1968200000,70000000,3726500000,361200000,0.0,3500000.0,50000000,25200000,754400000,608900000,0.0,142500000,89200000,887400000,89200000,1641800000,500000.0,1234200000,-139600000,-69800000,2084700000,3726500000,6600000.0,767800000,361400000,https://www.sec.gov/Archives/edgar/data/82811/000008281114000044/0000082811-14-000044-index.htm,https://www.sec.gov/Archives/edgar/data/82811/000008281114000044/rbc-2014329x10q.htm
0,2013-12-28,RBC,2014-02-26,2014-02-26 16:20:39,Q4,466000000,9100000.0,475100000,463800000,618700000,168300000,1725900000,573400000,1081900000,244200000,1326100000,0.0,140300000,18100000,1917600000,68900000,3643500000,304600000,0.0,4400000.0,46000000,20300000,700900000,609000000,0.0,140300000,90900000,886400000,90900000,1587300000,500000.0,1199400000,-119600000,-59800000,2056200000,3643500000,9100000.0,767400000,301400000,https://www.sec.gov/Archives/edgar/data/82811/000008281114000017/0000082811-14-000017-index.htm,https://www.sec.gov/Archives/edgar/data/82811/000008281114000017/rbc-20131228x10k.htm
0,2013-09-28,RBC,2013-11-05,2013-11-05 15:04:09,Q3,462700000,7300000.0,470000000,481900000,606100000,159500000,1717500000,702900000,1143900000,129300000,1273200000,0.0,124300000,15700000,1991800000,67000000,3709300000,319300000,0.0,4500000.0,48000000,24700000,720100000,609100000,0.0,124300000,139600000,918800000,139600000,1638900000,500000.0,1241600000,-169400000,-84700000,2070400000,3709300000,7300000.0,768700000,306000000,https://www.sec.gov/Archives/edgar/data/82811/000008281113000105/0000082811-13-000105-index.htm,https://www.sec.gov/Archives/edgar/data/82811/000008281113000105/rbc-2013928x10q.htm
0,2013-06-29,RBC,2013-08-07,2013-08-07 15:27:45,Q2,414400000,12200000,426600000,512300000,581700000,154800000,1675400000,698300000,1142700000,139300000,1282000000,0.0,131000000,12400000,1992700000,66300000,3668100000,334700000,0.0,4600000.0,53000000,31100000,581500000,757500000,0.0,131000000,144000000,1078300000,144000000,1659800000,400000.0,1198000000,-200400000,-100200000,2008300000,3668100000,12200000,768600000,354200000,https://www.sec.gov/Archives/edgar/data/82811/000008281113000093/0000082811-13-000093-index.htm,https://www.sec.gov/Archives/edgar/data/82811/000008281113000093/rbc-2013629x10q.htm
0,2013-03-30,RBC,2013-05-09,2013-05-09 10:57:42,Q1,411900000,14200000,426100000,509300000,573100000,144200000,1652700000,708300000,1153400000,151500000,1304900000,0.0,130000000,12500000,2025700000,58100000,3678400000,328000000,0.0,0.0,45000000,17600000,601400000,754500000,0.0,130000000,149600000,1078000000,149600000,1679400000,400000.0,1156000000,-129400000,-64700000,1999000000,3678400000,14200000,822200000,410300000,https://www.sec.gov/Archives/edgar/data/82811/000008281113000059/0000082811-13-000059-index.htm,https://www.sec.gov/Archives/edgar/data/82811/000008281113000059/rbc-2013330x10q.htm
0,2012-12-29,RBC,2013-02-27,2013-02-27 14:51:43,Q4,375300000,7400000.0,382700000,446000000,557000000,154200000,1539900000,573100000,1151000000,293200000,1444200000,0.0,132000000,11900000,2029200000,64200000,3569100000,251800000,0.0,5700000.0,48000000,14800000,533900000,754700000,0.0,132000000,152000000,1081800000,152000000,1615700000,400000.0,1115000000,-130600000,-65300000,1953400000,3569100000,7400000.0,818500000,443200000,https://www.sec.gov/Archives/edgar/data/82811/000008281113000008/0000082811-13-000008-index.htm,https://www.sec.gov/Archives/edgar/data/82811/000008281113000008/rbc-20121229x10k.htm
0,2012-09-29,RBC,2012-11-07,2012-11-07 15:33:17,Q3,185800000,0.0,185800000,466500000,594900000,151400000,1398600000,696900000,1144900000,172400000,1317300000,0.0,131300000,10900000,2025100000,53800000,3423700000,292700000,0.0,5800000.0,42000000,14000000,602900000,781700000,0.0,131300000,130900000,1085700000,130900000,1688600000,400000.0,1093700000,-113200000,-56600000,1735100000,3423700000,18500000,865500000,679700000,https://www.sec.gov/Archives/edgar/data/82811/000008281112000030/0000082811-12-000030-index.htm,https://www.sec.gov/Archives/edgar/data/82811/000008281112000030/rbc-2012929x10q.htm
0,2012-06-30,RBC,2012-08-07,2012-08-07 17:14:00,Q2,190900000,0.0,190900000,525000000,583900000,0.0,1437300000,0.0,1139000000,312300000,1451300000,0.0,0.0,9800000.0,2026200000,0.0,3463500000,341700000,0.0,0.0,0.0,13500000,616800000,899800000,0.0,111200000,40300000,1155900000,13500000,1772700000,400000.0,1047200000,-434100000,0.0,1647900000,1772700000,0.0,910900000,720000000,https://www.sec.gov/Archives/edgar/data/82811/000008281112000021/0000082811-12-000021-index.htm,https://www.sec.gov/Archives/edgar/data/82811/000008281112000021/rbc-2012630x10q.htm
0,2012-03-31,RBC,2012-05-10,2012-05-10 14:40:06,Q1,164200000,0.0,164200000,508700000,590600000,0.0,1409300000,0.0,1147200000,323300000,1470500000,0.0,0.0,15600000,2058200000,0.0,3467500000,308400000,0.0,0.0,0.0,14400000,552300000,971000000,0.0,115500000,38900000,1229600000,14400000,1781900000,400000.0,992500000,-418300000,0.0,1643400000,1781900000,0.0,986200000,822000000,https://www.sec.gov/Archives/edgar/data/82811/000119312512225048/0001193125-12-225048-index.htm,https://www.sec.gov/Archives/edgar/data/82811/000119312512225048/d335788d10q.htm
0,2011-12-31,RBC,2012-02-29,2012-02-29 15:55:13,Q4,142627000,0.0,142627000,424185000,575785000,142627000,1291121000,0.0,1117549000,316333000,1433882000,0.0,0.0,7531000.0,1975394000,142627000,3266515000,249400000,0.0,0.0,0.0,26073000,524496000,909159000,0.0,100160000,40645000,1165620000,26073000,1690116000,416000.0,951280000,-396619000,0.0,1535931000,1690116000,0.0,919189000,776562000,https://www.sec.gov/Archives/edgar/data/82811/000119312512089005/0001193125-12-089005-index.htm,https://www.sec.gov/Archives/edgar/data/82811/000119312512089005/d276164d10k.htm
0,2011-10-01,RBC,2011-11-10,2011-11-10 16:55:46,Q3,124400000,0.0,124400000,498700000,626900000,136600000,1386600000,671500000,1135700000,167400000,1303100000,0.0,104000000,11400000,1986100000,70800000,3372700000,308900000,0.0,5300000.0,59412000,7500000.0,595900000,955100000,0.0,104002000,160100000,1259300000,160100000,1855200000,400000.0,925300000,-192600000,-96300000,1517400000,3372700000,0.0,968400000,844000000,https://www.sec.gov/Archives/edgar/data/82811/000119312511307111/0001193125-11-307111-index.htm,https://www.sec.gov/Archives/edgar/data/82811/000119312511307111/d239964d10q.htm
0,2011-07-02,RBC,2011-08-11,2011-08-11 16:13:47,Q2,275300000,0.0,275300000,410600000,436400000,117400000,1239700000,491900000,793700000,106100000,899800000,0.0,98700000,15100000,1406800000,44700000,2646500000,279300000,0.0,5500000.0,29608000,7000000.0,490500000,428000000,0.0,98704000,148800000,714000000,148800000,1204500000,400000.0,887100000,22600000,11300000,1442000000,2646500000,0.0,442300000,167000000,https://www.sec.gov/Archives/edgar/data/82811/000095012311076155/0000950123-11-076155-index.htm,https://www.sec.gov/Archives/edgar/data/82811/000095012311076155/c65324e10vq.htm
0,2011-04-02,RBC,2011-05-11,2011-05-11 16:43:03,Q1,259500000,0.0,259500000,393400000,401200000,113300000,1167400000,474200000,776700000,110500000,887200000,0.0,94600000,15300000,1376700000,42500000,2544100000,262300000,0.0,0.0,27188000,6600000.0,453400000,430800000,0.0,94649000,120900000,682900000,120900000,1136300000,400000.0,859700000,18600000,9300000.0,1407800000,2544100000,0.0,450000000,190500000,https://www.sec.gov/Archives/edgar/data/82811/000095012311048918/0000950123-11-048918-index.htm,https://www.sec.gov/Archives/edgar/data/82811/000095012311048918/c16112e10vq.htm
0,2011-01-01,RBC,2011-03-02,2011-03-02 17:00:10,Q4,174500000,56300000,230900000,331000000,390600000,135600000,1088100000,457000000,775400000,114900000,890300000,0.0,92900000,13800000,1361000000,38700000,2449100000,231700000,0.0,0.0,24924000,6900000.0,399300000,428300000,0.0,92858000,131500000,687900000,131500000,1087200000,400000.0,827500000,-3400000.0,-1700000.0,1362000000,2449100000,56300000,436900000,262400000,https://www.sec.gov/Archives/edgar/data/82811/000095012311021291/0000950123-11-021291-index.htm,https://www.sec.gov/Archives/edgar/data/82811/000095012311021291/c11957e10vk.htm
0,2010-10-02,RBC,2010-11-10,2010-11-10 16:15:27,Q3,134100000,194100000,328200000,353200000,340600000,99500000,1121500000,395100000,711200000,104900000,816100000,0.0,73600000,14900000,1226100000,41700000,2347600000,230400000,0.0,0.0,26815000,6600000.0,396100000,425900000,0.0,73602000,103700000,625300000,103700000,1021400000,400000.0,808800000,-33600000,-16800000,1326200000,2347600000,194100000,432900000,298800000,https://www.sec.gov/Archives/edgar/data/82811/000095012310103907/0000950123-10-103907-index.htm,https://www.sec.gov/Archives/edgar/data/82811/000095012310103907/c60876e10vq.htm
0,2010-08-06,RBC,2010-08-06,2010-08-06 16:45:50,Q2,152502000,174577000,327079000,0.0,308324000,429009000,1064412000,352981000,686348000,116224000,802572000,0.0,0.0,0.0,1155553000,6423000.0,2226388000,223242000,0.0,0.0,35764000,123269000,382275000,90078000,0.0,0.0,14195000,104273000,0.0,2226388000,386000.0,770694000,-66350000,530694000,1235424000,2226388000,174577000,428093000,275591000,https://www.sec.gov/Archives/edgar/data/82811/000008281110000037/0000082811-10-000037-index.htm,https://www.sec.gov/Archives/edgar/data/82811/000008281110000037/rbc10q2ndqtr.htm
0,2010-07-03,RBC,2010-08-06 00:00:00,2010-08-06 16:45:50,Q2,152500000,174600000,327100000,337100000,308300000,91900000,1064400000,386400000,686300000,82800000,769100000,0.0,67600000,6400000.0,1162000000,42200000,2226400000,223200000,0.0,0.0,0.0,6600000.0,382300000,426600000,0.0,67645000,97200000,608700000,97200000,991000000,400000.0,770700000,-132800000,-66400000,1235400000,2226400000,174600000,428100000,275600000,https://www.sec.gov/Archives/edgar/data/82811/000008281110000037/0000082811-10-000037-index.html,https://www.sec.gov/Archives/edgar/data/82811/000008281110000037/rbc10q2ndqtr.htm
0,2010-05-11,RBC,2010-05-12,2010-05-11 17:32:22,Q1,258142000,147053000,405195000,0.0,274110000,368108000,1047413000,343456000,667725000,111916000,779641000,0.0,0.0,0.0,1123097000,11867000,2182377000,185260000,0.0,0.0,24844000,157909000,368013000,77909000,0.0,0.0,14580000,92489000,0.0,2182377000,375000.0,735530000,-35241000,515532000,1216196000,2182377000,147053000,471881000,213739000,https://www.sec.gov/Archives/edgar/data/82811/000008281110000028/0000082811-10-000028-index.htm,https://www.sec.gov/Archives/edgar/data/82811/000008281110000028/rbc1qtr10q.htm
0,2010-04-03,RBC,2010-05-12 00:00:00,2010-05-11 17:32:22,Q1,258100000,147100000,405200000,290800000,274100000,77300000,1047400000,376800000,667700000,78600000,746300000,0.0,71500000,11900000,1135000000,36700000,2182400000,185300000,0.0,0.0,0.0,6000000.0,368000000,426000000,0.0,0.0,86300000,598200000,86300000,966200000,400000.0,735500000,-70400000,-35200000,1216200000,2182400000,147100000,471900000,213800000,https://www.sec.gov/Archives/edgar/data/82811/000008281110000028/0000082811-10-000028-index.html,https://www.sec.gov/Archives/edgar/data/82811/000008281110000028/rbc1qtr10q.htm
0,2010-03-01,RBC,2010-03-02,2010-03-02 16:53:49,Q4,262422000,117553000,379975000,0.0,268839000,330562000,979376000,653776000,663920000,116426000,780346000,0.0,0.0,0.0,1434122000,0.0,2112237000,161902000,0.0,0.0,30673000,116491000,309066000,76612000,0.0,0.0,12082000,88694000,0.0,2112237000,374000.0,703765000,-48597000,512282000,1167824000,2112237000,117553000,476450000,214028000,https://www.sec.gov/Archives/edgar/data/82811/000008281110000009/0000082811-10-000009-index.htm,https://www.sec.gov/Archives/edgar/data/82811/000008281110000009/rbc10k4thqtr2009.htm
0,2010-01-02,RBC,2010-03-02 00:00:00,2010-03-02 16:53:49,Q4,262400000,117600000,380000000,240700000,268800000,89900000,979400000,376300000,663900000,83200000,747100000,0.0,72400000,9400000.0,1132800000,40100000,2112200000,161900000,0.0,0.0,0.0,6000000.0,309100000,468100000,0.0,0.0,82600000,635300000,82600000,944400000,400000.0,703800000,-97200000,-48600000,1167800000,2112200000,117600000,476500000,214100000,https://www.sec.gov/Archives/edgar/data/82811/000008281110000009/0000082811-10-000009-index.html,https://www.sec.gov/Archives/edgar/data/82811/000008281110000009/rbc10k4thqtr2009.htm
0,2009-11-04,RBC,2009-11-04,2009-11-04 16:37:25,Q3,354311000,0.0,354311000,0.0,259863000,400242000,1014416000,644884000,669441000,121675000,791116000,0.0,0.0,0.0,1436000000,0.0,2161026000,175278000,0.0,0.0,40865000,174275000,390418000,83913000,0.0,0.0,7898000.0,91811000,0.0,2161026000,367000.0,675087000,-60142000,494829000,1110141000,2161026000,0.0,530564000,176253000,https://www.sec.gov/Archives/edgar/data/82811/000008281109000028/0000082811-09-000028-index.htm,https://www.sec.gov/Archives/edgar/data/82811/000008281109000028/rbc3rdqtr10q.htm
0,2009-09-26,RBC,2009-11-04 00:00:00,2009-11-04 16:37:25,Q3,354300000,0.0,354300000,277000000,259900000,123200000,1014400000,378200000,669400000,88600000,758000000,0.0,88800000,10300000,1146600000,51200000,2161000000,175300000,57300000,0.0,0.0,17300000,390400000,473300000,0.0,0.0,82500000,660500000,82500000,1050900000,400000.0,675100000,-120200000,-60100000,1110100000,2161000000,0.0,530600000,176300000,https://www.sec.gov/Archives/edgar/data/82811/000008281109000028/0000082811-09-000028-index.html,https://www.sec.gov/Archives/edgar/data/82811/000008281109000028/rbc3rdqtr10q.htm
0,2009-08-06,RBC,2009-08-06,2009-11-04 16:37:25,Q2,290549000,0.0,290549000,0.0,269216000,408029000,967794000,639273000,671377000,122564000,793941000,0.0,0.0,0.0,1433214000,0.0,2124577000,161653000,0.0,0.0,46405000,110081000,318139000,73292000,0.0,0.0,11758000,85050000,0.0,2124577000,0.0,649751000,-74949000,490307000,1065109000,2124577000,0.0,553102000,262553000,https://www.sec.gov/Archives/edgar/data/82811/000008281109000018/0000082811-09-000018-index.htm,https://www.sec.gov/Archives/edgar/data/82811/000008281109000018/form10q.htm
0,2009-06-27,RBC,2009-08-06 00:00:00,2009-08-06 16:57:58,Q2,290500000,0.0,290500000,285900000,269200000,122200000,967800000,384100000,671400000,89700000,761100000,0.0,85100000,11600000,1156800000,58000000,2124600000,161700000,5000000.0,0.0,0.0,22100000,318100000,548100000,0.0,0.0,92800000,741400000,92800000,1059500000,400000.0,649800000,-149800000,-74900000,1065100000,2124600000,0.0,553100000,262600000,https://www.sec.gov/Archives/edgar/data/82811/000008281109000018/0000082811-09-000018-index.html,https://www.sec.gov/Archives/edgar/data/82811/000008281109000018/form10q.htm
0,2009-03-28,RBC,2009-05-07,2009-05-07 16:42:49,Q1,82100000,0.0,82100000,272700000,327300000,137500000,819600000,379500000,667900000,92100000,760000000,0.0,71300000,10900000,1150300000,68800000,1969900000,153000000,7000000.0,0.0,57883000,51800000,333500000,580300000,0.0,0.0,111700000,777500000,111700000,1111000000,300000.0,639000000,-237000000,-118500000,858900000,1969900000,0.0,587300000,505200000,https://www.sec.gov/Archives/edgar/data/82811/000008281109000013/0000082811-09-000013-index.htm,https://www.sec.gov/Archives/edgar/data/82811/000008281109000013/form10q.htm
0,2008-12-27,RBC,2009-02-25,2009-02-25 16:07:29,Q4,65300000,0.0,65300000,294300000,359900000,141800000,861300000,383800000,672500000,95300000,767800000,0.0,72100000,10600000,1162200000,85800000,2023500000,202500000,0.0,0.0,75174000,85600000,431000000,560100000,0.0,0.0,122600000,766500000,122600000,1197500000,300000.0,631300000,-284800000,-142400000,826000000,2023500000,0.0,575400000,510100000,https://www.sec.gov/Archives/edgar/data/82811/000008281109000004/0000082811-09-000004-index.htm,https://www.sec.gov/Archives/edgar/data/82811/000008281109000004/form10k.htm
0,2008-09-27,RBC,2008-11-05,2008-11-05 15:33:20,Q3,113700000,0.0,113700000,394000000,330300000,67600000,905600000,397500000,648000000,93200000,741200000,0.0,82300000,8200000.0,1146900000,45500000,2052500000,252800000,0.0,0.0,37317000,5000000.0,428200000,554100000,0.0,0.0,54300000,704700000,54300000,1132900000,300000.0,627700000,-60800000,-30400000,919600000,2052500000,0.0,571200000,457500000,https://www.sec.gov/Archives/edgar/data/82811/000008281108000025/0000082811-08-000025-index.htm,https://www.sec.gov/Archives/edgar/data/82811/000008281108000025/form10q.htm
0,2008-07-31,RBC,2008-08-01,2008-08-01 16:43:13,Q2,87710000,0.0,87710000,0.0,308462000,470014000,866186000,639424000,637451000,124716000,762167000,0.0,0.0,0.0,1401591000,0.0,2267777000,242339000,0.0,0.0,25360000,126841000,394540000,62521000,0.0,0.0,41474000,103995000,0.0,0.0,0.0,595559000,9197000.0,320202000,924958000,2267777000,0.0,568193000,480483000,https://www.sec.gov/Archives/edgar/data/82811/000008281108000019/0000082811-08-000019-index.htm,https://www.sec.gov/Archives/edgar/data/82811/000008281108000019/form10q.htm
0,2008-06-28,RBC,2008-08-01 00:00:00,2008-08-01 16:43:13,Q2,87700000,0.0,87700000,394300000,308500000,75700000,866200000,402200000,637500000,98700000,736200000,0.0,80600000,13800000,1152100000,39200000,2018300000,242300000,0.0,0.0,0.0,5000000.0,394500000,541100000,0.0,0.0,63900000,698900000,63900000,1093400000,300000.0,595600000,18400000,9200000.0,925000000,2018300000,0.0,568200000,480500000,https://www.sec.gov/Archives/edgar/data/82811/000008281108000019/0000082811-08-000019-index.html,https://www.sec.gov/Archives/edgar/data/82811/000008281108000019/form10q.htm
0,2008-03-29,RBC,2008-05-08,2008-05-08 14:30:33,Q1,50500000,0.0,50500000,345400000,307300000,66300000,769500000,384700000,638300000,99700000,738000000,0.0,70200000,15500000,1138200000,34200000,1907700000,202500000,0.0,0.0,18664000,4700000.0,319100000,550700000,0.0,0.0,61200000,693700000,61200000,1012800000,300000.0,562400000,27800000,13900000,894900000,1907700000,0.0,555900000,505400000,https://www.sec.gov/Archives/edgar/data/82811/000008281108000011/0000082811-08-000011-index.htm,https://www.sec.gov/Archives/edgar/data/82811/000008281108000011/form10q.htm
0,2007-12-29,RBC,2008-02-27,2008-02-27 16:48:01,Q4,42600000,0.0,42600000,297600000,318200000,70100000,728500000,366800000,654300000,102000000,756300000,0.0,75100000,10700000,1133700000,45200000,1862200000,183200000,0.0,0.0,34522000,10800000,311900000,558900000,0.0,0.0,47800000,692300000,47800000,1004200000,300000.0,535300000,4400000.0,2200000.0,858000000,1862200000,0.0,564300000,521700000,https://www.sec.gov/Archives/edgar/data/82811/000008281108000005/0000082811-08-000005-index.htm,https://www.sec.gov/Archives/edgar/data/82811/000008281108000005/form10k.htm
0,2007-09-29,RBC,2007-11-06,2007-11-06 11:48:57,Q3,55600000,0.0,55600000,297200000,285800000,58100000,696700000,326600000,636100000,103000000,739100000,0.0,75100000,14500000,1080100000,41000000,1776800000,175300000,0.0,4278000.0,75071000,9000000.0,311000000,497300000,0.0,0.0,35200000,619700000,35200000,930700000,300000.0,516000000,21600000,10800000,846100000,1776800000,0.0,505800000,450200000,https://www.sec.gov/Archives/edgar/data/82811/000008281107000060/0000082811-07-000060-index.htm,https://www.sec.gov/Archives/edgar/data/82811/000008281107000060/form10q.htm
0,2007-07-31,RBC,2007-08-02,2007-08-02 11:24:17,Q2,53136000,0.0,53136000,0.0,235848000,325833000,614817000,505982000,546251000,40156000,586407000,0.0,0.0,0.0,1092389000,0.0,1486036000,133592000,0.0,9252000.0,70447000,57472000,261511000,41166000,0.0,0.0,10567000,51733000,0.0,1486036000,0.0,489429000,7551000.0,318072000,815052000,1486036000,0.0,300647000,247511000,https://www.sec.gov/Archives/edgar/data/82811/000008281107000048/0000082811-07-000048-index.htm,https://www.sec.gov/Archives/edgar/data/82811/000008281107000048/form10q.htm
0,2007-06-30,RBC,2007-08-02 00:00:00,2007-08-02 11:24:17,Q2,53136000,0.0,53136000,272022000,235848000,0.0,614817000,0.0,546251000,40156000,586407000,0.0,0.0,10734000,871219000,0.0,1486036000,133592000,0.0,0.0,0.0,13937000,261511000,292103000,0.0,70447000,35639000,398189000,13937000,659700000,321000.0,489429000,-231904000,0.0,815052000,659700000,0.0,310297000,257161000,https://www.sec.gov/Archives/edgar/data/82811/000008281107000048/0000082811-07-000048-index.html,https://www.sec.gov/Archives/edgar/data/82811/000008281107000048/form10q.htm
0,2007-05-04,RBC,2007-05-04,2007-08-02 11:24:17,Q1,43086000,0.0,43086000,0.0,269488000,303148000,615722000,495527000,546187000,41803000,587990000,0.0,0.0,0.0,1083517000,0.0,1485843000,120377000,49125000,0.0,66732000,38738000,274972000,38369000,0.0,0.0,10959000,49328000,0.0,1485843000,0.0,457860000,739000.0,316231000,774830000,1485843000,0.0,382224000,339138000,https://www.sec.gov/Archives/edgar/data/82811/000008281107000033/0000082811-07-000033-index.htm,https://www.sec.gov/Archives/edgar/data/82811/000008281107000033/form10-q.htm
0,2007-03-31,RBC,2007-05-04 00:00:00,2007-05-04 16:01:47,Q1,43086000,0.0,43086000,261322000,269488000,0.0,615722000,0.0,546187000,41803000,587990000,0.0,0.0,9107000.0,870121000,0.0,1485843000,120377000,0.0,0.0,0.0,4365000.0,274972000,323542000,0.0,66732000,35250000,425524000,4365000.0,700496000,319000.0,457860000,-222503000,0.0,774830000,700496000,0.0,382224000,339138000,https://www.sec.gov/Archives/edgar/data/82811/000008281107000033/0000082811-07-000033-index.html,https://www.sec.gov/Archives/edgar/data/82811/000008281107000033/form10-q.htm
0,2007-02-28,RBC,2007-02-28,2007-05-04 16:01:47,Q4,36520000,0.0,36520000,218036000,275138000,39474000,569168000,484499000,546152000,43257000,589409000,0.0,0.0,0.0,1073908000,0.0,1437559000,108050000,49000000,380000.0,65937000,35934000,258921000,45578000,0.0,0.0,5962000.0,51540000,0.0,1437559000,318000.0,435971000,-228000.0,313914000,749975000,1437559000,0.0,373322000,336802000,https://www.sec.gov/Archives/edgar/data/82811/000008281107000021/0000082811-07-000021-index.htm,https://www.sec.gov/Archives/edgar/data/82811/000008281107000021/form10k.htm
0,2006-12-30,RBC,,,Q4,36500000,0.0,36500000,218000000,275100000,45500000,575100000,268900000,546200000,43300000,589500000,0.0,65900000,10100000,868400000,33000000,1443500000,108100000,49000000,0.0,0.0,4300000.0,258500000,323900000,0.0,0.0,35500000,435000000,35500000,693500000,300000.0,436000000,-400000.0,-200000.0,750000000,1443500000,0.0,373300000,336800000,,
0,2006-11-07,RBC,2006-11-07,2006-11-07 10:38:13,Q3,40186000,0.0,40186000,0.0,241366000,309532000,591084000,471471000,547372000,43565000,590937000,0.0,0.0,0.0,1062408000,0.0,1467050000,95349000,47737000,0.0,59800000,71659000,274545000,53897000,0.0,0.0,25876000,79773000,0.0,1467050000,0.0,417348000,5721000.0,310465000,733534000,1467050000,0.0,410820000,370634000,https://www.sec.gov/Archives/edgar/data/82811/000008281106000063/0000082811-06-000063-index.htm,https://www.sec.gov/Archives/edgar/data/82811/000008281106000063/form10-q.htm
0,2006-09-30,RBC,,,Q3,40186000,0.0,40186000,267381000,241366000,0.0,591084000,0.0,547372000,43565000,590937000,0.0,0.0,21307000,875966000,0.0,1467050000,95349000,0.0,0.0,0.0,24359000,274545000,362176000,0.0,59800000,25876000,447852000,24359000,722397000,317000.0,417348000,-207749000,0.0,733534000,722397000,0.0,410820000,370634000,,
0,2006-08-08,RBC,2006-08-09,2006-08-09 15:14:01,Q2,24570000,0.0,24570000,0.0,231942000,300872000,557384000,452794000,547390000,45321000,592711000,0.0,0.0,0.0,1045505000,0.0,1421250000,111908000,45000000,10690000,59694000,57400000,274002000,54179000,0.0,0.0,25008000,79187000,0.0,1421250000,0.0,391947000,5182000.0,308521000,705650000,1421250000,0.0,393175000,368605000,https://www.sec.gov/Archives/edgar/data/82811/000008281106000054/0000082811-06-000054-index.htm,https://www.sec.gov/Archives/edgar/data/82811/000008281106000054/form10-q.htm
0,2006-07-01,RBC,,,Q2,24600000,0.0,24600000,257400000,231900000,43500000,557400000,251500000,547400000,45300000,592700000,0.0,59700000,19700000,863900000,34800000,1421300000,111900000,45000000,0.0,0.0,69200000,274000000,346900000,0.0,0.0,25000000,441600000,25000000,715600000,300000.0,391900000,10400000,5200000.0,705700000,1421300000,0.0,393200000,368600000,,
0,2006-05-11,RBC,2006-05-11,2006-05-11 15:38:45,Q1,29720000,0.0,29720000,0.0,231731000,275751000,537202000,461433000,546168000,44079000,590247000,0.0,0.0,0.0,1051680000,0.0,1391038000,108247000,30000000,11082000,61394000,40433000,240074000,40758000,0.0,0.0,21636000,62394000,0.0,1391038000,0.0,362954000,0.0,306260000,669214000,1391038000,0.0,420319000,390599000,https://www.sec.gov/Archives/edgar/data/82811/000008281106000042/0000082811-06-000042-index.htm,https://www.sec.gov/Archives/edgar/data/82811/000008281106000042/form10-q.htm
0,2006-04-01,RBC,,,Q1,29700000,0.0,29700000,240600000,231700000,35200000,537200000,244600000,546200000,44100000,590300000,0.0,61400000,19000000,853800000,36300000,1391000000,108200000,30000000,0.0,0.0,55800000,240100000,389000000,0.0,0.0,21600000,481700000,21600000,721800000,300000.0,363000000,5600000.0,2800000.0,669200000,1391000000,0.0,420300000,390600000,,
0,2006-03-13,RBC,2006-03-15,2006-03-15 11:21:13,Q4,32747000,0.0,32747000,0.0,224316000,230217000,487280000,454831000,546168000,45674000,591842000,0.0,0.0,0.0,1046673000,0.0,1342554000,82513000,25000000,18923000,59993000,51285000,218791000,46559000,0.0,0.0,18394000,64953000,0.0,1342554000,0.0,343161000,3979000.0,300856000,647996000,1342554000,0.0,412016000,379269000,https://www.sec.gov/Archives/edgar/data/82811/000008281106000019/0000082811-06-000019-index.htm,https://www.sec.gov/Archives/edgar/data/82811/000008281106000019/form10-k_031306.htm
0,2005-12-31,RBC,,,Q4,32747000,0.0,32747000,197118000,224316000,16978000,487280000,0.0,0.0,591842000,591842000,0.0,0.0,19103000,855274000,16978000,1342554000,82513000,0.0,0.0,0.0,22908000,218791000,386332000,0.0,59993000,18394000,464719000,22908000,683510000,315000.0,343161000,-210502000,0.0,647996000,683510000,0.0,412016000,379269000,,
0,2005-11-04,RBC,2005-11-07,2005-11-07 12:25:53,Q3,27872000,0.0,27872000,0.0,229090000,219027000,475989000,458334000,561700000,47270000,608970000,0.0,0.0,0.0,1067304000,0.0,1356059000,75165000,0.0,16565000,15915000,96889000,187969000,43451000,0.0,0.0,23108000,66559000,0.0,1356059000,0.0,326842000,3764000.0,299843000,630449000,1356059000,0.0,449542000,421670000,https://www.sec.gov/Archives/edgar/data/82811/000008281105000051/0000082811-05-000051-index.htm,https://www.sec.gov/Archives/edgar/data/82811/000008281105000051/form10-q.htm
0,2005-09-28,RBC,,,Q3,27900000,0.0,27900000,182300000,229100000,36700000,476000000,248200000,561700000,47300000,609000000,0.0,59600000,22900000,880100000,38800000,1356100000,75200000,0.0,0.0,0.0,64000000,188000000,448900000,0.0,0.0,23100000,537600000,23100000,725600000,300000.0,326800000,6200000.0,3100000.0,630400000,1356100000,0.0,449500000,421600000,,
0,2005-06-29,RBC,2005-08-08,2005-08-08 17:17:13,Q2,29100000,0.0,29100000,200200000,234600000,34700000,498600000,249900000,554000000,48900000,602900000,0.0,48700000,23900000,876700000,28000000,1375300000,82100000,0.0,19313000,4148000.0,77600000,199400000,536900000,0.0,0.0,19900000,610600000,19900000,810000000,300000.0,312300000,4200000.0,2100000.0,565300000,1375300000,0.0,537400000,508300000,https://www.sec.gov/Archives/edgar/data/82811/000095013705009813/0000950137-05-009813-index.htm,https://www.sec.gov/Archives/edgar/data/82811/000095013705009813/c97509e10vq.htm
0,2005-03-31,RBC,2005-05-10,2005-05-10 11:09:57,Q1,28882000,0.0,28882000,201332000,245594000,0.0,499841000,0.0,0.0,603526000,603526000,0.0,0.0,25510000,885433000,0.0,1385274000,102339000,0.0,0.0,0.0,12747000,199063000,563572000,0.0,49470000,20617000,633659000,12747000,832722000,298000.0,297640000,-208720000,0.0,547738000,832722000,0.0,563843000,534961000,https://www.sec.gov/Archives/edgar/data/82811/000120677405000891/0001206774-05-000891-index.htm,https://www.sec.gov/Archives/edgar/data/82811/000120677405000891/rb912280.htm
0,2004-12-31,RBC,2005-03-16,2005-03-16 14:54:58,Q4,31275000,0.0,31275000,177183000,246816000,6493000.0,474919000,0.0,596498000,0.0,596498000,0.0,0.0,26962000,877133000,6493000.0,1352052000,106374000,0.0,0.0,0.0,14214000,195209000,547350000,0.0,48663000,17359000,613372000,14214000,808581000,298000.0,288837000,-205120000,0.0,538179000,808581000,0.0,547621000,516346000,https://www.sec.gov/Archives/edgar/data/82811/000120677405000363/0001206774-05-000363-index.htm,https://www.sec.gov/Archives/edgar/data/82811/000120677405000363/rb911071.htm
0,2004-09-28,RBC,2004-11-08,2004-11-08 14:06:18,Q3,20800000,0.0,20800000,124200000,166700000,17900000,329600000,173900000,340200000,0.0,340200000,0.0,46200000,22000000,536000000,22000000,865600000,60700000,0.0,11987000,46188000,36800000,124100000,275300000,0.0,0.0,11100000,339400000,11100000,463500000,300000.0,285300000,-2200000.0,-1100000.0,402200000,865600000,0.0,275300000,254500000,https://www.sec.gov/Archives/edgar/data/82811/000120677404001606/0001206774-04-001606-index.htm,https://www.sec.gov/Archives/edgar/data/82811/000120677404001606/rb908838.htm
0,2004-06-29,RBC,,,Q2,14300000,0.0,14300000,99300000,138300000,20200000,272100000,158700000,311200000,0.0,311200000,0.0,46200000,22200000,492100000,22200000,764200000,41700000,0.0,0.0,0.0,27400000,91600000,214500000,0.0,0.0,11500000,277900000,11500000,369500000,300000.0,279300000,-5000000.0,-2500000.0,394700000,764200000,0.0,214500000,200200000,,
0,2004-03-30,RBC,2004-05-10,2004-05-10 14:18:28,Q1,14200000,0.0,14200000,96600000,136900000,17500000,265200000,162600000,311200000,0.0,311200000,0.0,46200000,17000000,490900000,17000000,756100000,45300000,0.0,6100000.0,46189000,33100000,98800000,202500000,0.0,0.0,11600000,266600000,11600000,365400000,300000.0,274600000,-3600000.0,-1800000.0,390700000,756100000,0.0,202500000,188300000,https://www.sec.gov/Archives/edgar/data/82811/000120677404000477/0001206774-04-000477-index.htm,https://www.sec.gov/Archives/edgar/data/82811/000120677404000477/d14677.htm
0,2003-12-31,RBC,2004-03-12,2004-03-12 10:01:53,Q4,9100000.0,0.0,9100000.0,85691000,131121000,0.0,237427000,0.0,311216000,0.0,311216000,0.0,0.0,16704000,497018000,0.0,734445000,36179000,0.0,0.0,0.0,3004000.0,77326000,195677000,0.0,46186000,11658000,253521000,3004000.0,330847000,250000.0,270760000,-192638000,0.0,398704000,330847000,0.0,195802000,186702000,https://www.sec.gov/Archives/edgar/data/82811/000120677404000134/0001206774-04-000134-index.htm,https://www.sec.gov/Archives/edgar/data/82811/000120677404000134/d14125.htm
0,2003-09-30,RBC,2003-11-12,2003-11-12 12:27:03,Q3,7946000.0,0.0,7946000.0,90274000,128566000,12317000,239103000,0.0,0.0,313265000,313265000,0.0,0.0,16153000,500965000,12317000,740068000,32718000,0.0,0.0,0.0,46277000,78995000,206706000,0.0,44918000,10890000,262514000,46277000,341509000,250000.0,267619000,-188342000,0.0,394250000,341509000,0.0,206706000,198760000,https://www.sec.gov/Archives/edgar/data/82811/000008281103000040/0000082811-03-000040-index.htm,https://www.sec.gov/Archives/edgar/data/82811/000008281103000040/q9300.htm
0,2003-06-30,RBC,2003-08-13,2003-08-13 15:02:20,Q2,7951000.0,0.0,7951000.0,89164000,135141000,11629000,243885000,0.0,0.0,313265000,313265000,0.0,0.0,16485000,503592000,11629000,747477000,35493000,0.0,0.0,0.0,0.0,77430000,219234000,0.0,44918000,10849000,275001000,0.0,352431000,250000.0,264112000,-183015000,0.0,390637000,352431000,0.0,219234000,211283000,https://www.sec.gov/Archives/edgar/data/82811/000008281103000025/0000082811-03-000025-index.htm,https://www.sec.gov/Archives/edgar/data/82811/000008281103000025/qt6y3.htm
0,2003-03-31,RBC,,,Q1,6474000.0,0.0,6474000.0,89043000,138317000,12089000,245923000,0.0,313265000,0.0,313265000,0.0,0.0,16432000,502991000,12089000,748914000,40561000,0.0,0.0,0.0,17061000,80658000,222968000,0.0,44910000,11032000,278910000,17061000,359568000,250000.0,260635000,-177744000,0.0,385268000,359568000,0.0,222968000,216494000,,
0,2002-12-31,RBC,2003-03-11,2003-03-11 12:32:57,Q4,5591000.0,0.0,5591000.0,79283000,134037000,0.0,229532000,0.0,313265000,0.0,313265000,0.0,0.0,17451000,504456000,0.0,733988000,32038000,0.0,0.0,0.0,3002000.0,72127000,222812000,0.0,44913000,10661000,278386000,3002000.0,350513000,250000.0,257570000,-173053000,0.0,381423000,350513000,0.0,222967000,217376000,https://www.sec.gov/Archives/edgar/data/82811/000120677403000132/0001206774-03-000132-index.htm,https://www.sec.gov/Archives/edgar/data/82811/000120677403000132/d12132.htm
0,2002-09-30,RBC,2002-11-13,2002-11-13 17:23:58,Q3,3434000.0,0.0,3434000.0,87488000,123215000,13405000,227542000,0.0,0.0,313265000,313265000,0.0,0.0,18288000,506782000,13405000,734324000,30915000,0.0,0.0,0.0,47256000,78171000,221591000,0.0,42936000,8915000.0,273442000,47256000,351613000,250000.0,255990000,-168350000,0.0,382711000,351613000,0.0,221591000,218157000,https://www.sec.gov/Archives/edgar/data/82811/000008281102000033/0000082811-02-000033-index.htm,https://www.sec.gov/Archives/edgar/data/82811/000008281102000033/sept02.htm
0,2002-06-30,RBC,2002-08-14,2002-08-14 10:32:35,Q2,4210000.0,0.0,4210000.0,88802000,122119000,13214000,228345000,0.0,0.0,312735000,312735000,0.0,0.0,19554000,510510000,13214000,738855000,33467000,0.0,0.0,0.0,44758000,78225000,231310000,0.0,43037000,7512000.0,281859000,44758000,360084000,250000.0,251827000,-163194000,0.0,378771000,360084000,0.0,231310000,227100000,https://www.sec.gov/Archives/edgar/data/82811/000008281102000017/0000082811-02-000017-index.htm,https://www.sec.gov/Archives/edgar/data/82811/000008281102000017/q10602.htm
0,2002-03-31,RBC,2002-05-01,2002-05-01 11:33:20,Q1,5675000.0,0.0,5675000.0,87588000,124477000,13201000,230941000,0.0,312735000,0.0,312735000,0.0,0.0,18730000,512820000,13201000,743761000,28722000,0.0,0.0,0.0,41751000,70473000,249637000,0.0,43016000,5354000.0,298007000,41751000,368480000,250000.0,247845000,-157620000,0.0,373223000,368480000,0.0,249637000,243962000,https://www.sec.gov/Archives/edgar/data/82811/000008281102000008/0000082811-02-000008-index.htm,https://www.sec.gov/Archives/edgar/data/82811/000008281102000008/q302.htm
0,2001-12-31,RBC,,,Q4,6629000.0,0.0,6629000.0,80777000,132272000,8420000.0,231499000,0.0,0.0,312735000,312735000,0.0,0.0,17492000,515100000,8420000.0,746599000,28429000,0.0,0.0,0.0,2505000.0,70455000,345667000,0.0,43022000,5304000.0,393993000,2505000.0,464448000,210000.0,244564000,-152608000,0.0,280150000,464448000,0.0,345787000,339158000,,
0,2001-09-30,RBC,2001-11-14,2001-11-14 00:00:00,Q3,6038000.0,0.0,6038000.0,98914000,128527000,16308000,249787000,0.0,0.0,313948000,313948000,0.0,0.0,14711000,515896000,16308000,765683000,32955000,0.0,0.0,0.0,52864000,85819000,354701000,0.0,41066000,3444000.0,399211000,52864000,485030000,209000.0,243308000,-147740000,0.0,280653000,485030000,0.0,354701000,348663000,https://www.sec.gov/Archives/edgar/data/82811/000008281101500036/0000082811-01-500036-index.htm,https://www.sec.gov/Archives/edgar/data/82811/000008281101500036/q10901.htm
0,2001-06-30,RBC,2001-08-15,2001-08-15 00:00:00,Q2,4092000.0,0.0,4092000.0,101329000,135975000,14535000,255931000,0.0,0.0,312139000,312139000,0.0,0.0,13639000,514678000,14535000,770609000,31227000,0.0,0.0,0.0,45375000,76602000,371724000,0.0,41054000,2806000.0,415584000,45375000,492186000,209000.0,241110000,-142427000,0.0,278423000,492186000,0.0,371724000,367632000,https://www.sec.gov/Archives/edgar/data/82811/000008281101500032/0000082811-01-500032-index.htm,https://www.sec.gov/Archives/edgar/data/82811/000008281101500032/q10601c.htm
0,2001-03-31,RBC,2001-05-09,2001-05-09 00:00:00,Q1,2828000.0,0.0,2828000.0,103458000,143992000,14492000,264770000,0.0,0.0,313865000,313865000,0.0,0.0,14595000,518260000,14492000,783030000,36314000,0.0,0.0,0.0,40169000,80074000,385987000,0.0,41054000,700000.0,427741000,40169000,507815000,210000.0,238330000,-136690000,0.0,275215000,507815000,0.0,385987000,383159000,https://www.sec.gov/Archives/edgar/data/82811/000008281101500017/0000082811-01-500017-index.htm,https://www.sec.gov/Archives/edgar/data/82811/000008281101500017/q301.htm
0,2000-12-31,RBC,2001-03-16,,Q4,2612000.0,0.0,2612000.0,101101000,148741000,13184000,265638000,0.0,0.0,316295000,316295000,0.0,0.0,18105000,523478000,13184000,789116000,32298000,0.0,0.0,0.0,47453000,79857000,393510000,0.0,41063000,797000.0,435370000,47453000,515227000,210000.0,234992000,-132608000,0.0,273889000,515227000,0.0,393616000,391004000,https://www.sec.gov/Archives/edgar/data/82811/000008281101500015/0000082811-01-500015-index.htm,https://www.sec.gov/Archives/edgar/data/82811/000008281101500015/tk102.htm
0,2000-09-30,RBC,2000-11-03 00:00:00,2000-11-03 00:00:00,Q3,13328000,0.0,13328000,104250000,147486000,15942000,281006000,0.0,0.0,317299000,317299000,0.0,0.0,16733000,520770000,15942000,801776000,29677000,0.0,0.0,0.0,66469000,96146000,397038000,0.0,37064000,217000.0,434319000,66469000,530465000,210000.0,231053000,-127175000,0.0,271311000,530465000,0.0,397038000,383710000,https://www.sec.gov/Archives/edgar/data/82811/000008281100000034/0000082811-00-000034-index.html,https://www.sec.gov/Archives/edgar/data/82811/000008281100000034/0000082811-00-000034-0001.txt
0,2000-06-30,RBC,2000-07-28 00:00:00,2000-07-28 00:00:00,Q2,3365000.0,0.0,3365000.0,83683000,104363000,16935000,208346000,0.0,0.0,149500000,149500000,0.0,0.0,12458000,314115000,16935000,522461000,27989000,0.0,0.0,0.0,48257000,76246000,143063000,0.0,37072000,307000.0,180442000,48257000,256688000,210000.0,225128000,-122919000,0.0,265773000,256688000,0.0,143063000,139698000,https://www.sec.gov/Archives/edgar/data/82811/000008281100000029/0000082811-00-000029-index.html,https://www.sec.gov/Archives/edgar/data/82811/000008281100000029/0000082811-00-000029-0001.txt
0,2000-03-31,RBC,2000-05-03 00:00:00,2000-05-03 00:00:00,Q1,4144000.0,0.0,4144000.0,83412000,106194000,17064000,210814000,0.0,0.0,142352000,142352000,0.0,0.0,12466000,302577000,17064000,513391000,26376000,0.0,0.0,0.0,48232000,74608000,142089000,0.0,37086000,324000.0,179499000,48232000,254107000,210000.0,218182000,-119416000,0.0,259284000,254107000,0.0,142089000,137945000,https://www.sec.gov/Archives/edgar/data/82811/000008281100000015/0000082811-00-000015-index.html,https://www.sec.gov/Archives/edgar/data/82811/0000082811-00-000015.txt
0,1999-12-31,RBC,,,Q4,1700000.0,0.0,1700000.0,76400000,104000000,16100000,198200000,0.0,0.0,143300000,143300000,0.0,0.0,12200000,306900000,16100000,505100000,28400000,0.0,0.0,0.0,38500000,66900000,148200000,0.0,37100000,300000.0,185600000,38500000,252500000,200000.0,211300000,-115700000,0.0,252600000,252500000,0.0,148200000,146500000,,
0,1999-09-30,RBC,,,Q3,5000000.0,0.0,5000000.0,80300000,103700000,11900000,200900000,0.0,0.0,144300000,144300000,0.0,0.0,11500000,310100000,11900000,511000000,27200000,0.0,0.0,0.0,45200000,72400000,160200000,0.0,32500000,300000.0,193000000,45200000,265400000,200000.0,204000000,-111200000,0.0,245600000,265400000,0.0,160200000,155200000,,
0,1999-06-30,RBC,,,Q2,3500000.0,0.0,3500000.0,82500000,106700000,12000000,204700000,0.0,0.0,145200000,145200000,0.0,0.0,11300000,313000000,12000000,517700000,22500000,0.0,0.0,0.0,45300000,67800000,179200000,0.0,32500000,200000.0,211900000,45300000,279700000,0.0,197100000,-107800000,0.0,238000000,279700000,0.0,179200000,175700000,,
0,1999-03-31,RBC,,,Q1,3500000.0,0.0,3500000.0,74000000,91700000,11400000,180600000,0.0,0.0,146200000,146200000,0.0,0.0,11400000,302900000,11400000,483500000,18900000,0.0,0.0,0.0,39900000,58800000,161200000,0.0,32500000,200000.0,193900000,39900000,252700000,0.0,189900000,-103400000,0.0,230800000,252700000,0.0,161200000,157700000,,
0,1998-12-31,RBC,,,Q4,3500000.0,0.0,3500000.0,69400000,91500000,11500000,175900000,0.0,0.0,147200000,147200000,0.0,0.0,11000000,306100000,11500000,482000000,23800000,0.0,0.0,0.0,34800000,58600000,166200000,0.0,32500000,200000.0,198900000,34800000,257500000,0.0,183300000,-99000000,0.0,224500000,257500000,0.0,166200000,162700000,,
0,1998-09-30,RBC,,,Q3,2800000.0,0.0,2800000.0,70400000,89900000,15000000,178100000,0.0,0.0,148100000,148100000,0.0,0.0,10300000,307100000,15000000,485200000,19800000,0.0,0.0,0.0,37600000,57400000,178200000,0.0,32500000,300000.0,211000000,37600000,268400000,0.0,175300000,-95700000,0.0,216800000,268400000,0.0,178200000,175400000,,
0,1998-06-30,RBC,,,Q2,2800000.0,0.0,2800000.0,72200000,90000000,15100000,180100000,0.0,0.0,149100000,149100000,0.0,0.0,10300000,308700000,15100000,488800000,20300000,0.0,0.0,0.0,35200000,55500000,192200000,0.0,32300000,300000.0,224800000,35200000,280300000,0.0,167400000,-91200000,0.0,208500000,280300000,0.0,192200000,189400000,,
0,1998-03-31,RBC,,,Q1,5100000.0,0.0,5100000.0,73400000,87600000,15500000,181600000,0.0,0.0,150000000,150000000,0.0,0.0,10200000,310400000,15500000,492000000,19800000,0.0,0.0,0.0,44500000,64300000,196300000,0.0,32100000,300000.0,228700000,44500000,293000000,0.0,158300000,-86800000,0.0,199000000,293000000,0.0,196300000,191200000,,
0,1997-12-31,RBC,,,Q4,3400000.0,0.0,3400000.0,69700000,85500000,14000000,172600000,0.0,0.0,151400000,151400000,0.0,0.0,10300000,313000000,14000000,485600000,23600000,0.0,0.0,0.0,48300000,71900000,192300000,0.0,31700000,300000.0,224300000,48300000,296200000,0.0,150400000,-82400000,0.0,189400000,296200000,0.0,192300000,188900000,,
0,1997-09-30,RBC,,,Q3,3300000.0,0.0,3300000.0,75700000,81300000,10400000,170700000,0.0,0.0,152100000,152100000,0.0,0.0,10500000,313000000,10400000,483700000,22100000,0.0,0.0,0.0,47400000,69500000,207300000,0.0,25400000,300000.0,233000000,47400000,302500000,0.0,142400000,-78500000,0.0,181200000,302500000,0.0,207300000,204000000,,
0,1997-06-30,RBC,1997-08-08 00:00:00,1997-08-08 00:00:00,Q2,6700000.0,0.0,6700000.0,73500000,81400000,15500000,177100000,0.0,0.0,152900000,152900000,0.0,0.0,10800000,314400000,15500000,491500000,19100000,0.0,0.0,0.0,44700000,63800000,227900000,0.0,25500000,300000.0,253700000,44700000,317500000,0.0,135000000,-74500000,0.0,174000000,317500000,0.0,227900000,221200000,https://www.sec.gov/Archives/edgar/data/82811/000008281197000017/0000082811-97-000017-index.html,https://www.sec.gov/Archives/edgar/data/82811/0000082811-97-000017.txt
0,1997-03-31,RBC,,,Q1,11200000,0.0,11200000,73300000,84600000,12300000,181400000,0.0,0.0,166600000,166600000,0.0,0.0,8500000.0,284700000,12300000,466100000,21500000,0.0,0.0,0.0,29400000,50900000,244000000,0.0,5300000.0,400000.0,249700000,29400000,300600000,0.0,126700000,-70700000,0.0,165500000,300600000,0.0,244000000,232800000,,
0,1996-12-31,RBC,,,Q4,38400000,0.0,38400000,32800000,45900000,4900000.0,122000000,0.0,0.0,0.0,0.0,0.0,0.0,400000.0,75000000,4900000.0,197000000,9500000.0,0.0,0.0,0.0,19200000,29400000,2200000.0,0.0,5400000.0,0.0,7600000.0,19200000,37000000,0.0,121500000,-68100000,0.0,160000000,37000000,0.0,2900000.0,-35600000,,
0,1996-09-30,RBC,1996-11-01 00:00:00,1996-11-01 00:00:00,Q3,28200000,0.0,28200000,37200000,47100000,4600000.0,117100000,0.0,0.0,0.0,0.0,0.0,0.0,300000.0,72800000,4600000.0,189900000,9400000.0,0.0,0.0,0.0,19400000,28800000,2700000.0,0.0,4600000.0,-100000.0,7200000.0,19400000,36000000,0.0,116500000,-65800000,0.0,153900000,36000000,0.0,2700000.0,-25500000,https://www.sec.gov/Archives/edgar/data/82811/000008281196000024/0000082811-96-000024-index.html,https://www.sec.gov/Archives/edgar/data/82811/0000082811-96-000024.txt
0,1996-06-30,RBC,1996-08-12 00:00:00,1996-08-12 00:00:00,Q2,23200000,0.0,23200000,36300000,48500000,4700000.0,112700000,0.0,0.0,0.0,0.0,0.0,0.0,300000.0,72800000,4700000.0,185500000,10200000,0.0,0.0,0.0,19200000,29400000,2700000.0,0.0,4600000.0,0.0,7300000.0,19200000,36700000,0.0,111600000,-63100000,0.0,148800000,36700000,0.0,2700000.0,-20500000,https://www.sec.gov/Archives/edgar/data/82811/000008281196000021/0000082811-96-000021-index.html,https://www.sec.gov/Archives/edgar/data/82811/0000082811-96-000021.txt
0,1996-03-31,RBC,1996-05-07 00:00:00,1996-05-07 00:00:00,Q1,15800000,0.0,15800000,42300000,48900000,4900000.0,111900000,0.0,0.0,0.0,0.0,0.0,0.0,500000.0,72400000,4900000.0,184300000,10500000,0.0,0.0,0.0,24100000,34600000,2900000.0,0.0,4600000.0,-100000.0,7400000.0,24100000,42000000,0.0,105400000,-60700000,0.0,142300000,42000000,0.0,2900000.0,-12900000,https://www.sec.gov/Archives/edgar/data/82811/000008281196000014/0000082811-96-000014-index.html,https://www.sec.gov/Archives/edgar/data/82811/0000082811-96-000014.txt
0,1995-12-31,RBC,,,Q4,7500000.0,0.0,7500000.0,41200000,49300000,4400000.0,102400000,0.0,0.0,0.0,0.0,0.0,0.0,400000.0,73100000,4400000.0,175500000,10900000,0.0,0.0,0.0,18400000,32000000,2900000.0,0.0,4700000.0,0.0,7600000.0,18400000,39600000,0.0,99100000,-58200000,0.0,135900000,39600000,0.0,5600000.0,-1900000.0,,
0,1995-09-30,RBC,1995-11-13 00:00:00,1995-11-13 00:00:00,Q3,10700000,0.0,10700000,39100000,49000000,4100000.0,102900000,0.0,0.0,0.0,0.0,0.0,0.0,300000.0,70700000,4100000.0,173600000,12300000,0.0,0.0,0.0,22900000,35500000,3900000.0,0.0,4800000.0,0.0,8700000.0,22900000,44200000,0.0,92500000,-56200000,0.0,129400000,44200000,0.0,4200000.0,-6500000.0,https://www.sec.gov/Archives/edgar/data/82811/000008281195000016/0000082811-95-000016-index.html,https://www.sec.gov/Archives/edgar/data/82811/0000082811-95-000016.txt
0,1995-06-30,RBC,1995-08-10 00:00:00,1995-08-10 00:00:00,Q2,5000000.0,0.0,5000000.0,40000000,48400000,4200000.0,97600000,0.0,0.0,0.0,0.0,0.0,0.0,300000.0,72300000,4200000.0,169900000,14000000,0.0,0.0,0.0,23100000,37600000,4400000.0,0.0,4900000.0,0.0,9300000.0,23100000,46900000,0.0,86100000,-54900000,0.0,123000000,46900000,0.0,4900000.0,-100000.0,https://www.sec.gov/Archives/edgar/data/82811/000008281195000014/0000082811-95-000014-index.html,https://www.sec.gov/Archives/edgar/data/82811/0000082811-95-000014.txt
