,date,symbol,fillingDate,acceptedDate,period,cashAndCashEquivalents,shortTermInvestments,cashAndShortTermInvestments,netReceivables,inventory,otherCurrentAssets,totalCurrentAssets,propertyPlantEquipmentNet,goodwill,intangibleAssets,goodwillAndIntangibleAssets,longTermInvestments,taxAssets,otherNonCurrentAssets,totalNonCurrentAssets,otherAssets,totalAssets,accountPayables,shortTermDebt,taxPayables,deferredRevenue,otherCurrentLiabilities,totalCurrentLiabilities,longTermDebt,deferredRevenueNonCurrent,deferredTaxLiabilitiesNonCurrent,otherNonCurrentLiabilities,totalNonCurrentLiabilities,otherLiabilities,totalLiabilities,commonStock,retainedEarnings,accumulatedOtherComprehensiveIncomeLoss,othertotalStockholdersEquity,totalStockholdersEquity,totalLiabilitiesAndStockholdersEquity,totalInvestments,totalDebt,netDebt,link,finalLink
0,2020-03-28,CUO,2020-05-11 00:00:00,2020-05-11 16:01:26,Q1,4596000.0,15957000,4596000.0,18138000,7372000.0,111000.0,46174000,11716000,5932000.0,12274000,18206000,0.0,6755000.0,5336000.0,42013000,0.0,88187000,16155000,1182000.0,0.0,6755000.0,5214000.0,22551000,3695000.0,0.0,0.0,528000.0,4223000.0,25800000,52574000,643000.0,47936000,0.0,0.0,35613000,88187000,15957000,4877000.0,281000.0,https://www.sec.gov/Archives/edgar/data/24104/000155837020006232/0001558370-20-006232-index.htm,https://www.sec.gov/Archives/edgar/data/24104/000155837020006232/cuo-20200328x10q.htm
0,2019-12-28,CUO,2020-03-23 00:00:00,2020-03-23 17:26:52,Q4,178000.0,0.0,178000.0,21555000,13953000,5125000.0,46290000,17003000,5932000.0,12437000,18369000,0.0,0.0,8321000.0,43693000,13446000,89983000,8490000.0,800000.0,0.0,7667000.0,4200000.0,23806000,0.0,0.0,1118000.0,30988000,6551000.0,30988000,54794000,643000.0,47232000,-59025000,0.0,35189000,89983000,6375000.0,800000.0,622000.0,https://www.sec.gov/Archives/edgar/data/24104/000155837020003027/0001558370-20-003027-index.html,https://www.sec.gov/Archives/edgar/data/24104/000155837020003027/cuo-20191228x10k.htm
0,2019-09-28,CUO,2019-11-12 00:00:00,2019-11-12 16:40:18,Q3,4297000.0,0.0,4297000.0,20754000,12948000,4552000.0,48018000,16987000,6011000.0,12991000,19002000,0.0,0.0,8489000.0,44478000,13041000,92496000,0.0,0.0,0.0,7823000.0,4946000.0,27256000,0.0,0.0,0.0,27945000,6471000.0,27945000,55201000,643000.0,49333000,-58013000,0.0,37295000,92496000,14222000,0.0,-4297000.0,https://www.sec.gov/Archives/edgar/data/24104/000155837019010828/0001558370-19-010828-index.html,https://www.sec.gov/Archives/edgar/data/24104/000155837019010828/cuo-20190928x10q.htm
0,2019-06-29,CUO,2019-08-13 00:00:00,2019-08-13 17:24:36,Q2,5187000.0,0.0,5187000.0,18510000,12755000,5151000.0,45292000,18546000,5551000.0,13465000,19016000,0.0,0.0,2758000.0,40320000,7909000.0,85612000,0.0,300000.0,0.0,2065000.0,0.0,15674000,0.0,0.0,0.0,12333000,12333000,12333000,28007000,643000.0,69617000,0.0,0.0,57605000,85612000,11925000,300000.0,-4887000.0,https://www.sec.gov/Archives/edgar/data/24104/000155837019008086/0001558370-19-008086-index.html,https://www.sec.gov/Archives/edgar/data/24104/000155837019008086/cuo-20190629x10q.htm
0,2019-03-30,CUO,2019-05-14 00:00:00,2019-05-14 16:33:12,Q1,35421000,0.0,35421000,15053000,13433000,4549000.0,71397000,15086000,1000000.0,0.0,1000000.0,0.0,0.0,3126000.0,19212000,7675000.0,90609000,0.0,800000.0,3373000.0,2353000.0,3373000.0,17598000,0.0,0.0,0.0,10541000,10541000,10541000,28139000,643000.0,74453000,0.0,0.0,62470000,90609000,0.0,800000.0,-34621000,https://www.sec.gov/Archives/edgar/data/24104/000155837019004997/0001558370-19-004997-index.html,https://www.sec.gov/Archives/edgar/data/24104/000155837019004997/cuo-20190330x10q.htm
0,2018-12-29,CUO,2019-03-28 00:00:00,2019-03-28 16:40:19,Q4,594000.0,0.0,594000.0,15321000,14806000,13468000,47342000,10431000,1000000.0,0.0,1000000.0,0.0,0.0,16930000,28361000,30398000,75703000,0.0,2200000.0,0.0,3414000.0,4817000.0,20190000,0.0,0.0,3414000.0,6737000.0,6872000.0,6737000.0,26927000,643000.0,61131000,0.0,0.0,48776000,75703000,0.0,2200000.0,1606000.0,https://www.sec.gov/Archives/edgar/data/24104/000155837019002552/0001558370-19-002552-index.html,https://www.sec.gov/Archives/edgar/data/24104/000155837019002552/cuo-20181229x10k.htm
0,2018-09-29,CUO,2018-11-13 00:00:00,2018-11-13 16:31:16,Q3,452000.0,0.0,452000.0,25710000,21081000,0.0,51604000,17220000,7229000.0,0.0,7229000.0,0.0,0.0,6171000.0,30620000,6171000.0,82224000,0.0,6700000.0,0.0,2497000.0,0.0,26424000,0.0,0.0,2497000.0,6484000.0,15681000,6484000.0,32908000,643000.0,61671000,0.0,0.0,49316000,82224000,0.0,6700000.0,6248000.0,https://www.sec.gov/Archives/edgar/data/24104/000155837018009279/0001558370-18-009279-index.html,https://www.sec.gov/Archives/edgar/data/24104/000155837018009279/cuo-20180929x10q.htm
0,2018-06-30,CUO,2018-08-14 00:00:00,2018-08-14 16:35:03,Q2,300000.0,0.0,300000.0,25900000,20900000,0.0,50300000,17600000,7200000.0,0.0,7200000.0,0.0,0.0,6200000.0,31048000,6200000.0,81400000,0.0,8000000.0,0.0,2497000.0,0.0,24300000,0.0,0.0,2497000.0,6500000.0,16987000,6500000.0,30800000,600000.0,62900000,0.0,0.0,50600000,81400000,0.0,8000000.0,7700000.0,https://www.sec.gov/Archives/edgar/data/24104/000155837018007084/0001558370-18-007084-index.html,https://www.sec.gov/Archives/edgar/data/24104/000155837018007084/cuo-20180630x10q.htm
0,2018-03-31,CUO,2018-05-15 00:00:00,2018-05-15 16:30:23,Q1,400000.0,0.0,400000.0,24600000,20200000,0.0,49300000,17400000,7200000.0,0.0,7200000.0,0.0,0.0,6200000.0,30844000,6200000.0,80200000,0.0,5700000.0,0.0,2499000.0,0.0,25500000,0.0,0.0,2499000.0,6200000.0,14448000,6200000.0,31700000,600000.0,60800000,0.0,0.0,48400000,80200000,0.0,5700000.0,5300000.0,https://www.sec.gov/Archives/edgar/data/24104/000155837018004827/0001558370-18-004827-index.html,https://www.sec.gov/Archives/edgar/data/24104/000155837018004827/cuo-20180331x10q.htm
0,2017-12-30,CUO,2018-03-29 00:00:00,2018-03-29 17:01:58,Q4,500000.0,0.0,500000.0,24200000,20400000,0.0,47100000,22800000,7200000.0,0.0,7200000.0,0.0,0.0,5400000.0,35438000,5400000.0,82500000,8500000.0,3500000.0,0.0,1616000.0,0.0,21900000,0.0,0.0,2776000.0,6300000.0,7384000.0,6300000.0,28200000,600000.0,67000000,0.0,0.0,54300000,82500000,0.0,3500000.0,3000000.0,https://www.sec.gov/Archives/edgar/data/24104/000155837018002558/0001558370-18-002558-index.html,https://www.sec.gov/Archives/edgar/data/24104/000155837018002558/cuo-20171230x10k.htm
0,2017-09-30,CUO,2017-11-14 00:00:00,2017-11-14 13:22:06,Q3,200000.0,0.0,200000.0,24600000,22900000,0.0,50200000,22000000,7200000.0,0.0,7200000.0,0.0,0.0,5700000.0,34998000,5700000.0,85200000,0.0,7600000.0,0.0,1616000.0,0.0,25100000,0.0,0.0,1616000.0,6200000.0,15412000,6200000.0,31300000,600000.0,66600000,0.0,0.0,53900000,85200000,0.0,7600000.0,7400000.0,https://www.sec.gov/Archives/edgar/data/24104/000155837017008914/0001558370-17-008914-index.html,https://www.sec.gov/Archives/edgar/data/24104/000155837017008914/cuo-20170930x10q.htm
0,2017-07-01,CUO,2017-08-15 00:00:00,2017-08-15 13:22:09,Q2,300000.0,0.0,300000.0,25000000,23700000,0.0,51800000,21100000,7200000.0,0.0,7200000.0,0.0,0.0,5200000.0,33559000,5200000.0,85300000,0.0,7600000.0,0.0,1616000.0,0.0,26000000,0.0,0.0,1616000.0,6200000.0,15457000,6200000.0,32200000,600000.0,65800000,0.0,0.0,53100000,85300000,0.0,7600000.0,7300000.0,https://www.sec.gov/Archives/edgar/data/24104/000155837017006694/0001558370-17-006694-index.html,https://www.sec.gov/Archives/edgar/data/24104/000155837017006694/cuo-20170701x10q.htm
0,2017-04-01,CUO,2017-05-16 00:00:00,2017-05-16 16:42:20,Q1,300000.0,0.0,300000.0,22300000,23000000,0.0,48400000,19600000,7200000.0,0.0,7200000.0,0.0,0.0,5300000.0,32086000,5300000.0,80500000,0.0,3200000.0,0.0,1616000.0,0.0,22300000,0.0,0.0,1616000.0,6100000.0,10890000,6100000.0,28400000,600000.0,64700000,0.0,0.0,52100000,80500000,0.0,3200000.0,2900000.0,https://www.sec.gov/Archives/edgar/data/24104/000155837017004384/0001558370-17-004384-index.html,https://www.sec.gov/Archives/edgar/data/24104/000155837017004384/cuo-20170401x10q.htm
0,2016-12-31,CUO,2017-03-31 00:00:00,2017-03-31 14:30:24,Q4,300000.0,0.0,300000.0,22400000,20600000,0.0,45900000,19600000,7200000.0,0.0,7200000.0,0.0,0.0,5300000.0,32125000,5300000.0,78000000,7500000.0,2000000.0,0.0,1616000.0,0.0,19800000,0.0,0.0,3845000.0,6100000.0,6706000.0,6100000.0,25800000,600000.0,65200000,-89800000,0.0,52200000,78000000,0.0,2000000.0,1700000.0,https://www.sec.gov/Archives/edgar/data/24104/000155837017002353/0001558370-17-002353-index.html,https://www.sec.gov/Archives/edgar/data/24104/000155837017002353/cuo-20161231x10k.htm
0,2016-10-01,CUO,2016-11-15 00:00:00,2016-11-15 16:04:25,Q3,200000.0,0.0,200000.0,21400000,20600000,0.0,45500000,19400000,7200000.0,0.0,7200000.0,0.0,0.0,4400000.0,31030000,4400000.0,76500000,0.0,1000000.0,835000.0,3329000.0,800000.0,18700000,0.0,0.0,3329000.0,6000000.0,10310000,6000000.0,24700000,600000.0,64800000,0.0,0.0,51900000,76500000,0.0,1000000.0,800000.0,https://www.sec.gov/Archives/edgar/data/24104/000155837016010103/0001558370-16-010103-index.html,https://www.sec.gov/Archives/edgar/data/24104/000155837016010103/cuo-20161001x10q.htm
0,2016-07-02,CUO,2016-08-16 00:00:00,2016-08-16 14:36:08,Q2,200000.0,0.0,200000.0,23300000,19900000,0.0,45900000,19100000,7200000.0,0.0,7200000.0,0.0,0.0,5900000.0,32283000,5900000.0,78200000,0.0,4700000.0,513000.0,3329000.0,500000.0,21400000,0.0,0.0,3329000.0,5900000.0,13958000,5900000.0,27300000,600000.0,63800000,0.0,0.0,50900000,78200000,0.0,4700000.0,4500000.0,https://www.sec.gov/Archives/edgar/data/24104/000155837016008033/0001558370-16-008033-index.html,https://www.sec.gov/Archives/edgar/data/24104/000155837016008033/cuo-20160702x10q.htm
0,2016-04-02,CUO,2016-05-17 00:00:00,2016-05-17 15:16:35,Q1,400000.0,0.0,400000.0,21700000,20100000,0.0,44800000,18100000,7200000.0,0.0,7200000.0,0.0,0.0,5900000.0,31240000,5900000.0,76000000,0.0,5500000.0,157000.0,3329000.0,200000.0,21200000,0.0,0.0,3329000.0,5900000.0,14715000,5900000.0,27100000,600000.0,62000000,0.0,0.0,48900000,76000000,0.0,5500000.0,5100000.0,https://www.sec.gov/Archives/edgar/data/24104/000155837016006049/0001558370-16-006049-index.html,https://www.sec.gov/Archives/edgar/data/24104/000155837016006049/cuo-20160402x10q.htm
0,2016-01-02,CUO,2016-04-01 00:00:00,2016-04-01 14:06:07,Q4,500000.0,0.0,500000.0,22700000,19600000,0.0,45100000,17600000,7200000.0,0.0,7200000.0,0.0,0.0,5800000.0,29561000,5800000.0,75800000,0.0,6200000.0,0.0,1078000.0,0.0,21500000,0.0,0.0,1078000.0,5900000.0,8170000.0,5900000.0,27300000,600000.0,61500000,0.0,0.0,48400000,75800000,0.0,6200000.0,5700000.0,https://www.sec.gov/Archives/edgar/data/24104/000155837016004498/0001558370-16-004498-index.html,https://www.sec.gov/Archives/edgar/data/24104/000155837016004498/cuo-20160102x10k.htm
0,2015-10-03,CUO,2015-11-16 00:00:00,2015-11-16 13:10:19,Q3,400000.0,0.0,400000.0,23400000,20800000,100000.0,47200000,17200000,7200000.0,0.0,7200000.0,0.0,0.0,6000000.0,30463000,6100000.0,77600000,0.0,6700000.0,0.0,77000.0,0.0,24100000,0.0,0.0,77000.0,5800000.0,12528000,5800000.0,29900000,600000.0,60800000,0.0,0.0,47700000,77600000,0.0,6700000.0,6300000.0,https://www.sec.gov/Archives/edgar/data/24104/000110465915079206/0001104659-15-079206-index.html,https://www.sec.gov/Archives/edgar/data/24104/000110465915079206/a15-18071_110q.htm
0,2015-07-04,CUO,2015-08-14 00:00:00,2015-08-14 13:56:31,Q2,600000.0,0.0,600000.0,21300000,17900000,100000.0,42300000,17000000,7200000.0,0.0,7200000.0,0.0,0.0,6400000.0,30589000,6500000.0,72900000,0.0,3900000.0,0.0,77000.0,0.0,19700000,0.0,0.0,77000.0,6000000.0,10023000,6000000.0,25700000,600000.0,60200000,0.0,0.0,47200000,72900000,0.0,3900000.0,3300000.0,https://www.sec.gov/Archives/edgar/data/24104/000110465915059992/0001104659-15-059992-index.html,https://www.sec.gov/Archives/edgar/data/24104/000110465915059992/a15-12767_110q.htm
0,2015-04-04,CUO,2015-05-19 00:00:00,2015-05-19 15:25:28,Q1,800000.0,0.0,800000.0,20800000,17900000,1100000.0,43000000,17000000,7200000.0,100000.0,7300000.0,0.0,0.0,5500000.0,29770000,6600000.0,72800000,0.0,4900000.0,0.0,1060000.0,0.0,21700000,0.0,0.0,1060000.0,4200000.0,10175000,4200000.0,25900000,600000.0,59900000,0.0,0.0,46800000,72800000,0.0,4900000.0,4100000.0,https://www.sec.gov/Archives/edgar/data/24104/000110465915039295/0001104659-15-039295-index.html,https://www.sec.gov/Archives/edgar/data/24104/000110465915039295/a15-7875_110q.htm
0,2015-01-03,CUO,2015-04-03 00:00:00,2015-04-03 13:26:07,Q4,700000.0,0.0,700000.0,19900000,17500000,1100000.0,41300000,17700000,7200000.0,100000.0,7300000.0,0.0,0.0,5500000.0,30323000,6600000.0,71800000,0.0,5800000.0,0.0,1060000.0,0.0,20800000,0.0,0.0,1060000.0,4200000.0,7971000.0,4200000.0,25000000,600000.0,60100000,0.0,0.0,46800000,71800000,0.0,5800000.0,5100000.0,https://www.sec.gov/Archives/edgar/data/24104/000110465915025740/0001104659-15-025740-index.html,https://www.sec.gov/Archives/edgar/data/24104/000110465915025740/a15-1801_110k.htm
0,2014-09-27,CUO,2014-11-17 00:00:00,2014-11-17 17:13:46,Q3,800000.0,0.0,800000.0,20000000,18200000,3100000.0,44200000,17300000,7200000.0,100000.0,7300000.0,0.0,0.0,3200000.0,27810000,6300000.0,72000000,0.0,3700000.0,0.0,3141000.0,0.0,19000000,0.0,0.0,3141000.0,5400000.0,12206000,5400000.0,24300000,600000.0,60900000,0.0,0.0,47600000,72000000,0.0,3700000.0,2900000.0,https://www.sec.gov/Archives/edgar/data/24104/000110465914081379/0001104659-14-081379-index.html,https://www.sec.gov/Archives/edgar/data/24104/000110465914081379/a14-19830_110q.htm
0,2014-06-28,CUO,2014-08-12 00:00:00,2014-08-12 13:02:41,Q2,1000000.0,0.0,1000000.0,24500000,17600000,200000.0,45500000,19100000,7200000.0,100000.0,7300000.0,0.0,0.0,3200000.0,29569000,3400000.0,75100000,0.0,0.0,0.0,225000.0,0.0,15700000,5400000.0,0.0,225000.0,2300000.0,7893000.0,2300000.0,23400000,600000.0,65000000,0.0,0.0,51700000,75100000,0.0,5400000.0,4400000.0,https://www.sec.gov/Archives/edgar/data/24104/000110465914059740/0001104659-14-059740-index.html,https://www.sec.gov/Archives/edgar/data/24104/000110465914059740/a14-14119_110q.htm
0,2014-03-29,CUO,2014-05-13 00:00:00,2014-05-13 15:23:14,Q1,800000.0,0.0,800000.0,20100000,19400000,1200000.0,44100000,19100000,7200000.0,100000.0,7300000.0,0.0,400000.0,2300000.0,28769000,3500000.0,72900000,0.0,0.0,0.0,1173000.0,0.0,12500000,6700000.0,0.0,361000.0,2300000.0,9308000.0,2300000.0,21800000,600000.0,64300000,0.0,0.0,51100000,72900000,0.0,6700000.0,5900000.0,https://www.sec.gov/Archives/edgar/data/24104/000110465914038113/0001104659-14-038113-index.html,https://www.sec.gov/Archives/edgar/data/24104/000110465914038113/a14-9712_110q.htm
0,2013-12-28,CUO,2014-03-28,2014-03-28 16:05:59,Q4,900000.0,0.0,900000.0,22600000,16200000,1200000.0,43200000,19000000,7200000.0,100000.0,7300000.0,0.0,400000.0,2400000.0,28728000,3600000.0,72000000,5300000.0,0.0,0.0,1173000.0,0.0,13000000,4400000.0,0.0,360000.0,2100000.0,4779000.0,2100000.0,19900000,600000.0,65500000,-89200000,0.0,52100000,72000000,0.0,4400000.0,3500000.0,https://www.sec.gov/Archives/edgar/data/24104/000110465914024040/a14-2900_110k.htm,https://www.sec.gov/Archives/edgar/data/24104/000110465914024040/a14-2900_110k.htm
0,2013-09-28,CUO,2013-11-12 00:00:00,2013-11-12 12:48:04,Q3,1100000.0,0.0,1100000.0,18700000,17800000,1300000.0,41700000,19000000,7200000.0,100000.0,7300000.0,0.0,800000.0,2300000.0,28705000,3600000.0,70400000,11800000,0.0,0.0,1291000.0,0.0,12500000,3000000.0,0.0,803000.0,2000000.0,5806000.0,2000000.0,18300000,600000.0,65500000,0.0,0.0,52100000,70400000,0.0,3500000.0,2400000.0,https://www.sec.gov/Archives/edgar/data/24104/000110465913083476/0001104659-13-083476-index.html,https://www.sec.gov/Archives/edgar/data/24104/000110465913083476/a13-19742_110q.htm
0,2013-06-29,CUO,2013-08-13 00:00:00,2013-08-13 12:40:43,Q2,2400000.0,0.0,2400000.0,19600000,16700000,1900000.0,43000000,18500000,7200000.0,100000.0,7300000.0,0.0,500000.0,2300000.0,28160000,4200000.0,71100000,0.0,0.0,0.0,1291000.0,0.0,13200000,3200000.0,0.0,499000.0,1900000.0,5585000.0,1900000.0,18800000,600000.0,65800000,0.0,0.0,52300000,71100000,0.0,3700000.0,1300000.0,https://www.sec.gov/Archives/edgar/data/24104/000110465913063135/0001104659-13-063135-index.html,https://www.sec.gov/Archives/edgar/data/24104/000110465913063135/a13-13900_110q.htm
0,2013-03-30,CUO,2013-05-14 00:00:00,2013-05-14 13:00:21,Q1,700000.0,0.0,700000.0,18900000,17200000,1900000.0,42100000,19000000,7200000.0,200000.0,7400000.0,0.0,800000.0,2300000.0,29036000,4200000.0,71100000,0.0,0.0,0.0,1291000.0,0.0,12900000,3300000.0,0.0,803000.0,1900000.0,5976000.0,1900000.0,18800000,600000.0,65600000,0.0,0.0,52200000,71100000,352000.0,3800000.0,3100000.0,https://www.sec.gov/Archives/edgar/data/24104/000110465913041226/0001104659-13-041226-index.html,https://www.sec.gov/Archives/edgar/data/24104/000110465913041226/a13-8597_110q.htm
0,2012-12-29,CUO,2013-03-29 00:00:00,2013-03-29 13:12:44,Q4,1700000.0,0.0,1700000.0,19800000,15800000,1900000.0,42200000,19400000,7200000.0,200000.0,7400000.0,0.0,800000.0,2300000.0,29372000,4200000.0,71500000,4200000.0,0.0,40000.0,1291000.0,0.0,12700000,3400000.0,0.0,803000.0,1800000.0,5066000.0,1800000.0,18700000,600000.0,66400000,-87500000,0.0,52800000,71500000,0.0,3900000.0,2200000.0,https://www.sec.gov/Archives/edgar/data/24104/000110465913025853/0001104659-13-025853-index.html,https://www.sec.gov/Archives/edgar/data/24104/000110465913025853/a12-29169_110k.htm
0,2012-09-29,CUO,2012-11-13 00:00:00,2012-11-13 15:33:20,Q3,700000.0,0.0,700000.0,18100000,18300000,2500000.0,41100000,19700000,7200000.0,200000.0,7400000.0,0.0,0.0,3100000.0,30555000,5600000.0,71600000,0.0,0.0,0.0,1760000.0,0.0,14800000,7200000.0,0.0,1760000.0,1900000.0,7027000.0,1900000.0,23900000,600000.0,61200000,0.0,0.0,47700000,71600000,0.0,7800000.0,7100000.0,https://www.sec.gov/Archives/edgar/data/24104/000110465912077357/0001104659-12-077357-index.html,https://www.sec.gov/Archives/edgar/data/24104/000110465912077357/a12-20115_110q.htm
0,2012-06-30,CUO,2012-08-14 00:00:00,2012-08-14 14:00:53,Q2,900000.0,0.0,900000.0,17600000,17600000,2500000.0,40100000,19700000,7200000.0,200000.0,7400000.0,0.0,0.0,3000000.0,30415000,5500000.0,70500000,0.0,0.0,0.0,1760000.0,0.0,12900000,7800000.0,0.0,1760000.0,1900000.0,7148000.0,1900000.0,22600000,600000.0,61400000,0.0,0.0,47900000,70500000,0.0,8300000.0,7400000.0,https://www.sec.gov/Archives/edgar/data/24104/000110465912057729/0001104659-12-057729-index.html,https://www.sec.gov/Archives/edgar/data/24104/000110465912057729/a12-14011_110q.htm
0,2012-03-31,CUO,2012-05-15,2012-05-15 12:00:44,Q1,700000.0,0.0,700000.0,17100000,18700000,2500000.0,40500000,20300000,7200000.0,200000.0,7400000.0,0.0,0.0,2700000.0,30763000,5200000.0,71300000,0.0,0.0,0.0,1739000.0,0.0,13100000,7900000.0,0.0,1739000.0,1900000.0,7294000.0,1900000.0,22900000,600000.0,61900000,0.0,0.0,48400000,71300000,0.0,8400000.0,7700000.0,https://www.sec.gov/Archives/edgar/data/24104/000110465912037256/a12-9199_110q.htm,https://www.sec.gov/Archives/edgar/data/24104/000110465912037256/a12-9199_110q.htm
0,2011-12-31,CUO,2012-03-30 00:00:00,2012-03-30 14:08:38,Q4,800000.0,4300000.0,5200000.0,18200000,17400000,2300000.0,44800000,21100000,7200000.0,200000.0,7400000.0,0.0,200000.0,2200000.0,31033000,4500000.0,75900000,4200000.0,0.0,128000.0,1624000.0,100000.0,12800000,11900000,0.0,179000.0,1700000.0,4733000.0,1700000.0,26600000,600000.0,63000000,-84600000,0.0,49300000,75900000,4300000.0,12400000,11600000,https://www.sec.gov/Archives/edgar/data/24104/000110465912022780/0001104659-12-022780-index.html,https://www.sec.gov/Archives/edgar/data/24104/000110465912022780/a12-1441_110k.htm
0,2011-10-01,CUO,2011-11-21 00:00:00,2011-11-21 15:51:44,Q3,1200000.0,0.0,1200000.0,15500000,19000000,2300000.0,39900000,21800000,7200000.0,300000.0,7500000.0,0.0,400000.0,7000000.0,36365000,9300000.0,76300000,0.0,0.0,0.0,1584000.0,0.0,12900000,11300000,0.0,379000.0,2000000.0,6522000.0,2000000.0,26600000,600000.0,63400000,0.0,0.0,49700000,76300000,0.0,11800000,10600000,https://www.sec.gov/Archives/edgar/data/24104/000110465911065461/0001104659-11-065461-index.html,https://www.sec.gov/Archives/edgar/data/24104/000110465911065461/a11-25852_110q.htm
0,2011-07-02,CUO,2011-08-16 00:00:00,2011-08-16 14:14:16,Q2,1100000.0,0.0,1100000.0,16800000,18400000,3000000.0,41400000,22300000,7200000.0,300000.0,7500000.0,0.0,1300000.0,7000000.0,36824000,10000000,78300000,0.0,0.0,0.0,2286000.0,0.0,14900000,10200000,0.0,1324000.0,2000000.0,7118000.0,2000000.0,28500000,600000.0,63700000,0.0,0.0,49800000,78300000,0.0,11400000,10300000,https://www.sec.gov/Archives/edgar/data/24104/000110465911047176/0001104659-11-047176-index.html,https://www.sec.gov/Archives/edgar/data/24104/000110465911047176/a11-14097_110q.htm
0,2011-04-02,CUO,2011-04-15 00:00:00,2011-04-15 17:09:34,Q1,1000000.0,0.0,1000000.0,18700000,18200000,2200000.0,42200000,23000000,7200000.0,300000.0,7500000.0,0.0,1200000.0,7400000.0,30500000,9600000.0,80100000,0.0,0.0,0.0,1501000.0,0.0,14300000,12700000,0.0,0.0,2000000.0,1000000.0,2000000.0,30200000,600000.0,63700000,0.0,0.0,49900000,80100000,0.0,13700000,12700000,https://www.sec.gov/Archives/edgar/data/24104/000110465911020423/0001104659-11-020423-index.html,https://www.sec.gov/Archives/edgar/data/24104/000110465911020423/a11-9222_110k.htm
0,2011-01-01,CUO,2011-04-15,2011-04-15 17:09:34,Q4,1000000.0,0.0,1000000.0,19900000,16600000,1600000.0,41300000,23700000,7200000.0,300000.0,7500000.0,0.0,1300000.0,6800000.0,7572000.0,8400000.0,79600000,5400000.0,0.0,0.0,1584000.0,400000.0,15300000,10200000,0.0,0.0,1900000.0,1983000.0,1900000.0,28800000,600000.0,64900000,-81700000,0.0,50800000,79600000,0.0,11300000,10300000,https://www.sec.gov/Archives/edgar/data/24104/000110465911020423/a11-9222_110k.htm,https://www.sec.gov/Archives/edgar/data/24104/000110465911020423/a11-9222_110k.htm
0,2010-10-02,CUO,2010-11-15 00:00:00,2010-11-15 16:37:41,Q3,1000000.0,0.0,1000000.0,18500000,16600000,3000000.0,42400000,24500000,7200000.0,400000.0,7600000.0,0.0,3100000.0,7200000.0,32097000,10200000,81700000,0.0,0.0,0.0,2973000.0,0.0,15800000,10100000,0.0,0.0,1900000.0,3604000.0,1900000.0,30800000,600000.0,65100000,0.0,0.0,51000000,81700000,0.0,11800000,10800000,https://www.sec.gov/Archives/edgar/data/24104/000110465910058493/0001104659-10-058493-index.html,https://www.sec.gov/Archives/edgar/data/24104/000110465910058493/a10-17628_110q.htm
0,2010-07-03,CUO,2010-07-30 00:00:00,2010-07-30 17:20:05,Q2,1000000.0,0.0,1000000.0,19200000,16300000,3000000.0,43100000,25400000,7200000.0,400000.0,7600000.0,0.0,3100000.0,7200000.0,33057000,10200000,83400000,0.0,0.0,0.0,2973000.0,0.0,16200000,11900000,0.0,0.0,1900000.0,3538000.0,1900000.0,33100000,600000.0,64400000,0.0,0.0,50200000,83400000,0.0,13500000,12500000,https://www.sec.gov/Archives/edgar/data/24104/000110465910040872/0001104659-10-040872-index.html,https://www.sec.gov/Archives/edgar/data/24104/000110465910040872/a10-13001_110q.htm
0,2010-04-03,CUO,2010-04-19 00:00:00,2010-04-19 17:28:19,Q1,900000.0,0.0,900000.0,17600000,16500000,4000000.0,42500000,26000000,7200000.0,400000.0,7600000.0,0.0,3300000.0,7100000.0,33696000,11100000,83300000,0.0,0.0,0.0,4020000.0,0.0,15600000,12700000,0.0,0.0,2000000.0,1500000.0,2000000.0,33600000,600000.0,63900000,0.0,0.0,49700000,83300000,0.0,14200000,13300000,https://www.sec.gov/Archives/edgar/data/24104/000110465910020469/0001104659-10-020469-index.html,https://www.sec.gov/Archives/edgar/data/24104/000110465910020469/a10-6993_210k.htm
0,2010-01-02,CUO,2010-04-19,2010-04-19 17:28:19,Q4,700000.0,0.0,700000.0,16900000,16300000,3100000.0,40400000,27100000,7200000.0,500000.0,7700000.0,0.0,3200000.0,6600000.0,7708000.0,9700000.0,82100000,4600000.0,0.0,0.0,3116000.0,0.0,14200000,11600000,0.0,0.0,1900000.0,2223000.0,1900000.0,30900000,600000.0,65300000,0.0,0.0,51200000,82100000,0.0,13000000,12300000,https://www.sec.gov/Archives/edgar/data/24104/000110465910020469/a10-6993_210k.htm,https://www.sec.gov/Archives/edgar/data/24104/000110465910020469/a10-6993_210k.htm
0,2009-10-03,CUO,2009-11-23 00:00:00,2009-11-23 15:02:08,Q3,600000.0,4800000.0,5500000.0,16600000,19500000,0.0,48400000,27400000,7200000.0,500000.0,7700000.0,0.0,2900000.0,2200000.0,35132000,2200000.0,85700000,0.0,0.0,0.0,2939000.0,0.0,17500000,11300000,0.0,0.0,1700000.0,2998000.0,1700000.0,33400000,600000.0,66400000,0.0,0.0,52300000,85700000,4800000.0,12500000,11900000,https://www.sec.gov/Archives/edgar/data/24104/000110465909066513/0001104659-09-066513-index.html,https://www.sec.gov/Archives/edgar/data/24104/000110465909066513/a09-34129_110q.htm
0,2009-07-04,CUO,2009-08-24 00:00:00,2009-08-24 17:30:47,Q2,500000.0,4800000.0,5300000.0,19700000,20600000,1900000.0,53900000,28100000,7200000.0,600000.0,7800000.0,0.0,3100000.0,3700000.0,35900000,5600000.0,93500000,0.0,0.0,0.0,3057000.0,1200000.0,21500000,14100000,0.0,0.0,1500000.0,4769000.0,1500000.0,40200000,600000.0,67400000,0.0,0.0,53300000,93500000,4800000.0,17300000,16800000,https://www.sec.gov/Archives/edgar/data/24104/000110465909051356/0001104659-09-051356-index.html,https://www.sec.gov/Archives/edgar/data/24104/000110465909051356/a09-18654_210q.htm
0,2009-04-04,CUO,2009-04-20 00:00:00,2009-04-20 17:22:03,Q1,1300000.0,0.0,1300000.0,25600000,22900000,0.0,56100000,30500000,7800000.0,800000.0,8600000.0,0.0,3300000.0,1600000.0,39153000,1600000.0,96900000,0.0,0.0,0.0,3340000.0,500000.0,22200000,17700000,0.0,0.0,1500000.0,2823000.0,1500000.0,44700000,600000.0,66300000,0.0,0.0,52100000,96900000,0.0,19100000,17800000,https://www.sec.gov/Archives/edgar/data/24104/000110465909025028/0001104659-09-025028-index.html,https://www.sec.gov/Archives/edgar/data/24104/000110465909025028/a09-1656_310k.htm
0,2009-01-03,CUO,2009-04-20,2009-04-20 17:22:03,Q4,1100000.0,0.0,1100000.0,22100000,23400000,2300000.0,52400000,31000000,7800000.0,900000.0,8700000.0,0.0,3400000.0,1600000.0,8701000.0,3900000.0,93700000,9500000.0,0.0,0.0,2341000.0,100000.0,20000000,16000000,0.0,0.0,1600000.0,1888000.0,1600000.0,41000000,600000.0,66800000,0.0,0.0,52600000,93700000,0.0,17200000,16100000,https://www.sec.gov/Archives/edgar/data/24104/000110465909025028/a09-1656_310k.htm,https://www.sec.gov/Archives/edgar/data/24104/000110465909025028/a09-1656_310k.htm
0,2008-09-27,CUO,2008-11-17 00:00:00,2008-11-17 17:21:19,Q3,1900000.0,0.0,1900000.0,25400000,25100000,0.0,60300000,31700000,7800000.0,1000000.0,8800000.0,0.0,3800000.0,1600000.0,40459000,1600000.0,102400000,0.0,10700000,0.0,3848000.0,0.0,35700000,9500000.0,0.0,0.0,1700000.0,3352000.0,1700000.0,50700000,600000.0,65800000,0.0,0.0,51600000,102400000,0.0,21900000,20000000,https://www.sec.gov/Archives/edgar/data/24104/000110465908071343/0001104659-08-071343-index.html,https://www.sec.gov/Archives/edgar/data/24104/000110465908071343/a08-25596_110q.htm
0,2008-06-28,CUO,2008-08-12 00:00:00,2008-08-12 17:19:10,Q2,3200000.0,0.0,3200000.0,25100000,23300000,0.0,58600000,32500000,7800000.0,1000000.0,8800000.0,0.0,3800000.0,2300000.0,41328000,2300000.0,102300000,0.0,0.0,0.0,3773000.0,0.0,24600000,20900000,0.0,0.0,1700000.0,3341000.0,1700000.0,51000000,600000.0,65400000,0.0,0.0,51300000,102300000,0.0,22600000,19400000,https://www.sec.gov/Archives/edgar/data/24104/000110465908052279/0001104659-08-052279-index.html,https://www.sec.gov/Archives/edgar/data/24104/000110465908052279/a08-18917_110q.htm
0,2008-03-29,CUO,2008-05-13 00:00:00,2008-05-13 13:54:00,Q1,2300000.0,0.0,2300000.0,24000000,21700000,0.0,55100000,33500000,7800000.0,1100000.0,8900000.0,0.0,3800000.0,2400000.0,42409000,2400000.0,99900000,0.0,0.0,0.0,3773000.0,0.0,23300000,18800000,0.0,0.0,2400000.0,4846000.0,2400000.0,48300000,600000.0,65700000,0.0,0.0,51600000,99900000,0.0,21200000,18900000,https://www.sec.gov/Archives/edgar/data/24104/000110465908032751/0001104659-08-032751-index.html,https://www.sec.gov/Archives/edgar/data/24104/000110465908032751/a08-11568_110q.htm
0,2007-12-29,CUO,2008-03-28,2008-03-28 17:27:06,Q4,3300000.0,0.0,3300000.0,22700000,19200000,2600000.0,52300000,34900000,7800000.0,1200000.0,9000000.0,0.0,3800000.0,1600000.0,9027000.0,4200000.0,98500000,0.0,0.0,0.0,2570000.0,0.0,21900000,18300000,0.0,0.0,1800000.0,3416000.0,1800000.0,45800000,600000.0,66800000,0.0,0.0,52700000,98500000,0.0,20700000,17400000,https://www.sec.gov/Archives/edgar/data/24104/000110465908020842/a08-2981_110k.htm,https://www.sec.gov/Archives/edgar/data/24104/000110465908020842/a08-2981_110k.htm
0,2007-09-29,CUO,2007-11-13 00:00:00,2007-11-13 16:26:45,Q3,3200000.0,0.0,3200000.0,24600000,21800000,0.0,55500000,35600000,7800000.0,1300000.0,9100000.0,0.0,3800000.0,2300000.0,44751000,2300000.0,102500000,0.0,8700000.0,0.0,3808000.0,0.0,31500000,11000000,0.0,0.0,2100000.0,4669000.0,2100000.0,48400000,600000.0,68200000,0.0,0.0,54100000,102500000,0.0,22300000,19100000,https://www.sec.gov/Archives/edgar/data/24104/000110465907082499/0001104659-07-082499-index.html,https://www.sec.gov/Archives/edgar/data/24104/000110465907082499/a07-25869_110q.htm
0,2007-06-30,CUO,2007-08-13 00:00:00,2007-08-13 16:41:35,Q2,2800000.0,0.0,2800000.0,29600000,19700000,0.0,58000000,34600000,7800000.0,1400000.0,9200000.0,0.0,3900000.0,2400000.0,43756000,2400000.0,104200000,0.0,6800000.0,0.0,3883000.0,400000.0,32500000,11600000,0.0,0.0,2000000.0,4765000.0,2000000.0,50000000,600000.0,68200000,0.0,0.0,54100000,104200000,0.0,21100000,18300000,https://www.sec.gov/Archives/edgar/data/24104/000110465907061906/0001104659-07-061906-index.html,https://www.sec.gov/Archives/edgar/data/24104/000110465907061906/a07-19212_110q.htm
0,2007-03-31,CUO,2007-05-15 00:00:00,2007-05-15 16:24:18,Q1,2200000.0,0.0,2200000.0,29100000,18200000,0.0,55400000,34900000,7800000.0,1400000.0,9200000.0,0.0,3900000.0,2300000.0,44115000,2300000.0,101800000,0.0,6000000.0,0.0,3882000.0,0.0,30800000,12300000,0.0,0.0,1900000.0,4572000.0,1900000.0,48900000,600000.0,67000000,0.0,0.0,53000000,101800000,0.0,21000000,18800000,https://www.sec.gov/Archives/edgar/data/24104/000110465907040105/0001104659-07-040105-index.html,https://www.sec.gov/Archives/edgar/data/24104/000110465907040105/a07-11269_110q.htm
0,2006-12-30,CUO,2007-03-30,2007-03-30 12:54:41,Q4,2800000.0,0.0,2800000.0,24100000,16800000,2300000.0,49600000,32400000,7800000.0,1500000.0,9300000.0,0.0,3900000.0,1600000.0,9346000.0,3900000.0,93700000,5300000.0,0.0,0.0,2344000.0,600000.0,22100000,12800000,0.0,0.0,1600000.0,3679000.0,1600000.0,40400000,600000.0,67400000,0.0,0.0,53300000,93700000,0.0,15700000,12900000,https://www.sec.gov/Archives/edgar/data/24104/000110465907024031/a07-9068_110k.htm,https://www.sec.gov/Archives/edgar/data/24104/000110465907024031/a07-9068_110k.htm
0,2006-09-30,CUO,2006-11-13,2006-11-13 14:14:26,Q3,2600000.0,0.0,2600000.0,23500000,19000000,0.0,51500000,32200000,8400000.0,1000000.0,9400000.0,0.0,3700000.0,2200000.0,40641000,2200000.0,95400000,0.0,0.0,0.0,3681000.0,500000.0,23400000,13500000,0.0,0.0,1900000.0,21017000,1900000.0,42400000,600000.0,67000000,0.0,0.0,53000000,95400000,0.0,15500000,12900000,https://www.sec.gov/Archives/edgar/data/24104/000110465906074359/a06-22215_110q.htm,https://www.sec.gov/Archives/edgar/data/24104/000110465906074359/a06-22215_110q.htm
0,2006-07-01,CUO,2006-08-15,2006-08-15 16:11:05,Q2,4300000.0,0.0,4300000.0,25100000,18700000,0.0,53300000,31900000,8400000.0,1100000.0,9500000.0,0.0,3700000.0,2300000.0,40344000,2300000.0,97000000,0.0,1000000.0,0.0,3681000.0,700000.0,24400000,14500000,0.0,0.0,2000000.0,19022000,2000000.0,44600000,600000.0,66500000,0.0,0.0,52400000,97000000,0.0,17500000,13200000,https://www.sec.gov/Archives/edgar/data/24104/000110465906055188/a06-18086_110q.htm,https://www.sec.gov/Archives/edgar/data/24104/000110465906055188/a06-18086_110q.htm
0,2006-04-01,CUO,2006-07-14,2006-07-14 10:24:24,Q1,0.0,0.0,0.0,22200000,19000000,0.0,46300000,29100000,7500000.0,800000.0,8300000.0,0.0,3700000.0,2400000.0,36606000,2400000.0,86100000,0.0,1000000.0,0.0,3680000.0,0.0,20400000,9500000.0,0.0,0.0,1500000.0,17215000,1500000.0,35100000,600000.0,65000000,0.0,0.0,51000000,86100000,0.0,12500000,12500000,https://www.sec.gov/Archives/edgar/data/24104/000110465906046988/a06-16150_110q.htm,https://www.sec.gov/Archives/edgar/data/24104/000110465906046988/a06-16150_110q.htm
0,2005-12-31,CUO,2006-06-30,2006-06-30 15:39:01,Q4,6800000.0,0.0,6800000.0,17700000,17500000,2400000.0,47600000,28800000,7400000.0,700000.0,8100000.0,0.0,3700000.0,1800000.0,7374000.0,4200000.0,87100000,4400000.0,0.0,0.0,2355000.0,300000.0,19800000,10000000,0.0,0.0,2300000.0,11437000,2300000.0,35800000,600000.0,65300000,0.0,0.0,51300000,87100000,0.0,12000000,5200000.0,https://www.sec.gov/Archives/edgar/data/24104/000110465906044902/a06-14766_110k.htm,https://www.sec.gov/Archives/edgar/data/24104/000110465906044902/a06-14766_110k.htm
0,2005-10-01,CUO,2005-11-14,2005-11-14 07:33:12,Q3,2500000.0,0.0,2500000.0,20300000,18400000,0.0,47200000,29800000,7400000.0,800000.0,8200000.0,0.0,3800000.0,1400000.0,37170000,1400000.0,86600000,0.0,0.0,0.0,3796000.0,0.0,19600000,10500000,0.0,0.0,2400000.0,17867000,2400000.0,36300000,600000.0,64300000,0.0,0.0,50300000,86600000,0.0,12500000,10000000,https://www.sec.gov/Archives/edgar/data/24104/000110465905055006/a05-18286_110q.htm,https://www.sec.gov/Archives/edgar/data/24104/000110465905055006/a05-18286_110q.htm
0,2005-07-02,CUO,2005-08-16 00:00:00,2005-08-16 14:18:53,Q2,0.0,0.0,0.0,22700000,18700000,0.0,46400000,29600000,7400000.0,800000.0,8200000.0,0.0,3800000.0,1600000.0,37023000,1600000.0,85900000,0.0,1300000.0,0.0,3796000.0,300000.0,20200000,11000000,0.0,0.0,2400000.0,17496000,2400000.0,37400000,600000.0,63200000,0.0,0.0,48400000,85900000,0.0,14300000,14300000,https://www.sec.gov/Archives/edgar/data/24104/000110465905039871/0001104659-05-039871-index.html,https://www.sec.gov/Archives/edgar/data/24104/000110465905039871/a05-12999_110q.htm
0,2005-04-02,CUO,2005-05-17,2005-05-17 15:00:17,Q1,0.0,0.0,0.0,19200000,18900000,0.0,46000000,30200000,7400000.0,900000.0,8300000.0,0.0,3800000.0,1400000.0,37622000,1400000.0,85900000,0.0,800000.0,0.0,3796000.0,300000.0,21900000,6500000.0,0.0,0.0,2600000.0,16816000,2600000.0,34800000,600000.0,62300000,0.0,0.0,51100000,85900000,0.0,9300000.0,9300000.0,https://www.sec.gov/Archives/edgar/data/24104/000110465905024087/a05-8448_110q.htm,https://www.sec.gov/Archives/edgar/data/24104/000110465905024087/a05-8448_110q.htm
0,2005-01-01,CUO,2005-04-13,2005-04-13 12:49:53,Q4,2800000.0,0.0,2800000.0,18400000,16600000,0.0,45900000,30000000,7400000.0,1000000.0,8400000.0,0.0,3800000.0,1600000.0,7374000.0,1600000.0,85900000,0.0,0.0,0.0,2291000.0,800000.0,21500000,7000000.0,0.0,0.0,2200000.0,7996000.0,2200000.0,34400000,600000.0,62600000,0.0,-100000.0,51400000,85900000,0.0,9000000.0,6200000.0,https://www.sec.gov/Archives/edgar/data/24104/000110465905016256/a05-2027_210k.htm,https://www.sec.gov/Archives/edgar/data/24104/000110465905016256/a05-2027_210k.htm
0,2004-10-02,CUO,2004-11-16,2004-11-16 14:04:08,Q3,0.0,0.0,0.0,18200000,18300000,0.0,40000000,30100000,7400000.0,1000000.0,8400000.0,0.0,3200000.0,1600000.0,37432000,1600000.0,80100000,0.0,100000.0,0.0,3219000.0,600000.0,16800000,7500000.0,0.0,0.0,2300000.0,16366000,2300000.0,29800000,600000.0,61300000,0.0,-100000.0,50300000,80100000,0.0,9600000.0,9600000.0,https://www.sec.gov/Archives/edgar/data/24104/000110465904036350/a04-13746_110q.htm,https://www.sec.gov/Archives/edgar/data/24104/000110465904036350/a04-13746_110q.htm
0,2004-07-03,CUO,2004-08-13,2004-08-13 14:32:38,Q2,0.0,0.0,0.0,22100000,17800000,0.0,43300000,30600000,7400000.0,1100000.0,8500000.0,0.0,3200000.0,1700000.0,37981000,1700000.0,84000000,0.0,3400000.0,0.0,3219000.0,500000.0,20400000,8000000.0,0.0,0.0,2400000.0,16878000,2400000.0,34000000,600000.0,60700000,0.0,-100000.0,50000000,84000000,0.0,13400000,13400000,https://www.sec.gov/Archives/edgar/data/24104/000110465904024345/a04-9497_110q.htm,https://www.sec.gov/Archives/edgar/data/24104/000110465904024345/a04-9497_110q.htm
0,2004-04-03,CUO,2004-05-12,2004-05-12 10:50:09,Q1,0.0,0.0,0.0,18700000,17700000,0.0,39200000,30600000,7400000.0,1100000.0,8500000.0,0.0,3200000.0,1500000.0,37959000,1500000.0,79900000,0.0,1900000.0,0.0,3219000.0,0.0,15600000,8500000.0,0.0,0.0,2600000.0,4476000.0,2600000.0,29800000,600000.0,59800000,0.0,-200000.0,50000000,79900000,0.0,12300000,12300000,https://www.sec.gov/Archives/edgar/data/24104/000110465904013922/a04-5852_110q.htm,https://www.sec.gov/Archives/edgar/data/24104/000110465904013922/a04-5852_110q.htm
0,2004-01-03,CUO,2004-04-01,2004-04-01 11:37:28,Q4,4600000.0,0.0,4600000.0,17100000,16200000,0.0,41600000,30900000,7400000.0,1200000.0,8600000.0,0.0,3200000.0,1500000.0,7374000.0,1500000.0,82500000,0.0,0.0,0.0,3219000.0,700000.0,16900000,9000000.0,0.0,0.0,2600000.0,3255000.0,2600000.0,31700000,600000.0,60200000,0.0,-300000.0,50900000,82500000,0.0,11000000,6400000.0,https://www.sec.gov/Archives/edgar/data/24104/000110465904009165/a04-4071_110k.htm,https://www.sec.gov/Archives/edgar/data/24104/000110465904009165/a04-4071_110k.htm
0,2003-09-27,CUO,2003-11-05,2003-11-05 15:26:52,Q3,3700000.0,0.0,3700000.0,17100000,15000000,0.0,39100000,31400000,7400000.0,1200000.0,8600000.0,0.0,3000000.0,1400000.0,38757000,1400000.0,80400000,0.0,0.0,0.0,3037000.0,0.0,15800000,9900000.0,0.0,0.0,2300000.0,4228000.0,2300000.0,31000000,600000.0,58200000,0.0,-300000.0,49400000,80400000,0.0,11800000,8100000.0,https://www.sec.gov/Archives/edgar/data/24104/000110465903024771/a03-4165_110q.htm,https://www.sec.gov/Archives/edgar/data/24104/000110465903024771/a03-4165_110q.htm
0,2003-06-28,CUO,2003-08-07,2003-08-07 16:50:14,Q2,0.0,0.0,0.0,23600000,14300000,0.0,41100000,32600000,7400000.0,1300000.0,8700000.0,0.0,3000000.0,1300000.0,39996000,1300000.0,83700000,0.0,2900000.0,0.0,3037000.0,0.0,21100000,8500000.0,0.0,0.0,2400000.0,5678000.0,2400000.0,35000000,600000.0,57500000,0.0,-400000.0,48700000,83700000,0.0,14700000,14700000,https://www.sec.gov/Archives/edgar/data/24104/000110465903017043/a03-2160_110q.htm,https://www.sec.gov/Archives/edgar/data/24104/000110465903017043/a03-2160_110q.htm
0,2003-03-29,CUO,2003-05-13,2003-05-13 13:32:54,Q1,0.0,0.0,0.0,16200000,15700000,0.0,35900000,33600000,7400000.0,1300000.0,8700000.0,0.0,3000000.0,1300000.0,40943000,1300000.0,79500000,0.0,1000000.0,0.0,3037000.0,0.0,15700000,10100000,0.0,0.0,2400000.0,5651000.0,2400000.0,31200000,600000.0,56500000,0.0,-400000.0,48300000,79500000,0.0,14400000,14400000,https://www.sec.gov/Archives/edgar/data/24104/000110465903009369/j0858_10q.htm,https://www.sec.gov/Archives/edgar/data/24104/000110465903009369/j0858_10q.htm
0,2002-12-28,CUO,2003-03-28,2003-03-28 12:28:29,Q4,3500000.0,0.0,3500000.0,16700000,14600000,0.0,38400000,34000000,7400000.0,1400000.0,8800000.0,0.0,3000000.0,1400000.0,7374000.0,1400000.0,82600000,0.0,0.0,0.0,3037000.0,300000.0,17000000,10200000,0.0,0.0,2400000.0,4577000.0,2400000.0,32600000,600000.0,57900000,0.0,-400000.0,50000000,82600000,0.0,13500000,10000000,https://www.sec.gov/Archives/edgar/data/24104/000110465903005227/j8343_10k.htm,https://www.sec.gov/Archives/edgar/data/24104/000110465903005227/j8343_10k.htm
0,2002-09-28,CUO,2002-11-12 00:00:00,2002-11-12 12:38:02,Q3,300000.0,0.0,300000.0,18800000,17200000,0.0,39800000,34600000,7400000.0,0.0,7400000.0,0.0,2600000.0,2800000.0,41972000,2800000.0,84600000,0.0,0.0,0.0,2609000.0,1200000.0,18800000,11800000,0.0,0.0,2500000.0,5975000.0,2500000.0,35700000,600000.0,56700000,0.0,-400000.0,48900000,84600000,0.0,15200000,14900000,https://www.sec.gov/Archives/edgar/data/24104/000110465902005597/0001104659-02-005597-index.html,https://www.sec.gov/Archives/edgar/data/24104/000110465902005597/j5192_10q.htm
0,2002-06-29,CUO,2002-08-06 00:00:00,2002-08-06 16:26:24,Q2,300000.0,0.0,300000.0,23600000,17900000,0.0,44800000,34700000,7400000.0,0.0,7400000.0,0.0,2600000.0,2900000.0,42103000,2900000.0,89900000,0.0,5000000.0,0.0,2609000.0,600000.0,24800000,11800000,0.0,0.0,2000000.0,3580000.0,2000000.0,41200000,600000.0,55700000,0.0,0.0,48600000,89900000,0.0,20400000,20100000,https://www.sec.gov/Archives/edgar/data/24104/000110465902003200/0001104659-02-003200-index.html,https://www.sec.gov/Archives/edgar/data/24104/000110465902003200/j4427_10q.htm
0,2002-03-30,CUO,2002-05-14 00:00:00,2002-05-14 13:24:30,Q1,1000000.0,0.0,1000000.0,17600000,17600000,0.0,39100000,34100000,6500000.0,0.0,6500000.0,0.0,2500000.0,2800000.0,40567000,2800000.0,82500000,0.0,0.0,0.0,2511000.0,0.0,17500000,13400000,0.0,0.0,1900000.0,5497000.0,1900000.0,35400000,600000.0,54000000,0.0,0.0,47100000,82500000,0.0,17000000,16000000,https://www.sec.gov/Archives/edgar/data/24104/000110465902002268/0001104659-02-002268-index.html,https://www.sec.gov/Archives/edgar/data/24104/000110465902002268/j3561_10q.htm
0,2001-12-29,CUO,2002-03-29 00:00:00,2002-03-29 00:00:00,Q4,7600000.0,0.0,7600000.0,18300000,15600000,0.0,44600000,32200000,6500000.0,0.0,6500000.0,0.0,2500000.0,2800000.0,6474000.0,2800000.0,86100000,0.0,0.0,0.0,2511000.0,300000.0,20000000,13500000,0.0,0.0,2300000.0,4955000.0,2300000.0,38300000,600000.0,54600000,0.0,0.0,47700000,86100000,0.0,17100000,9500000.0,https://www.sec.gov/Archives/edgar/data/24104/000091205702012598/0000912057-02-012598-index.html,https://www.sec.gov/Archives/edgar/data/24104/000091205702012598/a2075170z10-k.htm
0,2001-09-30,CUO,2001-11-08 00:00:00,2001-11-08 00:00:00,Q3,4300000.0,0.0,4300000.0,17800000,16400000,0.0,41400000,32300000,6100000.0,0.0,6100000.0,0.0,2100000.0,2900000.0,0.0,2900000.0,82800000,0.0,0.0,0.0,0.0,0.0,18600000,15200000,0.0,0.0,2700000.0,0.0,2700000.0,38600000,600000.0,51200000,0.0,0.0,44300000,82800000,0.0,18800000,14500000,https://www.sec.gov/Archives/edgar/data/24104/000110465901502515/0001104659-01-502515-index.html,https://www.sec.gov/Archives/edgar/data/24104/000110465901502515/j1923_10q.htm
0,2001-09-29,CUO,2001-11-08 00:00:00,2001-11-08 00:00:00,Q3,4290000.0,0.0,4290000.0,0.0,0.0,37146000,41436000,32334000,6129000.0,0.0,6129000.0,0.0,0.0,0.0,38463000,0.0,79899000,15042000,0.0,0.0,2074000.0,1510000.0,18626000,3563000.0,0.0,0.0,2665000.0,6228000.0,0.0,0.0,0.0,51160000,0.0,0.0,0.0,79899000,0.0,18772000,14482000,https://www.sec.gov/Archives/edgar/data/24104/000110465901502515/0001104659-01-502515-index.html,https://www.sec.gov/Archives/edgar/data/24104/000110465901502515/j1923_10q.htm
0,2001-06-30,CUO,2001-08-13 00:00:00,2001-08-13 00:00:00,Q2,1500000.0,0.0,1500000.0,20300000,16500000,0.0,41200000,31300000,6200000.0,0.0,6200000.0,0.0,2100000.0,3000000.0,37423000,3000000.0,81700000,0.0,0.0,0.0,2074000.0,600000.0,19600000,15300000,0.0,0.0,2200000.0,5774000.0,2200000.0,39200000,600000.0,49200000,0.0,0.0,42500000,81700000,0.0,18900000,17400000,https://www.sec.gov/Archives/edgar/data/24104/000110465901501660/0001104659-01-501660-index.html,https://www.sec.gov/Archives/edgar/data/24104/000110465901501660/j1157_10q.htm
0,2001-03-31,CUO,2001-05-14 00:00:00,2001-05-14 00:00:00,Q1,2800000.0,0.0,2800000.0,18300000,16700000,0.0,41300000,30300000,6200000.0,0.0,6200000.0,0.0,2100000.0,2600000.0,36525000,2600000.0,80400000,0.0,0.0,0.0,2075000.0,100000.0,17800000,17000000,0.0,0.0,2100000.0,5593000.0,2100000.0,39000000,600000.0,48100000,0.0,0.0,41400000,80400000,0.0,20500000,17700000,https://www.sec.gov/Archives/edgar/data/24104/000110465901500548/0001104659-01-500548-index.html,https://www.sec.gov/Archives/edgar/data/24104/000110465901500548/j0583_10q.htm
0,2000-12-30,CUO,2001-03-30 00:00:00,2001-03-30 00:00:00,Q4,6200000.0,0.0,6200000.0,16700000,16000000,0.0,41500000,24700000,0.0,0.0,0.0,0.0,1600000.0,2000000.0,0.0,2000000.0,68300000,0.0,0.0,0.0,0.0,300000.0,17300000,5100000.0,0.0,0.0,2400000.0,0.0,2400000.0,26400000,600000.0,48100000,0.0,0.0,41800000,68300000,0.0,7300000.0,1100000.0,https://www.sec.gov/Archives/edgar/data/24104/000091205701008751/0000912057-01-008751-index.html,https://www.sec.gov/Archives/edgar/data/24104/000091205701008751/a2043382z10-k.txt
0,2000-09-30,CUO,2000-11-13 00:00:00,2000-11-13 00:00:00,Q3,1600000.0,0.0,1600000.0,18300000,17800000,0.0,40100000,25300000,0.0,0.0,0.0,0.0,1100000.0,1600000.0,0.0,1600000.0,67000000,0.0,0.0,0.0,0.0,1300000.0,17400000,6200000.0,0.0,0.0,3400000.0,0.0,3400000.0,28000000,600000.0,45200000,0.0,0.0,39000000,67000000,0.0,8400000.0,6800000.0,https://www.sec.gov/Archives/edgar/data/24104/000091205700048492/0000912057-00-048492-index.html,https://www.sec.gov/Archives/edgar/data/24104/000091205700048492/a2030100z10-q.txt
0,2000-07-01,CUO,2000-08-14 00:00:00,2000-08-14 00:00:00,Q2,0.0,0.0,0.0,20600000,17600000,0.0,40700000,25900000,0.0,0.0,0.0,0.0,1100000.0,1700000.0,0.0,1700000.0,68300000,0.0,2300000.0,0.0,0.0,800000.0,19800000,6200000.0,0.0,0.0,3200000.0,0.0,3200000.0,30200000,600000.0,44200000,0.0,0.0,38100000,68300000,0.0,10700000,10700000,https://www.sec.gov/Archives/edgar/data/24104/000091205700036973/0000912057-00-036973-index.html,https://www.sec.gov/Archives/edgar/data/24104/000091205700036973/a10-q.txt
0,2000-04-01,CUO,2000-05-12 00:00:00,2000-05-12 00:00:00,Q1,0.0,0.0,0.0,17900000,18300000,0.0,39000000,26700000,0.0,0.0,0.0,0.0,1200000.0,1700000.0,0.0,1700000.0,67400000,0.0,4900000.0,0.0,0.0,500000.0,24600000,1800000.0,0.0,0.0,2500000.0,0.0,2500000.0,30100000,600000.0,43200000,0.0,0.0,37200000,67400000,0.0,9300000.0,9300000.0,https://www.sec.gov/Archives/edgar/data/24104/000091205700023892/0000912057-00-023892-index.html,https://www.sec.gov/Archives/edgar/data/24104/0000912057-00-023892.txt
0,2000-01-01,CUO,,,Q4,300000.0,0.0,300000.0,20200000,16000000,0.0,39100000,26900000,0.0,0.0,0.0,0.0,1200000.0,1800000.0,0.0,1800000.0,67800000,0.0,1600000.0,0.0,0.0,900000.0,23100000,1900000.0,0.0,0.0,2500000.0,0.0,2500000.0,28700000,600000.0,42800000,0.0,0.0,39000000,67800000,0.0,6100000.0,5800000.0,,
0,1999-10-02,CUO,1999-11-16 00:00:00,1999-11-16 00:00:00,Q3,100000.0,0.0,100000.0,18900000,14500000,0.0,36600000,26300000,0.0,0.0,0.0,100000.0,1500000.0,2800000.0,0.0,2800000.0,65900000,0.0,800000.0,0.0,0.0,800000.0,21900000,3100000.0,0.0,0.0,2200000.0,0.0,2200000.0,28600000,600000.0,40300000,0.0,0.0,37300000,65900000,100000.0,6500000.0,6400000.0,https://www.sec.gov/Archives/edgar/data/24104/000091205799006419/0000912057-99-006419-index.html,https://www.sec.gov/Archives/edgar/data/24104/0000912057-99-006419.txt
0,1999-07-03,CUO,1999-08-13 00:00:00,1999-08-13 00:00:00,Q2,0.0,0.0,0.0,21400000,15500000,0.0,40000000,25000000,0.0,0.0,0.0,100000.0,1500000.0,2600000.0,0.0,2600000.0,67700000,0.0,4500000.0,0.0,0.0,500000.0,24800000,3200000.0,0.0,0.0,2200000.0,0.0,2200000.0,31700000,600000.0,38700000,0.0,0.0,36100000,67700000,100000.0,10200000,10200000,https://www.sec.gov/Archives/edgar/data/24104/000104746999031892/0001047469-99-031892-index.html,https://www.sec.gov/Archives/edgar/data/24104/0001047469-99-031892.txt
0,1999-04-03,CUO,1999-05-17 00:00:00,1999-05-17 00:00:00,Q1,0.0,0.0,0.0,16400000,16400000,0.0,35800000,22700000,0.0,0.0,0.0,100000.0,1700000.0,2800000.0,0.0,2800000.0,61300000,0.0,0.0,0.0,0.0,900000.0,18300000,4300000.0,0.0,0.0,1000000.0,0.0,1000000.0,25300000,700000.0,36600000,0.0,0.0,36000000,61300000,100000.0,6900000.0,6900000.0,https://www.sec.gov/Archives/edgar/data/24104/000002410499000002/0000024104-99-000002-index.html,https://www.sec.gov/Archives/edgar/data/24104/0000024104-99-000002.txt
0,1999-01-02,CUO,1999-04-02 00:00:00,1999-04-02 00:00:00,Q4,7100000.0,0.0,7100000.0,16800000,12100000,0.0,38700000,22800000,0.0,0.0,0.0,0.0,1700000.0,2100000.0,0.0,2100000.0,63600000,0.0,0.0,0.0,0.0,1300000.0,19300000,4300000.0,0.0,0.0,2100000.0,0.0,2100000.0,27400000,700000.0,35900000,0.0,0.0,36200000,63600000,0.0,6800000.0,-300000.0,https://www.sec.gov/Archives/edgar/data/24104/000104746999013497/0001047469-99-013497-index.html,https://www.sec.gov/Archives/edgar/data/24104/0001047469-99-013497.txt
0,1998-10-03,CUO,1998-11-10 00:00:00,1998-11-10 00:00:00,Q3,2900000.0,0.0,2900000.0,16700000,13100000,0.0,35300000,21200000,0.0,0.0,0.0,600000.0,1700000.0,2300000.0,0.0,2300000.0,59400000,0.0,0.0,0.0,0.0,900000.0,16100000,5500000.0,0.0,0.0,1000000.0,0.0,1000000.0,24200000,700000.0,34800000,0.0,0.0,35100000,59400000,600000.0,6400000.0,3500000.0,https://www.sec.gov/Archives/edgar/data/24104/000002410498000008/0000024104-98-000008-index.html,https://www.sec.gov/Archives/edgar/data/24104/0000024104-98-000008.txt
0,1998-07-04,CUO,1998-08-03 00:00:00,1998-08-03 00:00:00,Q2,800000.0,0.0,800000.0,19900000,14200000,0.0,37600000,19400000,0.0,0.0,0.0,600000.0,1700000.0,2300000.0,0.0,2300000.0,59800000,0.0,2500000.0,0.0,0.0,900000.0,18300000,5500000.0,0.0,0.0,800000.0,0.0,800000.0,26400000,700000.0,33100000,0.0,0.0,33400000,59800000,600000.0,9900000.0,9100000.0,https://www.sec.gov/Archives/edgar/data/24104/000002410498000006/0000024104-98-000006-index.html,https://www.sec.gov/Archives/edgar/data/24104/0000024104-98-000006.txt
0,1998-04-04,CUO,1998-04-23 00:00:00,1998-04-23 00:00:00,Q1,100000.0,0.0,100000.0,17000000,15300000,0.0,35000000,19200000,0.0,0.0,0.0,600000.0,1700000.0,2200000.0,0.0,2200000.0,57000000,0.0,1000000.0,0.0,0.0,400000.0,15700000,6400000.0,0.0,0.0,900000.0,0.0,900000.0,24700000,700000.0,31900000,0.0,0.0,32300000,57000000,600000.0,9300000.0,9200000.0,https://www.sec.gov/Archives/edgar/data/24104/000002410498000004/0000024104-98-000004-index.html,https://www.sec.gov/Archives/edgar/data/24104/0000024104-98-000004.txt
0,1998-01-03,CUO,1998-03-31 00:00:00,1998-03-31 00:00:00,Q4,1500000.0,0.0,1500000.0,13900000,14300000,0.0,32000000,19600000,0.0,0.0,0.0,600000.0,1700000.0,2100000.0,0.0,2100000.0,54400000,0.0,0.0,0.0,0.0,200000.0,13400000,6400000.0,0.0,0.0,900000.0,0.0,900000.0,22500000,700000.0,31300000,0.0,0.0,31900000,54400000,600000.0,8300000.0,6800000.0,https://www.sec.gov/Archives/edgar/data/24104/000002410498000002/0000024104-98-000002-index.html,https://www.sec.gov/Archives/edgar/data/24104/0000024104-98-000002.txt
0,1997-09-27,CUO,1997-10-30 00:00:00,1997-10-30 00:00:00,Q3,800000.0,0.0,800000.0,17400000,15200000,0.0,36100000,18400000,0.0,0.0,0.0,600000.0,1800000.0,1900000.0,0.0,1900000.0,57000000,0.0,1000000.0,0.0,0.0,700000.0,16400000,7400000.0,0.0,0.0,0.0,0.0,0.0,25500000,700000.0,30300000,0.0,0.0,31500000,57000000,600000.0,10300000,9500000.0,https://www.sec.gov/Archives/edgar/data/24104/000002410497000010/0000024104-97-000010-index.html,https://www.sec.gov/Archives/edgar/data/24104/0000024104-97-000010.txt
0,1997-06-28,CUO,1997-08-07 00:00:00,1997-08-07 00:00:00,Q2,700000.0,0.0,700000.0,20900000,17100000,0.0,41300000,18500000,0.0,0.0,0.0,600000.0,1800000.0,1500000.0,0.0,1500000.0,61900000,0.0,6500000.0,0.0,0.0,600000.0,22300000,7400000.0,0.0,0.0,0.0,0.0,0.0,31500000,700000.0,29200000,0.0,0.0,30300000,61900000,600000.0,15800000,15100000,https://www.sec.gov/Archives/edgar/data/24104/000002410497000007/0000024104-97-000007-index.html,https://www.sec.gov/Archives/edgar/data/24104/0000024104-97-000007.txt
0,1997-03-29,CUO,1997-05-01 00:00:00,1997-05-01 00:00:00,Q1,0.0,0.0,0.0,17600000,16900000,0.0,37300000,18600000,0.0,0.0,0.0,600000.0,1800000.0,1500000.0,0.0,1500000.0,58000000,0.0,6500000.0,0.0,0.0,200000.0,20400000,6500000.0,0.0,0.0,0.0,0.0,0.0,28700000,700000.0,28100000,0.0,0.0,29300000,58000000,600000.0,14500000,14500000,https://www.sec.gov/Archives/edgar/data/24104/000002410497000005/0000024104-97-000005-index.html,https://www.sec.gov/Archives/edgar/data/24104/0000024104-97-000005.txt
0,1996-12-28,CUO,1997-03-26 00:00:00,1997-03-26 00:00:00,Q4,400000.0,0.0,400000.0,14600000,15200000,0.0,32400000,18800000,0.0,0.0,0.0,600000.0,1500000.0,1700000.0,0.0,1700000.0,53600000,0.0,400000.0,0.0,0.0,500000.0,15300000,6500000.0,0.0,0.0,900000.0,0.0,900000.0,24200000,700000.0,28200000,0.0,0.0,29400000,53600000,600000.0,8400000.0,8000000.0,https://www.sec.gov/Archives/edgar/data/24104/000002410497000002/0000024104-97-000002-index.html,https://www.sec.gov/Archives/edgar/data/24104/0000024104-97-000002.txt
0,1996-09-28,CUO,1996-10-25 00:00:00,1996-10-25 00:00:00,Q3,0.0,0.0,0.0,14200000,14700000,0.0,31900000,14700000,0.0,0.0,0.0,800000.0,2200000.0,800000.0,0.0,800000.0,48200000,0.0,900000.0,0.0,0.0,500000.0,14700000,2500000.0,0.0,0.0,0.0,0.0,0.0,19300000,700000.0,27700000,0.0,0.0,28800000,48200000,800000.0,4400000.0,4400000.0,https://www.sec.gov/Archives/edgar/data/24104/000002410496000008/0000024104-96-000008-index.html,https://www.sec.gov/Archives/edgar/data/24104/0000024104-96-000008.txt
0,1996-06-29,CUO,1996-07-25 00:00:00,1996-07-25 00:00:00,Q2,900000.0,0.0,900000.0,19900000,13100000,0.0,36300000,14500000,0.0,0.0,0.0,800000.0,2200000.0,800000.0,0.0,800000.0,52300000,0.0,5200000.0,0.0,0.0,500000.0,19900000,2500000.0,0.0,0.0,0.0,0.0,0.0,24600000,700000.0,26600000,0.0,0.0,27800000,52300000,800000.0,8700000.0,7800000.0,https://www.sec.gov/Archives/edgar/data/24104/000002410496000006/0000024104-96-000006-index.html,https://www.sec.gov/Archives/edgar/data/24104/0000024104-96-000006.txt
0,1996-03-31,CUO,1996-05-14 00:00:00,1996-05-14 00:00:00,Q1,600000.0,0.0,600000.0,14200000,15200000,0.0,32600000,14200000,0.0,0.0,0.0,800000.0,2200000.0,1000000.0,0.0,1000000.0,48500000,0.0,6000000.0,0.0,0.0,0.0,16900000,3000000.0,0.0,0.0,0.0,0.0,0.0,22100000,700000.0,25200000,0.0,0.0,26400000,48500000,800000.0,10000000,9400000.0,https://www.sec.gov/Archives/edgar/data/24104/000002410496000004/0000024104-96-000004-index.html,https://www.sec.gov/Archives/edgar/data/24104/0000024104-96-000004.txt
0,1995-12-31,CUO,1996-03-29 00:00:00,1996-03-29 00:00:00,Q4,1100000.0,0.0,1100000.0,12200000,14700000,0.0,30100000,14600000,0.0,0.0,0.0,1500000.0,2200000.0,1000000.0,0.0,1000000.0,47200000,0.0,2300000.0,0.0,0.0,0.0,14800000,3000000.0,0.0,0.0,0.0,0.0,0.0,19900000,700000.0,25800000,0.0,0.0,27300000,47200000,1500000.0,6300000.0,5200000.0,https://www.sec.gov/Archives/edgar/data/24104/000002410496000002/0000024104-96-000002-index.html,https://www.sec.gov/Archives/edgar/data/24104/0000024104-96-000002.txt
0,1995-09-30,CUO,1995-11-07 00:00:00,1995-11-07 00:00:00,Q3,400000.0,0.0,400000.0,12400000,16800000,0.0,31400000,14000000,0.0,0.0,0.0,1900000.0,1700000.0,600000.0,0.0,600000.0,47900000,0.0,7100000.0,0.0,0.0,0.0,19500000,0.0,0.0,0.0,0.0,0.0,0.0,21200000,700000.0,25200000,0.0,0.0,26700000,47900000,1900000.0,7800000.0,7400000.0,https://www.sec.gov/Archives/edgar/data/24104/000002410495000005/0000024104-95-000005-index.html,https://www.sec.gov/Archives/edgar/data/24104/0000024104-95-000005.txt
0,1995-07-01,CUO,1995-08-03 00:00:00,1995-08-03 00:00:00,Q2,700000.0,0.0,700000.0,15200000,15200000,0.0,33200000,13600000,0.0,0.0,0.0,1700000.0,1700000.0,800000.0,0.0,800000.0,49300000,0.0,9900000.0,0.0,0.0,0.0,21300000,0.0,0.0,0.0,0.0,0.0,0.0,23000000,700000.0,24700000,0.0,0.0,26300000,49300000,1700000.0,10600000,9900000.0,https://www.sec.gov/Archives/edgar/data/24104/000091205795005876/0000912057-95-005876-index.html,https://www.sec.gov/Archives/edgar/data/24104/0000912057-95-005876.txt
0,1995-04-01,CUO,1995-04-27 00:00:00,1995-04-27 00:00:00,Q1,500000.0,0.0,500000.0,12400000,16700000,0.0,31400000,13800000,0.0,0.0,0.0,1600000.0,1700000.0,800000.0,0.0,800000.0,47700000,0.0,3200000.0,0.0,0.0,0.0,15600000,4000000.0,0.0,0.0,0.0,0.0,0.0,21400000,700000.0,24600000,0.0,0.0,26300000,47700000,1600000.0,8600000.0,8100000.0,https://www.sec.gov/Archives/edgar/data/24104/000091205795002789/0000912057-95-002789-index.html,https://www.sec.gov/Archives/edgar/data/24104/0000912057-95-002789.txt
0,1994-12-31,CUO,1995-03-31 00:00:00,1995-03-31 00:00:00,Q4,2800000.0,0.0,2800000.0,11400000,16500000,0.0,32200000,13700000,0.0,0.0,0.0,1500000.0,1700000.0,700000.0,0.0,700000.0,48200000,0.0,0.0,0.0,0.0,0.0,16100000,3500000.0,0.0,0.0,0.0,0.0,0.0,21400000,700000.0,25100000,0.0,0.0,26800000,48200000,1500000.0,4900000.0,2100000.0,https://www.sec.gov/Archives/edgar/data/24104/000091205795001991/0000912057-95-001991-index.html,https://www.sec.gov/Archives/edgar/data/24104/0000912057-95-001991.txt
