,date,symbol,fillingDate,acceptedDate,period,netIncome,depreciationAndAmortization,deferredIncomeTax,stockBasedCompensation,changeInWorkingCapital,accountsReceivables,inventory,accountsPayables,otherWorkingCapital,otherNonCashItems,netCashProvidedByOperatingActivities,investmentsInPropertyPlantAndEquipment,acquisitionsNet,purchasesOfInvestments,salesMaturitiesOfInvestments,otherInvestingActivites,netCashUsedForInvestingActivites,debtRepayment,commonStockIssued,commonStockRepurchased,dividendsPaid,otherFinancingActivites,netCashUsedProvidedByFinancingActivities,effectOfForexChangesOnCash,netChangeInCash,cashAtEndOfPeriod,cashAtBeginningOfPeriod,operatingCashFlow,capitalExpenditure,freeCashFlow,link,finalLink
0,2020-06-30,LANC,2020-08-27,2020-08-27 07:46:22,FY,136983000,37963000,11402000,6115000.0,10490000,-10913000,1024000.0,2736000.0,259353000,5841000.0,170769000,-82642000,0.0,-5459000.0,0.0,4836000.0,-83265000,0.0,0.0,-5459000.0,-75644000,-4416000.0,-85519000,0.0,1985000.0,198273000,196288000,170769000,-82642000,88127000,https://www.sec.gov/Archives/edgar/data/57515/000005751520000024/0000057515-20-000024-index.htm,https://www.sec.gov/Archives/edgar/data/57515/000005751520000024/lanc-2020630x10k.htm
0,2019-06-30,LANC,2019-08-27,2019-08-27 07:57:28,FY,150549000,31848000,7336000.0,5972000.0,-36247000,-748000.0,6282000.0,14743000,248863000,-9327000.0,197598000,-70880000,-55364000,-7411000.0,0.0,6794000.0,-126861000,0.0,0.0,-7411000.0,-70110000,-2680000.0,-80201000,0.0,-9464000.0,196288000,205752000,197598000,-70880000,126718000,https://www.sec.gov/Archives/edgar/data/57515/000005751519000021/lanc-2019630x10k.htm,https://www.sec.gov/Archives/edgar/data/57515/000005751519000021/lanc-2019630x10k.htm
0,2018-06-30,LANC,2018-08-27 00:00:00,2018-08-27 16:49:11,FY,135314000,26896000,-8502000.0,5039000.0,60587000,-3040000.0,-14485000,15720000,285110000,6647000.0,160714000,-31025000,-318000.0,-1102000.0,0.0,993000.0,-31452000,0.0,0.0,-1102000.0,-64531000,-981000.0,-66614000,0.0,62648000,205752000,143104000,160714000,-31025000,129689000,https://www.sec.gov/Archives/edgar/data/57515/000005751518000020/0000057515-18-000020-index.html,https://www.sec.gov/Archives/edgar/data/57515/000005751518000020/lanc-2018630x10k.htm
0,2017-06-30,LANC,2017-08-24 00:00:00,2017-08-24 12:32:17,FY,115314000,24906000,2347000.0,4248000.0,29699000,-2598000.0,150000.0,3786000.0,224523000,4531000.0,146385000,-27005000,-35169000,-866000.0,0.0,2432000.0,-60608000,0.0,0.0,-866000.0,-58980000,1123000.0,-60753000,0.0,25024000,143104000,118080000,146385000,-27005000,119380000,https://www.sec.gov/Archives/edgar/data/57515/000005751517000021/0000057515-17-000021-index.html,https://www.sec.gov/Archives/edgar/data/57515/000005751517000021/lanc-2017630x10k.htm
0,2016-06-30,LANC,2016-08-24,2016-08-24 16:21:54,FY,121764000,24147000,-525000.0,3326000.0,-60742000,-3547000.0,1802000.0,-4114000.0,194824000,3030000.0,145903000,-16671000,-12000.0,-155000.0,0.0,-585000.0,-17423000,0.0,0.0,-155000.0,-190546000,1417000.0,-192602000,0.0,-64122000,118080000,182202000,145903000,-16671000,129232000,https://www.sec.gov/Archives/edgar/data/57515/000005751516000050/lanc-2016630x10k.htm,https://www.sec.gov/Archives/edgar/data/57515/000005751516000050/lanc-2016630x10k.htm
0,2015-06-30,LANC,2015-08-28 00:00:00,2015-08-28 16:23:25,FY,101686000,21111000,306000.0,3040000.0,-42634000,-1900000.0,366000.0,4088000.0,255566000,1886000.0,132772000,-18298000,-92217000,-569000.0,0.0,-1241000.0,-112325000,0.0,0.0,-569000.0,-49778000,563000.0,-49784000,0.0,-29337000,182163000,211500000,132772000,-18298000,114474000,https://www.sec.gov/Archives/edgar/data/57515/000005751515000021/0000057515-15-000021-index.html,https://www.sec.gov/Archives/edgar/data/57515/000005751515000021/lanc-2015630x10k.htm
0,2014-06-30,LANC,2014-08-28 00:00:00,2014-08-28 12:23:48,FY,75000000,20400000,2700000.0,2472000.0,49300000,-6881000.0,1122000.0,-7352000.0,298200000,46300000,129100000,-15961000,0.0,-3120000.0,0.0,27556000,8500000.0,0.0,0.0,-3100000.0,-47000000,696000.0,-49400000,0.0,88200000,211600000,123400000,129100000,-16000000,113100000,https://www.sec.gov/Archives/edgar/data/57515/000005751514000051/0000057515-14-000051-index.html,https://www.sec.gov/Archives/edgar/data/57515/000005751514000051/lanc-2014630x10k.htm
0,2013-06-30,LANC,2013-08-29 00:00:00,2013-08-29 17:04:33,FY,109200000,20100000,1300000.0,2901000.0,-70100000,1522000.0,-1321000.0,2894000.0,248900000,3600000.0,131700000,-24147000,0.0,-609000.0,0.0,2378000.0,-22400000,0.0,0.0,-600000.0,-178100000,1118000.0,-177600000,0.0,-68300000,123300000,191600000,131700000,-24100000,107600000,https://www.sec.gov/Archives/edgar/data/57515/000119312513352262/0001193125-13-352262-index.html,https://www.sec.gov/Archives/edgar/data/57515/000119312513352262/d587375d10k.htm
0,2012-06-30,LANC,2012-08-29 00:00:00,2012-08-29 11:52:15,FY,95800000,20300000,5100000.0,2922000.0,62000000,-8763000.0,2181000.0,564000.0,319000000,1700000.0,122400000,-16347000,0.0,-8315000.0,0.0,8063000.0,-16600000,0.0,0.0,-8300000.0,-38500000,301000.0,-46500000,0.0,59400000,191700000,132300000,122400000,-16300000,106100000,https://www.sec.gov/Archives/edgar/data/57515/000119312512373438/0001193125-12-373438-index.html,https://www.sec.gov/Archives/edgar/data/57515/000119312512373438/d402364d10k.htm
0,2011-06-30,LANC,2011-08-29 00:00:00,2011-08-29 17:13:22,FY,106400000,18900000,11000000,2316000.0,17600000,3615000.0,9624000.0,-1071000.0,257000000,-1300000.0,147500000,-35343000,0.0,-43103000,0.0,42688000,-35800000,0.0,0.0,-43100000,-35700000,-1521000.0,-80300000,0.0,31400000,132300000,100900000,147500000,-35300000,112200000,https://www.sec.gov/Archives/edgar/data/57515/000095012311081026/0000950123-11-081026-index.html,https://www.sec.gov/Archives/edgar/data/57515/000095012311081026/c21895e10vk.htm
0,2010-06-30,LANC,2010-08-25 00:00:00,2010-08-25 15:57:43,FY,115000000,20500000,3400000.0,0.0,91200000,-7421000.0,-19166000,1768000.0,239400000,300000.0,107700000,0.0,0.0,0.0,0.0,0.0,-14100000,0.0,0.0,-4400000.0,-33400000,0.0,-31200000,0.0,62400000,100900000,38500000,107700000,-12800000,94900000,https://www.sec.gov/Archives/edgar/data/57515/000095012310080836/0000950123-10-080836-index.html,https://www.sec.gov/Archives/edgar/data/57515/000095012310080836/c04814e10vk.htm
0,2009-06-30,LANC,2009-08-26 00:00:00,2009-08-26 16:47:41,FY,89100000,21900000,3800000.0,0.0,3200000.0,-2287000.0,17780000,-6522000.0,148200000,-4400000.0,133200000,0.0,0.0,0.0,0.0,0.0,-11000000,-80000000,0.0,-16900000,-31900000,0.0,-103100000,0.0,19100000,38500000,19400000,133200000,-11300000,121900000,https://www.sec.gov/Archives/edgar/data/57515/000095012309038239/0000950123-09-038239-index.html,https://www.sec.gov/Archives/edgar/data/57515/000095012309038239/l37411e10vk.htm
0,2008-06-30,LANC,2008-08-29 00:00:00,2008-08-29 12:39:14,FY,37600000,24100000,4600000.0,0.0,7900000.0,-5851000.0,-7487000.0,6757000.0,145000000,41800000,93300000,0.0,0.0,0.0,0.0,0.0,27200000,-91104000,0.0,-89300000,-32600000,0.0,-109400000,0.0,11100000,19400000,8300000.0,93300000,-16800000,76500000,https://www.sec.gov/Archives/edgar/data/57515/000095015208006856/0000950152-08-006856-index.html,https://www.sec.gov/Archives/edgar/data/57515/000095015208006856/l33035ae10vk.htm
0,2007-06-30,LANC,2007-08-28 00:00:00,2007-08-28 17:00:17,FY,45700000,24100000,-4200000.0,0.0,-98200000,-500000.0,-1345000.0,2744000.0,137100000,32600000,94200000,0.0,0.0,-5000000.0,40765000,0.0,-33000000,0.0,0.0,-65900000,-33700000,0.0,-58900000,0.0,2300000.0,8400000.0,6100000.0,94200000,-53600000,40600000,https://www.sec.gov/Archives/edgar/data/57515/000095015207007154/0000950152-07-007154-index.html,https://www.sec.gov/Archives/edgar/data/57515/000095015207007154/l27738ae10vk.htm
0,2006-06-30,LANC,2006-09-08,2006-09-08 16:00:16,FY,83000000,25000000,-1100000.0,0.0,-135300000,-9029000.0,-439000.0,-3377000.0,235300000,-11700000,97000000,0.0,0.0,-31350000,66900000,0.0,-25400000,0.0,0.0,-84300000,-101800000,0.0,-178800000,0.0,-107200000,6100000.0,113300000,97000000,-51900000,45100000,https://www.sec.gov/Archives/edgar/data/57515/000095015206007520/l22170ae10vk.htm,https://www.sec.gov/Archives/edgar/data/57515/000095015206007520/l22170ae10vk.htm
0,2005-06-30,LANC,,,FY,93100000,30100000,900000.0,0.0,12300000,-5800000.0,-9300000.0,-3800000.0,370600000,7300000.0,116700000,0.0,0.0,0.0,0.0,0.0,-34200000,0.0,0.0,-56700000,-34100000,0.0,-82500000,0.0,0.0,113200000,113200000,116700000,-22100000,94600000,,
0,2004-06-30,LANC,,,FY,80000000,31300000,5300000.0,0.0,28800000,-6000000.0,4300000.0,-5200000.0,358300000,-3000000.0,116600000,0.0,0.0,0.0,0.0,0.0,-50200000,0.0,0.0,-16700000,-31800000,0.0,-42000000,0.0,24400000,167200000,142800000,116600000,-18200000,98400000,,
0,2003-06-30,LANC,2003-09-25 00:00:00,2003-09-25 16:50:07,FY,112500000,31700000,3000000.0,0.0,52700000,20800000,-11100000,1000000.0,329500000,600000.0,157300000,0.0,0.0,0.0,0.0,0.0,-55100000,0.0,0.0,-35600000,-28200000,0.0,-63900000,0.0,38300000,121700000,83400000,157300000,-29900000,127400000,https://www.sec.gov/Archives/edgar/data/57515/000095015203008428/0000950152-03-008428-index.html,https://www.sec.gov/Archives/edgar/data/57515/000095015203008428/l02958ae10vk.txt
0,2002-06-30,LANC,2002-09-25 00:00:00,2002-09-25 16:48:06,FY,91900000,35300000,-1800000.0,0.0,55900000,-1500000.0,36100000,-1400000.0,276800000,16500000,160800000,0.0,0.0,0.0,0.0,0.0,-26200000,0.0,0.0,-28300000,-26100000,0.0,-56100000,0.0,78500000,83400000,4900000.0,160800000,-22500000,138300000,https://www.sec.gov/Archives/edgar/data/57515/000095015202007195/0000950152-02-007195-index.html,https://www.sec.gov/Archives/edgar/data/57515/000095015202007195/l94870ae10vk.txt
0,2001-06-30,LANC,,,FY,89200000,35500000,200000.0,0.0,1500000.0,11100000,-8900000.0,2100000.0,220900000,1600000.0,126200000,0.0,0.0,0.0,0.0,0.0,-74500000,0.0,0.0,-22700000,-25200000,0.0,-49400000,0.0,2200000.0,4900000.0,2700000.0,126200000,-22600000,103600000,,
0,2000-06-30,LANC,2000-09-26 00:00:00,2000-09-26 00:00:00,FY,99300000,34300000,-100000.0,0.0,7200000.0,4300000.0,-6100000.0,2000000.0,219400000,5200000.0,128500000,0.0,0.0,0.0,0.0,0.0,-28700000,0.0,0.0,-75100000,-24700000,0.0,-116000000,0.0,-16200000,2700000.0,18900000,128500000,-24600000,103900000,https://www.sec.gov/Archives/edgar/data/57515/000095015200006940/0000950152-00-006940-index.html,https://www.sec.gov/Archives/edgar/data/57515/000095015200006940/l83916ae10-k.txt
0,1999-06-30,LANC,1999-09-23 00:00:00,1999-09-23 00:00:00,FY,95100000,35600000,-1200000.0,0.0,-22800000,-23400000,5800000.0,-3900000.0,212200000,1600000.0,126500000,0.0,0.0,0.0,0.0,0.0,-39500000,0.0,0.0,-66800000,-24600000,0.0,-91400000,0.0,-4400000.0,18800000,23200000,126500000,-33800000,92700000,https://www.sec.gov/Archives/edgar/data/57515/000095015299007779/0000950152-99-007779-index.html,https://www.sec.gov/Archives/edgar/data/57515/0000950152-99-007779.txt
0,1998-06-30,LANC,,,FY,96100000,32600000,900000.0,0.0,-100000.0,2600000.0,-13900000,-8600000.0,235000000,-300000.0,120000000,0.0,0.0,0.0,0.0,0.0,-70200000,0.0,0.0,-37100000,-23300000,0.0,-58700000,0.0,-8900000.0,23200000,32100000,120000000,-44900000,75100000,,
0,1997-06-30,LANC,1997-09-24 00:00:00,1997-09-24 00:00:00,FY,88700000,27000000,-700000.0,0.0,31200000,2900000.0,-9700000.0,1100000.0,235100000,2300000.0,113500000,0.0,0.0,0.0,0.0,0.0,-41100000,0.0,0.0,-29600000,-21100000,0.0,-44900000,0.0,27400000,32100000,4700000.0,113500000,-37500000,76000000,https://www.sec.gov/Archives/edgar/data/57515/000095015297006812/0000950152-97-006812-index.html,https://www.sec.gov/Archives/edgar/data/57515/0000950152-97-006812.txt
0,1996-06-30,LANC,1996-09-24 00:00:00,1996-09-24 00:00:00,FY,76100000,24400000,-200000.0,0.0,14600000,-17000000,-9700000.0,-8000000.0,203900000,2300000.0,84500000,0.0,0.0,0.0,0.0,0.0,-49100000,0.0,0.0,-21500000,-19600000,0.0,-39000000,100000.0,-3600000.0,4600000.0,8200000.0,84500000,-50200000,34300000,https://www.sec.gov/Archives/edgar/data/57515/000095015296004860/0000950152-96-004860-index.html,https://www.sec.gov/Archives/edgar/data/57515/0000950152-96-004860.txt
0,1995-06-30,LANC,1995-09-22 00:00:00,1995-09-22 00:00:00,FY,70500000,22700000,-2100000.0,0.0,25800000,-7700000.0,-24300000,4800000.0,189300000,800000.0,46700000,0.0,0.0,0.0,0.0,0.0,-37200000,0.0,0.0,-17800000,-16500000,0.0,-31700000,0.0,-22200000,8200000.0,30400000,46700000,-31700000,15000000,https://www.sec.gov/Archives/edgar/data/57515/000095015295002188/0000950152-95-002188-index.html,https://www.sec.gov/Archives/edgar/data/57515/0000950152-95-002188.txt
0,1994-06-30,LANC,1994-09-23 00:00:00,1994-09-23 00:00:00,FY,59900000,22400000,-400000.0,0.0,36800000,-12700000,-22400000,-4800000.0,163500000,1300000.0,61100000,0.0,0.0,0.0,0.0,0.0,-30100000,0.0,0.0,-7700000.0,-13400000,0.0,-17100000,0.0,13900000,30400000,16500000,61100000,-23500000,37600000,https://www.sec.gov/Archives/edgar/data/57515/000095015294000970/0000950152-94-000970-index.html,https://www.sec.gov/Archives/edgar/data/57515/0000950152-94-000970.txt
